{
  "metadata": {
    "armature_name": "KIM_caucasian_male",
    "export_time": "2026-01-13T21:08:17.280882",
    "blender_version": "4.4.1",
    "bone_count": 56,
    "end_bone_count": 13,
    "spaces_included": [
      "LOCAL_CHANNELS",
      "ARMATURE_SPACE",
      "WORLD_SPACE"
    ],
    "note": "LOCAL matches Transform panel; replay pose via local.matrix_basis for best fidelity."
  },
  "bones": {
    "Root": {
      "name": "Root",
      "local": {
        "location": {
          "x": 0.0,
          "y": 0.0,
          "z": 0.0
        },
        "rotation_quaternion": {
          "w": 0.9999692440032959,
          "x": -0.003644801676273346,
          "y": 0.005577615462243557,
          "z": -0.004154552239924669
        },
        "scale": {
          "x": 1.0,
          "y": 1.0,
          "z": 1.0
        },
        "matrix_basis": [
          [
            0.9999032616615295,
            0.008268190547823906,
            0.011185172945261002,
            0.0
          ],
          [
            -0.008349507115781307,
            0.9999389052391052,
            0.007243033964186907,
            0.0
          ],
          [
            -0.011124602518975735,
            -0.0073357243090868,
            0.9999111890792847,
            0.0
          ],
          [
            0.0,
            0.0,
            0.0,
            1.0
          ]
        ],
        "rotation_mode": "QUATERNION"
      },
      "armature_space": {
        "head": {
          "x": 0.0,
          "y": 0.07072800397872925,
          "z": -0.009595036506652832
        },
        "tail": {
          "x": 0.000590149313211441,
          "y": 7.471442222595215e-05,
          "z": 0.000518258661031723
        }
      },
      "world_space": {
        "head": {
          "x": 0.0,
          "y": 0.13397200405597687,
          "z": 0.9402589797973633
        },
        "tail": {
          "x": 0.000590149313211441,
          "y": 0.06331871449947357,
          "z": 0.9503722786903381
        },
        "rotation_quaternion": {
          "w": 0.07100209593772888,
          "x": 0.9974519610404968,
          "y": 0.004520865622907877,
          "z": 0.005285061430186033
        },
        "matrix": [
          [
            0.9999032616615295,
            0.008268190547823906,
            0.011185172945261002,
            0.0
          ],
          [
            0.00976919662207365,
            -0.9898764491081238,
            -0.1415950506925583,
            0.13397200405597687
          ],
          [
            0.00990128330886364,
            0.1416906714439392,
            -0.9898685216903687,
            0.9402589797973633
          ],
          [
            0.0,
            0.0,
            0.0,
            1.0
          ]
        ]
      },
      "bone_length_armature_space": 0.07137586534394963,
      "parent": null,
      "has_children": true,
      "is_end_bone": false
    },
    "spine_01": {
      "name": "spine_01",
      "local": {
        "location": {
          "x": 0.0,
          "y": 0.0,
          "z": 0.0
        },
        "rotation_quaternion": {
          "w": 0.9957212209701538,
          "x": 0.0788230150938034,
          "y": -0.037476833909749985,
          "z": 0.030362216755747795
        },
        "scale": {
          "x": 1.0,
          "y": 1.0,
          "z": 1.0
        },
        "matrix_basis": [
          [
            0.995347261428833,
            -0.06637267768383026,
            -0.06984647363424301,
            0.0
          ],
          [
            0.05455653369426727,
            0.9857301115989685,
            -0.1592472642660141,
            0.0
          ],
          [
            0.07941944152116776,
            0.15469573438167572,
            0.984764814376831,
            0.0
          ],
          [
            0.0,
            0.0,
            0.0,
            1.0
          ]
        ],
        "rotation_mode": "QUATERNION"
      },
      "armature_space": {
        "head": {
          "x": 0.000590149313211441,
          "y": 7.471442222595215e-05,
          "z": 0.000518258661031723
        },
        "tail": {
          "x": -0.036110375076532364,
          "y": -0.04965927079319954,
          "z": 0.4845926761627197
        }
      },
      "world_space": {
        "head": {
          "x": 0.000590149313211441,
          "y": 0.06331871449947357,
          "z": 0.9503722786903381
        },
        "tail": {
          "x": -0.036110375076532364,
          "y": 0.01358472928404808,
          "z": 1.4344466924667358
        },
        "rotation_quaternion": {
          "w": 0.6684017181396484,
          "x": 0.7422578930854797,
          "y": -0.04777219519019127,
          "z": 0.003207023022696376
        },
        "matrix": [
          [
            0.9954150915145874,
            -0.07520580291748047,
            -0.05910162627696991,
            0.000590149313211441
          ],
          [
            -0.06663186848163605,
            -0.10191364586353302,
            -0.9925591945648193,
            0.06331871449947357
          ],
          [
            0.0686233788728714,
            0.9919532537460327,
            -0.10645917057991028,
            0.9503722786903381
          ],
          [
            0.0,
            0.0,
            0.0,
            1.0
          ]
        ]
      },
      "bone_length_armature_space": 0.48800453833035323,
      "parent": "Root",
      "has_children": true,
      "is_end_bone": false
    },
    "neck_01": {
      "name": "neck_01",
      "local": {
        "location": {
          "x": 0.0,
          "y": 0.0,
          "z": 0.0
        },
        "rotation_quaternion": {
          "w": 0.9896127581596375,
          "x": 0.017884094268083572,
          "y": -0.10055813193321228,
          "z": 0.10116810351610184
        },
        "scale": {
          "x": 1.0,
          "y": 1.0,
          "z": 1.0
        },
        "matrix_basis": [
          [
            0.9593061804771423,
            -0.2038312703371048,
            -0.1954086273908615,
            0.0
          ],
          [
            0.19663770496845245,
            0.9788903594017029,
            -0.05574320629239082,
            0.0
          ],
          [
            0.20264582335948944,
            0.015050104819238186,
            0.9791364669799805,
            0.0
          ],
          [
            0.0,
            0.0,
            0.0,
            1.0
          ]
        ],
        "rotation_mode": "QUATERNION"
      },
      "armature_space": {
        "head": {
          "x": -0.043666496872901917,
          "y": -0.09154362231492996,
          "z": 0.5535299181938171
        },
        "tail": {
          "x": -0.07374459505081177,
          "y": -0.138778954744339,
          "z": 0.6394068598747253
        }
      },
      "world_space": {
        "head": {
          "x": -0.043666496872901917,
          "y": -0.028299622237682343,
          "z": 1.5033838748931885
        },
        "tail": {
          "x": -0.07374459505081177,
          "y": -0.07553495466709137,
          "z": 1.5892608165740967
        },
        "rotation_quaternion": {
          "w": 0.4854716658592224,
          "x": 0.8543307781219482,
          "y": -0.18425139784812927,
          "z": -0.022081458941102028
        },
        "matrix": [
          [
            0.9311274290084839,
            -0.29338374733924866,
            -0.21662847697734833,
            -0.043666496872901917
          ],
          [
            -0.33626410365104675,
            -0.4607366621494293,
            -0.8213697671890259,
            -0.028299622237682343
          ],
          [
            0.1411684900522232,
            0.8376494646072388,
            -0.5276634097099304,
            1.5033838748931885
          ],
          [
            0.0,
            0.0,
            0.0,
            1.0
          ]
        ]
      },
      "bone_length_armature_space": 0.10252179216085529,
      "parent": "spine_01",
      "has_children": true,
      "is_end_bone": false
    },
    "head": {
      "name": "head",
      "local": {
        "location": {
          "x": 0.0,
          "y": 0.0,
          "z": 0.0
        },
        "rotation_quaternion": {
          "w": 0.9785106182098389,
          "x": 0.07870496809482574,
          "y": 0.12226921319961548,
          "z": 0.1461944878101349
        },
        "scale": {
          "x": 1.0,
          "y": 1.0,
          "z": 1.0
        },
        "matrix_basis": [
          [
            0.9273548126220703,
            -0.2668593227863312,
            0.2622959017753601,
            0.0
          ],
          [
            0.3053520917892456,
            0.9448654055595398,
            -0.11827712506055832,
            0.0
          ],
          [
            -0.21627098321914673,
            0.1897774636745453,
            0.9577115178108215,
            0.0
          ],
          [
            0.0,
            0.0,
            0.0,
            1.0
          ]
        ],
        "rotation_mode": "QUATERNION"
      },
      "armature_space": {
        "head": {
          "x": -0.07374460250139236,
          "y": -0.13877905905246735,
          "z": 0.6394067406654358
        },
        "tail": {
          "x": -0.15008167922496796,
          "y": -0.17156243324279785,
          "z": 0.7703689932823181
        }
      },
      "world_space": {
        "head": {
          "x": -0.07374460250139236,
          "y": -0.07553505897521973,
          "z": 1.5892608165740967
        },
        "tail": {
          "x": -0.15008167922496796,
          "y": -0.10831843316555023,
          "z": 1.7202229499816895
        },
        "rotation_quaternion": {
          "w": 0.5914171934127808,
          "x": 0.7649805545806885,
          "y": -0.21103160083293915,
          "z": 0.143164724111557
        },
        "matrix": [
          [
            0.8699389100074768,
            -0.4922107756137848,
            -0.03058105707168579,
            -0.07374460250139236
          ],
          [
            -0.15353234112262726,
            -0.21138256788253784,
            -0.9652695655822754,
            -0.07553505897521973
          ],
          [
            0.4686547815799713,
            0.8444262742996216,
            -0.2594628930091858,
            1.5892608165740967
          ],
          [
            0.0,
            0.0,
            0.0,
            1.0
          ]
        ]
      },
      "bone_length_armature_space": 0.15509097494377183,
      "parent": "neck_01",
      "has_children": false,
      "is_end_bone": true
    },
    "upperarm_l": {
      "name": "upperarm_l",
      "local": {
        "location": {
          "x": 0.0,
          "y": 0.0,
          "z": 0.0
        },
        "rotation_quaternion": {
          "w": 0.7718819379806519,
          "x": 0.2489864081144333,
          "y": 0.3612658977508545,
          "z": 0.46009916067123413
        },
        "scale": {
          "x": 1.0,
          "y": 1.0,
          "z": 1.0
        },
        "matrix_basis": [
          [
            0.315591424703598,
            -0.5303838849067688,
            0.7868261337280273,
            0.0
          ],
          [
            0.8901850581169128,
            0.45262905955314636,
            -0.0519399493932724,
            0.0
          ],
          [
            -0.32859236001968384,
            0.7168124914169312,
            0.614985466003418,
            0.0
          ],
          [
            0.0,
            0.0,
            0.0,
            1.0
          ]
        ],
        "rotation_mode": "QUATERNION"
      },
      "armature_space": {
        "head": {
          "x": 0.11051170527935028,
          "y": -0.09785440564155579,
          "z": 0.4968169629573822
        },
        "tail": {
          "x": 0.22035634517669678,
          "y": -0.30947476625442505,
          "z": 0.6191230416297913
        }
      },
      "world_space": {
        "head": {
          "x": 0.11051170527935028,
          "y": -0.034610405564308167,
          "z": 1.4466710090637207
        },
        "tail": {
          "x": 0.22035634517669678,
          "y": -0.24623076617717743,
          "z": 1.5689771175384521
        },
        "rotation_quaternion": {
          "w": 0.2555994689464569,
          "x": 0.9437210559844971,
          "y": 0.1995234489440918,
          "z": -0.06519120186567307
        },
        "matrix": [
          [
            0.9118810892105103,
            0.4099147915840149,
            -0.02104775235056877,
            0.11051170527935028
          ],
          [
            0.34326374530792236,
            -0.7897183299064636,
            -0.5084439516067505,
            -0.034610405564308167
          ],
          [
            -0.2250416874885559,
            0.4564180076122284,
            -0.8608445525169373,
            1.4466710090637207
          ],
          [
            0.0,
            0.0,
            0.0,
            1.0
          ]
        ]
      },
      "bone_length_armature_space": 0.26796977415528617,
      "parent": "spine_01",
      "has_children": true,
      "is_end_bone": false
    },
    "lowerarm_l": {
      "name": "lowerarm_l",
      "local": {
        "location": {
          "x": 0.0,
          "y": 0.0,
          "z": 0.0
        },
        "rotation_quaternion": {
          "w": 0.9425844550132751,
          "x": 0.32355672121047974,
          "y": -0.011507539078593254,
          "z": 0.08193480968475342
        },
        "scale": {
          "x": 1.0,
          "y": 1.0,
          "z": 1.0
        },
        "matrix_basis": [
          [
            0.9863085150718689,
            -0.1619076430797577,
            0.03132746368646622,
            0.0
          ],
          [
            0.14701427519321442,
            0.7771954536437988,
            -0.6118447780609131,
            0.0
          ],
          [
            0.0747147724032402,
            0.608073353767395,
            0.790357232093811,
            0.0
          ],
          [
            0.0,
            0.0,
            0.0,
            1.0
          ]
        ],
        "rotation_mode": "QUATERNION"
      },
      "armature_space": {
        "head": {
          "x": 0.22035625576972961,
          "y": -0.309474915266037,
          "z": 0.619123101234436
        },
        "tail": {
          "x": 0.21908412873744965,
          "y": -0.5720365047454834,
          "z": 0.5678473114967346
        }
      },
      "world_space": {
        "head": {
          "x": 0.22035625576972961,
          "y": -0.24623091518878937,
          "z": 1.5689771175384521
        },
        "tail": {
          "x": 0.21908412873744965,
          "y": -0.508792519569397,
          "z": 1.5177013874053955
        },
        "rotation_quaternion": {
          "w": 0.09529373049736023,
          "x": -0.9809672236442566,
          "y": -0.013955055736005306,
          "z": 0.16860564053058624
        },
        "matrix": [
          [
            0.942754864692688,
            -0.004755184054374695,
            -0.33345282077789307,
            0.22035625576972961
          ],
          [
            0.05951302498579025,
            -0.9814488887786865,
            0.18225356936454773,
            -0.24623091518878937
          ],
          [
            -0.32813572883605957,
            -0.19166764616966248,
            -0.9249891638755798,
            1.5689771175384521
          ],
          [
            0.0,
            0.0,
            0.0,
            1.0
          ]
        ]
      },
      "bone_length_armature_space": 0.2675246071098351,
      "parent": "upperarm_l",
      "has_children": true,
      "is_end_bone": false
    },
    "metacarpal_thumb_l": {
      "name": "metacarpal_thumb_l",
      "local": {
        "location": {
          "x": 0.0,
          "y": 0.0,
          "z": 0.0
        },
        "rotation_quaternion": {
          "w": 0.9995283484458923,
          "x": -0.029807809740304947,
          "y": -0.0037098629400134087,
          "z": 0.006384167820215225
        },
        "scale": {
          "x": 1.0,
          "y": 1.0,
          "z": 1.0
        },
        "matrix_basis": [
          [
            0.9998909831047058,
            -0.012541147880256176,
            -0.00779682258144021,
            0.0
          ],
          [
            0.012983479537069798,
            0.9981414675712585,
            0.05954013392329216,
            0.0
          ],
          [
            0.007035630289465189,
            -0.059634871780872345,
            0.998195469379425,
            0.0
          ],
          [
            0.0,
            0.0,
            0.0,
            1.0
          ]
        ],
        "rotation_mode": "QUATERNION"
      },
      "armature_space": {
        "head": {
          "x": 0.21908412873744965,
          "y": -0.5720365047454834,
          "z": 0.5678473114967346
        },
        "tail": {
          "x": 0.21471770107746124,
          "y": -0.6046836376190186,
          "z": 0.5308513045310974
        }
      },
      "world_space": {
        "head": {
          "x": 0.21908412873744965,
          "y": -0.508792519569397,
          "z": 1.5177013874053955
        },
        "tail": {
          "x": 0.21471770107746124,
          "y": -0.5414396524429321,
          "z": 1.4807052612304688
        },
        "rotation_quaternion": {
          "w": 0.31314849853515625,
          "x": -0.7556286454200745,
          "y": 0.2690598666667938,
          "z": -0.508497953414917
        },
        "matrix": [
          [
            0.3380740284919739,
            -0.08815065771341324,
            0.9369820952415466,
            0.21908412873744965
          ],
          [
            -0.7250892519950867,
            -0.6590901017189026,
            0.19961406290531158,
            -0.508792519569397
          ],
          [
            0.5999632477760315,
            -0.7468858957290649,
            -0.28674009442329407,
            1.5177013874053955
          ],
          [
            0.0,
            0.0,
            0.0,
            1.0
          ]
        ]
      },
      "bone_length_armature_space": 0.04953388148744477,
      "parent": "lowerarm_l",
      "has_children": true,
      "is_end_bone": false
    },
    "thumb_01_l": {
      "name": "thumb_01_l",
      "local": {
        "location": {
          "x": 0.0,
          "y": 0.0,
          "z": 0.0
        },
        "rotation_quaternion": {
          "w": 0.9671695232391357,
          "x": 0.25374045968055725,
          "y": 0.01386222429573536,
          "z": -0.002609174931421876
        },
        "scale": {
          "x": 1.0,
          "y": 1.0,
          "z": 1.0
        },
        "matrix_basis": [
          [
            0.9996020793914795,
            0.012081842869520187,
            0.025490134954452515,
            0.0
          ],
          [
            0.0019877853337675333,
            0.8712179660797119,
            -0.4908924102783203,
            0.0
          ],
          [
            -0.02813834883272648,
            0.49074774980545044,
            0.870847225189209,
            0.0
          ],
          [
            0.0,
            0.0,
            0.0,
            1.0
          ]
        ],
        "rotation_mode": "QUATERNION"
      },
      "armature_space": {
        "head": {
          "x": 0.21471770107746124,
          "y": -0.6046836376190186,
          "z": 0.5308513045310974
        },
        "tail": {
          "x": 0.2389477640390396,
          "y": -0.6235014796257019,
          "z": 0.516106128692627
        }
      },
      "world_space": {
        "head": {
          "x": 0.21471770107746124,
          "y": -0.5414396524429321,
          "z": 1.4807052612304688
        },
        "tail": {
          "x": 0.2389477640390396,
          "y": -0.5602574944496155,
          "z": 1.465960144996643
        },
        "rotation_quaternion": {
          "w": 0.374636709690094,
          "x": 0.09632498025894165,
          "y": 0.28849175572395325,
          "z": -0.8758661150932312
        },
        "matrix": [
          [
            -0.7007373571395874,
            0.7118414044380188,
            0.047425299882888794,
            0.21471770107746124
          ],
          [
            -0.6006866097450256,
            -0.5528391599655151,
            -0.5775331854820251,
            -0.5414396524429321
          ],
          [
            -0.3848966360092163,
            -0.43319034576416016,
            0.8149938583374023,
            1.4807052612304688
          ],
          [
            0.0,
            0.0,
            0.0,
            1.0
          ]
        ]
      },
      "bone_length_armature_space": 0.034038615523256883,
      "parent": "metacarpal_thumb_l",
      "has_children": true,
      "is_end_bone": false
    },
    "thumb_02_l": {
      "name": "thumb_02_l",
      "local": {
        "location": {
          "x": 0.0,
          "y": 0.0,
          "z": 0.0
        },
        "rotation_quaternion": {
          "w": 0.8892695307731628,
          "x": 0.4573485255241394,
          "y": 0.005462038330733776,
          "z": -0.0015194285660982132
        },
        "scale": {
          "x": 1.0,
          "y": 1.0,
          "z": 1.0
        },
        "matrix_basis": [
          [
            0.9999356865882874,
            0.007698473520576954,
            0.008324631489813328,
            0.0
          ],
          [
            0.0022937473841011524,
            0.5816600322723389,
            -0.8134288191795349,
            0.0
          ],
          [
            -0.011104265227913857,
            0.813395619392395,
            0.5816049575805664,
            0.0
          ],
          [
            0.0,
            0.0,
            0.0,
            1.0
          ]
        ],
        "rotation_mode": "QUATERNION"
      },
      "armature_space": {
        "head": {
          "x": 0.2389477789402008,
          "y": -0.6235014796257019,
          "z": 0.5161060690879822
        },
        "tail": {
          "x": 0.21151040494441986,
          "y": -0.6443953514099121,
          "z": 0.5366930365562439
        }
      },
      "world_space": {
        "head": {
          "x": 0.2389477789402008,
          "y": -0.5602574944496155,
          "z": 1.4659600257873535
        },
        "tail": {
          "x": 0.21151040494441986,
          "y": -0.5811513662338257,
          "z": 1.4865469932556152
        },
        "rotation_quaternion": {
          "w": 0.22112922370433807,
          "x": -0.3860127925872803,
          "y": 0.43703338503837585,
          "z": 0.7817275524139404
        },
        "matrix": [
          [
            -0.6041924357414246,
            -0.6831266283988953,
            -0.41023123264312744,
            0.2389477789402008
          ],
          [
            0.008326228708028793,
            -0.5202080011367798,
            0.853999137878418,
            -0.5602574944496155
          ],
          [
            -0.7968005537986755,
            0.5125673413276672,
            0.31999659538269043,
            1.4659600257873535
          ],
          [
            0.0,
            0.0,
            0.0,
            1.0
          ]
        ]
      },
      "bone_length_armature_space": 0.04016449444624246,
      "parent": "thumb_01_l",
      "has_children": true,
      "is_end_bone": false
    },
    "thumb_03_l": {
      "name": "thumb_03_l",
      "local": {
        "location": {
          "x": 0.0,
          "y": 0.0,
          "z": 0.0
        },
        "rotation_quaternion": {
          "w": 0.9895782470703125,
          "x": 0.14394308626651764,
          "y": -0.0022090941201895475,
          "z": 0.0032312311232089996
        },
        "scale": {
          "x": 1.0,
          "y": 1.0,
          "z": 1.0
        },
        "matrix_basis": [
          [
            0.9999693632125854,
            -0.007031079847365618,
            -0.003441916313022375,
            0.0
          ],
          [
            0.005759144201874733,
            0.9585399031639099,
            -0.28490015864372253,
            0.0
          ],
          [
            0.005302369594573975,
            0.2848716080188751,
            0.9585509896278381,
            0.0
          ],
          [
            0.0,
            0.0,
            0.0,
            1.0
          ]
        ],
        "rotation_mode": "QUATERNION"
      },
      "armature_space": {
        "head": {
          "x": 0.21151043474674225,
          "y": -0.6443953514099121,
          "z": 0.5366929769515991
        },
        "tail": {
          "x": 0.18821826577186584,
          "y": -0.644432783126831,
          "z": 0.5562983155250549
        }
      },
      "world_space": {
        "head": {
          "x": 0.21151043474674225,
          "y": -0.5811513662338257,
          "z": 1.4865469932556152
        },
        "tail": {
          "x": 0.18821826577186584,
          "y": -0.5811887979507446,
          "z": 1.5061523914337158
        },
        "rotation_quaternion": {
          "w": 0.15889233350753784,
          "x": -0.4250049591064453,
          "y": 0.6885772943496704,
          "z": 0.5656725168228149
        },
        "matrix": [
          [
            -0.5882466435432434,
            -0.7650600671768188,
            -0.2620098888874054,
            0.21151043474674225
          ],
          [
            -0.40553897619247437,
            -0.0012292265892028809,
            0.91407710313797,
            -0.5811513662338257
          ],
          [
            -0.6996510028839111,
            0.6439625024795532,
            -0.30953988432884216,
            1.4865469932556152
          ],
          [
            0.0,
            0.0,
            0.0,
            1.0
          ]
        ]
      },
      "bone_length_armature_space": 0.030444964395590093,
      "parent": "thumb_02_l",
      "has_children": false,
      "is_end_bone": true
    },
    "metacarpal_index_l": {
      "name": "metacarpal_index_l",
      "local": {
        "location": {
          "x": 0.0,
          "y": 0.0,
          "z": 0.0
        },
        "rotation_quaternion": {
          "w": 0.9993160367012024,
          "x": -0.03546394780278206,
          "y": -0.00826983992010355,
          "z": 0.006442713551223278
        },
        "scale": {
          "x": 1.0,
          "y": 1.0,
          "z": 1.0
        },
        "matrix_basis": [
          [
            0.9997801780700684,
            -0.012290051206946373,
            -0.0169853363186121,
            0.0
          ],
          [
            0.013463175855576992,
            0.9974015951156616,
            0.07077282667160034,
            0.0
          ],
          [
            0.016071399673819542,
            -0.07098594307899475,
            0.9973478317260742,
            0.0
          ],
          [
            0.0,
            0.0,
            0.0,
            1.0
          ]
        ],
        "rotation_mode": "QUATERNION"
      },
      "armature_space": {
        "head": {
          "x": 0.21908412873744965,
          "y": -0.5720365047454834,
          "z": 0.5678473114967346
        },
        "tail": {
          "x": 0.20620912313461304,
          "y": -0.6767981648445129,
          "z": 0.5169700980186462
        }
      },
      "world_space": {
        "head": {
          "x": 0.21908412873744965,
          "y": -0.508792519569397,
          "z": 1.5177013874053955
        },
        "tail": {
          "x": 0.20620912313461304,
          "y": -0.6135541796684265,
          "z": 1.4668240547180176
        },
        "rotation_quaternion": {
          "w": 0.1977517455816269,
          "x": -0.9328077435493469,
          "y": 0.11769106239080429,
          "z": -0.277331680059433
        },
        "matrix": [
          [
            0.8184719681739807,
            -0.1098814383149147,
            0.5639413595199585,
            0.21908412873744965
          ],
          [
            -0.32925179600715637,
            -0.8940865993499756,
            0.3036487102508545,
            -0.508792519569397
          ],
          [
            0.4708501398563385,
            -0.43421071767807007,
            -0.7679685354232788,
            1.5177013874053955
          ],
          [
            0.0,
            0.0,
            0.0,
            1.0
          ]
        ]
      },
      "bone_length_armature_space": 0.11717193277842258,
      "parent": "lowerarm_l",
      "has_children": true,
      "is_end_bone": false
    },
    "index_01_l": {
      "name": "index_01_l",
      "local": {
        "location": {
          "x": 0.0,
          "y": 0.0,
          "z": 0.0
        },
        "rotation_quaternion": {
          "w": 0.9452276825904846,
          "x": 0.325907438993454,
          "y": -0.006908323150128126,
          "z": -0.016774974763393402
        },
        "scale": {
          "x": 1.0,
          "y": 1.0,
          "z": 1.0
        },
        "matrix_basis": [
          [
            0.9993417263031006,
            0.027209393680095673,
            -0.02399405464529991,
            0.0
          ],
          [
            -0.03621529042720795,
            0.7870059013366699,
            -0.6158816814422607,
            0.0
          ],
          [
            0.002125698374584317,
            0.616345226764679,
            0.7874732613563538,
            0.0
          ],
          [
            0.0,
            0.0,
            0.0,
            1.0
          ]
        ],
        "rotation_mode": "QUATERNION"
      },
      "armature_space": {
        "head": {
          "x": 0.20620912313461304,
          "y": -0.6767981648445129,
          "z": 0.5169700980186462
        },
        "tail": {
          "x": 0.21956872940063477,
          "y": -0.69583660364151,
          "z": 0.50047367811203
        }
      },
      "world_space": {
        "head": {
          "x": 0.20620912313461304,
          "y": -0.6135541796684265,
          "z": 1.4668240547180176
        },
        "tail": {
          "x": 0.21956872940063477,
          "y": -0.6325926184654236,
          "z": 1.4503276348114014
        },
        "rotation_quaternion": {
          "w": 0.3808673024177551,
          "x": -0.8678340315818787,
          "y": -0.1452617049217224,
          "z": -0.2840833067893982
        },
        "matrix": [
          [
            0.7963920831680298,
            0.46852195262908936,
            0.3824225068092346,
            0.20620912313461304
          ],
          [
            0.03573174774646759,
            -0.6676790714263916,
            0.7435913681983948,
            -0.6135541796684265
          ],
          [
            0.6037287712097168,
            -0.5785303711891174,
            -0.5484785437583923,
            1.4668240547180176
          ],
          [
            0.0,
            0.0,
            0.0,
            1.0
          ]
        ]
      },
      "bone_length_armature_space": 0.02851443695465939,
      "parent": "metacarpal_index_l",
      "has_children": true,
      "is_end_bone": false
    },
    "index_02_l": {
      "name": "index_02_l",
      "local": {
        "location": {
          "x": 0.0,
          "y": 0.0,
          "z": 0.0
        },
        "rotation_quaternion": {
          "w": 0.9070121049880981,
          "x": 0.4210807979106903,
          "y": -0.0035773946437984705,
          "z": -0.0027088825590908527
        },
        "scale": {
          "x": 1.0,
          "y": 1.0,
          "z": 1.0
        },
        "matrix_basis": [
          [
            0.9999597072601318,
            0.001901234150864184,
            -0.008770797401666641,
            0.0
          ],
          [
            -0.00792672298848629,
            0.6453672647476196,
            -0.763831377029419,
            0.0
          ],
          [
            0.004208163823932409,
            0.763870120048523,
            0.6453563570976257,
            0.0
          ],
          [
            0.0,
            0.0,
            0.0,
            1.0
          ]
        ],
        "rotation_mode": "QUATERNION"
      },
      "armature_space": {
        "head": {
          "x": 0.21956883370876312,
          "y": -0.6958366632461548,
          "z": 0.500473141670227
        },
        "tail": {
          "x": 0.23434381186962128,
          "y": -0.69327312707901,
          "z": 0.4796590805053711
        }
      },
      "world_space": {
        "head": {
          "x": 0.21956883370876312,
          "y": -0.6325926780700684,
          "z": 1.4503271579742432
        },
        "tail": {
          "x": 0.23434381186962128,
          "y": -0.6300291419029236,
          "z": 1.4295130968093872
        },
        "rotation_quaternion": {
          "w": 0.6926787495613098,
          "x": -0.6496462821960449,
          "y": -0.26487934589385986,
          "z": -0.167316734790802
        },
        "matrix": [
          [
            0.8036885857582092,
            0.5759492516517639,
            -0.14955715835094452,
            0.21956883370876312
          ],
          [
            0.11235932260751724,
            0.09993082284927368,
            0.9886300563812256,
            -0.6325926780700684
          ],
          [
            0.5843504667282104,
            -0.8113604187965393,
            0.015601098537445068,
            1.4503271579742432
          ],
          [
            0.0,
            0.0,
            0.0,
            1.0
          ]
        ]
      },
      "bone_length_armature_space": 0.02565339836110693,
      "parent": "index_01_l",
      "has_children": true,
      "is_end_bone": false
    },
    "index_03_l": {
      "name": "index_03_l",
      "local": {
        "location": {
          "x": 0.0,
          "y": 0.0,
          "z": 0.0
        },
        "rotation_quaternion": {
          "w": 0.9243541955947876,
          "x": 0.38147830963134766,
          "y": 0.0018632453866302967,
          "z": -0.00635091308504343
        },
        "scale": {
          "x": 1.0,
          "y": 1.0,
          "z": 1.0
        },
        "matrix_basis": [
          [
            0.9999123811721802,
            0.013162561692297459,
            -0.001400873763486743,
            0.0
          ],
          [
            -0.01031941082328558,
            0.7088679075241089,
            -0.7052658200263977,
            0.0
          ],
          [
            -0.008290068246424198,
            0.705218493938446,
            0.708941638469696,
            0.0
          ],
          [
            0.0,
            0.0,
            0.0,
            1.0
          ]
        ],
        "rotation_mode": "QUATERNION"
      },
      "armature_space": {
        "head": {
          "x": 0.23434379696846008,
          "y": -0.6932732462882996,
          "z": 0.4796590805053711
        },
        "tail": {
          "x": 0.2446383833885193,
          "y": -0.668999195098877,
          "z": 0.4670684039592743
        }
      },
      "world_space": {
        "head": {
          "x": 0.23434379696846008,
          "y": -0.6300292611122131,
          "z": 1.4295130968093872
        },
        "tail": {
          "x": 0.2446383833885193,
          "y": -0.6057552099227905,
          "z": 1.4169224500656128
        },
        "rotation_quaternion": {
          "w": 0.8955569863319397,
          "x": -0.27558374404907227,
          "y": -0.3366954028606415,
          "z": -0.0931001603603363
        },
        "matrix": [
          [
            0.7559375762939453,
            0.35232868790626526,
            -0.5517454743385315,
            0.23434379696846008
          ],
          [
            0.018822362646460533,
            0.8307719826698303,
            0.5562946796417236,
            -0.6300292611122131
          ],
          [
            0.6543779969215393,
            -0.4309113919734955,
            0.6213850975036621,
            1.4295130968093872
          ],
          [
            0.0,
            0.0,
            0.0,
            1.0
          ]
        ]
      },
      "bone_length_armature_space": 0.029218713362045765,
      "parent": "index_02_l",
      "has_children": false,
      "is_end_bone": true
    },
    "metacarpal_pinky_l": {
      "name": "metacarpal_pinky_l",
      "local": {
        "location": {
          "x": 0.0,
          "y": 0.0,
          "z": 0.0
        },
        "rotation_quaternion": {
          "w": 0.9984671473503113,
          "x": -0.052363406866788864,
          "y": 0.0038394902367144823,
          "z": 0.017516884952783585
        },
        "scale": {
          "x": 1.0,
          "y": 1.0,
          "z": 1.0
        },
        "matrix_basis": [
          [
            0.9993568062782288,
            -0.035382166504859924,
            0.005832722410559654,
            0.0
          ],
          [
            0.03457796946167946,
            0.9939024448394775,
            0.10470079630613327,
            0.0
          ],
          [
            -0.00950169749557972,
            -0.10443177074193954,
            0.9944866895675659,
            0.0
          ],
          [
            0.0,
            0.0,
            0.0,
            1.0
          ]
        ],
        "rotation_mode": "QUATERNION"
      },
      "armature_space": {
        "head": {
          "x": 0.21908412873744965,
          "y": -0.5720365047454834,
          "z": 0.5678473114967346
        },
        "tail": {
          "x": 0.24061867594718933,
          "y": -0.6730896830558777,
          "z": 0.5807982683181763
        }
      },
      "world_space": {
        "head": {
          "x": 0.21908412873744965,
          "y": -0.508792519569397,
          "z": 1.5177013874053955
        },
        "tail": {
          "x": 0.24061867594718933,
          "y": -0.6098456978797913,
          "z": 1.5306522846221924
        },
        "rotation_quaternion": {
          "w": 0.11873587220907211,
          "x": 0.6820056438446045,
          "y": 0.026058703660964966,
          "z": -0.7211734056472778
        },
        "matrix": [
          [
            -0.04154041036963463,
            0.20680300891399384,
            -0.9775004386901855,
            0.21908412873744965
          ],
          [
            -0.1357145458459854,
            -0.9704452753067017,
            -0.19954323768615723,
            -0.508792519569397
          ],
          [
            -0.9898840188980103,
            0.12437181919813156,
            0.06837895512580872,
            1.5177013874053955
          ],
          [
            0.0,
            0.0,
            0.0,
            1.0
          ]
        ]
      },
      "bone_length_armature_space": 0.10413073161885258,
      "parent": "lowerarm_l",
      "has_children": true,
      "is_end_bone": false
    },
    "pinky_01_l": {
      "name": "pinky_01_l",
      "local": {
        "location": {
          "x": 0.0,
          "y": 0.0,
          "z": 0.0
        },
        "rotation_quaternion": {
          "w": 0.9510822296142578,
          "x": 0.3087487816810608,
          "y": 0.005472921300679445,
          "z": 0.009317906573414803
        },
        "scale": {
          "x": 1.0,
          "y": 1.0,
          "z": 1.0
        },
        "matrix_basis": [
          [
            0.99976646900177,
            -0.014344675466418266,
            0.016164181753993034,
            0.0
          ],
          [
            0.02110370621085167,
            0.8091747164726257,
            -0.5871889591217041,
            0.0
          ],
          [
            -0.004656611941754818,
            0.5873929262161255,
            0.809288501739502,
            0.0
          ],
          [
            0.0,
            0.0,
            0.0,
            1.0
          ]
        ],
        "rotation_mode": "QUATERNION"
      },
      "armature_space": {
        "head": {
          "x": 0.24061867594718933,
          "y": -0.6730896830558777,
          "z": 0.5807982683181763
        },
        "tail": {
