{
  "metadata": {
    "armature_name": "KIM_caucasian_male",
    "export_time": "2026-01-13T21:08:17.946473",
    "blender_version": "4.4.1",
    "bone_count": 56,
    "end_bone_count": 13,
    "spaces_included": [
      "LOCAL_CHANNELS",
      "ARMATURE_SPACE",
      "WORLD_SPACE"
    ],
    "note": "LOCAL matches Transform panel; replay pose via local.matrix_basis for best fidelity."
  },
  "bones": {
    "Root": {
      "name": "Root",
      "local": {
        "location": {
          "x": 0.0,
          "y": 0.0,
          "z": 0.0
        },
        "rotation_quaternion": {
          "w": 0.9998257160186768,
          "x": -0.0044778818264603615,
          "y": -0.012608234770596027,
          "z": -0.013025224208831787
        },
        "scale": {
          "x": 1.0,
          "y": 1.0,
          "z": 1.0
        },
        "matrix_basis": [
          [
            0.9993427395820618,
            0.026158824563026428,
            -0.025095423683524132,
            0.0
          ],
          [
            -0.02593299187719822,
            0.9996205568313599,
            0.009282653219997883,
            0.0
          ],
          [
            0.025328725576400757,
            -0.008625752292573452,
            0.9996419548988342,
            0.0
          ],
          [
            0.0,
            0.0,
            0.0,
            1.0
          ]
        ],
        "rotation_mode": "QUATERNION"
      },
      "armature_space": {
        "head": {
          "x": 0.0,
          "y": 0.07072800397872925,
          "z": -0.009595036506652832
        },
        "tail": {
          "x": 0.0018671088619157672,
          "y": 0.00010960549116134644,
          "z": 0.0006064455956220627
        }
      },
      "world_space": {
        "head": {
          "x": 0.0,
          "y": 0.13397200405597687,
          "z": 0.9402589797973633
        },
        "tail": {
          "x": 0.0018671088619157672,
          "y": 0.06335360556840897,
          "z": 0.9504604339599609
        },
        "rotation_quaternion": {
          "w": 0.0718236193060875,
          "x": 0.9972526431083679,
          "y": 0.012146243825554848,
          "z": -0.013457074761390686
        },
        "matrix": [
          [
            0.9993427395820618,
            0.026158824563026428,
            -0.025095423683524132,
            0.0
          ],
          [
            0.022292669862508774,
            -0.9893876314163208,
            -0.14357995986938477,
            0.13397200405597687
          ],
          [
            -0.0285851638764143,
            0.1429262012243271,
            -0.9893274903297424,
            0.9402589797973633
          ],
          [
            0.0,
            0.0,
            0.0,
            1.0
          ]
        ]
      },
      "bone_length_armature_space": 0.07137586736201583,
      "parent": null,
      "has_children": true,
      "is_end_bone": false
    },
    "spine_01": {
      "name": "spine_01",
      "local": {
        "location": {
          "x": 0.0,
          "y": 0.0,
          "z": 0.0
        },
        "rotation_quaternion": {
          "w": 0.9932197332382202,
          "x": 0.09847238659858704,
          "y": -0.01749005913734436,
          "z": -0.05926288291811943
        },
        "scale": {
          "x": 1.0,
          "y": 1.0,
          "z": 1.0
        },
        "matrix_basis": [
          [
            0.9923639893531799,
            0.11427755653858185,
            -0.04641445726156235,
            0.0
          ],
          [
            -0.12116670608520508,
            0.9735822081565857,
            -0.1935364156961441,
            0.0
          ],
          [
            0.023071428760886192,
            0.1976824551820755,
            0.9799945950508118,
            0.0
          ],
          [
            0.0,
            0.0,
            0.0,
            1.0
          ]
        ],
        "rotation_mode": "QUATERNION"
      },
      "armature_space": {
        "head": {
          "x": 0.0018671088619157672,
          "y": 0.00010960549116134644,
          "z": 0.0006064455956220627
        },
        "tail": {
          "x": 0.0728689655661583,
          "y": -0.0683407336473465,
          "z": 0.47854119539260864
        }
      },
      "world_space": {
        "head": {
          "x": 0.0018671088619157672,
          "y": 0.06335360556840897,
          "z": 0.9504604339599609
        },
        "tail": {
          "x": 0.0728689655661583,
          "y": -0.005096733570098877,
          "z": 1.4283952713012695
        },
        "rotation_quaternion": {
          "w": 0.6540430188179016,
          "x": 0.7527980804443359,
          "y": 0.04576371982693672,
          "z": -0.05855388566851616
        },
        "matrix": [
          [
            0.9889542460441589,
            0.1454952508211136,
            -0.02829468622803688,
            0.0018671088619157672
          ],
          [
            -0.007690935395658016,
            -0.14026673138141632,
            -0.9900839924812317,
            0.06335360556840897
          ],
          [
            -0.1480223387479782,
            0.9793720245361328,
            -0.13760024309158325,
            0.9504604339599609
          ],
          [
            0.0,
            0.0,
            0.0,
            1.0
          ]
        ]
      },
      "bone_length_armature_space": 0.4880044481570203,
      "parent": "Root",
      "has_children": true,
      "is_end_bone": false
    },
    "neck_01": {
      "name": "neck_01",
      "local": {
        "location": {
          "x": 0.0,
          "y": 0.0,
          "z": 0.0
        },
        "rotation_quaternion": {
          "w": 0.9851111173629761,
          "x": 0.063128761947155,
          "y": 0.07979778200387955,
          "z": 0.1385761797428131
        },
        "scale": {
          "x": 1.0,
          "y": 1.0,
          "z": 1.0
        },
        "matrix_basis": [
          [
            0.9488579034805298,
            -0.2629508078098297,
            0.17471565306186676,
            0.0
          ],
          [
            0.2831009328365326,
            0.9536228179931641,
            -0.10226154327392578,
            0.0
          ],
          [
            -0.13972307741641998,
            0.1464938372373581,
            0.9792941212654114,
            0.0
          ],
          [
            0.0,
            0.0,
            0.0,
            1.0
          ]
        ],
        "rotation_mode": "QUATERNION"
      },
      "armature_space": {
        "head": {
          "x": 0.08254063874483109,
          "y": -0.11294738948345184,
          "z": 0.5454772710800171
        },
        "tail": {
          "x": 0.06674230098724365,
          "y": -0.17511261999607086,
          "z": 0.6254560351371765
        }
      },
      "world_space": {
        "head": {
          "x": 0.08254063874483109,
          "y": -0.049703389406204224,
          "z": 1.4953312873840332
        },
        "tail": {
          "x": 0.06674230098724365,
          "y": -0.11186861991882324,
          "z": 1.5753099918365479
        },
        "rotation_quaternion": {
          "w": 0.44059452414512634,
          "x": 0.8934969305992126,
          "y": -0.051908332854509354,
          "z": 0.06960826367139816
        },
        "matrix": [
          [
            0.9849204421043396,
            -0.1540980041027069,
            0.07864784449338913,
            0.08254063874483109
          ],
          [
            -0.031422317028045654,
            -0.6063637733459473,
            -0.7945665121078491,
            -0.049703389406204224
          ],
          [
            0.17013147473335266,
            0.7801182270050049,
            -0.6020671129226685,
            1.4953312873840332
          ],
          [
            0.0,
            0.0,
            0.0,
            1.0
          ]
        ]
      },
      "bone_length_armature_space": 0.1025217348171894,
      "parent": "spine_01",
      "has_children": true,
      "is_end_bone": false
    },
    "head": {
      "name": "head",
      "local": {
        "location": {
          "x": 0.0,
          "y": 0.0,
          "z": 0.0
        },
        "rotation_quaternion": {
          "w": 0.9885214567184448,
          "x": -0.13668273389339447,
          "y": -0.045118480920791626,
          "z": -0.04590783268213272
        },
        "scale": {
          "x": 1.0,
          "y": 1.0,
          "z": 1.0
        },
        "matrix_basis": [
          [
            0.9917135834693909,
            0.10309559106826782,
            -0.07665155827999115,
            0.0
          ],
          [
            -0.07842791825532913,
            0.9584205746650696,
            0.2743702232837677,
            0.0
          ],
          [
            0.10175079107284546,
            -0.26608505845069885,
            0.958564281463623,
            0.0
          ],
          [
            0.0,
            0.0,
            0.0,
            1.0
          ]
        ],
        "rotation_mode": "QUATERNION"
      },
      "armature_space": {
        "head": {
          "x": 0.06674233078956604,
          "y": -0.17511269450187683,
          "z": 0.6254558563232422
        },
        "tail": {
          "x": 0.056209955364465714,
          "y": -0.17738772928714752,
          "z": 0.7801724076271057
        }
      },
      "world_space": {
        "head": {
          "x": 0.06674233078956604,
          "y": -0.11186869442462921,
          "z": 1.5753098726272583
        },
        "tail": {
          "x": 0.056209955364465714,
          "y": -0.1141437292098999,
          "z": 1.7300264835357666
        },
        "rotation_quaternion": {
          "w": 0.6991145610809326,
          "x": 0.7121148109436035,
          "y": -0.06248239427804947,
          "z": -0.015074807219207287
        },
        "matrix": [
          [
            0.9917373657226562,
            -0.06791127473115921,
            -0.10883516818284988,
            0.06674233078956604
          ],
          [
            -0.11006775498390198,
            -0.014669090509414673,
            -0.9938160181045532,
            -0.11186869442462921
          ],
          [
            0.06589516997337341,
            0.9975905418395996,
            -0.022023797035217285,
            1.5753098726272583
          ],
          [
            0.0,
            0.0,
            0.0,
            1.0
          ]
        ]
      },
      "bone_length_armature_space": 0.15509131875943089,
      "parent": "neck_01",
      "has_children": false,
      "is_end_bone": true
    },
    "upperarm_l": {
      "name": "upperarm_l",
      "local": {
        "location": {
          "x": 0.0,
          "y": 0.0,
          "z": 0.0
        },
        "rotation_quaternion": {
          "w": 0.8447149395942688,
          "x": 0.2924406826496124,
          "y": 0.3376099467277527,
          "z": 0.2948806881904602
        },
        "scale": {
          "x": 1.0,
          "y": 1.0,
          "z": 1.0
        },
        "matrix_basis": [
          [
            0.5981298089027405,
            -0.3007184863090515,
            0.7428385615348816,
            0.0
          ],
          [
            0.6956419944763184,
            0.6550476551055908,
            -0.2949487268924713,
            0.0
          ],
          [
            -0.3978981077671051,
            0.6931673288345337,
            0.6009959578514099,
            0.0
          ],
          [
            0.0,
            0.0,
            0.0,
            1.0
          ]
        ],
        "rotation_mode": "QUATERNION"
      },
      "armature_space": {
        "head": {
          "x": 0.22101514041423798,
          "y": -0.10783152282238007,
          "z": 0.45701369643211365
        },
        "tail": {
          "x": 0.4087259769439697,
          "y": -0.29817771911621094,
          "z": 0.47546884417533875
        }
      },
      "world_space": {
        "head": {
          "x": 0.22101514041423798,
          "y": -0.044587522745132446,
          "z": 1.4068677425384521
        },
        "tail": {
          "x": 0.4087259769439697,
          "y": -0.23493371903896332,
          "z": 1.4253228902816772
        },
        "rotation_quaternion": {
          "w": 0.15688160061836243,
          "x": 0.8757801651954651,
          "y": 0.3467329144477844,
          "z": -0.2969404458999634
        },
        "matrix": [
          [
            0.5832049250602722,
            0.7004934549331665,
            -0.4113160967826843,
            0.22101514041423798
          ],
          [
            0.514154851436615,
            -0.7103281021118164,
            -0.48070698976516724,
            -0.044587522745132446
          ],
          [
            -0.6289052963256836,
            0.06887029856443405,
            -0.7744346857070923,
            1.4068677425384521
          ],
          [
            0.0,
            0.0,
            0.0,
            1.0
          ]
        ]
      },
      "bone_length_armature_space": 0.2679694446364956,
      "parent": "spine_01",
      "has_children": true,
      "is_end_bone": false
    },
    "lowerarm_l": {
      "name": "lowerarm_l",
      "local": {
        "location": {
          "x": 0.0,
          "y": 0.0,
          "z": 0.0
        },
        "rotation_quaternion": {
          "w": 0.9160395860671997,
          "x": 0.38357895612716675,
          "y": -0.10653725266456604,
          "z": 0.04887300357222557
        },
        "scale": {
          "x": 1.0,
          "y": 1.0,
          "z": 1.0
        },
        "matrix_basis": [
          [
            0.972522497177124,
            -0.17127010226249695,
            -0.1576913744211197,
            0.0
          ],
          [
            0.007808315567672253,
            0.7009572386741638,
            -0.7131606340408325,
            0.0
          ],
          [
            0.23267799615859985,
            0.6923334002494812,
            0.6830340027809143,
            0.0
          ],
          [
            0.0,
            0.0,
            0.0,
            1.0
          ]
        ],
        "rotation_mode": "QUATERNION"
      },
      "armature_space": {
        "head": {
          "x": 0.40872594714164734,
          "y": -0.29817789793014526,
          "z": 0.47546887397766113
        },
        "tail": {
          "x": 0.39102843403816223,
          "y": -0.5498884320259094,
          "z": 0.3865974545478821
        }
      },
      "world_space": {
        "head": {
          "x": 0.40872594714164734,
          "y": -0.23493389785289764,
          "z": 1.4253228902816772
        },
        "tail": {
          "x": 0.39102843403816223,
          "y": -0.486644446849823,
          "z": 1.336451530456543
        },
        "rotation_quaternion": {
          "w": 0.15953366458415985,
          "x": -0.8248282074928284,
          "y": -0.06407321989536285,
          "z": 0.5386112928390503
        },
        "matrix": [
          [
            0.41158533096313477,
            -0.06615287065505981,
            -0.908967137336731,
            0.40872594714164734
          ],
          [
            0.2775518298149109,
            -0.9408878087997437,
            0.1941528618335724,
            -0.23493389785289764
          ],
          [
            -0.8680856227874756,
            -0.33219924569129944,
            -0.36889714002609253,
            1.4253228902816772
          ],
          [
            0.0,
            0.0,
            0.0,
            1.0
          ]
        ]
      },
      "bone_length_armature_space": 0.2675248149728597,
      "parent": "upperarm_l",
      "has_children": true,
      "is_end_bone": false
    },
    "metacarpal_thumb_l": {
      "name": "metacarpal_thumb_l",
      "local": {
        "location": {
          "x": 0.0,
          "y": 0.0,
          "z": 0.0
        },
        "rotation_quaternion": {
          "w": 0.9975131154060364,
          "x": -0.06840160489082336,
          "y": 0.013791910372674465,
          "z": 0.009929953143000603
        },
        "scale": {
          "x": 1.0,
          "y": 1.0,
          "z": 1.0
        },
        "matrix_basis": [
          [
            0.9994223713874817,
            -0.02169729396700859,
            0.026156773790717125,
            0.0
          ],
          [
            0.017923738807439804,
            0.9904452562332153,
            0.1367368996143341,
            0.0
          ],
          [
            -0.02887367270886898,
            -0.13618908822536469,
            0.9902620315551758,
            0.0
          ],
          [
            0.0,
            0.0,
            0.0,
            1.0
          ]
        ],
        "rotation_mode": "QUATERNION"
      },
      "armature_space": {
        "head": {
          "x": 0.39102843403816223,
          "y": -0.5498884320259094,
          "z": 0.3865974545478821
        },
        "tail": {
          "x": 0.3620295524597168,
          "y": -0.5804006457328796,
          "z": 0.36048874258995056
        }
      },
      "world_space": {
        "head": {
          "x": 0.39102843403816223,
          "y": -0.486644446849823,
          "z": 1.336451530456543
        },
        "tail": {
          "x": 0.3620295524597168,
          "y": -0.5171566605567932,
          "z": 1.310342788696289
        },
        "rotation_quaternion": {
          "w": 0.2431187480688095,
          "x": -0.8894736170768738,
          "y": 0.36455273628234863,
          "z": -0.12973567843437195
        },
        "matrix": [
          [
            0.7005389928817749,
            -0.5854380130767822,
            0.40805307030677795,
            0.39102843403816223
          ],
          [
            -0.7116031646728516,
            -0.6159890294075012,
            0.33790308237075806,
            -0.486644446849823
          ],
          [
            0.053534604609012604,
            -0.527090311050415,
            -0.8481295704841614,
            1.336451530456543
          ],
          [
            0.0,
            0.0,
            0.0,
            1.0
          ]
        ]
      },
      "bone_length_armature_space": 0.04953377804110972,
      "parent": "lowerarm_l",
      "has_children": true,
      "is_end_bone": false
    },
    "thumb_01_l": {
      "name": "thumb_01_l",
      "local": {
        "location": {
          "x": 0.0,
          "y": 0.0,
          "z": 0.0
        },
        "rotation_quaternion": {
          "w": 0.9987742900848389,
          "x": 0.04749982804059982,
          "y": 0.007923564873635769,
          "z": -0.011448721401393414
        },
        "scale": {
          "x": 1.0,
          "y": 1.0,
          "z": 1.0
        },
        "matrix_basis": [
          [
            0.9996122717857361,
            0.023622112348675728,
            0.014740081503987312,
            0.0
          ],
          [
            -0.022116640582680702,
            0.9952253699302673,
            -0.09506464004516602,
            0.0
          ],
          [
            -0.016915330663323402,
            0.09470178186893463,
            0.9953619837760925,
            0.0
          ],
          [
            0.0,
            0.0,
            0.0,
            1.0
          ]
        ],
        "rotation_mode": "QUATERNION"
      },
      "armature_space": {
        "head": {
          "x": 0.3620295524597168,
          "y": -0.5804006457328796,
          "z": 0.36048874258995056
        },
        "tail": {
          "x": 0.35793939232826233,
          "y": -0.5856673717498779,
          "z": 0.32710951566696167
        }
      },
      "world_space": {
        "head": {
          "x": 0.3620295524597168,
          "y": -0.5171566605567932,
          "z": 1.310342788696289
        },
        "tail": {
          "x": 0.35793939232826233,
          "y": -0.5224233865737915,
          "z": 1.276963472366333
        },
        "rotation_quaternion": {
          "w": 0.19833798706531525,
          "x": -0.31810882687568665,
          "y": 0.6191110014915466,
          "z": -0.6900510191917419
        },
        "matrix": [
          [
            -0.7189382314682007,
            -0.12016231566667557,
            0.6846083998680115,
            0.3620295524597168
          ],
          [
            -0.6676150560379028,
            -0.1547282189130783,
            -0.7282509207725525,
            -0.5171566605567932
          ],
          [
            0.1934373527765274,
            -0.9806293845176697,
            0.03101736307144165,
            1.310342788696289
          ],
          [
            0.0,
            0.0,
            0.0,
            1.0
          ]
        ]
      },
      "bone_length_armature_space": 0.034038809559694544,
      "parent": "metacarpal_thumb_l",
      "has_children": true,
      "is_end_bone": false
    },
    "thumb_02_l": {
      "name": "thumb_02_l",
      "local": {
        "location": {
          "x": 0.0,
          "y": 0.0,
          "z": 0.0
        },
        "rotation_quaternion": {
          "w": 0.9903682470321655,
          "x": 0.13843265175819397,
          "y": 0.0024032536894083023,
          "z": -0.0011982385767623782
        },
        "scale": {
          "x": 1.0,
          "y": 1.0,
          "z": 1.0
        },
        "matrix_basis": [
          [
            0.9999855756759644,
            0.0030387723818421364,
            0.004428461659699678,
            0.0
          ],
          [
            -0.0017080173129215837,
            0.961669921875,
            -0.2742043733596802,
            0.0
          ],
          [
            -0.005091962870210409,
            0.27419283986091614,
            0.9616612792015076,
            0.0
          ],
          [
            0.0,
            0.0,
            0.0,
            1.0
          ]
        ],
        "rotation_mode": "QUATERNION"
      },
      "armature_space": {
        "head": {
          "x": 0.35793939232826233,
          "y": -0.5856673121452332,
          "z": 0.32710951566696167
        },
        "tail": {
          "x": 0.35610732436180115,
          "y": -0.6256777048110962,
          "z": 0.3241111636161804
        }
      },
      "world_space": {
        "head": {
          "x": 0.35793939232826233,
          "y": -0.5224233269691467,
          "z": 1.276963472366333
        },
        "tail": {
          "x": 0.35610732436180115,
          "y": -0.5624337196350098,
          "z": 1.2739651203155518
        },
        "rotation_quaternion": {
          "w": 0.018702592700719833,
          "x": 0.10684406757354736,
          "y": -0.039588503539562225,
          "z": 0.9933112859725952
        },
        "matrix": [
          [
            -0.976469099521637,
            -0.04561445116996765,
            0.21077795326709747,
            0.35793939232826233
          ],
          [
            0.028695542365312576,
            -0.9961659908294678,
            -0.08264350891113281,
            -0.5224233269691467
          ],
          [
            0.21374113857746124,
            -0.07465186715126038,
            0.9740409851074219,
            1.276963472366333
          ],
          [
            0.0,
            0.0,
            0.0,
            1.0
          ]
        ]
      },
      "bone_length_armature_space": 0.04016438848518301,
      "parent": "thumb_01_l",
      "has_children": true,
      "is_end_bone": false
    },
    "thumb_03_l": {
      "name": "thumb_03_l",
      "local": {
        "location": {
          "x": 0.0,
          "y": 0.0,
          "z": 0.0
        },
        "rotation_quaternion": {
          "w": 0.9981633424758911,
          "x": 0.06043292582035065,
          "y": -0.0030650892294943333,
          "z": 0.002879131818190217
        },
        "scale": {
          "x": 1.0,
          "y": 1.0,
          "z": 1.0
        },
        "matrix_basis": [
          [
            0.9999646544456482,
            -0.006118152290582657,
            -0.005770930554717779,
            0.0
          ],
          [
            0.005377223249524832,
            0.9926791191101074,
            -0.12066151201725006,
            0.0
          ],
          [
            0.006466907914727926,
            0.12062621116638184,
            0.9926769137382507,
            0.0
          ],
          [
            0.0,
            0.0,
            0.0,
            1.0
          ]
        ],
        "rotation_mode": "QUATERNION"
      },
      "armature_space": {
        "head": {
          "x": 0.35610726475715637,
          "y": -0.6256777048110962,
          "z": 0.32411113381385803
        },
        "tail": {
          "x": 0.3608036935329437,
          "y": -0.6545622944831848,
          "z": 0.33250847458839417
        }
      },
      "world_space": {
        "head": {
          "x": 0.35610726475715637,
          "y": -0.5624337196350098,
          "z": 1.2739651203155518
        },
        "tail": {
          "x": 0.3608036935329437,
          "y": -0.5913183093070984,
          "z": 1.282362461090088
        },
        "rotation_quaternion": {
          "w": 0.08991182595491409,
          "x": 0.08524958789348602,
          "y": -0.13244110345840454,
          "z": -0.9834164381027222
        },
        "matrix": [
          [
            -0.9692966938018799,
            0.15426048636436462,
            -0.19148778915405273,
            0.35610726475715637
          ],
          [
            -0.19942261278629303,
            -0.948750376701355,
            0.24515990912914276,
            -0.5624337196350098
          ],
          [
            -0.14385677874088287,
            0.2758207321166992,
            0.9503905773162842,
            1.2739651203155518
          ],
          [
            0.0,
            0.0,
            0.0,
            1.0
          ]
        ]
      },
      "bone_length_armature_space": 0.03044488922561254,
      "parent": "thumb_02_l",
      "has_children": false,
      "is_end_bone": true
    },
    "metacarpal_index_l": {
      "name": "metacarpal_index_l",
      "local": {
        "location": {
          "x": 0.0,
          "y": 0.0,
          "z": 0.0
        },
        "rotation_quaternion": {
          "w": 0.9996890425682068,
          "x": -0.021025191992521286,
          "y": 0.005366926081478596,
          "z": -0.01229182630777359
        },
        "scale": {
          "x": 1.0,
          "y": 1.0,
          "z": 1.0
        },
        "matrix_basis": [
          [
            0.9996402263641357,
            0.024350326508283615,
            0.011247389949858189,
            0.0
          ],
          [
            -0.024801690131425858,
            0.9988136887550354,
            0.041905369609594345,
            0.0
          ],
          [
            -0.01021363865584135,
            -0.042169246822595596,
            0.9990582466125488,
            0.0
          ],
          [
            0.0,
            0.0,
            0.0,
            1.0
          ]
        ],
        "rotation_mode": "QUATERNION"
      },
      "armature_space": {
        "head": {
          "x": 0.39102843403816223,
          "y": -0.5498884320259094,
          "z": 0.3865974545478821
        },
        "tail": {
          "x": 0.35703399777412415,
          "y": -0.6492353677749634,
          "z": 0.3345990777015686
        }
      },
      "world_space": {
        "head": {
          "x": 0.39102843403816223,
          "y": -0.486644446849823,
          "z": 1.336451530456543
        },
        "tail": {
          "x": 0.35703399777412415,
          "y": -0.585991382598877,
          "z": 1.2844531536102295
        },
        "rotation_quaternion": {
          "w": 0.24661821126937866,
          "x": -0.9548805952072144,
          "y": 0.1234598159790039,
          "z": 0.11018256098031998
        },
        "matrix": [
          [
            0.945235013961792,
            -0.29012492299079895,
            -0.14952684938907623,
            0.39102843403816223
          ],
          [
            -0.18143320083618164,
            -0.8478745222091675,
            0.4981876611709595,
            -0.486644446849823
          ],
          [
            -0.2713187336921692,
            -0.44377923011779785,
            -0.8540844321250916,
            1.336451530456543
          ],
          [
            0.0,
            0.0,
            0.0,
            1.0
          ]
        ]
      },
      "bone_length_armature_space": 0.11717195457426417,
      "parent": "lowerarm_l",
      "has_children": true,
      "is_end_bone": false
    },
    "index_01_l": {
      "name": "index_01_l",
      "local": {
        "location": {
          "x": 0.0,
          "y": 0.0,
          "z": 0.0
        },
        "rotation_quaternion": {
          "w": 0.9982854127883911,
          "x": -0.057436078786849976,
          "y": -0.002293928526341915,
          "z": -0.011052987538278103
        },
        "scale": {
          "x": 1.0,
          "y": 1.0,
          "z": 1.0
        },
        "matrix_basis": [
          [
            0.9997451305389404,
            0.02233158051967621,
            -0.0033103101886808872,
            0.0
          ],
          [
            -0.0218045637011528,
            0.9931578636169434,
            0.11472591012716293,
            0.0
          ],
          [
            0.005849671084433794,
            -0.1146244928240776,
            0.9933916926383972,
            0.0
          ],
          [
            0.0,
            0.0,
            0.0,
            1.0
          ]
        ],
        "rotation_mode": "QUATERNION"
      },
      "armature_space": {
        "head": {
          "x": 0.35703399777412415,
          "y": -0.6492353677749634,
          "z": 0.3345990777015686
        },
        "tail": {
          "x": 0.36022475361824036,
          "y": -0.6763672232627869,
          "z": 0.3264288604259491
        }
      },
      "world_space": {
        "head": {
          "x": 0.35703399777412415,
          "y": -0.585991382598877,
          "z": 1.2844531536102295
        },
        "tail": {
          "x": 0.36022475361824036,
          "y": -0.6131232380867004,
          "z": 1.2762829065322876
        },
        "rotation_quaternion": {
          "w": 0.14174753427505493,
          "x": -0.9863510727882385,
          "y": -0.06442167609930038,
          "z": 0.053563885390758514
        },
        "matrix": [
          [
            0.9859615564346313,
            0.11189968883991241,
            -0.12392892688512802,
            0.35703399777412415
          ],
          [
            0.14226996898651123,
            -0.951515257358551,
            0.2727237939834595,
            -0.585991382598877
          ],
          [
            -0.08740301430225372,
            -0.2865294814109802,
            -0.9540836811065674,
            1.2844531536102295
          ],
          [
            0.0,
            0.0,
            0.0,
            1.0
          ]
        ]
      },
      "bone_length_armature_space": 0.028514398727352553,
      "parent": "metacarpal_index_l",
      "has_children": true,
      "is_end_bone": false
    },
    "index_02_l": {
      "name": "index_02_l",
      "local": {
        "location": {
          "x": 0.0,
          "y": 0.0,
          "z": 0.0
        },
        "rotation_quaternion": {
          "w": 0.9837932586669922,
          "x": 0.17918314039707184,
          "y": 0.003696098458021879,
          "z": 0.005539718549698591
        },
        "scale": {
          "x": 1.0,
          "y": 1.0,
          "z": 1.0
        },
        "matrix_basis": [
          [
            0.9999113082885742,
            -0.009575318545103073,
            0.00925764162093401,
            0.0
          ],
          [
            0.01222443301230669,
            0.9357254505157471,
            -0.35251736640930176,
            0.0
          ],
          [
            -0.005287145264446735,
            0.35259929299354553,
            0.9357594847679138,
            0.0
          ],
          [
            0.0,
            0.0,
            0.0,
            1.0
          ]
        ],
        "rotation_mode": "QUATERNION"
      },
      "armature_space": {
        "head": {
          "x": 0.36022451519966125,
          "y": -0.6763675808906555,
          "z": 0.32642847299575806
        },
        "tail": {
          "x": 0.3618483543395996,
          "y": -0.6972872614860535,
          "z": 0.31166961789131165
        }
      },
      "world_space": {
        "head": {
          "x": 0.36022451519966125,
          "y": -0.6131235957145691,
          "z": 1.276282548904419
        },
        "tail": {
          "x": 0.3618483543395996,
          "y": -0.634043276309967,
          "z": 1.2615236043930054
        },
        "rotation_quaternion": {
          "w": 0.2972108721733093,
          "x": -0.9481629729270935,
          "y": -0.06266190856695175,
          "z": 0.09341426938772202
        },
        "matrix": [
          [
            0.974694550037384,
            0.0632999986410141,
            -0.2143915295600891,
            0.36022451519966125
          ],
          [
            0.17435498535633087,
            -0.8154788017272949,
            0.5519012212753296,
            -0.6131235957145691
          ],
          [
            -0.1398971825838089,
            -0.5753201246261597,
            -0.8058844208717346,
            1.276282548904419
          ],
          [
            0.0,
            0.0,
            0.0,
            1.0
          ]
        ]
      },
      "bone_length_armature_space": 0.02565333715554006,
      "parent": "index_01_l",
      "has_children": true,
      "is_end_bone": false
    },
    "index_03_l": {
      "name": "index_03_l",
      "local": {
        "location": {
          "x": 0.0,
          "y": 0.0,
          "z": 0.0
        },
        "rotation_quaternion": {
          "w": 0.979110836982727,
          "x": 0.2030705362558365,
          "y": -0.009325963445007801,
          "z": 0.004179597832262516
        },
        "scale": {
          "x": 1.0,
          "y": 1.0,
          "z": 1.0
        },
        "matrix_basis": [
          [
            0.9997910857200623,
            -0.011972235515713692,
            -0.01656479761004448,
            0.0
          ],
          [
            0.004396922420710325,
            0.917489767074585,
            -0.3977350890636444,
            0.0
          ],
          [
            0.019959809258580208,
            0.397579163312912,
            0.9173507690429688,
            0.0
          ],
          [
            0.0,
            0.0,
            0.0,
            1.0
          ]
        ],
        "rotation_mode": "QUATERNION"
      },
      "armature_space": {
        "head": {
          "x": 0.361848384141922,
          "y": -0.6972873210906982,
          "z": 0.3116697669029236
        },
        "tail": {
          "x": 0.3632703721523285,
          "y": -0.7099188566207886,
          "z": 0.28536075353622437
        }
      },
      "world_space": {
        "head": {
          "x": 0.361848384141922,
          "y": -0.6340433359146118,
          "z": 1.261523723602295
        },
        "tail": {
          "x": 0.3632703721523285,
          "y": -0.6466748714447021,
          "z": 1.2352147102355957
        },
        "rotation_quaternion": {
          "w": 0.5272231698036194,
          "x": -0.8428001999855042,
          "y": -0.07668853551149368,
          "z": 0.0764373391866684
        },
        "matrix": [
          [
            0.976552426815033,
            0.04866725951433182,
            -0.20970673859119415,
            0.361848384141922
          ],
          [
            0.20986540615558624,
            -0.4323098659515381,
            0.8769634962081909,
            -0.6340433359146118
          ],
          [
            -0.04797898232936859,
            -0.900417685508728,
            -0.4323888421058655,
            1.261523723602295
          ],
          [
            0.0,
            0.0,
            0.0,
            1.0
          ]
        ]
      },
      "bone_length_armature_space": 0.02921886245283836,
      "parent": "index_02_l",
      "has_children": false,
      "is_end_bone": true
    },
    "metacarpal_pinky_l": {
      "name": "metacarpal_pinky_l",
      "local": {
        "location": {
          "x": 0.0,
          "y": 0.0,
          "z": 0.0
        },
        "rotation_quaternion": {
          "w": 0.9986891746520996,
          "x": -0.04822007194161415,
          "y": 0.013211310841143131,
          "z": 0.010966429486870766
        },
        "scale": {
          "x": 1.0,
          "y": 1.0,
          "z": 1.0
        },
        "matrix_basis": [
          [
            0.9994103908538818,
            -0.023178208619356155,
            0.025330381467938423,
            0.0
          ],
          [
            0.020630007609725,
            0.9951091408729553,
            0.09660349041223526,
            0.0
          ],
          [
            -0.027445590123534203,
            -0.09602396935224533,
            0.9950006008148193,
            0.0
          ],
          [
            0.0,
            0.0,
            0.0,
            1.0
          ]
        ],
        "rotation_mode": "QUATERNION"
      },
      "armature_space": {
        "head": {
          "x": 0.39102843403816223,
          "y": -0.5498884320259094,
          "z": 0.3865974545478821
        },
        "tail": {
          "x": 0.42145460844039917,
          "y": -0.6456909775733948,
          "z": 0.35940635204315186
        }
      },
      "world_space": {
        "head": {
          "x": 0.39102843403816223,
          "y": -0.486644446849823,
          "z": 1.336451530456543
        },
        "tail": {
          "x": 0.42145460844039917,
          "y": -0.5824469923973083,
          "z": 1.309260368347168
        },
        "rotation_quaternion": {
          "w": 0.08921623975038528,
          "x": 0.36255791783332825,
          "y": 0.17896907031536102,
          "z": -0.9102539420127869
        },
        "matrix": [
          [
            -0.7211847901344299,
            0.29219192266464233,
            -0.6281054615974426,
            0.39102843403816223
          ],
          [
            -0.032646216452121735,
            -0.9200214147567749,
            -0.3905061185359955,
            -0.486644446849823
          ],
          [
            -0.6919780373573303,
            -0.26112455129623413,
            0.673048734664917,
            1.336451530456543
          ],
          [
            0.0,
            0.0,
            0.0,
            1.0
          ]
        ]
      },
      "bone_length_armature_space": 0.1041308610939928,
      "parent": "lowerarm_l",
      "has_children": true,
      "is_end_bone": false
    },
    "pinky_01_l": {
      "name": "pinky_01_l",
      "local": {
        "location": {
          "x": 0.0,
          "y": 0.0,
          "z": 0.0
        },
        "rotation_quaternion": {
          "w": 0.9998740553855896,
          "x": 0.015297587029635906,
          "y": 0.002097784774377942,
          "z": 0.0036829086020588875
        },
        "scale": {
          "x": 1.0,
          "y": 1.0,
          "z": 1.0
        },
        "matrix_basis": [
          [
            0.9999640583992004,
            -0.007300707511603832,
            0.004307720344513655,
            0.0
          ],
          [
            0.007429071702063084,
            0.9995048642158508,
            -0.030575869604945183,
            0.0
          ],
          [
            -0.004082361701875925,
            0.030606772750616074,
            0.9995231628417969,
            0.0
          ],
          [
            0.0,
            0.0,
            0.0,
            1.0
          ]
        ],
        "rotation_mode": "QUATERNION"
      },
      "armature_space": {
        "head": {
          "x": 0.42145460844039917,
          "y": -0.6456909775733948,
          "z": 0.35940635204315186
        },
