{
  "metadata": {
    "armature_name": "KIM_caucasian_male",
    "export_time": "2026-01-13T21:05:39.657110",
    "blender_version": "4.4.1",
    "bone_count": 56,
    "end_bone_count": 13,
    "spaces_included": [
      "LOCAL_CHANNELS",
      "ARMATURE_SPACE",
      "WORLD_SPACE"
    ],
    "note": "LOCAL matches Transform panel; replay pose via local.matrix_basis for best fidelity."
  },
  "bones": {
    "Root": {
      "name": "Root",
      "local": {
        "location": {
          "x": 0.0,
          "y": 0.0,
          "z": 0.0
        },
        "rotation_quaternion": {
          "w": 0.9995641708374023,
          "x": 0.0010991088347509503,
          "y": 0.01748553104698658,
          "z": -0.023761844262480736
        },
        "scale": {
          "x": 1.0,
          "y": 1.0,
          "z": 1.0
        },
        "matrix_basis": [
          [
            0.9982592463493347,
            0.04754141345620155,
            0.03490358591079712,
            0.0
          ],
          [
            -0.04746453836560249,
            0.9988683462142944,
            -0.003028236562386155,
            0.0
          ],
          [
            -0.03500805422663689,
            0.0013662826968356967,
            0.9993860721588135,
            0.0
          ],
          [
            0.0,
            0.0,
            0.0,
            1.0
          ]
        ],
        "rotation_mode": "QUATERNION"
      },
      "armature_space": {
        "head": {
          "x": 0.0,
          "y": 0.07072800397872925,
          "z": -0.009595036506652832
        },
        "tail": {
          "x": 0.0033933096565306187,
          "y": 6.693601608276367e-05,
          "z": -0.00010749325156211853
        }
      },
      "world_space": {
        "head": {
          "x": 0.0,
          "y": 0.13397200405597687,
          "z": 0.9402589797973633
        },
        "tail": {
          "x": 0.0033933096565306187,
          "y": 0.06331093609333038,
          "z": 0.9497465491294861
        },
        "rotation_quaternion": {
          "w": 0.06624168157577515,
          "x": 0.9973673820495605,
          "y": 0.02488582767546177,
          "z": 0.015845023095607758
        },
        "matrix": [
          [
            0.9982592463493347,
            0.04754141345620155,
            0.03490358591079712,
            0.0
          ],
          [
            0.05173983424901962,
            -0.9899854063987732,
            -0.13134640455245972,
            0.13397200405597687
          ],
          [
            0.028309892863035202,
            0.1329236775636673,
            -0.9907289147377014,
            0.9402589797973633
          ],
          [
            0.0,
            0.0,
            0.0,
            1.0
          ]
        ]
      },
      "bone_length_armature_space": 0.07137586840370112,
      "parent": null,
      "has_children": true,
      "is_end_bone": false
    },
    "spine_01": {
      "name": "spine_01",
      "local": {
        "location": {
          "x": 0.0,
          "y": 0.0,
          "z": 0.0
        },
        "rotation_quaternion": {
          "w": 0.9978271722793579,
          "x": -0.0055107055231928825,
          "y": 0.044696468859910965,
          "z": -0.04809226095676422
        },
        "scale": {
          "x": 1.0,
          "y": 1.0,
          "z": 1.0
        },
        "matrix_basis": [
          [
            0.9913787245750427,
            0.09548290818929672,
            0.08972875028848648,
            0.0
          ],
          [
            -0.09646815061569214,
            0.9953135251998901,
            0.006698355078697205,
            0.0
          ],
          [
            -0.08866865932941437,
            -0.015296571888029575,
            0.9959437251091003,
            0.0
          ],
          [
            0.0,
            0.0,
            0.0,
            1.0
          ]
        ],
        "rotation_mode": "QUATERNION"
      },
      "armature_space": {
        "head": {
          "x": 0.0033933096565306187,
          "y": 6.693601608276367e-05,
          "z": -0.00010749325156211853
        },
        "tail": {
          "x": 0.034675441682338715,
          "y": 0.031175021082162857,
          "z": 0.4858989715576172
        }
      },
      "world_space": {
        "head": {
          "x": 0.0033933096565306187,
          "y": 0.06331093609333038,
          "z": 0.9497465491294861
        },
        "tail": {
          "x": 0.034675441682338715,
          "y": 0.09441901743412018,
          "z": 1.4357529878616333
        },
        "rotation_quaternion": {
          "w": 0.7256339192390442,
          "x": 0.6837555170059204,
          "y": 0.0729944035410881,
          "z": 0.02461163140833378
        },
        "matrix": [
          [
            0.9881322383880615,
            0.06410256773233414,
            0.13959066569805145,
            0.0033933096565306187
          ],
          [
            0.135538250207901,
            0.06374591588973999,
            -0.9887192845344543,
            0.06331093609333038
          ],
          [
            -0.07227817177772522,
            0.9959123730659485,
            0.054300546646118164,
            0.9497465491294861
          ],
          [
            0.0,
            0.0,
            0.0,
            1.0
          ]
        ]
      },
      "bone_length_armature_space": 0.48800468170114725,
      "parent": "Root",
      "has_children": true,
      "is_end_bone": false
    },
    "neck_01": {
      "name": "neck_01",
      "local": {
        "location": {
          "x": 0.0,
          "y": 0.0,
          "z": 0.0
        },
        "rotation_quaternion": {
          "w": 0.9892652034759521,
          "x": 0.015433913096785545,
          "y": 0.00737188383936882,
          "z": 0.145127534866333
        },
        "scale": {
          "x": 1.0,
          "y": 1.0,
          "z": 1.0
        },
        "matrix_basis": [
          [
            0.9577673077583313,
            -0.2869116961956024,
            0.019065268337726593,
            0.0
          ],
          [
            0.2873668074607849,
            0.9573996067047119,
            -0.028396740555763245,
            0.0
          ],
          [
            -0.010105724446475506,
            0.03267619386315346,
            0.9994149208068848,
            0.0
          ],
          [
            0.0,
            0.0,
            0.0,
            1.0
          ]
        ],
        "rotation_mode": "QUATERNION"
      },
      "armature_space": {
        "head": {
          "x": 0.044210001826286316,
          "y": 0.001553177833557129,
          "z": 0.560701310634613
        },
        "tail": {
          "x": 0.026509759947657585,
          "y": -0.03661157935857773,
          "z": 0.6541940569877625
        }
      },
      "world_space": {
        "head": {
          "x": 0.044210001826286316,
          "y": 0.06479717791080475,
          "z": 1.5105552673339844
        },
        "tail": {
          "x": 0.026509759947657585,
          "y": 0.02663242071866989,
          "z": 1.6040480136871338
        },
        "rotation_quaternion": {
          "w": 0.5589315891265869,
          "x": 0.8224970102310181,
          "y": -0.038269639015197754,
          "z": 0.0981299951672554
        },
        "matrix": [
          [
            0.9778119921684265,
            -0.1726493537425995,
            0.11864214390516281,
            0.044210001826286316
          ],
          [
            0.04674170911312103,
            -0.3722616136074066,
            -0.9269502758979797,
            0.06479717791080475
          ],
          [
            0.2042047083377838,
            0.9119346141815186,
            -0.35593530535697937,
            1.5105552673339844
          ],
          [
            0.0,
            0.0,
            0.0,
            1.0
          ]
        ]
      },
      "bone_length_armature_space": 0.10252190415123902,
      "parent": "spine_01",
      "has_children": true,
      "is_end_bone": false
    },
    "head": {
      "name": "head",
      "local": {
        "location": {
          "x": 0.0,
          "y": 0.0,
          "z": 0.0
        },
        "rotation_quaternion": {
          "w": 0.9888619184494019,
          "x": 0.03107248619198799,
          "y": 0.033610351383686066,
          "z": -0.14162354171276093
        },
        "scale": {
          "x": 1.0,
          "y": 1.0,
          "z": 1.0
        },
        "matrix_basis": [
          [
            0.957626223564148,
            0.2821809649467468,
            0.057670801877975464,
            0.0
          ],
          [
            -0.2780035436153412,
            0.9579545259475708,
            -0.07097283005714417,
            0.0
          ],
          [
            -0.07527318596839905,
            0.05193276330828667,
            0.9958096742630005,
            0.0
          ],
          [
            0.0,
            0.0,
            0.0,
            1.0
          ]
        ],
        "rotation_mode": "QUATERNION"
      },
      "armature_space": {
        "head": {
          "x": 0.026509789749979973,
          "y": -0.03661169856786728,
          "z": 0.6541939377784729
        },
        "tail": {
          "x": 0.03928803652524948,
          "y": -0.044530339539051056,
          "z": 0.8085549473762512
        }
      },
      "world_space": {
        "head": {
          "x": 0.026509789749979973,
          "y": 0.02663230150938034,
          "z": 1.6040480136871338
        },
        "tail": {
          "x": 0.03928803652524948,
          "y": 0.018713660538196564,
          "z": 1.758409023284912
        },
        "rotation_quaternion": {
          "w": 0.6852573156356812,
          "x": 0.7248013615608215,
          "y": 0.06995057314634323,
          "z": 0.013869400136172771
        },
        "matrix": [
          [
            0.9898291230201721,
            0.08239235728979111,
            0.11597400903701782,
            0.026509789749979973
          ],
          [
            0.12040930986404419,
            -0.05105830356478691,
            -0.9914105534553528,
            0.02663230150938034
          ],
          [
            -0.0757637619972229,
            0.9952983260154724,
            -0.06046111136674881,
            1.6040480136871338
          ],
          [
            0.0,
            0.0,
            0.0,
            1.0
          ]
        ]
      },
      "bone_length_armature_space": 0.15509129663360346,
      "parent": "neck_01",
      "has_children": false,
      "is_end_bone": true
    },
    "upperarm_l": {
      "name": "upperarm_l",
      "local": {
        "location": {
          "x": 0.0,
          "y": 0.0,
          "z": 0.0
        },
        "rotation_quaternion": {
          "w": 0.9964222311973572,
          "x": -0.02735825628042221,
          "y": 0.015867872163653374,
          "z": 0.07837527245283127
        },
        "scale": {
          "x": 1.0,
          "y": 1.0,
          "z": 1.0
        },
        "matrix_basis": [
          [
            0.9872110486030579,
            -0.1570579558610916,
            0.027333779260516167,
            0.0
          ],
          [
            0.15532149374485016,
            0.9862176775932312,
            0.057008046656847,
            0.0
          ],
          [
            -0.03591062128543854,
            -0.052033450454473495,
            0.9979994893074036,
            0.0
          ],
          [
            0.0,
            0.0,
            0.0,
            1.0
          ]
        ],
        "rotation_mode": "QUATERNION"
      },
      "armature_space": {
        "head": {
          "x": 0.18856681883335114,
          "y": 0.014446545392274857,
          "z": 0.48309969902038574
        },
        "tail": {
          "x": 0.44896215200424194,
          "y": 0.07562695443630219,
          "z": 0.4991883337497711
        }
      },
      "world_space": {
        "head": {
          "x": 0.18856681883335114,
          "y": 0.07769054174423218,
          "z": 1.4329537153244019
        },
        "tail": {
          "x": 0.44896215200424194,
          "y": 0.1388709545135498,
          "z": 1.4490423202514648
        },
        "rotation_quaternion": {
          "w": 0.5655561089515686,
          "x": 0.45682018995285034,
          "y": 0.5424963235855103,
          "z": -0.4209030270576477
        },
        "matrix": [
          [
            0.057077281177043915,
            0.9717352390289307,
            0.22906938195228577,
            0.18856681883335114
          ],
          [
            0.019557321444153786,
            0.22831115126609802,
            -0.9733918309211731,
            0.07769054174423218
          ],
          [
            -0.9981852769851685,
            0.060039110481739044,
            -0.005974071100354195,
            1.4329537153244019
          ],
          [
            0.0,
            0.0,
            0.0,
            1.0
          ]
        ]
      },
      "bone_length_armature_space": 0.267969445831192,
      "parent": "spine_01",
      "has_children": true,
      "is_end_bone": false
    },
    "lowerarm_l": {
      "name": "lowerarm_l",
      "local": {
        "location": {
          "x": 0.0,
          "y": 0.0,
          "z": 0.0
        },
        "rotation_quaternion": {
          "w": 0.9748709797859192,
          "x": 0.13716615736484528,
          "y": 0.023950830101966858,
          "z": -0.17389242351055145
        },
        "scale": {
          "x": 1.0,
          "y": 1.0,
          "z": 1.0
        },
        "matrix_basis": [
          [
            0.9383755922317505,
            0.34561583399772644,
            -0.0010063726222142577,
            0.0
          ],
          [
            -0.33247485756874084,
            0.9018937349319458,
            -0.27576833963394165,
            0.0
          ],
          [
            -0.0944022461771965,
            0.25910887122154236,
            0.9612236022949219,
            0.0
          ],
          [
            0.0,
            0.0,
            0.0,
            1.0
          ]
        ],
        "rotation_mode": "QUATERNION"
      },
      "armature_space": {
        "head": {
          "x": 0.4489622712135315,
          "y": 0.0756269171833992,
          "z": 0.49918848276138306
        },
        "tail": {
          "x": 0.7064712643623352,
          "y": 0.024246696382761,
          "z": 0.448016494512558
        }
      },
      "world_space": {
        "head": {
          "x": 0.4489622712135315,
          "y": 0.13887092471122742,
          "z": 1.449042558670044
        },
        "tail": {
          "x": 0.7064712643623352,
          "y": 0.08749069273471832,
          "z": 1.3978705406188965
        },
        "rotation_quaternion": {
          "w": 0.4146302044391632,
          "x": 0.47574520111083984,
          "y": 0.4817191958427429,
          "z": -0.6080254912376404
        },
        "matrix": [
          [
            -0.20349662005901337,
            0.9625623226165771,
            -0.1790604293346405,
            0.4489622712135315
          ],
          [
            -0.04586189240217209,
            -0.1920580118894577,
            -0.9803114533424377,
            0.13887092471122742
          ],
          [
            -0.9780079126358032,
            -0.19127964973449707,
            0.08322784304618835,
            1.449042558670044
          ],
          [
            0.0,
            0.0,
            0.0,
            1.0
          ]
        ]
      },
      "bone_length_armature_space": 0.2675245450665342,
      "parent": "upperarm_l",
      "has_children": true,
      "is_end_bone": false
    },
    "metacarpal_thumb_l": {
      "name": "metacarpal_thumb_l",
      "local": {
        "location": {
          "x": 0.0,
          "y": 0.0,
          "z": 0.0
        },
        "rotation_quaternion": {
          "w": 0.9997779130935669,
          "x": 0.0007889885455369949,
          "y": -0.011968186125159264,
          "z": -0.01732899621129036
        },
        "scale": {
          "x": 1.0,
          "y": 1.0,
          "z": 1.0
        },
        "matrix_basis": [
          [
            0.9991129636764526,
            0.034631408751010895,
            -0.023958401754498482,
            0.0
          ],
          [
            -0.034669179469347,
            0.9993981719017029,
            -0.0011628333013504744,
            0.0
          ],
          [
            0.023903710767626762,
            0.0019924200605601072,
            0.9997122883796692,
            0.0
          ],
          [
            0.0,
            0.0,
            0.0,
            1.0
          ]
        ],
        "rotation_mode": "QUATERNION"
      },
      "armature_space": {
        "head": {
          "x": 0.7064712643623352,
          "y": 0.024246696382761,
          "z": 0.448016494512558
        },
        "tail": {
          "x": 0.7381265163421631,
          "y": -0.011030957102775574,
          "z": 0.4336283504962921
        }
      },
      "world_space": {
        "head": {
          "x": 0.7064712643623352,
          "y": 0.08749069273471832,
          "z": 1.3978705406188965
        },
        "tail": {
          "x": 0.7381265163421631,
          "y": 0.052213042974472046,
          "z": 1.3834823369979858
        },
        "rotation_quaternion": {
          "w": 0.08742158859968185,
          "x": -0.9078871011734009,
          "y": -0.36913374066352844,
          "z": 0.17843449115753174
        },
        "matrix": [
          [
            0.6638022661209106,
            0.6390657424926758,
            -0.38853728771209717,
            0.7064712643623352
          ],
          [
            0.701461672782898,
            -0.7121954560279846,
            0.027003977447748184,
            0.08749069273471832
          ],
          [
            -0.2594584822654724,
            -0.2904720604419708,
            -0.9210436940193176,
            1.3978705406188965
          ],
          [
            0.0,
            0.0,
            0.0,
            1.0
          ]
        ]
      },
      "bone_length_armature_space": 0.04953369108285904,
      "parent": "lowerarm_l",
      "has_children": true,
      "is_end_bone": false
    },
    "thumb_01_l": {
      "name": "thumb_01_l",
      "local": {
        "location": {
          "x": 0.0,
          "y": 0.0,
          "z": 0.0
        },
        "rotation_quaternion": {
          "w": 0.9997040033340454,
          "x": -0.013501683250069618,
          "y": 0.013911981135606766,
          "z": -0.01470114104449749
        },
        "scale": {
          "x": 1.0,
          "y": 1.0,
          "z": 1.0
        },
        "matrix_basis": [
          [
            0.9991806745529175,
            0.02901790849864483,
            0.028212707489728928,
            0.0
          ],
          [
            -0.029769249260425568,
            0.9992031455039978,
            0.02658632956445217,
            0.0
          ],
          [
            -0.027418745681643486,
            -0.0274044182151556,
            0.9992483258247375,
            0.0
          ],
          [
            0.0,
            0.0,
            0.0,
            1.0
          ]
        ],
        "rotation_mode": "QUATERNION"
      },
      "armature_space": {
        "head": {
          "x": 0.7381265163421631,
          "y": -0.011030957102775574,
          "z": 0.4336283504962921
        },
        "tail": {
          "x": 0.7400364875793457,
          "y": -0.03037039190530777,
          "z": 0.40568241477012634
        }
      },
      "world_space": {
        "head": {
          "x": 0.7381265163421631,
          "y": 0.052213042974472046,
          "z": 1.3834823369979858
        },
        "tail": {
          "x": 0.7400364875793457,
          "y": 0.03287360817193985,
          "z": 1.3555364608764648
        },
        "rotation_quaternion": {
          "w": 0.4388633072376251,
          "x": -0.8145143985748291,
          "y": 0.15270350873470306,
          "z": -0.34734275937080383
        },
        "matrix": [
          [
            0.7120697498321533,
            0.05611255764961243,
            0.6998625993728638,
            0.7381265163421631
          ],
          [
            -0.5536297559738159,
            -0.5681622624397278,
            0.6088398098945618,
            0.052213042974472046
          ],
          [
            0.43180155754089355,
            -0.8210076093673706,
            -0.37350785732269287,
            1.3834823369979858
          ],
          [
            0.0,
            0.0,
            0.0,
            1.0
          ]
        ]
      },
      "bone_length_armature_space": 0.034038758091517005,
      "parent": "metacarpal_thumb_l",
      "has_children": true,
      "is_end_bone": false
    },
    "thumb_02_l": {
      "name": "thumb_02_l",
      "local": {
        "location": {
          "x": 0.0,
          "y": 0.0,
          "z": 0.0
        },
        "rotation_quaternion": {
          "w": 0.9966005086898804,
          "x": 0.08189433813095093,
          "y": 0.008888616226613522,
          "z": -0.001316148554906249
        },
        "scale": {
          "x": 1.0,
          "y": 1.0,
          "z": 1.0
        },
        "matrix_basis": [
          [
            0.9998385310173035,
            0.004079203121364117,
            0.0175012294203043,
            0.0
          ],
          [
            -0.0011674939887598157,
            0.9865831732749939,
            -0.16325527429580688,
            0.0
          ],
          [
            -0.01793236844241619,
            0.1632084846496582,
            0.9864286184310913,
            0.0
          ],
          [
            0.0,
            0.0,
            0.0,
            1.0
          ]
        ],
        "rotation_mode": "QUATERNION"
      },
      "armature_space": {
        "head": {
          "x": 0.7400364279747009,
          "y": -0.03037039190530777,
          "z": 0.40568244457244873
        },
        "tail": {
          "x": 0.7785018682479858,
          "y": -0.03691139817237854,
          "z": 0.3961533308029175
        }
      },
      "world_space": {
        "head": {
          "x": 0.7400364279747009,
          "y": 0.03287360817193985,
          "z": 1.3555364608764648
        },
        "tail": {
          "x": 0.7785018682479858,
          "y": 0.02633260190486908,
          "z": 1.3460073471069336
        },
        "rotation_quaternion": {
          "w": 0.6318243741989136,
          "x": -0.33827751874923706,
          "y": -0.1391710788011551,
          "z": -0.6833723783493042
        },
        "matrix": [
          [
            0.02726883441209793,
            0.9577001333236694,
            0.28647229075431824,
            0.7400364279747009
          ],
          [
            -0.7693848013877869,
            -0.1628558337688446,
            0.6176773309707642,
            0.03287360817193985
          ],
          [
            0.6382072567939758,
            -0.23725272715091705,
            0.7324047088623047,
            1.3555364608764648
          ],
          [
            0.0,
            0.0,
            0.0,
            1.0
          ]
        ]
      },
      "bone_length_armature_space": 0.040164397800483295,
      "parent": "thumb_01_l",
      "has_children": true,
      "is_end_bone": false
    },
    "thumb_03_l": {
      "name": "thumb_03_l",
      "local": {
        "location": {
          "x": 0.0,
          "y": 0.0,
          "z": 0.0
        },
        "rotation_quaternion": {
          "w": 0.9960042238235474,
          "x": 0.08869075030088425,
          "y": -0.009984457865357399,
          "z": 0.003164090448990464
        },
        "scale": {
          "x": 1.0,
          "y": 1.0,
          "z": 1.0
        },
        "matrix_basis": [
          [
            0.9997805953025818,
            -0.008073952980339527,
            -0.01932787336409092,
            0.0
          ],
          [
            0.004531836602836847,
            0.9842478632926941,
            -0.17673590779304504,
            0.0
          ],
          [
            0.020450375974178314,
            0.17660954594612122,
            0.9840685129165649,
            0.0
          ],
          [
            0.0,
            0.0,
            0.0,
            1.0
          ]
        ],
        "rotation_mode": "QUATERNION"
      },
      "armature_space": {
        "head": {
          "x": 0.7785018682479858,
          "y": -0.03691147267818451,
          "z": 0.3961533308029175
        },
        "tail": {
          "x": 0.8083481788635254,
          "y": -0.031018570065498352,
          "z": 0.3973204791545868
        }
      },
      "world_space": {
        "head": {
          "x": 0.7785018682479858,
          "y": 0.02633252739906311,
          "z": 1.3460073471069336
        },
        "tail": {
          "x": 0.8083481788635254,
          "y": 0.03222543001174927,
          "z": 1.3471745252609253
        },
        "rotation_quaternion": {
          "w": 0.7620270848274231,
          "x": -0.07972583919763565,
          "y": -0.1268656849861145,
          "z": -0.6299712061882019
        },
        "matrix": [
          [
            0.17408238351345062,
            0.9803389310836792,
            -0.09289893507957458,
            0.7785018682479858
          ],
          [
            -0.9398811459541321,
            0.1935596764087677,
            0.28135088086128235,
            0.02633252739906311
          ],
          [
            0.29380205273628235,
            0.03833605349063873,
            0.955104649066925,
            1.3460073471069336
          ],
          [
            0.0,
            0.0,
            0.0,
            1.0
          ]
        ]
      },
      "bone_length_armature_space": 0.03044488100293685,
      "parent": "thumb_02_l",
      "has_children": false,
      "is_end_bone": true
    },
    "metacarpal_index_l": {
      "name": "metacarpal_index_l",
      "local": {
        "location": {
          "x": 0.0,
          "y": 0.0,
          "z": 0.0
        },
        "rotation_quaternion": {
          "w": 0.99977046251297,
          "x": 0.019818095490336418,
          "y": 0.004095654468983412,
          "z": 0.007041259668767452
        },
        "scale": {
          "x": 1.0,
          "y": 1.0,
          "z": 1.0
        },
        "matrix_basis": [
          [
            0.99986732006073,
            -0.013916950672864914,
            0.00846851710230112,
            0.0
          ],
          [
            0.014241622760891914,
            0.9991153478622437,
            -0.039569415152072906,
            0.0
          ],
          [
            -0.007910340093076229,
            0.03968476876616478,
            0.9991809129714966,
            0.0
          ],
          [
            0.0,
            0.0,
            0.0,
            1.0
          ]
        ],
        "rotation_mode": "QUATERNION"
      },
      "armature_space": {
        "head": {
          "x": 0.7064712643623352,
          "y": 0.024246696382761,
          "z": 0.448016494512558
        },
        "tail": {
          "x": 0.8034583926200867,
          "y": -0.03602101653814316,
          "z": 0.42173856496810913
        }
      },
      "world_space": {
        "head": {
          "x": 0.7064712643623352,
          "y": 0.08749069273471832,
          "z": 1.3978705406188965
        },
        "tail": {
          "x": 0.8034583926200867,
          "y": 0.02722298353910446,
          "z": 1.3715925216674805
        },
        "rotation_quaternion": {
          "w": 0.08887819945812225,
          "x": 0.7850604057312012,
          "y": 0.48468849062919617,
          "z": -0.3753105401992798
        },
        "matrix": [
          [
            0.24843692779541016,
            0.8277347087860107,
            -0.5031242966651917,
            0.7064712643623352
          ],
          [
            0.6943053007125854,
            -0.5143536925315857,
            -0.5033690929412842,
            0.08749069273471832
          ],
          [
            -0.6754441857337952,
            -0.22426852583885193,
            -0.702490508556366,
            1.3978705406188965
          ],
          [
            0.0,
            0.0,
            0.0,
            1.0
          ]
        ]
      },
      "bone_length_armature_space": 0.11717179709766513,
      "parent": "lowerarm_l",
      "has_children": true,
      "is_end_bone": false
    },
    "index_01_l": {
      "name": "index_01_l",
      "local": {
        "location": {
          "x": 0.0,
          "y": 0.0,
          "z": 0.0
        },
        "rotation_quaternion": {
          "w": 0.99588942527771,
          "x": -0.08876267075538635,
          "y": 0.01624910905957222,
          "z": 0.007835772819817066
        },
        "scale": {
          "x": 1.0,
          "y": 1.0,
          "z": 1.0
        },
        "matrix_basis": [
          [
            0.9993491172790527,
            -0.018491754308342934,
            0.030973583459854126,
            0.0
          ],
          [
            0.012722497805953026,
            0.9841195940971375,
            0.17705026268959045,
            0.0
          ],
          [
            -0.03375567868351936,
            -0.17654095590114594,
            0.9837142825126648,
            0.0
          ],
          [
            0.0,
            0.0,
            0.0,
            1.0
          ]
        ],
        "rotation_mode": "QUATERNION"
      },
      "armature_space": {
        "head": {
          "x": 0.8034583926200867,
          "y": -0.03602101653814316,
          "z": 0.42173856496810913
        },
        "tail": {
          "x": 0.831287145614624,
          "y": -0.038665831089019775,
          "z": 0.41611412167549133
        }
      },
      "world_space": {
        "head": {
          "x": 0.8034583926200867,
          "y": 0.02722298353910446,
          "z": 1.3715925216674805
        },
        "tail": {
          "x": 0.831287145614624,
          "y": 0.024578168988227844,
          "z": 1.365968108177185
        },
        "rotation_quaternion": {
          "w": 0.11659463495016098,
          "x": 0.6882357001304626,
          "y": 0.6633458137512207,
          "z": -0.26964718103408813
        },
        "matrix": [
          [
            -0.025475937873125076,
            0.9759560227394104,
            -0.21647343039512634,
            0.8034583926200867
          ],
          [
            0.8501968383789062,
            -0.09275372326374054,
            -0.5182297229766846,
            0.02722298353910446
          ],
          [
            -0.5258510708808899,
            -0.19724904000759125,
            -0.8273980021476746,
            1.3715925216674805
          ],
          [
            0.0,
            0.0,
            0.0,
            1.0
          ]
        ]
      },
      "bone_length_armature_space": 0.028514362828404062,
      "parent": "metacarpal_index_l",
      "has_children": true,
      "is_end_bone": false
    },
    "index_02_l": {
      "name": "index_02_l",
      "local": {
        "location": {
          "x": 0.0,
          "y": 0.0,
          "z": 0.0
        },
        "rotation_quaternion": {
          "w": 0.9991077184677124,
          "x": 0.041376713663339615,
          "y": -0.0037538798060268164,
          "z": 0.007604978047311306
        },
        "scale": {
          "x": 1.0,
          "y": 1.0,
          "z": 1.0
        },
        "matrix_basis": [
          [
            0.999856173992157,
            -0.015507031232118607,
            -0.006871722638607025,
            0.0
          ],
          [
            0.014885738492012024,
            0.9964602589607239,
            -0.08273668587207794,
            0.0
          ],
          [
            0.008130398578941822,
            0.08262249082326889,
            0.9965477585792542,
            0.0
          ],
          [
            0.0,
            0.0,
            0.0,
            1.0
          ]
        ],
        "rotation_mode": "QUATERNION"
      },
      "armature_space": {
        "head": {
          "x": 0.8312875032424927,
          "y": -0.03866623342037201,
          "z": 0.4161139130592346
        },
        "tail": {
          "x": 0.8560278415679932,
          "y": -0.04144522175192833,
          "z": 0.4099264442920685
        }
      },
      "world_space": {
        "head": {
          "x": 0.8312875032424927,
          "y": 0.02457776665687561,
          "z": 1.3659679889678955
        },
        "tail": {
          "x": 0.8560278415679932,
          "y": 0.02179877832531929,
          "z": 1.3597804307937622
        },
        "rotation_quaternion": {
          "w": 0.12336182594299316,
          "x": 0.676378071308136,
          "y": 0.6562135219573975,
          "z": -0.3109317123889923
        },
        "matrix": [
          [
            -0.05459081754088402,
            0.9644116759300232,
            -0.2587079703807831,
            0.8312875032424927
          ],
          [
            0.8109814524650574,
            -0.10832882672548294,
            -0.5749555826187134,
            0.02457776665687561
          ],
          [
            -0.5825226902961731,
            -0.2411966174840927,
            -0.776212215423584,
            1.3659679889678955
          ],
          [
            0.0,
            0.0,
            0.0,
            1.0
          ]
        ]
      },
      "bone_length_armature_space": 0.02565330175099336,
      "parent": "index_01_l",
      "has_children": true,
      "is_end_bone": false
    },
    "index_03_l": {
      "name": "index_03_l",
      "local": {
        "location": {
          "x": 0.0,
          "y": 0.0,
          "z": 0.0
        },
        "rotation_quaternion": {
          "w": 0.9997497797012329,
          "x": 0.021209198981523514,
          "y": 0.005391511134803295,
          "z": 0.004644512198865414
        },
        "scale": {
          "x": 1.0,
          "y": 1.0,
          "z": 1.0
        },
        "matrix_basis": [
          [
            0.9998987317085266,
            -0.009058000519871712,
            0.010977337136864662,
            0.0
          ],
          [
            0.009515399113297462,
            0.9990571737289429,
            -0.04235770180821419,
            0.0
          ],
          [
            -0.010583311319351196,
            0.04245786741375923,
            0.9990422129631042,
            0.0
          ],
          [
            0.0,
            0.0,
            0.0,
            1.0
          ]
        ],
        "rotation_mode": "QUATERNION"
      },
      "armature_space": {
        "head": {
          "x": 0.8560278415679932,
          "y": -0.041445158421993256,
          "z": 0.40992656350135803
        },
        "tail": {
          "x": 0.8827391266822815,
          "y": -0.04476729407906532,
          "z": 0.3985598087310791
        }
      },
      "world_space": {
        "head": {
          "x": 0.8560278415679932,
          "y": 0.021798841655254364,
          "z": 1.3597805500030518
        },
        "tail": {
          "x": 0.8827391266822815,
          "y": 0.018476705998182297,
          "z": 1.3484138250350952
        },
        "rotation_quaternion": {
          "w": 0.03888483718037605,
          "x": 0.6683996319770813,
          "y": 0.6645579934120178,
          "z": -0.33180224895477295
        },
        "matrix": [
          [
            -0.1034621000289917,
            0.914185643196106,
            -0.39186739921569824,
            0.8560278415679932
          ],
          [
            0.8625750541687012,
            -0.1136990487575531,
            -0.49298760294914246,
            0.021798841655254364
          ],
          [
            -0.4952396750450134,
            -0.3890235424041748,
            -0.7767960429191589,
            1.3597805500030518
          ],
          [
            0.0,
            0.0,
            0.0,
            1.0
          ]
        ]
      },
      "bone_length_armature_space": 0.029218700133012337,
      "parent": "index_02_l",
      "has_children": false,
      "is_end_bone": true
    },
    "metacarpal_pinky_l": {
      "name": "metacarpal_pinky_l",
      "local": {
        "location": {
          "x": 0.0,
          "y": 0.0,
          "z": 0.0
        },
        "rotation_quaternion": {
          "w": 0.9979443550109863,
          "x": -0.062027912586927414,
          "y": -0.01571051776409149,
          "z": 0.003597815753892064
        },
        "scale": {
          "x": 1.0,
          "y": 1.0,
          "z": 1.0
        },
        "matrix_basis": [
          [
            0.9994804859161377,
            -0.005231858696788549,
            -0.03180277347564697,
            0.0
          ],
          [
            0.009129821322858334,
            0.9922791719436646,
            0.12368776649236679,
            0.0
          ],
          [
            0.03091011568903923,
            -0.12391385436058044,
            0.9918114542961121,
            0.0
          ],
          [
            0.0,
            0.0,
            0.0,
            1.0
          ]
        ],
        "rotation_mode": "QUATERNION"
      },
      "armature_space": {
        "head": {
          "x": 0.7064712643623352,
          "y": 0.024246696382761,
          "z": 0.448016494512558
        },
        "tail": {
          "x": 0.8036890029907227,
          "y": 0.0394621379673481,
          "z": 0.4139513671398163
        }
      },
      "world_space": {
        "head": {
          "x": 0.7064712643623352,
          "y": 0.08749069273471832,
          "z": 1.3978705406188965
        },
        "tail": {
          "x": 0.8036890029907227,
          "y": 0.10270613431930542,
          "z": 1.3638054132461548
        },
        "rotation_quaternion": {
          "w": 0.7320797443389893,
          "x": -0.052017152309417725,
          "y": 0.19266322255134583,
          "z": -0.6513328552246094
        },
        "matrix": [
          [
            0.07729184627532959,
            0.9336119890213013,
            0.3498491048812866,
            0.7064712643623352
          ],
          [
            -0.9736985564231873,
            0.14611861109733582,
            -0.1748160719871521,
            0.08749069273471832
          ],
          [
            -0.2143322080373764,
            -0.3271380066871643,
            0.9203568696975708,
            1.3978705406188965
          ],
          [
            0.0,
            0.0,
            0.0,
            1.0
          ]
        ]
      },
      "bone_length_armature_space": 0.10413083754671808,
      "parent": "lowerarm_l",
      "has_children": true,
      "is_end_bone": false
    },
    "pinky_01_l": {
      "name": "pinky_01_l",
      "local": {
        "location": {
          "x": 0.0,
          "y": 0.0,
          "z": 0.0
        },
        "rotation_quaternion": {
          "w": 0.9627425670623779,
          "x": 0.2694687247276306,
          "y": 0.02083316072821617,
          "z": -0.008901955559849739
        },
        "scale": {
          "x": 1.0,
          "y": 1.0,
          "z": 1.0
        },
        "matrix_basis": [
          [
            0.9989734888076782,
            0.028368353843688965,
            0.0353163443505764,
            0.0
          ],
          [
            -0.005912812426686287,
            0.8546147346496582,
            -0.5192289352416992,
            0.0
          ],
          [
            -0.04491153731942177,
            0.5184870958328247,
            0.853905200958252,
            0.0
          ],
          [
            0.0,
            0.0,
            0.0,
            1.0
          ]
        ],
        "rotation_mode": "QUATERNION"
      },
      "armature_space": {
        "head": {
          "x": 0.8036890029907227,
          "y": 0.0394621379673481,
          "z": 0.4139513671398163
        },
        "tail": {
