{
  "metadata": {
    "armature_name": "KIM_caucasian_male",
    "export_time": "2026-01-13T20:26:30.833032",
    "blender_version": "4.4.1",
    "bone_count": 56,
    "end_bone_count": 13,
    "spaces_included": [
      "LOCAL_CHANNELS",
      "ARMATURE_SPACE",
      "WORLD_SPACE"
    ],
    "note": "LOCAL matches Transform panel; replay pose via local.matrix_basis for best fidelity."
  },
  "bones": {
    "Root": {
      "name": "Root",
      "local": {
        "location": {
          "x": 0.0,
          "y": 0.0,
          "z": 0.0
        },
        "rotation_quaternion": {
          "w": 0.9994994401931763,
          "x": -0.017196204513311386,
          "y": 0.0024398453533649445,
          "z": 0.026442471891641617
        },
        "scale": {
          "x": 1.0,
          "y": 1.0,
          "z": 1.0
        },
        "matrix_basis": [
          [
            0.9985896944999695,
            -0.05294238403439522,
            0.0039678276516497135,
            0.0
          ],
          [
            0.05277455970644951,
            0.9980101585388184,
            0.03450422361493111,
            0.0
          ],
          [
            -0.005786668509244919,
            -0.034246161580085754,
            0.9993966817855835,
            0.0
          ],
          [
            0.0,
            0.0,
            0.0,
            1.0
          ]
        ],
        "rotation_mode": "QUATERNION"
      },
      "armature_space": {
        "head": {
          "x": 0.0,
          "y": 0.07072800397872925,
          "z": -0.009595036506652832
        },
        "tail": {
          "x": -0.0037788087502121925,
          "y": 0.0004693344235420227,
          "z": 0.0024030879139900208
        }
      },
      "world_space": {
        "head": {
          "x": 0.0,
          "y": 0.13397200405597687,
          "z": 0.9402589797973633
        },
        "tail": {
          "x": -0.0037788087502121925,
          "y": 0.06371333450078964,
          "z": 0.9522570967674255
        },
        "rotation_quaternion": {
          "w": 0.08449108153581619,
          "x": 0.9960704445838928,
          "y": -0.02621803805232048,
          "z": 0.0042156800627708435
        },
        "matrix": [
          [
            0.9985896944999695,
            -0.05294238403439522,
            0.0039678276516497135,
            0.0
          ],
          [
            -0.051517631858587265,
            -0.9843477010726929,
            -0.1685396134853363,
            0.13397200405597687
          ],
          [
            0.012828652746975422,
            0.16809776425361633,
            -0.9856939911842346,
            0.9402589797973633
          ],
          [
            0.0,
            0.0,
            0.0,
            1.0
          ]
        ]
      },
      "bone_length_armature_space": 0.07137587163388111,
      "parent": null,
      "has_children": true,
      "is_end_bone": false
    },
    "spine_01": {
      "name": "spine_01",
      "local": {
        "location": {
          "x": 0.0,
          "y": 0.0,
          "z": 0.0
        },
        "rotation_quaternion": {
          "w": 0.9961819648742676,
          "x": 0.06799760460853577,
          "y": -0.053781844675540924,
          "z": -0.010267606936395168
        },
        "scale": {
          "x": 1.0,
          "y": 1.0,
          "z": 1.0
        },
        "matrix_basis": [
          [
            0.9940041899681091,
            0.013142736628651619,
            -0.10854935646057129,
            0.0
          ],
          [
            -0.027770882472395897,
            0.9905418157577515,
            -0.1343715488910675,
            0.0
          ],
          [
            0.10575666278600693,
            0.13658039271831512,
            0.9849676489830017,
            0.0
          ],
          [
            0.0,
            0.0,
            0.0,
            1.0
          ]
        ],
        "rotation_mode": "QUATERNION"
      },
      "armature_space": {
        "head": {
          "x": -0.0037788087502121925,
          "y": 0.0004693344235420227,
          "z": 0.0024030879139900208
        },
        "tail": {
          "x": -0.005027741193771362,
          "y": -0.026906609535217285,
          "z": 0.48963767290115356
        }
      },
      "world_space": {
        "head": {
          "x": -0.0037788087502121925,
          "y": 0.06371333450078964,
          "z": 0.9522570967674255
        },
        "tail": {
          "x": -0.005027741193771362,
          "y": 0.036337390542030334,
          "z": 1.4394917488098145
        },
        "rotation_quaternion": {
          "w": 0.6847280859947205,
          "x": 0.7244294285774231,
          "y": -0.055661510676145554,
          "z": -0.057020045816898346
        },
        "matrix": [
          [
            0.9873010516166687,
            -0.002559281885623932,
            -0.15883994102478027,
            -0.0037788087502121925
          ],
          [
            -0.1587320864200592,
            -0.056098103523254395,
            -0.9857267141342163,
            0.06371333450078964
          ],
          [
            -0.006388056091964245,
            0.998429000377655,
            -0.05579325556755066,
            0.9522570967674255
          ],
          [
            0.0,
            0.0,
            0.0,
            1.0
          ]
        ]
      },
      "bone_length_armature_space": 0.4880046656414045,
      "parent": "Root",
      "has_children": true,
      "is_end_bone": false
    },
    "neck_01": {
      "name": "neck_01",
      "local": {
        "location": {
          "x": 0.0,
          "y": 0.0,
          "z": 0.0
        },
        "rotation_quaternion": {
          "w": 0.9844595193862915,
          "x": -0.12110460549592972,
          "y": -0.1219148263335228,
          "z": -0.03619483485817909
        },
        "scale": {
          "x": 1.0,
          "y": 1.0,
          "z": 1.0
        },
        "matrix_basis": [
          [
            0.9676533937454224,
            0.10079359263181686,
            -0.23127369582653046,
            0.0
          ],
          [
            -0.041735805571079254,
            0.9680472016334534,
            0.24727053940296173,
            0.0
          ],
          [
            0.2488071471452713,
            -0.22961978614330292,
            0.9409409165382385,
            0.0
          ],
          [
            0.0,
            0.0,
            0.0,
            1.0
          ]
        ],
        "rotation_mode": "QUATERNION"
      },
      "armature_space": {
        "head": {
          "x": -0.010723767802119255,
          "y": -0.06519946455955505,
          "z": 0.560806155204773
        },
        "tail": {
          "x": -0.003271388355642557,
          "y": -0.0882142037153244,
          "z": 0.6604331731796265
        }
      },
      "world_space": {
        "head": {
          "x": -0.010723767802119255,
          "y": -0.001955464482307434,
          "z": 1.510660171508789
        },
        "tail": {
          "x": -0.003271388355642557,
          "y": -0.024970203638076782,
          "z": 1.6102871894836426
        },
        "rotation_quaternion": {
          "w": 0.6155961155891418,
          "x": 0.7625855803489685,
          "y": -0.0937962606549263,
          "z": -0.17523393034934998
        },
        "matrix": [
          [
            0.9209909439086914,
            0.07269100844860077,
            -0.3827422857284546,
            -0.010723767802119255
          ],
          [
            -0.3588014245033264,
            -0.2244872748851776,
            -0.9060172438621521,
            -0.001955464482307434
          ],
          [
            -0.15178149938583374,
            0.9717686772346497,
            -0.18067127466201782,
            1.510660171508789
          ],
          [
            0.0,
            0.0,
            0.0,
            1.0
          ]
        ]
      },
      "bone_length_armature_space": 0.10252199084079616,
      "parent": "spine_01",
      "has_children": true,
      "is_end_bone": false
    },
    "head": {
      "name": "head",
      "local": {
        "location": {
          "x": 0.0,
          "y": 0.0,
          "z": 0.0
        },
        "rotation_quaternion": {
          "w": 0.9843580722808838,
          "x": -0.13363724946975708,
          "y": 0.08630608022212982,
          "z": 0.07570672035217285
        },
        "scale": {
          "x": 1.0,
          "y": 1.0,
          "z": 1.0
        },
        "matrix_basis": [
          [
            0.9736394882202148,
            -0.17211245000362396,
            0.14967769384384155,
            0.0
          ],
          [
            0.12597763538360596,
            0.9528191685676575,
            0.27616170048713684,
            0.0
          ],
          [
            -0.19014665484428406,
            -0.2500258982181549,
            0.9493846893310547,
            0.0
          ],
          [
            0.0,
            0.0,
            0.0,
            1.0
          ]
        ],
        "rotation_mode": "QUATERNION"
      },
      "armature_space": {
        "head": {
          "x": -0.003271453082561493,
          "y": -0.08821432292461395,
          "z": 0.6604331135749817
        },
        "tail": {
          "x": 0.015469804406166077,
          "y": -0.025200195610523224,
          "z": 0.8009011149406433
        }
      },
      "world_space": {
        "head": {
          "x": -0.003271453082561493,
          "y": -0.024970322847366333,
          "z": 1.6102871894836426
        },
        "tail": {
          "x": 0.015469804406166077,
          "y": 0.038043804466724396,
          "z": 1.7507550716400146
        },
        "rotation_quaternion": {
          "w": 0.83833247423172,
          "x": 0.5383050441741943,
          "y": -0.018749944865703583,
          "z": -0.08411172777414322
        },
        "matrix": [
          [
            0.9851471781730652,
            0.12084100395441055,
            -0.12199345231056213,
            -0.003271453082561493
          ],
          [
            -0.16121409833431244,
            0.40630626678466797,
            -0.8994028568267822,
            -0.024970322847366333
          ],
          [
            -0.05911857634782791,
            0.9057181477546692,
            0.4197548031806946,
            1.6102871894836426
          ],
          [
            0.0,
            0.0,
            0.0,
            1.0
          ]
        ]
      },
      "bone_length_armature_space": 0.15509118005219716,
      "parent": "neck_01",
      "has_children": false,
      "is_end_bone": true
    },
    "upperarm_l": {
      "name": "upperarm_l",
      "local": {
        "location": {
          "x": 0.0,
          "y": 0.0,
          "z": 0.0
        },
        "rotation_quaternion": {
          "w": 0.9562085270881653,
          "x": 0.2347785383462906,
          "y": 0.12354665994644165,
          "z": -0.12361439317464828
        },
        "scale": {
          "x": 1.0,
          "y": 1.0,
          "z": 1.0
        },
        "matrix_basis": [
          [
            0.9389114379882812,
            0.2944144904613495,
            0.1782287210226059,
            0.0
          ],
          [
            -0.17839007079601288,
            0.8591970205307007,
            -0.47953876852989197,
            0.0
          ],
          [
            -0.29431673884391785,
            0.41845017671585083,
            0.8592305183410645,
            0.0
          ],
          [
            0.0,
            0.0,
            0.0,
            1.0
          ]
        ],
        "rotation_mode": "QUATERNION"
      },
      "armature_space": {
        "head": {
          "x": 0.13703683018684387,
          "y": -0.08838266134262085,
          "z": 0.49256786704063416
        },
        "tail": {
          "x": 0.3507755696773529,
          "y": -0.22009974718093872,
          "z": 0.39889758825302124
        }
      },
      "world_space": {
        "head": {
          "x": 0.13703683018684387,
          "y": -0.02513866126537323,
          "z": 1.4424219131469727
        },
        "tail": {
          "x": 0.3507755696773529,
          "y": -0.1568557471036911,
          "z": 1.3487515449523926
        },
        "rotation_quaternion": {
          "w": 0.17115598917007446,
          "x": 0.6263288855552673,
          "y": 0.4742733836174011,
          "z": -0.5945440530776978
        },
        "matrix": [
          [
            -0.15683729946613312,
            0.7976235747337341,
            -0.5824076533317566,
            0.13703683018684387
          ],
          [
            0.3905818462371826,
            -0.49153774976730347,
            -0.778355062007904,
            -0.02513866126537323
          ],
          [
            -0.9071156978607178,
            -0.3495558798313141,
            -0.23444820940494537,
            1.4424219131469727
          ],
          [
            0.0,
            0.0,
            0.0,
            1.0
          ]
        ]
      },
      "bone_length_armature_space": 0.2679696994325373,
      "parent": "spine_01",
      "has_children": true,
      "is_end_bone": false
    },
    "lowerarm_l": {
      "name": "lowerarm_l",
      "local": {
        "location": {
          "x": 0.0,
          "y": 0.0,
          "z": 0.0
        },
        "rotation_quaternion": {
          "w": 0.9695078730583191,
          "x": 0.23232875764369965,
          "y": -0.011975989677011967,
          "z": 0.07703539729118347
        },
        "scale": {
          "x": 1.0,
          "y": 1.0,
          "z": 1.0
        },
        "matrix_basis": [
          [
            0.9878442287445068,
            -0.15493758022785187,
            0.012573443353176117,
            0.0
          ],
          [
            0.14380811154842377,
            0.8801777958869934,
            -0.4523342549800873,
            0.0
          ],
          [
            0.05901670828461647,
            0.4486439824104309,
            0.8917598724365234,
            0.0
          ],
          [
            0.0,
            0.0,
            0.0,
            1.0
          ]
        ],
        "rotation_mode": "QUATERNION"
      },
      "armature_space": {
        "head": {
          "x": 0.3507755994796753,
          "y": -0.22009986639022827,
          "z": 0.398897647857666
        },
        "tail": {
          "x": 0.4537074863910675,
          "y": -0.4636000990867615,
          "z": 0.3578850030899048
        }
      },
      "world_space": {
        "head": {
          "x": 0.3507755994796753,
          "y": -0.15685586631298065,
          "z": 1.3487516641616821
        },
        "tail": {
          "x": 0.4537074863910675,
          "y": -0.40035611391067505,
          "z": 1.307739019393921
        },
        "rotation_quaternion": {
          "w": 0.09369777888059616,
          "x": 0.6543486714363098,
          "y": 0.19005796313285828,
          "z": -0.7258971333503723
        },
        "matrix": [
          [
            -0.12609761953353882,
            0.384756863117218,
            -0.9143638610839844,
            0.3507755994796753
          ],
          [
            0.11269772052764893,
            -0.9101979732513428,
            -0.3985460102558136,
            -0.15685586631298065
          ],
          [
            -0.9856023788452148,
            -0.15330427885055542,
            0.07141263782978058,
            1.3487516641616821
          ],
          [
            0.0,
            0.0,
            0.0,
            1.0
          ]
        ]
      },
      "bone_length_armature_space": 0.2675245320118078,
      "parent": "upperarm_l",
      "has_children": true,
      "is_end_bone": false
    },
    "metacarpal_thumb_l": {
      "name": "metacarpal_thumb_l",
      "local": {
        "location": {
          "x": 0.0,
          "y": 0.0,
          "z": 0.0
        },
        "rotation_quaternion": {
          "w": 0.9977686405181885,
          "x": -0.06429241597652435,
          "y": -0.013673307374119759,
          "z": 0.011719866655766964
        },
        "scale": {
          "x": 1.0,
          "y": 1.0,
          "z": 1.0
        },
        "matrix_basis": [
          [
            0.9993513822555542,
            -0.021629251539707184,
            -0.028792591765522957,
            0.0
          ],
          [
            0.02514561079442501,
            0.9914582371711731,
            0.1279774159193039,
            0.0
          ],
          [
            0.025778597220778465,
            -0.12861840426921844,
            0.9913590550422668,
            0.0
          ],
          [
            0.0,
            0.0,
            0.0,
            1.0
          ]
        ],
        "rotation_mode": "QUATERNION"
      },
      "armature_space": {
        "head": {
          "x": 0.4537074863910675,
          "y": -0.4636000990867615,
          "z": 0.3578850030899048
        },
        "tail": {
          "x": 0.44098660349845886,
          "y": -0.5110329389572144,
          "z": 0.35141298174858093
        }
      },
      "world_space": {
        "head": {
          "x": 0.4537074863910675,
          "y": -0.40035611391067505,
          "z": 1.307739019393921
        },
        "tail": {
          "x": 0.44098660349845886,
          "y": -0.44778895378112793,
          "z": 1.3012670278549194
        },
        "rotation_quaternion": {
          "w": 0.08073598891496658,
          "x": -0.9825727939605713,
          "y": 0.12119162082672119,
          "z": 0.11552054435014725
        },
        "matrix": [
          [
            0.9439350962638855,
            -0.25681257247924805,
            -0.207445427775383,
            0.4537074863910675
          ],
          [
            -0.21950583159923553,
            -0.9575884342193604,
            0.18665790557861328,
            -0.40035611391067505
          ],
          [
            -0.24658530950546265,
            -0.13065919280052185,
            -0.9602800607681274,
            1.307739019393921
          ],
          [
            0.0,
            0.0,
            0.0,
            1.0
          ]
        ]
      },
      "bone_length_armature_space": 0.04953364844828931,
      "parent": "lowerarm_l",
      "has_children": true,
      "is_end_bone": false
    },
    "thumb_01_l": {
      "name": "thumb_01_l",
      "local": {
        "location": {
          "x": 0.0,
          "y": 0.0,
          "z": 0.0
        },
        "rotation_quaternion": {
          "w": 0.9962778091430664,
          "x": -0.08524223417043686,
          "y": 0.00782499648630619,
          "z": 0.010157144628465176
        },
        "scale": {
          "x": 1.0,
          "y": 1.0,
          "z": 1.0
        },
        "matrix_basis": [
          [
            0.999671220779419,
            -0.021572716534137726,
            0.013860105536878109,
            0.0
          ],
          [
            0.018904635682702065,
            0.9852612018585205,
            0.1700088530778885,
            0.0
          ],
          [
            -0.01732337661087513,
            -0.16969093680381775,
            0.9853450655937195,
            0.0
          ],
          [
            0.0,
            0.0,
            0.0,
            1.0
          ]
        ],
        "rotation_mode": "QUATERNION"
      },
      "armature_space": {
        "head": {
          "x": 0.44098660349845886,
          "y": -0.5110329389572144,
          "z": 0.35141298174858093
        },
        "tail": {
          "x": 0.42117056250572205,
          "y": -0.524459183216095,
          "z": 0.327211856842041
        }
      },
      "world_space": {
        "head": {
          "x": 0.44098660349845886,
          "y": -0.44778895378112793,
          "z": 1.3012670278549194
        },
        "tail": {
          "x": 0.42117056250572205,
          "y": -0.46121519804000854,
          "z": 1.2770658731460571
        },
        "rotation_quaternion": {
          "w": 0.1286804974079132,
          "x": -0.6654106378555298,
          "y": 0.5349947214126587,
          "z": -0.5044311285018921
        },
        "matrix": [
          [
            -0.08134214580059052,
            -0.58216392993927,
            0.8089922666549683,
            0.44098660349845886
          ],
          [
            -0.8418028950691223,
            -0.3944418430328369,
            -0.36848777532577515,
            -0.44778895378112793
          ],
          [
            0.5336238145828247,
            -0.7109911441802979,
            -0.45798608660697937,
            1.3012670278549194
          ],
          [
            0.0,
            0.0,
            0.0,
            1.0
          ]
        ]
      },
      "bone_length_armature_space": 0.03403871278208877,
      "parent": "metacarpal_thumb_l",
      "has_children": true,
      "is_end_bone": false
    },
    "thumb_02_l": {
      "name": "thumb_02_l",
      "local": {
        "location": {
          "x": 0.0,
          "y": 0.0,
          "z": 0.0
        },
        "rotation_quaternion": {
          "w": 0.9955664873123169,
          "x": 0.09338577836751938,
          "y": -0.010681389831006527,
          "z": 0.003533637383952737
        },
        "scale": {
          "x": 1.0,
          "y": 1.0,
          "z": 1.0
        },
        "matrix_basis": [
          [
            0.9997468590736389,
            -0.009030921384692192,
            -0.02060808427631855,
            0.0
          ],
          [
            0.005040962249040604,
            0.9825332164764404,
            -0.18601898849010468,
            0.0
          ],
          [
            0.021928049623966217,
            0.1858680099248886,
            0.9823300242424011,
            0.0
          ],
          [
            0.0,
            0.0,
            0.0,
            1.0
          ]
        ],
        "rotation_mode": "QUATERNION"
      },
      "armature_space": {
        "head": {
          "x": 0.42117056250572205,
          "y": -0.5244591236114502,
          "z": 0.3272118866443634
        },
        "tail": {
          "x": 0.4334568381309509,
          "y": -0.5619826912879944,
          "z": 0.31984928250312805
        }
      },
      "world_space": {
        "head": {
          "x": 0.42117056250572205,
          "y": -0.46121513843536377,
          "z": 1.2770658731460571
        },
        "tail": {
          "x": 0.4334568381309509,
          "y": -0.49873870611190796,
          "z": 1.2697032690048218
        },
        "rotation_quaternion": {
          "w": 0.1809205561876297,
          "x": -0.44883495569229126,
          "y": 0.01194461714476347,
          "z": -0.8750271201133728
        },
        "matrix": [
          [
            -0.5316296815872192,
            0.30589962005615234,
            0.7898070812225342,
            0.42117056250572205
          ],
          [
            -0.3273431658744812,
            -0.9342496991157532,
            0.14150476455688477,
            -0.46121513843536377
          ],
          [
            0.7811686396598816,
            -0.18331186473369598,
            0.596813440322876,
            1.2770658731460571
          ],
          [
            0.0,
            0.0,
            0.0,
            1.0
          ]
        ]
      },
      "bone_length_armature_space": 0.04016439576249618,
      "parent": "thumb_01_l",
      "has_children": true,
      "is_end_bone": false
    },
    "thumb_03_l": {
      "name": "thumb_03_l",
      "local": {
        "location": {
          "x": 0.0,
          "y": 0.0,
          "z": 0.0
        },
        "rotation_quaternion": {
          "w": 0.9972531795501709,
          "x": 0.07372180372476578,
          "y": 0.002253045793622732,
          "z": -0.006794951390475035
        },
        "scale": {
          "x": 1.0,
          "y": 1.0,
          "z": 1.0
        },
        "matrix_basis": [
          [
            0.9998974800109863,
            0.013884770683944225,
            0.0034918419551104307,
            0.0
          ],
          [
            -0.013220376335084438,
            0.9890378713607788,
            -0.14706923067569733,
            0.0
          ],
          [
            -0.005495586432516575,
            0.1470079869031906,
            0.9891200661659241,
            0.0
          ],
          [
            0.0,
            0.0,
            0.0,
            1.0
          ]
        ],
        "rotation_mode": "QUATERNION"
      },
      "armature_space": {
        "head": {
          "x": 0.43345674872398376,
          "y": -0.5619826912879944,
          "z": 0.31984928250312805
        },
        "tail": {
          "x": 0.4529394507408142,
          "y": -0.5853773951530457,
          "z": 0.31979867815971375
        }
      },
      "world_space": {
        "head": {
          "x": 0.43345674872398376,
          "y": -0.49873870611190796,
          "z": 1.2697032690048218
        },
        "tail": {
          "x": 0.4529394507408142,
          "y": -0.5221334099769592,
          "z": 1.2696527242660522
        },
        "rotation_quaternion": {
          "w": 0.3307521939277649,
          "x": -0.22325533628463745,
          "y": -0.079929418861866,
          "z": -0.9134392738342285
        },
        "matrix": [
          [
            -0.6815198063850403,
            0.6399339437484741,
            0.3549862205982208,
            0.43345674872398376
          ],
          [
            -0.5685548186302185,
            -0.7684279680252075,
            0.2937069535255432,
            -0.49873870611190796
          ],
          [
            0.4607371389865875,
            -0.0016625970602035522,
            0.8875430226325989,
            1.2697032690048218
          ],
          [
            0.0,
            0.0,
            0.0,
            1.0
          ]
        ]
      },
      "bone_length_armature_space": 0.030444874462568328,
      "parent": "thumb_02_l",
      "has_children": false,
      "is_end_bone": true
    },
    "metacarpal_index_l": {
      "name": "metacarpal_index_l",
      "local": {
        "location": {
          "x": 0.0,
          "y": 0.0,
          "z": 0.0
        },
        "rotation_quaternion": {
          "w": 0.9999462366104126,
          "x": -0.0005071050254628062,
          "y": -0.008445639163255692,
          "z": 0.006012044847011566
        },
        "scale": {
          "x": 1.0,
          "y": 1.0,
          "z": 1.0
        },
        "matrix_basis": [
          [
            0.9997850656509399,
            -0.01201487798243761,
            -0.01689646765589714,
            0.0
          ],
          [
            0.012032008729875088,
            0.9999272227287292,
            0.0009126043878495693,
            0.0
          ],
          [
            0.016884272918105125,
            -0.0011157066328451037,
            0.9998568296432495,
            0.0
          ],
          [
            0.0,
            0.0,
            0.0,
            1.0
          ]
        ],
        "rotation_mode": "QUATERNION"
      },
      "armature_space": {
        "head": {
          "x": 0.4537074863910675,
          "y": -0.4636000990867615,
          "z": 0.3578850030899048
        },
        "tail": {
          "x": 0.4622083902359009,
          "y": -0.5788536667823792,
          "z": 0.3385569751262665
        }
      },
      "world_space": {
        "head": {
          "x": 0.4537074863910675,
          "y": -0.40035611391067505,
          "z": 1.307739019393921
        },
        "tail": {
          "x": 0.4622083902359009,
          "y": -0.5156096816062927,
          "z": 1.288411021232605
        },
        "rotation_quaternion": {
          "w": 0.06321102380752563,
          "x": -0.9237841367721558,
          "y": -0.0647275373339653,
          "z": 0.3720720410346985
        },
        "matrix": [
          [
            0.7147454023361206,
            0.07255092263221741,
            -0.695611298084259,
            0.4537074863910675
          ],
          [
            0.1666266769170761,
            -0.9836294651031494,
            0.0686190277338028,
            -0.40035611391067505
          ],
          [
            -0.6792501211166382,
            -0.16495460271835327,
            -0.7151386141777039,
            1.307739019393921
          ],
          [
            0.0,
            0.0,
            0.0,
            1.0
          ]
        ]
      },
      "bone_length_armature_space": 0.11717176704295892,
      "parent": "lowerarm_l",
      "has_children": true,
      "is_end_bone": false
    },
    "index_01_l": {
      "name": "index_01_l",
      "local": {
        "location": {
          "x": 0.0,
          "y": 0.0,
          "z": 0.0
        },
        "rotation_quaternion": {
          "w": 0.9941095113754272,
          "x": -0.10824250429868698,
          "y": -0.005118506029248238,
          "z": 0.00192955881357193
        },
        "scale": {
          "x": 1.0,
          "y": 1.0,
          "z": 1.0
        },
        "matrix_basis": [
          [
            0.9999401569366455,
            -0.002728305757045746,
            -0.010594431310892105,
            0.0
          ],
          [
            0.004944465588778257,
            0.9765596985816956,
            0.21519005298614502,
            0.0
          ],
          [
            0.00975899025797844,
            -0.2152295559644699,
            0.9765146970748901,
            0.0
          ],
          [
            0.0,
            0.0,
            0.0,
            1.0
          ]
        ],
        "rotation_mode": "QUATERNION"
      },
      "armature_space": {
        "head": {
          "x": 0.4622083902359009,
          "y": -0.5788536667823792,
          "z": 0.3385569751262665
        },
        "tail": {
          "x": 0.47739115357398987,
          "y": -0.6027528047561646,
          "z": 0.3351828455924988
        }
      },
      "world_space": {
        "head": {
          "x": 0.4622083902359009,
          "y": -0.5156096816062927,
          "z": 1.288411021232605
        },
        "tail": {
          "x": 0.47739115357398987,
          "y": -0.5395088195800781,
          "z": 1.2850368022918701
        },
        "rotation_quaternion": {
          "w": 0.031446732580661774,
          "x": 0.9071258306503296,
          "y": 0.28273534774780273,
          "z": -0.3101526200771332
        },
        "matrix": [
          [
            0.6477316617965698,
            0.5324603915214539,
            -0.5449121594429016,
            0.4622083902359009
          ],
          [
            0.49344661831855774,
            -0.8381432294845581,
            -0.23243610560894012,
            -0.5156096816062927
          ],
          [
            -0.5804811120033264,
            -0.11833047866821289,
            -0.8056386113166809,
            1.288411021232605
          ],
          [
            0.0,
            0.0,
            0.0,
            1.0
          ]
        ]
      },
      "bone_length_armature_space": 0.028514379557861916,
      "parent": "metacarpal_index_l",
      "has_children": true,
      "is_end_bone": false
    },
    "index_02_l": {
      "name": "index_02_l",
      "local": {
        "location": {
          "x": 0.0,
          "y": 0.0,
          "z": 0.0
        },
        "rotation_quaternion": {
          "w": 0.9993501901626587,
          "x": 0.03572871908545494,
          "y": -0.0008886477444320917,
          "z": 0.00468289852142334
        },
        "scale": {
          "x": 1.0,
          "y": 1.0,
          "z": 1.0
        },
        "matrix_basis": [
          [
            0.9999545812606812,
            -0.009423211216926575,
            -0.0014415126061066985,
            0.0
          ],
          [
            0.00929621048271656,
            0.997403085231781,
            -0.07141932845115662,
            0.0
          ],
          [
            0.0021107685752213,
            0.07140268385410309,
            0.9974453449249268,
            0.0
          ],
          [
            0.0,
            0.0,
            0.0,
            1.0
          ]
        ],
        "rotation_mode": "QUATERNION"
      },
      "armature_space": {
        "head": {
          "x": 0.4773910343647003,
          "y": -0.6027532815933228,
          "z": 0.33518266677856445
        },
        "tail": {
          "x": 0.49081695079803467,
          "y": -0.6242375373840332,
          "z": 0.33115023374557495
        }
      },
      "world_space": {
        "head": {
          "x": 0.4773910343647003,
          "y": -0.5395092964172363,
          "z": 1.2850366830825806
        },
        "tail": {
          "x": 0.49081695079803467,
          "y": -0.5609935522079468,
          "z": 1.2810041904449463
        },
        "rotation_quaternion": {
          "w": 0.022113200277090073,
          "x": 0.8938446044921875,
          "y": 0.2841957211494446,
          "z": -0.34610074758529663
        },
        "matrix": [
          [
            0.5988935232162476,
            0.523361325263977,
            -0.6061510443687439,
            0.4773910343647003
          ],
          [
            0.4927469491958618,
            -0.8374871611595154,
            -0.23625397682189941,
            -0.5395092964172363
          ],
          [
            -0.6312938332557678,
            -0.1571899950504303,
            -0.7594559788703918,
            1.2850366830825806
          ],
          [
            0.0,
            0.0,
            0.0,
            1.0
          ]
        ]
      },
      "bone_length_armature_space": 0.02565324523833992,
      "parent": "index_01_l",
      "has_children": true,
      "is_end_bone": false
    },
    "index_03_l": {
      "name": "index_03_l",
      "local": {
        "location": {
          "x": 0.0,
          "y": 0.0,
          "z": 0.0
        },
        "rotation_quaternion": {
          "w": 0.9994827508926392,
          "x": 0.03151024878025055,
          "y": 0.006324027664959431,
          "z": -0.0012456320691853762
        },
        "scale": {
          "x": 1.0,
          "y": 1.0,
          "z": 1.0
        },
        "matrix_basis": [
          [
            0.9999169111251831,
            0.00288851885125041,
            0.012563012540340424,
            0.0
          ],
          [
            -0.00209143222309649,
            0.9980111122131348,
            -0.06300365179777145,
            0.0
          ],
          [
            -0.012720013037323952,
            0.06297214329242706,
            0.9979342222213745,
            0.0
          ],
          [
            0.0,
            0.0,
            0.0,
            1.0
          ]
        ],
        "rotation_mode": "QUATERNION"
      },
      "armature_space": {
        "head": {
          "x": 0.49081704020500183,
          "y": -0.6242375373840332,
          "z": 0.3311503529548645
        },
        "tail": {
          "x": 0.504909873008728,
          "y": -0.6479429006576538,
          "z": 0.3214973211288452
        }
      },
      "world_space": {
        "head": {
          "x": 0.49081704020500183,
          "y": -0.5609935522079468,
          "z": 1.2810044288635254
        },
        "tail": {
          "x": 0.504909873008728,
          "y": -0.5846989154815674,
          "z": 1.2713513374328613
        },
        "rotation_quaternion": {
          "w": 0.07456028461456299,
          "x": -0.8921983242034912,
          "y": -0.29797106981277466,
          "z": 0.33111372590065
        },
        "matrix": [
          [
            0.6031530499458313,
            0.48232367634773254,
            -0.635271430015564,
            0.49081704020500183
          ],
          [
            0.581074595451355,
            -0.8113078474998474,
            -0.06428144127130508,
            -0.5609935522079468
          ],
          [
            -0.5464082956314087,
            -0.3303716778755188,
            -0.7696144580841064,
            1.2810044288635254
          ],
          [
            0.0,
            0.0,
            0.0,
            1.0
          ]
        ]
      },
      "bone_length_armature_space": 0.029218713486554287,
      "parent": "index_02_l",
      "has_children": false,
      "is_end_bone": true
    },
    "metacarpal_pinky_l": {
      "name": "metacarpal_pinky_l",
      "local": {
        "location": {
          "x": 0.0,
          "y": 0.0,
          "z": 0.0
        },
        "rotation_quaternion": {
          "w": 0.9998915195465088,
          "x": -0.0014661476016044617,
          "y": 0.01465232390910387,
          "z": -0.0004024726804345846
        },
        "scale": {
          "x": 1.0,
          "y": 1.0,
          "z": 1.0
        },
        "matrix_basis": [
          [
            0.9995703101158142,
            0.0007618931122124195,
            0.029302649199962616,
            0.0
          ],
          [
            -0.0008478229865431786,
            0.9999953508377075,
            0.0029201828874647617,
            0.0
          ],
          [
            -0.02930028922855854,
            -0.0029437714256346226,
            0.9995663166046143,
            0.0
          ],
          [
            0.0,
            0.0,
            0.0,
            1.0
          ]
        ],
        "rotation_mode": "QUATERNION"
      },
      "armature_space": {
        "head": {
          "x": 0.4537074863910675,
          "y": -0.4636000990867615,
          "z": 0.3578850030899048
        },
        "tail": {
          "x": 0.5206878185272217,
          "y": -0.5411950945854187,
          "z": 0.33955827355384827
        }
      },
      "world_space": {
        "head": {
          "x": 0.4537074863910675,
          "y": -0.40035611391067505,
          "z": 1.307739019393921
        },
        "tail": {
          "x": 0.5206878185272217,
          "y": -0.4779511094093323,
          "z": 1.289412260055542
        },
        "rotation_quaternion": {
          "w": 0.33231478929519653,
          "x": 0.0994308814406395,
          "y": 0.13031652569770813,
          "z": -0.9288153648376465
        },
        "matrix": [
          [
            -0.7593607306480408,
            0.643233060836792,
            -0.09809279441833496,
            0.4537074863910675
          ],
          [
            -0.5914037227630615,
            -0.7451686859130859,
            -0.30816444754600525,
            -0.40035611391067505
          ],
          [
            -0.271319717168808,
            -0.17599734663963318,
            0.9462687373161316,
            1.307739019393921
          ],
          [
            0.0,
            0.0,
            0.0,
            1.0
          ]
        ]
      },
      "bone_length_armature_space": 0.10413076872156707,
      "parent": "lowerarm_l",
      "has_children": true,
      "is_end_bone": false
    },
    "pinky_01_l": {
      "name": "pinky_01_l",
      "local": {
        "location": {
          "x": 0.0,
          "y": 0.0,
          "z": 0.0
        },
        "rotation_quaternion": {
          "w": 0.9937089681625366,
          "x": -0.11196886748075485,
          "y": -0.0009062994504347444,
          "z": 0.002170444931834936
        },
        "scale": {
          "x": 1.0,
          "y": 1.0,
          "z": 1.0
        },
        "matrix_basis": [
          [
            0.9999889135360718,
            -0.00411062641069293,
            -0.002287240233272314,
            0.0
          ],
          [
            0.00451653590425849,
            0.9749165177345276,
            0.2225250005722046,
            0.0
          ],
          [
            0.0013151512248441577,
            -0.22253286838531494,
            0.9749243259429932,
            0.0
          ],
          [
            0.0,
            0.0,
            0.0,
            1.0
          ]
        ],
        "rotation_mode": "QUATERNION"
      },
      "armature_space": {
        "head": {
          "x": 0.5206878185272217,
          "y": -0.5411950945854187,
