{
  "metadata": {
    "armature_name": "KIM_caucasian_male",
    "export_time": "2026-01-13T21:02:12.261246",
    "blender_version": "4.4.1",
    "bone_count": 56,
    "end_bone_count": 13,
    "spaces_included": [
      "LOCAL_CHANNELS",
      "ARMATURE_SPACE",
      "WORLD_SPACE"
    ],
    "note": "LOCAL matches Transform panel; replay pose via local.matrix_basis for best fidelity."
  },
  "bones": {
    "Root": {
      "name": "Root",
      "local": {
        "location": {
          "x": 0.0,
          "y": 0.0,
          "z": 0.0
        },
        "rotation_quaternion": {
          "w": 0.999834418296814,
          "x": 0.005272244103252888,
          "y": -0.015905287116765976,
          "z": -0.007109262514859438
        },
        "scale": {
          "x": 1.0,
          "y": 1.0,
          "z": 1.0
        },
        "matrix_basis": [
          [
            0.9993929862976074,
            0.014048457145690918,
            -0.031880270689725876,
            0.0
          ],
          [
            -0.014383884146809578,
            0.9998432993888855,
            -0.010316592641174793,
            0.0
          ],
          [
            0.03173034265637398,
            0.010768892243504524,
            0.999438464641571,
            0.0
          ],
          [
            0.0,
            0.0,
            0.0,
            1.0
          ]
        ],
        "rotation_mode": "QUATERNION"
      },
      "armature_space": {
        "head": {
          "x": 0.0,
          "y": 0.07072800397872925,
          "z": -0.009595036506652832
        },
        "tail": {
          "x": 0.0010027207899838686,
          "y": -9.224563837051392e-05,
          "z": -0.0007631722837686539
        }
      },
      "world_space": {
        "head": {
          "x": 0.0,
          "y": 0.13397200405597687,
          "z": 0.9402589797973633
        },
        "tail": {
          "x": 0.0010027207899838686,
          "y": 0.0631517544388771,
          "z": 0.949090838432312
        },
        "rotation_quaternion": {
          "w": 0.06209621950984001,
          "x": 0.9979181289672852,
          "y": 0.006021606270223856,
          "z": -0.016348090022802353
        },
        "matrix": [
          [
            0.9993929862976074,
            0.014048457145690918,
            -0.031880270689725876,
            0.0
          ],
          [
            0.00998782366514206,
            -0.9922155737876892,
            -0.12413125485181808,
            0.13397200405597687
          ],
          [
            -0.03337617591023445,
            0.1237374022603035,
            -0.9917606115341187,
            0.9402589797973633
          ],
          [
            0.0,
            0.0,
            0.0,
            1.0
          ]
        ]
      },
      "bone_length_armature_space": 0.07137587182421962,
      "parent": null,
      "has_children": true,
      "is_end_bone": false
    },
    "spine_01": {
      "name": "spine_01",
      "local": {
        "location": {
          "x": 0.0,
          "y": 0.0,
          "z": 0.0
        },
        "rotation_quaternion": {
          "w": 0.9968397617340088,
          "x": -0.01907014660537243,
          "y": -0.011335283517837524,
          "z": 0.07627858966588974
        },
        "scale": {
          "x": 1.0,
          "y": 1.0,
          "z": 1.0
        },
        "matrix_basis": [
          [
            0.9881061911582947,
            -0.15164272487163544,
            -0.025508210062980652,
            0.0
          ],
          [
            0.15250739455223083,
            0.9876357913017273,
            0.0362904816865921,
            0.0
          ],
          [
            0.019689634442329407,
            -0.03974904119968414,
            0.9990156888961792,
            0.0
          ],
          [
            0.0,
            0.0,
            0.0,
            1.0
          ]
        ],
        "rotation_mode": "QUATERNION"
      },
      "armature_space": {
        "head": {
          "x": 0.0010027207899838686,
          "y": -9.224563837051392e-05,
          "z": -0.0007631722837686539
        },
        "tail": {
          "x": -0.057269930839538574,
          "y": 0.03607960417866707,
          "z": 0.4823976755142212
        }
      },
      "world_space": {
        "head": {
          "x": 0.0010027207899838686,
          "y": 0.0631517544388771,
          "z": 0.949090838432312
        },
        "tail": {
          "x": -0.057269930839538574,
          "y": 0.09932360053062439,
          "z": 1.4322516918182373
        },
        "rotation_quaternion": {
          "w": 0.7314295172691345,
          "x": 0.6792569756507874,
          "y": -0.04551747068762779,
          "z": 0.03935769572854042
        },
        "matrix": [
          [
            0.9927582740783691,
            -0.11941087245941162,
            -0.01311690267175436,
            0.0010027207899838686
          ],
          [
            -0.0042605288326740265,
            0.07412245869636536,
            -0.9972401261329651,
            0.0631517544388771
          ],
          [
            0.12005440145730972,
            0.990081250667572,
            0.0730765089392662,
            0.949090838432312
          ],
          [
            0.0,
            0.0,
            0.0,
            1.0
          ]
        ]
      },
      "bone_length_armature_space": 0.48800462325548755,
      "parent": "Root",
      "has_children": true,
      "is_end_bone": false
    },
    "neck_01": {
      "name": "neck_01",
      "local": {
        "location": {
          "x": 0.0,
          "y": 0.0,
          "z": 0.0
        },
        "rotation_quaternion": {
          "w": 0.9884985685348511,
          "x": -0.10126463323831558,
          "y": -0.05989595875144005,
          "z": -0.09501905739307404
        },
        "scale": {
          "x": 1.0,
          "y": 1.0,
          "z": 1.0
        },
        "matrix_basis": [
          [
            0.9747676849365234,
            0.19998309016227722,
            -0.09916999936103821,
            0.0
          ],
          [
            -0.17572171986103058,
            0.9614337086677551,
            0.21158240735530853,
            0.0
          ],
          [
            0.1376582831144333,
            -0.18881738185882568,
            0.9723159074783325,
            0.0
          ],
          [
            0.0,
            0.0,
            0.0,
            1.0
          ]
        ],
        "rotation_mode": "QUATERNION"
      },
      "armature_space": {
        "head": {
          "x": -0.06646791100502014,
          "y": 0.0069220103323459625,
          "z": 0.5574242472648621
        },
        "tail": {
          "x": -0.05810123309493065,
          "y": -0.005381534807384014,
          "z": 0.6588608622550964
        }
      },
      "world_space": {
        "head": {
          "x": -0.06646791100502014,
          "y": 0.07016600668430328,
          "z": 1.5072782039642334
        },
        "tail": {
          "x": -0.05810123309493065,
          "y": 0.05786246433854103,
          "z": 1.6087148189544678
        },
        "rotation_quaternion": {
          "w": 0.6633211970329285,
          "x": 0.745786726474762,
          "y": -0.0001666345342528075,
          "z": -0.06170288845896721
        },
        "matrix": [
          [
            0.9923855066299438,
            0.08160912990570068,
            -0.09225484728813171,
            -0.06646791100502014
          ],
          [
            -0.08210568130016327,
            -0.12000960111618042,
            -0.9893719553947449,
            0.07016600668430328
          ],
          [
            -0.09181395173072815,
            0.9894195795059204,
            -0.11239692568778992,
            1.5072782039642334
          ],
          [
            0.0,
            0.0,
            0.0,
            1.0
          ]
        ]
      },
      "bone_length_armature_space": 0.10252202384171351,
      "parent": "spine_01",
      "has_children": true,
      "is_end_bone": false
    },
    "head": {
      "name": "head",
      "local": {
        "location": {
          "x": 0.0,
          "y": 0.0,
          "z": 0.0
        },
        "rotation_quaternion": {
          "w": 0.9887523651123047,
          "x": -0.08289865404367447,
          "y": -0.03390481323003769,
          "z": -0.119779571890831
        },
        "scale": {
          "x": 1.0,
          "y": 1.0,
          "z": 1.0
        },
        "matrix_basis": [
          [
            0.9690066576004028,
            0.24248600006103516,
            -0.04718779772520065,
            0.0
          ],
          [
            -0.2312433421611786,
            0.9575613141059875,
            0.1720546931028366,
            0.0
          ],
          [
            0.0869060605764389,
            -0.15581026673316956,
            0.9839565753936768,
            0.0
          ],
          [
            0.0,
            0.0,
            0.0,
            1.0
          ]
        ],
        "rotation_mode": "QUATERNION"
      },
      "armature_space": {
        "head": {
          "x": -0.05810125544667244,
          "y": -0.005381679628044367,
          "z": 0.6588608026504517
        },
        "tail": {
          "x": -0.003186579793691635,
          "y": 0.05126605182886124,
          "z": 0.7923848032951355
        }
      },
      "world_space": {
        "head": {
          "x": -0.05810125544667244,
          "y": 0.05786231905221939,
          "z": 1.6087148189544678
        },
        "tail": {
          "x": -0.003186579793691635,
          "y": 0.11451005190610886,
          "z": 1.7422387599945068
        },
        "rotation_quaternion": {
          "w": 0.8239428997039795,
          "x": 0.5354567766189575,
          "y": 0.06120632588863373,
          "z": -0.1750941425561905
        },
        "matrix": [
          [
            0.9311915040016174,
            0.3540821373462677,
            -0.08665125072002411,
            -0.05810125544667244
          ],
          [
            -0.22299033403396606,
            0.365256667137146,
            -0.9038049578666687,
            0.05786231905221939
          ],
          [
            -0.2883734405040741,
            0.8609440326690674,
            0.41908276081085205,
            1.6087148189544678
          ],
          [
            0.0,
            0.0,
            0.0,
            1.0
          ]
        ]
      },
      "bone_length_armature_space": 0.15509108716232176,
      "parent": "neck_01",
      "has_children": false,
      "is_end_bone": true
    },
    "upperarm_l": {
      "name": "upperarm_l",
      "local": {
        "location": {
          "x": 0.0,
          "y": 0.0,
          "z": 0.0
        },
        "rotation_quaternion": {
          "w": 0.9314842224121094,
          "x": 0.2278408408164978,
          "y": -0.0060036880895495415,
          "z": -0.2835310101509094
        },
        "scale": {
          "x": 1.0,
          "y": 1.0,
          "z": 1.0
        },
        "matrix_basis": [
          [
            0.839148223400116,
            0.5254735350608826,
            -0.14038456976413727,
            0.0
          ],
          [
            -0.5309451222419739,
            0.735397458076477,
            -0.4210558235645294,
            0.0
          ],
          [
            -0.11801520735025406,
            0.42786476016044617,
            0.8961049914360046,
            0.0
          ],
          [
            0.0,
            0.0,
            0.0,
            1.0
          ]
        ],
        "rotation_mode": "QUATERNION"
      },
      "armature_space": {
        "head": {
          "x": 0.09042933583259583,
          "y": -0.0018789991736412048,
          "z": 0.5091243386268616
        },
        "tail": {
          "x": 0.30336910486221313,
          "y": -0.11685032397508621,
          "z": 0.39403271675109863
        }
      },
      "world_space": {
        "head": {
          "x": 0.09042933583259583,
          "y": 0.061365000903606415,
          "z": 1.4589784145355225
        },
        "tail": {
          "x": 0.30336910486221313,
          "y": -0.05360632389783859,
          "z": 1.3438867330551147
        },
        "rotation_quaternion": {
          "w": 0.25870537757873535,
          "x": 0.45603811740875244,
          "y": 0.4674924612045288,
          "z": -0.7117243409156799
        },
        "matrix": [
          [
            -0.45020216703414917,
            0.7946420311927795,
            -0.4072616994380951,
            0.09042933583259583
          ],
          [
            0.05813267081975937,
            -0.4290464222431183,
            -0.9014100432395935,
            0.061365000903606415
          ],
          [
            -0.8910385370254517,
            -0.42949527502059937,
            0.14696310460567474,
            1.4589784145355225
          ],
          [
            0.0,
            0.0,
            0.0,
            1.0
          ]
        ]
      },
      "bone_length_armature_space": 0.2679698384515883,
      "parent": "spine_01",
      "has_children": true,
      "is_end_bone": false
    },
    "lowerarm_l": {
      "name": "lowerarm_l",
      "local": {
        "location": {
          "x": 0.0,
          "y": 0.0,
          "z": 0.0
        },
        "rotation_quaternion": {
          "w": 0.9597823619842529,
          "x": 0.0852530226111412,
          "y": -0.1303362250328064,
          "z": 0.23358584940433502
        },
        "scale": {
          "x": 1.0,
          "y": 1.0,
          "z": 1.0
        },
        "matrix_basis": [
          [
            0.8569002151489258,
            -0.47060626745224,
            -0.21036101877689362,
            0.0
          ],
          [
            0.4261600375175476,
            0.8763391375541687,
            -0.22453808784484863,
            0.0
          ],
          [
            0.29001662135124207,
            0.10275930166244507,
            0.9514887928962708,
            0.0
          ],
          [
            0.0,
            0.0,
            0.0,
            1.0
          ]
        ],
        "rotation_mode": "QUATERNION"
      },
      "armature_space": {
        "head": {
          "x": 0.3033692240715027,
          "y": -0.11685041338205338,
          "z": 0.3940328061580658
        },
        "tail": {
          "x": 0.530357837677002,
          "y": -0.2529715299606323,
          "z": 0.432975709438324
        }
      },
      "world_space": {
        "head": {
          "x": 0.3033692240715027,
          "y": -0.053606413304805756,
          "z": 1.3438868522644043
        },
        "tail": {
          "x": 0.530357837677002,
          "y": -0.1897275298833847,
          "z": 1.3828296661376953
        },
        "rotation_quaternion": {
          "w": 0.46522757411003113,
          "x": 0.4328232407569885,
          "y": 0.1707441210746765,
          "z": -0.7530430555343628
        },
        "matrix": [
          [
            -0.19245365262031555,
            0.8484780192375183,
            -0.4929974675178528,
            0.3033692240715027
          ],
          [
            -0.5528693199157715,
            -0.5088174343109131,
            -0.6598792672157288,
            -0.053606413304805756
          ],
          [
            -0.8107448220252991,
            0.1455676555633545,
            0.5670245885848999,
            1.3438868522644043
          ],
          [
            0.0,
            0.0,
            0.0,
            1.0
          ]
        ]
      },
      "bone_length_armature_space": 0.26752446826121806,
      "parent": "upperarm_l",
      "has_children": true,
      "is_end_bone": false
    },
    "metacarpal_thumb_l": {
      "name": "metacarpal_thumb_l",
      "local": {
        "location": {
          "x": 0.0,
          "y": 0.0,
          "z": 0.0
        },
        "rotation_quaternion": {
          "w": 0.9996268153190613,
          "x": -0.019218988716602325,
          "y": 0.013043740764260292,
          "z": 0.014381147921085358
        },
        "scale": {
          "x": 1.0,
          "y": 1.0,
          "z": 1.0
        },
        "matrix_basis": [
          [
            0.9992460608482361,
            -0.02925293706357479,
            0.025524964556097984,
            0.0
          ],
          [
            0.028250187635421753,
            0.9988476037979126,
            0.038798801600933075,
            0.0
          ],
          [
            -0.026630528271198273,
            -0.03804846480488777,
            0.9989209771156311,
            0.0
          ],
          [
            0.0,
            0.0,
            0.0,
            1.0
          ]
        ],
        "rotation_mode": "QUATERNION"
      },
      "armature_space": {
        "head": {
          "x": 0.530357837677002,
          "y": -0.2529715299606323,
          "z": 0.432975709438324
        },
        "tail": {
          "x": 0.5466902256011963,
          "y": -0.29650455713272095,
          "z": 0.45005542039871216
        }
      },
      "world_space": {
        "head": {
          "x": 0.530357837677002,
          "y": -0.1897275298833847,
          "z": 1.3828296661376953
        },
        "tail": {
          "x": 0.5466902256011963,
          "y": -0.23326055705547333,
          "z": 1.399909496307373
        },
        "rotation_quaternion": {
          "w": 0.20628724992275238,
          "x": 0.9524906277656555,
          "y": 0.13422688841819763,
          "z": -0.17941679060459137
        },
        "matrix": [
          [
            0.899585485458374,
            0.3297225832939148,
            -0.28640663623809814,
            0.530357837677002
          ],
          [
            0.18167714774608612,
            -0.8788570761680603,
            -0.44113898277282715,
            -0.1897275298833847
          ],
          [
            -0.3971666097640991,
            0.3448103070259094,
            -0.8505166172981262,
            1.3828296661376953
          ],
          [
            0.0,
            0.0,
            0.0,
            1.0
          ]
        ]
      },
      "bone_length_armature_space": 0.049533704596651254,
      "parent": "lowerarm_l",
      "has_children": true,
      "is_end_bone": false
    },
    "thumb_01_l": {
      "name": "thumb_01_l",
      "local": {
        "location": {
          "x": 0.0,
          "y": 0.0,
          "z": 0.0
        },
        "rotation_quaternion": {
          "w": 0.9982002973556519,
          "x": 0.05634819716215134,
          "y": -0.018349403515458107,
          "z": -0.009192699566483498
        },
        "scale": {
          "x": 1.0,
          "y": 1.0,
          "z": 1.0
        },
        "matrix_basis": [
          [
            0.9991576075553894,
            0.01628439873456955,
            -0.03766874596476555,
            0.0
          ],
          [
            -0.020420221611857414,
            0.9934807419776917,
            -0.1121562123298645,
            0.0
          ],
          [
            0.03559677675366402,
            0.11283093690872192,
            0.9929763674736023,
            0.0
          ],
          [
            0.0,
            0.0,
            0.0,
            1.0
          ]
        ],
        "rotation_mode": "QUATERNION"
      },
      "armature_space": {
        "head": {
          "x": 0.5466902256011963,
          "y": -0.29650455713272095,
          "z": 0.45005542039871216
        },
        "tail": {
          "x": 0.5468670725822449,
          "y": -0.32786592841148376,
          "z": 0.43682432174682617
        }
      },
      "world_space": {
        "head": {
          "x": 0.5466902256011963,
          "y": -0.23326055705547333,
          "z": 1.399909496307373
        },
        "tail": {
          "x": 0.5468670725822449,
          "y": -0.26462191343307495,
          "z": 1.3866783380508423
        },
        "rotation_quaternion": {
          "w": 0.17112185060977936,
          "x": -0.8390694260597229,
          "y": 0.10021846741437912,
          "z": -0.5065926313400269
        },
        "matrix": [
          [
            0.4666405916213989,
            0.005195789039134979,
            0.884431779384613,
            0.5466902256011963
          ],
          [
            -0.3415583372116089,
            -0.9213476181030273,
            0.1856246441602707,
            -0.23326055705547333
          ],
          [
            0.8158389329910278,
            -0.3887087106704712,
            -0.42816638946533203,
            1.399909496307373
          ],
          [
            0.0,
            0.0,
            0.0,
            1.0
          ]
        ]
      },
      "bone_length_armature_space": 0.03403863843610543,
      "parent": "metacarpal_thumb_l",
      "has_children": true,
      "is_end_bone": false
    },
    "thumb_02_l": {
      "name": "thumb_02_l",
      "local": {
        "location": {
          "x": 0.0,
          "y": 0.0,
          "z": 0.0
        },
        "rotation_quaternion": {
          "w": 0.9943533539772034,
          "x": 0.10558460652828217,
          "y": 0.01014094427227974,
          "z": 0.0032389347907155752
        },
        "scale": {
          "x": 1.0,
          "y": 1.0,
          "z": 1.0
        },
        "matrix_basis": [
          [
            0.9997733235359192,
            -0.004299836233258247,
            0.02085132710635662,
            0.0
          ],
          [
            0.008582746610045433,
            0.9776828289031982,
            -0.20991112291812897,
            0.0
          ],
          [
            -0.019483400508761406,
            0.21004250645637512,
            0.9774981141090393,
            0.0
          ],
          [
            0.0,
            0.0,
            0.0,
            1.0
          ]
        ],
        "rotation_mode": "QUATERNION"
      },
      "armature_space": {
        "head": {
          "x": 0.5468670129776001,
          "y": -0.3278658986091614,
          "z": 0.43682432174682617
        },
        "tail": {
          "x": 0.5836435556411743,
          "y": -0.3429890275001526,
          "z": 0.44247740507125854
        }
      },
      "world_space": {
        "head": {
          "x": 0.5468670129776001,
          "y": -0.26462191343307495,
          "z": 1.3866783380508423
        },
        "tail": {
          "x": 0.5836435556411743,
          "y": -0.27974504232406616,
          "z": 1.3923313617706299
        },
        "rotation_quaternion": {
          "w": 0.42858627438545227,
          "x": -0.4287804663181305,
          "y": -0.3578372597694397,
          "z": -0.7102208137512207
        },
        "matrix": [
          [
            -0.2649213671684265,
            0.9156495928764343,
            0.3023281395435333,
            0.5468670129776001
          ],
          [
            -0.30191507935523987,
            -0.3765309751033783,
            0.8758262395858765,
            -0.26462191343307495
          ],
          [
            0.9157922267913818,
            0.1407482773065567,
            0.3762030303478241,
            1.3866783380508423
          ],
          [
            0.0,
            0.0,
            0.0,
            1.0
          ]
        ]
      },
      "bone_length_armature_space": 0.04016441863323455,
      "parent": "thumb_01_l",
      "has_children": true,
      "is_end_bone": false
    },
    "thumb_03_l": {
      "name": "thumb_03_l",
      "local": {
        "location": {
          "x": 0.0,
          "y": 0.0,
          "z": 0.0
        },
        "rotation_quaternion": {
          "w": 0.993981122970581,
          "x": 0.10895372927188873,
          "y": 0.010404862463474274,
          "z": -0.004741516895592213
        },
        "scale": {
          "x": 1.0,
          "y": 1.0,
          "z": 1.0
        },
        "matrix_basis": [
          [
            0.9997385144233704,
            0.011693254113197327,
            0.0196512620896101,
            0.0
          ],
          [
            -0.007158659398555756,
            0.9762132167816162,
            -0.21669456362724304,
            0.0
          ],
          [
            -0.02171768620610237,
            0.21649722754955292,
            0.9760416746139526,
            0.0
          ],
          [
            0.0,
            0.0,
            0.0,
            1.0
          ]
        ],
        "rotation_mode": "QUATERNION"
      },
      "armature_space": {
        "head": {
          "x": 0.5836434960365295,
          "y": -0.34298908710479736,
          "z": 0.44247740507125854
        },
        "tail": {
          "x": 0.6130986213684082,
          "y": -0.3404376208782196,
          "z": 0.44974228739738464
        }
      },
      "world_space": {
        "head": {
          "x": 0.5836434960365295,
          "y": -0.27974510192871094,
          "z": 1.3923313617706299
        },
        "tail": {
          "x": 0.6130986213684082,
          "y": -0.2771936058998108,
          "z": 1.3995963335037231
        },
        "rotation_quaternion": {
          "w": 0.6342005729675293,
          "x": -0.19400939345359802,
          "y": -0.3737524449825287,
          "z": -0.6484282612800598
        },
        "matrix": [
          [
            -0.12029816955327988,
            0.96748948097229,
            -0.22246873378753662,
            0.5836434960365295
          ],
          [
            -0.6774449944496155,
            0.08380592614412308,
            0.7307837009429932,
            -0.27974510192871094
          ],
          [
            0.7256743311882019,
            0.23862405121326447,
            0.645344614982605,
            1.3923313617706299
          ],
          [
            0.0,
            0.0,
            0.0,
            1.0
          ]
        ]
      },
      "bone_length_armature_space": 0.030444915671096674,
      "parent": "thumb_02_l",
      "has_children": false,
      "is_end_bone": true
    },
    "metacarpal_index_l": {
      "name": "metacarpal_index_l",
      "local": {
        "location": {
          "x": 0.0,
          "y": 0.0,
          "z": 0.0
        },
        "rotation_quaternion": {
          "w": 0.9995071887969971,
          "x": -0.029909173026680946,
          "y": -0.008041970431804657,
          "z": 0.005124806892126799
        },
        "scale": {
          "x": 1.0,
          "y": 1.0,
          "z": 1.0
        },
        "matrix_basis": [
          [
            0.9998181462287903,
            -0.009763505309820175,
            -0.016382571309804916,
            0.0
          ],
          [
            0.010725620202720165,
            0.99815833568573,
            0.0597064383327961,
            0.0
          ],
          [
            0.015769457444548607,
            -0.05987129360437393,
            0.9980815649032593,
            0.0
          ],
          [
            0.0,
            0.0,
            0.0,
            1.0
          ]
        ],
        "rotation_mode": "QUATERNION"
      },
      "armature_space": {
        "head": {
          "x": 0.530357837677002,
          "y": -0.2529715299606323,
          "z": 0.432975709438324
        },
        "tail": {
          "x": 0.6097416877746582,
          "y": -0.33158600330352783,
          "z": 0.4682912826538086
        }
      },
      "world_space": {
        "head": {
          "x": 0.530357837677002,
          "y": -0.1897275298833847,
          "z": 1.3828296661376953
        },
        "tail": {
          "x": 0.6097416877746582,
          "y": -0.2683420181274414,
          "z": 1.4181452989578247
        },
        "rotation_quaternion": {
          "w": 0.3305501937866211,
          "x": 0.7867852449417114,
          "y": 0.2350950688123703,
          "z": -0.4652267098426819
        },
        "matrix": [
          [
            0.45658886432647705,
            0.6775002479553223,
            -0.5766453742980957,
            0.530357837677002
          ],
          [
            0.06237785518169403,
            -0.6709338426589966,
            -0.7388891577720642,
            -0.1897275298833847
          ],
          [
            -0.8874945044517517,
            0.30140015482902527,
            -0.3486050069332123,
            1.3828296661376953
          ],
          [
            0.0,
            0.0,
            0.0,
            1.0
          ]
        ]
      },
      "bone_length_armature_space": 0.11717175834944743,
      "parent": "lowerarm_l",
      "has_children": true,
      "is_end_bone": false
    },
    "index_01_l": {
      "name": "index_01_l",
      "local": {
        "location": {
          "x": 0.0,
          "y": 0.0,
          "z": 0.0
        },
        "rotation_quaternion": {
          "w": 0.9986010789871216,
          "x": -0.04944148287177086,
          "y": -0.018742965534329414,
          "z": -0.0005222410545684397
        },
        "scale": {
          "x": 1.0,
          "y": 1.0,
          "z": 1.0
        },
        "matrix_basis": [
          [
            0.9992968440055847,
            0.002896381076425314,
            -0.0373818501830101,
            0.0
          ],
          [
            0.0008103390573523939,
            0.9951105117797852,
            0.09876421093940735,
            0.0
          ],
          [
            0.03748513013124466,
            -0.09872505813837051,
            0.9944084882736206,
            0.0
          ],
          [
            0.0,
            0.0,
            0.0,
            1.0
          ]
        ],
        "rotation_mode": "QUATERNION"
      },
      "armature_space": {
        "head": {
          "x": 0.6097416877746582,
          "y": -0.33158600330352783,
          "z": 0.4682912826538086
        },
        "tail": {
          "x": 0.6355670094490051,
          "y": -0.3435760736465454,
          "z": 0.46982720494270325
        }
      },
      "world_space": {
        "head": {
          "x": 0.6097416877746582,
          "y": -0.2683420181274414,
          "z": 1.4181452989578247
        },
        "tail": {
          "x": 0.6355670094490051,
          "y": -0.280332088470459,
          "z": 1.419681191444397
        },
        "rotation_quaternion": {
          "w": 0.3319624364376068,
          "x": 0.6931052207946777,
          "y": 0.42373839020729065,
          "z": -0.47942885756492615
        },
        "matrix": [
          [
            0.1811867207288742,
            0.9056957960128784,
            -0.38325759768486023,
            0.6097416877746582
          ],
          [
            0.269086092710495,
            -0.42049211263656616,
            -0.8664753437042236,
            -0.2683420181274414
          ],
          [
            -0.9459260702133179,
            0.05386457219719887,
            -0.31990066170692444,
            1.4181452989578247
          ],
          [
            0.0,
            0.0,
            0.0,
            1.0
          ]
        ]
      },
      "bone_length_armature_space": 0.028514348459243197,
      "parent": "metacarpal_index_l",
      "has_children": true,
      "is_end_bone": false
    },
    "index_02_l": {
      "name": "index_02_l",
      "local": {
        "location": {
          "x": 0.0,
          "y": 0.0,
          "z": 0.0
        },
        "rotation_quaternion": {
          "w": 0.985693097114563,
          "x": 0.16838902235031128,
          "y": 0.006491499021649361,
          "z": 0.003474739147350192
        },
        "scale": {
          "x": 1.0,
          "y": 1.0,
          "z": 1.0
        },
        "matrix_basis": [
          [
            0.9998915791511536,
            -0.004663858562707901,
            0.013967467471957207,
            0.0
          ],
          [
            0.009036246687173843,
            0.9432661533355713,
            -0.3319146931171417,
            0.0
          ],
          [
            -0.011627036146819592,
            0.3320049047470093,
            0.9432060122489929,
            0.0
          ],
          [
            0.0,
            0.0,
            0.0,
            1.0
          ]
        ],
        "rotation_mode": "QUATERNION"
      },
      "armature_space": {
        "head": {
          "x": 0.6355671882629395,
          "y": -0.3435765504837036,
          "z": 0.4698273539543152
        },
        "tail": {
          "x": 0.6548272371292114,
          "y": -0.3604789078235626,
          "z": 0.46862295269966125
        }
      },
      "world_space": {
        "head": {
          "x": 0.6355671882629395,
          "y": -0.2803325653076172,
          "z": 1.4196813106536865
        },
        "tail": {
          "x": 0.6548272371292114,
          "y": -0.2972348928451538,
          "z": 1.418476939201355
        },
        "rotation_quaternion": {
          "w": 0.23271115124225616,
          "x": 0.7188920974731445,
          "y": 0.34118354320526123,
          "z": -0.5591363906860352
        },
        "matrix": [
          [
            0.14191976189613342,
            0.7507837414741516,
            -0.6451220512390137,
            0.6355671882629395
          ],
          [
            0.23031377792358398,
            -0.6588776111602783,
            -0.7161259651184082,
            -0.2803325653076172
          ],
          [
            -0.9627184867858887,
            -0.04694893956184387,
            -0.26642605662345886,
            1.4196813106536865
          ],
          [
            0.0,
            0.0,
            0.0,
            1.0
          ]
        ]
      },
      "bone_length_armature_space": 0.02565326002683411,
      "parent": "index_01_l",
      "has_children": true,
      "is_end_bone": false
    },
    "index_03_l": {
      "name": "index_03_l",
      "local": {
        "location": {
          "x": 0.0,
          "y": 0.0,
          "z": 0.0
        },
        "rotation_quaternion": {
          "w": 0.974368155002594,
          "x": 0.22479328513145447,
          "y": 0.007427975535392761,
          "z": -0.00443069776520133
        },
        "scale": {
          "x": 1.0,
          "y": 1.0,
          "z": 1.0
        },
        "matrix_basis": [
          [
            0.9998503923416138,
            0.011973779648542404,
            0.012483183294534683,
            0.0
          ],
          [
            -0.005294743459671736,
            0.8988966941833496,
            -0.43812865018844604,
            0.0
          ],
          [
            -0.016467148438096046,
            0.4379970133304596,
            0.8988255858421326,
            0.0
          ],
          [
            0.0,
            0.0,
            0.0,
            1.0
          ]
        ],
        "rotation_mode": "QUATERNION"
      },
      "armature_space": {
        "head": {
          "x": 0.654827356338501,
          "y": -0.36047881841659546,
          "z": 0.46862301230430603
        },
        "tail": {
          "x": 0.664293646812439,
          "y": -0.38674435019493103,
          "z": 0.4600065052509308
        }
      },
      "world_space": {
        "head": {
          "x": 0.654827356338501,
          "y": -0.29723483324050903,
          "z": 1.4184770584106445
        },
        "tail": {
          "x": 0.664293646812439,
          "y": -0.3235003352165222,
          "z": 1.4098604917526245
        },
        "rotation_quaternion": {
          "w": 0.011401101015508175,
          "x": -0.7529295682907104,
          "y": -0.22451050579547882,
          "z": 0.618516206741333
        },
        "matrix": [
          [
            0.13406535983085632,
            0.3239797055721283,
            -0.9365167021751404,
            0.654827356338501
          ],
          [
            0.35218480229377747,
            -0.8989297151565552,
            -0.2605604827404022,
            -0.29723483324050903
          ],
          [
            -0.926284909248352,
            -0.29489755630493164,
            -0.23461784422397614,
            1.4184770584106445
          ],
          [
            0.0,
            0.0,
            0.0,
            1.0
          ]
        ]
      },
      "bone_length_armature_space": 0.029218710373841092,
      "parent": "index_02_l",
      "has_children": false,
      "is_end_bone": true
    },
    "metacarpal_pinky_l": {
      "name": "metacarpal_pinky_l",
      "local": {
        "location": {
          "x": 0.0,
          "y": 0.0,
          "z": 0.0
        },
        "rotation_quaternion": {
          "w": 0.9995608925819397,
          "x": -0.02237119898200035,
          "y": 0.0090331407263875,
          "z": -0.01720345765352249
        },
        "scale": {
          "x": 1.0,
          "y": 1.0,
          "z": 1.0
        },
        "matrix_basis": [
          [
            0.9992448687553406,
            0.03398764133453369,
            0.018828071653842926,
            0.0
          ],
          [
            -0.03479596972465515,
            0.9984071254730225,
            0.044411949813365936,
            0.0
          ],
          [
            -0.017288625240325928,
            -0.04503355547785759,
            0.9988358616828918,
            0.0
          ],
          [
            0.0,
            0.0,
            0.0,
            1.0
          ]
        ],
        "rotation_mode": "QUATERNION"
      },
      "armature_space": {
        "head": {
          "x": 0.530357837677002,
          "y": -0.2529715299606323,
          "z": 0.432975709438324
        },
        "tail": {
          "x": 0.6283248662948608,
          "y": -0.28754258155822754,
          "z": 0.4258682131767273
        }
      },
      "world_space": {
        "head": {
          "x": 0.530357837677002,
          "y": -0.1897275298833847,
          "z": 1.3828296661376953
        },
        "tail": {
          "x": 0.6283248662948608,
          "y": -0.22429858148097992,
          "z": 1.3757221698760986
        },
        "rotation_quaternion": {
          "w": 0.5737406611442566,
          "x": -0.15643468499183655,
          "y": -0.0694483146071434,
          "z": -0.80095374584198
        },
        "matrix": [
          [
            -0.2926994264125824,
            0.9408078193664551,
            0.17090213298797607,
            0.530357837677002
          ],
          [
            -0.8973510265350342,
            -0.3319966197013855,
            0.29075688123703003,
            -0.1897275298833847
          ],
          [
            0.33028677105903625,
            -0.06825552880764008,
            0.94141685962677,
            1.3828296661376953
          ],
          [
            0.0,
            0.0,
            0.0,
            1.0
          ]
        ]
      },
      "bone_length_armature_space": 0.10413075011780651,
      "parent": "lowerarm_l",
      "has_children": true,
      "is_end_bone": false
    },
    "pinky_01_l": {
      "name": "pinky_01_l",
      "local": {
        "location": {
          "x": 0.0,
          "y": 0.0,
          "z": 0.0
        },
        "rotation_quaternion": {
          "w": 0.9989357590675354,
          "x": 0.04279649630188942,
          "y": -0.006447207648307085,
          "z": -0.015945402905344963
        },
        "scale": {
          "x": 1.0,
          "y": 1.0,
          "z": 1.0
        },
        "matrix_basis": [
          [
            0.9994083642959595,
            0.03130502998828888,
            -0.014245507307350636,
            0.0
          ],
          [
            -0.0324087031185627,
            0.99582839012146,
            -0.08529629558324814,
            0.0
          ],
          [
            0.011515878140926361,
            0.08570750802755356,
            0.9962537884712219,
            0.0
          ],
          [
            0.0,
            0.0,
            0.0,
            1.0
          ]
        ],
        "rotation_mode": "QUATERNION"
      },
      "armature_space": {
        "head": {
          "x": 0.6283248662948608,
          "y": -0.28754258155822754,
          "z": 0.4258682131767273
        },
        "tail": {
