{
  "metadata": {
    "armature_name": "KIM_caucasian_male",
    "export_time": "2026-01-13T21:04:18.105513",
    "blender_version": "4.4.1",
    "bone_count": 56,
    "end_bone_count": 13,
    "spaces_included": [
      "LOCAL_CHANNELS",
      "ARMATURE_SPACE",
      "WORLD_SPACE"
    ],
    "note": "LOCAL matches Transform panel; replay pose via local.matrix_basis for best fidelity."
  },
  "bones": {
    "Root": {
      "name": "Root",
      "local": {
        "location": {
          "x": 0.0,
          "y": 0.0,
          "z": 0.0
        },
        "rotation_quaternion": {
          "w": 0.9997953176498413,
          "x": 0.007233504671603441,
          "y": -0.015584364533424377,
          "z": 0.01068392489105463
        },
        "scale": {
          "x": 1.0,
          "y": 1.0,
          "z": 1.0
        },
        "matrix_basis": [
          [
            0.9992859363555908,
            -0.02158893458545208,
            -0.031007785350084305,
            0.0
          ],
          [
            0.021138016134500504,
            0.9996670484542847,
            -0.01479705236852169,
            0.0
          ],
          [
            0.03131691366434097,
            0.014131044037640095,
            0.9994096159934998,
            0.0
          ],
          [
            0.0,
            0.0,
            0.0,
            1.0
          ]
        ],
        "rotation_mode": "QUATERNION"
      },
      "armature_space": {
        "head": {
          "x": 0.0,
          "y": 0.07072800397872925,
          "z": -0.009595036506652832
        },
        "tail": {
          "x": -0.0015409289626404643,
          "y": -0.00011204183101654053,
          "z": -0.0010026628151535988
        }
      },
      "world_space": {
        "head": {
          "x": 0.0,
          "y": 0.13397200405597687,
          "z": 0.9402589797973633
        },
        "tail": {
          "x": -0.0015409289626404643,
          "y": 0.06313195824623108,
          "z": 0.9488513469696045
        },
        "rotation_quaternion": {
          "w": 0.06013680249452591,
          "x": 0.9980114102363586,
          "y": -0.011709540151059628,
          "z": -0.014829209074378014
        },
        "matrix": [
          [
            0.9992859363555908,
            -0.02158893458545208,
            -0.031007785350084305,
            0.0
          ],
          [
            -0.02515607327222824,
            -0.9924929141998291,
            -0.11968758702278137,
            0.13397200405597687
          ],
          [
            -0.028191298246383667,
            0.12038205564022064,
            -0.9923343658447266,
            0.9402589797973633
          ],
          [
            0.0,
            0.0,
            0.0,
            1.0
          ]
        ]
      },
      "bone_length_armature_space": 0.0713758738494532,
      "parent": null,
      "has_children": true,
      "is_end_bone": false
    },
    "spine_01": {
      "name": "spine_01",
      "local": {
        "location": {
          "x": 0.0,
          "y": 0.0,
          "z": 0.0
        },
        "rotation_quaternion": {
          "w": 0.9979612827301025,
          "x": -0.018027691170573235,
          "y": -0.05610254779458046,
          "z": 0.024511193856596947
        },
        "scale": {
          "x": 1.0,
          "y": 1.0,
          "z": 1.0
        },
        "matrix_basis": [
          [
            0.9925034046173096,
            -0.046899646520614624,
            -0.11286009848117828,
            0.0
          ],
          [
            0.05094524472951889,
            0.9981483817100525,
            0.033231593668460846,
            0.0
          ],
          [
            0.11109258234500885,
            -0.03873215615749359,
            0.993054986000061,
            0.0
          ],
          [
            0.0,
            0.0,
            0.0,
            1.0
          ]
        ],
        "rotation_mode": "QUATERNION"
      },
      "armature_space": {
        "head": {
          "x": -0.0015409289626404643,
          "y": -0.00011204183101654053,
          "z": -0.0010026628151535988
        },
        "tail": {
          "x": -0.009833444841206074,
          "y": 0.034895189106464386,
          "z": 0.4856741428375244
        }
      },
      "world_space": {
        "head": {
          "x": -0.0015409289626404643,
          "y": 0.06313195824623108,
          "z": 0.9488513469696045
        },
        "tail": {
          "x": -0.009833444841206074,
          "y": 0.098139189183712,
          "z": 1.4355281591415405
        },
        "rotation_quaternion": {
          "w": 0.7299129962921143,
          "x": 0.6800858974456787,
          "y": -0.055630967020988464,
          "z": -0.04019305109977722
        },
        "matrix": [
          [
            0.9905794262886047,
            -0.01699281670153141,
            -0.13588084280490875,
            -0.0015409289626404643
          ],
          [
            -0.13434240221977234,
            0.07173594832420349,
            -0.9883350729942322,
            0.06313195824623108
          ],
          [
            0.02654220722615719,
            0.9972860217094421,
            0.06877686828374863,
            0.9488513469696045
          ],
          [
            0.0,
            0.0,
            0.0,
            1.0
          ]
        ]
      },
      "bone_length_armature_space": 0.4880046995777647,
      "parent": "Root",
      "has_children": true,
      "is_end_bone": false
    },
    "neck_01": {
      "name": "neck_01",
      "local": {
        "location": {
          "x": 0.0,
          "y": 0.0,
          "z": 0.0
        },
        "rotation_quaternion": {
          "w": 0.993979275226593,
          "x": -0.03336692228913307,
          "y": 0.09629513323307037,
          "z": 0.04023866727948189
        },
        "scale": {
          "x": 1.0,
          "y": 1.0,
          "z": 1.0
        },
        "matrix_basis": [
          [
            0.9782161712646484,
            -0.08641894906759262,
            0.18874545395374298,
            0.0
          ],
          [
            0.07356666028499603,
            0.994534969329834,
            0.07408163696527481,
            0.0
          ],
          [
            -0.19411601126194,
            -0.05858248099684715,
            0.9792277812957764,
            0.0
          ],
          [
            0.0,
            0.0,
            0.0,
            1.0
          ]
        ],
        "rotation_mode": "QUATERNION"
      },
      "armature_space": {
        "head": {
          "x": -0.01579003967344761,
          "y": 0.005871687084436417,
          "z": 0.5610790848731995
        },
        "tail": {
          "x": -0.030704064294695854,
          "y": -0.01878775842487812,
          "z": 0.6594672799110413
        }
      },
      "world_space": {
        "head": {
          "x": -0.01579003967344761,
          "y": 0.06911568343639374,
          "z": 1.5109331607818604
        },
        "tail": {
          "x": -0.030704064294695854,
          "y": 0.04445624351501465,
          "z": 1.6093213558197021
        },
        "rotation_quaternion": {
          "w": 0.6150676608085632,
          "x": 0.7844446897506714,
          "y": -0.03777216374874115,
          "z": 0.07008334249258041
        },
        "matrix": [
          [
            0.9873232245445251,
            -0.14547239243984222,
            0.0634872168302536,
            -0.01579003967344761
          ],
          [
            0.026950791478157043,
            -0.2405298799276352,
            -0.9702677130699158,
            0.06911568343639374
          ],
          [
            0.15641885995864868,
            0.959685206413269,
            -0.23356270790100098,
            1.5109331607818604
          ],
          [
            0.0,
            0.0,
            0.0,
            1.0
          ]
        ]
      },
      "bone_length_armature_space": 0.1025219639787513,
      "parent": "spine_01",
      "has_children": true,
      "is_end_bone": false
    },
    "head": {
      "name": "head",
      "local": {
        "location": {
          "x": 0.0,
          "y": 0.0,
          "z": 0.0
        },
        "rotation_quaternion": {
          "w": 0.9701602458953857,
          "x": 0.06484368443489075,
          "y": 0.14691203832626343,
          "z": 0.18166282773017883
        },
        "scale": {
          "x": 1.0,
          "y": 1.0,
          "z": 1.0
        },
        "matrix_basis": [
          [
            0.890830934047699,
            -0.3334314823150635,
            0.3086158037185669,
            0.0
          ],
          [
            0.3715367317199707,
            0.9255878329277039,
            -0.07244061678647995,
            0.0
          ],
          [
            -0.26149705052375793,
            0.17919443547725677,
            0.9484242796897888,
            0.0
          ],
          [
            0.0,
            0.0,
            0.0,
            1.0
          ]
        ],
        "rotation_mode": "QUATERNION"
      },
      "armature_space": {
        "head": {
          "x": -0.030704043805599213,
          "y": -0.018787890672683716,
          "z": 0.6594671607017517
        },
        "tail": {
          "x": -0.10450933128595352,
          "y": -0.029436178505420685,
          "z": 0.795454740524292
        }
      },
      "world_space": {
        "head": {
          "x": -0.030704043805599213,
          "y": 0.044456109404563904,
          "z": 1.609321117401123
        },
        "tail": {
          "x": -0.10450933128595352,
          "y": 0.033807821571826935,
          "z": 1.745308756828308
        },
        "rotation_quaternion": {
          "w": 0.680148184299469,
          "x": 0.6686403751373291,
          "y": -0.05539656803011894,
          "z": 0.29538071155548096
        },
        "matrix": [
          [
            0.8193619251251221,
            -0.47588616609573364,
            0.31965357065200806,
            -0.030704043805599213
          ],
          [
            0.3277277648448944,
            -0.06865866482257843,
            -0.942274272441864,
            0.044456109404563904
          ],
          [
            0.4703659117221832,
            0.8768290877342224,
            0.0997045487165451,
            1.609321117401123
          ],
          [
            0.0,
            0.0,
            0.0,
            1.0
          ]
        ]
      },
      "bone_length_armature_space": 0.15509103410247402,
      "parent": "neck_01",
      "has_children": false,
      "is_end_bone": true
    },
    "upperarm_l": {
      "name": "upperarm_l",
      "local": {
        "location": {
          "x": 0.0,
          "y": 0.0,
          "z": 0.0
        },
        "rotation_quaternion": {
          "w": 0.7790120244026184,
          "x": 0.37587353587150574,
          "y": 0.28363391757011414,
          "z": 0.41401851177215576
        },
        "scale": {
          "x": 1.0,
          "y": 1.0,
          "z": 1.0
        },
        "matrix_basis": [
          [
            0.4962809383869171,
            -0.4318298399448395,
            0.753145694732666,
            0.0
          ],
          [
            0.8582717776298523,
            0.37461552023887634,
            -0.3507606089115143,
            0.0
          ],
          [
            -0.13067126274108887,
            0.8204793930053711,
            0.5565418004989624,
            0.0
          ],
          [
            0.0,
            0.0,
            0.0,
            1.0
          ]
        ],
        "rotation_mode": "QUATERNION"
      },
      "armature_space": {
        "head": {
          "x": 0.13350558280944824,
          "y": -0.02225281298160553,
          "z": 0.4982543885707855
        },
        "tail": {
          "x": 0.21235346794128418,
          "y": -0.24539540708065033,
          "z": 0.6239453554153442
        }
      },
      "world_space": {
        "head": {
          "x": 0.13350558280944824,
          "y": 0.04099118709564209,
          "z": 1.448108434677124
        },
        "tail": {
          "x": 0.21235346794128418,
          "y": -0.1821514070034027,
          "z": 1.5737993717193604
        },
        "rotation_quaternion": {
          "w": 0.27611541748046875,
          "x": 0.9255316853523254,
          "y": 0.08603504300117493,
          "z": -0.2444370537996292
        },
        "matrix": [
          [
            0.8656973242759705,
            0.2942420542240143,
            -0.40495675802230835,
            0.13350558280944824
          ],
          [
            0.024271003901958466,
            -0.8327165842056274,
            -0.5531676411628723,
            0.04099118709564209
          ],
          [
            -0.4999827742576599,
            0.4690495729446411,
            -0.7280274629592896,
            1.448108434677124
          ],
          [
            0.0,
            0.0,
            0.0,
            1.0
          ]
        ]
      },
      "bone_length_armature_space": 0.26796982107421086,
      "parent": "spine_01",
      "has_children": true,
      "is_end_bone": false
    },
    "lowerarm_l": {
      "name": "lowerarm_l",
      "local": {
        "location": {
          "x": 0.0,
          "y": 0.0,
          "z": 0.0
        },
        "rotation_quaternion": {
          "w": 0.9542360305786133,
          "x": 0.19233019649982452,
          "y": -0.07221638411283493,
          "z": 0.21731911599636078
        },
        "scale": {
          "x": 1.0,
          "y": 1.0,
          "z": 1.0
        },
        "matrix_basis": [
          [
            0.8951143622398376,
            -0.442526251077652,
            -0.05422889441251755,
            0.0
          ],
          [
            0.3869686722755432,
            0.8315629959106445,
            -0.398444801568985,
            0.0
          ],
          [
            0.22141700983047485,
            0.33566880226135254,
            0.9155877828598022,
            0.0
          ],
          [
            0.0,
            0.0,
            0.0,
            1.0
          ]
        ],
        "rotation_mode": "QUATERNION"
      },
      "armature_space": {
        "head": {
          "x": 0.21235336363315582,
          "y": -0.2453955113887787,
          "z": 0.623945415019989
        },
        "tail": {
          "x": 0.10724252462387085,
          "y": -0.47143495082855225,
          "z": 0.721039891242981
        }
      },
      "world_space": {
        "head": {
          "x": 0.21235336363315582,
          "y": -0.18215151131153107,
          "z": 1.5737993717193604
        },
        "tail": {
          "x": 0.10724252462387085,
          "y": -0.4081909656524658,
          "z": 1.670893907546997
        },
        "rotation_quaternion": {
          "w": 0.11242543905973434,
          "x": 0.9085774421691895,
          "y": -0.2547459602355957,
          "z": -0.3113712966442108
        },
        "matrix": [
          [
            0.6763046383857727,
            -0.392901748418808,
            -0.6230894327163696,
            0.21235336363315582
          ],
          [
            -0.5329253077507019,
            -0.8449299931526184,
            -0.04565250873565674,
            -0.18215151131153107
          ],
          [
            -0.5085339546203613,
            0.3629368543624878,
            -0.7808228731155396,
            1.5737993717193604
          ],
          [
            0.0,
            0.0,
            0.0,
            1.0
          ]
        ]
      },
      "bone_length_armature_space": 0.2675246773543924,
      "parent": "upperarm_l",
      "has_children": true,
      "is_end_bone": false
    },
    "metacarpal_thumb_l": {
      "name": "metacarpal_thumb_l",
      "local": {
        "location": {
          "x": 0.0,
          "y": 0.0,
          "z": 0.0
        },
        "rotation_quaternion": {
          "w": 0.9986296892166138,
          "x": -0.048036810010671616,
          "y": -0.019479980692267418,
          "z": -0.007204254157841206
        },
        "scale": {
          "x": 1.0,
          "y": 1.0,
          "z": 1.0
        },
        "matrix_basis": [
          [
            0.999137282371521,
            0.01626027561724186,
            -0.03821443393826485,
            0.0
          ],
          [
            -0.012517252005636692,
            0.9952811002731323,
            0.0962226465344429,
            0.0
          ],
          [
            0.03959871456027031,
            -0.09566128998994827,
            0.994625985622406,
            0.0
          ],
          [
            0.0,
            0.0,
            0.0,
            1.0
          ]
        ],
        "rotation_mode": "QUATERNION"
      },
      "armature_space": {
        "head": {
          "x": 0.10724252462387085,
          "y": -0.47143495082855225,
          "z": 0.721039891242981
        },
        "tail": {
          "x": 0.07660972326993942,
          "y": -0.5090639591217041,
          "z": 0.7110760807991028
        }
      },
      "world_space": {
        "head": {
          "x": 0.10724252462387085,
          "y": -0.4081909656524658,
          "z": 1.670893907546997
        },
        "tail": {
          "x": 0.07660972326993942,
          "y": -0.4458199739456177,
          "z": 1.6609301567077637
        },
        "rotation_quaternion": {
          "w": 0.06557085365056992,
          "x": 0.8210117220878601,
          "y": -0.3403930366039276,
          "z": 0.4536220133304596
        },
        "matrix": [
          [
            0.356718510389328,
            -0.6184238791465759,
            0.7002170085906982,
            0.10724252462387085
          ],
          [
            -0.4994446039199829,
            -0.7596649527549744,
            -0.41649046540260315,
            -0.4081909656524658
          ],
          [
            0.7895031571388245,
            -0.20115184783935547,
            -0.5798594355583191,
            1.670893907546997
          ],
          [
            0.0,
            0.0,
            0.0,
            1.0
          ]
        ]
      },
      "bone_length_armature_space": 0.049533707975098734,
      "parent": "lowerarm_l",
      "has_children": true,
      "is_end_bone": false
    },
    "thumb_01_l": {
      "name": "thumb_01_l",
      "local": {
        "location": {
          "x": 0.0,
          "y": 0.0,
          "z": 0.0
        },
        "rotation_quaternion": {
          "w": 0.9992972612380981,
          "x": 0.034193579107522964,
          "y": 0.009578621946275234,
          "z": -0.012006626464426517
        },
        "scale": {
          "x": 1.0,
          "y": 1.0,
          "z": 1.0
        },
        "matrix_basis": [
          [
            0.999528169631958,
            0.024651432409882545,
            0.01832268200814724,
            0.0
          ],
          [
            -0.02334132231771946,
            0.9973732829093933,
            -0.068569116294384,
            0.0
          ],
          [
            -0.019964881241321564,
            0.06810908764600754,
            0.9974781274795532,
            0.0
          ],
          [
            0.0,
            0.0,
            0.0,
            1.0
          ]
        ],
        "rotation_mode": "QUATERNION"
      },
      "armature_space": {
        "head": {
          "x": 0.07660972326993942,
          "y": -0.5090639591217041,
          "z": 0.7110760807991028
        },
        "tail": {
          "x": 0.07897075265645981,
          "y": -0.536141037940979,
          "z": 0.6905848383903503
        }
      },
      "world_space": {
        "head": {
          "x": 0.07660972326993942,
          "y": -0.4458199739456177,
          "z": 1.6609301567077637
        },
        "tail": {
          "x": 0.07897075265645981,
          "y": -0.4728970527648926,
          "z": 1.6404387950897217
        },
        "rotation_quaternion": {
          "w": 0.08763337135314941,
          "x": -0.1536436676979065,
          "y": 0.30753853917121887,
          "z": -0.9349514245986938
        },
        "matrix": [
          [
            -0.9374279975891113,
            0.06936343014240265,
            0.34119999408721924,
            0.07660972326993942
          ],
          [
            -0.2583686411380768,
            -0.7954813241958618,
            -0.5481380224227905,
            -0.4458199739456177
          ],
          [
            0.23339883983135223,
            -0.60200035572052,
            0.7636327743530273,
            1.6609301567077637
          ],
          [
            0.0,
            0.0,
            0.0,
            1.0
          ]
        ]
      },
      "bone_length_armature_space": 0.03403870850030126,
      "parent": "metacarpal_thumb_l",
      "has_children": true,
      "is_end_bone": false
    },
    "thumb_02_l": {
      "name": "thumb_02_l",
      "local": {
        "location": {
          "x": 0.0,
          "y": 0.0,
          "z": 0.0
        },
        "rotation_quaternion": {
          "w": 0.9919689297676086,
          "x": 0.1262485831975937,
          "y": -0.0017242163885384798,
          "z": -0.007489709183573723
        },
        "scale": {
          "x": 1.0,
          "y": 1.0,
          "z": 1.0
        },
        "matrix_basis": [
          [
            0.9998818635940552,
            0.014423757791519165,
            -0.005311868619173765,
            0.0
          ],
          [
            -0.015294477343559265,
            0.968010425567627,
            -0.2504435181617737,
            0.0
          ],
          [
            0.0015296078054234385,
            0.25049516558647156,
            0.9681166410446167,
            0.0
          ],
          [
            0.0,
            0.0,
            0.0,
            1.0
          ]
        ],
        "rotation_mode": "QUATERNION"
      },
      "armature_space": {
        "head": {
          "x": 0.0789707750082016,
          "y": -0.5361409783363342,
          "z": 0.6905847787857056
        },
        "tail": {
          "x": 0.06302398443222046,
          "y": -0.5663785934448242,
          "z": 0.7116696834564209
        }
      },
      "world_space": {
        "head": {
          "x": 0.0789707750082016,
          "y": -0.4728969931602478,
          "z": 1.6404387950897217
        },
        "tail": {
          "x": 0.06302398443222046,
          "y": -0.5031346082687378,
          "z": 1.661523699760437
        },
        "rotation_quaternion": {
          "w": 0.18142881989479065,
          "x": -0.09833773225545883,
          "y": 0.3010990619659424,
          "z": 0.930995523929596
        },
        "matrix": [
          [
            -0.914826512336731,
            -0.39703792333602905,
            -0.07384690642356873,
            0.0789707750082016
          ],
          [
            0.27860063314437866,
            -0.7528454661369324,
            0.5963267087936401,
            -0.4728969931602478
          ],
          [
            -0.2923615872859955,
            0.5249646902084351,
            0.7993441820144653,
            1.6404387950897217
          ],
          [
            0.0,
            0.0,
            0.0,
            1.0
          ]
        ]
      },
      "bone_length_armature_space": 0.04016449553316627,
      "parent": "thumb_01_l",
      "has_children": true,
      "is_end_bone": false
    },
    "thumb_03_l": {
      "name": "thumb_03_l",
      "local": {
        "location": {
          "x": 0.0,
          "y": 0.0,
          "z": 0.0
        },
        "rotation_quaternion": {
          "w": 0.998292088508606,
          "x": 0.05830537527799606,
          "y": -0.0026243168395012617,
          "z": 0.0025658279191702604
        },
        "scale": {
          "x": 1.0,
          "y": 1.0,
          "z": 1.0
        },
        "matrix_basis": [
          [
            0.9999730587005615,
            -0.005428914912045002,
            -0.0049404664896428585,
            0.0
          ],
          [
            0.0048168678767979145,
            0.9931877851486206,
            -0.116425059735775,
            0.0
          ],
          [
            0.005538872443139553,
            0.11639812588691711,
            0.9931871891021729,
            0.0
          ],
          [
            0.0,
            0.0,
            0.0,
            1.0
          ]
        ],
        "rotation_mode": "QUATERNION"
      },
      "armature_space": {
        "head": {
          "x": 0.06302395462989807,
          "y": -0.5663785934448242,
          "z": 0.7116695642471313
        },
        "tail": {
          "x": 0.05441315844655037,
          "y": -0.5816386342048645,
          "z": 0.7365670204162598
        }
      },
      "world_space": {
        "head": {
          "x": 0.06302395462989807,
          "y": -0.5031346082687378,
          "z": 1.6615235805511475
        },
        "tail": {
          "x": 0.05441315844655037,
          "y": -0.5183946490287781,
          "z": 1.6864210367202759
        },
        "rotation_quaternion": {
          "w": 0.04444573074579239,
          "x": -0.20918449759483337,
          "y": 0.4974004030227661,
          "z": 0.8407492637634277
        },
        "matrix": [
          [
            -0.9085333347320557,
            -0.2828322649002075,
            -0.30752745270729065,
            0.06302395462989807
          ],
          [
            -0.13336028158664703,
            -0.5012350082397461,
            0.8549728989601135,
            -0.5031346082687378
          ],
          [
            -0.3959605097770691,
            0.8177886009216309,
            0.41767382621765137,
            1.6615235805511475
          ],
          [
            0.0,
            0.0,
            0.0,
            1.0
          ]
        ]
      },
      "bone_length_armature_space": 0.03044499886107617,
      "parent": "thumb_02_l",
      "has_children": false,
      "is_end_bone": true
    },
    "metacarpal_index_l": {
      "name": "metacarpal_index_l",
      "local": {
        "location": {
          "x": 0.0,
          "y": 0.0,
          "z": 0.0
        },
        "rotation_quaternion": {
          "w": 0.9999696016311646,
          "x": -0.004865096416324377,
          "y": -0.00388940516859293,
          "z": -0.004700157791376114
        },
        "scale": {
          "x": 1.0,
          "y": 1.0,
          "z": 1.0
        },
        "matrix_basis": [
          [
            0.9999255537986755,
            0.009437874890863895,
            -0.00773284025490284,
            0.0
          ],
          [
            -0.00936218537390232,
            0.9999085068702698,
            0.00976645853370428,
            0.0
          ],
          [
            0.007824307307600975,
            -0.009693335741758347,
            0.9999223947525024,
            0.0
          ],
          [
            0.0,
            0.0,
            0.0,
            1.0
          ]
        ],
        "rotation_mode": "QUATERNION"
      },
      "armature_space": {
        "head": {
          "x": 0.10724252462387085,
          "y": -0.47143495082855225,
          "z": 0.721039891242981
        },
        "tail": {
          "x": 0.0457376204431057,
          "y": -0.5705592632293701,
          "z": 0.7320279479026794
        }
      },
      "world_space": {
        "head": {
          "x": 0.10724252462387085,
          "y": -0.4081909656524658,
          "z": 1.670893907546997
        },
        "tail": {
          "x": 0.0457376204431057,
          "y": -0.5073152780532837,
          "z": 1.6818819046020508
        },
        "rotation_quaternion": {
          "w": 0.09826400876045227,
          "x": 0.9443016052246094,
          "y": -0.2595318853855133,
          "z": 0.17686671018600464
        },
        "matrix": [
          [
            0.8027226328849792,
            -0.5249124765396118,
            0.283025324344635,
            0.10724252462387085
          ],
          [
            -0.4553934633731842,
            -0.8459746241569519,
            -0.277387797832489,
            -0.4081909656524658
          ],
          [
            0.3850388824939728,
            0.09377739578485489,
            -0.9181313514709473,
            1.670893907546997
          ],
          [
            0.0,
            0.0,
            0.0,
            1.0
          ]
        ]
      },
      "bone_length_armature_space": 0.11717175350591932,
      "parent": "lowerarm_l",
      "has_children": true,
      "is_end_bone": false
    },
    "index_01_l": {
      "name": "index_01_l",
      "local": {
        "location": {
          "x": 0.0,
          "y": 0.0,
          "z": 0.0
        },
        "rotation_quaternion": {
          "w": 0.9968926906585693,
          "x": -0.07836426049470901,
          "y": 0.0028022807091474533,
          "z": 0.007496432401239872
        },
        "scale": {
          "x": 1.0,
          "y": 1.0,
          "z": 1.0
        },
        "matrix_basis": [
          [
            0.9998719096183777,
            -0.015385475009679794,
            0.004412241745740175,
            0.0
          ],
          [
            0.014507080428302288,
            0.9876056909561157,
            0.15628352761268616,
            0.0
          ],
          [
            -0.006762051023542881,
            -0.15619949996471405,
            0.9877023696899414,
            0.0
          ],
          [
            0.0,
            0.0,
            0.0,
            1.0
          ]
        ],
        "rotation_mode": "QUATERNION"
      },
      "armature_space": {
        "head": {
          "x": 0.0457376204431057,
          "y": -0.5705592632293701,
          "z": 0.7320279479026794
        },
        "tail": {
          "x": 0.037137482315301895,
          "y": -0.5942230224609375,
          "z": 0.7454121112823486
        }
      },
      "world_space": {
        "head": {
          "x": 0.0457376204431057,
          "y": -0.5073152780532837,
          "z": 1.6818819046020508
        },
        "tail": {
          "x": 0.037137482315301895,
          "y": -0.5309790372848511,
          "z": 1.6952661275863647
        },
        "rotation_quaternion": {
          "w": 0.2672446668148041,
          "x": 0.9444350004196167,
          "y": -0.11677387356758118,
          "z": 0.15161435306072235
        },
        "matrix": [
          [
            0.9267539978027344,
            -0.3016071617603302,
            0.22396472096443176,
            0.0457376204431057
          ],
          [
            -0.1395346075296402,
            -0.8298882246017456,
            -0.5401999354362488,
            -0.5073152780532837
          ],
          [
            0.3487962484359741,
            0.4693841338157654,
            -0.8111929893493652,
            1.6818819046020508
          ],
          [
            0.0,
            0.0,
            0.0,
            1.0
          ]
        ]
      },
      "bone_length_armature_space": 0.028514411693065622,
      "parent": "metacarpal_index_l",
      "has_children": true,
      "is_end_bone": false
    },
    "index_02_l": {
      "name": "index_02_l",
      "local": {
        "location": {
          "x": 0.0,
          "y": 0.0,
          "z": 0.0
        },
        "rotation_quaternion": {
          "w": 0.9831575155258179,
          "x": 0.18251313269138336,
          "y": -0.0012609775876626372,
          "z": -0.009420766495168209
        },
        "scale": {
          "x": 1.0,
          "y": 1.0,
          "z": 1.0
        },
        "matrix_basis": [
          [
            0.9998193383216858,
            0.018063904717564583,
            -0.005918306298553944,
            0.0
          ],
          [
            -0.018984485417604446,
            0.9332004189491272,
            -0.3588545620441437,
            0.0
          ],
          [
            -0.0009593480499461293,
            0.35890206694602966,
            0.9333747029304504,
            0.0
          ],
          [
            0.0,
            0.0,
            0.0,
            1.0
          ]
        ],
        "rotation_mode": "QUATERNION"
      },
      "armature_space": {
        "head": {
          "x": 0.037137217819690704,
          "y": -0.5942234396934509,
          "z": 0.7454119920730591
        },
        "tail": {
          "x": 0.03226994350552559,
          "y": -0.6189516186714172,
          "z": 0.7501993179321289
        }
      },
      "world_space": {
        "head": {
          "x": 0.037137217819690704,
          "y": -0.5309794545173645,
          "z": 1.6952660083770752
        },
        "tail": {
          "x": 0.03226994350552559,
          "y": -0.5557076334953308,
          "z": 1.700053334236145
        },
        "rotation_quaternion": {
          "w": 0.1058661937713623,
          "x": 0.982441782951355,
          "y": -0.0826042965054512,
          "z": 0.12952689826488495
        },
        "matrix": [
          [
            0.9527987241744995,
            -0.18973305821418762,
            0.2370150089263916,
            0.037137217819690704
          ],
          [
            -0.13488264381885529,
            -0.9639377593994141,
            -0.2294141948223114,
            -0.5309794545173645
          ],
          [
            0.2719970643520355,
            0.18661674857139587,
            -0.9440371990203857,
            1.6952660083770752
          ],
          [
            0.0,
            0.0,
            0.0,
            1.0
          ]
        ]
      },
      "bone_length_armature_space": 0.02565329760295465,
      "parent": "index_01_l",
      "has_children": true,
      "is_end_bone": false
    },
    "index_03_l": {
      "name": "index_03_l",
      "local": {
        "location": {
          "x": 0.0,
          "y": 0.0,
          "z": 0.0
        },
        "rotation_quaternion": {
          "w": 0.977531909942627,
          "x": 0.21055324375629425,
          "y": 0.00897940993309021,
          "z": -0.004251858685165644
        },
        "scale": {
          "x": 1.0,
          "y": 1.0,
          "z": 1.0
        },
        "matrix_basis": [
          [
            0.9998025894165039,
            0.012093942612409592,
            0.015764834359288216,
            0.0
          ],
          [
            -0.004531367216259241,
            0.9112985134124756,
            -0.4117213785648346,
            0.0
          ],
          [
            -0.019345805048942566,
            0.41156867146492004,
            0.911173403263092,
            0.0
          ],
          [
            0.0,
            0.0,
            0.0,
            1.0
          ]
        ],
        "rotation_mode": "QUATERNION"
      },
      "armature_space": {
        "head": {
          "x": 0.03226988762617111,
          "y": -0.6189514994621277,
          "z": 0.7501994371414185
        },
        "tail": {
          "x": 0.03426489606499672,
          "y": -0.6470444798469543,
          "z": 0.7424188852310181
        }
      },
      "world_space": {
        "head": {
          "x": 0.03226988762617111,
          "y": -0.5557075142860413,
          "z": 1.7000534534454346
        },
        "tail": {
          "x": 0.03426489606499672,
          "y": -0.5838004946708679,
          "z": 1.6922729015350342
        },
        "rotation_quaternion": {
          "w": 0.13841386139392853,
          "x": -0.9748379588127136,
          "y": -0.01025308109819889,
          "z": -0.17443527281284332
        },
        "matrix": [
          [
            0.9389345645904541,
            0.06827846169471741,
            0.3372536897659302,
            0.03226988762617111
          ],
          [
            -0.028298070654273033,
            -0.9614732265472412,
            0.27343860268592834,
            -0.5557075142860413
          ],
          [
            0.34293287992477417,
            -0.26628732681274414,
            -0.900834321975708,
            1.7000534534454346
          ],
          [
            0.0,
            0.0,
            0.0,
            1.0
          ]
        ]
      },
      "bone_length_armature_space": 0.02921870298114592,
      "parent": "index_02_l",
      "has_children": false,
      "is_end_bone": true
    },
    "metacarpal_pinky_l": {
      "name": "metacarpal_pinky_l",
      "local": {
        "location": {
          "x": 0.0,
          "y": 0.0,
          "z": 0.0
        },
        "rotation_quaternion": {
          "w": 0.9998749494552612,
          "x": -0.003679187037050724,
          "y": -0.013953601941466331,
          "z": 0.00646941177546978
        },
        "scale": {
          "x": 1.0,
          "y": 1.0,
          "z": 1.0
        },
        "matrix_basis": [
          [
            0.999526858329773,
            -0.012834529392421246,
            -0.02795131877064705,
            0.0
          ],
          [
            0.013039881363511086,
            0.9998891949653625,
            0.007176910527050495,
            0.0
          ],
          [
            0.02785610966384411,
            -0.007537997327744961,
            0.9995835423469543,
            0.0
          ],
          [
            0.0,
            0.0,
            0.0,
            1.0
          ]
        ],
        "rotation_mode": "QUATERNION"
      },
      "armature_space": {
        "head": {
          "x": 0.10724252462387085,
          "y": -0.47143495082855225,
          "z": 0.721039891242981
        },
        "tail": {
          "x": 0.08968106657266617,
          "y": -0.5538651347160339,
          "z": 0.7821964621543884
        }
      },
      "world_space": {
        "head": {
          "x": 0.10724252462387085,
          "y": -0.4081909656524658,
          "z": 1.670893907546997
        },
        "tail": {
          "x": 0.08968106657266617,
          "y": -0.4906211495399475,
          "z": 1.7320504188537598
        },
        "rotation_quaternion": {
          "w": 0.07972697913646698,
          "x": 0.4778216481208801,
          "y": -0.31279808282852173,
          "z": -0.8169990181922913
        },
        "matrix": [
          [
            -0.5306611061096191,
            -0.1686481237411499,
            -0.8306364417076111,
            0.10724252462387085
          ],
          [
            -0.4291972517967224,
            -0.7916025519371033,
            0.43491995334625244,
            -0.4081909656524658
          ],
          [
            -0.7308878898620605,
            0.5873053073883057,
            0.34769207239151,
            1.670893907546997
          ],
          [
            0.0,
            0.0,
            0.0,
            1.0
          ]
        ]
      },
      "bone_length_armature_space": 0.10413100601093128,
      "parent": "lowerarm_l",
      "has_children": true,
      "is_end_bone": false
    },
    "pinky_01_l": {
      "name": "pinky_01_l",
      "local": {
        "location": {
          "x": 0.0,
          "y": 0.0,
          "z": 0.0
        },
        "rotation_quaternion": {
          "w": 0.9996071457862854,
          "x": 0.02341577038168907,
          "y": -0.013506968505680561,
          "z": -0.0074124522507190704
        },
        "scale": {
          "x": 1.0,
          "y": 1.0,
          "z": 1.0
        },
        "matrix_basis": [
          [
            0.999525249004364,
            0.014186528511345387,
            -0.02735046111047268,
            0.0
          ],
          [
            -0.01545163244009018,
            0.9987935423851013,
            -0.046612903475761414,
            0.0
          ],
          [
            0.02665618807077408,
            0.047013383358716965,
            0.9985385537147522,
            0.0
          ],
          [
            0.0,
            0.0,
            0.0,
            1.0
          ]
        ],
        "rotation_mode": "QUATERNION"
      },
      "armature_space": {
        "head": {
          "x": 0.08968106657266617,
          "y": -0.5538651347160339,
          "z": 0.7821964621543884
        },
