{
  "metadata": {
    "armature_name": "KIM_caucasian_male",
    "export_time": "2026-01-13T19:12:02.836882",
    "blender_version": "4.4.1",
    "bone_count": 56,
    "end_bone_count": 13,
    "spaces_included": [
      "LOCAL_CHANNELS",
      "ARMATURE_SPACE",
      "WORLD_SPACE"
    ],
    "note": "LOCAL matches Transform panel; replay pose via local.matrix_basis for best fidelity."
  },
  "bones": {
    "Root": {
      "name": "Root",
      "local": {
        "location": {
          "x": 0.0,
          "y": 0.0,
          "z": 0.0
        },
        "rotation_quaternion": {
          "w": 0.9997975826263428,
          "x": -0.008550462312996387,
          "y": 0.015646494925022125,
          "z": 0.009318715892732143
        },
        "scale": {
          "x": 1.0,
          "y": 1.0,
          "z": 1.0
        },
        "matrix_basis": [
          [
            0.9993367195129395,
            -0.01890122890472412,
            0.03112729638814926,
            0.0
          ],
          [
            0.018366089090704918,
            0.9996801018714905,
            0.017389073967933655,
            0.0
          ],
          [
            -0.03144601359963417,
            -0.016805851832032204,
            0.9993641376495361,
            0.0
          ],
          [
            0.0,
            0.0,
            0.0,
            1.0
          ]
        ],
        "rotation_mode": "QUATERNION"
      },
      "armature_space": {
        "head": {
          "x": 0.0,
          "y": 0.07072800397872925,
          "z": -0.009595036506652832
        },
        "tail": {
          "x": -0.0013490916462615132,
          "y": 0.00018388032913208008,
          "z": 0.0011855820193886757
        }
      },
      "world_space": {
        "head": {
          "x": 0.0,
          "y": 0.13397200405597687,
          "z": 0.9402589797973633
        },
        "tail": {
          "x": -0.0013490916462615132,
          "y": 0.0634278804063797,
          "z": 0.9510396122932434
        },
        "rotation_quaternion": {
          "w": 0.07588505744934082,
          "x": 0.9969502687454224,
          "y": -0.008243473246693611,
          "z": 0.016238732263445854
        },
        "matrix": [
          [
            0.9993367195129395,
            -0.01890122890472412,
            0.03112729638814926,
            0.0
          ],
          [
            -0.013972104527056217,
            -0.9883469939231873,
            -0.1515754610300064,
            0.13397200405597687
          ],
          [
            0.033629752695560455,
            0.15104010701179504,
            -0.9879624843597412,
            0.9402589797973633
          ],
          [
            0.0,
            0.0,
            0.0,
            1.0
          ]
        ]
      },
      "bone_length_armature_space": 0.071375871756526,
      "parent": null,
      "has_children": true,
      "is_end_bone": false
    },
    "spine_01": {
      "name": "spine_01",
      "local": {
        "location": {
          "x": 0.0,
          "y": 0.0,
          "z": 0.0
        },
        "rotation_quaternion": {
          "w": 0.9933040142059326,
          "x": 0.0868821069598198,
          "y": 0.057538922876119614,
          "z": -0.049879368394613266
        },
        "scale": {
          "x": 1.0,
          "y": 1.0,
          "z": 1.0
        },
        "matrix_basis": [
          [
            0.9884026646614075,
            0.1090889573097229,
            0.10564003884792328,
            0.0
          ],
          [
            -0.08909254521131516,
            0.979927122592926,
            -0.17834070324897766,
            0.0
          ],
          [
            -0.12297453731298447,
            0.1668606847524643,
            0.978281557559967,
            0.0
          ],
          [
            0.0,
            0.0,
            0.0,
            1.0
          ]
        ],
        "rotation_mode": "QUATERNION"
      },
      "armature_space": {
        "head": {
          "x": -0.0013490916462615132,
          "y": 0.00018388032913208008,
          "z": 0.0011855820193886757
        },
        "tail": {
          "x": 0.034918319433927536,
          "y": -0.051186803728342056,
          "z": 0.4851216971874237
        }
      },
      "world_space": {
        "head": {
          "x": -0.0013490916462615132,
          "y": 0.0634278804063797,
          "z": 0.9510396122932434
        },
        "tail": {
          "x": 0.034918319433927536,
          "y": 0.012057196348905563,
          "z": 1.4349757432937622
        },
        "rotation_quaternion": {
          "w": 0.6661844253540039,
          "x": 0.7433145642280579,
          "y": 0.05970282480120659,
          "z": 0.010836159810423851
        },
        "matrix": [
          [
            0.9926363229751587,
            0.07431827485561371,
            0.09565597027540207,
            -0.0013490916462615132
          ],
          [
            0.10319415479898453,
            -0.10526753216981888,
            -0.9890753030776978,
            0.0634278804063797
          ],
          [
            -0.06343725323677063,
            0.9916698336601257,
            -0.11216329038143158,
            0.9510396122932434
          ],
          [
            0.0,
            0.0,
            0.0,
            1.0
          ]
        ]
      },
      "bone_length_armature_space": 0.48800452556772644,
      "parent": "Root",
      "has_children": true,
      "is_end_bone": false
    },
    "neck_01": {
      "name": "neck_01",
      "local": {
        "location": {
          "x": 0.0,
          "y": 0.0,
          "z": 0.0
        },
        "rotation_quaternion": {
          "w": 0.9958291053771973,
          "x": -0.08441873639822006,
          "y": -0.03422089293599129,
          "z": 0.005178467370569706
        },
        "scale": {
          "x": 1.0,
          "y": 1.0,
          "z": 1.0
        },
        "matrix_basis": [
          [
            0.997604250907898,
            -0.004535967949777842,
            -0.06903064250946045,
            0.0
          ],
          [
            0.01609150692820549,
            0.9856933355331421,
            0.1677788496017456,
            0.0
          ],
          [
            0.06728200614452362,
            -0.16848769783973694,
            0.983404815196991,
            0.0
          ],
          [
            0.0,
            0.0,
            0.0,
            1.0
          ]
        ],
        "rotation_mode": "QUATERNION"
      },
      "armature_space": {
        "head": {
          "x": 0.04367717728018761,
          "y": -0.09319590032100677,
          "z": 0.5538403987884521
        },
        "tail": {
          "x": 0.05282411351799965,
          "y": -0.12593847513198853,
          "z": 0.6505616903305054
        }
      },
      "world_space": {
        "head": {
          "x": 0.04367717728018761,
          "y": -0.029951900243759155,
          "z": 1.5036944150924683
        },
        "tail": {
          "x": 0.05282411351799965,
          "y": -0.0626944750547409,
          "z": 1.6004157066345215
        },
        "rotation_quaternion": {
          "w": 0.5821096897125244,
          "x": 0.8118763566017151,
          "y": 0.03822995349764824,
          "z": -0.023314977064728737
        },
        "matrix": [
          [
            0.9959898591041565,
            0.08921981602907181,
            0.006650786846876144,
            0.04367717728018761
          ],
          [
            0.034932691603899,
            -0.3193731904029846,
            -0.9469851851463318,
            -0.029951900243759155
          ],
          [
            -0.08236630260944366,
            0.9434258937835693,
            -0.3212122917175293,
            1.5036944150924683
          ],
          [
            0.0,
            0.0,
            0.0,
            1.0
          ]
        ]
      },
      "bone_length_armature_space": 0.10252195468171431,
      "parent": "spine_01",
      "has_children": true,
      "is_end_bone": false
    },
    "head": {
      "name": "head",
      "local": {
        "location": {
          "x": 0.0,
          "y": 0.0,
          "z": 0.0
        },
        "rotation_quaternion": {
          "w": 0.9712669849395752,
          "x": -0.06824364513158798,
          "y": 0.09900058060884476,
          "z": -0.20538295805454254
        },
        "scale": {
          "x": 1.0,
          "y": 1.0,
          "z": 1.0
        },
        "matrix_basis": [
          [
            0.8960334658622742,
            0.3854510486125946,
            0.2203441560268402,
            0.0
          ],
          [
            -0.41247570514678955,
            0.9063212871551514,
            0.09189953655004501,
            0.0
          ],
          [
            -0.16427983343601227,
            -0.17323166131973267,
            0.971083402633667,
            0.0
          ],
          [
            0.0,
            0.0,
            0.0,
            1.0
          ]
        ],
        "rotation_mode": "QUATERNION"
      },
      "armature_space": {
        "head": {
          "x": 0.05282410606741905,
          "y": -0.12593859434127808,
          "z": 0.6505615711212158
        },
        "tail": {
          "x": 0.12268786132335663,
          "y": -0.09094186127185822,
          "z": 0.7845299243927002
        }
      },
      "world_space": {
        "head": {
          "x": 0.05282410606741905,
          "y": -0.06269459426403046,
          "z": 1.600415587425232
        },
        "tail": {
          "x": 0.12268786132335663,
          "y": -0.027697861194610596,
          "z": 1.7343839406967163
        },
        "rotation_quaternion": {
          "w": 0.7405195236206055,
          "x": 0.6152076721191406,
          "y": 0.2538842558860779,
          "z": -0.09323783963918686
        },
        "matrix": [
          [
            0.8536997437477112,
            0.4504716992378235,
            0.2612895369529724,
            0.05282410606741905
          ],
          [
            0.17429158091545105,
            0.22565403580665588,
            -0.9584900736808777,
            -0.06269459426403046
          ],
          [
            -0.49073684215545654,
            0.86380934715271,
            0.11412713676691055,
            1.600415587425232
          ],
          [
            0.0,
            0.0,
            0.0,
            1.0
          ]
        ]
      },
      "bone_length_armature_space": 0.15509105188292016,
      "parent": "neck_01",
      "has_children": false,
      "is_end_bone": true
    },
    "upperarm_l": {
      "name": "upperarm_l",
      "local": {
        "location": {
          "x": 0.0,
          "y": 0.0,
          "z": 0.0
        },
        "rotation_quaternion": {
          "w": 0.8719436526298523,
          "x": 0.1763918101787567,
          "y": 0.4117130637168884,
          "z": 0.19771899282932281
        },
        "scale": {
          "x": 1.0,
          "y": 1.0,
          "z": 1.0
        },
        "matrix_basis": [
          [
            0.5827990770339966,
            -0.19955401122570038,
            0.7877331972122192,
            0.0
          ],
          [
            0.4900452792644501,
            0.859586238861084,
            -0.14480045437812805,
            0.0
          ],
          [
            -0.64822918176651,
            0.4704144299030304,
            0.5987565517425537,
            0.0
          ],
          [
            0.0,
            0.0,
            0.0,
            1.0
          ]
        ],
        "rotation_mode": "QUATERNION"
      },
      "armature_space": {
        "head": {
          "x": 0.1878829449415207,
          "y": -0.07379627227783203,
          "z": 0.4773191809654236
        },
        "tail": {
          "x": 0.43701326847076416,
          "y": -0.17108163237571716,
          "z": 0.4939708411693573
        }
      },
      "world_space": {
        "head": {
          "x": 0.1878829449415207,
          "y": -0.010552272200584412,
          "z": 1.427173137664795
        },
        "tail": {
          "x": 0.43701326847076416,
          "y": -0.10783763229846954,
          "z": 1.4438248872756958
        },
        "rotation_quaternion": {
          "w": 0.17871494591236115,
          "x": 0.7987470626831055,
          "y": 0.5352915525436401,
          "z": -0.20863164961338043
        },
        "matrix": [
          [
            0.3398711383342743,
            0.9296967387199402,
            -0.14195683598518372,
            0.1878829449415207
          ],
          [
            0.7805541157722473,
            -0.3630465269088745,
            -0.5088546276092529,
            -0.010552272200584412
          ],
          [
            -0.5246202349662781,
            0.06214011460542679,
            -0.8490738868713379,
            1.427173137664795
          ],
          [
            0.0,
            0.0,
            0.0,
            1.0
          ]
        ]
      },
      "bone_length_armature_space": 0.26796946961651036,
      "parent": "spine_01",
      "has_children": true,
      "is_end_bone": false
    },
    "lowerarm_l": {
      "name": "lowerarm_l",
      "local": {
        "location": {
          "x": 0.0,
          "y": 0.0,
          "z": 0.0
        },
        "rotation_quaternion": {
          "w": 0.9553973078727722,
          "x": 0.2931942641735077,
          "y": -0.005551553331315517,
          "z": 0.034963209182024
        },
        "scale": {
          "x": 1.0,
          "y": 1.0,
          "z": 1.0
        },
        "matrix_basis": [
          [
            0.9974935054779053,
            -0.07006287574768066,
            0.009894146583974361,
            0.0
          ],
          [
            0.0635521411895752,
            0.8256294131278992,
            -0.5606222152709961,
            0.0
          ],
          [
            0.031109903007745743,
            0.5598458051681519,
            0.8280125856399536,
            0.0
          ],
          [
            0.0,
            0.0,
            0.0,
            1.0
          ]
        ],
        "rotation_mode": "QUATERNION"
      },
      "armature_space": {
        "head": {
          "x": 0.43701326847076416,
          "y": -0.1710817962884903,
          "z": 0.4939708709716797
        },
        "tail": {
          "x": 0.5795023441314697,
          "y": -0.37255585193634033,
          "z": 0.3906528055667877
        }
      },
      "world_space": {
        "head": {
          "x": 0.43701326847076416,
          "y": -0.10783779621124268,
          "z": 1.4438248872756958
        },
        "tail": {
          "x": 0.5795023441314697,
          "y": -0.3093118667602539,
          "z": 1.3405067920684814
        },
        "rotation_quaternion": {
          "w": 0.05780157446861267,
          "x": -0.8380469679832458,
          "y": -0.34656330943107605,
          "z": 0.4174090027809143
        },
        "matrix": [
          [
            0.4113263785839081,
            0.5326206684112549,
            -0.7396795749664307,
            0.43701326847076416
          ],
          [
            0.6291266083717346,
            -0.7531051635742188,
            -0.19243881106376648,
            -0.10783779621124268
          ],
          [
            -0.6595572829246521,
            -0.3862004280090332,
            -0.6448624730110168,
            1.4438248872756958
          ],
          [
            0.0,
            0.0,
            0.0,
            1.0
          ]
        ]
      },
      "bone_length_armature_space": 0.26752486882354504,
      "parent": "upperarm_l",
      "has_children": true,
      "is_end_bone": false
    },
    "metacarpal_thumb_l": {
      "name": "metacarpal_thumb_l",
      "local": {
        "location": {
          "x": 0.0,
          "y": 0.0,
          "z": 0.0
        },
        "rotation_quaternion": {
          "w": 0.9994252920150757,
          "x": -0.03146103769540787,
          "y": -0.0010685130255296826,
          "z": -0.01258195098489523
        },
        "scale": {
          "x": 1.0,
          "y": 1.0,
          "z": 1.0
        },
        "matrix_basis": [
          [
            0.9996811151504517,
            0.02521667256951332,
            -0.001344115473330021,
            0.0
          ],
          [
            -0.02508220635354519,
            0.9977037906646729,
            0.06291279941797256,
            0.0
          ],
          [
            0.0029274802654981613,
            -0.06285902857780457,
            0.9980181455612183,
            0.0
          ],
          [
            0.0,
            0.0,
            0.0,
            1.0
          ]
        ],
        "rotation_mode": "QUATERNION"
      },
      "armature_space": {
        "head": {
          "x": 0.5795023441314697,
          "y": -0.37255585193634033,
          "z": 0.3906528055667877
        },
        "tail": {
          "x": 0.5825671553611755,
          "y": -0.40450093150138855,
          "z": 0.3529205024242401
        }
      },
      "world_space": {
        "head": {
          "x": 0.5795023441314697,
          "y": -0.3093118667602539,
          "z": 1.3405067920684814
        },
        "tail": {
          "x": 0.5825671553611755,
          "y": -0.34125691652297974,
          "z": 1.3027745485305786
        },
        "rotation_quaternion": {
          "w": 0.4188533127307892,
          "x": -0.8905525207519531,
          "y": 0.045870158821344376,
          "z": -0.1713889092206955
        },
        "matrix": [
          [
            0.9370437264442444,
            0.06187385320663452,
            0.34368696808815,
            0.5795023441314697
          ],
          [
            -0.22527281939983368,
            -0.6449162364006042,
            0.7302982211112976,
            -0.3093118667602539
          ],
          [
            0.2668372690677643,
            -0.7617504000663757,
            -0.5903796553611755,
            1.3405067920684814
          ],
          [
            0.0,
            0.0,
            0.0,
            1.0
          ]
        ]
      },
      "bone_length_armature_space": 0.04953390593519366,
      "parent": "lowerarm_l",
      "has_children": true,
      "is_end_bone": false
    },
    "thumb_01_l": {
      "name": "thumb_01_l",
      "local": {
        "location": {
          "x": 0.0,
          "y": 0.0,
          "z": 0.0
        },
        "rotation_quaternion": {
          "w": 0.9752068519592285,
          "x": 0.22087055444717407,
          "y": -0.0011284664506092668,
          "z": -0.013665309175848961
        },
        "scale": {
          "x": 1.0,
          "y": 1.0,
          "z": 1.0
        },
        "matrix_basis": [
          [
            0.9996239542961121,
            0.026154516264796257,
            -0.008237505331635475,
            0.0
          ],
          [
            -0.027151497080922127,
            0.9020588994026184,
            -0.43075811862945557,
            0.0
          ],
          [
            -0.0038355523720383644,
            0.4308198094367981,
            0.9024298787117004,
            0.0
          ],
          [
            0.0,
            0.0,
            0.0,
            1.0
          ]
        ],
        "rotation_mode": "QUATERNION"
      },
      "armature_space": {
        "head": {
          "x": 0.5825671553611755,
          "y": -0.40450093150138855,
          "z": 0.3529205024242401
        },
        "tail": {
          "x": 0.6021533012390137,
          "y": -0.404103547334671,
          "z": 0.3250841498374939
        }
      },
      "world_space": {
        "head": {
          "x": 0.5825671553611755,
          "y": -0.34125691652297974,
          "z": 1.3027745485305786
        },
        "tail": {
          "x": 0.6021533012390137,
          "y": -0.3408595323562622,
          "z": 1.2749381065368652
        },
        "rotation_quaternion": {
          "w": 0.5856873989105225,
          "x": -0.24394308030605316,
          "y": 0.40349310636520386,
          "z": -0.6592839360237122
        },
        "matrix": [
          [
            -0.1949203908443451,
            0.5754095315933228,
            0.7942985892295837,
            0.5825671553611755
          ],
          [
            -0.9691283106803894,
            0.01167440414428711,
            -0.24628078937530518,
            -0.34125691652297974
          ],
          [
            -0.15098698437213898,
            -0.8177879452705383,
            0.5553735494613647,
            1.3027745485305786
          ],
          [
            0.0,
            0.0,
            0.0,
            1.0
          ]
        ]
      },
      "bone_length_armature_space": 0.03403876574620262,
      "parent": "metacarpal_thumb_l",
      "has_children": true,
      "is_end_bone": false
    },
    "thumb_02_l": {
      "name": "thumb_02_l",
      "local": {
        "location": {
          "x": 0.0,
          "y": 0.0,
          "z": 0.0
        },
        "rotation_quaternion": {
          "w": 0.9348304271697998,
          "x": 0.3550371825695038,
          "y": 0.0029463423416018486,
          "z": -0.005662892945110798
        },
        "scale": {
          "x": 1.0,
          "y": 1.0,
          "z": 1.0
        },
        "matrix_basis": [
          [
            0.999918520450592,
            0.0126798115670681,
            0.0014875858323648572,
            0.0
          ],
          [
            -0.008495567366480827,
            0.7478330731391907,
            -0.6638324856758118,
            0.0
          ],
          [
            -0.009529735893011093,
            0.6637657284736633,
            0.7478798627853394,
            0.0
          ],
          [
            0.0,
            0.0,
            0.0,
            1.0
          ]
        ],
        "rotation_mode": "QUATERNION"
      },
      "armature_space": {
        "head": {
          "x": 0.6021532416343689,
          "y": -0.40410351753234863,
          "z": 0.3250841498374939
        },
        "tail": {
          "x": 0.6150768399238586,
          "y": -0.43707403540611267,
          "z": 0.344034343957901
        }
      },
      "world_space": {
        "head": {
          "x": 0.6021532416343689,
          "y": -0.3408595323562622,
          "z": 1.2749381065368652
        },
        "tail": {
          "x": 0.6150768399238586,
          "y": -0.37383002042770386,
          "z": 1.2938883304595947
        },
        "rotation_quaternion": {
          "w": 0.23239339888095856,
          "x": 0.27345556020736694,
          "y": -0.1885443776845932,
          "z": -0.9141479134559631
        },
        "matrix": [
          [
            -0.7424306869506836,
            0.3217676877975464,
            -0.5875905752182007,
            0.6021532416343689
          ],
          [
            -0.5280013084411621,
            -0.8208886981010437,
            0.21761569380760193,
            -0.3408595323562622
          ],
          [
            -0.41232794523239136,
            0.47181570529937744,
            0.779352068901062,
            1.2749381065368652
          ],
          [
            0.0,
            0.0,
            0.0,
            1.0
          ]
        ]
      },
      "bone_length_armature_space": 0.040164466005059136,
      "parent": "thumb_01_l",
      "has_children": true,
      "is_end_bone": false
    },
    "thumb_03_l": {
      "name": "thumb_03_l",
      "local": {
        "location": {
          "x": 0.0,
          "y": 0.0,
          "z": 0.0
        },
        "rotation_quaternion": {
          "w": 0.9791992902755737,
          "x": 0.20282290875911713,
          "y": 0.004702089820057154,
          "z": -0.0030934091191738844
        },
        "scale": {
          "x": 1.0,
          "y": 1.0,
          "z": 1.0
        },
        "matrix_basis": [
          [
            0.9999366402626038,
            0.007965510711073875,
            0.007953737862408161,
            0.0
          ],
          [
            -0.004150744993239641,
            0.9177066087722778,
            -0.3972371816635132,
            0.0
          ],
          [
            -0.010463394224643707,
            0.3971790075302124,
            0.9176815152168274,
            0.0
          ],
          [
            0.0,
            0.0,
            0.0,
            1.0
          ]
        ],
        "rotation_mode": "QUATERNION"
      },
      "armature_space": {
        "head": {
          "x": 0.6150768399238586,
          "y": -0.4370740056037903,
          "z": 0.34403425455093384
        },
        "tail": {
          "x": 0.6117887496948242,
          "y": -0.4531880021095276,
          "z": 0.3696550726890564
        }
      },
      "world_space": {
        "head": {
          "x": 0.6150768399238586,
          "y": -0.37383002042770386,
          "z": 1.2938883304595947
        },
        "tail": {
          "x": 0.6117887496948242,
          "y": -0.38994401693344116,
          "z": 1.3195090293884277
        },
        "rotation_quaternion": {
          "w": 0.2268889844417572,
          "x": 0.5040186643600464,
          "y": -0.42881155014038086,
          "z": -0.7145677804946899
        },
        "matrix": [
          [
            -0.3889748156070709,
            -0.10800066590309143,
            -0.9148961305618286,
            0.6150768399238586
          ],
          [
            -0.7565130591392517,
            -0.5292845368385315,
            0.3841174840927124,
            -0.37383002042770386
          ],
          [
            -0.5257292985916138,
            0.8415480256080627,
            0.12417551875114441,
            1.2938883304595947
          ],
          [
            0.0,
            0.0,
            0.0,
            1.0
          ]
        ]
      },
      "bone_length_armature_space": 0.03044501145269883,
      "parent": "thumb_02_l",
      "has_children": false,
      "is_end_bone": true
    },
    "metacarpal_index_l": {
      "name": "metacarpal_index_l",
      "local": {
        "location": {
          "x": 0.0,
          "y": 0.0,
          "z": 0.0
        },
        "rotation_quaternion": {
          "w": 0.9978687763214111,
          "x": -0.06287255138158798,
          "y": -0.01735374890267849,
          "z": 0.0019657707307487726
        },
        "scale": {
          "x": 1.0,
          "y": 1.0,
          "z": 1.0
        },
        "matrix_basis": [
          [
            0.9993899464607239,
            -0.001741013489663601,
            -0.03488071262836456,
            0.0
          ],
          [
            0.006105311214923859,
            0.9920863509178162,
            0.12540888786315918,
            0.0
          ],
          [
            0.03438634052872658,
            -0.12554533779621124,
            0.9914917945861816,
            0.0
          ],
          [
            0.0,
            0.0,
            0.0,
            1.0
          ]
        ],
        "rotation_mode": "QUATERNION"
      },
      "armature_space": {
        "head": {
          "x": 0.5795023441314697,
          "y": -0.37255585193634033,
          "z": 0.3906528055667877
        },
        "tail": {
          "x": 0.6170915961265564,
          "y": -0.4673812985420227,
          "z": 0.3329946994781494
        }
      },
      "world_space": {
        "head": {
          "x": 0.5795023441314697,
          "y": -0.3093118667602539,
          "z": 1.3405067920684814
        },
        "tail": {
          "x": 0.6170915961265564,
          "y": -0.4041373133659363,
          "z": 1.2828487157821655
        },
        "rotation_quaternion": {
          "w": 0.2501760721206665,
          "x": -0.9500024318695068,
          "y": -0.18102213740348816,
          "z": 0.04624391347169876
        },
        "matrix": [
          [
            0.9301848411560059,
            0.32080480456352234,
            -0.17843906581401825,
            0.5795023441314697
          ],
          [
            0.3670817017555237,
            -0.8092861771583557,
            0.45859280228614807,
            -0.3093118667602539
          ],
          [
            0.002710862085223198,
            -0.4920819401741028,
            -0.8705528974533081,
            1.3405067920684814
          ],
          [
            0.0,
            0.0,
            0.0,
            1.0
          ]
        ]
      },
      "bone_length_armature_space": 0.1171719868643924,
      "parent": "lowerarm_l",
      "has_children": true,
      "is_end_bone": false
    },
    "index_01_l": {
      "name": "index_01_l",
      "local": {
        "location": {
          "x": 0.0,
          "y": 0.0,
          "z": 0.0
        },
        "rotation_quaternion": {
          "w": 0.9689883589744568,
          "x": 0.24652224779129028,
          "y": -0.006317825056612492,
          "z": 0.015764933079481125
        },
        "scale": {
          "x": 1.0,
          "y": 1.0,
          "z": 1.0
        },
        "matrix_basis": [
          [
            0.999423086643219,
            -0.03366704285144806,
            -0.004470984451472759,
            0.0
          ],
          [
            0.027437103912234306,
            0.8779565095901489,
            -0.47795358300209045,
            0.0
          ],
          [
            0.020016610622406006,
            0.47755518555641174,
            0.8783737421035767,
            0.0
          ],
          [
            0.0,
            0.0,
            0.0,
            1.0
          ]
        ],
        "rotation_mode": "QUATERNION"
      },
      "armature_space": {
        "head": {
          "x": 0.6170915961265564,
          "y": -0.4673812985420227,
          "z": 0.3329946994781494
        },
        "tail": {
          "x": 0.6312640309333801,
          "y": -0.48004069924354553,
          "z": 0.3117353916168213
        }
      },
      "world_space": {
        "head": {
          "x": 0.6170915961265564,
          "y": -0.4041373133659363,
          "z": 1.2828487157821655
        },
        "tail": {
          "x": 0.6312640309333801,
          "y": -0.4167966842651367,
          "z": 1.2615894079208374
        },
        "rotation_quaternion": {
          "w": 0.4139336049556732,
          "x": -0.8469756841659546,
          "y": -0.3266131579875946,
          "z": 0.06793399155139923
        },
        "matrix": [
          [
            0.7774166464805603,
            0.49702683091163635,
            -0.38547077775001526,
            0.6170915961265564
          ],
          [
            0.6095089316368103,
            -0.44396549463272095,
            0.6568059921264648,
            -0.4041373133659363
          ],
          [
            0.15531611442565918,
            -0.7455652952194214,
            -0.6480922698974609,
            1.2828487157821655
          ],
          [
            0.0,
            0.0,
            0.0,
            1.0
          ]
        ]
      },
      "bone_length_armature_space": 0.02851449615345812,
      "parent": "metacarpal_index_l",
      "has_children": true,
      "is_end_bone": false
    },
    "index_02_l": {
      "name": "index_02_l",
      "local": {
        "location": {
          "x": 0.0,
          "y": 0.0,
          "z": 0.0
        },
        "rotation_quaternion": {
          "w": 0.9128339886665344,
          "x": 0.40824735164642334,
          "y": -0.006982951425015926,
          "z": 0.004414626397192478
        },
        "scale": {
          "x": 1.0,
          "y": 1.0,
          "z": 1.0
        },
        "matrix_basis": [
          [
            0.9998635053634644,
            -0.013761185109615326,
            -0.009144031442701817,
            0.0
          ],
          [
            0.002358099212870002,
            0.6666291952133179,
            -0.7453857660293579,
            0.0
          ],
          [
            0.016353070735931396,
            0.7452624440193176,
            0.6665706634521484,
            0.0
          ],
          [
            0.0,
            0.0,
            0.0,
            1.0
          ]
        ],
        "rotation_mode": "QUATERNION"
      },
      "armature_space": {
        "head": {
          "x": 0.6312639117240906,
          "y": -0.4800407886505127,
          "z": 0.3117348551750183
        },
        "tail": {
          "x": 0.6321698427200317,
          "y": -0.47646698355674744,
          "z": 0.28634771704673767
        }
      },
      "world_space": {
        "head": {
          "x": 0.6312639117240906,
          "y": -0.41679680347442627,
          "z": 1.2615888118743896
        },
        "tail": {
          "x": 0.6321698427200317,
          "y": -0.4132229685783386,
          "z": 1.2362017631530762
        },
        "rotation_quaternion": {
          "w": 0.6977270245552063,
          "x": -0.6149745583534241,
          "y": -0.28780704736709595,
          "z": 0.22836491465568542
        },
        "matrix": [
          [
            0.7300336360931396,
            0.035314857959747314,
            -0.6824980974197388,
            0.6312639117240906
          ],
          [
            0.6726604104042053,
            0.13931158185005188,
            0.7267192006111145,
            -0.41679680347442627
          ],
          [
            0.12074528634548187,
            -0.9896256327629089,
            0.07794839143753052,
            1.2615888118743896
          ],
          [
            0.0,
            0.0,
            0.0,
            1.0
          ]
        ]
      },
      "bone_length_armature_space": 0.025653451314817107,
      "parent": "index_01_l",
      "has_children": true,
      "is_end_bone": false
    },
    "index_03_l": {
      "name": "index_03_l",
      "local": {
        "location": {
          "x": 0.0,
          "y": 0.0,
          "z": 0.0
        },
        "rotation_quaternion": {
          "w": 0.9725092649459839,
          "x": 0.23271004855632782,
          "y": -0.0055142841301858425,
          "z": -0.006445914972573519
        },
        "scale": {
          "x": 1.0,
          "y": 1.0,
          "z": 1.0
        },
        "matrix_basis": [
          [
            0.9998561143875122,
            0.009970965795218945,
            -0.013725442811846733,
            0.0
          ],
          [
            -0.015103883109986782,
            0.8916089534759521,
            -0.45255425572395325,
            0.0
          ],
          [
            0.007725326344370842,
            0.45269644260406494,
            0.8916312456130981,
            0.0
          ],
          [
            0.0,
            0.0,
            0.0,
            1.0
          ]
        ],
        "rotation_mode": "QUATERNION"
      },
      "armature_space": {
        "head": {
          "x": 0.6321699619293213,
          "y": -0.476467102766037,
          "z": 0.28634774684906006
        },
        "tail": {
          "x": 0.6251048445701599,
          "y": -0.4594634473323822,
          "z": 0.2636607885360718
        }
      },
      "world_space": {
        "head": {
          "x": 0.6321699619293213,
          "y": -0.4132230877876282,
          "z": 1.2362017631530762
        },
        "tail": {
          "x": 0.6251048445701599,
          "y": -0.3962194323539734,
          "z": 1.213514804840088
        },
        "rotation_quaternion": {
          "w": 0.8577497601509094,
          "x": -0.3850765526294708,
          "y": -0.23502695560455322,
          "z": 0.24646267294883728
        },
        "matrix": [
          [
            0.7680366635322571,
            -0.2418004870414734,
            -0.5930026173591614,
            0.6321699619293213
          ],
          [
            0.6038139462471008,
            0.581944465637207,
            0.5447475910186768,
            -0.4132230877876282
          ],
          [
            0.21337637305259705,
            -0.7764542102813721,
            0.5929617285728455,
            1.2362017631530762
          ],
          [
            0.0,
            0.0,
            0.0,
            1.0
          ]
        ]
      },
      "bone_length_armature_space": 0.02921880001984837,
      "parent": "index_02_l",
      "has_children": false,
      "is_end_bone": true
    },
    "metacarpal_pinky_l": {
      "name": "metacarpal_pinky_l",
      "local": {
        "location": {
          "x": 0.0,
          "y": 0.0,
          "z": 0.0
        },
        "rotation_quaternion": {
          "w": 0.9974097609519958,
          "x": -0.07000046223402023,
          "y": 0.015199725516140461,
          "z": -0.006540627218782902
        },
        "scale": {
          "x": 1.0,
          "y": 1.0,
          "z": 1.0
        },
        "matrix_basis": [
          [
            0.9994523525238037,
            0.01091939490288496,
            0.031236402690410614,
            0.0
          ],
          [
            -0.015175346285104752,
            0.9901143312454224,
            0.13943946361541748,
            0.0
          ],
          [
            -0.0294050145894289,
            -0.1398371160030365,
            0.9897378087043762,
            0.0
          ],
          [
            0.0,
            0.0,
            0.0,
            1.0
          ]
        ],
        "rotation_mode": "QUATERNION"
      },
      "armature_space": {
        "head": {
          "x": 0.5795023441314697,
          "y": -0.37255585193634033,
          "z": 0.3906528055667877
        },
        "tail": {
          "x": 0.6625744700431824,
          "y": -0.4299364686012268,
          "z": 0.36516326665878296
        }
      },
      "world_space": {
        "head": {
          "x": 0.5795023441314697,
          "y": -0.3093118667602539,
          "z": 1.3405067920684814
        },
        "tail": {
          "x": 0.6625744700431824,
          "y": -0.3666924834251404,
          "z": 1.3150172233581543
        },
        "rotation_quaternion": {
          "w": 0.32468950748443604,
          "x": 0.43609142303466797,
          "y": 0.34504351019859314,
          "z": -0.7650790810585022
        },
        "matrix": [
          [
            -0.4088020622730255,
            0.7977674007415771,
            -0.44322460889816284,
            0.5795023441314697
          ],
          [
            -0.19588702917099,
            -0.5510437488555908,
            -0.8111593723297119,
            -0.3093118667602539
          ],
          [
            -0.8913589119911194,
            -0.24478398263454437,
            0.3815418481826782,
            1.3405067920684814
          ],
          [
            0.0,
            0.0,
            0.0,
            1.0
          ]
        ]
      },
      "bone_length_armature_space": 0.10413083146774718,
      "parent": "lowerarm_l",
      "has_children": true,
      "is_end_bone": false
    },
    "pinky_01_l": {
      "name": "pinky_01_l",
      "local": {
        "location": {
          "x": 0.0,
          "y": 0.0,
          "z": 0.0
        },
        "rotation_quaternion": {
          "w": 0.950777530670166,
          "x": 0.3097955584526062,
          "y": -0.006936596240848303,
          "z": 0.0009006536565721035
        },
        "scale": {
          "x": 1.0,
          "y": 1.0,
          "z": 1.0
        },
        "matrix_basis": [
          [
            0.9999021291732788,
            -0.006010496057569981,
            -0.012632282450795174,
            0.0
          ],
          [
            -0.0025852108374238014,
            0.8080518245697021,
            -0.5891057848930359,
            0.0
          ],
          [
            0.013748357072472572,
            0.589080810546875,
            0.8079571723937988,
            0.0
          ],
          [
            0.0,
            0.0,
            0.0,
            1.0
          ]
        ],
        "rotation_mode": "QUATERNION"
      },
      "armature_space": {
        "head": {
          "x": 0.6625744700431824,
          "y": -0.4299364686012268,
          "z": 0.36516326665878296
        },
        "tail": {
