{
  "metadata": {
    "armature_name": "KIM_caucasian_male",
    "export_time": "2026-01-13T20:27:00.482459",
    "blender_version": "4.4.1",
    "bone_count": 56,
    "end_bone_count": 13,
    "spaces_included": [
      "LOCAL_CHANNELS",
      "ARMATURE_SPACE",
      "WORLD_SPACE"
    ],
    "note": "LOCAL matches Transform panel; replay pose via local.matrix_basis for best fidelity."
  },
  "bones": {
    "Root": {
      "name": "Root",
      "local": {
        "location": {
          "x": 0.0,
          "y": 0.0,
          "z": 0.0
        },
        "rotation_quaternion": {
          "w": 0.999691367149353,
          "x": -0.0102109769359231,
          "y": -0.0018284915713593364,
          "z": 0.022575724869966507
        },
        "scale": {
          "x": 1.0,
          "y": 1.0,
          "z": 1.0
        },
        "matrix_basis": [
          [
            0.9989739656448364,
            -0.045100174844264984,
            -0.00411689467728138,
            0.0
          ],
          [
            0.04517485573887825,
            0.998772144317627,
            0.020333092659711838,
            0.0
          ],
          [
            0.003194814082235098,
            -0.020498210564255714,
            0.9997847676277161,
            0.0
          ],
          [
            0.0,
            0.0,
            0.0,
            1.0
          ]
        ],
        "rotation_mode": "QUATERNION"
      },
      "armature_space": {
        "head": {
          "x": 0.0,
          "y": 0.07072800397872925,
          "z": -0.009595036506652832
        },
        "tail": {
          "x": -0.0032190640922635794,
          "y": 0.00028352439403533936,
          "z": 0.0014380263164639473
        }
      },
      "world_space": {
        "head": {
          "x": 0.0,
          "y": 0.13397200405597687,
          "z": 0.9402589797973633
        },
        "tail": {
          "x": -0.0032190640922635794,
          "y": 0.06352752447128296,
          "z": 0.9512920379638672
        },
        "rotation_quaternion": {
          "w": 0.07753464579582214,
          "x": 0.9967324137687683,
          "y": -0.022647622972726822,
          "z": -0.00030345702543854713
        },
        "matrix": [
          [
            0.9989739656448364,
            -0.045100174844264984,
            -0.00411689467728138,
            0.0
          ],
          [
            -0.04519428685307503,
            -0.9869508743286133,
            -0.15454928576946259,
            0.13397200405597687
          ],
          [
            0.0029070042073726654,
            0.15457692742347717,
            -0.9879835844039917,
            0.9402589797973633
          ],
          [
            0.0,
            0.0,
            0.0,
            1.0
          ]
        ]
      },
      "bone_length_armature_space": 0.07137587543746564,
      "parent": null,
      "has_children": true,
      "is_end_bone": false
    },
    "spine_01": {
      "name": "spine_01",
      "local": {
        "location": {
          "x": 0.0,
          "y": 0.0,
          "z": 0.0
        },
        "rotation_quaternion": {
          "w": 0.9987730979919434,
          "x": 0.03537943214178085,
          "y": -0.02927706390619278,
          "z": 0.018536588177084923
        },
        "scale": {
          "x": 1.0,
          "y": 1.0,
          "z": 1.0
        },
        "matrix_basis": [
          [
            0.9975984692573547,
            -0.039099302142858505,
            -0.05717065930366516,
            0.0
          ],
          [
            0.034956078976392746,
            0.9968093633651733,
            -0.07175744324922562,
            0.0
          ],
          [
            0.05979391559958458,
            0.06958665698766708,
            0.9957823157310486,
            0.0
          ],
          [
            0.0,
            0.0,
            0.0,
            1.0
          ]
        ],
        "rotation_mode": "QUATERNION"
      },
      "armature_space": {
        "head": {
          "x": -0.0032190640922635794,
          "y": 0.00028352439403533936,
          "z": 0.0014380263164639473
        },
        "tail": {
          "x": -0.023752935230731964,
          "y": -4.6563742216676474e-05,
          "z": 0.48901036381721497
        }
      },
      "world_space": {
        "head": {
          "x": -0.0032190640922635794,
          "y": 0.06352752447128296,
          "z": 0.9512920379638672
        },
        "tail": {
          "x": -0.023752935230731964,
          "y": 0.06319743394851685,
          "z": 1.4388643503189087
        },
        "rotation_quaternion": {
          "w": 0.7050206661224365,
          "x": 0.7070232629776001,
          "y": -0.05106417462229729,
          "z": -0.021367909386754036
        },
        "matrix": [
          [
            0.9938716292381287,
            -0.04207749664783478,
            -0.10221806168556213,
            -0.0032190640922635794
          ],
          [
            -0.10233698785305023,
            -0.0006764084100723267,
            -0.9947496056556702,
            0.06352752447128296
          ],
          [
            0.041787631809711456,
            0.9991211295127869,
            -0.00497928261756897,
            0.9512920379638672
          ],
          [
            0.0,
            0.0,
            0.0,
            1.0
          ]
        ]
      },
      "bone_length_armature_space": 0.4880046531574334,
      "parent": "Root",
      "has_children": true,
      "is_end_bone": false
    },
    "neck_01": {
      "name": "neck_01",
      "local": {
        "location": {
          "x": 0.0,
          "y": 0.0,
          "z": 0.0
        },
        "rotation_quaternion": {
          "w": 0.9886326789855957,
          "x": 0.005149987060576677,
          "y": 0.06987473368644714,
          "z": -0.13302813470363617
        },
        "scale": {
          "x": 1.0,
          "y": 1.0,
          "z": 1.0
        },
        "matrix_basis": [
          [
            0.9548420906066895,
            0.2637516260147095,
            0.1367907077074051,
            0.0
          ],
          [
            -0.2623122036457062,
            0.9645540118217468,
            -0.02877350151538849,
            0.0
          ],
          [
            -0.13953107595443726,
            -0.008407720364630222,
            0.9901819825172424,
            0.0
          ],
          [
            0.0,
            0.0,
            0.0,
            1.0
          ]
        ],
        "rotation_mode": "QUATERNION"
      },
      "armature_space": {
        "head": {
          "x": -0.03037875145673752,
          "y": -0.034594446420669556,
          "z": 0.561991810798645
        },
        "tail": {
          "x": -0.011127864941954613,
          "y": -0.07404427230358124,
          "z": 0.6546409130096436
        }
      },
      "world_space": {
        "head": {
          "x": -0.03037875145673752,
          "y": 0.028649553656578064,
          "z": 1.5118458271026611
        },
        "tail": {
          "x": -0.011127864941954613,
          "y": -0.010800272226333618,
          "z": 1.6044949293136597
        },
        "rotation_quaternion": {
          "w": 0.5464154481887817,
          "x": 0.8316608667373657,
          "y": 0.09503620117902756,
          "z": -0.027175726369023323
        },
        "matrix": [
          [
            0.9804590940475464,
            0.1877744346857071,
            0.058657385408878326,
            -0.03037875145673752
          ],
          [
            0.12837815284729004,
            -0.3847962021827698,
            -0.9140301942825317,
            0.028649553656578064
          ],
          [
            -0.14906126260757446,
            0.9037054181098938,
            -0.40138673782348633,
            1.5118458271026611
          ],
          [
            0.0,
            0.0,
            0.0,
            1.0
          ]
        ]
      },
      "bone_length_armature_space": 0.102521906138393,
      "parent": "spine_01",
      "has_children": true,
      "is_end_bone": false
    },
    "head": {
      "name": "head",
      "local": {
        "location": {
          "x": 0.0,
          "y": 0.0,
          "z": 0.0
        },
        "rotation_quaternion": {
          "w": 0.9836509823799133,
          "x": -0.11631309986114502,
          "y": 0.0809694454073906,
          "z": -0.11111267656087875
        },
        "scale": {
          "x": 1.0,
          "y": 1.0,
          "z": 1.0
        },
        "matrix_basis": [
          [
            0.962195873260498,
            0.19975657761096954,
            0.18513907492160797,
            0.0
          ],
          [
            -0.23742780089378357,
            0.9482504725456238,
            0.21082952618598938,
            0.0
          ],
          [
            -0.13344362378120422,
            -0.2468164563179016,
            0.9598304033279419,
            0.0
          ],
          [
            0.0,
            0.0,
            0.0,
            1.0
          ]
        ],
        "rotation_mode": "QUATERNION"
      },
      "armature_space": {
        "head": {
          "x": -0.01112787052989006,
          "y": -0.0740443766117096,
          "z": 0.654640793800354
        },
        "tail": {
          "x": 0.03722064197063446,
          "y": -0.03638036549091339,
          "z": 0.7971087098121643
        }
      },
      "world_space": {
        "head": {
          "x": -0.01112787052989006,
          "y": -0.010800376534461975,
          "z": 1.6044948101043701
        },
        "tail": {
          "x": 0.03722064197063446,
          "y": 0.02686363458633423,
          "z": 1.7469627857208252
        },
        "rotation_quaternion": {
          "w": 0.7533047795295715,
          "x": 0.6150418519973755,
          "y": 0.23228755593299866,
          "z": -0.01726498454809189
        },
        "matrix": [
          [
            0.891489565372467,
            0.31174445152282715,
            0.3287277817726135,
            -0.01112787052989006
          ],
          [
            0.259719580411911,
            0.24285228550434113,
            -0.9346489906311035,
            -0.010800376534461975
          ],
          [
            -0.37120625376701355,
            0.9186133146286011,
            0.13553418219089508,
            1.6044948101043701
          ],
          [
            0.0,
            0.0,
            0.0,
            1.0
          ]
        ]
      },
      "bone_length_armature_space": 0.1550911434592226,
      "parent": "neck_01",
      "has_children": false,
      "is_end_bone": true
    },
    "upperarm_l": {
      "name": "upperarm_l",
      "local": {
        "location": {
          "x": 0.0,
          "y": 0.0,
          "z": 0.0
        },
        "rotation_quaternion": {
          "w": 0.806950569152832,
          "x": 0.26725268363952637,
          "y": 0.43055641651153564,
          "z": 0.30336102843284607
        },
        "scale": {
          "x": 1.0,
          "y": 1.0,
          "z": 1.0
        },
        "matrix_basis": [
          [
            0.4451865255832672,
            -0.2594600021839142,
            0.8570235967636108,
            0.0
          ],
          [
            0.7197294235229492,
            0.6730961799621582,
            -0.17009133100509644,
            0.0
          ],
          [
            -0.5327274203300476,
            0.6925475001335144,
            0.48639434576034546,
            0.0
          ],
          [
            0.0,
            0.0,
            0.0,
            1.0
          ]
        ],
        "rotation_mode": "QUATERNION"
      },
      "armature_space": {
        "head": {
          "x": 0.1212039440870285,
          "y": -0.05307191610336304,
          "z": 0.5010954141616821
        },
        "tail": {
          "x": 0.28802594542503357,
          "y": -0.2514921724796295,
          "z": 0.5689738392829895
        }
      },
      "world_space": {
        "head": {
          "x": 0.1212039440870285,
          "y": 0.010172083973884583,
          "z": 1.4509494304656982
        },
        "tail": {
          "x": 0.28802594542503357,
          "y": -0.1882481724023819,
          "z": 1.5188279151916504
        },
        "rotation_quaternion": {
          "w": 0.19181501865386963,
          "x": 0.9185992479324341,
          "y": 0.3049221336841583,
          "z": -0.16249653697013855
        },
        "matrix": [
          [
            0.7612346410751343,
            0.6225411891937256,
            -0.18156017363071442,
            0.1212039440870285
          ],
          [
            0.49786415696144104,
            -0.7404585480690002,
            -0.45150047540664673,
            0.010172083973884583
          ],
          [
            -0.4155178964138031,
            0.2533065378665924,
            -0.8736101388931274,
            1.4509494304656982
          ],
          [
            0.0,
            0.0,
            0.0,
            1.0
          ]
        ]
      },
      "bone_length_armature_space": 0.2679695074123544,
      "parent": "spine_01",
      "has_children": true,
      "is_end_bone": false
    },
    "lowerarm_l": {
      "name": "lowerarm_l",
      "local": {
        "location": {
          "x": 0.0,
          "y": 0.0,
          "z": 0.0
        },
        "rotation_quaternion": {
          "w": 0.887763261795044,
          "x": 0.43494975566864014,
          "y": 0.1410904973745346,
          "z": -0.05280721187591553
        },
        "scale": {
          "x": 1.0,
          "y": 1.0,
          "z": 1.0
        },
        "matrix_basis": [
          [
            0.954609751701355,
            0.21649515628814697,
            0.20457294583320618,
            0.0
          ],
          [
            0.028973950073122978,
            0.616060197353363,
            -0.7871659994125366,
            0.0
          ],
          [
            -0.29644688963890076,
            0.7573636174201965,
            0.5818243622779846,
            0.0
          ],
          [
            0.0,
            0.0,
            0.0,
            1.0
          ]
        ],
        "rotation_mode": "QUATERNION"
      },
      "armature_space": {
        "head": {
          "x": 0.2880259156227112,
          "y": -0.25149232149124146,
          "z": 0.5689738392829895
        },
        "tail": {
          "x": 0.34844058752059937,
          "y": -0.4494194984436035,
          "z": 0.3994311988353729
        }
      },
      "world_space": {
        "head": {
          "x": 0.2880259156227112,
          "y": -0.18824832141399384,
          "z": 1.5188279151916504
        },
        "tail": {
          "x": 0.34844058752059937,
          "y": -0.3861755132675171,
          "z": 1.3492852449417114
        },
        "rotation_quaternion": {
          "w": 0.30598869919776917,
          "x": -0.9111211895942688,
          "y": -0.19091250002384186,
          "z": 0.19945299625396729
        },
        "matrix": [
          [
            0.8475415110588074,
            0.22582858800888062,
            -0.48028597235679626,
            0.2880259156227112
          ],
          [
            0.46994999051094055,
            -0.7398470044136047,
            0.4814285635948181,
            -0.18824832141399384
          ],
          [
            -0.2466190755367279,
            -0.6337462663650513,
            -0.7331838607788086,
            1.5188279151916504
          ],
          [
            0.0,
            0.0,
            0.0,
            1.0
          ]
        ]
      },
      "bone_length_armature_space": 0.2675253392278585,
      "parent": "upperarm_l",
      "has_children": true,
      "is_end_bone": false
    },
    "metacarpal_thumb_l": {
      "name": "metacarpal_thumb_l",
      "local": {
        "location": {
          "x": 0.0,
          "y": 0.0,
          "z": 0.0
        },
        "rotation_quaternion": {
          "w": 0.999945878982544,
          "x": -0.0031542284414172173,
          "y": 0.002536693587899208,
          "z": 0.009585586376488209
        },
        "scale": {
          "x": 1.0,
          "y": 1.0,
          "z": 1.0
        },
        "matrix_basis": [
          [
            0.999803364276886,
            -0.01918613724410534,
            0.005012642126530409,
            0.0
          ],
          [
            0.019154133275151253,
            0.9997963309288025,
            0.006356746889650822,
            0.0
          ],
          [
            -0.0051335827447474,
            -0.006259484216570854,
            0.9999672174453735,
            0.0
          ],
          [
            0.0,
            0.0,
            0.0,
            1.0
          ]
        ],
        "rotation_mode": "QUATERNION"
      },
      "armature_space": {
        "head": {
          "x": 0.34844058752059937,
          "y": -0.4494194984436035,
          "z": 0.3994311988353729
        },
        "tail": {
          "x": 0.3501237630844116,
          "y": -0.4594559073448181,
          "z": 0.3509538471698761
        }
      },
      "world_space": {
        "head": {
          "x": 0.34844058752059937,
          "y": -0.3861755132675171,
          "z": 1.3492852449417114
        },
        "tail": {
          "x": 0.3501237630844116,
          "y": -0.3962119221687317,
          "z": 1.3008078336715698
        },
        "rotation_quaternion": {
          "w": 0.5664387941360474,
          "x": -0.6833294630050659,
          "y": 0.2789955735206604,
          "z": -0.36656463146209717
        },
        "matrix": [
          [
            0.5755842328071594,
            0.03398049995303154,
            0.817035973072052,
            0.34844058752059937
          ],
          [
            -0.796563982963562,
            -0.2026180475950241,
            0.5695891976356506,
            -0.3861755132675171
          ],
          [
            0.18490172922611237,
            -0.9786749482154846,
            -0.08955622464418411,
            1.3492852449417114
          ],
          [
            0.0,
            0.0,
            0.0,
            1.0
          ]
        ]
      },
      "bone_length_armature_space": 0.04953398938152171,
      "parent": "lowerarm_l",
      "has_children": true,
      "is_end_bone": false
    },
    "thumb_01_l": {
      "name": "thumb_01_l",
      "local": {
        "location": {
          "x": 0.0,
          "y": 0.0,
          "z": 0.0
        },
        "rotation_quaternion": {
          "w": 0.999072790145874,
          "x": -0.04050876945257187,
          "y": 0.01455020159482956,
          "z": 0.0009360600961372256
        },
        "scale": {
          "x": 1.0,
          "y": 1.0,
          "z": 1.0
        },
        "matrix_basis": [
          [
            0.9995748400688171,
            -0.00304920575581491,
            0.02899758331477642,
            0.0
          ],
          [
            0.0006915628327988088,
            0.996716320514679,
            0.0809696614742279,
            0.0
          ],
          [
            -0.029149258509278297,
            -0.0809151753783226,
            0.9962946772575378,
            0.0
          ],
          [
            0.0,
            0.0,
            0.0,
            1.0
          ]
        ],
        "rotation_mode": "QUATERNION"
      },
      "armature_space": {
        "head": {
          "x": 0.3501237630844116,
          "y": -0.4594559073448181,
          "z": 0.3509538471698761
        },
        "tail": {
          "x": 0.36734539270401,
          "y": -0.44425493478775024,
          "z": 0.3258345425128937
        }
      },
      "world_space": {
        "head": {
          "x": 0.3501237630844116,
          "y": -0.3962119221687317,
          "z": 1.3008078336715698
        },
        "tail": {
          "x": 0.36734539270401,
          "y": -0.3810109496116638,
          "z": 1.2756885290145874
        },
        "rotation_quaternion": {
          "w": 0.4801751375198364,
          "x": 0.0005485053407028317,
          "y": 0.701941967010498,
          "z": -0.5260315537452698
        },
        "matrix": [
          [
            -0.5388602614402771,
            0.5059444904327393,
            0.6735351085662842,
            0.3501237630844116
          ],
          [
            -0.5044082403182983,
            0.4465804100036621,
            -0.7390117645263672,
            -0.3962119221687317
          ],
          [
            -0.6746915578842163,
            -0.7379655241966248,
            0.01455746591091156,
            1.3008078336715698
          ],
          [
            0.0,
            0.0,
            0.0,
            1.0
          ]
        ]
      },
      "bone_length_armature_space": 0.03403870722444872,
      "parent": "metacarpal_thumb_l",
      "has_children": true,
      "is_end_bone": false
    },
    "thumb_02_l": {
      "name": "thumb_02_l",
      "local": {
        "location": {
          "x": 0.0,
          "y": 0.0,
          "z": 0.0
        },
        "rotation_quaternion": {
          "w": 0.9971984624862671,
          "x": 0.07446196675300598,
          "y": 0.006227841135114431,
          "z": 0.003443650435656309
        },
        "scale": {
          "x": 1.0,
          "y": 1.0,
          "z": 1.0
        },
        "matrix_basis": [
          [
            0.9998987317085266,
            -0.005940531380474567,
            0.01293362956494093,
            0.0
          ],
          [
            0.0077954805456101894,
            0.9888871312141418,
            -0.14846383035182953,
            0.0
          ],
          [
            -0.01190794538706541,
            0.1485496163368225,
            0.9888332486152649,
            0.0
          ],
          [
            0.0,
            0.0,
            0.0,
            1.0
          ]
        ],
        "rotation_mode": "QUATERNION"
      },
      "armature_space": {
        "head": {
          "x": 0.3673453629016876,
          "y": -0.44425490498542786,
          "z": 0.32583457231521606
        },
        "tail": {
          "x": 0.3781985938549042,
          "y": -0.47088244557380676,
          "z": 0.2977922260761261
        }
      },
      "world_space": {
        "head": {
          "x": 0.3673453629016876,
          "y": -0.38101089000701904,
          "z": 1.275688648223877
        },
        "tail": {
          "x": 0.3781985938549042,
          "y": -0.40763843059539795,
          "z": 1.2476462125778198
        },
        "rotation_quaternion": {
          "w": 0.049122363328933716,
          "x": 0.22500380873680115,
          "y": 0.4075602889060974,
          "z": -0.8836599588394165
        },
        "matrix": [
          [
            -0.8939208388328552,
            0.2702200412750244,
            -0.35761207342147827,
            0.3673453629016876
          ],
          [
            0.09658920019865036,
            -0.6629639267921448,
            -0.7423944473266602,
            -0.38101089000701904
          ],
          [
            -0.437696635723114,
            -0.6981887817382812,
            0.5665401816368103,
            1.275688648223877
          ],
          [
            0.0,
            0.0,
            0.0,
            1.0
          ]
        ]
      },
      "bone_length_armature_space": 0.040164558121812376,
      "parent": "thumb_01_l",
      "has_children": true,
      "is_end_bone": false
    },
    "thumb_03_l": {
      "name": "thumb_03_l",
      "local": {
        "location": {
          "x": 0.0,
          "y": 0.0,
          "z": 0.0
        },
        "rotation_quaternion": {
          "w": 0.9976897239685059,
          "x": 0.06772519648075104,
          "y": 0.00410635257139802,
          "z": 0.0034055113792419434
        },
        "scale": {
          "x": 1.0,
          "y": 1.0,
          "z": 1.0
        },
        "matrix_basis": [
          [
            0.9999430775642395,
            -0.006239080335944891,
            0.008655009791254997,
            0.0
          ],
          [
            0.0073514943942427635,
            0.9908034205436707,
            -0.13510949909687042,
            0.0
          ],
          [
            -0.007732453756034374,
            0.13516543805599213,
            0.9907928705215454,
            0.0
          ],
          [
            0.0,
            0.0,
            0.0,
            1.0
          ]
        ],
        "rotation_mode": "QUATERNION"
      },
      "armature_space": {
        "head": {
          "x": 0.3781985640525818,
          "y": -0.4708823561668396,
          "z": 0.2977922260761261
        },
        "tail": {
          "x": 0.3845163583755493,
          "y": -0.4985058307647705,
          "z": 0.2866601347923279
        }
      },
      "world_space": {
        "head": {
          "x": 0.3781985640525818,
          "y": -0.4076383709907532,
          "z": 1.2476462125778198
        },
        "tail": {
          "x": 0.3845163583755493,
          "y": -0.4352618455886841,
          "z": 1.2365140914916992
        },
        "rotation_quaternion": {
          "w": 0.011105836369097233,
          "x": 0.43755340576171875,
          "y": 0.21497322618961334,
          "z": -0.8730465173721313
        },
        "matrix": [
          [
            -0.6168476939201355,
            0.20751549303531647,
            -0.7592337131500244,
            0.3781985640525818
          ],
          [
            0.1687321811914444,
            -0.9073271155357361,
            -0.3850809931755066,
            -0.4076383709907532
          ],
          [
            -0.7687886953353882,
            -0.3656468689441681,
            0.5246714949607849,
            1.2476462125778198
          ],
          [
            0.0,
            0.0,
            0.0,
            1.0
          ]
        ]
      },
      "bone_length_armature_space": 0.0304449390545316,
      "parent": "thumb_02_l",
      "has_children": false,
      "is_end_bone": true
    },
    "metacarpal_index_l": {
      "name": "metacarpal_index_l",
      "local": {
        "location": {
          "x": 0.0,
          "y": 0.0,
          "z": 0.0
        },
        "rotation_quaternion": {
          "w": 0.9989252090454102,
          "x": -0.042903073132038116,
          "y": -0.017322629690170288,
          "z": -0.0028100551571696997
        },
        "scale": {
          "x": 1.0,
          "y": 1.0,
          "z": 1.0
        },
        "matrix_basis": [
          [
            0.9993840456008911,
            0.007100457791239023,
            -0.034366901963949203,
            0.0
          ],
          [
            -0.0041276817210018635,
            0.9963028430938721,
            0.08581127971410751,
            0.0
          ],
          [
            0.0348491445183754,
            -0.0856165662407875,
            0.9957184791564941,
            0.0
          ],
          [
            0.0,
            0.0,
            0.0,
            1.0
          ]
        ],
        "rotation_mode": "QUATERNION"
      },
      "armature_space": {
        "head": {
          "x": 0.34844058752059937,
          "y": -0.4494194984436035,
          "z": 0.3994311988353729
        },
        "tail": {
          "x": 0.358390212059021,
          "y": -0.5199167728424072,
          "z": 0.30636948347091675
        }
      },
      "world_space": {
        "head": {
          "x": 0.34844058752059937,
          "y": -0.3861755132675171,
          "z": 1.3492852449417114
        },
        "tail": {
          "x": 0.358390212059021,
          "y": -0.4566727876663208,
          "z": 1.256223440170288
        },
        "rotation_quaternion": {
          "w": 0.44425657391548157,
          "x": -0.8767092227935791,
          "y": 0.0425148606300354,
          "z": -0.1794700026512146
        },
        "matrix": [
          [
            0.9319661259651184,
            0.08491479605436325,
            0.35246044397354126,
            0.34844058752059937
          ],
          [
            -0.23400719463825226,
            -0.6016577482223511,
            0.763707160949707,
            -0.3861755132675171
          ],
          [
            0.2769123613834381,
            -0.7942336201667786,
            -0.5408570170402527,
            1.3492852449417114
          ],
          [
            0.0,
            0.0,
            0.0,
            1.0
          ]
        ]
      },
      "bone_length_armature_space": 0.1171722823497006,
      "parent": "lowerarm_l",
      "has_children": true,
      "is_end_bone": false
    },
    "index_01_l": {
      "name": "index_01_l",
      "local": {
        "location": {
          "x": 0.0,
          "y": 0.0,
          "z": 0.0
        },
        "rotation_quaternion": {
          "w": 0.9954054951667786,
          "x": -0.09529917687177658,
          "y": -0.008982156403362751,
          "z": -0.002326785586774349
        },
        "scale": {
          "x": 1.0,
          "y": 1.0,
          "z": 1.0
        },
        "matrix_basis": [
          [
            0.9998278021812439,
            0.0063441745005548,
            -0.017438294366002083,
            0.0
          ],
          [
            -0.002920206170529127,
            0.9818252921104431,
            0.18976445496082306,
            0.0
          ],
          [
            0.018325258046388626,
            -0.18968084454536438,
            0.9816747903823853,
            0.0
          ],
          [
            0.0,
            0.0,
            0.0,
            1.0
          ]
        ],
        "rotation_mode": "QUATERNION"
      },
      "armature_space": {
        "head": {
          "x": 0.358390212059021,
          "y": -0.5199167728424072,
          "z": 0.30636948347091675
        },
        "tail": {
          "x": 0.3661857545375824,
          "y": -0.5443045496940613,
          "z": 0.29381808638572693
        }
      },
      "world_space": {
        "head": {
          "x": 0.358390212059021,
          "y": -0.4566727876663208,
          "z": 1.256223440170288
        },
        "tail": {
          "x": 0.3661857545375824,
          "y": -0.48106056451797485,
          "z": 1.2436721324920654
        },
        "rotation_quaternion": {
          "w": 0.25891438126564026,
          "x": -0.9253348708152771,
          "y": -0.07296083867549896,
          "z": -0.26719921827316284
        },
        "matrix": [
          [
            0.8465627431869507,
            0.27338969707489014,
            0.45671582221984863,
            0.358390212059021
          ],
          [
            -0.0033363429829478264,
            -0.8552805185317993,
            0.5181546807289124,
            -0.4566727876663208
          ],
          [
            0.5322819948196411,
            -0.4401780962944031,
            -0.723141074180603,
            1.256223440170288
          ],
          [
            0.0,
            0.0,
            0.0,
            1.0
          ]
        ]
      },
      "bone_length_armature_space": 0.028514412394776863,
      "parent": "metacarpal_index_l",
      "has_children": true,
      "is_end_bone": false
    },
    "index_02_l": {
      "name": "index_02_l",
      "local": {
        "location": {
          "x": 0.0,
          "y": 0.0,
          "z": 0.0
        },
        "rotation_quaternion": {
          "w": 0.9987924695014954,
          "x": 0.04860873520374298,
          "y": 0.005726974923163652,
          "z": 0.004254318308085203
        },
        "scale": {
          "x": 1.0,
          "y": 1.0,
          "z": 1.0
        },
        "matrix_basis": [
          [
            0.9998981952667236,
            -0.007941599935293198,
            0.011853712610900402,
            0.0
          ],
          [
            0.0090551245957613,
            0.995238184928894,
            -0.09705135226249695,
            0.0
          ],
          [
            -0.011026524938642979,
            0.09714880585670471,
            0.9952087998390198,
            0.0
          ],
          [
            0.0,
            0.0,
            0.0,
            1.0
          ]
        ],
        "rotation_mode": "QUATERNION"
      },
      "armature_space": {
        "head": {
          "x": 0.3661858141422272,
          "y": -0.5443047285079956,
          "z": 0.29381754994392395
        },
        "tail": {
          "x": 0.3742738962173462,
          "y": -0.5653780698776245,
          "z": 0.2816278338432312
        }
      },
      "world_space": {
        "head": {
          "x": 0.3661858141422272,
          "y": -0.4810607433319092,
          "z": 1.2436715364456177
        },
        "tail": {
          "x": 0.3742738962173462,
          "y": -0.5021340847015381,
          "z": 1.2314817905426025
        },
        "rotation_quaternion": {
          "w": 0.28265973925590515,
          "x": -0.9232485890388489,
          "y": -0.0967952162027359,
          "z": -0.24154944717884064
        },
        "matrix": [
          [
            0.8645692467689514,
            0.3152846097946167,
            0.3912995755672455,
            0.3661858141422272
          ],
          [
            0.042180340737104416,
            -0.8214687705039978,
            0.568691611289978,
            -0.4810607433319092
          ],
          [
            0.5007435083389282,
            -0.475172221660614,
            -0.7235199809074402,
            1.2436715364456177
          ],
          [
            0.0,
            0.0,
            0.0,
            1.0
          ]
        ]
      },
      "bone_length_armature_space": 0.025653303346392688,
      "parent": "index_01_l",
      "has_children": true,
      "is_end_bone": false
    },
    "index_03_l": {
      "name": "index_03_l",
      "local": {
        "location": {
          "x": 0.0,
          "y": 0.0,
          "z": 0.0
        },
        "rotation_quaternion": {
          "w": 0.9994876384735107,
          "x": 0.030853241682052612,
          "y": 0.008199860341846943,
          "z": -0.0023356792517006397
        },
        "scale": {
          "x": 1.0,
          "y": 1.0,
          "z": 1.0
        },
        "matrix_basis": [
          [
            0.9998546242713928,
            0.005174949765205383,
            0.01624719239771366,
            0.0
          ],
          [
            -0.004162980709224939,
            0.9980852603912354,
            -0.061713170260190964,
            0.0
          ],
          [
            -0.01653544418513775,
            0.06163656339049339,
            0.997961699962616,
            0.0
          ],
          [
            0.0,
            0.0,
            0.0,
            1.0
          ]
        ],
        "rotation_mode": "QUATERNION"
      },
      "armature_space": {
        "head": {
          "x": 0.37427380681037903,
          "y": -0.5653781294822693,
          "z": 0.28162792325019836
        },
        "tail": {
          "x": 0.3875594437122345,
          "y": -0.5863979458808899,
          "z": 0.26628533005714417
        }
      },
      "world_space": {
        "head": {
          "x": 0.37427380681037903,
          "y": -0.5021341443061829,
          "z": 1.231481909751892
        },
        "tail": {
          "x": 0.3875594437122345,
          "y": -0.5231539607048035,
          "z": 1.216139316558838
        },
        "rotation_quaternion": {
          "w": 0.3448977768421173,
          "x": -0.882160484790802,
          "y": -0.14610974490642548,
          "z": -0.2854651212692261
        },
        "matrix": [
          [
            0.7943235039710999,
            0.454696923494339,
            0.40286535024642944,
            0.37427380681037903
          ],
          [
            0.0608733706176281,
            -0.719395637512207,
            0.6919282078742981,
            -0.5021341443061829
          ],
          [
            0.6044414043426514,
            -0.525095522403717,
            -0.5991153120994568,
            1.231481909751892
          ],
          [
            0.0,
            0.0,
            0.0,
            1.0
          ]
        ]
      },
      "bone_length_armature_space": 0.029218761048770667,
      "parent": "index_02_l",
      "has_children": false,
      "is_end_bone": true
    },
    "metacarpal_pinky_l": {
      "name": "metacarpal_pinky_l",
      "local": {
        "location": {
          "x": 0.0,
          "y": 0.0,
          "z": 0.0
        },
        "rotation_quaternion": {
          "w": 0.9973834156990051,
          "x": -0.0714358314871788,
          "y": 0.0071474118158221245,
          "z": 0.0084979934617877
        },
        "scale": {
          "x": 1.0,
          "y": 1.0,
          "z": 1.0
        },
        "matrix_basis": [
          [
            0.9997534155845642,
            -0.017972677946090698,
            0.013043297454714775,
            0.0
          ],
          [
            0.015930352732539177,
            0.9896494150161743,
            0.1426193118095398,
            0.0
          ],
          [
            -0.01547154225409031,
            -0.1423763483762741,
            0.9896916747093201,
            0.0
          ],
          [
            0.0,
            0.0,
            0.0,
            1.0
          ]
        ],
        "rotation_mode": "QUATERNION"
      },
      "armature_space": {
        "head": {
          "x": 0.34844058752059937,
          "y": -0.4494194984436035,
          "z": 0.3994311988353729
        },
        "tail": {
          "x": 0.4000113010406494,
          "y": -0.5316844582557678,
          "z": 0.36179912090301514
        }
      },
      "world_space": {
        "head": {
          "x": 0.34844058752059937,
          "y": -0.3861755132675171,
          "z": 1.3492852449417114
        },
        "tail": {
          "x": 0.4000113010406494,
          "y": -0.4684404730796814,
          "z": 1.3116531372070312
        },
        "rotation_quaternion": {
          "w": 0.05516841635107994,
          "x": 0.6581096649169922,
          "y": 0.3192923665046692,
          "z": -0.6796326637268066
        },
        "matrix": [
          [
            -0.1276969164609909,
            0.4952497184276581,
            -0.8593142628669739,
            0.34844058752059937
          ],
          [
            0.34526994824409485,
            -0.7900161147117615,
            -0.5066194534301758,
            -0.3861755132675171
          ],
          [
            -0.9297814965248108,
            -0.36139243841171265,
            -0.07011328637599945,
            1.3492852449417114
          ],
          [
            0.0,
            0.0,
            0.0,
            1.0
          ]
        ]
      },
      "bone_length_armature_space": 0.1041308566221072,
      "parent": "lowerarm_l",
      "has_children": true,
      "is_end_bone": false
    },
    "pinky_01_l": {
      "name": "pinky_01_l",
      "local": {
        "location": {
          "x": 0.0,
          "y": 0.0,
          "z": 0.0
        },
        "rotation_quaternion": {
          "w": 0.9952963590621948,
          "x": -0.0939980149269104,
          "y": 0.021142205223441124,
          "z": 0.010129953734576702
        },
        "scale": {
          "x": 1.0,
          "y": 1.0,
          "z": 1.0
        },
        "matrix_basis": [
          [
            0.9989007711410522,
            -0.02413926273584366,
            0.040181130170822144,
            0.0
          ],
          [
            0.01618996076285839,
            0.9821234941482544,
            0.18754009902477264,
            0.0
          ],
          [
            -0.043989911675453186,
            -0.18668343126773834,
            0.9814347624778748,
            0.0
          ],
          [
            0.0,
            0.0,
            0.0,
            1.0
          ]
        ],
        "rotation_mode": "QUATERNION"
      },
      "armature_space": {
        "head": {
          "x": 0.4000113010406494,
          "y": -0.5316844582557678,
          "z": 0.36179912090301514
        },
        "tail": {
