{
  "metadata": {
    "armature_name": "KIM_caucasian_male",
    "export_time": "2026-01-13T21:12:53.782950",
    "blender_version": "4.4.1",
    "bone_count": 56,
    "end_bone_count": 13,
    "spaces_included": [
      "LOCAL_CHANNELS",
      "ARMATURE_SPACE",
      "WORLD_SPACE"
    ],
    "note": "LOCAL matches Transform panel; replay pose via local.matrix_basis for best fidelity."
  },
  "bones": {
    "Root": {
      "name": "Root",
      "local": {
        "location": {
          "x": 0.0,
          "y": 0.0,
          "z": 0.0
        },
        "rotation_quaternion": {
          "w": 0.9997164011001587,
          "x": -0.005509231239557266,
          "y": 0.004423183389008045,
          "z": -0.02274327166378498
        },
        "scale": {
          "x": 1.0,
          "y": 1.0,
          "z": 1.0
        },
        "matrix_basis": [
          [
            0.9989263415336609,
            0.04542490839958191,
            0.009094453416764736,
            0.0
          ],
          [
            -0.045522380620241165,
            0.9989047646522522,
            0.010814142413437366,
            0.0
          ],
          [
            -0.008593262173235416,
            -0.011216533370316029,
            0.9999001622200012,
            0.0
          ],
          [
            0.0,
            0.0,
            0.0,
            1.0
          ]
        ],
        "rotation_mode": "QUATERNION"
      },
      "armature_space": {
        "head": {
          "x": 0.0,
          "y": 0.07072800397872925,
          "z": -0.009595036506652832
        },
        "tail": {
          "x": 0.003242242382839322,
          "y": 0.00018508732318878174,
          "z": 0.000782819464802742
        }
      },
      "world_space": {
        "head": {
          "x": 0.0,
          "y": 0.13397200405597687,
          "z": 0.9402589797973633
        },
        "tail": {
          "x": 0.003242242382839322,
          "y": 0.0634290874004364,
          "z": 0.9506368637084961
        },
        "rotation_quaternion": {
          "w": 0.07284526526927948,
          "x": 0.9970741271972656,
          "y": 0.022989585995674133,
          "z": 0.0028809676878154278
        },
        "matrix": [
          [
            0.9989263415336609,
            0.04542490839958191,
            0.009094453416764736,
            0.0
          ],
          [
            0.046264372766017914,
            -0.988330066204071,
            -0.14513224363327026,
            0.13397200405597687
          ],
          [
            0.00239576306194067,
            0.14539726078510284,
            -0.989377498626709,
            0.9402589797973633
          ],
          [
            0.0,
            0.0,
            0.0,
            1.0
          ]
        ]
      },
      "bone_length_armature_space": 0.07137587371088039,
      "parent": null,
      "has_children": true,
      "is_end_bone": false
    },
    "spine_01": {
      "name": "spine_01",
      "local": {
        "location": {
          "x": 0.0,
          "y": 0.0,
          "z": 0.0
        },
        "rotation_quaternion": {
          "w": 0.997840404510498,
          "x": -0.037851933389902115,
          "y": -0.03135628253221512,
          "z": -0.04357292503118515
        },
        "scale": {
          "x": 1.0,
          "y": 1.0,
          "z": 1.0
        },
        "matrix_basis": [
          [
            0.9942363500595093,
            0.08933144062757492,
            -0.059278491884469986,
            0.0
          ],
          [
            -0.08458385616540909,
            0.9933372735977173,
            0.07827294617891312,
            0.0
          ],
          [
            0.06587576866149902,
            -0.07280780375003815,
            0.9951680302619934,
            0.0
          ],
          [
            0.0,
            0.0,
            0.0,
            1.0
          ]
        ],
        "rotation_mode": "QUATERNION"
      },
      "armature_space": {
        "head": {
          "x": 0.003242242382839322,
          "y": 0.00018508732318878174,
          "z": 0.000782819464802742
        },
        "tail": {
          "x": 0.04269876703619957,
          "y": 0.06556989252567291,
          "z": 0.48277509212493896
        }
      },
      "world_space": {
        "head": {
          "x": 0.003242242382839322,
          "y": 0.0634290874004364,
          "z": 0.9506368637084961
        },
        "tail": {
          "x": 0.04269876703619957,
          "y": 0.12881389260292053,
          "z": 1.432629108428955
        },
        "rotation_quaternion": {
          "w": 0.7526843547821045,
          "x": 0.6571009159088135,
          "y": 0.021412843838334084,
          "z": -0.03501634672284126
        },
        "matrix": [
          [
            0.9966306686401367,
            0.08085332810878754,
            -0.013784829527139664,
            0.003242242382839322
          ],
          [
            -0.024572260677814484,
            0.13398492336273193,
            -0.9906787872314453,
            0.0634290874004364
          ],
          [
            -0.07825327664613724,
            0.9876865744590759,
            0.13552027940750122,
            0.9506368637084961
          ],
          [
            0.0,
            0.0,
            0.0,
            1.0
          ]
        ]
      },
      "bone_length_armature_space": 0.48800465557951656,
      "parent": "Root",
      "has_children": true,
      "is_end_bone": false
    },
    "neck_01": {
      "name": "neck_01",
      "local": {
        "location": {
          "x": 0.0,
          "y": 0.0,
          "z": 0.0
        },
        "rotation_quaternion": {
          "w": 0.996961236000061,
          "x": -0.012756017968058586,
          "y": -0.07068473100662231,
          "z": -0.030154289677739143
        },
        "scale": {
          "x": 1.0,
          "y": 1.0,
          "z": 1.0
        },
        "matrix_basis": [
          [
            0.9881888031959534,
            0.06192862614989281,
            -0.14017057418823242,
            0.0
          ],
          [
            -0.0583220049738884,
            0.9978560209274292,
            0.02969740703701973,
            0.0
          ],
          [
            0.14170916378498077,
            -0.02117161452770233,
            0.9896818995475769,
            0.0
          ],
          [
            0.0,
            0.0,
            0.0,
            1.0
          ]
        ],
        "rotation_mode": "QUATERNION"
      },
      "armature_space": {
        "head": {
          "x": 0.04814065992832184,
          "y": 0.0410228855907917,
          "z": 0.5597918629646301
        },
        "tail": {
          "x": 0.06168144941329956,
          "y": 0.017132684588432312,
          "z": 0.6585676670074463
        }
      },
      "world_space": {
        "head": {
          "x": 0.04814065992832184,
          "y": 0.10426688194274902,
          "z": 1.509645938873291
        },
        "tail": {
          "x": 0.06168144941329956,
          "y": 0.08037668466567993,
          "z": 1.6084216833114624
        },
        "rotation_quaternion": {
          "w": 0.619240939617157,
          "x": 0.776981770992279,
          "y": -0.005218811798840761,
          "z": -0.1131930947303772
        },
        "matrix": [
          [
            0.9743204116821289,
            0.13207776844501495,
            -0.1823604702949524,
            0.04814065992832184
          ],
          [
            -0.14829665422439575,
            -0.2330266237258911,
            -0.9610968232154846,
            0.10426688194274902
          ],
          [
            -0.16943566501140594,
            0.9634659886360168,
            -0.20745818316936493,
            1.509645938873291
          ],
          [
            0.0,
            0.0,
            0.0,
            1.0
          ]
        ]
      },
      "bone_length_armature_space": 0.10252196766917795,
      "parent": "spine_01",
      "has_children": true,
      "is_end_bone": false
    },
    "head": {
      "name": "head",
      "local": {
        "location": {
          "x": 0.0,
          "y": 0.0,
          "z": 0.0
        },
        "rotation_quaternion": {
          "w": 0.9794803857803345,
          "x": -0.09960649907588959,
          "y": 0.04776246100664139,
          "z": -0.16856959462165833
        },
        "scale": {
          "x": 1.0,
          "y": 1.0,
          "z": 1.0
        },
        "matrix_basis": [
          [
            0.9386060833930969,
            0.320706307888031,
            0.12714603543281555,
            0.0
          ],
          [
            -0.33973613381385803,
            0.9233256578445435,
            0.1790226250886917,
            0.0
          ],
          [
            -0.05998353287577629,
            -0.21122781932353973,
            0.9755945801734924,
            0.0
          ],
          [
            0.0,
            0.0,
            0.0,
            1.0
          ]
        ],
        "rotation_mode": "QUATERNION"
      },
      "armature_space": {
        "head": {
          "x": 0.06168140843510628,
          "y": 0.017132552340626717,
          "z": 0.6585675477981567
        },
        "tail": {
          "x": 0.14121848344802856,
          "y": 0.06036771833896637,
          "z": 0.7844952344894409
        }
      },
      "world_space": {
        "head": {
          "x": 0.06168140843510628,
          "y": 0.08037655055522919,
          "z": 1.6084215641021729
        },
        "tail": {
          "x": 0.14121848344802856,
          "y": 0.12361171841621399,
          "z": 1.734349250793457
        },
        "rotation_quaternion": {
          "w": 0.7811785340309143,
          "x": 0.5644780993461609,
          "y": 0.17072461545467377,
          "z": -0.20488475263118744
        },
        "matrix": [
          [
            0.8577507138252258,
            0.5128439664840698,
            0.03542495518922806,
            0.06168140843510628
          ],
          [
            -0.12736529111862183,
            0.27877432107925415,
            -0.9518736004829407,
            0.08037655055522919
          ],
          [
            -0.4980417490005493,
            0.811964213848114,
            0.30443862080574036,
            1.6084215641021729
          ],
          [
            0.0,
            0.0,
            0.0,
            1.0
          ]
        ]
      },
      "bone_length_armature_space": 0.15509096968938957,
      "parent": "neck_01",
      "has_children": false,
      "is_end_bone": true
    },
    "upperarm_l": {
      "name": "upperarm_l",
      "local": {
        "location": {
          "x": 0.0,
          "y": 0.0,
          "z": 0.0
        },
        "rotation_quaternion": {
          "w": 0.9514936804771423,
          "x": 0.18707826733589172,
          "y": -0.059679269790649414,
          "z": -0.2368544042110443
        },
        "scale": {
          "x": 1.0,
          "y": 1.0,
          "z": 1.0
        },
        "matrix_basis": [
          [
            0.8806767463684082,
            0.42840155959129333,
            -0.20218952000141144,
            0.0
          ],
          [
            -0.47306033968925476,
            0.8178034424781799,
            -0.3277369737625122,
            0.0
          ],
          [
            0.024948272854089737,
            0.38427817821502686,
            0.922880232334137,
            0.0
          ],
          [
            0.0,
            0.0,
            0.0,
            1.0
          ]
        ],
        "rotation_mode": "QUATERNION"
      },
      "armature_space": {
        "head": {
          "x": 0.1921573430299759,
          "y": 0.025172822177410126,
          "z": 0.48210588097572327
        },
        "tail": {
          "x": 0.4005562961101532,
          "y": -0.08728599548339844,
          "z": 0.35668355226516724
        }
      },
      "world_space": {
        "head": {
          "x": 0.1921573430299759,
          "y": 0.08841682225465775,
          "z": 1.431959867477417
        },
        "tail": {
          "x": 0.4005562961101532,
          "y": -0.024041995406150818,
          "z": 1.3065376281738281
        },
        "rotation_quaternion": {
          "w": 0.2972460389137268,
          "x": 0.36228057742118835,
          "y": 0.4492327868938446,
          "z": -0.7606493234634399
        },
        "matrix": [
          [
            -0.5607953667640686,
            0.7776967287063599,
            -0.28407108783721924,
            0.1921573430299759
          ],
          [
            -0.12670594453811646,
            -0.41967031359672546,
            -0.898789644241333,
            0.08841682225465775
          ],
          [
            -0.8182077407836914,
            -0.46804720163345337,
            0.3338894844055176,
            1.431959867477417
          ],
          [
            0.0,
            0.0,
            0.0,
            1.0
          ]
        ]
      },
      "bone_length_armature_space": 0.2679699044856123,
      "parent": "spine_01",
      "has_children": true,
      "is_end_bone": false
    },
    "lowerarm_l": {
      "name": "lowerarm_l",
      "local": {
        "location": {
          "x": 0.0,
          "y": 0.0,
          "z": 0.0
        },
        "rotation_quaternion": {
          "w": 0.9796395301818848,
          "x": 0.16801701486110687,
          "y": -0.027702294290065765,
          "z": -0.10634491592645645
        },
        "scale": {
          "x": 1.0,
          "y": 1.0,
          "z": 1.0
        },
        "matrix_basis": [
          [
            0.9758467078208923,
            0.19905045628547668,
            -0.09001203626394272,
            0.0
          ],
          [
            -0.21766828000545502,
            0.9209221005439758,
            -0.32330021262168884,
            0.0
          ],
          [
            0.018541013821959496,
            0.3350842297077179,
            0.9420057535171509,
            0.0
          ],
          [
            0.0,
            0.0,
            0.0,
            1.0
          ]
        ],
        "rotation_mode": "QUATERNION"
      },
      "armature_space": {
        "head": {
          "x": 0.40055641531944275,
          "y": -0.08728606253862381,
          "z": 0.356683611869812
        },
        "tail": {
          "x": 0.535827100276947,
          "y": -0.30080917477607727,
          "z": 0.2690524458885193
        }
      },
      "world_space": {
        "head": {
          "x": 0.40055641531944275,
          "y": -0.02404206246137619,
          "z": 1.3065376281738281
        },
        "tail": {
          "x": 0.535827100276947,
          "y": -0.23756517469882965,
          "z": 1.2189064025878906
        },
        "rotation_quaternion": {
          "w": 0.19097021222114563,
          "x": 0.3260762393474579,
          "y": 0.2538866102695465,
          "z": -0.8903630375862122
        },
        "matrix": [
          [
            -0.7144096493721008,
            0.5056384801864624,
            -0.4836822748184204,
            0.40055641531944275
          ],
          [
            -0.17449389398097992,
            -0.7981442213058472,
            -0.5766438245773315,
            -0.02404206246137619
          ],
          [
            -0.6776264309883118,
            -0.32756322622299194,
            0.6584368348121643,
            1.3065376281738281
          ],
          [
            0.0,
            0.0,
            0.0,
            1.0
          ]
        ]
      },
      "bone_length_armature_space": 0.26752476786709983,
      "parent": "upperarm_l",
      "has_children": true,
      "is_end_bone": false
    },
    "metacarpal_thumb_l": {
      "name": "metacarpal_thumb_l",
      "local": {
        "location": {
          "x": 0.0,
          "y": 0.0,
          "z": 0.0
        },
        "rotation_quaternion": {
          "w": 0.9998050332069397,
          "x": 0.015804648399353027,
          "y": -0.00025919286417774856,
          "z": -0.011836339719593525
        },
        "scale": {
          "x": 1.0,
          "y": 1.0,
          "z": 1.0
        },
        "matrix_basis": [
          [
            0.9997196793556213,
            0.023659871891140938,
            -0.0008924230351112783,
            0.0
          ],
          [
            -0.023676257580518723,
            0.9992202520370483,
            -0.03159699961543083,
            0.0
          ],
          [
            0.0001441462809452787,
            0.031609270721673965,
            0.9995002746582031,
            0.0
          ],
          [
            0.0,
            0.0,
            0.0,
            1.0
          ]
        ],
        "rotation_mode": "QUATERNION"
      },
      "armature_space": {
        "head": {
          "x": 0.535827100276947,
          "y": -0.30080917477607727,
          "z": 0.2690524458885193
        },
        "tail": {
          "x": 0.5345619320869446,
          "y": -0.3502997159957886,
          "z": 0.2674180865287781
        }
      },
      "world_space": {
        "head": {
          "x": 0.535827100276947,
          "y": -0.23756517469882965,
          "z": 1.2189064025878906
        },
        "tail": {
          "x": 0.5345619320869446,
          "y": -0.28705573081970215,
          "z": 1.2172720432281494
        },
        "rotation_quaternion": {
          "w": 0.020369991660118103,
          "x": -0.9045669436454773,
          "y": 0.004529434721916914,
          "z": 0.42582088708877563
        },
        "matrix": [
          [
            0.6373122930526733,
            -0.02554207667708397,
            -0.770182192325592,
            0.535827100276947
          ],
          [
            0.00915340706706047,
            -0.9991292953491211,
            0.040708981454372406,
            -0.23756517469882965
          ],
          [
            -0.7705567479133606,
            -0.032995205372571945,
            -0.6365280151367188,
            1.2189064025878906
          ],
          [
            0.0,
            0.0,
            0.0,
            1.0
          ]
        ]
      },
      "bone_length_armature_space": 0.04953367970698812,
      "parent": "lowerarm_l",
      "has_children": true,
      "is_end_bone": false
    },
    "thumb_01_l": {
      "name": "thumb_01_l",
      "local": {
        "location": {
          "x": 0.0,
          "y": 0.0,
          "z": 0.0
        },
        "rotation_quaternion": {
          "w": 0.9995673894882202,
          "x": 0.022836457937955856,
          "y": -0.00013756845146417618,
          "z": -0.018535617738962173
        },
        "scale": {
          "x": 1.0,
          "y": 1.0,
          "z": 1.0
        },
        "matrix_basis": [
          [
            0.9993128180503845,
            0.03704891353845596,
            -0.00112159363925457,
            0.0
          ],
          [
            -0.037061482667922974,
            0.9982698559761047,
            -0.045648057013750076,
            0.0
          ],
          [
            -0.0005715578445233405,
            0.045658256858587265,
            0.9989569783210754,
            0.0
          ],
          [
            0.0,
            0.0,
            0.0,
            1.0
          ]
        ],
        "rotation_mode": "QUATERNION"
      },
      "armature_space": {
        "head": {
          "x": 0.5345619320869446,
          "y": -0.3502997159957886,
          "z": 0.2674180865287781
        },
        "tail": {
          "x": 0.5134602785110474,
          "y": -0.37280839681625366,
          "z": 0.25304070115089417
        }
      },
      "world_space": {
        "head": {
          "x": 0.5345619320869446,
          "y": -0.28705573081970215,
          "z": 1.2172720432281494
        },
        "tail": {
          "x": 0.5134602785110474,
          "y": -0.30956441164016724,
          "z": 1.202894687652588
        },
        "rotation_quaternion": {
          "w": 0.11040957272052765,
          "x": -0.8632495403289795,
          "y": 0.39645278453826904,
          "z": -0.2922929525375366
        },
        "matrix": [
          [
            0.5147790312767029,
            -0.6199326515197754,
            0.5921876430511475,
            0.5345619320869446
          ],
          [
            -0.7490195035934448,
            -0.6612696647644043,
            -0.04114075005054474,
            -0.28705573081970215
          ],
          [
            0.4171023368835449,
            -0.42238521575927734,
            -0.8047550916671753,
            1.2172720432281494
          ],
          [
            0.0,
            0.0,
            0.0,
            1.0
          ]
        ]
      },
      "bone_length_armature_space": 0.034038650151708004,
      "parent": "metacarpal_thumb_l",
      "has_children": true,
      "is_end_bone": false
    },
    "thumb_02_l": {
      "name": "thumb_02_l",
      "local": {
        "location": {
          "x": 0.0,
          "y": 0.0,
          "z": 0.0
        },
        "rotation_quaternion": {
          "w": 0.993421733379364,
          "x": 0.11381381005048752,
          "y": -0.012201190926134586,
          "z": -0.003289050655439496
        },
        "scale": {
          "x": 1.0,
          "y": 1.0,
          "z": 1.0
        },
        "matrix_basis": [
          [
            0.9996806383132935,
            0.0037575007881969213,
            -0.024990534409880638,
            0.0
          ],
          [
            -0.009312156587839127,
            0.974071204662323,
            -0.22604995965957642,
            0.0
          ],
          [
            0.023493178188800812,
            0.22621048986911774,
            0.9737951159477234,
            0.0
          ],
          [
            0.0,
            0.0,
            0.0,
            1.0
          ]
        ],
        "rotation_mode": "QUATERNION"
      },
      "armature_space": {
        "head": {
          "x": 0.5134602785110474,
          "y": -0.3728083670139313,
          "z": 0.25304073095321655
        },
        "tail": {
          "x": 0.5366564989089966,
          "y": -0.40179455280303955,
          "z": 0.23771360516548157
        }
      },
      "world_space": {
        "head": {
          "x": 0.5134602785110474,
          "y": -0.30956435203552246,
          "z": 1.202894687652588
        },
        "tail": {
          "x": 0.5366564989089966,
          "y": -0.3385505676269531,
          "z": 1.1875675916671753
        },
        "rotation_quaternion": {
          "w": 0.36858347058296204,
          "x": -0.6246143579483032,
          "y": -0.0574561282992363,
          "z": -0.6860772967338562
        },
        "matrix": [
          [
            0.05199449136853218,
            0.5775319337844849,
            0.8147107362747192,
            0.5134602785110474
          ],
          [
            -0.43397757411003113,
            -0.7216882109642029,
            0.5392864942550659,
            -0.30956435203552246
          ],
          [
            0.8994282484054565,
            -0.3816094994544983,
            0.2131139189004898,
            1.202894687652588
          ],
          [
            0.0,
            0.0,
            0.0,
            1.0
          ]
        ]
      },
      "bone_length_armature_space": 0.04016446636736733,
      "parent": "thumb_01_l",
      "has_children": true,
      "is_end_bone": false
    },
    "thumb_03_l": {
      "name": "thumb_03_l",
      "local": {
        "location": {
          "x": 0.0,
          "y": 0.0,
          "z": 0.0
        },
        "rotation_quaternion": {
          "w": 0.996269702911377,
          "x": 0.0861024409532547,
          "y": -0.005738375708460808,
          "z": -0.0003939343732781708
        },
        "scale": {
          "x": 1.0,
          "y": 1.0,
          "z": 1.0
        },
        "matrix_basis": [
          [
            0.9999338388442993,
            -0.00020324655633885413,
            -0.011501776985824108,
            0.0
          ],
          [
            -0.0017731060506775975,
            0.98517245054245,
            -0.17155799269676208,
            0.0
          ],
          [
            0.011366101913154125,
            0.17156702280044556,
            0.985106885433197,
            0.0
          ],
          [
            0.0,
            0.0,
            0.0,
            1.0
          ]
        ],
        "rotation_mode": "QUATERNION"
      },
      "armature_space": {
        "head": {
          "x": 0.5366564393043518,
          "y": -0.40179455280303955,
          "z": 0.23771367967128754
        },
        "tail": {
          "x": 0.5628263354301453,
          "y": -0.4134691059589386,
          "z": 0.22743095457553864
        }
      },
      "world_space": {
        "head": {
          "x": 0.5366564393043518,
          "y": -0.3385505676269531,
          "z": 1.1875677108764648
        },
        "tail": {
          "x": 0.5628263354301453,
          "y": -0.3502250909805298,
          "z": 1.1772849559783936
        },
        "rotation_quaternion": {
          "w": 0.5508784651756287,
          "x": -0.3983663320541382,
          "y": -0.06927541643381119,
          "z": -0.7300946712493896
        },
        "matrix": [
          [
            -0.07567288726568222,
            0.8595824837684631,
            0.5053629875183105,
            0.5366564393043518
          ],
          [
            -0.7491922974586487,
            -0.38346534967422485,
            0.5400607585906982,
            -0.3385505676269531
          ],
          [
            0.6580199003219604,
            -0.3377489149570465,
            0.6730155944824219,
            1.1875677108764648
          ],
          [
            0.0,
            0.0,
            0.0,
            1.0
          ]
        ]
      },
      "bone_length_armature_space": 0.030444919158821897,
      "parent": "thumb_02_l",
      "has_children": false,
      "is_end_bone": true
    },
    "metacarpal_index_l": {
      "name": "metacarpal_index_l",
      "local": {
        "location": {
          "x": 0.0,
          "y": 0.0,
          "z": 0.0
        },
        "rotation_quaternion": {
          "w": 0.9991720914840698,
          "x": -0.03886329382658005,
          "y": 0.001749818678945303,
          "z": 0.011907019652426243
        },
        "scale": {
          "x": 1.0,
          "y": 1.0,
          "z": 1.0
        },
        "matrix_basis": [
          [
            0.9997103214263916,
            -0.02393033169209957,
            0.002571247983723879,
            0.0
          ],
          [
            0.02365831658244133,
            0.9966957569122314,
            0.07770390808582306,
            0.0
          ],
          [
            -0.0044222320429980755,
            -0.07762056589126587,
            0.9969731569290161,
            0.0
          ],
          [
            0.0,
            0.0,
            0.0,
            1.0
          ]
        ],
        "rotation_mode": "QUATERNION"
      },
      "armature_space": {
        "head": {
          "x": 0.535827100276947,
          "y": -0.30080917477607727,
          "z": 0.2690524458885193
        },
        "tail": {
          "x": 0.5789903402328491,
          "y": -0.40895405411720276,
          "z": 0.2559817135334015
        }
      },
      "world_space": {
        "head": {
          "x": 0.535827100276947,
          "y": -0.23756517469882965,
          "z": 1.2189064025878906
        },
        "tail": {
          "x": 0.5789903402328491,
          "y": -0.34571003913879395,
          "z": 1.2058357000350952
        },
        "rotation_quaternion": {
          "w": 0.08272343873977661,
          "x": 0.7312514185905457,
          "y": 0.17797885835170746,
          "z": -0.6532623767852783
        },
        "matrix": [
          [
            0.08314325660467148,
            0.3683759570121765,
            -0.9259516596794128,
            0.535827100276947
          ],
          [
            0.15221424400806427,
            -0.9229604601860046,
            -0.35351842641830444,
            -0.23756517469882965
          ],
          [
            -0.984851062297821,
            -0.11155188083648682,
            -0.1328113079071045,
            1.2189064025878906
          ],
          [
            0.0,
            0.0,
            0.0,
            1.0
          ]
        ]
      },
      "bone_length_armature_space": 0.11717177331470612,
      "parent": "lowerarm_l",
      "has_children": true,
      "is_end_bone": false
    },
    "index_01_l": {
      "name": "index_01_l",
      "local": {
        "location": {
          "x": 0.0,
          "y": 0.0,
          "z": 0.0
        },
        "rotation_quaternion": {
          "w": 0.998322606086731,
          "x": -0.05535520613193512,
          "y": -0.009724568575620651,
          "z": 0.01390165276825428
        },
        "scale": {
          "x": 1.0,
          "y": 1.0,
          "z": 1.0
        },
        "matrix_basis": [
          [
            0.9994243383407593,
            -0.026680057868361473,
            -0.02095557190477848,
            0.0
          ],
          [
            0.028833279386162758,
            0.9934850931167603,
            0.11025433242321014,
            0.0
          ],
          [
            0.017877455800771713,
            -0.11079508066177368,
            0.9936824440956116,
            0.0
          ],
          [
            0.0,
            0.0,
            0.0,
            1.0
          ]
        ],
        "rotation_mode": "QUATERNION"
      },
      "armature_space": {
        "head": {
          "x": 0.5789903402328491,
          "y": -0.40895405411720276,
          "z": 0.2559817135334015
        },
        "tail": {
          "x": 0.5957664847373962,
          "y": -0.42936277389526367,
          "z": 0.2452525496482849
        }
      },
      "world_space": {
        "head": {
          "x": 0.5789903402328491,
          "y": -0.34571003913879395,
          "z": 1.2058357000350952
        },
        "tail": {
          "x": 0.5957664847373962,
          "y": -0.36611878871917725,
          "z": 1.1951065063476562
        },
        "rotation_quaternion": {
          "w": 0.06087219715118408,
          "x": 0.689470112323761,
          "y": 0.37205666303634644,
          "z": -0.6184654235839844
        },
        "matrix": [
          [
            -0.04185204952955246,
            0.5883409380912781,
            -0.8075292110443115,
            0.5789903402328491
          ],
          [
            0.4377492070198059,
            -0.7157350778579712,
            -0.5441501140594482,
            -0.34571003913879395
          ],
          [
            -0.8981285691261292,
            -0.37627220153808594,
            -0.22759288549423218,
            1.2058357000350952
          ],
          [
            0.0,
            0.0,
            0.0,
            1.0
          ]
        ]
      },
      "bone_length_armature_space": 0.02851437890399387,
      "parent": "metacarpal_index_l",
      "has_children": true,
      "is_end_bone": false
    },
    "index_02_l": {
      "name": "index_02_l",
      "local": {
        "location": {
          "x": 0.0,
          "y": 0.0,
          "z": 0.0
        },
        "rotation_quaternion": {
          "w": 0.9855832457542419,
          "x": 0.16898059844970703,
          "y": -0.0017302385531365871,
          "z": 0.008266938850283623
        },
        "scale": {
          "x": 1.0,
          "y": 1.0,
          "z": 1.0
        },
        "matrix_basis": [
          [
            0.9998573064804077,
            -0.01688026636838913,
            -0.0006166836828924716,
            0.0
          ],
          [
            0.01571075990796089,
            0.9427544474601746,
            -0.3331175148487091,
            0.0
          ],
          [
            0.006204492878168821,
            0.33306029438972473,
            0.9428851008415222,
            0.0
          ],
          [
            0.0,
            0.0,
            0.0,
            1.0
          ]
        ],
        "rotation_mode": "QUATERNION"
      },
      "armature_space": {
        "head": {
          "x": 0.5957664847373962,
          "y": -0.42936334013938904,
          "z": 0.2452525645494461
        },
        "tail": {
          "x": 0.6039982438087463,
          "y": -0.4511551856994629,
          "z": 0.23450800776481628
        }
      },
      "world_space": {
        "head": {
          "x": 0.5957664847373962,
          "y": -0.3661193251609802,
          "z": 1.1951066255569458
        },
        "tail": {
          "x": 0.6039982438087463,
          "y": -0.38791120052337646,
          "z": 1.1843620538711548
        },
        "rotation_quaternion": {
          "w": 0.031042201444506645,
          "x": -0.6674514412879944,
          "y": -0.27257606387138367,
          "z": 0.6922768950462341
        },
        "matrix": [
          [
            -0.1070900410413742,
            0.3208858072757721,
            -0.9410441517829895,
            0.5957664847373962
          ],
          [
            0.40684211254119873,
            -0.8494765162467957,
            -0.33596071600914,
            -0.3661193251609802
          ],
          [
            -0.9072057604789734,
            -0.4188380241394043,
            -0.039580002427101135,
            1.1951066255569458
          ],
          [
            0.0,
            0.0,
            0.0,
            1.0
          ]
        ]
      },
      "bone_length_armature_space": 0.025653301644633402,
      "parent": "index_01_l",
      "has_children": true,
      "is_end_bone": false
    },
    "index_03_l": {
      "name": "index_03_l",
      "local": {
        "location": {
          "x": 0.0,
          "y": 0.0,
          "z": 0.0
        },
        "rotation_quaternion": {
          "w": 0.9727089405059814,
          "x": 0.2318362146615982,
          "y": -0.007684960961341858,
          "z": -0.005499344784766436
        },
        "scale": {
          "x": 1.0,
          "y": 1.0,
          "z": 1.0
        },
        "matrix_basis": [
          [
            0.9998214244842529,
            0.007135218940675259,
            -0.01750035583972931,
            0.0
          ],
          [
            -0.014261827804148197,
            0.8924434781074524,
            -0.4509337842464447,
            0.0
          ],
          [
            0.012400565668940544,
            0.4511028528213501,
            0.8923858404159546,
            0.0
          ],
          [
            0.0,
            0.0,
            0.0,
            1.0
          ]
        ],
        "rotation_mode": "QUATERNION"
      },
      "armature_space": {
        "head": {
          "x": 0.6039983630180359,
          "y": -0.4511551260948181,
          "z": 0.23450802266597748
        },
        "tail": {
          "x": 0.5970576405525208,
          "y": -0.47581544518470764,
          "z": 0.2204570174217224
        }
      },
      "world_space": {
        "head": {
          "x": 0.6039983630180359,
          "y": -0.3879111409187317,
          "z": 1.1843620538711548
        },
        "tail": {
          "x": 0.5970576405525208,
          "y": -0.41257143020629883,
          "z": 1.1703109741210938
        },
        "rotation_quaternion": {
          "w": 0.25738632678985596,
          "x": -0.6282857060432434,
          "y": -0.10842759162187576,
          "z": 0.7261218428611755
        },
        "matrix": [
          [
            -0.0780189111828804,
            -0.2375437170267105,
            -0.9682385921478271,
            0.6039983630180359
          ],
          [
            0.5100347399711609,
            -0.843991219997406,
            0.16596345603466034,
            -0.3879111409187317
          ],
          [
            -0.8566138744354248,
            -0.4808911085128784,
            0.1870042085647583,
            1.1843620538711548
          ],
          [
            0.0,
            0.0,
            0.0,
            1.0
          ]
        ]
      },
      "bone_length_armature_space": 0.029218756441962517,
      "parent": "index_02_l",
      "has_children": false,
      "is_end_bone": true
    },
    "metacarpal_pinky_l": {
      "name": "metacarpal_pinky_l",
      "local": {
        "location": {
          "x": 0.0,
          "y": 0.0,
          "z": 0.0
        },
        "rotation_quaternion": {
          "w": 0.9988306760787964,
          "x": -0.04353709518909454,
          "y": 0.019520509988069534,
          "z": -0.007797217462211847
        },
        "scale": {
          "x": 1.0,
          "y": 1.0,
          "z": 1.0
        },
        "matrix_basis": [
          [
            0.9991163015365601,
            0.013876467011868954,
            0.0396743044257164,
            0.0
          ],
          [
            -0.017275933176279068,
            0.9960874319076538,
            0.08666796237230301,
            0.0
          ],
          [
            -0.038316432386636734,
            -0.08727678656578064,
            0.9954469203948975,
            0.0
          ],
          [
            0.0,
            0.0,
            0.0,
            1.0
          ]
        ],
        "rotation_mode": "QUATERNION"
      },
      "armature_space": {
        "head": {
          "x": 0.535827100276947,
          "y": -0.30080917477607727,
          "z": 0.2690524458885193
        },
        "tail": {
          "x": 0.5943962931632996,
          "y": -0.3623542785644531,
          "z": 0.20884346961975098
        }
      },
      "world_space": {
        "head": {
          "x": 0.535827100276947,
          "y": -0.23756517469882965,
          "z": 1.2189064025878906
        },
        "tail": {
          "x": 0.5943962931632996,
          "y": -0.2991102933883667,
          "z": 1.158697485923767
        },
        "rotation_quaternion": {
          "w": 0.4009677469730377,
          "x": -0.27937081456184387,
          "y": 0.2090608775615692,
          "z": -0.8470362424850464
        },
        "matrix": [
          [
            -0.5223523378372192,
            0.562458336353302,
            0.6409278512001038,
            0.535827100276947
          ],
          [
            -0.7960801124572754,
            -0.5910367369651794,
            -0.13012492656707764,
            -0.23756517469882965
          ],
          [
            0.3056235611438751,
            -0.5782054662704468,
            0.7564966082572937,
            1.2189064025878906
          ],
          [
            0.0,
            0.0,
            0.0,
            1.0
          ]
        ]
      },
      "bone_length_armature_space": 0.10413102767159425,
      "parent": "lowerarm_l",
      "has_children": true,
      "is_end_bone": false
    },
    "pinky_01_l": {
      "name": "pinky_01_l",
      "local": {
        "location": {
          "x": 0.0,
          "y": 0.0,
          "z": 0.0
        },
        "rotation_quaternion": {
          "w": 0.9998878836631775,
          "x": 0.004005327820777893,
          "y": -0.0055937496945261955,
          "z": 0.013305120170116425
        },
        "scale": {
          "x": 1.0,
          "y": 1.0,
          "z": 1.0
        },
        "matrix_basis": [
          [
            0.99958336353302,
            -0.02665206603705883,
            -0.01107966247946024,
            0.0
          ],
          [
            0.026562446728348732,
            0.999613881111145,
            -0.008158608339726925,
            0.0
          ],
          [
            0.011292828246951103,
            0.007860906422138214,
            0.9999053478240967,
            0.0
          ],
          [
            0.0,
            0.0,
            0.0,
            1.0
          ]
        ],
        "rotation_mode": "QUATERNION"
      },
      "armature_space": {
        "head": {
          "x": 0.5943962931632996,
          "y": -0.3623542785644531,
          "z": 0.20884346961975098
        },
        "tail": {
