{
  "metadata": {
    "armature_name": "KIM_caucasian_male",
    "export_time": "2026-01-13T21:12:23.300071",
    "blender_version": "4.4.1",
    "bone_count": 56,
    "end_bone_count": 13,
    "spaces_included": [
      "LOCAL_CHANNELS",
      "ARMATURE_SPACE",
      "WORLD_SPACE"
    ],
    "note": "LOCAL matches Transform panel; replay pose via local.matrix_basis for best fidelity."
  },
  "bones": {
    "Root": {
      "name": "Root",
      "local": {
        "location": {
          "x": 0.0,
          "y": 0.0,
          "z": 0.0
        },
        "rotation_quaternion": {
          "w": 0.9995107650756836,
          "x": 0.013949334621429443,
          "y": 0.0022529757115989923,
          "z": -0.02790435589849949
        },
        "scale": {
          "x": 1.0,
          "y": 1.0,
          "z": 1.0
        },
        "matrix_basis": [
          [
            0.9984325170516968,
            0.0558442622423172,
            0.003725252579897642,
            0.0
          ],
          [
            -0.0557185523211956,
            0.9980535507202148,
            -0.02801075577735901,
            0.0
          ],
          [
            -0.005282241385430098,
            0.027759283781051636,
            0.9996007084846497,
            0.0
          ],
          [
            0.0,
            0.0,
            0.0,
            1.0
          ]
        ],
        "rotation_mode": "QUATERNION"
      },
      "armature_space": {
        "head": {
          "x": 0.0,
          "y": 0.07072800397872925,
          "z": -0.009595036506652832
        },
        "tail": {
          "x": 0.003985932562500238,
          "y": -0.00012867897748947144,
          "z": -0.0019820495508611202
        }
      },
      "world_space": {
        "head": {
          "x": 0.0,
          "y": 0.13397200405597687,
          "z": 0.9402589797973633
        },
        "tail": {
          "x": 0.003985932562500238,
          "y": 0.06311532109975815,
          "z": 0.9478719830513
        },
        "rotation_quaternion": {
          "w": 0.05341704934835434,
          "x": 0.9981797933578491,
          "y": 0.027992742136120796,
          "z": 0.0003680024528875947
        },
        "matrix": [
          [
            0.9984325170516968,
            0.0558442622423172,
            0.003725252579897642,
            0.0
          ],
          [
            0.055922891944646835,
            -0.9927260279655457,
            -0.10661951452493668,
            0.13397200405597687
          ],
          [
            -0.0022558956407010555,
            0.10666051506996155,
            -0.9943000078201294,
            0.9402589797973633
          ],
          [
            0.0,
            0.0,
            0.0,
            1.0
          ]
        ]
      },
      "bone_length_armature_space": 0.07137587051892748,
      "parent": null,
      "has_children": true,
      "is_end_bone": false
    },
    "spine_01": {
      "name": "spine_01",
      "local": {
        "location": {
          "x": 0.0,
          "y": 0.0,
          "z": 0.0
        },
        "rotation_quaternion": {
          "w": 0.9970206022262573,
          "x": 0.019234713166952133,
          "y": 0.03034474141895771,
          "z": -0.06825892627239227
        },
        "scale": {
          "x": 1.0,
          "y": 1.0,
          "z": 1.0
        },
        "matrix_basis": [
          [
            0.9888398051261902,
            0.1372784525156021,
            0.05788278207182884,
            0.0
          ],
          [
            -0.13494376838207245,
            0.9899414777755737,
            -0.042497411370277405,
            0.0
          ],
          [
            -0.06313454359769821,
            0.03421221300959587,
            0.9974184632301331,
            0.0
          ],
          [
            0.0,
            0.0,
            0.0,
            1.0
          ]
        ],
        "rotation_mode": "QUATERNION"
      },
      "armature_space": {
        "head": {
          "x": 0.003985932562500238,
          "y": -0.00012867897748947144,
          "z": -0.0019820495508611202
        },
        "tail": {
          "x": 0.07238774746656418,
          "y": -0.003929374739527702,
          "z": 0.4811899662017822
        }
      },
      "world_space": {
        "head": {
          "x": 0.003985932562500238,
          "y": 0.06311532109975815,
          "z": 0.9478719830513
        },
        "tail": {
          "x": 0.07238774746656418,
          "y": 0.05931462347507477,
          "z": 1.4310439825057983
        },
        "rotation_quaternion": {
          "w": 0.6985552310943604,
          "x": 0.7098014950752258,
          "y": 0.09014571458101273,
          "z": -0.008729536086320877
        },
        "matrix": [
          [
            0.9835948944091797,
            0.14016729593276978,
            0.11355200409889221,
            0.003985932562500238
          ],
          [
            0.11577591300010681,
            -0.007788291200995445,
            -0.9932449460029602,
            0.06311532109975815
          ],
          [
            -0.1383369415998459,
            0.9901041388511658,
            -0.023889608681201935,
            0.9478719830513
          ],
          [
            0.0,
            0.0,
            0.0,
            1.0
          ]
        ]
      },
      "bone_length_armature_space": 0.4880045741227358,
      "parent": "Root",
      "has_children": true,
      "is_end_bone": false
    },
    "neck_01": {
      "name": "neck_01",
      "local": {
        "location": {
          "x": 0.0,
          "y": 0.0,
          "z": 0.0
        },
        "rotation_quaternion": {
          "w": 0.9812833070755005,
          "x": -0.10667408257722855,
          "y": 0.1348208487033844,
          "z": 0.08675879240036011
        },
        "scale": {
          "x": 1.0,
          "y": 1.0,
          "z": 1.0
        },
        "matrix_basis": [
          [
            0.948592483997345,
            -0.1990336924791336,
            0.246085062623024,
            0.0
          ],
          [
            0.1415061354637146,
            0.9621871113777161,
            0.23274877667427063,
            0.0
          ],
          [
            -0.28310471773147583,
            -0.18596120178699493,
            0.9408879280090332,
            0.0
          ],
          [
            0.0,
            0.0,
            0.0,
            1.0
          ]
        ],
        "rotation_mode": "QUATERNION"
      },
      "armature_space": {
        "head": {
          "x": 0.08658861368894577,
          "y": -0.038945794105529785,
          "z": 0.5528554320335388
        },
        "tail": {
          "x": 0.082607202231884,
          "y": -0.06174447014927864,
          "z": 0.6527310013771057
        }
      },
      "world_space": {
        "head": {
          "x": 0.08658861368894577,
          "y": 0.024298205971717834,
          "z": 1.5027093887329102
        },
        "tail": {
          "x": 0.082607202231884,
          "y": 0.0014995299279689789,
          "z": 1.6025850772857666
        },
        "rotation_quaternion": {
          "w": 0.6171270608901978,
          "x": 0.7686673998832703,
          "y": 0.08924205601215363,
          "z": 0.1426205188035965
        },
        "matrix": [
          [
            0.9433904886245728,
            -0.03883492574095726,
            0.3294023275375366,
            0.08658861368894577
          ],
          [
            0.3132244944572449,
            -0.22237981855869293,
            -0.9232757091522217,
            0.024298205971717834
          ],
          [
            0.1091088280081749,
            0.9741929173469543,
            -0.19762925803661346,
            1.5027093887329102
          ],
          [
            0.0,
            0.0,
            0.0,
            1.0
          ]
        ]
      },
      "bone_length_armature_space": 0.10252200253305788,
      "parent": "spine_01",
      "has_children": true,
      "is_end_bone": false
    },
    "head": {
      "name": "head",
      "local": {
        "location": {
          "x": 0.0,
          "y": 0.0,
          "z": 0.0
        },
        "rotation_quaternion": {
          "w": 0.9864704012870789,
          "x": 0.0512942336499691,
          "y": 0.15534450113773346,
          "z": 0.010645313188433647
        },
        "scale": {
          "x": 1.0,
          "y": 1.0,
          "z": 1.0
        },
        "matrix_basis": [
          [
            0.9515095353126526,
            -0.0050660185515880585,
            0.30757758021354675,
            0.0
          ],
          [
            0.03693912550806999,
            0.9945111870765686,
            -0.09789310395717621,
            0.0
          ],
          [
            -0.30539342761039734,
            0.10450787097215652,
            0.9464739561080933,
            0.0
          ],
          [
            0.0,
            0.0,
            0.0,
            1.0
          ]
        ],
        "rotation_mode": "QUATERNION"
      },
      "armature_space": {
        "head": {
          "x": 0.08260726183652878,
          "y": -0.06174460053443909,
          "z": 0.6527308821678162
        },
        "tail": {
          "x": 0.06252661347389221,
          "y": -0.057790227234363556,
          "z": 0.8064658641815186
        }
      },
      "world_space": {
        "head": {
          "x": 0.08260726183652878,
          "y": 0.0014993995428085327,
          "z": 1.6025848388671875
        },
        "tail": {
          "x": 0.06252661347389221,
          "y": 0.005453772842884064,
          "z": 1.7563198804855347
        },
        "rotation_quaternion": {
          "w": 0.69391930103302,
          "x": 0.6484382748603821,
          "y": 0.17670440673828125,
          "z": 0.2584170401096344
        },
        "matrix": [
          [
            0.8039916753768921,
            -0.12947723269462585,
            0.5803729295730591,
            0.08260726183652878
          ],
          [
            0.5878058671951294,
            0.025497250258922577,
            -0.8086003065109253,
            0.0014993995428085327
          ],
          [
            0.08989860862493515,
            0.9912615418434143,
            0.09660693258047104,
            1.6025848388671875
          ],
          [
            0.0,
            0.0,
            0.0,
            1.0
          ]
        ]
      },
      "bone_length_armature_space": 0.15509130996305143,
      "parent": "neck_01",
      "has_children": false,
      "is_end_bone": true
    },
    "upperarm_l": {
      "name": "upperarm_l",
      "local": {
        "location": {
          "x": 0.0,
          "y": 0.0,
          "z": 0.0
        },
        "rotation_quaternion": {
          "w": 0.9590421915054321,
          "x": 0.2328910529613495,
          "y": -0.1257370561361313,
          "z": -0.10094612836837769
        },
        "scale": {
          "x": 1.0,
          "y": 1.0,
          "z": 1.0
        },
        "matrix_basis": [
          [
            0.9480001330375671,
            0.13505712151527405,
            -0.2881931960582733,
            0.0
          ],
          [
            -0.2521892488002777,
            0.8711432814598083,
            -0.4213193655014038,
            0.0
          ],
          [
            0.19415538012981415,
            0.4720900356769562,
            0.859903872013092,
            0.0
          ],
          [
            0.0,
            0.0,
            0.0,
            1.0
          ]
        ],
        "rotation_mode": "QUATERNION"
      },
      "armature_space": {
        "head": {
          "x": 0.22506965696811676,
          "y": -0.024223558604717255,
          "z": 0.46548596024513245
        },
        "tail": {
          "x": 0.46542423963546753,
          "y": -0.11199026554822922,
          "z": 0.38589704036712646
        }
      },
      "world_space": {
        "head": {
          "x": 0.22506965696811676,
          "y": 0.039020441472530365,
          "z": 1.4153399467468262
        },
        "tail": {
          "x": 0.46542423963546753,
          "y": -0.0487462654709816,
          "z": 1.3357510566711426
        },
        "rotation_quaternion": {
          "w": 0.38840654492378235,
          "x": 0.4027310311794281,
          "y": 0.430555522441864,
          "z": -0.7082161903381348
        },
        "matrix": [
          [
            -0.37389588356018066,
            0.8969477415084839,
            -0.23597979545593262,
            0.22506965696811676
          ],
          [
            -0.2033575475215912,
            -0.3275250792503357,
            -0.922698974609375,
            0.039020441472530365
          ],
          [
            -0.9049084186553955,
            -0.2970075011253357,
            0.3048626482486725,
            1.4153399467468262
          ],
          [
            0.0,
            0.0,
            0.0,
            1.0
          ]
        ]
      },
      "bone_length_armature_space": 0.2679696203654198,
      "parent": "spine_01",
      "has_children": true,
      "is_end_bone": false
    },
    "lowerarm_l": {
      "name": "lowerarm_l",
      "local": {
        "location": {
          "x": 0.0,
          "y": 0.0,
          "z": 0.0
        },
        "rotation_quaternion": {
          "w": 0.950888991355896,
          "x": 0.20708252489566803,
          "y": 0.008973090909421444,
          "z": -0.22988390922546387
        },
        "scale": {
          "x": 1.0,
          "y": 1.0,
          "z": 1.0
        },
        "matrix_basis": [
          [
            0.8941457271575928,
            0.44090449810028076,
            -0.07814505696296692,
            0.0
          ],
          [
            -0.43347182869911194,
            0.808540403842926,
            -0.39795053005218506,
            0.0
          ],
          [
            -0.11227470636367798,
            0.38969945907592773,
            0.9140726327896118,
            0.0
          ],
          [
            0.0,
            0.0,
            0.0,
            1.0
          ]
        ],
        "rotation_mode": "QUATERNION"
      },
      "armature_space": {
        "head": {
          "x": 0.4654243588447571,
          "y": -0.1119903177022934,
          "z": 0.385897159576416
        },
        "tail": {
          "x": 0.5851362347602844,
          "y": -0.3309710621833801,
          "z": 0.2895331382751465
        }
      },
      "world_space": {
        "head": {
          "x": 0.4654243588447571,
          "y": -0.048746317625045776,
          "z": 1.3357511758804321
        },
        "tail": {
          "x": 0.5851362347602844,
          "y": -0.2677270770072937,
          "z": 1.2393871545791626
        },
        "rotation_quaternion": {
          "w": 0.13934293389320374,
          "x": 0.38193416595458984,
          "y": 0.2670421004295349,
          "z": -0.8737267255783081
        },
        "matrix": [
          [
            -0.6694198846817017,
            0.44748008251190186,
            -0.5929909944534302,
            0.4654243588447571
          ],
          [
            -0.039511293172836304,
            -0.8185447454452515,
            -0.573082685470581,
            -0.048746317625045776
          ],
          [
            -0.741837739944458,
            -0.36020633578300476,
            0.5656341314315796,
            1.3357511758804321
          ],
          [
            0.0,
            0.0,
            0.0,
            1.0
          ]
        ]
      },
      "bone_length_armature_space": 0.2675248096421852,
      "parent": "upperarm_l",
      "has_children": true,
      "is_end_bone": false
    },
    "metacarpal_thumb_l": {
      "name": "metacarpal_thumb_l",
      "local": {
        "location": {
          "x": 0.0,
          "y": 0.0,
          "z": 0.0
        },
        "rotation_quaternion": {
          "w": 0.9998687505722046,
          "x": -0.0030348612926900387,
          "y": 0.005400585941970348,
          "z": 0.014969604089856148
        },
        "scale": {
          "x": 1.0,
          "y": 1.0,
          "z": 1.0
        },
        "matrix_basis": [
          [
            0.9994934797286987,
            -0.029968058690428734,
            0.010708892717957497,
            0.0
          ],
          [
            0.029902499169111252,
            0.9995334148406982,
            0.006230615079402924,
            0.0
          ],
          [
            -0.010890615172684193,
            -0.005907236598432064,
            0.9999232292175293,
            0.0
          ],
          [
            0.0,
            0.0,
            0.0,
            1.0
          ]
        ],
        "rotation_mode": "QUATERNION"
      },
      "armature_space": {
        "head": {
          "x": 0.5851362347602844,
          "y": -0.3309710621833801,
          "z": 0.2895331382751465
        },
        "tail": {
          "x": 0.5784623622894287,
          "y": -0.3799601197242737,
          "z": 0.2865139842033386
        }
      },
      "world_space": {
        "head": {
          "x": 0.5851362347602844,
          "y": -0.2677270770072937,
          "z": 1.2393871545791626
        },
        "tail": {
          "x": 0.5784623622894287,
          "y": -0.31671613454818726,
          "z": 1.23636794090271
        },
        "rotation_quaternion": {
          "w": 0.05427420139312744,
          "x": -0.91990065574646,
          "y": 0.05051335319876671,
          "z": 0.3850788176059723
        },
        "matrix": [
          [
            0.6983255743980408,
            -0.1347341239452362,
            -0.7029849886894226,
            0.5851362347602844
          ],
          [
            -0.051135096698999405,
            -0.9890055060386658,
            0.13875660300254822,
            -0.2677270770072937
          ],
          [
            -0.7139564752578735,
            -0.06095128133893013,
            -0.6975420713424683,
            1.2393871545791626
          ],
          [
            0.0,
            0.0,
            0.0,
            1.0
          ]
        ]
      },
      "bone_length_armature_space": 0.049533660979771944,
      "parent": "lowerarm_l",
      "has_children": true,
      "is_end_bone": false
    },
    "thumb_01_l": {
      "name": "thumb_01_l",
      "local": {
        "location": {
          "x": 0.0,
          "y": 0.0,
          "z": 0.0
        },
        "rotation_quaternion": {
          "w": 0.9662678241729736,
          "x": 0.25725388526916504,
          "y": -0.005237583536654711,
          "z": -0.010938636027276516
        },
        "scale": {
          "x": 1.0,
          "y": 1.0,
          "z": 1.0
        },
        "matrix_basis": [
          [
            0.9997058510780334,
            0.018444526940584183,
            -0.01574983075261116,
            0.0
          ],
          [
            -0.02383408136665821,
            0.8674015402793884,
            -0.49703770875930786,
            0.0
          ],
          [
            0.004493803717195988,
            0.49726688861846924,
            0.8675860166549683,
            0.0
          ],
          [
            0.0,
            0.0,
            0.0,
            1.0
          ]
        ],
        "rotation_mode": "QUATERNION"
      },
      "armature_space": {
        "head": {
          "x": 0.5784623622894287,
          "y": -0.3799601197242737,
          "z": 0.2865139842033386
        },
        "tail": {
          "x": 0.5686815977096558,
          "y": -0.39859041571617126,
          "z": 0.25975796580314636
        }
      },
      "world_space": {
        "head": {
          "x": 0.5784623622894287,
          "y": -0.31671613454818726,
          "z": 1.23636794090271
        },
        "tail": {
          "x": 0.5686815977096558,
          "y": -0.33534640073776245,
          "z": 1.2096120119094849
        },
        "rotation_quaternion": {
          "w": 0.31278106570243835,
          "x": -0.7706793546676636,
          "y": 0.35847413539886475,
          "z": -0.4239312410354614
        },
        "matrix": [
          [
            0.38355663418769836,
            -0.2873436510562897,
            0.8776775598526001,
            0.5784623622894287
          ],
          [
            -0.8177329301834106,
            -0.5473286509513855,
            0.1781696379184723,
            -0.31671613454818726
          ],
          [
            0.42918428778648376,
            -0.7860498428344727,
            -0.4449051022529602,
            1.23636794090271
          ],
          [
            0.0,
            0.0,
            0.0,
            1.0
          ]
        ]
      },
      "bone_length_armature_space": 0.034038739287744216,
      "parent": "metacarpal_thumb_l",
      "has_children": true,
      "is_end_bone": false
    },
    "thumb_02_l": {
      "name": "thumb_02_l",
      "local": {
        "location": {
          "x": 0.0,
          "y": 0.0,
          "z": 0.0
        },
        "rotation_quaternion": {
          "w": 0.904242753982544,
          "x": 0.4269835650920868,
          "y": -0.0014013672480359674,
          "z": 0.0053061931394040585
        },
        "scale": {
          "x": 1.0,
          "y": 1.0,
          "z": 1.0
        },
        "matrix_basis": [
          [
            0.9999397397041321,
            -0.010792895220220089,
            0.001996962120756507,
            0.0
          ],
          [
            0.008399452082812786,
            0.6353137493133545,
            -0.7722084522247314,
            0.0
          ],
          [
            0.0070656668394804,
            0.7721787095069885,
            0.6353661417961121,
            0.0
          ],
          [
            0.0,
            0.0,
            0.0,
            1.0
          ]
        ],
        "rotation_mode": "QUATERNION"
      },
      "armature_space": {
        "head": {
          "x": 0.568681538105011,
          "y": -0.3985903859138489,
          "z": 0.25975799560546875
        },
        "tail": {
          "x": 0.6072390079498291,
          "y": -0.40544673800468445,
          "z": 0.26867395639419556
        }
      },
      "world_space": {
        "head": {
          "x": 0.568681538105011,
          "y": -0.33534640073776245,
          "z": 1.2096120119094849
        },
        "tail": {
          "x": 0.6072390079498291,
          "y": -0.34220272302627563,
          "z": 1.2185280323028564
        },
        "rotation_quaternion": {
          "w": 0.5557671785354614,
          "x": -0.2277083694934845,
          "y": -0.325219988822937,
          "z": -0.7304133176803589
        },
        "matrix": [
          [
            -0.27854230999946594,
            0.959990382194519,
            -0.02885335683822632,
            0.568681538105011
          ],
          [
            -0.6637697815895081,
            -0.17070695757865906,
            0.7281957268714905,
            -0.33534640073776245
          ],
          [
            0.694139838218689,
            0.22198638319969177,
            0.6847670674324036,
            1.2096120119094849
          ],
          [
            0.0,
            0.0,
            0.0,
            1.0
          ]
        ]
      },
      "bone_length_armature_space": 0.04016444213799962,
      "parent": "thumb_01_l",
      "has_children": true,
      "is_end_bone": false
    },
    "thumb_03_l": {
      "name": "thumb_03_l",
      "local": {
        "location": {
          "x": 0.0,
          "y": 0.0,
          "z": 0.0
        },
        "rotation_quaternion": {
          "w": 0.9911766648292542,
          "x": 0.13219161331653595,
          "y": -0.004177886061370373,
          "z": -0.008757620118558407
        },
        "scale": {
          "x": 1.0,
          "y": 1.0,
          "z": 1.0
        },
        "matrix_basis": [
          [
            0.9998117089271545,
            0.01625613495707512,
            -0.010597414337098598,
            0.0
          ],
          [
            -0.018465260043740273,
            0.9648973345756531,
            -0.26197731494903564,
            0.0
          ],
          [
            0.005966678261756897,
            0.2621236741542816,
            0.9650158286094666,
            0.0
          ],
          [
            0.0,
            0.0,
            0.0,
            1.0
          ]
        ],
        "rotation_mode": "QUATERNION"
      },
      "armature_space": {
        "head": {
          "x": 0.6072389483451843,
          "y": -0.4054468274116516,
          "z": 0.26867395639419556
        },
        "tail": {
          "x": 0.6325559616088867,
          "y": -0.3982544243335724,
          "z": 0.2839779257774353
        }
      },
      "world_space": {
        "head": {
          "x": 0.6072389483451843,
          "y": -0.3422028422355652,
          "z": 1.2185280323028564
        },
        "tail": {
          "x": 0.6325559616088867,
          "y": -0.3350104093551636,
          "z": 1.2338318824768066
        },
        "rotation_quaternion": {
          "w": 0.6977798938751221,
          "x": 0.040057189762592316,
          "y": -0.36225104331970215,
          "z": -0.6166626811027527
        },
        "matrix": [
          [
            -0.022999750450253487,
            0.831569254398346,
            -0.5549443364143372,
            0.6072389483451843
          ],
          [
            -0.8896104097366333,
            0.23624324798583984,
            0.3908742666244507,
            -0.3422028422355652
          ],
          [
            0.4561433792114258,
            0.5026776790618896,
            0.7343448400497437,
            1.2185280323028564
          ],
          [
            0.0,
            0.0,
            0.0,
            1.0
          ]
        ]
      },
      "bone_length_armature_space": 0.030444922265660306,
      "parent": "thumb_02_l",
      "has_children": false,
      "is_end_bone": true
    },
    "metacarpal_index_l": {
      "name": "metacarpal_index_l",
      "local": {
        "location": {
          "x": 0.0,
          "y": 0.0,
          "z": 0.0
        },
        "rotation_quaternion": {
          "w": 0.9997923374176025,
          "x": 0.01650129072368145,
          "y": 0.011607319116592407,
          "z": -0.0028875935822725296
        },
        "scale": {
          "x": 1.0,
          "y": 1.0,
          "z": 1.0
        },
        "matrix_basis": [
          [
            0.9997138381004333,
            0.006157059222459793,
            0.0231145191937685,
            0.0
          ],
          [
            -0.005390916485339403,
            0.9994387626647949,
            -0.03306276351213455,
            0.0
          ],
          [
            -0.023305116221308708,
            0.032928694039583206,
            0.9991859793663025,
            0.0
          ],
          [
            0.0,
            0.0,
            0.0,
            1.0
          ]
        ],
        "rotation_mode": "QUATERNION"
      },
      "armature_space": {
        "head": {
          "x": 0.5851362347602844,
          "y": -0.3309710621833801,
          "z": 0.2895331382751465
        },
        "tail": {
          "x": 0.6062301993370056,
          "y": -0.4433024227619171,
          "z": 0.26372724771499634
        }
      },
      "world_space": {
        "head": {
          "x": 0.5851362347602844,
          "y": -0.2677270770072937,
          "z": 1.2393871545791626
        },
        "tail": {
          "x": 0.6062301993370056,
          "y": -0.3800584077835083,
          "z": 1.2135813236236572
        },
        "rotation_quaternion": {
          "w": 0.02977539226412773,
          "x": -0.7714627385139465,
          "y": -0.14060038328170776,
          "z": 0.6198307871818542
        },
        "matrix": [
          [
            0.1920827478170395,
            0.18002614378929138,
            -0.964725136756897,
            0.5851362347602844
          ],
          [
            0.25384730100631714,
            -0.9586899280548096,
            -0.1283574104309082,
            -0.2677270770072937
          ],
          [
            -0.9479861855506897,
            -0.22023996710777283,
            -0.22984854876995087,
            1.2393871545791626
          ],
          [
            0.0,
            0.0,
            0.0,
            1.0
          ]
        ]
      },
      "bone_length_armature_space": 0.1171718153540325,
      "parent": "lowerarm_l",
      "has_children": true,
      "is_end_bone": false
    },
    "index_01_l": {
      "name": "index_01_l",
      "local": {
        "location": {
          "x": 0.0,
          "y": 0.0,
          "z": 0.0
        },
        "rotation_quaternion": {
          "w": 0.9412369728088379,
          "x": 0.33716097474098206,
          "y": 0.004926577676087618,
          "z": 0.019269105046987534
        },
        "scale": {
          "x": 1.0,
          "y": 1.0,
          "z": 1.0
        },
        "matrix_basis": [
          [
            0.9992088675498962,
            -0.032951489090919495,
            0.02226773463189602,
            0.0
          ],
          [
            0.03959568589925766,
            0.7719023823738098,
            -0.63450688123703,
            0.0
          ],
          [
            0.0037194264587014914,
            0.634886622428894,
            0.7725964188575745,
            0.0
          ],
          [
            0.0,
            0.0,
            0.0,
            1.0
          ]
        ],
        "rotation_mode": "QUATERNION"
      },
      "armature_space": {
        "head": {
          "x": 0.6062301993370056,
          "y": -0.4433024227619171,
          "z": 0.26372724771499634
        },
        "tail": {
          "x": 0.5973565578460693,
          "y": -0.4653025269508362,
          "z": 0.24790552258491516
        }
      },
      "world_space": {
        "head": {
          "x": 0.6062301993370056,
          "y": -0.3800584077835083,
          "z": 1.2135813236236572
        },
        "tail": {
          "x": 0.5973565578460693,
          "y": -0.40205854177474976,
          "z": 1.1977595090866089
        },
        "rotation_quaternion": {
          "w": 0.32725033164024353,
          "x": -0.6797597408294678,
          "y": -0.08446548879146576,
          "z": 0.6509221196174622
        },
        "matrix": [
          [
            0.13833191990852356,
            -0.31119975447654724,
            -0.9402227401733398,
            0.6062301993370056
          ],
          [
            0.5408614873886108,
            -0.7715447545051575,
            0.3349449634552002,
            -0.3800584077835083
          ],
          [
            -0.8296637535095215,
            -0.5548682808876038,
            0.06158748269081116,
            1.2135813236236572
          ],
          [
            0.0,
            0.0,
            0.0,
            1.0
          ]
        ]
      },
      "bone_length_armature_space": 0.028514436571908136,
      "parent": "metacarpal_index_l",
      "has_children": true,
      "is_end_bone": false
    },
    "index_02_l": {
      "name": "index_02_l",
      "local": {
        "location": {
          "x": 0.0,
          "y": 0.0,
          "z": 0.0
        },
        "rotation_quaternion": {
          "w": 0.8974037170410156,
          "x": 0.441148966550827,
          "y": 0.006845104042440653,
          "z": 0.002719236072152853
        },
        "scale": {
          "x": 1.0,
          "y": 1.0,
          "z": 1.0
        },
        "matrix_basis": [
          [
            0.9998915195465088,
            0.0011589160421863198,
            0.014684819616377354,
            0.0
          ],
          [
            0.010919926688075066,
            0.6107603907585144,
            -0.7917402386665344,
            0.0
          ],
          [
            -0.009886466898024082,
            0.7918146848678589,
            0.6106814742088318,
            0.0
          ],
          [
            0.0,
            0.0,
            0.0,
            1.0
          ]
        ],
        "rotation_mode": "QUATERNION"
      },
      "armature_space": {
        "head": {
          "x": 0.5973560810089111,
          "y": -0.46530282497406006,
          "z": 0.24790553748607635
        },
        "tail": {
          "x": 0.573606014251709,
          "y": -0.47177907824516296,
          "z": 0.24068871140480042
        }
      },
      "world_space": {
        "head": {
          "x": 0.5973560810089111,
          "y": -0.40205883979797363,
          "z": 1.1977595090866089
        },
        "tail": {
          "x": 0.573606014251709,
          "y": -0.40853506326675415,
          "z": 1.1905426979064941
        },
        "rotation_quaternion": {
          "w": 0.58009272813797,
          "x": -0.45737767219543457,
          "y": 0.19303926825523376,
          "z": 0.6457816958427429
        },
        "matrix": [
          [
            0.09140602499246597,
            -0.9258113503456116,
            -0.36676734685897827,
            0.5973560810089111
          ],
          [
            0.5726417899131775,
            -0.25245293974876404,
            0.7799676656723022,
            -0.40205883979797363
          ],
          [
            -0.8146991729736328,
            -0.28132209181785583,
            0.5070866346359253,
            1.1977595090866089
          ],
          [
            0.0,
            0.0,
            0.0,
            1.0
          ]
        ]
      },
      "bone_length_armature_space": 0.02565326647491626,
      "parent": "index_01_l",
      "has_children": true,
      "is_end_bone": false
    },
    "index_03_l": {
      "name": "index_03_l",
      "local": {
        "location": {
          "x": 0.0,
          "y": 0.0,
          "z": 0.0
        },
        "rotation_quaternion": {
          "w": 0.9250122308731079,
          "x": 0.3799148201942444,
          "y": 0.002620462793856859,
          "z": 0.0032104933634400368
        },
        "scale": {
          "x": 1.0,
          "y": 1.0,
          "z": 1.0
        },
        "matrix_basis": [
          [
            0.9999656677246094,
            -0.003948385827243328,
            0.0072873481549322605,
            0.0
          ],
          [
            0.007930596359074116,
            0.7113088369369507,
            -0.7028349041938782,
            0.0
          ],
          [
            -0.0024084921460598707,
            0.7028685212135315,
            0.7113157510757446,
            0.0
          ],
          [
            0.0,
            0.0,
            0.0,
            1.0
          ]
        ],
        "rotation_mode": "QUATERNION"
      },
      "armature_space": {
        "head": {
          "x": 0.5736060738563538,
          "y": -0.4717791974544525,
          "z": 0.24068865180015564
        },
        "tail": {
          "x": 0.5484347939491272,
          "y": -0.45734962821006775,
          "z": 0.2441418617963791
        }
      },
      "world_space": {
        "head": {
          "x": 0.5736060738563538,
          "y": -0.4085351824760437,
          "z": 1.1905426979064941
        },
        "tail": {
          "x": 0.5484347939491272,
          "y": -0.39410561323165894,
          "z": 1.1939958333969116
        },
        "rotation_quaternion": {
          "w": 0.7470496892929077,
          "x": -0.19150102138519287,
          "y": 0.4345591068267822,
          "z": 0.46519091725349426
        },
        "matrix": [
          [
            0.18951024115085602,
            -0.8614797592163086,
            0.4711034893989563,
            0.5736060738563538
          ],
          [
            0.52860426902771,
            0.49384739995002747,
            0.6904294490814209,
            -0.4085351824760437
          ],
          [
            -0.8274490833282471,
            0.1181851327419281,
            0.5489753484725952,
            1.1905426979064941
          ],
          [
            0.0,
            0.0,
            0.0,
            1.0
          ]
        ]
      },
      "bone_length_armature_space": 0.029218666764694357,
      "parent": "index_02_l",
      "has_children": false,
      "is_end_bone": true
    },
    "metacarpal_pinky_l": {
      "name": "metacarpal_pinky_l",
      "local": {
        "location": {
          "x": 0.0,
          "y": 0.0,
          "z": 0.0
        },
        "rotation_quaternion": {
          "w": 0.9987174868583679,
          "x": -0.04828620329499245,
          "y": -0.0027421226259320974,
          "z": -0.014983197674155235
        },
        "scale": {
          "x": 1.0,
          "y": 1.0,
          "z": 1.0
        },
        "matrix_basis": [
          [
            0.9995359778404236,
            0.030192775651812553,
            -0.004030248150229454,
            0.0
          ],
          [
            -0.029663149267435074,
            0.9948878884315491,
            0.0965307205915451,
            0.0
          ],
          [
            0.006924175191670656,
            -0.09636638313531876,
            0.9953218698501587,
            0.0
          ],
          [
            0.0,
            0.0,
            0.0,
            1.0
          ]
        ],
        "rotation_mode": "QUATERNION"
      },
      "armature_space": {
        "head": {
          "x": 0.5851362347602844,
          "y": -0.3309710621833801,
          "z": 0.2895331382751465
        },
        "tail": {
          "x": 0.6403774619102478,
          "y": -0.3944042921066284,
          "z": 0.22814986109733582
        }
      },
      "world_space": {
        "head": {
          "x": 0.5851362347602844,
          "y": -0.2677270770072937,
          "z": 1.2393871545791626
        },
        "tail": {
          "x": 0.6403774619102478,
          "y": -0.331160306930542,
          "z": 1.1780039072036743
        },
        "rotation_quaternion": {
          "w": 0.3726390302181244,
          "x": -0.23924125730991364,
          "y": 0.23781423270702362,
          "z": -0.8644930124282837
        },
        "matrix": [
          [
            -0.6078064441680908,
            0.5304985046386719,
            0.5908827185630798,
            0.5851362347602844
          ],
          [
            -0.7580783367156982,
            -0.609169065952301,
            -0.2328745573759079,
            -0.2677270770072937
          ],
          [
            0.2364090532064438,
            -0.5894827246665955,
            0.7724213600158691,
            1.2393871545791626
          ],
          [
            0.0,
            0.0,
            0.0,
            1.0
          ]
        ]
      },
      "bone_length_armature_space": 0.10413104444113667,
      "parent": "lowerarm_l",
      "has_children": true,
      "is_end_bone": false
    },
    "pinky_01_l": {
      "name": "pinky_01_l",
      "local": {
        "location": {
          "x": 0.0,
          "y": 0.0,
          "z": 0.0
        },
        "rotation_quaternion": {
          "w": 0.9420709013938904,
          "x": 0.33490341901779175,
          "y": -0.008107793517410755,
          "z": -0.016628721728920937
        },
        "scale": {
          "x": 1.0,
          "y": 1.0,
          "z": 1.0
        },
        "matrix_basis": [
          [
            0.9993155002593994,
            0.025900214910507202,
            -0.026414263993501663,
            0.0
          ],
          [
            -0.03676152601838112,
            0.7751263976097107,
            -0.6307358741760254,
            0.0
          ],
          [
            0.004138201009482145,
            0.6312751770019531,
            0.7755479216575623,
            0.0
          ],
          [
            0.0,
            0.0,
            0.0,
            1.0
          ]
        ],
        "rotation_mode": "QUATERNION"
      },
      "armature_space": {
        "head": {
          "x": 0.6403774619102478,
          "y": -0.3944042921066284,
          "z": 0.22814986109733582
        },
        "tail": {
          "x": 0.634742021560669,
