{
  "metadata": {
    "armature_name": "KIM_caucasian_male",
    "export_time": "2026-01-13T21:02:26.369511",
    "blender_version": "4.4.1",
    "bone_count": 56,
    "end_bone_count": 13,
    "spaces_included": [
      "LOCAL_CHANNELS",
      "ARMATURE_SPACE",
      "WORLD_SPACE"
    ],
    "note": "LOCAL matches Transform panel; replay pose via local.matrix_basis for best fidelity."
  },
  "bones": {
    "Root": {
      "name": "Root",
      "local": {
        "location": {
          "x": 0.0,
          "y": 0.0,
          "z": 0.0
        },
        "rotation_quaternion": {
          "w": 0.9996793866157532,
          "x": -0.0005781860672868788,
          "y": 0.01642496883869171,
          "z": 0.019263235852122307
        },
        "scale": {
          "x": 1.0,
          "y": 1.0,
          "z": 1.0
        },
        "matrix_basis": [
          [
            0.9987183213233948,
            -0.03853311389684677,
            0.03281712904572487,
            0.0
          ],
          [
            0.038495127111673355,
            0.9992572069168091,
            0.0017887974390760064,
            0.0
          ],
          [
            -0.032861679792404175,
            -0.0005232052644714713,
            0.9994597434997559,
            0.0
          ],
          [
            0.0,
            0.0,
            0.0,
            1.0
          ]
        ],
        "rotation_mode": "QUATERNION"
      },
      "armature_space": {
        "head": {
          "x": 0.0,
          "y": 0.07072800397872925,
          "z": -0.009595036506652832
        },
        "tail": {
          "x": -0.0027503345627337694,
          "y": 5.755573511123657e-05,
          "z": 2.9877759516239166e-05
        }
      },
      "world_space": {
        "head": {
          "x": 0.0,
          "y": 0.13397200405597687,
          "z": 0.9402589797973633
        },
        "tail": {
          "x": -0.0027503345627337694,
          "y": 0.06330155581235886,
          "z": 0.9498838782310486
        },
        "rotation_quaternion": {
          "w": 0.06792294234037399,
          "x": 0.9973694682121277,
          "y": -0.018112963065505028,
          "z": 0.017685381695628166
        },
        "matrix": [
          [
            0.9987183213233948,
            -0.03853311389684677,
            0.03281712904572487,
            0.0
          ],
          [
            -0.03372812643647194,
            -0.9901167750358582,
            -0.13612963259220123,
            0.13397200405597687
          ],
          [
            0.03773851692676544,
            0.13484829664230347,
            -0.9901543855667114,
            0.9402589797973633
          ],
          [
            0.0,
            0.0,
            0.0,
            1.0
          ]
        ]
      },
      "bone_length_armature_space": 0.07137587560311588,
      "parent": null,
      "has_children": true,
      "is_end_bone": false
    },
    "spine_01": {
      "name": "spine_01",
      "local": {
        "location": {
          "x": 0.0,
          "y": 0.0,
          "z": 0.0
        },
        "rotation_quaternion": {
          "w": 0.9991676807403564,
          "x": 0.023863645270466805,
          "y": 0.029991785064339638,
          "z": -0.013964766636490822
        },
        "scale": {
          "x": 1.0,
          "y": 1.0,
          "z": 1.0
        },
        "matrix_basis": [
          [
            0.997810959815979,
            0.02933771349489689,
            0.05926714465022087,
            0.0
          ],
          [
            -0.026474859565496445,
            0.9984710216522217,
            -0.04852522164583206,
            0.0
          ],
          [
            -0.060600146651268005,
            0.04684991016983986,
            0.9970620274543762,
            0.0
          ],
          [
            0.0,
            0.0,
            0.0,
            1.0
          ]
        ],
        "rotation_mode": "QUATERNION"
      },
      "armature_space": {
        "head": {
          "x": -0.0027503345627337694,
          "y": 5.755573511123657e-05,
          "z": 2.9877759516239166e-05
        },
        "tail": {
          "x": -0.0068433815613389015,
          "y": 0.0003848278720397502,
          "z": 0.4880172610282898
        }
      },
      "world_space": {
        "head": {
          "x": -0.0027503345627337694,
          "y": 0.06330155581235886,
          "z": 0.9498838782310486
        },
        "tail": {
          "x": -0.0068433815613389015,
          "y": 0.06362883001565933,
          "z": 1.4378712177276611
        },
        "rotation_quaternion": {
          "w": 0.707317590713501,
          "x": 0.7067679762840271,
          "y": 0.006072881631553173,
          "z": 0.011997168883681297
        },
        "matrix": [
          [
            0.9996384382247925,
            -0.0083873700350523,
            0.025549400597810745,
            -0.0027503345627337694
          ],
          [
            0.025555923581123352,
            0.0006706379354000092,
            -0.9996732473373413,
            0.06330155581235886
          ],
          [
            0.008367571979761124,
            0.9999716281890869,
            0.0008838362991809845,
            0.9498838782310486
          ],
          [
            0.0,
            0.0,
            0.0,
            1.0
          ]
        ]
      },
      "bone_length_armature_space": 0.4880046437146798,
      "parent": "Root",
      "has_children": true,
      "is_end_bone": false
    },
    "neck_01": {
      "name": "neck_01",
      "local": {
        "location": {
          "x": 0.0,
          "y": 0.0,
          "z": 0.0
        },
        "rotation_quaternion": {
          "w": 0.9943646192550659,
          "x": 0.04967543110251427,
          "y": 0.0691056102514267,
          "z": -0.06321372836828232
        },
        "scale": {
          "x": 1.0,
          "y": 1.0,
          "z": 1.0
        },
        "matrix_basis": [
          [
            0.9824568629264832,
            0.1325806975364685,
            0.13115200400352478,
            0.0
          ],
          [
            -0.11884928494691849,
            0.987072765827179,
            -0.10752782970666885,
            0.0
          ],
          [
            -0.14371268451213837,
            0.09005413204431534,
            0.9855135083198547,
            0.0
          ],
          [
            0.0,
            0.0,
            0.0,
            1.0
          ]
        ],
        "rotation_mode": "QUATERNION"
      },
      "armature_space": {
        "head": {
          "x": -0.00657142698764801,
          "y": -0.03423517942428589,
          "z": 0.5612643361091614
        },
        "tail": {
          "x": 0.007445250637829304,
          "y": -0.08081910759210587,
          "z": 0.6515095829963684
        }
      },
      "world_space": {
        "head": {
          "x": -0.00657142698764801,
          "y": 0.02900882065296173,
          "z": 1.5111184120178223
        },
        "tail": {
          "x": 0.007445250637829304,
          "y": -0.017575107514858246,
          "z": 1.6013636589050293
        },
        "rotation_quaternion": {
          "w": 0.5127981901168823,
          "x": 0.852169930934906,
          "y": 0.09922970831394196,
          "z": 0.03159300610423088
        },
        "matrix": [
          [
            0.9783106446266174,
            0.13671961426734924,
            0.15561527013778687,
            -0.00657142698764801
          ],
          [
            0.20152327418327332,
            -0.4543827474117279,
            -0.8677125573158264,
            0.02900882065296173
          ],
          [
            -0.047924548387527466,
            0.8802580237388611,
            -0.4720836579799652,
            1.5111184120178223
          ],
          [
            0.0,
            0.0,
            0.0,
            1.0
          ]
        ]
      },
      "bone_length_armature_space": 0.10252187157610199,
      "parent": "spine_01",
      "has_children": true,
      "is_end_bone": false
    },
    "head": {
      "name": "head",
      "local": {
        "location": {
          "x": 0.0,
          "y": 0.0,
          "z": 0.0
        },
        "rotation_quaternion": {
          "w": 0.9888443946838379,
          "x": -0.11781962960958481,
          "y": 0.09059210866689682,
          "z": 0.009927517734467983
        },
        "scale": {
          "x": 1.0,
          "y": 1.0,
          "z": 1.0
        },
        "matrix_basis": [
          [
            0.9833890199661255,
            -0.04098059609532356,
            0.176823690533638,
            0.0
          ],
          [
            -0.0017135168891400099,
            0.9720399379730225,
            0.2348092645406723,
            0.0
          ],
          [
            -0.1815023124217987,
            -0.231211856007576,
            0.9558231830596924,
            0.0
          ],
          [
            0.0,
            0.0,
            0.0,
            1.0
          ]
        ],
        "rotation_mode": "QUATERNION"
      },
      "armature_space": {
        "head": {
          "x": 0.007445264607667923,
          "y": -0.08081920444965363,
          "z": 0.6515094637870789
        },
        "tail": {
          "x": 0.00499763386324048,
          "y": -0.06375669687986374,
          "z": 0.8056398630142212
        }
      },
      "world_space": {
        "head": {
          "x": 0.007445264607667923,
          "y": -0.017575204372406006,
          "z": 1.6013634204864502
        },
        "tail": {
          "x": 0.00499763386324048,
          "y": -0.0005126968026161194,
          "z": 1.7554938793182373
        },
        "rotation_quaternion": {
          "w": 0.7324183583259583,
          "x": 0.6538011431694031,
          "y": 0.1362772434949875,
          "z": 0.13242322206497192
        },
        "matrix": [
          [
            0.9277852773666382,
            -0.015781980007886887,
            0.3727809190750122,
            0.007445264607667923
          ],
          [
            0.3721749484539032,
            0.11001665890216827,
            -0.9216194748878479,
            -0.017575204372406006
          ],
          [
            -0.026466939598321915,
            0.9938114881515503,
            0.10794539004564285,
            1.6013634204864502
          ],
          [
            0.0,
            0.0,
            0.0,
            1.0
          ]
        ]
      },
      "bone_length_armature_space": 0.15509126352402383,
      "parent": "neck_01",
      "has_children": false,
      "is_end_bone": true
    },
    "upperarm_l": {
      "name": "upperarm_l",
      "local": {
        "location": {
          "x": 0.0,
          "y": 0.0,
          "z": 0.0
        },
        "rotation_quaternion": {
          "w": 0.7645367980003357,
          "x": 0.5300869941711426,
          "y": -0.010055778548121452,
          "z": 0.3665926456451416
        },
        "scale": {
          "x": 1.0,
          "y": 1.0,
          "z": 1.0
        },
        "matrix_basis": [
          [
            0.7310174107551575,
            -0.5712080001831055,
            0.3732759654521942,
            0.0
          ],
          [
            0.5498862862586975,
            0.1692352145910263,
            -0.8179147839546204,
            0.0
          ],
          [
            0.4040279984474182,
            0.8031692504882812,
            0.43781331181526184,
            0.0
          ],
          [
            0.0,
            0.0,
            0.0,
            1.0
          ]
        ],
        "rotation_mode": "QUATERNION"
      },
      "armature_space": {
        "head": {
          "x": 0.14401951432228088,
          "y": -0.03363494575023651,
          "z": 0.49531641602516174
        },
        "tail": {
          "x": 0.20542386174201965,
          "y": -0.24889087677001953,
          "z": 0.642633318901062
        }
      },
      "world_space": {
        "head": {
          "x": 0.14401951432228088,
          "y": 0.02960905432701111,
          "z": 1.4451704025268555
        },
        "tail": {
          "x": 0.20542386174201965,
          "y": -0.1856468766927719,
          "z": 1.5924873352050781
        },
        "rotation_quaternion": {
          "w": 0.31145361065864563,
          "x": 0.8275353312492371,
          "y": -0.03680030629038811,
          "z": -0.46564748883247375
        },
        "matrix": [
          [
            0.5636370778083801,
            0.22914685308933258,
            -0.7936026453971863,
            0.14401951432228088
          ],
          [
            -0.35096222162246704,
            -0.8032854199409485,
            -0.48120513558387756,
            0.02960905432701111
          ],
          [
            -0.7477614879608154,
            0.5497525930404663,
            -0.37234246730804443,
            1.4451704025268555
          ],
          [
            0.0,
            0.0,
            0.0,
            1.0
          ]
        ]
      },
      "bone_length_armature_space": 0.2679699218629843,
      "parent": "spine_01",
      "has_children": true,
      "is_end_bone": false
    },
    "lowerarm_l": {
      "name": "lowerarm_l",
      "local": {
        "location": {
          "x": 0.0,
          "y": 0.0,
          "z": 0.0
        },
        "rotation_quaternion": {
          "w": 0.857231855392456,
          "x": 0.4166924059391022,
          "y": -0.1733546257019043,
          "z": 0.24792982637882233
        },
        "scale": {
          "x": 1.0,
          "y": 1.0,
          "z": 1.0
        },
        "matrix_basis": [
          [
            0.816957950592041,
            -0.5695378184318542,
            -0.0905892625451088,
            0.0
          ],
          [
            0.2805955708026886,
            0.5297964811325073,
            -0.8003636002540588,
            0.0
          ],
          [
            0.503831148147583,
            0.6284444332122803,
            0.5926312208175659,
            0.0
          ],
          [
            0.0,
            0.0,
            0.0,
            1.0
          ]
        ],
        "rotation_mode": "QUATERNION"
      },
      "armature_space": {
        "head": {
          "x": 0.2054237723350525,
          "y": -0.2488909363746643,
          "z": 0.6426334381103516
        },
        "tail": {
          "x": 0.0007476508617401123,
          "y": -0.3507004976272583,
          "z": 0.7816014289855957
        }
      },
      "world_space": {
        "head": {
          "x": 0.2054237723350525,
          "y": -0.1856469362974167,
          "z": 1.5924874544143677
        },
        "tail": {
          "x": 0.0007476508617401123,
          "y": -0.2874565124511719,
          "z": 1.7314554452896118
        },
        "rotation_quaternion": {
          "w": 0.0032720183953642845,
          "x": 0.6901001334190369,
          "y": -0.556513249874115,
          "z": -0.4626491665840149
        },
        "matrix": [
          [
            -0.04750436544418335,
            -0.7650743722915649,
            -0.6421874761581421,
            0.2054237723350525
          ],
          [
            -0.7711272835731506,
            -0.3805616796016693,
            0.5104269981384277,
            -0.1856469362974167
          ],
          [
            -0.6349115967750549,
            0.5194590091705322,
            -0.5718947052955627,
            1.5924874544143677
          ],
          [
            0.0,
            0.0,
            0.0,
            1.0
          ]
        ]
      },
      "bone_length_armature_space": 0.2675249628174425,
      "parent": "upperarm_l",
      "has_children": true,
      "is_end_bone": false
    },
    "metacarpal_thumb_l": {
      "name": "metacarpal_thumb_l",
      "local": {
        "location": {
          "x": 0.0,
          "y": 0.0,
          "z": 0.0
        },
        "rotation_quaternion": {
          "w": 0.9998284578323364,
          "x": -0.004336442332714796,
          "y": -0.006441057659685612,
          "z": 0.016818884760141373
        },
        "scale": {
          "x": 1.0,
          "y": 1.0,
          "z": 1.0
        },
        "matrix_basis": [
          [
            0.9993512630462646,
            -0.03357613831758499,
            -0.01302577368915081,
            0.0
          ],
          [
            0.03368786349892616,
            0.9993966221809387,
            0.008454734459519386,
            0.0
          ],
          [
            0.012734036892652512,
            -0.008888059295713902,
            0.9998794198036194,
            0.0
          ],
          [
            0.0,
            0.0,
            0.0,
            1.0
          ]
        ],
        "rotation_mode": "QUATERNION"
      },
      "armature_space": {
        "head": {
          "x": 0.0007476508617401123,
          "y": -0.3507004976272583,
          "z": 0.7816014289855957
        },
        "tail": {
          "x": -0.04838798940181732,
          "y": -0.35619544982910156,
          "z": 0.7785884141921997
        }
      },
      "world_space": {
        "head": {
          "x": 0.0007476508617401123,
          "y": -0.2874565124511719,
          "z": 1.7314554452896118
        },
        "tail": {
          "x": -0.04838798940181732,
          "y": -0.29295146465301514,
          "z": 1.7284424304962158
        },
        "rotation_quaternion": {
          "w": 0.23650312423706055,
          "x": 0.6793450713157654,
          "y": -0.623376190662384,
          "z": 0.3065270185470581
        },
        "matrix": [
          [
            0.03488534316420555,
            -0.9919645190238953,
            0.12161115556955338,
            0.0007476508617401123
          ],
          [
            -0.7019854187965393,
            -0.11093369126319885,
            -0.7034986615180969,
            -0.2874565124511719
          ],
          [
            0.7113408446311951,
            -0.060827936977148056,
            -0.7002200484275818,
            1.7314554452896118
          ],
          [
            0.0,
            0.0,
            0.0,
            1.0
          ]
        ]
      },
      "bone_length_armature_space": 0.049533663375901225,
      "parent": "lowerarm_l",
      "has_children": true,
      "is_end_bone": false
    },
    "thumb_01_l": {
      "name": "thumb_01_l",
      "local": {
        "location": {
          "x": 0.0,
          "y": 0.0,
          "z": 0.0
        },
        "rotation_quaternion": {
          "w": 0.9644309878349304,
          "x": 0.2641388475894928,
          "y": 0.009294084273278713,
          "z": -0.004162619821727276
        },
        "scale": {
          "x": 1.0,
          "y": 1.0,
          "z": 1.0
        },
        "matrix_basis": [
          [
            0.9997925758361816,
            0.012938976287841797,
            0.01572798565030098,
            0.0
          ],
          [
            -0.0031192617025226355,
            0.860426664352417,
            -0.5095647573471069,
            0.0
          ],
          [
            -0.02012602426111698,
            0.50941002368927,
            0.8602885603904724,
            0.0
          ],
          [
            0.0,
            0.0,
            0.0,
            1.0
          ]
        ],
        "rotation_mode": "QUATERNION"
      },
      "armature_space": {
        "head": {
          "x": -0.04838798940181732,
          "y": -0.35619544982910156,
          "z": 0.7785884141921997
        },
        "tail": {
          "x": -0.06606400012969971,
          "y": -0.38426727056503296,
          "z": 0.7709622383117676
        }
      },
      "world_space": {
        "head": {
          "x": -0.04838798940181732,
          "y": -0.29295146465301514,
          "z": 1.7284424304962158
        },
        "tail": {
          "x": -0.06606400012969971,
          "y": -0.32102328538894653,
          "z": 1.7208162546157837
        },
        "rotation_quaternion": {
          "w": 0.2460373193025589,
          "x": 0.17333035171031952,
          "y": -0.1646595597267151,
          "z": 0.9393134117126465
        },
        "matrix": [
          [
            -0.8188444375991821,
            -0.5192934274673462,
            0.244597390294075,
            -0.04838798940181732
          ],
          [
            0.4051317870616913,
            -0.8247057795524597,
            -0.39462509751319885,
            -0.29295146465301514
          ],
          [
            0.4066503047943115,
            -0.22404468059539795,
            0.8856939077377319,
            1.7284424304962158
          ],
          [
            0.0,
            0.0,
            0.0,
            1.0
          ]
        ]
      },
      "bone_length_armature_space": 0.034038610980942005,
      "parent": "metacarpal_thumb_l",
      "has_children": true,
      "is_end_bone": false
    },
    "thumb_02_l": {
      "name": "thumb_02_l",
      "local": {
        "location": {
          "x": 0.0,
          "y": 0.0,
          "z": 0.0
        },
        "rotation_quaternion": {
          "w": 0.8985201120376587,
          "x": 0.43887120485305786,
          "y": -0.0046589570119977,
          "z": -0.005667528137564659
        },
        "scale": {
          "x": 1.0,
          "y": 1.0,
          "z": 1.0
        },
        "matrix_basis": [
          [
            0.9998923540115356,
            0.006095411721616983,
            -0.013346962630748749,
            0.0
          ],
          [
            -0.014274139888584614,
            0.6147198677062988,
            -0.788616418838501,
            0.0
          ],
          [
            0.003397703403607011,
            0.788722038269043,
            0.6147407293319702,
            0.0
          ],
          [
            0.0,
            0.0,
            0.0,
            1.0
          ]
        ],
        "rotation_mode": "QUATERNION"
      },
      "armature_space": {
        "head": {
          "x": -0.06606397032737732,
          "y": -0.38426724076271057,
          "z": 0.7709621787071228
        },
        "tail": {
          "x": -0.07119238376617432,
          "y": -0.37274420261383057,
          "z": 0.8090950846672058
        }
      },
      "world_space": {
        "head": {
          "x": -0.06606397032737732,
          "y": -0.32102322578430176,
          "z": 1.7208161354064941
        },
        "tail": {
          "x": -0.07119238376617432,
          "y": -0.30950021743774414,
          "z": 1.7589490413665771
        },
        "rotation_quaternion": {
          "w": 0.34300071001052856,
          "x": 0.18110395967960358,
          "y": 0.7251195907592773,
          "z": 0.5689935088157654
        },
        "matrix": [
          [
            -0.6991046071052551,
            -0.12768560647964478,
            0.7035260796546936,
            -0.06606397032737732
          ],
          [
            0.6529734134674072,
            0.28689664602279663,
            0.7009396553039551,
            -0.32102322578430176
          ],
          [
            -0.29134073853492737,
            0.9494209289550781,
            -0.117195725440979,
            1.7208161354064941
          ],
          [
            0.0,
            0.0,
            0.0,
            1.0
          ]
        ]
      },
      "bone_length_armature_space": 0.040164655514442905,
      "parent": "thumb_01_l",
      "has_children": true,
      "is_end_bone": false
    },
    "thumb_03_l": {
      "name": "thumb_03_l",
      "local": {
        "location": {
          "x": 0.0,
          "y": 0.0,
          "z": 0.0
        },
        "rotation_quaternion": {
          "w": 0.9892927408218384,
          "x": 0.14582204818725586,
          "y": -0.0024823376443237066,
          "z": 0.0054575190879404545
        },
        "scale": {
          "x": 1.0,
          "y": 1.0,
          "z": 1.0
        },
        "matrix_basis": [
          [
            0.9999281167984009,
            -0.011522127315402031,
            -0.0033198639284819365,
            0.0
          ],
          [
            0.010074208490550518,
            0.9574123024940491,
            -0.28854846954345703,
            0.0
          ],
          [
            0.006503170356154442,
            0.2884942889213562,
            0.9574595093727112,
            0.0
          ],
          [
            0.0,
            0.0,
            0.0,
            1.0
          ]
        ],
        "rotation_mode": "QUATERNION"
      },
      "armature_space": {
        "head": {
          "x": -0.07119246572256088,
          "y": -0.37274420261383057,
          "z": 0.809095025062561
        },
        "tail": {
          "x": -0.0621534064412117,
          "y": -0.3552089035511017,
          "z": 0.8322835564613342
        }
      },
      "world_space": {
        "head": {
          "x": -0.07119246572256088,
          "y": -0.30950021743774414,
          "z": 1.7589490413665771
        },
        "tail": {
          "x": -0.0621534064412117,
          "y": -0.29196488857269287,
          "z": 1.7821376323699951
        },
        "rotation_quaternion": {
          "w": 0.08637567609548569,
          "x": 0.20818309485912323,
          "y": 0.8834725618362427,
          "z": 0.4107011556625366
        },
        "matrix": [
          [
            -0.8983975648880005,
            0.2968991696834564,
            0.3236239552497864,
            -0.07119246572256088
          ],
          [
            0.4387981593608856,
            0.5759689807891846,
            0.6897218823432922,
            -0.30950021743774414
          ],
          [
            0.018380973488092422,
            0.7616559863090515,
            -0.6477319598197937,
            1.7589490413665771
          ],
          [
            0.0,
            0.0,
            0.0,
            1.0
          ]
        ]
      },
      "bone_length_armature_space": 0.030445020967361607,
      "parent": "thumb_02_l",
      "has_children": false,
      "is_end_bone": true
    },
    "metacarpal_index_l": {
      "name": "metacarpal_index_l",
      "local": {
        "location": {
          "x": 0.0,
          "y": 0.0,
          "z": 0.0
        },
        "rotation_quaternion": {
          "w": 0.9995600581169128,
          "x": -0.029500100761651993,
          "y": 0.002119803801178932,
          "z": -0.0022786997724324465
        },
        "scale": {
          "x": 1.0,
          "y": 1.0,
          "z": 1.0
        },
        "matrix_basis": [
          [
            0.999980628490448,
            0.004430325701832771,
            0.004372186027467251,
            0.0
          ],
          [
            -0.004680463578552008,
            0.9982491135597229,
            0.05896458402276039,
            0.0
          ],
          [
            -0.004103298764675856,
            -0.05898390710353851,
            0.9982504844665527,
            0.0
          ],
          [
            0.0,
            0.0,
            0.0,
            1.0
          ]
        ],
        "rotation_mode": "QUATERNION"
      },
      "armature_space": {
        "head": {
          "x": 0.0007476508617401123,
          "y": -0.3507004976272583,
          "z": 0.7816014289855957
        },
        "tail": {
          "x": -0.10586445778608322,
          "y": -0.37802621722221375,
          "z": 0.8218059539794922
        }
      },
      "world_space": {
        "head": {
          "x": 0.0007476508617401123,
          "y": -0.2874565124511719,
          "z": 1.7314554452896118
        },
        "tail": {
          "x": -0.10586445778608322,
          "y": -0.31478220224380493,
          "z": 1.7716599702835083
        },
        "rotation_quaternion": {
          "w": 0.19920557737350464,
          "x": 0.7848131060600281,
          "y": -0.5862690806388855,
          "z": -0.025963792577385902
        },
        "matrix": [
          [
            0.3112282156944275,
            -0.9098790884017944,
            -0.27433067560195923,
            0.0007476508617401123
          ],
          [
            -0.9305680394172668,
            -0.23321086168289185,
            -0.2822338342666626,
            -0.2874565124511719
          ],
          [
            0.1928221583366394,
            0.3431245982646942,
            -0.9192926287651062,
            1.7314554452896118
          ],
          [
            0.0,
            0.0,
            0.0,
            1.0
          ]
        ]
      },
      "bone_length_armature_space": 0.11717184280067466,
      "parent": "lowerarm_l",
      "has_children": true,
      "is_end_bone": false
    },
    "index_01_l": {
      "name": "index_01_l",
      "local": {
        "location": {
          "x": 0.0,
          "y": 0.0,
          "z": 0.0
        },
        "rotation_quaternion": {
          "w": 0.9496415853500366,
          "x": 0.3129812479019165,
          "y": 0.0025174685288220644,
          "z": 0.014744909480214119
        },
        "scale": {
          "x": 1.0,
          "y": 1.0,
          "z": 1.0
        },
        "matrix_basis": [
          [
            0.9995524883270264,
            -0.026428917422890663,
            0.014011145569384098,
            0.0
          ],
          [
            0.029580598697066307,
            0.8036506772041321,
            -0.5943657755851746,
            0.0
          ],
          [
            0.004448374733328819,
            0.5945142507553101,
            0.8040727972984314,
            0.0
          ],
          [
            0.0,
            0.0,
            0.0,
            1.0
          ]
        ],
        "rotation_mode": "QUATERNION"
      },
      "armature_space": {
        "head": {
          "x": -0.10586445778608322,
          "y": -0.37802621722221375,
          "z": 0.8218059539794922
        },
        "tail": {
          "x": -0.12859544157981873,
          "y": -0.39498239755630493,
          "z": 0.818829357624054
        }
      },
      "world_space": {
        "head": {
          "x": -0.10586445778608322,
          "y": -0.31478220224380493,
          "z": 1.7716599702835083
        },
        "tail": {
          "x": -0.12859544157981873,
          "y": -0.3317384123802185,
          "z": 1.7686834335327148
        },
        "rotation_quaternion": {
          "w": 0.02818232960999012,
          "x": -0.89089435338974,
          "y": 0.44930925965309143,
          "z": -0.060284323990345
        },
        "matrix": [
          [
            0.588973879814148,
            -0.7971765398979187,
            0.1327393651008606,
            -0.10586445778608322
          ],
          [
            -0.8039721846580505,
            -0.5946539640426636,
            -0.003958582878112793,
            -0.31478220224380493
          ],
          [
            0.08208940923213959,
            -0.10438850522041321,
            -0.9911499619483948,
            1.7716599702835083
          ],
          [
            0.0,
            0.0,
            0.0,
            1.0
          ]
        ]
      },
      "bone_length_armature_space": 0.0285143793345899,
      "parent": "metacarpal_index_l",
      "has_children": true,
      "is_end_bone": false
    },
    "index_02_l": {
      "name": "index_02_l",
      "local": {
        "location": {
          "x": 0.0,
          "y": 0.0,
          "z": 0.0
        },
        "rotation_quaternion": {
          "w": 0.9078999757766724,
          "x": 0.41910210251808167,
          "y": 0.004850215744227171,
          "z": 0.0068947793915867805
        },
        "scale": {
          "x": 1.0,
          "y": 1.0,
          "z": 1.0
        },
        "matrix_basis": [
          [
            0.9998579025268555,
            -0.008454068563878536,
            0.014586254954338074,
            0.0
          ],
          [
            0.016585011035203934,
            0.6486117839813232,
            -0.7609387040138245,
            0.0
          ],
          [
            -0.0030277883633971214,
            0.7610724568367004,
            0.6486598253250122,
            0.0
          ],
          [
            0.0,
            0.0,
            0.0,
            1.0
          ]
        ],
        "rotation_mode": "QUATERNION"
      },
      "armature_space": {
        "head": {
          "x": -0.12859584391117096,
          "y": -0.3949824273586273,
          "z": 0.8188289999961853
        },
        "tail": {
          "x": -0.14048148691654205,
          "y": -0.4045925736427307,
          "z": 0.7982262372970581
        }
      },
      "world_space": {
        "head": {
          "x": -0.12859584391117096,
          "y": -0.3317384123802185,
          "z": 1.7686829566955566
        },
        "tail": {
          "x": -0.14048148691654205,
          "y": -0.3413485884666443,
          "z": 1.7480802536010742
        },
        "rotation_quaternion": {
          "w": 0.3986913859844208,
          "x": -0.8024842739105225,
          "y": 0.39209240674972534,
          "z": -0.2081531137228012
        },
        "matrix": [
          [
            0.6058701872825623,
            -0.463318794965744,
            0.6467282176017761,
            -0.12859584391117096
          ],
          [
            -0.7952748537063599,
            -0.3746170699596405,
            0.47665515542030334,
            -0.3317384123802185
          ],
          [
            0.02143145725131035,
            -0.8031235337257385,
            -0.5954387187957764,
            1.7686829566955566
          ],
          [
            0.0,
            0.0,
            0.0,
            1.0
          ]
        ]
      },
      "bone_length_armature_space": 0.02565340630261935,
      "parent": "index_01_l",
      "has_children": true,
      "is_end_bone": false
    },
    "index_03_l": {
      "name": "index_03_l",
      "local": {
        "location": {
          "x": 0.0,
          "y": 0.0,
          "z": 0.0
        },
        "rotation_quaternion": {
          "w": 0.9350597858428955,
          "x": 0.3544093072414398,
          "y": -0.006682021077722311,
          "z": 0.003562698606401682
        },
        "scale": {
          "x": 1.0,
          "y": 1.0,
          "z": 1.0
        },
        "matrix_basis": [
          [
            0.9998853206634521,
            -0.011399012990295887,
            -0.009970871731638908,
            0.0
          ],
          [
            0.0019263314316049218,
            0.7487627267837524,
            -0.662835419178009,
            0.0
          ],
          [
            0.015021485276520252,
            0.662740170955658,
            0.7486987709999084,
            0.0
          ],
          [
            0.0,
            0.0,
            0.0,
            1.0
          ]
        ],
        "rotation_mode": "QUATERNION"
      },
      "armature_space": {
        "head": {
          "x": -0.1404815912246704,
          "y": -0.4045926034450531,
          "z": 0.7982263565063477
        },
        "tail": {
          "x": -0.13421286642551422,
          "y": -0.4042993485927582,
          "z": 0.7696893811225891
        }
      },
      "world_space": {
        "head": {
          "x": -0.1404815912246704,
          "y": -0.3413485884666443,
          "z": 1.7480803728103638
        },
        "tail": {
          "x": -0.13421286642551422,
          "y": -0.34105533361434937,
          "z": 1.71954345703125
        },
        "rotation_quaternion": {
          "w": 0.6685503125190735,
          "x": -0.5952773094177246,
          "y": 0.2409549206495285,
          "z": -0.37500154972076416
        },
        "matrix": [
          [
            0.6026281714439392,
            0.2145451009273529,
            0.7686417102813721,
            -0.1404815912246704
          ],
          [
            -0.788285493850708,
            0.010036468505859375,
            0.6152279376983643,
            -0.3413485884666443
          ],
          [
            0.12427972257137299,
            -0.976669430732727,
            0.1751728355884552,
            1.7480803728103638
          ],
          [
            0.0,
            0.0,
            0.0,
            1.0
          ]
        ]
      },
      "bone_length_armature_space": 0.029218861157178137,
      "parent": "index_02_l",
      "has_children": false,
      "is_end_bone": true
    },
    "metacarpal_pinky_l": {
      "name": "metacarpal_pinky_l",
      "local": {
        "location": {
          "x": 0.0,
          "y": 0.0,
          "z": 0.0
        },
        "rotation_quaternion": {
          "w": 0.9997092485427856,
          "x": -0.022675862535834312,
          "y": -0.0077901845797896385,
          "z": 0.002557637868449092
        },
        "scale": {
          "x": 1.0,
          "y": 1.0,
          "z": 1.0
        },
        "matrix_basis": [
          [
            0.9998655319213867,
            -0.0047604902647435665,
            -0.015691831707954407,
            0.0
          ],
          [
            0.005467086564749479,
            0.9989585280418396,
            0.04529869183897972,
            0.0
          ],
          [
            0.015459845773875713,
            -0.04537838697433472,
            0.9988502264022827,
            0.0
          ],
          [
            0.0,
            0.0,
            0.0,
            1.0
          ]
        ],
        "rotation_mode": "QUATERNION"
      },
      "armature_space": {
        "head": {
          "x": 0.0007476508617401123,
          "y": -0.3507004976272583,
          "z": 0.7816014289855957
        },
        "tail": {
          "x": -0.05354036018252373,
          "y": -0.4090118408203125,
          "z": 0.848652720451355
        }
      },
      "world_space": {
        "head": {
          "x": 0.0007476508617401123,
          "y": -0.2874565124511719,
          "z": 1.7314554452896118
        },
        "tail": {
          "x": -0.05354036018252373,
          "y": -0.3457678556442261,
          "z": 1.798506736755371
        },
        "rotation_quaternion": {
          "w": 0.1989777833223343,
          "x": -0.21208153665065765,
          "y": 0.4247550070285797,
          "z": 0.8573285937309265
        },
        "matrix": [
          [
            -0.8308586478233337,
            -0.5213446021080017,
            -0.19461221992969513,
            0.0007476508617401123
          ],
          [
            0.16101467609405518,
            -0.5599817633628845,
            0.8127084374427795,
            -0.2874565124511719
          ],
          [
            -0.5326837301254272,
            0.6439143419265747,
            0.549214243888855,
            1.7314554452896118
          ],
          [
            0.0,
            0.0,
            0.0,
            1.0
          ]
        ]
      },
      "bone_length_armature_space": 0.10413105673879941,
      "parent": "lowerarm_l",
      "has_children": true,
      "is_end_bone": false
    },
    "pinky_01_l": {
      "name": "pinky_01_l",
      "local": {
        "location": {
          "x": 0.0,
          "y": 0.0,
          "z": 0.0
        },
        "rotation_quaternion": {
          "w": 0.948175311088562,
          "x": 0.31696754693984985,
          "y": 0.022233333438634872,
          "z": 0.0009782606502994895
        },
        "scale": {
          "x": 1.0,
          "y": 1.0,
          "z": 1.0
        },
        "matrix_basis": [
          [
            0.9990094304084778,
            0.0122393649071455,
            0.04278234764933586,
            0.0
          ],
          [
            0.015949616208672523,
            0.7990612387657166,
            -0.6010380983352661,
            0.0
          ],
          [
            -0.041542042046785355,
            0.6011251211166382,
            0.79807448387146,
            0.0
          ],
          [
            0.0,
            0.0,
            0.0,
            1.0
          ]
        ],
        "rotation_mode": "QUATERNION"
      },
      "armature_space": {
        "head": {
          "x": -0.05354036018252373,
