{
  "metadata": {
    "armature_name": "KIM_caucasian_male",
    "export_time": "2026-01-13T19:11:07.227508",
    "blender_version": "4.4.1",
    "bone_count": 56,
    "end_bone_count": 13,
    "spaces_included": [
      "LOCAL_CHANNELS",
      "ARMATURE_SPACE",
      "WORLD_SPACE"
    ],
    "note": "LOCAL matches Transform panel; replay pose via local.matrix_basis for best fidelity."
  },
  "bones": {
    "Root": {
      "name": "Root",
      "local": {
        "location": {
          "x": 0.0,
          "y": 0.0,
          "z": 0.0
        },
        "rotation_quaternion": {
          "w": 0.9995218515396118,
          "x": -0.012231959961354733,
          "y": -0.01751444861292839,
          "z": 0.022353732958436012
        },
        "scale": {
          "x": 1.0,
          "y": 1.0,
          "z": 1.0
        },
        "matrix_basis": [
          [
            0.9983870983123779,
            -0.044257618486881256,
            -0.03555900976061821,
            0.0
          ],
          [
            0.045114561915397644,
            0.9987013936042786,
            0.023669196292757988,
            0.0
          ],
          [
            0.03446528688073158,
            -0.0252352487295866,
            0.9990872740745544,
            0.0
          ],
          [
            0.0,
            0.0,
            0.0,
            1.0
          ]
        ],
        "rotation_mode": "QUATERNION"
      },
      "armature_space": {
        "head": {
          "x": 0.0,
          "y": 0.07072800397872925,
          "z": -0.009595036506652832
        },
        "tail": {
          "x": -0.0031589260324835777,
          "y": 0.0003339797258377075,
          "z": 0.001772390678524971
        }
      },
      "world_space": {
        "head": {
          "x": 0.0,
          "y": 0.13397200405597687,
          "z": 0.9402589797973633
        },
        "tail": {
          "x": -0.0031589260324835777,
          "y": 0.06357797980308533,
          "z": 0.9516264200210571
        },
        "rotation_quaternion": {
          "w": 0.07953961938619614,
          "x": 0.9964271187782288,
          "y": -0.023482859134674072,
          "z": -0.01596873439848423
        },
        "matrix": [
          [
            0.9983870983123779,
            -0.044257618486881256,
            -0.03555900976061821,
            0.0
          ],
          [
            -0.04933822154998779,
            -0.9862440228462219,
            -0.157761350274086,
            0.13397200405597687
          ],
          [
            -0.028087956830859184,
            0.15926149487495422,
            -0.9868439435958862,
            0.9402589797973633
          ],
          [
            0.0,
            0.0,
            0.0,
            1.0
          ]
        ]
      },
      "bone_length_armature_space": 0.07137587808786948,
      "parent": null,
      "has_children": true,
      "is_end_bone": false
    },
    "spine_01": {
      "name": "spine_01",
      "local": {
        "location": {
          "x": 0.0,
          "y": 0.0,
          "z": 0.0
        },
        "rotation_quaternion": {
          "w": 0.9981613755226135,
          "x": -0.03436771780252457,
          "y": -0.04661178216338158,
          "z": 0.017895398661494255
        },
        "scale": {
          "x": 1.0,
          "y": 1.0,
          "z": 1.0
        },
        "matrix_basis": [
          [
            0.9950141906738281,
            -0.03252111002802849,
            -0.09428220987319946,
            0.0
          ],
          [
            0.03892887383699417,
            0.9969972372055054,
            0.0669407844543457,
            0.0
          ],
          [
            0.09182211011648178,
            -0.07027733325958252,
            0.9932923913002014,
            0.0
          ],
          [
            0.0,
            0.0,
            0.0,
            1.0
          ]
        ],
        "rotation_mode": "QUATERNION"
      },
      "armature_space": {
        "head": {
          "x": -0.0031589260324835777,
          "y": 0.0003339797258377075,
          "z": 0.001772390678524971
        },
        "tail": {
          "x": -0.0020450064912438393,
          "y": 0.06953319907188416,
          "z": 0.4848446846008301
        }
      },
      "world_space": {
        "head": {
          "x": -0.0031589260324835777,
          "y": 0.06357797980308533,
          "z": 0.9516264200210571
        },
        "tail": {
          "x": -0.0020450064912438393,
          "y": 0.13277719914913177,
          "z": 1.4346987009048462
        },
        "rotation_quaternion": {
          "w": 0.7537974715232849,
          "x": 0.6534065008163452,
          "y": -0.051863450556993484,
          "z": -0.04647032916545868
        },
        "matrix": [
          [
            0.9903013706207275,
            0.0022826162166893482,
            -0.13891708850860596,
            -0.0031589260324835777
          ],
          [
            -0.13783425092697144,
            0.14180132746696472,
            -0.9802522659301758,
            0.06357797980308533
          ],
          [
            0.017461085692048073,
            0.9898996949195862,
            0.1407407522201538,
            0.9516264200210571
          ],
          [
            0.0,
            0.0,
            0.0,
            1.0
          ]
        ]
      },
      "bone_length_armature_space": 0.4880047161167104,
      "parent": "Root",
      "has_children": true,
      "is_end_bone": false
    },
    "neck_01": {
      "name": "neck_01",
      "local": {
        "location": {
          "x": 0.0,
          "y": 0.0,
          "z": 0.0
        },
        "rotation_quaternion": {
          "w": 0.9925001859664917,
          "x": 0.00803255196660757,
          "y": 0.11549863964319229,
          "z": -0.039230089634656906
        },
        "scale": {
          "x": 1.0,
          "y": 1.0,
          "z": 1.0
        },
        "matrix_basis": [
          [
            0.9702421426773071,
            0.07972723990678787,
            0.22863461077213287,
            0.0
          ],
          [
            -0.07601624727249146,
            0.9967929720878601,
            -0.02500666305422783,
            0.0
          ],
          [
            -0.22989508509635925,
            0.006882574874907732,
            0.9731910824775696,
            0.0
          ],
          [
            0.0,
            0.0,
            0.0,
            1.0
          ]
        ],
        "rotation_mode": "QUATERNION"
      },
      "armature_space": {
        "head": {
          "x": -0.006695583462715149,
          "y": 0.045920100063085556,
          "z": 0.5622045993804932
        },
        "tail": {
          "x": -0.003872879547998309,
          "y": 0.01945035345852375,
          "z": 0.6612104177474976
        }
      },
      "world_space": {
        "head": {
          "x": -0.006695583462715149,
          "y": 0.10916410386562347,
          "z": 1.5120586156845093
        },
        "tail": {
          "x": -0.003872879547998309,
          "y": 0.08269435167312622,
          "z": 1.6110644340515137
        },
        "rotation_quaternion": {
          "w": 0.6076105237007141,
          "x": 0.7925339937210083,
          "y": 0.041418205946683884,
          "z": 0.03136700019240379
        },
        "matrix": [
          [
            0.9946012496948242,
            0.027532843872904778,
            0.100051149725914,
            -0.006695583462715149
          ],
          [
            0.10376865416765213,
            -0.2581876814365387,
            -0.9605059623718262,
            0.10916410386562347
          ],
          [
            -0.0006133913993835449,
            0.9657090902328491,
            -0.2596534788608551,
            1.5120586156845093
          ],
          [
            0.0,
            0.0,
            0.0,
            1.0
          ]
        ]
      },
      "bone_length_armature_space": 0.10252203439845632,
      "parent": "spine_01",
      "has_children": true,
      "is_end_bone": false
    },
    "head": {
      "name": "head",
      "local": {
        "location": {
          "x": 0.0,
          "y": 0.0,
          "z": 0.0
        },
        "rotation_quaternion": {
          "w": 0.963294267654419,
          "x": -0.009580204263329506,
          "y": -0.17935249209403992,
          "z": 0.19951200485229492
        },
        "scale": {
          "x": 1.0,
          "y": 1.0,
          "z": 1.0
        },
        "matrix_basis": [
          [
            0.8560552597045898,
            -0.3809410631656647,
            -0.3493611812591553,
            0.0
          ],
          [
            0.3878140151500702,
            0.9202063679695129,
            -0.05310883745551109,
            0.0
          ],
          [
            0.3417157232761383,
            -0.09002306312322617,
            0.9354817867279053,
            0.0
          ],
          [
            0.0,
            0.0,
            0.0,
            1.0
          ]
        ],
        "rotation_mode": "QUATERNION"
      },
      "armature_space": {
        "head": {
          "x": -0.003872866043820977,
          "y": 0.019450223073363304,
          "z": 0.6612102389335632
        },
        "tail": {
          "x": -0.06563901156187057,
          "y": 0.04249180108308792,
          "z": 0.8015928864479065
        }
      },
      "world_space": {
        "head": {
          "x": -0.003872866043820977,
          "y": 0.08269422501325607,
          "z": 1.6110641956329346
        },
        "tail": {
          "x": -0.06563901156187057,
          "y": 0.10573580116033554,
          "z": 1.7514469623565674
        },
        "rotation_quaternion": {
          "w": 0.7206559777259827,
          "x": 0.6492069363594055,
          "y": -0.23439040780067444,
          "z": 0.06516561657190323
        },
        "matrix": [
          [
            0.8816297650337219,
            -0.3982594907283783,
            -0.2532159388065338,
            -0.003872866043820977
          ],
          [
            -0.2104092687368393,
            0.14856888353824615,
            -0.9662586450576782,
            0.08269422501325607
          ],
          [
            0.42244449257850647,
            0.9051677584648132,
            0.0471847839653492,
            1.6110641956329346
          ],
          [
            0.0,
            0.0,
            0.0,
            1.0
          ]
        ]
      },
      "bone_length_armature_space": 0.155091132762813,
      "parent": "neck_01",
      "has_children": false,
      "is_end_bone": true
    },
    "upperarm_l": {
      "name": "upperarm_l",
      "local": {
        "location": {
          "x": 0.0,
          "y": 0.0,
          "z": 0.0
        },
        "rotation_quaternion": {
          "w": 0.9485315084457397,
          "x": -0.14759822189807892,
          "y": 0.0655425637960434,
          "z": -0.27240994572639465
        },
        "scale": {
          "x": 1.0,
          "y": 1.0,
          "z": 1.0
        },
        "matrix_basis": [
          [
            0.842993974685669,
            0.4974308907985687,
            0.2047528177499771,
            0.0
          ],
          [
            -0.5361267924308777,
            0.8080151677131653,
            0.24429424107074738,
            0.0
          ],
          [
            -0.04392392560839653,
            -0.315712034702301,
            0.9478378891944885,
            0.0
          ],
          [
            0.0,
            0.0,
            0.0,
            1.0
          ]
        ],
        "rotation_mode": "QUATERNION"
      },
      "armature_space": {
        "head": {
          "x": 0.14125318825244904,
          "y": 0.012588661164045334,
          "z": 0.49874362349510193
        },
        "tail": {
          "x": 0.3622574806213379,
          "y": 0.05865614861249924,
          "z": 0.3543732762336731
        }
      },
      "world_space": {
        "head": {
          "x": 0.14125318825244904,
          "y": 0.07583266496658325,
          "z": 1.4485976696014404
        },
        "tail": {
          "x": 0.3622574806213379,
          "y": 0.12190014868974686,
          "z": 1.304227352142334
        },
        "rotation_quaternion": {
          "w": 0.363915354013443,
          "x": 0.3066359758377075,
          "y": 0.673440158367157,
          "z": -0.5657016634941101
        },
        "matrix": [
          [
            -0.5470800399780273,
            0.824737012386322,
            0.14322099089622498,
            0.14125318825244904
          ],
          [
            0.0012695081532001495,
            0.17191322147846222,
            -0.9851115942001343,
            0.07583266496658325
          ],
          [
            -0.8370853066444397,
            -0.5387567281723022,
            -0.0950988233089447,
            1.4485976696014404
          ],
          [
            0.0,
            0.0,
            0.0,
            1.0
          ]
        ]
      },
      "bone_length_armature_space": 0.26796997442952786,
      "parent": "spine_01",
      "has_children": true,
      "is_end_bone": false
    },
    "lowerarm_l": {
      "name": "lowerarm_l",
      "local": {
        "location": {
          "x": 0.0,
          "y": 0.0,
          "z": 0.0
        },
        "rotation_quaternion": {
          "w": 0.9077343940734863,
          "x": 0.3311276435852051,
          "y": -0.10488037019968033,
          "z": 0.2353145182132721
        },
        "scale": {
          "x": 1.0,
          "y": 1.0,
          "z": 1.0
        },
        "matrix_basis": [
          [
            0.867254376411438,
            -0.49666374921798706,
            -0.034568753093481064,
            0.0
          ],
          [
            0.3577485978603363,
            0.6699631214141846,
            -0.650511622428894,
            0.0
          ],
          [
            0.34624531865119934,
            0.5517921447753906,
            0.758709192276001,
            0.0
          ],
          [
            0.0,
            0.0,
            0.0,
            1.0
          ]
        ],
        "rotation_mode": "QUATERNION"
      },
      "armature_space": {
        "head": {
          "x": 0.36225762963294983,
          "y": 0.05865611135959625,
          "z": 0.35437333583831787
        },
        "tail": {
          "x": 0.5984536409378052,
          "y": -0.05989518761634827,
          "z": 0.39592304825782776
        }
      },
      "world_space": {
        "head": {
          "x": 0.36225762963294983,
          "y": 0.12190011143684387,
          "z": 1.304227352142334
        },
        "tail": {
          "x": 0.5984536409378052,
          "y": 0.003348812460899353,
          "z": 1.3457770347595215
        },
        "rotation_quaternion": {
          "w": 0.476462185382843,
          "x": 0.49238693714141846,
          "y": 0.2267417311668396,
          "z": -0.6921901106834412
        },
        "matrix": [
          [
            -0.06107655167579651,
            0.8828950524330139,
            -0.4655809700489044,
            0.36225762963294983
          ],
          [
            -0.43631598353385925,
            -0.4431418776512146,
            -0.7831055521965027,
            0.12190011143684387
          ],
          [
            -0.8977251052856445,
            0.15531182289123535,
            0.41228896379470825,
            1.304227352142334
          ],
          [
            0.0,
            0.0,
            0.0,
            1.0
          ]
        ]
      },
      "bone_length_armature_space": 0.26752447174247934,
      "parent": "upperarm_l",
      "has_children": true,
      "is_end_bone": false
    },
    "metacarpal_thumb_l": {
      "name": "metacarpal_thumb_l",
      "local": {
        "location": {
          "x": 0.0,
          "y": 0.0,
          "z": 0.0
        },
        "rotation_quaternion": {
          "w": 0.9996331930160522,
          "x": 0.019298208877444267,
          "y": 0.013217649422585964,
          "z": -0.013658232986927032
        },
        "scale": {
          "x": 1.0,
          "y": 1.0,
          "z": 1.0
        },
        "matrix_basis": [
          [
            0.9992774724960327,
            0.02781659923493862,
            0.025898443534970284,
            0.0
          ],
          [
            -0.026796292513608932,
            0.9988820552825928,
            -0.038943320512771606,
            0.0
          ],
          [
            -0.02695276029407978,
            0.038221199065446854,
            0.9989057183265686,
            0.0
          ],
          [
            0.0,
            0.0,
            0.0,
            1.0
          ]
        ],
        "rotation_mode": "QUATERNION"
      },
      "armature_space": {
        "head": {
          "x": 0.5984536409378052,
          "y": -0.05989518761634827,
          "z": 0.39592304825782776
        },
        "tail": {
          "x": 0.6196253299713135,
          "y": -0.10399802029132843,
          "z": 0.40368732810020447
        }
      },
      "world_space": {
        "head": {
          "x": 0.5984536409378052,
          "y": 0.003348812460899353,
          "z": 1.3457770347595215
        },
        "tail": {
          "x": 0.6196253299713135,
          "y": -0.04075402021408081,
          "z": 1.353541374206543
        },
        "rotation_quaternion": {
          "w": 0.10800904035568237,
          "x": 0.9642537832260132,
          "y": 0.20773448050022125,
          "z": -0.124076709151268
        },
        "matrix": [
          [
            0.8829025030136108,
            0.427420437335968,
            -0.1944081336259842,
            0.5984536409378052
          ],
          [
            0.37381482124328613,
            -0.8903607726097107,
            -0.2598469853401184,
            0.003348812460899353
          ],
          [
            -0.28415894508361816,
            0.1567472368478775,
            -0.9458848237991333,
            1.3457770347595215
          ],
          [
            0.0,
            0.0,
            0.0,
            1.0
          ]
        ]
      },
      "bone_length_armature_space": 0.049533668425215435,
      "parent": "lowerarm_l",
      "has_children": true,
      "is_end_bone": false
    },
    "thumb_01_l": {
      "name": "thumb_01_l",
      "local": {
        "location": {
          "x": 0.0,
          "y": 0.0,
          "z": 0.0
        },
        "rotation_quaternion": {
          "w": 0.9679875373840332,
          "x": 0.25076448917388916,
          "y": -0.002101380378007889,
          "z": 0.010632620193064213
        },
        "scale": {
          "x": 1.0,
          "y": 1.0,
          "z": 1.0
        },
        "matrix_basis": [
          [
            0.9997650384902954,
            -0.02163839153945446,
            0.001264347112737596,
            0.0
          ],
          [
            0.019530585035681725,
            0.8740082383155823,
            -0.4855184853076935,
            0.0
          ],
          [
            0.009400786831974983,
            0.4854291081428528,
            0.8742254972457886,
            0.0
          ],
          [
            0.0,
            0.0,
            0.0,
            1.0
          ]
        ],
        "rotation_mode": "QUATERNION"
      },
      "armature_space": {
        "head": {
          "x": 0.6196253299713135,
          "y": -0.10399802029132843,
          "z": 0.40368732810020447
        },
        "tail": {
          "x": 0.6350143551826477,
          "y": -0.1236724853515625,
          "z": 0.3805631399154663
        }
      },
      "world_space": {
        "head": {
          "x": 0.6196253299713135,
          "y": -0.04075402021408081,
          "z": 1.353541374206543
        },
        "tail": {
          "x": 0.6350143551826477,
          "y": -0.06042848527431488,
          "z": 1.3304171562194824
        },
        "rotation_quaternion": {
          "w": 0.4589528739452362,
          "x": -0.7184849381446838,
          "y": 0.01899891160428524,
          "z": -0.5222841501235962
        },
        "matrix": [
          [
            0.45371824502944946,
            0.4521048367023468,
            0.7679457664489746,
            0.6196253299713135
          ],
          [
            -0.5067065954208374,
            -0.5780048370361328,
            0.6396556496620178,
            -0.04075402021408081
          ],
          [
            0.7330722212791443,
            -0.6793520450592041,
            -0.03316637873649597,
            1.353541374206543
          ],
          [
            0.0,
            0.0,
            0.0,
            1.0
          ]
        ]
      },
      "bone_length_armature_space": 0.034038724111121445,
      "parent": "metacarpal_thumb_l",
      "has_children": true,
      "is_end_bone": false
    },
    "thumb_02_l": {
      "name": "thumb_02_l",
      "local": {
        "location": {
          "x": 0.0,
          "y": 0.0,
          "z": 0.0
        },
        "rotation_quaternion": {
          "w": 0.8984708189964294,
          "x": 0.43893519043922424,
          "y": -0.0058999331668019295,
          "z": -0.007170144934207201
        },
        "scale": {
          "x": 1.0,
          "y": 1.0,
          "z": 1.0
        },
        "matrix_basis": [
          [
            0.9998275637626648,
            0.007704955525696278,
            -0.016896292567253113,
            0.0
          ],
          [
            -0.018063709139823914,
            0.6145689487457275,
            -0.7886562943458557,
            0.0
          ],
          [
            0.004307377617806196,
            0.788825511932373,
            0.6146022081375122,
            0.0
          ],
          [
            0.0,
            0.0,
            0.0,
            1.0
          ]
        ],
        "rotation_mode": "QUATERNION"
      },
      "armature_space": {
        "head": {
          "x": 0.6350142359733582,
          "y": -0.1236724853515625,
          "z": 0.3805631399154663
        },
        "tail": {
          "x": 0.6605783700942993,
          "y": -0.10928327590227127,
          "z": 0.4079970121383667
        }
      },
      "world_space": {
        "head": {
          "x": 0.6350142359733582,
          "y": -0.06042848527431488,
          "z": 1.3304171562194824
        },
        "tail": {
          "x": 0.6605783700942993,
          "y": -0.04603927582502365,
          "z": 1.3578510284423828
        },
        "rotation_quaternion": {
          "w": 0.608698844909668,
          "x": 0.04577512666583061,
          "y": -0.5555324554443359,
          "z": -0.5646008849143982
        },
        "matrix": [
          [
            -0.2547835409641266,
            0.636486828327179,
            -0.7279900908470154,
            0.6350142359733582
          ],
          [
            -0.7382023930549622,
            0.35825780034065247,
            0.5715848207473755,
            -0.06042848527431488
          ],
          [
            0.624617874622345,
            0.6830394268035889,
            0.3785811960697174,
            1.3304171562194824
          ],
          [
            0.0,
            0.0,
            0.0,
            1.0
          ]
        ]
      },
      "bone_length_armature_space": 0.040164557306620795,
      "parent": "thumb_01_l",
      "has_children": true,
      "is_end_bone": false
    },
    "thumb_03_l": {
      "name": "thumb_03_l",
      "local": {
        "location": {
          "x": 0.0,
          "y": 0.0,
          "z": 0.0
        },
        "rotation_quaternion": {
          "w": 0.9908396005630493,
          "x": 0.13504059612751007,
          "y": -0.0008016031933948398,
          "z": -0.0005140670691616833
        },
        "scale": {
          "x": 1.0,
          "y": 1.0,
          "z": 1.0
        },
        "matrix_basis": [
          [
            0.9999982118606567,
            0.0008022180991247296,
            -0.0017273601843044162,
            0.0
          ],
          [
            -0.001235213945619762,
            0.9635275602340698,
            -0.26760631799697876,
            0.0
          ],
          [
            0.00144968053791672,
            0.2676079571247101,
            0.9635267853736877,
            0.0
          ],
          [
            0.0,
            0.0,
            0.0,
            1.0
          ]
        ],
        "rotation_mode": "QUATERNION"
      },
      "armature_space": {
        "head": {
          "x": 0.6605783700942993,
          "y": -0.10928337275981903,
          "z": 0.4079969823360443
        },
        "tail": {
          "x": 0.666579008102417,
          "y": -0.08997982740402222,
          "z": 0.4307624101638794
        }
      },
      "world_space": {
        "head": {
          "x": 0.6605783700942993,
          "y": -0.04603937268257141,
          "z": 1.3578510284423828
        },
        "tail": {
          "x": 0.666579008102417,
          "y": -0.026735827326774597,
          "z": 1.3806164264678955
        },
        "rotation_quaternion": {
          "w": 0.7183024287223816,
          "x": 0.2625180780887604,
          "y": -0.548694908618927,
          "z": -0.3377273976802826
        },
        "matrix": [
          [
            0.16974832117557526,
            0.19709894061088562,
            -0.965576171875,
            0.6605783700942993
          ],
          [
            -0.7732658982276917,
            0.6340489387512207,
            -0.006514519453048706,
            -0.04603937268257141
          ],
          [
            0.6109418272972107,
            0.7477587461471558,
            0.2600405812263489,
            1.3578510284423828
          ],
          [
            0.0,
            0.0,
            0.0,
            1.0
          ]
        ]
      },
      "bone_length_armature_space": 0.03044502007116116,
      "parent": "thumb_02_l",
      "has_children": false,
      "is_end_bone": true
    },
    "metacarpal_index_l": {
      "name": "metacarpal_index_l",
      "local": {
        "location": {
          "x": 0.0,
          "y": 0.0,
          "z": 0.0
        },
        "rotation_quaternion": {
          "w": 0.9996623992919922,
          "x": -0.024083638563752174,
          "y": -0.008970537222921848,
          "z": 0.00384080084040761
        },
        "scale": {
          "x": 1.0,
          "y": 1.0,
          "z": 1.0
        },
        "matrix_basis": [
          [
            0.9998095631599426,
            -0.0072469222359359264,
            -0.018120018765330315,
            0.0
          ],
          [
            0.008111095055937767,
            0.9988104701042175,
            0.04808210954070091,
            0.0
          ],
          [
            0.01775001734495163,
            -0.04821992293000221,
            0.9986790418624878,
            0.0
          ],
          [
            0.0,
            0.0,
            0.0,
            1.0
          ]
        ],
        "rotation_mode": "QUATERNION"
      },
      "armature_space": {
        "head": {
          "x": 0.5984536409378052,
          "y": -0.05989518761634827,
          "z": 0.39592304825782776
        },
        "tail": {
          "x": 0.6820802688598633,
          "y": -0.13611909747123718,
          "z": 0.42634883522987366
        }
      },
      "world_space": {
        "head": {
          "x": 0.5984536409378052,
          "y": 0.003348812460899353,
          "z": 1.3457770347595215
        },
        "tail": {
          "x": 0.6820802688598633,
          "y": -0.07287509739398956,
          "z": 1.3762028217315674
        },
        "rotation_quaternion": {
          "w": 0.2991783618927002,
          "x": 0.8185123205184937,
          "y": 0.2919354736804962,
          "z": -0.39408573508262634
        },
        "matrix": [
          [
            0.5189399123191833,
            0.7137100100517273,
            -0.4704457223415375,
            0.5984536409378052
          ],
          [
            0.2421024739742279,
            -0.650531530380249,
            -0.7198582291603088,
            0.003348812460899353
          ],
          [
            -0.8198152184486389,
            0.25966835021972656,
            -0.5103819966316223,
            1.3457770347595215
          ],
          [
            0.0,
            0.0,
            0.0,
            1.0
          ]
        ]
      },
      "bone_length_armature_space": 0.11717177896548793,
      "parent": "lowerarm_l",
      "has_children": true,
      "is_end_bone": false
    },
    "index_01_l": {
      "name": "index_01_l",
      "local": {
        "location": {
          "x": 0.0,
          "y": 0.0,
          "z": 0.0
        },
        "rotation_quaternion": {
          "w": 0.9389607310295105,
          "x": 0.34378209710121155,
          "y": 0.0012352988123893738,
          "z": 0.012848681770265102
        },
        "scale": {
          "x": 1.0,
          "y": 1.0,
          "z": 1.0
        },
        "matrix_basis": [
          [
            0.9996667504310608,
            -0.023279467597603798,
            0.011154087260365486,
            0.0
          ],
          [
            0.024978162720799446,
            0.7632975578308105,
            -0.6455640196800232,
            0.0
          ],
          [
            0.006514499429613352,
            0.645627498626709,
            0.7636246681213379,
            0.0
          ],
          [
            0.0,
            0.0,
            0.0,
            1.0
          ]
        ],
        "rotation_mode": "QUATERNION"
      },
      "armature_space": {
        "head": {
          "x": 0.6820802688598633,
          "y": -0.13611909747123718,
          "z": 0.42634883522987366
        },
        "tail": {
          "x": 0.6951518654823303,
          "y": -0.1600206196308136,
          "z": 0.4179273247718811
        }
      },
      "world_space": {
        "head": {
          "x": 0.6820802688598633,
          "y": -0.07287509739398956,
          "z": 1.3762028217315674
        },
        "tail": {
          "x": 0.6951518654823303,
          "y": -0.09677661955356598,
          "z": 1.367781400680542
        },
        "rotation_quaternion": {
          "w": 0.00608877744525671,
          "x": 0.7946265339851379,
          "y": 0.2843393385410309,
          "z": -0.5363606214523315
        },
        "matrix": [
          [
            0.2629358470439911,
            0.4584208130836487,
            -0.8489493131637573,
            0.6820802688598633
          ],
          [
            0.44535592198371887,
            -0.838227391242981,
            -0.31469592452049255,
            -0.07287509739398956
          ],
          [
            -0.8558812737464905,
            -0.2953425347805023,
            -0.42456376552581787,
            1.3762028217315674
          ],
          [
            0.0,
            0.0,
            0.0,
            1.0
          ]
        ]
      },
      "bone_length_armature_space": 0.02851440391044889,
      "parent": "metacarpal_index_l",
      "has_children": true,
      "is_end_bone": false
    },
    "index_02_l": {
      "name": "index_02_l",
      "local": {
        "location": {
          "x": 0.0,
          "y": 0.0,
          "z": 0.0
        },
        "rotation_quaternion": {
          "w": 0.8936501741409302,
          "x": 0.4485236406326294,
          "y": 0.006074452772736549,
          "z": 0.013383179903030396
        },
        "scale": {
          "x": 1.0,
          "y": 1.0,
          "z": 1.0
        },
        "matrix_basis": [
          [
            0.999567985534668,
            -0.01847069151699543,
            0.02286221645772457,
            0.0
          ],
          [
            0.02936883270740509,
            0.5972948670387268,
            -0.8014838695526123,
            0.0
          ],
          [
            0.0011484735878184438,
            0.8018090724945068,
            0.597579300403595,
            0.0
          ],
          [
            0.0,
            0.0,
            0.0,
            1.0
          ]
        ],
        "rotation_mode": "QUATERNION"
      },
      "armature_space": {
        "head": {
          "x": 0.695151686668396,
          "y": -0.16002115607261658,
          "z": 0.41792726516723633
        },
        "tail": {
          "x": 0.6852315664291382,
          "y": -0.18036319315433502,
          "z": 0.4058489203453064
        }
      },
      "world_space": {
        "head": {
          "x": 0.695151686668396,
          "y": -0.09677715599536896,
          "z": 1.3677812814712524
        },
        "tail": {
          "x": 0.6852315664291382,
          "y": -0.1171191930770874,
          "z": 1.3557028770446777
        },
        "rotation_quaternion": {
          "w": 0.3214888274669647,
          "x": -0.7070634365081787,
          "y": -0.012863865122199059,
          "z": 0.6297149062156677
        },
        "matrix": [
          [
            0.20658868551254272,
            -0.38669902086257935,
            -0.8987686038017273,
            0.695151686668396
          ],
          [
            0.42308270931243896,
            -0.7929607033729553,
            0.4384232759475708,
            -0.09677715599536896
          ],
          [
            -0.882231593132019,
            -0.4708307981491089,
            -0.00021076202392578125,
            1.3677812814712524
          ],
          [
            0.0,
            0.0,
            0.0,
            1.0
          ]
        ]
      },
      "bone_length_armature_space": 0.025653336247049987,
      "parent": "index_01_l",
      "has_children": true,
      "is_end_bone": false
    },
    "index_03_l": {
      "name": "index_03_l",
      "local": {
        "location": {
          "x": 0.0,
          "y": 0.0,
          "z": 0.0
        },
        "rotation_quaternion": {
          "w": 0.9271482229232788,
          "x": 0.3746323883533478,
          "y": 0.00629764748737216,
          "z": -0.002695915987715125
        },
        "scale": {
          "x": 1.0,
          "y": 1.0,
          "z": 1.0
        },
        "matrix_basis": [
          [
            0.9999061226844788,
            0.00971763301640749,
            0.009657750837504864,
            0.0
          ],
          [
            -0.00028042198391631246,
            0.7192866206169128,
            -0.6947134733200073,
            0.0
          ],
          [
            -0.013697660528123379,
            0.6946455240249634,
            0.719221830368042,
            0.0
          ],
          [
            0.0,
            0.0,
            0.0,
            1.0
          ]
        ],
        "rotation_mode": "QUATERNION"
      },
      "armature_space": {
        "head": {
          "x": 0.6852316856384277,
          "y": -0.1803632527589798,
          "z": 0.4058489501476288
        },
        "tail": {
          "x": 0.6588892936706543,
          "y": -0.18421511352062225,
          "z": 0.39380842447280884
        }
      },
      "world_space": {
        "head": {
          "x": 0.6852316856384277,
          "y": -0.11711925268173218,
          "z": 1.3557029962539673
        },
        "tail": {
          "x": 0.6588892936706543,
          "y": -0.12097111344337463,
          "z": 1.3436625003814697
        },
        "rotation_quaternion": {
          "w": 0.6217654943466187,
          "x": -0.5214350819587708,
          "y": 0.21793173253536224,
          "z": 0.5422350168228149
        },
        "matrix": [
          [
            0.3169715404510498,
            -0.9015607833862305,
            -0.29447782039642334,
            0.6852316856384277
          ],
          [
            0.4470139443874359,
            -0.13182887434959412,
            0.8847600221633911,
            -0.11711925268173218
          ],
          [
            -0.8364907503128052,
            -0.41208258271217346,
            0.3612276017665863,
            1.3557029962539673
          ],
          [
            0.0,
            0.0,
            0.0,
            1.0
          ]
        ]
      },
      "bone_length_armature_space": 0.029218705097791467,
      "parent": "index_02_l",
      "has_children": false,
      "is_end_bone": true
    },
    "metacarpal_pinky_l": {
      "name": "metacarpal_pinky_l",
      "local": {
        "location": {
          "x": 0.0,
          "y": 0.0,
          "z": 0.0
        },
        "rotation_quaternion": {
          "w": 0.9999420642852783,
          "x": 0.007133603096008301,
          "y": -0.007134925574064255,
          "z": 0.0037505817599594593
        },
        "scale": {
          "x": 1.0,
          "y": 1.0,
          "z": 1.0
        },
        "matrix_basis": [
          [
            0.9998700618743896,
            -0.0076025244779884815,
            -0.014215514063835144,
            0.0
          ],
          [
            0.0073989336378872395,
            0.9998700618743896,
            -0.01431989949196577,
            0.0
          ],
          [
            0.014322535134851933,
            0.01421285979449749,
            0.9997963905334473,
            0.0
          ],
          [
            0.0,
            0.0,
            0.0,
            1.0
          ]
        ],
        "rotation_mode": "QUATERNION"
      },
      "armature_space": {
        "head": {
          "x": 0.5984536409378052,
          "y": -0.05989518761634827,
          "z": 0.39592304825782776
        },
        "tail": {
          "x": 0.7008954882621765,
          "y": -0.07830043137073517,
          "z": 0.39910534024238586
        }
      },
      "world_space": {
        "head": {
          "x": 0.5984536409378052,
          "y": 0.003348812460899353,
          "z": 1.3457770347595215
        },
        "tail": {
          "x": 0.7008954882621765,
          "y": -0.015056431293487549,
          "z": 1.3489593267440796
        },
        "rotation_quaternion": {
          "w": 0.6371567845344543,
          "x": -0.06621605157852173,
          "y": -0.07520321756601334,
          "z": -0.7641931176185608
        },
        "matrix": [
          [
            -0.1792932152748108,
            0.9837808012962341,
            0.005370468832552433,
            0.5984536409378052
          ],
          [
            -0.9638627171516418,
            -0.1767512708902359,
            0.1993200182914734,
            0.003348812460899353
          ],
          [
            0.19703705608844757,
            0.03056049346923828,
            0.9799268841743469,
            1.3457770347595215
          ],
          [
            0.0,
            0.0,
            0.0,
            1.0
          ]
        ]
      },
      "bone_length_armature_space": 0.1041307437724386,
      "parent": "lowerarm_l",
      "has_children": true,
      "is_end_bone": false
    },
    "pinky_01_l": {
      "name": "pinky_01_l",
      "local": {
        "location": {
          "x": 0.0,
          "y": 0.0,
          "z": 0.0
        },
        "rotation_quaternion": {
          "w": 0.9449049830436707,
          "x": 0.3259161114692688,
          "y": -0.01679927483201027,
          "z": -0.025516796857118607
        },
        "scale": {
          "x": 1.0,
          "y": 1.0,
          "z": 1.0
        },
        "matrix_basis": [
          [
            0.9981333613395691,
            0.037271589040756226,
            -0.048380106687545776,
            0.0
          ],
          [
            -0.05917220562696457,
            0.7862551808357239,
            -0.6150621771812439,
            0.0
          ],
          [
            0.015114766545593739,
            0.6167768239974976,
            0.7869929671287537,
            0.0
          ],
          [
            0.0,
            0.0,
            0.0,
            1.0
          ]
        ],
        "rotation_mode": "QUATERNION"
      },
      "armature_space": {
        "head": {
          "x": 0.7008954882621765,
          "y": -0.07830043137073517,
          "z": 0.39910534024238586
        },
        "tail": {
