{
  "metadata": {
    "armature_name": "KIM_caucasian_male",
    "export_time": "2026-01-13T21:15:46.940214",
    "blender_version": "4.4.1",
    "bone_count": 56,
    "end_bone_count": 13,
    "spaces_included": [
      "LOCAL_CHANNELS",
      "ARMATURE_SPACE",
      "WORLD_SPACE"
    ],
    "note": "LOCAL matches Transform panel; replay pose via local.matrix_basis for best fidelity."
  },
  "bones": {
    "Root": {
      "name": "Root",
      "local": {
        "location": {
          "x": 0.0,
          "y": 0.0,
          "z": 0.0
        },
        "rotation_quaternion": {
          "w": 0.9996349811553955,
          "x": 0.007217833772301674,
          "y": 0.006580292247235775,
          "z": -0.025192400440573692
        },
        "scale": {
          "x": 1.0,
          "y": 1.0,
          "z": 1.0
        },
        "matrix_basis": [
          [
            0.9986441135406494,
            0.05046140030026436,
            0.012792111374437809,
            0.0
          ],
          [
            -0.0502714179456234,
            0.9986264705657959,
            -0.014761945232748985,
            0.0
          ],
          [
            -0.013519450090825558,
            0.014098851941525936,
            0.999809205532074,
            0.0
          ],
          [
            0.0,
            0.0,
            0.0,
            1.0
          ]
        ],
        "rotation_mode": "QUATERNION"
      },
      "armature_space": {
        "head": {
          "x": 0.0,
          "y": 0.07072800397872925,
          "z": -0.009595036506652832
        },
        "tail": {
          "x": 0.0036017263773828745,
          "y": -3.813207149505615e-05,
          "z": -0.0010103695094585419
        }
      },
      "world_space": {
        "head": {
          "x": 0.0,
          "y": 0.13397200405597687,
          "z": 0.9402589797973633
        },
        "tail": {
          "x": 0.0036017263773828745,
          "y": 0.06320586800575256,
          "z": 0.9488436579704285
        },
        "rotation_quaternion": {
          "w": 0.06014161929488182,
          "x": 0.997850239276886,
          "y": 0.025578469038009644,
          "z": 0.004868186078965664
        },
        "matrix": [
          [
            0.9986441135406494,
            0.05046140030026436,
            0.012792111374437809,
            0.0
          ],
          [
            0.05163252726197243,
            -0.9914574027061462,
            -0.11977609246969223,
            0.13397200405597687
          ],
          [
            0.006638859864324331,
            0.12027407437562943,
            -0.9927255511283875,
            0.9402589797973633
          ],
          [
            0.0,
            0.0,
            0.0,
            1.0
          ]
        ]
      },
      "bone_length_armature_space": 0.07137586956962409,
      "parent": null,
      "has_children": true,
      "is_end_bone": false
    },
    "spine_01": {
      "name": "spine_01",
      "local": {
        "location": {
          "x": 0.0,
          "y": 0.0,
          "z": 0.0
        },
        "rotation_quaternion": {
          "w": 0.9977309703826904,
          "x": -0.0457192063331604,
          "y": -0.04937336593866348,
          "z": -0.002234670566394925
        },
        "scale": {
          "x": 1.0,
          "y": 1.0,
          "z": 1.0
        },
        "matrix_basis": [
          [
            0.9951145648956299,
            0.008973821997642517,
            -0.09831833839416504,
            0.0
          ],
          [
            5.5422144214389846e-05,
            0.9958094954490662,
            0.09145160019397736,
            0.0
          ],
          [
            0.09872701019048691,
            -0.09101027250289917,
            0.9909440279006958,
            0.0
          ],
          [
            0.0,
            0.0,
            0.0,
            1.0
          ]
        ],
        "rotation_mode": "QUATERNION"
      },
      "armature_space": {
        "head": {
          "x": 0.0036017263773828745,
          "y": -3.813207149505615e-05,
          "z": -0.0010103695094585419
        },
        "tail": {
          "x": 0.0016574558103457093,
          "y": 0.06011538952589035,
          "z": 0.4832687973976135
        }
      },
      "world_space": {
        "head": {
          "x": 0.0036017263773828745,
          "y": 0.06320586800575256,
          "z": 0.9488436579704285
        },
        "tail": {
          "x": 0.0016574558103457093,
          "y": 0.12335938960313797,
          "z": 1.4331228733062744
        },
        "rotation_quaternion": {
          "w": 0.7491723299026489,
          "x": 0.6619366407394409,
          "y": -0.019317008554935455,
          "z": -0.014408638700842857
        },
        "matrix": [
          [
            0.998838484287262,
            -0.003984150942414999,
            -0.048018720000982285,
            0.0036017263773828745
          ],
          [
            -0.047162339091300964,
            0.1232651025056839,
            -0.9912524819374084,
            0.06320586800575256
          ],
          [
            0.009868357330560684,
            0.9923728108406067,
            0.12293396145105362,
            0.9488436579704285
          ],
          [
            0.0,
            0.0,
            0.0,
            1.0
          ]
        ]
      },
      "bone_length_armature_space": 0.4880046441967304,
      "parent": "Root",
      "has_children": true,
      "is_end_bone": false
    },
    "neck_01": {
      "name": "neck_01",
      "local": {
        "location": {
          "x": 0.0,
          "y": 0.0,
          "z": 0.0
        },
        "rotation_quaternion": {
          "w": 0.9820460081100464,
          "x": -0.15726208686828613,
          "y": -0.010455163195729256,
          "z": 0.10365798324346542
        },
        "scale": {
          "x": 1.0,
          "y": 1.0,
          "z": 1.0
        },
        "matrix_basis": [
          [
            0.9782914519309998,
            -0.20030541718006134,
            -0.05313784256577492,
            0.0
          ],
          [
            0.20688222348690033,
            0.9290473461151123,
            0.3067096769809723,
            0.0
          ],
          [
            -0.012068038806319237,
            -0.31104472279548645,
            0.9503186345100403,
            0.0
          ],
          [
            0.0,
            0.0,
            0.0,
            1.0
          ]
        ],
        "rotation_mode": "QUATERNION"
      },
      "armature_space": {
        "head": {
          "x": -0.0002995679387822747,
          "y": 0.034763600677251816,
          "z": 0.5601922273635864
        },
        "tail": {
          "x": -0.021474575623869896,
          "y": 0.04148959740996361,
          "z": 0.6602779030799866
        }
      },
      "world_space": {
        "head": {
          "x": -0.0002995679387822747,
          "y": 0.09800760447978973,
          "z": 1.5100462436676025
        },
        "tail": {
          "x": -0.021474575623869896,
          "y": 0.10473360121250153,
          "z": 1.6101319789886475
        },
        "rotation_quaternion": {
          "w": 0.7217758297920227,
          "x": 0.6823350787162781,
          "y": -0.10882268846035004,
          "z": 0.04020322114229202
        },
        "matrix": [
          [
            0.9730828404426575,
            -0.20654244720935822,
            -0.10222578048706055,
            -0.0002995679387822747
          ],
          [
            -0.09047023952007294,
            0.06560583412647247,
            -0.9937360286712646,
            0.09800760447978973
          ],
          [
            0.21195663511753082,
            0.9762425422668457,
            0.04515334963798523,
            1.5100462436676025
          ],
          [
            0.0,
            0.0,
            0.0,
            1.0
          ]
        ]
      },
      "bone_length_armature_space": 0.10252201049940841,
      "parent": "spine_01",
      "has_children": true,
      "is_end_bone": false
    },
    "head": {
      "name": "head",
      "local": {
        "location": {
          "x": 0.0,
          "y": 0.0,
          "z": 0.0
        },
        "rotation_quaternion": {
          "w": 0.9964596033096313,
          "x": -0.014722575433552265,
          "y": -0.08244308829307556,
          "z": -0.007400314789265394
        },
        "scale": {
          "x": 1.0,
          "y": 1.0,
          "z": 1.0
        },
        "matrix_basis": [
          [
            0.9862967729568481,
            0.01717577874660492,
            -0.1640845090150833,
            0.0
          ],
          [
            -0.012320680543780327,
            0.9994569420814514,
            0.030561113730072975,
            0.0
          ],
          [
            0.16452032327651978,
            -0.02812069281935692,
            0.9859727621078491,
            0.0
          ],
          [
            0.0,
            0.0,
            0.0,
            1.0
          ]
        ],
        "rotation_mode": "QUATERNION"
      },
      "armature_space": {
        "head": {
          "x": -0.021474577486515045,
          "y": 0.041489437222480774,
          "z": 0.6602778434753418
        },
        "tail": {
          "x": -0.04234706237912178,
          "y": 0.11035226285457611,
          "z": 0.7976660132408142
        }
      },
      "world_space": {
        "head": {
          "x": -0.021474577486515045,
          "y": 0.1047334372997284,
          "z": 1.610131859779358
        },
        "tail": {
          "x": -0.04234706237912178,
          "y": 0.17359626293182373,
          "z": 1.7475199699401855
        },
        "rotation_quaternion": {
          "w": 0.8303192257881165,
          "x": 0.5261937379837036,
          "y": -0.18049553036689758,
          "z": -0.03334147483110428
        },
        "matrix": [
          [
            0.9326198697090149,
            -0.13458286225795746,
            -0.3348250985145569,
            -0.021474577486515045
          ],
          [
            -0.2453184425830841,
            0.4440178871154785,
            -0.8617814779281616,
            0.1047334372997284
          ],
          [
            0.2646509110927582,
            0.8858597278594971,
            0.3810860514640808,
            1.610131859779358
          ],
          [
            0.0,
            0.0,
            0.0,
            1.0
          ]
        ]
      },
      "bone_length_armature_space": 0.15509113079242168,
      "parent": "neck_01",
      "has_children": false,
      "is_end_bone": true
    },
    "upperarm_l": {
      "name": "upperarm_l",
      "local": {
        "location": {
          "x": 0.0,
          "y": 0.0,
          "z": 0.0
        },
        "rotation_quaternion": {
          "w": 0.814638614654541,
          "x": 0.4764942526817322,
          "y": -0.3297840356826782,
          "z": 0.023661792278289795
        },
        "scale": {
          "x": 1.0,
          "y": 1.0,
          "z": 1.0
        },
        "matrix_basis": [
          [
            0.7813652157783508,
            -0.35283201932907104,
            -0.5147601962089539,
            0.0
          ],
          [
            -0.2757287621498108,
            0.5447866916656494,
            -0.7919477820396423,
            0.0
          ],
          [
            0.559859037399292,
            0.7607346773147583,
            0.328391432762146,
            0.0
          ],
          [
            0.0,
            0.0,
            0.0,
            1.0
          ]
        ],
        "rotation_mode": "QUATERNION"
      },
      "armature_space": {
        "head": {
          "x": 0.14964084327220917,
          "y": 0.016243644058704376,
          "z": 0.4953693747520447
        },
        "tail": {
          "x": 0.29537472128868103,
          "y": -0.17891180515289307,
          "z": 0.6071001291275024
        }
      },
      "world_space": {
        "head": {
          "x": 0.14964084327220917,
          "y": 0.079487644135952,
          "z": 1.445223331451416
        },
        "tail": {
          "x": 0.29537472128868103,
          "y": -0.11566780507564545,
          "z": 1.5569541454315186
        },
        "rotation_quaternion": {
          "w": 0.3656438887119293,
          "x": 0.4679091274738312,
          "y": -0.04654601961374283,
          "z": -0.8032428622245789
        },
        "matrix": [
          [
            -0.29473039507865906,
            0.5438451766967773,
            -0.7857269048690796,
            0.14964084327220917
          ],
          [
            -0.6309611201286316,
            -0.7282750010490417,
            -0.2674025893211365,
            0.079487644135952
          ],
          [
            -0.7176560759544373,
            0.416953444480896,
            0.5577934980392456,
            1.445223331451416
          ],
          [
            0.0,
            0.0,
            0.0,
            1.0
          ]
        ]
      },
      "bone_length_armature_space": 0.2679697202853995,
      "parent": "spine_01",
      "has_children": true,
      "is_end_bone": false
    },
    "lowerarm_l": {
      "name": "lowerarm_l",
      "local": {
        "location": {
          "x": 0.0,
          "y": 0.0,
          "z": 0.0
        },
        "rotation_quaternion": {
          "w": 0.8688673973083496,
          "x": 0.35105806589126587,
          "y": 0.16596946120262146,
          "z": -0.3070535957813263
        },
        "scale": {
          "x": 1.0,
          "y": 1.0,
          "z": 1.0
        },
        "matrix_basis": [
          [
            0.7563444375991821,
            0.6501075625419617,
            0.07282362133264542,
            0.0
          ],
          [
            -0.4170478880405426,
            0.5649526715278625,
            -0.7119688391685486,
            0.0
          ],
          [
            -0.5039982199668884,
            0.5081228017807007,
            0.698424756526947,
            0.0
          ],
          [
            0.0,
            0.0,
            0.0,
            1.0
          ]
        ],
        "rotation_mode": "QUATERNION"
      },
      "armature_space": {
        "head": {
          "x": 0.2953747510910034,
          "y": -0.17891179025173187,
          "z": 0.6071003079414368
        },
        "tail": {
          "x": 0.1923486590385437,
          "y": -0.4195514917373657,
          "z": 0.6623051762580872
        }
      },
      "world_space": {
        "head": {
          "x": 0.2953747510910034,
          "y": -0.11566779017448425,
          "z": 1.5569543838500977
        },
        "tail": {
          "x": 0.1923486590385437,
          "y": -0.3563075065612793,
          "z": 1.612159252166748
        },
        "rotation_quaternion": {
          "w": 0.06883171945810318,
          "x": -0.6761684417724609,
          "y": 0.2133294939994812,
          "z": 0.7018184065818787
        },
        "matrix": [
          [
            -0.0761168897151947,
            -0.3851090669631958,
            -0.9197268486022949,
            0.2953747510910034
          ],
          [
            -0.19187895953655243,
            -0.8995053172111511,
            0.39252161979675293,
            -0.11566779017448425
          ],
          [
            -0.9784694314002991,
            0.20635440945625305,
            -0.005426138639450073,
            1.5569543838500977
          ],
          [
            0.0,
            0.0,
            0.0,
            1.0
          ]
        ]
      },
      "bone_length_armature_space": 0.267524613821416,
      "parent": "upperarm_l",
      "has_children": true,
      "is_end_bone": false
    },
    "metacarpal_thumb_l": {
      "name": "metacarpal_thumb_l",
      "local": {
        "location": {
          "x": 0.0,
          "y": 0.0,
          "z": 0.0
        },
        "rotation_quaternion": {
          "w": 0.9992964863777161,
          "x": -0.03704800456762314,
          "y": 0.005722051486372948,
          "z": 0.001138631021603942
        },
        "scale": {
          "x": 1.0,
          "y": 1.0,
          "z": 1.0
        },
        "matrix_basis": [
          [
            0.9999319314956665,
            -0.0026996410451829433,
            0.011351684108376503,
            0.0
          ],
          [
            0.0018516788259148598,
            0.9972522854804993,
            0.07405690848827362,
            0.0
          ],
          [
            -0.01152042020112276,
            -0.07403085380792618,
            0.9971894025802612,
            0.0
          ],
          [
            0.0,
            0.0,
            0.0,
            1.0
          ]
        ],
        "rotation_mode": "QUATERNION"
      },
      "armature_space": {
        "head": {
          "x": 0.1923486590385437,
          "y": -0.4195514917373657,
          "z": 0.6623051762580872
        },
        "tail": {
          "x": 0.14972198009490967,
          "y": -0.4446355402469635,
          "z": 0.6650146842002869
        }
      },
      "world_space": {
        "head": {
          "x": 0.1923486590385437,
          "y": -0.3563075065612793,
          "z": 1.612159252166748
        },
        "tail": {
          "x": 0.14972198009490967,
          "y": -0.3813915252685547,
          "z": 1.6148686408996582
        },
        "rotation_quaternion": {
          "w": 0.040857210755348206,
          "x": 0.8677177429199219,
          "y": -0.4951048493385315,
          "z": 0.016365671530365944
        },
        "matrix": [
          [
            0.5092068314552307,
            -0.8605597615242004,
            -0.01205555722117424,
            0.1923486590385437
          ],
          [
            -0.8578853011131287,
            -0.506403923034668,
            -0.08711081743240356,
            -0.3563075065612793
          ],
          [
            0.06885860860347748,
            0.054699890315532684,
            -0.9961326718330383,
            1.612159252166748
          ],
          [
            0.0,
            0.0,
            0.0,
            1.0
          ]
        ]
      },
      "bone_length_armature_space": 0.049533672203020185,
      "parent": "lowerarm_l",
      "has_children": true,
      "is_end_bone": false
    },
    "thumb_01_l": {
      "name": "thumb_01_l",
      "local": {
        "location": {
          "x": 0.0,
          "y": 0.0,
          "z": 0.0
        },
        "rotation_quaternion": {
          "w": 0.9970724582672119,
          "x": -0.07391101121902466,
          "y": 0.015537526458501816,
          "z": 0.011929621919989586
        },
        "scale": {
          "x": 1.0,
          "y": 1.0,
          "z": 1.0
        },
        "matrix_basis": [
          [
            0.9992325305938721,
            -0.02608618326485157,
            0.029220618307590485,
            0.0
          ],
          [
            0.02149260602891445,
            0.9887896776199341,
            0.14775997400283813,
            0.0
          ],
          [
            -0.0327475406229496,
            -0.14701855182647705,
            0.9885914921760559,
            0.0
          ],
          [
            0.0,
            0.0,
            0.0,
            1.0
          ]
        ],
        "rotation_mode": "QUATERNION"
      },
      "armature_space": {
        "head": {
          "x": 0.14972198009490967,
          "y": -0.4446355402469635,
          "z": 0.6650146842002869
        },
        "tail": {
          "x": 0.12662740051746368,
          "y": -0.4497723877429962,
          "z": 0.6405425071716309
        }
      },
      "world_space": {
        "head": {
          "x": 0.14972198009490967,
          "y": -0.3813915252685547,
          "z": 1.6148686408996582
        },
        "tail": {
          "x": 0.12662740051746368,
          "y": -0.3865283727645874,
          "z": 1.590396523475647
        },
        "rotation_quaternion": {
          "w": 0.147087961435318,
          "x": 0.3826676905155182,
          "y": -0.6347511410713196,
          "z": 0.6549973487854004
        },
        "matrix": [
          [
            -0.6638596057891846,
            -0.6784823536872864,
            0.31456655263900757,
            0.14972198009490967
          ],
          [
            -0.2931165099143982,
            -0.1509123146533966,
            -0.9440914392471313,
            -0.3813915252685547
          ],
          [
            0.6880257725715637,
            -0.7189536690711975,
            -0.0986914187669754,
            1.6148686408996582
          ],
          [
            0.0,
            0.0,
            0.0,
            1.0
          ]
        ]
      },
      "bone_length_armature_space": 0.0340387167900017,
      "parent": "metacarpal_thumb_l",
      "has_children": true,
      "is_end_bone": false
    },
    "thumb_02_l": {
      "name": "thumb_02_l",
      "local": {
        "location": {
          "x": 0.0,
          "y": 0.0,
          "z": 0.0
        },
        "rotation_quaternion": {
          "w": 0.9970346093177795,
          "x": 0.07606657594442368,
          "y": 0.0112430639564991,
          "z": -0.003094977466389537
        },
        "scale": {
          "x": 1.0,
          "y": 1.0,
          "z": 1.0
        },
        "matrix_basis": [
          [
            0.9997280240058899,
            0.007882041856646538,
            0.021948598325252533,
            0.0
          ],
          [
            -0.004461156670004129,
            0.9884085655212402,
            -0.15175160765647888,
            0.0
          ],
          [
            -0.022890295833349228,
            0.15161243081092834,
            0.9881749153137207,
            0.0
          ],
          [
            0.0,
            0.0,
            0.0,
            1.0
          ]
        ],
        "rotation_mode": "QUATERNION"
      },
      "armature_space": {
        "head": {
          "x": 0.12662743031978607,
          "y": -0.44977232813835144,
          "z": 0.6405425071716309
        },
        "tail": {
          "x": 0.10742493718862534,
          "y": -0.4845716655254364,
          "z": 0.6463260650634766
        }
      },
      "world_space": {
        "head": {
          "x": 0.12662743031978607,
          "y": -0.3865283131599426,
          "z": 1.590396523475647
        },
        "tail": {
          "x": 0.10742493718862534,
          "y": -0.4213276505470276,
          "z": 1.5961800813674927
        },
        "rotation_quaternion": {
          "w": 0.2578813135623932,
          "x": 0.3385074734687805,
          "y": -0.016906050965189934,
          "z": 0.9047785997390747
        },
        "matrix": [
          [
            -0.637819766998291,
            -0.4780973196029663,
            0.6038285493850708,
            0.12662743031978607
          ],
          [
            0.45520588755607605,
            -0.8664225339889526,
            -0.20518265664577484,
            -0.3865283131599426
          ],
          [
            0.6212726831436157,
            0.1439969688653946,
            0.7702589631080627,
            1.590396523475647
          ],
          [
            0.0,
            0.0,
            0.0,
            1.0
          ]
        ]
      },
      "bone_length_armature_space": 0.04016440151414844,
      "parent": "thumb_01_l",
      "has_children": true,
      "is_end_bone": false
    },
    "thumb_03_l": {
      "name": "thumb_03_l",
      "local": {
        "location": {
          "x": 0.0,
          "y": 0.0,
          "z": 0.0
        },
        "rotation_quaternion": {
          "w": 0.9984068870544434,
          "x": 0.056188665330410004,
          "y": -0.004418137948960066,
          "z": -0.0026822711806744337
        },
        "scale": {
          "x": 1.0,
          "y": 1.0,
          "z": 1.0
        },
        "matrix_basis": [
          [
            0.9999465942382812,
            0.004859497305005789,
            -0.009123625233769417,
            0.0
          ],
          [
            -0.005852494388818741,
            0.9936712980270386,
            -0.11217460036277771,
            0.0
          ],
          [
            0.00852077268064022,
            0.11222200095653534,
            0.9936466217041016,
            0.0
          ],
          [
            0.0,
            0.0,
            0.0,
            1.0
          ]
        ],
        "rotation_mode": "QUATERNION"
      },
      "armature_space": {
        "head": {
          "x": 0.10742487758398056,
          "y": -0.4845716059207916,
          "z": 0.6463260054588318
        },
        "tail": {
          "x": 0.10295037925243378,
          "y": -0.5127720832824707,
          "z": 0.6568902134895325
        }
      },
      "world_space": {
        "head": {
          "x": 0.10742487758398056,
          "y": -0.4213275909423828,
          "z": 1.5961799621582031
        },
        "tail": {
          "x": 0.10295037925243378,
          "y": -0.4495280981063843,
          "z": 1.6067442893981934
        },
        "rotation_quaternion": {
          "w": 0.1092049852013588,
          "x": 0.19921419024467468,
          "y": 0.15790539979934692,
          "z": 0.960965096950531
        },
        "matrix": [
          [
            -0.8967759609222412,
            -0.1469704657793045,
            0.4173637330532074,
            0.10742487758398056
          ],
          [
            0.2727985680103302,
            -0.9262804388999939,
            0.25997281074523926,
            -0.4213275909423828
          ],
          [
            0.3483903110027313,
            0.3469950556755066,
            0.8707654476165771,
            1.5961799621582031
          ],
          [
            0.0,
            0.0,
            0.0,
            1.0
          ]
        ]
      },
      "bone_length_armature_space": 0.03044487757495423,
      "parent": "thumb_02_l",
      "has_children": false,
      "is_end_bone": true
    },
    "metacarpal_index_l": {
      "name": "metacarpal_index_l",
      "local": {
        "location": {
          "x": 0.0,
          "y": 0.0,
          "z": 0.0
        },
        "rotation_quaternion": {
          "w": 0.9998047947883606,
          "x": -0.0034436932764947414,
          "y": 0.01945600099861622,
          "z": -6.449408829212189e-07
        },
        "scale": {
          "x": 1.0,
          "y": 1.0,
          "z": 1.0
        },
        "matrix_basis": [
          [
            0.999242901802063,
            -0.0001327113714069128,
            0.03890440985560417,
            0.0
          ],
          [
            -0.00013529062562156469,
            0.9999762773513794,
            0.006886017043143511,
            0.0
          ],
          [
            -0.038904402405023575,
            -0.00688606733456254,
            0.9992192387580872,
            0.0
          ],
          [
            0.0,
            0.0,
            0.0,
            1.0
          ]
        ],
        "rotation_mode": "QUATERNION"
      },
      "armature_space": {
        "head": {
          "x": 0.1923486590385437,
          "y": -0.4195514917373657,
          "z": 0.6623051762580872
        },
        "tail": {
          "x": 0.1164814755320549,
          "y": -0.5070744156837463,
          "z": 0.6800008416175842
        }
      },
      "world_space": {
        "head": {
          "x": 0.1923486590385437,
          "y": -0.3563075065612793,
          "z": 1.612159252166748
        },
        "tail": {
          "x": 0.1164814755320549,
          "y": -0.4438304305076599,
          "z": 1.6298549175262451
        },
        "rotation_quaternion": {
          "w": 0.02052537351846695,
          "x": -0.8964048624038696,
          "y": 0.35510173439979553,
          "z": 0.26446160674095154
        },
        "matrix": [
          [
            0.6079254150390625,
            -0.6474871039390564,
            -0.45955127477645874,
            0.1923486590385437
          ],
          [
            -0.6257739663124084,
            -0.7469626069068909,
            0.22462046146392822,
            -0.3563075065612793
          ],
          [
            -0.48871052265167236,
            0.15102322399616241,
            -0.8592835068702698,
            1.612159252166748
          ],
          [
            0.0,
            0.0,
            0.0,
            1.0
          ]
        ]
      },
      "bone_length_armature_space": 0.11717179051543675,
      "parent": "lowerarm_l",
      "has_children": true,
      "is_end_bone": false
    },
    "index_01_l": {
      "name": "index_01_l",
      "local": {
        "location": {
          "x": 0.0,
          "y": 0.0,
          "z": 0.0
        },
        "rotation_quaternion": {
          "w": 0.991267204284668,
          "x": -0.13058894872665405,
          "y": -0.015574446879327297,
          "z": 0.009654061868786812
        },
        "scale": {
          "x": 1.0,
          "y": 1.0,
          "z": 1.0
        },
        "matrix_basis": [
          [
            0.9993284940719604,
            -0.015071808360517025,
            -0.033398304134607315,
            0.0
          ],
          [
            0.02320721186697483,
            0.9657066464424133,
            0.25859636068344116,
            0.0
          ],
          [
            0.028355449438095093,
            -0.25919780135154724,
            0.9654079079627991,
            0.0
          ],
          [
            0.0,
            0.0,
            0.0,
            1.0
          ]
        ],
        "rotation_mode": "QUATERNION"
      },
      "armature_space": {
        "head": {
          "x": 0.1164814755320549,
          "y": -0.5070744156837463,
          "z": 0.6800008416175842
        },
        "tail": {
          "x": 0.11070191115140915,
          "y": -0.5335192084312439,
          "z": 0.6889640688896179
        }
      },
      "world_space": {
        "head": {
          "x": 0.1164814755320549,
          "y": -0.4438304305076599,
          "z": 1.6298549175262451
        },
        "tail": {
          "x": 0.11070191115140915,
          "y": -0.47027522325515747,
          "z": 1.6388180255889893
        },
        "rotation_quaternion": {
          "w": 0.12104469537734985,
          "x": 0.9350305795669556,
          "y": -0.14709922671318054,
          "z": -0.29904496669769287
        },
        "matrix": [
          [
            0.7778679728507996,
            -0.20268955826759338,
            -0.5948432683944702,
            0.1164814755320549
          ],
          [
            -0.3474804759025574,
            -0.9274203181266785,
            -0.13838210701942444,
            -0.4438304305076599
          ],
          [
            -0.5236251950263977,
            0.3143406808376312,
            -0.7918463349342346,
            1.6298549175262451
          ],
          [
            0.0,
            0.0,
            0.0,
            1.0
          ]
        ]
      },
      "bone_length_armature_space": 0.02851437960570592,
      "parent": "metacarpal_index_l",
      "has_children": true,
      "is_end_bone": false
    },
    "index_02_l": {
      "name": "index_02_l",
      "local": {
        "location": {
          "x": 0.0,
          "y": 0.0,
          "z": 0.0
        },
        "rotation_quaternion": {
          "w": 0.9993953704833984,
          "x": 0.033316515386104584,
          "y": -0.0064332024194300175,
          "z": 0.007589172571897507
        },
        "scale": {
          "x": 1.0,
          "y": 1.0,
          "z": 1.0
        },
        "matrix_basis": [
          [
            0.9998020529747009,
            -0.015597831457853317,
            -0.01235293596982956,
            0.0
          ],
          [
            0.014740504324436188,
            0.9976648092269897,
            -0.06669038534164429,
            0.0
          ],
          [
            0.013364315032958984,
            0.06649509817361832,
            0.9976972341537476,
            0.0
          ],
          [
            0.0,
            0.0,
            0.0,
            1.0
          ]
        ],
        "rotation_mode": "QUATERNION"
      },
      "armature_space": {
        "head": {
          "x": 0.11070146411657333,
          "y": -0.5335195660591125,
          "z": 0.6889640688896179
        },
        "tail": {
          "x": 0.10525716841220856,
          "y": -0.5575069189071655,
          "z": 0.6962480545043945
        }
      },
      "world_space": {
        "head": {
          "x": 0.11070146411657333,
          "y": -0.4702755808830261,
          "z": 1.6388180255889893
        },
        "tail": {
          "x": 0.10525716841220856,
          "y": -0.4942629337310791,
          "z": 1.6461020708084106
        },
        "rotation_quaternion": {
          "w": 0.09909015893936157,
          "x": 0.9251095652580261,
          "y": -0.15050171315670013,
          "z": -0.3342196047306061
        },
        "matrix": [
          [
            0.7312930226325989,
            -0.21222609281539917,
            -0.6482057571411133,
            0.11070146411657333
          ],
          [
            -0.3446972966194153,
            -0.9350610375404358,
            -0.08273684978485107,
            -0.4702755808830261
          ],
          [
            -0.5885574817657471,
            0.2839406728744507,
            -0.7569621801376343,
            1.6388180255889893
          ],
          [
            0.0,
            0.0,
            0.0,
            1.0
          ]
        ]
      },
      "bone_length_armature_space": 0.025653262787765703,
      "parent": "index_01_l",
      "has_children": true,
      "is_end_bone": false
    },
    "index_03_l": {
      "name": "index_03_l",
      "local": {
        "location": {
          "x": 0.0,
          "y": 0.0,
          "z": 0.0
        },
        "rotation_quaternion": {
          "w": 0.9984264969825745,
          "x": 0.055814363062381744,
          "y": -0.0048979176208376884,
          "z": -0.0023417703341692686
        },
        "scale": {
          "x": 1.0,
          "y": 1.0,
          "z": 1.0
        },
        "matrix_basis": [
          [
            0.9999410510063171,
            0.004129422828555107,
            -0.010041830129921436,
            0.0
          ],
          [
            -0.005222919397056103,
            0.9937585592269897,
            -0.11143013834953308,
            0.0
          ],
          [
            0.00951901264488697,
            0.11147601902484894,
            0.9937215447425842,
            0.0
          ],
          [
            0.0,
            0.0,
            0.0,
            1.0
          ]
        ],
        "rotation_mode": "QUATERNION"
      },
      "armature_space": {
        "head": {
          "x": 0.10525724291801453,
          "y": -0.5575069189071655,
          "z": 0.6962482333183289
        },
        "tail": {
          "x": 0.09763734042644501,
          "y": -0.5856462717056274,
          "z": 0.6982092261314392
        }
      },
      "world_space": {
        "head": {
          "x": 0.10525724291801453,
          "y": -0.4942629337310791,
          "z": 1.6461021900177002
        },
        "tail": {
          "x": 0.09763734042644501,
          "y": -0.522402286529541,
          "z": 1.6480631828308105
        },
        "rotation_quaternion": {
          "w": 0.006902961991727352,
          "x": -0.9456784725189209,
          "y": 0.13572850823402405,
          "z": 0.2953343391418457
        },
        "matrix": [
          [
            0.78871089220047,
            -0.26078879833221436,
            -0.556708574295044,
            0.10525724291801453
          ],
          [
            -0.25263407826423645,
            -0.9630606174468994,
            0.0932266116142273,
            -0.4942629337310791
          ],
          [
            -0.5604606866836548,
            0.06711428612470627,
            -0.8254656195640564,
            1.6461021900177002
          ],
          [
            0.0,
            0.0,
            0.0,
            1.0
          ]
        ]
      },
      "bone_length_armature_space": 0.02921868590790383,
      "parent": "index_02_l",
      "has_children": false,
      "is_end_bone": true
    },
    "metacarpal_pinky_l": {
      "name": "metacarpal_pinky_l",
      "local": {
        "location": {
          "x": 0.0,
          "y": 0.0,
          "z": 0.0
        },
        "rotation_quaternion": {
          "w": 0.999723494052887,
          "x": -0.0036930684000253677,
          "y": -0.01998395286500454,
          "z": 0.011833734810352325
        },
        "scale": {
          "x": 1.0,
          "y": 1.0,
          "z": 1.0
        },
        "matrix_basis": [
          [
            0.9989212155342102,
            -0.023513320833444595,
            -0.040044259279966354,
            0.0
          ],
          [
            0.02380852960050106,
            0.9996926188468933,
            0.006911125034093857,
            0.0
          ],
          [
            0.03986945003271103,
            -0.00785706378519535,
            0.9991739988327026,
            0.0
          ],
          [
            0.0,
            0.0,
            0.0,
            1.0
          ]
        ],
        "rotation_mode": "QUATERNION"
      },
      "armature_space": {
        "head": {
          "x": 0.1923486590385437,
          "y": -0.4195514917373657,
          "z": 0.6623051762580872
        },
        "tail": {
          "x": 0.18573755025863647,
          "y": -0.5215649604797363,
          "z": 0.682123601436615
        }
      },
      "world_space": {
        "head": {
          "x": 0.1923486590385437,
          "y": -0.3563075065612793,
          "z": 1.612159252166748
        },
        "tail": {
          "x": 0.18573755025863647,
          "y": -0.4583209753036499,
          "z": 1.6319775581359863
        },
        "rotation_quaternion": {
          "w": 0.0240579042583704,
          "x": -0.08055242151021957,
          "y": 0.09791751950979233,
          "z": 0.9916374087333679
        },
        "matrix": [
          [
            -0.9858652353286743,
            -0.06348857283592224,
            -0.15504635870456696,
            0.1923486590385437
          ],
          [
            0.031938325613737106,
            -0.9796668887138367,
            0.19807368516921997,
            -0.3563075065612793
          ],
          [
            -0.1644698977470398,
            0.1903223991394043,
            0.9678537845611572,
            1.612159252166748
          ],
          [
            0.0,
            0.0,
            0.0,
            1.0
          ]
        ]
      },
      "bone_length_armature_space": 0.10413080336123633,
      "parent": "lowerarm_l",
      "has_children": true,
      "is_end_bone": false
    },
    "pinky_01_l": {
      "name": "pinky_01_l",
      "local": {
        "location": {
          "x": 0.0,
          "y": 0.0,
          "z": 0.0
        },
        "rotation_quaternion": {
          "w": 0.9947847127914429,
          "x": -0.1000671237707138,
          "y": 0.017124488949775696,
          "z": 0.009837329387664795
        },
        "scale": {
          "x": 1.0,
          "y": 1.0,
          "z": 1.0
        },
        "matrix_basis": [
          [
            0.9992199540138245,
            -0.022999245673418045,
            0.032101571559906006,
            0.0
          ],
          [
            0.016144853085279465,
            0.9797796010971069,
            0.19942741096019745,
            0.0
          ],
          [
            -0.03603914752602577,
            -0.19875356554985046,
            0.9793866276741028,
            0.0
          ],
          [
            0.0,
            0.0,
            0.0,
            1.0
          ]
        ],
        "rotation_mode": "QUATERNION"
      },
      "armature_space": {
        "head": {
          "x": 0.18573755025863647,
          "y": -0.5215649604797363,
          "z": 0.682123601436615
        },
