{
  "metadata": {
    "armature_name": "KIM_caucasian_male",
    "export_time": "2026-01-13T20:24:29.389136",
    "blender_version": "4.4.1",
    "bone_count": 56,
    "end_bone_count": 13,
    "spaces_included": [
      "LOCAL_CHANNELS",
      "ARMATURE_SPACE",
      "WORLD_SPACE"
    ],
    "note": "LOCAL matches Transform panel; replay pose via local.matrix_basis for best fidelity."
  },
  "bones": {
    "Root": {
      "name": "Root",
      "local": {
        "location": {
          "x": 0.0,
          "y": 0.0,
          "z": 0.0
        },
        "rotation_quaternion": {
          "w": 0.9997087717056274,
          "x": -0.002291678683832288,
          "y": -0.0003834301605820656,
          "z": -0.024025430902838707
        },
        "scale": {
          "x": 1.0,
          "y": 1.0,
          "z": 1.0
        },
        "matrix_basis": [
          [
            0.9988452792167664,
            0.04803862422704697,
            -0.0006565198418684304,
            0.0
          ],
          [
            -0.04803511127829552,
            0.998835027217865,
            0.004600446671247482,
            0.0
          ],
          [
            0.000876754114869982,
            -0.004563598427921534,
            0.9999892115592957,
            0.0
          ],
          [
            0.0,
            0.0,
            0.0,
            1.0
          ]
        ],
        "rotation_mode": "QUATERNION"
      },
      "armature_space": {
        "head": {
          "x": 0.0,
          "y": 0.07072800397872925,
          "z": -0.009595036506652832
        },
        "tail": {
          "x": 0.003428798634558916,
          "y": 0.00012619048357009888,
          "z": 0.0003115972504019737
        }
      },
      "world_space": {
        "head": {
          "x": 0.0,
          "y": 0.13397200405597687,
          "z": 0.9402589797973633
        },
        "tail": {
          "x": 0.003428798634558916,
          "y": 0.06337019056081772,
          "z": 0.9501656293869019
        },
        "rotation_quaternion": {
          "w": 0.06963451206684113,
          "x": 0.9972831606864929,
          "y": 0.023945024237036705,
          "z": -0.00200110231526196
        },
        "matrix": [
          [
            0.9988452792167664,
            0.04803862422704697,
            -0.0006565198418684304,
            0.0
          ],
          [
            0.047481242567300797,
            -0.9891552329063416,
            -0.13898693025112152,
            0.13397200405597687
          ],
          [
            -0.007326147053390741,
            0.13879528641700745,
            -0.9903010725975037,
            0.9402589797973633
          ],
          [
            0.0,
            0.0,
            0.0,
            1.0
          ]
        ]
      },
      "bone_length_armature_space": 0.07137586347242014,
      "parent": null,
      "has_children": true,
      "is_end_bone": false
    },
    "spine_01": {
      "name": "spine_01",
      "local": {
        "location": {
          "x": 0.0,
          "y": 0.0,
          "z": 0.0
        },
        "rotation_quaternion": {
          "w": 0.9982863664627075,
          "x": -0.05391894280910492,
          "y": 0.020276028662919998,
          "z": 0.010293954983353615
        },
        "scale": {
          "x": 1.0,
          "y": 1.0,
          "z": 1.0
        },
        "matrix_basis": [
          [
            0.998965859413147,
            -0.02273915335536003,
            0.03937248885631561,
            0.0
          ],
          [
            0.01836610585451126,
            0.9939735531806946,
            0.10807052999734879,
            0.0
          ],
          [
            -0.04159264266490936,
            -0.10723564773797989,
            0.9933632612228394,
            0.0
          ],
          [
            0.0,
            0.0,
            0.0,
            1.0
          ]
        ],
        "rotation_mode": "QUATERNION"
      },
      "armature_space": {
        "head": {
          "x": 0.003428798634558916,
          "y": 0.00012619048357009888,
          "z": 0.0003115972504019737
        },
        "tail": {
          "x": -0.007789233233779669,
          "y": 0.07675027847290039,
          "z": 0.48213252425193787
        }
      },
      "world_space": {
        "head": {
          "x": 0.003428798634558916,
          "y": 0.06337019056081772,
          "z": 0.9501656293869019
        },
        "tail": {
          "x": -0.007789233233779669,
          "y": 0.139994278550148,
          "z": 1.4319865703582764
        },
        "rotation_quaternion": {
          "w": 0.7601594924926758,
          "x": 0.6481624841690063,
          "y": 0.025795837864279747,
          "z": 0.03711554408073425
        },
        "matrix": [
          [
            0.9959140419960022,
            -0.022987712174654007,
            0.08733183145523071,
            0.003428798634558916
          ],
          [
            0.08986738324165344,
            0.15701617300510406,
            -0.9834986925125122,
            0.06337019056081772
          ],
          [
            0.008896026760339737,
            0.9873355031013489,
            0.15844061970710754,
            0.9501656293869019
          ],
          [
            0.0,
            0.0,
            0.0,
            1.0
          ]
        ]
      },
      "bone_length_armature_space": 0.4880046248955444,
      "parent": "Root",
      "has_children": true,
      "is_end_bone": false
    },
    "neck_01": {
      "name": "neck_01",
      "local": {
        "location": {
          "x": 0.0,
          "y": 0.0,
          "z": 0.0
        },
        "rotation_quaternion": {
          "w": 0.9921362996101379,
          "x": 0.005127732641994953,
          "y": 0.08985515683889389,
          "z": 0.08697977662086487
        },
        "scale": {
          "x": 1.0,
          "y": 1.0,
          "z": 1.0
        },
        "matrix_basis": [
          [
            0.9687211513519287,
            -0.1716700792312622,
            0.17918914556503296,
            0.0
          ],
          [
            0.17351309955120087,
            0.9848164319992065,
            0.00545634375885129,
            0.0
          ],
          [
            -0.17740510404109955,
            0.02580598182976246,
            0.9837995171546936,
            0.0
          ],
          [
            0.0,
            0.0,
            0.0,
            1.0
          ]
        ],
        "rotation_mode": "QUATERNION"
      },
      "armature_space": {
        "head": {
          "x": -0.0064436523243784904,
          "y": 0.054138585925102234,
          "z": 0.5599185228347778
        },
        "tail": {
          "x": -0.022539254277944565,
          "y": 0.026962412521243095,
          "z": 0.6574538350105286
        }
      },
      "world_space": {
        "head": {
          "x": -0.0064436523243784904,
          "y": 0.11738258600234985,
          "z": 1.509772539138794
        },
        "tail": {
          "x": -0.022539254277944565,
          "y": 0.09020641446113586,
          "z": 1.6073079109191895
        },
        "rotation_quaternion": {
          "w": 0.6058722138404846,
          "x": 0.7801423668861389,
          "y": 0.01948380470275879,
          "z": 0.15465140342712402
        },
        "matrix": [
          [
            0.9514070153236389,
            -0.15699759125709534,
            0.2649085819721222,
            -0.0064436523243784904
          ],
          [
            0.21779729425907135,
            -0.26507821679115295,
            -0.9393071532249451,
            0.11738258600234985
          ],
          [
            0.21769216656684875,
            0.951366126537323,
            -0.21800601482391357,
            1.509772539138794
          ],
          [
            0.0,
            0.0,
            0.0,
            1.0
          ]
        ]
      },
      "bone_length_armature_space": 0.10252194730085992,
      "parent": "spine_01",
      "has_children": true,
      "is_end_bone": false
    },
    "head": {
      "name": "head",
      "local": {
        "location": {
          "x": 0.0,
          "y": 0.0,
          "z": 0.0
        },
        "rotation_quaternion": {
          "w": 0.9750734567642212,
          "x": -0.05394189432263374,
          "y": 0.03771501034498215,
          "z": -0.2118956446647644
        },
        "scale": {
          "x": 1.0,
          "y": 1.0,
          "z": 1.0
        },
        "matrix_basis": [
          [
            0.9073556065559387,
            0.4091587960720062,
            0.09640991687774658,
            0.0
          ],
          [
            -0.41729646921157837,
            0.9043810367584229,
            0.08921132236719131,
            0.0
          ],
          [
            -0.0506897047162056,
            -0.12117791175842285,
            0.9913356900215149,
            0.0
          ],
          [
            0.0,
            0.0,
            0.0,
            1.0
          ]
        ],
        "rotation_mode": "QUATERNION"
      },
      "armature_space": {
        "head": {
          "x": -0.022539202123880386,
          "y": 0.026962287724018097,
          "z": 0.657453715801239
        },
        "tail": {
          "x": 0.00029135122895240784,
          "y": 0.07181504368782043,
          "z": 0.8041516542434692
        }
      },
      "world_space": {
        "head": {
          "x": -0.022539202123880386,
          "y": 0.09020628780126572,
          "z": 1.6073076725006104
        },
        "tail": {
          "x": 0.00029135122895240784,
          "y": 0.13505904376506805,
          "z": 1.7540056705474854
        },
        "rotation_quaternion": {
          "w": 0.7890921831130981,
          "x": 0.5958638191223145,
          "y": 0.1481056958436966,
          "z": 0.01856139674782753
        },
        "matrix": [
          [
            0.9554407596588135,
            0.14720821380615234,
            0.25585734844207764,
            -0.022539202123880386
          ],
          [
            0.20579394698143005,
            0.28920429944992065,
            -0.9348848462104797,
            0.09020628780126572
          ],
          [
            -0.21161909401416779,
            0.9458878636360168,
            0.24602386355400085,
            1.6073076725006104
          ],
          [
            0.0,
            0.0,
            0.0,
            1.0
          ]
        ]
      },
      "bone_length_armature_space": 0.1550912273415669,
      "parent": "neck_01",
      "has_children": false,
      "is_end_bone": true
    },
    "upperarm_l": {
      "name": "upperarm_l",
      "local": {
        "location": {
          "x": 0.0,
          "y": 0.0,
          "z": 0.0
        },
        "rotation_quaternion": {
          "w": 0.7894484996795654,
          "x": -0.16492708027362823,
          "y": 0.5514127016067505,
          "z": -0.2133411169052124
        },
        "scale": {
          "x": 1.0,
          "y": 1.0,
          "z": 1.0
        },
        "matrix_basis": [
          [
            0.3008592128753662,
            0.1549578756093979,
            0.9409953355789185,
            0.0
          ],
          [
            -0.5187294483184814,
            0.8545692563056946,
            0.025124868378043175,
            0.0
          ],
          [
            -0.800252377986908,
            -0.49568086862564087,
            0.3374861776828766,
            0.0
          ],
          [
            0.0,
            0.0,
            0.0,
            1.0
          ]
        ],
        "rotation_mode": "QUATERNION"
      },
      "armature_space": {
        "head": {
          "x": 0.1447669267654419,
          "y": 0.053929492831230164,
          "z": 0.49540162086486816
        },
        "tail": {
          "x": 0.355083703994751,
          "y": 0.20744645595550537,
          "z": 0.4321002960205078
        }
      },
      "world_space": {
        "head": {
          "x": 0.1447669267654419,
          "y": 0.11717349290847778,
          "z": 1.4452556371688843
        },
        "tail": {
          "x": 0.355083703994751,
          "y": 0.2706904411315918,
          "z": 1.381954312324524
        },
        "rotation_quaternion": {
          "w": 0.1315094232559204,
          "x": 0.41786783933639526,
          "y": 0.8770123720169067,
          "z": -0.19733524322509766
        },
        "matrix": [
          [
            -0.6161834597587585,
            0.7848536372184753,
            0.06574951857328415,
            0.1447669267654419
          ],
          [
            0.6810480356216431,
            0.5728898644447327,
            -0.4560384750366211,
            0.11717349290847778
          ],
          [
            -0.39559274911880493,
            -0.23622597754001617,
            -0.8875347971916199,
            1.4452556371688843
          ],
          [
            0.0,
            0.0,
            0.0,
            1.0
          ]
        ]
      },
      "bone_length_armature_space": 0.267969519576533,
      "parent": "spine_01",
      "has_children": true,
      "is_end_bone": false
    },
    "lowerarm_l": {
      "name": "lowerarm_l",
      "local": {
        "location": {
          "x": 0.0,
          "y": 0.0,
          "z": 0.0
        },
        "rotation_quaternion": {
          "w": 0.9482028484344482,
          "x": -0.009856535121798515,
          "y": -0.05141104385256767,
          "z": 0.31332263350486755
        },
        "scale": {
          "x": 1.0,
          "y": 1.0,
          "z": 1.0
        },
        "matrix_basis": [
          [
            0.7983716726303101,
            -0.5931733846664429,
            -0.10367275029420853,
            0.0
          ],
          [
            0.5952003002166748,
            0.8034635782241821,
            -0.013524497859179974,
            0.0
          ],
          [
            0.09131964296102524,
            -0.05090847611427307,
            0.9945195317268372,
            0.0
          ],
          [
            0.0,
            0.0,
            0.0,
            1.0
          ]
        ],
        "rotation_mode": "QUATERNION"
      },
      "armature_space": {
        "head": {
          "x": 0.3550838530063629,
          "y": 0.20744642615318298,
          "z": 0.43210023641586304
        },
        "tail": {
          "x": 0.6209560632705688,
          "y": 0.2147783637046814,
          "z": 0.46086812019348145
        }
      },
      "world_space": {
        "head": {
          "x": 0.3550838530063629,
          "y": 0.2706904411315918,
          "z": 1.3819541931152344
        },
        "tail": {
          "x": 0.6209560632705688,
          "y": 0.2780223488807678,
          "z": 1.4107221364974976
        },
        "rotation_quaternion": {
          "w": 0.29808664321899414,
          "x": 0.6616975665092468,
          "y": 0.6518022418022156,
          "z": -0.22012418508529663
        },
        "matrix": [
          [
            0.05339691787958145,
            0.9938238263130188,
            0.0972791239619255,
            0.3550838530063629
          ],
          [
            0.7313598990440369,
            0.02740660309791565,
            -0.681441068649292,
            0.2706904411315918
          ],
          [
            -0.6799023747444153,
            0.10753365606069565,
            -0.7253851294517517,
            1.3819541931152344
          ],
          [
            0.0,
            0.0,
            0.0,
            1.0
          ]
        ]
      },
      "bone_length_armature_space": 0.2675245409869323,
      "parent": "upperarm_l",
      "has_children": true,
      "is_end_bone": false
    },
    "metacarpal_thumb_l": {
      "name": "metacarpal_thumb_l",
      "local": {
        "location": {
          "x": 0.0,
          "y": 0.0,
          "z": 0.0
        },
        "rotation_quaternion": {
          "w": 0.9995131492614746,
          "x": -0.029175201430916786,
          "y": 0.001233283313922584,
          "z": -0.010987569577991962
        },
        "scale": {
          "x": 1.0,
          "y": 1.0,
          "z": 1.0
        },
        "matrix_basis": [
          [
            0.9997555017471313,
            0.021892478689551353,
            0.003106494899839163,
            0.0
          ],
          [
            -0.02203640341758728,
            0.998056173324585,
            0.05829489231109619,
            0.0
          ],
          [
            -0.0018242367077618837,
            -0.05834909528493881,
            0.9982945919036865,
            0.0
          ],
          [
            0.0,
            0.0,
            0.0,
            1.0
          ]
        ],
        "rotation_mode": "QUATERNION"
      },
      "armature_space": {
        "head": {
          "x": 0.6209560632705688,
          "y": 0.2147783637046814,
          "z": 0.46086812019348145
        },
        "tail": {
          "x": 0.6639372706413269,
          "y": 0.2011423110961914,
          "z": 0.44036775827407837
        }
      },
      "world_space": {
        "head": {
          "x": 0.6209560632705688,
          "y": 0.2780223488807678,
          "z": 1.4107221364974976
        },
        "tail": {
          "x": 0.6639372706413269,
          "y": 0.26438629627227783,
          "z": 1.3902218341827393
        },
        "rotation_quaternion": {
          "w": 0.36760392785072327,
          "x": -0.7806705832481384,
          "y": -0.47667863965034485,
          "z": -0.1679236739873886
        },
        "matrix": [
          [
            0.48915714025497437,
            0.8677171468734741,
            -0.0882740393280983,
            0.6209560632705688
          ],
          [
            0.6208012104034424,
            -0.275288462638855,
            0.7340452075004578,
            0.2780223488807678
          ],
          [
            0.6126476526260376,
            -0.4138672351837158,
            -0.6733431816101074,
            1.4107221364974976
          ],
          [
            0.0,
            0.0,
            0.0,
            1.0
          ]
        ]
      },
      "bone_length_armature_space": 0.04953373514955921,
      "parent": "lowerarm_l",
      "has_children": true,
      "is_end_bone": false
    },
    "thumb_01_l": {
      "name": "thumb_01_l",
      "local": {
        "location": {
          "x": 0.0,
          "y": 0.0,
          "z": 0.0
        },
        "rotation_quaternion": {
          "w": 0.9997771978378296,
          "x": 0.020646637305617332,
          "y": 0.0017122563440352678,
          "z": -0.004056749399751425
        },
        "scale": {
          "x": 1.0,
          "y": 1.0,
          "z": 1.0
        },
        "matrix_basis": [
          [
            0.9999611973762512,
            0.008182396180927753,
            0.003256233176216483,
            0.0
          ],
          [
            -0.008040986023843288,
            0.9991145133972168,
            -0.04129796847701073,
            0.0
          ],
          [
            -0.0035912662278860807,
            0.0412701815366745,
            0.9991415739059448,
            0.0
          ],
          [
            0.0,
            0.0,
            0.0,
            1.0
          ]
        ],
        "rotation_mode": "QUATERNION"
      },
      "armature_space": {
        "head": {
          "x": 0.6639372706413269,
          "y": 0.2011423110961914,
          "z": 0.44036775827407837
        },
        "tail": {
          "x": 0.6801475882530212,
          "y": 0.21164235472679138,
          "z": 0.4123390316963196
        }
      },
      "world_space": {
        "head": {
          "x": 0.6639372706413269,
          "y": 0.26438629627227783,
          "z": 1.3902218341827393
        },
        "tail": {
          "x": 0.6801475882530212,
          "y": 0.2748863697052002,
          "z": 1.3621931076049805
        },
        "rotation_quaternion": {
          "w": 0.7995019555091858,
          "x": -0.4585056006908417,
          "y": 0.12261626124382019,
          "z": -0.3681502640247345
        },
        "matrix": [
          [
            0.6988599896430969,
            0.476233571767807,
            0.5336632132530212,
            0.6639372706413269
          ],
          [
            -0.7011156678199768,
            0.30847498774528503,
            0.6428688168525696,
            0.26438629627227783
          ],
          [
            0.14153431355953217,
            -0.823440432548523,
            0.5494800806045532,
            1.3902218341827393
          ],
          [
            0.0,
            0.0,
            0.0,
            1.0
          ]
        ]
      },
      "bone_length_armature_space": 0.03403872592804143,
      "parent": "metacarpal_thumb_l",
      "has_children": true,
      "is_end_bone": false
    },
    "thumb_02_l": {
      "name": "thumb_02_l",
      "local": {
        "location": {
          "x": 0.0,
          "y": 0.0,
          "z": 0.0
        },
        "rotation_quaternion": {
          "w": 0.9924858808517456,
          "x": 0.12215277552604675,
          "y": -0.005580923520028591,
          "z": -0.004386578220874071
        },
        "scale": {
          "x": 1.0,
          "y": 1.0,
          "z": 1.0
        },
        "matrix_basis": [
          [
            0.9998992085456848,
            0.007343783508986235,
            -0.012149641290307045,
            0.0
          ],
          [
            -0.010070684365928173,
            0.9701189398765564,
            -0.24242085218429565,
            0.0
          ],
          [
            0.010006310418248177,
            0.24251876771450043,
            0.9700950980186462,
            0.0
          ],
          [
            0.0,
            0.0,
            0.0,
            1.0
          ]
        ],
        "rotation_mode": "QUATERNION"
      },
      "armature_space": {
        "head": {
          "x": 0.6801475286483765,
          "y": 0.21164235472679138,
          "z": 0.4123390018939972
        },
        "tail": {
          "x": 0.7189673185348511,
          "y": 0.21325147151947021,
          "z": 0.42251813411712646
        }
      },
      "world_space": {
        "head": {
          "x": 0.6801475286483765,
          "y": 0.2748863697052002,
          "z": 1.362192988395691
        },
        "tail": {
          "x": 0.7189673185348511,
          "y": 0.27649545669555664,
          "z": 1.3723721504211426
        },
        "rotation_quaternion": {
          "w": 0.7208023071289062,
          "x": 0.15536439418792725,
          "y": -0.021817108616232872,
          "z": -0.6751519441604614
        },
        "matrix": [
          [
            0.08738729357719421,
            0.9665223956108093,
            -0.24124237895011902,
            0.6801475286483765
          ],
          [
            -0.9800817370414734,
            0.040063150227069855,
            -0.19451220333576202,
            0.2748863697052002
          ],
          [
            -0.1783376932144165,
            0.25343698263168335,
            0.9507785439491272,
            1.362192988395691
          ],
          [
            0.0,
            0.0,
            0.0,
            1.0
          ]
        ]
      },
      "bone_length_armature_space": 0.0401644129948062,
      "parent": "thumb_01_l",
      "has_children": true,
      "is_end_bone": false
    },
    "thumb_03_l": {
      "name": "thumb_03_l",
      "local": {
        "location": {
          "x": 0.0,
          "y": 0.0,
          "z": 0.0
        },
        "rotation_quaternion": {
          "w": 0.9948413968086243,
          "x": 0.10114745795726776,
          "y": 0.007712386082857847,
          "z": 0.0006295045022852719
        },
        "scale": {
          "x": 1.0,
          "y": 1.0,
          "z": 1.0
        },
        "matrix_basis": [
          [
            0.9998802542686462,
            0.00030766220879741013,
            0.01547254715114832,
            0.0
          ],
          [
            0.0028126908000558615,
            0.9795376062393188,
            -0.2012416422367096,
            0.0
          ],
          [
            -0.015217856504023075,
            0.20126107335090637,
            0.9794194102287292,
            0.0
          ],
          [
            0.0,
            0.0,
            0.0,
            1.0
          ]
        ],
        "rotation_mode": "QUATERNION"
      },
      "armature_space": {
        "head": {
          "x": 0.7189672589302063,
          "y": 0.21325142681598663,
          "z": 0.4225180745124817
        },
        "tail": {
          "x": 0.7416970729827881,
          "y": 0.2140757441520691,
          "z": 0.4427559971809387
        }
      },
      "world_space": {
        "head": {
          "x": 0.7189672589302063,
          "y": 0.27649542689323425,
          "z": 1.3723721504211426
        },
        "tail": {
          "x": 0.7416970729827881,
          "y": 0.2773197293281555,
          "z": 1.3926100730895996
        },
        "rotation_quaternion": {
          "w": 0.7158140540122986,
          "x": 0.43864044547080994,
          "y": -0.03389868140220642,
          "z": -0.5422690510749817
        },
        "matrix": [
          [
            0.40958747267723083,
            0.7465887069702148,
            -0.5242551565170288,
            0.7189672589302063
          ],
          [
            -0.8060687184333801,
            0.027075916528701782,
            -0.5912024974822998,
            0.27649542689323425
          ],
          [
            -0.42719417810440063,
            0.6647396087646484,
            0.6128956079483032,
            1.3723721504211426
          ],
          [
            0.0,
            0.0,
            0.0,
            1.0
          ]
        ]
      },
      "bone_length_armature_space": 0.0304449908120691,
      "parent": "thumb_02_l",
      "has_children": false,
      "is_end_bone": true
    },
    "metacarpal_index_l": {
      "name": "metacarpal_index_l",
      "local": {
        "location": {
          "x": 0.0,
          "y": 0.0,
          "z": 0.0
        },
        "rotation_quaternion": {
          "w": 0.9989827871322632,
          "x": -0.04120427742600441,
          "y": 0.015739260241389275,
          "z": 0.009387007914483547
        },
        "scale": {
          "x": 1.0,
          "y": 1.0,
          "z": 1.0
        },
        "matrix_basis": [
          [
            0.9993283152580261,
            -0.020051969215273857,
            0.03067293018102646,
            0.0
          ],
          [
            0.01745786890387535,
            0.9964281916618347,
            0.08262021839618683,
            0.0
          ],
          [
            -0.03222006931900978,
            -0.08202923834323883,
            0.9961089491844177,
            0.0
          ],
          [
            0.0,
            0.0,
            0.0,
            1.0
          ]
        ],
        "rotation_mode": "QUATERNION"
      },
      "armature_space": {
        "head": {
          "x": 0.6209560632705688,
          "y": 0.2147783637046814,
          "z": 0.46086812019348145
        },
        "tail": {
          "x": 0.7358258962631226,
          "y": 0.19351355731487274,
          "z": 0.4518152177333832
        }
      },
      "world_space": {
        "head": {
          "x": 0.6209560632705688,
          "y": 0.2780223488807678,
          "z": 1.4107221364974976
        },
        "tail": {
          "x": 0.7358258962631226,
          "y": 0.25675755739212036,
          "z": 1.4016692638397217
        },
        "rotation_quaternion": {
          "w": 0.10109371691942215,
          "x": -0.766136646270752,
          "y": -0.6316944360733032,
          "z": -0.061456453055143356
        },
        "matrix": [
          [
            0.19437019526958466,
            0.980354368686676,
            -0.033554255962371826,
            0.6209560632705688
          ],
          [
            0.9555031061172485,
            -0.18148410320281982,
            0.2325459122657776,
            0.2780223488807678
          ],
          [
            0.22189027070999146,
            -0.07726193219423294,
            -0.9720131754875183,
            1.4107221364974976
          ],
          [
            0.0,
            0.0,
            0.0,
            1.0
          ]
        ]
      },
      "bone_length_armature_space": 0.11717177918282569,
      "parent": "lowerarm_l",
      "has_children": true,
      "is_end_bone": false
    },
    "index_01_l": {
      "name": "index_01_l",
      "local": {
        "location": {
          "x": 0.0,
          "y": 0.0,
          "z": 0.0
        },
        "rotation_quaternion": {
          "w": 0.9962608814239502,
          "x": -0.0852326974272728,
          "y": -0.01313176192343235,
          "z": 0.005217985715717077
        },
        "scale": {
          "x": 1.0,
          "y": 1.0,
          "z": 1.0
        },
        "matrix_basis": [
          [
            0.9996006488800049,
            -0.008158438839018345,
            -0.027054807171225548,
            0.0
          ],
          [
            0.012635461054742336,
            0.9854162931442261,
            0.16969096660614014,
            0.0
          ],
          [
            0.025275835767388344,
            -0.16996504366397858,
            0.9851258993148804,
            0.0
          ],
          [
            0.0,
            0.0,
            0.0,
            1.0
          ]
        ],
        "rotation_mode": "QUATERNION"
      },
      "armature_space": {
        "head": {
          "x": 0.7358258962631226,
          "y": 0.19351355731487274,
          "z": 0.4518152177333832
        },
        "tail": {
          "x": 0.7630038261413574,
          "y": 0.19564682245254517,
          "z": 0.4601746201515198
        }
      },
      "world_space": {
        "head": {
          "x": 0.7358258962631226,
          "y": 0.25675755739212036,
          "z": 1.4016692638397217
        },
        "tail": {
          "x": 0.7630038261413574,
          "y": 0.2588908076286316,
          "z": 1.4100286960601807
        },
        "rotation_quaternion": {
          "w": 0.01483682170510292,
          "x": 0.6540000438690186,
          "y": 0.7329304814338684,
          "z": 0.18675337731838226
        },
        "matrix": [
          [
            -0.1441270112991333,
            0.9531311392784119,
            0.26602402329444885,
            0.7358258962631226
          ],
          [
            0.9642154574394226,
            0.07481348514556885,
            0.2543458044528961,
            0.25675755739212036
          ],
          [
            0.2225251942873001,
            0.29316461086273193,
            -0.9298126101493835,
            1.4016692638397217
          ],
          [
            0.0,
            0.0,
            0.0,
            1.0
          ]
        ]
      },
      "bone_length_armature_space": 0.028514387188979324,
      "parent": "metacarpal_index_l",
      "has_children": true,
      "is_end_bone": false
    },
    "index_02_l": {
      "name": "index_02_l",
      "local": {
        "location": {
          "x": 0.0,
          "y": 0.0,
          "z": 0.0
        },
        "rotation_quaternion": {
          "w": 0.9785168766975403,
          "x": 0.20596736669540405,
          "y": 0.008648429997265339,
          "z": -0.002751107793301344
        },
        "scale": {
          "x": 1.0,
          "y": 1.0,
          "z": 1.0
        },
        "matrix_basis": [
          [
            0.9998352527618408,
            0.008946599438786507,
            0.015791991725564003,
            0.0
          ],
          [
            -0.001821422134526074,
            0.9151397347450256,
            -0.40313267707824707,
            0.0
          ],
          [
            -0.018058545887470245,
            0.40303748846054077,
            0.9150053262710571,
            0.0
          ],
          [
            0.0,
            0.0,
            0.0,
            1.0
          ]
        ],
        "rotation_mode": "QUATERNION"
      },
      "armature_space": {
        "head": {
          "x": 0.7630043029785156,
          "y": 0.19564668834209442,
          "z": 0.4601743817329407
        },
        "tail": {
          "x": 0.7881991863250732,
          "y": 0.20012682676315308,
          "z": 0.4583757817745209
        }
      },
      "world_space": {
        "head": {
          "x": 0.7630043029785156,
          "y": 0.25889068841934204,
          "z": 1.4100284576416016
        },
        "tail": {
          "x": 0.7881991863250732,
          "y": 0.2633708119392395,
          "z": 1.4082298278808594
        },
        "rotation_quaternion": {
          "w": 0.08733683824539185,
          "x": -0.6418086290359497,
          "y": -0.761376142501831,
          "z": -0.027577560395002365
        },
        "matrix": [
          [
            -0.16090810298919678,
            0.9821326732635498,
            -0.09759199619293213,
            0.7630043029785156
          ],
          [
            0.9724984169006348,
            0.174641951918602,
            0.15410101413726807,
            0.25889068841934204
          ],
          [
            0.16839341819286346,
            -0.07011240720748901,
            -0.9832305908203125,
            1.4100284576416016
          ],
          [
            0.0,
            0.0,
            0.0,
            1.0
          ]
        ]
      },
      "bone_length_armature_space": 0.025653240243842055,
      "parent": "index_01_l",
      "has_children": true,
      "is_end_bone": false
    },
    "index_03_l": {
      "name": "index_03_l",
      "local": {
        "location": {
          "x": 0.0,
          "y": 0.0,
          "z": 0.0
        },
        "rotation_quaternion": {
          "w": 0.9724645614624023,
          "x": 0.23300227522850037,
          "y": -0.004580811597406864,
          "z": 0.0013347325148060918
        },
        "scale": {
          "x": 1.0,
          "y": 1.0,
          "z": 1.0
        },
        "matrix_basis": [
          [
            0.9999544620513916,
            -0.004730639047920704,
            -0.00828736275434494,
            0.0
          ],
          [
            0.0004612811026163399,
            0.8914163112640381,
            -0.45318514108657837,
            0.0
          ],
          [
            0.009531345218420029,
            0.45316067337989807,
            0.8913779258728027,
            0.0
          ],
          [
            0.0,
            0.0,
            0.0,
            1.0
          ]
        ],
        "rotation_mode": "QUATERNION"
      },
      "armature_space": {
        "head": {
          "x": 0.7881991863250732,
          "y": 0.2001267820596695,
          "z": 0.4583759009838104
        },
        "tail": {
          "x": 0.8103501200675964,
          "y": 0.20983324944972992,
          "z": 0.4419790804386139
        }
      },
      "world_space": {
        "head": {
          "x": 0.7881991863250732,
          "y": 0.2633707821369171,
          "z": 1.408229947090149
        },
        "tail": {
          "x": 0.8103501200675964,
          "y": 0.27307724952697754,
          "z": 1.3918330669403076
        },
        "rotation_quaternion": {
          "w": 0.27508509159088135,
          "x": -0.5531408786773682,
          "y": -0.7683939337730408,
          "z": 0.1671351194381714
        },
        "matrix": [
          [
            -0.23672515153884888,
            0.7581086158752441,
            -0.6076452136039734,
            0.7881991863250732
          ],
          [
            0.9420132637023926,
            0.33220091462135315,
            0.04747249186038971,
            0.2633707821369171
          ],
          [
            0.23785220086574554,
            -0.5611757040023804,
            -0.7927942276000977,
            1.408229947090149
          ],
          [
            0.0,
            0.0,
            0.0,
            1.0
          ]
        ]
      },
      "bone_length_armature_space": 0.029218745485226707,
      "parent": "index_02_l",
      "has_children": false,
      "is_end_bone": true
    },
    "metacarpal_pinky_l": {
      "name": "metacarpal_pinky_l",
      "local": {
        "location": {
          "x": 0.0,
          "y": 0.0,
          "z": 0.0
        },
        "rotation_quaternion": {
          "w": 0.9997094869613647,
          "x": -0.022462481632828712,
          "y": 0.007070939987897873,
          "z": 0.0051574078388512135
        },
        "scale": {
          "x": 1.0,
          "y": 1.0,
          "z": 1.0
        },
        "matrix_basis": [
          [
            0.9998468160629272,
            -0.010629480704665184,
            0.013906075619161129,
            0.0
          ],
          [
            0.00999415758997202,
            0.9989376664161682,
            0.0449848473072052,
            0.0
          ],
          [
            -0.014369468204677105,
            -0.04483897611498833,
            0.9988908767700195,
            0.0
          ],
          [
            0.0,
            0.0,
            0.0,
            1.0
          ]
        ],
        "rotation_mode": "QUATERNION"
      },
      "armature_space": {
        "head": {
          "x": 0.6209560632705688,
          "y": 0.2147783637046814,
          "z": 0.46086812019348145
        },
        "tail": {
          "x": 0.7156952023506165,
          "y": 0.2439800649881363,
          "z": 0.4927269220352173
        }
      },
      "world_space": {
        "head": {
          "x": 0.6209560632705688,
          "y": 0.2780223488807678,
          "z": 1.4107221364974976
        },
        "tail": {
          "x": 0.7156952023506165,
          "y": 0.3072240650653839,
          "z": 1.4425809383392334
        },
        "rotation_quaternion": {
          "w": 0.7355358600616455,
          "x": 0.39954832196235657,
          "y": 0.3149665296077728,
          "z": -0.44737476110458374
        },
        "matrix": [
          [
            0.4013032913208008,
            0.9098095297813416,
            0.10584159195423126,
            0.6209560632705688
          ],
          [
            -0.406434029340744,
            0.2804330289363861,
            -0.8695797920227051,
            0.2780223488807678
          ],
          [
            -0.8208397030830383,
            0.30595001578330994,
            0.4823186695575714,
            1.4107221364974976
          ],
          [
            0.0,
            0.0,
            0.0,
            1.0
          ]
        ]
      },
      "bone_length_armature_space": 0.1041308194495508,
      "parent": "lowerarm_l",
      "has_children": true,
      "is_end_bone": false
    },
    "pinky_01_l": {
      "name": "pinky_01_l",
      "local": {
        "location": {
          "x": 0.0,
          "y": 0.0,
          "z": 0.0
        },
        "rotation_quaternion": {
          "w": 0.9999778270721436,
          "x": 0.0015268560964614153,
          "y": -0.003408732358366251,
          "z": -0.005522376392036676
        },
        "scale": {
          "x": 1.0,
          "y": 1.0,
          "z": 1.0
        },
        "matrix_basis": [
          [
            0.9999157786369324,
            0.011034098453819752,
            -0.006834177300333977,
            0.0
          ],
          [
            -0.011054917238652706,
            0.9999343156814575,
            -0.0030159959569573402,
            0.0
          ],
          [
            0.0068004499189555645,
            0.003091293154284358,
            0.9999721050262451,
            0.0
          ],
          [
            0.0,
            0.0,
            0.0,
            1.0
          ]
        ],
        "rotation_mode": "QUATERNION"
      },
      "armature_space": {
        "head": {
          "x": 0.7156952023506165,
          "y": 0.2439800649881363,
          "z": 0.4927269220352173
        },
        "tail": {
          "x": 0.7384698390960693,
