{
  "metadata": {
    "armature_name": "KIM_caucasian_male",
    "export_time": "2026-01-13T21:05:17.189490",
    "blender_version": "4.4.1",
    "bone_count": 56,
    "end_bone_count": 13,
    "spaces_included": [
      "LOCAL_CHANNELS",
      "ARMATURE_SPACE",
      "WORLD_SPACE"
    ],
    "note": "LOCAL matches Transform panel; replay pose via local.matrix_basis for best fidelity."
  },
  "bones": {
    "Root": {
      "name": "Root",
      "local": {
        "location": {
          "x": 0.0,
          "y": 0.0,
          "z": 0.0
        },
        "rotation_quaternion": {
          "w": 0.9997090101242065,
          "x": -0.0014268190134316683,
          "y": 0.005830606445670128,
          "z": -0.02336547151207924
        },
        "scale": {
          "x": 1.0,
          "y": 1.0,
          "z": 1.0
        },
        "matrix_basis": [
          [
            0.9988400936126709,
            0.04670070484280586,
            0.011724496260285378,
            0.0
          ],
          [
            -0.04673398286104202,
            0.9989040493965149,
            0.0025803379248827696,
            0.0
          ],
          [
            -0.011591142974793911,
            -0.0031252773478627205,
            0.9999279379844666,
            0.0
          ],
          [
            0.0,
            0.0,
            0.0,
            1.0
          ]
        ],
        "rotation_mode": "QUATERNION"
      },
      "armature_space": {
        "head": {
          "x": 0.0,
          "y": 0.07072800397872925,
          "z": -0.009595036506652832
        },
        "tail": {
          "x": 0.003333303378894925,
          "y": 0.00010750442743301392,
          "z": 0.0002105310559272766
        }
      },
      "world_space": {
        "head": {
          "x": 0.0,
          "y": 0.13397200405597687,
          "z": 0.9402589797973633
        },
        "tail": {
          "x": 0.003333303378894925,
          "y": 0.06335150450468063,
          "z": 0.9500645399093628
        },
        "rotation_quaternion": {
          "w": 0.06877163052558899,
          "x": 0.9973417520523071,
          "y": 0.02370518632233143,
          "z": 0.004243277944624424
        },
        "matrix": [
          [
            0.9988400936126709,
            0.04670070484280586,
            0.011724496260285378,
            0.0
          ],
          [
            0.04786797985434532,
            -0.9894170165061951,
            -0.1369769275188446,
            0.13397200405597687
          ],
          [
            0.005203578621149063,
            0.13737930357456207,
            -0.9905118942260742,
            0.9402589797973633
          ],
          [
            0.0,
            0.0,
            0.0,
            1.0
          ]
        ]
      },
      "bone_length_armature_space": 0.07137586989455344,
      "parent": null,
      "has_children": true,
      "is_end_bone": false
    },
    "spine_01": {
      "name": "spine_01",
      "local": {
        "location": {
          "x": 0.0,
          "y": 0.0,
          "z": 0.0
        },
        "rotation_quaternion": {
          "w": 0.9983161687850952,
          "x": -0.03481445461511612,
          "y": -0.03915627673268318,
          "z": 0.024893268942832947
        },
        "scale": {
          "x": 1.0,
          "y": 1.0,
          "z": 1.0
        },
        "matrix_basis": [
          [
            0.9956942200660706,
            -0.046976298093795776,
            -0.07991398125886917,
            0.0
          ],
          [
            0.052429113537073135,
            0.9963365793228149,
            0.06756220757961273,
            0.0
          ],
          [
            0.07644739747047424,
            -0.07146111875772476,
            0.9945094585418701,
            0.0
          ],
          [
            0.0,
            0.0,
            0.0,
            1.0
          ]
        ],
        "rotation_mode": "QUATERNION"
      },
      "armature_space": {
        "head": {
          "x": 0.003333303378894925,
          "y": 0.00010750442743301392,
          "z": 0.0002105310559272766
        },
        "tail": {
          "x": -0.02490388974547386,
          "y": 0.05782347172498703,
          "z": 0.4839667081832886
        }
      },
      "world_space": {
        "head": {
          "x": 0.003333303378894925,
          "y": 0.06335150450468063,
          "z": 0.9500645399093628
        },
        "tail": {
          "x": -0.02490388974547386,
          "y": 0.12106747180223465,
          "z": 1.4338207244873047
        },
        "rotation_quaternion": {
          "w": 0.7470858097076416,
          "x": 0.6638913154602051,
          "y": -0.03158550709486008,
          "z": 0.010657593607902527
        },
        "matrix": [
          [
            0.9977775812149048,
            -0.05786295607686043,
            -0.033042822033166885,
            0.003333303378894925
          ],
          [
            -0.026014011353254318,
            0.11827012896537781,
            -0.9926406741142273,
            0.06335150450468063
          ],
          [
            0.06134551018476486,
            0.9913011789321899,
            0.11650192737579346,
            0.9500645399093628
          ],
          [
            0.0,
            0.0,
            0.0,
            1.0
          ]
        ]
      },
      "bone_length_armature_space": 0.48800462242054954,
      "parent": "Root",
      "has_children": true,
      "is_end_bone": false
    },
    "neck_01": {
      "name": "neck_01",
      "local": {
        "location": {
          "x": 0.0,
          "y": 0.0,
          "z": 0.0
        },
        "rotation_quaternion": {
          "w": 0.998772144317627,
          "x": -0.023406904190778732,
          "y": -0.04023005813360214,
          "z": -0.01697308011353016
        },
        "scale": {
          "x": 1.0,
          "y": 1.0,
          "z": 1.0
        },
        "matrix_basis": [
          [
            0.9961869120597839,
            0.03578780218958855,
            -0.07956674695014954,
            0.0
          ],
          [
            -0.03202115744352341,
            0.9983280897140503,
            0.04812198504805565,
            0.0
          ],
          [
            0.08115589618682861,
            -0.045390672981739044,
            0.9956673383712769,
            0.0
          ],
          [
            0.0,
            0.0,
            0.0,
            1.0
          ]
        ],
        "rotation_mode": "QUATERNION"
      },
      "armature_space": {
        "head": {
          "x": -0.03028646484017372,
          "y": 0.032057810574769974,
          "z": 0.5605885982513428
        },
        "tail": {
          "x": -0.0333406887948513,
          "y": 0.009038729593157768,
          "z": 0.660446286201477
        }
      },
      "world_space": {
        "head": {
          "x": -0.03028646484017372,
          "y": 0.0953018069267273,
          "z": 1.5104426145553589
        },
        "tail": {
          "x": -0.0333406887948513,
          "y": 0.07228273153305054,
          "z": 1.6103003025054932
        },
        "rotation_quaternion": {
          "w": 0.6213593482971191,
          "x": 0.7820039391517639,
          "y": -0.040590547025203705,
          "z": -0.027112243697047234
        },
        "matrix": [
          [
            0.9952347278594971,
            -0.02979109063744545,
            -0.09284649044275284,
            -0.03028646484017372
          ],
          [
            -0.0971769317984581,
            -0.22452965378761292,
            -0.9696099162101746,
            0.0953018069267273
          ],
          [
            0.008038923144340515,
            0.974018394947052,
            -0.22635717689990997,
            1.5104426145553589
          ],
          [
            0.0,
            0.0,
            0.0,
            1.0
          ]
        ]
      },
      "bone_length_armature_space": 0.10252201946376983,
      "parent": "spine_01",
      "has_children": true,
      "is_end_bone": false
    },
    "head": {
      "name": "head",
      "local": {
        "location": {
          "x": 0.0,
          "y": 0.0,
          "z": 0.0
        },
        "rotation_quaternion": {
          "w": 0.9804545044898987,
          "x": 0.05167612060904503,
          "y": 0.011666848324239254,
          "z": 0.18947990238666534
        },
        "scale": {
          "x": 1.0,
          "y": 1.0,
          "z": 1.0
        },
        "matrix_basis": [
          [
            0.9279224872589111,
            -0.3703470528125763,
            0.04246079921722412,
            0.0
          ],
          [
            0.3727586567401886,
            0.9228538870811462,
            -0.09691090136766434,
            0.0
          ],
          [
            -0.0032944553531706333,
            0.10575343668460846,
            0.9943869113922119,
            0.0
          ],
          [
            0.0,
            0.0,
            0.0,
            1.0
          ]
        ],
        "rotation_mode": "QUATERNION"
      },
      "armature_space": {
        "head": {
          "x": -0.0333406999707222,
          "y": 0.009038593620061874,
          "z": 0.6604461669921875
        },
        "tail": {
          "x": -0.0913943350315094,
          "y": 0.018845507875084877,
          "z": 0.8039274215698242
        }
      },
      "world_space": {
        "head": {
          "x": -0.0333406999707222,
          "y": 0.07228259742259979,
          "z": 1.6103001832962036
        },
        "tail": {
          "x": -0.0913943350315094,
          "y": 0.08208950608968735,
          "z": 1.7537814378738403
        },
        "rotation_quaternion": {
          "w": 0.7129868268966675,
          "x": 0.6740849614143372,
          "y": -0.15253233909606934,
          "z": 0.1182926818728447
        },
        "matrix": [
          [
            0.9254816770553589,
            -0.37432172894477844,
            -0.05802656710147858,
            -0.0333406999707222
          ],
          [
            -0.03695482388138771,
            0.06323361396789551,
            -0.997314453125,
            0.07228259742259979
          ],
          [
            0.3769882619380951,
            0.9251470565795898,
            0.0446879044175148,
            1.6103001832962036
          ],
          [
            0.0,
            0.0,
            0.0,
            1.0
          ]
        ]
      },
      "bone_length_armature_space": 0.15509116891010646,
      "parent": "neck_01",
      "has_children": false,
      "is_end_bone": true
    },
    "upperarm_l": {
      "name": "upperarm_l",
      "local": {
        "location": {
          "x": 0.0,
          "y": 0.0,
          "z": 0.0
        },
        "rotation_quaternion": {
          "w": 0.7365326881408691,
          "x": 0.22142581641674042,
          "y": 0.47105103731155396,
          "z": 0.43197348713874817
        },
        "scale": {
          "x": 1.0,
          "y": 1.0,
          "z": 1.0
        },
        "matrix_basis": [
          [
            0.18301965296268463,
            -0.42771947383880615,
            0.8851891160011292,
            0.0
          ],
          [
            0.84493088722229,
            0.5287390351295471,
            0.08078841120004654,
            0.0
          ],
          [
            -0.5025888085365295,
            0.733137845993042,
            0.4581630527973175,
            0.0
          ],
          [
            0.0,
            0.0,
            0.0,
            1.0
          ]
        ],
        "rotation_mode": "QUATERNION"
      },
      "armature_space": {
        "head": {
          "x": 0.1231636330485344,
          "y": 0.017041385173797607,
          "z": 0.5035388469696045
        },
        "tail": {
          "x": 0.2620163857936859,
          "y": -0.16632483899593353,
          "z": 0.6410327553749084
        }
      },
      "world_space": {
        "head": {
          "x": 0.1231636330485344,
          "y": 0.08028538525104523,
          "z": 1.4533928632736206
        },
        "tail": {
          "x": 0.2620163857936859,
          "y": -0.10308083891868591,
          "z": 1.5908868312835693
        },
        "rotation_quaternion": {
          "w": 0.28653523325920105,
          "x": 0.9173948764801025,
          "y": 0.2752402126789093,
          "z": -0.022961264476180077
        },
        "matrix": [
          [
            0.8474310040473938,
            0.5181664228439331,
            0.1156039610505104,
            0.1231636330485344
          ],
          [
            0.4918500483036041,
            -0.6842803955078125,
            -0.5383716225624084,
            0.08028538525104523
          ],
          [
            -0.1998615562915802,
            0.513095498085022,
            -0.8347468376159668,
            1.4533928632736206
          ],
          [
            0.0,
            0.0,
            0.0,
            1.0
          ]
        ]
      },
      "bone_length_armature_space": 0.2679698367138506,
      "parent": "spine_01",
      "has_children": true,
      "is_end_bone": false
    },
    "lowerarm_l": {
      "name": "lowerarm_l",
      "local": {
        "location": {
          "x": 0.0,
          "y": 0.0,
          "z": 0.0
        },
        "rotation_quaternion": {
          "w": 0.9488369226455688,
          "x": 0.3117762804031372,
          "y": 0.022899027913808823,
          "z": 0.04449532553553581
        },
        "scale": {
          "x": 1.0,
          "y": 1.0,
          "z": 1.0
        },
        "matrix_basis": [
          [
            0.9949916005134583,
            -0.07015886902809143,
            0.07120005786418915,
            0.0
          ],
          [
            0.0987163633108139,
            0.8016314506530762,
            -0.5896118879318237,
            0.0
          ],
          [
            -0.015709713101387024,
            0.5936874747276306,
            0.8045423626899719,
            0.0
          ],
          [
            0.0,
            0.0,
            0.0,
            1.0
          ]
        ],
        "rotation_mode": "QUATERNION"
      },
      "armature_space": {
        "head": {
          "x": 0.2620163559913635,
          "y": -0.16632498800754547,
          "z": 0.6410327553749084
        },
        "tail": {
          "x": 0.33497247099876404,
          "y": -0.42069411277770996,
          "z": 0.6017500758171082
        }
      },
      "world_space": {
        "head": {
          "x": 0.2620163559913635,
          "y": -0.10308098793029785,
          "z": 1.5908868312835693
        },
        "tail": {
          "x": 0.33497247099876404,
          "y": -0.35745012760162354,
          "z": 1.5516040325164795
        },
        "rotation_quaternion": {
          "w": 0.05592704191803932,
          "x": -0.9793956279754639,
          "y": -0.14649006724357605,
          "z": 0.1272677332162857
        },
        "matrix": [
          [
            0.9246870875358582,
            0.2727082073688507,
            -0.2656765282154083,
            0.2620163559913635
          ],
          [
            0.301178902387619,
            -0.9508256912231445,
            0.07226163148880005,
            -0.10308098793029785
          ],
          [
            -0.23290708661079407,
            -0.14683765172958374,
            -0.9613567590713501,
            1.5908868312835693
          ],
          [
            0.0,
            0.0,
            0.0,
            1.0
          ]
        ]
      },
      "bone_length_armature_space": 0.2675245441962191,
      "parent": "upperarm_l",
      "has_children": true,
      "is_end_bone": false
    },
    "metacarpal_thumb_l": {
      "name": "metacarpal_thumb_l",
      "local": {
        "location": {
          "x": 0.0,
          "y": 0.0,
          "z": 0.0
        },
        "rotation_quaternion": {
          "w": 0.9995983242988586,
          "x": -0.02450384758412838,
          "y": -0.011723078787326813,
          "z": -0.008081912063062191
        },
        "scale": {
          "x": 1.0,
          "y": 1.0,
          "z": 1.0
        },
        "matrix_basis": [
          [
            0.999594509601593,
            0.016731852665543556,
            -0.023040663450956345,
            0.0
          ],
          [
            -0.015582810156047344,
            0.9986684918403625,
            0.04917750135064125,
            0.0
          ],
          [
            0.023832816630601883,
            -0.04879852011799812,
            0.9985242486000061,
            0.0
          ],
          [
            0.0,
            0.0,
            0.0,
            1.0
          ]
        ],
        "rotation_mode": "QUATERNION"
      },
      "armature_space": {
        "head": {
          "x": 0.33497247099876404,
          "y": -0.42069411277770996,
          "z": 0.6017500758171082
        },
        "tail": {
          "x": 0.344482958316803,
          "y": -0.4545694887638092,
          "z": 0.566884458065033
        }
      },
      "world_space": {
        "head": {
          "x": 0.33497247099876404,
          "y": -0.35745012760162354,
          "z": 1.5516040325164795
        },
        "tail": {
          "x": 0.344482958316803,
          "y": -0.3913254737854004,
          "z": 1.5167384147644043
        },
        "rotation_quaternion": {
          "w": 0.37754589319229126,
          "x": -0.7649965286254883,
          "y": 0.12456625699996948,
          "z": -0.5066779851913452
        },
        "matrix": [
          [
            0.455522745847702,
            0.1920006275177002,
            0.8692725300788879,
            0.33497247099876404
          ],
          [
            -0.5731728672981262,
            -0.683885931968689,
            0.4514118731021881,
            -0.35745012760162354
          ],
          [
            0.6811587810516357,
            -0.7038773894309998,
            -0.2014770209789276,
            1.5516040325164795
          ],
          [
            0.0,
            0.0,
            0.0,
            1.0
          ]
        ]
      },
      "bone_length_armature_space": 0.049533845242693816,
      "parent": "lowerarm_l",
      "has_children": true,
      "is_end_bone": false
    },
    "thumb_01_l": {
      "name": "thumb_01_l",
      "local": {
        "location": {
          "x": 0.0,
          "y": 0.0,
          "z": 0.0
        },
        "rotation_quaternion": {
          "w": 0.9973703622817993,
          "x": -0.0710141584277153,
          "y": -0.014406351372599602,
          "z": -0.0013892219867557287
        },
        "scale": {
          "x": 1.0,
          "y": 1.0,
          "z": 1.0
        },
        "matrix_basis": [
          [
            0.9995810389518738,
            0.00481724739074707,
            -0.02853962779045105,
            0.0
          ],
          [
            -0.0007250278140418231,
            0.9899101257324219,
            0.14169485867023468,
            0.0
          ],
          [
            0.028934244066476822,
            -0.14161480963230133,
            0.9894989132881165,
            0.0
          ],
          [
            0.0,
            0.0,
            0.0,
            1.0
          ]
        ],
        "rotation_mode": "QUATERNION"
      },
      "armature_space": {
        "head": {
          "x": 0.344482958316803,
          "y": -0.4545694887638092,
          "z": 0.566884458065033
        },
        "tail": {
          "x": 0.36591339111328125,
          "y": -0.45347267389297485,
          "z": 0.5404615998268127
        }
      },
      "world_space": {
        "head": {
          "x": 0.344482958316803,
          "y": -0.3913254737854004,
          "z": 1.5167384147644043
        },
        "tail": {
          "x": 0.36591339111328125,
          "y": -0.3902286887168884,
          "z": 1.4903156757354736
        },
        "rotation_quaternion": {
          "w": 0.5283448696136475,
          "x": -0.10041778534650803,
          "y": 0.486787885427475,
          "z": -0.6883354187011719
        },
        "matrix": [
          [
            -0.4215329587459564,
            0.6295922994613647,
            0.6526282429695129,
            0.344482958316803
          ],
          [
            -0.825123131275177,
            0.03222285583615303,
            -0.5640330910682678,
            -0.3913254737854004
          ],
          [
            -0.3761436343193054,
            -0.7762625217437744,
            0.5059110522270203,
            1.5167384147644043
          ],
          [
            0.0,
            0.0,
            0.0,
            1.0
          ]
        ]
      },
      "bone_length_armature_space": 0.03403871144110779,
      "parent": "metacarpal_thumb_l",
      "has_children": true,
      "is_end_bone": false
    },
    "thumb_02_l": {
      "name": "thumb_02_l",
      "local": {
        "location": {
          "x": 0.0,
          "y": 0.0,
          "z": 0.0
        },
        "rotation_quaternion": {
          "w": 0.994504988193512,
          "x": 0.10449795424938202,
          "y": 0.004144910257309675,
          "z": 0.004787244368344545
        },
        "scale": {
          "x": 1.0,
          "y": 1.0,
          "z": 1.0
        },
        "matrix_basis": [
          [
            0.9999198317527771,
            -0.0086556077003479,
            0.009244781918823719,
            0.0
          ],
          [
            0.0103881461545825,
            0.9781145453453064,
            -0.20780779421329498,
            0.0
          ],
          [
            -0.007243753410875797,
            0.20788715779781342,
            0.9781259894371033,
            0.0
          ],
          [
            0.0,
            0.0,
            0.0,
            1.0
          ]
        ],
        "rotation_mode": "QUATERNION"
      },
      "armature_space": {
        "head": {
          "x": 0.36591336131095886,
          "y": -0.4534726142883301,
          "z": 0.5404615998268127
        },
        "tail": {
          "x": 0.38006630539894104,
          "y": -0.4906473755836487,
          "z": 0.5349019169807434
        }
      },
      "world_space": {
        "head": {
          "x": 0.36591336131095886,
          "y": -0.39022862911224365,
          "z": 1.4903156757354736
        },
        "tail": {
          "x": 0.38006630539894104,
          "y": -0.42740339040756226,
          "z": 1.4847559928894043
        },
        "rotation_quaternion": {
          "w": 0.15301625430583954,
          "x": 0.2716328799724579,
          "y": 0.11748777329921722,
          "z": -0.9428670406341553
        },
        "matrix": [
          [
            -0.8056034445762634,
            0.3523752689361572,
            -0.47627198696136475,
            0.36591336131095886
          ],
          [
            -0.2247212529182434,
            -0.925565242767334,
            -0.3046790361404419,
            -0.39022862911224365
          ],
          [
            -0.5481860637664795,
            -0.13842375576496124,
            0.8248299956321716,
            1.4903156757354736
          ],
          [
            0.0,
            0.0,
            0.0,
            1.0
          ]
        ]
      },
      "bone_length_armature_space": 0.04016439734759728,
      "parent": "thumb_01_l",
      "has_children": true,
      "is_end_bone": false
    },
    "thumb_03_l": {
      "name": "thumb_03_l",
      "local": {
        "location": {
          "x": 0.0,
          "y": 0.0,
          "z": 0.0
        },
        "rotation_quaternion": {
          "w": 0.997626543045044,
          "x": 0.06810371577739716,
          "y": 0.009405983611941338,
          "z": 0.003836322110146284
        },
        "scale": {
          "x": 1.0,
          "y": 1.0,
          "z": 1.0
        },
        "matrix_basis": [
          [
            0.9997936487197876,
            -0.0063732685521245,
            0.019289853051304817,
            0.0
          ],
          [
            0.008935598656535149,
            0.9906943440437317,
            -0.13581198453903198,
            0.0
          ],
          [
            -0.018244782462716103,
            0.1359563171863556,
            0.9905468225479126,
            0.0
          ],
          [
            0.0,
            0.0,
            0.0,
            1.0
          ]
        ],
        "rotation_mode": "QUATERNION"
      },
      "armature_space": {
        "head": {
          "x": 0.38006627559661865,
          "y": -0.4906473159790039,
          "z": 0.5349017977714539
        },
        "tail": {
          "x": 0.38692769408226013,
          "y": -0.5192358493804932,
          "z": 0.5428081154823303
        }
      },
      "world_space": {
        "head": {
          "x": 0.38006627559661865,
          "y": -0.4274033308029175,
          "z": 1.4847557544708252
        },
        "tail": {
          "x": 0.38692769408226013,
          "y": -0.45599186420440674,
          "z": 1.4926621913909912
        },
        "rotation_quaternion": {
          "w": 0.16486144065856934,
          "x": 0.4895574748516083,
          "y": -0.05751620978116989,
          "z": -0.8543103337287903
        },
        "matrix": [
          [
            -0.46630844473838806,
            0.2253718078136444,
            -0.8554322719573975,
            0.38006627559661865
          ],
          [
            -0.33800116181373596,
            -0.9390249252319336,
            -0.06314586848020554,
            -0.4274033308029175
          ],
          [
            -0.8175092935562134,
            0.25969257950782776,
            0.5140545964241028,
            1.4847557544708252
          ],
          [
            0.0,
            0.0,
            0.0,
            1.0
          ]
        ]
      },
      "bone_length_armature_space": 0.030444920234266,
      "parent": "thumb_02_l",
      "has_children": false,
      "is_end_bone": true
    },
    "metacarpal_index_l": {
      "name": "metacarpal_index_l",
      "local": {
        "location": {
          "x": 0.0,
          "y": 0.0,
          "z": 0.0
        },
        "rotation_quaternion": {
          "w": 0.999443531036377,
          "x": -0.03188448026776314,
          "y": -0.0072770495899021626,
          "z": 0.006572372280061245
        },
        "scale": {
          "x": 1.0,
          "y": 1.0,
          "z": 1.0
        },
        "matrix_basis": [
          [
            0.9998077154159546,
            -0.012673379853367805,
            -0.014965113252401352,
            0.0
          ],
          [
            0.013601480051875114,
            0.9978803396224976,
            0.06363782286643982,
            0.0
          ],
          [
            0.014126886613667011,
            -0.06382913142442703,
            0.997860848903656,
            0.0
          ],
          [
            0.0,
            0.0,
            0.0,
            1.0
          ]
        ],
        "rotation_mode": "QUATERNION"
      },
      "armature_space": {
        "head": {
          "x": 0.33497247099876404,
          "y": -0.42069411277770996,
          "z": 0.6017500758171082
        },
        "tail": {
          "x": 0.3559987545013428,
          "y": -0.5255940556526184,
          "z": 0.5539677143096924
        }
      },
      "world_space": {
        "head": {
          "x": 0.33497247099876404,
          "y": -0.35745012760162354,
          "z": 1.5516040325164795
        },
        "tail": {
          "x": 0.3559987545013428,
          "y": -0.462350070476532,
          "z": 1.5038217306137085
        },
        "rotation_quaternion": {
          "w": 0.22768263518810272,
          "x": -0.925864040851593,
          "y": -0.022967321798205376,
          "z": -0.3006809651851654
        },
        "matrix": [
          [
            0.8181272149085999,
            0.17944850027561188,
            0.5463204979896545,
            0.33497247099876404
          ],
          [
            -0.09438994526863098,
            -0.8952666521072388,
            0.435417115688324,
            -0.35745012760162354
          ],
          [
            0.5672413110733032,
            -0.40779757499694824,
            -0.7155084013938904,
            1.5516040325164795
          ],
          [
            0.0,
            0.0,
            0.0,
            1.0
          ]
        ]
      },
      "bone_length_armature_space": 0.1171719111067698,
      "parent": "lowerarm_l",
      "has_children": true,
      "is_end_bone": false
    },
    "index_01_l": {
      "name": "index_01_l",
      "local": {
        "location": {
          "x": 0.0,
          "y": 0.0,
          "z": 0.0
        },
        "rotation_quaternion": {
          "w": 0.9965229034423828,
          "x": -0.08022881299257278,
          "y": -0.020965810865163803,
          "z": -0.008121035993099213
        },
        "scale": {
          "x": 1.0,
          "y": 1.0,
          "z": 1.0
        },
        "matrix_basis": [
          [
            0.9989889860153198,
            0.019549721851944923,
            -0.040482740849256516,
            0.0
          ],
          [
            -0.012821472249925137,
            0.986994743347168,
            0.16024023294448853,
            0.0
          ],
          [
            0.04308890178799629,
            -0.15955917537212372,
            0.9862475395202637,
            0.0
          ],
          [
            0.0,
            0.0,
            0.0,
            1.0
          ]
        ],
        "rotation_mode": "QUATERNION"
      },
      "armature_space": {
        "head": {
          "x": 0.3559987545013428,
          "y": -0.5255940556526184,
          "z": 0.5539677143096924
        },
        "tail": {
          "x": 0.3641848564147949,
          "y": -0.5528821349143982,
          "z": 0.5551584959030151
        }
      },
      "world_space": {
        "head": {
          "x": 0.3559987545013428,
          "y": -0.462350070476532,
          "z": 1.5038217306137085
        },
        "tail": {
          "x": 0.3641848564147949,
          "y": -0.48963814973831177,
          "z": 1.5050125122070312
        },
        "rotation_quaternion": {
          "w": 0.03101111389696598,
          "x": -0.9266335368156433,
          "y": -0.14332234859466553,
          "z": -0.3461897075176239
        },
        "matrix": [
          [
            0.7192227840423584,
            0.2870863974094391,
            0.6326926350593567,
            0.3559987545013428
          ],
          [
            0.244143545627594,
            -0.956993818283081,
            0.1567053645849228,
            -0.462350070476532
          ],
          [
            0.6504758596420288,
            0.04176101088523865,
            -0.7583872079849243,
            1.5038217306137085
          ],
          [
            0.0,
            0.0,
            0.0,
            1.0
          ]
        ]
      },
      "bone_length_armature_space": 0.028514373296277373,
      "parent": "metacarpal_index_l",
      "has_children": true,
      "is_end_bone": false
    },
    "index_02_l": {
      "name": "index_02_l",
      "local": {
        "location": {
          "x": 0.0,
          "y": 0.0,
          "z": 0.0
        },
        "rotation_quaternion": {
          "w": 0.9995662569999695,
          "x": 0.02846892736852169,
          "y": -0.006939110346138477,
          "z": 0.0029537356458604336
        },
        "scale": {
          "x": 1.0,
          "y": 1.0,
          "z": 1.0
        },
        "matrix_basis": [
          [
            0.9998862743377686,
            -0.006300006993114948,
            -0.013704021461308002,
            0.0
          ],
          [
            0.005509810987859964,
            0.9983615875244141,
            -0.05695414915680885,
            0.0
          ],
          [
            0.014040380716323853,
            0.0568721666932106,
            0.9982827305793762,
            0.0
          ],
          [
            0.0,
            0.0,
            0.0,
            1.0
          ]
        ],
        "rotation_mode": "QUATERNION"
      },
      "armature_space": {
        "head": {
          "x": 0.3641849756240845,
          "y": -0.5528824925422668,
          "z": 0.5551581382751465
        },
        "tail": {
          "x": 0.37228885293006897,
          "y": -0.5772016048431396,
          "z": 0.556156575679779
        }
      },
      "world_space": {
        "head": {
          "x": 0.3641849756240845,
          "y": -0.4896385073661804,
          "z": 1.5050121545791626
        },
        "tail": {
          "x": 0.37228885293006897,
          "y": -0.5139576196670532,
          "z": 1.5060105323791504
        },
        "rotation_quaternion": {
          "w": 0.031150780618190765,
          "x": -0.9377423524856567,
          "y": -0.1582176387310028,
          "z": -0.30762985348701477
        },
        "matrix": [
          [
            0.7606621384620667,
            0.31590086221694946,
            0.5670976042747498,
            0.3641849756240845
          ],
          [
            0.2775692343711853,
            -0.9479933381080627,
            0.1557677686214447,
            -0.4896385073661804
          ],
          [
            0.5868165493011475,
            0.038921453058719635,
            -0.8087926506996155,
            1.5050121545791626
          ],
          [
            0.0,
            0.0,
            0.0,
            1.0
          ]
        ]
      },
      "bone_length_armature_space": 0.025653244176953808,
      "parent": "index_01_l",
      "has_children": true,
      "is_end_bone": false
    },
    "index_03_l": {
      "name": "index_03_l",
      "local": {
        "location": {
          "x": 0.0,
          "y": 0.0,
          "z": 0.0
        },
        "rotation_quaternion": {
          "w": 0.9988627433776855,
          "x": 0.04692714661359787,
          "y": -0.008364365436136723,
          "z": 0.001034325105138123
        },
        "scale": {
          "x": 1.0,
          "y": 1.0,
          "z": 1.0
        },
        "matrix_basis": [
          [
            0.9998579621315002,
            -0.002851329278200865,
            -0.01661263033747673,
            0.0
          ],
          [
            0.0012812659842893481,
            0.9955935478210449,
            -0.09376485645771027,
            0.0
          ],
          [
            0.01680678129196167,
            0.09373025596141815,
            0.9954557418823242,
            0.0
          ],
          [
            0.0,
            0.0,
            0.0,
            1.0
          ]
        ],
        "rotation_mode": "QUATERNION"
      },
      "armature_space": {
        "head": {
          "x": 0.3722887635231018,
          "y": -0.5772016048431396,
          "z": 0.5561566948890686
        },
        "tail": {
          "x": 0.38640856742858887,
          "y": -0.6027348041534424,
          "z": 0.55460125207901
        }
      },
      "world_space": {
        "head": {
          "x": 0.3722887635231018,
          "y": -0.5139576196670532,
          "z": 1.5060107707977295
        },
        "tail": {
          "x": 0.38640856742858887,
          "y": -0.539490818977356,
          "z": 1.504455327987671
        },
        "rotation_quaternion": {
          "w": 0.10756275802850723,
          "x": -0.9148085713386536,
          "y": -0.2269308716058731,
          "z": -0.31631970405578613
        },
        "matrix": [
          [
            0.6968886256217957,
            0.4832454323768616,
            0.5299246907234192,
            0.3722887635231018
          ],
          [
            0.347148597240448,
            -0.8738648295402527,
            0.3403640389442444,
            -0.5139576196670532
          ],
          [
            0.6275669932365417,
            -0.0532345175743103,
            -0.7767494916915894,
            1.5060107707977295
          ],
          [
            0.0,
            0.0,
            0.0,
            1.0
          ]
        ]
      },
      "bone_length_armature_space": 0.029218701549297378,
      "parent": "index_02_l",
      "has_children": false,
      "is_end_bone": true
    },
    "metacarpal_pinky_l": {
      "name": "metacarpal_pinky_l",
      "local": {
        "location": {
          "x": 0.0,
          "y": 0.0,
          "z": 0.0
        },
        "rotation_quaternion": {
          "w": 0.9997949004173279,
          "x": -0.01630813628435135,
          "y": 0.009667457081377506,
          "z": -0.0071222130209207535
        },
        "scale": {
          "x": 1.0,
          "y": 1.0,
          "z": 1.0
        },
        "matrix_basis": [
          [
            0.9997116327285767,
            0.013926188461482525,
            0.01956324838101864,
            0.0
          ],
          [
            -0.014556820504367352,
            0.9993666410446167,
            0.032471876591444016,
            0.0
          ],
          [
            -0.01909864880144596,
            -0.0327472910284996,
            0.9992811679840088,
            0.0
          ],
          [
            0.0,
            0.0,
            0.0,
            1.0
          ]
        ],
        "rotation_mode": "QUATERNION"
      },
      "armature_space": {
        "head": {
          "x": 0.33497247099876404,
          "y": -0.42069411277770996,
          "z": 0.6017500758171082
        },
        "tail": {
          "x": 0.37422892451286316,
          "y": -0.5160648226737976,
          "z": 0.6161226034164429
        }
      },
      "world_space": {
        "head": {
          "x": 0.33497247099876404,
          "y": -0.35745012760162354,
          "z": 1.5516040325164795
        },
        "tail": {
          "x": 0.37422892451286316,
          "y": -0.4528208374977112,
          "z": 1.565976619720459
        },
        "rotation_quaternion": {
          "w": 0.18267370760440826,
          "x": 0.7175324559211731,
          "y": 0.09323641657829285,
          "z": -0.665645956993103
        },
        "matrix": [
          [
            0.0964449793100357,
            0.37699198722839355,
            -0.9211814999580383,
            0.33497247099876404
          ],
          [
            -0.10939212888479233,
            -0.915874719619751,
            -0.38627323508262634,
            -0.35745012760162354
          ],
          [
            -0.9893156886100769,
            0.13802401721477509,
            -0.04709230363368988,
            1.5516040325164795
          ],
          [
            0.0,
            0.0,
            0.0,
            1.0
          ]
        ]
      },
      "bone_length_armature_space": 0.10413073804719578,
      "parent": "lowerarm_l",
      "has_children": true,
      "is_end_bone": false
    },
    "pinky_01_l": {
      "name": "pinky_01_l",
      "local": {
        "location": {
          "x": 0.0,
          "y": 0.0,
          "z": 0.0
        },
        "rotation_quaternion": {
          "w": 0.9952545166015625,
          "x": -0.0952666699886322,
          "y": 0.016529981046915054,
          "z": 0.010935892350971699
        },
        "scale": {
          "x": 1.0,
          "y": 1.0,
          "z": 1.0
        },
        "matrix_basis": [
          [
            0.9992143511772156,
            -0.02491750568151474,
            0.030819425359368324,
            0.0
          ],
          [
            0.018618479371070862,
            0.9816093444824219,
            0.18999071419239044,
            0.0
          ],
          [
            -0.03498672693967819,
            -0.1892676204442978,
            0.98130202293396,
            0.0
          ],
          [
            0.0,
            0.0,
            0.0,
            1.0
          ]
        ],
        "rotation_mode": "QUATERNION"
      },
      "armature_space": {
        "head": {
          "x": 0.37422892451286316,
          "y": -0.5160648226737976,
          "z": 0.6161226034164429
        },
        "tail": {
          "x": 0.37966737151145935,
