{
  "metadata": {
    "armature_name": "KIM_caucasian_male",
    "export_time": "2026-01-13T21:04:04.019276",
    "blender_version": "4.4.1",
    "bone_count": 56,
    "end_bone_count": 13,
    "spaces_included": [
      "LOCAL_CHANNELS",
      "ARMATURE_SPACE",
      "WORLD_SPACE"
    ],
    "note": "LOCAL matches Transform panel; replay pose via local.matrix_basis for best fidelity."
  },
  "bones": {
    "Root": {
      "name": "Root",
      "local": {
        "location": {
          "x": 0.0,
          "y": 0.0,
          "z": 0.0
        },
        "rotation_quaternion": {
          "w": 0.9996763467788696,
          "x": -6.686747656203806e-05,
          "y": -0.015059211291372776,
          "z": 0.020506104454398155
        },
        "scale": {
          "x": 1.0,
          "y": 1.0,
          "z": 1.0
        },
        "matrix_basis": [
          [
            0.9987054467201233,
            -0.04099692031741142,
            -0.030111417174339294,
            0.0
          ],
          [
            0.04100094735622406,
            0.9991589784622192,
            -0.00048391983727924526,
            0.0
          ],
          [
            0.03010593168437481,
            -0.0007513032178394496,
            0.9995464086532593,
            0.0
          ],
          [
            0.0,
            0.0,
            0.0,
            1.0
          ]
        ],
        "rotation_mode": "QUATERNION"
      },
      "armature_space": {
        "head": {
          "x": 0.0,
          "y": 0.07072800397872925,
          "z": -0.009595036506652832
        },
        "tail": {
          "x": -0.002926190849393606,
          "y": 6.669014692306519e-05,
          "z": 4.506949335336685e-05
        }
      },
      "world_space": {
        "head": {
          "x": 0.0,
          "y": 0.13397200405597687,
          "z": 0.9402589797973633
        },
        "tail": {
          "x": -0.002926190849393606,
          "y": 0.06331069022417068,
          "z": 0.9498990774154663
        },
        "rotation_quaternion": {
          "w": 0.06741257011890411,
          "x": 0.9974007606506348,
          "y": -0.021474026143550873,
          "z": -0.013643547892570496
        },
        "matrix": [
          [
            0.9987054467201233,
            -0.04099692031741142,
            -0.030111417174339294,
            0.0
          ],
          [
            -0.04467591643333435,
            -0.9899888038635254,
            -0.13388918340206146,
            0.13397200405597687
          ],
          [
            -0.02432113140821457,
            0.1350611299276352,
            -0.9905457496643066,
            0.9402589797973633
          ],
          [
            0.0,
            0.0,
            0.0,
            1.0
          ]
        ]
      },
      "bone_length_armature_space": 0.07137587635491313,
      "parent": null,
      "has_children": true,
      "is_end_bone": false
    },
    "spine_01": {
      "name": "spine_01",
      "local": {
        "location": {
          "x": 0.0,
          "y": 0.0,
          "z": 0.0
        },
        "rotation_quaternion": {
          "w": 0.9993443489074707,
          "x": -0.024438757449388504,
          "y": 0.005884467624127865,
          "z": 0.026059355586767197
        },
        "scale": {
          "x": 1.0,
          "y": 1.0,
          "z": 1.0
        },
        "matrix_basis": [
          [
            0.998572587966919,
            -0.05237215757369995,
            0.010487502440810204,
            0.0
          ],
          [
            0.05179692059755325,
            0.9974473118782043,
            0.049152158200740814,
            0.0
          ],
          [
            -0.013034935109317303,
            -0.048538777977228165,
            0.9987362623214722,
            0.0
          ],
          [
            0.0,
            0.0,
            0.0,
            1.0
          ]
        ],
        "rotation_mode": "QUATERNION"
      },
      "armature_space": {
        "head": {
          "x": -0.002926190849393606,
          "y": 6.669014692306519e-05,
          "z": 4.506949335336685e-05
        },
        "tail": {
          "x": -0.014576094225049019,
          "y": 0.04737439379096031,
          "z": 0.48561155796051025
        }
      },
      "world_space": {
        "head": {
          "x": -0.002926190849393606,
          "y": 0.06331069022417068,
          "z": 0.9498990774154663
        },
        "tail": {
          "x": -0.014576094225049019,
          "y": 0.11061839759349823,
          "z": 1.4354655742645264
        },
        "rotation_quaternion": {
          "w": 0.7403247356414795,
          "x": 0.6719568967819214,
          "y": -0.01974821835756302,
          "z": -0.0018013803055509925
        },
        "matrix": [
          [
            0.9992135763168335,
            -0.02387269213795662,
            -0.031660933047533035,
            -0.002926190849393606
          ],
          [
            -0.029206950217485428,
            0.09694176912307739,
            -0.9948614835739136,
            0.06331069022417068
          ],
          [
            0.026819447055459023,
            0.9950107932090759,
            0.09616805613040924,
            0.9498990774154663
          ],
          [
            0.0,
            0.0,
            0.0,
            1.0
          ]
        ]
      },
      "bone_length_armature_space": 0.48800468146259357,
      "parent": "Root",
      "has_children": true,
      "is_end_bone": false
    },
    "neck_01": {
      "name": "neck_01",
      "local": {
        "location": {
          "x": 0.0,
          "y": 0.0,
          "z": 0.0
        },
        "rotation_quaternion": {
          "w": 0.9940488338470459,
          "x": -0.035714276134967804,
          "y": 0.07625401020050049,
          "z": -0.06911367177963257
        },
        "scale": {
          "x": 1.0,
          "y": 1.0,
          "z": 1.0
        },
        "matrix_basis": [
          [
            0.9788172245025635,
            0.1319580227136612,
            0.15653711557388306,
            0.0
          ],
          [
            -0.14285144209861755,
            0.9878956079483032,
            0.0604630783200264,
            0.0
          ],
          [
            -0.14666372537612915,
            -0.08154385536909103,
            0.9858196377754211,
            0.0
          ],
          [
            0.0,
            0.0,
            0.0,
            1.0
          ]
        ],
        "rotation_mode": "QUATERNION"
      },
      "armature_space": {
        "head": {
          "x": -0.017422031611204147,
          "y": 0.019970085471868515,
          "z": 0.5617998838424683
        },
        "tail": {
          "x": -0.0071758367121219635,
          "y": -0.001643296331167221,
          "z": 0.6614925861358643
        }
      },
      "world_space": {
        "head": {
          "x": -0.017422031611204147,
          "y": 0.08321408927440643,
          "z": 1.5116539001464844
        },
        "tail": {
          "x": -0.0071758367121219635,
          "y": 0.0616007037460804,
          "z": 1.6113466024398804
        },
        "rotation_quaternion": {
          "w": 0.622951328754425,
          "x": 0.7778074145317078,
          "y": 0.08076068758964539,
          "z": 0.02062002755701542
        },
        "matrix": [
          [
            0.9861050248146057,
            0.09994207322597504,
            0.13269725441932678,
            -0.017422031611204147
          ],
          [
            0.15132355690002441,
            -0.21081838011741638,
            -0.9657418131828308,
            0.08321408927440643
          ],
          [
            -0.06854353845119476,
            0.9724094271659851,
            -0.22301509976387024,
            1.5116539001464844
          ],
          [
            0.0,
            0.0,
            0.0,
            1.0
          ]
        ]
      },
      "bone_length_armature_space": 0.10252198651164277,
      "parent": "spine_01",
      "has_children": true,
      "is_end_bone": false
    },
    "head": {
      "name": "head",
      "local": {
        "location": {
          "x": 0.0,
          "y": 0.0,
          "z": 0.0
        },
        "rotation_quaternion": {
          "w": 0.9960010051727295,
          "x": -0.08790752291679382,
          "y": -0.0104895094409585,
          "z": -0.0120105454698205
        },
        "scale": {
          "x": 1.0,
          "y": 1.0,
          "z": 1.0
        },
        "matrix_basis": [
          [
            0.9994914531707764,
            0.025769244879484177,
            -0.018783489242196083,
            0.0
          ],
          [
            -0.022080816328525543,
            0.9842560291290283,
            0.1753639280796051,
            0.0
          ],
          [
            0.023006757721304893,
            -0.17485998570919037,
            0.9843244552612305,
            0.0
          ],
          [
            0.0,
            0.0,
            0.0,
            1.0
          ]
        ],
        "rotation_mode": "QUATERNION"
      },
      "armature_space": {
        "head": {
          "x": -0.007175823673605919,
          "y": -0.001643432304263115,
          "z": 0.6614924669265747
        },
        "tail": {
          "x": -0.0006803851574659348,
          "y": 0.0487205907702446,
          "z": 0.8080345392227173
        }
      },
      "world_space": {
        "head": {
          "x": -0.007175823673605919,
          "y": 0.061600565910339355,
          "z": 1.6113464832305908
        },
        "tail": {
          "x": -0.0006803851574659348,
          "y": 0.11196459084749222,
          "z": 1.7578885555267334
        },
        "rotation_quaternion": {
          "w": 0.8107745051383972,
          "x": 0.5805268883705139,
          "y": 0.0708133652806282,
          "z": 0.024875231087207794
        },
        "matrix": [
          [
            0.9887335300445557,
            0.041881680488586426,
            0.1437085121870041,
            -0.007175823673605919
          ],
          [
            0.1225542351603508,
            0.3247401714324951,
            -0.9378297924995422,
            0.061600565910339355
          ],
          [
            -0.08594628423452377,
            0.9448826313018799,
            0.3159499764442444,
            1.6113464832305908
          ],
          [
            0.0,
            0.0,
            0.0,
            1.0
          ]
        ]
      },
      "bone_length_armature_space": 0.15509127989702265,
      "parent": "neck_01",
      "has_children": false,
      "is_end_bone": true
    },
    "upperarm_l": {
      "name": "upperarm_l",
      "local": {
        "location": {
          "x": 0.0,
          "y": 0.0,
          "z": 0.0
        },
        "rotation_quaternion": {
          "w": 0.9596391320228577,
          "x": -0.15667885541915894,
          "y": -0.14781825244426727,
          "z": 0.18081553280353546
        },
        "scale": {
          "x": 1.0,
          "y": 1.0,
          "z": 1.0
        },
        "matrix_basis": [
          [
            0.8909110426902771,
            -0.3007153272628784,
            -0.3403643071651459,
            0.0
          ],
          [
            0.3933553099632263,
            0.8855149745941162,
            0.2472546547651291,
            0.0
          ],
          [
            0.22704441845417023,
            -0.3541660010814667,
            0.9072030186653137,
            0.0
          ],
          [
            0.0,
            0.0,
            0.0,
            1.0
          ]
        ],
        "rotation_mode": "QUATERNION"
      },
      "armature_space": {
        "head": {
          "x": 0.133963480591774,
          "y": 0.005901064723730087,
          "z": 0.49925702810287476
        },
        "tail": {
          "x": 0.3703901767730713,
          "y": 0.1082044243812561,
          "z": 0.5730414390563965
        }
      },
      "world_space": {
        "head": {
          "x": 0.133963480591774,
          "y": 0.069145068526268,
          "z": 1.449110984802246
        },
        "tail": {
          "x": 0.3703901767730713,
          "y": 0.17144842445850372,
          "z": 1.5228954553604126
        },
        "rotation_quaternion": {
          "w": 0.7388967275619507,
          "x": 0.3903118968009949,
          "y": 0.38068103790283203,
          "z": -0.3959423005580902
        },
        "matrix": [
          [
            0.3966231048107147,
            0.8822898268699646,
            0.2534852623939514,
            0.133963480591774
          ],
          [
            -0.2879541516304016,
            0.381772518157959,
            -0.878255307674408,
            0.069145068526268
          ],
          [
            -0.8716558218002319,
            0.27534645795822144,
            0.40548086166381836,
            1.449110984802246
          ],
          [
            0.0,
            0.0,
            0.0,
            1.0
          ]
        ]
      },
      "bone_length_armature_space": 0.26796958474176585,
      "parent": "spine_01",
      "has_children": true,
      "is_end_bone": false
    },
    "lowerarm_l": {
      "name": "lowerarm_l",
      "local": {
        "location": {
          "x": 0.0,
          "y": 0.0,
          "z": 0.0
        },
        "rotation_quaternion": {
          "w": 0.9245376586914062,
          "x": 0.2755041718482971,
          "y": 0.10192622244358063,
          "z": -0.24277301132678986
        },
        "scale": {
          "x": 1.0,
          "y": 1.0,
          "z": 1.0
        },
        "matrix_basis": [
          [
            0.8613446354866028,
            0.505067765712738,
            0.054699305444955826,
            0.0
          ],
          [
            -0.39274337887763977,
            0.7303174138069153,
            -0.5589178204536438,
            0.0
          ],
          [
            -0.3222392201423645,
            0.45993807911872864,
            0.8274170160293579,
            0.0
          ],
          [
            0.0,
            0.0,
            0.0,
            1.0
          ]
        ],
        "rotation_mode": "QUATERNION"
      },
      "armature_space": {
        "head": {
          "x": 0.37039023637771606,
          "y": 0.10820445418357849,
          "z": 0.5730416178703308
        },
        "tail": {
          "x": 0.6162211894989014,
          "y": 0.006324790418148041,
          "z": 0.6005557775497437
        }
      },
      "world_space": {
        "head": {
          "x": 0.37039023637771606,
          "y": 0.1714484542608261,
          "z": 1.5228955745697021
        },
        "tail": {
          "x": 0.6162211894989014,
          "y": 0.06956879049539566,
          "z": 1.5504097938537598
        },
        "rotation_quaternion": {
          "w": 0.4476008713245392,
          "x": 0.5648624300956726,
          "y": 0.3305164873600006,
          "z": -0.6093790531158447
        },
        "matrix": [
          [
            0.0388328991830349,
            0.918910026550293,
            -0.39255061745643616,
            0.37039023637771606
          ],
          [
            -0.1721246838569641,
            -0.38082370162010193,
            -0.9084858894348145,
            0.1714484542608261
          ],
          [
            -0.9843165874481201,
            0.10284717381000519,
            0.14337891340255737,
            1.5228955745697021
          ],
          [
            0.0,
            0.0,
            0.0,
            1.0
          ]
        ]
      },
      "bone_length_armature_space": 0.26752449230367775,
      "parent": "upperarm_l",
      "has_children": true,
      "is_end_bone": false
    },
    "metacarpal_thumb_l": {
      "name": "metacarpal_thumb_l",
      "local": {
        "location": {
          "x": 0.0,
          "y": 0.0,
          "z": 0.0
        },
        "rotation_quaternion": {
          "w": 0.9989633560180664,
          "x": -0.04454967752099037,
          "y": 0.007869970984756947,
          "z": 0.005067056510597467
        },
        "scale": {
          "x": 1.0,
          "y": 1.0,
          "z": 1.0
        },
        "matrix_basis": [
          [
            0.9998247623443604,
            -0.010824817232787609,
            0.015272153541445732,
            0.0
          ],
          [
            0.009422398172318935,
            0.9959793090820312,
            0.08908674865961075,
            0.0
          ],
          [
            -0.016175096854567528,
            -0.0889272391796112,
            0.9959067702293396,
            0.0
          ],
          [
            0.0,
            0.0,
            0.0,
            1.0
          ]
        ],
        "rotation_mode": "QUATERNION"
      },
      "armature_space": {
        "head": {
          "x": 0.6162211894989014,
          "y": 0.006324790418148041,
          "z": 0.6005557775497437
        },
        "tail": {
          "x": 0.6409515142440796,
          "y": -0.036430876702070236,
          "z": 0.6042905449867249
        }
      },
      "world_space": {
        "head": {
          "x": 0.6162211894989014,
          "y": 0.06956879049539566,
          "z": 1.5504097938537598
        },
        "tail": {
          "x": 0.6409515142440796,
          "y": 0.026813123375177383,
          "z": 1.5541446208953857
        },
        "rotation_quaternion": {
          "w": 0.05041259154677391,
          "x": 0.9642482995986938,
          "y": 0.256664514541626,
          "z": -0.042510438710451126
        },
        "matrix": [
          [
            0.8646321892738342,
            0.49926266074180603,
            -0.05610283091664314,
            0.6162211894989014
          ],
          [
            0.4906904995441437,
            -0.8631637692451477,
            -0.11904286593198776,
            0.06956879049539566
          ],
          [
            -0.1078600138425827,
            0.07539898157119751,
            -0.9913098812103271,
            1.5504097938537598
          ],
          [
            0.0,
            0.0,
            0.0,
            1.0
          ]
        ]
      },
      "bone_length_armature_space": 0.04953367063773295,
      "parent": "lowerarm_l",
      "has_children": true,
      "is_end_bone": false
    },
    "thumb_01_l": {
      "name": "thumb_01_l",
      "local": {
        "location": {
          "x": 0.0,
          "y": 0.0,
          "z": 0.0
        },
        "rotation_quaternion": {
          "w": 0.9958713054656982,
          "x": 0.08945097774267197,
          "y": -0.009722502902150154,
          "z": 0.012019787915050983
        },
        "scale": {
          "x": 1.0,
          "y": 1.0,
          "z": 1.0
        },
        "matrix_basis": [
          [
            0.9995219707489014,
            -0.0256796982139349,
            -0.01721435971558094,
            0.0
          ],
          [
            0.022200949490070343,
            0.9837080836296082,
            -0.1783970445394516,
            0.0
          ],
          [
            0.02151508629322052,
            0.1779295951128006,
            0.9838079810142517,
            0.0
          ],
          [
            0.0,
            0.0,
            0.0,
            1.0
          ]
        ],
        "rotation_mode": "QUATERNION"
      },
      "armature_space": {
        "head": {
          "x": 0.6409515142440796,
          "y": -0.036430876702070236,
          "z": 0.6042905449867249
        },
        "tail": {
          "x": 0.6521555185317993,
          "y": -0.05750861391425133,
          "z": 0.5800246596336365
        }
      },
      "world_space": {
        "head": {
          "x": 0.6409515142440796,
          "y": 0.026813123375177383,
          "z": 1.5541446208953857
        },
        "tail": {
          "x": 0.6521555185317993,
          "y": 0.005735386162996292,
          "z": 1.5298786163330078
        },
        "rotation_quaternion": {
          "w": 0.4281710088253021,
          "x": -0.7290224432945251,
          "y": 0.08399463444948196,
          "z": -0.5273905992507935
        },
        "matrix": [
          [
            0.4296097755432129,
            0.3291565179824829,
            0.8408870697021484,
            0.6409515142440796
          ],
          [
            -0.5740931630134583,
            -0.6192308664321899,
            0.5356960296630859,
            0.026813123375177383
          ],
          [
            0.6970354914665222,
            -0.7128936052322388,
            -0.07706131786108017,
            1.5541446208953857
          ],
          [
            0.0,
            0.0,
            0.0,
            1.0
          ]
        ]
      },
      "bone_length_armature_space": 0.034038711927067276,
      "parent": "metacarpal_thumb_l",
      "has_children": true,
      "is_end_bone": false
    },
    "thumb_02_l": {
      "name": "thumb_02_l",
      "local": {
        "location": {
          "x": 0.0,
          "y": 0.0,
          "z": 0.0
        },
        "rotation_quaternion": {
          "w": 0.9878448247909546,
          "x": 0.15542426705360413,
          "y": -0.0009443858871236444,
          "z": 0.0022625934798270464
        },
        "scale": {
          "x": 1.0,
          "y": 1.0,
          "z": 1.0
        },
        "matrix_basis": [
          [
            0.9999879598617554,
            -0.004763743374496698,
            -0.0011624895269051194,
            0.0
          ],
          [
            0.004176621325314045,
            0.9516763687133789,
            -0.3070743978023529,
            0.0
          ],
          [
            0.0025691373739391565,
            0.30706584453582764,
            0.951684832572937,
            0.0
          ],
          [
            0.0,
            0.0,
            0.0,
            1.0
          ]
        ],
        "rotation_mode": "QUATERNION"
      },
      "armature_space": {
        "head": {
          "x": 0.6521554589271545,
          "y": -0.05750861018896103,
          "z": 0.5800246596336365
        },
        "tail": {
          "x": 0.6903521418571472,
          "y": -0.06300897151231766,
          "z": 0.5911574363708496
        }
      },
      "world_space": {
        "head": {
          "x": 0.6521554589271545,
          "y": 0.005735389888286591,
          "z": 1.5298786163330078
        },
        "tail": {
          "x": 0.6903521418571472,
          "y": 0.00023502856492996216,
          "z": 1.5410114526748657
        },
        "rotation_quaternion": {
          "w": 0.5697310566902161,
          "x": -0.17735688388347626,
          "y": -0.3270052373409271,
          "z": -0.7328157424926758
        },
        "matrix": [
          [
            -0.28790122270584106,
            0.9510086178779602,
            -0.112672820687294,
            0.6521554589271545
          ],
          [
            -0.7190232872962952,
            -0.13694611191749573,
            0.6813599467277527,
            0.005735389888286591
          ],
          [
            0.632552981376648,
            0.2771804630756378,
            0.7232301831245422,
            1.5298786163330078
          ],
          [
            0.0,
            0.0,
            0.0,
            1.0
          ]
        ]
      },
      "bone_length_armature_space": 0.040164402646363354,
      "parent": "thumb_01_l",
      "has_children": true,
      "is_end_bone": false
    },
    "thumb_03_l": {
      "name": "thumb_03_l",
      "local": {
        "location": {
          "x": 0.0,
          "y": 0.0,
          "z": 0.0
        },
        "rotation_quaternion": {
          "w": 0.9967484474182129,
          "x": 0.08025335520505905,
          "y": -0.005731879733502865,
          "z": 0.004386732820421457
        },
        "scale": {
          "x": 1.0,
          "y": 1.0,
          "z": 1.0
        },
        "matrix_basis": [
          [
            0.9998958110809326,
            -0.009664943441748619,
            -0.010722384788095951,
            0.0
          ],
          [
            0.007824933156371117,
            0.9870803356170654,
            -0.16003510355949402,
            0.0
          ],
          [
            0.012130584567785263,
            0.15993452072143555,
            0.9870530962944031,
            0.0
          ],
          [
            0.0,
            0.0,
            0.0,
            1.0
          ]
        ],
        "rotation_mode": "QUATERNION"
      },
      "armature_space": {
        "head": {
          "x": 0.6903520822525024,
          "y": -0.06300904601812363,
          "z": 0.5911574363708496
        },
        "tail": {
          "x": 0.7160254716873169,
          "y": -0.055852316319942474,
          "z": 0.605873167514801
        }
      },
      "world_space": {
        "head": {
          "x": 0.6903520822525024,
          "y": 0.00023495405912399292,
          "z": 1.5410114526748657
        },
        "tail": {
          "x": 0.7160254716873169,
          "y": 0.007391683757305145,
          "z": 1.555727243423462
        },
        "rotation_quaternion": {
          "w": 0.7110506892204285,
          "x": 0.049832671880722046,
          "y": -0.33457982540130615,
          "z": -0.6164252758026123
        },
        "matrix": [
          [
            0.016150299459695816,
            0.8432741165161133,
            -0.5372406244277954,
            0.6903520822525024
          ],
          [
            -0.9099644422531128,
            0.23507165908813477,
            0.34162285923957825,
            0.00023495405912399292
          ],
          [
            0.41437387466430664,
            0.4833561182022095,
            0.7711520195007324,
            1.5410114526748657
          ],
          [
            0.0,
            0.0,
            0.0,
            1.0
          ]
        ]
      },
      "bone_length_armature_space": 0.03044494156389947,
      "parent": "thumb_02_l",
      "has_children": false,
      "is_end_bone": true
    },
    "metacarpal_index_l": {
      "name": "metacarpal_index_l",
      "local": {
        "location": {
          "x": 0.0,
          "y": 0.0,
          "z": 0.0
        },
        "rotation_quaternion": {
          "w": 0.9999567270278931,
          "x": -0.0015546176582574844,
          "y": -0.00875747762620449,
          "z": 0.0027457759715616703
        },
        "scale": {
          "x": 1.0,
          "y": 1.0,
          "z": 1.0
        },
        "matrix_basis": [
          [
            0.9998315572738647,
            -0.005464085377752781,
            -0.01752273552119732,
            0.0
          ],
          [
            0.005518543533980846,
            0.999980092048645,
            0.0030610086396336555,
            0.0
          ],
          [
            0.01750566065311432,
            -0.0031571928411722183,
            0.9998418092727661,
            0.0
          ],
          [
            0.0,
            0.0,
            0.0,
            1.0
          ]
        ],
        "rotation_mode": "QUATERNION"
      },
      "armature_space": {
        "head": {
          "x": 0.6162211894989014,
          "y": 0.006324790418148041,
          "z": 0.6005557775497437
        },
        "tail": {
          "x": 0.7046058177947998,
          "y": -0.06974097341299057,
          "z": 0.6120173335075378
        }
      },
      "world_space": {
        "head": {
          "x": 0.6162211894989014,
          "y": 0.06956879049539566,
          "z": 1.5504097938537598
        },
        "tail": {
          "x": 0.7046058177947998,
          "y": -0.0064969733357429504,
          "z": 1.5618712902069092
        },
        "rotation_quaternion": {
          "w": 0.19349780678749084,
          "x": 0.8526102304458618,
          "y": 0.3714393079280853,
          "z": -0.31248578429222107
        },
        "matrix": [
          [
            0.528770387172699,
            0.7543171644210815,
            -0.3891104459762573,
            0.6162211894989014
          ],
          [
            0.5124555826187134,
            -0.6491818428039551,
            -0.5620965361595154,
            0.06956879049539566
          ],
          [
            -0.6766070127487183,
            0.09781831502914429,
            -0.729827880859375,
            1.5504097938537598
          ],
          [
            0.0,
            0.0,
            0.0,
            1.0
          ]
        ]
      },
      "bone_length_armature_space": 0.11717171177705343,
      "parent": "lowerarm_l",
      "has_children": true,
      "is_end_bone": false
    },
    "index_01_l": {
      "name": "index_01_l",
      "local": {
        "location": {
          "x": 0.0,
          "y": 0.0,
          "z": 0.0
        },
        "rotation_quaternion": {
          "w": 0.9988088011741638,
          "x": -0.04530883580446243,
          "y": -0.016921266913414,
          "z": -0.006468747276812792
        },
        "scale": {
          "x": 1.0,
          "y": 1.0,
          "z": 1.0
        },
        "matrix_basis": [
          [
            0.9993436336517334,
            0.01445544883608818,
            -0.03321603685617447,
            0.0
          ],
          [
            -0.011388717219233513,
            0.9958105087280273,
            0.09072864800691605,
            0.0
          ],
          [
            0.034388404339551926,
            -0.09029080718755722,
            0.9953215718269348,
            0.0
          ],
          [
            0.0,
            0.0,
            0.0,
            1.0
          ]
        ],
        "rotation_mode": "QUATERNION"
      },
      "armature_space": {
        "head": {
          "x": 0.7046058177947998,
          "y": -0.06974097341299057,
          "z": 0.6120173335075378
        },
        "tail": {
          "x": 0.731928825378418,
          "y": -0.07788775861263275,
          "z": 0.6124058961868286
        }
      },
      "world_space": {
        "head": {
          "x": 0.7046058177947998,
          "y": -0.0064969733357429504,
          "z": 1.5618712902069092
        },
        "tail": {
          "x": 0.731928825378418,
          "y": -0.014643758535385132,
          "z": 1.5622599124908447
        },
        "rotation_quaternion": {
          "w": 0.2253912389278412,
          "x": 0.7467966079711914,
          "y": 0.5534831881523132,
          "z": -0.29180464148521423
        },
        "matrix": [
          [
            0.2170117050409317,
            0.958219587802887,
            -0.18633441627025604,
            0.7046058177947998
          ],
          [
            0.6951383948326111,
            -0.285707950592041,
            -0.6596619486808777,
            -0.0064969733357429504
          ],
          [
            -0.6853426098823547,
            0.013625949621200562,
            -0.7281030416488647,
            1.5618712902069092
          ],
          [
            0.0,
            0.0,
            0.0,
            1.0
          ]
        ]
      },
      "bone_length_armature_space": 0.028514343903093358,
      "parent": "metacarpal_index_l",
      "has_children": true,
      "is_end_bone": false
    },
    "index_02_l": {
      "name": "index_02_l",
      "local": {
        "location": {
          "x": 0.0,
          "y": 0.0,
          "z": 0.0
        },
        "rotation_quaternion": {
          "w": 0.9825537800788879,
          "x": 0.18587829172611237,
          "y": -0.001317079528234899,
          "z": -0.00597394909709692
        },
        "scale": {
          "x": 1.0,
          "y": 1.0,
          "z": 1.0
        },
        "matrix_basis": [
          [
            0.9999251365661621,
            0.01124981977045536,
            -0.004809057805687189,
            0.0
          ],
          [
            -0.01222908589988947,
            0.9308271408081055,
            -0.36525508761405945,
            0.0
          ],
          [
            0.0003673480241559446,
            0.36528655886650085,
            0.9308950304985046,
            0.0
          ],
          [
            0.0,
            0.0,
            0.0,
            1.0
          ]
        ],
        "rotation_mode": "QUATERNION"
      },
      "armature_space": {
        "head": {
          "x": 0.7319291234016418,
          "y": -0.07788823544979095,
          "z": 0.6124057769775391
        },
        "tail": {
          "x": 0.7536061406135559,
          "y": -0.09013740718364716,
          "z": 0.606228768825531
        }
      },
      "world_space": {
        "head": {
          "x": 0.7319291234016418,
          "y": -0.014644235372543335,
          "z": 1.5622597932815552
        },
        "tail": {
          "x": 0.7536061406135559,
          "y": -0.026893407106399536,
          "z": 1.5560827255249023
        },
        "rotation_quaternion": {
          "w": 0.11208348721265793,
          "x": 0.7548285722732544,
          "y": 0.49868953227996826,
          "z": -0.4110718071460724
        },
        "matrix": [
          [
            0.1646558940410614,
            0.845000147819519,
            -0.5087852478027344,
            0.7319291234016418
          ],
          [
            0.6607010960578918,
            -0.4774898886680603,
            -0.5792044401168823,
            -0.014644235372543335
          ],
          [
            -0.7323724031448364,
            -0.24078777432441711,
            -0.6369192600250244,
            1.5622597932815552
          ],
          [
            0.0,
            0.0,
            0.0,
            1.0
          ]
        ]
      },
      "bone_length_armature_space": 0.025653278741778723,
      "parent": "index_01_l",
      "has_children": true,
      "is_end_bone": false
    },
    "index_03_l": {
      "name": "index_03_l",
      "local": {
        "location": {
          "x": 0.0,
          "y": 0.0,
          "z": 0.0
        },
        "rotation_quaternion": {
          "w": 0.97654789686203,
          "x": 0.21527589857578278,
          "y": -0.00033459742553532124,
          "z": -0.0032219202257692814
        },
        "scale": {
          "x": 1.0,
          "y": 1.0,
          "z": 1.0
        },
        "matrix_basis": [
          [
            0.9999790191650391,
            0.0061486572958528996,
            -0.0020407044794410467,
            0.0
          ],
          [
            -0.00643678056076169,
            0.907291829586029,
            -0.4204522967338562,
            0.0
          ],
          [
            -0.0007337027345784009,
            0.4204566180706024,
            0.9073123335838318,
            0.0
          ],
          [
            0.0,
            0.0,
            0.0,
            1.0
          ]
        ],
        "rotation_mode": "QUATERNION"
      },
      "armature_space": {
        "head": {
          "x": 0.7536062002182007,
          "y": -0.09013734012842178,
          "z": 0.6062289476394653
        },
        "tail": {
          "x": 0.7680072784423828,
          "y": -0.10829387605190277,
          "z": 0.5884333252906799
        }
      },
      "world_space": {
        "head": {
          "x": 0.7536062002182007,
          "y": -0.026893340051174164,
          "z": 1.5560829639434814
        },
        "tail": {
          "x": 0.7680072784423828,
          "y": -0.04504987597465515,
          "z": 1.5382874011993408
        },
        "rotation_quaternion": {
          "w": 0.12225768715143204,
          "x": -0.7402612566947937,
          "y": -0.41755443811416626,
          "z": 0.5125570297241211
        },
        "matrix": [
          [
            0.1258658468723297,
            0.49287325143814087,
            -0.860948920249939,
            0.7536062002182007
          ],
          [
            0.7435270547866821,
            -0.6214015483856201,
            -0.24703839421272278,
            -0.026893340051174164
          ],
          [
            -0.656757652759552,
            -0.6090502142906189,
            -0.44468119740486145,
            1.5560829639434814
          ],
          [
            0.0,
            0.0,
            0.0,
            1.0
          ]
        ]
      },
      "bone_length_armature_space": 0.029218744115634444,
      "parent": "index_02_l",
      "has_children": false,
      "is_end_bone": true
    },
    "metacarpal_pinky_l": {
      "name": "metacarpal_pinky_l",
      "local": {
        "location": {
          "x": 0.0,
          "y": 0.0,
          "z": 0.0
        },
        "rotation_quaternion": {
          "w": 0.9995073676109314,
          "x": -0.027686091139912605,
          "y": 0.000869248528033495,
          "z": -0.014760967344045639
        },
        "scale": {
          "x": 1.0,
          "y": 1.0,
          "z": 1.0
        },
        "matrix_basis": [
          [
            0.9995627403259277,
            0.029459258541464806,
            0.00255498755723238,
            0.0
          ],
          [
            -0.02955552376806736,
            0.9980311989784241,
            0.05531924217939377,
            0.0
          ],
          [
            -0.0009202936198562384,
            -0.05537056550383568,
            0.9984654784202576,
            0.0
          ],
          [
            0.0,
            0.0,
            0.0,
            1.0
          ]
        ],
        "rotation_mode": "QUATERNION"
      },
      "armature_space": {
        "head": {
          "x": 0.6162211894989014,
          "y": 0.006324790418148041,
          "z": 0.6005557775497437
        },
        "tail": {
          "x": 0.7196989059448242,
          "y": -0.00528142973780632,
          "z": 0.5996257066726685
        }
      },
      "world_space": {
        "head": {
          "x": 0.6162211894989014,
          "y": 0.06956879049539566,
          "z": 1.5504097938537598
        },
        "tail": {
          "x": 0.7196989059448242,
          "y": 0.0579625703394413,
          "z": 1.5494797229766846
        },
        "rotation_quaternion": {
          "w": 0.6654329299926758,
          "x": 0.03618936240673065,
          "y": 0.038339123129844666,
          "z": -0.7445935010910034
        },
        "matrix": [
          [
            -0.11177852749824524,
            0.9937288165092468,
            -0.002867523580789566,
            0.6162211894989014
          ],
          [
            -0.9881793260574341,
            -0.11145813763141632,
            -0.10525694489479065,
            0.06956879049539566
          ],
          [
            -0.104917973279953,
            -0.008932027965784073,
            0.9944479465484619,
            1.5504097938537598
          ],
          [
            0.0,
            0.0,
            0.0,
            1.0
          ]
        ]
      },
      "bone_length_armature_space": 0.10413072362081617,
      "parent": "lowerarm_l",
      "has_children": true,
      "is_end_bone": false
    },
    "pinky_01_l": {
      "name": "pinky_01_l",
      "local": {
        "location": {
          "x": 0.0,
          "y": 0.0,
          "z": 0.0
        },
        "rotation_quaternion": {
          "w": 0.9997920989990234,
          "x": 0.009634923189878464,
          "y": -0.013439945876598358,
          "z": -0.011929387226700783
        },
        "scale": {
          "x": 1.0,
          "y": 1.0,
          "z": 1.0
        },
        "matrix_basis": [
          [
            0.9993541240692139,
            0.023594828322529793,
            -0.027104180306196213,
            0.0
          ],
          [
            -0.024112800136208534,
            0.9995297193527222,
            -0.018945179879665375,
            0.0
          ],
          [
            0.026644425466656685,
            0.019586501643061638,
            0.999453067779541,
            0.0
          ],
          [
            0.0,
            0.0,
            0.0,
            1.0
          ]
        ],
        "rotation_mode": "QUATERNION"
      },
      "armature_space": {
        "head": {
          "x": 0.7196989059448242,
          "y": -0.00528142973780632,
