{
  "metadata": {
    "armature_name": "KIM_caucasian_male",
    "export_time": "2026-01-13T20:25:44.349292",
    "blender_version": "4.4.1",
    "bone_count": 56,
    "end_bone_count": 13,
    "spaces_included": [
      "LOCAL_CHANNELS",
      "ARMATURE_SPACE",
      "WORLD_SPACE"
    ],
    "note": "LOCAL matches Transform panel; replay pose via local.matrix_basis for best fidelity."
  },
  "bones": {
    "Root": {
      "name": "Root",
      "local": {
        "location": {
          "x": 0.0,
          "y": 0.0,
          "z": 0.0
        },
        "rotation_quaternion": {
          "w": 0.9998485445976257,
          "x": -0.010498112067580223,
          "y": -0.012673302553594112,
          "z": -0.005674770101904869
        },
        "scale": {
          "x": 1.0,
          "y": 1.0,
          "z": 1.0
        },
        "matrix_basis": [
          [
            0.9996143579483032,
            0.011613912880420685,
            -0.025223618373274803,
            0.0
          ],
          [
            -0.011081730015575886,
            0.9997151494026184,
            0.021136879920959473,
            0.0
          ],
          [
            0.025461915880441666,
            -0.020849207416176796,
            0.999458372592926,
            0.0
          ],
          [
            0.0,
            0.0,
            0.0,
            1.0
          ]
        ],
        "rotation_mode": "QUATERNION"
      },
      "armature_space": {
        "head": {
          "x": 0.0,
          "y": 0.07072800397872925,
          "z": -0.009595036506652832
        },
        "tail": {
          "x": 0.0008289531106129289,
          "y": 0.00022019445896148682,
          "z": 0.0014718994498252869
        }
      },
      "world_space": {
        "head": {
          "x": 0.0,
          "y": 0.13397200405597687,
          "z": 0.9402589797973633
        },
        "tail": {
          "x": 0.0008289531106129289,
          "y": 0.0634641945362091,
          "z": 0.9513258934020996
        },
        "rotation_quaternion": {
          "w": 0.0778317078948021,
          "x": 0.9968698024749756,
          "y": 0.0048081050626933575,
          "z": -0.013026812113821507
        },
        "matrix": [
          [
            0.9996143579483032,
            0.011613912880420685,
            -0.025223618373274803,
            0.0
          ],
          [
            0.007558305747807026,
            -0.9878381490707397,
            -0.15530191361904144,
            0.13397200405597687
          ],
          [
            -0.026720695197582245,
            0.15505149960517883,
            -0.9875520467758179,
            0.9402589797973633
          ],
          [
            0.0,
            0.0,
            0.0,
            1.0
          ]
        ]
      },
      "bone_length_armature_space": 0.07137587295271194,
      "parent": null,
      "has_children": true,
      "is_end_bone": false
    },
    "spine_01": {
      "name": "spine_01",
      "local": {
        "location": {
          "x": 0.0,
          "y": 0.0,
          "z": 0.0
        },
        "rotation_quaternion": {
          "w": 0.9959573745727539,
          "x": 0.07968445867300034,
          "y": -0.036425065249204636,
          "z": -0.019814252853393555
        },
        "scale": {
          "x": 1.0,
          "y": 1.0,
          "z": 1.0
        },
        "matrix_basis": [
          [
            0.9965612292289734,
            0.03366328030824661,
            -0.07571340352296829,
            0.0
          ],
          [
            -0.045273326337337494,
            0.9865155816078186,
            -0.15728117525577545,
            0.0
          ],
          [
            0.06939785182476044,
            0.1601681262254715,
            0.9846472144126892,
            0.0
          ],
          [
            0.0,
            0.0,
            0.0,
            1.0
          ]
        ],
        "rotation_mode": "QUATERNION"
      },
      "armature_space": {
        "head": {
          "x": 0.0008289531106129289,
          "y": 0.00022019445896148682,
          "z": 0.0014718994498252869
        },
        "tail": {
          "x": 0.030569104477763176,
          "y": -0.04499507322907448,
          "z": 0.48646634817123413
        }
      },
      "world_space": {
        "head": {
          "x": 0.0008289531106129289,
          "y": 0.0634641945362091,
          "z": 0.9513258934020996
        },
        "tail": {
          "x": 0.030569104477763176,
          "y": 0.01824892684817314,
          "z": 1.4363203048706055
        },
        "rotation_quaternion": {
          "w": 0.6735511422157288,
          "x": 0.7376651763916016,
          "y": -0.0012983782216906548,
          "z": -0.046661876142024994
        },
        "matrix": [
          [
            0.9956419467926025,
            0.06094278022646904,
            -0.07059027254581451,
            0.0008289531106129289
          ],
          [
            -0.06477342545986176,
            -0.09265400469303131,
            -0.9935893416404724,
            0.0634641945362091
          ],
          [
            -0.06709308922290802,
            0.9938385486602783,
            -0.08830428123474121,
            0.9513258934020996
          ],
          [
            0.0,
            0.0,
            0.0,
            1.0
          ]
        ]
      },
      "bone_length_armature_space": 0.48800462063139655,
      "parent": "Root",
      "has_children": true,
      "is_end_bone": false
    },
    "neck_01": {
      "name": "neck_01",
      "local": {
        "location": {
          "x": 0.0,
          "y": 0.0,
          "z": 0.0
        },
        "rotation_quaternion": {
          "w": 0.9971612095832825,
          "x": 0.07057007402181625,
          "y": 0.005346450489014387,
          "z": 0.02570897713303566
        },
        "scale": {
          "x": 1.0,
          "y": 1.0,
          "z": 1.0
        },
        "matrix_basis": [
          [
            0.9986209273338318,
            -0.05051739141345024,
            0.01429111510515213,
            0.0
          ],
          [
            0.05202658846974373,
            0.9887178540229797,
            -0.14046457409858704,
            0.0
          ],
          [
            -0.0070339771918952465,
            0.14101438224315643,
            0.989982545375824,
            0.0
          ],
          [
            0.0,
            0.0,
            0.0,
            1.0
          ]
        ],
        "rotation_mode": "QUATERNION"
      },
      "armature_space": {
        "head": {
          "x": 0.03258313983678818,
          "y": -0.08623717725276947,
          "z": 0.5561712384223938
        },
        "tail": {
          "x": 0.029119567945599556,
          "y": -0.1456199586391449,
          "z": 0.6396721601486206
        }
      },
      "world_space": {
        "head": {
          "x": 0.03258313983678818,
          "y": -0.02299317717552185,
          "z": 1.5060253143310547
        },
        "tail": {
          "x": 0.029119567945599556,
          "y": -0.08237595856189728,
          "z": 1.5895261764526367
        },
        "rotation_quaternion": {
          "w": 0.45747894048690796,
          "x": 0.8881755471229553,
          "y": -0.03318246826529503,
          "z": -0.027498364448547363
        },
        "matrix": [
          [
            0.9962854981422424,
            -0.03378390893340111,
            -0.07920737564563751,
            0.03258313983678818
          ],
          [
            -0.08410364389419556,
            -0.5792236328125,
            -0.8108186721801758,
            -0.02299317717552185
          ],
          [
            -0.01848635822534561,
            0.8144736289978027,
            -0.5799182653427124,
            1.5060253143310547
          ],
          [
            0.0,
            0.0,
            0.0,
            1.0
          ]
        ]
      },
      "bone_length_armature_space": 0.10252177665837452,
      "parent": "spine_01",
      "has_children": true,
      "is_end_bone": false
    },
    "head": {
      "name": "head",
      "local": {
        "location": {
          "x": 0.0,
          "y": 0.0,
          "z": 0.0
        },
        "rotation_quaternion": {
          "w": 0.997244119644165,
          "x": -0.06844162940979004,
          "y": 0.021869901567697525,
          "z": -0.018484145402908325
        },
        "scale": {
          "x": 1.0,
          "y": 1.0,
          "z": 1.0
        },
        "matrix_basis": [
          [
            0.9983600974082947,
            0.03387278690934181,
            0.04614943265914917,
            0.0
          ],
          [
            -0.03986003249883652,
            0.9899481534957886,
            0.13569752871990204,
            0.0
          ],
          [
            -0.04108909144997597,
            -0.13731451332569122,
            0.9896749258041382,
            0.0
          ],
          [
            0.0,
            0.0,
            0.0,
            1.0
          ]
        ],
        "rotation_mode": "QUATERNION"
      },
      "armature_space": {
        "head": {
          "x": 0.02911956049501896,
          "y": -0.14562004804611206,
          "z": 0.6396719813346863
        },
        "tail": {
          "x": 0.03571237251162529,
          "y": -0.1634296476840973,
          "z": 0.7935962080955505
        }
      },
      "world_space": {
        "head": {
          "x": 0.02911956049501896,
          "y": -0.08237604796886444,
          "z": 1.5895259380340576
        },
        "tail": {
          "x": 0.03571237251162529,
          "y": -0.10018564760684967,
          "z": 1.7434501647949219
        },
        "rotation_quaternion": {
          "w": 0.6652669906616211,
          "x": 0.7459976077079773,
          "y": 0.0016691962955519557,
          "z": -0.030077466741204262
        },
        "matrix": [
          [
            0.9981850981712341,
            0.042509526014328,
            -0.04265420883893967,
            0.02911956049501896
          ],
          [
            -0.03752836212515831,
            -0.1148337870836258,
            -0.9926759004592896,
            -0.08237604796886444
          ],
          [
            -0.047096677124500275,
            0.9924817681312561,
            -0.11303173005580902,
            1.5895259380340576
          ],
          [
            0.0,
            0.0,
            0.0,
            1.0
          ]
        ]
      },
      "bone_length_armature_space": 0.15509131018002878,
      "parent": "neck_01",
      "has_children": false,
      "is_end_bone": true
    },
    "upperarm_l": {
      "name": "upperarm_l",
      "local": {
        "location": {
          "x": 0.0,
          "y": 0.0,
          "z": 0.0
        },
        "rotation_quaternion": {
          "w": -0.6980489492416382,
          "x": 0.34831932187080383,
          "y": 0.27933281660079956,
          "z": 0.5597987174987793
        },
        "scale": {
          "x": 1.0,
          "y": 1.0,
          "z": 1.0
        },
        "matrix_basis": [
          [
            0.21719714999198914,
            0.9761278629302979,
            1.4610928928959765e-06,
            0.0
          ],
          [
            -0.5869397521018982,
            0.13059809803962708,
            0.7990281581878662,
            0.0
          ],
          [
            0.7799533605575562,
            -0.17354756593704224,
            0.601293683052063,
            0.0
          ],
          [
            0.0,
            0.0,
            0.0,
            1.0
          ]
        ],
        "rotation_mode": "QUATERNION"
      },
      "armature_space": {
        "head": {
          "x": 0.17760847508907318,
          "y": -0.09289480745792389,
          "z": 0.4790319800376892
        },
        "tail": {
          "x": 0.19258159399032593,
          "y": -0.016731150448322296,
          "z": 0.22254914045333862
        }
      },
      "world_space": {
        "head": {
          "x": 0.17760847508907318,
          "y": -0.02965080738067627,
          "z": 1.4288859367370605
        },
        "tail": {
          "x": 0.19258159399032593,
          "y": 0.046512849628925323,
          "z": 1.17240309715271
        },
        "rotation_quaternion": {
          "w": 0.35984906554222107,
          "x": -0.23704160749912262,
          "y": 0.7159757018089294,
          "z": -0.5492711663246155
        },
        "matrix": [
          [
            -0.62864089012146,
            0.0558762289583683,
            0.7756859064102173,
            0.17760847508907318
          ],
          [
            -0.7347410321235657,
            0.2842251658439636,
            -0.6159318685531616,
            -0.02965080738067627
          ],
          [
            -0.25488778948783875,
            -0.9571347236633301,
            -0.13762247562408447,
            1.4288859367370605
          ],
          [
            0.0,
            0.0,
            0.0,
            1.0
          ]
        ]
      },
      "bone_length_armature_space": 0.2679711656997643,
      "parent": "spine_01",
      "has_children": true,
      "is_end_bone": false
    },
    "lowerarm_l": {
      "name": "lowerarm_l",
      "local": {
        "location": {
          "x": 0.0,
          "y": 0.0,
          "z": 0.0
        },
        "rotation_quaternion": {
          "w": 0.8755125999450684,
          "x": 0.3523292541503906,
          "y": 0.17471426725387573,
          "z": -0.28074324131011963
        },
        "scale": {
          "x": 1.0,
          "y": 1.0,
          "z": 1.0
        },
        "matrix_basis": [
          [
            0.781316339969635,
            0.6147024035453796,
            0.10810097306966782,
            0.0
          ],
          [
            -0.3684746026992798,
            0.5940946340560913,
            -0.7150371074676514,
            0.0
          ],
          [
            -0.5037571787834167,
            0.5188376903533936,
            0.690678060054779,
            0.0
          ],
          [
            0.0,
            0.0,
            0.0,
            1.0
          ]
        ],
        "rotation_mode": "QUATERNION"
      },
      "armature_space": {
        "head": {
          "x": 0.19258172810077667,
          "y": -0.01673106849193573,
          "z": 0.22254908084869385
        },
        "tail": {
          "x": 0.25617486238479614,
          "y": -0.18145450949668884,
          "z": 0.021571233868598938
        }
      },
      "world_space": {
        "head": {
          "x": 0.19258172810077667,
          "y": 0.04651293158531189,
          "z": 1.17240309715271
        },
        "tail": {
          "x": 0.25617486238479614,
          "y": -0.11821050941944122,
          "z": 0.9714252352714539
        },
        "rotation_quaternion": {
          "w": 0.1931658238172531,
          "x": -0.13423600792884827,
          "y": 0.3934730887413025,
          "z": -0.8887332081794739
        },
        "matrix": [
          [
            -0.8893350958824158,
            0.23770961165428162,
            0.39061158895492554,
            0.19258172810077667
          ],
          [
            -0.4489828646183014,
            -0.6157321929931641,
            -0.6475250720977783,
            0.04651293158531189
          ],
          [
            0.08658944070339203,
            -0.7512503266334534,
            0.6543236970901489,
            1.17240309715271
          ],
          [
            0.0,
            0.0,
            0.0,
            1.0
          ]
        ]
      },
      "bone_length_armature_space": 0.2675256834362261,
      "parent": "upperarm_l",
      "has_children": true,
      "is_end_bone": false
    },
    "metacarpal_thumb_l": {
      "name": "metacarpal_thumb_l",
      "local": {
        "location": {
          "x": 0.0,
          "y": 0.0,
          "z": 0.0
        },
        "rotation_quaternion": {
          "w": 0.9982100129127502,
          "x": -0.059494227170944214,
          "y": 0.0060988496989011765,
          "z": 0.0002336525358259678
        },
        "scale": {
          "x": 1.0,
          "y": 1.0,
          "z": 1.0
        },
        "matrix_basis": [
          [
            0.9999254941940308,
            -0.0011921613477170467,
            0.012148063629865646,
            0.0
          ],
          [
            -0.00025922409258782864,
            0.9929207563400269,
            0.11877831816673279,
            0.0
          ],
          [
            -0.012203667312860489,
            -0.11877261847257614,
            0.9928464889526367,
            0.0
          ],
          [
            0.0,
            0.0,
            0.0,
            1.0
          ]
        ],
        "rotation_mode": "QUATERNION"
      },
      "armature_space": {
        "head": {
          "x": 0.25617486238479614,
          "y": -0.18145450949668884,
          "z": 0.021571233868598938
        },
        "tail": {
          "x": 0.27423232793807983,
          "y": -0.22637063264846802,
          "z": 0.011080421507358551
        }
      },
      "world_space": {
        "head": {
          "x": 0.25617486238479614,
          "y": -0.11821050941944122,
          "z": 0.9714252352714539
        },
        "tail": {
          "x": 0.27423232793807983,
          "y": -0.1631266325712204,
          "z": 0.9609344601631165
        },
        "rotation_quaternion": {
          "w": 0.07607384771108627,
          "x": 0.6172956228256226,
          "y": 0.2020478993654251,
          "z": -0.7565286755561829
        },
        "matrix": [
          [
            -0.22631825506687164,
            0.3645493984222412,
            -0.9032628536224365,
            0.25617486238479614
          ],
          [
            0.13434185087680817,
            -0.9067794680595398,
            -0.39962896704673767,
            -0.11821050941944122
          ],
          [
            -0.9647515416145325,
            -0.21179154515266418,
            0.1562473177909851,
            0.9714252352714539
          ],
          [
            0.0,
            0.0,
            0.0,
            1.0
          ]
        ]
      },
      "bone_length_armature_space": 0.04953369982275768,
      "parent": "lowerarm_l",
      "has_children": true,
      "is_end_bone": false
    },
    "thumb_01_l": {
      "name": "thumb_01_l",
      "local": {
        "location": {
          "x": 0.0,
          "y": 0.0,
          "z": 0.0
        },
        "rotation_quaternion": {
          "w": 0.9499453902244568,
          "x": 0.31219202280044556,
          "y": -0.011827695183455944,
          "z": -0.0004384122439660132
        },
        "scale": {
          "x": 1.0,
          "y": 1.0,
          "z": 1.0
        },
        "matrix_basis": [
          [
            0.9997197985649109,
            -0.0065520890057086945,
            -0.02274506725370884,
            0.0
          ],
          [
            -0.00821795966476202,
            0.8050718903541565,
            -0.5931203961372375,
            0.0
          ],
          [
            0.02219759114086628,
            0.5931411385536194,
            0.8047924637794495,
            0.0
          ],
          [
            0.0,
            0.0,
            0.0,
            1.0
          ]
        ],
        "rotation_mode": "QUATERNION"
      },
      "armature_space": {
        "head": {
          "x": 0.27423232793807983,
          "y": -0.22637063264846802,
          "z": 0.011080421507358551
        },
        "tail": {
          "x": 0.25751399993896484,
          "y": -0.25079184770584106,
          "z": -0.005734216421842575
        }
      },
      "world_space": {
        "head": {
          "x": 0.27423232793807983,
          "y": -0.1631266325712204,
          "z": 0.9609344601631165
        },
        "tail": {
          "x": 0.25751399993896484,
          "y": -0.18754784762859344,
          "z": 0.9441198110580444
        },
        "rotation_quaternion": {
          "w": 0.2874494791030884,
          "x": -0.923529863357544,
          "y": 0.2421661615371704,
          "z": 0.0762961134314537
        },
        "matrix": [
          [
            0.8710687160491943,
            -0.4911580979824066,
            -0.0017011761665344238,
            0.27423232793807983
          ],
          [
            -0.403433620929718,
            -0.7174568176269531,
            0.5678884983062744,
            -0.1631266325712204
          ],
          [
            -0.2801458239555359,
            -0.49398767948150635,
            -0.8231093287467957,
            0.9609344601631165
          ],
          [
            0.0,
            0.0,
            0.0,
            1.0
          ]
        ]
      },
      "bone_length_armature_space": 0.03403865848818172,
      "parent": "metacarpal_thumb_l",
      "has_children": true,
      "is_end_bone": false
    },
    "thumb_02_l": {
      "name": "thumb_02_l",
      "local": {
        "location": {
          "x": 0.0,
          "y": 0.0,
          "z": 0.0
        },
        "rotation_quaternion": {
          "w": 0.8997785449028015,
          "x": 0.4362545907497406,
          "y": 0.007641948759555817,
          "z": -0.004718459211289883
        },
        "scale": {
          "x": 1.0,
          "y": 1.0,
          "z": 1.0
        },
        "matrix_basis": [
          [
            0.999838650226593,
            0.015158806927502155,
            0.009635224007070065,
            0.0
          ],
          [
            -0.001823466271162033,
            0.6193193197250366,
            -0.7851371765136719,
            0.0
          ],
          [
            -0.017869021743535995,
            0.7849929332733154,
            0.6192470788955688,
            0.0
          ],
          [
            0.0,
            0.0,
            0.0,
            1.0
          ]
        ],
        "rotation_mode": "QUATERNION"
      },
      "armature_space": {
        "head": {
          "x": 0.25751397013664246,
          "y": -0.25079184770584106,
          "z": -0.005734161473810673
        },
        "tail": {
          "x": 0.28646019101142883,
          "y": -0.23408544063568115,
          "z": -0.02800966426730156
        }
      },
      "world_space": {
        "head": {
          "x": 0.25751397013664246,
          "y": -0.18754784762859344,
          "z": 0.9441198706626892
        },
        "tail": {
          "x": 0.28646019101142883,
          "y": -0.17084144055843353,
          "z": 0.9218443632125854
        },
        "rotation_quaternion": {
          "w": 0.838560163974762,
          "x": -0.36368632316589355,
          "y": -0.06922981888055801,
          "z": -0.3996955156326294
        },
        "matrix": [
          [
            0.6709005832672119,
            0.7206935882568359,
            0.17462286353111267,
            0.25751397013664246
          ],
          [
            -0.6199829578399658,
            0.41595056653022766,
            0.6652868986129761,
            -0.18754784762859344
          ],
          [
            0.4068358838558197,
            -0.5546081066131592,
            0.7258848547935486,
            0.9441198706626892
          ],
          [
            0.0,
            0.0,
            0.0,
            1.0
          ]
        ]
      },
      "bone_length_armature_space": 0.040164484301618876,
      "parent": "thumb_01_l",
      "has_children": true,
      "is_end_bone": false
    },
    "thumb_03_l": {
      "name": "thumb_03_l",
      "local": {
        "location": {
          "x": 0.0,
          "y": 0.0,
          "z": 0.0
        },
        "rotation_quaternion": {
          "w": 0.9841315150260925,
          "x": 0.17734003067016602,
          "y": -0.0034571411088109016,
          "z": 0.004880792926996946
        },
        "scale": {
          "x": 1.0,
          "y": 1.0,
          "z": 1.0
        },
        "matrix_basis": [
          [
            0.9999284744262695,
            -0.010832862928509712,
            -0.005073443055152893,
            0.0
          ],
          [
            0.008380505256354809,
            0.937053382396698,
            -0.34908556938171387,
            0.0
          ],
          [
            0.008535683155059814,
            0.34901806712150574,
            0.9370771050453186,
            0.0
          ],
          [
            0.0,
            0.0,
            0.0,
            1.0
          ]
        ],
        "rotation_mode": "QUATERNION"
      },
      "armature_space": {
        "head": {
          "x": 0.28646019101142883,
          "y": -0.23408553004264832,
          "z": -0.02800966426730156
        },
        "tail": {
          "x": 0.3069540560245514,
          "y": -0.21162250638008118,
          "z": -0.02952805534005165
        }
      },
      "world_space": {
        "head": {
          "x": 0.28646019101142883,
          "y": -0.1708415299654007,
          "z": 0.9218443632125854
        },
        "tail": {
          "x": 0.3069540560245514,
          "y": -0.14837850630283356,
          "z": 0.9203259348869324
        },
        "rotation_quaternion": {
          "w": 0.9320693016052246,
          "x": -0.02185371331870556,
          "y": 0.012638634070754051,
          "z": -0.361399382352829
        },
        "matrix": [
          [
            0.738461434841156,
            0.6731462478637695,
            0.03935594856739044,
            0.28646019101142883
          ],
          [
            -0.6742510199546814,
            0.7378260493278503,
            0.03160350024700165,
            -0.1708415299654007
          ],
          [
            -0.0077646654099226,
            -0.04987344145774841,
            0.9987325668334961,
            0.9218443632125854
          ],
          [
            0.0,
            0.0,
            0.0,
            1.0
          ]
        ]
      },
      "bone_length_armature_space": 0.03044489204492181,
      "parent": "thumb_02_l",
      "has_children": false,
      "is_end_bone": true
    },
    "metacarpal_index_l": {
      "name": "metacarpal_index_l",
      "local": {
        "location": {
          "x": 0.0,
          "y": 0.0,
          "z": 0.0
        },
        "rotation_quaternion": {
          "w": 0.9996575713157654,
          "x": 0.021874913945794106,
          "y": -0.013470545411109924,
          "z": -0.0049960799515247345
        },
        "scale": {
          "x": 1.0,
          "y": 1.0,
          "z": 1.0
        },
        "matrix_basis": [
          [
            0.9995871782302856,
            0.00939940381795168,
            -0.027150442823767662,
            0.0
          ],
          [
            -0.010578072629868984,
            0.9989930391311646,
            -0.04360024631023407,
            0.0
          ],
          [
            0.026713287457823753,
            0.04386944696307182,
            0.998680055141449,
            0.0
          ],
          [
            0.0,
            0.0,
            0.0,
            1.0
          ]
        ],
        "rotation_mode": "QUATERNION"
      },
      "armature_space": {
        "head": {
          "x": 0.25617486238479614,
          "y": -0.18145450949668884,
          "z": 0.021571233868598938
        },
        "tail": {
          "x": 0.28760263323783875,
          "y": -0.27864953875541687,
          "z": -0.03582821786403656
        }
      },
      "world_space": {
        "head": {
          "x": 0.25617486238479614,
          "y": -0.11821050941944122,
          "z": 0.9714252352714539
        },
        "tail": {
          "x": 0.28760263323783875,
          "y": -0.21540553867816925,
          "z": 0.9140257835388184
        },
        "rotation_quaternion": {
          "w": 0.046264298260211945,
          "x": 0.32059621810913086,
          "y": 0.2882801294326782,
          "z": -0.9010950326919556
        },
        "matrix": [
          [
            -0.7901560068130493,
            0.2682197093963623,
            -0.5511007308959961,
            0.25617486238479614
          ],
          [
            0.10146526992321014,
            -0.8295091390609741,
            -0.5491991639137268,
            -0.11821050941944122
          ],
          [
            -0.6044531464576721,
            -0.48987457156181335,
            0.6282304525375366,
            0.9714252352714539
          ],
          [
            0.0,
            0.0,
            0.0,
            1.0
          ]
        ]
      },
      "bone_length_armature_space": 0.11717198934824805,
      "parent": "lowerarm_l",
      "has_children": true,
      "is_end_bone": false
    },
    "index_01_l": {
      "name": "index_01_l",
      "local": {
        "location": {
          "x": 0.0,
          "y": 0.0,
          "z": 0.0
        },
        "rotation_quaternion": {
          "w": 0.951395571231842,
          "x": 0.30776989459991455,
          "y": -0.001021333271637559,
          "z": -0.011093424633145332
        },
        "scale": {
          "x": 1.0,
          "y": 1.0,
          "z": 1.0
        },
        "matrix_basis": [
          [
            0.9997518062591553,
            0.020479798316955566,
            -0.00877182837575674,
            0.0
          ],
          [
            -0.02173714153468609,
            0.8103092312812805,
            -0.5855991840362549,
            0.0
          ],
          [
            -0.0048850602470338345,
            0.5856444835662842,
            0.8105533123016357,
            0.0
          ],
          [
            0.0,
            0.0,
            0.0,
            1.0
          ]
        ],
        "rotation_mode": "QUATERNION"
      },
      "armature_space": {
        "head": {
          "x": 0.28760263323783875,
          "y": -0.27864953875541687,
          "z": -0.03582821786403656
        },
        "tail": {
          "x": 0.27897363901138306,
          "y": -0.30441224575042725,
          "z": -0.04448236525058746
        }
      },
      "world_space": {
        "head": {
          "x": 0.28760263323783875,
          "y": -0.21540553867816925,
          "z": 0.9140257835388184
        },
        "tail": {
          "x": 0.27897363901138306,
          "y": -0.24116824567317963,
          "z": 0.9053716659545898
        },
        "rotation_quaternion": {
          "w": 0.18710698187351227,
          "x": -0.2276001274585724,
          "y": -0.11507240682840347,
          "z": 0.9486556649208069
        },
        "matrix": [
          [
            -0.8263782858848572,
            -0.30261969566345215,
            -0.4748901128768921,
            0.28760263323783875
          ],
          [
            0.4073813855648041,
            -0.9034988284111023,
            -0.13315600156784058,
            -0.21540553867816925
          ],
          [
            -0.3887694478034973,
            -0.30350127816200256,
            0.8699192404747009,
            0.9140257835388184
          ],
          [
            0.0,
            0.0,
            0.0,
            1.0
          ]
        ]
      },
      "bone_length_armature_space": 0.028514397276085412,
      "parent": "metacarpal_index_l",
      "has_children": true,
      "is_end_bone": false
    },
    "index_02_l": {
      "name": "index_02_l",
      "local": {
        "location": {
          "x": 0.0,
          "y": 0.0,
          "z": 0.0
        },
        "rotation_quaternion": {
          "w": 0.9027649164199829,
          "x": 0.4300461411476135,
          "y": 0.006121751386672258,
          "z": 0.006205446552485228
        },
        "scale": {
          "x": 1.0,
          "y": 1.0,
          "z": 1.0
        },
        "matrix_basis": [
          [
            0.9998480081558228,
            -0.005938847549259663,
            0.01639026217162609,
            0.0
          ],
          [
            0.01646938920021057,
            0.630043625831604,
            -0.7763851881027222,
            0.0
          ],
          [
            -0.00571574829518795,
            0.7765371203422546,
            0.6300456523895264,
            0.0
          ],
          [
            0.0,
            0.0,
            0.0,
            1.0
          ]
        ],
        "rotation_mode": "QUATERNION"
      },
      "armature_space": {
        "head": {
          "x": 0.2789735496044159,
          "y": -0.30441272258758545,
          "z": -0.04448211193084717
        },
        "tail": {
          "x": 0.2654803693294525,
          "y": -0.32261422276496887,
          "z": -0.03245166316628456
        }
      },
      "world_space": {
        "head": {
          "x": 0.2789735496044159,
          "y": -0.24116872251033783,
          "z": 0.905371904373169
        },
        "tail": {
          "x": 0.2654803693294525,
          "y": -0.25937020778656006,
          "z": 0.9174023270606995
        },
        "rotation_quaternion": {
          "w": 0.25465771555900574,
          "x": -0.10227145254611969,
          "y": 0.2835305333137512,
          "z": 0.9188582301139832
        },
        "matrix": [
          [
            -0.8493800163269043,
            -0.5259831547737122,
            -0.043538421392440796,
            0.2789735496044159
          ],
          [
            0.4099952280521393,
            -0.7095193862915039,
            0.5731374025344849,
            -0.24116872251033783
          ],
          [
            -0.3323538899421692,
            0.4689636528491974,
            0.8183081746101379,
            0.905371904373169
          ],
          [
            0.0,
            0.0,
            0.0,
            1.0
          ]
        ]
      },
      "bone_length_armature_space": 0.025653308168043377,
      "parent": "index_01_l",
      "has_children": true,
      "is_end_bone": false
    },
    "index_03_l": {
      "name": "index_03_l",
      "local": {
        "location": {
          "x": 0.0,
          "y": 0.0,
          "z": 0.0
        },
        "rotation_quaternion": {
          "w": 0.9188640713691711,
          "x": 0.3945372402667999,
          "y": 0.0019660922698676586,
          "z": 0.0050391401164233685
        },
        "scale": {
          "x": 1.0,
          "y": 1.0,
          "z": 1.0
        },
        "matrix_basis": [
          [
            0.9999414682388306,
            -0.007709176279604435,
            0.007589399814605713,
            0.0
          ],
          [
            0.010811963118612766,
            0.6886299252510071,
            -0.725032389163971,
            0.0
          ],
          [
            0.0003631137660704553,
            0.7250720262527466,
            0.6886730194091797,
            0.0
          ],
          [
            0.0,
            0.0,
            0.0,
            1.0
          ]
        ],
        "rotation_mode": "QUATERNION"
      },
      "armature_space": {
        "head": {
          "x": 0.2654803991317749,
          "y": -0.32261431217193604,
          "z": -0.032451774924993515
        },
        "tail": {
          "x": 0.25246119499206543,
          "y": -0.3210464417934418,
          "z": -0.006340790539979935
        }
      },
      "world_space": {
        "head": {
          "x": 0.2654803991317749,
          "y": -0.2593703269958496,
          "z": 0.9174022674560547
        },
        "tail": {
          "x": 0.25246119499206543,
          "y": -0.25780242681503296,
          "z": 0.9435132145881653
        },
        "rotation_quaternion": {
          "w": 0.3137640058994293,
          "x": -0.010671660304069519,
          "y": 0.654508650302887,
          "z": 0.6877911686897278
        },
        "matrix": [
          [
            -0.8028752207756042,
            -0.44557803869247437,
            0.3960452973842621,
            0.2654803991317749
          ],
          [
            0.41764140129089355,
            0.053659588098526,
            0.9070262908935547,
            -0.2593703269958496
          ],
          [
            -0.4254051446914673,
            0.8936400413513184,
            0.14301148056983948,
            0.9174022674560547
          ],
          [
            0.0,
            0.0,
            0.0,
            1.0
          ]
        ]
      },
      "bone_length_armature_space": 0.029218853040818806,
      "parent": "index_02_l",
      "has_children": false,
      "is_end_bone": true
    },
    "metacarpal_pinky_l": {
      "name": "metacarpal_pinky_l",
      "local": {
        "location": {
          "x": 0.0,
          "y": 0.0,
          "z": 0.0
        },
        "rotation_quaternion": {
          "w": 0.9999268054962158,
          "x": -0.007294630166143179,
          "y": 0.009651188738644123,
          "z": -0.0004410716355778277
        },
        "scale": {
          "x": 1.0,
          "y": 1.0,
          "z": 1.0
        },
        "matrix_basis": [
          [
            0.9998133182525635,
            0.0007412749691866338,
            0.019307399168610573,
            0.0
          ],
          [
            -0.00102288241032511,
            0.9998931884765625,
            0.014579678885638714,
            0.0
          ],
          [
            -0.019294530153274536,
            -0.014596706256270409,
            0.9997072815895081,
            0.0
          ],
          [
            0.0,
            0.0,
            0.0,
            1.0
          ]
        ],
        "rotation_mode": "QUATERNION"
      },
      "armature_space": {
        "head": {
          "x": 0.25617486238479614,
          "y": -0.18145450949668884,
          "z": 0.021571233868598938
        },
        "tail": {
          "x": 0.2654414772987366,
          "y": -0.2227056324481964,
          "z": -0.07359086722135544
        }
      },
      "world_space": {
        "head": {
          "x": 0.25617486238479614,
          "y": -0.11821050941944122,
          "z": 0.9714252352714539
        },
        "tail": {
          "x": 0.2654414772987366,
          "y": -0.1594616323709488,
          "z": 0.8762631416320801
        },
        "rotation_quaternion": {
          "w": 0.4434354901313782,
          "x": -0.6232726573944092,
          "y": 0.32448604702949524,
          "z": -0.5564215779304504
        },
        "matrix": [
          [
            0.17020653188228607,
            0.08899025619029999,
            0.9813820123672485,
            0.25617486238479614
          ],
          [
            -0.8979610204696655,
            -0.39614740014076233,
            0.19166028499603271,
            -0.11821050941944122
          ],
          [
            0.40582990646362305,
            -0.913871169090271,
            0.01248310785740614,
            0.9714252352714539
          ],
          [
            0.0,
            0.0,
            0.0,
            1.0
          ]
        ]
      },
      "bone_length_armature_space": 0.10413141281140416,
      "parent": "lowerarm_l",
      "has_children": true,
      "is_end_bone": false
    },
    "pinky_01_l": {
      "name": "pinky_01_l",
      "local": {
        "location": {
          "x": 0.0,
          "y": 0.0,
          "z": 0.0
        },
        "rotation_quaternion": {
          "w": 0.9491602182388306,
          "x": 0.31395214796066284,
          "y": -0.01694750413298607,
          "z": -0.015551329590380192
        },
        "scale": {
          "x": 1.0,
          "y": 1.0,
          "z": 1.0
        },
        "matrix_basis": [
          [
            0.9989418983459473,
            0.018879996612668037,
            -0.041936539113521576,
            0.0
          ],
          [
            -0.040162816643714905,
            0.8023844361305237,
            -0.5954546928405762,
            0.0
          ],
          [
            0.02240704745054245,
            0.5965089201927185,
            0.8022936582565308,
            0.0
          ],
          [
            0.0,
            0.0,
            0.0,
            1.0
          ]
        ],
        "rotation_mode": "QUATERNION"
      },
      "armature_space": {
        "head": {
          "x": 0.2654414772987366,
