{
  "metadata": {
    "armature_name": "KIM_caucasian_male",
    "export_time": "2026-01-13T21:02:11.455754",
    "blender_version": "4.4.1",
    "bone_count": 56,
    "end_bone_count": 13,
    "spaces_included": [
      "LOCAL_CHANNELS",
      "ARMATURE_SPACE",
      "WORLD_SPACE"
    ],
    "note": "LOCAL matches Transform panel; replay pose via local.matrix_basis for best fidelity."
  },
  "bones": {
    "Root": {
      "name": "Root",
      "local": {
        "location": {
          "x": 0.0,
          "y": 0.0,
          "z": 0.0
        },
        "rotation_quaternion": {
          "w": 0.9999151825904846,
          "x": 0.01115504652261734,
          "y": -0.0037609657738357782,
          "z": -0.005572493653744459
        },
        "scale": {
          "x": 1.0,
          "y": 1.0,
          "z": 1.0
        },
        "matrix_basis": [
          [
            0.9999095797538757,
            0.011060134507715702,
            -0.007645616307854652,
            0.0
          ],
          [
            -0.011227949522435665,
            0.9996890425682068,
            -0.022266285493969917,
            0.0
          ],
          [
            0.007396970875561237,
            0.022350117564201355,
            0.9997228384017944,
            0.0
          ],
          [
            0.0,
            0.0,
            0.0,
            1.0
          ]
        ],
        "rotation_mode": "QUATERNION"
      },
      "armature_space": {
        "head": {
          "x": 0.0,
          "y": 0.07072800397872925,
          "z": -0.009595036506652832
        },
        "tail": {
          "x": 0.0007894267328083515,
          "y": -0.00019244849681854248,
          "z": -0.0015837736427783966
        }
      },
      "world_space": {
        "head": {
          "x": 0.0,
          "y": 0.13397200405597687,
          "z": 0.9402589797973633
        },
        "tail": {
          "x": 0.0007894267328083515,
          "y": 0.06305155158042908,
          "z": 0.9482702612876892
        },
        "rotation_quaternion": {
          "w": 0.05623224750161171,
          "x": 0.9983950853347778,
          "y": 0.005306466016918421,
          "z": -0.004127828869968653
        },
        "matrix": [
          [
            0.9999095797538757,
            0.011060134507715702,
            -0.007645616307854652,
            0.0
          ],
          [
            0.010131662711501122,
            -0.9936195015907288,
            -0.11232826113700867,
            0.13397200405597687
          ],
          [
            -0.008839251473546028,
            0.1122404932975769,
            -0.9936487674713135,
            0.9402589797973633
          ],
          [
            0.0,
            0.0,
            0.0,
            1.0
          ]
        ]
      },
      "bone_length_armature_space": 0.07137586429868051,
      "parent": null,
      "has_children": true,
      "is_end_bone": false
    },
    "spine_01": {
      "name": "spine_01",
      "local": {
        "location": {
          "x": 0.0,
          "y": 0.0,
          "z": 0.0
        },
        "rotation_quaternion": {
          "w": 0.9939633011817932,
          "x": 0.10410204529762268,
          "y": 0.021477092057466507,
          "z": -0.02717418223619461
        },
        "scale": {
          "x": 1.0,
          "y": 1.0,
          "z": 1.0
        },
        "matrix_basis": [
          [
            0.9976006150245667,
            0.05849189683794975,
            0.03703710809350014,
            0.0
          ],
          [
            -0.049548663198947906,
            0.9768486618995667,
            -0.20811447501182556,
            0.0
          ],
          [
            -0.04835265874862671,
            0.20577998459339142,
            0.9774029850959778,
            0.0
          ],
          [
            0.0,
            0.0,
            0.0,
            1.0
          ]
        ],
        "rotation_mode": "QUATERNION"
      },
      "armature_space": {
        "head": {
          "x": 0.0007894267328083515,
          "y": -0.00019244849681854248,
          "z": -0.0015837736427783966
        },
        "tail": {
          "x": 0.03446415439248085,
          "y": -0.08861671388149261,
          "z": 0.47715988755226135
        }
      },
      "world_space": {
        "head": {
          "x": 0.0007894267328083515,
          "y": 0.06305155158042908,
          "z": 0.9482702612876892
        },
        "tail": {
          "x": 0.03446415439248085,
          "y": -0.025372713804244995,
          "z": 1.427013874053955
        },
        "rotation_quaternion": {
          "w": 0.638525664806366,
          "x": 0.7684903144836426,
          "y": 0.04106583446264267,
          "z": -0.0046105836518108845
        },
        "matrix": [
          [
            0.9965846538543701,
            0.06900541484355927,
            0.045357201248407364,
            0.0007894267328083515
          ],
          [
            0.05722982436418533,
            -0.18119680881500244,
            -0.9817802309989929,
            0.06305155158042908
          ],
          [
            -0.05952994152903557,
            0.9810296297073364,
            -0.18452931940555573,
            0.9482702612876892
          ],
          [
            0.0,
            0.0,
            0.0,
            1.0
          ]
        ]
      },
      "bone_length_armature_space": 0.4880044501847277,
      "parent": "Root",
      "has_children": true,
      "is_end_bone": false
    },
    "neck_01": {
      "name": "neck_01",
      "local": {
        "location": {
          "x": 0.0,
          "y": 0.0,
          "z": 0.0
        },
        "rotation_quaternion": {
          "w": 0.9906622171401978,
          "x": -0.01078440435230732,
          "y": -0.07819101214408875,
          "z": -0.1111677810549736
        },
        "scale": {
          "x": 1.0,
          "y": 1.0,
          "z": 1.0
        },
        "matrix_basis": [
          [
            0.9630557894706726,
            0.22194592654705048,
            -0.15252400934696198,
            0.0
          ],
          [
            -0.2185729593038559,
            0.9750508666038513,
            0.03875204548239708,
            0.0
          ],
          [
            0.15731951594352722,
            -0.003982761409133673,
            0.9875397086143494,
            0.0
          ],
          [
            0.0,
            0.0,
            0.0,
            1.0
          ]
        ],
        "rotation_mode": "QUATERNION"
      },
      "armature_space": {
        "head": {
          "x": 0.041089631617069244,
          "y": -0.13593223690986633,
          "z": 0.5425898432731628
        },
        "tail": {
          "x": 0.07186433672904968,
          "y": -0.18835996091365814,
          "z": 0.6251426339149475
        }
      },
      "world_space": {
        "head": {
          "x": 0.041089631617069244,
          "y": -0.07268823683261871,
          "z": 1.4924437999725342
        },
        "tail": {
          "x": 0.07186433672904968,
          "y": -0.12511596083641052,
          "z": 1.5749967098236084
        },
        "rotation_quaternion": {
          "w": 0.48426663875579834,
          "x": 0.8588504791259766,
          "y": 0.09896442294120789,
          "z": -0.13441674411296844
        },
        "matrix": [
          [
            0.9442765116691589,
            0.30017855763435364,
            -0.13503620028495789,
            0.041089631617069244
          ],
          [
            0.03980530798435211,
            -0.5113835334777832,
            -0.8584303259849548,
            -0.07268823683261871
          ],
          [
            -0.3267399072647095,
            0.8052254915237427,
            -0.49484044313430786,
            1.4924437999725342
          ],
          [
            0.0,
            0.0,
            0.0,
            1.0
          ]
        ]
      },
      "bone_length_armature_space": 0.10252176348902635,
      "parent": "spine_01",
      "has_children": true,
      "is_end_bone": false
    },
    "head": {
      "name": "head",
      "local": {
        "location": {
          "x": 0.0,
          "y": 0.0,
          "z": 0.0
        },
        "rotation_quaternion": {
          "w": 0.9879814386367798,
          "x": 0.061990559101104736,
          "y": -0.031822096556425095,
          "z": -0.13797543942928314
        },
        "scale": {
          "x": 1.0,
          "y": 1.0,
          "z": 1.0
        },
        "matrix_basis": [
          [
            0.9599002599716187,
            0.26868900656700134,
            -0.07998563349246979,
            0.0
          ],
          [
            -0.27657967805862427,
            0.9542399048805237,
            -0.1137097105383873,
            0.0
          ],
          [
            0.04577293246984482,
            0.13127237558364868,
            0.990289032459259,
            0.0
          ],
          [
            0.0,
            0.0,
            0.0,
            1.0
          ]
        ],
        "rotation_mode": "QUATERNION"
      },
      "armature_space": {
        "head": {
          "x": 0.0718642920255661,
          "y": -0.1883600652217865,
          "z": 0.625142514705658
        },
        "tail": {
          "x": 0.15936394035816193,
          "y": -0.23153147101402283,
          "z": 0.7456963062286377
        }
      },
      "world_space": {
        "head": {
          "x": 0.0718642920255661,
          "y": -0.12511606514453888,
          "z": 1.5749964714050293
        },
        "tail": {
          "x": 0.15936394035816193,
          "y": -0.1682874709367752,
          "z": 1.6955503225326538
        },
        "rotation_quaternion": {
          "w": 0.5677282810211182,
          "x": 0.7649356722831726,
          "y": 0.19622217118740082,
          "z": -0.23249730467796326
        },
        "matrix": [
          [
            0.8148839473724365,
            0.5641855001449585,
            -0.1328873187303543,
            0.0718642920255661
          ],
          [
            0.03620656952261925,
            -0.2783632278442383,
            -0.9597933292388916,
            -0.12511606514453888
          ],
          [
            -0.5784963965415955,
            0.7773139476776123,
            -0.2472635805606842,
            1.5749964714050293
          ],
          [
            0.0,
            0.0,
            0.0,
            1.0
          ]
        ]
      },
      "bone_length_armature_space": 0.15509086385108053,
      "parent": "neck_01",
      "has_children": false,
      "is_end_bone": true
    },
    "upperarm_l": {
      "name": "upperarm_l",
      "local": {
        "location": {
          "x": 0.0,
          "y": 0.0,
          "z": 0.0
        },
        "rotation_quaternion": {
          "w": 0.9210913181304932,
          "x": -0.01678512431681156,
          "y": 0.38802623748779297,
          "z": 0.027288146317005157
        },
        "scale": {
          "x": 1.0,
          "y": 1.0,
          "z": 1.0
        },
        "matrix_basis": [
          [
            0.6973819732666016,
            -0.0632958859205246,
            0.7138991355895996,
            0.0
          ],
          [
            0.03724361211061478,
            0.9979472160339355,
            0.05209829658269882,
            0.0
          ],
          [
            -0.7157312631607056,
            -0.009744230657815933,
            0.6983078122138977,
            0.0
          ],
          [
            0.0,
            0.0,
            0.0,
            1.0
          ]
        ],
        "rotation_mode": "QUATERNION"
      },
      "armature_space": {
        "head": {
          "x": 0.1860843002796173,
          "y": -0.11830094456672668,
          "z": 0.46713903546333313
        },
        "tail": {
          "x": 0.45280295610427856,
          "y": -0.09257561713457108,
          "z": 0.4644983410835266
        }
      },
      "world_space": {
        "head": {
          "x": 0.1860843002796173,
          "y": -0.055056944489479065,
          "z": 1.4169930219650269
        },
        "tail": {
          "x": 0.45280295610427856,
          "y": -0.029331617057323456,
          "z": 1.4143524169921875
        },
        "rotation_quaternion": {
          "w": 0.2015373855829239,
          "x": 0.6450698971748352,
          "y": 0.7123090624809265,
          "z": -0.18942900002002716
        },
        "matrix": [
          [
            -0.0865342766046524,
            0.9953324198722839,
            0.04272134229540825,
            0.1860843002796173
          ],
          [
            0.8426240682601929,
            0.09600096940994263,
            -0.5298759937286377,
            -0.055056944489479065
          ],
          [
            -0.5315069556236267,
            -0.00985443964600563,
            -0.8470048308372498,
            1.4169930219650269
          ],
          [
            0.0,
            0.0,
            0.0,
            1.0
          ]
        ]
      },
      "bone_length_armature_space": 0.2679694192016792,
      "parent": "spine_01",
      "has_children": true,
      "is_end_bone": false
    },
    "lowerarm_l": {
      "name": "lowerarm_l",
      "local": {
        "location": {
          "x": 0.0,
          "y": 0.0,
          "z": 0.0
        },
        "rotation_quaternion": {
          "w": 0.9826615452766418,
          "x": 0.16404244303703308,
          "y": -0.08039136230945587,
          "z": -0.03167976811528206
        },
        "scale": {
          "x": 1.0,
          "y": 1.0,
          "z": 1.0
        },
        "matrix_basis": [
          [
            0.9850672483444214,
            0.03588578850030899,
            -0.16838864982128143,
            0.0
          ],
          [
            -0.08863616734743118,
            0.9441729187965393,
            -0.3173028528690338,
            0.0
          ],
          [
            0.14760135114192963,
            0.327489972114563,
            0.933254599571228,
            0.0
          ],
          [
            0.0,
            0.0,
            0.0,
            1.0
          ]
        ],
        "rotation_mode": "QUATERNION"
      },
      "armature_space": {
        "head": {
          "x": 0.4528030455112457,
          "y": -0.09257574379444122,
          "z": 0.464498370885849
        },
        "tail": {
          "x": 0.6983121633529663,
          "y": -0.14855675399303436,
          "z": 0.3741610050201416
        }
      },
      "world_space": {
        "head": {
          "x": 0.4528030455112457,
          "y": -0.029331743717193604,
          "z": 1.4143524169921875
        },
        "tail": {
          "x": 0.6983121633529663,
          "y": -0.08531275391578674,
          "z": 1.3240150213241577
        },
        "rotation_quaternion": {
          "w": 0.14996683597564697,
          "x": 0.644645094871521,
          "y": 0.6106391549110413,
          "z": -0.43481332063674927
        },
        "matrix": [
          [
            -0.12388791143894196,
            0.9177072048187256,
            -0.37744516134262085,
            0.4528030455112457
          ],
          [
            0.656874418258667,
            -0.2092556357383728,
            -0.7243812084197998,
            -0.029331743717193604
          ],
          [
            -0.7437570095062256,
            -0.33767881989479065,
            -0.5768989324569702,
            1.4143524169921875
          ],
          [
            0.0,
            0.0,
            0.0,
            1.0
          ]
        ]
      },
      "bone_length_armature_space": 0.2675246547262108,
      "parent": "upperarm_l",
      "has_children": true,
      "is_end_bone": false
    },
    "metacarpal_thumb_l": {
      "name": "metacarpal_thumb_l",
      "local": {
        "location": {
          "x": 0.0,
          "y": 0.0,
          "z": 0.0
        },
        "rotation_quaternion": {
          "w": 0.9990041255950928,
          "x": -0.043966587632894516,
          "y": 0.007421647198498249,
          "z": 0.0016473056748509407
        },
        "scale": {
          "x": 1.0,
          "y": 1.0,
          "z": 1.0
        },
        "matrix_basis": [
          [
            0.9998844265937805,
            -0.0039439392276108265,
            0.014683659188449383,
            0.0
          ],
          [
            0.0026387213729321957,
            0.9961284399032593,
            0.0878700539469719,
            0.0
          ],
          [
            -0.014973364770412445,
            -0.08782115578651428,
            0.9960237145423889,
            0.0
          ],
          [
            0.0,
            0.0,
            0.0,
            1.0
          ]
        ],
        "rotation_mode": "QUATERNION"
      },
      "armature_space": {
        "head": {
          "x": 0.6983121633529663,
          "y": -0.14855675399303436,
          "z": 0.3741610050201416
        },
        "tail": {
          "x": 0.7229604721069336,
          "y": -0.17503313720226288,
          "z": 0.34032222628593445
        }
      },
      "world_space": {
        "head": {
          "x": 0.6983121633529663,
          "y": -0.08531275391578674,
          "z": 1.3240150213241577
        },
        "tail": {
          "x": 0.7229604721069336,
          "y": -0.11178913712501526,
          "z": 1.290176272392273
        },
        "rotation_quaternion": {
          "w": 0.3903771638870239,
          "x": -0.875930905342102,
          "y": -0.28345927596092224,
          "z": -0.0013132303720340133
        },
        "matrix": [
          [
            0.8392974138259888,
            0.49760687351226807,
            -0.21901297569274902,
            0.6983121633529663
          ],
          [
            0.4955576956272125,
            -0.5345128178596497,
            0.684630274772644,
            -0.08531275391578674
          ],
          [
            0.22361360490322113,
            -0.6831471920013428,
            -0.6952124834060669,
            1.3240150213241577
          ],
          [
            0.0,
            0.0,
            0.0,
            1.0
          ]
        ]
      },
      "bone_length_armature_space": 0.04953383679659809,
      "parent": "lowerarm_l",
      "has_children": true,
      "is_end_bone": false
    },
    "thumb_01_l": {
      "name": "thumb_01_l",
      "local": {
        "location": {
          "x": 0.0,
          "y": 0.0,
          "z": 0.0
        },
        "rotation_quaternion": {
          "w": 0.9980423450469971,
          "x": -0.06009688973426819,
          "y": 0.00956355594098568,
          "z": -0.01444242149591446
        },
        "scale": {
          "x": 1.0,
          "y": 1.0,
          "z": 1.0
        },
        "matrix_basis": [
          [
            0.9993999004364014,
            0.02767881564795971,
            0.02082555741071701,
            0.0
          ],
          [
            -0.02997777611017227,
            0.9923595786094666,
            0.11968223750591278,
            0.0
          ],
          [
            -0.017353778705000877,
            -0.12023472040891647,
            0.9925938248634338,
            0.0
          ],
          [
            0.0,
            0.0,
            0.0,
            1.0
          ]
        ],
        "rotation_mode": "QUATERNION"
      },
      "armature_space": {
        "head": {
          "x": 0.7229604721069336,
          "y": -0.17503313720226288,
          "z": 0.34032222628593445
        },
        "tail": {
          "x": 0.7221227288246155,
          "y": -0.17471741139888763,
          "z": 0.3062951862812042
        }
      },
      "world_space": {
        "head": {
          "x": 0.7229604721069336,
          "y": -0.11178913712501526,
          "z": 1.290176272392273
        },
        "tail": {
          "x": 0.7221227288246155,
          "y": -0.11147341132164001,
          "z": 1.256149172782898
        },
        "rotation_quaternion": {
          "w": 0.6101601719856262,
          "x": -0.6132146120071411,
          "y": 0.3637892007827759,
          "z": -0.34544169902801514
        },
        "matrix": [
          [
            0.4966544508934021,
            -0.024611979722976685,
            0.8675990700721741,
            0.7229604721069336
          ],
          [
            -0.8677111864089966,
            0.00927535817027092,
            0.49698200821876526,
            -0.11178913712501526
          ],
          [
            -0.020279744639992714,
            -0.9996609687805176,
            -0.0167490616440773,
            1.290176272392273
          ],
          [
            0.0,
            0.0,
            0.0,
            1.0
          ]
        ]
      },
      "bone_length_armature_space": 0.0340388150480146,
      "parent": "metacarpal_thumb_l",
      "has_children": true,
      "is_end_bone": false
    },
    "thumb_02_l": {
      "name": "thumb_02_l",
      "local": {
        "location": {
          "x": 0.0,
          "y": 0.0,
          "z": 0.0
        },
        "rotation_quaternion": {
          "w": 0.9935132265090942,
          "x": 0.11338222026824951,
          "y": -0.005280409939587116,
          "z": 0.00693405419588089
        },
        "scale": {
          "x": 1.0,
          "y": 1.0,
          "z": 1.0
        },
        "matrix_basis": [
          [
            0.9998480677604675,
            -0.014975558035075665,
            -0.008919917047023773,
            0.0
          ],
          [
            0.01258074026554823,
            0.9741927981376648,
            -0.22536669671535492,
            0.0
          ],
          [
            0.012064711190760136,
            0.22522024810314178,
            0.9742331504821777,
            0.0
          ],
          [
            0.0,
            0.0,
            0.0,
            1.0
          ]
        ],
        "rotation_mode": "QUATERNION"
      },
      "armature_space": {
        "head": {
          "x": 0.7221226096153259,
          "y": -0.17471741139888763,
          "z": 0.3062952160835266
        },
        "tail": {
          "x": 0.7591911554336548,
          "y": -0.18398720026016235,
          "z": 0.2939188480377197
        }
      },
      "world_space": {
        "head": {
          "x": 0.7221226096153259,
          "y": -0.11147341132164001,
          "z": 1.2561492919921875
        },
        "tail": {
          "x": 0.7591911554336548,
          "y": -0.12074320018291473,
          "z": 1.2437728643417358
        },
        "rotation_quaternion": {
          "w": 0.6135167479515076,
          "x": -0.13712899386882782,
          "y": 0.09054909646511078,
          "z": -0.7723948359489441
        },
        "matrix": [
          [
            -0.209585040807724,
            0.922920286655426,
            0.322942316532135,
            0.7221226096153259
          ],
          [
            -0.9725880026817322,
            -0.2307959645986557,
            0.028384588658809662,
            -0.11147341132164001
          ],
          [
            0.10073040425777435,
            -0.30814307928085327,
            0.9459993839263916,
            1.2561492919921875
          ],
          [
            0.0,
            0.0,
            0.0,
            1.0
          ]
        ]
      },
      "bone_length_armature_space": 0.040164418723811705,
      "parent": "thumb_01_l",
      "has_children": true,
      "is_end_bone": false
    },
    "thumb_03_l": {
      "name": "thumb_03_l",
      "local": {
        "location": {
          "x": 0.0,
          "y": 0.0,
          "z": 0.0
        },
        "rotation_quaternion": {
          "w": 0.9971892833709717,
          "x": 0.07479792088270187,
          "y": 0.0032683871686458588,
          "z": -0.002883013105019927
        },
        "scale": {
          "x": 1.0,
          "y": 1.0,
          "z": 1.0
        },
        "matrix_basis": [
          [
            0.9999620318412781,
            0.006238756701350212,
            0.006087114568799734,
            0.0
          ],
          [
            -0.005260882433503866,
            0.9887939095497131,
            -0.14919421076774597,
            0.0
          ],
          [
            -0.00694968830794096,
            0.14915652573108673,
            0.9887892007827759,
            0.0
          ],
          [
            0.0,
            0.0,
            0.0,
            1.0
          ]
        ],
        "rotation_mode": "QUATERNION"
      },
      "armature_space": {
        "head": {
          "x": 0.75919109582901,
          "y": -0.18398723006248474,
          "z": 0.29391878843307495
        },
        "tail": {
          "x": 0.7893469929695129,
          "y": -0.1872016340494156,
          "z": 0.2965981066226959
        }
      },
      "world_space": {
        "head": {
          "x": 0.75919109582901,
          "y": -0.12074322998523712,
          "z": 1.2437727451324463
        },
        "tail": {
          "x": 0.7893469929695129,
          "y": -0.12395763397216797,
          "z": 1.2464520931243896
        },
        "rotation_quaternion": {
          "w": 0.6647926568984985,
          "x": 0.14572885632514954,
          "y": 0.07252445816993713,
          "z": -0.7290776371955872
        },
        "matrix": [
          [
            -0.07362750917673111,
            0.9905086159706116,
            -0.1160656288266182,
            0.75919109582901
          ],
          [
            -0.948232889175415,
            -0.1055809035897255,
            -0.29951122403144836,
            -0.12074322998523712
          ],
          [
            -0.3089257478713989,
            0.08800565451383591,
            0.9470130801200867,
            1.2437727451324463
          ],
          [
            0.0,
            0.0,
            0.0,
            1.0
          ]
        ]
      },
      "bone_length_armature_space": 0.030444855894262192,
      "parent": "thumb_02_l",
      "has_children": false,
      "is_end_bone": true
    },
    "metacarpal_index_l": {
      "name": "metacarpal_index_l",
      "local": {
        "location": {
          "x": 0.0,
          "y": 0.0,
          "z": 0.0
        },
        "rotation_quaternion": {
          "w": 0.9997912049293518,
          "x": -0.019084298983216286,
          "y": -0.004221925977617502,
          "z": -0.005974842235445976
        },
        "scale": {
          "x": 1.0,
          "y": 1.0,
          "z": 1.0
        },
        "matrix_basis": [
          [
            0.9998929500579834,
            0.012108334340155125,
            -0.008214037865400314,
            0.0
          ],
          [
            -0.01178604457527399,
            0.999200165271759,
            0.03821107745170593,
            0.0
          ],
          [
            0.0086701400578022,
            -0.03811017796397209,
            0.9992359280586243,
            0.0
          ],
          [
            0.0,
            0.0,
            0.0,
            1.0
          ]
        ],
        "rotation_mode": "QUATERNION"
      },
      "armature_space": {
        "head": {
          "x": 0.6983121633529663,
          "y": -0.14855675399303436,
          "z": 0.3741610050201416
        },
        "tail": {
          "x": 0.7891296148300171,
          "y": -0.1933874785900116,
          "z": 0.31524020433425903
        }
      },
      "world_space": {
        "head": {
          "x": 0.6983121633529663,
          "y": -0.08531275391578674,
          "z": 1.3240150213241577
        },
        "tail": {
          "x": 0.7891296148300171,
          "y": -0.13014347851276398,
          "z": 1.26509428024292
        },
        "rotation_quaternion": {
          "w": 0.20372964441776276,
          "x": -0.814860463142395,
          "y": -0.5169048309326172,
          "z": 0.16524545848369598
        },
        "matrix": [
          [
            0.4110051095485687,
            0.7750799655914307,
            -0.47992241382598877,
            0.6983121633529663
          ],
          [
            0.9097419381141663,
            -0.3826069235801697,
            0.16118787229061127,
            -0.08531275391578674
          ],
          [
            -0.058687709271907806,
            -0.502858579158783,
            -0.8623821139335632,
            1.3240150213241577
          ],
          [
            0.0,
            0.0,
            0.0,
            1.0
          ]
        ]
      },
      "bone_length_armature_space": 0.11717194215498171,
      "parent": "lowerarm_l",
      "has_children": true,
      "is_end_bone": false
    },
    "index_01_l": {
      "name": "index_01_l",
      "local": {
        "location": {
          "x": 0.0,
          "y": 0.0,
          "z": 0.0
        },
        "rotation_quaternion": {
          "w": 0.9927568435668945,
          "x": -0.1196235939860344,
          "y": -0.007106384262442589,
          "z": -0.008582924492657185
        },
        "scale": {
          "x": 1.0,
          "y": 1.0,
          "z": 1.0
        },
        "matrix_basis": [
          [
            0.9997516870498657,
            0.018741697072982788,
            -0.01205638237297535,
            0.0
          ],
          [
            -0.015341331250965595,
            0.971233069896698,
            0.2376362681388855,
            0.0
          ],
          [
            0.016163263469934464,
            -0.23739229142665863,
            0.9712793827056885,
            0.0
          ],
          [
            0.0,
            0.0,
            0.0,
            1.0
          ]
        ],
        "rotation_mode": "QUATERNION"
      },
      "armature_space": {
        "head": {
          "x": 0.7891296148300171,
          "y": -0.1933874785900116,
          "z": 0.31524020433425903
        },
        "tail": {
          "x": 0.8172579407691956,
          "y": -0.19575107097625732,
          "z": 0.3112053871154785
        }
      },
      "world_space": {
        "head": {
          "x": 0.7891296148300171,
          "y": -0.13014347851276398,
          "z": 1.26509428024292
        },
        "tail": {
          "x": 0.8172579407691956,
          "y": -0.1325070708990097,
          "z": 1.2610594034194946
        },
        "rotation_quaternion": {
          "w": 0.09317288547754288,
          "x": -0.7358227372169495,
          "y": -0.6707258224487305,
          "z": 0.0032661105506122112
        },
        "matrix": [
          [
            0.10023221373558044,
            0.9864616394042969,
            -0.1297946572303772,
            0.7891296148300171
          ],
          [
            0.9876794219017029,
            -0.08289127051830292,
            0.1327347457408905,
            -0.13014347851276398
          ],
          [
            0.12018072605133057,
            -0.14150097966194153,
            -0.9826229810714722,
            1.26509428024292
          ],
          [
            0.0,
            0.0,
            0.0,
            1.0
          ]
        ]
      },
      "bone_length_armature_space": 0.028514365244527513,
      "parent": "metacarpal_index_l",
      "has_children": true,
      "is_end_bone": false
    },
    "index_02_l": {
      "name": "index_02_l",
      "local": {
        "location": {
          "x": 0.0,
          "y": 0.0,
          "z": 0.0
        },
        "rotation_quaternion": {
          "w": 0.999951183795929,
          "x": 0.007900822907686234,
          "y": -0.002686266554519534,
          "z": 0.005307539366185665
        },
        "scale": {
          "x": 1.0,
          "y": 1.0,
          "z": 1.0
        },
        "matrix_basis": [
          [
            0.9999292492866516,
            -0.010657007806003094,
            -0.005288403015583754,
            0.0
          ],
          [
            0.01057211309671402,
            0.9998188018798828,
            -0.015829389914870262,
            0.0
          ],
          [
            0.005456138867884874,
            0.01577235944569111,
            0.9998607039451599,
            0.0
          ],
          [
            0.0,
            0.0,
            0.0,
            1.0
          ]
        ],
        "rotation_mode": "QUATERNION"
      },
      "armature_space": {
        "head": {
          "x": 0.8172582387924194,
          "y": -0.19575129449367523,
          "z": 0.3112049996852875
        },
        "tail": {
          "x": 0.8426696062088013,
          "y": -0.19745086133480072,
          "z": 0.30812862515449524
        }
      },
      "world_space": {
        "head": {
          "x": 0.8172582387924194,
          "y": -0.1325072944164276,
          "z": 1.261059045791626
        },
        "tail": {
          "x": 0.8426696062088013,
          "y": -0.1342068612575531,
          "z": 1.257982611656189
        },
        "rotation_quaternion": {
          "w": 0.061936743557453156,
          "x": -0.7298325300216675,
          "y": -0.6804690361022949,
          "z": 0.021685689687728882
        },
        "matrix": [
          [
            0.07298317551612854,
            0.9905703067779541,
            -0.1159466877579689,
            0.8172582387924194
          ],
          [
            0.9959432482719421,
            -0.06625155359506607,
            0.060892704874277115,
            -0.1325072944164276
          ],
          [
            0.052638228982686996,
            -0.11992146074771881,
            -0.9913939833641052,
            1.261059045791626
          ],
          [
            0.0,
            0.0,
            0.0,
            1.0
          ]
        ]
      },
      "bone_length_armature_space": 0.02565326838053473,
      "parent": "index_01_l",
      "has_children": true,
      "is_end_bone": false
    },
    "index_03_l": {
      "name": "index_03_l",
      "local": {
        "location": {
          "x": 0.0,
          "y": 0.0,
          "z": 0.0
        },
        "rotation_quaternion": {
          "w": 0.9998936057090759,
          "x": 0.013140768744051456,
          "y": -0.0002260556211695075,
          "z": 0.006333553697913885
        },
        "scale": {
          "x": 1.0,
          "y": 1.0,
          "z": 1.0
        },
        "matrix_basis": [
          [
            0.9999196529388428,
            -0.012671700678765774,
            -0.0002856076171156019,
            0.0
          ],
          [
            0.01265981886535883,
            0.9995744228363037,
            -0.026281604543328285,
            0.0
          ],
          [
            0.0006185186794027686,
            0.0262758769094944,
            0.9996545314788818,
            0.0
          ],
          [
            0.0,
            0.0,
            0.0,
            1.0
          ]
        ],
        "rotation_mode": "QUATERNION"
      },
      "armature_space": {
        "head": {
          "x": 0.8426696062088013,
          "y": -0.1974509060382843,
          "z": 0.3081287741661072
        },
        "tail": {
          "x": 0.8711079359054565,
          "y": -0.19683867692947388,
          "z": 0.3014490008354187
        }
      },
      "world_space": {
        "head": {
          "x": 0.8426696062088013,
          "y": -0.13420690596103668,
          "z": 1.2579827308654785
        },
        "tail": {
          "x": 0.8711079359054565,
          "y": -0.13359467685222626,
          "z": 1.25130295753479
        },
        "rotation_quaternion": {
          "w": 0.12915953993797302,
          "x": -0.6988218426704407,
          "y": -0.7027053236961365,
          "z": 0.03422066196799278
        },
        "matrix": [
          [
            0.010068914853036404,
            0.9732921123504639,
            -0.2293490171432495,
            0.8426696062088013
          ],
          [
            0.9909715056419373,
            0.020953385159373283,
            0.13242600858211517,
            -0.13420690596103668
          ],
          [
            0.1336967796087265,
            -0.22861337661743164,
            -0.964300274848938,
            1.2579827308654785
          ],
          [
            0.0,
            0.0,
            0.0,
            1.0
          ]
        ]
      },
      "bone_length_armature_space": 0.029218705951842335,
      "parent": "index_02_l",
      "has_children": false,
      "is_end_bone": true
    },
    "metacarpal_pinky_l": {
      "name": "metacarpal_pinky_l",
      "local": {
        "location": {
          "x": 0.0,
          "y": 0.0,
          "z": 0.0
        },
        "rotation_quaternion": {
          "w": 0.999717116355896,
          "x": -0.013456307351589203,
          "y": -0.010612902231514454,
          "z": 0.016491295769810677
        },
        "scale": {
          "x": 1.0,
          "y": 1.0,
          "z": 1.0
        },
        "matrix_basis": [
          [
            0.9992308020591736,
            -0.03268764168024063,
            -0.021663624793291092,
            0.0
          ],
          [
            0.03325888141989708,
            0.9990939497947693,
            0.026554960757493973,
            0.0
          ],
          [
            0.02077597565948963,
            -0.027255043387413025,
            0.9994125962257385,
            0.0
          ],
          [
            0.0,
            0.0,
            0.0,
            1.0
          ]
        ],
        "rotation_mode": "QUATERNION"
      },
      "armature_space": {
        "head": {
          "x": 0.6983121633529663,
          "y": -0.14855675399303436,
          "z": 0.3741610050201416
        },
        "tail": {
          "x": 0.801224946975708,
          "y": -0.1418066918849945,
          "z": 0.3597869873046875
        }
      },
      "world_space": {
        "head": {
          "x": 0.6983121633529663,
          "y": -0.08531275391578674,
          "z": 1.3240150213241577
        },
        "tail": {
          "x": 0.801224946975708,
          "y": -0.07856269180774689,
          "z": 1.3096410036087036
        },
        "rotation_quaternion": {
          "w": 0.6207952499389648,
          "x": 0.27540668845176697,
          "y": 0.3834361732006073,
          "z": -0.6258923411369324
        },
        "matrix": [
          [
            -0.07752718031406403,
            0.9883032441139221,
            0.1313234269618988,
            0.6983121633529663
          ],
          [
            -0.5659012794494629,
            0.06482293456792831,
            -0.8219208121299744,
            -0.08531275391578674
          ],
          [
            -0.8208261728286743,
            -0.1380382776260376,
            0.5542595386505127,
            1.3240150213241577
          ],
          [
            0.0,
            0.0,
            0.0,
            1.0
          ]
        ]
      },
      "bone_length_armature_space": 0.1041307688438453,
      "parent": "lowerarm_l",
      "has_children": true,
      "is_end_bone": false
    },
    "pinky_01_l": {
      "name": "pinky_01_l",
      "local": {
        "location": {
          "x": 0.0,
          "y": 0.0,
          "z": 0.0
        },
        "rotation_quaternion": {
          "w": 0.9950900077819824,
          "x": -0.095526784658432,
          "y": 0.016247231513261795,
          "z": -0.02016816847026348
        },
        "scale": {
          "x": 1.0,
          "y": 1.0,
          "z": 1.0
        },
        "matrix_basis": [
          [
            0.9986585378646851,
            0.03703419491648674,
            0.03618811443448067,
            0.0
          ],
          [
            -0.043242376297712326,
            0.9809357523918152,
            0.1894601434469223,
            0.0
          ],
          [
            -0.02848171442747116,
            -0.19077084958553314,
            0.9812213182449341,
            0.0
          ],
          [
            0.0,
            0.0,
            0.0,
            1.0
          ]
        ],
        "rotation_mode": "QUATERNION"
      },
      "armature_space": {
        "head": {
          "x": 0.801224946975708,
          "y": -0.1418066918849945,
          "z": 0.3597869873046875
        },
