{
  "metadata": {
    "armature_name": "KIM_caucasian_male",
    "export_time": "2026-01-13T21:04:16.090504",
    "blender_version": "4.4.1",
    "bone_count": 56,
    "end_bone_count": 13,
    "spaces_included": [
      "LOCAL_CHANNELS",
      "ARMATURE_SPACE",
      "WORLD_SPACE"
    ],
    "note": "LOCAL matches Transform panel; replay pose via local.matrix_basis for best fidelity."
  },
  "bones": {
    "Root": {
      "name": "Root",
      "local": {
        "location": {
          "x": 0.0,
          "y": 0.0,
          "z": 0.0
        },
        "rotation_quaternion": {
          "w": 0.9997520446777344,
          "x": 0.007898956537246704,
          "y": 0.012672754935920238,
          "z": 0.01652386598289013
        },
        "scale": {
          "x": 1.0,
          "y": 1.0,
          "z": 1.0
        },
        "matrix_basis": [
          [
            0.9991327524185181,
            -0.032839335501194,
            0.025600267574191093,
            0.0
          ],
          [
            0.03323974087834358,
            0.999329149723053,
            -0.015375190414488316,
            0.0
          ],
          [
            -0.02507818304002285,
            0.01621280238032341,
            0.9995540380477905,
            0.0
          ],
          [
            0.0,
            0.0,
            0.0,
            1.0
          ]
        ],
        "rotation_mode": "QUATERNION"
      },
      "armature_space": {
        "head": {
          "x": 0.0,
          "y": 0.07072800397872925,
          "z": -0.009595036506652832
        },
        "tail": {
          "x": -0.002343936124816537,
          "y": -0.00010811537504196167,
          "z": -0.0011531440541148186
        }
      },
      "world_space": {
        "head": {
          "x": 0.0,
          "y": 0.13397200405597687,
          "z": 0.9402589797973633
        },
        "tail": {
          "x": -0.002343936124816537,
          "y": 0.06313588470220566,
          "z": 0.9487008452415466
        },
        "rotation_quaternion": {
          "w": 0.05946992710232735,
          "x": 0.998012900352478,
          "y": -0.015632592141628265,
          "z": 0.01375714223831892
        },
        "matrix": [
          [
            0.9991327524185181,
            -0.032839335501194,
            0.025600267574191093,
            0.0
          ],
          [
            -0.029566777870059013,
            -0.9924378991127014,
            -0.11913411319255829,
            0.13397200405597687
          ],
          [
            0.02931913733482361,
            0.11827375739812851,
            -0.9925552010536194,
            0.9402589797973633
          ],
          [
            0.0,
            0.0,
            0.0,
            1.0
          ]
        ]
      },
      "bone_length_armature_space": 0.07137587548206378,
      "parent": null,
      "has_children": true,
      "is_end_bone": false
    },
    "spine_01": {
      "name": "spine_01",
      "local": {
        "location": {
          "x": 0.0,
          "y": 0.0,
          "z": 0.0
        },
        "rotation_quaternion": {
          "w": 0.9989166259765625,
          "x": -0.009800884872674942,
          "y": -0.005551542155444622,
          "z": 0.04515325650572777
        },
        "scale": {
          "x": 1.0,
          "y": 1.0,
          "z": 1.0
        },
        "matrix_basis": [
          [
            0.995860755443573,
            -0.09009985625743866,
            -0.01197613961994648,
            0.0
          ],
          [
            0.0903174951672554,
            0.9957302808761597,
            0.019079193472862244,
            0.0
          ],
          [
            0.010205972008407116,
            -0.02008187398314476,
            0.9997462630271912,
            0.0
          ],
          [
            0.0,
            0.0,
            0.0,
            1.0
          ]
        ],
        "rotation_mode": "QUATERNION"
      },
      "armature_space": {
        "head": {
          "x": -0.002343936124816537,
          "y": -0.00010811537504196167,
          "z": -0.0011531440541148186
        },
        "tail": {
          "x": -0.05977127328515053,
          "y": 0.026225315406918526,
          "z": 0.4827447831630707
        }
      },
      "world_space": {
        "head": {
          "x": -0.002343936124816537,
          "y": 0.06313588470220566,
          "z": 0.9487008452415466
        },
        "tail": {
          "x": -0.05977127328515053,
          "y": 0.089469313621521,
          "z": 1.4325988292694092
        },
        "rotation_quaternion": {
          "w": 0.7237554788589478,
          "x": 0.6871965527534485,
          "y": -0.0562019944190979,
          "z": 0.02793419361114502
        },
        "matrix": [
          [
            0.9921221137046814,
            -0.1176786720752716,
            -0.042959682643413544,
            -0.002343936124816537
          ],
          [
            -0.036807749420404434,
            0.05396181344985962,
            -0.9978644847869873,
            0.06313588470220566
          ],
          [
            0.11974633485078812,
            0.9915916323661804,
            0.049204643815755844,
            0.9487008452415466
          ],
          [
            0.0,
            0.0,
            0.0,
            1.0
          ]
        ]
      },
      "bone_length_armature_space": 0.4880046650620265,
      "parent": "Root",
      "has_children": true,
      "is_end_bone": false
    },
    "neck_01": {
      "name": "neck_01",
      "local": {
        "location": {
          "x": 0.0,
          "y": 0.0,
          "z": 0.0
        },
        "rotation_quaternion": {
          "w": 0.9988052845001221,
          "x": -0.0009226155816577375,
          "y": -0.046149104833602905,
          "z": 0.016048641875386238
        },
        "scale": {
          "x": 1.0,
          "y": 1.0,
          "z": 1.0
        },
        "matrix_basis": [
          [
            0.9952254295349121,
            -0.03197377920150757,
            -0.09221754968166351,
            0.0
          ],
          [
            0.03214409202337265,
            0.9994831681251526,
            0.0003617657348513603,
            0.0
          ],
          [
            0.09215832501649857,
            -0.0033242874778807163,
            0.9957388043403625,
            0.0
          ],
          [
            0.0,
            0.0,
            0.0,
            1.0
          ]
        ],
        "rotation_mode": "QUATERNION"
      },
      "armature_space": {
        "head": {
          "x": -0.06987738609313965,
          "y": -0.004430064931511879,
          "z": 0.5570540428161621
        },
        "tail": {
          "x": -0.08595730364322662,
          "y": -0.03771233558654785,
          "z": 0.6526808142662048
        }
      },
      "world_space": {
        "head": {
          "x": -0.06987738609313965,
          "y": 0.05881393700838089,
          "z": 1.5069080591201782
        },
        "tail": {
          "x": -0.08595730364322662,
          "y": 0.025531664490699768,
          "z": 1.6025347709655762
        },
        "rotation_quaternion": {
          "w": 0.5741066932678223,
          "x": 0.8137782216072083,
          "y": -0.08990282565355301,
          "z": 0.009164228104054928
        },
        "matrix": [
          [
            0.9836670160293579,
            -0.15684457123279572,
            -0.08831311017274857,
            -0.06987738609313965
          ],
          [
            -0.13580018281936646,
            -0.3246375024318695,
            -0.9360390901565552,
            0.05881393700838089
          ],
          [
            0.11814360320568085,
            0.9327496886253357,
            -0.3406379818916321,
            1.5069080591201782
          ],
          [
            0.0,
            0.0,
            0.0,
            1.0
          ]
        ]
      },
      "bone_length_armature_space": 0.10252196291420511,
      "parent": "spine_01",
      "has_children": true,
      "is_end_bone": false
    },
    "head": {
      "name": "head",
      "local": {
        "location": {
          "x": 0.0,
          "y": 0.0,
          "z": 0.0
        },
        "rotation_quaternion": {
          "w": 0.9896291494369507,
          "x": 0.032161008566617966,
          "y": -0.12136025726795197,
          "z": -0.0697971060872078
        },
        "scale": {
          "x": 1.0,
          "y": 1.0,
          "z": 1.0
        },
        "matrix_basis": [
          [
            0.9608001112937927,
            0.1303403675556183,
            -0.24469278752803802,
            0.0
          ],
          [
            -0.14595264196395874,
            0.9881880879402161,
            -0.046713754534721375,
            0.0
          ],
          [
            0.23571380972862244,
            0.08059613406658173,
            0.9684746861457825,
            0.0
          ],
          [
            0.0,
            0.0,
            0.0,
            1.0
          ]
        ],
        "rotation_mode": "QUATERNION"
      },
      "armature_space": {
        "head": {
          "x": -0.08595730364322662,
          "y": -0.0377124585211277,
          "z": 0.6526806354522705
        },
        "tail": {
          "x": -0.08547227084636688,
          "y": -0.04740428924560547,
          "z": 0.807468056678772
        }
      },
      "world_space": {
        "head": {
          "x": -0.08595730364322662,
          "y": 0.02553154155611992,
          "z": 1.6025346517562866
        },
        "tail": {
          "x": -0.08547227084636688,
          "y": 0.01583971083164215,
          "z": 1.757322072982788
        },
        "rotation_quaternion": {
          "w": 0.6724240183830261,
          "x": 0.7154108881950378,
          "y": -0.12884113192558289,
          "z": -0.13940328359603882
        },
        "matrix": [
          [
            0.9279336333274841,
            0.0031274212524294853,
            -0.3727327883243561,
            -0.08595730364322662
          ],
          [
            -0.37182480096817017,
            -0.06249157339334488,
            -0.926197350025177,
            0.02553154155611992
          ],
          [
            -0.02618979476392269,
            0.9980477094650269,
            -0.056826479732990265,
            1.6025346517562866
          ],
          [
            0.0,
            0.0,
            0.0,
            1.0
          ]
        ]
      },
      "bone_length_armature_space": 0.15509130145287453,
      "parent": "neck_01",
      "has_children": false,
      "is_end_bone": true
    },
    "upperarm_l": {
      "name": "upperarm_l",
      "local": {
        "location": {
          "x": 0.0,
          "y": 0.0,
          "z": 0.0
        },
        "rotation_quaternion": {
          "w": 0.9601860046386719,
          "x": 0.1738436073064804,
          "y": 0.0836019292473793,
          "z": 0.2020692676305771
        },
        "scale": {
          "x": 1.0,
          "y": 1.0,
          "z": 1.0
        },
        "matrix_basis": [
          [
            0.9043574333190918,
            -0.35898083448410034,
            0.2308036983013153,
            0.0
          ],
          [
            0.4171154797077179,
            0.8578928112983704,
            -0.30005764961242676,
            0.0
          ],
          [
            -0.09028990566730499,
            0.3676311671733856,
            0.925578236579895,
            0.0
          ],
          [
            0.0,
            0.0,
            0.0,
            1.0
          ]
        ],
        "rotation_mode": "QUATERNION"
      },
      "armature_space": {
        "head": {
          "x": 0.08671285957098007,
          "y": -0.016760192811489105,
          "z": 0.5085302591323853
        },
        "tail": {
          "x": 0.30614393949508667,
          "y": -0.11216596513986588,
          "z": 0.629176676273346
        }
      },
      "world_space": {
        "head": {
          "x": 0.08671285957098007,
          "y": 0.046483807265758514,
          "z": 1.4583842754364014
        },
        "tail": {
          "x": 0.30614393949508667,
          "y": -0.048921965062618256,
          "z": 1.5790307521820068
        },
        "rotation_quaternion": {
          "w": 0.47819167375564575,
          "x": 0.7227655649185181,
          "y": 0.30547794699668884,
          "z": -0.3944944143295288
        },
        "matrix": [
          [
            0.5021147131919861,
            0.8188660740852356,
            -0.27809953689575195,
            0.08671285957098007
          ],
          [
            0.06429173797369003,
            -0.3560323119163513,
            -0.9322596192359924,
            0.046483807265758514
          ],
          [
            -0.8624140024185181,
            0.45022448897361755,
            -0.23141781985759735,
            1.4583842754364014
          ],
          [
            0.0,
            0.0,
            0.0,
            1.0
          ]
        ]
      },
      "bone_length_armature_space": 0.26796980195909437,
      "parent": "spine_01",
      "has_children": true,
      "is_end_bone": false
    },
    "lowerarm_l": {
      "name": "lowerarm_l",
      "local": {
        "location": {
          "x": 0.0,
          "y": 0.0,
          "z": 0.0
        },
        "rotation_quaternion": {
          "w": 0.9520955681800842,
          "x": 0.07627410441637039,
          "y": 0.007937217131257057,
          "z": -0.2960294783115387
        },
        "scale": {
          "x": 1.0,
          "y": 1.0,
          "z": 1.0
        },
        "matrix_basis": [
          [
            0.8246070742607117,
            0.5649074912071228,
            -0.030044788494706154,
            0.0
          ],
          [
            -0.5624858736991882,
            0.8130975961685181,
            -0.14993977546691895,
            0.0
          ],
          [
            -0.06027274578809738,
            0.1405411660671234,
            0.988238513469696,
            0.0
          ],
          [
            0.0,
            0.0,
            0.0,
            1.0
          ]
        ],
        "rotation_mode": "QUATERNION"
      },
      "armature_space": {
        "head": {
          "x": 0.30614393949508667,
          "y": -0.11216605454683304,
          "z": 0.6291767954826355
        },
        "tail": {
          "x": 0.5268175601959229,
          "y": -0.26001426577568054,
          "z": 0.5973421335220337
        }
      },
      "world_space": {
        "head": {
          "x": 0.30614393949508667,
          "y": -0.04892205446958542,
          "z": 1.5790307521820068
        },
        "tail": {
          "x": 0.5268175601959229,
          "y": -0.19677026569843292,
          "z": 1.5471961498260498
        },
        "rotation_quaternion": {
          "w": 0.25417229533195496,
          "x": 0.6678106784820557,
          "y": 0.3988346457481384,
          "z": -0.5747663378715515
        },
        "matrix": [
          [
            0.021148258820176125,
            0.8248724937438965,
            -0.5649230480194092,
            0.30614393949508667
          ],
          [
            0.24051238596439362,
            -0.5526530146598816,
            -0.7979528903961182,
            -0.04892205446958542
          ],
          [
            -0.9704222679138184,
            -0.11899716407060623,
            -0.21008190512657166,
            1.5790307521820068
          ],
          [
            0.0,
            0.0,
            0.0,
            1.0
          ]
        ]
      },
      "bone_length_armature_space": 0.26752455551031484,
      "parent": "upperarm_l",
      "has_children": true,
      "is_end_bone": false
    },
    "metacarpal_thumb_l": {
      "name": "metacarpal_thumb_l",
      "local": {
        "location": {
          "x": 0.0,
          "y": 0.0,
          "z": 0.0
        },
        "rotation_quaternion": {
          "w": 0.9997380971908569,
          "x": 0.013476799242198467,
          "y": 0.013172020204365253,
          "z": 0.01299199927598238
        },
        "scale": {
          "x": 1.0,
          "y": 1.0,
          "z": 1.0
        },
        "matrix_basis": [
          [
            0.9993154406547546,
            -0.025622159242630005,
            0.026687322184443474,
            0.0
          ],
          [
            0.026332227513194084,
            0.999299168586731,
            -0.02660427801311016,
            0.0
          ],
          [
            -0.025986960157752037,
            0.027288800105452538,
            0.9992897510528564,
            0.0
          ],
          [
            0.0,
            0.0,
            0.0,
            1.0
          ]
        ],
        "rotation_mode": "QUATERNION"
      },
      "armature_space": {
        "head": {
          "x": 0.5268175601959229,
          "y": -0.26001426577568054,
          "z": 0.5973421335220337
        },
        "tail": {
          "x": 0.5414063334465027,
          "y": -0.30253511667251587,
          "z": 0.5765398740768433
        }
      },
      "world_space": {
        "head": {
          "x": 0.5268175601959229,
          "y": -0.19677026569843292,
          "z": 1.5471961498260498
        },
        "tail": {
          "x": 0.5414063334465027,
          "y": -0.23929111659526825,
          "z": 1.5263938903808594
        },
        "rotation_quaternion": {
          "w": 0.21607457101345062,
          "x": -0.9638936519622803,
          "y": -0.15524224936962128,
          "z": 0.010993963107466698
        },
        "matrix": [
          [
            0.951557993888855,
            0.2945229411125183,
            -0.0882822573184967,
            0.5268175601959229
          ],
          [
            0.3040255010128021,
            -0.8584235310554504,
            0.4131317436695099,
            -0.19677026569843292
          ],
          [
            0.045893751084804535,
            -0.4199625849723816,
            -0.906387984752655,
            1.5471961498260498
          ],
          [
            0.0,
            0.0,
            0.0,
            1.0
          ]
        ]
      },
      "bone_length_armature_space": 0.049533716200882934,
      "parent": "lowerarm_l",
      "has_children": true,
      "is_end_bone": false
    },
    "thumb_01_l": {
      "name": "thumb_01_l",
      "local": {
        "location": {
          "x": 0.0,
          "y": 0.0,
          "z": 0.0
        },
        "rotation_quaternion": {
          "w": 0.9811605215072632,
          "x": 0.19184309244155884,
          "y": 0.02168261632323265,
          "z": -0.007077420130372047
        },
        "scale": {
          "x": 1.0,
          "y": 1.0,
          "z": 1.0
        },
        "matrix_basis": [
          [
            0.9989595413208008,
            0.022207491099834442,
            0.039832744747400284,
            0.0
          ],
          [
            -0.005568850319832563,
            0.9262923002243042,
            -0.3767646551132202,
            0.0
          ],
          [
            -0.04526376351714134,
            0.37615081667900085,
            0.9254521727561951,
            0.0
          ],
          [
            0.0,
            0.0,
            0.0,
            1.0
          ]
        ],
        "rotation_mode": "QUATERNION"
      },
      "armature_space": {
        "head": {
          "x": 0.5414063334465027,
          "y": -0.30253511667251587,
          "z": 0.5765398740768433
        },
        "tail": {
          "x": 0.5543584823608398,
          "y": -0.3091903030872345,
          "z": 0.5457731485366821
        }
      },
      "world_space": {
        "head": {
          "x": 0.5414063334465027,
          "y": -0.23929111659526825,
          "z": 1.5263938903808594
        },
        "tail": {
          "x": 0.5543584823608398,
          "y": -0.24594630300998688,
          "z": 1.4956271648406982
        },
        "rotation_quaternion": {
          "w": 0.5793694257736206,
          "x": -0.5289056897163391,
          "y": 0.25801706314086914,
          "z": -0.5639299750328064
        },
        "matrix": [
          [
            0.23081669211387634,
            0.3805135488510132,
            0.8955073356628418,
            0.5414063334465027
          ],
          [
            -0.9263817667961121,
            -0.19551852345466614,
            0.3218533992767334,
            -0.23929111659526825
          ],
          [
            0.2975589334964752,
            -0.9038772583007812,
            0.30737417936325073,
            1.5263938903808594
          ],
          [
            0.0,
            0.0,
            0.0,
            1.0
          ]
        ]
      },
      "bone_length_armature_space": 0.034038816720478295,
      "parent": "metacarpal_thumb_l",
      "has_children": true,
      "is_end_bone": false
    },
    "thumb_02_l": {
      "name": "thumb_02_l",
      "local": {
        "location": {
          "x": 0.0,
          "y": 0.0,
          "z": 0.0
        },
        "rotation_quaternion": {
          "w": 0.9283127784729004,
          "x": 0.3717014193534851,
          "y": 0.006073708180338144,
          "z": -0.006050118710845709
        },
        "scale": {
          "x": 1.0,
          "y": 1.0,
          "z": 1.0
        },
        "matrix_basis": [
          [
            0.9998530149459839,
            0.01574801653623581,
            0.0067789265885949135,
            0.0
          ],
          [
            -0.006717592943459749,
            0.7236028909683228,
            -0.6901838183403015,
            0.0
          ],
          [
            -0.015774277970194817,
            0.6900368332862854,
            0.7236023545265198,
            0.0
          ],
          [
            0.0,
            0.0,
            0.0,
            1.0
          ]
        ],
        "rotation_mode": "QUATERNION"
      },
      "armature_space": {
        "head": {
          "x": 0.5543584227561951,
          "y": -0.3091902732849121,
          "z": 0.5457732081413269
        },
        "tail": {
          "x": 0.5823743343353271,
          "y": -0.3224300444126129,
          "z": 0.5713272094726562
        }
      },
      "world_space": {
        "head": {
          "x": 0.5543584227561951,
          "y": -0.2459462732076645,
          "z": 1.4956271648406982
        },
        "tail": {
          "x": 0.5823743343353271,
          "y": -0.2591860294342041,
          "z": 1.5211812257766724
        },
        "rotation_quaternion": {
          "w": 0.48756736516952515,
          "x": 0.13790827989578247,
          "y": -0.3121826946735382,
          "z": -0.8036177158355713
        },
        "matrix": [
          [
            -0.48651742935180664,
            0.6975305676460266,
            -0.5260723233222961,
            0.5543584227561951
          ],
          [
            -0.8697417378425598,
            -0.32963913679122925,
            0.3672705292701721,
            -0.2459462732076645
          ],
          [
            0.08276811987161636,
            0.6362345218658447,
            0.7670522928237915,
            1.4956271648406982
          ],
          [
            0.0,
            0.0,
            0.0,
            1.0
          ]
        ]
      },
      "bone_length_armature_space": 0.04016453484355741,
      "parent": "thumb_01_l",
      "has_children": true,
      "is_end_bone": false
    },
    "thumb_03_l": {
      "name": "thumb_03_l",
      "local": {
        "location": {
          "x": 0.0,
          "y": 0.0,
          "z": 0.0
        },
        "rotation_quaternion": {
          "w": 0.9787023663520813,
          "x": 0.20523826777935028,
          "y": 0.0021454589441418648,
          "z": -0.003789700800552964
        },
        "scale": {
          "x": 1.0,
          "y": 1.0,
          "z": 1.0
        },
        "matrix_basis": [
          [
            0.9999620914459229,
            0.008298639208078384,
            0.0026439481880515814,
            0.0
          ],
          [
            -0.006537317764014006,
            0.9157257676124573,
            -0.4017506241798401,
            0.0
          ],
          [
            -0.005755114834755659,
            0.4017181098461151,
            0.9157453179359436,
            0.0
          ],
          [
            0.0,
            0.0,
            0.0,
            1.0
          ]
        ],
        "rotation_mode": "QUATERNION"
      },
      "armature_space": {
        "head": {
          "x": 0.5823743343353271,
          "y": -0.3224301040172577,
          "z": 0.5713270902633667
        },
        "tail": {
          "x": 0.5892845988273621,
          "y": -0.32400402426719666,
          "z": 0.6009357571601868
        }
      },
      "world_space": {
        "head": {
          "x": 0.5823743343353271,
          "y": -0.2591860890388489,
          "z": 1.5211811065673828
        },
        "tail": {
          "x": 0.5892845988273621,
          "y": -0.26076000928878784,
          "z": 1.5507898330688477
        },
        "rotation_quaternion": {
          "w": 0.5215858221054077,
          "x": 0.4273100793361664,
          "y": -0.4495542645454407,
          "z": -0.5858801007270813
        },
        "matrix": [
          [
            -0.09070786088705063,
            0.2269759178161621,
            -0.9696670770645142,
            0.5823743343353271
          ],
          [
            -0.9953718185424805,
            -0.051697034388780594,
            0.08101113140583038,
            -0.2591860890388489
          ],
          [
            -0.031742557883262634,
            0.9725341200828552,
            0.23061645030975342,
            1.5211811065673828
          ],
          [
            0.0,
            0.0,
            0.0,
            1.0
          ]
        ]
      },
      "bone_length_armature_space": 0.03044506741664792,
      "parent": "thumb_02_l",
      "has_children": false,
      "is_end_bone": true
    },
    "metacarpal_index_l": {
      "name": "metacarpal_index_l",
      "local": {
        "location": {
          "x": 0.0,
          "y": 0.0,
          "z": 0.0
        },
        "rotation_quaternion": {
          "w": 0.9997597336769104,
          "x": -0.021447399631142616,
          "y": 0.0045173210091888905,
          "z": 0.0004065670073032379
        },
        "scale": {
          "x": 1.0,
          "y": 1.0,
          "z": 1.0
        },
        "matrix_basis": [
          [
            0.999958872795105,
            -0.0010067082475870848,
            0.009015032090246677,
            0.0
          ],
          [
            0.0006191690918058157,
            0.999079704284668,
            0.04288816452026367,
            0.0
          ],
          [
            -0.009049911051988602,
            -0.042880818247795105,
            0.9990392327308655,
            0.0
          ],
          [
            0.0,
            0.0,
            0.0,
            1.0
          ]
        ],
        "rotation_mode": "QUATERNION"
      },
      "armature_space": {
        "head": {
          "x": 0.5268175601959229,
          "y": -0.26001426577568054,
          "z": 0.5973421335220337
        },
        "tail": {
          "x": 0.60087651014328,
          "y": -0.34809717535972595,
          "z": 0.575299084186554
        }
      },
      "world_space": {
        "head": {
          "x": 0.5268175601959229,
          "y": -0.19677026569843292,
          "z": 1.5471961498260498
        },
        "tail": {
          "x": 0.60087651014328,
          "y": -0.28485316038131714,
          "z": 1.5251531600952148
        },
        "rotation_quaternion": {
          "w": 0.011725440621376038,
          "x": -0.9053792357444763,
          "y": -0.3521241545677185,
          "z": 0.23698027431964874
        },
        "matrix": [
          [
            0.6396974325180054,
            0.6320549249649048,
            -0.43737128376960754,
            0.5268175601959229
          ],
          [
            0.6431692242622375,
            -0.7517420053482056,
            -0.14566272497177124,
            -0.19677026569843292
          ],
          [
            -0.4208594858646393,
            -0.1881258487701416,
            -0.8874120116233826,
            1.5471961498260498
          ],
          [
            0.0,
            0.0,
            0.0,
            1.0
          ]
        ]
      },
      "bone_length_armature_space": 0.11717176679457289,
      "parent": "lowerarm_l",
      "has_children": true,
      "is_end_bone": false
    },
    "index_01_l": {
      "name": "index_01_l",
      "local": {
        "location": {
          "x": 0.0,
          "y": 0.0,
          "z": 0.0
        },
        "rotation_quaternion": {
          "w": 0.9782209396362305,
          "x": 0.2074129432439804,
          "y": 0.007718531880527735,
          "z": -0.002057504840195179
        },
        "scale": {
          "x": 1.0,
          "y": 1.0,
          "z": 1.0
        },
        "matrix_basis": [
          [
            0.9998723864555359,
            0.007227235473692417,
            0.014247353188693523,
            0.0
          ],
          [
            -0.0008235418354161084,
            0.9139512777328491,
            -0.40582314133644104,
            0.0
          ],
          [
            -0.015954365953803062,
            0.4057596027851105,
            0.9138405919075012,
            0.0
          ],
          [
            0.0,
            0.0,
            0.0,
            1.0
          ]
        ],
        "rotation_mode": "QUATERNION"
      },
      "armature_space": {
        "head": {
          "x": 0.60087651014328,
          "y": -0.34809717535972595,
          "z": 0.575299084186554
        },
        "tail": {
          "x": 0.6198053359985352,
          "y": -0.36216166615486145,
          "z": 0.5592690110206604
        }
      },
      "world_space": {
        "head": {
          "x": 0.60087651014328,
          "y": -0.28485316038131714,
          "z": 1.5251531600952148
        },
        "tail": {
          "x": 0.6198053359985352,
          "y": -0.29891765117645264,
          "z": 1.5091230869293213
        },
        "rotation_quaternion": {
          "w": 0.17761839926242828,
          "x": -0.8140188455581665,
          "y": -0.47098881006240845,
          "z": 0.28981831669807434
        },
        "matrix": [
          [
            0.3883482813835144,
            0.6638343334197998,
            -0.6391475200653076,
            0.60087651014328
          ],
          [
            0.8697420358657837,
            -0.49324214458465576,
            0.016164645552635193,
            -0.28485316038131714
          ],
          [
            -0.30452507734298706,
            -0.562175452709198,
            -0.7689195871353149,
            1.5251531600952148
          ],
          [
            0.0,
            0.0,
            0.0,
            1.0
          ]
        ]
      },
      "bone_length_armature_space": 0.0285144456303531,
      "parent": "metacarpal_index_l",
      "has_children": true,
      "is_end_bone": false
    },
    "index_02_l": {
      "name": "index_02_l",
      "local": {
        "location": {
          "x": 0.0,
          "y": 0.0,
          "z": 0.0
        },
        "rotation_quaternion": {
          "w": 0.915810227394104,
          "x": 0.4014832079410553,
          "y": -0.008104466833174229,
          "z": -0.006103953346610069
        },
        "scale": {
          "x": 1.0,
          "y": 1.0,
          "z": 1.0
        },
        "matrix_basis": [
          [
            0.9997941255569458,
            0.004672511015087366,
            -0.01974557712674141,
            0.0
          ],
          [
            -0.017687739804387093,
            0.6775479316711426,
            -0.7352659106254578,
            0.0
          ],
          [
            0.009943037293851376,
            0.7354637980461121,
            0.6774911284446716,
            0.0
          ],
          [
            0.0,
            0.0,
            0.0,
            1.0
          ]
        ],
        "rotation_mode": "QUATERNION"
      },
      "armature_space": {
        "head": {
          "x": 0.6198053359985352,
          "y": -0.3621620535850525,
          "z": 0.5592686533927917
        },
        "tail": {
          "x": 0.6199209094047546,
          "y": -0.3712598979473114,
          "z": 0.5352829694747925
        }
      },
      "world_space": {
        "head": {
          "x": 0.6198053359985352,
          "y": -0.29891806840896606,
          "z": 1.509122610092163
        },
        "tail": {
          "x": 0.6199209094047546,
          "y": -0.3080158829689026,
          "z": 1.4851369857788086
        },
        "rotation_quaternion": {
          "w": 0.4581751525402069,
          "x": -0.6661483645439148,
          "y": -0.33578628301620483,
          "z": 0.48329031467437744
        },
        "matrix": [
          [
            0.30735698342323303,
            0.00450509786605835,
            -0.9515835046768188,
            0.6198053359985352
          ],
          [
            0.8902300000190735,
            -0.35464686155319214,
            0.2858608663082123,
            -0.29891806840896606
          ],
          [
            -0.33618971705436707,
            -0.9349964261054993,
            -0.11301428079605103,
            1.509122610092163
          ],
          [
            0.0,
            0.0,
            0.0,
            1.0
          ]
        ]
      },
      "bone_length_armature_space": 0.025653404856309805,
      "parent": "index_01_l",
      "has_children": true,
      "is_end_bone": false
    },
    "index_03_l": {
      "name": "index_03_l",
      "local": {
        "location": {
          "x": 0.0,
          "y": 0.0,
          "z": 0.0
        },
        "rotation_quaternion": {
          "w": 0.9670475721359253,
          "x": 0.2544390857219696,
          "y": 0.007781925145536661,
          "z": 0.004379476886242628
        },
        "scale": {
          "x": 1.0,
          "y": 1.0,
          "z": 1.0
        },
        "matrix_basis": [
          [
            0.999840497970581,
            -0.004510273225605488,
            0.017279604449868202,
            0.0
          ],
          [
            0.012430376373231411,
            0.8704831600189209,
            -0.4920412302017212,
            0.0
          ],
          [
            -0.012822363525629044,
            0.4921775758266449,
            0.8704003691673279,
            0.0
          ],
          [
            0.0,
            0.0,
            0.0,
            1.0
          ]
        ],
        "rotation_mode": "QUATERNION"
      },
      "armature_space": {
        "head": {
          "x": 0.6199210286140442,
          "y": -0.3712599575519562,
          "z": 0.5352829694747925
        },
        "tail": {
          "x": 0.6052610278129578,
          "y": -0.3722076714038849,
          "z": 0.5100257396697998
        }
      },
      "world_space": {
        "head": {
          "x": 0.6199210286140442,
          "y": -0.30801594257354736,
          "z": 1.4851369857788086
        },
        "tail": {
          "x": 0.6052610278129578,
          "y": -0.3089636564254761,
          "z": 1.459879755973816
        },
        "rotation_quaternion": {
          "w": 0.668323814868927,
          "x": -0.497158020734787,
          "y": -0.19268253445625305,
          "z": 0.5187009572982788
        },
        "matrix": [
          [
            0.387642502784729,
            -0.5017328262329102,
            -0.7733027338981628,
            0.6199210286140442
          ],
          [
            0.8849091529846191,
            -0.032435521483421326,
            0.46463319659233093,
            -0.30801594257354736
          ],
          [
            -0.2582051455974579,
            -0.8644204139709473,
            0.4314180612564087,
            1.4851369857788086
          ],
          [
            0.0,
            0.0,
            0.0,
            1.0
          ]
        ]
      },
      "bone_length_armature_space": 0.029218854477523516,
      "parent": "index_02_l",
      "has_children": false,
      "is_end_bone": true
    },
    "metacarpal_pinky_l": {
      "name": "metacarpal_pinky_l",
      "local": {
        "location": {
          "x": 0.0,
          "y": 0.0,
          "z": 0.0
        },
        "rotation_quaternion": {
          "w": 0.9996657967567444,
          "x": -0.0204437505453825,
          "y": 0.01582702249288559,
          "z": -8.57822597026825e-05
        },
        "scale": {
          "x": 1.0,
          "y": 1.0,
          "z": 1.0
        },
        "matrix_basis": [
          [
            0.9994990229606628,
            -0.00047562021063640714,
            0.0316469743847847,
            0.0
          ],
          [
            -0.0008186345803551376,
            0.9991641044616699,
            0.04087112098932266,
            0.0
          ],
          [
            -0.031639959663152695,
            -0.04087655246257782,
            0.9986631274223328,
            0.0
          ],
          [
            0.0,
            0.0,
            0.0,
            1.0
          ]
        ],
        "rotation_mode": "QUATERNION"
      },
      "armature_space": {
        "head": {
          "x": 0.5268175601959229,
          "y": -0.26001426577568054,
          "z": 0.5973421335220337
        },
        "tail": {
          "x": 0.6268553137779236,
          "y": -0.28735801577568054,
          "z": 0.5879620313644409
        }
      },
      "world_space": {
        "head": {
          "x": 0.5268175601959229,
          "y": -0.19677026569843292,
          "z": 1.5471961498260498
        },
        "tail": {
          "x": 0.6268553137779236,
          "y": -0.22411401569843292,
          "z": 1.537816047668457
        },
        "rotation_quaternion": {
          "w": 0.5742577314376831,
          "x": 0.186909019947052,
          "y": 0.19731181859970093,
          "z": -0.7722442150115967
        },
        "matrix": [
          [
            -0.2705855965614319,
            0.9606934189796448,
            -0.06206091120839119,
            0.5268175601959229
          ],
          [
            -0.813176691532135,
            -0.262590616941452,
            -0.5194135308265686,
            -0.19677026569843292
          ],
          [
            -0.5152980089187622,
            -0.09008032083511353,
            0.8522719740867615,
            1.5471961498260498
          ],
          [
            0.0,
            0.0,
            0.0,
            1.0
          ]
        ]
      },
      "bone_length_armature_space": 0.10413077763040898,
      "parent": "lowerarm_l",
      "has_children": true,
      "is_end_bone": false
    },
    "pinky_01_l": {
      "name": "pinky_01_l",
      "local": {
        "location": {
          "x": 0.0,
          "y": 0.0,
          "z": 0.0
        },
        "rotation_quaternion": {
          "w": 0.9510348439216614,
          "x": 0.30879685282707214,
          "y": 0.000987082370556891,
          "z": -0.013284710235893726
        },
        "scale": {
          "x": 1.0,
          "y": 1.0,
          "z": 1.0
        },
        "matrix_basis": [
          [
            0.9996451139450073,
            0.02587806060910225,
            -0.006327053997665644,
            0.0
          ],
          [
            -0.02465882897377014,
            0.8089360594749451,
            -0.5873793363571167,
            0.0
          ],
          [
            -0.010082053020596504,
            0.5873268842697144,
            0.8092870712280273,
            0.0
          ],
          [
            0.0,
            0.0,
            0.0,
            1.0
          ]
        ],
        "rotation_mode": "QUATERNION"
      },
      "armature_space": {
        "head": {
          "x": 0.6268553137779236,
          "y": -0.28735801577568054,
          "z": 0.5879620313644409
        },
