{
  "metadata": {
    "armature_name": "KIM_caucasian_male",
    "export_time": "2026-01-13T19:11:58.734141",
    "blender_version": "4.4.1",
    "bone_count": 56,
    "end_bone_count": 13,
    "spaces_included": [
      "LOCAL_CHANNELS",
      "ARMATURE_SPACE",
      "WORLD_SPACE"
    ],
    "note": "LOCAL matches Transform panel; replay pose via local.matrix_basis for best fidelity."
  },
  "bones": {
    "Root": {
      "name": "Root",
      "local": {
        "location": {
          "x": 0.0,
          "y": 0.0,
          "z": 0.0
        },
        "rotation_quaternion": {
          "w": 0.999484121799469,
          "x": 0.008409950882196426,
          "y": 0.01861978881061077,
          "z": 0.024781420826911926
        },
        "scale": {
          "x": 1.0,
          "y": 1.0,
          "z": 1.0
        },
        "matrix_basis": [
          [
            0.9980783462524414,
            -0.049224089831113815,
            0.03763718903064728,
            0.0
          ],
          [
            0.0498504564166069,
            0.9986302852630615,
            -0.01588837429881096,
            0.0
          ],
          [
            -0.03680354729294777,
            0.017734074965119362,
            0.9991651773452759,
            0.0
          ],
          [
            0.0,
            0.0,
            0.0,
            1.0
          ]
        ],
        "rotation_mode": "QUATERNION"
      },
      "armature_space": {
        "head": {
          "x": 0.0,
          "y": 0.07072800397872925,
          "z": -0.009595036506652832
        },
        "tail": {
          "x": -0.003513412084430456,
          "y": -7.328391075134277e-05,
          "z": -0.0012674471363425255
        }
      },
      "world_space": {
        "head": {
          "x": 0.0,
          "y": 0.13397200405597687,
          "z": 0.9402589797973633
        },
        "tail": {
          "x": -0.003513412084430456,
          "y": 0.06317071616649628,
          "z": 0.9485865831375122
        },
        "rotation_quaternion": {
          "w": 0.0589420460164547,
          "x": 0.9977800846099854,
          "y": -0.023470744490623474,
          "z": 0.0202469602227211
        },
        "matrix": [
          [
            0.9980783462524414,
            -0.049224089831113815,
            0.03763718903064728,
            0.0
          ],
          [
            -0.04445048049092293,
            -0.9919499158859253,
            -0.11857331544160843,
            0.13397200405597687
          ],
          [
            0.043171126395463943,
            0.1166723296046257,
            -0.9922388195991516,
            0.9402589797973633
          ],
          [
            0.0,
            0.0,
            0.0,
            1.0
          ]
        ]
      },
      "bone_length_armature_space": 0.07137587230285328,
      "parent": null,
      "has_children": true,
      "is_end_bone": false
    },
    "spine_01": {
      "name": "spine_01",
      "local": {
        "location": {
          "x": 0.0,
          "y": 0.0,
          "z": 0.0
        },
        "rotation_quaternion": {
          "w": 0.9947978258132935,
          "x": -0.0580458827316761,
          "y": 0.04259391129016876,
          "z": -0.07206758856773376
        },
        "scale": {
          "x": 1.0,
          "y": 1.0,
          "z": 1.0
        },
        "matrix_basis": [
          [
            0.9859840273857117,
            0.1384405642747879,
            0.09311111271381378,
            0.0
          ],
          [
            -0.14833016693592072,
            0.9828738570213318,
            0.10934855788946152,
            0.0
          ],
          [
            -0.07637820392847061,
            -0.12162711471319199,
            0.9896328449249268,
            0.0
          ],
          [
            0.0,
            0.0,
            0.0,
            1.0
          ]
        ],
        "rotation_mode": "QUATERNION"
      },
      "armature_space": {
        "head": {
          "x": -0.003513412084430456,
          "y": -7.328391075134277e-05,
          "z": -0.0012674471363425255
        },
        "tail": {
          "x": 0.04657033830881119,
          "y": 0.07098930329084396,
          "z": 0.4789307117462158
        }
      },
      "world_space": {
        "head": {
          "x": -0.003513412084430456,
          "y": 0.06317071616649628,
          "z": 0.9485865831375122
        },
        "tail": {
          "x": 0.04657033830881119,
          "y": 0.134233295917511,
          "z": 1.428784728050232
        },
        "rotation_quaternion": {
          "w": 0.7551918625831604,
          "x": 0.6531292200088501,
          "y": 0.049949344247579575,
          "z": -0.024751069024205208
        },
        "matrix": [
          [
            0.9937849044799805,
            0.1026303768157959,
            0.043110720813274384,
            -0.003513412084430456
          ],
          [
            0.027862444519996643,
            0.1456196904182434,
            -0.9889483451843262,
            0.06317071616649628
          ],
          [
            -0.10777464509010315,
            0.9840101003646851,
            0.14185519516468048,
            0.9485865831375122
          ],
          [
            0.0,
            0.0,
            0.0,
            1.0
          ]
        ]
      },
      "bone_length_armature_space": 0.48800463852292586,
      "parent": "Root",
      "has_children": true,
      "is_end_bone": false
    },
    "neck_01": {
      "name": "neck_01",
      "local": {
        "location": {
          "x": 0.0,
          "y": 0.0,
          "z": 0.0
        },
        "rotation_quaternion": {
          "w": 0.9953287839889526,
          "x": 0.049345504492521286,
          "y": -0.057089269161224365,
          "z": -0.06022181734442711
        },
        "scale": {
          "x": 1.0,
          "y": 1.0,
          "z": 1.0
        },
        "matrix_basis": [
          [
            0.9862282872200012,
            0.11424681544303894,
            -0.11958853900432587,
            0.0
          ],
          [
            -0.12551520764827728,
            0.9878767132759094,
            -0.09135396033525467,
            0.0
          ],
          [
            0.10770183056592941,
            0.10510604083538055,
            0.9886116981506348,
            0.0
          ],
          [
            0.0,
            0.0,
            0.0,
            1.0
          ]
        ],
        "rotation_mode": "QUATERNION"
      },
      "armature_space": {
        "head": {
          "x": 0.05557987466454506,
          "y": 0.047354187816381454,
          "z": 0.5558980107307434
        },
        "tail": {
          "x": 0.07848440855741501,
          "y": 0.012798391282558441,
          "z": 0.6496638059616089
        }
      },
      "world_space": {
        "head": {
          "x": 0.05557987466454506,
          "y": 0.11059819161891937,
          "z": 1.5057520866394043
        },
        "tail": {
          "x": 0.07848440855741501,
          "y": 0.07604239135980606,
          "z": 1.599517822265625
        },
        "rotation_quaternion": {
          "w": 0.5731894373893738,
          "x": 0.8089944124221802,
          "y": 0.05407379940152168,
          "z": -0.1185658648610115
        },
        "matrix": [
          [
            0.9660364389419556,
            0.22341233491897583,
            -0.1298479586839676,
            0.05557987466454506
          ],
          [
            -0.048429444432258606,
            -0.33705955743789673,
            -0.9402371644973755,
            0.11059819161891937
          ],
          [
            -0.25382885336875916,
            0.914597749710083,
            -0.3147950768470764,
            1.5057520866394043
          ],
          [
            0.0,
            0.0,
            0.0,
            1.0
          ]
        ]
      },
      "bone_length_armature_space": 0.10252192359695858,
      "parent": "spine_01",
      "has_children": true,
      "is_end_bone": false
    },
    "head": {
      "name": "head",
      "local": {
        "location": {
          "x": 0.0,
          "y": 0.0,
          "z": 0.0
        },
        "rotation_quaternion": {
          "w": 0.9700946807861328,
          "x": -0.09126297384500504,
          "y": 0.028760354965925217,
          "z": 0.22307045757770538
        },
        "scale": {
          "x": 1.0,
          "y": 1.0,
          "z": 1.0
        },
        "matrix_basis": [
          [
            0.8988248109817505,
            -0.43804845213890076,
            0.015084387734532356,
            0.0
          ],
          [
            0.42754942178726196,
            0.8838213086128235,
            0.18989862501621246,
            0.0
          ],
          [
            -0.0965166836977005,
            -0.16423627734184265,
            0.9816878437995911,
            0.0
          ],
          [
            0.0,
            0.0,
            0.0,
            1.0
          ]
        ],
        "rotation_mode": "QUATERNION"
      },
      "armature_space": {
        "head": {
          "x": 0.07848437130451202,
          "y": 0.01279827207326889,
          "z": 0.6496636867523193
        },
        "tail": {
          "x": 0.04885637015104294,
          "y": 0.04523862898349762,
          "z": 0.7984020709991455
        }
      },
      "world_space": {
        "head": {
          "x": 0.07848437130451202,
          "y": 0.07604227215051651,
          "z": 1.5995177030563354
        },
        "tail": {
          "x": 0.04885637015104294,
          "y": 0.10848262906074524,
          "z": 1.7482560873031616
        },
        "rotation_quaternion": {
          "w": 0.775803804397583,
          "x": 0.6235486268997192,
          "y": -0.052092451602220535,
          "z": 0.08125299960374832
        },
        "matrix": [
          [
            0.9813687205314636,
            -0.19103719294071198,
            0.020504456013441086,
            0.07848437130451202
          ],
          [
            0.061109643429517746,
            0.2091708928346634,
            -0.975968062877655,
            0.07604227215051651
          ],
          [
            0.18215858936309814,
            0.959044337272644,
            0.21694861352443695,
            1.5995177030563354
          ],
          [
            0.0,
            0.0,
            0.0,
            1.0
          ]
        ]
      },
      "bone_length_armature_space": 0.1550912729420169,
      "parent": "neck_01",
      "has_children": false,
      "is_end_bone": true
    },
    "upperarm_l": {
      "name": "upperarm_l",
      "local": {
        "location": {
          "x": 0.0,
          "y": 0.0,
          "z": 0.0
        },
        "rotation_quaternion": {
          "w": 0.9823418855667114,
          "x": -0.09267105907201767,
          "y": 0.14288263022899628,
          "z": 0.07746744900941849
        },
        "scale": {
          "x": 1.0,
          "y": 1.0,
          "z": 1.0
        },
        "matrix_basis": [
          [
            0.9471666812896729,
            -0.17868120968341827,
            0.26636120676994324,
            0.0
          ],
          [
            0.12571686506271362,
            0.970821738243103,
            0.20420682430267334,
            0.0
          ],
          [
            -0.2950771749019623,
            -0.15993182361125946,
            0.941993236541748,
            0.0
          ],
          [
            0.0,
            0.0,
            0.0,
            1.0
          ]
        ],
        "rotation_mode": "QUATERNION"
      },
      "armature_space": {
        "head": {
          "x": 0.19788755476474762,
          "y": 0.038592901080846786,
          "z": 0.4740510880947113
        },
        "tail": {
          "x": 0.4578048586845398,
          "y": 0.10338884592056274,
          "z": 0.48126888275146484
        }
      },
      "world_space": {
        "head": {
          "x": 0.19788755476474762,
          "y": 0.1018369048833847,
          "z": 1.4239051342010498
        },
        "tail": {
          "x": 0.4578048586845398,
          "y": 0.16663284599781036,
          "z": 1.431122899055481
        },
        "rotation_quaternion": {
          "w": 0.5099097490310669,
          "x": 0.4802905023097992,
          "y": 0.6007451415061951,
          "z": -0.3852512538433075
        },
        "matrix": [
          [
            -0.018625106662511826,
            0.969951331615448,
            0.24258504807949066,
            0.19788755476474762
          ],
          [
            0.1841772347688675,
            0.24180351197719574,
            -0.9526857733726501,
            0.1018369048833847
          ],
          [
            -0.9827233552932739,
            0.026935087516903877,
            -0.18314868211746216,
            1.4239051342010498
          ],
          [
            0.0,
            0.0,
            0.0,
            1.0
          ]
        ]
      },
      "bone_length_armature_space": 0.26796944790154653,
      "parent": "spine_01",
      "has_children": true,
      "is_end_bone": false
    },
    "lowerarm_l": {
      "name": "lowerarm_l",
      "local": {
        "location": {
          "x": 0.0,
          "y": 0.0,
          "z": 0.0
        },
        "rotation_quaternion": {
          "w": 0.9471802711486816,
          "x": 0.20986521244049072,
          "y": -0.03829748556017876,
          "z": 0.23945657908916473
        },
        "scale": {
          "x": 1.0,
          "y": 1.0,
          "z": 1.0
        },
        "matrix_basis": [
          [
            0.8823876976966858,
            -0.4696917235851288,
            0.027957966551184654,
            0.0
          ],
          [
            0.43754246830940247,
            0.797234296798706,
            -0.4159015417098999,
            0.0
          ],
          [
            0.1730564534664154,
            0.3792192041873932,
            0.9089797735214233,
            0.0
          ],
          [
            0.0,
            0.0,
            0.0,
            1.0
          ]
        ],
        "rotation_mode": "QUATERNION"
      },
      "armature_space": {
        "head": {
          "x": 0.45780494809150696,
          "y": 0.10338880121707916,
          "z": 0.4812690019607544
        },
        "tail": {
          "x": 0.67256760597229,
          "y": 0.02035272866487503,
          "z": 0.6174731850624084
        }
      },
      "world_space": {
        "head": {
          "x": 0.45780494809150696,
          "y": 0.16663280129432678,
          "z": 1.4311230182647705
        },
        "tail": {
          "x": 0.67256760597229,
          "y": 0.08359672874212265,
          "z": 1.5673272609710693
        },
        "rotation_quaternion": {
          "w": 0.5245361328125,
          "x": 0.6945140957832336,
          "y": 0.26394906640052795,
          "z": -0.4157439172267914
        },
        "matrix": [
          [
            0.5149762630462646,
            0.8027777075767517,
            -0.30057811737060547,
            0.45780494809150696
          ],
          [
            -0.06951054185628891,
            -0.3103868067264557,
            -0.9480657577514648,
            0.16663280129432678
          ],
          [
            -0.8543875813484192,
            0.5091279745101929,
            -0.10404185205698013,
            1.4311230182647705
          ],
          [
            0.0,
            0.0,
            0.0,
            1.0
          ]
        ]
      },
      "bone_length_armature_space": 0.2675248888407667,
      "parent": "upperarm_l",
      "has_children": true,
      "is_end_bone": false
    },
    "metacarpal_thumb_l": {
      "name": "metacarpal_thumb_l",
      "local": {
        "location": {
          "x": 0.0,
          "y": 0.0,
          "z": 0.0
        },
        "rotation_quaternion": {
          "w": 0.9998900294303894,
          "x": -0.003960189875215292,
          "y": 0.006041268818080425,
          "z": 0.012958718463778496
        },
        "scale": {
          "x": 1.0,
          "y": 1.0,
          "z": 1.0
        },
        "matrix_basis": [
          [
            0.9995911717414856,
            -0.025962436571717262,
            0.0119785713031888,
            0.0
          ],
          [
            0.025866737589240074,
            0.9996327757835388,
            0.008076082915067673,
            0.0
          ],
          [
            -0.012183846905827522,
            -0.007762934546917677,
            0.9998956322669983,
            0.0
          ],
          [
            0.0,
            0.0,
            0.0,
            1.0
          ]
        ],
        "rotation_mode": "QUATERNION"
      },
      "armature_space": {
        "head": {
          "x": 0.67256760597229,
          "y": 0.02035272866487503,
          "z": 0.6174731850624084
        },
        "tail": {
          "x": 0.6986876130104065,
          "y": -0.020747698843479156,
          "z": 0.6265332102775574
        }
      },
      "world_space": {
        "head": {
          "x": 0.67256760597229,
          "y": 0.08359672874212265,
          "z": 1.5673272609710693
        },
        "tail": {
          "x": 0.6986876130104065,
          "y": 0.04249630123376846,
          "z": 1.5763871669769287
        },
        "rotation_quaternion": {
          "w": 0.03811509907245636,
          "x": 0.936876118183136,
          "y": 0.28926384449005127,
          "z": 0.1927095353603363
        },
        "matrix": [
          [
            0.7583787441253662,
            0.5273185968399048,
            0.3831402063369751,
            0.67256760597229
          ],
          [
            0.556699275970459,
            -0.8297473192214966,
            0.040069933980703354,
            0.08359672874212265
          ],
          [
            0.339042067527771,
            0.18290619552135468,
            -0.9228271245956421,
            1.5673272609710693
          ],
          [
            0.0,
            0.0,
            0.0,
            1.0
          ]
        ]
      },
      "bone_length_armature_space": 0.04953366486315383,
      "parent": "lowerarm_l",
      "has_children": true,
      "is_end_bone": false
    },
    "thumb_01_l": {
      "name": "thumb_01_l",
      "local": {
        "location": {
          "x": 0.0,
          "y": 0.0,
          "z": 0.0
        },
        "rotation_quaternion": {
          "w": 0.999901533126831,
          "x": 0.005761336535215378,
          "y": -0.006670675240457058,
          "z": 0.010925802402198315
        },
        "scale": {
          "x": 1.0,
          "y": 1.0,
          "z": 1.0
        },
        "matrix_basis": [
          [
            0.9996722340583801,
            -0.021926317363977432,
            -0.013214142061769962,
            0.0
          ],
          [
            0.021772589534521103,
            0.9996948838233948,
            -0.011667303740978241,
            0.0
          ],
          [
            0.01346593163907528,
            0.011375773698091507,
            0.9998446106910706,
            0.0
          ],
          [
            0.0,
            0.0,
            0.0,
            1.0
          ]
        ],
        "rotation_mode": "QUATERNION"
      },
      "armature_space": {
        "head": {
          "x": 0.6986876130104065,
          "y": -0.020747698843479156,
          "z": 0.6265332102775574
        },
        "tail": {
          "x": 0.7172943353652954,
          "y": -0.03999648988246918,
          "z": 0.6055116653442383
        }
      },
      "world_space": {
        "head": {
          "x": 0.6986876130104065,
          "y": 0.04249630123376846,
          "z": 1.5763871669769287
        },
        "tail": {
          "x": 0.7172943353652954,
          "y": 0.023247510194778442,
          "z": 1.5553656816482544
        },
        "rotation_quaternion": {
          "w": 0.46395906805992126,
          "x": -0.6033125519752502,
          "y": 0.044621504843235016,
          "z": -0.647120475769043
        },
        "matrix": [
          [
            0.1584894359111786,
            0.5466364026069641,
            0.8222345113754272,
            0.6986876130104065
          ],
          [
            -0.6543161273002625,
            -0.5654993653297424,
            0.5020768046379089,
            0.04249630123376846
          ],
          [
            0.7394310235977173,
            -0.6175801753997803,
            0.2680496275424957,
            1.5763871669769287
          ],
          [
            0.0,
            0.0,
            0.0,
            1.0
          ]
        ]
      },
      "bone_length_armature_space": 0.034038675161123015,
      "parent": "metacarpal_thumb_l",
      "has_children": true,
      "is_end_bone": false
    },
    "thumb_02_l": {
      "name": "thumb_02_l",
      "local": {
        "location": {
          "x": 0.0,
          "y": 0.0,
          "z": 0.0
        },
        "rotation_quaternion": {
          "w": 0.9960929155349731,
          "x": 0.08790603280067444,
          "y": 0.007464204914867878,
          "z": -0.003968286328017712
        },
        "scale": {
          "x": 1.0,
          "y": 1.0,
          "z": 1.0
        },
        "matrix_basis": [
          [
            0.9998570680618286,
            0.009217861108481884,
            0.01417241059243679,
            0.0
          ],
          [
            -0.006593266502022743,
            0.9845135807991028,
            -0.17518439888954163,
            0.0
          ],
          [
            -0.01556775625795126,
            0.17506591975688934,
            0.984433650970459,
            0.0
          ],
          [
            0.0,
            0.0,
            0.0,
            1.0
          ]
        ],
        "rotation_mode": "QUATERNION"
      },
      "armature_space": {
        "head": {
          "x": 0.7172942757606506,
          "y": -0.03999648615717888,
          "z": 0.6055116653442383
        },
        "tail": {
          "x": 0.7506164312362671,
          "y": -0.05191412568092346,
          "z": 0.6245059967041016
        }
      },
      "world_space": {
        "head": {
          "x": 0.7172942757606506,
          "y": 0.02324751392006874,
          "z": 1.5553656816482544
        },
        "tail": {
          "x": 0.7506164312362671,
          "y": 0.011329874396324158,
          "z": 1.5743600130081177
        },
        "rotation_quaternion": {
          "w": 0.49617981910705566,
          "x": -0.04941798374056816,
          "y": -0.3247217833995819,
          "z": -0.8036910891532898
        },
        "matrix": [
          [
            -0.5027259588241577,
            0.8296445608139038,
            -0.24280911684036255,
            0.7172942757606506
          ],
          [
            -0.7654576301574707,
            -0.296721488237381,
            0.5709915161132812,
            0.02324751392006874
          ],
          [
            0.40167543292045593,
            0.47291529178619385,
            0.7842334508895874,
            1.5553656816482544
          ],
          [
            0.0,
            0.0,
            0.0,
            1.0
          ]
        ]
      },
      "bone_length_armature_space": 0.040164422346897766,
      "parent": "thumb_01_l",
      "has_children": true,
      "is_end_bone": false
    },
    "thumb_03_l": {
      "name": "thumb_03_l",
      "local": {
        "location": {
          "x": 0.0,
          "y": 0.0,
          "z": 0.0
        },
        "rotation_quaternion": {
          "w": 0.9946176409721375,
          "x": 0.10352174192667007,
          "y": 0.001964917406439781,
          "z": 0.003905228339135647
        },
        "scale": {
          "x": 1.0,
          "y": 1.0,
          "z": 1.0
        },
        "matrix_basis": [
          [
            0.999961793422699,
            -0.007361594587564468,
            0.004717234987765551,
            0.0
          ],
          [
            0.008175241760909557,
            0.9785360097885132,
            -0.2059137523174286,
            0.0
          ],
          [
            -0.0031001309398561716,
            0.20594444870948792,
            0.9785587787628174,
            0.0
          ],
          [
            0.0,
            0.0,
            0.0,
            1.0
          ]
        ],
        "rotation_mode": "QUATERNION"
      },
      "armature_space": {
        "head": {
          "x": 0.7506163716316223,
          "y": -0.051914192736148834,
          "z": 0.6245059967041016
        },
        "tail": {
          "x": 0.7709788680076599,
          "y": -0.0500757172703743,
          "z": 0.6470645666122437
        }
      },
      "world_space": {
        "head": {
          "x": 0.7506163716316223,
          "y": 0.011329807341098785,
          "z": 1.5743600130081177
        },
        "tail": {
          "x": 0.7709788680076599,
          "y": 0.013168282806873322,
          "z": 1.5969185829162598
        },
        "rotation_quaternion": {
          "w": 0.6193233132362366,
          "x": 0.19123320281505585,
          "y": -0.38292452692985535,
          "z": -0.6582077741622925
        },
        "matrix": [
          [
            -0.15973347425460815,
            0.6688305139541626,
            -0.7260515689849854,
            0.7506163716316223
          ],
          [
            -0.9617433547973633,
            0.06038697808980942,
            0.2672141194343567,
            0.011329807341098785
          ],
          [
            0.22256562113761902,
            0.7409635782241821,
            0.6336022615432739,
            1.5743600130081177
          ],
          [
            0.0,
            0.0,
            0.0,
            1.0
          ]
        ]
      },
      "bone_length_armature_space": 0.030445038241620103,
      "parent": "thumb_02_l",
      "has_children": false,
      "is_end_bone": true
    },
    "metacarpal_index_l": {
      "name": "metacarpal_index_l",
      "local": {
        "location": {
          "x": 0.0,
          "y": 0.0,
          "z": 0.0
        },
        "rotation_quaternion": {
          "w": 0.9998400211334229,
          "x": -0.006174897309392691,
          "y": 0.01653476059436798,
          "z": -0.002929830923676491
        },
        "scale": {
          "x": 1.0,
          "y": 1.0,
          "z": 1.0
        },
        "matrix_basis": [
          [
            0.9994360208511353,
            0.005654523614794016,
            0.03310041502118111,
            0.0
          ],
          [
            -0.006062925327569246,
            0.999906599521637,
            0.01225093100219965,
            0.0
          ],
          [
            -0.033028047531843185,
            -0.01244470663368702,
            0.9993769526481628,
            0.0
          ],
          [
            0.0,
            0.0,
            0.0,
            1.0
          ]
        ],
        "rotation_mode": "QUATERNION"
      },
      "armature_space": {
        "head": {
          "x": 0.67256760597229,
          "y": 0.02035272866487503,
          "z": 0.6174731850624084
        },
        "tail": {
          "x": 0.7546674609184265,
          "y": -0.047380007803440094,
          "z": 0.6664745807647705
        }
      },
      "world_space": {
        "head": {
          "x": 0.67256760597229,
          "y": 0.08359672874212265,
          "z": 1.5673272609710693
        },
        "tail": {
          "x": 0.7546674609184265,
          "y": 0.015863992273807526,
          "z": 1.6163285970687866
        },
        "rotation_quaternion": {
          "w": 0.25616708397865295,
          "x": 0.8870022296905518,
          "y": 0.3812430799007416,
          "z": -0.0475325845181942
        },
        "matrix": [
          [
            0.704788327217102,
            0.7006795406341553,
            0.11100215464830399,
            0.67256760597229
          ],
          [
            0.6519750356674194,
            -0.5780637860298157,
            -0.4906843900680542,
            0.08359672874212265
          ],
          [
            -0.2796476185321808,
            0.41820162534713745,
            -0.8642445802688599,
            1.5673272609710693
          ],
          [
            0.0,
            0.0,
            0.0,
            1.0
          ]
        ]
      },
      "bone_length_armature_space": 0.11717186664571604,
      "parent": "lowerarm_l",
      "has_children": true,
      "is_end_bone": false
    },
    "index_01_l": {
      "name": "index_01_l",
      "local": {
        "location": {
          "x": 0.0,
          "y": 0.0,
          "z": 0.0
        },
        "rotation_quaternion": {
          "w": 0.9970290064811707,
          "x": -0.07635993510484695,
          "y": 0.008241187781095505,
          "z": -0.005877798888832331
        },
        "scale": {
          "x": 1.0,
          "y": 1.0,
          "z": 1.0
        },
        "matrix_basis": [
          [
            0.9997950792312622,
            0.01046207919716835,
            0.017331063747406006,
            0.0
          ],
          [
            -0.012979265302419662,
            0.9882692098617554,
            0.15216925740242004,
            0.0
          ],
          [
            -0.01553574949502945,
            -0.15236301720142365,
            0.9882025122642517,
            0.0
          ],
          [
            0.0,
            0.0,
            0.0,
            1.0
          ]
        ],
        "rotation_mode": "QUATERNION"
      },
      "armature_space": {
        "head": {
          "x": 0.7546674609184265,
          "y": -0.047380007803440094,
          "z": 0.6664745807647705
        },
        "tail": {
          "x": 0.7785411477088928,
          "y": -0.05185820534825325,
          "z": 0.6814099550247192
        }
      },
      "world_space": {
        "head": {
          "x": 0.7546674609184265,
          "y": 0.015863992273807526,
          "z": 1.6163285970687866
        },
        "tail": {
          "x": 0.7785411477088928,
          "y": 0.01138579472899437,
          "z": 1.6312639713287354
        },
        "rotation_quaternion": {
          "w": 0.3486824631690979,
          "x": 0.7605850100517273,
          "y": 0.547626256942749,
          "z": -0.006048876792192459
        },
        "matrix": [
          [
            0.40013623237609863,
            0.8372506499290466,
            0.3726961612701416,
            0.7546674609184265
          ],
          [
            0.8288158178329468,
            -0.15705054998397827,
            -0.5370288491249084,
            0.015863992273807526
          ],
          [
            -0.3910975754261017,
            0.5237845182418823,
            -0.756773829460144,
            1.6163285970687866
          ],
          [
            0.0,
            0.0,
            0.0,
            1.0
          ]
        ]
      },
      "bone_length_armature_space": 0.028514427960003568,
      "parent": "metacarpal_index_l",
      "has_children": true,
      "is_end_bone": false
    },
    "index_02_l": {
      "name": "index_02_l",
      "local": {
        "location": {
          "x": 0.0,
          "y": 0.0,
          "z": 0.0
        },
        "rotation_quaternion": {
          "w": 0.99989253282547,
          "x": 0.0038496479392051697,
          "y": -0.011317995376884937,
          "z": -0.00849066860973835
        },
        "scale": {
          "x": 1.0,
          "y": 1.0,
          "z": 1.0
        },
        "matrix_basis": [
          [
            0.9995996356010437,
            0.01689237169921398,
            -0.02269892953336239,
            0.0
          ],
          [
            -0.017066651955246925,
            0.999826192855835,
            -0.007506273686885834,
            0.0
          ],
          [
            0.02256818674504757,
            0.007890663109719753,
            0.999714195728302,
            0.0
          ],
          [
            0.0,
            0.0,
            0.0,
            1.0
          ]
        ],
        "rotation_mode": "QUATERNION"
      },
      "armature_space": {
        "head": {
          "x": 0.7785415053367615,
          "y": -0.05185863375663757,
          "z": 0.681410014629364
        },
        "tail": {
          "x": 0.800230860710144,
          "y": -0.05452090501785278,
          "z": 0.6948478817939758
        }
      },
      "world_space": {
        "head": {
          "x": 0.7785415053367615,
          "y": 0.011385366320610046,
          "z": 1.6312639713287354
        },
        "tail": {
          "x": 0.800230860710144,
          "y": 0.008723095059394836,
          "z": 1.6447019577026367
        },
        "rotation_quaternion": {
          "w": 0.3828186094760895,
          "x": 0.7418057918548584,
          "y": 0.5491443276405334,
          "z": -0.04018224775791168
        },
        "matrix": [
          [
            0.39365002512931824,
            0.8454816341400146,
            0.36083295941352844,
            0.7785415053367615
          ],
          [
            0.7839536070823669,
            -0.10377896577119827,
            -0.6120842695236206,
            0.011385366320610046
          ],
          [
            -0.480061799287796,
            0.5238266587257385,
            -0.7036764621734619,
            1.6312639713287354
          ],
          [
            0.0,
            0.0,
            0.0,
            1.0
          ]
        ]
      },
      "bone_length_armature_space": 0.0256533059610747,
      "parent": "index_01_l",
      "has_children": true,
      "is_end_bone": false
    },
    "index_03_l": {
      "name": "index_03_l",
      "local": {
        "location": {
          "x": 0.0,
          "y": 0.0,
          "z": 0.0
        },
        "rotation_quaternion": {
          "w": 0.9992152452468872,
          "x": 0.03959554433822632,
          "y": -0.001028162776492536,
          "z": -0.00025472603738307953
        },
        "scale": {
          "x": 1.0,
          "y": 1.0,
          "z": 1.0
        },
        "matrix_basis": [
          [
            0.9999977350234985,
            0.00042763096280395985,
            -0.002074883785098791,
            0.0
          ],
          [
            -0.00059047358809039,
            0.9968642592430115,
            -0.07912842184305191,
            0.0
          ],
          [
            0.002034539822489023,
            0.07912946492433548,
            0.9968622922897339,
            0.0
          ],
          [
            0.0,
            0.0,
            0.0,
            1.0
          ]
        ],
        "rotation_mode": "QUATERNION"
      },
      "armature_space": {
        "head": {
          "x": 0.8002308011054993,
          "y": -0.05452083796262741,
          "z": 0.6948480010032654
        },
        "tail": {
          "x": 0.8273344039916992,
          "y": -0.058268364518880844,
          "z": 0.7050990462303162
        }
      },
      "world_space": {
        "head": {
          "x": 0.8002308011054993,
          "y": 0.008723162114620209,
          "z": 1.6447019577026367
        },
        "tail": {
          "x": 0.8273344039916992,
          "y": 0.0049756355583667755,
          "z": 1.6549530029296875
        },
        "rotation_quaternion": {
          "w": 0.29781028628349304,
          "x": 0.7468383312225342,
          "y": 0.5892192721366882,
          "z": -0.0797644704580307
        },
        "matrix": [
          [
            0.2929156422615051,
            0.9276120066642761,
            0.2318110167980194,
            0.8002308011054993
          ],
          [
            0.832594633102417,
            -0.12825793027877808,
            -0.5388287901878357,
            0.008723162114620209
          ],
          [
            -0.4700949490070343,
            0.35083815455436707,
            -0.8098996877670288,
            1.6447019577026367
          ],
          [
            0.0,
            0.0,
            0.0,
            1.0
          ]
        ]
      },
      "bone_length_armature_space": 0.029218712926265936,
      "parent": "index_02_l",
      "has_children": false,
      "is_end_bone": true
    },
    "metacarpal_pinky_l": {
      "name": "metacarpal_pinky_l",
      "local": {
        "location": {
          "x": 0.0,
          "y": 0.0,
          "z": 0.0
        },
        "rotation_quaternion": {
          "w": 0.9990127682685852,
          "x": -0.04269995912909508,
          "y": -0.010750786401331425,
          "z": 0.0058900401927530766
        },
        "scale": {
          "x": 1.0,
          "y": 1.0,
          "z": 1.0
        },
        "matrix_basis": [
          [
            0.9996994733810425,
            -0.010850334540009499,
            -0.021983355283737183,
            0.0
          ],
          [
            0.01268656738102436,
            0.9962840676307678,
            0.08518896251916885,
            0.0
          ],
          [
            0.020977336913347244,
            -0.08544225245714188,
            0.9961222410202026,
            0.0
          ],
          [
            0.0,
            0.0,
            0.0,
            1.0
          ]
        ],
        "rotation_mode": "QUATERNION"
      },
      "armature_space": {
        "head": {
          "x": 0.67256760597229,
          "y": 0.02035272866487503,
          "z": 0.6174731850624084
        },
        "tail": {
          "x": 0.7660387754440308,
          "y": 0.02239786460995674,
          "z": 0.663322925567627
        }
      },
      "world_space": {
        "head": {
          "x": 0.67256760597229,
          "y": 0.08359672874212265,
          "z": 1.5673272609710693
        },
        "tail": {
          "x": 0.7660387754440308,
          "y": 0.08564186096191406,
          "z": 1.613176941871643
        },
        "rotation_quaternion": {
          "w": 0.7072387337684631,
          "x": 0.2189951241016388,
          "y": -0.09815211594104767,
          "z": -0.6649967432022095
        },
        "matrix": [
          [
            0.09628909081220627,
            0.8976326584815979,
            -0.43009746074676514,
            0.67256760597229
          ],
          [
            -0.9836133718490601,
            0.01964006945490837,
            -0.17921897768974304,
            0.08359672874212265
          ],
          [
            -0.152427539229393,
            0.4403094947338104,
            0.8848206400871277,
            1.5673272609710693
          ],
          [
            0.0,
            0.0,
            0.0,
            1.0
          ]
        ]
      },
      "bone_length_armature_space": 0.10413088127206402,
      "parent": "lowerarm_l",
      "has_children": true,
      "is_end_bone": false
    },
    "pinky_01_l": {
      "name": "pinky_01_l",
      "local": {
        "location": {
          "x": 0.0,
          "y": 0.0,
          "z": 0.0
        },
        "rotation_quaternion": {
          "w": 0.967856764793396,
          "x": 0.2513483762741089,
          "y": 0.007249482907354832,
          "z": -0.004965640138834715
        },
        "scale": {
          "x": 1.0,
          "y": 1.0,
          "z": 1.0
        },
        "matrix_basis": [
          [
            0.999845564365387,
            0.013256348669528961,
            0.011536710895597935,
            0.0
          ],
          [
            -0.005967765115201473,
            0.8735986948013306,
            -0.48661044239997864,
            0.0
          ],
          [
            -0.016529133543372154,
            0.4864664673805237,
            0.8735429048538208,
            0.0
          ],
          [
            0.0,
            0.0,
            0.0,
            1.0
          ]
        ],
        "rotation_mode": "QUATERNION"
      },
      "armature_space": {
        "head": {
          "x": 0.7660387754440308,
          "y": 0.02239786460995674,
          "z": 0.663322925567627
        },
        "tail": {
          "x": 0.7882822155952454,
          "y": 0.015809545293450356,
