{
  "metadata": {
    "armature_name": "KIM_caucasian_male",
    "export_time": "2026-01-13T21:12:44.003466",
    "blender_version": "4.4.1",
    "bone_count": 56,
    "end_bone_count": 13,
    "spaces_included": [
      "LOCAL_CHANNELS",
      "ARMATURE_SPACE",
      "WORLD_SPACE"
    ],
    "note": "LOCAL matches Transform panel; replay pose via local.matrix_basis for best fidelity."
  },
  "bones": {
    "Root": {
      "name": "Root",
      "local": {
        "location": {
          "x": 0.0,
          "y": 0.0,
          "z": 0.0
        },
        "rotation_quaternion": {
          "w": 0.9995254278182983,
          "x": -0.000385347317205742,
          "y": 0.018618009984493256,
          "z": -0.024541418999433517
        },
        "scale": {
          "x": 1.0,
          "y": 1.0,
          "z": 1.0
        },
        "matrix_basis": [
          [
            0.9981021881103516,
            0.049045197665691376,
            0.0372372642159462,
            0.0
          ],
          [
            -0.04907389357686043,
            0.9987951517105103,
            -0.00014349588309414685,
            0.0
          ],
          [
            -0.03719943389296532,
            -0.0016841536853462458,
            0.9993064403533936,
            0.0
          ],
          [
            0.0,
            0.0,
            0.0,
            1.0
          ]
        ],
        "rotation_mode": "QUATERNION"
      },
      "armature_space": {
        "head": {
          "x": 0.0,
          "y": 0.07072800397872925,
          "z": -0.009595036506652832
        },
        "tail": {
          "x": 0.003500643651932478,
          "y": 0.00010138005018234253,
          "z": 0.000107557512819767
        }
      },
      "world_space": {
        "head": {
          "x": 0.0,
          "y": 0.13397200405597687,
          "z": 0.9402589797973633
        },
        "tail": {
          "x": 0.003500643651932478,
          "y": 0.06334538012742996,
          "z": 0.9499616026878357
        },
        "rotation_quaternion": {
          "w": 0.06772015988826752,
          "x": 0.997228741645813,
          "y": 0.025739924982190132,
          "z": 0.01692241244018078
        },
        "matrix": [
          [
            0.9981021881103516,
            0.049045197665691376,
            0.0372372642159462,
            0.0
          ],
          [
            0.05362916737794876,
            -0.9895028471946716,
            -0.1341942697763443,
            0.13397200405597687
          ],
          [
            0.03026505373418331,
            0.13593661785125732,
            -0.9902622699737549,
            0.9402589797973633
          ],
          [
            0.0,
            0.0,
            0.0,
            1.0
          ]
        ]
      },
      "bone_length_armature_space": 0.07137586971616085,
      "parent": null,
      "has_children": true,
      "is_end_bone": false
    },
    "spine_01": {
      "name": "spine_01",
      "local": {
        "location": {
          "x": 0.0,
          "y": 0.0,
          "z": 0.0
        },
        "rotation_quaternion": {
          "w": 0.998428225517273,
          "x": -0.0038580349646508694,
          "y": 0.05581795424222946,
          "z": -0.0032391061540693045
        },
        "scale": {
          "x": 1.0,
          "y": 1.0,
          "z": 1.0
        },
        "matrix_basis": [
          [
            0.9937477111816406,
            0.0060373349115252495,
            0.11148543655872345,
            0.0
          ],
          [
            -0.006898725405335426,
            0.9999492764472961,
            0.007342341355979443,
            0.0
          ],
          [
            -0.11143545061349869,
            -0.008065542206168175,
            0.9937389492988586,
            0.0
          ],
          [
            0.0,
            0.0,
            0.0,
            1.0
          ]
        ],
        "rotation_mode": "QUATERNION"
      },
      "armature_space": {
        "head": {
          "x": 0.003500643651932478,
          "y": 0.00010138005018234253,
          "z": 0.000107557512819767
        },
        "tail": {
          "x": -0.009759021922945976,
          "y": 0.02693905495107174,
          "z": 0.4871932864189148
        }
      },
      "world_space": {
        "head": {
          "x": 0.003500643651932478,
          "y": 0.06334538012742996,
          "z": 0.9499616026878357
        },
        "tail": {
          "x": -0.009759021922945976,
          "y": 0.09018305689096451,
          "z": 1.4370472431182861
        },
        "rotation_quaternion": {
          "w": 0.7245641946792603,
          "x": 0.6842119693756104,
          "y": 0.05004088580608368,
          "z": 0.0660041868686676
        },
        "matrix": [
          [
            0.9862786531448364,
            -0.02717137709259987,
            0.16283757984638214,
            0.003500643651932478
          ],
          [
            0.16412588953971863,
            0.054995097219944,
            -0.9849053025245667,
            0.06334538012742996
          ],
          [
            0.01780623197555542,
            0.9981240034103394,
            0.058699529618024826,
            0.9499616026878357
          ],
          [
            0.0,
            0.0,
            0.0,
            1.0
          ]
        ]
      },
      "bone_length_armature_space": 0.4880046958354537,
      "parent": "Root",
      "has_children": true,
      "is_end_bone": false
    },
    "neck_01": {
      "name": "neck_01",
      "local": {
        "location": {
          "x": 0.0,
          "y": 0.0,
          "z": 0.0
        },
        "rotation_quaternion": {
          "w": 0.9851828813552856,
          "x": -0.1401541531085968,
          "y": 0.016074521467089653,
          "z": 0.0975358635187149
        },
        "scale": {
          "x": 1.0,
          "y": 1.0,
          "z": 1.0
        },
        "matrix_basis": [
          [
            0.9804567098617554,
            -0.19668714702129364,
            0.004332574084401131,
            0.0
          ],
          [
            0.18767550587654114,
            0.9416871666908264,
            0.2792906165122986,
            0.0
          ],
          [
            -0.059012800455093384,
            -0.2730192542076111,
            0.960196852684021,
            0.0
          ],
          [
            0.0,
            0.0,
            0.0,
            1.0
          ]
        ],
        "rotation_mode": "QUATERNION"
      },
      "armature_space": {
        "head": {
          "x": -0.0061011891812086105,
          "y": -0.003191240131855011,
          "z": 0.5623100996017456
        },
        "tail": {
          "x": -0.026905888691544533,
          "y": -0.011586115695536137,
          "z": 0.6623473763465881
        }
      },
      "world_space": {
        "head": {
          "x": -0.0061011891812086105,
          "y": 0.06005275994539261,
          "z": 1.5121641159057617
        },
        "tail": {
          "x": -0.026905888691544533,
          "y": 0.05165788531303406,
          "z": 1.612201452255249
        },
        "rotation_quaternion": {
          "w": 0.6773242354393005,
          "x": 0.7236149311065674,
          "y": -0.017020191997289658,
          "z": 0.1316196173429489
        },
        "matrix": [
          [
            0.9647733569145203,
            -0.20293043553829193,
            0.16742609441280365,
            -0.0061011891812086105
          ],
          [
            0.15366484224796295,
            -0.08188417553901672,
            -0.9847245812416077,
            0.06005275994539261
          ],
          [
            0.21354174613952637,
            0.9757702946662903,
            -0.047817736864089966,
            1.5121641159057617
          ],
          [
            0.0,
            0.0,
            0.0,
            1.0
          ]
        ]
      },
      "bone_length_armature_space": 0.10252202849022897,
      "parent": "spine_01",
      "has_children": true,
      "is_end_bone": false
    },
    "head": {
      "name": "head",
      "local": {
        "location": {
          "x": 0.0,
          "y": 0.0,
          "z": 0.0
        },
        "rotation_quaternion": {
          "w": 0.9866043925285339,
          "x": -0.1266723871231079,
          "y": -0.047270581126213074,
          "z": 0.09127636253833771
        },
        "scale": {
          "x": 1.0,
          "y": 1.0,
          "z": 1.0
        },
        "matrix_basis": [
          [
            0.9788682460784912,
            -0.16813156008720398,
            -0.1163991168141365,
            0.0
          ],
          [
            0.19208307564258575,
            0.9512454867362976,
            0.24132169783115387,
            0.0
          ],
          [
            0.07015033811330795,
            -0.25858044624328613,
            0.9634392261505127,
            0.0
          ],
          [
            0.0,
            0.0,
            0.0,
            1.0
          ]
        ],
        "rotation_mode": "QUATERNION"
      },
      "armature_space": {
        "head": {
          "x": -0.02690584771335125,
          "y": -0.011586262844502926,
          "z": 0.6623473167419434
        },
        "tail": {
          "x": -0.09219911694526672,
          "y": 0.06374179571866989,
          "z": 0.7811567187309265
        }
      },
      "world_space": {
        "head": {
          "x": -0.02690584771335125,
          "y": 0.05165773630142212,
          "z": 1.6122013330459595
        },
        "tail": {
          "x": -0.09219911694526672,
          "y": 0.12698578834533691,
          "z": 1.7310106754302979
        },
        "rotation_quaternion": {
          "w": 0.8489128351211548,
          "x": 0.47993776202201843,
          "y": -0.1489940583705902,
          "z": 0.16373048722743988
        },
        "matrix": [
          [
            0.9019862413406372,
            -0.4210018515586853,
            -0.09580346196889877,
            -0.02690584771335125
          ],
          [
            0.1349719911813736,
            0.48570480942726135,
            -0.8636399507522583,
            0.05165773630142212
          ],
          [
            0.4101291596889496,
            0.7660663723945618,
            0.4949250817298889,
            1.6122013330459595
          ],
          [
            0.0,
            0.0,
            0.0,
            1.0
          ]
        ]
      },
      "bone_length_armature_space": 0.15509094604466722,
      "parent": "neck_01",
      "has_children": false,
      "is_end_bone": true
    },
    "upperarm_l": {
      "name": "upperarm_l",
      "local": {
        "location": {
          "x": 0.0,
          "y": 0.0,
          "z": 0.0
        },
        "rotation_quaternion": {
          "w": 0.9844962358474731,
          "x": 0.09971248358488083,
          "y": 0.09499171376228333,
          "z": -0.10863324999809265
        },
        "scale": {
          "x": 1.0,
          "y": 1.0,
          "z": 1.0
        },
        "matrix_basis": [
          [
            0.9583507776260376,
            0.23284177482128143,
            0.1653737872838974,
            0.0
          ],
          [
            -0.19495433568954468,
            0.956512451171875,
            -0.21697165071964264,
            0.0
          ],
          [
            -0.20870214700698853,
            0.17569461464881897,
            0.9620679616928101,
            0.0
          ],
          [
            0.0,
            0.0,
            0.0,
            1.0
          ]
        ],
        "rotation_mode": "QUATERNION"
      },
      "armature_space": {
        "head": {
          "x": 0.14418604969978333,
          "y": 0.014590561389923096,
          "z": 0.4980866014957428
        },
        "tail": {
          "x": 0.40477561950683594,
          "y": 0.017909392714500427,
          "z": 0.435718834400177
        }
      },
      "world_space": {
        "head": {
          "x": 0.14418604969978333,
          "y": 0.07783456146717072,
          "z": 1.4479405879974365
        },
        "tail": {
          "x": 0.40477561950683594,
          "y": 0.08115339279174805,
          "z": 1.385572910308838
        },
        "rotation_quaternion": {
          "w": 0.40294039249420166,
          "x": 0.47061336040496826,
          "y": 0.586371660232544,
          "z": -0.5218529105186462
        },
        "matrix": [
          [
            -0.23232334852218628,
            0.9724600315093994,
            -0.018636539578437805,
            0.14418604969978333
          ],
          [
            0.13135874271392822,
            0.012385115027427673,
            -0.9912576675415039,
            0.07783456146717072
          ],
          [
            -0.9637342691421509,
            -0.232742041349411,
            -0.1306203007698059,
            1.4479405879974365
          ],
          [
            0.0,
            0.0,
            0.0,
            1.0
          ]
        ]
      },
      "bone_length_armature_space": 0.26796954413228796,
      "parent": "spine_01",
      "has_children": true,
      "is_end_bone": false
    },
    "lowerarm_l": {
      "name": "lowerarm_l",
      "local": {
        "location": {
          "x": 0.0,
          "y": 0.0,
          "z": 0.0
        },
        "rotation_quaternion": {
          "w": 0.9434419870376587,
          "x": 0.084452785551548,
          "y": -0.0172728281468153,
          "z": -0.3201354742050171
        },
        "scale": {
          "x": 1.0,
          "y": 1.0,
          "z": 1.0
        },
        "matrix_basis": [
          [
            0.7944298386573792,
            0.6011410355567932,
            -0.08666449040174484,
            0.0
          ],
          [
            -0.6069759726524353,
            0.7807620167732239,
            -0.14829331636428833,
            0.0
          ],
          [
            -0.02148084156215191,
            0.17041189968585968,
            0.9851387739181519,
            0.0
          ],
          [
            0.0,
            0.0,
            0.0,
            1.0
          ]
        ],
        "rotation_mode": "QUATERNION"
      },
      "armature_space": {
        "head": {
          "x": 0.4047757387161255,
          "y": 0.017909329384565353,
          "z": 0.43571895360946655
        },
        "tail": {
          "x": 0.5752180814743042,
          "y": -0.052657049149274826,
          "z": 0.24196729063987732
        }
      },
      "world_space": {
        "head": {
          "x": 0.4047757387161255,
          "y": 0.08115333318710327,
          "z": 1.385572910308838
        },
        "tail": {
          "x": 0.5752180814743042,
          "y": 0.010586950927972794,
          "z": 1.1918213367462158
        },
        "rotation_quaternion": {
          "w": 0.1905970722436905,
          "x": 0.31096920371055603,
          "y": 0.5760086178779602,
          "z": -0.7315633893013
        },
        "matrix": [
          [
            -0.7339422702789307,
            0.6371093392372131,
            -0.23541492223739624,
            0.4047757387161255
          ],
          [
            0.07937102019786835,
            -0.26377540826797485,
            -0.9613132476806641,
            0.08115333318710327
          ],
          [
            -0.6745629906654358,
            -0.7242389917373657,
            0.14302803575992584,
            1.385572910308838
          ],
          [
            0.0,
            0.0,
            0.0,
            1.0
          ]
        ]
      },
      "bone_length_armature_space": 0.26752553461294076,
      "parent": "upperarm_l",
      "has_children": true,
      "is_end_bone": false
    },
    "metacarpal_thumb_l": {
      "name": "metacarpal_thumb_l",
      "local": {
        "location": {
          "x": 0.0,
          "y": 0.0,
          "z": 0.0
        },
        "rotation_quaternion": {
          "w": 0.9999097585678101,
          "x": 0.011536466889083385,
          "y": 0.0013523043598979712,
          "z": 0.0067546977661550045
        },
        "scale": {
          "x": 1.0,
          "y": 1.0,
          "z": 1.0
        },
        "matrix_basis": [
          [
            0.9999051094055176,
            -0.013476974330842495,
            0.0028602152597159147,
            0.0
          ],
          [
            0.013539377599954605,
            0.999642550945282,
            -0.023052582517266273,
            0.0
          ],
          [
            -0.0025485139340162277,
            0.023089120164513588,
            0.9997301697731018,
            0.0
          ],
          [
            0.0,
            0.0,
            0.0,
            1.0
          ]
        ],
        "rotation_mode": "QUATERNION"
      },
      "armature_space": {
        "head": {
          "x": 0.5752180814743042,
          "y": -0.052657049149274826,
          "z": 0.24196729063987732
        },
        "tail": {
          "x": 0.5853054523468018,
          "y": -0.09043583273887634,
          "z": 0.21155992150306702
        }
      },
      "world_space": {
        "head": {
          "x": 0.5752180814743042,
          "y": 0.010586950927972794,
          "z": 1.1918213367462158
        },
        "tail": {
          "x": 0.5853054523468018,
          "y": -0.027191832661628723,
          "z": 1.1614139080047607
        },
        "rotation_quaternion": {
          "w": 0.2422337383031845,
          "x": -0.8367632031440735,
          "y": -0.24490508437156677,
          "z": 0.42564257979393005
        },
        "matrix": [
          [
            0.5176997184753418,
            0.20364704728126526,
            -0.8309721350669861,
            0.5752180814743042
          ],
          [
            0.6160653829574585,
            -0.762688934803009,
            0.1968989074230194,
            0.010586950927972794
          ],
          [
            -0.5936791896820068,
            -0.6138726472854614,
            -0.5203073024749756,
            1.1918213367462158
          ],
          [
            0.0,
            0.0,
            0.0,
            1.0
          ]
        ]
      },
      "bone_length_armature_space": 0.04953382298906459,
      "parent": "lowerarm_l",
      "has_children": true,
      "is_end_bone": false
    },
    "thumb_01_l": {
      "name": "thumb_01_l",
      "local": {
        "location": {
          "x": 0.0,
          "y": 0.0,
          "z": 0.0
        },
        "rotation_quaternion": {
          "w": 0.9992505311965942,
          "x": 0.026979969814419746,
          "y": -0.02749345637857914,
          "z": 0.0038453848101198673
        },
        "scale": {
          "x": 1.0,
          "y": 1.0,
          "z": 1.0
        },
        "matrix_basis": [
          [
            0.9984586238861084,
            -0.009168551303446293,
            -0.054738204926252365,
            0.0
          ],
          [
            0.006201460491865873,
            0.9985145926475525,
            -0.05413094535470009,
            0.0
          ],
          [
            0.055153198540210724,
            0.05370805412530899,
            0.9970324039459229,
            0.0
          ],
          [
            0.0,
            0.0,
            0.0,
            1.0
          ]
        ],
        "rotation_mode": "QUATERNION"
      },
      "armature_space": {
        "head": {
          "x": 0.5853054523468018,
          "y": -0.09043583273887634,
          "z": 0.21155992150306702
        },
        "tail": {
          "x": 0.5674251914024353,
          "y": -0.10386932641267776,
          "z": 0.18589921295642853
        }
      },
      "world_space": {
        "head": {
          "x": 0.5853054523468018,
          "y": -0.027191832661628723,
          "z": 1.1614139080047607
        },
        "tail": {
          "x": 0.5674251914024353,
          "y": -0.040625326335430145,
          "z": 1.1357532739639282
        },
        "rotation_quaternion": {
          "w": 0.4152420461177826,
          "x": -0.8302931785583496,
          "y": 0.36089664697647095,
          "z": -0.08911190927028656
        },
        "matrix": [
          [
            0.7236239314079285,
            -0.525294303894043,
            0.44769859313964844,
            0.5853054523468018
          ],
          [
            -0.6733077764511108,
            -0.39465492963790894,
            0.6252235174179077,
            -0.027191832661628723
          ],
          [
            -0.15174151957035065,
            -0.7538713812828064,
            -0.6392706632614136,
            1.1614139080047607
          ],
          [
            0.0,
            0.0,
            0.0,
            1.0
          ]
        ]
      },
      "bone_length_armature_space": 0.03403871983601522,
      "parent": "metacarpal_thumb_l",
      "has_children": true,
      "is_end_bone": false
    },
    "thumb_02_l": {
      "name": "thumb_02_l",
      "local": {
        "location": {
          "x": 0.0,
          "y": 0.0,
          "z": 0.0
        },
        "rotation_quaternion": {
          "w": 0.9918288588523865,
          "x": 0.1274915635585785,
          "y": 0.0016135693294927478,
          "z": -0.004363395739346743
        },
        "scale": {
          "x": 1.0,
          "y": 1.0,
          "z": 1.0
        },
        "matrix_basis": [
          [
            0.9999567270278931,
            0.00906691700220108,
            0.002088177017867565,
            0.0
          ],
          [
            -0.008244050666689873,
            0.9674537181854248,
            -0.2529137134552002,
            0.0
          ],
          [
            -0.004313361365348101,
            0.2528855502605438,
            0.9674866199493408,
            0.0
          ],
          [
            0.0,
            0.0,
            0.0,
            1.0
          ]
        ],
        "rotation_mode": "QUATERNION"
      },
      "armature_space": {
        "head": {
          "x": 0.5674251914024353,
          "y": -0.10386932641267776,
          "z": 0.1858992576599121
        },
        "tail": {
          "x": 0.5942742228507996,
          "y": -0.10929370671510696,
          "z": 0.15652413666248322
        }
      },
      "world_space": {
        "head": {
          "x": 0.5674251914024353,
          "y": -0.040625326335430145,
          "z": 1.1357532739639282
        },
        "tail": {
          "x": 0.5942742228507996,
          "y": -0.046049706637859344,
          "z": 1.106378197669983
        },
        "rotation_quaternion": {
          "w": 0.6481132507324219,
          "x": -0.4618775546550751,
          "y": 0.11145926266908646,
          "z": -0.5951429605484009
        },
        "matrix": [
          [
            0.26675933599472046,
            0.66847825050354,
            0.6942449808120728,
            0.5674251914024353
          ],
          [
            -0.8744029402732849,
            -0.13505443930625916,
            0.4660259485244751,
            -0.040625326335430145
          ],
          [
            0.4052913188934326,
            -0.7313718795776367,
            0.5484966039657593,
            1.1357532739639282
          ],
          [
            0.0,
            0.0,
            0.0,
            1.0
          ]
        ]
      },
      "bone_length_armature_space": 0.040164563126182544,
      "parent": "thumb_01_l",
      "has_children": true,
      "is_end_bone": false
    },
    "thumb_03_l": {
      "name": "thumb_03_l",
      "local": {
        "location": {
          "x": 0.0,
          "y": 0.0,
          "z": 0.0
        },
        "rotation_quaternion": {
          "w": 0.9982406497001648,
          "x": 0.059126343578100204,
          "y": 0.004331899341195822,
          "z": 0.0009137908928096294
        },
        "scale": {
          "x": 1.0,
          "y": 1.0,
          "z": 1.0
        },
        "matrix_basis": [
          [
            0.9999607801437378,
            -0.0013121076626703143,
            0.008756614290177822,
            0.0
          ],
          [
            0.0023366252426058054,
            0.9930064678192139,
            -0.11803672462701797,
            0.0
          ],
          [
            -0.008540498092770576,
            0.11805255711078644,
            0.9929706454277039,
            0.0
          ],
          [
            0.0,
            0.0,
            0.0,
            1.0
          ]
        ],
        "rotation_mode": "QUATERNION"
      },
      "armature_space": {
        "head": {
          "x": 0.5942741632461548,
          "y": -0.10929378122091293,
          "z": 0.1565241664648056
        },
        "tail": {
          "x": 0.619990348815918,
          "y": -0.10466659069061279,
          "z": 0.14089849591255188
        }
      },
      "world_space": {
        "head": {
          "x": 0.5942741632461548,
          "y": -0.046049781143665314,
          "z": 1.106378197669983
        },
        "tail": {
          "x": 0.619990348815918,
          "y": -0.04142259061336517,
          "z": 1.0907524824142456
        },
        "rotation_quaternion": {
          "w": 0.7388217449188232,
          "x": -0.20187769830226898,
          "y": 0.17359641194343567,
          "z": -0.6190735697746277
        },
        "matrix": [
          [
            0.17322251200675964,
            0.8446798324584961,
            0.5064681172370911,
            0.5942741632461548
          ],
          [
            -0.9848609566688538,
            0.15198586881160736,
            0.08336314558982849,
            -0.046049781143665314
          ],
          [
            -0.00656163552775979,
            -0.5132444500923157,
            0.8582258224487305,
            1.106378197669983
          ],
          [
            0.0,
            0.0,
            0.0,
            1.0
          ]
        ]
      },
      "bone_length_armature_space": 0.030444945029216658,
      "parent": "thumb_02_l",
      "has_children": false,
      "is_end_bone": true
    },
    "metacarpal_index_l": {
      "name": "metacarpal_index_l",
      "local": {
        "location": {
          "x": 0.0,
          "y": 0.0,
          "z": 0.0
        },
        "rotation_quaternion": {
          "w": 0.9999340772628784,
          "x": 0.0075883325189352036,
          "y": 0.0013531125150620937,
          "z": 0.008511289022862911
        },
        "scale": {
          "x": 1.0,
          "y": 1.0,
          "z": 1.0
        },
        "matrix_basis": [
          [
            0.9998514652252197,
            -0.017000919207930565,
            0.0028352197259664536,
            0.0
          ],
          [
            0.017041992396116257,
            0.999739944934845,
            -0.01515263132750988,
            0.0
          ],
          [
            -0.0025768736377358437,
            0.01519869826734066,
            0.9998811483383179,
            0.0
          ],
          [
            0.0,
            0.0,
            0.0,
            1.0
          ]
        ],
        "rotation_mode": "QUATERNION"
      },
      "armature_space": {
        "head": {
          "x": 0.5752180814743042,
          "y": -0.052657049149274826,
          "z": 0.24196729063987732
        },
        "tail": {
          "x": 0.6321081519126892,
          "y": -0.11812177300453186,
          "z": 0.16318148374557495
        }
      },
      "world_space": {
        "head": {
          "x": 0.5752180814743042,
          "y": 0.010586950927972794,
          "z": 1.1918213367462158
        },
        "tail": {
          "x": 0.6321081519126892,
          "y": -0.05487777292728424,
          "z": 1.1130354404449463
        },
        "rotation_quaternion": {
          "w": 0.1057872474193573,
          "x": -0.6647238731384277,
          "y": -0.45766180753707886,
          "z": 0.5809448957443237
        },
        "matrix": [
          [
            -0.0939037948846817,
            0.4855273365974426,
            -0.8691633343696594,
            0.5752180814743042
          ],
          [
            0.731350839138031,
            -0.5587075352668762,
            -0.39111676812171936,
            0.010586950927972794
          ],
          [
            -0.6755101680755615,
            -0.6723960041999817,
            -0.3026285171508789,
            1.1918213367462158
          ],
          [
            0.0,
            0.0,
            0.0,
            1.0
          ]
        ]
      },
      "bone_length_armature_space": 0.11717215079875229,
      "parent": "lowerarm_l",
      "has_children": true,
      "is_end_bone": false
    },
    "index_01_l": {
      "name": "index_01_l",
      "local": {
        "location": {
          "x": 0.0,
          "y": 0.0,
          "z": 0.0
        },
        "rotation_quaternion": {
          "w": 0.9992992281913757,
          "x": -0.03626389056444168,
          "y": -0.006891334429383278,
          "z": 0.00621730275452137
        },
        "scale": {
          "x": 1.0,
          "y": 1.0,
          "z": 1.0
        },
        "matrix_basis": [
          [
            0.9998276829719543,
            -0.011926078237593174,
            -0.014223937876522541,
            0.0
          ],
          [
            0.012925704941153526,
            0.9972925782203674,
            0.07239126414060593,
            0.0
          ],
          [
            0.013322083279490471,
            -0.07256264984607697,
            0.9972748756408691,
            0.0
          ],
          [
            0.0,
            0.0,
            0.0,
            1.0
          ]
        ],
        "rotation_mode": "QUATERNION"
      },
      "armature_space": {
        "head": {
          "x": 0.6321081519126892,
          "y": -0.11812177300453186,
          "z": 0.16318148374557495
        },
        "tail": {
          "x": 0.64906907081604,
          "y": -0.12369781732559204,
          "z": 0.1409483551979065
        }
      },
      "world_space": {
        "head": {
          "x": 0.6321081519126892,
          "y": -0.05487777292728424,
          "z": 1.1130354404449463
        },
        "tail": {
          "x": 0.64906907081604,
          "y": -0.06045381724834442,
          "z": 1.0908024311065674
        },
        "rotation_quaternion": {
          "w": 0.1422530710697174,
          "x": -0.5948740839958191,
          "y": -0.6180528402328491,
          "z": 0.4938620924949646
        },
        "matrix": [
          [
            -0.2517735958099365,
            0.5948194265365601,
            -0.7634130716323853,
            0.6321081519126892
          ],
          [
            0.8758355379104614,
            -0.19555211067199707,
            -0.44121643900871277,
            -0.05487777292728424
          ],
          [
            -0.41173332929611206,
            -0.7797167897224426,
            -0.47173282504081726,
            1.1130354404449463
          ],
          [
            0.0,
            0.0,
            0.0,
            1.0
          ]
        ]
      },
      "bone_length_armature_space": 0.0285145062325517,
      "parent": "metacarpal_index_l",
      "has_children": true,
      "is_end_bone": false
    },
    "index_02_l": {
      "name": "index_02_l",
      "local": {
        "location": {
          "x": 0.0,
          "y": 0.0,
          "z": 0.0
        },
        "rotation_quaternion": {
          "w": 0.9823033213615417,
          "x": 0.1872710883617401,
          "y": 0.0007263697334565222,
          "z": 0.003062492236495018
        },
        "scale": {
          "x": 1.0,
          "y": 1.0,
          "z": 1.0
        },
        "matrix_basis": [
          [
            0.9999802112579346,
            -0.005744536407291889,
            0.0025740633718669415,
            0.0
          ],
          [
            0.006288648582994938,
            0.9298403263092041,
            -0.36790958046913147,
            0.0
          ],
          [
            -0.0002799982903525233,
            0.367918461561203,
            0.9298580288887024,
            0.0
          ],
          [
            0.0,
            0.0,
            0.0,
            1.0
          ]
        ],
        "rotation_mode": "QUATERNION"
      },
      "armature_space": {
        "head": {
          "x": 0.6490691304206848,
          "y": -0.12369824200868607,
          "z": 0.14094799757003784
        },
        "tail": {
          "x": 0.6569056510925293,
          "y": -0.13222603499889374,
          "z": 0.1180577427148819
        }
      },
      "world_space": {
        "head": {
          "x": 0.6490691304206848,
          "y": -0.060454241931438446,
          "z": 1.0908019542694092
        },
        "tail": {
          "x": 0.6569056510925293,
          "y": -0.06898203492164612,
          "z": 1.0679117441177368
        },
        "rotation_quaternion": {
          "w": 0.22259174287319183,
          "x": -0.5414803624153137,
          "y": -0.5331411957740784,
          "z": 0.6107474565505981
        },
        "matrix": [
          [
            -0.314504474401474,
            0.30547860264778137,
            -0.8987599611282349,
            0.6490691304206848
          ],
          [
            0.8492659330368042,
            -0.33242496848106384,
            -0.41017258167266846,
            -0.060454241931438446
          ],
          [
            -0.4240714907646179,
            -0.8922940492630005,
            -0.15488487482070923,
            1.0908019542694092
          ],
          [
            0.0,
            0.0,
            0.0,
            1.0
          ]
        ]
      },
      "bone_length_armature_space": 0.02565342232744942,
      "parent": "index_01_l",
      "has_children": true,
      "is_end_bone": false
    },
    "index_03_l": {
      "name": "index_03_l",
      "local": {
        "location": {
          "x": 0.0,
          "y": 0.0,
          "z": 0.0
        },
        "rotation_quaternion": {
          "w": 0.9758169651031494,
          "x": 0.21857193112373352,
          "y": -0.0022931641433387995,
          "z": -0.0014858983922749758
        },
        "scale": {
          "x": 1.0,
          "y": 1.0,
          "z": 1.0
        },
        "matrix_basis": [
          [
            0.9999850392341614,
            0.0018974870909005404,
            -0.005124968476593494,
            0.0
          ],
          [
            -0.0039023724384605885,
            0.9044482111930847,
            -0.42656558752059937,
            0.0
          ],
          [
            0.003825865685939789,
            0.42657920718193054,
            0.9044421315193176,
            0.0
          ],
          [
            0.0,
            0.0,
            0.0,
            1.0
          ]
        ],
        "rotation_mode": "QUATERNION"
      },
      "armature_space": {
        "head": {
          "x": 0.6569057703018188,
          "y": -0.13222599029541016,
          "z": 0.11805777251720428
        },
        "tail": {
          "x": 0.6503042578697205,
          "y": -0.14378564059734344,
          "z": 0.09204746782779694
        }
      },
      "world_space": {
        "head": {
          "x": 0.6569057703018188,
          "y": -0.06898199021816254,
          "z": 1.0679117441177368
        },
        "tail": {
          "x": 0.6503042578697205,
          "y": -0.08054164052009583,
          "z": 1.0419014692306519
        },
        "rotation_quaternion": {
          "w": 0.4006343185901642,
          "x": -0.4493862986564636,
          "y": -0.3764033317565918,
          "z": 0.704176664352417
        },
        "matrix": [
          [
            -0.27508777379989624,
            -0.22593529522418976,
            -0.9344943165779114,
            0.6569057703018188
          ],
          [
            0.9025359749794006,
            -0.39562535285949707,
            -0.17002883553504944,
            -0.06898199021816254
          ],
          [
            -0.3312956690788269,
            -0.8901943564414978,
            0.31274861097335815,
            1.0679117441177368
          ],
          [
            0.0,
            0.0,
            0.0,
            1.0
          ]
        ]
      },
      "bone_length_armature_space": 0.02921885380732072,
      "parent": "index_02_l",
      "has_children": false,
      "is_end_bone": true
    },
    "metacarpal_pinky_l": {
      "name": "metacarpal_pinky_l",
      "local": {
        "location": {
          "x": 0.0,
          "y": 0.0,
          "z": 0.0
        },
        "rotation_quaternion": {
          "w": 0.9994481801986694,
          "x": -0.0303946640342474,
          "y": 0.009456881321966648,
          "z": 0.009503308683633804
        },
        "scale": {
          "x": 1.0,
          "y": 1.0,
          "z": 1.0
        },
        "matrix_basis": [
          [
            0.9996405243873596,
            -0.019571006298065186,
            0.018325624987483025,
            0.0
          ],
          [
            0.018421251326799393,
            0.9979717135429382,
            0.060935527086257935,
            0.0
          ],
          [
            -0.019481025636196136,
            -0.06057604029774666,
            0.9979734420776367,
            0.0
          ],
          [
            0.0,
            0.0,
            0.0,
            1.0
          ]
        ],
        "rotation_mode": "QUATERNION"
      },
      "armature_space": {
        "head": {
          "x": 0.5752180814743042,
          "y": -0.052657049149274826,
          "z": 0.24196729063987732
        },
        "tail": {
          "x": 0.6413556337356567,
          "y": -0.04431209713220596,
          "z": 0.16197049617767334
        }
      },
      "world_space": {
        "head": {
          "x": 0.5752180814743042,
          "y": 0.010586950927972794,
          "z": 1.1918213367462158
        },
        "tail": {
          "x": 0.6413556337356567,
          "y": 0.018931902945041656,
          "z": 1.1118245124816895
        },
        "rotation_quaternion": {
          "w": 0.5966432094573975,
          "x": -0.17206120491027832,
          "y": 0.42905208468437195,
          "z": -0.6559925675392151
        },
        "matrix": [
          [
            -0.22881963849067688,
            0.6351397037506104,
            0.7377254366874695,
            0.5752180814743042
          ],
          [
            -0.930435061454773,
            0.0801391452550888,
            -0.3575875163078308,
            0.010586950927972794
          ],
          [
            -0.2862416207790375,
            -0.768234133720398,
            0.5726224780082703,
            1.1918213367462158
          ],
          [
            0.0,
            0.0,
            0.0,
            1.0
          ]
        ]
      },
      "bone_length_armature_space": 0.10413117290272941,
      "parent": "lowerarm_l",
      "has_children": true,
      "is_end_bone": false
    },
    "pinky_01_l": {
      "name": "pinky_01_l",
      "local": {
        "location": {
          "x": 0.0,
          "y": 0.0,
          "z": 0.0
        },
        "rotation_quaternion": {
          "w": 0.9997416734695435,
          "x": 0.02058834582567215,
          "y": 0.00890417955815792,
          "z": -0.0036877444945275784
        },
        "scale": {
          "x": 1.0,
          "y": 1.0,
          "z": 1.0
        },
        "matrix_basis": [
          [
            0.9998142123222351,
            0.007740228436887264,
            0.017651909962296486,
            0.0
          ],
          [
            -0.00700693903490901,
            0.999125063419342,
            -0.041231729090213776,
            0.0
          ],
          [
            -0.017955608665943146,
            0.041100382804870605,
            0.9989936947822571,
            0.0
          ],
          [
            0.0,
            0.0,
            0.0,
            1.0
          ]
        ],
        "rotation_mode": "QUATERNION"
      },
      "armature_space": {
        "head": {
          "x": 0.6413556337356567,
          "y": -0.04431209713220596,
