{
  "metadata": {
    "armature_name": "KIM_caucasian_male",
    "export_time": "2026-01-13T21:05:04.296157",
    "blender_version": "4.4.1",
    "bone_count": 56,
    "end_bone_count": 13,
    "spaces_included": [
      "LOCAL_CHANNELS",
      "ARMATURE_SPACE",
      "WORLD_SPACE"
    ],
    "note": "LOCAL matches Transform panel; replay pose via local.matrix_basis for best fidelity."
  },
  "bones": {
    "Root": {
      "name": "Root",
      "local": {
        "location": {
          "x": 0.0,
          "y": 0.0,
          "z": 0.0
        },
        "rotation_quaternion": {
          "w": 0.9997034072875977,
          "x": -0.004287565592676401,
          "y": 0.016362112015485764,
          "z": -0.01752488501369953
        },
        "scale": {
          "x": 1.0,
          "y": 1.0,
          "z": 1.0
        },
        "matrix_basis": [
          [
            0.9988503456115723,
            0.034899067133665085,
            0.03286479786038399,
            0.0
          ],
          [
            -0.035179682075977325,
            0.9993489980697632,
            0.007999099791049957,
            0.0
          ],
          [
            -0.03256424143910408,
            -0.009146075695753098,
            0.9994277954101562,
            0.0
          ],
          [
            0.0,
            0.0,
            0.0,
            1.0
          ]
        ],
        "rotation_mode": "QUATERNION"
      },
      "armature_space": {
        "head": {
          "x": 0.0,
          "y": 0.07072800397872925,
          "z": -0.009595036506652832
        },
        "tail": {
          "x": 0.0024909512139856815,
          "y": 0.00013380497694015503,
          "z": 0.0006406418979167938
        }
      },
      "world_space": {
        "head": {
          "x": 0.0,
          "y": 0.13397200405597687,
          "z": 0.9402589797973633
        },
        "tail": {
          "x": 0.0024909512139856815,
          "y": 0.06337780505418777,
          "z": 0.950494647026062
        },
        "rotation_quaternion": {
          "w": 0.07162550091743469,
          "x": 0.9971433877944946,
          "y": 0.018587356433272362,
          "z": 0.015144327655434608
        },
        "matrix": [
          [
            0.9988503456115723,
            0.034899067133665085,
            0.03286479786038399,
            0.0
          ],
          [
            0.039237961173057556,
            -0.9890485405921936,
            -0.1422792673110962,
            0.13397200405597687
          ],
          [
            0.02753969468176365,
            0.14340530335903168,
            -0.9892878532409668,
            0.9402589797973633
          ],
          [
            0.0,
            0.0,
            0.0,
            1.0
          ]
        ]
      },
      "bone_length_armature_space": 0.0713758715478704,
      "parent": null,
      "has_children": true,
      "is_end_bone": false
    },
    "spine_01": {
      "name": "spine_01",
      "local": {
        "location": {
          "x": 0.0,
          "y": 0.0,
          "z": 0.0
        },
        "rotation_quaternion": {
          "w": 0.9943439364433289,
          "x": 0.10324784368276596,
          "y": -0.021085243672132492,
          "z": 0.013245528563857079
        },
        "scale": {
          "x": 1.0,
          "y": 1.0,
          "z": 1.0
        },
        "matrix_basis": [
          [
            0.998759925365448,
            -0.03069523349404335,
            -0.03919682279229164,
            0.0
          ],
          [
            0.02198721095919609,
            0.9783288836479187,
            -0.20588630437850952,
            0.0
          ],
          [
            0.044667113572359085,
            0.20476916432380676,
            0.9777905941009521,
            0.0
          ],
          [
            0.0,
            0.0,
            0.0,
            1.0
          ]
        ],
        "rotation_mode": "QUATERNION"
      },
      "armature_space": {
        "head": {
          "x": 0.0024909512139856815,
          "y": 0.00013380497694015503,
          "z": 0.0006406418979167938
        },
        "tail": {
          "x": -0.022872336208820343,
          "y": -0.07402899116277695,
          "z": 0.48230957984924316
        }
      },
      "world_space": {
        "head": {
          "x": 0.0024909512139856815,
          "y": 0.06337780505418777,
          "z": 0.950494647026062
        },
        "tail": {
          "x": -0.022872336208820343,
          "y": -0.010784991085529327,
          "z": 1.4321635961532593
        },
        "rotation_quaternion": {
          "w": 0.6509004235267639,
          "x": 0.7587157487869263,
          "y": -0.01850058324635029,
          "z": 0.01835952140390873
        },
        "matrix": [
          [
            0.998641312122345,
            -0.051973819732666016,
            0.0037748999893665314,
            0.0024909512139856815
          ],
          [
            -0.004173249006271362,
            -0.15197256207466125,
            -0.9883759617805481,
            0.06337780505418777
          ],
          [
            0.051943715661764145,
            0.9870240688323975,
            -0.15198495984077454,
            0.950494647026062
          ],
          [
            0.0,
            0.0,
            0.0,
            1.0
          ]
        ]
      },
      "bone_length_armature_space": 0.48800449461537315,
      "parent": "Root",
      "has_children": true,
      "is_end_bone": false
    },
    "neck_01": {
      "name": "neck_01",
      "local": {
        "location": {
          "x": 0.0,
          "y": 0.0,
          "z": 0.0
        },
        "rotation_quaternion": {
          "w": 0.9904651641845703,
          "x": 2.506290729797911e-05,
          "y": 0.0021349957678467035,
          "z": -0.13774748146533966
        },
        "scale": {
          "x": 1.0,
          "y": 1.0,
          "z": 1.0
        },
        "matrix_basis": [
          [
            0.9620421528816223,
            0.272868275642395,
            0.004222373012453318,
            0.0
          ],
          [
            -0.2728680670261383,
            0.962051272392273,
            -0.0006378284306265414,
            0.0
          ],
          [
            -0.004236182663589716,
            -0.0005385326803661883,
            0.9999908804893494,
            0.0
          ],
          [
            0.0,
            0.0,
            0.0,
            1.0
          ]
        ],
        "rotation_mode": "QUATERNION"
      },
      "armature_space": {
        "head": {
          "x": -0.026546863839030266,
          "y": -0.11943349987268448,
          "z": 0.5493070483207703
        },
        "tail": {
          "x": -0.00321059487760067,
          "y": -0.17044448852539062,
          "z": 0.6351208686828613
        }
      },
      "world_space": {
        "head": {
          "x": -0.026546863839030266,
          "y": -0.05618949979543686,
          "z": 1.4991610050201416
        },
        "tail": {
          "x": -0.00321059487760067,
          "y": -0.107200488448143,
          "z": 1.5849748849868774
        },
        "rotation_quaternion": {
          "w": 0.48986512422561646,
          "x": 0.8641392588615417,
          "y": 0.10606414824724197,
          "z": -0.045231763273477554
        },
        "matrix": [
          [
            0.9734089374542236,
            0.22762353718280792,
            0.025742102414369583,
            -0.026546863839030266
          ],
          [
            0.13899429142475128,
            -0.4975646436214447,
            -0.8562185764312744,
            -0.05618949979543686
          ],
          [
            -0.18208825588226318,
            0.8370340466499329,
            -0.5159766674041748,
            1.4991610050201416
          ],
          [
            0.0,
            0.0,
            0.0,
            1.0
          ]
        ]
      },
      "bone_length_armature_space": 0.10252177399256858,
      "parent": "spine_01",
      "has_children": true,
      "is_end_bone": false
    },
    "head": {
      "name": "head",
      "local": {
        "location": {
          "x": 0.0,
          "y": 0.0,
          "z": 0.0
        },
        "rotation_quaternion": {
          "w": 0.9496331810951233,
          "x": -0.18741299211978912,
          "y": -0.058066289871931076,
          "z": 0.24433869123458862
        },
        "scale": {
          "x": 1.0,
          "y": 1.0,
          "z": 1.0
        },
        "matrix_basis": [
          [
            0.8738538026809692,
            -0.4422995150089264,
            -0.20186784863471985,
            0.0
          ],
          [
            0.48582902550697327,
            0.8103499412536621,
            0.3275715112686157,
            0.0
          ],
          [
            0.018698859959840775,
            -0.3843228816986084,
            0.9230093359947205,
            0.0
          ],
          [
            0.0,
            0.0,
            0.0,
            1.0
          ]
        ],
        "rotation_mode": "QUATERNION"
      },
      "armature_space": {
        "head": {
          "x": -0.0032106079161167145,
          "y": -0.17044459283351898,
          "z": 0.6351207494735718
        },
        "tail": {
          "x": -0.050747793167829514,
          "y": -0.14085562527179718,
          "z": 0.7797513008117676
        }
      },
      "world_space": {
        "head": {
          "x": -0.0032106079161167145,
          "y": -0.10720059275627136,
          "z": 1.584974765777588
        },
        "tail": {
          "x": -0.050747793167829514,
          "y": -0.07761162519454956,
          "z": 1.7296053171157837
        },
        "rotation_quaternion": {
          "w": 0.7634280323982239,
          "x": 0.6267299056053162,
          "y": -0.11211567372083664,
          "z": 0.10870742052793503
        },
        "matrix": [
          [
            0.9512255787849426,
            -0.30651313066482544,
            -0.03492249548435211,
            -0.0032106079161167145
          ],
          [
            0.02545008808374405,
            0.1907854974269867,
            -0.9813019037246704,
            -0.10720059275627136
          ],
          [
            0.30744677782058716,
            0.9325573444366455,
            0.18928112089633942,
            1.584974765777588
          ],
          [
            0.0,
            0.0,
            0.0,
            1.0
          ]
        ]
      },
      "bone_length_armature_space": 0.15509122377609905,
      "parent": "neck_01",
      "has_children": false,
      "is_end_bone": true
    },
    "upperarm_l": {
      "name": "upperarm_l",
      "local": {
        "location": {
          "x": 0.0,
          "y": 0.0,
          "z": 0.0
        },
        "rotation_quaternion": {
          "w": 0.6954774856567383,
          "x": 0.3717690110206604,
          "y": 0.3740054666996002,
          "z": 0.48807668685913086
        },
        "scale": {
          "x": 1.0,
          "y": 1.0,
          "z": 1.0
        },
        "matrix_basis": [
          [
            0.24380211532115936,
            -0.40080541372299194,
            0.8831283450126648,
            0.0
          ],
          [
            0.9569799900054932,
            0.2471379041671753,
            -0.15202724933624268,
            0.0
          ],
          [
            -0.15732118487358093,
            0.8822006583213806,
            0.4438154399394989,
            0.0
          ],
          [
            0.0,
            0.0,
            0.0,
            1.0
          ]
        ],
        "rotation_mode": "QUATERNION"
      },
      "armature_space": {
        "head": {
          "x": 0.12675441801548004,
          "y": -0.11299781501293182,
          "z": 0.4902782440185547
        },
        "tail": {
          "x": 0.2000824511051178,
          "y": -0.3619101643562317,
          "z": 0.5571610331535339
        }
      },
      "world_space": {
        "head": {
          "x": 0.12675441801548004,
          "y": -0.049753814935684204,
          "z": 1.4401322603225708
        },
        "tail": {
          "x": 0.2000824511051178,
          "y": -0.29866617918014526,
          "z": 1.5070149898529053
        },
        "rotation_quaternion": {
          "w": 0.13703586161136627,
          "x": 0.9793674945831299,
          "y": 0.12953560054302216,
          "z": -0.0726720318198204
        },
        "matrix": [
          [
            0.955878734588623,
            0.27364328503608704,
            -0.10684297233819962,
            0.12675441801548004
          ],
          [
            0.23380859196186066,
            -0.92888343334198,
            -0.28724464774131775,
            -0.049753814935684204
          ],
          [
            -0.1778482347726822,
            0.2495911419391632,
            -0.9518868327140808,
            1.4401322603225708
          ],
          [
            0.0,
            0.0,
            0.0,
            1.0
          ]
        ]
      },
      "bone_length_armature_space": 0.26796952739636176,
      "parent": "spine_01",
      "has_children": true,
      "is_end_bone": false
    },
    "lowerarm_l": {
      "name": "lowerarm_l",
      "local": {
        "location": {
          "x": 0.0,
          "y": 0.0,
          "z": 0.0
        },
        "rotation_quaternion": {
          "w": 0.898966908454895,
          "x": 0.3692209720611572,
          "y": 0.1829127073287964,
          "z": -0.14858438074588776
        },
        "scale": {
          "x": 1.0,
          "y": 1.0,
          "z": 1.0
        },
        "matrix_basis": [
          [
            0.8889312744140625,
            0.40221530199050903,
            0.21914400160312653,
            0.0
          ],
          [
            -0.13207446038722992,
            0.6831971406936646,
            -0.7181907892227173,
            0.0
          ],
          [
            -0.43858587741851807,
            0.6094789505004883,
            0.6604376435279846,
            0.0
          ],
          [
            0.0,
            0.0,
            0.0,
            1.0
          ]
        ],
        "rotation_mode": "QUATERNION"
      },
      "armature_space": {
        "head": {
          "x": 0.20008236169815063,
          "y": -0.36191031336784363,
          "z": 0.5571610331535339
        },
        "tail": {
          "x": 0.29261669516563416,
          "y": -0.5566017031669617,
          "z": 0.3987236022949219
        }
      },
      "world_space": {
        "head": {
          "x": 0.20008236169815063,
          "y": -0.2986662983894348,
          "z": 1.5070149898529053
        },
        "tail": {
          "x": 0.29261669516563416,
          "y": -0.49335771799087524,
          "z": 1.348577618598938
        },
        "rotation_quaternion": {
          "w": 0.31962916254997253,
          "x": -0.9294347167015076,
          "y": -0.1842861920595169,
          "z": -0.005204497370868921
        },
        "matrix": [
          [
            0.9320229887962341,
            0.3458911180496216,
            -0.10813291370868683,
            0.20008236169815063
          ],
          [
            0.3392377495765686,
            -0.7277517318725586,
            0.596066415309906,
            -0.2986662983894348
          ],
          [
            0.12748146057128906,
            -0.592235267162323,
            -0.7956256866455078,
            1.5070149898529053
          ],
          [
            0.0,
            0.0,
            0.0,
            1.0
          ]
        ]
      },
      "bone_length_armature_space": 0.267525248280188,
      "parent": "upperarm_l",
      "has_children": true,
      "is_end_bone": false
    },
    "metacarpal_thumb_l": {
      "name": "metacarpal_thumb_l",
      "local": {
        "location": {
          "x": 0.0,
          "y": 0.0,
          "z": 0.0
        },
        "rotation_quaternion": {
          "w": 0.999954342842102,
          "x": 0.003085046773776412,
          "y": -0.004368595313280821,
          "z": -0.00793043989688158
        },
        "scale": {
          "x": 1.0,
          "y": 1.0,
          "z": 1.0
        },
        "matrix_basis": [
          [
            0.9998360276222229,
            0.01583320088684559,
            -0.008785723708570004,
            0.0
          ],
          [
            -0.01588710956275463,
            0.9998551607131958,
            -0.0061005218885838985,
            0.0
          ],
          [
            0.008687860332429409,
            0.006239101756364107,
            0.9999427795410156,
            0.0
          ],
          [
            0.0,
            0.0,
            0.0,
            1.0
          ]
        ],
        "rotation_mode": "QUATERNION"
      },
      "armature_space": {
        "head": {
          "x": 0.29261669516563416,
          "y": -0.5566017031669617,
          "z": 0.3987236022949219
        },
        "tail": {
          "x": 0.31193140149116516,
          "y": -0.5651395916938782,
          "z": 0.3539167046546936
        }
      },
      "world_space": {
        "head": {
          "x": 0.29261669516563416,
          "y": -0.49335771799087524,
          "z": 1.348577618598938
        },
        "tail": {
          "x": 0.31193140149116516,
          "y": -0.5018956065177917,
          "z": 1.3037707805633545
        },
        "rotation_quaternion": {
          "w": 0.6051030158996582,
          "x": -0.558485746383667,
          "y": 0.21833094954490662,
          "z": -0.523713231086731
        },
        "matrix": [
          [
            0.35610875487327576,
            0.3899310231208801,
            0.8492000102996826,
            0.29261669516563416
          ],
          [
            -0.877671480178833,
            -0.17236578464508057,
            0.447194367647171,
            -0.49335771799087524
          ],
          [
            0.320749431848526,
            -0.9045748114585876,
            0.2808528542518616,
            1.348577618598938
          ],
          [
            0.0,
            0.0,
            0.0,
            1.0
          ]
        ]
      },
      "bone_length_armature_space": 0.04953394336418728,
      "parent": "lowerarm_l",
      "has_children": true,
      "is_end_bone": false
    },
    "thumb_01_l": {
      "name": "thumb_01_l",
      "local": {
        "location": {
          "x": 0.0,
          "y": 0.0,
          "z": 0.0
        },
        "rotation_quaternion": {
          "w": 0.9556352496147156,
          "x": 0.29434067010879517,
          "y": 0.0037870341911911964,
          "z": 0.010517831891775131
        },
        "scale": {
          "x": 1.0,
          "y": 1.0,
          "z": 1.0
        },
        "matrix_basis": [
          [
            0.9997500777244568,
            -0.017873065546154976,
            0.013429698534309864,
            0.0
          ],
          [
            0.022331777960062027,
            0.8265058994293213,
            -0.5624849796295166,
            0.0
          ],
          [
            -0.0010463953949511051,
            0.5626443028450012,
            0.8266984820365906,
            0.0
          ],
          [
            0.0,
            0.0,
            0.0,
            1.0
          ]
        ],
        "rotation_mode": "QUATERNION"
      },
      "armature_space": {
        "head": {
          "x": 0.31193140149116516,
          "y": -0.5651395916938782,
          "z": 0.3539167046546936
        },
        "tail": {
          "x": 0.34465837478637695,
          "y": -0.5719780921936035,
          "z": 0.34752869606018066
        }
      },
      "world_space": {
        "head": {
          "x": 0.31193140149116516,
          "y": -0.5018956065177917,
          "z": 1.3037707805633545
        },
        "tail": {
          "x": 0.34465837478637695,
          "y": -0.5087341070175171,
          "z": 1.2973827123641968
        },
        "rotation_quaternion": {
          "w": 0.49803534150123596,
          "x": 0.3513675034046173,
          "y": 0.38923999667167664,
          "z": -0.6906474828720093
        },
        "matrix": [
          [
            -0.2570026218891144,
            0.9614668488502502,
            -0.0976303219795227,
            0.31193140149116516
          ],
          [
            -0.4144027829170227,
            -0.2009047269821167,
            -0.8876417875289917,
            -0.5018956065177917
          ],
          [
            -0.8730586767196655,
            -0.1876693218946457,
            0.450069785118103,
            1.3037707805633545
          ],
          [
            0.0,
            0.0,
            0.0,
            1.0
          ]
        ]
      },
      "bone_length_armature_space": 0.03403860430106609,
      "parent": "metacarpal_thumb_l",
      "has_children": true,
      "is_end_bone": false
    },
    "thumb_02_l": {
      "name": "thumb_02_l",
      "local": {
        "location": {
          "x": 0.0,
          "y": 0.0,
          "z": 0.0
        },
        "rotation_quaternion": {
          "w": 0.8934959769248962,
          "x": 0.4489588737487793,
          "y": -0.008395995013415813,
          "z": 0.00550567964091897
        },
        "scale": {
          "x": 1.0,
          "y": 1.0,
          "z": 1.0
        },
        "matrix_basis": [
          [
            0.9997984170913696,
            -0.017377518117427826,
            -0.010059928521513939,
            0.0
          ],
          [
            0.0022996922489255667,
            0.5968112349510193,
            -0.8023783564567566,
            0.0
          ],
          [
            0.019947223365306854,
            0.8021934628486633,
            0.5967308878898621,
            0.0
          ],
          [
            0.0,
            0.0,
            0.0,
            1.0
          ]
        ],
        "rotation_mode": "QUATERNION"
      },
      "armature_space": {
        "head": {
          "x": 0.34465837478637695,
          "y": -0.5719780325889587,
          "z": 0.34752872586250305
        },
        "tail": {
          "x": 0.3203869163990021,
          "y": -0.603645920753479,
          "z": 0.3429222106933594
        }
      },
      "world_space": {
        "head": {
          "x": 0.34465837478637695,
          "y": -0.5087340474128723,
          "z": 1.2973827123641968
        },
        "tail": {
          "x": 0.3203869163990021,
          "y": -0.5404019355773926,
          "z": 1.2927762269973755
        },
        "rotation_quaternion": {
          "w": 0.2964541018009186,
          "x": -0.5427699089050293,
          "y": 0.13373826444149017,
          "z": 0.774357795715332
        },
        "matrix": [
          [
            -0.23503103852272034,
            -0.6043029427528381,
            -0.7613007426261902,
            0.34465837478637695
          ],
          [
            0.31394490599632263,
            -0.7884570956230164,
            0.5289368629455566,
            -0.5087340474128723
          ],
          [
            -0.9198970794677734,
            -0.11469138413667679,
            0.37503260374069214,
            1.2973827123641968
          ],
          [
            0.0,
            0.0,
            0.0,
            1.0
          ]
        ]
      },
      "bone_length_armature_space": 0.04016439698528846,
      "parent": "thumb_01_l",
      "has_children": true,
      "is_end_bone": false
    },
    "thumb_03_l": {
      "name": "thumb_03_l",
      "local": {
        "location": {
          "x": 0.0,
          "y": 0.0,
          "z": 0.0
        },
        "rotation_quaternion": {
          "w": 0.9913225173950195,
          "x": 0.13113155961036682,
          "y": -0.007982401177287102,
          "z": -0.0045407493598759174
        },
        "scale": {
          "x": 1.0,
          "y": 1.0,
          "z": 1.0
        },
        "matrix_basis": [
          [
            0.9998313188552856,
            0.006909204646945,
            -0.017017139121890068,
            0.0
          ],
          [
            -0.011096183210611343,
            0.9655677676200867,
            -0.2599148452281952,
            0.0
          ],
          [
            0.014635397121310234,
            0.26005983352661133,
            0.9654815793037415,
            0.0
          ],
          [
            0.0,
            0.0,
            0.0,
            1.0
          ]
        ],
        "rotation_mode": "QUATERNION"
      },
      "armature_space": {
        "head": {
          "x": 0.32038697600364685,
          "y": -0.603645920753479,
          "z": 0.3429221510887146
        },
        "tail": {
          "x": 0.293319970369339,
          "y": -0.6170051097869873,
          "z": 0.3468971848487854
        }
      },
      "world_space": {
        "head": {
          "x": 0.32038697600364685,
          "y": -0.5404019355773926,
          "z": 1.292776107788086
        },
        "tail": {
          "x": 0.293319970369339,
          "y": -0.5537611246109009,
          "z": 1.2967512607574463
        },
        "rotation_quaternion": {
          "w": 0.330215722322464,
          "x": -0.5793395042419434,
          "y": 0.4141955077648163,
          "z": 0.6194881200790405
        },
        "matrix": [
          [
            -0.1106468066573143,
            -0.8890494108200073,
            -0.44423967599868774,
            0.32038697600364685
          ],
          [
            -0.07079024612903595,
            -0.4387989044189453,
            0.8957926630973816,
            -0.5404019355773926
          ],
          [
            -0.9913425445556641,
            0.1305648386478424,
            -0.014383753761649132,
            1.292776107788086
          ],
          [
            0.0,
            0.0,
            0.0,
            1.0
          ]
        ]
      },
      "bone_length_armature_space": 0.03044489505094002,
      "parent": "thumb_02_l",
      "has_children": false,
      "is_end_bone": true
    },
    "metacarpal_index_l": {
      "name": "metacarpal_index_l",
      "local": {
        "location": {
          "x": 0.0,
          "y": 0.0,
          "z": 0.0
        },
        "rotation_quaternion": {
          "w": 0.9981682896614075,
          "x": -0.058109551668167114,
          "y": 0.0003638023335952312,
          "z": 0.01683504320681095
        },
        "scale": {
          "x": 1.0,
          "y": 1.0,
          "z": 1.0
        },
        "matrix_basis": [
          [
            0.9994329214096069,
            -0.03365069255232811,
            -0.0012302817776799202,
            0.0
          ],
          [
            0.03356613218784332,
            0.9926797151565552,
            0.11601847410202026,
            0.0
          ],
          [
            -0.0026828255504369736,
            -0.11599397659301758,
            0.99324631690979,
            0.0
          ],
          [
            0.0,
            0.0,
            0.0,
            1.0
          ]
        ],
        "rotation_mode": "QUATERNION"
      },
      "armature_space": {
        "head": {
          "x": 0.29261669516563416,
          "y": -0.5566017031669617,
          "z": 0.3987236022949219
        },
        "tail": {
          "x": 0.3212933838367462,
          "y": -0.622561514377594,
          "z": 0.3062233328819275
        }
      },
      "world_space": {
        "head": {
          "x": 0.29261669516563416,
          "y": -0.49335771799087524,
          "z": 1.348577618598938
        },
        "tail": {
          "x": 0.3212933838367462,
          "y": -0.5593175292015076,
          "z": 1.2560772895812988
        },
        "rotation_quaternion": {
          "w": 0.46324384212493896,
          "x": -0.8015687465667725,
          "y": 0.0627642422914505,
          "z": -0.3727644681930542
        },
        "matrix": [
          [
            0.7142158150672913,
            0.24474076926708221,
            0.6557422876358032,
            0.29261669516563416
          ],
          [
            -0.445980042219162,
            -0.5629329085350037,
            0.6958508491516113,
            -0.49335771799087524
          ],
          [
            0.5394454002380371,
            -0.789441704750061,
            -0.2929074466228485,
            1.348577618598938
          ],
          [
            0.0,
            0.0,
            0.0,
            1.0
          ]
        ]
      },
      "bone_length_armature_space": 0.11717230479748751,
      "parent": "lowerarm_l",
      "has_children": true,
      "is_end_bone": false
    },
    "index_01_l": {
      "name": "index_01_l",
      "local": {
        "location": {
          "x": 0.0,
          "y": 0.0,
          "z": 0.0
        },
        "rotation_quaternion": {
          "w": 0.9549499750137329,
          "x": 0.2961735725402832,
          "y": 0.01063597947359085,
          "z": 0.015453383326530457
        },
        "scale": {
          "x": 1.0,
          "y": 1.0,
          "z": 1.0
        },
        "matrix_basis": [
          [
            0.9992961287498474,
            -0.023214224725961685,
            0.029467424377799034,
            0.0
          ],
          [
            0.03581460937857628,
            0.8240848183631897,
            -0.5653331875801086,
            0.0
          ],
          [
            -0.01115988940000534,
            0.5659906268119812,
            0.8243361711502075,
            0.0
          ],
          [
            0.0,
            0.0,
            0.0,
            1.0
          ]
        ],
        "rotation_mode": "QUATERNION"
      },
      "armature_space": {
        "head": {
          "x": 0.3212933838367462,
          "y": -0.622561514377594,
          "z": 0.3062233328819275
        },
        "tail": {
          "x": 0.34159383177757263,
          "y": -0.6308624148368835,
          "z": 0.28800082206726074
        }
      },
      "world_space": {
        "head": {
          "x": 0.3212933838367462,
          "y": -0.5593175292015076,
          "z": 1.2560772895812988
        },
        "tail": {
          "x": 0.34159383177757263,
          "y": -0.5676184296607971,
          "z": 1.2378548383712769
        },
        "rotation_quaternion": {
          "w": 0.572126030921936,
          "x": -0.6811460852622986,
          "y": -0.1646662950515747,
          "z": -0.42614200711250305
        },
        "matrix": [
          [
            0.5825740098953247,
            0.7119379639625549,
            0.3921124041080475,
            0.3212933838367462
          ],
          [
            -0.2632937431335449,
            -0.29111361503601074,
            0.9197442531585693,
            -0.5593175292015076
          ],
          [
            0.7689551711082458,
            -0.6390645503997803,
            0.017854660749435425,
            1.2560772895812988
          ],
          [
            0.0,
            0.0,
            0.0,
            1.0
          ]
        ]
      },
      "bone_length_armature_space": 0.02851443516848683,
      "parent": "metacarpal_index_l",
      "has_children": true,
      "is_end_bone": false
    },
    "index_02_l": {
      "name": "index_02_l",
      "local": {
        "location": {
          "x": 0.0,
          "y": 0.0,
          "z": 0.0
        },
        "rotation_quaternion": {
          "w": 0.8852483034133911,
          "x": 0.4651055634021759,
          "y": 0.0013439799658954144,
          "z": -0.003251655027270317
        },
        "scale": {
          "x": 1.0,
          "y": 1.0,
          "z": 1.0
        },
        "matrix_basis": [
          [
            0.9999752640724182,
            0.007007229141891003,
            -0.0006452137022279203,
            0.0
          ],
          [
            -0.0045068589970469475,
            0.5673325061798096,
            -0.8234765529632568,
            0.0
          ],
          [
            -0.005404237657785416,
            0.8234590888023376,
            0.5673500299453735,
            0.0
          ],
          [
            0.0,
            0.0,
            0.0,
            1.0
          ]
        ],
        "rotation_mode": "QUATERNION"
      },
      "armature_space": {
        "head": {
          "x": 0.3415940999984741,
          "y": -0.6308621764183044,
          "z": 0.2880003750324249
        },
        "tail": {
          "x": 0.36012741923332214,
          "y": -0.6161997318267822,
          "z": 0.27801939845085144
        }
      },
      "world_space": {
        "head": {
          "x": 0.3415940999984741,
          "y": -0.567618191242218,
          "z": 1.2378543615341187
        },
        "tail": {
          "x": 0.36012741923332214,
          "y": -0.5529557466506958,
          "z": 1.22787344455719
        },
        "rotation_quaternion": {
          "w": 0.810441255569458,
          "x": -0.3657287359237671,
          "y": -0.359119713306427,
          "z": -0.2836558520793915
        },
        "matrix": [
          [
            0.5811448693275452,
            0.7224541902542114,
            -0.3746076226234436,
            0.3415940999984741
          ],
          [
            -0.19709300994873047,
            0.5715634822845459,
            0.7965362071990967,
            -0.567618191242218
          ],
          [
            0.7895781993865967,
            -0.389072448015213,
            0.47455593943595886,
            1.2378543615341187
          ],
          [
            0.0,
            0.0,
            0.0,
            1.0
          ]
        ]
      },
      "bone_length_armature_space": 0.025653286328794767,
      "parent": "index_01_l",
      "has_children": true,
      "is_end_bone": false
    },
    "index_03_l": {
      "name": "index_03_l",
      "local": {
        "location": {
          "x": 0.0,
          "y": 0.0,
          "z": 0.0
        },
        "rotation_quaternion": {
          "w": 0.9325047731399536,
          "x": 0.361111581325531,
          "y": -0.005755068268626928,
          "z": 0.0003097886801697314
        },
        "scale": {
          "x": 1.0,
          "y": 1.0,
          "z": 1.0
        },
        "matrix_basis": [
          [
            0.9999335408210754,
            -0.004734202288091183,
            -0.010509520769119263,
            0.0
          ],
          [
            -0.0035786847583949566,
            0.7391966581344604,
            -0.6734800934791565,
            0.0
          ],
          [
            0.010956994257867336,
            0.6734730005264282,
            0.7391306161880493,
            0.0
          ],
          [
            0.0,
            0.0,
            0.0,
            1.0
          ]
        ],
        "rotation_mode": "QUATERNION"
      },
      "armature_space": {
        "head": {
          "x": 0.36012744903564453,
          "y": -0.6161998510360718,
          "z": 0.2780193090438843
        },
        "tail": {
          "x": 0.3680616021156311,
          "y": -0.5885354280471802,
          "z": 0.2830651104450226
        }
      },
      "world_space": {
        "head": {
          "x": 0.36012744903564453,
          "y": -0.5529558658599854,
          "z": 1.2278733253479004
        },
        "tail": {
          "x": 0.3680616021156311,
          "y": -0.5252914428710938,
          "z": 1.2329190969467163
        },
        "rotation_quaternion": {
          "w": 0.8767059445381165,
          "x": 0.014646939001977444,
          "y": -0.4525377154350281,
          "z": -0.1624254584312439
        },
        "matrix": [
          [
            0.5376550555229187,
            0.2715435326099396,
            -0.7982426285743713,
            0.36012744903564453
          ],
          [
            -0.29805517196655273,
            0.9468069076538086,
            0.12132662534713745,
            -0.5529558658599854
          ],
          [
            0.7887322306632996,
            0.17269064486026764,
            0.5899946689605713,
            1.2278733253479004
          ],
          [
            0.0,
            0.0,
            0.0,
            1.0
          ]
        ]
      },
      "bone_length_armature_space": 0.029218679246690898,
      "parent": "index_02_l",
      "has_children": false,
      "is_end_bone": true
    },
    "metacarpal_pinky_l": {
      "name": "metacarpal_pinky_l",
      "local": {
        "location": {
          "x": 0.0,
          "y": 0.0,
          "z": 0.0
        },
        "rotation_quaternion": {
          "w": 0.9998981952667236,
          "x": 0.009919394738972187,
          "y": -0.0036915442906320095,
          "z": 0.00957398395985365
        },
        "scale": {
          "x": 1.0,
          "y": 1.0,
          "z": 1.0
        },
        "matrix_basis": [
          [
            0.9997894167900085,
            -0.019219255074858665,
            -0.007192400749772787,
            0.0
          ],
          [
            0.01907278224825859,
            0.9996199011802673,
            -0.019907455891370773,
            0.0
          ],
          [
            0.0075722732581198215,
            0.019766084849834442,
            0.9997759461402893,
            0.0
          ],
          [
            0.0,
            0.0,
            0.0,
            1.0
          ]
        ],
        "rotation_mode": "QUATERNION"
      },
      "armature_space": {
        "head": {
          "x": 0.29261669516563416,
          "y": -0.5566017031669617,
          "z": 0.3987236022949219
        },
        "tail": {
          "x": 0.3285088837146759,
          "y": -0.6487732529640198,
          "z": 0.36617526412010193
        }
      },
      "world_space": {
        "head": {
          "x": 0.29261669516563416,
          "y": -0.49335771799087524,
          "z": 1.348577618598938
        },
        "tail": {
          "x": 0.3285088837146759,
          "y": -0.5855292677879333,
          "z": 1.3160293102264404
        },
        "rotation_quaternion": {
          "w": 0.02806832827627659,
          "x": -0.7906281352043152,
          "y": -0.23798304796218872,
          "z": 0.5634565949440002
        },
        "matrix": [
          [
            0.2517611086368561,
            0.3446838855743408,
            -0.9043282270431519,
            0.29261669516563416
          ],
          [
            0.40794289112091064,
            -0.8851518630981445,
            -0.22380535304546356,
            -0.49335771799087524
          ],
          [
            -0.8776156902313232,
            -0.31257185339927673,
            -0.36346104741096497,
            1.348577618598938
          ],
          [
            0.0,
            0.0,
            0.0,
            1.0
          ]
        ]
      },
      "bone_length_armature_space": 0.10413086891979212,
      "parent": "lowerarm_l",
      "has_children": true,
      "is_end_bone": false
    },
    "pinky_01_l": {
      "name": "pinky_01_l",
      "local": {
        "location": {
          "x": 0.0,
          "y": 0.0,
          "z": 0.0
        },
        "rotation_quaternion": {
          "w": 0.9528979063034058,
          "x": 0.3024071455001831,
          "y": -0.022856460884213448,
          "z": 0.0036183141637593508
        },
        "scale": {
          "x": 1.0,
          "y": 1.0,
          "z": 1.0
        },
        "matrix_basis": [
          [
            0.998928964138031,
            -0.020719682797789574,
            -0.041371338069438934,
            0.0
          ],
          [
            -0.006928146351128817,
            0.81707364320755,
            -0.57649165391922,
            0.0
          ],
          [
            0.04574815556406975,
            0.5761608481407166,
            0.8160549998283386,
            0.0
          ],
          [
            0.0,
            0.0,
            0.0,
            1.0
          ]
        ],
        "rotation_mode": "QUATERNION"
      },
      "armature_space": {
        "head": {
          "x": 0.3285088837146759,
          "y": -0.6487732529640198,
          "z": 0.36617526412010193
        },
        "tail": {
