{
  "metadata": {
    "armature_name": "KIM_caucasian_male",
    "export_time": "2026-01-13T20:26:53.464580",
    "blender_version": "4.4.1",
    "bone_count": 56,
    "end_bone_count": 13,
    "spaces_included": [
      "LOCAL_CHANNELS",
      "ARMATURE_SPACE",
      "WORLD_SPACE"
    ],
    "note": "LOCAL matches Transform panel; replay pose via local.matrix_basis for best fidelity."
  },
  "bones": {
    "Root": {
      "name": "Root",
      "local": {
        "location": {
          "x": 0.0,
          "y": 0.0,
          "z": 0.0
        },
        "rotation_quaternion": {
          "w": 0.9998273849487305,
          "x": 0.007922373712062836,
          "y": -0.016714559867978096,
          "z": -0.001752624986693263
        },
        "scale": {
          "x": 1.0,
          "y": 1.0,
          "z": 1.0
        },
        "matrix_basis": [
          [
            0.9994351267814636,
            0.0032398069743067026,
            -0.03345111757516861,
            0.0
          ],
          [
            -0.0037694829516112804,
            0.9998683333396912,
            -0.01578342355787754,
            0.0
          ],
          [
            0.03339558094739914,
            0.01590060070157051,
            0.9993157386779785,
            0.0
          ],
          [
            0.0,
            0.0,
            0.0,
            1.0
          ]
        ],
        "rotation_mode": "QUATERNION"
      },
      "armature_space": {
        "head": {
          "x": 0.0,
          "y": 0.07072800397872925,
          "z": -0.009595036506652832
        },
        "tail": {
          "x": 0.00023124403378460556,
          "y": -0.00014325231313705444,
          "z": -0.0011258898302912712
        }
      },
      "world_space": {
        "head": {
          "x": 0.0,
          "y": 0.13397200405597687,
          "z": 0.9402589797973633
        },
        "tail": {
          "x": 0.00023124403378460556,
          "y": 0.06310074776411057,
          "z": 0.9487281441688538
        },
        "rotation_quaternion": {
          "w": 0.05945165827870369,
          "x": 0.9980897903442383,
          "y": 0.0006226188270375133,
          "z": -0.016794661059975624
        },
        "matrix": [
          [
            0.9994351267814636,
            0.0032398069743067026,
            -0.03345111757516861,
            0.0
          ],
          [
            -0.0007540895603597164,
            -0.9929302334785461,
            -0.11869754642248154,
            0.13397200405597687
          ],
          [
            -0.03359941765666008,
            0.11865560710430145,
            -0.9923738837242126,
            0.9402589797973633
          ],
          [
            0.0,
            0.0,
            0.0,
            1.0
          ]
        ]
      },
      "bone_length_armature_space": 0.0713758698121514,
      "parent": null,
      "has_children": true,
      "is_end_bone": false
    },
    "spine_01": {
      "name": "spine_01",
      "local": {
        "location": {
          "x": 0.0,
          "y": 0.0,
          "z": 0.0
        },
        "rotation_quaternion": {
          "w": 0.9979687929153442,
          "x": 0.026654383167624474,
          "y": 0.04886377975344658,
          "z": 0.030990898609161377
        },
        "scale": {
          "x": 1.0,
          "y": 1.0,
          "z": 1.0
        },
        "matrix_basis": [
          [
            0.9933037757873535,
            -0.05925103276968002,
            0.09918113797903061,
            0.0
          ],
          [
            0.06446076929569244,
            0.996658205986023,
            -0.05017181858420372,
            0.0
          ],
          [
            -0.09587696939706802,
            0.05622915178537369,
            0.9938037395477295,
            0.0
          ],
          [
            0.0,
            0.0,
            0.0,
            1.0
          ]
        ],
        "rotation_mode": "QUATERNION"
      },
      "armature_space": {
        "head": {
          "x": 0.00023124403378460556,
          "y": -0.00014325231313705444,
          "z": -0.0011258898302912712
        },
        "tail": {
          "x": -0.012314013205468655,
          "y": -0.012524070218205452,
          "z": 0.4865603446960449
        }
      },
      "world_space": {
        "head": {
          "x": 0.00023124403378460556,
          "y": 0.06310074776411057,
          "z": 0.9487281441688538
        },
        "tail": {
          "x": -0.012314013205468655,
          "y": 0.05071993172168732,
          "z": 1.436414361000061
        },
        "rotation_quaternion": {
          "w": 0.6976326704025269,
          "x": 0.7146674990653992,
          "y": 0.02496480755507946,
          "z": 0.04399916157126427
        },
        "matrix": [
          [
            0.9948816299438477,
            -0.02570742927491665,
            0.09772183746099472,
            0.00023124403378460556
          ],
          [
            0.09707336872816086,
            -0.025370465591549873,
            -0.9949539303779602,
            0.06310074776411057
          ],
          [
            0.028057239949703217,
            0.9993545413017273,
            -0.022746175527572632,
            0.9487281441688538
          ],
          [
            0.0,
            0.0,
            0.0,
            1.0
          ]
        ]
      },
      "bone_length_armature_space": 0.48800466081278854,
      "parent": "Root",
      "has_children": true,
      "is_end_bone": false
    },
    "neck_01": {
      "name": "neck_01",
      "local": {
        "location": {
          "x": 0.0,
          "y": 0.0,
          "z": 0.0
        },
        "rotation_quaternion": {
          "w": 0.9886214733123779,
          "x": 0.04580715298652649,
          "y": 0.08049225807189941,
          "z": 0.1185341402888298
        },
        "scale": {
          "x": 1.0,
          "y": 1.0,
          "z": 1.0
        },
        "matrix_basis": [
          [
            0.9589412808418274,
            -0.2269965559244156,
            0.17001217603683472,
            0.0
          ],
          [
            0.24174503982067108,
            0.9677027463912964,
            -0.07148970663547516,
            0.0
          ],
          [
            -0.14829333126544952,
            0.1096540316939354,
            0.9828454256057739,
            0.0
          ],
          [
            0.0,
            0.0,
            0.0,
            1.0
          ]
        ],
        "rotation_mode": "QUATERNION"
      },
      "armature_space": {
        "head": {
          "x": -0.010807234793901443,
          "y": -0.04888710007071495,
          "z": 0.5589427351951599
        },
        "tail": {
          "x": -0.03153371810913086,
          "y": -0.10117749869823456,
          "z": 0.6446564793586731
        }
      },
      "world_space": {
        "head": {
          "x": -0.010807234793901443,
          "y": 0.014356900006532669,
          "z": 1.5087966918945312
        },
        "tail": {
          "x": -0.03153371810913086,
          "y": -0.03793349862098694,
          "z": 1.594510555267334
        },
        "rotation_quaternion": {
          "w": 0.49449482560157776,
          "x": 0.8525779843330383,
          "y": -0.02128017507493496,
          "z": 0.1677282452583313
        },
        "matrix": [
          [
            0.9428290724754333,
            -0.20216752588748932,
            0.264955997467041,
            -0.010807234793901443
          ],
          [
            0.12959465384483337,
            -0.5100440979003906,
            -0.8503298163414001,
            0.014356900006532669
          ],
          [
            0.307050496339798,
            0.836057722568512,
            -0.4546884298324585,
            1.5087966918945312
          ],
          [
            0.0,
            0.0,
            0.0,
            1.0
          ]
        ]
      },
      "bone_length_armature_space": 0.10252179798038395,
      "parent": "spine_01",
      "has_children": true,
      "is_end_bone": false
    },
    "head": {
      "name": "head",
      "local": {
        "location": {
          "x": 0.0,
          "y": 0.0,
          "z": 0.0
        },
        "rotation_quaternion": {
          "w": 0.9859527349472046,
          "x": -0.11947996914386749,
          "y": -0.016241900622844696,
          "z": -0.11557619273662567
        },
        "scale": {
          "x": 1.0,
          "y": 1.0,
          "z": 1.0
        },
        "matrix_basis": [
          [
            0.9727566838264465,
            0.23178648948669434,
            -0.004409412853419781,
            0.0
          ],
          [
            -0.22402416169643402,
            0.9447333812713623,
            0.23935756087303162,
            0.0
          ],
          [
            0.05964557081460953,
            -0.2318488508462906,
            0.9709214568138123,
            0.0
          ],
          [
            0.0,
            0.0,
            0.0,
            1.0
          ]
        ],
        "rotation_mode": "QUATERNION"
      },
      "armature_space": {
        "head": {
          "x": -0.03153366595506668,
          "y": -0.10117760300636292,
          "z": 0.6446563601493835
        },
        "tail": {
          "x": -0.04552057385444641,
          "y": -0.08612693101167679,
          "z": 0.7983806729316711
        }
      },
      "world_space": {
        "head": {
          "x": -0.03153366595506668,
          "y": -0.037933602929115295,
          "z": 1.5945103168487549
        },
        "tail": {
          "x": -0.04552057385444641,
          "y": -0.02288293093442917,
          "z": 1.748234748840332
        },
        "rotation_quaternion": {
          "w": 0.7406085729598999,
          "x": 0.6687663197517395,
          "y": 0.004594272002577782,
          "z": 0.06503473967313766
        },
        "matrix": [
          [
            0.9914987683296204,
            -0.09018561244010925,
            0.09379176050424576,
            -0.03153366595506668
          ],
          [
            0.10247617959976196,
            0.09704463183879852,
            -0.9899907112121582,
            -0.037933602929115295
          ],
          [
            0.08018151670694351,
            0.9911927580833435,
            0.10546137392520905,
            1.5945103168487549
          ],
          [
            0.0,
            0.0,
            0.0,
            1.0
          ]
        ]
      },
      "bone_length_armature_space": 0.15509133153763724,
      "parent": "neck_01",
      "has_children": false,
      "is_end_bone": true
    },
    "upperarm_l": {
      "name": "upperarm_l",
      "local": {
        "location": {
          "x": 0.0,
          "y": 0.0,
          "z": 0.0
        },
        "rotation_quaternion": {
          "w": 0.865522027015686,
          "x": 0.20343731343746185,
          "y": 0.40997686982154846,
          "z": 0.20347999036312103
        },
        "scale": {
          "x": 1.0,
          "y": 1.0,
          "z": 1.0
        },
        "matrix_basis": [
          [
            0.5810297131538391,
            -0.18542364239692688,
            0.7924788594245911,
            0.0
          ],
          [
            0.5190420150756836,
            0.8344182968139648,
            -0.18531477451324463,
            0.0
          ],
          [
            -0.6268971562385559,
            0.51900315284729,
            0.5810644626617432,
            0.0
          ],
          [
            0.0,
            0.0,
            0.0,
            1.0
          ]
        ],
        "rotation_mode": "QUATERNION"
      },
      "armature_space": {
        "head": {
          "x": 0.1404643952846527,
          "y": -0.035794034600257874,
          "z": 0.49591439962387085
        },
        "tail": {
          "x": 0.38094180822372437,
          "y": -0.145229771733284,
          "z": 0.5406587719917297
        }
      },
      "world_space": {
        "head": {
          "x": 0.1404643952846527,
          "y": 0.027449965476989746,
          "z": 1.4457683563232422
        },
        "tail": {
          "x": 0.38094180822372437,
          "y": -0.08198577165603638,
          "z": 1.4905128479003906
        },
        "rotation_quaternion": {
          "w": 0.22393199801445007,
          "x": 0.8150326609611511,
          "y": 0.495640367269516,
          "z": -0.19979222118854523
        },
        "matrix": [
          [
            0.42884695529937744,
            0.8974062204360962,
            -0.10369313508272171,
            0.1404643952846527
          ],
          [
            0.7184469699859619,
            -0.4083888828754425,
            -0.5630746483802795,
            0.027449965476989746
          ],
          [
            -0.5476569533348083,
            0.16697563230991364,
            -0.8198813199996948,
            1.4457683563232422
          ],
          [
            0.0,
            0.0,
            0.0,
            1.0
          ]
        ]
      },
      "bone_length_armature_space": 0.2679694513702389,
      "parent": "spine_01",
      "has_children": true,
      "is_end_bone": false
    },
    "lowerarm_l": {
      "name": "lowerarm_l",
      "local": {
        "location": {
          "x": 0.0,
          "y": 0.0,
          "z": 0.0
        },
        "rotation_quaternion": {
          "w": 0.9550251364707947,
          "x": 0.2917141020298004,
          "y": 0.006621318869292736,
          "z": -0.05278339609503746
        },
        "scale": {
          "x": 1.0,
          "y": 1.0,
          "z": 1.0
        },
        "matrix_basis": [
          [
            0.9943401217460632,
            0.10468200594186783,
            -0.0181482695043087,
            0.0
          ],
          [
            -0.09695587307214737,
            0.8242335915565491,
            -0.557887613773346,
            0.0
          ],
          [
            -0.04344237223267555,
            0.5564895868301392,
            0.8297180533409119,
            0.0
          ],
          [
            0.0,
            0.0,
            0.0,
            1.0
          ]
        ],
        "rotation_mode": "QUATERNION"
      },
      "armature_space": {
        "head": {
          "x": 0.38094186782836914,
          "y": -0.14522993564605713,
          "z": 0.5406588315963745
        },
        "tail": {
          "x": 0.5399513840675354,
          "y": -0.33246123790740967,
          "z": 0.4346873462200165
        }
      },
      "world_space": {
        "head": {
          "x": 0.38094186782836914,
          "y": -0.08198593556880951,
          "z": 1.4905128479003906
        },
        "tail": {
          "x": 0.5399513840675354,
          "y": -0.26921725273132324,
          "z": 1.384541392326355
        },
        "rotation_quaternion": {
          "w": 0.05338113754987717,
          "x": -0.8302947878837585,
          "y": -0.38368871808052063,
          "z": 0.4006795287132263
        },
        "matrix": [
          [
            0.38447654247283936,
            0.5943737030029297,
            -0.7063266634941101,
            0.38094186782836914
          ],
          [
            0.6799271702766418,
            -0.6998660564422607,
            -0.21883082389831543,
            -0.08198593556880951
          ],
          [
            -0.6244052052497864,
            -0.3961188495159149,
            -0.6732179522514343,
            1.4905128479003906
          ],
          [
            0.0,
            0.0,
            0.0,
            1.0
          ]
        ]
      },
      "bone_length_armature_space": 0.267524840973495,
      "parent": "upperarm_l",
      "has_children": true,
      "is_end_bone": false
    },
    "metacarpal_thumb_l": {
      "name": "metacarpal_thumb_l",
      "local": {
        "location": {
          "x": 0.0,
          "y": 0.0,
          "z": 0.0
        },
        "rotation_quaternion": {
          "w": 0.9991361498832703,
          "x": -0.04088427871465683,
          "y": 0.00714650796726346,
          "z": 0.0020936517976224422
        },
        "scale": {
          "x": 1.0,
          "y": 1.0,
          "z": 1.0
        },
        "matrix_basis": [
          [
            0.999889075756073,
            -0.004768046084791422,
            0.014109473675489426,
            0.0
          ],
          [
            0.0035993268247693777,
            0.9966481924057007,
            0.08172784745693207,
            0.0
          ],
          [
            -0.014451864175498486,
            -0.08166799694299698,
            0.9965547919273376,
            0.0
          ],
          [
            0.0,
            0.0,
            0.0,
            1.0
          ]
        ],
        "rotation_mode": "QUATERNION"
      },
      "armature_space": {
        "head": {
          "x": 0.5399513840675354,
          "y": -0.33246123790740967,
          "z": 0.4346873462200165
        },
        "tail": {
          "x": 0.5445891618728638,
          "y": -0.36314868927001953,
          "z": 0.39608192443847656
        }
      },
      "world_space": {
        "head": {
          "x": 0.5399513840675354,
          "y": -0.26921725273132324,
          "z": 1.384541392326355
        },
        "tail": {
          "x": 0.5445891618728638,
          "y": -0.2999047040939331,
          "z": 1.3459359407424927
        },
        "rotation_quaternion": {
          "w": 0.4351208806037903,
          "x": -0.8839026093482971,
          "y": 0.030111655592918396,
          "z": -0.1687585711479187
        },
        "matrix": [
          [
            0.9412277936935425,
            0.0936289057135582,
            0.32453596591949463,
            0.5399513840675354
          ],
          [
            -0.20009161531925201,
            -0.6195269227027893,
            0.759045422077179,
            -0.26921725273132324
          ],
          [
            0.27212926745414734,
            -0.7793776392936707,
            -0.5643849968910217,
            1.384541392326355
          ],
          [
            0.0,
            0.0,
            0.0,
            1.0
          ]
        ]
      },
      "bone_length_armature_space": 0.04953390054622414,
      "parent": "lowerarm_l",
      "has_children": true,
      "is_end_bone": false
    },
    "thumb_01_l": {
      "name": "thumb_01_l",
      "local": {
        "location": {
          "x": 0.0,
          "y": 0.0,
          "z": 0.0
        },
        "rotation_quaternion": {
          "w": 0.9995454549789429,
          "x": -0.025106281042099,
          "y": -0.0033854658249765635,
          "z": -0.01634780690073967
        },
        "scale": {
          "x": 1.0,
          "y": 1.0,
          "z": 1.0
        },
        "matrix_basis": [
          [
            0.9994425773620605,
            0.03285074606537819,
            -0.005946988705545664,
            0.0
          ],
          [
            -0.03251075744628906,
            0.9982048273086548,
            0.05030042678117752,
            0.0
          ],
          [
            0.007588719017803669,
            -0.05007904767990112,
            0.998716413974762,
            0.0
          ],
          [
            0.0,
            0.0,
            0.0,
            1.0
          ]
        ],
        "rotation_mode": "QUATERNION"
      },
      "armature_space": {
        "head": {
          "x": 0.5445891618728638,
          "y": -0.36314868927001953,
          "z": 0.39608192443847656
        },
        "tail": {
          "x": 0.5491702556610107,
          "y": -0.3578697741031647,
          "z": 0.3627684712409973
        }
      },
      "world_space": {
        "head": {
          "x": 0.5445891618728638,
          "y": -0.2999047040939331,
          "z": 1.3459359407424927
        },
        "tail": {
          "x": 0.5491702556610107,
          "y": -0.29462575912475586,
          "z": 1.3126225471496582
        },
        "rotation_quaternion": {
          "w": 0.5278380513191223,
          "x": -0.3835267424583435,
          "y": 0.5467455387115479,
          "z": -0.5247508883476257
        },
        "matrix": [
          [
            -0.14858798682689667,
            0.13458558917045593,
            0.9796980619430542,
            0.5445891618728638
          ],
          [
            -0.9733504056930542,
            0.15508610010147095,
            -0.16893011331558228,
            -0.2999047040939331
          ],
          [
            -0.1746751368045807,
            -0.9786972999572754,
            0.1079556941986084,
            1.3459359407424927
          ],
          [
            0.0,
            0.0,
            0.0,
            1.0
          ]
        ]
      },
      "bone_length_armature_space": 0.034038795238122525,
      "parent": "metacarpal_thumb_l",
      "has_children": true,
      "is_end_bone": false
    },
    "thumb_02_l": {
      "name": "thumb_02_l",
      "local": {
        "location": {
          "x": 0.0,
          "y": 0.0,
          "z": 0.0
        },
        "rotation_quaternion": {
          "w": 0.9931826591491699,
          "x": 0.11641651391983032,
          "y": 0.0049206274561584,
          "z": 0.0033777125645428896
        },
        "scale": {
          "x": 1.0,
          "y": 1.0,
          "z": 1.0
        },
        "matrix_basis": [
          [
            0.9999287724494934,
            -0.005563686601817608,
            0.010560606606304646,
            0.0
          ],
          [
            0.00785505585372448,
            0.9728716015815735,
            -0.23121248185634613,
            0.0
          ],
          [
            -0.008987721055746078,
            0.23127897083759308,
            0.9728459715843201,
            0.0
          ],
          [
            0.0,
            0.0,
            0.0,
            1.0
          ]
        ],
        "rotation_mode": "QUATERNION"
      },
      "armature_space": {
        "head": {
          "x": 0.549170196056366,
          "y": -0.3578697443008423,
          "z": 0.3627684712409973
        },
        "tail": {
          "x": 0.5736645460128784,
          "y": -0.38709890842437744,
          "z": 0.3501642942428589
        }
      },
      "world_space": {
        "head": {
          "x": 0.549170196056366,
          "y": -0.29462575912475586,
          "z": 1.3126225471496582
        },
        "tail": {
          "x": 0.5736645460128784,
          "y": -0.323854923248291,
          "z": 1.300018310546875
        },
        "rotation_quaternion": {
          "w": 0.32779550552368164,
          "x": 0.0015273026656359434,
          "y": 0.16935548186302185,
          "z": -0.9294442534446716
        },
        "matrix": [
          [
            -0.7850953936576843,
            0.6098526120185852,
            0.10818977653980255,
            0.549170196056366
          ],
          [
            -0.6088184714317322,
            -0.7277376651763916,
            -0.3158135414123535,
            -0.29462575912475586
          ],
          [
            -0.11386732012033463,
            -0.3138144314289093,
            0.9426393508911133,
            1.3126225471496582
          ],
          [
            0.0,
            0.0,
            0.0,
            1.0
          ]
        ]
      },
      "bone_length_armature_space": 0.04016444354194469,
      "parent": "thumb_01_l",
      "has_children": true,
      "is_end_bone": false
    },
    "thumb_03_l": {
      "name": "thumb_03_l",
      "local": {
        "location": {
          "x": 0.0,
          "y": 0.0,
          "z": 0.0
        },
        "rotation_quaternion": {
          "w": 0.9967073798179626,
          "x": 0.08096472173929214,
          "y": 0.003364606760442257,
          "z": 0.002790312748402357
        },
        "scale": {
          "x": 1.0,
          "y": 1.0,
          "z": 1.0
        },
        "matrix_basis": [
          [
            0.999961793422699,
            -0.0050174216739833355,
            0.00715889036655426,
            0.0
          ],
          [
            0.006107079330831766,
            0.9868738651275635,
            -0.16137748956680298,
            0.0
          ],
          [
            -0.006255222950130701,
            0.16141504049301147,
            0.9868667721748352,
            0.0
          ],
          [
            0.0,
            0.0,
            0.0,
            1.0
          ]
        ],
        "rotation_mode": "QUATERNION"
      },
      "armature_space": {
        "head": {
          "x": 0.5736644864082336,
          "y": -0.38709887862205505,
          "z": 0.3501642346382141
        },
        "tail": {
          "x": 0.5942416191101074,
          "y": -0.40924572944641113,
          "z": 0.35376831889152527
        }
      },
      "world_space": {
        "head": {
          "x": 0.5736644864082336,
          "y": -0.32385486364364624,
          "z": 1.300018310546875
        },
        "tail": {
          "x": 0.5942416191101074,
          "y": -0.3460017442703247,
          "z": 1.3036223649978638
        },
        "rotation_quaternion": {
          "w": 0.3666892945766449,
          "x": 0.2649992108345032,
          "y": 0.04263842850923538,
          "z": -0.8907842040061951
        },
        "matrix": [
          [
            -0.590628445148468,
            0.6758811473846436,
            -0.4408431649208069,
            0.5736644864082336
          ],
          [
            -0.6306841969490051,
            -0.7274412512779236,
            -0.27030888199806213,
            -0.32385486364364624
          ],
          [
            -0.5033882856369019,
            0.11838103830814362,
            0.8559208512306213,
            1.300018310546875
          ],
          [
            0.0,
            0.0,
            0.0,
            1.0
          ]
        ]
      },
      "bone_length_armature_space": 0.030444881727368856,
      "parent": "thumb_02_l",
      "has_children": false,
      "is_end_bone": true
    },
    "metacarpal_index_l": {
      "name": "metacarpal_index_l",
      "local": {
        "location": {
          "x": 0.0,
          "y": 0.0,
          "z": 0.0
        },
        "rotation_quaternion": {
          "w": 0.9977375268936157,
          "x": -0.06617622822523117,
          "y": 0.011847437359392643,
          "z": 0.00047379889292642474
        },
        "scale": {
          "x": 1.0,
          "y": 1.0,
          "z": 1.0
        },
        "matrix_basis": [
          [
            0.9997188448905945,
            -0.002513491315767169,
            0.02357855811715126,
            0.0
          ],
          [
            -0.0006225835531949997,
            0.9912409782409668,
            0.13206423819065094,
            0.0
          ],
          [
            -0.02370397374033928,
            -0.1320417821407318,
            0.9909607172012329,
            0.0
          ],
          [
            0.0,
            0.0,
            0.0,
            1.0
          ]
        ],
        "rotation_mode": "QUATERNION"
      },
      "armature_space": {
        "head": {
          "x": 0.5399513840675354,
          "y": -0.33246123790740967,
          "z": 0.4346873462200165
        },
        "tail": {
          "x": 0.5856842994689941,
          "y": -0.42268872261047363,
          "z": 0.37555378675460815
        }
      },
      "world_space": {
        "head": {
          "x": 0.5399513840675354,
          "y": -0.26921725273132324,
          "z": 1.384541392326355
        },
        "tail": {
          "x": 0.5856842994689941,
          "y": -0.3594447374343872,
          "z": 1.3254077434539795
        },
        "rotation_quaternion": {
          "w": 0.26605135202407837,
          "x": -0.9407052993774414,
          "y": -0.21022473275661469,
          "z": 0.009795377030968666
        },
        "matrix": [
          [
            0.9114189743995667,
            0.39030686020851135,
            -0.13029104471206665,
            0.5399513840675354
          ],
          [
            0.4007318615913391,
            -0.7700446844100952,
            0.4964327812194824,
            -0.26921725273132324
          ],
          [
            0.09343214333057404,
            -0.5046742558479309,
            -0.8582475185394287,
            1.384541392326355
          ],
          [
            0.0,
            0.0,
            0.0,
            1.0
          ]
        ]
      },
      "bone_length_armature_space": 0.11717199481273029,
      "parent": "lowerarm_l",
      "has_children": true,
      "is_end_bone": false
    },
    "index_01_l": {
      "name": "index_01_l",
      "local": {
        "location": {
          "x": 0.0,
          "y": 0.0,
          "z": 0.0
        },
        "rotation_quaternion": {
          "w": 0.9923475980758667,
          "x": -0.12148973345756531,
          "y": -0.02201657183468342,
          "z": -0.0013300655409693718
        },
        "scale": {
          "x": 1.0,
          "y": 1.0,
          "z": 1.0
        },
        "matrix_basis": [
          [
            0.9990270137786865,
            0.007989349775016308,
            -0.04337300732731819,
            0.0
          ],
          [
            0.0027098001446574926,
            0.9704769253730774,
            0.24117866158485413,
            0.0
          ],
          [
            0.044019363820552826,
            -0.2410615235567093,
            0.9695110321044922,
            0.0
          ],
          [
            0.0,
            0.0,
            0.0,
            1.0
          ]
        ],
        "rotation_mode": "QUATERNION"
      },
      "armature_space": {
        "head": {
          "x": 0.5856842994689941,
          "y": -0.42268872261047363,
          "z": 0.37555378675460815
        },
        "tail": {
          "x": 0.6052541136741638,
          "y": -0.443259060382843,
          "z": 0.3729168772697449
        }
      },
      "world_space": {
        "head": {
          "x": 0.5856842994689941,
          "y": -0.3594447374343872,
          "z": 1.3254077434539795
        },
        "tail": {
          "x": 0.6052541136741638,
          "y": -0.3800150752067566,
          "z": 1.3227708339691162
        },
        "rotation_quaternion": {
          "w": 0.08607702702283859,
          "x": -0.9232164621353149,
          "y": -0.36316612362861633,
          "z": -0.0915011540055275
        },
        "matrix": [
          [
            0.7194757461547852,
            0.6863142251968384,
            0.10642952471971512,
            0.5856842994689941
          ],
          [
            0.6548100709915161,
            -0.7214019894599915,
            0.2253955900669098,
            -0.3594447374343872
          ],
          [
            0.23147282004356384,
            -0.09247678518295288,
            -0.9684435129165649,
            1.3254077434539795
          ],
          [
            0.0,
            0.0,
            0.0,
            1.0
          ]
        ]
      },
      "bone_length_armature_space": 0.028514377133765676,
      "parent": "metacarpal_index_l",
      "has_children": true,
      "is_end_bone": false
    },
    "index_02_l": {
      "name": "index_02_l",
      "local": {
        "location": {
          "x": 0.0,
          "y": 0.0,
          "z": 0.0
        },
        "rotation_quaternion": {
          "w": 0.9994381070137024,
          "x": 0.03187142312526703,
          "y": -0.006014063023030758,
          "z": 0.008465578779578209
        },
        "scale": {
          "x": 1.0,
          "y": 1.0,
          "z": 1.0
        },
        "matrix_basis": [
          [
            0.9997843503952026,
            -0.017304997891187668,
            -0.011481747031211853,
            0.0
          ],
          [
            0.016538290306925774,
            0.9978250861167908,
            -0.0638088509440422,
            0.0
          ],
          [
            0.01256098784506321,
            0.06360520422458649,
            0.9978960752487183,
            0.0
          ],
          [
            0.0,
            0.0,
            0.0,
            1.0
          ]
        ],
        "rotation_mode": "QUATERNION"
      },
      "armature_space": {
        "head": {
          "x": 0.6052542924880981,
          "y": -0.44325941801071167,
          "z": 0.37291648983955383
        },
        "tail": {
          "x": 0.6231067776679993,
          "y": -0.4614349603652954,
          "z": 0.3699117600917816
        }
      },
      "world_space": {
        "head": {
          "x": 0.6052542924880981,
          "y": -0.38001543283462524,
          "z": 1.3227704763412476
        },
        "tail": {
          "x": 0.6231067776679993,
          "y": -0.398190975189209,
          "z": 1.3197658061981201
        },
        "rotation_quaternion": {
          "w": 0.08398378640413284,
          "x": -0.9228582382202148,
          "y": -0.3724147081375122,
          "z": -0.05086126551032066
        },
        "matrix": [
          [
            0.7174407839775085,
            0.6959148049354553,
            0.031321220099925995,
            0.6052542924880981
          ],
          [
            0.6788291931152344,
            -0.7085078358650208,
            0.1928928792476654,
            -0.38001543283462524
          ],
          [
            0.1564299613237381,
            -0.1171288713812828,
            -0.9807267785072327,
            1.3227704763412476
          ],
          [
            0.0,
            0.0,
            0.0,
            1.0
          ]
        ]
      },
      "bone_length_armature_space": 0.025653263922273625,
      "parent": "index_01_l",
      "has_children": true,
      "is_end_bone": false
    },
    "index_03_l": {
      "name": "index_03_l",
      "local": {
        "location": {
          "x": 0.0,
          "y": 0.0,
          "z": 0.0
        },
        "rotation_quaternion": {
          "w": 0.9997509121894836,
          "x": 0.020380428060889244,
          "y": 0.008732427842915058,
          "z": -0.0025746410246938467
        },
        "scale": {
          "x": 1.0,
          "y": 1.0,
          "z": 1.0
        },
        "matrix_basis": [
          [
            0.9998342394828796,
            0.005503940861672163,
            0.01735556125640869,
            0.0
          ],
          [
            -0.004792058374732733,
            0.9991559982299805,
            -0.040795668959617615,
            0.0
          ],
          [
            -0.017565449699759483,
            0.040705736726522446,
            0.9990167617797852,
            0.0
          ],
          [
            0.0,
            0.0,
            0.0,
            1.0
          ]
        ],
        "rotation_mode": "QUATERNION"
      },
      "armature_space": {
        "head": {
          "x": 0.6231067776679993,
          "y": -0.4614349901676178,
          "z": 0.36991190910339355
        },
        "tail": {
          "x": 0.6453622579574585,
          "y": -0.4791818857192993,
          "z": 0.3633185625076294
        }
      },
      "world_space": {
        "head": {
          "x": 0.6231067776679993,
          "y": -0.398190975189209,
          "z": 1.3197659254074097
        },
        "tail": {
          "x": 0.6453622579574585,
          "y": -0.4159379005432129,
          "z": 1.3131725788116455
        },
        "rotation_quaternion": {
          "w": 0.15867605805397034,
          "x": -0.8937452435493469,
          "y": -0.41367948055267334,
          "z": -0.07007773965597153
        },
        "matrix": [
          [
            0.6479166150093079,
            0.7616872787475586,
            -0.006019969470798969,
            0.6231067776679993
          ],
          [
            0.7172093391418457,
            -0.6073819994926453,
            0.341610848903656,
            -0.398190975189209
          ],
          [
            0.25654661655426025,
            -0.22565507888793945,
            -0.9398287534713745,
            1.3197659254074097
          ],
          [
            0.0,
            0.0,
            0.0,
            1.0
          ]
        ]
      },
      "bone_length_armature_space": 0.029218674204089447,
      "parent": "index_02_l",
      "has_children": false,
      "is_end_bone": true
    },
    "metacarpal_pinky_l": {
      "name": "metacarpal_pinky_l",
      "local": {
        "location": {
          "x": 0.0,
          "y": 0.0,
          "z": 0.0
        },
        "rotation_quaternion": {
          "w": 0.9989051222801208,
          "x": -0.04610550031065941,
          "y": 0.002107946900650859,
          "z": 0.007635364308953285
        },
        "scale": {
          "x": 1.0,
          "y": 1.0,
          "z": 1.0
        },
        "matrix_basis": [
          [
            0.9998745322227478,
            -0.015448384918272495,
            0.003507213434204459,
            0.0
          ],
          [
            0.015059633180499077,
            0.995631992816925,
            0.09214223176240921,
            0.0
          ],
          [
            -0.004915342666208744,
            -0.09207785129547119,
            0.9957396984100342,
            0.0
          ],
          [
            0.0,
            0.0,
            0.0,
            1.0
          ]
        ],
        "rotation_mode": "QUATERNION"
      },
      "armature_space": {
        "head": {
          "x": 0.5399513840675354,
          "y": -0.33246123790740967,
          "z": 0.4346873462200165
        },
        "tail": {
          "x": 0.6264925599098206,
          "y": -0.3865763545036316,
          "z": 0.4140619933605194
        }
      },
      "world_space": {
        "head": {
          "x": 0.5399513840675354,
          "y": -0.26921725273132324,
          "z": 1.384541392326355
        },
        "tail": {
          "x": 0.6264925599098206,
          "y": -0.32333236932754517,
          "z": 1.363916039466858
        },
        "rotation_quaternion": {
          "w": 0.35261070728302,
          "x": 0.44345617294311523,
          "y": 0.3403286635875702,
          "z": -0.7504589557647705
        },
        "matrix": [
          [
            -0.3580245077610016,
            0.8310815691947937,
            -0.42558401823043823,
            0.5399513840675354
          ],
          [
            -0.22739967703819275,
            -0.5196841955184937,
            -0.8235400319099426,
            -0.26921725273132324
          ],
          [
            -0.9056047797203064,
            -0.19807168841362,
            0.3750491738319397,
            1.384541392326355
          ],
          [
            0.0,
            0.0,
            0.0,
            1.0
          ]
        ]
      },
      "bone_length_armature_space": 0.1041308134404521,
      "parent": "lowerarm_l",
      "has_children": true,
      "is_end_bone": false
    },
    "pinky_01_l": {
      "name": "pinky_01_l",
      "local": {
        "location": {
          "x": 0.0,
          "y": 0.0,
          "z": 0.0
        },
        "rotation_quaternion": {
          "w": 0.9524111151695251,
          "x": 0.30423685908317566,
          "y": -0.0010227732127532363,
          "z": -0.018763378262519836
        },
        "scale": {
          "x": 1.0,
          "y": 1.0,
          "z": 1.0
        },
        "matrix_basis": [
          [
            0.9992938041687012,
            0.03511856868863106,
            -0.013365224003791809,
            0.0
          ],
          [
            -0.036363229155540466,
            0.8141757249832153,
            -0.5794787406921387,
            0.0
          ],
          [
            -0.009468821808695793,
            0.5795555114746094,
            0.8148777484893799,
            0.0
          ],
          [
            0.0,
            0.0,
            0.0,
            1.0
          ]
        ],
        "rotation_mode": "QUATERNION"
      },
      "armature_space": {
        "head": {
          "x": 0.6264925599098206,
          "y": -0.3865763545036316,
          "z": 0.4140619933605194
        },
