{
  "metadata": {
    "armature_name": "KIM_caucasian_male",
    "export_time": "2026-01-13T20:55:16.025682",
    "blender_version": "4.4.1",
    "bone_count": 56,
    "end_bone_count": 13,
    "spaces_included": [
      "LOCAL_CHANNELS",
      "ARMATURE_SPACE",
      "WORLD_SPACE"
    ],
    "note": "LOCAL matches Transform panel; replay pose via local.matrix_basis for best fidelity."
  },
  "bones": {
    "Root": {
      "name": "Root",
      "local": {
        "location": {
          "x": 0.0,
          "y": 0.0,
          "z": 0.0
        },
        "rotation_quaternion": {
          "w": 0.9998912811279297,
          "x": 0.008167346008121967,
          "y": 0.010282824747264385,
          "z": 0.006717349402606487
        },
        "scale": {
          "x": 1.0,
          "y": 1.0,
          "z": 1.0
        },
        "matrix_basis": [
          [
            0.999698281288147,
            -0.013265271671116352,
            0.02067313902080059,
            0.0
          ],
          [
            0.013601205311715603,
            0.9997763633728027,
            -0.016194770112633705,
            0.0
          ],
          [
            -0.020453687757253647,
            0.01647106185555458,
            0.9996551275253296,
            0.0
          ],
          [
            0.0,
            0.0,
            0.0,
            1.0
          ]
        ],
        "rotation_mode": "QUATERNION"
      },
      "armature_space": {
        "head": {
          "x": 0.0,
          "y": 0.07072800397872925,
          "z": -0.009595036506652832
        },
        "tail": {
          "x": -0.0009468203061260283,
          "y": -0.00014222413301467896,
          "z": -0.001167120411992073
        }
      },
      "world_space": {
        "head": {
          "x": 0.0,
          "y": 0.13397200405597687,
          "z": 0.9402589797973633
        },
        "tail": {
          "x": -0.0009468203061260283,
          "y": 0.06310177594423294,
          "z": 0.9486868977546692
        },
        "rotation_quaternion": {
          "w": 0.05921153351664543,
          "x": 0.9981698989868164,
          "y": -0.006009357050061226,
          "z": 0.01071199867874384
        },
        "matrix": [
          [
            0.999698281288147,
            -0.013265271671116352,
            0.02067313902080059,
            0.0
          ],
          [
            -0.010728166438639164,
            -0.9929157495498657,
            -0.11833555996417999,
            0.13397200405597687
          ],
          [
            0.022096583619713783,
            0.11807794868946075,
            -0.992765486240387,
            0.9402589797973633
          ],
          [
            0.0,
            0.0,
            0.0,
            1.0
          ]
        ]
      },
      "bone_length_armature_space": 0.07137587375388574,
      "parent": null,
      "has_children": true,
      "is_end_bone": false
    },
    "spine_01": {
      "name": "spine_01",
      "local": {
        "location": {
          "x": 0.0,
          "y": 0.0,
          "z": 0.0
        },
        "rotation_quaternion": {
          "w": 0.9973524212837219,
          "x": 0.014263628050684929,
          "y": -0.017953356727957726,
          "z": 0.0690101906657219
        },
        "scale": {
          "x": 1.0,
          "y": 1.0,
          "z": 1.0
        },
        "matrix_basis": [
          [
            0.9898305535316467,
            -0.1381671279668808,
            -0.03384297713637352,
            0.0
          ],
          [
            0.13714280724525452,
            0.990068256855011,
            -0.030929656699299812,
            0.0
          ],
          [
            0.03778031840920448,
            0.02597379870712757,
            0.9989484548568726,
            0.0
          ],
          [
            0.0,
            0.0,
            0.0,
            1.0
          ]
        ],
        "rotation_mode": "QUATERNION"
      },
      "armature_space": {
        "head": {
          "x": -0.0009468203061260283,
          "y": -0.00014222413301467896,
          "z": -0.001167120411992073
        },
        "tail": {
          "x": -0.07901004701852798,
          "y": 0.002663755789399147,
          "z": 0.48054516315460205
        }
      },
      "world_space": {
        "head": {
          "x": -0.0009468203061260283,
          "y": 0.06310177594423294,
          "z": 0.9486868977546692
        },
        "tail": {
          "x": -0.07901004701852798,
          "y": 0.06590775400400162,
          "z": 1.4303991794586182
        },
        "rotation_quaternion": {
          "w": 0.705419659614563,
          "x": 0.703876256942749,
          "y": -0.07251154631376266,
          "z": 0.04103010892868042
        },
        "matrix": [
          [
            0.9861171245574951,
            -0.15996523201465607,
            -0.04454301297664642,
            -0.0009468203061260283
          ],
          [
            -0.04419248178601265,
            0.005749944597482681,
            -0.9990065693855286,
            0.06310177594423294
          ],
          [
            0.1600635051727295,
            0.987112820148468,
            -0.001400073990225792,
            0.9486868977546692
          ],
          [
            0.0,
            0.0,
            0.0,
            1.0
          ]
        ]
      },
      "bone_length_armature_space": 0.48800457423828525,
      "parent": "Root",
      "has_children": true,
      "is_end_bone": false
    },
    "neck_01": {
      "name": "neck_01",
      "local": {
        "location": {
          "x": 0.0,
          "y": 0.0,
          "z": 0.0
        },
        "rotation_quaternion": {
          "w": 0.9735218286514282,
          "x": -0.14993177354335785,
          "y": -0.07813242077827454,
          "z": 0.15385456383228302
        },
        "scale": {
          "x": 1.0,
          "y": 1.0,
          "z": 1.0
        },
        "matrix_basis": [
          [
            0.9404482245445251,
            -0.2761324942111969,
            -0.19826261699199677,
            0.0
          ],
          [
            0.32299062609672546,
            0.9076984524726868,
            0.2678816616535187,
            0.0
          ],
          [
            0.10599186271429062,
            -0.31596577167510986,
            0.9428315758705139,
            0.0
          ],
          [
            0.0,
            0.0,
            0.0,
            1.0
          ]
        ],
        "rotation_mode": "QUATERNION"
      },
      "armature_space": {
        "head": {
          "x": -0.0922672301530838,
          "y": -0.0315612331032753,
          "z": 0.5527714490890503
        },
        "tail": {
          "x": -0.13610756397247314,
          "y": -0.03508428856730461,
          "z": 0.6453800797462463
        }
      },
      "world_space": {
        "head": {
          "x": -0.0922672301530838,
          "y": 0.03168276697397232,
          "z": 1.5026254653930664
        },
        "tail": {
          "x": -0.13610756397247314,
          "y": 0.02815971150994301,
          "z": 1.5952341556549072
        },
        "rotation_quaternion": {
          "w": 0.6518245935440063,
          "x": 0.716346800327301,
          "y": -0.24071235954761505,
          "z": 0.06347891688346863
        },
        "matrix": [
          [
            0.8760553002357483,
            -0.4276215434074402,
            -0.22286085784435272,
            -0.0922672301530838
          ],
          [
            -0.2621151804924011,
            -0.03436410427093506,
            -0.9644248485565186,
            0.03168276697397232
          ],
          [
            0.4047528803348541,
            0.9033106565475464,
            -0.14219285547733307,
            1.5026254653930664
          ],
          [
            0.0,
            0.0,
            0.0,
            1.0
          ]
        ]
      },
      "bone_length_armature_space": 0.10252192648010555,
      "parent": "spine_01",
      "has_children": true,
      "is_end_bone": false
    },
    "head": {
      "name": "head",
      "local": {
        "location": {
          "x": 0.0,
          "y": 0.0,
          "z": 0.0
        },
        "rotation_quaternion": {
          "w": 0.9860049486160278,
          "x": -0.14022783935070038,
          "y": -0.07952940464019775,
          "z": 0.04249226674437523
        },
        "scale": {
          "x": 1.0,
          "y": 1.0,
          "z": 1.0
        },
        "matrix_basis": [
          [
            0.9837389588356018,
            -0.06149069592356682,
            -0.16874997317790985,
            0.0
          ],
          [
            0.10609964281320572,
            0.9570611119270325,
            0.26977190375328064,
            0.0
          ],
          [
            0.14491558074951172,
            -0.28328946232795715,
            0.9480224251747131,
            0.0
          ],
          [
            0.0,
            0.0,
            0.0,
            1.0
          ]
        ],
        "rotation_mode": "QUATERNION"
      },
      "armature_space": {
        "head": {
          "x": -0.13610756397247314,
          "y": -0.03508443385362625,
          "z": 0.6453800201416016
        },
        "tail": {
          "x": -0.17571623623371124,
          "y": 0.05447504669427872,
          "z": 0.7656441330909729
        }
      },
      "world_space": {
        "head": {
          "x": -0.13610756397247314,
          "y": 0.02815956622362137,
          "z": 1.5952340364456177
        },
        "tail": {
          "x": -0.17571623623371124,
          "y": 0.11771904677152634,
          "z": 1.7154982089996338
        },
        "rotation_quaternion": {
          "w": 0.8225763440132141,
          "x": 0.45856356620788574,
          "y": -0.3348150849342346,
          "z": -0.03141114488244057
        },
        "matrix": [
          [
            0.7738254070281982,
            -0.2553911805152893,
            -0.5796290636062622,
            -0.13610756397247314
          ],
          [
            -0.35874295234680176,
            0.5774670243263245,
            -0.7333729267120361,
            0.02815956622362137
          ],
          [
            0.5220167636871338,
            0.7754461169242859,
            0.35524046421051025,
            1.5952340364456177
          ],
          [
            0.0,
            0.0,
            0.0,
            1.0
          ]
        ]
      },
      "bone_length_armature_space": 0.15509095505218093,
      "parent": "neck_01",
      "has_children": false,
      "is_end_bone": true
    },
    "upperarm_l": {
      "name": "upperarm_l",
      "local": {
        "location": {
          "x": 0.0,
          "y": 0.0,
          "z": 0.0
        },
        "rotation_quaternion": {
          "w": 0.9811464548110962,
          "x": -0.03577515110373497,
          "y": 0.18987424671649933,
          "z": -0.004417009185999632
        },
        "scale": {
          "x": 1.0,
          "y": 1.0,
          "z": 1.0
        },
        "matrix_basis": [
          [
            0.9278565049171448,
            -0.004918093793094158,
            0.3729049265384674,
            0.0
          ],
          [
            -0.022253025323152542,
            0.997401237487793,
            0.06852397322654724,
            0.0
          ],
          [
            -0.3722728490829468,
            -0.07187867909669876,
            0.9253358244895935,
            0.0
          ],
          [
            0.0,
            0.0,
            0.0,
            1.0
          ]
        ],
        "rotation_mode": "QUATERNION"
      },
      "armature_space": {
        "head": {
          "x": 0.06625919044017792,
          "y": -0.04176250100135803,
          "z": 0.5104348659515381
        },
        "tail": {
          "x": 0.3308248519897461,
          "y": -0.02391054295003414,
          "z": 0.5490864515304565
        }
      },
      "world_space": {
        "head": {
          "x": 0.06625919044017792,
          "y": 0.021481499075889587,
          "z": 1.4602888822555542
        },
        "tail": {
          "x": 0.3308248519897461,
          "y": 0.03933345526456833,
          "z": 1.4989404678344727
        },
        "rotation_quaternion": {
          "w": 0.4460676908493042,
          "x": 0.5955374240875244,
          "y": 0.5782145261764526,
          "z": -0.33470404148101807
        },
        "matrix": [
          [
            0.10728062689304352,
            0.9872979521751404,
            0.11719019711017609,
            0.06625919044017792
          ],
          [
            0.39009615778923035,
            0.0666193813085556,
            -0.9183611869812012,
            0.021481499075889587
          ],
          [
            -0.914509117603302,
            0.14423878490924835,
            -0.37799760699272156,
            1.4602888822555542
          ],
          [
            0.0,
            0.0,
            0.0,
            1.0
          ]
        ]
      },
      "bone_length_armature_space": 0.26796943116900834,
      "parent": "spine_01",
      "has_children": true,
      "is_end_bone": false
    },
    "lowerarm_l": {
      "name": "lowerarm_l",
      "local": {
        "location": {
          "x": 0.0,
          "y": 0.0,
          "z": 0.0
        },
        "rotation_quaternion": {
          "w": 0.824626088142395,
          "x": 0.5048709511756897,
          "y": 0.15498831868171692,
          "z": -0.2026715874671936
        },
        "scale": {
          "x": 1.0,
          "y": 1.0,
          "z": 1.0
        },
        "matrix_basis": [
          [
            0.8698056936264038,
            0.49075475335121155,
            0.050968825817108154,
            0.0
          ],
          [
            -0.1777583509683609,
            0.40805909037590027,
            -0.8954829573631287,
            0.0
          ],
          [
            -0.460260808467865,
            0.7698360681533813,
            0.44216787815093994,
            0.0
          ],
          [
            0.0,
            0.0,
            0.0,
            1.0
          ]
        ],
        "rotation_mode": "QUATERNION"
      },
      "armature_space": {
        "head": {
          "x": 0.33082497119903564,
          "y": -0.023910632357001305,
          "z": 0.5490865707397461
        },
        "tail": {
          "x": 0.45681408047676086,
          "y": -0.19613339006900787,
          "z": 0.38773030042648315
        }
      },
      "world_space": {
        "head": {
          "x": 0.33082497119903564,
          "y": 0.039333365857601166,
          "z": 1.4989405870437622
        },
        "tail": {
          "x": 0.45681408047676086,
          "y": -0.13288938999176025,
          "z": 1.3375842571258545
        },
        "rotation_quaternion": {
          "w": 0.08987020701169968,
          "x": -0.6972988843917847,
          "y": -0.4123595058917999,
          "z": 0.5793594717979431
        },
        "matrix": [
          [
            -0.011396466754376888,
            0.47094422578811646,
            -0.8820891976356506,
            0.33082497119903564
          ],
          [
            0.6792101860046387,
            -0.6437644958496094,
            -0.3524788022041321,
            0.039333365857601166
          ],
          [
            -0.7338598966598511,
            -0.6031458377838135,
            -0.3125358819961548,
            1.4989405870437622
          ],
          [
            0.0,
            0.0,
            0.0,
            1.0
          ]
        ]
      },
      "bone_length_armature_space": 0.26752528831457306,
      "parent": "upperarm_l",
      "has_children": true,
      "is_end_bone": false
    },
    "metacarpal_thumb_l": {
      "name": "metacarpal_thumb_l",
      "local": {
        "location": {
          "x": 0.0,
          "y": 0.0,
          "z": 0.0
        },
        "rotation_quaternion": {
          "w": 0.9986036419868469,
          "x": 0.05030115321278572,
          "y": -0.0012092633405700326,
          "z": -0.016100822016596794
        },
        "scale": {
          "x": 1.0,
          "y": 1.0,
          "z": 1.0
        },
        "matrix_basis": [
          [
            0.9994785785675049,
            0.03203502297401428,
            -0.004034929443150759,
            0.0
          ],
          [
            -0.032278332859277725,
            0.994421124458313,
            -0.10042288899421692,
            0.0
          ],
          [
            0.0007953697349876165,
            0.10050076991319656,
            0.9949366450309753,
            0.0
          ],
          [
            0.0,
            0.0,
            0.0,
            1.0
          ]
        ],
        "rotation_mode": "QUATERNION"
      },
      "armature_space": {
        "head": {
          "x": 0.45681408047676086,
          "y": -0.19613339006900787,
          "z": 0.38773030042648315
        },
        "tail": {
          "x": 0.45074406266212463,
          "y": -0.2212885469198227,
          "z": 0.3454930782318115
        }
      },
      "world_space": {
        "head": {
          "x": 0.45681408047676086,
          "y": -0.13288938999176025,
          "z": 1.3375842571258545
        },
        "tail": {
          "x": 0.45074406266212463,
          "y": -0.15804454684257507,
          "z": 1.2953470945358276
        },
        "rotation_quaternion": {
          "w": 0.49421295523643494,
          "x": -0.8669098019599915,
          "y": 0.04282541200518608,
          "z": 0.04885714873671532
        },
        "matrix": [
          [
            0.991557776927948,
            -0.12254318594932556,
            -0.04237909987568855,
            0.45681408047676086
          ],
          [
            -0.025960536673665047,
            -0.5078394412994385,
            0.861060619354248,
            -0.13288938999176025
          ],
          [
            -0.12703992426395416,
            -0.8526973724365234,
            -0.5067362785339355,
            1.3375842571258545
          ],
          [
            0.0,
            0.0,
            0.0,
            1.0
          ]
        ]
      },
      "bone_length_armature_space": 0.049533928014355695,
      "parent": "lowerarm_l",
      "has_children": true,
      "is_end_bone": false
    },
    "thumb_01_l": {
      "name": "thumb_01_l",
      "local": {
        "location": {
          "x": 0.0,
          "y": 0.0,
          "z": 0.0
        },
        "rotation_quaternion": {
          "w": 0.9817584156990051,
          "x": 0.18961749970912933,
          "y": 0.009047330357134342,
          "z": -0.010671568103134632
        },
        "scale": {
          "x": 1.0,
          "y": 1.0,
          "z": 1.0
        },
        "matrix_basis": [
          [
            0.9996085166931152,
            0.024384867399930954,
            0.013717553578317165,
            0.0
          ],
          [
            -0.017522739246487617,
            0.9278626441955566,
            -0.37251025438308716,
            0.0
          ],
          [
            -0.02181161753833294,
            0.372124046087265,
            0.9279267191886902,
            0.0
          ],
          [
            0.0,
            0.0,
            0.0,
            1.0
          ]
        ],
        "rotation_mode": "QUATERNION"
      },
      "armature_space": {
        "head": {
          "x": 0.45074406266212463,
          "y": -0.2212885469198227,
          "z": 0.3454930782318115
        },
        "tail": {
          "x": 0.4556403160095215,
          "y": -0.21231497824192047,
          "z": 0.3130255341529846
        }
      },
      "world_space": {
        "head": {
          "x": 0.45074406266212463,
          "y": -0.15804454684257507,
          "z": 1.2953470945358276
        },
        "tail": {
          "x": 0.4556403160095215,
          "y": -0.14907097816467285,
          "z": 1.2628796100616455
        },
        "rotation_quaternion": {
          "w": 0.5689103007316589,
          "x": -0.3662458658218384,
          "y": 0.5551182627677917,
          "z": -0.4837857782840729
        },
        "matrix": [
          [
            -0.08440913259983063,
            0.14384402334690094,
            0.9859938025474548,
            0.45074406266212463
          ],
          [
            -0.9570814967155457,
            0.26362937688827515,
            -0.12039431184530258,
            -0.15804454684257507
          ],
          [
            -0.27725744247436523,
            -0.9538451433181763,
            0.1154182106256485,
            1.2953470945358276
          ],
          [
            0.0,
            0.0,
            0.0,
            1.0
          ]
        ]
      },
      "bone_length_armature_space": 0.034038796547370964,
      "parent": "metacarpal_thumb_l",
      "has_children": true,
      "is_end_bone": false
    },
    "thumb_02_l": {
      "name": "thumb_02_l",
      "local": {
        "location": {
          "x": 0.0,
          "y": 0.0,
          "z": 0.0
        },
        "rotation_quaternion": {
          "w": 0.928237795829773,
          "x": 0.3717782497406006,
          "y": -0.007413224317133427,
          "z": -0.010030971840023994
        },
        "scale": {
          "x": 1.0,
          "y": 1.0,
          "z": 1.0
        },
        "matrix_basis": [
          [
            0.9996888637542725,
            0.013110103085637093,
            -0.021221064031124115,
            0.0
          ],
          [
            -0.024134404957294464,
            0.7233605980873108,
            -0.6900485157966614,
            0.0
          ],
          [
            0.006303875707089901,
            0.6903459429740906,
            0.7234519720077515,
            0.0
          ],
          [
            0.0,
            0.0,
            0.0,
            1.0
          ]
        ],
        "rotation_mode": "QUATERNION"
      },
      "armature_space": {
        "head": {
          "x": 0.4556402564048767,
          "y": -0.21231494843959808,
          "z": 0.313025563955307
        },
        "tail": {
          "x": 0.4803570508956909,
          "y": -0.24350298941135406,
          "z": 0.3184630274772644
        }
      },
      "world_space": {
        "head": {
          "x": 0.4556402564048767,
          "y": -0.14907094836235046,
          "z": 1.2628796100616455
        },
        "tail": {
          "x": 0.4803570508956909,
          "y": -0.18025898933410645,
          "z": 1.2683169841766357
        },
        "rotation_quaternion": {
          "w": 0.33229848742485046,
          "x": 0.1011357232928276,
          "y": -0.036373358219861984,
          "z": -0.937030553817749
        },
        "matrix": [
          [
            -0.7586984038352966,
            0.615390419960022,
            -0.21370810270309448,
            0.4556402564048767
          ],
          [
            -0.6301050782203674,
            -0.7765094041824341,
            0.0009512901306152344,
            -0.14907094836235046
          ],
          [
            -0.1653623729944229,
            0.13538050651550293,
            0.9769037961959839,
            1.2628796100616455
          ],
          [
            0.0,
            0.0,
            0.0,
            1.0
          ]
        ]
      },
      "bone_length_armature_space": 0.04016440980196088,
      "parent": "thumb_01_l",
      "has_children": true,
      "is_end_bone": false
    },
    "thumb_03_l": {
      "name": "thumb_03_l",
      "local": {
        "location": {
          "x": 0.0,
          "y": 0.0,
          "z": 0.0
        },
        "rotation_quaternion": {
          "w": 0.9866801500320435,
          "x": 0.1626386195421219,
          "y": -0.00029887663549743593,
          "z": 0.003284748177975416
        },
        "scale": {
          "x": 1.0,
          "y": 1.0,
          "z": 1.0
        },
        "matrix_basis": [
          [
            0.999978244304657,
            -0.0065792095847427845,
            0.0004786625213455409,
            0.0
          ],
          [
            0.0063847741112113,
            0.9470757842063904,
            -0.3209465444087982,
            0.0
          ],
          [
            0.001658245106227696,
            0.32094264030456543,
            0.9470971822738647,
            0.0
          ],
          [
            0.0,
            0.0,
            0.0,
            1.0
          ]
        ],
        "rotation_mode": "QUATERNION"
      },
      "armature_space": {
        "head": {
          "x": 0.48035699129104614,
          "y": -0.24350298941135406,
          "z": 0.31846296787261963
        },
        "tail": {
          "x": 0.4932482838630676,
          "y": -0.26257696747779846,
          "z": 0.3383851647377014
        }
      },
      "world_space": {
        "head": {
          "x": 0.48035699129104614,
          "y": -0.18025898933410645,
          "z": 1.2683169841766357
        },
        "tail": {
          "x": 0.4932482838630676,
          "y": -0.19933296740055084,
          "z": 1.2882392406463623
        },
        "rotation_quaternion": {
          "w": 0.36325445771217346,
          "x": 0.37105685472488403,
          "y": -0.23407655954360962,
          "z": -0.8219314813613892
        },
        "matrix": [
          [
            -0.46072521805763245,
            0.4234306216239929,
            -0.7800246477127075,
            0.48035699129104614
          ],
          [
            -0.7708525061607361,
            -0.626508355140686,
            0.11521226912736893,
            -0.18025898933410645
          ],
          [
            -0.43991103768348694,
            0.6543691754341125,
            0.6150553226470947,
            1.2683169841766357
          ],
          [
            0.0,
            0.0,
            0.0,
            1.0
          ]
        ]
      },
      "bone_length_armature_space": 0.03044496695630078,
      "parent": "thumb_02_l",
      "has_children": false,
      "is_end_bone": true
    },
    "metacarpal_index_l": {
      "name": "metacarpal_index_l",
      "local": {
        "location": {
          "x": 0.0,
          "y": 0.0,
          "z": 0.0
        },
        "rotation_quaternion": {
          "w": 0.9999035000801086,
          "x": -0.00024154692073352635,
          "y": 0.00015654276649001986,
          "z": -0.013897765427827835
        },
        "scale": {
          "x": 1.0,
          "y": 1.0,
          "z": 1.0
        },
        "matrix_basis": [
          [
            0.9996136426925659,
            0.02779277227818966,
            0.00031976925674825907,
            0.0
          ],
          [
            -0.027792925015091896,
            0.9996135830879211,
            0.0004786960198543966,
            0.0
          ],
          [
            -0.0003063413896597922,
            -0.00048739841440692544,
            0.9999998211860657,
            0.0
          ],
          [
            0.0,
            0.0,
            0.0,
            1.0
          ]
        ],
        "rotation_mode": "QUATERNION"
      },
      "armature_space": {
        "head": {
          "x": 0.45681408047676086,
          "y": -0.19613339006900787,
          "z": 0.38773030042648315
        },
        "tail": {
          "x": 0.48026975989341736,
          "y": -0.27471891045570374,
          "z": 0.3040435314178467
        }
      },
      "world_space": {
        "head": {
          "x": 0.45681408047676086,
          "y": -0.13288938999176025,
          "z": 1.3375842571258545
        },
        "tail": {
          "x": 0.48026975989341736,
          "y": -0.21147491037845612,
          "z": 1.2538975477218628
        },
        "rotation_quaternion": {
          "w": 0.3451738655567169,
          "x": -0.8782962560653687,
          "y": -0.21333546936511993,
          "z": 0.2528611421585083
        },
        "matrix": [
          [
            0.7810981273651123,
            0.20018211007118225,
            -0.591449499130249,
            0.45681408047676086
          ],
          [
            0.5493059158325195,
            -0.670686662197113,
            0.4984404444694519,
            -0.13288938999176025
          ],
          [
            -0.29690003395080566,
            -0.7142232656478882,
            -0.633837103843689,
            1.3375842571258545
          ],
          [
            0.0,
            0.0,
            0.0,
            1.0
          ]
        ]
      },
      "bone_length_armature_space": 0.11717221587566187,
      "parent": "lowerarm_l",
      "has_children": true,
      "is_end_bone": false
    },
    "index_01_l": {
      "name": "index_01_l",
      "local": {
        "location": {
          "x": 0.0,
          "y": 0.0,
          "z": 0.0
        },
        "rotation_quaternion": {
          "w": 0.9670305252075195,
          "x": 0.25464463233947754,
          "y": -0.0017364867962896824,
          "z": -0.0022558397613465786
        },
        "scale": {
          "x": 1.0,
          "y": 1.0,
          "z": 1.0
        },
        "matrix_basis": [
          [
            0.9999837875366211,
            0.003478557802736759,
            -0.004507346544414759,
            0.0
          ],
          [
            -0.005247306078672409,
            0.8703020215034485,
            -0.4924904406070709,
            0.0
          ],
          [
            0.0022095965687185526,
            0.49250608682632446,
            0.8703061938285828,
            0.0
          ],
          [
            0.0,
            0.0,
            0.0,
            1.0
          ]
        ],
        "rotation_mode": "QUATERNION"
      },
      "armature_space": {
        "head": {
          "x": 0.48026975989341736,
          "y": -0.27471891045570374,
          "z": 0.3040435314178467
        },
        "tail": {
          "x": 0.48630160093307495,
          "y": -0.28084230422973633,
          "z": 0.2768552899360657
        }
      },
      "world_space": {
        "head": {
          "x": 0.48026975989341736,
          "y": -0.21147491037845612,
          "z": 1.2538975477218628
        },
        "tail": {
          "x": 0.48630160093307495,
          "y": -0.2175983041524887,
          "z": 1.2267093658447266
        },
        "rotation_quaternion": {
          "w": 0.5360050797462463,
          "x": -0.738265872001648,
          "y": -0.3245377540588379,
          "z": 0.2496742159128189
        },
        "matrix": [
          [
            0.6646751761436462,
            0.21153730154037476,
            -0.7165602445602417,
            0.48026975989341736
          ],
          [
            0.7468445897102356,
            -0.21474766731262207,
            0.6293704509735107,
            -0.21147491037845612
          ],
          [
            -0.020743800327181816,
            -0.9534927606582642,
            -0.3007242679595947,
            1.2538975477218628
          ],
          [
            0.0,
            0.0,
            0.0,
            1.0
          ]
        ]
      },
      "bone_length_armature_space": 0.02851454903676383,
      "parent": "metacarpal_index_l",
      "has_children": true,
      "is_end_bone": false
    },
    "index_02_l": {
      "name": "index_02_l",
      "local": {
        "location": {
          "x": 0.0,
          "y": 0.0,
          "z": 0.0
        },
        "rotation_quaternion": {
          "w": 0.9061163067817688,
          "x": 0.4229276478290558,
          "y": -0.006312164943665266,
          "z": -0.006762119010090828
        },
        "scale": {
          "x": 1.0,
          "y": 1.0,
          "z": 1.0
        },
        "matrix_basis": [
          [
            0.9998288750648499,
            0.006915354635566473,
            -0.017158884555101395,
            0.0
          ],
          [
            -0.017593711614608765,
            0.6421729326248169,
            -0.7663578987121582,
            0.0
          ],
          [
            0.005719337146729231,
            0.7665286660194397,
            0.6421847343444824,
            0.0
          ],
          [
            0.0,
            0.0,
            0.0,
            1.0
          ]
        ],
        "rotation_mode": "QUATERNION"
      },
      "armature_space": {
        "head": {
          "x": 0.4863013029098511,
          "y": -0.2808423638343811,
          "z": 0.27685484290122986
        },
        "tail": {
          "x": 0.4758917987346649,
          "y": -0.2729766070842743,
          "z": 0.2547670900821686
        }
      },
      "world_space": {
        "head": {
          "x": 0.4863013029098511,
          "y": -0.21759836375713348,
          "z": 1.2267088890075684
        },
        "tail": {
          "x": 0.4758917987346649,
          "y": -0.20973260700702667,
          "z": 1.2046210765838623
        },
        "rotation_quaternion": {
          "w": 0.777162492275238,
          "x": -0.44314318895339966,
          "y": -0.2220984697341919,
          "z": 0.38770467042922974
        },
        "matrix": [
          [
            0.6007133722305298,
            -0.4057766795158386,
            -0.6888313293457031,
            0.4863013029098511
          ],
          [
            0.7994629740715027,
            0.3066176772117615,
            0.5165704488754272,
            -0.21759836375713348
          ],
          [
            0.0015963412588462234,
            -0.8610113859176636,
            0.5085967183113098,
            1.2267088890075684
          ],
          [
            0.0,
            0.0,
            0.0,
            1.0
          ]
        ]
      },
      "bone_length_armature_space": 0.025653395950290172,
      "parent": "index_01_l",
      "has_children": true,
      "is_end_bone": false
    },
    "index_03_l": {
      "name": "index_03_l",
      "local": {
        "location": {
          "x": 0.0,
          "y": 0.0,
          "z": 0.0
        },
        "rotation_quaternion": {
          "w": 0.9635053873062134,
          "x": 0.2675170600414276,
          "y": -0.005612264387309551,
          "z": -0.007793003693223
        },
        "scale": {
          "x": 1.0,
          "y": 1.0,
          "z": 1.0
        },
        "matrix_basis": [
          [
            0.9998155236244202,
            0.012014449574053288,
            -0.014984416775405407,
            0.0
          ],
          [
            -0.01801995560526848,
            0.8567478060722351,
            -0.5154207944869995,
            0.0
          ],
          [
            0.006645371206104755,
            0.5155957341194153,
            0.8568062782287598,
            0.0
          ],
          [
            0.0,
            0.0,
            0.0,
            1.0
          ]
        ],
        "rotation_mode": "QUATERNION"
      },
      "armature_space": {
        "head": {
          "x": 0.4758918881416321,
          "y": -0.27297669649124146,
          "z": 0.2547670304775238
        },
        "tail": {
          "x": 0.456777423620224,
          "y": -0.25404980778694153,
          "z": 0.2433590292930603
        }
      },
      "world_space": {
        "head": {
          "x": 0.4758918881416321,
          "y": -0.20973269641399384,
          "z": 1.2046210765838623
        },
        "tail": {
          "x": 0.456777423620224,
          "y": -0.1908058077096939,
          "z": 1.1932129859924316
        },
        "rotation_quaternion": {
          "w": 0.901774525642395,
          "x": -0.17263174057006836,
          "y": -0.10337399691343307,
          "z": 0.3825111985206604
        },
        "matrix": [
          [
            0.685997486114502,
            -0.6541866660118103,
            -0.31850773096084595,
            0.4758918881416321
          ],
          [
            0.7255693674087524,
            0.6477669477462769,
            0.23226606845855713,
            -0.20973269641399384
          ],
          [
            0.05437435954809189,
            -0.3904353380203247,
            0.9190307259559631,
            1.2046210765838623
          ],
          [
            0.0,
            0.0,
            0.0,
            1.0
          ]
        ]
      },
      "bone_length_armature_space": 0.02921869904356226,
      "parent": "index_02_l",
      "has_children": false,
      "is_end_bone": true
    },
    "metacarpal_pinky_l": {
      "name": "metacarpal_pinky_l",
      "local": {
        "location": {
          "x": 0.0,
          "y": 0.0,
          "z": 0.0
        },
        "rotation_quaternion": {
          "w": 0.9997347593307495,
          "x": -0.019595419988036156,
          "y": 0.009097752161324024,
          "z": -0.007985830307006836
        },
        "scale": {
          "x": 1.0,
          "y": 1.0,
          "z": 1.0
        },
        "matrix_basis": [
          [
            0.9997069239616394,
            0.015610875561833382,
            0.018503649160265923,
            0.0
          ],
          [
            -0.01632397249341011,
            0.9991044998168945,
            0.0390351377427578,
            0.0
          ],
          [
            -0.01787770725786686,
            -0.03932575136423111,
            0.9990664720535278,
            0.0
          ],
          [
            0.0,
            0.0,
            0.0,
            1.0
          ]
        ],
        "rotation_mode": "QUATERNION"
      },
      "armature_space": {
        "head": {
          "x": 0.45681408047676086,
          "y": -0.19613339006900787,
          "z": 0.38773030042648315
        },
        "tail": {
          "x": 0.5309661626815796,
          "y": -0.24569228291511536,
          "z": 0.3339841365814209
        }
      },
      "world_space": {
        "head": {
          "x": 0.45681408047676086,
          "y": -0.13288938999176025,
          "z": 1.3375842571258545
        },
        "tail": {
          "x": 0.5309661626815796,
          "y": -0.18244828283786774,
          "z": 1.283838152885437
        },
        "rotation_quaternion": {
          "w": 0.3096354901790619,
          "x": 0.2489357441663742,
          "y": 0.4076288044452667,
          "z": -0.822189450263977
        },
        "matrix": [
          [
            -0.6843134760856628,
            0.7121052145957947,
            -0.15691055357456207,
            0.45681408047676086
          ],
          [
            -0.30621370673179626,
            -0.4759293496608734,
            -0.8244543671607971,
            -0.13288938999176025
          ],
          [
            -0.661781370639801,
            -0.5161411166191101,
            0.5437440872192383,
            1.3375842571258545
          ],
          [
            0.0,
            0.0,
            0.0,
            1.0
          ]
        ]
      },
      "bone_length_armature_space": 0.10413100084032074,
      "parent": "lowerarm_l",
      "has_children": true,
      "is_end_bone": false
    },
    "pinky_01_l": {
      "name": "pinky_01_l",
      "local": {
        "location": {
          "x": 0.0,
          "y": 0.0,
          "z": 0.0
        },
        "rotation_quaternion": {
          "w": 0.955406665802002,
          "x": 0.29514774680137634,
          "y": 0.006766387261450291,
          "z": -0.006340901833027601
        },
        "scale": {
          "x": 1.0,
          "y": 1.0,
          "z": 1.0
        },
        "matrix_basis": [
          [
            0.999828040599823,
            0.01611044816672802,
            0.00918629765510559,
            0.0
          ],
          [
            -0.008122111670672894,
            0.8256952166557312,
            -0.5640580654144287,
            0.0
          ],
          [
            -0.01667230948805809,
            0.5638864636421204,
            0.8256840705871582,
            0.0
          ],
          [
            0.0,
            0.0,
            0.0,
            1.0
          ]
        ],
        "rotation_mode": "QUATERNION"
      },
      "armature_space": {
        "head": {
          "x": 0.5309661626815796,
          "y": -0.24569228291511536,
