{
  "metadata": {
    "armature_name": "KIM_caucasian_male",
    "export_time": "2026-01-13T21:12:26.090337",
    "blender_version": "4.4.1",
    "bone_count": 56,
    "end_bone_count": 13,
    "spaces_included": [
      "LOCAL_CHANNELS",
      "ARMATURE_SPACE",
      "WORLD_SPACE"
    ],
    "note": "LOCAL matches Transform panel; replay pose via local.matrix_basis for best fidelity."
  },
  "bones": {
    "Root": {
      "name": "Root",
      "local": {
        "location": {
          "x": 0.0,
          "y": 0.0,
          "z": 0.0
        },
        "rotation_quaternion": {
          "w": 0.9998208284378052,
          "x": -0.01634901948273182,
          "y": -0.0035817024763673544,
          "z": -0.008841786533594131
        },
        "scale": {
          "x": 1.0,
          "y": 1.0,
          "z": 1.0
        },
        "matrix_basis": [
          [
            0.999817967414856,
            0.017797518521547318,
            -0.006873012520372868,
            0.0
          ],
          [
            -0.017563290894031525,
            0.9993090629577637,
            0.03275551646947861,
            0.0
          ],
          [
            0.00745123066008091,
            -0.03262884169816971,
            0.9994397759437561,
            0.0
          ],
          [
            0.0,
            0.0,
            0.0,
            1.0
          ]
        ],
        "rotation_mode": "QUATERNION"
      },
      "armature_space": {
        "head": {
          "x": 0.0,
          "y": 0.07072800397872925,
          "z": -0.009595036506652832
        },
        "tail": {
          "x": 0.0012703133979812264,
          "y": 0.00036194920539855957,
          "z": 0.0023011602461338043
        }
      },
      "world_space": {
        "head": {
          "x": 0.0,
          "y": 0.13397200405597687,
          "z": 0.9402589797973633
        },
        "tail": {
          "x": 0.0012703133979812264,
          "y": 0.06360594928264618,
          "z": 0.9521551728248596
        },
        "rotation_quaternion": {
          "w": 0.08366747200489044,
          "x": 0.9964480996131897,
          "y": 0.008580407127737999,
          "z": -0.0041692196391522884
        },
        "matrix": [
          [
            0.999817967414856,
            0.017797518521547318,
            -0.006873012520372868,
            0.0
          ],
          [
            0.01640220545232296,
            -0.9858521819114685,
            -0.16681258380413055,
            0.13397200405597687
          ],
          [
            -0.009744677692651749,
            0.16666972637176514,
            -0.9859717488288879,
            0.9402589797973633
          ],
          [
            0.0,
            0.0,
            0.0,
            1.0
          ]
        ]
      },
      "bone_length_armature_space": 0.07137586977748331,
      "parent": null,
      "has_children": true,
      "is_end_bone": false
    },
    "spine_01": {
      "name": "spine_01",
      "local": {
        "location": {
          "x": 0.0,
          "y": 0.0,
          "z": 0.0
        },
        "rotation_quaternion": {
          "w": 0.998786449432373,
          "x": -0.023045076057314873,
          "y": 0.04301201179623604,
          "z": 0.006676856894046068
        },
        "scale": {
          "x": 1.0,
          "y": 1.0,
          "z": 1.0
        },
        "matrix_basis": [
          [
            0.9962107539176941,
            -0.015319938771426678,
            0.08561189472675323,
            0.0
          ],
          [
            0.011355077847838402,
            0.9988486766815186,
            0.046608589589595795,
            0.0
          ],
          [
            -0.08622736483812332,
            -0.045459847897291183,
            0.9952377676963806,
            0.0
          ],
          [
            0.0,
            0.0,
            0.0,
            1.0
          ]
        ],
        "rotation_mode": "QUATERNION"
      },
      "armature_space": {
        "head": {
          "x": 0.0012703133979812264,
          "y": 0.00036194920539855957,
          "z": 0.0023011602461338043
        },
        "tail": {
          "x": -0.0024840212427079678,
          "y": 0.06107361614704132,
          "z": 0.4865000247955322
        }
      },
      "world_space": {
        "head": {
          "x": 0.0012703133979812264,
          "y": 0.06360594928264618,
          "z": 0.9521551728248596
        },
        "tail": {
          "x": -0.0024840212427079678,
          "y": 0.12431761622428894,
          "z": 1.4363540410995483
        },
        "rotation_quaternion": {
          "w": 0.7489314675331116,
          "x": 0.6606253981590271,
          "y": 0.03613698109984398,
          "z": 0.0370122529566288
        },
        "matrix": [
          [
            0.9946484565734863,
            -0.007693289779126644,
            0.1030307412147522,
            0.0012703133979812264
          ],
          [
            0.10318532586097717,
            0.12440884113311768,
            -0.986851155757904,
            0.06360594928264618
          ],
          [
            -0.005225746426731348,
            0.9922083020210266,
            0.12453687191009521,
            0.9521551728248596
          ],
          [
            0.0,
            0.0,
            0.0,
            1.0
          ]
        ]
      },
      "bone_length_armature_space": 0.48800465037513185,
      "parent": "Root",
      "has_children": true,
      "is_end_bone": false
    },
    "neck_01": {
      "name": "neck_01",
      "local": {
        "location": {
          "x": 0.0,
          "y": 0.0,
          "z": 0.0
        },
        "rotation_quaternion": {
          "w": 0.9926552772521973,
          "x": -0.06939567625522614,
          "y": 0.09609142690896988,
          "z": 0.0242148470133543
        },
        "scale": {
          "x": 1.0,
          "y": 1.0,
          "z": 1.0
        },
        "matrix_basis": [
          [
            0.9803601503372192,
            -0.06141065061092377,
            0.18741051852703094,
            0.0
          ],
          [
            0.03473733365535736,
            0.9891957640647888,
            0.14242564141750336,
            0.0
          ],
          [
            -0.19413213431835175,
            -0.13311828672885895,
            0.9719013571739197,
            0.0
          ],
          [
            0.0,
            0.0,
            0.0,
            1.0
          ]
        ],
        "rotation_mode": "QUATERNION"
      },
      "armature_space": {
        "head": {
          "x": 0.0005258391611278057,
          "y": 0.03595821186900139,
          "z": 0.5634670257568359
        },
        "tail": {
          "x": -0.0038065770640969276,
          "y": 0.022075124084949493,
          "z": 0.664952278137207
        }
      },
      "world_space": {
        "head": {
          "x": 0.0005258391611278057,
          "y": 0.0992022156715393,
          "z": 1.513321042060852
        },
        "tail": {
          "x": -0.0038065770640969276,
          "y": 0.08531912416219711,
          "z": 1.6148062944412231
        },
        "rotation_quaternion": {
          "w": 0.6527369022369385,
          "x": 0.7434813380241394,
          "y": 0.07890575379133224,
          "z": 0.12224582582712173
        },
        "matrix": [
          [
            0.9576598405838013,
            -0.04225867614150047,
            0.2847839295864105,
            0.0005258391611278057
          ],
          [
            0.2769182324409485,
            -0.13541658222675323,
            -0.9513037800788879,
            0.0992022156715393
          ],
          [
            0.0787661075592041,
            0.989893913269043,
            -0.11798253655433655,
            1.513321042060852
          ],
          [
            0.0,
            0.0,
            0.0,
            1.0
          ]
        ]
      },
      "bone_length_armature_space": 0.10252202706196374,
      "parent": "spine_01",
      "has_children": true,
      "is_end_bone": false
    },
    "head": {
      "name": "head",
      "local": {
        "location": {
          "x": 0.0,
          "y": 0.0,
          "z": 0.0
        },
        "rotation_quaternion": {
          "w": 0.9824854135513306,
          "x": -0.03346315026283264,
          "y": 0.15067918598651886,
          "z": 0.1043960228562355
        },
        "scale": {
          "x": 1.0,
          "y": 1.0,
          "z": 1.0
        },
        "matrix_basis": [
          [
            0.9327945113182068,
            -0.21521954238414764,
            0.28909337520599365,
            0.0
          ],
          [
            0.19505074620246887,
            0.9759633541107178,
            0.0972147285938263,
            0.0
          ],
          [
            -0.30306705832481384,
            -0.03429349884390831,
            0.952351987361908,
            0.0
          ],
          [
            0.0,
            0.0,
            0.0,
            1.0
          ]
        ],
        "rotation_mode": "QUATERNION"
      },
      "armature_space": {
        "head": {
          "x": -0.0038065288681536913,
          "y": 0.022074982523918152,
          "z": 0.6649522185325623
        },
        "tail": {
          "x": -0.05874720588326454,
          "y": 0.0508195236325264,
          "z": 0.8071089386940002
        }
      },
      "world_space": {
        "head": {
          "x": -0.0038065288681536913,
          "y": 0.08531898260116577,
          "z": 1.6148061752319336
        },
        "tail": {
          "x": -0.05874720588326454,
          "y": 0.11406352370977402,
          "z": 1.7569630146026611
        },
        "rotation_quaternion": {
          "w": 0.7630922794342041,
          "x": 0.5596635937690735,
          "y": 0.10178784281015396,
          "z": 0.3067672848701477
        },
        "matrix": [
          [
            0.7910650372505188,
            -0.3542498052120209,
            0.4987215995788574,
            -0.0038065288681536913
          ],
          [
            0.5821191072463989,
            0.1853407919406891,
            -0.7916984558105469,
            0.08531898260116577
          ],
          [
            0.18802741169929504,
            0.9166067838668823,
            0.35283389687538147,
            1.6148061752319336
          ],
          [
            0.0,
            0.0,
            0.0,
            1.0
          ]
        ]
      },
      "bone_length_armature_space": 0.15509113670359556,
      "parent": "neck_01",
      "has_children": false,
      "is_end_bone": true
    },
    "upperarm_l": {
      "name": "upperarm_l",
      "local": {
        "location": {
          "x": 0.0,
          "y": 0.0,
          "z": 0.0
        },
        "rotation_quaternion": {
          "w": 0.9771792888641357,
          "x": -0.045602571219205856,
          "y": -0.17888332903385162,
          "z": -0.1050802543759346
        },
        "scale": {
          "x": 1.0,
          "y": 1.0,
          "z": 1.0
        },
        "matrix_basis": [
          [
            0.9139177799224854,
            0.22167958319187164,
            -0.34001830220222473,
            0.0
          ],
          [
            -0.18904942274093628,
            0.9737570881843567,
            0.12671798467636108,
            0.0
          ],
          [
            0.3591860234737396,
            -0.05152956396341324,
            0.9318423271179199,
            0.0
          ],
          [
            0.0,
            0.0,
            0.0,
            1.0
          ]
        ],
        "rotation_mode": "QUATERNION"
      },
      "armature_space": {
        "head": {
          "x": 0.15056875348091125,
          "y": 0.03992757201194763,
          "z": 0.4963962137699127
        },
        "tail": {
          "x": 0.4058443605899811,
          "y": 0.08367057144641876,
          "z": 0.4276313781738281
        }
      },
      "world_space": {
        "head": {
          "x": 0.15056875348091125,
          "y": 0.10317157208919525,
          "z": 1.4462502002716064
        },
        "tail": {
          "x": 0.4058443605899811,
          "y": 0.14691457152366638,
          "z": 1.3774853944778442
        },
        "rotation_quaternion": {
          "w": 0.599555492401123,
          "x": 0.25373172760009766,
          "y": 0.471332848072052,
          "z": -0.5949780344963074
        },
        "matrix": [
          [
            -0.15230874717235565,
            0.952629566192627,
            0.2632470726966858,
            0.15056875348091125
          ],
          [
            -0.47425997257232666,
            0.1632387638092041,
            -0.8651188611984253,
            0.10317157208919525
          ],
          [
            -0.8671164512634277,
            -0.25661441683769226,
            0.42693355679512024,
            1.4462502002716064
          ],
          [
            0.0,
            0.0,
            0.0,
            1.0
          ]
        ]
      },
      "bone_length_armature_space": 0.2679695721431554,
      "parent": "spine_01",
      "has_children": true,
      "is_end_bone": false
    },
    "lowerarm_l": {
      "name": "lowerarm_l",
      "local": {
        "location": {
          "x": 0.0,
          "y": 0.0,
          "z": 0.0
        },
        "rotation_quaternion": {
          "w": 0.9940613508224487,
          "x": 0.057184796780347824,
          "y": -0.0064511592499911785,
          "z": -0.09235980361700058
        },
        "scale": {
          "x": 1.0,
          "y": 1.0,
          "z": 1.0
        },
        "matrix_basis": [
          [
            0.9828560948371887,
            0.1828848123550415,
            -0.023388849571347237,
            0.0
          ],
          [
            -0.18436044454574585,
            0.9763991236686707,
            -0.11249873787164688,
            0.0
          ],
          [
            0.0022625429555773735,
            0.11488205194473267,
            0.9933765530586243,
            0.0
          ],
          [
            0.0,
            0.0,
            0.0,
            1.0
          ]
        ],
        "rotation_mode": "QUATERNION"
      },
      "armature_space": {
        "head": {
          "x": 0.405844509601593,
          "y": 0.08367060124874115,
          "z": 0.4276314973831177
        },
        "tail": {
          "x": 0.6651108860969543,
          "y": 0.05525580793619156,
          "z": 0.3681090176105499
        }
      },
      "world_space": {
        "head": {
          "x": 0.405844509601593,
          "y": 0.14691460132598877,
          "z": 1.3774855136871338
        },
        "tail": {
          "x": 0.6651108860969543,
          "y": 0.11849980801343918,
          "z": 1.3179630041122437
        },
        "rotation_quaternion": {
          "w": 0.5597987771034241,
          "x": 0.25685200095176697,
          "y": 0.3654002547264099,
          "z": -0.6979507207870483
        },
        "matrix": [
          [
            -0.2413034439086914,
            0.9691314101219177,
            0.05056348443031311,
            0.405844509601593
          ],
          [
            -0.5937178134918213,
            -0.10621381551027298,
            -0.79763263463974,
            0.14691460132598877
          ],
          [
            -0.767646312713623,
            -0.22249361872673035,
            0.6010239720344543,
            1.3774855136871338
          ],
          [
            0.0,
            0.0,
            0.0,
            1.0
          ]
        ]
      },
      "bone_length_armature_space": 0.2675245453929023,
      "parent": "upperarm_l",
      "has_children": true,
      "is_end_bone": false
    },
    "metacarpal_thumb_l": {
      "name": "metacarpal_thumb_l",
      "local": {
        "location": {
          "x": 0.0,
          "y": 0.0,
          "z": 0.0
        },
        "rotation_quaternion": {
          "w": 0.9997233748435974,
          "x": 0.01532401330769062,
          "y": -0.00794326514005661,
          "z": -0.0159800723195076
        },
        "scale": {
          "x": 1.0,
          "y": 1.0,
          "z": 1.0
        },
        "matrix_basis": [
          [
            0.9993630647659302,
            0.03170785680413246,
            -0.016371892765164375,
            0.0
          ],
          [
            -0.032194748520851135,
            0.9990196228027344,
            -0.030385680496692657,
            0.0
          ],
          [
            0.015392377972602844,
            0.030893417075276375,
            0.9994041323661804,
            0.0
          ],
          [
            0.0,
            0.0,
            0.0,
            1.0
          ]
        ],
        "rotation_mode": "QUATERNION"
      },
      "armature_space": {
        "head": {
          "x": 0.6651108860969543,
          "y": 0.05525580793619156,
          "z": 0.3681090176105499
        },
        "tail": {
          "x": 0.7023523449897766,
          "y": 0.022597510367631912,
          "z": 0.36780300736427307
        }
      },
      "world_space": {
        "head": {
          "x": 0.6651108860969543,
          "y": 0.11849980801343918,
          "z": 1.3179630041122437
        },
        "tail": {
          "x": 0.7023523449897766,
          "y": 0.08584150671958923,
          "z": 1.3176569938659668
        },
        "rotation_quaternion": {
          "w": 0.1484072506427765,
          "x": 0.8472128510475159,
          "y": 0.3851195275783539,
          "z": -0.3344976603984833
        },
        "matrix": [
          [
            0.4795877933502197,
            0.7518410682678223,
            -0.4524710774421692,
            0.6651108860969543
          ],
          [
            0.5532727241516113,
            -0.6593151688575745,
            -0.5091096758842468,
            0.11849980801343918
          ],
          [
            -0.6810951232910156,
            -0.006177650764584541,
            -0.7321784496307373,
            1.3179630041122437
          ],
          [
            0.0,
            0.0,
            0.0,
            1.0
          ]
        ]
      },
      "bone_length_armature_space": 0.04953366802829919,
      "parent": "lowerarm_l",
      "has_children": true,
      "is_end_bone": false
    },
    "thumb_01_l": {
      "name": "thumb_01_l",
      "local": {
        "location": {
          "x": 0.0,
          "y": 0.0,
          "z": 0.0
        },
        "rotation_quaternion": {
          "w": 0.9999908208847046,
          "x": 0.0031281672418117523,
          "y": -0.0015389113686978817,
          "z": 0.0024933377280831337
        },
        "scale": {
          "x": 1.0,
          "y": 1.0,
          "z": 1.0
        },
        "matrix_basis": [
          [
            0.9999828338623047,
            -0.004996257834136486,
            -0.0030621953774243593,
            0.0
          ],
          [
            0.004977001808583736,
            0.9999679923057556,
            -0.006263951305299997,
            0.0
          ],
          [
            0.0030933937523514032,
            0.006248603109270334,
            0.9999756813049316,
            0.0
          ],
          [
            0.0,
            0.0,
            0.0,
            1.0
          ]
        ],
        "rotation_mode": "QUATERNION"
      },
      "armature_space": {
        "head": {
          "x": 0.7023523449897766,
          "y": 0.022597510367631912,
          "z": 0.36780300736427307
        },
        "tail": {
          "x": 0.7058122158050537,
          "y": -0.007220853120088577,
          "z": 0.3517554700374603
        }
      },
      "world_space": {
        "head": {
          "x": 0.7023523449897766,
          "y": 0.08584150671958923,
          "z": 1.3176569938659668
        },
        "tail": {
          "x": 0.7058122158050537,
          "y": 0.05602314695715904,
          "z": 1.3016095161437988
        },
        "rotation_quaternion": {
          "w": 0.24851183593273163,
          "x": -0.9324339628219604,
          "y": 0.015287338756024837,
          "z": -0.2618687152862549
        },
        "matrix": [
          [
            0.862382173538208,
            0.10164570063352585,
            0.49594825506210327,
            0.7023523449897766
          ],
          [
            -0.15866345167160034,
            -0.8760167360305786,
            0.4554344117641449,
            0.08584150671958923
          ],
          [
            0.4807552397251129,
            -0.4714515805244446,
            -0.7393388152122498,
            1.3176569938659668
          ],
          [
            0.0,
            0.0,
            0.0,
            1.0
          ]
        ]
      },
      "bone_length_armature_space": 0.034038639824631164,
      "parent": "metacarpal_thumb_l",
      "has_children": true,
      "is_end_bone": false
    },
    "thumb_02_l": {
      "name": "thumb_02_l",
      "local": {
        "location": {
          "x": 0.0,
          "y": 0.0,
          "z": 0.0
        },
        "rotation_quaternion": {
          "w": 0.9971452951431274,
          "x": 0.0754786878824234,
          "y": -0.0011048149317502975,
          "z": -0.0017389263957738876
        },
        "scale": {
          "x": 1.0,
          "y": 1.0,
          "z": 1.0
        },
        "matrix_basis": [
          [
            0.9999915361404419,
            0.003301144577562809,
            -0.0024658257607370615,
            0.0
          ],
          [
            -0.0036347045097500086,
            0.9885998964309692,
            -0.15052258968353271,
            0.0
          ],
          [
            0.0019408182706683874,
            0.15053027868270874,
            0.9886034727096558,
            0.0
          ],
          [
            0.0,
            0.0,
            0.0,
            1.0
          ]
        ],
        "rotation_mode": "QUATERNION"
      },
      "armature_space": {
        "head": {
          "x": 0.7058122158050537,
          "y": -0.0072208549827337265,
          "z": 0.3517554998397827
        },
        "tail": {
          "x": 0.7434241771697998,
          "y": -0.011892057955265045,
          "z": 0.33846262097358704
        }
      },
      "world_space": {
        "head": {
          "x": 0.7058122158050537,
          "y": 0.056023143231868744,
          "z": 1.3016095161437988
        },
        "tail": {
          "x": 0.7434241771697998,
          "y": 0.051351942121982574,
          "z": 1.2883166074752808
        },
        "rotation_quaternion": {
          "w": 0.6002942323684692,
          "x": -0.5273373126983643,
          "y": -0.28547585010528564,
          "z": -0.5292125344276428
        },
        "matrix": [
          [
            0.2768734097480774,
            0.9364504218101501,
            0.21540924906730652,
            0.7058122158050537
          ],
          [
            -0.3342841863632202,
            -0.11630205810070038,
            0.9352688193321228,
            0.056023143231868744
          ],
          [
            0.9008918404579163,
            -0.33096155524253845,
            0.2808424234390259,
            1.3016095161437988
          ],
          [
            0.0,
            0.0,
            0.0,
            1.0
          ]
        ]
      },
      "bone_length_armature_space": 0.04016441752366438,
      "parent": "thumb_01_l",
      "has_children": true,
      "is_end_bone": false
    },
    "thumb_03_l": {
      "name": "thumb_03_l",
      "local": {
        "location": {
          "x": 0.0,
          "y": 0.0,
          "z": 0.0
        },
        "rotation_quaternion": {
          "w": 0.9978068470954895,
          "x": 0.06592386215925217,
          "y": 0.0024652176070958376,
          "z": -0.005442954134196043
        },
        "scale": {
          "x": 1.0,
          "y": 1.0,
          "z": 1.0
        },
        "matrix_basis": [
          [
            0.9999285936355591,
            0.01118706725537777,
            0.004201980773359537,
            0.0
          ],
          [
            -0.010537000373005867,
            0.9912488460540771,
            -0.13158540427684784,
            0.0
          ],
          [
            -0.00563726294785738,
            0.1315317302942276,
            0.9912959337234497,
            0.0
          ],
          [
            0.0,
            0.0,
            0.0,
            1.0
          ]
        ],
        "rotation_mode": "QUATERNION"
      },
      "armature_space": {
        "head": {
          "x": 0.7434241771697998,
          "y": -0.011892130598425865,
          "z": 0.3384626507759094
        },
        "tail": {
          "x": 0.7712876200675964,
          "y": -0.0032266778871417046,
          "z": 0.32977762818336487
        }
      },
      "world_space": {
        "head": {
          "x": 0.7434241771697998,
          "y": 0.051351867616176605,
          "z": 1.2883167266845703
        },
        "tail": {
          "x": 0.7712876200675964,
          "y": 0.06001732125878334,
          "z": 1.2796316146850586
        },
        "rotation_quaternion": {
          "w": 0.7745022177696228,
          "x": -0.31879207491874695,
          "y": -0.2060609608888626,
          "z": -0.5060206055641174
        },
        "matrix": [
          [
            0.4029630720615387,
            0.9152095317840576,
            0.0034435391426086426,
            0.7434241771697998
          ],
          [
            -0.6524479389190674,
            0.2846275568008423,
            0.7023523449897766,
            0.051351867616176605
          ],
          [
            0.6418234705924988,
            -0.285270631313324,
            0.711826741695404,
            1.2883167266845703
          ],
          [
            0.0,
            0.0,
            0.0,
            1.0
          ]
        ]
      },
      "bone_length_armature_space": 0.03044488701497515,
      "parent": "thumb_02_l",
      "has_children": false,
      "is_end_bone": true
    },
    "metacarpal_index_l": {
      "name": "metacarpal_index_l",
      "local": {
        "location": {
          "x": 0.0,
          "y": 0.0,
          "z": 0.0
        },
        "rotation_quaternion": {
          "w": 0.999943196773529,
          "x": 0.007614900823682547,
          "y": 0.0007602303521707654,
          "z": -0.007413411047309637
        },
        "scale": {
          "x": 1.0,
          "y": 1.0,
          "z": 1.0
        },
        "matrix_basis": [
          [
            0.9998889565467834,
            0.014837558381259441,
            0.0014074695063754916,
            0.0
          ],
          [
            -0.014814401976764202,
            0.9997740983963013,
            -0.015240208245813847,
            0.0
          ],
          [
            -0.0016332791419699788,
            0.015217664651572704,
            0.9998828768730164,
            0.0
          ],
          [
            0.0,
            0.0,
            0.0,
            1.0
          ]
        ],
        "rotation_mode": "QUATERNION"
      },
      "armature_space": {
        "head": {
          "x": 0.6651108860969543,
          "y": 0.05525580793619156,
          "z": 0.3681090176105499
        },
        "tail": {
          "x": 0.7728341817855835,
          "y": 0.01024874672293663,
          "z": 0.35814574360847473
        }
      },
      "world_space": {
        "head": {
          "x": 0.6651108860969543,
          "y": 0.11849980801343918,
          "z": 1.3179630041122437
        },
        "tail": {
          "x": 0.7728341817855835,
          "y": 0.07349275052547455,
          "z": 1.3079997301101685
        },
        "rotation_quaternion": {
          "w": 0.3116849362850189,
          "x": 0.6423254013061523,
          "y": 0.45912468433380127,
          "z": -0.5286540389060974
        },
        "matrix": [
          [
            0.019457407295703888,
            0.9193626046180725,
            -0.3929293751716614,
            0.6651108860969543
          ],
          [
            0.2602674067020416,
            -0.3841119408607483,
            -0.8858435750007629,
            0.11849980801343918
          ],
          [
            -0.965347170829773,
            -0.0850314125418663,
            -0.24675655364990234,
            1.3179630041122437
          ],
          [
            0.0,
            0.0,
            0.0,
            1.0
          ]
        ]
      },
      "bone_length_armature_space": 0.11717171342261168,
      "parent": "lowerarm_l",
      "has_children": true,
      "is_end_bone": false
    },
    "index_01_l": {
      "name": "index_01_l",
      "local": {
        "location": {
          "x": 0.0,
          "y": 0.0,
          "z": 0.0
        },
        "rotation_quaternion": {
          "w": 0.9935721158981323,
          "x": -0.11296318471431732,
          "y": -0.006502354517579079,
          "z": -0.003420751541852951
        },
        "scale": {
          "x": 1.0,
          "y": 1.0,
          "z": 1.0
        },
        "matrix_basis": [
          [
            0.9998920559883118,
            0.008266580291092396,
            -0.012148277834057808,
            0.0
          ],
          [
            -0.0053284731693565845,
            0.9744552373886108,
            0.22451862692832947,
            0.0
          ],
          [
            0.01369395386427641,
            -0.224429652094841,
            0.9743940830230713,
            0.0
          ],
          [
            0.0,
            0.0,
            0.0,
            1.0
          ]
        ],
        "rotation_mode": "QUATERNION"
      },
      "armature_space": {
        "head": {
          "x": 0.7728341817855835,
          "y": 0.01024874672293663,
          "z": 0.35814574360847473
        },
        "tail": {
          "x": 0.7999196648597717,
          "y": 0.012006578966975212,
          "z": 0.34940746426582336
        }
      },
      "world_space": {
        "head": {
          "x": 0.7728341817855835,
          "y": 0.07349275052547455,
          "z": 1.3079997301101685
        },
        "tail": {
          "x": 0.7999196648597717,
          "y": 0.07525058090686798,
          "z": 1.299261450767517
        },
        "rotation_quaternion": {
          "w": 0.3080374598503113,
          "x": 0.501833438873291,
          "y": 0.6602555513381958,
          "z": -0.46619606018066406
        },
        "matrix": [
          [
            -0.3065508008003235,
            0.9498885273933411,
            -0.06114025413990021,
            0.7728341817855835
          ],
          [
            0.375466525554657,
            0.061647236347198486,
            -0.92478346824646,
            0.07349275052547455
          ],
          [
            -0.8746781945228577,
            -0.30645138025283813,
            -0.3755528926849365,
            1.3079997301101685
          ],
          [
            0.0,
            0.0,
            0.0,
            1.0
          ]
        ]
      },
      "bone_length_armature_space": 0.028514398017666982,
      "parent": "metacarpal_index_l",
      "has_children": true,
      "is_end_bone": false
    },
    "index_02_l": {
      "name": "index_02_l",
      "local": {
        "location": {
          "x": 0.0,
          "y": 0.0,
          "z": 0.0
        },
        "rotation_quaternion": {
          "w": 0.9968342781066895,
          "x": 0.07938509434461594,
          "y": 0.004392447415739298,
          "z": -0.00026600397541187704
        },
        "scale": {
          "x": 1.0,
          "y": 1.0,
          "z": 1.0
        },
        "matrix_basis": [
          [
            0.999961256980896,
            0.0012277134228497744,
            0.00871485099196434,
            0.0
          ],
          [
            0.00016706594033166766,
            0.9873958826065063,
            -0.15826989710330963,
            0.0
          ],
          [
            -0.008799318224191666,
            0.15826523303985596,
            0.9873574376106262,
            0.0
          ],
          [
            0.0,
            0.0,
            0.0,
            1.0
          ]
        ],
        "rotation_mode": "QUATERNION"
      },
      "armature_space": {
        "head": {
          "x": 0.7999200820922852,
          "y": 0.01200621947646141,
          "z": 0.349407434463501
        },
        "tail": {
          "x": 0.8237301707267761,
          "y": 0.010847249999642372,
          "z": 0.33992961049079895
        }
      },
      "world_space": {
        "head": {
          "x": 0.7999200820922852,
          "y": 0.07525022327899933,
          "z": 1.299261450767517
        },
        "tail": {
          "x": 0.8237301707267761,
          "y": 0.07409124821424484,
          "z": 1.2897835969924927
        },
        "rotation_quaternion": {
          "w": 0.28986504673957825,
          "x": 0.4975266754627228,
          "y": 0.62720787525177,
          "z": -0.5244576334953308
        },
        "matrix": [
          [
            -0.33688923716545105,
            0.9281492829322815,
            -0.15825338661670685,
            0.7999200820922852
          ],
          [
            0.3200635612010956,
            -0.045178256928920746,
            -0.9463182687759399,
            0.07525022327899933
          ],
          [
            -0.8854804635047913,
            -0.36945831775665283,
            -0.28184962272644043,
            1.299261450767517
          ],
          [
            0.0,
            0.0,
            0.0,
            1.0
          ]
        ]
      },
      "bone_length_armature_space": 0.025653317159887695,
      "parent": "index_01_l",
      "has_children": true,
      "is_end_bone": false
    },
    "index_03_l": {
      "name": "index_03_l",
      "local": {
        "location": {
          "x": 0.0,
          "y": 0.0,
          "z": 0.0
        },
        "rotation_quaternion": {
          "w": 0.9977335333824158,
          "x": 0.06684689223766327,
          "y": 0.003604114754125476,
          "z": 0.006819617934525013
        },
        "scale": {
          "x": 1.0,
          "y": 1.0,
          "z": 1.0
        },
        "matrix_basis": [
          [
            0.9998810291290283,
            -0.013126474805176258,
            0.008103632368147373,
            0.0
          ],
          [
            0.014090171083807945,
            0.9909699559211731,
            -0.13334161043167114,
            0.0
          ],
          [
            -0.006280151661485434,
            0.13343992829322815,
            0.9910370111465454,
            0.0
          ],
          [
            0.0,
            0.0,
            0.0,
            1.0
          ]
        ],
        "rotation_mode": "QUATERNION"
      },
      "armature_space": {
        "head": {
          "x": 0.8237301707267761,
          "y": 0.010847375728189945,
          "z": 0.3399296700954437
        },
        "tail": {
          "x": 0.8482118844985962,
          "y": 0.004262667149305344,
          "z": 0.3254030644893646
        }
      },
      "world_space": {
        "head": {
          "x": 0.8237301707267761,
          "y": 0.07409137487411499,
          "z": 1.2897837162017822
        },
        "tail": {
          "x": 0.8482118844985962,
          "y": 0.06750667095184326,
          "z": 1.2752571105957031
        },
        "rotation_quaternion": {
          "w": 0.18847836554050446,
          "x": 0.5205774307250977,
          "y": 0.5931245684623718,
          "z": -0.5845326781272888
        },
        "matrix": [
          [
            -0.38694751262664795,
            0.8378780484199524,
            -0.38500845432281494,
            0.8237301707267761
          ],
          [
            0.39719390869140625,
            -0.22535952925682068,
            -0.8896347880363464,
            0.07409137487411499
          ],
          [
            -0.8321766257286072,
            -0.4971688389778137,
            -0.24560034275054932,
            1.2897837162017822
          ],
          [
            0.0,
            0.0,
            0.0,
            1.0
          ]
        ]
      },
      "bone_length_armature_space": 0.029218743804363463,
      "parent": "index_02_l",
      "has_children": false,
      "is_end_bone": true
    },
    "metacarpal_pinky_l": {
      "name": "metacarpal_pinky_l",
      "local": {
        "location": {
          "x": 0.0,
          "y": 0.0,
          "z": 0.0
        },
        "rotation_quaternion": {
          "w": 0.9995766282081604,
          "x": 0.024573426693677902,
          "y": -0.015548632480204105,
          "z": 0.0009747673757374287
        },
        "scale": {
          "x": 1.0,
          "y": 1.0,
          "z": 1.0
        },
        "matrix_basis": [
          [
            0.9995145797729492,
            -0.0027128758374601603,
            -0.031036192551255226,
            0.0
          ],
          [
            0.0011845430126413703,
            0.9987903833389282,
            -0.04915636032819748,
            0.0
          ],
          [
            0.031132005155086517,
            0.04909573495388031,
            0.9983087778091431,
            0.0
          ],
          [
            0.0,
            0.0,
            0.0,
            1.0
          ]
        ],
        "rotation_mode": "QUATERNION"
      },
      "armature_space": {
        "head": {
          "x": 0.6651108860969543,
          "y": 0.05525580793619156,
          "z": 0.3681090176105499
        },
        "tail": {
          "x": 0.7610201835632324,
          "y": 0.07169599831104279,
          "z": 0.33103668689727783
        }
      },
      "world_space": {
        "head": {
          "x": 0.6651108860969543,
          "y": 0.11849980801343918,
          "z": 1.3179630041122437
        },
        "tail": {
          "x": 0.7610201835632324,
          "y": 0.1349399983882904,
          "z": 1.280890703201294
        },
        "rotation_quaternion": {
          "w": 0.7608092427253723,
          "x": -0.2422659993171692,
          "y": -0.010484560392796993,
          "z": -0.6019688844680786
        },
        "matrix": [
          [
            0.27504611015319824,
            0.9210467338562012,
            0.27572137117385864,
            0.6651108860969543
          ],
          [
            -0.910887598991394,
            0.15788023173809052,
            0.38125792145729065,
            0.11849980801343918
          ],
          [
            0.3076269030570984,
            -0.3560171127319336,
            0.8824010491371155,
            1.3179630041122437
          ],
          [
            0.0,
            0.0,
            0.0,
            1.0
          ]
        ]
      },
      "bone_length_armature_space": 0.10413083384343699,
      "parent": "lowerarm_l",
      "has_children": true,
      "is_end_bone": false
    },
    "pinky_01_l": {
      "name": "pinky_01_l",
      "local": {
        "location": {
          "x": 0.0,
          "y": 0.0,
          "z": 0.0
        },
        "rotation_quaternion": {
          "w": 0.9690297245979309,
          "x": 0.24692471325397491,
          "y": 0.0030930310022085905,
          "z": 0.00024637975730001926
        },
        "scale": {
          "x": 1.0,
          "y": 1.0,
          "z": 1.0
        },
        "matrix_basis": [
          [
            0.9999807476997375,
            0.0010499929776415229,
            0.00611615227535367,
            0.0
          ],
          [
            0.0020049901213496923,
            0.8780562281608582,
            -0.47855323553085327,
            0.0
          ],
          [
            -0.005872803274542093,
            0.4785563051700592,
            0.8780372142791748,
            0.0
          ],
          [
            0.0,
            0.0,
            0.0,
            1.0
          ]
        ],
        "rotation_mode": "QUATERNION"
      },
      "armature_space": {
        "head": {
          "x": 0.7610201835632324,
          "y": 0.07169599831104279,
          "z": 0.33103668689727783
