{
  "metadata": {
    "armature_name": "KIM_caucasian_male",
    "export_time": "2026-01-13T21:05:26.794495",
    "blender_version": "4.4.1",
    "bone_count": 56,
    "end_bone_count": 13,
    "spaces_included": [
      "LOCAL_CHANNELS",
      "ARMATURE_SPACE",
      "WORLD_SPACE"
    ],
    "note": "LOCAL matches Transform panel; replay pose via local.matrix_basis for best fidelity."
  },
  "bones": {
    "Root": {
      "name": "Root",
      "local": {
        "location": {
          "x": 0.0,
          "y": 0.0,
          "z": 0.0
        },
        "rotation_quaternion": {
          "w": 0.9995204210281372,
          "x": -0.007350974250584841,
          "y": 0.005716057028621435,
          "z": -0.029535219073295593
        },
        "scale": {
          "x": 1.0,
          "y": 1.0,
          "z": 1.0
        },
        "matrix_basis": [
          [
            0.9981899857521057,
            0.05895807221531868,
            0.011860856786370277,
            0.0
          ],
          [
            -0.059126146137714386,
            0.9981472492218018,
            0.014357247389853,
            0.0
          ],
          [
            -0.01099240593612194,
            -0.015032547526061535,
            0.9998265504837036,
            0.0
          ],
          [
            0.0,
            0.0,
            0.0,
            1.0
          ]
        ],
        "rotation_mode": "QUATERNION"
      },
      "armature_space": {
        "head": {
          "x": 0.0,
          "y": 0.07072800397872925,
          "z": -0.009595036506652832
        },
        "tail": {
          "x": 0.0042081838473677635,
          "y": 0.0002752840518951416,
          "z": 0.001045452430844307
        }
      },
      "world_space": {
        "head": {
          "x": 0.0,
          "y": 0.13397200405597687,
          "z": 0.9402589797973633
        },
        "tail": {
          "x": 0.0042081838473677635,
          "y": 0.06351928412914276,
          "z": 0.9508994817733765
        },
        "rotation_quaternion": {
          "w": 0.07466962188482285,
          "x": 0.99675452709198,
          "y": 0.029853204265236855,
          "z": 0.0037133446894586086
        },
        "matrix": [
          [
            0.9981899857521057,
            0.05895807221531868,
            0.011860856786370277,
            0.0
          ],
          [
            0.060067176818847656,
            -0.987066388130188,
            -0.14863330125808716,
            0.13397200405597687
          ],
          [
            0.002944396808743477,
            0.14907683432102203,
            -0.9888282418251038,
            0.9402589797973633
          ],
          [
            0.0,
            0.0,
            0.0,
            1.0
          ]
        ]
      },
      "bone_length_armature_space": 0.0713758674735112,
      "parent": null,
      "has_children": true,
      "is_end_bone": false
    },
    "spine_01": {
      "name": "spine_01",
      "local": {
        "location": {
          "x": 0.0,
          "y": 0.0,
          "z": 0.0
        },
        "rotation_quaternion": {
          "w": 0.9977083206176758,
          "x": 0.02017848566174507,
          "y": -0.03928001970052719,
          "z": 0.05126374214887619
        },
        "scale": {
          "x": 1.0,
          "y": 1.0,
          "z": 1.0
        },
        "matrix_basis": [
          [
            0.9916582107543945,
            -0.10387774556875229,
            -0.0763111561536789,
            0.0
          ],
          [
            0.10070730000734329,
            0.9939297437667847,
            -0.044291768223047256,
            0.0
          ],
          [
            0.08044885098934174,
            0.0362372063100338,
            0.9960998296737671,
            0.0
          ],
          [
            0.0,
            0.0,
            0.0,
            1.0
          ]
        ],
        "rotation_mode": "QUATERNION"
      },
      "armature_space": {
        "head": {
          "x": 0.0042081838473677635,
          "y": 0.0002752840518951416,
          "z": 0.001045452430844307
        },
        "tail": {
          "x": -0.048550546169281006,
          "y": 0.009308654814958572,
          "z": 0.48610571026802063
        }
      },
      "world_space": {
        "head": {
          "x": 0.0042081838473677635,
          "y": 0.06351928412914276,
          "z": 0.9508994817733765
        },
        "tail": {
          "x": -0.048550546169281006,
          "y": 0.0725526511669159,
          "z": 1.4359596967697144
        },
        "rotation_quaternion": {
          "w": 0.7122772336006165,
          "x": 0.6997595429420471,
          "y": -0.043776851147413254,
          "z": 0.03288423269987106
        },
        "matrix": [
          [
            0.9940044283866882,
            -0.10811188071966171,
            -0.016339678317308426,
            0.0042081838473677635
          ],
          [
            -0.014420375227928162,
            0.018510960042476654,
            -0.9997246861457825,
            0.06351928412914276
          ],
          [
            0.10838533192873001,
            0.993973433971405,
            0.01684017851948738,
            0.9508994817733765
          ],
          [
            0.0,
            0.0,
            0.0,
            1.0
          ]
        ]
      },
      "bone_length_armature_space": 0.48800463088920676,
      "parent": "Root",
      "has_children": true,
      "is_end_bone": false
    },
    "neck_01": {
      "name": "neck_01",
      "local": {
        "location": {
          "x": 0.0,
          "y": 0.0,
          "z": 0.0
        },
        "rotation_quaternion": {
          "w": 0.9963762164115906,
          "x": 0.02396797388792038,
          "y": 0.06027033179998398,
          "z": 0.055024582892656326
        },
        "scale": {
          "x": 1.0,
          "y": 1.0,
          "z": 1.0
        },
        "matrix_basis": [
          [
            0.9866795539855957,
            -0.10676125437021255,
            0.12274150550365448,
            0.0
          ],
          [
            0.11253948509693146,
            0.9927956461906433,
            -0.04112953692674637,
            0.0
          ],
          [
            -0.11746619641780853,
            0.05439493805170059,
            0.9915860295295715,
            0.0
          ],
          [
            0.0,
            0.0,
            0.0,
            1.0
          ]
        ],
        "rotation_mode": "QUATERNION"
      },
      "armature_space": {
        "head": {
          "x": -0.0570329986512661,
          "y": -0.02400689385831356,
          "z": 0.5594669580459595
        },
        "tail": {
          "x": -0.0785888135433197,
          "y": -0.06594134867191315,
          "z": 0.6505030989646912
        }
      },
      "world_space": {
        "head": {
          "x": -0.0570329986512661,
          "y": 0.03923710435628891,
          "z": 1.5093209743499756
        },
        "tail": {
          "x": -0.0785888135433197,
          "y": -0.0026973485946655273,
          "z": 1.6003570556640625
        },
        "rotation_quaternion": {
          "w": 0.54151451587677,
          "x": 0.8305216431617737,
          "y": -0.047394752502441406,
          "z": 0.12144830077886581
        },
        "matrix": [
          [
            0.9660082459449768,
            -0.21025682985782623,
            0.15039986371994019,
            -0.0570329986512661
          ],
          [
            0.05280628800392151,
            -0.4090314507484436,
            -0.9109911918640137,
            0.03923710435628891
          ],
          [
            0.2530622184276581,
            0.8879728317260742,
            -0.3840283751487732,
            1.5093209743499756
          ],
          [
            0.0,
            0.0,
            0.0,
            1.0
          ]
        ]
      },
      "bone_length_armature_space": 0.10252185305298024,
      "parent": "spine_01",
      "has_children": true,
      "is_end_bone": false
    },
    "head": {
      "name": "head",
      "local": {
        "location": {
          "x": 0.0,
          "y": 0.0,
          "z": 0.0
        },
        "rotation_quaternion": {
          "w": 0.9846560955047607,
          "x": -0.12944622337818146,
          "y": -0.06806959211826324,
          "z": -0.09519853442907333
        },
        "scale": {
          "x": 1.0,
          "y": 1.0,
          "z": 1.0
        },
        "matrix_basis": [
          [
            0.9726075530052185,
            0.20509833097457886,
            -0.10940409451723099,
            0.0
          ],
          [
            -0.16985292732715607,
            0.9483618140220642,
            0.26788029074668884,
            0.0
          ],
          [
            0.15869645774364471,
            -0.24195978045463562,
            0.9572204351425171,
            0.0
          ],
          [
            0.0,
            0.0,
            0.0,
            1.0
          ]
        ],
        "rotation_mode": "QUATERNION"
      },
      "armature_space": {
        "head": {
          "x": -0.07858876883983612,
          "y": -0.0659414529800415,
          "z": 0.6505029797554016
        },
        "tail": {
          "x": -0.08708079904317856,
          "y": -0.03459010273218155,
          "z": 0.8021548390388489
        }
      },
      "world_space": {
        "head": {
          "x": -0.07858876883983612,
          "y": -0.0026974529027938843,
          "z": 1.6003570556640625
        },
        "tail": {
          "x": -0.08708079904317856,
          "y": 0.02865389734506607,
          "z": 1.7520089149475098
        },
        "rotation_quaternion": {
          "w": 0.7728323340415955,
          "x": 0.6314281821250916,
          "y": -0.06168139725923538,
          "z": -0.014970462769269943
        },
        "matrix": [
          [
            0.9919426441192627,
            -0.05475540831685066,
            -0.11424393951892853,
            -0.07858876883983612
          ],
          [
            -0.10103365778923035,
            0.20214912295341492,
            -0.9741294980049133,
            -0.0026974529027938843
          ],
          [
            0.07643359899520874,
            0.9778299927711487,
            0.1949886828660965,
            1.6003570556640625
          ],
          [
            0.0,
            0.0,
            0.0,
            1.0
          ]
        ]
      },
      "bone_length_armature_space": 0.15509128964341296,
      "parent": "neck_01",
      "has_children": false,
      "is_end_bone": true
    },
    "upperarm_l": {
      "name": "upperarm_l",
      "local": {
        "location": {
          "x": 0.0,
          "y": 0.0,
          "z": 0.0
        },
        "rotation_quaternion": {
          "w": 0.8042873740196228,
          "x": 0.4916122555732727,
          "y": 0.12493669986724854,
          "z": -0.3095643222332001
        },
        "scale": {
          "x": 1.0,
          "y": 1.0,
          "z": 1.0
        },
        "matrix_basis": [
          [
            0.7771214842796326,
            0.6207981705665588,
            -0.10340120643377304,
            0.0
          ],
          [
            -0.3751165270805359,
            0.3249746263027191,
            -0.8681469559669495,
            0.0
          ],
          [
            -0.5053412318229675,
            0.7134431600570679,
            0.4854164123535156,
            0.0
          ],
          [
            0.0,
            0.0,
            0.0,
            1.0
          ]
        ],
        "rotation_mode": "QUATERNION"
      },
      "armature_space": {
        "head": {
          "x": 0.09928151965141296,
          "y": -0.03060228005051613,
          "z": 0.5089757442474365
        },
        "tail": {
          "x": 0.2050030529499054,
          "y": -0.21864919364452362,
          "z": 0.3500123620033264
        }
      },
      "world_space": {
        "head": {
          "x": 0.09928151965141296,
          "y": 0.03264172002673149,
          "z": 1.4588297605514526
        },
        "tail": {
          "x": 0.2050030529499054,
          "y": -0.155405193567276,
          "z": 1.2998664379119873
        },
        "rotation_quaternion": {
          "w": 0.037032920867204666,
          "x": -0.5821275115013123,
          "y": -0.3843899369239807,
          "z": 0.7155421376228333
        },
        "matrix": [
          [
            -0.31951382756233215,
            0.3945282995700836,
            -0.8615442514419556,
            0.09928151965141296
          ],
          [
            0.5005238652229309,
            -0.7017476558685303,
            -0.5069776177406311,
            0.03264172002673149
          ],
          [
            -0.8046087026596069,
            -0.5932145714759827,
            0.026746965944767,
            1.4588297605514526
          ],
          [
            0.0,
            0.0,
            0.0,
            1.0
          ]
        ]
      },
      "bone_length_armature_space": 0.26797022944228266,
      "parent": "spine_01",
      "has_children": true,
      "is_end_bone": false
    },
    "lowerarm_l": {
      "name": "lowerarm_l",
      "local": {
        "location": {
          "x": 0.0,
          "y": 0.0,
          "z": 0.0
        },
        "rotation_quaternion": {
          "w": 0.8487182259559631,
          "x": 0.4752122759819031,
          "y": 0.14917443692684174,
          "z": -0.17775742709636688
        },
        "scale": {
          "x": 1.0,
          "y": 1.0,
          "z": 1.0
        },
        "matrix_basis": [
          [
            0.8922985792160034,
            0.4435109794139862,
            0.08426910638809204,
            0.0
          ],
          [
            -0.15995289385318756,
            0.48515117168426514,
            -0.8596763610839844,
            0.0
          ],
          [
            -0.4221591353416443,
            0.7536088824272156,
            0.5038405656814575,
            0.0
          ],
          [
            0.0,
            0.0,
            0.0,
            1.0
          ]
        ],
        "rotation_mode": "QUATERNION"
      },
      "armature_space": {
        "head": {
          "x": 0.2050030678510666,
          "y": -0.21864934265613556,
          "z": 0.3500124216079712
        },
        "tail": {
          "x": 0.02430303394794464,
          "y": -0.3722003400325775,
          "z": 0.226160928606987
        }
      },
      "world_space": {
        "head": {
          "x": 0.2050030678510666,
          "y": -0.15540534257888794,
          "z": 1.2998664379119873
        },
        "tail": {
          "x": 0.02430303394794464,
          "y": -0.3089563250541687,
          "z": 1.1760149002075195
        },
        "rotation_quaternion": {
          "w": 0.4615289568901062,
          "x": -0.5050772428512573,
          "y": 0.002238088520243764,
          "z": 0.7293031811714172
        },
        "matrix": [
          [
            -0.06377428770065308,
            -0.6754523515701294,
            -0.7346408367156982,
            0.2050030678510666
          ],
          [
            0.6709280610084534,
            -0.5739699006080627,
            0.4694828987121582,
            -0.15540534257888794
          ],
          [
            -0.7387794256210327,
            -0.4629538655281067,
            0.4897882640361786,
            1.2998664379119873
          ],
          [
            0.0,
            0.0,
            0.0,
            1.0
          ]
        ]
      },
      "bone_length_armature_space": 0.2675249541143052,
      "parent": "upperarm_l",
      "has_children": true,
      "is_end_bone": false
    },
    "metacarpal_thumb_l": {
      "name": "metacarpal_thumb_l",
      "local": {
        "location": {
          "x": 0.0,
          "y": 0.0,
          "z": 0.0
        },
        "rotation_quaternion": {
          "w": 0.9989559650421143,
          "x": -0.04351826384663582,
          "y": -0.004726923070847988,
          "z": 0.01307019591331482
        },
        "scale": {
          "x": 1.0,
          "y": 1.0,
          "z": 1.0
        },
        "matrix_basis": [
          [
            0.9996136426925659,
            -0.02570168487727642,
            -0.01058156043291092,
            0.0
          ],
          [
            0.026524515822529793,
            0.9958706498146057,
            0.08682209253311157,
            0.0
          ],
          [
            0.008306391537189484,
            -0.08706922084093094,
            0.9961676597595215,
            0.0
          ],
          [
            0.0,
            0.0,
            0.0,
            1.0
          ]
        ],
        "rotation_mode": "QUATERNION"
      },
      "armature_space": {
        "head": {
          "x": 0.02430303394794464,
          "y": -0.3722003400325775,
          "z": 0.226160928606987
        },
        "tail": {
          "x": -0.024524502456188202,
          "y": -0.37720322608947754,
          "z": 0.21949553489685059
        }
      },
      "world_space": {
        "head": {
          "x": 0.02430303394794464,
          "y": -0.3089563250541687,
          "z": 1.1760149002075195
        },
        "tail": {
          "x": -0.024524502456188202,
          "y": -0.3139592409133911,
          "z": 1.1693495512008667
        },
        "rotation_quaternion": {
          "w": 0.3143315613269806,
          "x": -0.69638592004776,
          "y": 0.5921948552131653,
          "z": 0.2560229003429413
        },
        "matrix": [
          [
            0.1675141155719757,
            -0.9857444167137146,
            0.01571217179298401,
            0.02430303394794464
          ],
          [
            -0.663841187953949,
            -0.10099950432777405,
            0.7410224080085754,
            -0.3089563250541687
          ],
          [
            -0.7288774251937866,
            -0.13456299901008606,
            -0.67130047082901,
            1.1760149002075195
          ],
          [
            0.0,
            0.0,
            0.0,
            1.0
          ]
        ]
      },
      "bone_length_armature_space": 0.049533671620053975,
      "parent": "lowerarm_l",
      "has_children": true,
      "is_end_bone": false
    },
    "thumb_01_l": {
      "name": "thumb_01_l",
      "local": {
        "location": {
          "x": 0.0,
          "y": 0.0,
          "z": 0.0
        },
        "rotation_quaternion": {
          "w": 0.9846668243408203,
          "x": 0.1741652637720108,
          "y": 0.009888238273561,
          "z": -0.00011432962492108345
        },
        "scale": {
          "x": 1.0,
          "y": 1.0,
          "z": 1.0
        },
        "matrix_basis": [
          [
            0.9998044371604919,
            0.0036695285234600306,
            0.019433416426181793,
            0.0
          ],
          [
            0.0032192221842706203,
            0.939332902431488,
            -0.34299176931381226,
            0.0
          ],
          [
            -0.019513064995408058,
            0.3429872393608093,
            0.93913733959198,
            0.0
          ],
          [
            0.0,
            0.0,
            0.0,
            1.0
          ]
        ],
        "rotation_mode": "QUATERNION"
      },
      "armature_space": {
        "head": {
          "x": -0.024524502456188202,
          "y": -0.37720322608947754,
          "z": 0.21949553489685059
        },
        "tail": {
          "x": -0.044704288244247437,
          "y": -0.3663051426410675,
          "z": 0.1943431794643402
        }
      },
      "world_space": {
        "head": {
          "x": -0.024524502456188202,
          "y": -0.3139592409133911,
          "z": 1.1693495512008667
        },
        "tail": {
          "x": -0.044704288244247437,
          "y": -0.3030611276626587,
          "z": 1.1441972255706787
        },
        "rotation_quaternion": {
          "w": 0.021954964846372604,
          "x": 0.3524284362792969,
          "y": -0.812159538269043,
          "z": 0.46444493532180786
        },
        "matrix": [
          [
            -0.7506231665611267,
            -0.592850387096405,
            0.29170745611190796,
            -0.024524502456188202
          ],
          [
            -0.5520643591880798,
            0.32016897201538086,
            -0.7698812484741211,
            -0.3139592409133911
          ],
          [
            0.3630306124687195,
            -0.738936722278595,
            -0.5676224827766418,
            1.1693495512008667
          ],
          [
            0.0,
            0.0,
            0.0,
            1.0
          ]
        ]
      },
      "bone_length_armature_space": 0.034038697819209644,
      "parent": "metacarpal_thumb_l",
      "has_children": true,
      "is_end_bone": false
    },
    "thumb_02_l": {
      "name": "thumb_02_l",
      "local": {
        "location": {
          "x": 0.0,
          "y": 0.0,
          "z": 0.0
        },
        "rotation_quaternion": {
          "w": 0.9298282861709595,
          "x": 0.3679271638393402,
          "y": -0.00606393301859498,
          "z": 0.003514515934512019
        },
        "scale": {
          "x": 1.0,
          "y": 1.0,
          "z": 1.0
        },
        "matrix_basis": [
          [
            0.9999017715454102,
            -0.010997964069247246,
            -0.008690660819411278,
            0.0
          ],
          [
            0.0020736213773489,
            0.729234516620636,
            -0.6842607855796814,
            0.0
          ],
          [
            0.013863004744052887,
            0.6841755509376526,
            0.7291856408119202,
            0.0
          ],
          [
            0.0,
            0.0,
            0.0,
            1.0
          ]
        ],
        "rotation_mode": "QUATERNION"
      },
      "armature_space": {
        "head": {
          "x": -0.044704265892505646,
          "y": -0.36630508303642273,
          "z": 0.1943432092666626
        },
        "tail": {
          "x": -0.04976644366979599,
          "y": -0.40614670515060425,
          "z": 0.19389793276786804
        }
      },
      "world_space": {
        "head": {
          "x": -0.044704265892505646,
          "y": -0.3030610680580139,
          "z": 1.1441972255706787
        },
        "tail": {
          "x": -0.04976644366979599,
          "y": -0.3429027199745178,
          "z": 1.1437519788742065
        },
        "rotation_quaternion": {
          "w": 0.055742617696523666,
          "x": 0.39645421504974365,
          "y": -0.03018164448440075,
          "z": 0.915863573551178
        },
        "matrix": [
          [
            -0.6794338226318359,
            -0.12603643536567688,
            0.7228308916091919,
            -0.044704265892505646
          ],
          [
            0.07817437499761581,
            -0.9919638633728027,
            -0.09948301315307617,
            -0.3030610680580139
          ],
          [
            0.7295656800270081,
            -0.011086344718933105,
            0.6838310956954956,
            1.1441972255706787
          ],
          [
            0.0,
            0.0,
            0.0,
            1.0
          ]
        ]
      },
      "bone_length_armature_space": 0.04016439625447902,
      "parent": "thumb_01_l",
      "has_children": true,
      "is_end_bone": false
    },
    "thumb_03_l": {
      "name": "thumb_03_l",
      "local": {
        "location": {
          "x": 0.0,
          "y": 0.0,
          "z": 0.0
        },
        "rotation_quaternion": {
          "w": 0.9847889542579651,
          "x": 0.17355699837207794,
          "y": 0.006969864014536142,
          "z": -0.004480339121073484
        },
        "scale": {
          "x": 1.0,
          "y": 1.0,
          "z": 1.0
        },
        "matrix_basis": [
          [
            0.9998626708984375,
            0.011243714019656181,
            0.012172501534223557,
            0.0
          ],
          [
            -0.006405039690434933,
            0.9397158026695251,
            -0.3418964743614197,
            0.0
          ],
          [
            -0.015282878652215004,
            0.34177157282829285,
            0.9396587610244751,
            0.0
          ],
          [
            0.0,
            0.0,
            0.0,
            1.0
          ]
        ],
        "rotation_mode": "QUATERNION"
      },
      "armature_space": {
        "head": {
          "x": -0.04976652190089226,
          "y": -0.40614667534828186,
          "z": 0.19389793276786804
        },
        "tail": {
          "x": -0.04045451804995537,
          "y": -0.4329015016555786,
          "z": 0.2050495594739914
        }
      },
      "world_space": {
        "head": {
          "x": -0.04976652190089226,
          "y": -0.34290266036987305,
          "z": 1.1437519788742065
        },
        "tail": {
          "x": -0.04045451804995537,
          "y": -0.3696575164794922,
          "z": 1.154903531074524
        },
        "rotation_quaternion": {
          "w": 0.11710167676210403,
          "x": -0.19255831837654114,
          "y": -0.2165399044752121,
          "z": -0.94990473985672
        },
        "matrix": [
          [
            -0.898417055606842,
            0.30586427450180054,
            0.3151093125343323,
            -0.04976652190089226
          ],
          [
            -0.13907790184020996,
            -0.878795325756073,
            0.4564829170703888,
            -0.34290266036987305
          ],
          [
            0.41654109954833984,
            0.3662889003753662,
            0.8320697546005249,
            1.1437519788742065
          ],
          [
            0.0,
            0.0,
            0.0,
            1.0
          ]
        ]
      },
      "bone_length_armature_space": 0.030444916649452185,
      "parent": "thumb_02_l",
      "has_children": false,
      "is_end_bone": true
    },
    "metacarpal_index_l": {
      "name": "metacarpal_index_l",
      "local": {
        "location": {
          "x": 0.0,
          "y": 0.0,
          "z": 0.0
        },
        "rotation_quaternion": {
          "w": 0.9991351366043091,
          "x": -0.03890671208500862,
          "y": -0.014234733767807484,
          "z": 0.003562712576240301
        },
        "scale": {
          "x": 1.0,
          "y": 1.0,
          "z": 1.0
        },
        "matrix_basis": [
          [
            0.9995693564414978,
            -0.006011609453707933,
            -0.028722072020173073,
            0.0
          ],
          [
            0.008226916193962097,
            0.996947169303894,
            0.0776446983218193,
            0.0
          ],
          [
            0.028167618438601494,
            -0.07784755527973175,
            0.9965673089027405,
            0.0
          ],
          [
            0.0,
            0.0,
            0.0,
            1.0
          ]
        ],
        "rotation_mode": "QUATERNION"
      },
      "armature_space": {
        "head": {
          "x": 0.02430303394794464,
          "y": -0.3722003400325775,
          "z": 0.226160928606987
        },
        "tail": {
          "x": -0.0747893750667572,
          "y": -0.4236251711845398,
          "z": 0.19058819115161896
        }
      },
      "world_space": {
        "head": {
          "x": 0.02430303394794464,
          "y": -0.3089563250541687,
          "z": 1.1760149002075195
        },
        "tail": {
          "x": -0.0747893750667572,
          "y": -0.36038118600845337,
          "z": 1.1404422521591187
        },
        "rotation_quaternion": {
          "w": 0.4195310175418854,
          "x": -0.7143264412879944,
          "y": 0.3233450949192047,
          "z": 0.4573613107204437
        },
        "matrix": [
          [
            0.37253740429878235,
            -0.8457023501396179,
            -0.38210415840148926,
            0.02430303394794464
          ],
          [
            -0.07819528132677078,
            -0.4388841986656189,
            0.8951348066329956,
            -0.3089563250541687
          ],
          [
            -0.9247235059738159,
            -0.3035948574542999,
            -0.2296314686536789,
            1.1760149002075195
          ],
          [
            0.0,
            0.0,
            0.0,
            1.0
          ]
        ]
      },
      "bone_length_armature_space": 0.11717183286523933,
      "parent": "lowerarm_l",
      "has_children": true,
      "is_end_bone": false
    },
    "index_01_l": {
      "name": "index_01_l",
      "local": {
        "location": {
          "x": 0.0,
          "y": 0.0,
          "z": 0.0
        },
        "rotation_quaternion": {
          "w": 0.9684369564056396,
          "x": 0.24878241121768951,
          "y": -0.000445790879894048,
          "z": 0.015399164520204067
        },
        "scale": {
          "x": 1.0,
          "y": 1.0,
          "z": 1.0
        },
        "matrix_basis": [
          [
            0.9995253086090088,
            -0.030048049986362457,
            0.0067986417561769485,
            0.0
          ],
          [
            0.029604429379105568,
            0.8757403492927551,
            -0.48187389969825745,
            0.0
          ],
          [
            0.008525523357093334,
            0.481846421957016,
            0.8762142062187195,
            0.0
          ],
          [
            0.0,
            0.0,
            0.0,
            1.0
          ]
        ],
        "rotation_mode": "QUATERNION"
      },
      "armature_space": {
        "head": {
          "x": -0.0747893750667572,
          "y": -0.4236251711845398,
          "z": 0.19058819115161896
        },
        "tail": {
          "x": -0.09682536125183105,
          "y": -0.4261215031147003,
          "z": 0.17266453802585602
        }
      },
      "world_space": {
        "head": {
          "x": -0.0747893750667572,
          "y": -0.36038118600845337,
          "z": 1.1404422521591187
        },
        "tail": {
          "x": -0.09682536125183105,
          "y": -0.3628774881362915,
          "z": 1.122518539428711
        },
        "rotation_quaternion": {
          "w": 0.6185325980186462,
          "x": -0.6559411287307739,
          "y": 0.2713763117790222,
          "z": 0.33691784739494324
        },
        "matrix": [
          [
            0.6256830096244812,
            -0.7728027701377869,
            -0.10628581047058105,
            -0.0747893750667572
          ],
          [
            0.06077208369970322,
            -0.08754688501358032,
            0.9943050146102905,
            -0.36038118600845337
          ],
          [
            -0.7777120471000671,
            -0.6285833716392517,
            -0.0078108906745910645,
            1.1404422521591187
          ],
          [
            0.0,
            0.0,
            0.0,
            1.0
          ]
        ]
      },
      "bone_length_armature_space": 0.02851444724109741,
      "parent": "metacarpal_index_l",
      "has_children": true,
      "is_end_bone": false
    },
    "index_02_l": {
      "name": "index_02_l",
      "local": {
        "location": {
          "x": 0.0,
          "y": 0.0,
          "z": 0.0
        },
        "rotation_quaternion": {
          "w": 0.919727087020874,
          "x": 0.3924640417098999,
          "y": 0.007649648934602737,
          "z": 0.003950019832700491
        },
        "scale": {
          "x": 1.0,
          "y": 1.0,
          "z": 1.0
        },
        "matrix_basis": [
          [
            0.9998517632484436,
            -0.0012614561710506678,
            0.01717166043817997,
            0.0
          ],
          [
            0.013270304538309574,
            0.6919127702713013,
            -0.7218592166900635,
            0.0
          ],
          [
            -0.010970696806907654,
            0.7219800353050232,
            0.6918269395828247,
            0.0
          ],
          [
            0.0,
            0.0,
            0.0,
            1.0
          ]
        ],
        "rotation_mode": "QUATERNION"
      },
      "armature_space": {
        "head": {
          "x": -0.09682583808898926,
          "y": -0.42612123489379883,
          "z": 0.17266447842121124
        },
        "tail": {
          "x": -0.11337573081254959,
          "y": -0.41002172231674194,
          "z": 0.16148421168327332
        }
      },
      "world_space": {
        "head": {
          "x": -0.09682583808898926,
          "y": -0.3628772497177124,
          "z": 1.122518539428711
        },
        "tail": {
          "x": -0.11337573081254959,
          "y": -0.3467777371406555,
          "z": 1.1113382577896118
        },
        "rotation_quaternion": {
          "w": 0.826117753982544,
          "x": -0.3648509383201599,
          "y": 0.36238113045692444,
          "z": 0.2304195910692215
        },
        "matrix": [
          [
            0.6311736702919006,
            -0.6451379060745239,
            0.43060052394866943,
            -0.09682583808898926
          ],
          [
            0.11627836525440216,
            0.6275811195373535,
            0.7698191404342651,
            -0.3628772497177124
          ],
          [
            -0.7668815851211548,
            -0.4358224868774414,
            0.4711322486400604,
            1.122518539428711
          ],
          [
            0.0,
            0.0,
            0.0,
            1.0
          ]
        ]
      },
      "bone_length_armature_space": 0.025653296539354872,
      "parent": "index_01_l",
      "has_children": true,
      "is_end_bone": false
    },
    "index_03_l": {
      "name": "index_03_l",
      "local": {
        "location": {
          "x": 0.0,
          "y": 0.0,
          "z": 0.0
        },
        "rotation_quaternion": {
          "w": 0.9606435298919678,
          "x": 0.27769502997398376,
          "y": 0.007027111016213894,
          "z": 0.0004180464311502874
        },
        "scale": {
          "x": 1.0,
          "y": 1.0,
          "z": 1.0
        },
        "matrix_basis": [
          [
            0.9999008774757385,
            0.0030996003188192844,
            0.013733276166021824,
            0.0
          ],
          [
            0.004705974832177162,
            0.8457705974578857,
            -0.5335260033607483,
            0.0
          ],
          [
            -0.013268918730318546,
            0.533537745475769,
            0.8456721901893616,
            0.0
          ],
          [
            0.0,
            0.0,
            0.0,
            1.0
          ]
        ],
        "rotation_mode": "QUATERNION"
      },
      "armature_space": {
        "head": {
          "x": -0.11337579786777496,
          "y": -0.4100218713283539,
          "z": 0.16148416697978973
        },
        "tail": {
          "x": -0.11850343644618988,
          "y": -0.3815818130970001,
          "z": 0.15717115998268127
        }
      },
      "world_space": {
        "head": {
          "x": -0.11337579786777496,
          "y": -0.34677785634994507,
          "z": 1.1113381385803223
        },
        "tail": {
          "x": -0.11850343644618988,
          "y": -0.3183377981185913,
          "z": 1.107025146484375
        },
        "rotation_quaternion": {
          "w": 0.8993066549301147,
          "x": -0.10478182882070541,
          "y": 0.4218098223209381,
          "z": 0.04842374101281166
        },
        "matrix": [
          [
            0.6394632458686829,
            -0.17549172043800354,
            0.7485247254371643,
            -0.11337579786777496
          ],
          [
            -0.0013005416840314865,
            0.9733518958091736,
            0.2293134331703186,
            -0.34677785634994507
          ],
          [
            -0.7688260078430176,
            -0.14761117100715637,
            0.6221990585327148,
            1.1113381385803223
          ],
          [
            0.0,
            0.0,
            0.0,
            1.0
          ]
        ]
      },
      "bone_length_armature_space": 0.02921868578339519,
      "parent": "index_02_l",
      "has_children": false,
      "is_end_bone": true
    },
    "metacarpal_pinky_l": {
      "name": "metacarpal_pinky_l",
      "local": {
        "location": {
          "x": 0.0,
          "y": 0.0,
          "z": 0.0
        },
        "rotation_quaternion": {
          "w": 0.9999573826789856,
          "x": 0.002002609195187688,
          "y": -0.007586019579321146,
          "z": 0.004869109485298395
        },
        "scale": {
          "x": 1.0,
          "y": 1.0,
          "z": 1.0
        },
        "matrix_basis": [
          [
            0.9998375177383423,
            -0.009768187999725342,
            -0.01515189092606306,
            0.0
          ],
          [
            0.009707420133054256,
            0.9999445676803589,
            -0.004078921861946583,
            0.0
          ],
          [
            0.015190894715487957,
            0.003931173589080572,
            0.999876856803894,
            0.0
          ],
          [
            0.0,
            0.0,
            0.0,
            1.0
          ]
        ],
        "rotation_mode": "QUATERNION"
      },
      "armature_space": {
        "head": {
          "x": 0.02430303394794464,
          "y": -0.3722003400325775,
          "z": 0.226160928606987
        },
        "tail": {
          "x": -0.018682394176721573,
          "y": -0.44430243968963623,
          "z": 0.16454260051250458
        }
      },
      "world_space": {
        "head": {
          "x": 0.02430303394794464,
          "y": -0.3089563250541687,
          "z": 1.1760149002075195
        },
        "tail": {
          "x": -0.018682394176721573,
          "y": -0.3810584545135498,
          "z": 1.114396572113037
        },
        "rotation_quaternion": {
          "w": 0.2286779284477234,
          "x": -0.01236692350357771,
          "y": -0.3185860514640808,
          "z": 0.919813334941864
        },
        "matrix": [
          [
            -0.8951067328453064,
            -0.41280239820480347,
            -0.16845878958702087,
            0.02430303394794464
          ],
          [
            0.4285627007484436,
            -0.6924187541007996,
            -0.5804225206375122,
            -0.3089563250541687
          ],
          [
            0.12295713275671005,
            -0.5917399525642395,
            0.7967052459716797,
            1.1760149002075195
          ],
          [
            0.0,
            0.0,
            0.0,
            1.0
          ]
        ]
      },
      "bone_length_armature_space": 0.10413106344661484,
      "parent": "lowerarm_l",
      "has_children": true,
      "is_end_bone": false
    },
    "pinky_01_l": {
      "name": "pinky_01_l",
      "local": {
        "location": {
          "x": 0.0,
          "y": 0.0,
          "z": 0.0
        },
        "rotation_quaternion": {
          "w": 0.9515140056610107,
          "x": 0.3075706362724304,
          "y": -0.0005178796127438545,
          "z": 0.004613061901181936
        },
        "scale": {
          "x": 1.0,
          "y": 1.0,
          "z": 1.0
        },
        "matrix_basis": [
          [
            0.9999569058418274,
            -0.009097355417907238,
            0.0018521453021094203,
            0.0
          ],
          [
            0.008460217155516148,
            0.8107580542564392,
            -0.5853202939033508,
            0.0
          ],
          [
            0.0038232242222875357,
            0.5853107571601868,
            0.8108000755310059,
            0.0
          ],
          [
            0.0,
            0.0,
            0.0,
            1.0
          ]
        ],
        "rotation_mode": "QUATERNION"
      },
      "armature_space": {
        "head": {
          "x": -0.018682394176721573,
          "y": -0.44430243968963623,
