{
  "metadata": {
    "armature_name": "KIM_caucasian_male",
    "export_time": "2026-01-13T20:59:47.765101",
    "blender_version": "4.4.1",
    "bone_count": 56,
    "end_bone_count": 13,
    "spaces_included": [
      "LOCAL_CHANNELS",
      "ARMATURE_SPACE",
      "WORLD_SPACE"
    ],
    "note": "LOCAL matches Transform panel; replay pose via local.matrix_basis for best fidelity."
  },
  "bones": {
    "Root": {
      "name": "Root",
      "local": {
        "location": {
          "x": 0.0,
          "y": 0.0,
          "z": 0.0
        },
        "rotation_quaternion": {
          "w": 0.9995758533477783,
          "x": -0.01367549691349268,
          "y": -0.0029438945930451155,
          "z": -0.02554221823811531
        },
        "scale": {
          "x": 1.0,
          "y": 1.0,
          "z": 1.0
        },
        "matrix_basis": [
          [
            0.9986778497695923,
            0.05114328861236572,
            -0.005186686757951975,
            0.0
          ],
          [
            -0.05098225176334381,
            0.9983211755752563,
            0.027489779517054558,
            0.0
          ],
          [
            0.006583896931260824,
            -0.02718900516629219,
            0.9996086359024048,
            0.0
          ],
          [
            0.0,
            0.0,
            0.0,
            1.0
          ]
        ],
        "rotation_mode": "QUATERNION"
      },
      "armature_space": {
        "head": {
          "x": 0.0,
          "y": 0.07072800397872925,
          "z": -0.009595036506652832
        },
        "tail": {
          "x": 0.0036503965966403484,
          "y": 0.0003796219825744629,
          "z": 0.001906929537653923
        }
      },
      "world_space": {
        "head": {
          "x": 0.0,
          "y": 0.13397200405597687,
          "z": 0.9402589797973633
        },
        "tail": {
          "x": 0.0036503965966403484,
          "y": 0.06362362205982208,
          "z": 0.9517609477043152
        },
        "rotation_quaternion": {
          "w": 0.08098350465297699,
          "x": 0.996383786201477,
          "y": 0.025285866111516953,
          "z": -0.004657934419810772
        },
        "matrix": [
          [
            0.9986778497695923,
            0.05114328861236572,
            -0.005186686757951975,
            0.0
          ],
          [
            0.0496344268321991,
            -0.9856045842170715,
            -0.16161733865737915,
            0.13397200405597687
          ],
          [
            -0.013377711176872253,
            0.16114641726016998,
            -0.9868469834327698,
            0.9402589797973633
          ],
          [
            0.0,
            0.0,
            0.0,
            1.0
          ]
        ]
      },
      "bone_length_armature_space": 0.07137587526544423,
      "parent": null,
      "has_children": true,
      "is_end_bone": false
    },
    "spine_01": {
      "name": "spine_01",
      "local": {
        "location": {
          "x": 0.0,
          "y": 0.0,
          "z": 0.0
        },
        "rotation_quaternion": {
          "w": 0.9980295896530151,
          "x": -0.04777364432811737,
          "y": 0.03943423554301262,
          "z": 0.009975186549127102
        },
        "scale": {
          "x": 1.0,
          "y": 1.0,
          "z": 1.0
        },
        "matrix_basis": [
          [
            0.9966908693313599,
            -0.023678896948695183,
            0.07775996625423431,
            0.0
          ],
          [
            0.016143228858709335,
            0.995236337184906,
            0.09614574909210205,
            0.0
          ],
          [
            -0.07966616749763489,
            -0.0945722907781601,
            0.9923252463340759,
            0.0
          ],
          [
            0.0,
            0.0,
            0.0,
            1.0
          ]
        ],
        "rotation_mode": "QUATERNION"
      },
      "armature_space": {
        "head": {
          "x": 0.0036503965966403484,
          "y": 0.0003796219825744629,
          "z": 0.001906929537653923
        },
        "tail": {
          "x": -0.005525427404791117,
          "y": 0.08185296505689621,
          "z": 0.48297497630119324
        }
      },
      "world_space": {
        "head": {
          "x": 0.0036503965966403484,
          "y": 0.06362362205982208,
          "z": 0.9517609477043152
        },
        "tail": {
          "x": -0.005525427404791117,
          "y": 0.14509695768356323,
          "z": 1.4328290224075317
        },
        "rotation_quaternion": {
          "w": 0.7626334428787231,
          "x": 0.6435399651527405,
          "y": 0.04320402815937996,
          "z": 0.04878482595086098
        },
        "matrix": [
          [
            0.9915068745613098,
            -0.01880287006497383,
            0.12868772447109222,
            0.0036503965966403484
          ],
          [
            0.1300170123577118,
            0.16695314645767212,
            -0.9773548245429993,
            0.06362362205982208
          ],
          [
            -0.003107643686234951,
            0.9857926964759827,
            0.1679801642894745,
            0.9517609477043152
          ],
          [
            0.0,
            0.0,
            0.0,
            1.0
          ]
        ]
      },
      "bone_length_armature_space": 0.48800467620695737,
      "parent": "Root",
      "has_children": true,
      "is_end_bone": false
    },
    "neck_01": {
      "name": "neck_01",
      "local": {
        "location": {
          "x": 0.0,
          "y": 0.0,
          "z": 0.0
        },
        "rotation_quaternion": {
          "w": 0.9967353343963623,
          "x": -0.0053834132850170135,
          "y": 0.06018845736980438,
          "z": 0.053546275943517685
        },
        "scale": {
          "x": 1.0,
          "y": 1.0,
          "z": 1.0
        },
        "matrix_basis": [
          [
            0.9870203137397766,
            -0.10739096999168396,
            0.11940740048885345,
            0.0
          ],
          [
            0.10609488934278488,
            0.9942076206207275,
            0.017177412286400795,
            0.0
          ],
          [
            -0.12056044489145279,
            -0.0042859409004449844,
            0.9926967620849609,
            0.0
          ],
          [
            0.0,
            0.0,
            0.0,
            1.0
          ]
        ],
        "rotation_mode": "QUATERNION"
      },
      "armature_space": {
        "head": {
          "x": -0.0024391980841755867,
          "y": 0.06018191576004028,
          "z": 0.5609788298606873
        },
        "tail": {
          "x": -0.010202397592365742,
          "y": 0.037090055644512177,
          "z": 0.6605642437934875
        }
      },
      "world_space": {
        "head": {
          "x": -0.0024391980841755867,
          "y": 0.1234259158372879,
          "z": 1.5108327865600586
        },
        "tail": {
          "x": -0.010202397592365742,
          "y": 0.1003340557217598,
          "z": 1.6104183197021484
        },
        "rotation_quaternion": {
          "w": 0.6206417679786682,
          "x": 0.7735625505447388,
          "y": 0.04673319309949875,
          "z": 0.1192515417933464
        },
        "matrix": [
          [
            0.9671903848648071,
            -0.07572276890277863,
            0.24250556528568268,
            -0.0024391980841755867
          ],
          [
            0.2203265130519867,
            -0.225239560008049,
            -0.9490647315979004,
            0.1234259158372879
          ],
          [
            0.12648871541023254,
            0.9713629484176636,
            -0.20116807520389557,
            1.5108327865600586
          ],
          [
            0.0,
            0.0,
            0.0,
            1.0
          ]
        ]
      },
      "bone_length_armature_space": 0.10252197717912297,
      "parent": "spine_01",
      "has_children": true,
      "is_end_bone": false
    },
    "head": {
      "name": "head",
      "local": {
        "location": {
          "x": 0.0,
          "y": 0.0,
          "z": 0.0
        },
        "rotation_quaternion": {
          "w": 0.9893324375152588,
          "x": 0.039779167622327805,
          "y": 0.1138419508934021,
          "z": -0.08172470331192017
        },
        "scale": {
          "x": 1.0,
          "y": 1.0,
          "z": 1.0
        },
        "matrix_basis": [
          [
            0.9607221484184265,
            0.17076288163661957,
            0.21875318884849548,
            0.0
          ],
          [
            -0.1526487171649933,
            0.9834773540496826,
            -0.09731703996658325,
            0.0
          ],
          [
            -0.23175695538520813,
            0.06010224297642708,
            0.9709152579307556,
            0.0
          ],
          [
            0.0,
            0.0,
            0.0,
            1.0
          ]
        ],
        "rotation_mode": "QUATERNION"
      },
      "armature_space": {
        "head": {
          "x": -0.010202353820204735,
          "y": 0.03708992153406143,
          "z": 0.660564124584198
        },
        "tail": {
          "x": -0.006982447113841772,
          "y": 0.05411399528384209,
          "z": 0.8146846294403076
        }
      },
      "world_space": {
        "head": {
          "x": -0.010202353820204735,
          "y": 0.10033392161130905,
          "z": 1.6104180812835693
        },
        "tail": {
          "x": -0.006982447113841772,
          "y": 0.11735799908638,
          "z": 1.7645386457443237
        },
        "rotation_quaternion": {
          "w": 0.7262016534805298,
          "x": 0.6533794403076172,
          "y": 0.16587752103805542,
          "z": 0.1349489986896515
        },
        "matrix": [
          [
            0.908547043800354,
            0.020761508494615555,
            0.41726672649383545,
            -0.010202353820204735
          ],
          [
            0.4127621650695801,
            0.10976884514093399,
            -0.9042006134986877,
            0.10033392161130905
          ],
          [
            -0.06457546353340149,
            0.9937474131584167,
            0.09116032719612122,
            1.6104180812835693
          ],
          [
            0.0,
            0.0,
            0.0,
            1.0
          ]
        ]
      },
      "bone_length_armature_space": 0.15509132050111396,
      "parent": "neck_01",
      "has_children": false,
      "is_end_bone": true
    },
    "upperarm_l": {
      "name": "upperarm_l",
      "local": {
        "location": {
          "x": 0.0,
          "y": 0.0,
          "z": 0.0
        },
        "rotation_quaternion": {
          "w": 0.9136817455291748,
          "x": 0.3307994306087494,
          "y": -0.0950540080666542,
          "z": 0.2161531299352646
        },
        "scale": {
          "x": 1.0,
          "y": 1.0,
          "z": 1.0
        },
        "matrix_basis": [
          [
            0.8884851336479187,
            -0.4578779637813568,
            -0.030691558495163918,
            0.0
          ],
          [
            0.3321027159690857,
            0.6876991391181946,
            -0.6455832719802856,
            0.0
          ],
          [
            0.3167048990726471,
            0.5633983612060547,
            0.7630729675292969,
            0.0
          ],
          [
            0.0,
            0.0,
            0.0,
            1.0
          ]
        ],
        "rotation_mode": "QUATERNION"
      },
      "armature_space": {
        "head": {
          "x": 0.14796093106269836,
          "y": 0.06534701585769653,
          "z": 0.4947955012321472
        },
        "tail": {
          "x": 0.3557533025741577,
          "y": -0.03363799303770065,
          "z": 0.6320258378982544
        }
      },
      "world_space": {
        "head": {
          "x": 0.14796093106269836,
          "y": 0.12859101593494415,
          "z": 1.4446494579315186
        },
        "tail": {
          "x": 0.3557533025741577,
          "y": 0.029606007039546967,
          "z": 1.5818798542022705
        },
        "rotation_quaternion": {
          "w": 0.539602518081665,
          "x": 0.6292328238487244,
          "y": 0.15535281598567963,
          "z": -0.5373644828796387
        },
        "matrix": [
          [
            0.3742072582244873,
            0.7754331231117249,
            -0.5085985660552979,
            0.14796093106269836
          ],
          [
            -0.38442379236221313,
            -0.3693891763687134,
            -0.8460321426391602,
            0.12859101593494415
          ],
          [
            -0.8439182639122009,
            0.5121119022369385,
            0.15986718237400055,
            1.4446494579315186
          ],
          [
            0.0,
            0.0,
            0.0,
            1.0
          ]
        ]
      },
      "bone_length_armature_space": 0.26796989753466316,
      "parent": "spine_01",
      "has_children": true,
      "is_end_bone": false
    },
    "lowerarm_l": {
      "name": "lowerarm_l",
      "local": {
        "location": {
          "x": 0.0,
          "y": 0.0,
          "z": 0.0
        },
        "rotation_quaternion": {
          "w": 0.9656358957290649,
          "x": 0.25922322273254395,
          "y": -0.01241257693618536,
          "z": -0.014025510288774967
        },
        "scale": {
          "x": 1.0,
          "y": 1.0,
          "z": 1.0
        },
        "matrix_basis": [
          [
            0.9992984533309937,
            0.020651815459132195,
            -0.03124353475868702,
            0.0
          ],
          [
            -0.03352233022451401,
            0.8652132153511047,
            -0.5002822875976562,
            0.0
          ],
          [
            0.016700584441423416,
            0.5009787082672119,
            0.8652985095977783,
            0.0
          ],
          [
            0.0,
            0.0,
            0.0,
            1.0
          ]
        ],
        "rotation_mode": "QUATERNION"
      },
      "armature_space": {
        "head": {
          "x": 0.3557533025741577,
          "y": -0.03363802284002304,
          "z": 0.632025957107544
        },
        "tail": {
          "x": 0.4289432764053345,
          "y": -0.23579052090644836,
          "z": 0.7912341356277466
        }
      },
      "world_space": {
        "head": {
          "x": 0.3557533025741577,
          "y": 0.02960597723722458,
          "z": 1.58187997341156
        },
        "tail": {
          "x": 0.4289432764053345,
          "y": -0.17254652082920074,
          "z": 1.7410881519317627
        },
        "rotation_quaternion": {
          "w": 0.3393825888633728,
          "x": 0.732862651348114,
          "y": -0.08366233855485916,
          "z": -0.5837228894233704
        },
        "matrix": [
          [
            0.3045375943183899,
            0.2735823392868042,
            -0.9123648405075073,
            0.3557533025741577
          ],
          [
            -0.5188366174697876,
            -0.7556411027908325,
            -0.3997693657875061,
            0.02960597723722458
          ],
          [
            -0.7987961173057556,
            0.5951164364814758,
            -0.0881773978471756,
            1.58187997341156
          ],
          [
            0.0,
            0.0,
            0.0,
            1.0
          ]
        ]
      },
      "bone_length_armature_space": 0.2675250385347248,
      "parent": "upperarm_l",
      "has_children": true,
      "is_end_bone": false
    },
    "metacarpal_thumb_l": {
      "name": "metacarpal_thumb_l",
      "local": {
        "location": {
          "x": 0.0,
          "y": 0.0,
          "z": 0.0
        },
        "rotation_quaternion": {
          "w": 0.9995277523994446,
          "x": -0.025200603529810905,
          "y": -0.017546167597174644,
          "z": 0.0011350720888003707
        },
        "scale": {
          "x": 1.0,
          "y": 1.0,
          "z": 1.0
        },
        "matrix_basis": [
          [
            0.9993816614151001,
            -0.0013847240479663014,
            -0.03513297066092491,
            0.0
          ],
          [
            0.003153420053422451,
            0.9987272620201111,
            0.050337571650743484,
            0.0
          ],
          [
            0.03501855209469795,
            -0.05041723698377609,
            0.9981141090393066,
            0.0
          ],
          [
            0.0,
            0.0,
            0.0,
            1.0
          ]
        ],
        "rotation_mode": "QUATERNION"
      },
      "armature_space": {
        "head": {
          "x": 0.4289432764053345,
          "y": -0.23579052090644836,
          "z": 0.7912341356277466
        },
        "tail": {
          "x": 0.4150194823741913,
          "y": -0.28068557381629944,
          "z": 0.8068594336509705
        }
      },
      "world_space": {
        "head": {
          "x": 0.4289432764053345,
          "y": -0.17254652082920074,
          "z": 1.7410881519317627
        },
        "tail": {
          "x": 0.4150194823741913,
          "y": -0.21744157373905182,
          "z": 1.7567133903503418
        },
        "rotation_quaternion": {
          "w": 0.18187537789344788,
          "x": 0.9645556211471558,
          "y": -0.1172356978058815,
          "z": 0.15102912485599518
        },
        "matrix": [
          [
            0.9268920421600342,
            -0.28109779953956604,
            0.24870702624320984,
            0.4289432764053345
          ],
          [
            -0.1712237447500229,
            -0.9063541293144226,
            -0.38627028465270996,
            -0.17254652082920074
          ],
          [
            0.3339984714984894,
            0.3154476583003998,
            -0.8882296085357666,
            1.7410881519317627
          ],
          [
            0.0,
            0.0,
            0.0,
            1.0
          ]
        ]
      },
      "bone_length_armature_space": 0.049533702980871945,
      "parent": "lowerarm_l",
      "has_children": true,
      "is_end_bone": false
    },
    "thumb_01_l": {
      "name": "thumb_01_l",
      "local": {
        "location": {
          "x": 0.0,
          "y": 0.0,
          "z": 0.0
        },
        "rotation_quaternion": {
          "w": 0.9972846508026123,
          "x": -0.07283686846494675,
          "y": -0.010860683396458626,
          "z": -0.0003903564065694809
        },
        "scale": {
          "x": 1.0,
          "y": 1.0,
          "z": 1.0
        },
        "matrix_basis": [
          [
            0.9997637867927551,
            0.0023607092443853617,
            -0.02160552144050598,
            0.0
          ],
          [
            0.0008035234059207141,
            0.9893893003463745,
            0.1452866643667221,
            0.0
          ],
          [
            0.021719250828027725,
            -0.1452697068452835,
            0.9891536831855774,
            0.0
          ],
          [
            0.0,
            0.0,
            0.0,
            1.0
          ]
        ],
        "rotation_mode": "QUATERNION"
      },
      "armature_space": {
        "head": {
          "x": 0.4150194823741913,
          "y": -0.28068557381629944,
          "z": 0.8068594336509705
        },
        "tail": {
          "x": 0.4066290557384491,
          "y": -0.308432012796402,
          "z": 0.789016604423523
        }
      },
      "world_space": {
        "head": {
          "x": 0.4150194823741913,
          "y": -0.21744157373905182,
          "z": 1.7567133903503418
        },
        "tail": {
          "x": 0.4066290557384491,
          "y": -0.24518801271915436,
          "z": 1.738870620727539
        },
        "rotation_quaternion": {
          "w": 0.05823975428938866,
          "x": -0.563045084476471,
          "y": 0.29838788509368896,
          "z": -0.7684744596481323
        },
        "matrix": [
          [
            -0.35917773842811584,
            -0.2464979588985443,
            0.9001279473304749,
            0.4150194823741913
          ],
          [
            -0.42552244663238525,
            -0.8151468634605408,
            -0.39302217960357666,
            -0.21744157373905182
          ],
          [
            0.8306207656860352,
            -0.5241939425468445,
            0.1878931224346161,
            1.7567133903503418
          ],
          [
            0.0,
            0.0,
            0.0,
            1.0
          ]
        ]
      },
      "bone_length_armature_space": 0.03403866490085241,
      "parent": "metacarpal_thumb_l",
      "has_children": true,
      "is_end_bone": false
    },
    "thumb_02_l": {
      "name": "thumb_02_l",
      "local": {
        "location": {
          "x": 0.0,
          "y": 0.0,
          "z": 0.0
        },
        "rotation_quaternion": {
          "w": 0.9979838728904724,
          "x": 0.06300772726535797,
          "y": 0.007499439641833305,
          "z": 0.0014309005346149206
        },
        "scale": {
          "x": 1.0,
          "y": 1.0,
          "z": 1.0
        },
        "matrix_basis": [
          [
            0.9998834133148193,
            -0.0019109860295429826,
            0.015148955397307873,
            0.0
          ],
          [
            0.0038010766729712486,
            0.9920559525489807,
            -0.1257399320602417,
            0.0
          ],
          [
            -0.014788324013352394,
            0.12578284740447998,
            0.991947591304779,
            0.0
          ],
          [
            0.0,
            0.0,
            0.0,
            1.0
          ]
        ],
        "rotation_mode": "QUATERNION"
      },
      "armature_space": {
        "head": {
          "x": 0.4066290259361267,
          "y": -0.3084319531917572,
          "z": 0.789016604423523
        },
        "tail": {
          "x": 0.41694876551628113,
          "y": -0.3423052132129669,
          "z": 0.8079715371131897
        }
      },
      "world_space": {
        "head": {
          "x": 0.4066290259361267,
          "y": -0.24518795311450958,
          "z": 1.738870620727539
        },
        "tail": {
          "x": 0.41694876551628113,
          "y": -0.2790611982345581,
          "z": 1.7578256130218506
        },
        "rotation_quaternion": {
          "w": 0.061468955129384995,
          "x": -0.2626453638076782,
          "y": -0.27301833033561707,
          "z": -0.9234175086021423
        },
        "matrix": [
          [
            -0.8544781804084778,
            0.2569371163845062,
            0.4514980614185333,
            0.4066290259361267
          ],
          [
            0.029890812933444977,
            -0.8433650135993958,
            0.536509096622467,
            -0.24518795311450958
          ],
          [
            0.5186302661895752,
            0.4719333350658417,
            0.7129625082015991,
            1.738870620727539
          ],
          [
            0.0,
            0.0,
            0.0,
            1.0
          ]
        ]
      },
      "bone_length_armature_space": 0.040164465461596834,
      "parent": "thumb_01_l",
      "has_children": true,
      "is_end_bone": false
    },
    "thumb_03_l": {
      "name": "thumb_03_l",
      "local": {
        "location": {
          "x": 0.0,
          "y": 0.0,
          "z": 0.0
        },
        "rotation_quaternion": {
          "w": 0.9990379810333252,
          "x": 0.04367648437619209,
          "y": -0.003645319491624832,
          "z": 0.0015199038898572326
        },
        "scale": {
          "x": 1.0,
          "y": 1.0,
          "z": 1.0
        },
        "matrix_basis": [
          [
            0.9999688267707825,
            -0.0033553128596395254,
            -0.0071508572436869144,
            0.0
          ],
          [
            0.0027184539940208197,
            0.9961801171302795,
            -0.08728001266717911,
            0.0
          ],
          [
            0.007416393142193556,
            0.08725785464048386,
            0.9961581230163574,
            0.0
          ],
          [
            0.0,
            0.0,
            0.0,
            1.0
          ]
        ],
        "rotation_mode": "QUATERNION"
      },
      "armature_space": {
        "head": {
          "x": 0.41694867610931396,
          "y": -0.34230518341064453,
          "z": 0.8079714775085449
        },
        "tail": {
          "x": 0.432388573884964,
          "y": -0.3605397343635559,
          "z": 0.8268396258354187
        }
      },
      "world_space": {
        "head": {
          "x": 0.41694867610931396,
          "y": -0.2790611982345581,
          "z": 1.757825493812561
        },
        "tail": {
          "x": 0.432388573884964,
          "y": -0.2972957491874695,
          "z": 1.77669358253479
        },
        "rotation_quaternion": {
          "w": 0.24398846924304962,
          "x": -0.09779541194438934,
          "y": -0.37550127506256104,
          "z": -0.8887656927108765
        },
        "matrix": [
          [
            -0.8618111610412598,
            0.5071421265602112,
            -0.009402910247445107,
            0.41694867610931396
          ],
          [
            -0.36025363206863403,
            -0.5989360213279724,
            0.7151873707771301,
            -0.2790611982345581
          ],
          [
            0.35707196593284607,
            0.619747519493103,
            0.6988752484321594,
            1.757825493812561
          ],
          [
            0.0,
            0.0,
            0.0,
            1.0
          ]
        ]
      },
      "bone_length_armature_space": 0.030444971736044543,
      "parent": "thumb_02_l",
      "has_children": false,
      "is_end_bone": true
    },
    "metacarpal_index_l": {
      "name": "metacarpal_index_l",
      "local": {
        "location": {
          "x": 0.0,
          "y": 0.0,
          "z": 0.0
        },
        "rotation_quaternion": {
          "w": 0.9999035596847534,
          "x": -0.005543256178498268,
          "y": 0.009444482624530792,
          "z": 0.008546191267669201
        },
        "scale": {
          "x": 1.0,
          "y": 1.0,
          "z": 1.0
        },
        "matrix_basis": [
          [
            0.9996755123138428,
            -0.0171954408288002,
            0.018792396411299706,
            0.0
          ],
          [
            0.016986027359962463,
            0.9997924566268921,
            0.011246872134506702,
            0.0
          ],
          [
            -0.018981890752911568,
            -0.010924014262855053,
            0.9997601509094238,
            0.0
          ],
          [
            0.0,
            0.0,
            0.0,
            1.0
          ]
        ],
        "rotation_mode": "QUATERNION"
      },
      "armature_space": {
        "head": {
          "x": 0.4289432764053345,
          "y": -0.23579052090644836,
          "z": 0.7912341356277466
        },
        "tail": {
          "x": 0.4270886480808258,
          "y": -0.33640962839126587,
          "z": 0.8512475490570068
        }
      },
      "world_space": {
        "head": {
          "x": 0.4289432764053345,
          "y": -0.17254652082920074,
          "z": 1.7410881519317627
        },
        "tail": {
          "x": 0.4270886480808258,
          "y": -0.27316564321517944,
          "z": 1.801101565361023
        },
        "rotation_quaternion": {
          "w": 0.26163768768310547,
          "x": 0.953822910785675,
          "y": -0.04668793827295303,
          "z": -0.13995683193206787
        },
        "matrix": [
          [
            0.9564647078514099,
            -0.01582822948694229,
            -0.2914186120033264,
            0.4289432764053345
          ],
          [
            -0.1622999608516693,
            -0.8587320446968079,
            -0.4860437512397766,
            -0.17254652082920074
          ],
          [
            -0.24255913496017456,
            0.5121835470199585,
            -0.8239217400550842,
            1.7410881519317627
          ],
          [
            0.0,
            0.0,
            0.0,
            1.0
          ]
        ]
      },
      "bone_length_armature_space": 0.11717189959952419,
      "parent": "lowerarm_l",
      "has_children": true,
      "is_end_bone": false
    },
    "index_01_l": {
      "name": "index_01_l",
      "local": {
        "location": {
          "x": 0.0,
          "y": 0.0,
          "z": 0.0
        },
        "rotation_quaternion": {
          "w": 0.9949204921722412,
          "x": -0.09944212436676025,
          "y": -0.014592409133911133,
          "z": -0.00561881810426712
        },
        "scale": {
          "x": 1.0,
          "y": 1.0,
          "z": 1.0
        },
        "matrix_basis": [
          [
            0.9995110034942627,
            0.014082754962146282,
            -0.02791908010840416,
            0.0
          ],
          [
            -0.008278354071080685,
            0.9801594018936157,
            0.1980379968881607,
            0.0
          ],
          [
            0.030154068022966385,
            -0.1977100372314453,
            0.9797966480255127,
            0.0
          ],
          [
            0.0,
            0.0,
            0.0,
            1.0
          ]
        ],
        "rotation_mode": "QUATERNION"
      },
      "armature_space": {
        "head": {
          "x": 0.4270886480808258,
          "y": -0.33640962839126587,
          "z": 0.8512475490570068
        },
        "tail": {
          "x": 0.43865713477134705,
          "y": -0.35505497455596924,
          "z": 0.8694573044776917
        }
      },
      "world_space": {
        "head": {
          "x": 0.4270886480808258,
          "y": -0.27316564321517944,
          "z": 1.801101565361023
        },
        "tail": {
          "x": 0.43865713477134705,
          "y": -0.2918109893798828,
          "z": 1.8193113803863525
        },
        "rotation_quaternion": {
          "w": 0.3868512809276581,
          "x": 0.8931013941764832,
          "y": 0.15296822786331177,
          "z": -0.17122165858745575
        },
        "matrix": [
          [
            0.8945679664611816,
            0.40570706129074097,
            -0.18748362362384796,
            0.4270886480808258
          ],
          [
            0.1407586932182312,
            -0.6538934707641602,
            -0.7433780431747437,
            -0.27316564321517944
          ],
          [
            -0.42419081926345825,
            0.6386158466339111,
            -0.6420638561248779,
            1.801101565361023
          ],
          [
            0.0,
            0.0,
            0.0,
            1.0
          ]
        ]
      },
      "bone_length_armature_space": 0.02851445251987269,
      "parent": "metacarpal_index_l",
      "has_children": true,
      "is_end_bone": false
    },
    "index_02_l": {
      "name": "index_02_l",
      "local": {
        "location": {
          "x": 0.0,
          "y": 0.0,
          "z": 0.0
        },
        "rotation_quaternion": {
          "w": 0.9987325668334961,
          "x": 0.04991491883993149,
          "y": 0.004287075251340866,
          "z": -0.004838987719267607
        },
        "scale": {
          "x": 1.0,
          "y": 1.0,
          "z": 1.0
        },
        "matrix_basis": [
          [
            0.9999164342880249,
            0.0100936871021986,
            0.008080207742750645,
            0.0
          ],
          [
            -0.009237730875611305,
            0.9949701428413391,
            -0.09974479675292969,
            0.0
          ],
          [
            -0.009046358987689018,
            0.09966181963682175,
            0.9949802160263062,
            0.0
          ],
          [
            0.0,
            0.0,
            0.0,
            1.0
          ]
        ],
        "rotation_mode": "QUATERNION"
      },
      "armature_space": {
        "head": {
          "x": 0.4386570155620575,
          "y": -0.3550555109977722,
          "z": 0.8694574236869812
        },
        "tail": {
          "x": 0.4495129883289337,
          "y": -0.3729112446308136,
          "z": 0.8843373656272888
        }
      },
      "world_space": {
        "head": {
          "x": 0.4386570155620575,
          "y": -0.2918115258216858,
          "z": 1.8193113803863525
        },
        "tail": {
          "x": 0.4495129883289337,
          "y": -0.3096672296524048,
          "z": 1.8341913223266602
        },
        "rotation_quaternion": {
          "w": 0.358890175819397,
          "x": 0.8968170881271362,
          "y": 0.15224014222621918,
          "z": -0.20914077758789062
        },
        "matrix": [
          [
            0.8661664128303528,
            0.42318040132522583,
            -0.2658461928367615,
            0.4386570155620575
          ],
          [
            0.12294694781303406,
            -0.696041464805603,
            -0.7073972225189209,
            -0.2918115258216858
          ],
          [
            -0.48439982533454895,
            0.5800418853759766,
            -0.6549214720726013,
            1.8193113803863525
          ],
          [
            0.0,
            0.0,
            0.0,
            1.0
          ]
        ]
      },
      "bone_length_armature_space": 0.025653304622712075,
      "parent": "index_01_l",
      "has_children": true,
      "is_end_bone": false
    },
    "index_03_l": {
      "name": "index_03_l",
      "local": {
        "location": {
          "x": 0.0,
          "y": 0.0,
          "z": 0.0
        },
        "rotation_quaternion": {
          "w": 0.9997861385345459,
          "x": 0.018215054646134377,
          "y": -0.008835859596729279,
          "z": -0.004233457613736391
        },
        "scale": {
          "x": 1.0,
          "y": 1.0,
          "z": 1.0
        },
        "matrix_basis": [
          [
            0.9998080134391785,
            0.008143213577568531,
            -0.01782216504216194,
            0.0
          ],
          [
            -0.008786995895206928,
            0.9993005990982056,
            -0.03634750470519066,
            0.0
          ],
          [
            0.017513714730739594,
            0.03649713099002838,
            0.999180257320404,
            0.0
          ],
          [
            0.0,
            0.0,
            0.0,
            1.0
          ]
        ],
        "rotation_mode": "QUATERNION"
      },
      "armature_space": {
        "head": {
          "x": 0.4495129883289337,
          "y": -0.37291115522384644,
          "z": 0.8843375444412231
        },
        "tail": {
          "x": 0.4633200466632843,
          "y": -0.3951791226863861,
          "z": 0.8972695469856262
        }
      },
      "world_space": {
        "head": {
          "x": 0.4495129883289337,
          "y": -0.30966717004776,
          "z": 1.8341915607452393
        },
        "tail": {
          "x": 0.4633200466632843,
          "y": -0.3319351077079773,
          "z": 1.847123622894287
        },
        "rotation_quaternion": {
          "w": 0.28655195236206055,
          "x": 0.9143561720848083,
          "y": 0.19191379845142365,
          "z": -0.21215541660785675
        },
        "matrix": [
          [
            0.8363184928894043,
            0.472542405128479,
            -0.2779838442802429,
            0.4495129883289337
          ],
          [
            0.22936874628067017,
            -0.7621139287948608,
            -0.6054525971412659,
            -0.30966717004776
          ],
          [
            -0.49796062707901,
            0.44259265065193176,
            -0.7457618713378906,
            1.8341915607452393
          ],
          [
            0.0,
            0.0,
            0.0,
            1.0
          ]
        ]
      },
      "bone_length_armature_space": 0.029218725937403753,
      "parent": "index_02_l",
      "has_children": false,
      "is_end_bone": true
    },
    "metacarpal_pinky_l": {
      "name": "metacarpal_pinky_l",
      "local": {
        "location": {
          "x": 0.0,
          "y": 0.0,
          "z": 0.0
        },
        "rotation_quaternion": {
          "w": 0.9991992115974426,
          "x": 0.03656892478466034,
          "y": 0.010461592115461826,
          "z": -0.01241740770637989
        },
        "scale": {
          "x": 1.0,
          "y": 1.0,
          "z": 1.0
        },
        "matrix_basis": [
          [
            0.9994727373123169,
            0.025580067187547684,
            0.019998246803879738,
            0.0
          ],
          [
            -0.0240497887134552,
            0.9970170259475708,
            -0.07333908975124359,
            0.0
          ],
          [
            -0.021814610809087753,
            0.07281947135925293,
            0.9971065521240234,
            0.0
          ],
          [
            0.0,
            0.0,
            0.0,
            1.0
          ]
        ],
        "rotation_mode": "QUATERNION"
      },
      "armature_space": {
        "head": {
          "x": 0.4289432764053345,
          "y": -0.23579052090644836,
          "z": 0.7912341356277466
        },
        "tail": {
          "x": 0.4793337881565094,
          "y": -0.29762861132621765,
          "z": 0.858167827129364
        }
      },
      "world_space": {
        "head": {
          "x": 0.4289432764053345,
          "y": -0.17254652082920074,
          "z": 1.7410881519317627
        },
        "tail": {
          "x": 0.4793337881565094,
          "y": -0.23438461124897003,
          "z": 1.8080217838287354
        },
        "rotation_quaternion": {
          "w": 0.345903605222702,
          "x": 0.20329684019088745,
          "y": -0.28883448243141174,
          "z": -0.8692501783370972
        },
        "matrix": [
          [
            -0.6780415177345276,
            0.4839157164096832,
            -0.5532498359680176,
            0.4289432764053345
          ],
          [
            -0.718792736530304,
            -0.5938503742218018,
            0.3614957630634308,
            -0.17254652082920074
          ],
          [
            -0.15361563861370087,
            0.642784833908081,
            0.7504957914352417,
            1.7410881519317627
          ],
          [
            0.0,
            0.0,
            0.0,
            1.0
          ]
        ]
      },
      "bone_length_armature_space": 0.10413103326144203,
      "parent": "lowerarm_l",
      "has_children": true,
      "is_end_bone": false
    },
    "pinky_01_l": {
      "name": "pinky_01_l",
      "local": {
        "location": {
          "x": 0.0,
          "y": 0.0,
          "z": 0.0
        },
        "rotation_quaternion": {
          "w": 0.9950492978096008,
          "x": -0.09851986914873123,
          "y": -0.003449778538197279,
          "z": -0.012608414515852928
        },
        "scale": {
          "x": 1.0,
          "y": 1.0,
          "z": 1.0
        },
        "matrix_basis": [
          [
            0.9996582269668579,
            0.0257717315107584,
            -0.0043810405768454075,
            0.0
          ],
          [
            -0.02441224455833435,
            0.980269730091095,
            0.1961512416601181,
            0.0
          ],
          [
            0.009349757805466652,
            -0.19597725570201874,
            0.9805638790130615,
            0.0
          ],
          [
            0.0,
            0.0,
            0.0,
            1.0
          ]
        ],
        "rotation_mode": "QUATERNION"
      },
      "armature_space": {
        "head": {
          "x": 0.4793337881565094,
          "y": -0.29762861132621765,
          "z": 0.858167827129364
        },
        "tail": {
