{
  "metadata": {
    "armature_name": "KIM_caucasian_male",
    "export_time": "2026-01-13T21:05:31.428916",
    "blender_version": "4.4.1",
    "bone_count": 56,
    "end_bone_count": 13,
    "spaces_included": [
      "LOCAL_CHANNELS",
      "ARMATURE_SPACE",
      "WORLD_SPACE"
    ],
    "note": "LOCAL matches Transform panel; replay pose via local.matrix_basis for best fidelity."
  },
  "bones": {
    "Root": {
      "name": "Root",
      "local": {
        "location": {
          "x": 0.0,
          "y": 0.0,
          "z": 0.0
        },
        "rotation_quaternion": {
          "w": 0.999870777130127,
          "x": -0.0020885239355266094,
          "y": 0.007486335933208466,
          "z": -0.014075378887355328
        },
        "scale": {
          "x": 1.0,
          "y": 1.0,
          "z": 1.0
        },
        "matrix_basis": [
          [
            0.9994916915893555,
            0.028115849941968918,
            0.015029530972242355,
            0.0
          ],
          [
            -0.028178390115499496,
            0.999595046043396,
            0.003965761978179216,
            0.0
          ],
          [
            -0.01491194311529398,
            -0.004387254361063242,
            0.9998791813850403,
            0.0
          ],
          [
            0.0,
            0.0,
            0.0,
            1.0
          ]
        ],
        "rotation_mode": "QUATERNION"
      },
      "armature_space": {
        "head": {
          "x": 0.0,
          "y": 0.07072800397872925,
          "z": -0.009595036506652832
        },
        "tail": {
          "x": 0.002006793161854148,
          "y": 7.073581218719482e-05,
          "z": 0.00030641816556453705
        }
      },
      "world_space": {
        "head": {
          "x": 0.0,
          "y": 0.13397200405597687,
          "z": 0.9402589797973633
        },
        "tail": {
          "x": 0.002006793161854148,
          "y": 0.06331473588943481,
          "z": 0.9501604437828064
        },
        "rotation_quaternion": {
          "w": 0.06944272667169571,
          "x": 0.9974585771560669,
          "y": 0.014547741040587425,
          "z": 0.006521099712699652
        },
        "matrix": [
          [
            0.9994916915893555,
            0.028115849941968918,
            0.015029530972242355,
            0.0
          ],
          [
            0.029927227646112442,
            -0.989932119846344,
            -0.1383432149887085,
            0.13397200405597687
          ],
          [
            0.010988682508468628,
            0.1387227177619934,
            -0.9902773499488831,
            0.9402589797973633
          ],
          [
            0.0,
            0.0,
            0.0,
            1.0
          ]
        ]
      },
      "bone_length_armature_space": 0.0713758760490973,
      "parent": null,
      "has_children": true,
      "is_end_bone": false
    },
    "spine_01": {
      "name": "spine_01",
      "local": {
        "location": {
          "x": 0.0,
          "y": 0.0,
          "z": 0.0
        },
        "rotation_quaternion": {
          "w": 0.9961179494857788,
          "x": -0.056731756776571274,
          "y": -0.051375508308410645,
          "z": 0.043487221002578735
        },
        "scale": {
          "x": 1.0,
          "y": 1.0,
          "z": 1.0
        },
        "matrix_basis": [
          [
            0.9909388422966003,
            -0.08080755919218063,
            -0.10728634148836136,
            0.0
          ],
          [
            0.09246604889631271,
            0.9897807240486145,
            0.10855468362569809,
            0.0
          ],
          [
            0.0974179208278656,
            -0.11749140173196793,
            0.9882841110229492,
            0.0
          ],
          [
            0.0,
            0.0,
            0.0,
            1.0
          ]
        ],
        "rotation_mode": "QUATERNION"
      },
      "armature_space": {
        "head": {
          "x": 0.002006793161854148,
          "y": 7.073581218719482e-05,
          "z": 0.00030641816556453705
        },
        "tail": {
          "x": -0.04512564092874527,
          "y": 0.08062724769115448,
          "z": 0.47930291295051575
        }
      },
      "world_space": {
        "head": {
          "x": 0.002006793161854148,
          "y": 0.06331473588943481,
          "z": 0.9501604437828064
        },
        "tail": {
          "x": -0.04512564092874527,
          "y": 0.1438712477684021,
          "z": 1.4291568994522095
        },
        "rotation_quaternion": {
          "w": 0.760741651058197,
          "x": 0.646018922328949,
          "y": -0.06171869859099388,
          "z": 0.011067944578826427
        },
        "matrix": [
          [
            0.9921366572380066,
            -0.09658261388540268,
            -0.0796031504869461,
            0.002006793161854148
          ],
          [
            -0.06290256977081299,
            0.1650744080543518,
            -0.9842732548713684,
            0.06331473588943481
          ],
          [
            0.10820481181144714,
            0.9815477132797241,
            0.1577012538909912,
            0.9501604437828064
          ],
          [
            0.0,
            0.0,
            0.0,
            1.0
          ]
        ]
      },
      "bone_length_armature_space": 0.48800456147006827,
      "parent": "Root",
      "has_children": true,
      "is_end_bone": false
    },
    "neck_01": {
      "name": "neck_01",
      "local": {
        "location": {
          "x": 0.0,
          "y": 0.0,
          "z": 0.0
        },
        "rotation_quaternion": {
          "w": 0.9928570985794067,
          "x": -0.07108741998672485,
          "y": 0.07255200296640396,
          "z": -0.06259079277515411
        },
        "scale": {
          "x": 1.0,
          "y": 1.0,
          "z": 1.0
        },
        "matrix_basis": [
          [
            0.981637179851532,
            0.11397235840559006,
            0.15296638011932373,
            0.0
          ],
          [
            -0.13460250198841095,
            0.9820579290390015,
            0.13207712769508362,
            0.0
          ],
          [
            -0.13516870141029358,
            -0.15024147927761078,
            0.9793655872344971,
            0.0
          ],
          [
            0.0,
            0.0,
            0.0,
            1.0
          ]
        ],
        "rotation_mode": "QUATERNION"
      },
      "armature_space": {
        "head": {
          "x": -0.05495794489979744,
          "y": 0.05857871472835541,
          "z": 0.5566394925117493
        },
        "tail": {
          "x": -0.05481014773249626,
          "y": 0.0505385547876358,
          "z": 0.6588456630706787
        }
      },
      "world_space": {
        "head": {
          "x": -0.05495794489979744,
          "y": 0.12182271480560303,
          "z": 1.5064935684204102
        },
        "tail": {
          "x": -0.05481014773249626,
          "y": 0.11378255486488342,
          "z": 1.6086996793746948
        },
        "rotation_quaternion": {
          "w": 0.677968442440033,
          "x": 0.7334489822387695,
          "y": 0.03385941684246063,
          "z": 0.03556707128882408
        },
        "matrix": [
          [
            0.9951770901679993,
            0.0014416291378438473,
            0.09808443486690521,
            -0.05495794489979744
          ],
          [
            0.09789498150348663,
            -0.07842424511909485,
            -0.9921020865440369,
            0.12182271480560303
          ],
          [
            0.006262097507715225,
            0.9969258308410645,
            -0.07818861305713654,
            1.5064935684204102
          ],
          [
            0.0,
            0.0,
            0.0,
            1.0
          ]
        ]
      },
      "bone_length_armature_space": 0.10252203392710388,
      "parent": "spine_01",
      "has_children": true,
      "is_end_bone": false
    },
    "head": {
      "name": "head",
      "local": {
        "location": {
          "x": 0.0,
          "y": 0.0,
          "z": 0.0
        },
        "rotation_quaternion": {
          "w": 0.9955301284790039,
          "x": -0.016494758427143097,
          "y": -0.04994771629571915,
          "z": -0.07844135165214539
        },
        "scale": {
          "x": 1.0,
          "y": 1.0,
          "z": 1.0
        },
        "matrix_basis": [
          [
            0.9827043414115906,
            0.15782921016216278,
            -0.09686116874217987,
            0.0
          ],
          [
            -0.15453371405601501,
            0.9871497750282288,
            0.0406779907643795,
            0.0
          ],
          [
            0.10203665494918823,
            -0.0250061247497797,
            0.9944663047790527,
            0.0
          ],
          [
            0.0,
            0.0,
            0.0,
            1.0
          ]
        ],
        "rotation_mode": "QUATERNION"
      },
      "armature_space": {
        "head": {
          "x": -0.05481013283133507,
          "y": 0.050538405776023865,
          "z": 0.6588456034660339
        },
        "tail": {
          "x": -0.03610803186893463,
          "y": 0.1002708300948143,
          "z": 0.8045514822006226
        }
      },
      "world_space": {
        "head": {
          "x": -0.05481013283133507,
          "y": 0.11378240585327148,
          "z": 1.6086995601654053
        },
        "tail": {
          "x": -0.03610803186893463,
          "y": 0.16351482272148132,
          "z": 1.7544054985046387
        },
        "rotation_quaternion": {
          "w": 0.812005341053009,
          "x": 0.5804969072341919,
          "y": 0.03131938353180885,
          "z": -0.05186348035931587
        },
        "matrix": [
          [
            0.9926586151123047,
            0.1205885261297226,
            -0.009350813925266266,
            -0.05481013283133507
          ],
          [
            -0.04786594212055206,
            0.32066771388053894,
            -0.9459817409515381,
            0.11378240585327148
          ],
          [
            -0.11107684671878815,
            0.9394911527633667,
            0.3240869343280792,
            1.6086995601654053
          ],
          [
            0.0,
            0.0,
            0.0,
            1.0
          ]
        ]
      },
      "bone_length_armature_space": 0.15509121448711663,
      "parent": "neck_01",
      "has_children": false,
      "is_end_bone": true
    },
    "upperarm_l": {
      "name": "upperarm_l",
      "local": {
        "location": {
          "x": 0.0,
          "y": 0.0,
          "z": 0.0
        },
        "rotation_quaternion": {
          "w": 0.9754855632781982,
          "x": 0.04108884185552597,
          "y": -0.0030882013961672783,
          "z": -0.2161717563867569
        },
        "scale": {
          "x": 1.0,
          "y": 1.0,
          "z": 1.0
        },
        "matrix_basis": [
          [
            0.9065204858779907,
            0.4214910864830017,
            -0.023789485916495323,
            0.0
          ],
          [
            -0.42199864983558655,
            0.903162956237793,
            -0.07882797718048096,
            0.0
          ],
          [
            -0.011739502660930157,
            0.08149830996990204,
            0.996604323387146,
            0.0
          ],
          [
            0.0,
            0.0,
            0.0,
            1.0
          ]
        ],
        "rotation_mode": "QUATERNION"
      },
      "armature_space": {
        "head": {
          "x": 0.10009979456663132,
          "y": 0.03491007536649704,
          "z": 0.5074055194854736
        },
        "tail": {
          "x": 0.34894829988479614,
          "y": -0.009276177734136581,
          "z": 0.41835641860961914
        }
      },
      "world_space": {
        "head": {
          "x": 0.10009979456663132,
          "y": 0.09815407544374466,
          "z": 1.4572595357894897
        },
        "tail": {
          "x": 0.34894829988479614,
          "y": 0.05396782234311104,
          "z": 1.3682104349136353
        },
        "rotation_quaternion": {
          "w": 0.3993149399757385,
          "x": 0.40604355931282043,
          "y": 0.5080370903015137,
          "z": -0.6462000608444214
        },
        "matrix": [
          [
            -0.351352334022522,
            0.9286450743675232,
            -0.11903740465641022,
            0.10009979456663132
          ],
          [
            -0.10350660979747772,
            -0.16489288210868835,
            -0.9808654189109802,
            0.09815407544374466
          ],
          [
            -0.9305107593536377,
            -0.33231067657470703,
            0.15405653417110443,
            1.4572595357894897
          ],
          [
            0.0,
            0.0,
            0.0,
            1.0
          ]
        ]
      },
      "bone_length_armature_space": 0.2679696670671541,
      "parent": "spine_01",
      "has_children": true,
      "is_end_bone": false
    },
    "lowerarm_l": {
      "name": "lowerarm_l",
      "local": {
        "location": {
          "x": 0.0,
          "y": 0.0,
          "z": 0.0
        },
        "rotation_quaternion": {
          "w": 0.932018518447876,
          "x": 0.12714333832263947,
          "y": 0.021540461108088493,
          "z": -0.33869171142578125
        },
        "scale": {
          "x": 1.0,
          "y": 1.0,
          "z": 1.0
        },
        "matrix_basis": [
          [
            0.7696478366851807,
            0.636811375617981,
            -0.04597257077693939,
            0.0
          ],
          [
            -0.6258564591407776,
            0.7382450103759766,
            -0.2515910565853119,
            0.0
          ],
          [
            -0.12627699971199036,
            0.2224087417125702,
            0.966741144657135,
            0.0
          ],
          [
            0.0,
            0.0,
            0.0,
            1.0
          ]
        ],
        "rotation_mode": "QUATERNION"
      },
      "armature_space": {
        "head": {
          "x": 0.3489484190940857,
          "y": -0.00927622988820076,
          "z": 0.4183565080165863
        },
        "tail": {
          "x": 0.46837976574897766,
          "y": -0.16075891256332397,
          "z": 0.23299461603164673
        }
      },
      "world_space": {
        "head": {
          "x": 0.3489484190940857,
          "y": 0.05396777018904686,
          "z": 1.3682105541229248
        },
        "tail": {
          "x": 0.46837976574897766,
          "y": -0.09751491248607635,
          "z": 1.1828486919403076
        },
        "rotation_quaternion": {
          "w": 0.106373630464077,
          "x": 0.2967197299003601,
          "y": 0.453393816947937,
          "z": -0.8337123394012451
        },
        "matrix": [
          [
            -0.8012847900390625,
            0.4464314877986908,
            -0.39829832315444946,
            0.3489484190940857
          ],
          [
            0.09168984740972519,
            -0.5662385821342468,
            -0.819125771522522,
            0.05396777018904686
          ],
          [
            -0.591219425201416,
            -0.692878246307373,
            0.41278719902038574,
            1.3682105541229248
          ],
          [
            0.0,
            0.0,
            0.0,
            1.0
          ]
        ]
      },
      "bone_length_armature_space": 0.26752547804266436,
      "parent": "upperarm_l",
      "has_children": true,
      "is_end_bone": false
    },
    "metacarpal_thumb_l": {
      "name": "metacarpal_thumb_l",
      "local": {
        "location": {
          "x": 0.0,
          "y": 0.0,
          "z": 0.0
        },
        "rotation_quaternion": {
          "w": 0.9990110397338867,
          "x": -0.04381075128912926,
          "y": 0.003049218561500311,
          "z": -0.006950557231903076
        },
        "scale": {
          "x": 1.0,
          "y": 1.0,
          "z": 1.0
        },
        "matrix_basis": [
          [
            0.9998847842216492,
            0.013620189391076565,
            0.00670142425224185,
            0.0
          ],
          [
            -0.014154544100165367,
            0.9960646033287048,
            0.0874924585223198,
            0.0
          ],
          [
            -0.005483387969434261,
            -0.08757723867893219,
            0.9961426258087158,
            0.0
          ],
          [
            0.0,
            0.0,
            0.0,
            1.0
          ]
        ],
        "rotation_mode": "QUATERNION"
      },
      "armature_space": {
        "head": {
          "x": 0.46837976574897766,
          "y": -0.16075891256332397,
          "z": 0.23299461603164673
        },
        "tail": {
          "x": 0.4710087776184082,
          "y": -0.20652341842651367,
          "z": 0.21422526240348816
        }
      },
      "world_space": {
        "head": {
          "x": 0.46837976574897766,
          "y": -0.09751491248607635,
          "z": 1.1828486919403076
        },
        "tail": {
          "x": 0.4710087776184082,
          "y": -0.14327941834926605,
          "z": 1.1640793085098267
        },
        "rotation_quaternion": {
          "w": 0.15667729079723358,
          "x": -0.8612375259399414,
          "y": -0.1161845251917839,
          "z": 0.4692797362804413
        },
        "matrix": [
          [
            0.5325555205345154,
            0.05307548865675926,
            -0.8447292447090149,
            0.46837976574897766
          ],
          [
            0.34717583656311035,
            -0.9239070415496826,
            0.1608249694108963,
            -0.09751491248607635
          ],
          [
            -0.7719205617904663,
            -0.3789212703704834,
            -0.5104617476463318,
            1.1828486919403076
          ],
          [
            0.0,
            0.0,
            0.0,
            1.0
          ]
        ]
      },
      "bone_length_armature_space": 0.04953373025173103,
      "parent": "lowerarm_l",
      "has_children": true,
      "is_end_bone": false
    },
    "thumb_01_l": {
      "name": "thumb_01_l",
      "local": {
        "location": {
          "x": 0.0,
          "y": 0.0,
          "z": 0.0
        },
        "rotation_quaternion": {
          "w": 0.9837749004364014,
          "x": 0.17827153205871582,
          "y": 0.017068982124328613,
          "z": 0.010717784985899925
        },
        "scale": {
          "x": 1.0,
          "y": 1.0,
          "z": 1.0
        },
        "matrix_basis": [
          [
            0.9991875290870667,
            -0.015001948922872543,
            0.03740542382001877,
            0.0
          ],
          [
            0.0271736029535532,
            0.9362087845802307,
            -0.35039222240448,
            0.0
          ],
          [
            -0.029762720689177513,
            0.35112398862838745,
            0.9358558058738708,
            0.0
          ],
          [
            0.0,
            0.0,
            0.0,
            1.0
          ]
        ],
        "rotation_mode": "QUATERNION"
      },
      "armature_space": {
        "head": {
          "x": 0.4710087776184082,
          "y": -0.20652341842651367,
          "z": 0.21422526240348816
        },
        "tail": {
          "x": 0.4552948474884033,
          "y": -0.21972741186618805,
          "z": 0.187070831656456
        }
      },
      "world_space": {
        "head": {
          "x": 0.4710087776184082,
          "y": -0.14327941834926605,
          "z": 1.1640793085098267
        },
        "tail": {
          "x": 0.4552948474884033,
          "y": -0.15648341178894043,
          "z": 1.1369248628616333
        },
        "rotation_quaternion": {
          "w": 0.38104310631752014,
          "x": -0.7991123199462891,
          "y": 0.401060551404953,
          "z": -0.23532122373580933
        },
        "matrix": [
          [
            0.567547082901001,
            -0.4616503417491913,
            0.6817398071289062,
            0.4710087776184082
          ],
          [
            -0.8203208446502686,
            -0.3879127502441406,
            0.420234739780426,
            -0.14327941834926605
          ],
          [
            0.07045377045869827,
            -0.7977544069290161,
            -0.5988640189170837,
            1.1640793085098267
          ],
          [
            0.0,
            0.0,
            0.0,
            1.0
          ]
        ]
      },
      "bone_length_armature_space": 0.03403874527288936,
      "parent": "metacarpal_thumb_l",
      "has_children": true,
      "is_end_bone": false
    },
    "thumb_02_l": {
      "name": "thumb_02_l",
      "local": {
        "location": {
          "x": 0.0,
          "y": 0.0,
          "z": 0.0
        },
        "rotation_quaternion": {
          "w": 0.9336919188499451,
          "x": 0.35798215866088867,
          "y": -0.007474579848349094,
          "z": -0.0035190649796277285
        },
        "scale": {
          "x": 1.0,
          "y": 1.0,
          "z": 1.0
        },
        "matrix_basis": [
          [
            0.9998635053634644,
            0.0012199126649647951,
            -0.0164774339646101,
            0.0
          ],
          [
            -0.011922977864742279,
            0.743672788143158,
            -0.6684374809265137,
            0.0
          ],
          [
            0.011438384652137756,
            0.6685426831245422,
            0.7435858249664307,
            0.0
          ],
          [
            0.0,
            0.0,
            0.0,
            1.0
          ]
        ],
        "rotation_mode": "QUATERNION"
      },
      "armature_space": {
        "head": {
          "x": 0.45529481768608093,
          "y": -0.21972739696502686,
          "z": 0.18707087635993958
        },
        "tail": {
          "x": 0.49405619502067566,
          "y": -0.2255811244249344,
          "z": 0.17832614481449127
        }
      },
      "world_space": {
        "head": {
          "x": 0.45529481768608093,
          "y": -0.15648339688777924,
          "z": 1.1369248628616333
        },
        "tail": {
          "x": 0.49405619502067566,
          "y": -0.16233712434768677,
          "z": 1.1281801462173462
        },
        "rotation_quaternion": {
          "w": 0.6437875628471375,
          "x": -0.2912158668041229,
          "y": -0.11253546923398972,
          "z": -0.6986177563667297
        },
        "matrix": [
          [
            -0.0014604013413190842,
            0.9650677442550659,
            0.26199617981910706,
            0.45529481768608093
          ],
          [
            -0.8339776992797852,
            -0.14574411511421204,
            0.5322027206420898,
            -0.15648339688777924
          ],
          [
            0.5517992377281189,
            -0.2177235186100006,
            0.8050639629364014,
            1.1369248628616333
          ],
          [
            0.0,
            0.0,
            0.0,
            1.0
          ]
        ]
      },
      "bone_length_armature_space": 0.04016442257334064,
      "parent": "thumb_01_l",
      "has_children": true,
      "is_end_bone": false
    },
    "thumb_03_l": {
      "name": "thumb_03_l",
      "local": {
        "location": {
          "x": 0.0,
          "y": 0.0,
          "z": 0.0
        },
        "rotation_quaternion": {
          "w": 0.9838739037513733,
          "x": 0.1786121279001236,
          "y": 0.009169012308120728,
          "z": -0.0024309337604790926
        },
        "scale": {
          "x": 1.0,
          "y": 1.0,
          "z": 1.0
        },
        "matrix_basis": [
          [
            0.9998200535774231,
            0.00805885810405016,
            0.01717391610145569,
            0.0
          ],
          [
            -0.0015080709708854556,
            0.9361835718154907,
            -0.3515082001686096,
            0.0
          ],
          [
            -0.018910693004727364,
            0.35141903162002563,
            0.9360272884368896,
            0.0
          ],
          [
            0.0,
            0.0,
            0.0,
            1.0
          ]
        ],
        "rotation_mode": "QUATERNION"
      },
      "armature_space": {
        "head": {
          "x": 0.4940561056137085,
          "y": -0.22558119893074036,
          "z": 0.17832612991333008
        },
        "tail": {
          "x": 0.5227700471878052,
          "y": -0.2198331654071808,
          "z": 0.18665450811386108
        }
      },
      "world_space": {
        "head": {
          "x": 0.4940561056137085,
          "y": -0.16233719885349274,
          "z": 1.1281801462173462
        },
        "tail": {
          "x": 0.5227700471878052,
          "y": -0.15658916532993317,
          "z": 1.1365084648132324
        },
        "rotation_quaternion": {
          "w": 0.7561256885528564,
          "x": 0.054526474326848984,
          "y": -0.15058185160160065,
          "z": -0.6345281004905701
        },
        "matrix": [
          [
            0.1493973731994629,
            0.9431447386741638,
            -0.2969144880771637,
            0.4940561056137085
          ],
          [
            -0.9759871363639832,
            0.18880146741867065,
            0.10864122956991196,
            -0.16233719885349274
          ],
          [
            0.15852250158786774,
            0.27355605363845825,
            0.9487106204032898,
            1.1281801462173462
          ],
          [
            0.0,
            0.0,
            0.0,
            1.0
          ]
        ]
      },
      "bone_length_armature_space": 0.030444904700069754,
      "parent": "thumb_02_l",
      "has_children": false,
      "is_end_bone": true
    },
    "metacarpal_index_l": {
      "name": "metacarpal_index_l",
      "local": {
        "location": {
          "x": 0.0,
          "y": 0.0,
          "z": 0.0
        },
        "rotation_quaternion": {
          "w": 0.9984682202339172,
          "x": -0.05418289825320244,
          "y": 0.009342825040221214,
          "z": -0.006182137411087751
        },
        "scale": {
          "x": 1.0,
          "y": 1.0,
          "z": 1.0
        },
        "matrix_basis": [
          [
            0.9997490048408508,
            0.011332892812788486,
            0.019326960667967796,
            0.0
          ],
          [
            -0.013357778079807758,
            0.994051992893219,
            0.1080842837691307,
            0.0
          ],
          [
            -0.017987094819545746,
            -0.10831531882286072,
            0.9939538240432739,
            0.0
          ],
          [
            0.0,
            0.0,
            0.0,
            1.0
          ]
        ],
        "rotation_mode": "QUATERNION"
      },
      "armature_space": {
        "head": {
          "x": 0.46837976574897766,
          "y": -0.16075891256332397,
          "z": 0.23299461603164673
        },
        "tail": {
          "x": 0.511104941368103,
          "y": -0.24814465641975403,
          "z": 0.1676679104566574
        }
      },
      "world_space": {
        "head": {
          "x": 0.46837976574897766,
          "y": -0.09751491248607635,
          "z": 1.1828486919403076
        },
        "tail": {
          "x": 0.511104941368103,
          "y": -0.1849006563425064,
          "z": 1.11752188205719
        },
        "rotation_quaternion": {
          "w": 0.08643186837434769,
          "x": -0.6856919527053833,
          "y": -0.3458798825740814,
          "z": 0.634604811668396
        },
        "matrix": [
          [
            -0.04471254721283913,
            0.36463722586631775,
            -0.9300755262374878,
            0.46837976574897766
          ],
          [
            0.5840344429016113,
            -0.7457919716835022,
            -0.320465624332428,
            -0.09751491248607635
          ],
          [
            -0.8105016946792603,
            -0.5575295686721802,
            -0.1796160340309143,
            1.1828486919403076
          ],
          [
            0.0,
            0.0,
            0.0,
            1.0
          ]
        ]
      },
      "bone_length_armature_space": 0.11717204150920452,
      "parent": "lowerarm_l",
      "has_children": true,
      "is_end_bone": false
    },
    "index_01_l": {
      "name": "index_01_l",
      "local": {
        "location": {
          "x": 0.0,
          "y": 0.0,
          "z": 0.0
        },
        "rotation_quaternion": {
          "w": 0.977113664150238,
          "x": 0.21226710081100464,
          "y": -0.010093341581523418,
          "z": -0.009480678476393223
        },
        "scale": {
          "x": 1.0,
          "y": 1.0,
          "z": 1.0
        },
        "matrix_basis": [
          [
            0.9996165037155151,
            0.014242432080209255,
            -0.02374955639243126,
            0.0
          ],
          [
            -0.022812370210886,
            0.9097055792808533,
            -0.4146267771720886,
            0.0
          ],
          [
            0.015699811279773712,
            0.4150095582008362,
            0.9096816182136536,
            0.0
          ],
          [
            0.0,
            0.0,
            0.0,
            1.0
          ]
        ],
        "rotation_mode": "QUATERNION"
      },
      "armature_space": {
        "head": {
          "x": 0.511104941368103,
          "y": -0.24814465641975403,
          "z": 0.1676679104566574
        },
        "tail": {
          "x": 0.512229859828949,
          "y": -0.2639170289039612,
          "z": 0.14393934607505798
        }
      },
      "world_space": {
        "head": {
          "x": 0.511104941368103,
          "y": -0.1849006563425064,
          "z": 1.11752188205719
        },
        "tail": {
          "x": 0.512229859828949,
          "y": -0.20067302882671356,
          "z": 1.0937933921813965
        },
        "rotation_quaternion": {
          "w": 0.2884962856769562,
          "x": -0.5703012943267822,
          "y": -0.37443482875823975,
          "z": 0.6718071699142456
        },
        "matrix": [
          [
            -0.18305422365665436,
            0.03945091366767883,
            -0.9823108911514282,
            0.511104941368103
          ],
          [
            0.8147086501121521,
            -0.5531376600265503,
            -0.17403623461723328,
            -0.1849006563425064
          ],
          [
            -0.5502221584320068,
            -0.8321616649627686,
            0.06911349296569824,
            1.11752188205719
          ],
          [
            0.0,
            0.0,
            0.0,
            1.0
          ]
        ]
      },
      "bone_length_armature_space": 0.028514521028239967,
      "parent": "metacarpal_index_l",
      "has_children": true,
      "is_end_bone": false
    },
    "index_02_l": {
      "name": "index_02_l",
      "local": {
        "location": {
          "x": 0.0,
          "y": 0.0,
          "z": 0.0
        },
        "rotation_quaternion": {
          "w": 0.9205836653709412,
          "x": 0.3904774487018585,
          "y": -0.003252338385209441,
          "z": -0.006534542888402939
        },
        "scale": {
          "x": 1.0,
          "y": 1.0,
          "z": 1.0
        },
        "matrix_basis": [
          [
            0.9998934268951416,
            0.00949125736951828,
            -0.011091282591223717,
            0.0
          ],
          [
            -0.014571116305887699,
            0.6949692964553833,
            -0.7188917994499207,
            0.0
          ],
          [
            0.0008849159348756075,
            0.7189768552780151,
            0.6950335502624512,
            0.0
          ],
          [
            0.0,
            0.0,
            0.0,
            1.0
          ]
        ],
        "rotation_mode": "QUATERNION"
      },
      "armature_space": {
        "head": {
          "x": 0.5122296214103699,
          "y": -0.2639175057411194,
          "z": 0.14393916726112366
        },
        "tail": {
          "x": 0.49555346369743347,
          "y": -0.2775587737560272,
          "z": 0.1300138384103775
        }
      },
      "world_space": {
        "head": {
          "x": 0.5122296214103699,
          "y": -0.20067350566387177,
          "z": 1.0937931537628174
        },
        "tail": {
          "x": 0.49555346369743347,
          "y": -0.2143147736787796,
          "z": 1.0798678398132324
        },
        "rotation_quaternion": {
          "w": 0.4708777368068695,
          "x": -0.3913136124610901,
          "y": -0.1113358661532402,
          "z": 0.7827848792076111
        },
        "matrix": [
          [
            -0.25029394030570984,
            -0.6500594019889832,
            -0.7174787521362305,
            0.5122296214103699
          ],
          [
            0.8243264555931091,
            -0.5317559242248535,
            0.19422028958797455,
            -0.20067350566387177
          ],
          [
            -0.5077811479568481,
            -0.5428289175033569,
            0.6689613461494446,
            1.0937931537628174
          ],
          [
            0.0,
            0.0,
            0.0,
            1.0
          ]
        ]
      },
      "bone_length_armature_space": 0.02565332717101081,
      "parent": "index_01_l",
      "has_children": true,
      "is_end_bone": false
    },
    "index_03_l": {
      "name": "index_03_l",
      "local": {
        "location": {
          "x": 0.0,
          "y": 0.0,
          "z": 0.0
        },
        "rotation_quaternion": {
          "w": 0.9600704908370972,
          "x": 0.2796687185764313,
          "y": -0.006738562136888504,
          "z": -0.0021944111213088036
        },
        "scale": {
          "x": 1.0,
          "y": 1.0,
          "z": 1.0
        },
        "matrix_basis": [
          [
            0.9998995661735535,
            0.0004444486403372139,
            -0.01416640542447567,
            0.0
          ],
          [
            -0.007982708513736725,
            0.8435611724853516,
            -0.536973774433136,
            0.0
          ],
          [
            0.011711573228240013,
            0.537032961845398,
            0.8434799909591675,
            0.0
          ],
          [
            0.0,
            0.0,
            0.0,
            1.0
          ]
        ],
        "rotation_mode": "QUATERNION"
      },
      "armature_space": {
        "head": {
          "x": 0.4955536127090454,
          "y": -0.277558833360672,
          "z": 0.13001376390457153
        },
        "tail": {
          "x": 0.46705684065818787,
          "y": -0.28360238671302795,
          "z": 0.12774646282196045
        }
      },
      "world_space": {
        "head": {
          "x": 0.4955536127090454,
          "y": -0.21431483328342438,
          "z": 1.0798678398132324
        },
        "tail": {
          "x": 0.46705684065818787,
          "y": -0.22035838663578033,
          "z": 1.0776004791259766
        },
        "rotation_quaternion": {
          "w": 0.6155261993408203,
          "x": -0.2238451987504959,
          "y": 0.13306868076324463,
          "z": 0.743850588798523
        },
        "matrix": [
          [
            -0.14204098284244537,
            -0.975292980670929,
            -0.1691979467868805,
            0.4955536127090454
          ],
          [
            0.8561450242996216,
            -0.2068389356136322,
            0.47353291511535645,
            -0.21431483328342438
          ],
          [
            -0.49683284759521484,
            -0.07759764790534973,
            0.8643783330917358,
            1.0798678398132324
          ],
          [
            0.0,
            0.0,
            0.0,
            1.0
          ]
        ]
      },
      "bone_length_armature_space": 0.029218679137745816,
      "parent": "index_02_l",
      "has_children": false,
      "is_end_bone": true
    },
    "metacarpal_pinky_l": {
      "name": "metacarpal_pinky_l",
      "local": {
        "location": {
          "x": 0.0,
          "y": 0.0,
          "z": 0.0
        },
        "rotation_quaternion": {
          "w": 0.9994715452194214,
          "x": -0.03193177282810211,
          "y": 0.0039027221500873566,
          "z": 0.004673324525356293
        },
        "scale": {
          "x": 1.0,
          "y": 1.0,
          "z": 1.0
        },
        "matrix_basis": [
          [
            0.9999258518218994,
            -0.009590951725840569,
            0.007502864580601454,
            0.0
          ],
          [
            0.009092467837035656,
            0.9979170560836792,
            0.0638662725687027,
            0.0
          ],
          [
            -0.008099774830043316,
            -0.06379331648349762,
            0.9979302883148193,
            0.0
          ],
          [
            0.0,
            0.0,
            0.0,
            1.0
          ]
        ],
        "rotation_mode": "QUATERNION"
      },
      "armature_space": {
        "head": {
          "x": 0.46837976574897766,
          "y": -0.16075891256332397,
          "z": 0.23299461603164673
        },
        "tail": {
          "x": 0.5204429626464844,
          "y": -0.1877329796552658,
          "z": 0.14694145321846008
        }
      },
      "world_space": {
        "head": {
          "x": 0.46837976574897766,
          "y": -0.09751491248607635,
          "z": 1.1828486919403076
        },
        "tail": {
          "x": 0.5204429626464844,
          "y": -0.12448897957801819,
          "z": 1.0967954397201538
        },
        "rotation_quaternion": {
          "w": 0.4616340696811676,
          "x": -0.24717479944229126,
          "y": 0.3967032730579376,
          "z": -0.7539397478103638
        },
        "matrix": [
          [
            -0.4515949785709381,
            0.4999787509441376,
            0.7389743328094482,
            0.46837976574897766
          ],
          [
            -0.8921998739242554,
            -0.25904029607772827,
            -0.36997002363204956,
            -0.09751491248607635
          ],
          [
            0.0064462460577487946,
            -0.8263953328132629,
            0.5630658864974976,
            1.1828486919403076
          ],
          [
            0.0,
            0.0,
            0.0,
            1.0
          ]
        ]
      },
      "bone_length_armature_space": 0.10413128089139745,
      "parent": "lowerarm_l",
      "has_children": true,
      "is_end_bone": false
    },
    "pinky_01_l": {
      "name": "pinky_01_l",
      "local": {
        "location": {
          "x": 0.0,
          "y": 0.0,
          "z": 0.0
        },
        "rotation_quaternion": {
          "w": 0.950150728225708,
          "x": 0.31176331639289856,
          "y": 0.002940724603831768,
          "z": 0.0029207319021224976
        },
        "scale": {
          "x": 1.0,
          "y": 1.0,
          "z": 1.0
        },
        "matrix_basis": [
          [
            0.9999656677246094,
            -0.0037166508845984936,
            0.007409417536109686,
            0.0
          ],
          [
            0.0073838913813233376,
            0.8055902123451233,
            -0.592427134513855,
            0.0
          ],
          [
            -0.0037671090103685856,
            0.5924614667892456,
            0.8055899739265442,
            0.0
          ],
          [
            0.0,
            0.0,
            0.0,
            1.0
          ]
        ],
        "rotation_mode": "QUATERNION"
      },
      "armature_space": {
        "head": {
          "x": 0.5204429626464844,
          "y": -0.1877329796552658,
          "z": 0.14694145321846008
        },
        "tail": {
