{
  "metadata": {
    "armature_name": "KIM_caucasian_male",
    "export_time": "2026-01-13T21:07:51.639575",
    "blender_version": "4.4.1",
    "bone_count": 56,
    "end_bone_count": 13,
    "spaces_included": [
      "LOCAL_CHANNELS",
      "ARMATURE_SPACE",
      "WORLD_SPACE"
    ],
    "note": "LOCAL matches Transform panel; replay pose via local.matrix_basis for best fidelity."
  },
  "bones": {
    "Root": {
      "name": "Root",
      "local": {
        "location": {
          "x": 0.0,
          "y": 0.0,
          "z": 0.0
        },
        "rotation_quaternion": {
          "w": 0.9996027946472168,
          "x": 0.002734879031777382,
          "y": 0.010386361740529537,
          "z": -0.02605484426021576
        },
        "scale": {
          "x": 1.0,
          "y": 1.0,
          "z": 1.0
        },
        "matrix_basis": [
          [
            0.9984265565872192,
            0.05214580148458481,
            0.02062195912003517,
            0.0
          ],
          [
            -0.05203218013048172,
            0.9986273050308228,
            -0.006008815485984087,
            0.0
          ],
          [
            -0.02090698666870594,
            0.004926355555653572,
            0.9997692704200745,
            0.0
          ],
          [
            0.0,
            0.0,
            0.0,
            1.0
          ]
        ],
        "rotation_mode": "QUATERNION"
      },
      "armature_space": {
        "head": {
          "x": 0.0,
          "y": 0.07072800397872925,
          "z": -0.009595036506652832
        },
        "tail": {
          "x": 0.003721951972693205,
          "y": 4.982203245162964e-05,
          "z": -0.00036160554736852646
        }
      },
      "world_space": {
        "head": {
          "x": 0.0,
          "y": 0.13397200405597687,
          "z": 0.9402589797973633
        },
        "tail": {
          "x": 0.003721951972693205,
          "y": 0.06329382210969925,
          "z": 0.9494923949241638
        },
        "rotation_quaternion": {
          "w": 0.06461221724748611,
          "x": 0.9975162148475647,
          "y": 0.026695357635617256,
          "z": 0.008607505820691586
        },
        "matrix": [
          [
            0.9984265565872192,
            0.05214580148458481,
            0.02062195912003517,
            0.0
          ],
          [
            0.05437041074037552,
            -0.9902251958847046,
            -0.1284443885087967,
            0.13397200405597687
          ],
          [
            0.013722693547606468,
            0.12936347723007202,
            -0.9915093183517456,
            0.9402589797973633
          ],
          [
            0.0,
            0.0,
            0.0,
            1.0
          ]
        ]
      },
      "bone_length_armature_space": 0.0713758669255911,
      "parent": null,
      "has_children": true,
      "is_end_bone": false
    },
    "spine_01": {
      "name": "spine_01",
      "local": {
        "location": {
          "x": 0.0,
          "y": 0.0,
          "z": 0.0
        },
        "rotation_quaternion": {
          "w": 0.9990977048873901,
          "x": -0.02701476588845253,
          "y": -0.02983972243964672,
          "z": -0.013548417016863823
        },
        "scale": {
          "x": 1.0,
          "y": 1.0,
          "z": 1.0
        },
        "matrix_basis": [
          [
            0.997852087020874,
            0.02868461050093174,
            -0.05889357998967171,
            0.0
          ],
          [
            -0.02546015754342079,
            0.9981732964515686,
            0.05478934198617935,
            0.0
          ],
          [
            0.06035761162638664,
            -0.053172219544649124,
            0.9967595934867859,
            0.0
          ],
          [
            0.0,
            0.0,
            0.0,
            1.0
          ]
        ],
        "rotation_mode": "QUATERNION"
      },
      "armature_space": {
        "head": {
          "x": 0.003721951972693205,
          "y": 4.982203245162964e-05,
          "z": -0.00036160554736852646
        },
        "tail": {
          "x": 0.008531399071216583,
          "y": 0.04659125208854675,
          "z": 0.48539483547210693
        }
      },
      "world_space": {
        "head": {
          "x": 0.003721951972693205,
          "y": 0.06329382210969925,
          "z": 0.9494923949241638
        },
        "tail": {
          "x": 0.008531399071216583,
          "y": 0.10983525216579437,
          "z": 1.435248851776123
        },
        "rotation_quaternion": {
          "w": 0.7400570511817932,
          "x": 0.6725191473960876,
          "y": 0.0010599908418953419,
          "z": -0.005695284344255924
        },
        "matrix": [
          [
            0.9999329447746277,
            0.009855399839580059,
            -0.006091531366109848,
            0.003721951972693205
          ],
          [
            -0.007004011422395706,
            0.0953715443611145,
            -0.9954172372817993,
            0.06329382210969925
          ],
          [
            -0.009229345247149467,
            0.9954000115394592,
            0.09543392062187195,
            0.9494923949241638
          ],
          [
            0.0,
            0.0,
            0.0,
            1.0
          ]
        ]
      },
      "bone_length_armature_space": 0.4880046535406278,
      "parent": "Root",
      "has_children": true,
      "is_end_bone": false
    },
    "neck_01": {
      "name": "neck_01",
      "local": {
        "location": {
          "x": 0.0,
          "y": 0.0,
          "z": 0.0
        },
        "rotation_quaternion": {
          "w": 0.9917237758636475,
          "x": 0.06913656741380692,
          "y": -0.06960932910442352,
          "z": -0.08281716704368591
        },
        "scale": {
          "x": 1.0,
          "y": 1.0,
          "z": 1.0
        },
        "matrix_basis": [
          [
            0.9765917062759399,
            0.154638409614563,
            -0.14951784908771515,
            0.0
          ],
          [
            -0.17388860881328583,
            0.9767228960990906,
            -0.12559905648231506,
            0.0
          ],
          [
            0.12661506235599518,
            0.14865845441818237,
            0.9807493686676025,
            0.0
          ],
          [
            0.0,
            0.0,
            0.0,
            1.0
          ]
        ],
        "rotation_mode": "QUATERNION"
      },
      "armature_space": {
        "head": {
          "x": 0.009041739627718925,
          "y": 0.01905270293354988,
          "z": 0.5615862011909485
        },
        "tail": {
          "x": 0.025405772030353546,
          "y": -0.024703189730644226,
          "z": 0.652846097946167
        }
      },
      "world_space": {
        "head": {
          "x": 0.009041739627718925,
          "y": 0.0822966992855072,
          "z": 1.5114402770996094
        },
        "tail": {
          "x": 0.025405772030353546,
          "y": 0.038540810346603394,
          "z": 1.602700114250183
        },
        "rotation_quaternion": {
          "w": 0.5348128080368042,
          "x": 0.8372181057929993,
          "y": 0.024005480110645294,
          "z": -0.11164671927690506
        },
        "matrix": [
          [
            0.9739176630973816,
            0.1596158742904663,
            -0.16126757860183716,
            0.009041739627718925
          ],
          [
            -0.07922379672527313,
            -0.42679792642593384,
            -0.9008705019950867,
            0.0822966992855072
          ],
          [
            -0.21262337267398834,
            0.8901554346084595,
            -0.40302419662475586,
            1.5114402770996094
          ],
          [
            0.0,
            0.0,
            0.0,
            1.0
          ]
        ]
      },
      "bone_length_armature_space": 0.10252184439466165,
      "parent": "spine_01",
      "has_children": true,
      "is_end_bone": false
    },
    "head": {
      "name": "head",
      "local": {
        "location": {
          "x": 0.0,
          "y": 0.0,
          "z": 0.0
        },
        "rotation_quaternion": {
          "w": 0.9967628121376038,
          "x": -0.07295729219913483,
          "y": -0.03340217471122742,
          "z": 0.005045407451689243
        },
        "scale": {
          "x": 1.0,
          "y": 1.0,
          "z": 1.0
        },
        "matrix_basis": [
          [
            0.9977176785469055,
            -0.005184284411370754,
            -0.06732428818941116,
            0.0
          ],
          [
            0.014932013116776943,
            0.9893035292625427,
            0.14510518312454224,
            0.0
          ],
          [
            0.06585188955068588,
            -0.14577928185462952,
            0.9871230721473694,
            0.0
          ],
          [
            0.0,
            0.0,
            0.0,
            1.0
          ]
        ],
        "rotation_mode": "QUATERNION"
      },
      "armature_space": {
        "head": {
          "x": 0.02540573477745056,
          "y": -0.02470329962670803,
          "z": 0.6528459787368774
        },
        "tail": {
          "x": 0.05846855789422989,
          "y": -0.01324475184082985,
          "z": 0.8039381504058838
        }
      },
      "world_space": {
        "head": {
          "x": 0.02540573477745056,
          "y": 0.03854069858789444,
          "z": 1.6026999950408936
        },
        "tail": {
          "x": 0.05846855789422989,
          "y": 0.04999924823641777,
          "z": 1.7537921667099
        },
        "rotation_quaternion": {
          "w": 0.732365608215332,
          "x": 0.6691830158233643,
          "y": 0.02412419766187668,
          "z": -0.12350211292505264
        },
        "matrix": [
          [
            0.968330442905426,
            0.21318446099758148,
            -0.12995687127113342,
            0.02540573477745056
          ],
          [
            -0.14861182868480682,
            0.07388311624526978,
            -0.986132025718689,
            0.03854069858789444
          ],
          [
            -0.20062784850597382,
            0.9742212891578674,
            0.10322481393814087,
            1.6026999950408936
          ],
          [
            0.0,
            0.0,
            0.0,
            1.0
          ]
        ]
      },
      "bone_length_armature_space": 0.1550912376626576,
      "parent": "neck_01",
      "has_children": false,
      "is_end_bone": true
    },
    "upperarm_l": {
      "name": "upperarm_l",
      "local": {
        "location": {
          "x": 0.0,
          "y": 0.0,
          "z": 0.0
        },
        "rotation_quaternion": {
          "w": 0.93614661693573,
          "x": 0.08402907103300095,
          "y": 0.0868663638830185,
          "z": 0.3301864266395569
        },
        "scale": {
          "x": 1.0,
          "y": 1.0,
          "z": 1.0
        },
        "matrix_basis": [
          [
            0.7668623328208923,
            -0.6036072373390198,
            0.21812982857227325,
            0.0
          ],
          [
            0.6328043937683105,
            0.7678321003913879,
            -0.09996287524700165,
            0.0
          ],
          [
            -0.10714878886938095,
            0.21469125151634216,
            0.9707866907119751,
            0.0
          ],
          [
            0.0,
            0.0,
            0.0,
            1.0
          ]
        ],
        "rotation_mode": "QUATERNION"
      },
      "armature_space": {
        "head": {
          "x": 0.1583499014377594,
          "y": 0.008417878299951553,
          "z": 0.4936075210571289
        },
        "tail": {
          "x": 0.37101489305496216,
          "y": -0.03125236928462982,
          "z": 0.6517462134361267
        }
      },
      "world_space": {
        "head": {
          "x": 0.1583499014377594,
          "y": 0.07166187465190887,
          "z": 1.443461537361145
        },
        "tail": {
          "x": 0.37101489305496216,
          "y": 0.0319916307926178,
          "z": 1.601600170135498
        },
        "rotation_quaternion": {
          "w": 0.5722594857215881,
          "x": 0.6887441873550415,
          "y": 0.31384605169296265,
          "z": -0.3156758248806
        },
        "matrix": [
          [
            0.60369873046875,
            0.7936165928840637,
            -0.07563602179288864,
            0.1583499014377594
          ],
          [
            0.07102499902248383,
            -0.14804020524024963,
            -0.9864278435707092,
            0.07166187465190887
          ],
          [
            -0.7940479516983032,
            0.5901370048522949,
            -0.14574015140533447,
            1.443461537361145
          ],
          [
            0.0,
            0.0,
            0.0,
            1.0
          ]
        ]
      },
      "bone_length_armature_space": 0.2679700975915956,
      "parent": "spine_01",
      "has_children": true,
      "is_end_bone": false
    },
    "lowerarm_l": {
      "name": "lowerarm_l",
      "local": {
        "location": {
          "x": 0.0,
          "y": 0.0,
          "z": 0.0
        },
        "rotation_quaternion": {
          "w": 0.9982677698135376,
          "x": 0.03105219639837742,
          "y": -0.040155842900276184,
          "z": 0.029747329652309418
        },
        "scale": {
          "x": 1.0,
          "y": 1.0,
          "z": 1.0
        },
        "matrix_basis": [
          [
            0.995005190372467,
            -0.06188545376062393,
            -0.07832513004541397,
            0.0
          ],
          [
            0.05689774826169014,
            0.9963017106056213,
            -0.06438586860895157,
            0.0
          ],
          [
            0.08202000707387924,
            0.05960775539278984,
            0.994846522808075,
            0.0
          ],
          [
            0.0,
            0.0,
            0.0,
            1.0
          ]
        ],
        "rotation_mode": "QUATERNION"
      },
      "armature_space": {
        "head": {
          "x": 0.37101489305496216,
          "y": -0.03125244379043579,
          "z": 0.6517463326454163
        },
        "tail": {
          "x": 0.5523512959480286,
          "y": -0.11606133729219437,
          "z": 0.8292126655578613
        }
      },
      "world_space": {
        "head": {
          "x": 0.37101489305496216,
          "y": 0.03199155628681183,
          "z": 1.6016004085540771
        },
        "tail": {
          "x": 0.5523512959480286,
          "y": -0.05281733721494675,
          "z": 1.7790666818618774
        },
        "rotation_quaternion": {
          "w": 0.5571919083595276,
          "x": 0.7160065770149231,
          "y": 0.17615652084350586,
          "z": -0.3818911612033844
        },
        "matrix": [
          [
            0.6462569236755371,
            0.6778311133384705,
            -0.35056644678115845,
            0.37101489305496216
          ],
          [
            -0.1733124554157257,
            -0.31701359152793884,
            -0.9324513673782349,
            0.03199155628681183
          ],
          [
            -0.7431841492652893,
            0.663364827632904,
            -0.08739709854125977,
            1.6016004085540771
          ],
          [
            0.0,
            0.0,
            0.0,
            1.0
          ]
        ]
      },
      "bone_length_armature_space": 0.26752521520830014,
      "parent": "upperarm_l",
      "has_children": true,
      "is_end_bone": false
    },
    "metacarpal_thumb_l": {
      "name": "metacarpal_thumb_l",
      "local": {
        "location": {
          "x": 0.0,
          "y": 0.0,
          "z": 0.0
        },
        "rotation_quaternion": {
          "w": 0.9999478459358215,
          "x": -0.003394876606762409,
          "y": 0.008518250659108162,
          "z": 0.004499001428484917
        },
        "scale": {
          "x": 1.0,
          "y": 1.0,
          "z": 1.0
        },
        "matrix_basis": [
          [
            0.9998143911361694,
            -0.009055370464920998,
            0.017005065456032753,
            0.0
          ],
          [
            0.008939696475863457,
            0.9999364614486694,
            0.006866046227514744,
            0.0
          ],
          [
            -0.01706616021692753,
            -0.006712751928716898,
            0.9998318552970886,
            0.0
          ],
          [
            0.0,
            0.0,
            0.0,
            1.0
          ]
        ],
        "rotation_mode": "QUATERNION"
      },
      "armature_space": {
        "head": {
          "x": 0.5523512959480286,
          "y": -0.11606133729219437,
          "z": 0.8292126655578613
        },
        "tail": {
          "x": 0.5739389061927795,
          "y": -0.15738508105278015,
          "z": 0.8459432125091553
        }
      },
      "world_space": {
        "head": {
          "x": 0.5523512959480286,
          "y": -0.05281733721494675,
          "z": 1.7790666818618774
        },
        "tail": {
          "x": 0.5739389061927795,
          "y": -0.09414108097553253,
          "z": 1.7957972288131714
        },
        "rotation_quaternion": {
          "w": 0.10738278925418854,
          "x": 0.9211480617523193,
          "y": 0.2670973837375641,
          "z": 0.26194313168525696
        },
        "matrix": [
          [
            0.7200892567634583,
            0.43581655621528625,
            0.5399399995803833,
            0.5523512959480286
          ],
          [
            0.5483293533325195,
            -0.8342556953430176,
            -0.057901594787836075,
            -0.05281733721494675
          ],
          [
            0.4252169132232666,
            0.3377606272697449,
            -0.8397155404090881,
            1.7790666818618774
          ],
          [
            0.0,
            0.0,
            0.0,
            1.0
          ]
        ]
      },
      "bone_length_armature_space": 0.049533704596651254,
      "parent": "lowerarm_l",
      "has_children": true,
      "is_end_bone": false
    },
    "thumb_01_l": {
      "name": "thumb_01_l",
      "local": {
        "location": {
          "x": 0.0,
          "y": 0.0,
          "z": 0.0
        },
        "rotation_quaternion": {
          "w": 0.9872240424156189,
          "x": 0.1572408676147461,
          "y": -0.025648701936006546,
          "z": -0.0024858922697603703
        },
        "scale": {
          "x": 1.0,
          "y": 1.0,
          "z": 1.0
        },
        "matrix_basis": [
          [
            0.9986719489097595,
            -0.003157783066853881,
            -0.051423799246549606,
            0.0
          ],
          [
            -0.012974313460290432,
            0.9505382776260376,
            -0.3103364109992981,
            0.0
          ],
          [
            0.049860261380672455,
            0.310591459274292,
            0.9492349028587341,
            0.0
          ],
          [
            0.0,
            0.0,
            0.0,
            1.0
          ]
        ],
        "rotation_mode": "QUATERNION"
      },
      "armature_space": {
        "head": {
          "x": 0.5739389061927795,
          "y": -0.15738508105278015,
          "z": 0.8459432125091553
        },
        "tail": {
          "x": 0.6018240451812744,
          "y": -0.17371366918087006,
          "z": 0.8352463245391846
        }
      },
      "world_space": {
        "head": {
          "x": 0.5739389061927795,
          "y": -0.09414108097553253,
          "z": 1.7957972288131714
        },
        "tail": {
          "x": 0.6018240451812744,
          "y": -0.11046966910362244,
          "z": 1.7851003408432007
        },
        "rotation_quaternion": {
          "w": 0.4927988350391388,
          "x": -0.5047139525413513,
          "y": -0.1315055638551712,
          "z": -0.6965051293373108
        },
        "matrix": [
          [
            -0.004824478179216385,
            0.8192212581634521,
            0.5734574198722839,
            0.5739389061927795
          ],
          [
            -0.5537278652191162,
            -0.479708194732666,
            0.6806362867355347,
            -0.09414108097553253
          ],
          [
            0.8326889276504517,
            -0.3142584562301636,
            0.4559437334537506,
            1.7957972288131714
          ],
          [
            0.0,
            0.0,
            0.0,
            1.0
          ]
        ]
      },
      "bone_length_armature_space": 0.03403861253067303,
      "parent": "metacarpal_thumb_l",
      "has_children": true,
      "is_end_bone": false
    },
    "thumb_02_l": {
      "name": "thumb_02_l",
      "local": {
        "location": {
          "x": 0.0,
          "y": 0.0,
          "z": 0.0
        },
        "rotation_quaternion": {
          "w": 0.9365079402923584,
          "x": 0.35056188702583313,
          "y": 0.006851889193058014,
          "z": 0.0035208952613174915
        },
        "scale": {
          "x": 1.0,
          "y": 1.0,
          "z": 1.0
        },
        "matrix_basis": [
          [
            0.9998813271522522,
            -0.0017906703287735581,
            0.015302280895411968,
            0.0
          ],
          [
            0.01139871496707201,
            0.7541879415512085,
            -0.6565597057342529,
            0.0
          ],
          [
            -0.010365113615989685,
            0.6566562056541443,
            0.754118800163269,
            0.0
          ],
          [
            0.0,
            0.0,
            0.0,
            1.0
          ]
        ],
        "rotation_mode": "QUATERNION"
      },
      "armature_space": {
        "head": {
          "x": 0.6018240451812744,
          "y": -0.17371366918087006,
          "z": 0.8352462649345398
        },
        "tail": {
          "x": 0.6119558215141296,
          "y": -0.16442599892616272,
          "z": 0.8729859590530396
        }
      },
      "world_space": {
        "head": {
          "x": 0.6018240451812744,
          "y": -0.11046966910362244,
          "z": 1.7851002216339111
        },
        "tail": {
          "x": 0.6119558215141296,
          "y": -0.1011819988489151,
          "z": 1.8228399753570557
        },
        "rotation_quaternion": {
          "w": 0.4664763808250427,
          "x": 0.226735457777977,
          "y": -0.6308881044387817,
          "z": -0.5770365595817566
        },
        "matrix": [
          [
            -0.4619794189929962,
            0.2522578835487366,
            -0.8502594232559204,
            0.6018240451812744
          ],
          [
            -0.8244383931159973,
            0.23124152421951294,
            0.5165550112724304,
            -0.11046966910362244
          ],
          [
            0.3269217312335968,
            0.9396308064460754,
            0.10114362835884094,
            1.7851002216339111
          ],
          [
            0.0,
            0.0,
            0.0,
            1.0
          ]
        ]
      },
      "bone_length_armature_space": 0.040164639278580196,
      "parent": "thumb_01_l",
      "has_children": true,
      "is_end_bone": false
    },
    "thumb_03_l": {
      "name": "thumb_03_l",
      "local": {
        "location": {
          "x": 0.0,
          "y": 0.0,
          "z": 0.0
        },
        "rotation_quaternion": {
          "w": 0.9831565022468567,
          "x": 0.18247458338737488,
          "y": -0.009478311985731125,
          "z": -0.004067459609359503
        },
        "scale": {
          "x": 1.0,
          "y": 1.0,
          "z": 1.0
        },
        "matrix_basis": [
          [
            0.9997872114181519,
            0.004538796842098236,
            -0.02012174390256405,
            0.0
          ],
          [
            -0.011457000859081745,
            0.933372974395752,
            -0.35872504115104675,
            0.0
          ],
          [
            0.01715291291475296,
            0.3588792383670807,
            0.9332263469696045,
            0.0
          ],
          [
            0.0,
            0.0,
            0.0,
            1.0
          ]
        ],
        "rotation_mode": "QUATERNION"
      },
      "armature_space": {
        "head": {
          "x": 0.6119558811187744,
          "y": -0.1644260734319687,
          "z": 0.8729859590530396
        },
        "tail": {
          "x": 0.6034648418426514,
          "y": -0.14942951500415802,
          "z": 0.8980838656425476
        }
      },
      "world_space": {
        "head": {
          "x": 0.6119558811187744,
          "y": -0.10118207335472107,
          "z": 1.8228399753570557
        },
        "tail": {
          "x": 0.6034648418426514,
          "y": -0.0861855149269104,
          "z": 1.847937822341919
        },
        "rotation_quaternion": {
          "w": 0.5283786058425903,
          "x": 0.4195350408554077,
          "y": -0.6834519505500793,
          "z": -0.27874690294265747
        },
        "matrix": [
          [
            -0.08961261808872223,
            -0.2788987457752228,
            -0.9561303853988647,
            0.6119558811187744
          ],
          [
            -0.8680322766304016,
            0.492580384016037,
            -0.06232796609401703,
            -0.10118207335472107
          ],
          [
            0.4883565902709961,
            0.8243727684020996,
            -0.28623637557029724,
            1.8228399753570557
          ],
          [
            0.0,
            0.0,
            0.0,
            1.0
          ]
        ]
      },
      "bone_length_armature_space": 0.030445022998749197,
      "parent": "thumb_02_l",
      "has_children": false,
      "is_end_bone": true
    },
    "metacarpal_index_l": {
      "name": "metacarpal_index_l",
      "local": {
        "location": {
          "x": 0.0,
          "y": 0.0,
          "z": 0.0
        },
        "rotation_quaternion": {
          "w": 0.9975265860557556,
          "x": -0.06936313211917877,
          "y": -0.002129994798451662,
          "z": 0.011180970817804337
        },
        "scale": {
          "x": 1.0,
          "y": 1.0,
          "z": 1.0
        },
        "matrix_basis": [
          [
            0.9997408986091614,
            -0.02201114594936371,
            -0.005800547078251839,
            0.0
          ],
          [
            0.02260211668908596,
            0.9901275038719177,
            0.13833551108837128,
            0.0
          ],
          [
            0.002698358613997698,
            -0.13843077421188354,
            0.9903684258460999,
            0.0
          ],
          [
            0.0,
            0.0,
            0.0,
            1.0
          ]
        ],
        "rotation_mode": "QUATERNION"
      },
      "armature_space": {
        "head": {
          "x": 0.5523512959480286,
          "y": -0.11606133729219437,
          "z": 0.8292126655578613
        },
        "tail": {
          "x": 0.6134400963783264,
          "y": -0.1771107167005539,
          "z": 0.9083986282348633
        }
      },
      "world_space": {
        "head": {
          "x": 0.5523512959480286,
          "y": -0.05281733721494675,
          "z": 1.7790666818618774
        },
        "tail": {
          "x": 0.6134400963783264,
          "y": -0.11386671662330627,
          "z": 1.8582526445388794
        },
        "rotation_quaternion": {
          "w": 0.38264918327331543,
          "x": 0.8719627261161804,
          "y": 0.3050686717033386,
          "z": 0.013923563994467258
        },
        "matrix": [
          [
            0.8134779334068298,
            0.5213613510131836,
            0.25775155425071716,
            0.5523512959480286
          ],
          [
            0.5426738858222961,
            -0.521024763584137,
            -0.6588160395622253,
            -0.05281733721494675
          ],
          [
            -0.20918725430965424,
            0.6758114099502563,
            -0.7067769169807434,
            1.7790666818618774
          ],
          [
            0.0,
            0.0,
            0.0,
            1.0
          ]
        ]
      },
      "bone_length_armature_space": 0.11717203058024413,
      "parent": "lowerarm_l",
      "has_children": true,
      "is_end_bone": false
    },
    "index_01_l": {
      "name": "index_01_l",
      "local": {
        "location": {
          "x": 0.0,
          "y": 0.0,
          "z": 0.0
        },
        "rotation_quaternion": {
          "w": 0.9712192416191101,
          "x": 0.23783332109451294,
          "y": -0.010983290150761604,
          "z": -0.006932395976036787
        },
        "scale": {
          "x": 1.0,
          "y": 1.0,
          "z": 1.0
        },
        "matrix_basis": [
          [
            0.9996626377105713,
            0.008241367526352406,
            -0.02463187463581562,
            0.0
          ],
          [
            -0.018690137192606926,
            0.886774480342865,
            -0.46182432770729065,
            0.0
          ],
          [
            0.01803685538470745,
            0.4621288776397705,
            0.8866293430328369,
            0.0
          ],
          [
            0.0,
            0.0,
            0.0,
            1.0
          ]
        ],
        "rotation_mode": "QUATERNION"
      },
      "armature_space": {
        "head": {
          "x": 0.6134400963783264,
          "y": -0.1771107167005539,
          "z": 0.9083986282348633
        },
        "tail": {
          "x": 0.636838972568512,
          "y": -0.19128715991973877,
          "z": 0.9164354205131531
        }
      },
      "world_space": {
        "head": {
          "x": 0.6134400963783264,
          "y": -0.11386671662330627,
          "z": 1.8582526445388794
        },
        "tail": {
          "x": 0.636838972568512,
          "y": -0.12804315984249115,
          "z": 1.8662893772125244
        },
        "rotation_quaternion": {
          "w": 0.23710599541664124,
          "x": 0.8539202809333801,
          "y": 0.44180983304977417,
          "z": -0.13930217921733856
        },
        "matrix": [
          [
            0.5707977414131165,
            0.8205996751785278,
            -0.028392910957336426,
            0.6134400963783264
          ],
          [
            0.6884825825691223,
            -0.497168630361557,
            -0.5280297994613647,
            -0.11386671662330627
          ],
          [
            -0.44741949439048767,
            0.28185150027275085,
            -0.8487576246261597,
            1.8582526445388794
          ],
          [
            0.0,
            0.0,
            0.0,
            1.0
          ]
        ]
      },
      "bone_length_armature_space": 0.02851436474216523,
      "parent": "metacarpal_index_l",
      "has_children": true,
      "is_end_bone": false
    },
    "index_02_l": {
      "name": "index_02_l",
      "local": {
        "location": {
          "x": 0.0,
          "y": 0.0,
          "z": 0.0
        },
        "rotation_quaternion": {
          "w": 0.9160834550857544,
          "x": 0.4009797275066376,
          "y": 0.0023038657382130623,
          "z": -0.00105973647441715
        },
        "scale": {
          "x": 1.0,
          "y": 1.0,
          "z": 1.0
        },
        "matrix_basis": [
          [
            0.9999871253967285,
            0.0037892209365963936,
            0.003371200989931822,
            0.0
          ],
          [
            -9.400719136465341e-05,
            0.6784282922744751,
            -0.734666645526886,
            0.0
          ],
          [
            -0.00507093220949173,
            0.7346569299697876,
            0.6784198880195618,
            0.0
          ],
          [
            0.0,
            0.0,
            0.0,
            1.0
          ]
        ],
        "rotation_mode": "QUATERNION"
      },
      "armature_space": {
        "head": {
          "x": 0.6368391513824463,
          "y": -0.19128768146038055,
          "z": 0.9164353609085083
        },
        "tail": {
          "x": 0.6508176326751709,
          "y": -0.21028368175029755,
          "z": 0.9063434600830078
        }
      },
      "world_space": {
        "head": {
          "x": 0.6368391513824463,
          "y": -0.12804368138313293,
          "z": 1.8662893772125244
        },
        "tail": {
          "x": 0.6508176326751709,
          "y": -0.14703968167304993,
          "z": 1.856197476387024
        },
        "rotation_quaternion": {
          "w": 0.09488355368375778,
          "x": -0.8734778761863708,
          "y": -0.347493439912796,
          "z": 0.3275390565395355
        },
        "matrix": [
          [
            0.5439320802688599,
            0.5449008345603943,
            -0.6381387114524841,
            0.6368391513824463
          ],
          [
            0.6692122220993042,
            -0.7404905557632446,
            -0.06188023090362549,
            -0.12804368138313293
          ],
          [
            -0.5062569975852966,
            -0.39339524507522583,
            -0.7674359679222107,
            1.8662893772125244
          ],
          [
            0.0,
            0.0,
            0.0,
            1.0
          ]
        ]
      },
      "bone_length_armature_space": 0.025653312280627075,
      "parent": "index_01_l",
      "has_children": true,
      "is_end_bone": false
    },
    "index_03_l": {
      "name": "index_03_l",
      "local": {
        "location": {
          "x": 0.0,
          "y": 0.0,
          "z": 0.0
        },
        "rotation_quaternion": {
          "w": 0.9657874703407288,
          "x": 0.2593129277229309,
          "y": -0.003352255327627063,
          "z": 0.00039136724080890417
        },
        "scale": {
          "x": 1.0,
          "y": 1.0,
          "z": 1.0
        },
        "matrix_basis": [
          [
            0.9999772310256958,
            -0.00249452143907547,
            -0.0062721590511500835,
            0.0
          ],
          [
            -0.000982611090876162,
            0.8655133247375488,
            -0.5008849501609802,
            0.0
          ],
          [
            0.00667810533195734,
            0.50087970495224,
            0.8654911518096924,
            0.0
          ],
          [
            0.0,
            0.0,
            0.0,
            1.0
          ]
        ],
        "rotation_mode": "QUATERNION"
      },
      "armature_space": {
        "head": {
          "x": 0.6508177518844604,
          "y": -0.21028368175029755,
          "z": 0.9063436388969421
        },
        "tail": {
          "x": 0.6547803282737732,
          "y": -0.22673583030700684,
          "z": 0.8825241923332214
        }
      },
      "world_space": {
        "head": {
          "x": 0.6508177518844604,
          "y": -0.14703968167304993,
          "z": 1.8561975955963135
        },
        "tail": {
          "x": 0.6547803282737732,
          "y": -0.16349183022975922,
          "z": 1.8323781490325928
        },
        "rotation_quaternion": {
          "w": 0.378297358751297,
          "x": -0.7910138964653015,
          "y": -0.27451184391975403,
          "z": 0.3947547972202301
        },
        "matrix": [
          [
            0.5376240611076355,
            0.1356174349784851,
            -0.8322068452835083,
            0.6508177518844604
          ],
          [
            0.7329549789428711,
            -0.5630693435668945,
            0.3817463517189026,
            -0.14703968167304993
          ],
          [
            -0.4168207049369812,
            -0.8152124881744385,
            -0.4021231532096863,
            1.8561975955963135
          ],
          [
            0.0,
            0.0,
            0.0,
            1.0
          ]
        ]
      },
      "bone_length_armature_space": 0.029218850445606598,
      "parent": "index_02_l",
      "has_children": false,
      "is_end_bone": true
    },
    "metacarpal_pinky_l": {
      "name": "metacarpal_pinky_l",
      "local": {
        "location": {
          "x": 0.0,
          "y": 0.0,
          "z": 0.0
        },
        "rotation_quaternion": {
          "w": 0.9995392560958862,
          "x": -0.029827918857336044,
          "y": 0.0035202782601118088,
          "z": 0.004379580728709698
        },
        "scale": {
          "x": 1.0,
          "y": 1.0,
          "z": 1.0
        },
        "matrix_basis": [
          [
            0.9999368786811829,
            -0.008965130895376205,
            0.006776045076549053,
            0.0
          ],
          [
            0.008545120246708393,
            0.9981822371482849,
            0.059659186750650406,
            0.0
          ],
          [
            -0.0072985803708434105,
            -0.05959751829504967,
            0.9981958270072937,
            0.0
          ],
          [
            0.0,
            0.0,
            0.0,
            1.0
          ]
        ],
        "rotation_mode": "QUATERNION"
      },
      "armature_space": {
        "head": {
          "x": 0.5523512959480286,
          "y": -0.11606133729219437,
          "z": 0.8292126655578613
        },
        "tail": {
          "x": 0.6349087953567505,
          "y": -0.11658446490764618,
          "z": 0.8926733732223511
        }
      },
      "world_space": {
        "head": {
          "x": 0.5523512959480286,
          "y": -0.05281733721494675,
          "z": 1.7790666818618774
        },
        "tail": {
          "x": 0.6349087953567505,
          "y": -0.05334046483039856,
          "z": 1.8425273895263672
        },
        "rotation_quaternion": {
          "w": 0.6788306832313538,
          "x": 0.2631831467151642,
          "y": -0.19151397049427032,
          "z": -0.6582143306732178
        },
        "matrix": [
          [
            0.060149598866701126,
            0.7928249835968018,
            -0.6064738035202026,
            0.5523512959480286
          ],
          [
            -0.9944391250610352,
            -0.005023750010877848,
            -0.10519532114267349,
            -0.05281733721494675
          ],
          [
            -0.08644972741603851,
            0.6094328165054321,
            0.7881193161010742,
            1.7790666818618774
          ],
          [
            0.0,
            0.0,
            0.0,
            1.0
          ]
        ]
      },
      "bone_length_armature_space": 0.10413105156423375,
      "parent": "lowerarm_l",
      "has_children": true,
      "is_end_bone": false
    },
    "pinky_01_l": {
      "name": "pinky_01_l",
      "local": {
        "location": {
          "x": 0.0,
          "y": 0.0,
          "z": 0.0
        },
        "rotation_quaternion": {
          "w": 0.951246976852417,
          "x": 0.30816611647605896,
          "y": -0.01231485977768898,
          "z": -0.003356768051162362
        },
        "scale": {
          "x": 1.0,
          "y": 1.0,
          "z": 1.0
        },
        "matrix_basis": [
          [
            0.9996741414070129,
            -0.0012038140557706356,
            -0.025497831404209137,
            0.0
          ],
          [
            -0.01397627592086792,
            0.8100447654724121,
            -0.5862014889717102,
            0.0
          ],
          [
            0.021360062062740326,
            0.5863668322563171,
            0.8097639679908752,
            0.0
          ],
          [
            0.0,
            0.0,
            0.0,
            1.0
          ]
        ],
        "rotation_mode": "QUATERNION"
      },
      "armature_space": {
        "head": {
          "x": 0.6349087953567505,
          "y": -0.11658446490764618,
          "z": 0.8926733732223511
        },
        "tail": {
