{
  "metadata": {
    "armature_name": "KIM_caucasian_male",
    "export_time": "2026-01-13T21:16:03.913784",
    "blender_version": "4.4.1",
    "bone_count": 56,
    "end_bone_count": 13,
    "spaces_included": [
      "LOCAL_CHANNELS",
      "ARMATURE_SPACE",
      "WORLD_SPACE"
    ],
    "note": "LOCAL matches Transform panel; replay pose via local.matrix_basis for best fidelity."
  },
  "bones": {
    "Root": {
      "name": "Root",
      "local": {
        "location": {
          "x": 0.0,
          "y": 0.0,
          "z": 0.0
        },
        "rotation_quaternion": {
          "w": 0.999744176864624,
          "x": -0.013066682033240795,
          "y": 0.0023487629368901253,
          "z": 0.018316105008125305
        },
        "scale": {
          "x": 1.0,
          "y": 1.0,
          "z": 1.0
        },
        "matrix_basis": [
          [
            0.99931800365448,
            -0.03668421879410744,
            0.0042176628485322,
            0.0
          ],
          [
            0.03656145930290222,
            0.9989875555038452,
            0.026212718337774277,
            0.0
          ],
          [
            -0.005174985621124506,
            -0.026040637865662575,
            0.9996474981307983,
            0.0
          ],
          [
            0.0,
            0.0,
            0.0,
            1.0
          ]
        ],
        "rotation_mode": "QUATERNION"
      },
      "armature_space": {
        "head": {
          "x": 0.0,
          "y": 0.07072800397872925,
          "z": -0.009595036506652832
        },
        "tail": {
          "x": -0.0026183680165559053,
          "y": 0.0003214702010154724,
          "z": 0.0018321005627512932
        }
      },
      "world_space": {
        "head": {
          "x": 0.0,
          "y": 0.13397200405597687,
          "z": 0.9402589797973633
        },
        "tail": {
          "x": -0.0026183680165559053,
          "y": 0.06356547027826309,
          "z": 0.9516861438751221
        },
        "rotation_quaternion": {
          "w": 0.0803874284029007,
          "x": 0.99659264087677,
          "y": -0.018116265535354614,
          "z": 0.003577346680685878
        },
        "matrix": [
          [
            0.99931800365448,
            -0.03668421879410744,
            0.0042176628485322,
            0.0
          ],
          [
            -0.03553392365574837,
            -0.9864192605018616,
            -0.16035710275173187,
            0.13397200405597687
          ],
          [
            0.01004299521446228,
            0.16009804606437683,
            -0.9870571494102478,
            0.9402589797973633
          ],
          [
            0.0,
            0.0,
            0.0,
            1.0
          ]
        ]
      },
      "bone_length_armature_space": 0.0713758726468961,
      "parent": null,
      "has_children": true,
      "is_end_bone": false
    },
    "spine_01": {
      "name": "spine_01",
      "local": {
        "location": {
          "x": 0.0,
          "y": 0.0,
          "z": 0.0
        },
        "rotation_quaternion": {
          "w": 0.9967879056930542,
          "x": 0.002957278396934271,
          "y": 0.033925458788871765,
          "z": 0.07248637825250626
        },
        "scale": {
          "x": 1.0,
          "y": 1.0,
          "z": 1.0
        },
        "matrix_basis": [
          [
            0.9871895909309387,
            -0.14430643618106842,
            0.0680617019534111,
            0.0
          ],
          [
            0.14470773935317993,
            0.9894739389419556,
            -0.0009772913763299584,
            0.0
          ],
          [
            -0.06720425188541412,
            0.010813825763761997,
            0.9976806640625,
            0.0
          ],
          [
            0.0,
            0.0,
            0.0,
            1.0
          ]
        ],
        "rotation_mode": "QUATERNION"
      },
      "armature_space": {
        "head": {
          "x": -0.0026183680165559053,
          "y": 0.0003214702010154724,
          "z": 0.0018321005627512932
        },
        "tail": {
          "x": -0.07676982879638672,
          "y": 0.03279445320367813,
          "z": 0.4830758273601532
        }
      },
      "world_space": {
        "head": {
          "x": -0.0026183680165559053,
          "y": 0.06356547027826309,
          "z": 0.9516861438751221
        },
        "tail": {
          "x": -0.07676982879638672,
          "y": 0.09603845328092575,
          "z": 1.4329298734664917
        },
        "rotation_quaternion": {
          "w": 0.7291436195373535,
          "x": 0.6799160242080688,
          "y": -0.040258102118968964,
          "z": 0.06665703654289246
        },
        "matrix": [
          [
            0.9878722429275513,
            -0.15194934606552124,
            0.03193545714020729,
            -0.0026183680165559053
          ],
          [
            0.04246191680431366,
            0.06654283404350281,
            -0.9968796968460083,
            0.06356547027826309
          ],
          [
            0.14935123920440674,
            0.986152708530426,
            0.07218744605779648,
            0.9516861438751221
          ],
          [
            0.0,
            0.0,
            0.0,
            1.0
          ]
        ]
      },
      "bone_length_armature_space": 0.4880045750676323,
      "parent": "Root",
      "has_children": true,
      "is_end_bone": false
    },
    "neck_01": {
      "name": "neck_01",
      "local": {
        "location": {
          "x": 0.0,
          "y": 0.0,
          "z": 0.0
        },
        "rotation_quaternion": {
          "w": 0.9920799732208252,
          "x": -0.008020968176424503,
          "y": 0.06343881040811539,
          "z": 0.10811342298984528
        },
        "scale": {
          "x": 1.0,
          "y": 1.0,
          "z": 1.0
        },
        "matrix_basis": [
          [
            0.9685739874839783,
            -0.21553200483322144,
            0.12413839995861053,
            0.0
          ],
          [
            0.2134966403245926,
            0.976494312286377,
            0.02963205799460411,
            0.0
          ],
          [
            -0.1276070922613144,
            -0.0021977098658680916,
            0.991822361946106,
            0.0
          ],
          [
            0.0,
            0.0,
            0.0,
            1.0
          ]
        ],
        "rotation_mode": "QUATERNION"
      },
      "armature_space": {
        "head": {
          "x": -0.08678779751062393,
          "y": 0.003094390034675598,
          "z": 0.5577839016914368
        },
        "tail": {
          "x": -0.12149585783481598,
          "y": -0.029345419257879257,
          "z": 0.6486340165138245
        }
      },
      "world_space": {
        "head": {
          "x": -0.08678779751062393,
          "y": 0.06633839011192322,
          "z": 1.5076379776000977
        },
        "tail": {
          "x": -0.12149585783481598,
          "y": 0.03389858081936836,
          "z": 1.5984880924224854
        },
        "rotation_quaternion": {
          "w": 0.5794251561164856,
          "x": 0.7896744608879089,
          "y": -0.07782366126775742,
          "z": 0.18607580661773682
        },
        "matrix": [
          [
            0.9186388254165649,
            -0.3385447859764099,
            0.2036910355091095,
            -0.08678779751062393
          ],
          [
            0.09272155165672302,
            -0.3164200782775879,
            -0.9440770149230957,
            0.06633839011192322
          ],
          [
            0.38406699895858765,
            0.8861581683158875,
            -0.25928810238838196,
            1.5076379776000977
          ],
          [
            0.0,
            0.0,
            0.0,
            1.0
          ]
        ]
      },
      "bone_length_armature_space": 0.10252186880827942,
      "parent": "spine_01",
      "has_children": true,
      "is_end_bone": false
    },
    "head": {
      "name": "head",
      "local": {
        "location": {
          "x": 0.0,
          "y": 0.0,
          "z": 0.0
        },
        "rotation_quaternion": {
          "w": 0.9660727977752686,
          "x": -0.08836904913187027,
          "y": -0.10827420651912689,
          "z": 0.2171887457370758
        },
        "scale": {
          "x": 1.0,
          "y": 1.0,
          "z": 1.0
        },
        "matrix_basis": [
          [
            0.8822115063667297,
            -0.40050411224365234,
            -0.24758705496788025,
            0.0
          ],
          [
            0.4387764632701874,
            0.8900399208068848,
            0.12370999157428741,
            0.0
          ],
          [
            0.17081600427627563,
            -0.21777375042438507,
            0.9609352350234985,
            0.0
          ],
          [
            0.0,
            0.0,
            0.0,
            1.0
          ]
        ],
        "rotation_mode": "QUATERNION"
      },
      "armature_space": {
        "head": {
          "x": -0.1214958056807518,
          "y": -0.029345544055104256,
          "z": 0.6486338973045349
        },
        "tail": {
          "x": -0.2345561981201172,
          "y": 0.00505952350795269,
          "z": 0.7490668296813965
        }
      },
      "world_space": {
        "head": {
          "x": -0.1214958056807518,
          "y": 0.03389845788478851,
          "z": 1.5984878540039062
        },
        "tail": {
          "x": -0.2345561981201172,
          "y": 0.06830352544784546,
          "z": 1.6989208459854126
        },
        "rotation_quaternion": {
          "w": 0.7009140849113464,
          "x": 0.5778543949127197,
          "y": -0.3458872437477112,
          "z": 0.23487401008605957
        },
        "matrix": [
          [
            0.6503929495811462,
            -0.7289976477622986,
            -0.2134278267621994,
            -0.1214958056807518
          ],
          [
            -0.07048866897821426,
            0.2218390703201294,
            -0.972532331943512,
            0.03389845788478851
          ],
          [
            0.7563255429267883,
            0.6475772857666016,
            0.09289625287055969,
            1.5984878540039062
          ],
          [
            0.0,
            0.0,
            0.0,
            1.0
          ]
        ]
      },
      "bone_length_armature_space": 0.15509072986418146,
      "parent": "neck_01",
      "has_children": false,
      "is_end_bone": true
    },
    "upperarm_l": {
      "name": "upperarm_l",
      "local": {
        "location": {
          "x": 0.0,
          "y": 0.0,
          "z": 0.0
        },
        "rotation_quaternion": {
          "w": 0.9755147695541382,
          "x": 0.14109420776367188,
          "y": 0.09370723366737366,
          "z": 0.14029383659362793
        },
        "scale": {
          "x": 1.0,
          "y": 1.0,
          "z": 1.0
        },
        "matrix_basis": [
          [
            0.9430732131004333,
            -0.24727432429790497,
            0.22241488099098206,
            0.0
          ],
          [
            0.3001605272293091,
            0.9208201169967651,
            -0.2489858716726303,
            0.0
          ],
          [
            -0.14323627948760986,
            0.3015720546245575,
            0.9426227807998657,
            0.0
          ],
          [
            0.0,
            0.0,
            0.0,
            1.0
          ]
        ],
        "rotation_mode": "QUATERNION"
      },
      "armature_space": {
        "head": {
          "x": 0.07170706242322922,
          "y": 0.0018123127520084381,
          "z": 0.514139711856842
        },
        "tail": {
          "x": 0.3131835460662842,
          "y": -0.056035954505205154,
          "z": 0.6148890852928162
        }
      },
      "world_space": {
        "head": {
          "x": 0.07170706242322922,
          "y": 0.06505630910396576,
          "z": 1.463993787765503
        },
        "tail": {
          "x": 0.3131835460662842,
          "y": 0.007208045572042465,
          "z": 1.5647430419921875
        },
        "rotation_quaternion": {
          "w": 0.4976273477077484,
          "x": 0.6753513813018799,
          "y": 0.3800380527973175,
          "z": -0.38966476917266846
        },
        "matrix": [
          [
            0.40746456384658813,
            0.9011344313621521,
            -0.14808613061904907,
            0.07170706242322922
          ],
          [
            0.1255045384168625,
            -0.21587637066841125,
            -0.9683213233947754,
            0.06505630910396576
          ],
          [
            -0.9045621156692505,
            0.3759734630584717,
            -0.2010606825351715,
            1.463993787765503
          ],
          [
            0.0,
            0.0,
            0.0,
            1.0
          ]
        ]
      },
      "bone_length_armature_space": 0.2679696755386306,
      "parent": "spine_01",
      "has_children": true,
      "is_end_bone": false
    },
    "lowerarm_l": {
      "name": "lowerarm_l",
      "local": {
        "location": {
          "x": 0.0,
          "y": 0.0,
          "z": 0.0
        },
        "rotation_quaternion": {
          "w": 0.9785630106925964,
          "x": 0.11485855281352997,
          "y": 0.0020195459946990013,
          "z": -0.1709326207637787
        },
        "scale": {
          "x": 1.0,
          "y": 1.0,
          "z": 1.0
        },
        "matrix_basis": [
          [
            0.941555917263031,
            0.335000604391098,
            -0.03531363978981972,
            0.0
          ],
          [
            -0.3340727686882019,
            0.9151791334152222,
            -0.22548307478427887,
            0.0
          ],
          [
            -0.04321865364909172,
            0.22410224378108978,
            0.9736068844795227,
            0.0
          ],
          [
            0.0,
            0.0,
            0.0,
            1.0
          ]
        ],
        "rotation_mode": "QUATERNION"
      },
      "armature_space": {
        "head": {
          "x": 0.31318357586860657,
          "y": -0.05603603646159172,
          "z": 0.6148892641067505
        },
        "tail": {
          "x": 0.5402620434761047,
          "y": -0.19686484336853027,
          "z": 0.6280028223991394
        }
      },
      "world_space": {
        "head": {
          "x": 0.31318357586860657,
          "y": 0.007207963615655899,
          "z": 1.5647432804107666
        },
        "tail": {
          "x": 0.5402620434761047,
          "y": -0.13362084329128265,
          "z": 1.5778567790985107
        },
        "rotation_quaternion": {
          "w": 0.3278428018093109,
          "x": 0.6784486770629883,
          "y": 0.3595990836620331,
          "z": -0.5503773093223572
        },
        "matrix": [
          [
            0.1355462223291397,
            0.8488137722015381,
            -0.511020839214325,
            0.31318357586860657
          ],
          [
            0.127064511179924,
            -0.5264146327972412,
            -0.8406797647476196,
            0.007207963615655899
          ],
          [
            -0.9825960993766785,
            0.04901806265115738,
            -0.17920956015586853,
            1.5647432804107666
          ],
          [
            0.0,
            0.0,
            0.0,
            1.0
          ]
        ]
      },
      "bone_length_armature_space": 0.26752448145193436,
      "parent": "upperarm_l",
      "has_children": true,
      "is_end_bone": false
    },
    "metacarpal_thumb_l": {
      "name": "metacarpal_thumb_l",
      "local": {
        "location": {
          "x": 0.0,
          "y": 0.0,
          "z": 0.0
        },
        "rotation_quaternion": {
          "w": 0.9991195797920227,
          "x": -0.041467808187007904,
          "y": -0.003445104230195284,
          "z": -0.005351335275918245
        },
        "scale": {
          "x": 1.0,
          "y": 1.0,
          "z": 1.0
        },
        "matrix_basis": [
          [
            0.9999189972877502,
            0.010978969745337963,
            -0.006440326105803251,
            0.0
          ],
          [
            -0.010407526046037674,
            0.9965035915374756,
            0.08289947360754013,
            0.0
          ],
          [
            0.0073279584757983685,
            -0.08282572776079178,
            0.9965370893478394,
            0.0
          ],
          [
            0.0,
            0.0,
            0.0,
            1.0
          ]
        ],
        "rotation_mode": "QUATERNION"
      },
      "armature_space": {
        "head": {
          "x": 0.5402620434761047,
          "y": -0.19686484336853027,
          "z": 0.6280028223991394
        },
        "tail": {
          "x": 0.560168445110321,
          "y": -0.24148742854595184,
          "z": 0.6198698282241821
        }
      },
      "world_space": {
        "head": {
          "x": 0.5402620434761047,
          "y": -0.13362084329128265,
          "z": 1.5778567790985107
        },
        "tail": {
          "x": 0.560168445110321,
          "y": -0.17824342846870422,
          "z": 1.5697238445281982
        },
        "rotation_quaternion": {
          "w": 0.09106636792421341,
          "x": -0.974351167678833,
          "y": -0.20317497849464417,
          "z": -0.03265959396958351
        },
        "matrix": [
          [
            0.915306568145752,
            0.40187591314315796,
            0.02663872018456459,
            0.5402620434761047
          ],
          [
            0.38997936248779297,
            -0.90085369348526,
            0.19073204696178436,
            -0.13362084329128265
          ],
          [
            0.10064913332462311,
            -0.16419172286987305,
            -0.9812873005867004,
            1.5778567790985107
          ],
          [
            0.0,
            0.0,
            0.0,
            1.0
          ]
        ]
      },
      "bone_length_armature_space": 0.0495336808740679,
      "parent": "lowerarm_l",
      "has_children": true,
      "is_end_bone": false
    },
    "thumb_01_l": {
      "name": "thumb_01_l",
      "local": {
        "location": {
          "x": 0.0,
          "y": 0.0,
          "z": 0.0
        },
        "rotation_quaternion": {
          "w": 0.9671523571014404,
          "x": 0.25380367040634155,
          "y": -0.009098600596189499,
          "z": 0.01083653885871172
        },
        "scale": {
          "x": 1.0,
          "y": 1.0,
          "z": 1.0
        },
        "matrix_basis": [
          [
            0.9995995759963989,
            -0.02557968534529209,
            -0.012098759412765503,
            0.0
          ],
          [
            0.0163426510989666,
            0.8709325194358826,
            -0.4911308288574219,
            0.0
          ],
          [
            0.023100173100829124,
            0.4907364547252655,
            0.8710018396377563,
            0.0
          ],
          [
            0.0,
            0.0,
            0.0,
            1.0
          ]
        ],
        "rotation_mode": "QUATERNION"
      },
      "armature_space": {
        "head": {
          "x": 0.560168445110321,
          "y": -0.24148742854595184,
          "z": 0.6198698282241821
        },
        "tail": {
          "x": 0.5808680653572083,
          "y": -0.2501397430896759,
          "z": 0.5942710041999817
        }
      },
      "world_space": {
        "head": {
          "x": 0.560168445110321,
          "y": -0.17824342846870422,
          "z": 1.5697238445281982
        },
        "tail": {
          "x": 0.5808680653572083,
          "y": -0.18689574301242828,
          "z": 1.5441250801086426
        },
        "rotation_quaternion": {
          "w": 0.6039671897888184,
          "x": -0.5355004072189331,
          "y": 0.09016243368387222,
          "z": -0.5833812952041626
        },
        "matrix": [
          [
            0.3030695617198944,
            0.6081215739250183,
            0.7337145805358887,
            0.560168445110321
          ],
          [
            -0.8012521266937256,
            -0.25419139862060547,
            0.5416473150253296,
            -0.17824342846870422
          ],
          [
            0.5158940553665161,
            -0.7520528435707092,
            0.4102242887020111,
            1.5697238445281982
          ],
          [
            0.0,
            0.0,
            0.0,
            1.0
          ]
        ]
      },
      "bone_length_armature_space": 0.034038751899298836,
      "parent": "metacarpal_thumb_l",
      "has_children": true,
      "is_end_bone": false
    },
    "thumb_02_l": {
      "name": "thumb_02_l",
      "local": {
        "location": {
          "x": 0.0,
          "y": 0.0,
          "z": 0.0
        },
        "rotation_quaternion": {
          "w": 0.8861334323883057,
          "x": 0.46342769265174866,
          "y": 0.0013328040950000286,
          "z": -0.0008361360523849726
        },
        "scale": {
          "x": 1.0,
          "y": 1.0,
          "z": 1.0
        },
        "matrix_basis": [
          [
            0.9999950528144836,
            0.002717172959819436,
            0.0015871073119342327,
            0.0
          ],
          [
            -0.0002465395664330572,
            0.5704681277275085,
            -0.8213197588920593,
            0.0
          ],
          [
            -0.0031370618380606174,
            0.8213152885437012,
            0.5704659819602966,
            0.0
          ],
          [
            0.0,
            0.0,
            0.0,
            1.0
          ]
        ],
        "rotation_mode": "QUATERNION"
      },
      "armature_space": {
        "head": {
          "x": 0.5808679461479187,
          "y": -0.2501397430896759,
          "z": 0.5942710041999817
        },
        "tail": {
          "x": 0.5976362824440002,
          "y": -0.24964359402656555,
          "z": 0.6307644844055176
        }
      },
      "world_space": {
        "head": {
          "x": 0.5808679461479187,
          "y": -0.18689574301242828,
          "z": 1.5441250801086426
        },
        "tail": {
          "x": 0.5976362824440002,
          "y": -0.18639959394931793,
          "z": 1.5806185007095337
        },
        "rotation_quaternion": {
          "w": 0.5136552453041077,
          "x": 0.2579977512359619,
          "y": -0.4922741651535034,
          "z": -0.6536526679992676
        },
        "matrix": [
          [
            -0.3391883373260498,
            0.41749274730682373,
            -0.8430012464523315,
            0.5808679461479187
          ],
          [
            -0.9255162477493286,
            0.012352943420410156,
            0.37850648164749146,
            -0.18689574301242828
          ],
          [
            0.16843755543231964,
            0.9086025953292847,
            0.3822095990180969,
            1.5441250801086426
          ],
          [
            0.0,
            0.0,
            0.0,
            1.0
          ]
        ]
      },
      "bone_length_armature_space": 0.040164627821338915,
      "parent": "thumb_01_l",
      "has_children": true,
      "is_end_bone": false
    },
    "thumb_03_l": {
      "name": "thumb_03_l",
      "local": {
        "location": {
          "x": 0.0,
          "y": 0.0,
          "z": 0.0
        },
        "rotation_quaternion": {
          "w": 0.9867587685585022,
          "x": 0.16212628781795502,
          "y": 0.003855909686535597,
          "z": 0.002725501311942935
        },
        "scale": {
          "x": 1.0,
          "y": 1.0,
          "z": 1.0
        },
        "matrix_basis": [
          [
            0.999955415725708,
            -0.004128536209464073,
            0.008493456058204174,
            0.0
          ],
          [
            0.006629113107919693,
            0.947415292263031,
            -0.319938063621521,
            0.0
          ],
          [
            -0.006725954357534647,
            0.31998008489608765,
            0.9474003911018372,
            0.0
          ],
          [
            0.0,
            0.0,
            0.0,
            1.0
          ]
        ],
        "rotation_mode": "QUATERNION"
      },
      "armature_space": {
        "head": {
          "x": 0.597636342048645,
          "y": -0.24964366853237152,
          "z": 0.6307644248008728
        },
        "tail": {
          "x": 0.5945842862129211,
          "y": -0.2421036809682846,
          "z": 0.6601027250289917
        }
      },
      "world_space": {
        "head": {
          "x": 0.597636342048645,
          "y": -0.1863996684551239,
          "z": 1.5806183815002441
        },
        "tail": {
          "x": 0.5945842862129211,
          "y": -0.178859680891037,
          "z": 1.6099567413330078
        },
        "rotation_quaternion": {
          "w": 0.561118483543396,
          "x": 0.47804924845695496,
          "y": -0.5558564066886902,
          "z": -0.38423794507980347
        },
        "matrix": [
          [
            0.08676940202713013,
            -0.10024869441986084,
            -0.9911717176437378,
            0.597636342048645
          ],
          [
            -0.9626594185829163,
            0.24766026437282562,
            -0.10932224988937378,
            -0.1863996684551239
          ],
          [
            0.25643402338027954,
            0.963653564453125,
            -0.07501643896102905,
            1.5806183815002441
          ],
          [
            0.0,
            0.0,
            0.0,
            1.0
          ]
        ]
      },
      "bone_length_armature_space": 0.03044507001935927,
      "parent": "thumb_02_l",
      "has_children": false,
      "is_end_bone": true
    },
    "metacarpal_index_l": {
      "name": "metacarpal_index_l",
      "local": {
        "location": {
          "x": 0.0,
          "y": 0.0,
          "z": 0.0
        },
        "rotation_quaternion": {
          "w": 0.9996802806854248,
          "x": 0.006071321666240692,
          "y": 0.022425903007388115,
          "z": 0.009975442662835121
        },
        "scale": {
          "x": 1.0,
          "y": 1.0,
          "z": 1.0
        },
        "matrix_basis": [
          [
            0.9987951517105103,
            -0.019672196358442307,
            0.04495859518647194,
            0.0
          ],
          [
            0.020216817036271095,
            0.9997272491455078,
            -0.011691344901919365,
            0.0
          ],
          [
            -0.04471633955836296,
            0.012586177326738834,
            0.9989204406738281,
            0.0
          ],
          [
            0.0,
            0.0,
            0.0,
            1.0
          ]
        ],
        "rotation_mode": "QUATERNION"
      },
      "armature_space": {
        "head": {
          "x": 0.5402620434761047,
          "y": -0.19686484336853027,
          "z": 0.6280028223991394
        },
        "tail": {
          "x": 0.6152986288070679,
          "y": -0.28657597303390503,
          "z": 0.6208863258361816
        }
      },
      "world_space": {
        "head": {
          "x": 0.5402620434761047,
          "y": -0.13362084329128265,
          "z": 1.5778567790985107
        },
        "tail": {
          "x": 0.6152986288070679,
          "y": -0.2233319729566574,
          "z": 1.5707403421401978
        },
        "rotation_quaternion": {
          "w": 0.0387633852660656,
          "x": 0.9193251132965088,
          "y": 0.3401150405406952,
          "z": -0.19406351447105408
        },
        "matrix": [
          [
            0.6933220028877258,
            0.6403980851173401,
            -0.33044639229774475,
            0.5402620434761047
          ],
          [
            0.6103073954582214,
            -0.7656381130218506,
            -0.2032814472913742,
            -0.13362084329128265
          ],
          [
            -0.38318559527397156,
            -0.06073563173413277,
            -0.9216799736022949,
            1.5778567790985107
          ],
          [
            0.0,
            0.0,
            0.0,
            1.0
          ]
        ]
      },
      "bone_length_armature_space": 0.11717175395611906,
      "parent": "lowerarm_l",
      "has_children": true,
      "is_end_bone": false
    },
    "index_01_l": {
      "name": "index_01_l",
      "local": {
        "location": {
          "x": 0.0,
          "y": 0.0,
          "z": 0.0
        },
        "rotation_quaternion": {
          "w": 0.9429829120635986,
          "x": 0.33243852853775024,
          "y": 0.001982537331059575,
          "z": -0.016252245754003525
        },
        "scale": {
          "x": 1.0,
          "y": 1.0,
          "z": 1.0
        },
        "matrix_basis": [
          [
            0.9994638562202454,
            0.03196932375431061,
            -0.007066747639328241,
            0.0
          ],
          [
            -0.02933303639292717,
            0.7784409523010254,
            -0.6270321607589722,
            0.0
          ],
          [
            -0.014544743113219738,
            0.626903235912323,
            0.7789613604545593,
            0.0
          ],
          [
            0.0,
            0.0,
            0.0,
            1.0
          ]
        ],
        "rotation_mode": "QUATERNION"
      },
      "armature_space": {
        "head": {
          "x": 0.6152986288070679,
          "y": -0.28657597303390503,
          "z": 0.6208863258361816
        },
        "tail": {
          "x": 0.631403386592865,
          "y": -0.3009900152683258,
          "z": 0.602286696434021
        }
      },
      "world_space": {
        "head": {
          "x": 0.6152986288070679,
          "y": -0.2233319729566574,
          "z": 1.5707403421401978
        },
        "tail": {
          "x": 0.631403386592865,
          "y": -0.23774601519107819,
          "z": 1.552140712738037
        },
        "rotation_quaternion": {
          "w": 0.22978472709655762,
          "x": -0.8067529201507568,
          "y": -0.4409629702568054,
          "z": 0.31921860575675964
        },
        "matrix": [
          [
            0.40730082988739014,
            0.5647944211959839,
            -0.7177139520645142,
            0.6152986288070679
          ],
          [
            0.8581998348236084,
            -0.5055009722709656,
            0.0892297625541687,
            -0.2233319729566574
          ],
          [
            -0.31241005659103394,
            -0.652290403842926,
            -0.6906020045280457,
            1.5707403421401978
          ],
          [
            0.0,
            0.0,
            0.0,
            1.0
          ]
        ]
      },
      "bone_length_armature_space": 0.028514453030207408,
      "parent": "metacarpal_index_l",
      "has_children": true,
      "is_end_bone": false
    },
    "index_02_l": {
      "name": "index_02_l",
      "local": {
        "location": {
          "x": 0.0,
          "y": 0.0,
          "z": 0.0
        },
        "rotation_quaternion": {
          "w": 0.8947690725326538,
          "x": 0.44649195671081543,
          "y": -0.004690463654696941,
          "z": 0.0033591710962355137
        },
        "scale": {
          "x": 1.0,
          "y": 1.0,
          "z": 1.0
        },
        "matrix_basis": [
          [
            0.9999334216117859,
            -0.010199873708188534,
            -0.005394077859818935,
            0.0
          ],
          [
            0.00182285625487566,
            0.6012672781944275,
            -0.7990459203720093,
            0.0
          ],
          [
            0.011393449269235134,
            0.7989828586578369,
            0.6012458801269531,
            0.0
          ],
          [
            0.0,
            0.0,
            0.0,
            1.0
          ]
        ],
        "rotation_mode": "QUATERNION"
      },
      "armature_space": {
        "head": {
          "x": 0.6314032673835754,
          "y": -0.30099037289619446,
          "z": 0.6022862792015076
        },
        "tail": {
          "x": 0.6258052587509155,
          "y": -0.30833983421325684,
          "z": 0.5783541798591614
        }
      },
      "world_space": {
        "head": {
          "x": 0.6314032673835754,
          "y": -0.23774637281894684,
          "z": 1.552140235900879
        },
        "tail": {
          "x": 0.6258052587509155,
          "y": -0.24509583413600922,
          "z": 1.5282082557678223
        },
        "rotation_quaternion": {
          "w": 0.5347887873649597,
          "x": -0.61787348985672,
          "y": -0.2659996449947357,
          "z": 0.5113486051559448
        },
        "matrix": [
          [
            0.3355305790901184,
            -0.21821796894073486,
            -0.9164061546325684,
            0.6314032673835754
          ],
          [
            0.8756361603736877,
            -0.2864916920661926,
            0.3888237476348877,
            -0.23774637281894684
          ],
          [
            -0.3473926782608032,
            -0.932907223701477,
            0.09495383501052856,
            1.552140235900879
          ],
          [
            0.0,
            0.0,
            0.0,
            1.0
          ]
        ]
      },
      "bone_length_armature_space": 0.025653414598660947,
      "parent": "index_01_l",
      "has_children": true,
      "is_end_bone": false
    },
    "index_03_l": {
      "name": "index_03_l",
      "local": {
        "location": {
          "x": 0.0,
          "y": 0.0,
          "z": 0.0
        },
        "rotation_quaternion": {
          "w": 0.9236747026443481,
          "x": 0.38317379355430603,
          "y": -0.0008808670099824667,
          "z": -0.001510646310634911
        },
        "scale": {
          "x": 1.0,
          "y": 1.0,
          "z": 1.0
        },
        "matrix_basis": [
          [
            0.9999938607215881,
            0.0021156412549316883,
            -0.0027849492616951466,
            0.0
          ],
          [
            -0.0034657418727874756,
            0.706351101398468,
            -0.7078531980514526,
            0.0
          ],
          [
            0.00046958899474702775,
            0.7078585624694824,
            0.7063541412353516,
            0.0
          ],
          [
            0.0,
            0.0,
            0.0,
            1.0
          ]
        ],
        "rotation_mode": "QUATERNION"
      },
      "armature_space": {
        "head": {
          "x": 0.6258053779602051,
          "y": -0.3083398938179016,
          "z": 0.5783541798591614
        },
        "tail": {
          "x": 0.6023915410041809,
          "y": -0.30204376578330994,
          "z": 0.5620481967926025
        }
      },
      "world_space": {
        "head": {
          "x": 0.6258053779602051,
          "y": -0.245095893740654,
          "z": 1.5282082557678223
        },
        "tail": {
          "x": 0.6023915410041809,
          "y": -0.23879976570606232,
          "z": 1.5119022130966187
        },
        "rotation_quaternion": {
          "w": 0.7779954671859741,
          "x": -0.32446351647377014,
          "y": -0.04965401068329811,
          "z": 0.5357062220573425
        },
        "matrix": [
          [
            0.4211050271987915,
            -0.8013319969177246,
            -0.4248972237110138,
            0.6258053779602051
          ],
          [
            0.8657767176628113,
            0.21548344194889069,
            0.45166075229644775,
            -0.245095893740654
          ],
          [
            -0.27037301659584045,
            -0.5580664277076721,
            0.7845216393470764,
            1.5282082557678223
          ],
          [
            0.0,
            0.0,
            0.0,
            1.0
          ]
        ]
      },
      "bone_length_armature_space": 0.029218728552081463,
      "parent": "index_02_l",
      "has_children": false,
      "is_end_bone": true
    },
    "metacarpal_pinky_l": {
      "name": "metacarpal_pinky_l",
      "local": {
        "location": {
          "x": 0.0,
          "y": 0.0,
          "z": 0.0
        },
        "rotation_quaternion": {
          "w": 0.9995778799057007,
          "x": -0.01853773184120655,
          "y": 0.012879062443971634,
          "z": 0.01829095557332039
        },
        "scale": {
          "x": 1.0,
          "y": 1.0,
          "z": 1.0
        },
        "matrix_basis": [
          [
            0.9989991188049316,
            -0.037043966352939606,
            0.025069106370210648,
            0.0
          ],
          [
            0.0360889732837677,
            0.9986435770988464,
            0.03753095492720604,
            0.0
          ],
          [
            -0.026425397023558617,
            -0.036588672548532486,
            0.9989809393882751,
            0.0
          ],
          [
            0.0,
            0.0,
            0.0,
            1.0
          ]
        ],
        "rotation_mode": "QUATERNION"
      },
      "armature_space": {
        "head": {
          "x": 0.5402620434761047,
          "y": -0.19686484336853027,
          "z": 0.6280028223991394
        },
        "tail": {
          "x": 0.642002284526825,
          "y": -0.21750980615615845,
          "z": 0.6361222863197327
        }
      },
      "world_space": {
        "head": {
          "x": 0.5402620434761047,
          "y": -0.13362084329128265,
          "z": 1.5778567790985107
        },
        "tail": {
          "x": 0.642002284526825,
          "y": -0.15426580607891083,
          "z": 1.5859763622283936
        },
        "rotation_quaternion": {
          "w": 0.6231939792633057,
          "x": 0.1968521624803543,
          "y": 0.11179666221141815,
          "z": -0.7485853433609009
        },
        "matrix": [
          [
            -0.14575622975826263,
            0.9770430326461792,
            -0.15537694096565247,
            0.5402620434761047
          ],
          [
            -0.8890132308006287,
            -0.19825991988182068,
            -0.4127332866191864,
            -0.13362084329128265
          ],
          [
            -0.4340669512748718,
            0.07797388732433319,
            0.8975076079368591,
            1.5778567790985107
          ],
          [
            0.0,
            0.0,
            0.0,
            1.0
          ]
        ]
      },
      "bone_length_armature_space": 0.10413076823245417,
      "parent": "lowerarm_l",
      "has_children": true,
      "is_end_bone": false
    },
    "pinky_01_l": {
      "name": "pinky_01_l",
      "local": {
        "location": {
          "x": 0.0,
          "y": 0.0,
          "z": 0.0
        },
        "rotation_quaternion": {
          "w": 0.9517539739608765,
          "x": 0.3065720498561859,
          "y": -0.01334376074373722,
          "z": -0.00031734214280731976
        },
        "scale": {
          "x": 1.0,
          "y": 1.0,
          "z": 1.0
        },
        "matrix_basis": [
          [
            0.9996436834335327,
            -0.007577585056424141,
            -0.025594530627131462,
            0.0
          ],
          [
            -0.008785711601376534,
            0.8120269775390625,
            -0.5835538506507874,
            0.0
          ],
          [
            0.025205377489328384,
            0.5835707783699036,
            0.8116710186004639,
            0.0
          ],
          [
            0.0,
            0.0,
            0.0,
            1.0
          ]
        ],
        "rotation_mode": "QUATERNION"
      },
      "armature_space": {
        "head": {
          "x": 0.642002284526825,
          "y": -0.21750980615615845,
          "z": 0.6361222863197327
        },
        "tail": {
          "x": 0.6589558124542236,
