{
  "metadata": {
    "armature_name": "KIM_caucasian_male",
    "export_time": "2026-01-13T19:12:03.569935",
    "blender_version": "4.4.1",
    "bone_count": 56,
    "end_bone_count": 13,
    "spaces_included": [
      "LOCAL_CHANNELS",
      "ARMATURE_SPACE",
      "WORLD_SPACE"
    ],
    "note": "LOCAL matches Transform panel; replay pose via local.matrix_basis for best fidelity."
  },
  "bones": {
    "Root": {
      "name": "Root",
      "local": {
        "location": {
          "x": 0.0,
          "y": 0.0,
          "z": 0.0
        },
        "rotation_quaternion": {
          "w": 0.9997714757919312,
          "x": 0.013537975959479809,
          "y": 0.015861960127949715,
          "z": 0.004701538477092981
        },
        "scale": {
          "x": 1.0,
          "y": 1.0,
          "z": 1.0
        },
        "matrix_basis": [
          [
            0.9994525909423828,
            -0.008971450850367546,
            0.031843967735767365,
            0.0
          ],
          [
            0.009830405935645103,
            0.9995892643928528,
            -0.026920612901449203,
            0.0
          ],
          [
            -0.03158937022089958,
            0.02721891552209854,
            0.9991302490234375,
            0.0
          ],
          [
            0.0,
            0.0,
            0.0,
            1.0
          ]
        ],
        "rotation_mode": "QUATERNION"
      },
      "armature_space": {
        "head": {
          "x": 0.0,
          "y": 0.07072800397872925,
          "z": -0.009595036506652832
        },
        "tail": {
          "x": -0.000640345097053796,
          "y": -0.00023211538791656494,
          "z": -0.0019290940836071968
        }
      },
      "world_space": {
        "head": {
          "x": 0.0,
          "y": 0.13397200405597687,
          "z": 0.9402589797973633
        },
        "tail": {
          "x": -0.000640345097053796,
          "y": 0.06301188468933105,
          "z": 0.9479249119758606
        },
        "rotation_quaternion": {
          "w": 0.05384504050016403,
          "x": 0.9984122514724731,
          "y": -0.0036222708877176046,
          "z": 0.016142655164003372
        },
        "matrix": [
          [
            0.9994525909423828,
            -0.008971450850367546,
            0.031843967735767365,
            0.0
          ],
          [
            -0.005494627635926008,
            -0.9941751956939697,
            -0.10763651877641678,
            0.13397200405597687
          ],
          [
            0.03262436017394066,
            0.10740243643522263,
            -0.9936872720718384,
            0.9402589797973633
          ],
          [
            0.0,
            0.0,
            0.0,
            1.0
          ]
        ]
      },
      "bone_length_armature_space": 0.07137587247985216,
      "parent": null,
      "has_children": true,
      "is_end_bone": false
    },
    "spine_01": {
      "name": "spine_01",
      "local": {
        "location": {
          "x": 0.0,
          "y": 0.0,
          "z": 0.0
        },
        "rotation_quaternion": {
          "w": 0.9955486059188843,
          "x": 0.060612067580223083,
          "y": 0.046179234981536865,
          "z": -0.05546773225069046
        },
        "scale": {
          "x": 1.0,
          "y": 1.0,
          "z": 1.0
        },
        "matrix_basis": [
          [
            0.9895816445350647,
            0.1160396859049797,
            0.08522331714630127,
            0.0
          ],
          [
            -0.1048436090350151,
            0.986499011516571,
            -0.12580743432044983,
            0.0
          ],
          [
            -0.09867137670516968,
            0.1155616044998169,
            0.9883872866630554,
            0.0
          ],
          [
            0.0,
            0.0,
            0.0,
            1.0
          ]
        ],
        "rotation_mode": "QUATERNION"
      },
      "armature_space": {
        "head": {
          "x": -0.000640345097053796,
          "y": -0.00023211538791656494,
          "z": -0.0019290940836071968
        },
        "tail": {
          "x": 0.03995957225561142,
          "y": -0.04741157963871956,
          "z": 0.48208969831466675
        }
      },
      "world_space": {
        "head": {
          "x": -0.000640345097053796,
          "y": 0.06301188468933105,
          "z": 0.9479249119758606
        },
        "tail": {
          "x": 0.03995957225561142,
          "y": 0.01583242043852806,
          "z": 1.431943655014038
        },
        "rotation_quaternion": {
          "w": 0.6694744229316711,
          "x": 0.7404937148094177,
          "y": 0.05885837599635124,
          "z": 0.0029666819609701633
        },
        "matrix": [
          [
            0.9930537939071655,
            0.08319634199142456,
            0.08320248126983643,
            -0.000640345097053796
          ],
          [
            0.0911412462592125,
            -0.09667898714542389,
            -0.991133987903595,
            0.06301188468933105
          ],
          [
            -0.07441522181034088,
            0.9918392896652222,
            -0.1035916656255722,
            0.9479249119758606
          ],
          [
            0.0,
            0.0,
            0.0,
            1.0
          ]
        ]
      },
      "bone_length_armature_space": 0.488004573397756,
      "parent": "Root",
      "has_children": true,
      "is_end_bone": false
    },
    "neck_01": {
      "name": "neck_01",
      "local": {
        "location": {
          "x": 0.0,
          "y": 0.0,
          "z": 0.0
        },
        "rotation_quaternion": {
          "w": 0.9925471544265747,
          "x": 0.020214686170220375,
          "y": 0.018880371004343033,
          "z": -0.11868076771497726
        },
        "scale": {
          "x": 1.0,
          "y": 1.0,
          "z": 1.0
        },
        "matrix_basis": [
          [
            0.971116840839386,
            0.23635584115982056,
            0.03268112987279892,
            0.0
          ],
          [
            -0.23482920229434967,
            0.9710124731063843,
            -0.04460953176021576,
            0.0
          ],
          [
            -0.0422775074839592,
            0.03564658388495445,
            0.9984697699546814,
            0.0
          ],
          [
            0.0,
            0.0,
            0.0,
            1.0
          ]
        ],
        "rotation_mode": "QUATERNION"
      },
      "armature_space": {
        "head": {
          "x": 0.04893657937645912,
          "y": -0.08886323124170303,
          "z": 0.551118016242981
        },
        "tail": {
          "x": 0.08396894484758377,
          "y": -0.13629527390003204,
          "z": 0.6349848508834839
        }
      },
      "world_space": {
        "head": {
          "x": 0.04893657937645912,
          "y": -0.025619231164455414,
          "z": 1.500972032546997
        },
        "tail": {
          "x": 0.08396894484758377,
          "y": -0.07305127382278442,
          "z": 1.5848388671875
        },
        "rotation_quaternion": {
          "w": 0.4901663064956665,
          "x": 0.8533995151519775,
          "y": 0.16854996979236603,
          "z": -0.0551106259226799
        },
        "matrix": [
          [
            0.9371073842048645,
            0.3417080342769623,
            0.07117359340190887,
            0.04893657937645912
          ],
          [
            0.23365546762943268,
            -0.46265533566474915,
            -0.8551932573318481,
            -0.025619231164455414
          ],
          [
            -0.259299099445343,
            0.818043053150177,
            -0.5134039521217346,
            1.500972032546997
          ],
          [
            0.0,
            0.0,
            0.0,
            1.0
          ]
        ]
      },
      "bone_length_armature_space": 0.10252176093411051,
      "parent": "spine_01",
      "has_children": true,
      "is_end_bone": false
    },
    "head": {
      "name": "head",
      "local": {
        "location": {
          "x": 0.0,
          "y": 0.0,
          "z": 0.0
        },
        "rotation_quaternion": {
          "w": 0.9758997559547424,
          "x": 0.01015204656869173,
          "y": -0.15689164400100708,
          "z": 0.15133263170719147
        },
        "scale": {
          "x": 1.0,
          "y": 1.0,
          "z": 1.0
        },
        "matrix_basis": [
          [
            0.9049668908119202,
            -0.29855650663375854,
            -0.3031483590602875,
            0.0
          ],
          [
            0.2921854257583618,
            0.9539907574653625,
            -0.06730040907859802,
            0.0
          ],
          [
            0.3092937171459198,
            -0.02767089195549488,
            0.950563907623291,
            0.0
          ],
          [
            0.0,
            0.0,
            0.0,
            1.0
          ]
        ],
        "rotation_mode": "QUATERNION"
      },
      "armature_space": {
        "head": {
          "x": 0.08396892994642258,
          "y": -0.1362953782081604,
          "z": 0.6349847316741943
        },
        "tail": {
          "x": 0.08298429101705551,
          "y": -0.16093744337558746,
          "z": 0.7881026268005371
        }
      },
      "world_space": {
        "head": {
          "x": 0.08396892994642258,
          "y": -0.07305137813091278,
          "z": 1.5848387479782104
        },
        "tail": {
          "x": 0.08298429101705551,
          "y": -0.09769344329833984,
          "z": 1.7379566431045532
        },
        "rotation_quaternion": {
          "w": 0.6470484137535095,
          "x": 0.7598176002502441,
          "y": -0.04340361803770065,
          "z": -0.046062156558036804
        },
        "matrix": [
          [
            0.991989016532898,
            -0.006348821334540844,
            -0.12616614997386932,
            0.08396892994642258
          ],
          [
            -0.12556658685207367,
            -0.15888860821723938,
            -0.9792792201042175,
            -0.07305137813091278
          ],
          [
            -0.013829264789819717,
            0.9872829914093018,
            -0.15841488540172577,
            1.5848387479782104
          ],
          [
            0.0,
            0.0,
            0.0,
            1.0
          ]
        ]
      },
      "bone_length_armature_space": 0.15509123505819492,
      "parent": "neck_01",
      "has_children": false,
      "is_end_bone": true
    },
    "upperarm_l": {
      "name": "upperarm_l",
      "local": {
        "location": {
          "x": 0.0,
          "y": 0.0,
          "z": 0.0
        },
        "rotation_quaternion": {
          "w": 0.7936165928840637,
          "x": 0.5840286016464233,
          "y": -0.06263145804405212,
          "z": 0.15862087905406952
        },
        "scale": {
          "x": 1.0,
          "y": 1.0,
          "z": 1.0
        },
        "matrix_basis": [
          [
            0.9418334364891052,
            -0.3249254524707794,
            0.08586753159761429,
            0.0
          ],
          [
            0.17861120402812958,
            0.26750001311302185,
            -0.9468588829040527,
            0.0
          ],
          [
            0.2846889793872833,
            0.9071202874183655,
            0.3099757730960846,
            0.0
          ],
          [
            0.0,
            0.0,
            0.0,
            1.0
          ]
        ],
        "rotation_mode": "QUATERNION"
      },
      "armature_space": {
        "head": {
          "x": 0.1925685554742813,
          "y": -0.0718553215265274,
          "z": 0.47296610474586487
        },
        "tail": {
          "x": 0.30172812938690186,
          "y": -0.3119254410266876,
          "z": 0.5204862952232361
        }
      },
      "world_space": {
        "head": {
          "x": 0.1925685554742813,
          "y": -0.008611321449279785,
          "z": 1.4228200912475586
        },
        "tail": {
          "x": 0.30172812938690186,
          "y": -0.24868144094944,
          "z": 1.4703402519226074
        },
        "rotation_quaternion": {
          "w": 0.20892222225666046,
          "x": 0.7146298885345459,
          "y": 0.09169834852218628,
          "z": -0.661246657371521
        },
        "matrix": [
          [
            0.10868898034095764,
            0.4073583483695984,
            -0.9067777395248413,
            0.1925685554742813
          ],
          [
            -0.14523768424987793,
            -0.895886242389679,
            -0.41987407207489014,
            -0.008611321449279785
          ],
          [
            -0.9834158420562744,
            0.17733433842658997,
            -0.03820977732539177,
            1.4228200912475586
          ],
          [
            0.0,
            0.0,
            0.0,
            1.0
          ]
        ]
      },
      "bone_length_armature_space": 0.2679694787396456,
      "parent": "spine_01",
      "has_children": true,
      "is_end_bone": false
    },
    "lowerarm_l": {
      "name": "lowerarm_l",
      "local": {
        "location": {
          "x": 0.0,
          "y": 0.0,
          "z": 0.0
        },
        "rotation_quaternion": {
          "w": 0.9236882328987122,
          "x": 0.38017022609710693,
          "y": 0.008632239885628223,
          "z": -0.04686320573091507
        },
        "scale": {
          "x": 1.0,
          "y": 1.0,
          "z": 1.0
        },
        "matrix_basis": [
          [
            0.9954586625099182,
            0.09313742816448212,
            -0.019684994593262672,
            0.0
          ],
          [
            -0.0800105407834053,
            0.7065488696098328,
            -0.7031266093254089,
            0.0
          ],
          [
            -0.05157898738980293,
            0.7015084624290466,
            0.7107921838760376,
            0.0
          ],
          [
            0.0,
            0.0,
            0.0,
            1.0
          ]
        ],
        "rotation_mode": "QUATERNION"
      },
      "armature_space": {
        "head": {
          "x": 0.30172812938690186,
          "y": -0.3119255304336548,
          "z": 0.5204864144325256
        },
        "tail": {
          "x": 0.17718829214572906,
          "y": -0.546025276184082,
          "z": 0.5559335947036743
        }
      },
      "world_space": {
        "head": {
          "x": 0.30172812938690186,
          "y": -0.24868153035640717,
          "z": 1.4703404903411865
        },
        "tail": {
          "x": 0.17718829214572906,
          "y": -0.4827812910079956,
          "z": 1.5057876110076904
        },
        "rotation_quaternion": {
          "w": 0.1143985316157341,
          "x": -0.7066802382469177,
          "y": 0.2222234606742859,
          "z": 0.6619159579277039
        },
        "matrix": [
          [
            0.024967925623059273,
            -0.46552687883377075,
            -0.8846815228462219,
            0.30172812938690186
          ],
          [
            -0.16263791918754578,
            -0.8750591278076172,
            0.45587337017059326,
            -0.24868153035640717
          ],
          [
            -0.986376941204071,
            0.13250066339969635,
            -0.09756086766719818,
            1.4703404903411865
          ],
          [
            0.0,
            0.0,
            0.0,
            1.0
          ]
        ]
      },
      "bone_length_armature_space": 0.2675245091660351,
      "parent": "upperarm_l",
      "has_children": true,
      "is_end_bone": false
    },
    "metacarpal_thumb_l": {
      "name": "metacarpal_thumb_l",
      "local": {
        "location": {
          "x": 0.0,
          "y": 0.0,
          "z": 0.0
        },
        "rotation_quaternion": {
          "w": 0.9998880624771118,
          "x": -0.006733940914273262,
          "y": -0.013359005562961102,
          "z": 0.00035117054358124733
        },
        "scale": {
          "x": 1.0,
          "y": 1.0,
          "z": 1.0
        },
        "matrix_basis": [
          [
            0.9996428489685059,
            -0.0005223449552431703,
            -0.026719748973846436,
            0.0
          ],
          [
            0.0008821800001896918,
            0.9999090433120728,
            0.013456991873681545,
            0.0
          ],
          [
            0.02671029046177864,
            -0.013475757092237473,
            0.9995523691177368,
            0.0
          ],
          [
            0.0,
            0.0,
            0.0,
            1.0
          ]
        ],
        "rotation_mode": "QUATERNION"
      },
      "armature_space": {
        "head": {
          "x": 0.17718829214572906,
          "y": -0.546025276184082,
          "z": 0.5559335947036743
        },
        "tail": {
          "x": 0.1333632618188858,
          "y": -0.5683374404907227,
          "z": 0.5500074625015259
        }
      },
      "world_space": {
        "head": {
          "x": 0.17718829214572906,
          "y": -0.4827812910079956,
          "z": 1.5057876110076904
        },
        "tail": {
          "x": 0.1333632618188858,
          "y": -0.5050934553146362,
          "z": 1.499861478805542
        },
        "rotation_quaternion": {
          "w": 0.03492436558008194,
          "x": -0.8496471643447876,
          "y": 0.5230279564857483,
          "z": -0.05763642489910126
        },
        "matrix": [
          [
            0.44623953104019165,
            -0.8847522735595703,
            0.13447438180446625,
            0.17718829214572906
          ],
          [
            -0.8928042650222778,
            -0.4504441022872925,
            -0.0009451787918806076,
            -0.4827812910079956
          ],
          [
            0.06140898913145065,
            -0.11963868141174316,
            -0.9909235239028931,
            1.5057876110076904
          ],
          [
            0.0,
            0.0,
            0.0,
            1.0
          ]
        ]
      },
      "bone_length_armature_space": 0.049533674961781425,
      "parent": "lowerarm_l",
      "has_children": true,
      "is_end_bone": false
    },
    "thumb_01_l": {
      "name": "thumb_01_l",
      "local": {
        "location": {
          "x": 0.0,
          "y": 0.0,
          "z": 0.0
        },
        "rotation_quaternion": {
          "w": 0.9618760347366333,
          "x": 0.2733767330646515,
          "y": 0.0028946977108716965,
          "z": -0.007158857770264149
        },
        "scale": {
          "x": 1.0,
          "y": 1.0,
          "z": 1.0
        },
        "matrix_basis": [
          [
            0.9998807311058044,
            0.015354553237557411,
            0.0016545504331588745,
            0.0
          ],
          [
            -0.01218918152153492,
            0.8504278063774109,
            -0.5259504914283752,
            0.0
          ],
          [
            -0.009482811205089092,
            0.5258675813674927,
            0.8505135774612427,
            0.0
          ],
          [
            0.0,
            0.0,
            0.0,
            1.0
          ]
        ],
        "rotation_mode": "QUATERNION"
      },
      "armature_space": {
        "head": {
          "x": 0.1333632618188858,
          "y": -0.5683374404907227,
          "z": 0.5500074625015259
        },
        "tail": {
          "x": 0.12420152872800827,
          "y": -0.5905489921569824,
          "z": 0.5258963704109192
        }
      },
      "world_space": {
        "head": {
          "x": 0.1333632618188858,
          "y": -0.5050934553146362,
          "z": 1.499861478805542
        },
        "tail": {
          "x": 0.12420152872800827,
          "y": -0.527305006980896,
          "z": 1.47575044631958
        },
        "rotation_quaternion": {
          "w": 0.015434447675943375,
          "x": -0.3541223406791687,
          "y": 0.416524201631546,
          "z": -0.8371778130531311
        },
        "matrix": [
          [
            -0.7487189769744873,
            -0.2691573202610016,
            0.6057835817337036,
            0.1333632618188858
          ],
          [
            -0.3208424150943756,
            -0.6525400876998901,
            -0.6864778995513916,
            -0.5050934553146362
          ],
          [
            0.5800723433494568,
            -0.7083457708358765,
            0.4022141993045807,
            1.499861478805542
          ],
          [
            0.0,
            0.0,
            0.0,
            1.0
          ]
        ]
      },
      "bone_length_armature_space": 0.03403872966875873,
      "parent": "metacarpal_thumb_l",
      "has_children": true,
      "is_end_bone": false
    },
    "thumb_02_l": {
      "name": "thumb_02_l",
      "local": {
        "location": {
          "x": 0.0,
          "y": 0.0,
          "z": 0.0
        },
        "rotation_quaternion": {
          "w": 0.9011962413787842,
          "x": 0.4333565831184387,
          "y": 0.0002225192729383707,
          "z": 0.006890947464853525
        },
        "scale": {
          "x": 1.0,
          "y": 1.0,
          "z": 1.0
        },
        "matrix_basis": [
          [
            0.9999049305915833,
            -0.012227331288158894,
            0.00637354189530015,
            0.0
          ],
          [
            0.012613052502274513,
            0.6243091821670532,
            -0.7810755968093872,
            0.0
          ],
          [
            0.0055714077316224575,
            0.7810817360877991,
            0.6244040727615356,
            0.0
          ],
          [
            0.0,
            0.0,
            0.0,
            1.0
          ]
        ],
        "rotation_mode": "QUATERNION"
      },
      "armature_space": {
        "head": {
          "x": 0.12420152872800827,
          "y": -0.5905488729476929,
          "z": 0.5258963704109192
        },
        "tail": {
          "x": 0.12754206359386444,
          "y": -0.6081715822219849,
          "z": 0.5618335008621216
        }
      },
      "world_space": {
        "head": {
          "x": 0.12420152872800827,
          "y": -0.5273048877716064,
          "z": 1.47575044631958
        },
        "tail": {
          "x": 0.12754206359386444,
          "y": -0.5449275970458984,
          "z": 1.5116875171661377
        },
        "rotation_quaternion": {
          "w": 0.06174316257238388,
          "x": 0.1764015257358551,
          "y": 0.5261232256889343,
          "z": 0.8296172618865967
        },
        "matrix": [
          [
            -0.9301406741142273,
            0.08317145705223083,
            0.35765963792800903,
            0.12420152872800827
          ],
          [
            0.2880638837814331,
            -0.43876421451568604,
            0.8511788249015808,
            -0.5273048877716064
          ],
          [
            0.2277238816022873,
            0.894750714302063,
            0.38415732979774475,
            1.47575044631958
          ],
          [
            0.0,
            0.0,
            0.0,
            1.0
          ]
        ]
      },
      "bone_length_armature_space": 0.040164616283424485,
      "parent": "thumb_01_l",
      "has_children": true,
      "is_end_bone": false
    },
    "thumb_03_l": {
      "name": "thumb_03_l",
      "local": {
        "location": {
          "x": 0.0,
          "y": 0.0,
          "z": 0.0
        },
        "rotation_quaternion": {
          "w": 0.9877417087554932,
          "x": 0.15599197149276733,
          "y": -0.00530360359698534,
          "z": 0.002186256693676114
        },
        "scale": {
          "x": 1.0,
          "y": 1.0,
          "z": 1.0
        },
        "matrix_basis": [
          [
            0.999934196472168,
            -0.005973552819341421,
            -0.009795104153454304,
            0.0
          ],
          [
            0.0026642747689038515,
            0.9513234496116638,
            -0.3081827461719513,
            0.0
          ],
          [
            0.011159257963299751,
            0.30813637375831604,
            0.9512767791748047,
            0.0
          ],
          [
            0.0,
            0.0,
            0.0,
            1.0
          ]
        ],
        "rotation_mode": "QUATERNION"
      },
      "armature_space": {
        "head": {
          "x": 0.12754198908805847,
          "y": -0.6081715822219849,
          "z": 0.5618335008621216
        },
        "tail": {
          "x": 0.13665437698364258,
          "y": -0.6058416962623596,
          "z": 0.5907893180847168
        }
      },
      "world_space": {
        "head": {
          "x": 0.12754198908805847,
          "y": -0.5449275970458984,
          "z": 1.5116875171661377
        },
        "tail": {
          "x": 0.13665437698364258,
          "y": -0.5425977110862732,
          "z": 1.540643334388733
        },
        "rotation_quaternion": {
          "w": 0.15605485439300537,
          "x": -0.061443306505680084,
          "y": -0.7168752551078796,
          "z": -0.6767284870147705
        },
        "matrix": [
          [
            -0.9437432885169983,
            0.2993076741695404,
            -0.14058130979537964,
            0.12754198908805847
          ],
          [
            -0.12311702221632004,
            0.07652744650840759,
            0.9894372820854187,
            -0.5449275970458984
          ],
          [
            0.30690646171569824,
            0.9510895013809204,
            -0.035371631383895874,
            1.5116875171661377
          ],
          [
            0.0,
            0.0,
            0.0,
            1.0
          ]
        ]
      },
      "bone_length_armature_space": 0.030445086845490688,
      "parent": "thumb_02_l",
      "has_children": false,
      "is_end_bone": true
    },
    "metacarpal_index_l": {
      "name": "metacarpal_index_l",
      "local": {
        "location": {
          "x": 0.0,
          "y": 0.0,
          "z": 0.0
        },
        "rotation_quaternion": {
          "w": 0.9974329471588135,
          "x": -0.06746100634336472,
          "y": 0.01870253123342991,
          "z": 0.015061257407069206
        },
        "scale": {
          "x": 1.0,
          "y": 1.0,
          "z": 1.0
        },
        "matrix_basis": [
          [
            0.9988467693328857,
            -0.03256857022643089,
            0.03527694568037987,
            0.0
          ],
          [
            0.027521805837750435,
            0.9904443621635437,
            0.13513903319835663,
            0.0
          ],
          [
            -0.03934113681316376,
            -0.13401229679584503,
            0.9901984333992004,
            0.0
          ],
          [
            0.0,
            0.0,
            0.0,
            1.0
          ]
        ],
        "rotation_mode": "QUATERNION"
      },
      "armature_space": {
        "head": {
          "x": 0.17718829214572906,
          "y": -0.546025276184082,
          "z": 0.5559335947036743
        },
        "tail": {
          "x": 0.09797734767198563,
          "y": -0.6297692060470581,
          "z": 0.5769526958465576
        }
      },
      "world_space": {
        "head": {
          "x": 0.17718829214572906,
          "y": -0.4827812910079956,
          "z": 1.5057876110076904
        },
        "tail": {
          "x": 0.09797734767198563,
          "y": -0.5665252208709717,
          "z": 1.5268067121505737
        },
        "rotation_quaternion": {
          "w": 0.0019352532690390944,
          "x": -0.8937335014343262,
          "y": 0.37767791748046875,
          "z": 0.2420666515827179
        },
        "matrix": [
          [
            0.5975261330604553,
            -0.676024317741394,
            -0.43122345209121704,
            0.17718829214572906
          ],
          [
            -0.6741499900817871,
            -0.7147109508514404,
            0.18630637228488922,
            -0.4827812910079956
          ],
          [
            -0.4341515302658081,
            0.17938700318336487,
            -0.8828061819076538,
            1.5057876110076904
          ],
          [
            0.0,
            0.0,
            0.0,
            1.0
          ]
        ]
      },
      "bone_length_armature_space": 0.11717176306878233,
      "parent": "lowerarm_l",
      "has_children": true,
      "is_end_bone": false
    },
    "index_01_l": {
      "name": "index_01_l",
      "local": {
        "location": {
          "x": 0.0,
          "y": 0.0,
          "z": 0.0
        },
        "rotation_quaternion": {
          "w": 0.9423134922981262,
          "x": 0.33439725637435913,
          "y": 0.003856060327962041,
          "z": -0.01445774920284748
        },
        "scale": {
          "x": 1.0,
          "y": 1.0,
          "z": 1.0
        },
        "matrix_basis": [
          [
            0.9995521903038025,
            0.02982637658715248,
            -0.0024020280689001083,
            0.0
          ],
          [
            -0.024668551981449127,
            0.775938868522644,
            -0.6303256154060364,
            0.0
          ],
          [
            -0.016936497762799263,
            0.6301025748252869,
            0.7763271927833557,
            0.0
          ],
          [
            0.0,
            0.0,
            0.0,
            1.0
          ]
        ],
        "rotation_mode": "QUATERNION"
      },
      "armature_space": {
        "head": {
          "x": 0.09797734767198563,
          "y": -0.6297692060470581,
          "z": 0.5769526958465576
        },
        "tail": {
          "x": 0.08202777802944183,
          "y": -0.6493939161300659,
          "z": 0.5637786388397217
        }
      },
      "world_space": {
        "head": {
          "x": 0.09797734767198563,
          "y": -0.5665252208709717,
          "z": 1.5268067121505737
        },
        "tail": {
          "x": 0.08202777802944183,
          "y": -0.5861499309539795,
          "z": 1.5136326551437378
        },
        "rotation_quaternion": {
          "w": 0.3014205992221832,
          "x": -0.9042026996612549,
          "y": 0.2550027370452881,
          "z": 0.16290096938610077
        },
        "matrix": [
          [
            0.8168737292289734,
            -0.5593520998954773,
            -0.14086352288722992,
            0.09797734767198563
          ],
          [
            -0.36294615268707275,
            -0.6882383227348328,
            0.6281705498695374,
            -0.5665252208709717
          ],
          [
            -0.4483197331428528,
            -0.46201393008232117,
            -0.7652232646942139,
            1.5268067121505737
          ],
          [
            0.0,
            0.0,
            0.0,
            1.0
          ]
        ]
      },
      "bone_length_armature_space": 0.028514448947529407,
      "parent": "metacarpal_index_l",
      "has_children": true,
      "is_end_bone": false
    },
    "index_02_l": {
      "name": "index_02_l",
      "local": {
        "location": {
          "x": 0.0,
          "y": 0.0,
          "z": 0.0
        },
        "rotation_quaternion": {
          "w": 0.8988540768623352,
          "x": 0.43822333216667175,
          "y": -0.0036618360318243504,
          "z": 0.00287875859066844
        },
        "scale": {
          "x": 1.0,
          "y": 1.0,
          "z": 1.0
        },
        "matrix_basis": [
          [
            0.9999566078186035,
            -0.00838457141071558,
            -0.004059833940118551,
            0.0
          ],
          [
            0.001965763745829463,
            0.6159040331840515,
            -0.7878187298774719,
            0.0
          ],
          [
            0.009105990640819073,
            0.7877765893936157,
            0.6158937811851501,
            0.0
          ],
          [
            0.0,
            0.0,
            0.0,
            1.0
          ]
        ],
        "rotation_mode": "QUATERNION"
      },
      "armature_space": {
        "head": {
          "x": 0.08202732354402542,
          "y": -0.6493939161300659,
          "z": 0.5637783408164978
        },
        "tail": {
          "x": 0.0691782534122467,
          "y": -0.6480856537818909,
          "z": 0.5416133403778076
        }
      },
      "world_space": {
        "head": {
          "x": 0.08202732354402542,
          "y": -0.5861499309539795,
          "z": 1.5136322975158691
        },
        "tail": {
          "x": 0.0691782534122467,
          "y": -0.5848416686058044,
          "z": 1.4914673566818237
        },
        "rotation_quaternion": {
          "w": 0.6638479232788086,
          "x": -0.6845266819000244,
          "y": 0.2912138104438782,
          "z": 0.07696586102247238
        },
        "matrix": [
          [
            0.818540632724762,
            -0.5008745789527893,
            0.2812754809856415,
            0.08202732354402542
          ],
          [
            -0.2965031564235687,
            0.0509985089302063,
            0.9536693096160889,
            -0.5861499309539795
          ],
          [
            -0.49201712012290955,
            -0.8640220761299133,
            -0.10676652193069458,
            1.5136322975158691
          ],
          [
            0.0,
            0.0,
            0.0,
            1.0
          ]
        ]
      },
      "bone_length_armature_space": 0.025653409661807455,
      "parent": "index_01_l",
      "has_children": true,
      "is_end_bone": false
    },
    "index_03_l": {
      "name": "index_03_l",
      "local": {
        "location": {
          "x": 0.0,
          "y": 0.0,
          "z": 0.0
        },
        "rotation_quaternion": {
          "w": 0.9361881017684937,
          "x": 0.3513343036174774,
          "y": -0.004988779313862324,
          "z": -0.009554143063724041
        },
        "scale": {
          "x": 1.0,
          "y": 1.0,
          "z": 1.0
        },
        "matrix_basis": [
          [
            0.9997676610946655,
            0.01438349112868309,
            -0.016054268926382065,
            0.0
          ],
          [
            -0.021394409239292145,
            0.7529458403587341,
            -0.6577346920967102,
            0.0
          ],
          [
            0.0026274751871824265,
            0.6579253077507019,
            0.7530786395072937,
            0.0
          ],
          [
            0.0,
            0.0,
            0.0,
            1.0
          ]
        ],
        "rotation_mode": "QUATERNION"
      },
      "armature_space": {
        "head": {
          "x": 0.06917820125818253,
          "y": -0.6480857729911804,
          "z": 0.5416133999824524
        },
        "tail": {
          "x": 0.0681113451719284,
          "y": -0.6281378865242004,
          "z": 0.5202901363372803
        }
      },
      "world_space": {
        "head": {
          "x": 0.06917820125818253,
          "y": -0.584841787815094,
          "z": 1.4914674758911133
        },
        "tail": {
          "x": 0.0681113451719284,
          "y": -0.564893901348114,
          "z": 1.4701441526412964
        },
        "rotation_quaternion": {
          "w": 0.8787595629692078,
          "x": -0.38681626319885254,
          "y": 0.262937992811203,
          "z": -0.0949656292796135
        },
        "matrix": [
          [
            0.8436906933784485,
            -0.03651288151741028,
            0.5355864763259888,
            0.06917820125818253
          ],
          [
            -0.370321124792099,
            0.6827095746994019,
            0.6298967003822327,
            -0.584841787815094
          ],
          [
            -0.3886525332927704,
            -0.7297815084457397,
            0.5624787211418152,
            1.4914674758911133
          ],
          [
            0.0,
            0.0,
            0.0,
            1.0
          ]
        ]
      },
      "bone_length_armature_space": 0.029218793985093233,
      "parent": "index_02_l",
      "has_children": false,
      "is_end_bone": true
    },
    "metacarpal_pinky_l": {
      "name": "metacarpal_pinky_l",
      "local": {
        "location": {
          "x": 0.0,
          "y": 0.0,
          "z": 0.0
        },
        "rotation_quaternion": {
          "w": 0.9992409348487854,
          "x": -0.036727629601955414,
          "y": 0.009710629470646381,
          "z": 0.008632916957139969
        },
        "scale": {
          "x": 1.0,
          "y": 1.0,
          "z": 1.0
        },
        "matrix_basis": [
          [
            0.9996623396873474,
            -0.017966024577617645,
            0.018772384151816368,
            0.0
          ],
          [
            0.016539432108402252,
            0.997153103351593,
            0.07356716692447662,
            0.0
          ],
          [
            -0.02004064992070198,
            -0.07323183864355087,
            0.9971135854721069,
            0.0
          ],
          [
            0.0,
            0.0,
            0.0,
            1.0
          ]
        ],
        "rotation_mode": "QUATERNION"
      },
      "armature_space": {
        "head": {
          "x": 0.17718829214572906,
          "y": -0.546025276184082,
          "z": 0.5559335947036743
        },
        "tail": {
          "x": 0.16301050782203674,
          "y": -0.6487854719161987,
          "z": 0.5650189518928528
        }
      },
      "world_space": {
        "head": {
          "x": 0.17718829214572906,
          "y": -0.4827812910079956,
          "z": 1.5057876110076904
        },
        "tail": {
          "x": 0.16301050782203674,
          "y": -0.5855414867401123,
          "z": 1.5148730278015137
        },
        "rotation_quaternion": {
          "w": 0.06008457392454147,
          "x": -0.16552603244781494,
          "y": 0.0545041561126709,
          "z": 0.9828633666038513
        },
        "matrix": [
          [
            -0.937981903553009,
            -0.1361537128686905,
            -0.3188292980194092,
            0.17718829214572906
          ],
          [
            0.10006604343652725,
            -0.9868383407592773,
            0.12703198194503784,
            -0.4827812910079956
          ],
          [
            -0.33193087577819824,
            0.08724939078092575,
            0.9392675757408142,
            1.5057876110076904
          ],
          [
            0.0,
            0.0,
            0.0,
            1.0
          ]
        ]
      },
      "bone_length_armature_space": 0.10413073930491505,
      "parent": "lowerarm_l",
      "has_children": true,
      "is_end_bone": false
    },
    "pinky_01_l": {
      "name": "pinky_01_l",
      "local": {
        "location": {
          "x": 0.0,
          "y": 0.0,
          "z": 0.0
        },
        "rotation_quaternion": {
          "w": 0.949729859828949,
          "x": 0.3129909038543701,
          "y": 0.005953196436166763,
          "z": -0.0038063167594373226
        },
        "scale": {
          "x": 1.0,
          "y": 1.0,
          "z": 1.0
        },
        "matrix_basis": [
          [
            0.9999001622200012,
            0.010956537909805775,
            0.008925171568989754,
            0.0
          ],
          [
            -0.0035033526364713907,
            0.8040444254875183,
            -0.5945589542388916,
            0.0
          ],
          [
            -0.013690541498363018,
            0.5944682955741882,
            0.8040025234222412,
            0.0
          ],
          [
            0.0,
            0.0,
            0.0,
            1.0
          ]
        ],
        "rotation_mode": "QUATERNION"
      },
      "armature_space": {
        "head": {
          "x": 0.16301050782203674,
          "y": -0.6487854719161987,
          "z": 0.5650189518928528
        },
        "tail": {
