{
  "metadata": {
    "armature_name": "KIM_caucasian_male",
    "export_time": "2026-01-13T21:00:14.959029",
    "blender_version": "4.4.1",
    "bone_count": 56,
    "end_bone_count": 13,
    "spaces_included": [
      "LOCAL_CHANNELS",
      "ARMATURE_SPACE",
      "WORLD_SPACE"
    ],
    "note": "LOCAL matches Transform panel; replay pose via local.matrix_basis for best fidelity."
  },
  "bones": {
    "Root": {
      "name": "Root",
      "local": {
        "location": {
          "x": 0.0,
          "y": 0.0,
          "z": 0.0
        },
        "rotation_quaternion": {
          "w": 0.9999206066131592,
          "x": -0.007817655801773071,
          "y": -0.005480272229760885,
          "z": -0.008227001875638962
        },
        "scale": {
          "x": 1.0,
          "y": 1.0,
          "z": 1.0
        },
        "matrix_basis": [
          [
            0.9998045563697815,
            0.016538383439183235,
            -0.010831042192876339,
            0.0
          ],
          [
            -0.01636701077222824,
            0.9997423887252808,
            0.015724243596196175,
            0.0
          ],
          [
            0.011088306084275246,
            -0.01554389763623476,
            0.9998177289962769,
            0.0
          ],
          [
            0.0,
            0.0,
            0.0,
            1.0
          ]
        ],
        "rotation_mode": "QUATERNION"
      },
      "armature_space": {
        "head": {
          "x": 0.0,
          "y": 0.07072800397872925,
          "z": -0.009595036506652832
        },
        "tail": {
          "x": 0.0011804414680227637,
          "y": 0.00016736984252929688,
          "z": 0.0010969238355755806
        }
      },
      "world_space": {
        "head": {
          "x": 0.0,
          "y": 0.13397200405597687,
          "z": 0.9402589797973633
        },
        "tail": {
          "x": 0.0011804414680227637,
          "y": 0.06341136991977692,
          "z": 0.9509509205818176
        },
        "rotation_quaternion": {
          "w": 0.07516220211982727,
          "x": 0.9971223473548889,
          "y": 0.00783911719918251,
          "z": -0.0060220579616725445
        },
        "matrix": [
          [
            0.9998045563697815,
            0.016538383439183235,
            -0.010831042192876339,
            0.0
          ],
          [
            0.014727852307260036,
            -0.9885783195495605,
            -0.14998671412467957,
            0.13397200405597687
          ],
          [
            -0.013187949545681477,
            0.1497979760169983,
            -0.988635778427124,
            0.9402589797973633
          ],
          [
            0.0,
            0.0,
            0.0,
            1.0
          ]
        ]
      },
      "bone_length_armature_space": 0.07137586735723746,
      "parent": null,
      "has_children": true,
      "is_end_bone": false
    },
    "spine_01": {
      "name": "spine_01",
      "local": {
        "location": {
          "x": 0.0,
          "y": 0.0,
          "z": 0.0
        },
        "rotation_quaternion": {
          "w": 0.9952383041381836,
          "x": 0.08446074277162552,
          "y": 0.019440967589616776,
          "z": -0.04460212588310242
        },
        "scale": {
          "x": 1.0,
          "y": 1.0,
          "z": 1.0
        },
        "matrix_basis": [
          [
            0.9952654242515564,
            0.09206348657608032,
            0.031162533909082413,
            0.0
          ],
          [
            -0.0854954943060875,
            0.9817540645599365,
            -0.16985134780406952,
            0.0
          ],
          [
            -0.04623105004429817,
            0.16638290882110596,
            0.9849768877029419,
            0.0
          ],
          [
            0.0,
            0.0,
            0.0,
            1.0
          ]
        ],
        "rotation_mode": "QUATERNION"
      },
      "armature_space": {
        "head": {
          "x": 0.0011804414680227637,
          "y": 0.00016736984252929688,
          "z": 0.0010969238355755806
        },
        "tail": {
          "x": 0.053225044161081314,
          "y": -0.05028340220451355,
          "z": 0.4836883842945099
        }
      },
      "world_space": {
        "head": {
          "x": 0.0011804414680227637,
          "y": 0.06341136991977692,
          "z": 0.9509509205818176
        },
        "tail": {
          "x": 0.053225044161081314,
          "y": 0.01296059787273407,
          "z": 1.4335423707962036
        },
        "rotation_quaternion": {
          "w": 0.667330265045166,
          "x": 0.7425116896629333,
          "y": 0.054579369723796844,
          "z": -0.01917850598692894
        },
        "matrix": [
          [
            0.993306577205658,
            0.1066485121846199,
            0.044365089386701584,
            0.0011804414680227637
          ],
          [
            0.05545550212264061,
            -0.10338246822357178,
            -0.9930945634841919,
            0.06341136991977692
          ],
          [
            -0.10132615268230438,
            0.988914430141449,
            -0.10860642790794373,
            0.9509509205818176
          ],
          [
            0.0,
            0.0,
            0.0,
            1.0
          ]
        ]
      },
      "bone_length_armature_space": 0.48800454023878337,
      "parent": "Root",
      "has_children": true,
      "is_end_bone": false
    },
    "neck_01": {
      "name": "neck_01",
      "local": {
        "location": {
          "x": 0.0,
          "y": 0.0,
          "z": 0.0
        },
        "rotation_quaternion": {
          "w": 0.9869390726089478,
          "x": -0.016431497409939766,
          "y": -0.08609879016876221,
          "z": 0.13516046106815338
        },
        "scale": {
          "x": 1.0,
          "y": 1.0,
          "z": 1.0
        },
        "matrix_basis": [
          [
            0.9486373066902161,
            -0.2639608085155487,
            -0.1743903011083603,
            0.0
          ],
          [
            0.26961973309516907,
            0.9629232883453369,
            0.009159469045698643,
            0.0
          ],
          [
            0.1655067354440689,
            -0.05570807680487633,
            0.9846339821815491,
            0.0
          ],
          [
            0.0,
            0.0,
            0.0,
            1.0
          ]
        ],
        "rotation_mode": "QUATERNION"
      },
      "armature_space": {
        "head": {
          "x": 0.06257228553295135,
          "y": -0.0922938659787178,
          "z": 0.5523287057876587
        },
        "tail": {
          "x": 0.04710160568356514,
          "y": -0.1354159414768219,
          "z": 0.6440449953079224
        }
      },
      "world_space": {
        "head": {
          "x": 0.06257228553295135,
          "y": -0.029049865901470184,
          "z": 1.5021827220916748
        },
        "tail": {
          "x": 0.04710160568356514,
          "y": -0.07217194139957428,
          "z": 1.5938990116119385
        },
        "rotation_quaternion": {
          "w": 0.5267284512519836,
          "x": 0.8421236276626587,
          "y": -0.11067575216293335,
          "z": -0.033701926469802856
        },
        "matrix": [
          [
            0.9732300639152527,
            -0.15090204775333405,
            -0.17335504293441772,
            0.06257228553295135
          ],
          [
            -0.22190940380096436,
            -0.4206155836582184,
            -0.8796811103820801,
            -0.029049865901470184
          ],
          [
            0.059829987585544586,
            0.89460688829422,
            -0.44284626841545105,
            1.5021827220916748
          ],
          [
            0.0,
            0.0,
            0.0,
            1.0
          ]
        ]
      },
      "bone_length_armature_space": 0.10252186632433602,
      "parent": "spine_01",
      "has_children": true,
      "is_end_bone": false
    },
    "head": {
      "name": "head",
      "local": {
        "location": {
          "x": 0.0,
          "y": 0.0,
          "z": 0.0
        },
        "rotation_quaternion": {
          "w": 0.9844930768013,
          "x": 0.03399185091257095,
          "y": -0.08470706641674042,
          "z": -0.1498091071844101
        },
        "scale": {
          "x": 1.0,
          "y": 1.0,
          "z": 1.0
        },
        "matrix_basis": [
          [
            0.9407638907432556,
            0.2892133593559265,
            -0.17697161436080933,
            0.0
          ],
          [
            -0.30073076486587524,
            0.9528035521507263,
            -0.04154970496892929,
            0.0
          ],
          [
            0.15660245716571808,
            0.09230926632881165,
            0.9833385348320007,
            0.0
          ],
          [
            0.0,
            0.0,
            0.0,
            1.0
          ]
        ],
        "rotation_mode": "QUATERNION"
      },
      "armature_space": {
        "head": {
          "x": 0.04710158705711365,
          "y": -0.13541604578495026,
          "z": 0.6440448760986328
        },
        "tail": {
          "x": 0.07596547901630402,
          "y": -0.17035101354122162,
          "z": 0.7923678159713745
        }
      },
      "world_space": {
        "head": {
          "x": 0.04710158705711365,
          "y": -0.07217204570770264,
          "z": 1.593898892402649
        },
        "tail": {
          "x": 0.07596547901630402,
          "y": -0.107107013463974,
          "z": 1.7422218322753906
        },
        "rotation_quaternion": {
          "w": 0.6202532052993774,
          "x": 0.7532674670219421,
          "y": -0.0515562929213047,
          "z": -0.21264055371284485
        },
        "matrix": [
          [
            0.9042525291442871,
            0.18611031770706177,
            -0.3843051791191101,
            0.04710158705711365
          ],
          [
            -0.3414521813392639,
            -0.22525575757026672,
            -0.9125076532363892,
            -0.07217204570770264
          ],
          [
            -0.25639623403549194,
            0.9563655853271484,
            -0.14014218747615814,
            1.593898892402649
          ],
          [
            0.0,
            0.0,
            0.0,
            1.0
          ]
        ]
      },
      "bone_length_armature_space": 0.15509116898047756,
      "parent": "neck_01",
      "has_children": false,
      "is_end_bone": true
    },
    "upperarm_l": {
      "name": "upperarm_l",
      "local": {
        "location": {
          "x": 0.0,
          "y": 0.0,
          "z": 0.0
        },
        "rotation_quaternion": {
          "w": 0.9378019571304321,
          "x": -0.15856653451919556,
          "y": 0.14195498824119568,
          "z": -0.2742865979671478
        },
        "scale": {
          "x": 1.0,
          "y": 1.0,
          "z": 1.0
        },
        "matrix_basis": [
          [
            0.8092312812805176,
            0.4694344103336334,
            0.35323667526245117,
            0.0
          ],
          [
            -0.5594716668128967,
            0.7992470264434814,
            0.21953530609607697,
            0.0
          ],
          [
            -0.17926597595214844,
            -0.3752807080745697,
            0.9094108939170837,
            0.0
          ],
          [
            0.0,
            0.0,
            0.0,
            1.0
          ]
        ],
        "rotation_mode": "QUATERNION"
      },
      "armature_space": {
        "head": {
          "x": 0.2045421600341797,
          "y": -0.08019454032182693,
          "z": 0.4703206419944763
        },
        "tail": {
          "x": 0.39174818992614746,
          "y": 0.055600814521312714,
          "z": 0.33496418595314026
        }
      },
      "world_space": {
        "head": {
          "x": 0.2045421600341797,
          "y": -0.016950540244579315,
          "z": 1.4201745986938477
        },
        "tail": {
          "x": 0.39174818992614746,
          "y": 0.11884481459856033,
          "z": 1.284818172454834
        },
        "rotation_quaternion": {
          "w": 0.28985634446144104,
          "x": 0.2821641266345978,
          "y": 0.8181455135345459,
          "z": -0.40866217017173767
        },
        "matrix": [
          [
            -0.6727334856987,
            0.6986097097396851,
            0.24366849660873413,
            0.2045421600341797
          ],
          [
            0.22479747235774994,
            0.5067569017410278,
            -0.832264244556427,
            -0.016950540244579315
          ],
          [
            -0.7049131989479065,
            -0.5051190257072449,
            -0.49796223640441895,
            1.4201745986938477
          ],
          [
            0.0,
            0.0,
            0.0,
            1.0
          ]
        ]
      },
      "bone_length_armature_space": 0.2679698610421773,
      "parent": "spine_01",
      "has_children": true,
      "is_end_bone": false
    },
    "lowerarm_l": {
      "name": "lowerarm_l",
      "local": {
        "location": {
          "x": 0.0,
          "y": 0.0,
          "z": 0.0
        },
        "rotation_quaternion": {
          "w": 0.9802537560462952,
          "x": 0.059966545552015305,
          "y": 6.314821803243831e-05,
          "z": -0.188431978225708
        },
        "scale": {
          "x": 1.0,
          "y": 1.0,
          "z": 1.0
        },
        "matrix_basis": [
          [
            0.9289867877960205,
            0.36942988634109497,
            -0.022475427016615868,
            0.0
          ],
          [
            -0.369414746761322,
            0.9217948317527771,
            -0.11758866161108017,
            0.0
          ],
          [
            -0.022723032161593437,
            0.11754106730222702,
            0.9928080439567566,
            0.0
          ],
          [
            0.0,
            0.0,
            0.0,
            1.0
          ]
        ],
        "rotation_mode": "QUATERNION"
      },
      "armature_space": {
        "head": {
          "x": 0.3917483687400818,
          "y": 0.055600784718990326,
          "z": 0.33496421575546265
        },
        "tail": {
          "x": 0.5303460359573364,
          "y": 0.13592346012592316,
          "z": 0.12070055305957794
        }
      },
      "world_space": {
        "head": {
          "x": 0.3917483687400818,
          "y": 0.11884478479623795,
          "z": 1.284818172454834
        },
        "tail": {
          "x": 0.5303460359573364,
          "y": 0.19916746020317078,
          "z": 1.0705546140670776
        },
        "rotation_quaternion": {
          "w": 0.2294522374868393,
          "x": 0.1666480451822281,
          "y": 0.7729642987251282,
          "z": -0.5675442218780518
        },
        "matrix": [
          [
            -0.8391605019569397,
            0.5180747509002686,
            0.16555479168891907,
            0.3917483687400818
          ],
          [
            -0.0028203297406435013,
            0.30024421215057373,
            -0.9538582563400269,
            0.11884478479623795
          ],
          [
            -0.5438804626464844,
            -0.8009123802185059,
            -0.2504945695400238,
            1.284818172454834
          ],
          [
            0.0,
            0.0,
            0.0,
            1.0
          ]
        ]
      },
      "bone_length_armature_space": 0.2675256303472274,
      "parent": "upperarm_l",
      "has_children": true,
      "is_end_bone": false
    },
    "metacarpal_thumb_l": {
      "name": "metacarpal_thumb_l",
      "local": {
        "location": {
          "x": 0.0,
          "y": 0.0,
          "z": 0.0
        },
        "rotation_quaternion": {
          "w": 0.9978706240653992,
          "x": -0.06394106149673462,
          "y": -0.012802199460566044,
          "z": -0.0013789692893624306
        },
        "scale": {
          "x": 1.0,
          "y": 1.0,
          "z": 1.0
        },
        "matrix_basis": [
          [
            0.9996684193611145,
            0.00438923854380846,
            -0.025373531505465508,
            0.0
          ],
          [
            -0.0011148934718221426,
            0.9918192625045776,
            0.1276451200246811,
            0.0
          ],
          [
            0.02572622336447239,
            -0.12757450342178345,
            0.9914953112602234,
            0.0
          ],
          [
            0.0,
            0.0,
            0.0,
            1.0
          ]
        ],
        "rotation_mode": "QUATERNION"
      },
      "armature_space": {
        "head": {
          "x": 0.5303460359573364,
          "y": 0.13592346012592316,
          "z": 0.12070055305957794
        },
        "tail": {
          "x": 0.5535594820976257,
          "y": 0.12023364752531052,
          "z": 0.07985235750675201
        }
      },
      "world_space": {
        "head": {
          "x": 0.5303460359573364,
          "y": 0.19916746020317078,
          "z": 1.0705546140670776
        },
        "tail": {
          "x": 0.5535594820976257,
          "y": 0.18347764015197754,
          "z": 1.029706358909607
        },
        "rotation_quaternion": {
          "w": 0.2738065719604492,
          "x": -0.6846592426300049,
          "y": -0.5163856744766235,
          "z": 0.435450941324234
        },
        "matrix": [
          [
            0.08745460957288742,
            0.4686393141746521,
            -0.879050076007843,
            0.5303460359573364
          ],
          [
            0.9455553889274597,
            -0.3167504668235779,
            -0.07479491084814072,
            0.19916746020317078
          ],
          [
            -0.31349271535873413,
            -0.8246551156044006,
            -0.4708290100097656,
            1.0705546140670776
          ],
          [
            0.0,
            0.0,
            0.0,
            1.0
          ]
        ]
      },
      "bone_length_armature_space": 0.04953392140437891,
      "parent": "lowerarm_l",
      "has_children": true,
      "is_end_bone": false
    },
    "thumb_01_l": {
      "name": "thumb_01_l",
      "local": {
        "location": {
          "x": 0.0,
          "y": 0.0,
          "z": 0.0
        },
        "rotation_quaternion": {
          "w": 0.9996321201324463,
          "x": 0.018273839727044106,
          "y": 0.001927106291987002,
          "z": 0.019953645765781403
        },
        "scale": {
          "x": 1.0,
          "y": 1.0,
          "z": 1.0
        },
        "matrix_basis": [
          [
            0.9991962909698486,
            -0.039822179824113846,
            0.004582053981721401,
            0.0
          ],
          [
            0.03996304050087929,
            0.9985358119010925,
            -0.036457329988479614,
            0.0
          ],
          [
            -0.0031235353089869022,
            0.03661113977432251,
            0.9993246793746948,
            0.0
          ],
          [
            0.0,
            0.0,
            0.0,
            1.0
          ]
        ],
        "rotation_mode": "QUATERNION"
      },
      "armature_space": {
        "head": {
          "x": 0.5535594820976257,
          "y": 0.12023364752531052,
          "z": 0.07985235750675201
        },
        "tail": {
          "x": 0.5403596758842468,
          "y": 0.10873834788799286,
          "z": 0.05065885931253433
        }
      },
      "world_space": {
        "head": {
          "x": 0.5535594820976257,
          "y": 0.18347764015197754,
          "z": 1.029706358909607
        },
        "tail": {
          "x": 0.5403596758842468,
          "y": 0.17198234796524048,
          "z": 1.0005128383636475
        },
        "rotation_quaternion": {
          "w": 0.5455209612846375,
          "x": -0.8136932253837585,
          "y": 0.1831669956445694,
          "z": 0.0822203978896141
        },
        "matrix": [
          [
            0.9193791151046753,
            -0.38778969645500183,
            0.06604013592004776,
            0.5535594820976257
          ],
          [
            -0.20837947726249695,
            -0.33771389722824097,
            0.9178929328918457,
            0.18347764015197754
          ],
          [
            -0.33364900946617126,
            -0.8576592206954956,
            -0.3912964463233948,
            1.029706358909607
          ],
          [
            0.0,
            0.0,
            0.0,
            1.0
          ]
        ]
      },
      "bone_length_armature_space": 0.03403875916697226,
      "parent": "metacarpal_thumb_l",
      "has_children": true,
      "is_end_bone": false
    },
    "thumb_02_l": {
      "name": "thumb_02_l",
      "local": {
        "location": {
          "x": 0.0,
          "y": 0.0,
          "z": 0.0
        },
        "rotation_quaternion": {
          "w": 0.9910534024238586,
          "x": 0.1332889199256897,
          "y": 0.002570513403043151,
          "z": 0.006373886950314045
        },
        "scale": {
          "x": 1.0,
          "y": 1.0,
          "z": 1.0
        },
        "matrix_basis": [
          [
            0.999905526638031,
            -0.011948483064770699,
            0.006794169079512358,
            0.0
          ],
          [
            0.013318966142833233,
            0.9643868803977966,
            -0.2641600966453552,
            0.0
          ],
          [
            -0.0033958950079977512,
            0.26422563195228577,
            0.9644548892974854,
            0.0
          ],
          [
            0.0,
            0.0,
            0.0,
            1.0
          ]
        ],
        "rotation_mode": "QUATERNION"
      },
      "armature_space": {
        "head": {
          "x": 0.540359616279602,
          "y": 0.10873831808567047,
          "z": 0.05065889656543732
        },
        "tail": {
          "x": 0.5632070302963257,
          "y": 0.12559503316879272,
          "z": 0.02225051261484623
        }
      },
      "world_space": {
        "head": {
          "x": 0.540359616279602,
          "y": 0.1719823181629181,
          "z": 1.000512957572937
        },
        "tail": {
          "x": 0.5632070302963257,
          "y": 0.18883903324604034,
          "z": 0.972104549407959
        },
        "rotation_quaternion": {
          "w": 0.834521472454071,
          "x": -0.3693438172340393,
          "y": 0.11584837734699249,
          "z": -0.39209482073783875
        },
        "matrix": [
          [
            0.6656805276870728,
            0.5688475370407104,
            0.4829927980899811,
            0.540359616279602
          ],
          [
            -0.7399999499320984,
            0.4196928143501282,
            0.5256026387214661,
            0.1719823181629181
          ],
          [
            0.09627935290336609,
            -0.7073025107383728,
            0.7003337144851685,
            1.000512957572937
          ],
          [
            0.0,
            0.0,
            0.0,
            1.0
          ]
        ]
      },
      "bone_length_armature_space": 0.040164529952404854,
      "parent": "thumb_01_l",
      "has_children": true,
      "is_end_bone": false
    },
    "thumb_03_l": {
      "name": "thumb_03_l",
      "local": {
        "location": {
          "x": 0.0,
          "y": 0.0,
          "z": 0.0
        },
        "rotation_quaternion": {
          "w": 0.9984799027442932,
          "x": 0.05491320788860321,
          "y": 0.0032928436994552612,
          "z": 0.00339742423966527
        },
        "scale": {
          "x": 1.0,
          "y": 1.0,
          "z": 1.0
        },
        "matrix_basis": [
          [
            0.9999552369117737,
            -0.006422878243029118,
            0.006948803551495075,
            0.0
          ],
          [
            0.007146161049604416,
            0.9939460158348083,
            -0.10963709652423859,
            0.0
          ],
          [
            -0.006202549673616886,
            0.10968184471130371,
            0.9939473867416382,
            0.0
          ],
          [
            0.0,
            0.0,
            0.0,
            1.0
          ]
        ],
        "rotation_mode": "QUATERNION"
      },
      "armature_space": {
        "head": {
          "x": 0.5632069706916809,
          "y": 0.12559494376182556,
          "z": 0.022250505164265633
        },
        "tail": {
          "x": 0.5820901989936829,
          "y": 0.14606715738773346,
          "z": 0.00995397288352251
        }
      },
      "world_space": {
        "head": {
          "x": 0.5632069706916809,
          "y": 0.18883894383907318,
          "z": 0.972104549407959
        },
        "tail": {
          "x": 0.5820901989936829,
          "y": 0.20931115746498108,
          "z": 0.9598079919815063
        },
        "rotation_quaternion": {
          "w": 0.8817490339279175,
          "x": -0.12306172400712967,
          "y": 0.24235646426677704,
          "z": -0.3855360150337219
        },
        "matrix": [
          [
            0.585250198841095,
            0.6202430725097656,
            0.5222843289375305,
            0.5632069706916809
          ],
          [
            -0.7395418882369995,
            0.6724353432655334,
            0.030143745243549347,
            0.18883894383907318
          ],
          [
            -0.33250874280929565,
            -0.40389484167099,
            0.8522445559501648,
            0.972104549407959
          ],
          [
            0.0,
            0.0,
            0.0,
            1.0
          ]
        ]
      },
      "bone_length_armature_space": 0.03044491031628008,
      "parent": "thumb_02_l",
      "has_children": false,
      "is_end_bone": true
    },
    "metacarpal_index_l": {
      "name": "metacarpal_index_l",
      "local": {
        "location": {
          "x": 0.0,
          "y": 0.0,
          "z": 0.0
        },
        "rotation_quaternion": {
          "w": 0.9986199140548706,
          "x": -0.052341971546411514,
          "y": -0.004289322532713413,
          "z": -0.0005236904253251851
        },
        "scale": {
          "x": 1.0,
          "y": 1.0,
          "z": 1.0
        },
        "matrix_basis": [
          [
            0.9999626278877258,
            0.0014949585311114788,
            -0.008511983789503574,
            0.0
          ],
          [
            -0.0005969121702946723,
            0.9945200681686401,
            0.10454396158456802,
            0.0
          ],
          [
            0.00862162746489048,
            -0.10453497618436813,
            0.9944838285446167,
            0.0
          ],
          [
            0.0,
            0.0,
            0.0,
            1.0
          ]
        ],
        "rotation_mode": "QUATERNION"
      },
      "armature_space": {
        "head": {
          "x": 0.5303460359573364,
          "y": 0.13592346012592316,
          "z": 0.12070055305957794
        },
        "tail": {
          "x": 0.5972224473953247,
          "y": 0.14258967339992523,
          "z": 0.02471902221441269
        }
      },
      "world_space": {
        "head": {
          "x": 0.5303460359573364,
          "y": 0.19916746020317078,
          "z": 1.0705546140670776
        },
        "tail": {
          "x": 0.5972224473953247,
          "y": 0.20583367347717285,
          "z": 0.974573016166687
        },
        "rotation_quaternion": {
          "w": 0.1189582571387291,
          "x": -0.47947853803634644,
          "y": -0.7171445488929749,
          "z": 0.49158215522766113
        },
        "matrix": [
          [
            -0.511896014213562,
            0.5707553625106812,
            -0.6420287489891052,
            0.5303460359573364
          ],
          [
            0.8046680688858032,
            0.05689267814159393,
            -0.5909928679466248,
            0.19916746020317078
          ],
          [
            -0.30078691244125366,
            -0.8191525936126709,
            -0.48839572072029114,
            1.0705546140670776
          ],
          [
            0.0,
            0.0,
            0.0,
            1.0
          ]
        ]
      },
      "bone_length_armature_space": 0.11717229532781306,
      "parent": "lowerarm_l",
      "has_children": true,
      "is_end_bone": false
    },
    "index_01_l": {
      "name": "index_01_l",
      "local": {
        "location": {
          "x": 0.0,
          "y": 0.0,
          "z": 0.0
        },
        "rotation_quaternion": {
          "w": 0.9956316947937012,
          "x": -0.09219009429216385,
          "y": -0.00026626838371157646,
          "z": -0.014780196361243725
        },
        "scale": {
          "x": 1.0,
          "y": 1.0,
          "z": 1.0
        },
        "matrix_basis": [
          [
            0.9995629787445068,
            0.029480358585715294,
            0.0021949647925794125,
            0.0
          ],
          [
            -0.029382169246673584,
            0.9825650453567505,
            0.1835826337337494,
            0.0
          ],
          [
            0.0032553859055042267,
            -0.1835668832063675,
            0.9830018281936646,
            0.0
          ],
          [
            0.0,
            0.0,
            0.0,
            1.0
          ]
        ],
        "rotation_mode": "QUATERNION"
      },
      "armature_space": {
        "head": {
          "x": 0.5972224473953247,
          "y": 0.14258967339992523,
          "z": 0.02471902221441269
        },
        "tail": {
          "x": 0.6121010184288025,
          "y": 0.15744659304618835,
          "z": 0.005458349362015724
        }
      },
      "world_space": {
        "head": {
          "x": 0.5972224473953247,
          "y": 0.20583367347717285,
          "z": 0.974573016166687
        },
        "tail": {
          "x": 0.6121010184288025,
          "y": 0.22069059312343597,
          "z": 0.9553123712539673
        },
        "rotation_quaternion": {
          "w": 0.15640321373939514,
          "x": -0.3637721538543701,
          "y": -0.8579363822937012,
          "z": 0.3273424506187439
        },
        "matrix": [
          [
            -0.6864149570465088,
            0.5217922925949097,
            -0.5065248608589172,
            0.5972224473953247
          ],
          [
            0.7265825271606445,
            0.5210329294204712,
            -0.4478869140148163,
            0.20583367347717285
          ],
          [
            0.030213089659810066,
            -0.6754725575447083,
            -0.7367753982543945,
            0.974573016166687
          ],
          [
            0.0,
            0.0,
            0.0,
            1.0
          ]
        ]
      },
      "bone_length_armature_space": 0.028514442823511305,
      "parent": "metacarpal_index_l",
      "has_children": true,
      "is_end_bone": false
    },
    "index_02_l": {
      "name": "index_02_l",
      "local": {
        "location": {
          "x": 0.0,
          "y": 0.0,
          "z": 0.0
        },
        "rotation_quaternion": {
          "w": 0.9836981892585754,
          "x": 0.1796795278787613,
          "y": -0.0062317997217178345,
          "z": 0.0038004659581929445
        },
        "scale": {
          "x": 1.0,
          "y": 1.0,
          "z": 1.0
        },
        "matrix_basis": [
          [
            0.9998934268951416,
            -0.009716476313769817,
            -0.01089468877762556,
            0.0
          ],
          [
            0.005237569101154804,
            0.9354016184806824,
            -0.35354822874069214,
            0.0
          ],
          [
            0.013626151718199253,
            0.35345348715782166,
            0.9353528618812561,
            0.0
          ],
          [
            0.0,
            0.0,
            0.0,
            1.0
          ]
        ],
        "rotation_mode": "QUATERNION"
      },
      "armature_space": {
        "head": {
          "x": 0.6121011972427368,
          "y": 0.1574464738368988,
          "z": 0.00545785017311573
        },
        "tail": {
          "x": 0.6206956505775452,
          "y": 0.16637519001960754,
          "z": -0.017003441229462624
        }
      },
      "world_space": {
        "head": {
          "x": 0.6121011972427368,
          "y": 0.22069047391414642,
          "z": 0.9553118944168091
        },
        "tail": {
          "x": 0.6206956505775452,
          "y": 0.22961919009685516,
          "z": 0.9328505992889404
        },
        "rotation_quaternion": {
          "w": 0.17948025465011597,
          "x": -0.3156740963459015,
          "y": -0.8011331558227539,
          "z": 0.47573360800743103
        },
        "matrix": [
          [
            -0.7362726330757141,
            0.3350248336791992,
            -0.5879294872283936,
            0.6121011972427368
          ],
          [
            0.676564633846283,
            0.3480539321899414,
            -0.6489367485046387,
            0.22069047391414642
          ],
          [
            -0.012778189964592457,
            -0.8755723237991333,
            -0.48293250799179077,
            0.9553118944168091
          ],
          [
            0.0,
            0.0,
            0.0,
            1.0
          ]
        ]
      },
      "bone_length_armature_space": 0.025653385739769635,
      "parent": "index_01_l",
      "has_children": true,
      "is_end_bone": false
    },
    "index_03_l": {
      "name": "index_03_l",
      "local": {
        "location": {
          "x": 0.0,
          "y": 0.0,
          "z": 0.0
        },
        "rotation_quaternion": {
          "w": 0.9690923690795898,
          "x": 0.24665682017803192,
          "y": 0.003322188276797533,
          "z": 0.003072111401706934
        },
        "scale": {
          "x": 1.0,
          "y": 1.0,
          "z": 1.0
        },
        "matrix_basis": [
          [
            0.9999590516090393,
            -0.0043154386803507805,
            0.007954529486596584,
            0.0
          ],
          [
            0.007593200076371431,
            0.8783019781112671,
            -0.4780460596084595,
            0.0
          ],
          [
            -0.004923500120639801,
            0.4780868887901306,
            0.8782987594604492,
            0.0
          ],
          [
            0.0,
            0.0,
            0.0,
            1.0
          ]
        ],
        "rotation_mode": "QUATERNION"
      },
      "armature_space": {
        "head": {
          "x": 0.6206957697868347,
          "y": 0.1663752645254135,
          "z": -0.017003361135721207
        },
        "tail": {
          "x": 0.6169826984405518,
          "y": 0.16642875969409943,
          "z": -0.04598531872034073
        }
      },
      "world_space": {
        "head": {
          "x": 0.6206957697868347,
          "y": 0.22961926460266113,
          "z": 0.9328506588935852
        },
        "tail": {
          "x": 0.6169826984405518,
          "y": 0.22967275977134705,
          "z": 0.9038686752319336
        },
        "rotation_quaternion": {
          "w": 0.3075914680957794,
          "x": -0.22368577122688293,
          "y": -0.6374189257621765,
          "z": 0.670111358165741
        },
        "matrix": [
          [
            -0.7107037305831909,
            -0.1270778924226761,
            -0.6919186115264893,
            0.6206957697868347
          ],
          [
            0.6974050998687744,
            0.0018306076526641846,
            -0.7166749238967896,
            0.22961926460266113
          ],
          [
            0.09234145283699036,
            -0.9918980598449707,
            0.08732369542121887,
            0.9328506588935852
          ],
          [
            0.0,
            0.0,
            0.0,
            1.0
          ]
        ]
      },
      "bone_length_armature_space": 0.029218892070273617,
      "parent": "index_02_l",
      "has_children": false,
      "is_end_bone": true
    },
    "metacarpal_pinky_l": {
      "name": "metacarpal_pinky_l",
      "local": {
        "location": {
          "x": 0.0,
          "y": 0.0,
          "z": 0.0
        },
        "rotation_quaternion": {
          "w": 0.9998600482940674,
          "x": -0.009819228202104568,
          "y": 0.013549190014600754,
          "z": 1.98164507310139e-05
        },
        "scale": {
          "x": 1.0,
          "y": 1.0,
          "z": 1.0
        },
        "matrix_basis": [
          [
            0.9996328353881836,
            -0.00030571254319511354,
            0.027094198390841484,
            0.0
          ],
          [
            -0.00022645782155450433,
            0.9998071789741516,
            0.019636245444417,
            0.0
          ],
          [
            -0.027094976976513863,
            -0.019635170698165894,
            0.9994400143623352,
            0.0
          ],
          [
            0.0,
            0.0,
            0.0,
            1.0
          ]
        ],
        "rotation_mode": "QUATERNION"
      },
      "armature_space": {
        "head": {
          "x": 0.5303460359573364,
          "y": 0.13592346012592316,
          "z": 0.12070055305957794
        },
        "tail": {
          "x": 0.5742020606994629,
          "y": 0.1963241547346115,
          "z": 0.04809417575597763
        }
      },
      "world_space": {
        "head": {
          "x": 0.5303460359573364,
          "y": 0.19916746020317078,
          "z": 1.0705546140670776
        },
        "tail": {
          "x": 0.5742020606994629,
          "y": 0.25956815481185913,
          "z": 0.997948169708252
        },
        "rotation_quaternion": {
          "w": 0.706057071685791,
          "x": -0.16766148805618286,
          "y": 0.5399144887924194,
          "z": -0.4264569580554962
        },
        "matrix": [
          [
            0.05325344577431679,
            0.4211632013320923,
            0.9054203033447266,
            0.5303460359573364
          ],
          [
            -0.7832522988319397,
            0.5800465941429138,
            -0.22374534606933594,
            0.19916746020317078
          ],
          [
            -0.6194242238998413,
            -0.6972615718841553,
            0.3607686758041382,
            1.0705546140670776
          ],
          [
            0.0,
            0.0,
            0.0,
            1.0
          ]
        ]
      },
      "bone_length_armature_space": 0.10413107574427533,
      "parent": "lowerarm_l",
      "has_children": true,
      "is_end_bone": false
    },
    "pinky_01_l": {
      "name": "pinky_01_l",
      "local": {
        "location": {
          "x": 0.0,
          "y": 0.0,
          "z": 0.0
        },
        "rotation_quaternion": {
          "w": 0.9997504949569702,
          "x": 0.021497337147593498,
          "y": -0.004662342369556427,
          "z": 0.00390377314761281
        },
        "scale": {
          "x": 1.0,
          "y": 1.0,
          "z": 1.0
        },
        "matrix_basis": [
          [
            0.9999260306358337,
            -0.008006053976714611,
            -0.009154516272246838,
            0.0
          ],
          [
            0.007605142425745726,
            0.9990452527999878,
            -0.043020348995923996,
            0.0
          ],
          [
            0.009490199387073517,
            0.042947545647621155,
            0.9990322589874268,
            0.0
          ],
          [
            0.0,
            0.0,
            0.0,
            1.0
          ]
        ],
        "rotation_mode": "QUATERNION"
      },
      "armature_space": {
        "head": {
          "x": 0.5742020606994629,
          "y": 0.1963241547346115,
          "z": 0.04809417575597763
        },
        "tail": {
