{
  "metadata": {
    "armature_name": "KIM_caucasian_male",
    "export_time": "2026-01-13T21:02:32.850664",
    "blender_version": "4.4.1",
    "bone_count": 56,
    "end_bone_count": 13,
    "spaces_included": [
      "LOCAL_CHANNELS",
      "ARMATURE_SPACE",
      "WORLD_SPACE"
    ],
    "note": "LOCAL matches Transform panel; replay pose via local.matrix_basis for best fidelity."
  },
  "bones": {
    "Root": {
      "name": "Root",
      "local": {
        "location": {
          "x": 0.0,
          "y": 0.0,
          "z": 0.0
        },
        "rotation_quaternion": {
          "w": 0.9995596408843994,
          "x": 0.0016281506977975368,
          "y": -0.011806396767497063,
          "z": 0.027177823707461357
        },
        "scale": {
          "x": 1.0,
          "y": 1.0,
          "z": 1.0
        },
        "matrix_basis": [
          [
            0.9982439279556274,
            -0.05437015742063522,
            -0.023513896390795708,
            0.0
          ],
          [
            0.05429326742887497,
            0.9985174536705017,
            -0.0038966117426753044,
            0.0
          ],
          [
            0.02369089424610138,
            0.0026131230406463146,
            0.9997159242630005,
            0.0
          ],
          [
            0.0,
            0.0,
            0.0,
            1.0
          ]
        ],
        "rotation_mode": "QUATERNION"
      },
      "armature_space": {
        "head": {
          "x": 0.0,
          "y": 0.07072800397872925,
          "z": -0.009595036506652832
        },
        "tail": {
          "x": -0.0038807173259556293,
          "y": 7.978081703186035e-05,
          "z": -0.00019904784858226776
        }
      },
      "world_space": {
        "head": {
          "x": 0.0,
          "y": 0.13397200405597687,
          "z": 0.9402589797973633
        },
        "tail": {
          "x": -0.0038807173259556293,
          "y": 0.06332378089427948,
          "z": 0.9496549963951111
        },
        "rotation_quaternion": {
          "w": 0.06571353226900101,
          "x": 0.9973984956741333,
          "y": -0.02791145257651806,
          "z": -0.009948663413524628
        },
        "matrix": [
          [
            0.9982439279556274,
            -0.05437015742063522,
            -0.023513896390795708,
            0.0
          ],
          [
            -0.05698521435260773,
            -0.9898054003715515,
            -0.1305302530527115,
            0.13397200405597687
          ],
          [
            -0.01617739535868168,
            0.1316409707069397,
            -0.9911724925041199,
            0.9402589797973633
          ],
          [
            0.0,
            0.0,
            0.0,
            1.0
          ]
        ]
      },
      "bone_length_armature_space": 0.07137587815795227,
      "parent": null,
      "has_children": true,
      "is_end_bone": false
    },
    "spine_01": {
      "name": "spine_01",
      "local": {
        "location": {
          "x": 0.0,
          "y": 0.0,
          "z": 0.0
        },
        "rotation_quaternion": {
          "w": 0.9966245889663696,
          "x": -0.03839186951518059,
          "y": 0.01746482215821743,
          "z": 0.07043157517910004
        },
        "scale": {
          "x": 1.0,
          "y": 1.0,
          "z": 1.0
        },
        "matrix_basis": [
          [
            0.9894687533378601,
            -0.1417286992073059,
            0.029403742402791977,
            0.0
          ],
          [
            0.13904666900634766,
            0.9871309399604797,
            0.07898471504449844,
            0.0
          ],
          [
            -0.0402197428047657,
            -0.07406441122293472,
            0.9964420795440674,
            0.0
          ],
          [
            0.0,
            0.0,
            0.0,
            1.0
          ]
        ],
        "rotation_mode": "QUATERNION"
      },
      "armature_space": {
        "head": {
          "x": -0.0038807173259556293,
          "y": 7.978081703186035e-05,
          "z": -0.00019904784858226776
        },
        "tail": {
          "x": -0.061911556869745255,
          "y": 0.06076342239975929,
          "z": 0.4805279076099396
        }
      },
      "world_space": {
        "head": {
          "x": -0.0038807173259556293,
          "y": 0.06332378089427948,
          "z": 0.9496549963951111
        },
        "tail": {
          "x": -0.061911556869745255,
          "y": 0.12400741875171661,
          "z": 1.4303818941116333
        },
        "rotation_quaternion": {
          "w": 0.7481878399848938,
          "x": 0.6606869697570801,
          "y": -0.04889292269945145,
          "z": 0.03629402816295624
        },
        "matrix": [
          [
            0.9925844073295593,
            -0.11891535669565201,
            -0.025203440338373184,
            -0.0038807173259556293
          ],
          [
            -0.010295528918504715,
            0.12435141205787659,
            -0.9921849370002747,
            0.06332378089427948
          ],
          [
            0.12112092226743698,
            0.9850937724113464,
            0.12220492959022522,
            0.9496549963951111
          ],
          [
            0.0,
            0.0,
            0.0,
            1.0
          ]
        ]
      },
      "bone_length_armature_space": 0.4880046067952801,
      "parent": "Root",
      "has_children": true,
      "is_end_bone": false
    },
    "neck_01": {
      "name": "neck_01",
      "local": {
        "location": {
          "x": 0.0,
          "y": 0.0,
          "z": 0.0
        },
        "rotation_quaternion": {
          "w": 0.9891723394393921,
          "x": 0.04230678454041481,
          "y": -0.07983314245939255,
          "z": 0.11564987897872925
        },
        "scale": {
          "x": 1.0,
          "y": 1.0,
          "z": 1.0
        },
        "matrix_basis": [
          [
            0.9605035781860352,
            -0.23555028438568115,
            -0.1481519192457199,
            0.0
          ],
          [
            0.2220403552055359,
            0.9696704745292664,
            -0.10216278582811356,
            0.0
          ],
          [
            0.16772301495075226,
            0.06523201614618301,
            0.983673632144928,
            0.0
          ],
          [
            0.0,
            0.0,
            0.0,
            1.0
          ]
        ],
        "rotation_mode": "QUATERNION"
      },
      "armature_space": {
        "head": {
          "x": -0.07149241864681244,
          "y": 0.03545883297920227,
          "z": 0.5568930506706238
        },
        "tail": {
          "x": -0.10721567273139954,
          "y": 0.003258015960454941,
          "z": 0.6474341154098511
        }
      },
      "world_space": {
        "head": {
          "x": -0.07149241864681244,
          "y": 0.09870283305644989,
          "z": 1.5067470073699951
        },
        "tail": {
          "x": -0.10721567273139954,
          "y": 0.06650201976299286,
          "z": 1.5972881317138672
        },
        "rotation_quaternion": {
          "w": 0.5575177073478699,
          "x": 0.8088852167129517,
          "y": -0.1792464256286621,
          "z": 0.05243520811200142
        },
        "matrix": [
          [
            0.9302421808242798,
            -0.3484469950199127,
            -0.11503958702087402,
            -0.07149241864681244
          ],
          [
            -0.2315140664577484,
            -0.31408894062042236,
            -0.9207332730293274,
            0.09870283305644989
          ],
          [
            0.2846958339214325,
            0.8831439018249512,
            -0.3728525936603546,
            1.5067470073699951
          ],
          [
            0.0,
            0.0,
            0.0,
            1.0
          ]
        ]
      },
      "bone_length_armature_space": 0.1025218432591444,
      "parent": "spine_01",
      "has_children": true,
      "is_end_bone": false
    },
    "head": {
      "name": "head",
      "local": {
        "location": {
          "x": 0.0,
          "y": 0.0,
          "z": 0.0
        },
        "rotation_quaternion": {
          "w": 0.987922728061676,
          "x": -0.08488253504037857,
          "y": -0.11911609023809433,
          "z": -0.05113738030195236
        },
        "scale": {
          "x": 1.0,
          "y": 1.0,
          "z": 1.0
        },
        "matrix_basis": [
          [
            0.9663926362991333,
            0.12126131355762482,
            -0.2266736477613449,
            0.0
          ],
          [
            -0.080817811191082,
            0.9803598523139954,
            0.17989733815193176,
            0.0
          ],
          [
            0.24403633177280426,
            -0.15553219616413116,
            0.9572126269340515,
            0.0
          ],
          [
            0.0,
            0.0,
            0.0,
            1.0
          ]
        ],
        "rotation_mode": "QUATERNION"
      },
      "armature_space": {
        "head": {
          "x": -0.10721565783023834,
          "y": 0.0032578930258750916,
          "z": 0.6474339962005615
        },
        "tail": {
          "x": -0.12720702588558197,
          "y": 0.02838241122663021,
          "z": 0.7991653680801392
        }
      },
      "world_space": {
        "head": {
          "x": -0.10721565783023834,
          "y": 0.06650189310312271,
          "z": 1.5972880125045776
        },
        "tail": {
          "x": -0.12720702588558197,
          "y": 0.09162641316652298,
          "z": 1.7490193843841553
        },
        "rotation_quaternion": {
          "w": 0.7254605889320374,
          "x": 0.6367420554161072,
          "y": -0.2338937222957611,
          "z": -0.11644895374774933
        },
        "matrix": [
          [
            0.8634672164916992,
            -0.12890151143074036,
            -0.4876564145088196,
            -0.10721565783023834
          ],
          [
            -0.46681731939315796,
            0.16199937462806702,
            -0.869389533996582,
            0.06650189310312271
          ],
          [
            0.19106651842594147,
            0.9783427715301514,
            0.07970739901065826,
            1.5972880125045776
          ],
          [
            0.0,
            0.0,
            0.0,
            1.0
          ]
        ]
      },
      "bone_length_armature_space": 0.15509128194951163,
      "parent": "neck_01",
      "has_children": false,
      "is_end_bone": true
    },
    "upperarm_l": {
      "name": "upperarm_l",
      "local": {
        "location": {
          "x": 0.0,
          "y": 0.0,
          "z": 0.0
        },
        "rotation_quaternion": {
          "w": 0.9271039962768555,
          "x": 0.30450940132141113,
          "y": -0.1320839524269104,
          "z": 0.1740862876176834
        },
        "scale": {
          "x": 1.0,
          "y": 1.0,
          "z": 1.0
        },
        "matrix_basis": [
          [
            0.9044955968856812,
            -0.4032337963581085,
            -0.13888929784297943,
            0.0
          ],
          [
            0.24235057830810547,
            0.7539359927177429,
            -0.6106117963790894,
            0.0
          ],
          [
            0.3509329557418823,
            0.5186357498168945,
            0.7796556949615479,
            0.0
          ],
          [
            0.0,
            0.0,
            0.0,
            1.0
          ]
        ],
        "rotation_mode": "QUATERNION"
      },
      "armature_space": {
        "head": {
          "x": 0.08530689775943756,
          "y": 0.022392917424440384,
          "z": 0.5092450380325317
        },
        "tail": {
          "x": 0.27814650535583496,
          "y": -0.0997803658246994,
          "z": 0.6495819091796875
        }
      },
      "world_space": {
        "head": {
          "x": 0.08530689775943756,
          "y": 0.0856369137763977,
          "z": 1.4590990543365479
        },
        "tail": {
          "x": 0.27814650535583496,
          "y": -0.03653636574745178,
          "z": 1.5994359254837036
        },
        "rotation_quaternion": {
          "w": 0.5093988180160522,
          "x": 0.6384986042976379,
          "y": 0.1120263859629631,
          "z": -0.5659350752830505
        },
        "matrix": [
          [
            0.3343363106250763,
            0.7196328043937683,
            -0.6085621118545532,
            0.08530689775943756
          ],
          [
            -0.43351587653160095,
            -0.4559224843978882,
            -0.7773024439811707,
            0.0856369137763977
          ],
          [
            -0.8368356227874756,
            0.5237048864364624,
            0.15954121947288513,
            1.4590990543365479
          ],
          [
            0.0,
            0.0,
            0.0,
            1.0
          ]
        ]
      },
      "bone_length_armature_space": 0.2679698923214512,
      "parent": "spine_01",
      "has_children": true,
      "is_end_bone": false
    },
    "lowerarm_l": {
      "name": "lowerarm_l",
      "local": {
        "location": {
          "x": 0.0,
          "y": 0.0,
          "z": 0.0
        },
        "rotation_quaternion": {
          "w": 0.9983519315719604,
          "x": 0.014651590026915073,
          "y": 0.02454722300171852,
          "z": -0.049761246889829636
        },
        "scale": {
          "x": 1.0,
          "y": 1.0,
          "z": 1.0
        },
        "matrix_basis": [
          [
            0.9938424825668335,
            0.100077785551548,
            0.04755537211894989,
            0.0
          ],
          [
            -0.09863916039466858,
            0.99461829662323,
            -0.03169788792729378,
            0.0
          ],
          [
            -0.05047169700264931,
            0.026811884716153145,
            0.9983655214309692,
            0.0
          ],
          [
            0.0,
            0.0,
            0.0,
            1.0
          ]
        ],
        "rotation_mode": "QUATERNION"
      },
      "armature_space": {
        "head": {
          "x": 0.2781464755535126,
          "y": -0.09978040307760239,
          "z": 0.6495820879936218
        },
        "tail": {
          "x": 0.44511884450912476,
          "y": -0.2554447650909424,
          "z": 0.7890754342079163
        }
      },
      "world_space": {
        "head": {
          "x": 0.2781464755535126,
          "y": -0.03653640300035477,
          "z": 1.5994360446929932
        },
        "tail": {
          "x": 0.44511884450912476,
          "y": -0.19220076501369476,
          "z": 1.7389295101165771
        },
        "rotation_quaternion": {
          "w": 0.4537784457206726,
          "x": 0.6496413350105286,
          "y": 0.056116051971912384,
          "z": -0.6073732972145081
        },
        "matrix": [
          [
            0.2558981776237488,
            0.624138593673706,
            -0.7382187247276306,
            0.2781464755535126
          ],
          [
            -0.4783156216144562,
            -0.5818695425987244,
            -0.6577555537223816,
            -0.03653640300035477
          ],
          [
            -0.8400838971138,
            0.521422803401947,
            0.14963644742965698,
            1.5994360446929932
          ],
          [
            0.0,
            0.0,
            0.0,
            1.0
          ]
        ]
      },
      "bone_length_armature_space": 0.2675248740454291,
      "parent": "upperarm_l",
      "has_children": true,
      "is_end_bone": false
    },
    "metacarpal_thumb_l": {
      "name": "metacarpal_thumb_l",
      "local": {
        "location": {
          "x": 0.0,
          "y": 0.0,
          "z": 0.0
        },
        "rotation_quaternion": {
          "w": 0.9998664855957031,
          "x": -0.007890273816883564,
          "y": 0.008079877123236656,
          "z": -0.011815127916634083
        },
        "scale": {
          "x": 1.0,
          "y": 1.0,
          "z": 1.0
        },
        "matrix_basis": [
          [
            0.9995902180671692,
            0.02349959686398506,
            0.016344046220183372,
            0.0
          ],
          [
            -0.023754606023430824,
            0.9995962977409363,
            0.015587511472404003,
            0.0
          ],
          [
            -0.015971148386597633,
            -0.015969369560480118,
            0.9997448921203613,
            0.0
          ],
          [
            0.0,
            0.0,
            0.0,
            1.0
          ]
        ],
        "rotation_mode": "QUATERNION"
      },
      "armature_space": {
        "head": {
          "x": 0.44511884450912476,
          "y": -0.2554447650909424,
          "z": 0.7890754342079163
        },
        "tail": {
          "x": 0.4512956440448761,
          "y": -0.30117881298065186,
          "z": 0.8070707321166992
        }
      },
      "world_space": {
        "head": {
          "x": 0.44511884450912476,
          "y": -0.19220076501369476,
          "z": 1.7389295101165771
        },
        "tail": {
          "x": 0.4512956440448761,
          "y": -0.23793481290340424,
          "z": 1.7569247484207153
        },
        "rotation_quaternion": {
          "w": 0.17921951413154602,
          "x": 0.9771507382392883,
          "y": 0.07895713299512863,
          "z": 0.08259911835193634
        },
        "matrix": [
          [
            0.9738861918449402,
            0.12469915300607681,
            0.18972504138946533,
            0.44511884450912476
          ],
          [
            0.183912992477417,
            -0.9232921600341797,
            -0.33720576763153076,
            -0.19220076501369476
          ],
          [
            0.1331232637166977,
            0.3632943630218506,
            -0.9221220016479492,
            1.7389295101165771
          ],
          [
            0.0,
            0.0,
            0.0,
            1.0
          ]
        ]
      },
      "bone_length_armature_space": 0.04953369284552779,
      "parent": "lowerarm_l",
      "has_children": true,
      "is_end_bone": false
    },
    "thumb_01_l": {
      "name": "thumb_01_l",
      "local": {
        "location": {
          "x": 0.0,
          "y": 0.0,
          "z": 0.0
        },
        "rotation_quaternion": {
          "w": 0.9992220997810364,
          "x": 0.03620167449116707,
          "y": 0.009410177357494831,
          "z": 0.012497613206505775
        },
        "scale": {
          "x": 1.0,
          "y": 1.0,
          "z": 1.0
        },
        "matrix_basis": [
          [
            0.9995105266571045,
            -0.024294454604387283,
            0.019710583612322807,
            0.0
          ],
          [
            0.025657111778855324,
            0.9970664978027344,
            -0.0721118152141571,
            0.0
          ],
          [
            -0.017900845035910606,
            0.07258223742246628,
            0.9972018003463745,
            0.0
          ],
          [
            0.0,
            0.0,
            0.0,
            1.0
          ]
        ],
        "rotation_mode": "QUATERNION"
      },
      "armature_space": {
        "head": {
          "x": 0.4512956440448761,
          "y": -0.30117881298065186,
          "z": 0.8070707321166992
        },
        "tail": {
          "x": 0.457347571849823,
          "y": -0.33053159713745117,
          "z": 0.7909332513809204
        }
      },
      "world_space": {
        "head": {
          "x": 0.4512956440448761,
          "y": -0.23793481290340424,
          "z": 1.7569247484207153
        },
        "tail": {
          "x": 0.457347571849823,
          "y": -0.26728761196136475,
          "z": 1.7407872676849365
        },
        "rotation_quaternion": {
          "w": 0.23317135870456696,
          "x": -0.6477031111717224,
          "y": 0.12025624513626099,
          "z": -0.7152972221374512
        },
        "matrix": [
          [
            -0.05222390592098236,
            0.17779594659805298,
            0.98268061876297,
            0.4512956440448761
          ],
          [
            -0.48935428261756897,
            -0.8623389005661011,
            0.13001631200313568,
            -0.23793481290340424
          ],
          [
            0.8705253601074219,
            -0.4740932583808899,
            0.13204076886177063,
            1.7569247484207153
          ],
          [
            0.0,
            0.0,
            0.0,
            1.0
          ]
        ]
      },
      "bone_length_armature_space": 0.034038655495601644,
      "parent": "metacarpal_thumb_l",
      "has_children": true,
      "is_end_bone": false
    },
    "thumb_02_l": {
      "name": "thumb_02_l",
      "local": {
        "location": {
          "x": 0.0,
          "y": 0.0,
          "z": 0.0
        },
        "rotation_quaternion": {
          "w": 0.9931371808052063,
          "x": 0.11693033576011658,
          "y": 0.00019254162907600403,
          "z": 0.002408047206699848
        },
        "scale": {
          "x": 1.0,
          "y": 1.0,
          "z": 1.0
        },
        "matrix_basis": [
          [
            0.999988317489624,
            -0.004738014657050371,
            0.0009455880499444902,
            0.0
          ],
          [
            0.004828070290386677,
            0.9726430177688599,
            -0.23225480318069458,
            0.0
          ],
          [
            0.0001807070366339758,
            0.23225665092468262,
            0.9726545214653015,
            0.0
          ],
          [
            0.0,
            0.0,
            0.0,
            1.0
          ]
        ],
        "rotation_mode": "QUATERNION"
      },
      "armature_space": {
        "head": {
          "x": 0.4573475122451782,
          "y": -0.3305315673351288,
          "z": 0.7909332513809204
        },
        "tail": {
          "x": 0.4849863648414612,
          "y": -0.3497157692909241,
          "z": 0.8128705620765686
        }
      },
      "world_space": {
        "head": {
          "x": 0.4573475122451782,
          "y": -0.26728755235671997,
          "z": 1.7407872676849365
        },
        "tail": {
          "x": 0.4849863648414612,
          "y": -0.28647178411483765,
          "z": 1.7627246379852295
        },
        "rotation_quaternion": {
          "w": 0.3138902485370636,
          "x": -0.20309139788150787,
          "y": -0.40330058336257935,
          "z": -0.835209846496582
        },
        "matrix": [
          [
            -0.7204533219337463,
            0.6881425976753235,
            0.08606201410293579,
            0.4573475122451782
          ],
          [
            -0.360516220331192,
            -0.47764214873313904,
            0.8011780977249146,
            -0.26728755235671997
          ],
          [
            0.592435359954834,
            0.5461875796318054,
            0.5922103524208069,
            1.7407872676849365
          ],
          [
            0.0,
            0.0,
            0.0,
            1.0
          ]
        ]
      },
      "bone_length_armature_space": 0.04016447886699804,
      "parent": "thumb_01_l",
      "has_children": true,
      "is_end_bone": false
    },
    "thumb_03_l": {
      "name": "thumb_03_l",
      "local": {
        "location": {
          "x": 0.0,
          "y": 0.0,
          "z": 0.0
        },
        "rotation_quaternion": {
          "w": 0.996832549571991,
          "x": 0.07945583760738373,
          "y": -0.003433386329561472,
          "z": -0.00027997387223877013
        },
        "scale": {
          "x": 1.0,
          "y": 1.0,
          "z": 1.0
        },
        "matrix_basis": [
          [
            0.9999762773513794,
            1.2568964848469477e-05,
            -0.006889513693749905,
            0.0
          ],
          [
            -0.0011037793010473251,
            0.987373411655426,
            -0.15840640664100647,
            0.0
          ],
          [
            0.006800531409680843,
            0.15841025114059448,
            0.9873499870300293,
            0.0
          ],
          [
            0.0,
            0.0,
            0.0,
            1.0
          ]
        ],
        "rotation_mode": "QUATERNION"
      },
      "armature_space": {
        "head": {
          "x": 0.484986275434494,
          "y": -0.34971582889556885,
          "z": 0.8128705024719238
        },
        "tail": {
          "x": 0.5072048306465149,
          "y": -0.35182157158851624,
          "z": 0.8335779309272766
        }
      },
      "world_space": {
        "head": {
          "x": 0.484986275434494,
          "y": -0.2864718437194824,
          "z": 1.76272451877594
        },
        "tail": {
          "x": 0.5072048306465149,
          "y": -0.2885775566101074,
          "z": 1.7834320068359375
        },
        "rotation_quaternion": {
          "w": 0.49254918098449707,
          "x": -0.010177799500524998,
          "y": -0.47202882170677185,
          "z": -0.7310817241668701
        },
        "matrix": [
          [
            -0.5145813822746277,
            0.7297957539558411,
            -0.4501156806945801,
            0.484986275434494
          ],
          [
            -0.7105811238288879,
            -0.06916620582342148,
            0.7002077698707581,
            -0.2864718437194824
          ],
          [
            0.4798782765865326,
            0.6801618337631226,
            0.5541754364967346,
            1.76272451877594
          ],
          [
            0.0,
            0.0,
            0.0,
            1.0
          ]
        ]
      },
      "bone_length_armature_space": 0.0304449654327573,
      "parent": "thumb_02_l",
      "has_children": false,
      "is_end_bone": true
    },
    "metacarpal_index_l": {
      "name": "metacarpal_index_l",
      "local": {
        "location": {
          "x": 0.0,
          "y": 0.0,
          "z": 0.0
        },
        "rotation_quaternion": {
          "w": 0.9998136758804321,
          "x": -0.014963305555284023,
          "y": 0.006087560206651688,
          "z": -0.01056892704218626
        },
        "scale": {
          "x": 1.0,
          "y": 1.0,
          "z": 1.0
        },
        "matrix_basis": [
          [
            0.9997024536132812,
            0.020951734855771065,
            0.012489143759012222,
            0.0
          ],
          [
            -0.02131609618663788,
            0.9993287920951843,
            0.029792357236146927,
            0.0
          ],
          [
            -0.011856559664011002,
            -0.03004971332848072,
            0.9994781017303467,
            0.0
          ],
          [
            0.0,
            0.0,
            0.0,
            1.0
          ]
        ],
        "rotation_mode": "QUATERNION"
      },
      "armature_space": {
        "head": {
          "x": 0.44511884450912476,
          "y": -0.2554447650909424,
          "z": 0.7890754342079163
        },
        "tail": {
          "x": 0.49303677678108215,
          "y": -0.3441256582736969,
          "z": 0.8488150835037231
        }
      },
      "world_space": {
        "head": {
          "x": 0.44511884450912476,
          "y": -0.19220076501369476,
          "z": 1.7389295101165771
        },
        "tail": {
          "x": 0.49303677678108215,
          "y": -0.2808816432952881,
          "z": 1.7986690998077393
        },
        "rotation_quaternion": {
          "w": 0.3156595230102539,
          "x": 0.9109724760055542,
          "y": 0.14810900390148163,
          "z": -0.2203453928232193
        },
        "matrix": [
          [
            0.8590233325958252,
            0.4089547395706177,
            -0.3079521954059601,
            0.44511884450912476
          ],
          [
            0.13073885440826416,
            -0.7568454742431641,
            -0.6403848528862,
            -0.19220076501369476
          ],
          [
            -0.4949641227722168,
            0.5098468065261841,
            -0.703619658946991,
            1.7389295101165771
          ],
          [
            0.0,
            0.0,
            0.0,
            1.0
          ]
        ]
      },
      "bone_length_armature_space": 0.11717190440035496,
      "parent": "lowerarm_l",
      "has_children": true,
      "is_end_bone": false
    },
    "index_01_l": {
      "name": "index_01_l",
      "local": {
        "location": {
          "x": 0.0,
          "y": 0.0,
          "z": 0.0
        },
        "rotation_quaternion": {
          "w": 0.9996681809425354,
          "x": -0.021384626626968384,
          "y": 0.010490704327821732,
          "z": -0.009807312861084938
        },
        "scale": {
          "x": 1.0,
          "y": 1.0,
          "z": 1.0
        },
        "matrix_basis": [
          [
            0.9995875358581543,
            0.019159438088536263,
            0.021393898874521255,
            0.0
          ],
          [
            -0.020056797191500664,
            0.9988930225372314,
            0.042549289762973785,
            0.0
          ],
          [
            -0.02055499516427517,
            -0.04296083375811577,
            0.9988653063774109,
            0.0
          ],
          [
            0.0,
            0.0,
            0.0,
            1.0
          ]
        ],
        "rotation_mode": "QUATERNION"
      },
      "armature_space": {
        "head": {
          "x": 0.49303677678108215,
          "y": -0.3441256582736969,
          "z": 0.8488150835037231
        },
        "tail": {
          "x": 0.514066219329834,
          "y": -0.3593578040599823,
          "z": 0.8605971336364746
        }
      },
      "world_space": {
        "head": {
          "x": 0.49303677678108215,
          "y": -0.2808816432952881,
          "z": 1.7986690998077393
        },
        "tail": {
          "x": 0.514066219329834,
          "y": -0.2961137890815735,
          "z": 1.8104511499404907
        },
        "rotation_quaternion": {
          "w": 0.33986788988113403,
          "x": 0.8439533114433289,
          "y": 0.34262746572494507,
          "z": -0.23417767882347107
        },
        "matrix": [
          [
            0.6555342078208923,
            0.7375024557113647,
            -0.16237229108810425,
            0.49303677678108215
          ],
          [
            0.41914528608322144,
            -0.5341914892196655,
            -0.7341370582580566,
            -0.2808816432952881
          ],
          [
            -0.6281697750091553,
            0.4131963849067688,
            -0.6593067646026611,
            1.7986690998077393
          ],
          [
            0.0,
            0.0,
            0.0,
            1.0
          ]
        ]
      },
      "bone_length_armature_space": 0.028514424706616723,
      "parent": "metacarpal_index_l",
      "has_children": true,
      "is_end_bone": false
    },
    "index_02_l": {
      "name": "index_02_l",
      "local": {
        "location": {
          "x": 0.0,
          "y": 0.0,
          "z": 0.0
        },
        "rotation_quaternion": {
          "w": 0.9863885641098022,
          "x": 0.1642691045999527,
          "y": -0.003173662582412362,
          "z": -0.006584443151950836
        },
        "scale": {
          "x": 1.0,
          "y": 1.0,
          "z": 1.0
        },
        "matrix_basis": [
          [
            0.9998931288719177,
            0.011946969665586948,
            -0.008424170315265656,
            0.0
          ],
          [
            -0.014032308012247086,
            0.945944607257843,
            -0.3240245282649994,
            0.0
          ],
          [
            0.004097688011825085,
            0.3241081237792969,
            0.9460111856460571,
            0.0
          ],
          [
            0.0,
            0.0,
            0.0,
            1.0
          ]
        ],
        "rotation_mode": "QUATERNION"
      },
      "armature_space": {
        "head": {
          "x": 0.5140662789344788,
          "y": -0.3593583405017853,
          "z": 0.8605971932411194
        },
        "tail": {
          "x": 0.5312891602516174,
          "y": -0.3777325749397278,
          "z": 0.8654808402061462
        }
      },
      "world_space": {
        "head": {
          "x": 0.5140662789344788,
          "y": -0.29611432552337646,
          "z": 1.8104512691497803
        },
        "tail": {
          "x": 0.5312891602516174,
          "y": -0.31448858976364136,
          "z": 1.8153347969055176
        },
        "rotation_quaternion": {
          "w": 0.22133657336235046,
          "x": 0.8696082830429077,
          "y": 0.3047676682472229,
          "z": -0.3192307651042938
        },
        "matrix": [
          [
            0.6104164719581604,
            0.6713724136352539,
            -0.4202980399131775,
            0.5140662789344788
          ],
          [
            0.3887424170970917,
            -0.7162528038024902,
            -0.5795357823371887,
            -0.29611432552337646
          ],
          [
            -0.6901283860206604,
            0.19037073850631714,
            -0.6982089281082153,
            1.8104512691497803
          ],
          [
            0.0,
            0.0,
            0.0,
            1.0
          ]
        ]
      },
      "bone_length_armature_space": 0.02565326760942402,
      "parent": "index_01_l",
      "has_children": true,
      "is_end_bone": false
    },
    "index_03_l": {
      "name": "index_03_l",
      "local": {
        "location": {
          "x": 0.0,
          "y": 0.0,
          "z": 0.0
        },
        "rotation_quaternion": {
          "w": 0.9706668853759766,
          "x": 0.24033194780349731,
          "y": 0.00627071363851428,
          "z": 0.0026655972469598055
        },
        "scale": {
          "x": 1.0,
          "y": 1.0,
          "z": 1.0
        },
        "matrix_basis": [
          [
            0.9999071359634399,
            -0.0021607084199786186,
            0.013454804196953773,
            0.0
          ],
          [
            0.00818891916424036,
            0.8844668865203857,
            -0.46653109788894653,
            0.0
          ],
          [
            -0.0108922915533185,
            0.46659794449806213,
            0.8844024538993835,
            0.0
          ],
          [
            0.0,
            0.0,
            0.0,
            1.0
          ]
        ],
        "rotation_mode": "QUATERNION"
      },
      "armature_space": {
        "head": {
          "x": 0.5312892198562622,
          "y": -0.3777324855327606,
          "z": 0.8654809594154358
        },
        "tail": {
          "x": 0.5429419279098511,
          "y": -0.40310370922088623,
          "z": 0.8568641543388367
        }
      },
      "world_space": {
        "head": {
          "x": 0.5312892198562622,
          "y": -0.3144884705543518,
          "z": 1.8153350353240967
        },
        "tail": {
          "x": 0.5429419279098511,
          "y": -0.3398597240447998,
          "z": 1.806718111038208
        },
        "rotation_quaternion": {
          "w": 0.060112114995718,
          "x": -0.8901280760765076,
          "y": -0.24945078790187836,
          "z": 0.37660714983940125
        },
        "matrix": [
          [
            0.5918822884559631,
            0.3988102674484253,
            -0.700446605682373,
            0.5312892198562622
          ],
          [
            0.48936375975608826,
            -0.8683216571807861,
            -0.08087688684463501,
            -0.3144884705543518
          ],
          [
            -0.6404713988304138,
            -0.2949068248271942,
            -0.7091122269630432,
            1.8153350353240967
          ],
          [
            0.0,
            0.0,
            0.0,
            1.0
          ]
        ]
      },
      "bone_length_armature_space": 0.029218725190352932,
      "parent": "index_02_l",
      "has_children": false,
      "is_end_bone": true
    },
    "metacarpal_pinky_l": {
      "name": "metacarpal_pinky_l",
      "local": {
        "location": {
          "x": 0.0,
          "y": 0.0,
          "z": 0.0
        },
        "rotation_quaternion": {
          "w": 0.9999863505363464,
          "x": -0.0043989080004394054,
          "y": -0.002744469093158841,
          "z": 0.0007485650712624192
        },
        "scale": {
          "x": 1.0,
          "y": 1.0,
          "z": 1.0
        },
        "matrix_basis": [
          [
            0.9999837875366211,
            -0.0014729644171893597,
            -0.005495449062436819,
            0.0
          ],
          [
            0.001521255006082356,
            0.99996018409729,
            0.008793586865067482,
            0.0
          ],
          [
            0.005482277367264032,
            -0.008801804855465889,
            0.9999462366104126,
            0.0
          ],
          [
            0.0,
            0.0,
            0.0,
            1.0
          ]
        ],
        "rotation_mode": "QUATERNION"
      },
      "armature_space": {
        "head": {
          "x": 0.44511884450912476,
          "y": -0.2554447650909424,
          "z": 0.7890754342079163
        },
        "tail": {
          "x": 0.530937910079956,
          "y": -0.2927212715148926,
          "z": 0.8347786664962769
        }
      },
      "world_space": {
        "head": {
          "x": 0.44511884450912476,
          "y": -0.19220076501369476,
          "z": 1.7389295101165771
        },
        "tail": {
          "x": 0.530937910079956,
          "y": -0.22947727143764496,
          "z": 1.784632682800293
        },
        "rotation_quaternion": {
          "w": 0.5266900062561035,
          "x": 0.0919908732175827,
          "y": -0.20882655680179596,
          "z": -0.8188570737838745
        },
        "matrix": [
          [
            -0.4282698631286621,
            0.8241472244262695,
            -0.3706292510032654,
            0.44511884450912476
          ],
          [
            -0.9009884595870972,
            -0.35797780752182007,
            0.24509575963020325,
            -0.19220076501369476
          ],
          [
            0.06931769847869873,
            0.43890225887298584,
            0.895864725112915,
            1.7389295101165771
          ],
          [
            0.0,
            0.0,
            0.0,
            1.0
          ]
        ]
      },
      "bone_length_armature_space": 0.1041308566221072,
      "parent": "lowerarm_l",
      "has_children": true,
      "is_end_bone": false
    },
    "pinky_01_l": {
      "name": "pinky_01_l",
      "local": {
        "location": {
          "x": 0.0,
          "y": 0.0,
          "z": 0.0
        },
        "rotation_quaternion": {
          "w": 0.9990949630737305,
          "x": 0.037129223346710205,
          "y": 0.014300723560154438,
          "z": 0.01503791194409132
        },
        "scale": {
          "x": 1.0,
          "y": 1.0,
          "z": 1.0
        },
        "matrix_basis": [
          [
            0.9991387128829956,
            -0.028986655175685883,
            0.029692253097891808,
            0.0
          ],
          [
            0.031110553070902824,
            0.9967905879020691,
            -0.07376113533973694,
            0.0
          ],
          [
            -0.02745886892080307,
            0.07462134957313538,
            0.9968338012695312,
            0.0
          ],
          [
            0.0,
            0.0,
            0.0,
            1.0
          ]
        ],
        "rotation_mode": "QUATERNION"
      },
      "armature_space": {
        "head": {
          "x": 0.530937910079956,
          "y": -0.2927212715148926,
          "z": 0.8347786664962769
        },
        "tail": {
