{
  "metadata": {
    "armature_name": "KIM_caucasian_male",
    "export_time": "2026-01-13T21:00:05.937524",
    "blender_version": "4.4.1",
    "bone_count": 56,
    "end_bone_count": 13,
    "spaces_included": [
      "LOCAL_CHANNELS",
      "ARMATURE_SPACE",
      "WORLD_SPACE"
    ],
    "note": "LOCAL matches Transform panel; replay pose via local.matrix_basis for best fidelity."
  },
  "bones": {
    "Root": {
      "name": "Root",
      "local": {
        "location": {
          "x": 0.0,
          "y": 0.0,
          "z": 0.0
        },
        "rotation_quaternion": {
          "w": 0.9999309778213501,
          "x": 0.01046859659254551,
          "y": -0.0017286137444898486,
          "z": -0.005051694344729185
        },
        "scale": {
          "x": 1.0,
          "y": 1.0,
          "z": 1.0
        },
        "matrix_basis": [
          [
            0.99994295835495,
            0.010066499002277851,
            -0.0035627572797238827,
            0.0
          ],
          [
            -0.010138883255422115,
            0.9997297525405884,
            -0.020918283611536026,
            0.0
          ],
          [
            0.003351220628246665,
            0.020953213796019554,
            0.9997748136520386,
            0.0
          ],
          [
            0.0,
            0.0,
            0.0,
            1.0
          ]
        ],
        "rotation_mode": "QUATERNION"
      },
      "armature_space": {
        "head": {
          "x": 0.0,
          "y": 0.07072800397872925,
          "z": -0.009595036506652832
        },
        "tail": {
          "x": 0.0007185051217675209,
          "y": -0.00018192827701568604,
          "z": -0.001484583131968975
        }
      },
      "world_space": {
        "head": {
          "x": 0.0,
          "y": 0.13397200405597687,
          "z": 0.9402589797973633
        },
        "tail": {
          "x": 0.0007185051217675209,
          "y": 0.06306207180023193,
          "z": 0.9483694434165955
        },
        "rotation_quaternion": {
          "w": 0.0569181926548481,
          "x": 0.9983646273612976,
          "y": 0.0049237655475735664,
          "z": -0.002065008506178856
        },
        "matrix": [
          [
            0.99994295835495,
            0.010066499002277851,
            -0.0035627572797238827,
            0.0
          ],
          [
            0.009596351534128189,
            -0.9934720993041992,
            -0.11367100477218628,
            0.13397200405597687
          ],
          [
            -0.004683792591094971,
            0.11363019049167633,
            -0.9935190677642822,
            0.9402589797973633
          ],
          [
            0.0,
            0.0,
            0.0,
            1.0
          ]
        ]
      },
      "bone_length_armature_space": 0.07137586565414568,
      "parent": null,
      "has_children": true,
      "is_end_bone": false
    },
    "spine_01": {
      "name": "spine_01",
      "local": {
        "location": {
          "x": 0.0,
          "y": 0.0,
          "z": 0.0
        },
        "rotation_quaternion": {
          "w": 0.9974802732467651,
          "x": 0.04406608268618584,
          "y": 0.05361808463931084,
          "z": -0.01471636537462473
        },
        "scale": {
          "x": 1.0,
          "y": 1.0,
          "z": 1.0
        },
        "matrix_basis": [
          [
            0.9938170313835144,
            0.03408404439687729,
            0.10566897690296173,
            0.0
          ],
          [
            -0.024633090943098068,
            0.9956831932067871,
            -0.08948822319507599,
            0.0
          ],
          [
            -0.10826294869184494,
            0.08633197098970413,
            0.9903665781021118,
            0.0
          ],
          [
            0.0,
            0.0,
            0.0,
            1.0
          ]
        ],
        "rotation_mode": "QUATERNION"
      },
      "armature_space": {
        "head": {
          "x": 0.0007185051217675209,
          "y": -0.00018192827701568604,
          "z": -0.001484583131968975
        },
        "tail": {
          "x": 0.01991455629467964,
          "y": -0.029583005234599113,
          "z": 0.4852551817893982
        }
      },
      "world_space": {
        "head": {
          "x": 0.0007185051217675209,
          "y": 0.06306207180023193,
          "z": 0.9483694434165955
        },
        "tail": {
          "x": 0.01991455629467964,
          "y": 0.03366099298000336,
          "z": 1.4351091384887695
        },
        "rotation_quaternion": {
          "w": 0.6833633184432983,
          "x": 0.7275400161743164,
          "y": 0.053762778639793396,
          "z": 0.028457114472985268
        },
        "matrix": [
          [
            0.9925994277000427,
            0.03933607414364815,
            0.11488659679889679,
            0.0007185051217675209
          ],
          [
            0.11712243407964706,
            -0.060247957706451416,
            -0.9912883639335632,
            0.06306207180023193
          ],
          [
            -0.032071832567453384,
            0.9974150061607361,
            -0.06441058218479156,
            0.9483694434165955
          ],
          [
            0.0,
            0.0,
            0.0,
            1.0
          ]
        ]
      },
      "bone_length_armature_space": 0.48800461079105517,
      "parent": "Root",
      "has_children": true,
      "is_end_bone": false
    },
    "neck_01": {
      "name": "neck_01",
      "local": {
        "location": {
          "x": 0.0,
          "y": 0.0,
          "z": 0.0
        },
        "rotation_quaternion": {
          "w": 0.9940742254257202,
          "x": -0.08062504231929779,
          "y": -0.07248052954673767,
          "z": 0.007912888191640377
        },
        "scale": {
          "x": 1.0,
          "y": 1.0,
          "z": 1.0
        },
        "matrix_basis": [
          [
            0.9893679022789001,
            -0.004044504836201668,
            -0.1453780084848404,
            0.0
          ],
          [
            0.02741948701441288,
            0.986873984336853,
            0.1591474860906601,
            0.0
          ],
          [
            0.14282609522342682,
            -0.1614416092634201,
            0.9764923453330994,
            0.0
          ],
          [
            0.0,
            0.0,
            0.0,
            1.0
          ]
        ],
        "rotation_mode": "QUATERNION"
      },
      "armature_space": {
        "head": {
          "x": 0.02677900344133377,
          "y": -0.06837258487939835,
          "z": 0.5560505390167236
        },
        "tail": {
          "x": 0.03298172727227211,
          "y": -0.09735953062772751,
          "z": 0.6541934609413147
        }
      },
      "world_space": {
        "head": {
          "x": 0.02677900344133377,
          "y": -0.005128584802150726,
          "z": 1.5059045553207397
        },
        "tail": {
          "x": 0.03298172727227211,
          "y": -0.03411553055047989,
          "z": 1.6040475368499756
        },
        "rotation_quaternion": {
          "w": 0.5987554788589478,
          "x": 0.8000554442405701,
          "y": 0.01101648434996605,
          "z": -0.03580271080136299
        },
        "matrix": [
          [
            0.9971935749053955,
            0.06050176918506622,
            -0.04409554600715637,
            0.02677900344133377
          ],
          [
            -0.02524620294570923,
            -0.28274059295654297,
            -0.9588642716407776,
            -0.005128584802150726
          ],
          [
            -0.07048110663890839,
            0.9572928547859192,
            -0.28042253851890564,
            1.5059045553207397
          ],
          [
            0.0,
            0.0,
            0.0,
            1.0
          ]
        ]
      },
      "bone_length_armature_space": 0.10252194930575552,
      "parent": "spine_01",
      "has_children": true,
      "is_end_bone": false
    },
    "head": {
      "name": "head",
      "local": {
        "location": {
          "x": 0.0,
          "y": 0.0,
          "z": 0.0
        },
        "rotation_quaternion": {
          "w": 0.984836995601654,
          "x": 0.05135151371359825,
          "y": -0.16502439975738525,
          "z": 0.015039432793855667
        },
        "scale": {
          "x": 1.0,
          "y": 1.0,
          "z": 1.0
        },
        "matrix_basis": [
          [
            0.9450815320014954,
            -0.046571284532547,
            -0.3234996795654297,
            0.0
          ],
          [
            0.012674273923039436,
            0.9942736625671387,
            -0.10610948503017426,
            0.0
          ],
          [
            0.32658886909484863,
            0.09618199616670609,
            0.9402599334716797,
            0.0
          ],
          [
            0.0,
            0.0,
            0.0,
            1.0
          ]
        ],
        "rotation_mode": "QUATERNION"
      },
      "armature_space": {
        "head": {
          "x": 0.032981716096401215,
          "y": -0.09735965728759766,
          "z": 0.6541933417320251
        },
        "tail": {
          "x": 0.03650722652673721,
          "y": -0.09921254962682724,
          "z": 0.8092334866523743
        }
      },
      "world_space": {
        "head": {
          "x": 0.032981716096401215,
          "y": -0.03411565721035004,
          "z": 1.6040472984313965
        },
        "tail": {
          "x": 0.03650722652673721,
          "y": -0.03596854954957962,
          "z": 1.7590875625610352
        },
        "rotation_quaternion": {
          "w": 0.6929831504821777,
          "x": 0.6984286904335022,
          "y": -0.11747593432664871,
          "z": -0.13480064272880554
        },
        "matrix": [
          [
            0.9360564947128296,
            0.02273198589682579,
            -0.3511146903038025,
            0.032981716096401215
          ],
          [
            -0.35092610120773315,
            -0.011947192251682281,
            -0.9363270998001099,
            -0.03411565721035004
          ],
          [
            -0.025479920208454132,
            0.999677300453186,
            -0.0032069459557533264,
            1.6040472984313965
          ],
          [
            0.0,
            0.0,
            0.0,
            1.0
          ]
        ]
      },
      "bone_length_armature_space": 0.15509129330930463,
      "parent": "neck_01",
      "has_children": false,
      "is_end_bone": true
    },
    "upperarm_l": {
      "name": "upperarm_l",
      "local": {
        "location": {
          "x": 0.0,
          "y": 0.0,
          "z": 0.0
        },
        "rotation_quaternion": {
          "w": 0.9491716623306274,
          "x": 0.08575219660997391,
          "y": -0.06534414738416672,
          "z": 0.2957195043563843
        },
        "scale": {
          "x": 1.0,
          "y": 1.0,
          "z": 1.0
        },
        "matrix_basis": [
          [
            0.8165602087974548,
            -0.5725839734077454,
            -0.07332843542098999,
            0.0
          ],
          [
            0.550170361995697,
            0.8103930950164795,
            -0.2014341950416565,
            0.0
          ],
          [
            0.1747628152370453,
            0.12414003163576126,
            0.9767534136772156,
            0.0
          ],
          [
            0.0,
            0.0,
            0.0,
            1.0
          ]
        ],
        "rotation_mode": "QUATERNION"
      },
      "armature_space": {
        "head": {
          "x": 0.17339161038398743,
          "y": -0.04991643875837326,
          "z": 0.4840003550052643
        },
        "tail": {
          "x": 0.40256160497665405,
          "y": -0.06100122630596161,
          "z": 0.6224420666694641
        }
      },
      "world_space": {
        "head": {
          "x": 0.17339161038398743,
          "y": 0.013327561318874359,
          "z": 1.433854341506958
        },
        "tail": {
          "x": 0.40256160497665405,
          "y": 0.0022427737712860107,
          "z": 1.572296142578125
        },
        "rotation_quaternion": {
          "w": 0.6062189936637878,
          "x": 0.625016987323761,
          "y": 0.3343895673751831,
          "z": -0.3606051206588745
        },
        "matrix": [
          [
            0.5162951350212097,
            0.8552095293998718,
            -0.04534178972244263,
            0.17339161038398743
          ],
          [
            -0.019210174679756165,
            -0.04136586934328079,
            -0.998959481716156,
            0.013327561318874359
          ],
          [
            -0.8562013506889343,
            0.5166324973106384,
            -0.004929207265377045,
            1.433854341506958
          ],
          [
            0.0,
            0.0,
            0.0,
            1.0
          ]
        ]
      },
      "bone_length_armature_space": 0.2679698981591625,
      "parent": "spine_01",
      "has_children": true,
      "is_end_bone": false
    },
    "lowerarm_l": {
      "name": "lowerarm_l",
      "local": {
        "location": {
          "x": 0.0,
          "y": 0.0,
          "z": 0.0
        },
        "rotation_quaternion": {
          "w": 0.8735834956169128,
          "x": 0.3931155204772949,
          "y": 0.13396012783050537,
          "z": -0.2537063658237457
        },
        "scale": {
          "x": 1.0,
          "y": 1.0,
          "z": 1.0
        },
        "matrix_basis": [
          [
            0.8353755474090576,
            0.5485910177230835,
            0.03457889333367348,
            0.0
          ],
          [
            -0.33794376254081726,
            0.5621865391731262,
            -0.7548115253448486,
            0.0
          ],
          [
            -0.4335225224494934,
            0.6188653707504272,
            0.6550297141075134,
            0.0
          ],
          [
            0.0,
            0.0,
            0.0,
            1.0
          ]
        ],
        "rotation_mode": "QUATERNION"
      },
      "armature_space": {
        "head": {
          "x": 0.40256163477897644,
          "y": -0.061001282185316086,
          "z": 0.6224422454833984
        },
        "tail": {
          "x": 0.5677496194839478,
          "y": -0.2697930634021759,
          "z": 0.5962066054344177
        }
      },
      "world_space": {
        "head": {
          "x": 0.40256163477897644,
          "y": 0.002242717891931534,
          "z": 1.5722962617874146
        },
        "tail": {
          "x": 0.5677496194839478,
          "y": -0.20654906332492828,
          "z": 1.546060562133789
        },
        "rotation_quaternion": {
          "w": 0.13575558364391327,
          "x": 0.7893834710121155,
          "y": 0.30222615599632263,
          "z": -0.5168206095695496
        },
        "matrix": [
          [
            0.2831107974052429,
            0.6174686551094055,
            -0.7338804006576538,
            0.40256163477897644
          ],
          [
            0.3368222117424011,
            -0.7804585695266724,
            -0.5267215967178345,
            0.002242717891931534
          ],
          [
            -0.8980033993721008,
            -0.09806816279888153,
            -0.42893683910369873,
            1.5722962617874146
          ],
          [
            0.0,
            0.0,
            0.0,
            1.0
          ]
        ]
      },
      "bone_length_armature_space": 0.2675245501796352,
      "parent": "upperarm_l",
      "has_children": true,
      "is_end_bone": false
    },
    "metacarpal_thumb_l": {
      "name": "metacarpal_thumb_l",
      "local": {
        "location": {
          "x": 0.0,
          "y": 0.0,
          "z": 0.0
        },
        "rotation_quaternion": {
          "w": 0.9986982941627502,
          "x": -0.05005530267953873,
          "y": 0.00970188993960619,
          "z": 0.001464126748032868
        },
        "scale": {
          "x": 1.0,
          "y": 1.0,
          "z": 1.0
        },
        "matrix_basis": [
          [
            0.9998074769973755,
            -0.003895703935995698,
            0.019231947138905525,
            0.0
          ],
          [
            0.0019531797152012587,
            0.9949846267700195,
            0.10000870376825333,
            0.0
          ],
          [
            -0.01952509582042694,
            -0.09995187819004059,
            0.9948006868362427,
            0.0
          ],
          [
            0.0,
            0.0,
            0.0,
            1.0
          ]
        ],
        "rotation_mode": "QUATERNION"
      },
      "armature_space": {
        "head": {
          "x": 0.5677496194839478,
          "y": -0.2697930634021759,
          "z": 0.5962066054344177
        },
        "tail": {
          "x": 0.5718324780464172,
          "y": -0.31483662128448486,
          "z": 0.576007604598999
        }
      },
      "world_space": {
        "head": {
          "x": 0.5677496194839478,
          "y": -0.20654906332492828,
          "z": 1.546060562133789
        },
        "tail": {
          "x": 0.5718324780464172,
          "y": -0.25159263610839844,
          "z": 1.5258616209030151
        },
        "rotation_quaternion": {
          "w": 0.21229417622089386,
          "x": -0.9695302248001099,
          "y": -0.015971770510077477,
          "z": -0.12119106203317642
        },
        "matrix": [
          [
            0.9701151251792908,
            0.08242650330066681,
            0.22821517288684845,
            0.5677496194839478
          ],
          [
            -0.020485928282141685,
            -0.9093524217605591,
            0.415522038936615,
            -0.20654906332492828
          ],
          [
            0.24177967011928558,
            -0.4077831506729126,
            -0.8804939389228821,
            1.546060562133789
          ],
          [
            0.0,
            0.0,
            0.0,
            1.0
          ]
        ]
      },
      "bone_length_armature_space": 0.04953374063953286,
      "parent": "lowerarm_l",
      "has_children": true,
      "is_end_bone": false
    },
    "thumb_01_l": {
      "name": "thumb_01_l",
      "local": {
        "location": {
          "x": 0.0,
          "y": 0.0,
          "z": 0.0
        },
        "rotation_quaternion": {
          "w": 0.9999098181724548,
          "x": -0.007024507038295269,
          "y": 0.010905633680522442,
          "z": -0.0035065000411123037
        },
        "scale": {
          "x": 1.0,
          "y": 1.0,
          "z": 1.0
        },
        "matrix_basis": [
          [
            0.999737560749054,
            0.006859154440462589,
            0.021858563646674156,
            0.0
          ],
          [
            -0.007165580987930298,
            0.9998767375946045,
            0.013971266336739063,
            0.0
          ],
          [
            -0.021760037168860435,
            -0.014124228619039059,
            0.9996634721755981,
            0.0
          ],
          [
            0.0,
            0.0,
            0.0,
            1.0
          ]
        ],
        "rotation_mode": "QUATERNION"
      },
      "armature_space": {
        "head": {
          "x": 0.5718324780464172,
          "y": -0.31483662128448486,
          "z": 0.576007604598999
        },
        "tail": {
          "x": 0.5749475359916687,
          "y": -0.32489314675331116,
          "z": 0.5436378121376038
        }
      },
      "world_space": {
        "head": {
          "x": 0.5718324780464172,
          "y": -0.25159263610839844,
          "z": 1.5258616209030151
        },
        "tail": {
          "x": 0.5749475359916687,
          "y": -0.26164913177490234,
          "z": 1.4934918880462646
        },
        "rotation_quaternion": {
          "w": 0.42116060853004456,
          "x": -0.5141364932060242,
          "y": 0.4182121157646179,
          "z": -0.6191818714141846
        },
        "matrix": [
          [
            -0.1165754422545433,
            0.09151537716388702,
            0.9889565110206604,
            0.5718324780464172
          ],
          [
            -0.9515860676765442,
            -0.29544496536254883,
            -0.08483073115348816,
            -0.25159263610839844
          ],
          [
            0.28442007303237915,
            -0.9509735107421875,
            0.1215270534157753,
            1.5258616209030151
          ],
          [
            0.0,
            0.0,
            0.0,
            1.0
          ]
        ]
      },
      "bone_length_armature_space": 0.03403881215147093,
      "parent": "metacarpal_thumb_l",
      "has_children": true,
      "is_end_bone": false
    },
    "thumb_02_l": {
      "name": "thumb_02_l",
      "local": {
        "location": {
          "x": 0.0,
          "y": 0.0,
          "z": 0.0
        },
        "rotation_quaternion": {
          "w": 0.997111439704895,
          "x": 0.07580423355102539,
          "y": 0.002822059439495206,
          "z": 0.0038021865766495466
        },
        "scale": {
          "x": 1.0,
          "y": 1.0,
          "z": 1.0
        },
        "matrix_basis": [
          [
            0.9999551773071289,
            -0.007154559250921011,
            0.006204259116202593,
            0.0
          ],
          [
            0.008010255172848701,
            0.9884785413742065,
            -0.15114907920360565,
            0.0
          ],
          [
            -0.005051371641457081,
            0.15119199454784393,
            0.9884915351867676,
            0.0
          ],
          [
            0.0,
            0.0,
            0.0,
            1.0
          ]
        ],
        "rotation_mode": "QUATERNION"
      },
      "armature_space": {
        "head": {
          "x": 0.5749474763870239,
          "y": -0.32489311695098877,
          "z": 0.5436378121376038
        },
        "tail": {
          "x": 0.5995125770568848,
          "y": -0.3565518260002136,
          "z": 0.5409066677093506
        }
      },
      "world_space": {
        "head": {
          "x": 0.5749474763870239,
          "y": -0.26164913177490234,
          "z": 1.4934918880462646
        },
        "tail": {
          "x": 0.5995125770568848,
          "y": -0.2933078408241272,
          "z": 1.4907606840133667
        },
        "rotation_quaternion": {
          "w": 0.3253892958164215,
          "x": -0.11244150996208191,
          "y": -0.002756119705736637,
          "z": -0.9388670325279236
        },
        "matrix": [
          [
            -0.7629573345184326,
            0.611614465713501,
            0.20934148132801056,
            0.5749474763870239
          ],
          [
            -0.6103746294975281,
            -0.7882283926010132,
            0.0783507376909256,
            -0.26164913177490234
          ],
          [
            0.21293039619922638,
            -0.0679997056722641,
            0.9747055172920227,
            1.4934918880462646
          ],
          [
            0.0,
            0.0,
            0.0,
            1.0
          ]
        ]
      },
      "bone_length_armature_space": 0.04016437721680867,
      "parent": "thumb_01_l",
      "has_children": true,
      "is_end_bone": false
    },
    "thumb_03_l": {
      "name": "thumb_03_l",
      "local": {
        "location": {
          "x": 0.0,
          "y": 0.0,
          "z": 0.0
        },
        "rotation_quaternion": {
          "w": 0.996120810508728,
          "x": 0.08793692290782928,
          "y": 0.00119592878036201,
          "z": -0.0030217382591217756
        },
        "scale": {
          "x": 1.0,
          "y": 1.0,
          "z": 1.0
        },
        "matrix_basis": [
          [
            0.9999788999557495,
            0.006230365484952927,
            0.0018511343514546752,
            0.0
          ],
          [
            -0.00580970011651516,
            0.984515905380249,
            -0.17519882321357727,
            0.0
          ],
          [
            -0.002914023818448186,
            0.17518436908721924,
            0.9845313429832458,
            0.0
          ],
          [
            0.0,
            0.0,
            0.0,
            1.0
          ]
        ],
        "rotation_mode": "QUATERNION"
      },
      "armature_space": {
        "head": {
          "x": 0.59951251745224,
          "y": -0.3565518260002136,
          "z": 0.5409066081047058
        },
        "tail": {
          "x": 0.620989203453064,
          "y": -0.3756128251552582,
          "z": 0.5510219931602478
        }
      },
      "world_space": {
        "head": {
          "x": 0.59951251745224,
          "y": -0.2933078408241272,
          "z": 1.4907605648040771
        },
        "tail": {
          "x": 0.620989203453064,
          "y": -0.31236881017684937,
          "z": 1.5008759498596191
        },
        "rotation_quaternion": {
          "w": 0.4153808653354645,
          "x": 0.14256638288497925,
          "y": -0.12007232755422592,
          "z": -0.8903462290763855
        },
        "matrix": [
          [
            -0.6142667531967163,
            0.705429196357727,
            -0.35361841320991516,
            0.59951251745224
          ],
          [
            -0.7739023566246033,
            -0.6260825991630554,
            0.0953725203871727,
            -0.2933078408241272
          ],
          [
            -0.15411747992038727,
            0.33225196599960327,
            0.9305217266082764,
            1.4907605648040771
          ],
          [
            0.0,
            0.0,
            0.0,
            1.0
          ]
        ]
      },
      "bone_length_armature_space": 0.030444880323315052,
      "parent": "thumb_02_l",
      "has_children": false,
      "is_end_bone": true
    },
    "metacarpal_index_l": {
      "name": "metacarpal_index_l",
      "local": {
        "location": {
          "x": 0.0,
          "y": 0.0,
          "z": 0.0
        },
        "rotation_quaternion": {
          "w": 0.9986903667449951,
          "x": -0.04880504310131073,
          "y": 0.013078046031296253,
          "z": 0.00803979579359293
        },
        "scale": {
          "x": 1.0,
          "y": 1.0,
          "z": 1.0
        },
        "matrix_basis": [
          [
            0.9995286464691162,
            -0.017335083335638046,
            0.02533707208931446,
            0.0
          ],
          [
            0.014781983569264412,
            0.9951068758964539,
            0.09769254177808762,
            0.0
          ],
          [
            -0.026906602084636688,
            -0.09727196395397186,
            0.9948940873146057,
            0.0
          ],
          [
            0.0,
            0.0,
            0.0,
            1.0
          ]
        ],
        "rotation_mode": "QUATERNION"
      },
      "armature_space": {
        "head": {
          "x": 0.5677496194839478,
          "y": -0.2697930634021759,
          "z": 0.5962066054344177
        },
        "tail": {
          "x": 0.6134644746780396,
          "y": -0.3757549226284027,
          "z": 0.5759218335151672
        }
      },
      "world_space": {
        "head": {
          "x": 0.5677496194839478,
          "y": -0.20654906332492828,
          "z": 1.546060562133789
        },
        "tail": {
          "x": 0.6134644746780396,
          "y": -0.3125109076499939,
          "z": 1.5257759094238281
        },
        "rotation_quaternion": {
          "w": 0.06523767113685608,
          "x": -0.9693742394447327,
          "y": -0.20875699818134308,
          "z": 0.11170658469200134
        },
        "matrix": [
          [
            0.8878840804100037,
            0.3901523947715759,
            -0.24380868673324585,
            0.5677496194839478
          ],
          [
            0.4193023145198822,
            -0.9043294787406921,
            0.07983950525522232,
            -0.20654906332492828
          ],
          [
            -0.18933477997779846,
            -0.1731199324131012,
            -0.9665383100509644,
            1.546060562133789
          ],
          [
            0.0,
            0.0,
            0.0,
            1.0
          ]
        ]
      },
      "bone_length_armature_space": 0.11717182255722428,
      "parent": "lowerarm_l",
      "has_children": true,
      "is_end_bone": false
    },
    "index_01_l": {
      "name": "index_01_l",
      "local": {
        "location": {
          "x": 0.0,
          "y": 0.0,
          "z": 0.0
        },
        "rotation_quaternion": {
          "w": 0.9925920963287354,
          "x": -0.118974968791008,
          "y": -0.020599815994501114,
          "z": -0.013475494459271431
        },
        "scale": {
          "x": 1.0,
          "y": 1.0,
          "z": 1.0
        },
        "matrix_basis": [
          [
            0.9987881183624268,
            0.031653065234422684,
            -0.037687934935092926,
            0.0
          ],
          [
            -0.0218496136367321,
            0.9713267087936401,
            0.23674240708351135,
            0.0
          ],
          [
            0.04410092160105705,
            -0.2356320470571518,
            0.9708412289619446,
            0.0
          ],
          [
            0.0,
            0.0,
            0.0,
            1.0
          ]
        ],
        "rotation_mode": "QUATERNION"
      },
      "armature_space": {
        "head": {
          "x": 0.6134644746780396,
          "y": -0.3757549226284027,
          "z": 0.5759218335151672
        },
        "tail": {
          "x": 0.6344684362411499,
          "y": -0.39465051889419556,
          "z": 0.5797767043113708
        }
      },
      "world_space": {
        "head": {
          "x": 0.6134644746780396,
          "y": -0.3125109076499939,
          "z": 1.5257759094238281
        },
        "tail": {
          "x": 0.6344684362411499,
          "y": -0.33140653371810913,
          "z": 1.5296306610107422
        },
        "rotation_quaternion": {
          "w": 0.0921766459941864,
          "x": 0.9108582735061646,
          "y": 0.40021073818206787,
          "z": -0.04089033603668213
        },
        "matrix": [
          [
            0.6763185262680054,
            0.7366086840629578,
            -0.0007099956274032593,
            0.6134644746780396
          ],
          [
            0.7215325236320496,
            -0.6626697182655334,
            -0.20064975321292877,
            -0.3125109076499939
          ],
          [
            -0.14827123284339905,
            0.1351911425590515,
            -0.9796701073646545,
            1.5257759094238281
          ],
          [
            0.0,
            0.0,
            0.0,
            1.0
          ]
        ]
      },
      "bone_length_armature_space": 0.02851438195006195,
      "parent": "metacarpal_index_l",
      "has_children": true,
      "is_end_bone": false
    },
    "index_02_l": {
      "name": "index_02_l",
      "local": {
        "location": {
          "x": 0.0,
          "y": 0.0,
          "z": 0.0
        },
        "rotation_quaternion": {
          "w": 0.9988780617713928,
          "x": 0.0463462769985199,
          "y": 0.006894255988299847,
          "z": 0.006880299188196659
        },
        "scale": {
          "x": 1.0,
          "y": 1.0,
          "z": 1.0
        },
        "matrix_basis": [
          [
            0.9998102784156799,
            -0.01310611329972744,
            0.014410794712603092,
            0.0
          ],
          [
            0.014384206384420395,
            0.9956093430519104,
            -0.0924936905503273,
            0.0
          ],
          [
            -0.013135289773344994,
            0.09268342703580856,
            0.9956089854240417,
            0.0
          ],
          [
            0.0,
            0.0,
            0.0,
            1.0
          ]
        ],
        "rotation_mode": "QUATERNION"
      },
      "armature_space": {
        "head": {
          "x": 0.6344685554504395,
          "y": -0.39465102553367615,
          "z": 0.5797765254974365
        },
        "tail": {
          "x": 0.6535378098487854,
          "y": -0.41169601678848267,
          "z": 0.5817571878433228
        }
      },
      "world_space": {
        "head": {
          "x": 0.6344685554504395,
          "y": -0.33140701055526733,
          "z": 1.5296305418014526
        },
        "tail": {
          "x": 0.6535378098487854,
          "y": -0.34845203161239624,
          "z": 1.5316112041473389
        },
        "rotation_quaternion": {
          "w": 0.0764973908662796,
          "x": 0.9090156555175781,
          "y": 0.40240463614463806,
          "z": -0.07687126845121384
        },
        "matrix": [
          [
            0.664322555065155,
            0.7433449625968933,
            -0.07818814367055893,
            0.6344685554504395
          ],
          [
            0.71982342004776,
            -0.664437472820282,
            -0.20094212889671326,
            -0.33140701055526733
          ],
          [
            -0.20132118463516235,
            0.07720859348773956,
            -0.9764851331710815,
            1.5296305418014526
          ],
          [
            0.0,
            0.0,
            0.0,
            1.0
          ]
        ]
      },
      "bone_length_armature_space": 0.025653288633261814,
      "parent": "index_01_l",
      "has_children": true,
      "is_end_bone": false
    },
    "index_03_l": {
      "name": "index_03_l",
      "local": {
        "location": {
          "x": 0.0,
          "y": 0.0,
          "z": 0.0
        },
        "rotation_quaternion": {
          "w": 0.9995275735855103,
          "x": 0.028936980292201042,
          "y": -0.007657018024474382,
          "z": 0.006988493259996176
        },
        "scale": {
          "x": 1.0,
          "y": 1.0,
          "z": 1.0
        },
        "matrix_basis": [
          [
            0.9997850656509399,
            -0.014413525350391865,
            -0.014902349561452866,
            0.0
          ],
          [
            0.01352724153548479,
            0.998227596282959,
            -0.057953640818595886,
            0.0
          ],
          [
            0.015711253508925438,
            0.05773959681391716,
            0.9982080459594727,
            0.0
          ],
          [
            0.0,
            0.0,
            0.0,
            1.0
          ]
        ],
        "rotation_mode": "QUATERNION"
      },
      "armature_space": {
        "head": {
          "x": 0.6535377502441406,
          "y": -0.4116959869861603,
          "z": 0.5817573070526123
        },
        "tail": {
          "x": 0.6761739253997803,
          "y": -0.4300118088722229,
          "z": 0.5793351531028748
        }
      },
      "world_space": {
        "head": {
          "x": 0.6535377502441406,
          "y": -0.34845197200775146,
          "z": 1.5316113233566284
        },
        "tail": {
          "x": 0.6761739253997803,
          "y": -0.3667678236961365,
          "z": 1.529189109802246
        },
        "rotation_quaternion": {
          "w": 0.005049569066613913,
          "x": -0.8978427648544312,
          "y": -0.43191227316856384,
          "z": 0.08546733111143112
        },
        "matrix": [
          [
            0.6122938990592957,
            0.7747154831886292,
            -0.15783436596393585,
            0.6535377502441406
          ],
          [
            0.7764419913291931,
            -0.6268526911735535,
            -0.0647624135017395,
            -0.34845197200775146
          ],
          [
            -0.14911164343357086,
            -0.08289684355258942,
            -0.985346794128418,
            1.5316113233566284
          ],
          [
            0.0,
            0.0,
            0.0,
            1.0
          ]
        ]
      },
      "bone_length_armature_space": 0.029218702895546282,
      "parent": "index_02_l",
      "has_children": false,
      "is_end_bone": true
    },
    "metacarpal_pinky_l": {
      "name": "metacarpal_pinky_l",
      "local": {
        "location": {
          "x": 0.0,
          "y": 0.0,
          "z": 0.0
        },
        "rotation_quaternion": {
          "w": 0.9999058246612549,
          "x": 0.005397032015025616,
          "y": -0.008762361481785774,
          "z": -0.009082217700779438
        },
        "scale": {
          "x": 1.0,
          "y": 1.0,
          "z": 1.0
        },
        "matrix_basis": [
          [
            0.9996814727783203,
            0.018068144097924232,
            -0.017621107399463654,
            0.0
          ],
          [
            -0.01825730688869953,
            0.9997767806053162,
            -0.010633883997797966,
            0.0
          ],
          [
            0.017425037920475006,
            0.010952210985124111,
            0.9997881650924683,
            0.0
          ],
          [
            0.0,
            0.0,
            0.0,
            1.0
          ]
        ],
        "rotation_mode": "QUATERNION"
      },
      "armature_space": {
        "head": {
          "x": 0.5677496194839478,
          "y": -0.2697930634021759,
          "z": 0.5962066054344177
        },
        "tail": {
          "x": 0.6511058211326599,
          "y": -0.332133412361145,
          "z": 0.5991464853286743
        }
      },
      "world_space": {
        "head": {
          "x": 0.5677496194839478,
          "y": -0.20654906332492828,
          "z": 1.546060562133789
        },
        "tail": {
          "x": 0.6511058211326599,
          "y": -0.2688894271850586,
          "z": 1.5490005016326904
        },
        "rotation_quaternion": {
          "w": 0.4243168234825134,
          "x": 0.31625813245773315,
          "y": 0.1435893326997757,
          "z": -0.8362525105476379
        },
        "matrix": [
          [
            -0.43987149000167847,
            0.800495445728302,
            -0.407087117433548,
            0.5677496194839478
          ],
          [
            -0.6188501715660095,
            -0.5986735820770264,
            -0.5085419416427612,
            -0.20654906332492828
          ],
          [
            -0.6508028507232666,
            0.028232391923666,
            0.7587310075759888,
            1.546060562133789
          ],
          [
            0.0,
            0.0,
            0.0,
            1.0
          ]
        ]
      },
      "bone_length_armature_space": 0.10413077494902233,
      "parent": "lowerarm_l",
      "has_children": true,
      "is_end_bone": false
    },
    "pinky_01_l": {
      "name": "pinky_01_l",
      "local": {
        "location": {
          "x": 0.0,
          "y": 0.0,
          "z": 0.0
        },
        "rotation_quaternion": {
          "w": 0.9478299021720886,
          "x": 0.318512886762619,
          "y": 0.01034724060446024,
          "z": 0.007815771736204624
        },
        "scale": {
          "x": 1.0,
          "y": 1.0,
          "z": 1.0
        },
        "matrix_basis": [
          [
            0.9996637105941772,
            -0.008224585093557835,
            0.024593695998191833,
            0.0
          ],
          [
            0.02140750363469124,
            0.7969769239425659,
            -0.6036303043365479,
            0.0
          ],
          [
            -0.01463599968701601,
            0.6039538383483887,
            0.7968849539756775,
            0.0
          ],
          [
            0.0,
            0.0,
            0.0,
            1.0
          ]
        ],
        "rotation_mode": "QUATERNION"
      },
      "armature_space": {
        "head": {
          "x": 0.6511058211326599,
          "y": -0.332133412361145,
          "z": 0.5991464853286743
        },
        "tail": {
