{
  "metadata": {
    "armature_name": "KIM_caucasian_male",
    "export_time": "2026-01-13T21:02:25.915202",
    "blender_version": "4.4.1",
    "bone_count": 56,
    "end_bone_count": 13,
    "spaces_included": [
      "LOCAL_CHANNELS",
      "ARMATURE_SPACE",
      "WORLD_SPACE"
    ],
    "note": "LOCAL matches Transform panel; replay pose via local.matrix_basis for best fidelity."
  },
  "bones": {
    "Root": {
      "name": "Root",
      "local": {
        "location": {
          "x": 0.0,
          "y": 0.0,
          "z": 0.0
        },
        "rotation_quaternion": {
          "w": 0.9994456768035889,
          "x": 0.01116308942437172,
          "y": 0.014471469447016716,
          "z": -0.027826396748423576
        },
        "scale": {
          "x": 1.0,
          "y": 1.0,
          "z": 1.0
        },
        "matrix_basis": [
          [
            0.9980325102806091,
            0.05594503507018089,
            0.02830563858151436,
            0.0
          ],
          [
            -0.05529884994029999,
            0.9982021450996399,
            -0.023119181394577026,
            0.0
          ],
          [
            -0.029548151418566704,
            0.02150842547416687,
            0.9993319511413574,
            0.0
          ],
          [
            0.0,
            0.0,
            0.0,
            1.0
          ]
        ],
        "rotation_mode": "QUATERNION"
      },
      "armature_space": {
        "head": {
          "x": 0.0,
          "y": 0.07072800397872925,
          "z": -0.009595036506652832
        },
        "tail": {
          "x": 0.003993125632405281,
          "y": -7.921457290649414e-05,
          "z": -0.0015385095030069351
        }
      },
      "world_space": {
        "head": {
          "x": 0.0,
          "y": 0.13397200405597687,
          "z": 0.9402589797973633
        },
        "tail": {
          "x": 0.003993125632405281,
          "y": 0.06316478550434113,
          "z": 0.9483155012130737
        },
        "rotation_quaternion": {
          "w": 0.056192584335803986,
          "x": 0.997927188873291,
          "y": 0.02873809263110161,
          "z": 0.012563989497721195
        },
        "matrix": [
          [
            0.9980325102806091,
            0.05594503507018089,
            0.02830563858151436,
            0.0
          ],
          [
            0.05876906216144562,
            -0.9920330047607422,
            -0.11143055558204651,
            0.13397200405597687
          ],
          [
            0.0218463484197855,
            0.11287466436624527,
            -0.9933761358261108,
            0.9402589797973633
          ],
          [
            0.0,
            0.0,
            0.0,
            1.0
          ]
        ]
      },
      "bone_length_armature_space": 0.07137587174219089,
      "parent": null,
      "has_children": true,
      "is_end_bone": false
    },
    "spine_01": {
      "name": "spine_01",
      "local": {
        "location": {
          "x": 0.0,
          "y": 0.0,
          "z": 0.0
        },
        "rotation_quaternion": {
          "w": 0.997384786605835,
          "x": 0.04652566835284233,
          "y": 0.03267333284020424,
          "z": 0.04462511092424393
        },
        "scale": {
          "x": 1.0,
          "y": 1.0,
          "z": 1.0
        },
        "matrix_basis": [
          [
            0.9938821196556091,
            -0.08597651869058609,
            0.0693281963467598,
            0.0
          ],
          [
            0.09205710887908936,
            0.9916878938674927,
            -0.08989188820123672,
            0.0
          ],
          [
            -0.06102334335446358,
            0.09572409093379974,
            0.9935356378555298,
            0.0
          ],
          [
            0.0,
            0.0,
            0.0,
            1.0
          ]
        ],
        "rotation_mode": "QUATERNION"
      },
      "armature_space": {
        "head": {
          "x": 0.003993125632405281,
          "y": -7.921457290649414e-05,
          "z": -0.0015385095030069351
        },
        "tail": {
          "x": -0.04642497003078461,
          "y": -0.03768026828765869,
          "z": 0.48239603638648987
        }
      },
      "world_space": {
        "head": {
          "x": 0.003993125632405281,
          "y": 0.06316478550434113,
          "z": 0.9483155012130737
        },
        "tail": {
          "x": -0.04642497003078461,
          "y": 0.025563731789588928,
          "z": 1.4322500228881836
        },
        "rotation_quaternion": {
          "w": 0.6792904138565063,
          "x": 0.7291641235351562,
          "y": 0.006233143620193005,
          "z": 0.08273744583129883
        },
        "matrix": [
          [
            0.9862313866615295,
            -0.10331550240516663,
            0.12912580370903015,
            0.003993125632405281
          ],
          [
            0.12149474024772644,
            -0.07705114781856537,
            -0.9895970225334167,
            0.06316478550434113
          ],
          [
            0.11219090968370438,
            0.9916666746139526,
            -0.06343933939933777,
            0.9483155012130737
          ],
          [
            0.0,
            0.0,
            0.0,
            1.0
          ]
        ]
      },
      "bone_length_armature_space": 0.48800458806881153,
      "parent": "Root",
      "has_children": true,
      "is_end_bone": false
    },
    "neck_01": {
      "name": "neck_01",
      "local": {
        "location": {
          "x": 0.0,
          "y": 0.0,
          "z": 0.0
        },
        "rotation_quaternion": {
          "w": 0.9876626133918762,
          "x": -0.1308775395154953,
          "y": 0.026466527953743935,
          "z": 0.08181136101484299
        },
        "scale": {
          "x": 1.0,
          "y": 1.0,
          "z": 1.0
        },
        "matrix_basis": [
          [
            0.9852128624916077,
            -0.16853179037570953,
            0.030865460634231567,
            0.0
          ],
          [
            0.15467630326747894,
            0.9523559212684631,
            0.26285624504089355,
            0.0
          ],
          [
            -0.07369454205036163,
            -0.2541951835155487,
            0.9643411636352539,
            0.0
          ],
          [
            0.0,
            0.0,
            0.0,
            1.0
          ]
        ],
        "rotation_mode": "QUATERNION"
      },
      "armature_space": {
        "head": {
          "x": -0.04951142892241478,
          "y": -0.07764150202274323,
          "z": 0.5528042316436768
        },
        "tail": {
          "x": -0.0751887708902359,
          "y": -0.10028097778558731,
          "z": 0.6494421362876892
        }
      },
      "world_space": {
        "head": {
          "x": -0.04951142892241478,
          "y": -0.014397501945495605,
          "z": 1.5026582479476929
        },
        "tail": {
          "x": -0.0751887708902359,
          "y": -0.03703697770833969,
          "z": 1.5992960929870605
        },
        "rotation_quaternion": {
          "w": 0.6225911378860474,
          "x": 0.767436146736145,
          "y": -0.044348057359457016,
          "z": 0.14647643268108368
        },
        "matrix": [
          [
            0.9531561136245728,
            -0.2504584789276123,
            0.169599711894989,
            -0.04951142892241478
          ],
          [
            0.11431977152824402,
            -0.22082695364952087,
            -0.9685900211334229,
            -0.014397501945495605
          ],
          [
            0.28004586696624756,
            0.9426124095916748,
            -0.18185243010520935,
            1.5026582479476929
          ],
          [
            0.0,
            0.0,
            0.0,
            1.0
          ]
        ]
      },
      "bone_length_armature_space": 0.10252198008888208,
      "parent": "spine_01",
      "has_children": true,
      "is_end_bone": false
    },
    "head": {
      "name": "head",
      "local": {
        "location": {
          "x": 0.0,
          "y": 0.0,
          "z": 0.0
        },
        "rotation_quaternion": {
          "w": 0.9981902241706848,
          "x": 0.001359234331175685,
          "y": 0.00013922250946052372,
          "z": -0.06011999025940895
        },
        "scale": {
          "x": 1.0,
          "y": 1.0,
          "z": 1.0
        },
        "matrix_basis": [
          [
            0.9927711486816406,
            0.12002275139093399,
            0.0001145067872130312,
            0.0
          ],
          [
            -0.1200219914317131,
            0.9927674531936646,
            -0.0027302890084683895,
            0.0
          ],
          [
            -0.0004413753922563046,
            0.002696808660402894,
            0.9999962449073792,
            0.0
          ],
          [
            0.0,
            0.0,
            0.0,
            1.0
          ]
        ],
        "rotation_mode": "QUATERNION"
      },
      "armature_space": {
        "head": {
          "x": -0.07518872618675232,
          "y": -0.10028111189603806,
          "z": 0.6494420766830444
        },
        "tail": {
          "x": -0.10290617495775223,
          "y": -0.07641847431659698,
          "z": 0.8001590967178345
        }
      },
      "world_space": {
        "head": {
          "x": -0.07518872618675232,
          "y": -0.037037111818790436,
          "z": 1.5992960929870605
        },
        "tail": {
          "x": -0.10290617495775223,
          "y": -0.013174474239349365,
          "z": 1.7500131130218506
        },
        "rotation_quaternion": {
          "w": 0.7588441967964172,
          "x": 0.6442127227783203,
          "y": -0.032965730875730515,
          "z": 0.08977093547582626
        },
        "matrix": [
          [
            0.9817088842391968,
            -0.17871823906898499,
            0.06563254445791245,
            -0.07518872618675232
          ],
          [
            0.09377161413431168,
            0.15386296808719635,
            -0.9836326241493225,
            -0.037037111818790436
          ],
          [
            0.16569599509239197,
            0.9718023538589478,
            0.16780751943588257,
            1.5992960929870605
          ],
          [
            0.0,
            0.0,
            0.0,
            1.0
          ]
        ]
      },
      "bone_length_armature_space": 0.15509127350498536,
      "parent": "neck_01",
      "has_children": false,
      "is_end_bone": true
    },
    "upperarm_l": {
      "name": "upperarm_l",
      "local": {
        "location": {
          "x": 0.0,
          "y": 0.0,
          "z": 0.0
        },
        "rotation_quaternion": {
          "w": 0.8206995725631714,
          "x": 0.24991920590400696,
          "y": 0.4783304035663605,
          "z": 0.18759764730930328
        },
        "scale": {
          "x": 1.0,
          "y": 1.0,
          "z": 1.0
        },
        "matrix_basis": [
          [
            0.47201430797576904,
            -0.06883470714092255,
            0.8788996338844299,
            0.0
          ],
          [
            0.5470105409622192,
            0.8046950101852417,
            -0.23074986040592194,
            0.0
          ],
          [
            -0.6913626194000244,
            0.5896844863891602,
            0.41748082637786865,
            0.0
          ],
          [
            0.0,
            0.0,
            0.0,
            1.0
          ]
        ],
        "rotation_mode": "QUATERNION"
      },
      "armature_space": {
        "head": {
          "x": 0.10577869415283203,
          "y": -0.05739480257034302,
          "z": 0.5027828812599182
        },
        "tail": {
          "x": 0.3429994285106659,
          "y": -0.17947641015052795,
          "z": 0.5278835296630859
        }
      },
      "world_space": {
        "head": {
          "x": 0.10577869415283203,
          "y": 0.005849197506904602,
          "z": 1.452636957168579
        },
        "tail": {
          "x": 0.3429994285106659,
          "y": -0.11623241007328033,
          "z": 1.477737545967102
        },
        "rotation_quaternion": {
          "w": 0.1349508911371231,
          "x": 0.8427184820175171,
          "y": 0.5039819478988647,
          "z": -0.1327257603406906
        },
        "matrix": [
          [
            0.4567719101905823,
            0.8852529525756836,
            -0.08767415583133698,
            0.10577869415283203
          ],
          [
            0.8136072158813477,
            -0.45558032393455505,
            -0.36123478412628174,
            0.005849197506904602
          ],
          [
            -0.35972848534584045,
            0.09366987645626068,
            -0.9283511638641357,
            1.452636957168579
          ],
          [
            0.0,
            0.0,
            0.0,
            1.0
          ]
        ]
      },
      "bone_length_armature_space": 0.2679694718972942,
      "parent": "spine_01",
      "has_children": true,
      "is_end_bone": false
    },
    "lowerarm_l": {
      "name": "lowerarm_l",
      "local": {
        "location": {
          "x": 0.0,
          "y": 0.0,
          "z": 0.0
        },
        "rotation_quaternion": {
          "w": 0.9947816133499146,
          "x": 0.026364557445049286,
          "y": 0.07518664747476578,
          "z": 0.0637301653623581
        },
        "scale": {
          "x": 1.0,
          "y": 1.0,
          "z": 1.0
        },
        "matrix_basis": [
          [
            0.9805708527565002,
            -0.12283066660165787,
            0.1529490202665329,
            0.0
          ],
          [
            0.13075971603393555,
            0.990486741065979,
            -0.04287064075469971,
            0.0
          ],
          [
            -0.1462281495332718,
            0.06203727051615715,
            0.9873037338256836,
            0.0
          ],
          [
            0.0,
            0.0,
            0.0,
            1.0
          ]
        ],
        "rotation_mode": "QUATERNION"
      },
      "armature_space": {
        "head": {
          "x": 0.3429994285106659,
          "y": -0.1794765591621399,
          "z": 0.5278835296630859
        },
        "tail": {
          "x": 0.5438452959060669,
          "y": -0.3561444878578186,
          "z": 0.5322118401527405
        }
      },
      "world_space": {
        "head": {
          "x": 0.3429994285106659,
          "y": -0.11623255908489227,
          "z": 1.477737545967102
        },
        "tail": {
          "x": 0.5438452959060669,
          "y": -0.2929005026817322,
          "z": 1.4820659160614014
        },
        "rotation_quaternion": {
          "w": 0.07949666678905487,
          "x": 0.8976117372512817,
          "y": 0.4043389558792114,
          "z": -0.15647239983081818
        },
        "matrix": [
          [
            0.6240526437759399,
            0.7507569193840027,
            -0.21661517024040222,
            0.3429994285106659
          ],
          [
            0.7010008096694946,
            -0.6603803634643555,
            -0.2692512273788452,
            -0.11623255908489227
          ],
          [
            -0.3451923131942749,
            0.01617906242609024,
            -0.9384002089500427,
            1.477737545967102
          ],
          [
            0.0,
            0.0,
            0.0,
            1.0
          ]
        ]
      },
      "bone_length_armature_space": 0.267524494190494,
      "parent": "upperarm_l",
      "has_children": true,
      "is_end_bone": false
    },
    "metacarpal_thumb_l": {
      "name": "metacarpal_thumb_l",
      "local": {
        "location": {
          "x": 0.0,
          "y": 0.0,
          "z": 0.0
        },
        "rotation_quaternion": {
          "w": 0.999435544013977,
          "x": -0.03164451941847801,
          "y": -0.00421565817669034,
          "z": -0.010468405671417713
        },
        "scale": {
          "x": 1.0,
          "y": 1.0,
          "z": 1.0
        },
        "matrix_basis": [
          [
            0.9997453093528748,
            0.021191798150539398,
            -0.0077640218660235405,
            0.0
          ],
          [
            -0.020658187568187714,
            0.997778058052063,
            0.06334158033132553,
            0.0
          ],
          [
            0.00908909272402525,
            -0.06316505372524261,
            0.997961699962616,
            0.0
          ],
          [
            0.0,
            0.0,
            0.0,
            1.0
          ]
        ],
        "rotation_mode": "QUATERNION"
      },
      "armature_space": {
        "head": {
          "x": 0.5438452959060669,
          "y": -0.3561444878578186,
          "z": 0.5322118401527405
        },
        "tail": {
          "x": 0.571600079536438,
          "y": -0.3860788941383362,
          "z": 0.5041547417640686
        }
      },
      "world_space": {
        "head": {
          "x": 0.5438452959060669,
          "y": -0.2929005026817322,
          "z": 1.4820659160614014
        },
        "tail": {
          "x": 0.571600079536438,
          "y": -0.32283490896224976,
          "z": 1.4540088176727295
        },
        "rotation_quaternion": {
          "w": 0.42140790820121765,
          "x": -0.8047905564308167,
          "y": -0.14231610298156738,
          "z": -0.3930314779281616
        },
        "matrix": [
          [
            0.650545597076416,
            0.5603216290473938,
            0.5126692056655884,
            0.5438452959060669
          ],
          [
            -0.10218179225921631,
            -0.604324460029602,
            0.7901589870452881,
            -0.2929005026817322
          ],
          [
            0.7525671124458313,
            -0.5664243698120117,
            -0.33588749170303345,
            1.4820659160614014
          ],
          [
            0.0,
            0.0,
            0.0,
            1.0
          ]
        ]
      },
      "bone_length_armature_space": 0.04953380154331343,
      "parent": "lowerarm_l",
      "has_children": true,
      "is_end_bone": false
    },
    "thumb_01_l": {
      "name": "thumb_01_l",
      "local": {
        "location": {
          "x": 0.0,
          "y": 0.0,
          "z": 0.0
        },
        "rotation_quaternion": {
          "w": 0.9966088533401489,
          "x": -0.07866264879703522,
          "y": 0.014512394554913044,
          "z": -0.01930069364607334
        },
        "scale": {
          "x": 1.0,
          "y": 1.0,
          "z": 1.0
        },
        "matrix_basis": [
          [
            0.9988337755203247,
            0.036187317222356796,
            0.03196284919977188,
            0.0
          ],
          [
            -0.04075365141034126,
            0.9868793487548828,
            0.1562315821647644,
            0.0
          ],
          [
            -0.025889873504638672,
            -0.15735198557376862,
            0.9872031807899475,
            0.0
          ],
          [
            0.0,
            0.0,
            0.0,
            1.0
          ]
        ],
        "rotation_mode": "QUATERNION"
      },
      "armature_space": {
        "head": {
          "x": 0.571600079536438,
          "y": -0.3860788941383362,
          "z": 0.5041547417640686
        },
        "tail": {
          "x": 0.5902881622314453,
          "y": -0.38014721870422363,
          "z": 0.4763301908969879
        }
      },
      "world_space": {
        "head": {
          "x": 0.571600079536438,
          "y": -0.32283490896224976,
          "z": 1.4540088176727295
        },
        "tail": {
          "x": 0.5902881622314453,
          "y": -0.3169032335281372,
          "z": 1.4261841773986816
        },
        "rotation_quaternion": {
          "w": 0.660651445388794,
          "x": -0.27841025590896606,
          "y": 0.3881654143333435,
          "z": -0.5790984630584717
        },
        "matrix": [
          [
            0.0279424786567688,
            0.5490273237228394,
            0.8353370428085327,
            0.571600079536438
          ],
          [
            -0.9813032150268555,
            0.17426376044750214,
            -0.08170990645885468,
            -0.32283490896224976
          ],
          [
            -0.1904320865869522,
            -0.8174413442611694,
            0.5436356663703918,
            1.4540088176727295
          ],
          [
            0.0,
            0.0,
            0.0,
            1.0
          ]
        ]
      },
      "bone_length_armature_space": 0.034038725019581446,
      "parent": "metacarpal_thumb_l",
      "has_children": true,
      "is_end_bone": false
    },
    "thumb_02_l": {
      "name": "thumb_02_l",
      "local": {
        "location": {
          "x": 0.0,
          "y": 0.0,
          "z": 0.0
        },
        "rotation_quaternion": {
          "w": 0.9965376257896423,
          "x": 0.08314106613397598,
          "y": -0.0005280287587083876,
          "z": 0.0004922584048472345
        },
        "scale": {
          "x": 1.0,
          "y": 1.0,
          "z": 1.0
        },
        "matrix_basis": [
          [
            0.9999989867210388,
            -0.0010689097689464688,
            -0.0009705472621135414,
            0.0
          ],
          [
            0.0008933062781579792,
            0.9861746430397034,
            -0.16570691764354706,
            0.0
          ],
          [
            0.0011342548532411456,
            0.1657058745622635,
            0.9861745834350586,
            0.0
          ],
          [
            0.0,
            0.0,
            0.0,
            1.0
          ]
        ],
        "rotation_mode": "QUATERNION"
      },
      "armature_space": {
        "head": {
          "x": 0.5902881026268005,
          "y": -0.38014715909957886,
          "z": 0.4763302206993103
        },
        "tail": {
          "x": 0.6207942366600037,
          "y": -0.40621528029441833,
          "z": 0.4745955765247345
        }
      },
      "world_space": {
        "head": {
          "x": 0.5902881026268005,
          "y": -0.31690317392349243,
          "z": 1.4261841773986816
        },
        "tail": {
          "x": 0.6207942366600037,
          "y": -0.3429712653160095,
          "z": 1.4244495630264282
        },
        "rotation_quaternion": {
          "w": 0.40411049127578735,
          "x": 0.1890803873538971,
          "y": 0.110348179936409,
          "z": -0.8881254196166992
        },
        "matrix": [
          [
            -0.6018866300582886,
            0.7595310807228088,
            -0.24666720628738403,
            0.5902881026268005
          ],
          [
            -0.6760727763175964,
            -0.6490354537963867,
            -0.3488251268863678,
            -0.31690317392349243
          ],
          [
            -0.42504310607910156,
            -0.04318879544734955,
            0.9041501879692078,
            1.4261841773986816
          ],
          [
            0.0,
            0.0,
            0.0,
            1.0
          ]
        ]
      },
      "bone_length_armature_space": 0.04016441405908792,
      "parent": "thumb_01_l",
      "has_children": true,
      "is_end_bone": false
    },
    "thumb_03_l": {
      "name": "thumb_03_l",
      "local": {
        "location": {
          "x": 0.0,
          "y": 0.0,
          "z": 0.0
        },
        "rotation_quaternion": {
          "w": 0.9983861446380615,
          "x": 0.0563783124089241,
          "y": -0.005756601225584745,
          "z": 0.003685712581500411
        },
        "scale": {
          "x": 1.0,
          "y": 1.0,
          "z": 1.0
        },
        "matrix_basis": [
          [
            0.9999065399169922,
            -0.008008623495697975,
            -0.0110790329053998,
            0.0
          ],
          [
            0.00671043386682868,
            0.9936158061027527,
            -0.11261708289384842,
            0.0
          ],
          [
            0.011910210363566875,
            0.11253222078084946,
            0.99357670545578,
            0.0
          ],
          [
            0.0,
            0.0,
            0.0,
            1.0
          ]
        ],
        "rotation_mode": "QUATERNION"
      },
      "armature_space": {
        "head": {
          "x": 0.6207941770553589,
          "y": -0.40621525049209595,
          "z": 0.47459548711776733
        },
        "tail": {
          "x": 0.6415234208106995,
          "y": -0.42579641938209534,
          "z": 0.4852617084980011
        }
      },
      "world_space": {
        "head": {
          "x": 0.6207941770553589,
          "y": -0.3429712653160095,
          "z": 1.4244494438171387
        },
        "tail": {
          "x": 0.6415234208106995,
          "y": -0.3625524044036865,
          "z": 1.4351156949996948
        },
        "rotation_quaternion": {
          "w": 0.4223320186138153,
          "x": 0.4282579720020294,
          "y": 0.007128897588700056,
          "z": -0.7988616824150085
        },
        "matrix": [
          [
            -0.2764604985713959,
            0.6808774471282959,
            -0.6782147288322449,
            0.6207941770553589
          ],
          [
            -0.6686643362045288,
            -0.6431681513786316,
            -0.3731262981891632,
            -0.3429712653160095
          ],
          [
            -0.690264880657196,
            0.3503454923629761,
            0.6330931782722473,
            1.4244494438171387
          ],
          [
            0.0,
            0.0,
            0.0,
            1.0
          ]
        ]
      },
      "bone_length_armature_space": 0.030444901354241834,
      "parent": "thumb_02_l",
      "has_children": false,
      "is_end_bone": true
    },
    "metacarpal_index_l": {
      "name": "metacarpal_index_l",
      "local": {
        "location": {
          "x": 0.0,
          "y": 0.0,
          "z": 0.0
        },
        "rotation_quaternion": {
          "w": 0.999631404876709,
          "x": 0.015330091118812561,
          "y": -0.019250735640525818,
          "z": -0.011475886218249798
        },
        "scale": {
          "x": 1.0,
          "y": 1.0,
          "z": 1.0
        },
        "matrix_basis": [
          [
            0.9989954233169556,
            0.02235308103263378,
            -0.038839131593704224,
            0.0
          ],
          [
            -0.023533543571829796,
            0.9992665648460388,
            -0.030207041651010513,
            0.0
          ],
          [
            0.038135427981615067,
            0.031090719625353813,
            0.9987887740135193,
            0.0
          ],
          [
            0.0,
            0.0,
            0.0,
            1.0
          ]
        ],
        "rotation_mode": "QUATERNION"
      },
      "armature_space": {
        "head": {
          "x": 0.5438452959060669,
          "y": -0.3561444878578186,
          "z": 0.5322118401527405
        },
        "tail": {
          "x": 0.6260358095169067,
          "y": -0.4318472743034363,
          "z": 0.4969550669193268
        }
      },
      "world_space": {
        "head": {
          "x": 0.5438452959060669,
          "y": -0.2929005026817322,
          "z": 1.4820659160614014
        },
        "tail": {
          "x": 0.6260358095169067,
          "y": -0.36860328912734985,
          "z": 1.4468090534210205
        },
        "rotation_quaternion": {
          "w": 0.24466578662395477,
          "x": -0.8862329721450806,
          "y": -0.342193603515625,
          "z": -0.19399307668209076
        },
        "matrix": [
          [
            0.6905404329299927,
            0.7014536261558533,
            0.17639869451522827,
            0.5438452959060669
          ],
          [
            0.511600911617279,
            -0.6460840106010437,
            0.5664279460906982,
            -0.2929005026817322
          ],
          [
            0.5112954378128052,
            -0.3008982837200165,
            -0.8050165772438049,
            1.4820659160614014
          ],
          [
            0.0,
            0.0,
            0.0,
            1.0
          ]
        ]
      },
      "bone_length_armature_space": 0.1171718075298754,
      "parent": "lowerarm_l",
      "has_children": true,
      "is_end_bone": false
    },
    "index_01_l": {
      "name": "index_01_l",
      "local": {
        "location": {
          "x": 0.0,
          "y": 0.0,
          "z": 0.0
        },
        "rotation_quaternion": {
          "w": 0.9973219633102417,
          "x": -0.06934165209531784,
          "y": 0.011145554482936859,
          "z": -0.02040819637477398
        },
        "scale": {
          "x": 1.0,
          "y": 1.0,
          "z": 1.0
        },
        "matrix_basis": [
          [
            0.9989185929298401,
            0.03916138410568237,
            0.02506168931722641,
            0.0
          ],
          [
            -0.042252786457538605,
            0.9895504713058472,
            0.13785699009895325,
            0.0
          ],
          [
            -0.01940113678574562,
            -0.1387668251991272,
            0.9901350140571594,
            0.0
          ],
          [
            0.0,
            0.0,
            0.0,
            1.0
          ]
        ],
        "rotation_mode": "QUATERNION"
      },
      "armature_space": {
        "head": {
          "x": 0.6260358095169067,
          "y": -0.4318472743034363,
          "z": 0.4969550669193268
        },
        "tail": {
          "x": 0.6497390866279602,
          "y": -0.4471987187862396,
          "z": 0.5008994936943054
        }
      },
      "world_space": {
        "head": {
          "x": 0.6260358095169067,
          "y": -0.36860328912734985,
          "z": 1.4468090534210205
        },
        "tail": {
          "x": 0.6497390866279602,
          "y": -0.3839547038078308,
          "z": 1.4507534503936768
        },
        "rotation_quaternion": {
          "w": 0.09686512500047684,
          "x": -0.8183427453041077,
          "y": -0.47056227922439575,
          "z": -0.3154417872428894
        },
        "matrix": [
          [
            0.3581346869468689,
            0.8312739133834839,
            0.4251152276992798,
            0.6260358095169067
          ],
          [
            0.7090525031089783,
            -0.5383752584457397,
            0.45540904998779297,
            -0.36860328912734985
          ],
          [
            0.6074461340904236,
            0.13833178579807281,
            -0.7822327017784119,
            1.4468090534210205
          ],
          [
            0.0,
            0.0,
            0.0,
            1.0
          ]
        ]
      },
      "bone_length_armature_space": 0.02851439488388666,
      "parent": "metacarpal_index_l",
      "has_children": true,
      "is_end_bone": false
    },
    "index_02_l": {
      "name": "index_02_l",
      "local": {
        "location": {
          "x": 0.0,
          "y": 0.0,
          "z": 0.0
        },
        "rotation_quaternion": {
          "w": 0.9994950890541077,
          "x": 0.029905200004577637,
          "y": 0.010580698028206825,
          "z": -0.001830748631618917
        },
        "scale": {
          "x": 1.0,
          "y": 1.0,
          "z": 1.0
        },
        "matrix_basis": [
          [
            0.999769389629364,
            0.004292484372854233,
            0.02104121446609497,
            0.0
          ],
          [
            -0.0030268128030002117,
            0.9982046484947205,
            -0.05981894209980965,
            0.0
          ],
          [
            -0.021260209381580353,
            0.05974145978689194,
            0.9979874491691589,
            0.0
          ],
          [
            0.0,
            0.0,
            0.0,
            1.0
          ]
        ],
        "rotation_mode": "QUATERNION"
      },
      "armature_space": {
        "head": {
          "x": 0.6497393846511841,
          "y": -0.44719892740249634,
          "z": 0.5008991956710815
        },
        "tail": {
          "x": 0.6716123819351196,
          "y": -0.4601304233074188,
          "z": 0.504426121711731
        }
      },
      "world_space": {
        "head": {
          "x": 0.6497393846511841,
          "y": -0.3839549422264099,
          "z": 1.4507532119750977
        },
        "tail": {
          "x": 0.6716123819351196,
          "y": -0.39688640832901,
          "z": 1.454280138015747
        },
        "rotation_quaternion": {
          "w": 0.09121224284172058,
          "x": -0.8163731098175049,
          "y": -0.4895259439945221,
          "z": -0.29254013299942017
        },
        "matrix": [
          [
            0.34956881403923035,
            0.8526387810707092,
            0.388340562582016,
            0.6497393846511841
          ],
          [
            0.7459057569503784,
            -0.5040880441665649,
            0.4353395402431488,
            -0.3839549422264099
          ],
          [
            0.5669499635696411,
            0.13748487830162048,
            -0.8122069239616394,
            1.4507532119750977
          ],
          [
            0.0,
            0.0,
            0.0,
            1.0
          ]
        ]
      },
      "bone_length_armature_space": 0.025653280319452805,
      "parent": "index_01_l",
      "has_children": true,
      "is_end_bone": false
    },
    "index_03_l": {
      "name": "index_03_l",
      "local": {
        "location": {
          "x": 0.0,
          "y": 0.0,
          "z": 0.0
        },
        "rotation_quaternion": {
          "w": 0.9998766183853149,
          "x": 0.01407315582036972,
          "y": -0.006466799881309271,
          "z": -0.0026266719214618206
        },
        "scale": {
          "x": 1.0,
          "y": 1.0,
          "z": 1.0
        },
        "matrix_basis": [
          [
            0.9999025464057922,
            0.005070678889751434,
            -0.013005934655666351,
            0.0
          ],
          [
            -0.005434712395071983,
            0.9995900988578796,
            -0.02810886688530445,
            0.0
          ],
          [
            0.012858073227107525,
            0.02817681059241295,
            0.9995202422142029,
            0.0
          ],
          [
            0.0,
            0.0,
            0.0,
            1.0
          ]
        ],
        "rotation_mode": "QUATERNION"
      },
      "armature_space": {
        "head": {
          "x": 0.6716122627258301,
          "y": -0.460130512714386,
          "z": 0.5044262409210205
        },
        "tail": {
          "x": 0.6985474824905396,
          "y": -0.4710911810398102,
          "z": 0.507270336151123
        }
      },
      "world_space": {
        "head": {
          "x": 0.6716122627258301,
          "y": -0.39688652753829956,
          "z": 1.4542802572250366
        },
        "tail": {
          "x": 0.6985474824905396,
          "y": -0.40784716606140137,
          "z": 1.4571243524551392
        },
        "rotation_quaternion": {
          "w": 0.13959237933158875,
          "x": -0.7767366766929626,
          "y": -0.541248619556427,
          "z": -0.29024848341941833
        },
        "matrix": [
          [
            0.24561083316802979,
            0.9218489527702332,
            0.2997826337814331,
            0.6716122627258301
          ],
          [
            0.7597829103469849,
            -0.37512582540512085,
            0.5310471653938293,
            -0.39688652753829956
          ],
          [
            0.6020064949989319,
            0.0973391979932785,
            -0.792544960975647,
            1.4542802572250366
          ],
          [
            0.0,
            0.0,
            0.0,
            1.0
          ]
        ]
      },
      "bone_length_armature_space": 0.029218678484075302,
      "parent": "index_02_l",
      "has_children": false,
      "is_end_bone": true
    },
    "metacarpal_pinky_l": {
      "name": "metacarpal_pinky_l",
      "local": {
        "location": {
          "x": 0.0,
          "y": 0.0,
          "z": 0.0
        },
        "rotation_quaternion": {
          "w": 0.9993910193443298,
          "x": -0.02655859850347042,
          "y": -0.018042398616671562,
          "z": -0.013670279644429684
        },
        "scale": {
          "x": 1.0,
          "y": 1.0,
          "z": 1.0
        },
        "matrix_basis": [
          [
            0.9989752173423767,
            0.028282271698117256,
            -0.0353366956114769,
            0.0
          ],
          [
            -0.026365548372268677,
            0.9982155561447144,
            0.05357813835144043,
            0.0
          ],
          [
            0.0367889478802681,
            -0.052591558545827866,
            0.9979382157325745,
            0.0
          ],
          [
            0.0,
            0.0,
            0.0,
            1.0
          ]
        ],
        "rotation_mode": "QUATERNION"
      },
      "armature_space": {
        "head": {
          "x": 0.5438452959060669,
          "y": -0.3561444878578186,
          "z": 0.5322118401527405
        },
        "tail": {
          "x": 0.6291692852973938,
          "y": -0.40901196002960205,
          "z": 0.5599258542060852
        }
      },
      "world_space": {
        "head": {
          "x": 0.5438452959060669,
          "y": -0.2929005026817322,
          "z": 1.4820659160614014
        },
        "tail": {
          "x": 0.6291692852973938,
          "y": -0.3457679748535156,
          "z": 1.509779930114746
        },
        "rotation_quaternion": {
          "w": 0.44204819202423096,
          "x": 0.6139063835144043,
          "y": 0.2252579927444458,
          "z": -0.6139799356460571
        },
        "matrix": [
          [
            0.1445758193731308,
            0.8193929195404053,
            -0.5547007322311401,
            0.5438452959060669
          ],
          [
            -0.2662428319454193,
            -0.5077027082443237,
            -0.8193615674972534,
            -0.2929005026817322
          ],
          [
            -0.9530090093612671,
            0.2661464512348175,
            0.14475604891777039,
            1.4820659160614014
          ],
          [
            0.0,
            0.0,
            0.0,
            1.0
          ]
        ]
      },
      "bone_length_armature_space": 0.10413077920255746,
      "parent": "lowerarm_l",
      "has_children": true,
      "is_end_bone": false
    },
    "pinky_01_l": {
      "name": "pinky_01_l",
      "local": {
        "location": {
          "x": 0.0,
          "y": 0.0,
          "z": 0.0
        },
        "rotation_quaternion": {
          "w": 0.9961839914321899,
          "x": -0.08716759830713272,
          "y": 0.0009327938314527273,
          "z": -0.004307812079787254
        },
        "scale": {
          "x": 1.0,
          "y": 1.0,
          "z": 1.0
        },
        "matrix_basis": [
          [
            0.9999611377716064,
            0.008420128375291824,
            0.0026094717904925346,
            0.0
          ],
          [
            -0.008745365776121616,
            0.9847664833068848,
            0.17366190254688263,
            0.0
          ],
          [
            -0.0011074652429670095,
            -0.1736779659986496,
            0.9848018884658813,
            0.0
          ],
          [
            0.0,
            0.0,
            0.0,
            1.0
          ]
        ],
        "rotation_mode": "QUATERNION"
      },
      "armature_space": {
        "head": {
          "x": 0.6291692852973938,
          "y": -0.40901196002960205,
          "z": 0.5599258542060852
        },
        "tail": {
          "x": 0.6466810703277588,
