{
  "metadata": {
    "armature_name": "KIM_caucasian_male",
    "export_time": "2026-01-13T21:02:53.478922",
    "blender_version": "4.4.1",
    "bone_count": 56,
    "end_bone_count": 13,
    "spaces_included": [
      "LOCAL_CHANNELS",
      "ARMATURE_SPACE",
      "WORLD_SPACE"
    ],
    "note": "LOCAL matches Transform panel; replay pose via local.matrix_basis for best fidelity."
  },
  "bones": {
    "Root": {
      "name": "Root",
      "local": {
        "location": {
          "x": 0.0,
          "y": 0.0,
          "z": 0.0
        },
        "rotation_quaternion": {
          "w": 0.9999020099639893,
          "x": 0.013401688076555729,
          "y": 6.258532084757462e-05,
          "z": -0.004072203300893307
        },
        "scale": {
          "x": 1.0,
          "y": 1.0,
          "z": 1.0
        },
        "matrix_basis": [
          [
            0.9999668002128601,
            0.00814528577029705,
            1.6009578757802956e-05,
            0.0
          ],
          [
            -0.008141931146383286,
            0.9996076226234436,
            -0.02680126018822193,
            0.0
          ],
          [
            -0.0002343071682844311,
            0.026800239458680153,
            0.9996407628059387,
            0.0
          ],
          [
            0.0,
            0.0,
            0.0,
            1.0
          ]
        ],
        "rotation_mode": "QUATERNION"
      },
      "armature_space": {
        "head": {
          "x": 0.0,
          "y": 0.07072800397872925,
          "z": -0.009595036506652832
        },
        "tail": {
          "x": 0.0005813768366351724,
          "y": -0.00022939592599868774,
          "z": -0.0018993057310581207
        }
      },
      "world_space": {
        "head": {
          "x": 0.0,
          "y": 0.13397200405597687,
          "z": 0.9402589797973633
        },
        "tail": {
          "x": 0.0005813768366351724,
          "y": 0.06301460415124893,
          "z": 0.9479547142982483
        },
        "rotation_quaternion": {
          "w": 0.053989801555871964,
          "x": 0.9985331892967224,
          "y": 0.00406716950237751,
          "z": -0.00021189228573348373
        },
        "matrix": [
          [
            0.9999668002128601,
            0.00814528577029705,
            1.6009578757802956e-05,
            0.0
          ],
          [
            0.008099526166915894,
            -0.9941371083259583,
            -0.10782340914011002,
            0.13397200405597687
          ],
          [
            -0.0008623352623544633,
            0.10781978070735931,
            -0.9941771030426025,
            0.9402589797973633
          ],
          [
            0.0,
            0.0,
            0.0,
            1.0
          ]
        ]
      },
      "bone_length_armature_space": 0.07137586914195972,
      "parent": null,
      "has_children": true,
      "is_end_bone": false
    },
    "spine_01": {
      "name": "spine_01",
      "local": {
        "location": {
          "x": 0.0,
          "y": 0.0,
          "z": 0.0
        },
        "rotation_quaternion": {
          "w": 0.9963634610176086,
          "x": 0.00293140159919858,
          "y": 0.05249093100428581,
          "z": 0.0670533999800682
        },
        "scale": {
          "x": 1.0,
          "y": 1.0,
          "z": 1.0
        },
        "matrix_basis": [
          [
            0.9854971170425415,
            -0.13331137597560883,
            0.10499320924282074,
            0.0
          ],
          [
            0.1339268535375595,
            0.9909905195236206,
            0.001197907840833068,
            0.0
          ],
          [
            -0.10420697182416916,
            0.012880873866379261,
            0.9944722056388855,
            0.0
          ],
          [
            0.0,
            0.0,
            0.0,
            1.0
          ]
        ],
        "rotation_mode": "QUATERNION"
      },
      "armature_space": {
        "head": {
          "x": 0.0005813768366351724,
          "y": -0.00022939592599868774,
          "z": -0.0018993057310581207
        },
        "tail": {
          "x": -0.06408276408910751,
          "y": 0.002608248731121421,
          "z": 0.48179376125335693
        }
      },
      "world_space": {
        "head": {
          "x": 0.0005813768366351724,
          "y": 0.06301460415124893,
          "z": 0.9479547142982483
        },
        "tail": {
          "x": -0.06408276408910751,
          "y": 0.06585224717855453,
          "z": 1.431647777557373
        },
        "rotation_quaternion": {
          "w": 0.7091314196586609,
          "x": 0.6996349692344666,
          "y": -0.0063147712498903275,
          "z": 0.08719973266124725
        },
        "matrix": [
          [
            0.984712541103363,
            -0.13250814378261566,
            0.11306082457304001,
            0.0005813768366351724
          ],
          [
            0.11483702063560486,
            0.005814830772578716,
            -0.9933673739433289,
            0.06301460415124893
          ],
          [
            0.13097284734249115,
            0.9911718368530273,
            0.020942023023962975,
            0.9479547142982483
          ],
          [
            0.0,
            0.0,
            0.0,
            1.0
          ]
        ]
      },
      "bone_length_armature_space": 0.4880045879616487,
      "parent": "Root",
      "has_children": true,
      "is_end_bone": false
    },
    "neck_01": {
      "name": "neck_01",
      "local": {
        "location": {
          "x": 0.0,
          "y": 0.0,
          "z": 0.0
        },
        "rotation_quaternion": {
          "w": 0.9955423474311829,
          "x": 0.07019353657960892,
          "y": 0.05942879617214203,
          "z": -0.02089587226510048
        },
        "scale": {
          "x": 1.0,
          "y": 1.0,
          "z": 1.0
        },
        "matrix_basis": [
          [
            0.9920631647109985,
            0.04994848743081093,
            0.11539425700902939,
            0.0
          ],
          [
            -0.03326241672039032,
            0.9892724752426147,
            -0.14224490523338318,
            0.0
          ],
          [
            -0.12126127630472183,
            0.13727764785289764,
            0.9830821752548218,
            0.0
          ],
          [
            0.0,
            0.0,
            0.0,
            1.0
          ]
        ],
        "rotation_mode": "QUATERNION"
      },
      "armature_space": {
        "head": {
          "x": -0.06986380368471146,
          "y": -0.03141641616821289,
          "z": 0.5550921559333801
        },
        "tail": {
          "x": -0.07073906064033508,
          "y": -0.08153191208839417,
          "z": 0.644525945186615
        }
      },
      "world_space": {
        "head": {
          "x": -0.06986380368471146,
          "y": 0.03182758390903473,
          "z": 1.504946231842041
        },
        "tail": {
          "x": -0.07073906064033508,
          "y": -0.018287912011146545,
          "z": 1.5943799018859863
        },
        "rotation_quaternion": {
          "w": 0.5011343359947205,
          "x": 0.8540967702865601,
          "y": 0.06670401245355606,
          "z": 0.12220355868339539
        },
        "matrix": [
          [
            0.9612337946891785,
            -0.008537311106920242,
            0.2756023705005646,
            -0.06986380368471146
          ],
          [
            0.2364240139722824,
            -0.4888298809528351,
            -0.8397318124771118,
            0.03182758390903473
          ],
          [
            0.14189288020133972,
            0.8723430633544922,
            -0.46786534786224365,
            1.504946231842041
          ],
          [
            0.0,
            0.0,
            0.0,
            1.0
          ]
        ]
      },
      "bone_length_armature_space": 0.10252185775500804,
      "parent": "spine_01",
      "has_children": true,
      "is_end_bone": false
    },
    "head": {
      "name": "head",
      "local": {
        "location": {
          "x": 0.0,
          "y": 0.0,
          "z": 0.0
        },
        "rotation_quaternion": {
          "w": 0.9869021773338318,
          "x": -0.010064836591482162,
          "y": -0.15882597863674164,
          "z": 0.02640233188867569
        },
        "scale": {
          "x": 1.0,
          "y": 1.0,
          "z": 1.0
        },
        "matrix_basis": [
          [
            0.9481544494628906,
            -0.04891592264175415,
            -0.31402286887168884,
            0.0
          ],
          [
            0.05531015247106552,
            0.9984032511711121,
            0.011479265987873077,
            0.0
          ],
          [
            0.3129599392414093,
            -0.028252771124243736,
            0.9493460059165955,
            0.0
          ],
          [
            0.0,
            0.0,
            0.0,
            1.0
          ]
        ],
        "rotation_mode": "QUATERNION"
      },
      "armature_space": {
        "head": {
          "x": -0.0707390159368515,
          "y": -0.08153200149536133,
          "z": 0.6445258259773254
        },
        "tail": {
          "x": -0.09588965773582458,
          "y": -0.10268616676330566,
          "z": 0.7960951328277588
        }
      },
      "world_space": {
        "head": {
          "x": -0.0707390159368515,
          "y": -0.01828800141811371,
          "z": 1.5943799018859863
        },
        "tail": {
          "x": -0.09588965773582458,
          "y": -0.039442166686058044,
          "z": 1.745949149131775
        },
        "rotation_quaternion": {
          "w": 0.6518633365631104,
          "x": 0.7532482743263245,
          "y": -0.08291292190551758,
          "z": 0.02857937105000019
        },
        "matrix": [
          [
            0.9846172332763672,
            -0.16216783225536346,
            -0.06504203379154205,
            -0.0707390159368515
          ],
          [
            -0.08764933049678802,
            -0.13639909029006958,
            -0.9867691993713379,
            -0.01828800141811371
          ],
          [
            0.15115146338939667,
            0.9772974848747253,
            -0.14851664006710052,
            1.5943799018859863
          ],
          [
            0.0,
            0.0,
            0.0,
            1.0
          ]
        ]
      },
      "bone_length_armature_space": 0.15509128861130428,
      "parent": "neck_01",
      "has_children": false,
      "is_end_bone": true
    },
    "upperarm_l": {
      "name": "upperarm_l",
      "local": {
        "location": {
          "x": 0.0,
          "y": 0.0,
          "z": 0.0
        },
        "rotation_quaternion": {
          "w": 0.7996997833251953,
          "x": 0.21362923085689545,
          "y": 0.4970701336860657,
          "z": 0.260315477848053
        },
        "scale": {
          "x": 1.0,
          "y": 1.0,
          "z": 1.0
        },
        "matrix_basis": [
          [
            0.37031427025794983,
            -0.2039710432291031,
            0.9062357544898987,
            0.0
          ],
          [
            0.6287258863449097,
            0.773196816444397,
            -0.0828884020447731,
            0.0
          ],
          [
            -0.6837917566299438,
            0.6004685759544373,
            0.4145676791667938,
            0.0
          ],
          [
            0.0,
            0.0,
            0.0,
            1.0
          ]
        ],
        "rotation_mode": "QUATERNION"
      },
      "armature_space": {
        "head": {
          "x": 0.08710921555757523,
          "y": -0.017749641090631485,
          "z": 0.508190393447876
        },
        "tail": {
          "x": 0.3095729351043701,
          "y": -0.14576834440231323,
          "z": 0.5851889848709106
        }
      },
      "world_space": {
        "head": {
          "x": 0.08710921555757523,
          "y": 0.045494358986616135,
          "z": 1.458044409751892
        },
        "tail": {
          "x": 0.3095729351043701,
          "y": -0.08252434432506561,
          "z": 1.5350430011749268
        },
        "rotation_quaternion": {
          "w": 0.20293395221233368,
          "x": 0.857147216796875,
          "y": 0.46898767352104187,
          "z": -0.06455410271883011
        },
        "matrix": [
          [
            0.5517665147781372,
            0.830183207988739,
            0.0796835646033287,
            0.08710921555757523
          ],
          [
            0.7777828574180603,
            -0.477736234664917,
            -0.40843865275382996,
            0.045494358986616135
          ],
          [
            -0.30101263523101807,
            0.28734084963798523,
            -0.9093078970909119,
            1.458044409751892
          ],
          [
            0.0,
            0.0,
            0.0,
            1.0
          ]
        ]
      },
      "bone_length_armature_space": 0.2679695525935863,
      "parent": "spine_01",
      "has_children": true,
      "is_end_bone": false
    },
    "lowerarm_l": {
      "name": "lowerarm_l",
      "local": {
        "location": {
          "x": 0.0,
          "y": 0.0,
          "z": 0.0
        },
        "rotation_quaternion": {
          "w": 0.9893535375595093,
          "x": 0.09991645812988281,
          "y": -0.055082619190216064,
          "z": 0.09034498780965805
        },
        "scale": {
          "x": 1.0,
          "y": 1.0,
          "z": 1.0
        },
        "matrix_basis": [
          [
            0.9776073694229126,
            -0.1897735893726349,
            -0.09093846380710602,
            0.0
          ],
          [
            0.16775894165039062,
            0.9637089967727661,
            -0.20765827596187592,
            0.0
          ],
          [
            0.12704627215862274,
            0.18775252997875214,
            0.9739652276039124,
            0.0
          ],
          [
            0.0,
            0.0,
            0.0,
            1.0
          ]
        ],
        "rotation_mode": "QUATERNION"
      },
      "armature_space": {
        "head": {
          "x": 0.3095729649066925,
          "y": -0.14576850831508636,
          "z": 0.5851889848709106
        },
        "tail": {
          "x": 0.47832709550857544,
          "y": -0.3514339327812195,
          "z": 0.6133514046669006
        }
      },
      "world_space": {
        "head": {
          "x": 0.3095729649066925,
          "y": -0.08252450823783875,
          "z": 1.5350430011749268
        },
        "tail": {
          "x": 0.47832709550857544,
          "y": -0.28818994760513306,
          "z": 1.5632054805755615
        },
        "rotation_quaternion": {
          "w": 0.13236866891384125,
          "x": 0.914677619934082,
          "y": 0.3131966292858124,
          "z": -0.21852052211761475
        },
        "matrix": [
          [
            0.7083130478858948,
            0.6307988166809082,
            -0.3168361186981201,
            0.3095729649066925
          ],
          [
            0.5150975584983826,
            -0.768772304058075,
            -0.3790302276611328,
            -0.08252450823783875
          ],
          [
            -0.4826696813106537,
            0.10527051985263824,
            -0.869460940361023,
            1.5350430011749268
          ],
          [
            0.0,
            0.0,
            0.0,
            1.0
          ]
        ]
      },
      "bone_length_armature_space": 0.26752448088078995,
      "parent": "upperarm_l",
      "has_children": true,
      "is_end_bone": false
    },
    "metacarpal_thumb_l": {
      "name": "metacarpal_thumb_l",
      "local": {
        "location": {
          "x": 0.0,
          "y": 0.0,
          "z": 0.0
        },
        "rotation_quaternion": {
          "w": 0.9993257522583008,
          "x": -0.032166410237550735,
          "y": 0.015971584245562553,
          "z": -0.007637051399797201
        },
        "scale": {
          "x": 1.0,
          "y": 1.0,
          "z": 1.0
        },
        "matrix_basis": [
          [
            0.999373197555542,
            0.01423630677163601,
            0.03241294249892235,
            0.0
          ],
          [
            -0.0162913016974926,
            0.9978139996528625,
            0.0640454962849617,
            0.0
          ],
          [
            -0.03143031895160675,
            -0.06453339755535126,
            0.9974204897880554,
            0.0
          ],
          [
            0.0,
            0.0,
            0.0,
            1.0
          ]
        ],
        "rotation_mode": "QUATERNION"
      },
      "armature_space": {
        "head": {
          "x": 0.47832709550857544,
          "y": -0.3514339327812195,
          "z": 0.6133514046669006
        },
        "tail": {
          "x": 0.4986570477485657,
          "y": -0.3899640738964081,
          "z": 0.5897778272628784
        }
      },
      "world_space": {
        "head": {
          "x": 0.47832709550857544,
          "y": -0.28818994760513306,
          "z": 1.5632054805755615
        },
        "tail": {
          "x": 0.4986570477485657,
          "y": -0.32672005891799927,
          "z": 1.5396318435668945
        },
        "rotation_quaternion": {
          "w": 0.32194992899894714,
          "x": -0.8488764762878418,
          "y": -0.08613914251327515,
          "z": -0.41028892993927
        },
        "matrix": [
          [
            0.6484866738319397,
            0.4104272425174713,
            0.6411038637161255,
            0.47832709550857544
          ],
          [
            -0.11794079840183258,
            -0.7778574824333191,
            0.6172745227813721,
            -0.28818994760513306
          ],
          [
            0.7520390152931213,
            -0.4759107232093811,
            -0.45602691173553467,
            1.5632054805755615
          ],
          [
            0.0,
            0.0,
            0.0,
            1.0
          ]
        ]
      },
      "bone_length_armature_space": 0.04953374836956161,
      "parent": "lowerarm_l",
      "has_children": true,
      "is_end_bone": false
    },
    "thumb_01_l": {
      "name": "thumb_01_l",
      "local": {
        "location": {
          "x": 0.0,
          "y": 0.0,
          "z": 0.0
        },
        "rotation_quaternion": {
          "w": 0.9813770055770874,
          "x": 0.19121834635734558,
          "y": 0.012524694204330444,
          "z": -0.013337045907974243
        },
        "scale": {
          "x": 1.0,
          "y": 1.0,
          "z": 1.0
        },
        "matrix_basis": [
          [
            0.9993305206298828,
            0.030967243015766144,
            0.019482318311929703,
            0.0
          ],
          [
            -0.021387437358498573,
            0.9265153408050537,
            -0.3756486475467682,
            0.0
          ],
          [
            -0.029683468863368034,
            0.37498047947883606,
            0.9265573620796204,
            0.0
          ],
          [
            0.0,
            0.0,
            0.0,
            1.0
          ]
        ],
        "rotation_mode": "QUATERNION"
      },
      "armature_space": {
        "head": {
          "x": 0.4986570477485657,
          "y": -0.3899640738964081,
          "z": 0.5897778272628784
        },
        "tail": {
          "x": 0.5289564728736877,
          "y": -0.393954336643219,
          "z": 0.5747894644737244
        }
      },
      "world_space": {
        "head": {
          "x": 0.4986570477485657,
          "y": -0.32672005891799927,
          "z": 1.5396318435668945
        },
        "tail": {
          "x": 0.5289564728736877,
          "y": -0.33071035146713257,
          "z": 1.5246434211730957
        },
        "rotation_quaternion": {
          "w": 0.6363610625267029,
          "x": -0.12495651096105576,
          "y": 0.1908683478832245,
          "z": -0.7368852496147156
        },
        "matrix": [
          [
            -0.15885944664478302,
            0.8901493549346924,
            0.4270804524421692,
            0.4986570477485657
          ],
          [
            -0.9855509400367737,
            -0.11722730100154877,
            -0.12225840240716934,
            -0.32672005891799927
          ],
          [
            -0.05876390263438225,
            -0.4403347373008728,
            0.8959165215492249,
            1.5396318435668945
          ],
          [
            0.0,
            0.0,
            0.0,
            1.0
          ]
        ]
      },
      "bone_length_armature_space": 0.03403863091368395,
      "parent": "metacarpal_thumb_l",
      "has_children": true,
      "is_end_bone": false
    },
    "thumb_02_l": {
      "name": "thumb_02_l",
      "local": {
        "location": {
          "x": 0.0,
          "y": 0.0,
          "z": 0.0
        },
        "rotation_quaternion": {
          "w": 0.9348740577697754,
          "x": 0.3548102080821991,
          "y": -0.01061867643147707,
          "z": 0.002722175093367696
        },
        "scale": {
          "x": 1.0,
          "y": 1.0,
          "z": 1.0
        },
        "matrix_basis": [
          [
            0.9997596740722656,
            -0.01262501161545515,
            -0.0179225392639637,
            0.0
          ],
          [
            -0.002445447724312544,
            0.7482045888900757,
            -0.6634635329246521,
            0.0
          ],
          [
            0.021785961464047432,
            0.6633478999137878,
            0.7479939460754395,
            0.0
          ],
          [
            0.0,
            0.0,
            0.0,
            1.0
          ]
        ],
        "rotation_mode": "QUATERNION"
      },
      "armature_space": {
        "head": {
          "x": 0.528956413269043,
          "y": -0.3939542770385742,
          "z": 0.5747894048690796
        },
        "tail": {
          "x": 0.5300865173339844,
          "y": -0.4220631718635559,
          "z": 0.6034564971923828
        }
      },
      "world_space": {
        "head": {
          "x": 0.528956413269043,
          "y": -0.3307102918624878,
          "z": 1.5246434211730957
        },
        "tail": {
          "x": 0.5300865173339844,
          "y": -0.3588191866874695,
          "z": 1.553310513496399
        },
        "rotation_quaternion": {
          "w": 0.20285248756408691,
          "x": 0.45142751932144165,
          "y": -0.3300425112247467,
          "z": -0.8038257956504822
        },
        "matrix": [
          [
            -0.5101286768913269,
            0.028137534856796265,
            -0.8596376180648804,
            0.528956413269043
          ],
          [
            -0.6240971088409424,
            -0.6998458504676819,
            0.347446084022522,
            -0.3307102918624878
          ],
          [
            -0.5918422937393188,
            0.713744044303894,
            0.37457501888275146,
            1.5246434211730957
          ],
          [
            0.0,
            0.0,
            0.0,
            1.0
          ]
        ]
      },
      "bone_length_armature_space": 0.040164527789881194,
      "parent": "thumb_01_l",
      "has_children": true,
      "is_end_bone": false
    },
    "thumb_03_l": {
      "name": "thumb_03_l",
      "local": {
        "location": {
          "x": 0.0,
          "y": 0.0,
          "z": 0.0
        },
        "rotation_quaternion": {
          "w": 0.9833022356033325,
          "x": 0.1816851794719696,
          "y": 0.009901461191475391,
          "z": -0.0030422876589000225
        },
        "scale": {
          "x": 1.0,
          "y": 1.0,
          "z": 1.0
        },
        "matrix_basis": [
          [
            0.9997854232788086,
            0.009580873884260654,
            0.018366780132055283,
            0.0
          ],
          [
            -0.0023850789293646812,
            0.9339624643325806,
            -0.35736313462257385,
            0.0
          ],
          [
            -0.02057773433625698,
            0.3572426438331604,
            0.9337849020957947,
            0.0
          ],
          [
            0.0,
            0.0,
            0.0,
            1.0
          ]
        ],
        "rotation_mode": "QUATERNION"
      },
      "armature_space": {
        "head": {
          "x": 0.5300865769386292,
          "y": -0.4220632016658783,
          "z": 0.603456437587738
        },
        "tail": {
          "x": 0.5158809423446655,
          "y": -0.4334164559841156,
          "z": 0.6278737187385559
        }
      },
      "world_space": {
        "head": {
          "x": 0.5300865769386292,
          "y": -0.3588191866874695,
          "z": 1.5533103942871094
        },
        "tail": {
          "x": 0.5158809423446655,
          "y": -0.3701724410057068,
          "z": 1.5777277946472168
        },
        "rotation_quaternion": {
          "w": 0.182086780667305,
          "x": 0.626878559589386,
          "y": -0.5295161604881287,
          "z": -0.5417382121086121
        },
        "matrix": [
          [
            -0.1477365344762802,
            -0.4666009545326233,
            -0.8720421195030212,
            0.5300865769386292
          ],
          [
            -0.8611719608306885,
            -0.3729114532470703,
            0.34542742371559143,
            -0.3588191866874695
          ],
          [
            -0.48637548089027405,
            0.8020157814025879,
            -0.34673309326171875,
            1.5533103942871094
          ],
          [
            0.0,
            0.0,
            0.0,
            1.0
          ]
        ]
      },
      "bone_length_armature_space": 0.030445033155685093,
      "parent": "thumb_02_l",
      "has_children": false,
      "is_end_bone": true
    },
    "metacarpal_index_l": {
      "name": "metacarpal_index_l",
      "local": {
        "location": {
          "x": 0.0,
          "y": 0.0,
          "z": 0.0
        },
        "rotation_quaternion": {
          "w": 0.9986094236373901,
          "x": -0.04970888793468475,
          "y": 0.0175595972687006,
          "z": 0.0003159290936309844
        },
        "scale": {
          "x": 1.0,
          "y": 1.0,
          "z": 1.0
        },
        "matrix_basis": [
          [
            0.9993830919265747,
            -0.0023767156526446342,
            0.03503894805908203,
            0.0
          ],
          [
            -0.0011147565674036741,
            0.9950578808784485,
            0.0992906242609024,
            0.0
          ],
          [
            -0.035101767629384995,
            -0.09926842898130417,
            0.9944413900375366,
            0.0
          ],
          [
            0.0,
            0.0,
            0.0,
            1.0
          ]
        ],
        "rotation_mode": "QUATERNION"
      },
      "armature_space": {
        "head": {
          "x": 0.47832709550857544,
          "y": -0.3514339327812195,
          "z": 0.6133514046669006
        },
        "tail": {
          "x": 0.5378701686859131,
          "y": -0.4516447186470032,
          "z": 0.6014499664306641
        }
      },
      "world_space": {
        "head": {
          "x": 0.47832709550857544,
          "y": -0.28818994760513306,
          "z": 1.5632054805755615
        },
        "tail": {
          "x": 0.5378701686859131,
          "y": -0.38840073347091675,
          "z": 1.5513039827346802
        },
        "rotation_quaternion": {
          "w": 0.10945837199687958,
          "x": -0.939550518989563,
          "y": -0.24575461447238922,
          "z": -0.2118220031261444
        },
        "matrix": [
          [
            0.7894721627235413,
            0.5081692337989807,
            0.34423452615737915,
            0.47832709550857544
          ],
          [
            0.4154268205165863,
            -0.8552470207214355,
            0.3097957968711853,
            -0.28818994760513306
          ],
          [
            0.4518377482891083,
            -0.10157245397567749,
            -0.886306881904602,
            1.5632054805755615
          ],
          [
            0.0,
            0.0,
            0.0,
            1.0
          ]
        ]
      },
      "bone_length_armature_space": 0.11717176965101225,
      "parent": "lowerarm_l",
      "has_children": true,
      "is_end_bone": false
    },
    "index_01_l": {
      "name": "index_01_l",
      "local": {
        "location": {
          "x": 0.0,
          "y": 0.0,
          "z": 0.0
        },
        "rotation_quaternion": {
          "w": 0.9726206064224243,
          "x": 0.23183181881904602,
          "y": -0.003645183052867651,
          "z": -0.0158129520714283
        },
        "scale": {
          "x": 1.0,
          "y": 1.0,
          "z": 1.0
        },
        "matrix_basis": [
          [
            0.9994733333587646,
            0.029069866985082626,
            -0.014422651380300522,
            0.0
          ],
          [
            -0.03245014324784279,
            0.8920078873634338,
            -0.45085352659225464,
            0.0
          ],
          [
            -0.00024113057588692755,
            0.45108407735824585,
            0.8924814462661743,
            0.0
          ],
          [
            0.0,
            0.0,
            0.0,
            1.0
          ]
        ],
        "rotation_mode": "QUATERNION"
      },
      "armature_space": {
        "head": {
          "x": 0.5378701686859131,
          "y": -0.4516447186470032,
          "z": 0.6014499664306641
        },
        "tail": {
          "x": 0.5618407130241394,
          "y": -0.4657937288284302,
          "z": 0.5952622294425964
        }
      },
      "world_space": {
        "head": {
          "x": 0.5378701686859131,
          "y": -0.38840073347091675,
          "z": 1.5513039827346802
        },
        "tail": {
          "x": 0.5618407130241394,
          "y": -0.40254974365234375,
          "z": 1.5451161861419678
        },
        "rotation_quaternion": {
          "w": 0.21230630576610565,
          "x": -0.8503068089485168,
          "y": -0.4547771215438843,
          "z": -0.15837371349334717
        },
        "matrix": [
          [
            0.5361908078193665,
            0.8406476974487305,
            0.07622677087783813,
            0.5378701686859131
          ],
          [
            0.7061536908149719,
            -0.4962068498134613,
            0.5051000714302063,
            -0.38840073347091675
          ],
          [
            0.46243932843208313,
            -0.21700431406497955,
            -0.8596937656402588,
            1.5513039827346802
          ],
          [
            0.0,
            0.0,
            0.0,
            1.0
          ]
        ]
      },
      "bone_length_armature_space": 0.028514374566137195,
      "parent": "metacarpal_index_l",
      "has_children": true,
      "is_end_bone": false
    },
    "index_02_l": {
      "name": "index_02_l",
      "local": {
        "location": {
          "x": 0.0,
          "y": 0.0,
          "z": 0.0
        },
        "rotation_quaternion": {
          "w": 0.921701192855835,
          "x": 0.387777715921402,
          "y": -0.009275279939174652,
          "z": -0.0030683898366987705
        },
        "scale": {
          "x": 1.0,
          "y": 1.0,
          "z": 1.0
        },
        "matrix_basis": [
          [
            0.9998090863227844,
            -0.0015372165944427252,
            -0.019477779045701027,
            0.0
          ],
          [
            -0.012849770486354828,
            0.6992380619049072,
            -0.714773416519165,
            0.0
          ],
          [
            0.014718366786837578,
            0.714887261390686,
            0.6990848183631897,
            0.0
          ],
          [
            0.0,
            0.0,
            0.0,
            1.0
          ]
        ],
        "rotation_mode": "QUATERNION"
      },
      "armature_space": {
        "head": {
          "x": 0.5618408918380737,
          "y": -0.4657939672470093,
          "z": 0.5952617526054382
        },
        "tail": {
          "x": 0.5784546732902527,
          "y": -0.4665689766407013,
          "z": 0.5757303237915039
        }
      },
      "world_space": {
        "head": {
          "x": 0.5618408918380737,
          "y": -0.40254998207092285,
          "z": 1.5451157093048096
        },
        "tail": {
          "x": 0.5784546732902527,
          "y": -0.4033249616622925,
          "z": 1.52558434009552
        },
        "rotation_quaternion": {
          "w": 0.49117395281791687,
          "x": -0.715238094329834,
          "y": -0.493600994348526,
          "z": 0.059505704790353775
        },
        "matrix": [
          [
            0.5056315660476685,
            0.6476288437843323,
            -0.570011556148529,
            0.5618408918380737
          ],
          [
            0.764542281627655,
            -0.03021138906478882,
            0.6438654661178589,
            -0.40254998207092285
          ],
          [
            0.3997684419155121,
            -0.7613622546195984,
            -0.5104185938835144,
            1.5451157093048096
          ],
          [
            0.0,
            0.0,
            0.0,
            1.0
          ]
        ]
      },
      "bone_length_armature_space": 0.025653363939364036,
      "parent": "index_01_l",
      "has_children": true,
      "is_end_bone": false
    },
    "index_03_l": {
      "name": "index_03_l",
      "local": {
        "location": {
          "x": 0.0,
          "y": 0.0,
          "z": 0.0
        },
        "rotation_quaternion": {
          "w": 0.9620039463043213,
          "x": 0.273032009601593,
          "y": -0.00044220307609066367,
          "z": -0.001312435488216579
        },
        "scale": {
          "x": 1.0,
          "y": 1.0,
          "z": 1.0
        },
        "matrix_basis": [
          [
            0.9999961853027344,
            0.002283665118739009,
            -0.001567475963383913,
            0.0
          ],
          [
            -0.002766607329249382,
            0.8509035706520081,
            -0.5253145694732666,
            0.0
          ],
          [
            0.0001341284078080207,
            0.5253168940544128,
            0.8509066700935364,
            0.0
          ],
          [
            0.0,
            0.0,
            0.0,
            1.0
          ]
        ],
        "rotation_mode": "QUATERNION"
      },
      "armature_space": {
        "head": {
          "x": 0.5784547328948975,
          "y": -0.46656909584999084,
          "z": 0.5757303833961487
        },
        "tail": {
          "x": 0.5852453708648682,
          "y": -0.4534849524497986,
          "z": 0.5505027770996094
        }
      },
      "world_space": {
        "head": {
          "x": 0.5784547328948975,
          "y": -0.40332508087158203,
          "z": 1.5255844593048096
        },
        "tail": {
          "x": 0.5852453708648682,
          "y": -0.39024096727371216,
          "z": 1.5003567934036255
        },
        "rotation_quaternion": {
          "w": 0.7052748203277588,
          "x": -0.49698880314826965,
          "y": -0.4759068191051483,
          "z": 0.17059436440467834
        },
        "matrix": [
          [
            0.4888222813606262,
            0.23240703344345093,
            -0.8408562541007996,
            0.5784547328948975
          ],
          [
            0.7136716842651367,
            0.4478004574775696,
            0.5386537313461304,
            -0.40332508087158203
          ],
          [
            0.5017268657684326,
            -0.8634071946144104,
            0.05303347110748291,
            1.5255844593048096
          ],
          [
            0.0,
            0.0,
            0.0,
            1.0
          ]
        ]
      },
      "bone_length_armature_space": 0.0292188247969602,
      "parent": "index_02_l",
      "has_children": false,
      "is_end_bone": true
    },
    "metacarpal_pinky_l": {
      "name": "metacarpal_pinky_l",
      "local": {
        "location": {
          "x": 0.0,
          "y": 0.0,
          "z": 0.0
        },
        "rotation_quaternion": {
          "w": 0.9992074370384216,
          "x": 0.03956475108861923,
          "y": -0.003210179042071104,
          "z": 0.00298747094348073
        },
        "scale": {
          "x": 1.0,
          "y": 1.0,
          "z": 1.0
        },
        "matrix_basis": [
          [
            0.9999615550041199,
            -0.006224226206541061,
            -0.006178872659802437,
            0.0
          ],
          [
            0.005716186482459307,
            0.99685138463974,
            -0.07908596843481064,
            0.0
          ],
          [
            0.006651666481047869,
            0.07904760539531708,
            0.9968486428260803,
            0.0
          ],
          [
            0.0,
            0.0,
            0.0,
            1.0
          ]
        ],
        "rotation_mode": "QUATERNION"
      },
      "armature_space": {
        "head": {
          "x": 0.47832709550857544,
          "y": -0.3514339327812195,
          "z": 0.6133514046669006
        },
        "tail": {
          "x": 0.5452079772949219,
          "y": -0.4203742742538452,
          "z": 0.6535683870315552
        }
      },
      "world_space": {
        "head": {
          "x": 0.47832709550857544,
          "y": -0.28818994760513306,
          "z": 1.5632054805755615
        },
        "tail": {
          "x": 0.5452079772949219,
          "y": -0.3571302890777588,
          "z": 1.6034224033355713
        },
        "rotation_quaternion": {
          "w": 0.4028901755809784,
          "x": 0.6154318451881409,
          "y": 0.08155161887407303,
          "z": -0.6725120544433594
        },
        "matrix": [
          [
            0.08215465396642685,
            0.642277717590332,
            -0.7620560526847839,
            0.47832709550857544
          ],
          [
            -0.4415186941623688,
            -0.6620555520057678,
            -0.6055939197540283,
            -0.28818994760513306
          ],
          [
            -0.8934897780418396,
            0.3862164318561554,
            0.22918778657913208,
            1.5632054805755615
          ],
          [
            0.0,
            0.0,
            0.0,
            1.0
          ]
        ]
      },
      "bone_length_armature_space": 0.1041308247599168,
      "parent": "lowerarm_l",
      "has_children": true,
      "is_end_bone": false
    },
    "pinky_01_l": {
      "name": "pinky_01_l",
      "local": {
        "location": {
          "x": 0.0,
          "y": 0.0,
          "z": 0.0
        },
        "rotation_quaternion": {
          "w": 0.9521899223327637,
          "x": 0.3045007884502411,
          "y": -0.023487890139222145,
          "z": 0.007869228720664978
        },
        "scale": {
          "x": 1.0,
          "y": 1.0,
          "z": 1.0
        },
        "matrix_basis": [
          [
            0.9987727999687195,
            -0.02929016202688217,
            -0.039937492460012436,
            0.0
          ],
          [
            0.0006818384281359613,
            0.8144347071647644,
            -0.580254852771759,
            0.0
          ],
          [
            0.04952223598957062,
            0.5795155167579651,
            0.8134551644325256,
            0.0
          ],
          [
            0.0,
            0.0,
            0.0,
            1.0
          ]
        ],
        "rotation_mode": "QUATERNION"
      },
      "armature_space": {
        "head": {
          "x": 0.5452079772949219,
          "y": -0.4203742742538452,
          "z": 0.6535683870315552
        },
        "tail": {
