{
  "metadata": {
    "armature_name": "KIM_caucasian_male",
    "export_time": "2026-01-13T20:54:56.216359",
    "blender_version": "4.4.1",
    "bone_count": 56,
    "end_bone_count": 13,
    "spaces_included": [
      "LOCAL_CHANNELS",
      "ARMATURE_SPACE",
      "WORLD_SPACE"
    ],
    "note": "LOCAL matches Transform panel; replay pose via local.matrix_basis for best fidelity."
  },
  "bones": {
    "Root": {
      "name": "Root",
      "local": {
        "location": {
          "x": 0.0,
          "y": 0.0,
          "z": 0.0
        },
        "rotation_quaternion": {
          "w": 0.9995865821838379,
          "x": 0.009844402782619,
          "y": 0.008205477148294449,
          "z": 0.02573811262845993
        },
        "scale": {
          "x": 1.0,
          "y": 1.0,
          "z": 1.0
        },
        "matrix_basis": [
          [
            0.998540461063385,
            -0.05129338800907135,
            0.016910921782255173,
            0.0
          ],
          [
            0.051616501063108444,
            0.998481273651123,
            -0.019258279353380203,
            0.0
          ],
          [
            -0.015897417441010475,
            0.020103052258491516,
            0.9996715188026428,
            0.0
          ],
          [
            0.0,
            0.0,
            0.0,
            1.0
          ]
        ],
        "rotation_mode": "QUATERNION"
      },
      "armature_space": {
        "head": {
          "x": 0.0,
          "y": 0.07072800397872925,
          "z": -0.009595036506652832
        },
        "tail": {
          "x": -0.0036611100658774376,
          "y": -8.547306060791016e-05,
          "z": -0.001436430960893631
        }
      },
      "world_space": {
        "head": {
          "x": 0.0,
          "y": 0.13397200405597687,
          "z": 0.9402589797973633
        },
        "tail": {
          "x": -0.0036611100658774376,
          "y": 0.06315852701663971,
          "z": 0.948417603969574
        },
        "rotation_quaternion": {
          "w": 0.05751776322722435,
          "x": 0.997978925704956,
          "y": -0.025126855820417404,
          "z": 0.00992075726389885
        },
        "matrix": [
          [
            0.998540461063385,
            -0.05129338800907135,
            0.016910921782255173,
            0.0
          ],
          [
            -0.049010902643203735,
            -0.9921206831932068,
            -0.11530206352472305,
            0.13397200405597687
          ],
          [
            0.02269202284514904,
            0.1143048107624054,
            -0.9931935667991638,
            0.9402589797973633
          ],
          [
            0.0,
            0.0,
            0.0,
            1.0
          ]
        ]
      },
      "bone_length_armature_space": 0.07137587209897604,
      "parent": null,
      "has_children": true,
      "is_end_bone": false
    },
    "spine_01": {
      "name": "spine_01",
      "local": {
        "location": {
          "x": 0.0,
          "y": 0.0,
          "z": 0.0
        },
        "rotation_quaternion": {
          "w": 0.9978765845298767,
          "x": 0.003228871151804924,
          "y": 0.015704505145549774,
          "z": -0.0631302073597908
        },
        "scale": {
          "x": 1.0,
          "y": 1.0,
          "z": 1.0
        },
        "matrix_basis": [
          [
            0.9915359020233154,
            0.12609373033046722,
            0.030934637412428856,
            0.0
          ],
          [
            -0.12589089572429657,
            0.9920083284378052,
            -0.008426886983215809,
            0.0
          ],
          [
            -0.031749993562698364,
            0.004461172502487898,
            0.9994859099388123,
            0.0
          ],
          [
            0.0,
            0.0,
            0.0,
            1.0
          ]
        ],
        "rotation_mode": "QUATERNION"
      },
      "armature_space": {
        "head": {
          "x": -0.0036611100658774376,
          "y": -8.547306060791016e-05,
          "z": -0.001436430960893631
        },
        "tail": {
          "x": 0.04733574017882347,
          "y": 0.008076249621808529,
          "z": 0.4838276505470276
        }
      },
      "world_space": {
        "head": {
          "x": -0.0036611100658774376,
          "y": 0.06315852701663971,
          "z": 0.948417603969574
        },
        "tail": {
          "x": 0.04733574017882347,
          "y": 0.07132025063037872,
          "z": 1.4336817264556885
        },
        "rotation_quaternion": {
          "w": 0.7123613953590393,
          "x": 0.6997982263565063,
          "y": 0.030056506395339966,
          "z": -0.04382222890853882
        },
        "matrix": [
          [
            0.994352400302887,
            0.10450147837400436,
            -0.018511932343244553,
            -0.0036611100658774376
          ],
          [
            -0.0203683041036129,
            0.01672479882836342,
            -0.9996527433395386,
            0.06315852701663971
          ],
          [
            -0.10415631532669067,
            0.994391143321991,
            0.018758077174425125,
            0.948417603969574
          ],
          [
            0.0,
            0.0,
            0.0,
            1.0
          ]
        ]
      },
      "bone_length_armature_space": 0.488004636316304,
      "parent": "Root",
      "has_children": true,
      "is_end_bone": false
    },
    "neck_01": {
      "name": "neck_01",
      "local": {
        "location": {
          "x": 0.0,
          "y": 0.0,
          "z": 0.0
        },
        "rotation_quaternion": {
          "w": 0.9877328872680664,
          "x": -0.08456927537918091,
          "y": -0.10553089529275894,
          "z": -0.07807040959596634
        },
        "scale": {
          "x": 1.0,
          "y": 1.0,
          "z": 1.0
        },
        "matrix_basis": [
          [
            0.9655364751815796,
            0.17207476496696472,
            -0.1952679604291916,
            0.0
          ],
          [
            -0.13637608289718628,
            0.9735060930252075,
            0.18354138731956482,
            0.0
          ],
          [
            0.22167739272117615,
            -0.15058602392673492,
            0.9634225368499756,
            0.0
          ],
          [
            0.0,
            0.0,
            0.0,
            1.0
          ]
        ],
        "rotation_mode": "QUATERNION"
      },
      "armature_space": {
        "head": {
          "x": 0.05434517562389374,
          "y": -0.025367584079504013,
          "z": 0.5572860240936279
        },
        "tail": {
          "x": 0.08173506706953049,
          "y": -0.04774097725749016,
          "z": 0.6535148024559021
        }
      },
      "world_space": {
        "head": {
          "x": 0.05434517562389374,
          "y": 0.03787641599774361,
          "z": 1.507140040397644
        },
        "tail": {
          "x": 0.08173506706953049,
          "y": 0.015503022819757462,
          "z": 1.6033687591552734
        },
        "rotation_quaternion": {
          "w": 0.6245178580284119,
          "x": 0.7598474621772766,
          "y": 0.02935544028878212,
          "z": -0.17817874252796173
        },
        "matrix": [
          [
            0.934781551361084,
            0.26716285943984985,
            -0.2341097891330719,
            0.05434517562389374
          ],
          [
            -0.17793875932693481,
            -0.21823157370090485,
            -0.9595380425453186,
            0.03787641599774361
          ],
          [
            -0.30744534730911255,
            0.9386218786239624,
            -0.15646226704120636,
            1.507140040397644
          ],
          [
            0.0,
            0.0,
            0.0,
            1.0
          ]
        ]
      },
      "bone_length_armature_space": 0.10252195993347576,
      "parent": "spine_01",
      "has_children": true,
      "is_end_bone": false
    },
    "head": {
      "name": "head",
      "local": {
        "location": {
          "x": 0.0,
          "y": 0.0,
          "z": 0.0
        },
        "rotation_quaternion": {
          "w": 0.9919570088386536,
          "x": -0.023304903879761696,
          "y": -0.06767559051513672,
          "z": 0.10439492762088776
        },
        "scale": {
          "x": 1.0,
          "y": 1.0,
          "z": 1.0
        },
        "matrix_basis": [
          [
            0.9690434336662292,
            -0.2039562165737152,
            -0.13912838697433472,
            0.0
          ],
          [
            0.2102649062871933,
            0.9771171808242798,
            0.03210495039820671,
            0.0
          ],
          [
            0.1293967217206955,
            -0.06036490201950073,
            0.989753782749176,
            0.0
          ],
          [
            0.0,
            0.0,
            0.0,
            1.0
          ]
        ],
        "rotation_mode": "QUATERNION"
      },
      "armature_space": {
        "head": {
          "x": 0.08173501491546631,
          "y": -0.047741107642650604,
          "z": 0.6535147428512573
        },
        "tail": {
          "x": 0.10382115095853806,
          "y": -0.011165380477905273,
          "z": 0.8026043772697449
        }
      },
      "world_space": {
        "head": {
          "x": 0.08173501491546631,
          "y": 0.015502892434597015,
          "z": 1.6033687591552734
        },
        "tail": {
          "x": 0.10382115095853806,
          "y": 0.052078619599342346,
          "z": 1.7524583339691162
        },
        "rotation_quaternion": {
          "w": 0.7842753529548645,
          "x": 0.6039239168167114,
          "y": -0.053194936364889145,
          "z": -0.1317519247531891
        },
        "matrix": [
          [
            0.9596232771873474,
            0.1424083113670349,
            -0.24257591366767883,
            0.08173501491546631
          ],
          [
            -0.2709117531776428,
            0.23583516478538513,
            -0.9332679510116577,
            0.015502892434597015
          ],
          [
            -0.07569792866706848,
            0.9613091945648193,
            0.26489388942718506,
            1.6033687591552734
          ],
          [
            0.0,
            0.0,
            0.0,
            1.0
          ]
        ]
      },
      "bone_length_armature_space": 0.15509126534194284,
      "parent": "neck_01",
      "has_children": false,
      "is_end_bone": true
    },
    "upperarm_l": {
      "name": "upperarm_l",
      "local": {
        "location": {
          "x": 0.0,
          "y": 0.0,
          "z": 0.0
        },
        "rotation_quaternion": {
          "w": 0.9404984712600708,
          "x": 0.09496621042490005,
          "y": 0.23405146598815918,
          "z": -0.22729730606079102
        },
        "scale": {
          "x": 1.0,
          "y": 1.0,
          "z": 1.0
        },
        "matrix_basis": [
          [
            0.7871116995811462,
            0.47199949622154236,
            0.3970789611339569,
            0.0
          ],
          [
            -0.3830915689468384,
            0.8786346912384033,
            -0.28502967953681946,
            0.0
          ],
          [
            -0.4834212064743042,
            0.07223261892795563,
            0.8724026679992676,
            0.0
          ],
          [
            0.0,
            0.0,
            0.0,
            1.0
          ]
        ],
        "rotation_mode": "QUATERNION"
      },
      "armature_space": {
        "head": {
          "x": 0.19641567766666412,
          "y": -0.032734885811805725,
          "z": 0.4748915731906891
        },
        "tail": {
          "x": 0.4142323136329651,
          "y": -0.04678051918745041,
          "z": 0.3194354772567749
        }
      },
      "world_space": {
        "head": {
          "x": 0.19641567766666412,
          "y": 0.030509114265441895,
          "z": 1.4247455596923828
        },
        "tail": {
          "x": 0.4142323136329651,
          "y": 0.01646348088979721,
          "z": 1.269289493560791
        },
        "rotation_quaternion": {
          "w": 0.15253004431724548,
          "x": 0.4823874235153198,
          "y": 0.671213686466217,
          "z": -0.5417647361755371
        },
        "matrix": [
          [
            -0.4880716800689697,
            0.8128412961959839,
            -0.3179229497909546,
            0.19641567766666412
          ],
          [
            0.4823022186756134,
            -0.052415065467357635,
            -0.8744356036186218,
            0.030509114265441895
          ],
          [
            -0.7274459600448608,
            -0.5801262855529785,
            -0.3664562404155731,
            1.4247455596923828
          ],
          [
            0.0,
            0.0,
            0.0,
            1.0
          ]
        ]
      },
      "bone_length_armature_space": 0.26797007929106265,
      "parent": "spine_01",
      "has_children": true,
      "is_end_bone": false
    },
    "lowerarm_l": {
      "name": "lowerarm_l",
      "local": {
        "location": {
          "x": 0.0,
          "y": 0.0,
          "z": 0.0
        },
        "rotation_quaternion": {
          "w": 0.9423195719718933,
          "x": 0.2586911618709564,
          "y": 0.06044511869549751,
          "z": -0.2036156803369522
        },
        "scale": {
          "x": 1.0,
          "y": 1.0,
          "z": 1.0
        },
        "matrix_basis": [
          [
            0.9097740650177002,
            0.415015310049057,
            0.008570082485675812,
            0.0
          ],
          [
            -0.3524688482284546,
            0.7832390666007996,
            -0.5121546387672424,
            0.0
          ],
          [
            -0.21926438808441162,
            0.4629243314266205,
            0.8588505387306213,
            0.0
          ],
          [
            0.0,
            0.0,
            0.0,
            1.0
          ]
        ],
        "rotation_mode": "QUATERNION"
      },
      "armature_space": {
        "head": {
          "x": 0.41423243284225464,
          "y": -0.046780627220869064,
          "z": 0.3194354772567749
        },
        "tail": {
          "x": 0.4858272075653076,
          "y": -0.16115175187587738,
          "z": 0.08842985332012177
        }
      },
      "world_space": {
        "head": {
          "x": 0.41423243284225464,
          "y": 0.016463372856378555,
          "z": 1.269289493560791
        },
        "tail": {
          "x": 0.4858272075653076,
          "y": -0.09790775179862976,
          "z": 1.0382838249206543
        },
        "rotation_quaternion": {
          "w": 0.1067294180393219,
          "x": -0.4060596227645874,
          "y": -0.5242627859115601,
          "z": 0.7408596277236938
        },
        "matrix": [
          [
            -0.6474502682685852,
            0.2676195800304413,
            -0.7135739326477051,
            0.41423243284225464
          ],
          [
            0.5839053988456726,
            -0.42751646041870117,
            -0.690133810043335,
            0.016463372856378555
          ],
          [
            -0.4897609055042267,
            -0.8634933829307556,
            0.12053114175796509,
            1.269289493560791
          ],
          [
            0.0,
            0.0,
            0.0,
            1.0
          ]
        ]
      },
      "bone_length_armature_space": 0.267526006321549,
      "parent": "upperarm_l",
      "has_children": true,
      "is_end_bone": false
    },
    "metacarpal_thumb_l": {
      "name": "metacarpal_thumb_l",
      "local": {
        "location": {
          "x": 0.0,
          "y": 0.0,
          "z": 0.0
        },
        "rotation_quaternion": {
          "w": 0.9997166395187378,
          "x": -0.014185663312673569,
          "y": -0.01281297393143177,
          "z": -0.014187803491950035
        },
        "scale": {
          "x": 1.0,
          "y": 1.0,
          "z": 1.0
        },
        "matrix_basis": [
          [
            0.9992690682411194,
            0.02873108722269535,
            -0.025216160342097282,
            0.0
          ],
          [
            -0.02800404466688633,
            0.9991949200630188,
            0.028726862743496895,
            0.0
          ],
          [
            0.026021214202046394,
            -0.02799971215426922,
            0.9992691874504089,
            0.0
          ],
          [
            0.0,
            0.0,
            0.0,
            1.0
          ]
        ],
        "rotation_mode": "QUATERNION"
      },
      "armature_space": {
        "head": {
          "x": 0.4858272075653076,
          "y": -0.16115175187587738,
          "z": 0.08842985332012177
        },
        "tail": {
          "x": 0.47153058648109436,
          "y": -0.19309915602207184,
          "z": 0.05337883532047272
        }
      },
      "world_space": {
        "head": {
          "x": 0.4858272075653076,
          "y": -0.09790775179862976,
          "z": 1.0382838249206543
        },
        "tail": {
          "x": 0.47153058648109436,
          "y": -0.12985515594482422,
          "z": 1.0032328367233276
        },
        "rotation_quaternion": {
          "w": 0.4203433394432068,
          "x": -0.8143446445465088,
          "y": -0.02881939895451069,
          "z": 0.3991539180278778
        },
        "matrix": [
          [
            0.6796922087669373,
            -0.2886243760585785,
            -0.6743250489234924,
            0.4858272075653076
          ],
          [
            0.38249996304512024,
            -0.6449633836746216,
            0.6616014242172241,
            -0.09790775179862976
          ],
          [
            -0.6258732676506042,
            -0.7076200842857361,
            -0.32797956466674805,
            1.0382838249206543
          ],
          [
            0.0,
            0.0,
            0.0,
            1.0
          ]
        ]
      },
      "bone_length_armature_space": 0.04953386588053905,
      "parent": "lowerarm_l",
      "has_children": true,
      "is_end_bone": false
    },
    "thumb_01_l": {
      "name": "thumb_01_l",
      "local": {
        "location": {
          "x": 0.0,
          "y": 0.0,
          "z": 0.0
        },
        "rotation_quaternion": {
          "w": 0.9986274838447571,
          "x": -0.05048723146319389,
          "y": -0.001068368088454008,
          "z": -0.013896557502448559
        },
        "scale": {
          "x": 1.0,
          "y": 1.0,
          "z": 1.0
        },
        "matrix_basis": [
          [
            0.999611496925354,
            0.027862846851348877,
            -0.0007306060288101435,
            0.0
          ],
          [
            -0.027647091075778008,
            0.9945158362388611,
            0.10086556524038315,
            0.0
          ],
          [
            0.0035370008554309607,
            -0.10080618411302567,
            0.9948998093605042,
            0.0
          ],
          [
            0.0,
            0.0,
            0.0,
            1.0
          ]
        ],
        "rotation_mode": "QUATERNION"
      },
      "armature_space": {
        "head": {
          "x": 0.47153058648109436,
          "y": -0.19309915602207184,
          "z": 0.05337883532047272
        },
        "tail": {
          "x": 0.44356203079223633,
          "y": -0.1946687549352646,
          "z": 0.03404165059328079
        }
      },
      "world_space": {
        "head": {
          "x": 0.47153058648109436,
          "y": -0.12985515594482422,
          "z": 1.0032328367233276
        },
        "tail": {
          "x": 0.44356203079223633,
          "y": -0.13142475485801697,
          "z": 0.9838956594467163
        },
        "rotation_quaternion": {
          "w": 0.33105406165122986,
          "x": -0.7192444801330566,
          "y": 0.6060910224914551,
          "z": -0.07579203695058823
        },
        "matrix": [
          [
            0.25381606817245483,
            -0.8216719627380371,
            0.5103257894515991,
            0.47153058648109436
          ],
          [
            -0.9220392107963562,
            -0.04611256718635559,
            0.38434064388275146,
            -0.12985515594482422
          ],
          [
            -0.2922722101211548,
            -0.5680962204933167,
            -0.7693230509757996,
            1.0032328367233276
          ],
          [
            0.0,
            0.0,
            0.0,
            1.0
          ]
        ]
      },
      "bone_length_armature_space": 0.03403866150414105,
      "parent": "metacarpal_thumb_l",
      "has_children": true,
      "is_end_bone": false
    },
    "thumb_02_l": {
      "name": "thumb_02_l",
      "local": {
        "location": {
          "x": 0.0,
          "y": 0.0,
          "z": 0.0
        },
        "rotation_quaternion": {
          "w": 0.9981082677841187,
          "x": 0.06023663282394409,
          "y": 0.007454024627804756,
          "z": 0.009799904190003872
        },
        "scale": {
          "x": 1.0,
          "y": 1.0,
          "z": 1.0
        },
        "matrix_basis": [
          [
            0.9996967911720276,
            -0.01866471953690052,
            0.016060473397374153,
            0.0
          ],
          [
            0.020460741594433784,
            0.9925510287284851,
            -0.1200992614030838,
            0.0
          ],
          [
            -0.01369922049343586,
            0.12039145827293396,
            0.9926319718360901,
            0.0
          ],
          [
            0.0,
            0.0,
            0.0,
            1.0
          ]
        ],
        "rotation_mode": "QUATERNION"
      },
      "armature_space": {
        "head": {
          "x": 0.44356203079223633,
          "y": -0.1946687400341034,
          "z": 0.03404170274734497
        },
        "tail": {
          "x": 0.45103394985198975,
          "y": -0.20907309651374817,
          "z": -0.002699073404073715
        }
      },
      "world_space": {
        "head": {
          "x": 0.44356203079223633,
          "y": -0.13142473995685577,
          "z": 0.9838957190513611
        },
        "tail": {
          "x": 0.45103394985198975,
          "y": -0.14582909643650055,
          "z": 0.9471549391746521
        },
        "rotation_quaternion": {
          "w": 0.4346882402896881,
          "x": -0.514704704284668,
          "y": 0.3629443645477295,
          "z": -0.6437365412712097
        },
        "matrix": [
          [
            -0.09225057810544968,
            0.18603301048278809,
            0.9782031178474426,
            0.44356203079223633
          ],
          [
            -0.9332680106163025,
            -0.3586347699165344,
            -0.019808366894721985,
            -0.13142473995685577
          ],
          [
            0.3471345007419586,
            -0.914759635925293,
            0.2067042589187622,
            0.9838957190513611
          ],
          [
            0.0,
            0.0,
            0.0,
            1.0
          ]
        ]
      },
      "bone_length_armature_space": 0.04016465771092592,
      "parent": "thumb_01_l",
      "has_children": true,
      "is_end_bone": false
    },
    "thumb_03_l": {
      "name": "thumb_03_l",
      "local": {
        "location": {
          "x": 0.0,
          "y": 0.0,
          "z": 0.0
        },
        "rotation_quaternion": {
          "w": 0.9980847835540771,
          "x": 0.06100013107061386,
          "y": -0.007362617179751396,
          "z": -0.007177289109677076
        },
        "scale": {
          "x": 1.0,
          "y": 1.0,
          "z": 1.0
        },
        "matrix_basis": [
          [
            0.9997885823249817,
            0.013428844511508942,
            -0.015572663396596909,
            0.0
          ],
          [
            -0.01522532757371664,
            0.9924549460411072,
            -0.12166091799736023,
            0.0
          ],
          [
            0.013821401633322239,
            0.12187229096889496,
            0.9924495220184326,
            0.0
          ],
          [
            0.0,
            0.0,
            0.0,
            1.0
          ]
        ],
        "rotation_mode": "QUATERNION"
      },
      "armature_space": {
        "head": {
          "x": 0.4510338604450226,
          "y": -0.20907312631607056,
          "z": -0.0026990287005901337
        },
        "tail": {
          "x": 0.46767890453338623,
          "y": -0.21650558710098267,
          "z": -0.027083465829491615
        }
      },
      "world_space": {
        "head": {
          "x": 0.4510338604450226,
          "y": -0.14582912623882294,
          "z": 0.9471549987792969
        },
        "tail": {
          "x": 0.46767890453338623,
          "y": -0.15326158702373505,
          "z": 0.9227705597877502
        },
        "rotation_quaternion": {
          "w": 0.4981231093406677,
          "x": -0.2672180235385895,
          "y": 0.36028990149497986,
          "z": -0.7420641779899597
        },
        "matrix": [
          [
            -0.36093345284461975,
            0.5467270612716675,
            0.7555239200592041,
            0.4510338604450226
          ],
          [
            -0.9318315386772156,
            -0.24412845075130463,
            -0.26849913597106934,
            -0.14582912623882294
          ],
          [
            0.037648849189281464,
            -0.8009370565414429,
            0.5975756049156189,
            0.9471549987792969
          ],
          [
            0.0,
            0.0,
            0.0,
            1.0
          ]
        ]
      },
      "bone_length_armature_space": 0.03044502867468438,
      "parent": "thumb_02_l",
      "has_children": false,
      "is_end_bone": true
    },
    "metacarpal_index_l": {
      "name": "metacarpal_index_l",
      "local": {
        "location": {
          "x": 0.0,
          "y": 0.0,
          "z": 0.0
        },
        "rotation_quaternion": {
          "w": 0.9992252588272095,
          "x": -0.0382862389087677,
          "y": 0.008407448418438435,
          "z": -0.0035390013363212347
        },
        "scale": {
          "x": 1.0,
          "y": 1.0,
          "z": 1.0
        },
        "matrix_basis": [
          [
            0.9998335838317871,
            0.006428739987313747,
            0.017072860151529312,
            0.0
          ],
          [
            -0.0077162981033325195,
            0.997043251991272,
            0.07645364850759506,
            0.0
          ],
          [
            -0.016530878841876984,
            -0.07657266408205032,
            0.9969269633293152,
            0.0
          ],
          [
            0.0,
            0.0,
            0.0,
            1.0
          ]
        ],
        "rotation_mode": "QUATERNION"
      },
      "armature_space": {
        "head": {
          "x": 0.4858272075653076,
          "y": -0.16115175187587738,
          "z": 0.08842985332012177
        },
        "tail": {
          "x": 0.4951944053173065,
          "y": -0.23092234134674072,
          "z": -0.005238048732280731
        }
      },
      "world_space": {
        "head": {
          "x": 0.4858272075653076,
          "y": -0.09790775179862976,
          "z": 1.0382838249206543
        },
        "tail": {
          "x": 0.4951944053173065,
          "y": -0.1676783412694931,
          "z": 0.9446159601211548
        },
        "rotation_quaternion": {
          "w": 0.3333471417427063,
          "x": -0.7183721661567688,
          "y": -0.30191391706466675,
          "z": 0.5307251214981079
        },
        "matrix": [
          [
            0.25435829162597656,
            0.0799441859126091,
            -0.9638001918792725,
            0.4858272075653076
          ],
          [
            0.7876046895980835,
            -0.5954558253288269,
            0.15846700966358185,
            -0.09790775179862976
          ],
          [
            -0.5612350106239319,
            -0.7994069457054138,
            -0.21442513167858124,
            1.0382838249206543
          ],
          [
            0.0,
            0.0,
            0.0,
            1.0
          ]
        ]
      },
      "bone_length_armature_space": 0.11717233292707332,
      "parent": "lowerarm_l",
      "has_children": true,
      "is_end_bone": false
    },
    "index_01_l": {
      "name": "index_01_l",
      "local": {
        "location": {
          "x": 0.0,
          "y": 0.0,
          "z": 0.0
        },
        "rotation_quaternion": {
          "w": 0.9912971258163452,
          "x": -0.12999433279037476,
          "y": 0.015381475910544395,
          "z": 0.013966217637062073
        },
        "scale": {
          "x": 1.0,
          "y": 1.0,
          "z": 1.0
        },
        "matrix_basis": [
          [
            0.9991366863250732,
            -0.031688351184129715,
            0.02686416730284691,
            0.0
          ],
          [
            0.02369033358991146,
            0.9658128619194031,
            0.2581556737422943,
            0.0
          ],
          [
            -0.03412628546357155,
            -0.2572963833808899,
            0.9657297730445862,
            0.0
          ],
          [
            0.0,
            0.0,
            0.0,
            1.0
          ]
        ],
        "rotation_mode": "QUATERNION"
      },
      "armature_space": {
        "head": {
          "x": 0.4951944053173065,
          "y": -0.23092234134674072,
          "z": -0.005238048732280731
        },
        "tail": {
          "x": 0.5098162889480591,
          "y": -0.24108460545539856,
          "z": -0.027509218081831932
        }
      },
      "world_space": {
        "head": {
          "x": 0.4951944053173065,
          "y": -0.1676783412694931,
          "z": 0.9446159601211548
        },
        "tail": {
          "x": 0.5098162889480591,
          "y": -0.17784060537815094,
          "z": 0.9223448038101196
        },
        "rotation_quaternion": {
          "w": 0.288422554731369,
          "x": -0.7392082810401917,
          "y": -0.4884839653968811,
          "z": 0.3629972040653229
        },
        "matrix": [
          [
            0.2592307925224304,
            0.5127906799316406,
            -0.8184406757354736,
            0.4951944053173065
          ],
          [
            0.931576669216156,
            -0.3563911020755768,
            0.07176976650953293,
            -0.1676783412694931
          ],
          [
            -0.25488296151161194,
            -0.7810507416725159,
            -0.5700954794883728,
            0.9446159601211548
          ],
          [
            0.0,
            0.0,
            0.0,
            1.0
          ]
        ]
      },
      "bone_length_armature_space": 0.028514489008782038,
      "parent": "metacarpal_index_l",
      "has_children": true,
      "is_end_bone": false
    },
    "index_02_l": {
      "name": "index_02_l",
      "local": {
        "location": {
          "x": 0.0,
          "y": 0.0,
          "z": 0.0
        },
        "rotation_quaternion": {
          "w": 0.9986371994018555,
          "x": 0.05078138783574104,
          "y": -0.007901443168520927,
          "z": 0.00908594485372305
        },
        "scale": {
          "x": 1.0,
          "y": 1.0,
          "z": 1.0
        },
        "matrix_basis": [
          [
            0.9997100234031677,
            -0.018949616700410843,
            -0.014858555980026722,
            0.0
          ],
          [
            0.017344633117318153,
            0.9946773648262024,
            -0.10156794637441635,
            0.0
          ],
          [
            0.016704143956303596,
            0.10128077864646912,
            0.9947176575660706,
            0.0
          ],
          [
            0.0,
            0.0,
            0.0,
            1.0
          ]
        ],
        "rotation_mode": "QUATERNION"
      },
      "armature_space": {
        "head": {
          "x": 0.5098161697387695,
          "y": -0.24108493328094482,
          "z": -0.027509639039635658
        },
        "tail": {
          "x": 0.5216063857078552,
          "y": -0.24995693564414978,
          "z": -0.048494771122932434
        }
      },
      "world_space": {
        "head": {
          "x": 0.5098161697387695,
          "y": -0.1778409332036972,
          "z": 0.9223443865776062
        },
        "tail": {
          "x": 0.5216063857078552,
          "y": -0.18671293556690216,
          "z": 0.9013592600822449
        },
        "rotation_quaternion": {
          "w": 0.293460875749588,
          "x": -0.711852490901947,
          "y": -0.4908756613731384,
          "z": 0.4076615571975708
        },
        "matrix": [
          [
            0.18570443987846375,
            0.45959794521331787,
            -0.8684950470924377,
            0.5098161697387695
          ],
          [
            0.9381281137466431,
            -0.3458429276943207,
            0.017577307298779488,
            -0.1778409332036972
          ],
          [
            -0.2922855317592621,
            -0.818029522895813,
            -0.49538999795913696,
            0.9223443865776062
          ],
          [
            0.0,
            0.0,
            0.0,
            1.0
          ]
        ]
      },
      "bone_length_armature_space": 0.025653408713435133,
      "parent": "index_01_l",
      "has_children": true,
      "is_end_bone": false
    },
    "index_03_l": {
      "name": "index_03_l",
      "local": {
        "location": {
          "x": 0.0,
          "y": 0.0,
          "z": 0.0
        },
        "rotation_quaternion": {
          "w": 0.998852014541626,
          "x": 0.0475483313202858,
          "y": -0.0027821012772619724,
          "z": 0.005117826629430056
        },
        "scale": {
          "x": 1.0,
          "y": 1.0,
          "z": 1.0
        },
        "matrix_basis": [
          [
            0.9999321103096008,
            -0.010488471016287804,
            -0.005071126855909824,
            0.0
          ],
          [
            0.009959334507584572,
            0.9954259395599365,
            -0.09501597285270691,
            0.0
          ],
          [
            0.006044503301382065,
            0.09495901316404343,
            0.9954628348350525,
            0.0
          ],
          [
            0.0,
            0.0,
            0.0,
            1.0
          ]
        ],
        "rotation_mode": "QUATERNION"
      },
      "armature_space": {
        "head": {
          "x": 0.5216064453125,
          "y": -0.24995695054531097,
          "z": -0.04849468171596527
        },
        "tail": {
          "x": 0.5305885076522827,
          "y": -0.257394939661026,
          "z": -0.07528537511825562
        }
      },
      "world_space": {
        "head": {
          "x": 0.5216064453125,
          "y": -0.18671295046806335,
          "z": 0.9013593196868896
        },
        "tail": {
          "x": 0.5305885076522827,
          "y": -0.19415093958377838,
          "z": 0.8745686411857605
        },
        "rotation_quaternion": {
          "w": 0.38960278034210205,
          "x": -0.6730492115020752,
          "y": -0.4700300693511963,
          "z": 0.4174761176109314
        },
        "matrix": [
          [
            0.2095695436000824,
            0.30740782618522644,
            -0.928213894367218,
            0.5216064453125
          ],
          [
            0.9580069780349731,
            -0.25456228852272034,
            0.13198958337306976,
            -0.18671295046806335
          ],
          [
            -0.1957141011953354,
            -0.9169028401374817,
            -0.34784990549087524,
            0.9013593196868896
          ],
          [
            0.0,
            0.0,
            0.0,
            1.0
          ]
        ]
      },
      "bone_length_armature_space": 0.029218870366869817,
      "parent": "index_02_l",
      "has_children": false,
      "is_end_bone": true
    },
    "metacarpal_pinky_l": {
      "name": "metacarpal_pinky_l",
      "local": {
        "location": {
          "x": 0.0,
          "y": 0.0,
          "z": 0.0
        },
        "rotation_quaternion": {
          "w": 0.997710645198822,
          "x": -0.06645730137825012,
          "y": -0.012396242469549179,
          "z": -0.0018424594309180975
        },
        "scale": {
          "x": 1.0,
          "y": 1.0,
          "z": 1.0
        },
        "matrix_basis": [
          [
            0.9996858835220337,
            0.005324124358594418,
            -0.024490837007761,
            0.0
          ],
          [
            -0.002028841059654951,
            0.9911600351333618,
            0.13265599310398102,
            0.0
          ],
          [
            0.024980615824460983,
            -0.13256463408470154,
            0.9908595085144043,
            0.0
          ],
          [
            0.0,
            0.0,
            0.0,
            1.0
          ]
        ],
        "rotation_mode": "QUATERNION"
      },
      "armature_space": {
        "head": {
          "x": 0.4858272075653076,
          "y": -0.16115175187587738,
          "z": 0.08842985332012177
        },
        "tail": {
          "x": 0.5273118019104004,
          "y": -0.17087647318840027,
          "z": -0.0065848976373672485
        }
      },
      "world_space": {
        "head": {
          "x": 0.4858272075653076,
          "y": -0.09790775179862976,
          "z": 1.0382838249206543
        },
        "tail": {
          "x": 0.5273118019104004,
          "y": -0.10763247311115265,
          "z": 0.9432691335678101
        },
        "rotation_quaternion": {
          "w": 0.34736695885658264,
          "x": -0.09616425633430481,
          "y": 0.5767506957054138,
          "z": -0.7331079840660095
        },
        "matrix": [
          [
            -0.7401756644248962,
            0.39838939905166626,
            0.5416877865791321,
            0.4858272075653076
          ],
          [
            -0.6202428340911865,
            -0.09338945895433426,
            -0.7788310050964355,
            -0.09790775179862976
          ],
          [
            -0.2596926689147949,
            -0.9124561548233032,
            0.3162243366241455,
            1.0382838249206543
          ],
          [
            0.0,
            0.0,
            0.0,
            1.0
          ]
        ]
      },
      "bone_length_armature_space": 0.10413138367442554,
      "parent": "lowerarm_l",
      "has_children": true,
      "is_end_bone": false
    },
    "pinky_01_l": {
      "name": "pinky_01_l",
      "local": {
        "location": {
          "x": 0.0,
          "y": 0.0,
          "z": 0.0
        },
        "rotation_quaternion": {
          "w": 0.9633793830871582,
          "x": 0.26771584153175354,
          "y": 0.007508063223212957,
          "z": 0.013114776462316513
        },
        "scale": {
          "x": 1.0,
          "y": 1.0,
          "z": 1.0
        },
        "matrix_basis": [
          [
            0.9995432496070862,
            -0.0212489552795887,
            0.021488294005393982,
            0.0
          ],
          [
            0.029289064928889275,
            0.8563124537467957,
            -0.5156269073486328,
            0.0
          ],
          [
            -0.007444159593433142,
            0.5160207748413086,
            0.8565437197685242,
            0.0
          ],
          [
            0.0,
            0.0,
            0.0,
            1.0
          ]
        ],
        "rotation_mode": "QUATERNION"
      },
      "armature_space": {
        "head": {
          "x": 0.5273118019104004,
          "y": -0.17087647318840027,
