{
  "metadata": {
    "armature_name": "KIM_caucasian_male",
    "export_time": "2026-01-13T20:24:46.088420",
    "blender_version": "4.4.1",
    "bone_count": 56,
    "end_bone_count": 13,
    "spaces_included": [
      "LOCAL_CHANNELS",
      "ARMATURE_SPACE",
      "WORLD_SPACE"
    ],
    "note": "LOCAL matches Transform panel; replay pose via local.matrix_basis for best fidelity."
  },
  "bones": {
    "Root": {
      "name": "Root",
      "local": {
        "location": {
          "x": 0.0,
          "y": 0.0,
          "z": 0.0
        },
        "rotation_quaternion": {
          "w": 0.9996711015701294,
          "x": -0.012277786619961262,
          "y": -0.01793086715042591,
          "z": -0.01362060010433197
        },
        "scale": {
          "x": 1.0,
          "y": 1.0,
          "z": 1.0
        },
        "matrix_basis": [
          [
            0.9989859461784363,
            0.02767254412174225,
            -0.035515476018190384,
            0.0
          ],
          [
            -0.02679193764925003,
            0.9993274807929993,
            0.025035955011844635,
            0.0
          ],
          [
            0.0361844003200531,
            -0.02405903860926628,
            0.9990555047988892,
            0.0
          ],
          [
            0.0,
            0.0,
            0.0,
            1.0
          ]
        ],
        "rotation_mode": "QUATERNION"
      },
      "armature_space": {
        "head": {
          "x": 0.0,
          "y": 0.07072800397872925,
          "z": -0.009595036506652832
        },
        "tail": {
          "x": 0.0019751519430428743,
          "y": 0.00027842074632644653,
          "z": 0.0016952073201537132
        }
      },
      "world_space": {
        "head": {
          "x": 0.0,
          "y": 0.13397200405597687,
          "z": 0.9402589797973633
        },
        "tail": {
          "x": 0.0019751519430428743,
          "y": 0.06352242082357407,
          "z": 0.951549232006073
        },
        "rotation_quaternion": {
          "w": 0.07959538698196411,
          "x": 0.9965729117393494,
          "y": 0.012381692416965961,
          "z": -0.018807724118232727
        },
        "matrix": [
          [
            0.9989859461784363,
            0.02767254412174225,
            -0.035515476018190384,
            0.0
          ],
          [
            0.021684493869543076,
            -0.9870224595069885,
            -0.15911142528057098,
            0.13397200405597687
          ],
          [
            -0.03945784643292427,
            0.1581801176071167,
            -0.9866287112236023,
            0.9402589797973633
          ],
          [
            0.0,
            0.0,
            0.0,
            1.0
          ]
        ]
      },
      "bone_length_armature_space": 0.07137586822849411,
      "parent": null,
      "has_children": true,
      "is_end_bone": false
    },
    "spine_01": {
      "name": "spine_01",
      "local": {
        "location": {
          "x": 0.0,
          "y": 0.0,
          "z": 0.0
        },
        "rotation_quaternion": {
          "w": 0.998431921005249,
          "x": 0.03030809946358204,
          "y": -0.030854105949401855,
          "z": 0.035540543496608734
        },
        "scale": {
          "x": 1.0,
          "y": 1.0,
          "z": 1.0
        },
        "matrix_basis": [
          [
            0.9955697655677795,
            -0.0728398859500885,
            -0.059457115828990936,
            0.0
          ],
          [
            0.06909936666488647,
            0.9956365823745728,
            -0.06271429359912872,
            0.0
          ],
          [
            0.06376577913761139,
            0.05832800269126892,
            0.9962589144706726,
            0.0
          ],
          [
            0.0,
            0.0,
            0.0,
            1.0
          ]
        ],
        "rotation_mode": "QUATERNION"
      },
      "armature_space": {
        "head": {
          "x": 0.0019751519430428743,
          "y": 0.00027842074632644653,
          "z": 0.0016952073201537132
        },
        "tail": {
          "x": -0.014467219822108746,
          "y": 0.005944515578448772,
          "z": 0.48938989639282227
        }
      },
      "world_space": {
        "head": {
          "x": 0.0019751519430428743,
          "y": 0.06352242082357407,
          "z": 0.951549232006073
        },
        "tail": {
          "x": -0.014467219822108746,
          "y": 0.06918851286172867,
          "z": 1.4392439126968384
        },
        "rotation_quaternion": {
          "w": 0.7107548117637634,
          "x": 0.7029889225959778,
          "y": -0.0251567754894495,
          "z": -0.0011794257443398237
        },
        "matrix": [
          [
            0.9987314343452454,
            -0.03369329869747162,
            -0.037418611347675323,
            0.0019751519430428743
          ],
          [
            -0.03704618662595749,
            0.011610820889472961,
            -0.9992461204528809,
            0.06352242082357407
          ],
          [
            0.03410257771611214,
            0.9993718266487122,
            0.010347027331590652,
            0.951549232006073
          ],
          [
            0.0,
            0.0,
            0.0,
            1.0
          ]
        ]
      },
      "bone_length_armature_space": 0.48800467468617753,
      "parent": "Root",
      "has_children": true,
      "is_end_bone": false
    },
    "neck_01": {
      "name": "neck_01",
      "local": {
        "location": {
          "x": 0.0,
          "y": 0.0,
          "z": 0.0
        },
        "rotation_quaternion": {
          "w": 0.984301745891571,
          "x": 0.02407730557024479,
          "y": -0.1239747703075409,
          "z": 0.12329103797674179
        },
        "scale": {
          "x": 1.0,
          "y": 1.0,
          "z": 1.0
        },
        "matrix_basis": [
          [
            0.9388591647148132,
            -0.24868112802505493,
            -0.23812013864517212,
            0.0
          ],
          [
            0.23674121499061584,
            0.9684392213821411,
            -0.07796862721443176,
            0.0
          ],
          [
            0.2499942034482956,
            0.016828712075948715,
            0.9681010842323303,
            0.0
          ],
          [
            0.0,
            0.0,
            0.0,
            1.0
          ]
        ],
        "rotation_mode": "QUATERNION"
      },
      "armature_space": {
        "head": {
          "x": -0.018231883645057678,
          "y": -0.027859654277563095,
          "z": 0.5629211664199829
        },
        "tail": {
          "x": -0.04824013262987137,
          "y": -0.0651000589132309,
          "z": 0.6536040902137756
        }
      },
      "world_space": {
        "head": {
          "x": -0.018231883645057678,
          "y": 0.035384345799684525,
          "z": 1.512775182723999
        },
        "tail": {
          "x": -0.04824013262987137,
          "y": -0.0018560588359832764,
          "z": 1.6034581661224365
        },
        "rotation_quaternion": {
          "w": 0.528928816318512,
          "x": 0.8250660300254822,
          "y": -0.19649744033813477,
          "z": -0.02981921099126339
        },
        "matrix": [
          [
            0.920998752117157,
            -0.29270249605178833,
            -0.25707313418388367,
            -0.018231883645057678
          ],
          [
            -0.3557923436164856,
            -0.3632453680038452,
            -0.8610835075378418,
            0.035384345799684525
          ],
          [
            0.15866145491600037,
            0.8845272660255432,
            -0.43869370222091675,
            1.512775182723999
          ],
          [
            0.0,
            0.0,
            0.0,
            1.0
          ]
        ]
      },
      "bone_length_armature_space": 0.10252187902793164,
      "parent": "spine_01",
      "has_children": true,
      "is_end_bone": false
    },
    "head": {
      "name": "head",
      "local": {
        "location": {
          "x": 0.0,
          "y": 0.0,
          "z": 0.0
        },
        "rotation_quaternion": {
          "w": 0.9738508462905884,
          "x": -0.08538419753313065,
          "y": 0.04688110202550888,
          "z": -0.20524689555168152
        },
        "scale": {
          "x": 1.0,
          "y": 1.0,
          "z": 1.0
        },
        "matrix_basis": [
          [
            0.91135174036026,
            0.3917539119720459,
            0.12636008858680725,
            0.0
          ],
          [
            -0.40776553750038147,
            0.9011664986610413,
            0.14705854654312134,
            0.0
          ],
          [
            -0.056260719895362854,
            -0.1855473518371582,
            0.9810234308242798,
            0.0
          ],
          [
            0.0,
            0.0,
            0.0,
            1.0
          ]
        ],
        "rotation_mode": "QUATERNION"
      },
      "armature_space": {
        "head": {
          "x": -0.04824015498161316,
          "y": -0.06510016322135925,
          "z": 0.6536039710044861
        },
        "tail": {
          "x": -0.0075660087168216705,
          "y": -0.06383582204580307,
          "z": 0.8032612800598145
        }
      },
      "world_space": {
        "head": {
          "x": -0.04824015498161316,
          "y": -0.0018561631441116333,
          "z": 1.6034579277038574
        },
        "tail": {
          "x": -0.0075660087168216705,
          "y": -0.0005918219685554504,
          "z": 1.7531152963638306
        },
        "rotation_quaternion": {
          "w": 0.7099829316139221,
          "x": 0.6794722676277161,
          "y": -0.0003650872386060655,
          "z": -0.1850447803735733
        },
        "matrix": [
          [
            0.9315162301063538,
            0.26226121187210083,
            -0.2519856095314026,
            -0.04824015498161316
          ],
          [
            -0.26325523853302,
            0.008152306079864502,
            -0.9646919369697571,
            -0.0018561631441116333
          ],
          [
            -0.2509489059448242,
            0.9649693965911865,
            0.07663524895906448,
            1.6034579277038574
          ],
          [
            0.0,
            0.0,
            0.0,
            1.0
          ]
        ]
      },
      "bone_length_armature_space": 0.15509124498637997,
      "parent": "neck_01",
      "has_children": false,
      "is_end_bone": true
    },
    "upperarm_l": {
      "name": "upperarm_l",
      "local": {
        "location": {
          "x": 0.0,
          "y": 0.0,
          "z": 0.0
        },
        "rotation_quaternion": {
          "w": 0.8503549098968506,
          "x": 0.5026943683624268,
          "y": -0.15507331490516663,
          "z": -0.012139499187469482
        },
        "scale": {
          "x": 1.0,
          "y": 1.0,
          "z": 1.0
        },
        "matrix_basis": [
          [
            0.9516097903251648,
            -0.13526320457458496,
            -0.27593961358070374,
            0.0
          ],
          [
            -0.17655472457408905,
            0.49430200457572937,
            -0.8511722087860107,
            0.0
          ],
          [
            0.2515297830104828,
            0.8587023019790649,
            0.4465012848377228,
            0.0
          ],
          [
            0.0,
            0.0,
            0.0,
            1.0
          ]
        ],
        "rotation_mode": "QUATERNION"
      },
      "armature_space": {
        "head": {
          "x": 0.1337229460477829,
          "y": -0.03738364204764366,
          "z": 0.5009040236473083
        },
        "tail": {
          "x": 0.2662088871002197,
          "y": -0.2677001357078552,
          "z": 0.5356807708740234
        }
      },
      "world_space": {
        "head": {
          "x": 0.1337229460477829,
          "y": 0.025860358029603958,
          "z": 1.4507579803466797
        },
        "tail": {
          "x": 0.2662088871002197,
          "y": -0.2044561356306076,
          "z": 1.4855347871780396
        },
        "rotation_quaternion": {
          "w": 0.24272741377353668,
          "x": 0.5988684892654419,
          "y": 0.10648592561483383,
          "z": -0.7557121515274048
        },
        "matrix": [
          [
            -0.16487956047058105,
            0.49440696835517883,
            -0.8534497618675232,
            0.1337229460477829
          ],
          [
            -0.239322692155838,
            -0.8594879508018494,
            -0.45166969299316406,
            0.025860358029603958
          ],
          [
            -0.9568451642990112,
            0.12977886199951172,
            0.26003625988960266,
            1.4507579803466797
          ],
          [
            0.0,
            0.0,
            0.0,
            1.0
          ]
        ]
      },
      "bone_length_armature_space": 0.2679694633172025,
      "parent": "spine_01",
      "has_children": true,
      "is_end_bone": false
    },
    "lowerarm_l": {
      "name": "lowerarm_l",
      "local": {
        "location": {
          "x": 0.0,
          "y": 0.0,
          "z": 0.0
        },
        "rotation_quaternion": {
          "w": 0.9238146543502808,
          "x": 0.3728656768798828,
          "y": 0.002376712393015623,
          "z": 0.08678801357746124
        },
        "scale": {
          "x": 1.0,
          "y": 1.0,
          "z": 1.0
        },
        "matrix_basis": [
          [
            0.9849243760108948,
            -0.15857969224452972,
            0.06911182403564453,
            0.0
          ],
          [
            0.16212446987628937,
            0.7068780660629272,
            -0.6885049939155579,
            0.0
          ],
          [
            0.06032925844192505,
            0.6893301010131836,
            0.7219310998916626,
            0.0
          ],
          [
            0.0,
            0.0,
            0.0,
            1.0
          ]
        ],
        "rotation_mode": "QUATERNION"
      },
      "armature_space": {
        "head": {
          "x": 0.2662089169025421,
          "y": -0.2677002251148224,
          "z": 0.535680890083313
        },
        "tail": {
          "x": 0.19152449071407318,
          "y": -0.4767579436302185,
          "z": 0.6849683523178101
        }
      },
      "world_space": {
        "head": {
          "x": 0.2662089169025421,
          "y": -0.20445622503757477,
          "z": 1.485534906387329
        },
        "tail": {
          "x": 0.19152449071407318,
          "y": -0.4135139584541321,
          "z": 1.6348223686218262
        },
        "rotation_quaternion": {
          "w": 0.07836481183767319,
          "x": 0.6103172302246094,
          "y": -0.32114335894584656,
          "z": -0.7198880314826965
        },
        "matrix": [
          [
            -0.2427447885274887,
            -0.27916857600212097,
            -0.9290532469749451,
            0.2662089169025421
          ],
          [
            -0.5048264861106873,
            -0.7814525961875916,
            0.3667183518409729,
            -0.20445622503757477
          ],
          [
            -0.8283934593200684,
            0.5580328106880188,
            0.04876270890235901,
            1.485534906387329
          ],
          [
            0.0,
            0.0,
            0.0,
            1.0
          ]
        ]
      },
      "bone_length_armature_space": 0.26752502373939546,
      "parent": "upperarm_l",
      "has_children": true,
      "is_end_bone": false
    },
    "metacarpal_thumb_l": {
      "name": "metacarpal_thumb_l",
      "local": {
        "location": {
          "x": 0.0,
          "y": 0.0,
          "z": 0.0
        },
        "rotation_quaternion": {
          "w": 0.9988866448402405,
          "x": -0.04390875622630119,
          "y": 0.0031435093842446804,
          "z": -0.016964321956038475
        },
        "scale": {
          "x": 1.0,
          "y": 1.0,
          "z": 1.0
        },
        "matrix_basis": [
          [
            0.9994046688079834,
            0.03361481428146362,
            0.007769783493131399,
            0.0
          ],
          [
            -0.03416692465543747,
            0.9955684542655945,
            0.08761308342218399,
            0.0
          ],
          [
            -0.004790254402905703,
            -0.08782639354467392,
            0.996124267578125,
            0.0
          ],
          [
            0.0,
            0.0,
            0.0,
            1.0
          ]
        ],
        "rotation_mode": "QUATERNION"
      },
      "armature_space": {
        "head": {
          "x": 0.19152449071407318,
          "y": -0.4767579436302185,
          "z": 0.6849683523178101
        },
        "tail": {
          "x": 0.15309745073318481,
          "y": -0.5007510185241699,
          "z": 0.7050004601478577
        }
      },
      "world_space": {
        "head": {
          "x": 0.19152449071407318,
          "y": -0.4135139584541321,
          "z": 1.6348223686218262
        },
        "tail": {
          "x": 0.15309745073318481,
          "y": -0.4375070333480835,
          "z": 1.6548545360565186
        },
        "rotation_quaternion": {
          "w": 0.2378244698047638,
          "x": 0.8614838123321533,
          "y": -0.4486086070537567,
          "z": 0.005966636352241039
        },
        "matrix": [
          [
            0.5974289774894714,
            -0.7757760882377625,
            -0.2031010389328003,
            0.19152449071407318
          ],
          [
            -0.7701006531715393,
            -0.4843791723251343,
            -0.4151168465614319,
            -0.4135139584541321
          ],
          [
            0.22366054356098175,
            0.40441346168518066,
            -0.8868143558502197,
            1.6348223686218262
          ],
          [
            0.0,
            0.0,
            0.0,
            1.0
          ]
        ]
      },
      "bone_length_armature_space": 0.04953373015533515,
      "parent": "lowerarm_l",
      "has_children": true,
      "is_end_bone": false
    },
    "thumb_01_l": {
      "name": "thumb_01_l",
      "local": {
        "location": {
          "x": 0.0,
          "y": 0.0,
          "z": 0.0
        },
        "rotation_quaternion": {
          "w": 0.9867961406707764,
          "x": 0.16190554201602936,
          "y": 0.004340730607509613,
          "z": -0.001121030654758215
        },
        "scale": {
          "x": 1.0,
          "y": 1.0,
          "z": 1.0
        },
        "matrix_basis": [
          [
            0.9999598264694214,
            0.003618034068495035,
            0.008203830569982529,
            0.0
          ],
          [
            -0.000806880765594542,
            0.9475706815719604,
            -0.31954526901245117,
            0.0
          ],
          [
            -0.008929834701120853,
            0.319525808095932,
            0.947535514831543,
            0.0
          ],
          [
            0.0,
            0.0,
            0.0,
            1.0
          ]
        ],
        "rotation_mode": "QUATERNION"
      },
      "armature_space": {
        "head": {
          "x": 0.15309745073318481,
          "y": -0.5007510185241699,
          "z": 0.7050004601478577
        },
        "tail": {
          "x": 0.1348867118358612,
          "y": -0.527143657207489,
          "z": 0.6935800313949585
        }
      },
      "world_space": {
        "head": {
          "x": 0.15309745073318481,
          "y": -0.4375070333480835,
          "z": 1.6548545360565186
        },
        "tail": {
          "x": 0.1348867118358612,
          "y": -0.4638996720314026,
          "z": 1.6434340476989746
        },
        "rotation_quaternion": {
          "w": 0.14468447864055634,
          "x": 0.503872811794281,
          "y": -0.3022916316986084,
          "z": 0.7961146235466003
        },
        "matrix": [
          [
            -0.45035794377326965,
            -0.5350030660629272,
            0.7148072719573975,
            0.15309745073318481
          ],
          [
            -0.07426092773675919,
            -0.7753735780715942,
            -0.6271216869354248,
            -0.4375070333480835
          ],
          [
            0.8897605538368225,
            -0.33551454544067383,
            0.30946728587150574,
            1.6548545360565186
          ],
          [
            0.0,
            0.0,
            0.0,
            1.0
          ]
        ]
      },
      "bone_length_armature_space": 0.03403863369251032,
      "parent": "metacarpal_thumb_l",
      "has_children": true,
      "is_end_bone": false
    },
    "thumb_02_l": {
      "name": "thumb_02_l",
      "local": {
        "location": {
          "x": 0.0,
          "y": 0.0,
          "z": 0.0
        },
        "rotation_quaternion": {
          "w": 0.9414277076721191,
          "x": 0.33718767762184143,
          "y": -0.0037292540073394775,
          "z": -0.002134604612365365
        },
        "scale": {
          "x": 1.0,
          "y": 1.0,
          "z": 1.0
        },
        "matrix_basis": [
          [
            0.9999630451202393,
            0.0015042348532006145,
            -0.008461170829832554,
            0.0
          ],
          [
            -0.0065340688452124596,
            0.7725998163223267,
            -0.6348597407341003,
            0.0
          ],
          [
            0.005582121200859547,
            0.6348915696144104,
            0.7725811004638672,
            0.0
          ],
          [
            0.0,
            0.0,
            0.0,
            1.0
          ]
        ],
        "rotation_mode": "QUATERNION"
      },
      "armature_space": {
        "head": {
          "x": 0.1348866969347,
          "y": -0.5271435976028442,
          "z": 0.6935799717903137
        },
        "tail": {
          "x": 0.14758625626564026,
          "y": -0.5421507358551025,
          "z": 0.728604257106781
        }
      },
      "world_space": {
        "head": {
          "x": 0.1348866969347,
          "y": -0.4638996124267578,
          "z": 1.6434340476989746
        },
        "tail": {
          "x": 0.14758625626564026,
          "y": -0.4789067506790161,
          "z": 1.6784582138061523
        },
        "rotation_quaternion": {
          "w": 0.04690133407711983,
          "x": 0.34680473804473877,
          "y": 0.5576549172401428,
          "z": 0.7526937127113342
        },
        "matrix": [
          [
            -0.7550546526908875,
            0.3161892294883728,
            0.5743839144706726,
            0.1348866969347
          ],
          [
            0.4573979377746582,
            -0.3736434578895569,
            0.8069561123847961,
            -0.4638996124267578
          ],
          [
            0.469769150018692,
            0.8720234036445618,
            0.1374986469745636,
            1.6434340476989746
          ],
          [
            0.0,
            0.0,
            0.0,
            1.0
          ]
        ]
      },
      "bone_length_armature_space": 0.04016458158120742,
      "parent": "thumb_01_l",
      "has_children": true,
      "is_end_bone": false
    },
    "thumb_03_l": {
      "name": "thumb_03_l",
      "local": {
        "location": {
          "x": 0.0,
          "y": 0.0,
          "z": 0.0
        },
        "rotation_quaternion": {
          "w": 0.9810417294502258,
          "x": 0.1936141699552536,
          "y": -0.007724365219473839,
          "z": 0.0033237896859645844
        },
        "scale": {
          "x": 1.0,
          "y": 1.0,
          "z": 1.0
        },
        "matrix_basis": [
          [
            0.999858558177948,
            -0.009512646123766899,
            -0.013868783600628376,
            0.0
          ],
          [
            0.003530459711328149,
            0.9250050187110901,
            -0.3799385130405426,
            0.0
          ],
          [
            0.01644291542470455,
            0.3798358142375946,
            0.9249078035354614,
            0.0
          ],
          [
            0.0,
            0.0,
            0.0,
            1.0
          ]
        ],
        "rotation_mode": "QUATERNION"
      },
      "armature_space": {
        "head": {
          "x": 0.1475861668586731,
          "y": -0.5421507954597473,
          "z": 0.728604257106781
        },
        "tail": {
          "x": 0.16599564254283905,
          "y": -0.536785900592804,
          "z": 0.7522518038749695
        }
      },
      "world_space": {
        "head": {
          "x": 0.1475861668586731,
          "y": -0.4789068102836609,
          "z": 1.6784582138061523
        },
        "tail": {
          "x": 0.16599564254283905,
          "y": -0.47354191541671753,
          "z": 1.7021057605743408
        },
        "rotation_quaternion": {
          "w": 0.22421500086784363,
          "x": -0.2289571762084961,
          "y": -0.7333728075027466,
          "z": -0.5995586514472961
        },
        "matrix": [
          [
            -0.7946125268936157,
            0.6046822667121887,
            -0.05431799590587616,
            0.1475861668586731
          ],
          [
            0.06696488708257675,
            0.1762172430753708,
            0.9820712208747864,
            -0.4789068102836609
          ],
          [
            0.6034167408943176,
            0.776733934879303,
            -0.1805170625448227,
            1.6784582138061523
          ],
          [
            0.0,
            0.0,
            0.0,
            1.0
          ]
        ]
      },
      "bone_length_armature_space": 0.030444989331469795,
      "parent": "thumb_02_l",
      "has_children": false,
      "is_end_bone": true
    },
    "metacarpal_index_l": {
      "name": "metacarpal_index_l",
      "local": {
        "location": {
          "x": 0.0,
          "y": 0.0,
          "z": 0.0
        },
        "rotation_quaternion": {
          "w": 0.9998704195022583,
          "x": -0.011104268953204155,
          "y": 0.004073020536452532,
          "z": 0.01092352345585823
        },
        "scale": {
          "x": 1.0,
          "y": 1.0,
          "z": 1.0
        },
        "matrix_basis": [
          [
            0.9997282028198242,
            -0.021934671327471733,
            0.007902390323579311,
            0.0
          ],
          [
            0.021753760054707527,
            0.9995147585868835,
            0.02229464426636696,
            0.0
          ],
          [
            -0.008387581445276737,
            -0.022116675972938538,
            0.9997202157974243,
            0.0
          ],
          [
            0.0,
            0.0,
            0.0,
            1.0
          ]
        ],
        "rotation_mode": "QUATERNION"
      },
      "armature_space": {
        "head": {
          "x": 0.19152449071407318,
          "y": -0.4767579436302185,
          "z": 0.6849683523178101
        },
        "tail": {
          "x": 0.12611418962478638,
          "y": -0.551632821559906,
          "z": 0.7469724416732788
        }
      },
      "world_space": {
        "head": {
          "x": 0.19152449071407318,
          "y": -0.4135139584541321,
          "z": 1.6348223686218262
        },
        "tail": {
          "x": 0.12611418962478638,
          "y": -0.4883888363838196,
          "z": 1.696826457977295
        },
        "rotation_quaternion": {
          "w": 0.17258909344673157,
          "x": 0.8533451557159424,
          "y": -0.38820570707321167,
          "z": -0.3021780848503113
        },
        "matrix": [
          [
            0.5159686803817749,
            -0.558242917060852,
            -0.6497239470481873,
            0.19152449071407318
          ],
          [
            -0.7668526768684387,
            -0.6390184164047241,
            -0.05994037538766861,
            -0.4135139584541321
          ],
          [
            -0.38172775506973267,
            0.5291730165481567,
            -0.7578086256980896,
            1.6348223686218262
          ],
          [
            0.0,
            0.0,
            0.0,
            1.0
          ]
        ]
      },
      "bone_length_armature_space": 0.1171719322195548,
      "parent": "lowerarm_l",
      "has_children": true,
      "is_end_bone": false
    },
    "index_01_l": {
      "name": "index_01_l",
      "local": {
        "location": {
          "x": 0.0,
          "y": 0.0,
          "z": 0.0
        },
        "rotation_quaternion": {
          "w": 0.9686810374259949,
          "x": 0.24786540865898132,
          "y": 0.005484556779265404,
          "z": 0.013777033425867558
        },
        "scale": {
          "x": 1.0,
          "y": 1.0,
          "z": 1.0
        },
        "matrix_basis": [
          [
            0.9995602369308472,
            -0.02397223748266697,
            0.017455272376537323,
            0.0
          ],
          [
            0.029409965500235558,
            0.876745879650116,
            -0.48005393147468567,
            0.0
          ],
          [
            -0.0037958722095936537,
            0.4803561568260193,
            0.8770653009414673,
            0.0
          ],
          [
            0.0,
            0.0,
            0.0,
            1.0
          ]
        ],
        "rotation_mode": "QUATERNION"
      },
      "armature_space": {
        "head": {
          "x": 0.12611418962478638,
          "y": -0.551632821559906,
          "z": 0.7469724416732788
        },
        "tail": {
          "x": 0.10992574691772461,
          "y": -0.5750032067298889,
          "z": 0.7491700053215027
        }
      },
      "world_space": {
        "head": {
          "x": 0.12611418962478638,
          "y": -0.4883888363838196,
          "z": 1.696826457977295
        },
        "tail": {
          "x": 0.10992574691772461,
          "y": -0.5117592215538025,
          "z": 1.699023962020874
        },
        "rotation_quaternion": {
          "w": 0.044902950525283813,
          "x": -0.9153582453727722,
          "y": 0.2969573140144348,
          "z": 0.2681778371334076
        },
        "matrix": [
          [
            0.6797938942909241,
            -0.5677294135093689,
            -0.4642883539199829,
            0.12611418962478638
          ],
          [
            -0.5195611119270325,
            -0.8196000456809998,
            0.24147987365722656,
            -0.4883888363838196
          ],
          [
            -0.5176302194595337,
            0.07706961035728455,
            -0.8521345853805542,
            1.696826457977295
          ],
          [
            0.0,
            0.0,
            0.0,
            1.0
          ]
        ]
      },
      "bone_length_armature_space": 0.028514379541913912,
      "parent": "metacarpal_index_l",
      "has_children": true,
      "is_end_bone": false
    },
    "index_02_l": {
      "name": "index_02_l",
      "local": {
        "location": {
          "x": 0.0,
          "y": 0.0,
          "z": 0.0
        },
        "rotation_quaternion": {
          "w": 0.9142992496490479,
          "x": 0.4048612713813782,
          "y": 0.010933607816696167,
          "z": -0.004956881981343031
        },
        "scale": {
          "x": 1.0,
          "y": 1.0,
          "z": 1.0
        },
        "matrix_basis": [
          [
            0.9997117519378662,
            0.017917335033416748,
            0.015979479998350143,
            0.0
          ],
          [
            -0.00021095822739880532,
            0.6721255779266357,
            -0.7404370903968811,
            0.0
          ],
          [
            -0.024006877094507217,
            0.740220308303833,
            0.6719356179237366,
            0.0
          ],
          [
            0.0,
            0.0,
            0.0,
            1.0
          ]
        ],
        "rotation_mode": "QUATERNION"
      },
      "armature_space": {
        "head": {
          "x": 0.10992521047592163,
          "y": -0.5750033259391785,
          "z": 0.7491698861122131
        },
        "tail": {
          "x": 0.09107015281915665,
          "y": -0.5851179957389832,
          "z": 0.7350180745124817
        }
      },
      "world_space": {
        "head": {
          "x": 0.10992521047592163,
          "y": -0.511759340763092,
          "z": 1.699023962020874
        },
        "tail": {
          "x": 0.09107015281915665,
          "y": -0.5218740105628967,
          "z": 1.6848721504211426
        },
        "rotation_quaternion": {
          "w": 0.4060346484184265,
          "x": -0.8205547332763672,
          "y": 0.3714754283428192,
          "z": 0.15437601506710052
        },
        "matrix": [
          [
            0.6763474941253662,
            -0.7349962592124939,
            0.04831802845001221,
            0.10992521047592163
          ],
          [
            -0.48427003622055054,
            -0.39428335428237915,
            0.7810400128364563,
            -0.511759340763092
          ],
          [
            -0.5550150275230408,
            -0.5516573190689087,
            -0.622612714767456,
            1.699023962020874
          ],
          [
            0.0,
            0.0,
            0.0,
            1.0
          ]
        ]
      },
      "bone_length_armature_space": 0.025653333694414294,
      "parent": "index_01_l",
      "has_children": true,
      "is_end_bone": false
    },
    "index_03_l": {
      "name": "index_03_l",
      "local": {
        "location": {
          "x": 0.0,
          "y": 0.0,
          "z": 0.0
        },
        "rotation_quaternion": {
          "w": 0.9713575839996338,
          "x": 0.2374376356601715,
          "y": -0.004743841011077166,
          "z": -0.008085967041552067
        },
        "scale": {
          "x": 1.0,
          "y": 1.0,
          "z": 1.0
        },
        "matrix_basis": [
          [
            0.9998242259025574,
            0.01345599815249443,
            -0.013055757619440556,
            0.0
          ],
          [
            -0.01796146295964718,
            0.8871159553527832,
            -0.46119698882102966,
            0.0
          ],
          [
            0.0053761061280965805,
            0.4613504111766815,
            0.887201726436615,
            0.0
          ],
          [
            0.0,
            0.0,
            0.0,
            1.0
          ]
        ],
        "rotation_mode": "QUATERNION"
      },
      "armature_space": {
        "head": {
          "x": 0.09107013791799545,
          "y": -0.5851180553436279,
          "z": 0.7350181341171265
        },
        "tail": {
          "x": 0.07635273039340973,
          "y": -0.5842904448509216,
          "z": 0.7097901105880737
        }
      },
      "world_space": {
        "head": {
          "x": 0.09107013791799545,
          "y": -0.5218740701675415,
          "z": 1.6848721504211426
        },
        "tail": {
          "x": 0.07635273039340973,
          "y": -0.5210464596748352,
          "z": 1.6596441268920898
        },
        "rotation_quaternion": {
          "w": 0.6210107803344727,
          "x": -0.6970133781433105,
          "y": 0.35847973823547363,
          "z": 0.0031947954557836056
        },
        "matrix": [
          [
            0.7429624199867249,
            -0.5036985278129578,
            0.4407886266708374,
            0.09107013791799545
          ],
          [
            -0.4957652986049652,
            0.0283241868019104,
            0.8679946660995483,
            -0.5218740701675415
          ],
          [
            -0.44969642162323,
            -0.8634209632873535,
            -0.22867321968078613,
            1.6848721504211426
          ],
          [
            0.0,
            0.0,
            0.0,
            1.0
          ]
        ]
      },
      "bone_length_armature_space": 0.029218832680847573,
      "parent": "index_02_l",
      "has_children": false,
      "is_end_bone": true
    },
    "metacarpal_pinky_l": {
      "name": "metacarpal_pinky_l",
      "local": {
        "location": {
          "x": 0.0,
          "y": 0.0,
          "z": 0.0
        },
        "rotation_quaternion": {
          "w": 0.9998548030853271,
          "x": 0.012772247195243835,
          "y": -0.004284256603568792,
          "z": 0.01043675560504198
        },
        "scale": {
          "x": 1.0,
          "y": 1.0,
          "z": 1.0
        },
        "matrix_basis": [
          [
            0.9997454285621643,
            -0.020979920402169228,
            -0.008300667628645897,
            0.0
          ],
          [
            0.020761040970683098,
            0.9994558691978455,
            -0.02563021332025528,
            0.0
          ],
          [
            0.0088338702917099,
            0.025451358407735825,
            0.9996370077133179,
            0.0
          ],
          [
            0.0,
            0.0,
            0.0,
            1.0
          ]
        ],
        "rotation_mode": "QUATERNION"
      },
      "armature_space": {
        "head": {
          "x": 0.19152449071407318,
          "y": -0.4767579436302185,
          "z": 0.6849683523178101
        },
        "tail": {
          "x": 0.1951853483915329,
          "y": -0.5647009015083313,
          "z": 0.7406090497970581
        }
      },
      "world_space": {
        "head": {
          "x": 0.19152449071407318,
          "y": -0.4135139584541321,
          "z": 1.6348223686218262
        },
        "tail": {
          "x": 0.1951853483915329,
          "y": -0.5014569163322449,
          "z": 1.6904630661010742
        },
        "rotation_quaternion": {
          "w": 0.01946210488677025,
          "x": 0.00399843929335475,
          "y": -0.2781176269054413,
          "z": -0.9603415131568909
        },
        "matrix": [
          [
            -0.99921053647995,
            0.03515639901161194,
            -0.018505413085222244,
            0.19152449071407318
          ],
          [
            -0.039604730904102325,
            -0.8445435166358948,
            0.5340206623077393,
            -0.4135139584541321
          ],
          [
            0.0031458442099392414,
            0.5343347787857056,
            0.845275342464447,
            1.6348223686218262
          ],
          [
            0.0,
            0.0,
            0.0,
            1.0
          ]
        ]
      },
      "bone_length_armature_space": 0.1041309411773958,
      "parent": "lowerarm_l",
      "has_children": true,
      "is_end_bone": false
    },
    "pinky_01_l": {
      "name": "pinky_01_l",
      "local": {
        "location": {
          "x": 0.0,
          "y": 0.0,
          "z": 0.0
        },
        "rotation_quaternion": {
          "w": 0.9454560279846191,
          "x": 0.3252393901348114,
          "y": 0.0007394100539386272,
          "z": 0.018212521448731422
        },
        "scale": {
          "x": 1.0,
          "y": 1.0,
          "z": 1.0
        },
        "matrix_basis": [
          [
            0.999335527420044,
            -0.033957306295633316,
            0.01324501819908619,
            0.0
          ],
          [
            0.03491924703121185,
            0.7877752780914307,
            -0.6149721741676331,
            0.0
          ],
          [
            0.010448699817061424,
            0.6150259971618652,
            0.7884376049041748,
            0.0
          ],
          [
            0.0,
            0.0,
            0.0,
            1.0
          ]
        ],
        "rotation_mode": "QUATERNION"
      },
      "armature_space": {
        "head": {
          "x": 0.1951853483915329,
          "y": -0.5647009015083313,
          "z": 0.7406090497970581
        },
        "tail": {
