{
  "metadata": {
    "armature_name": "KIM_caucasian_male",
    "export_time": "2026-01-13T20:24:55.279310",
    "blender_version": "4.4.1",
    "bone_count": 56,
    "end_bone_count": 13,
    "spaces_included": [
      "LOCAL_CHANNELS",
      "ARMATURE_SPACE",
      "WORLD_SPACE"
    ],
    "note": "LOCAL matches Transform panel; replay pose via local.matrix_basis for best fidelity."
  },
  "bones": {
    "Root": {
      "name": "Root",
      "local": {
        "location": {
          "x": 0.0,
          "y": 0.0,
          "z": 0.0
        },
        "rotation_quaternion": {
          "w": 0.9998273849487305,
          "x": 0.014559758827090263,
          "y": -0.004523581359535456,
          "z": -0.010620798915624619
        },
        "scale": {
          "x": 1.0,
          "y": 1.0,
          "z": 1.0
        },
        "matrix_basis": [
          [
            0.9997334480285645,
            0.021106205880641937,
            -0.009354873560369015,
            0.0
          ],
          [
            -0.021369656547904015,
            0.9993504285812378,
            -0.029018403962254524,
            0.0
          ],
          [
            0.008736328221857548,
            0.02921057865023613,
            0.999535083770752,
            0.0
          ],
          [
            0.0,
            0.0,
            0.0,
            1.0
          ]
        ],
        "rotation_mode": "QUATERNION"
      },
      "armature_space": {
        "head": {
          "x": 0.0,
          "y": 0.07072800397872925,
          "z": -0.009595036506652832
        },
        "tail": {
          "x": 0.00150647375266999,
          "y": -0.00023432821035385132,
          "z": -0.002072253730148077
        }
      },
      "world_space": {
        "head": {
          "x": 0.0,
          "y": 0.13397200405597687,
          "z": 0.9402589797973633
        },
        "tail": {
          "x": 0.00150647375266999,
          "y": 0.06300967186689377,
          "z": 0.9477817416191101
        },
        "rotation_quaternion": {
          "w": 0.052829332649707794,
          "x": 0.9985368847846985,
          "y": 0.010291926562786102,
          "z": -0.005228803958743811
        },
        "matrix": [
          [
            0.9997334480285645,
            0.021106205880641937,
            -0.009354873560369015,
            0.0
          ],
          [
            0.02000126615166664,
            -0.9942062497138977,
            -0.10561218857765198,
            0.13397200405597687
          ],
          [
            -0.011529807932674885,
            0.10539672523736954,
            -0.9943704605102539,
            0.9402589797973633
          ],
          [
            0.0,
            0.0,
            0.0,
            1.0
          ]
        ]
      },
      "bone_length_armature_space": 0.07137586778729102,
      "parent": null,
      "has_children": true,
      "is_end_bone": false
    },
    "spine_01": {
      "name": "spine_01",
      "local": {
        "location": {
          "x": 0.0,
          "y": 0.0,
          "z": 0.0
        },
        "rotation_quaternion": {
          "w": 0.9974546432495117,
          "x": 0.07041721791028976,
          "y": 0.010520802810788155,
          "z": 0.0038857569452375174
        },
        "scale": {
          "x": 1.0,
          "y": 1.0,
          "z": 1.0
        },
        "matrix_basis": [
          [
            0.9997484087944031,
            -0.006270041223615408,
            0.021535295993089676,
            0.0
          ],
          [
            0.009233423508703709,
            0.9900526404380798,
            -0.1403941959142685,
            0.0
          ],
          [
            -0.02044079825282097,
            0.14055772125720978,
            0.9898614287376404,
            0.0
          ],
          [
            0.0,
            0.0,
            0.0,
            1.0
          ]
        ],
        "rotation_mode": "QUATERNION"
      },
      "armature_space": {
        "head": {
          "x": 0.00150647375266999,
          "y": -0.00023432821035385132,
          "z": -0.002072253730148077
        },
        "tail": {
          "x": 0.0052324761636555195,
          "y": -0.06029062718153,
          "z": 0.4822084903717041
        }
      },
      "world_space": {
        "head": {
          "x": 0.00150647375266999,
          "y": 0.06300967186689377,
          "z": 0.9477817416191101
        },
        "tail": {
          "x": 0.0052324761636555195,
          "y": 0.002953372895717621,
          "z": 1.4320625066757202
        },
        "rotation_quaternion": {
          "w": 0.6619727611541748,
          "x": 0.7492517828941345,
          "y": 0.016092300415039062,
          "z": 0.012447007931768894
        },
        "matrix": [
          [
            0.9991721510887146,
            0.00763523206114769,
            0.03995724022388458,
            0.00150647375266999
          ],
          [
            0.04059355705976486,
            -0.12306587398052216,
            -0.9915679693222046,
            0.06300967186689377
          ],
          [
            -0.0026534581556916237,
            0.9923760294914246,
            -0.12327571958303452,
            0.9477817416191101
          ],
          [
            0.0,
            0.0,
            0.0,
            1.0
          ]
        ]
      },
      "bone_length_armature_space": 0.4880045782713346,
      "parent": "Root",
      "has_children": true,
      "is_end_bone": false
    },
    "neck_01": {
      "name": "neck_01",
      "local": {
        "location": {
          "x": 0.0,
          "y": 0.0,
          "z": 0.0
        },
        "rotation_quaternion": {
          "w": 0.9991912841796875,
          "x": -0.02403521165251732,
          "y": -0.03166748955845833,
          "z": 0.006031634286046028
        },
        "scale": {
          "x": 1.0,
          "y": 1.0,
          "z": 1.0
        },
        "matrix_basis": [
          [
            0.9979215860366821,
            -0.010531242936849594,
            -0.06357370316982269,
            0.0
          ],
          [
            0.01357578206807375,
            0.9987718462944031,
            0.04764953628182411,
            0.0
          ],
          [
            0.06299381703138351,
            -0.048413559794425964,
            0.9968389868736267,
            0.0
          ],
          [
            0.0,
            0.0,
            0.0,
            1.0
          ]
        ],
        "rotation_mode": "QUATERNION"
      },
      "armature_space": {
        "head": {
          "x": 0.007177251391112804,
          "y": -0.10368933528661728,
          "z": 0.5505934357643127
        },
        "tail": {
          "x": 0.008215532638132572,
          "y": -0.14963938295841217,
          "z": 0.6422353982925415
        }
      },
      "world_space": {
        "head": {
          "x": 0.007177251391112804,
          "y": -0.04044533520936966,
          "z": 1.5004475116729736
        },
        "tail": {
          "x": 0.008215532638132572,
          "y": -0.08639538288116455,
          "z": 1.5920894145965576
        },
        "rotation_quaternion": {
          "w": 0.5252491235733032,
          "x": 0.8507989645004272,
          "y": -0.0036366363056004047,
          "z": -0.015531254932284355
        },
        "matrix": [
          [
            0.9994910955429077,
            0.01012746524065733,
            -0.030248146504163742,
            0.007177251391112804
          ],
          [
            -0.022503595799207687,
            -0.4481998085975647,
            -0.893650233745575,
            -0.04044533520936966
          ],
          [
            -0.02260781079530716,
            0.8938819169998169,
            -0.4477478563785553,
            1.5004475116729736
          ],
          [
            0.0,
            0.0,
            0.0,
            1.0
          ]
        ]
      },
      "bone_length_armature_space": 0.10252187459342772,
      "parent": "spine_01",
      "has_children": true,
      "is_end_bone": false
    },
    "head": {
      "name": "head",
      "local": {
        "location": {
          "x": 0.0,
          "y": 0.0,
          "z": 0.0
        },
        "rotation_quaternion": {
          "w": 0.9615513682365417,
          "x": -0.10328322649002075,
          "y": 0.12432164698839188,
          "z": -0.2220263034105301
        },
        "scale": {
          "x": 1.0,
          "y": 1.0,
          "z": 1.0
        },
        "matrix_basis": [
          [
            0.8704968690872192,
            0.4012987017631531,
            0.284946471452713,
            0.0
          ],
          [
            -0.45266008377075195,
            0.8800737857818604,
            0.14341890811920166,
            0.0
          ],
          [
            -0.1932201087474823,
            -0.25382959842681885,
            0.9477534294128418,
            0.0
          ],
          [
            0.0,
            0.0,
            0.0,
            1.0
          ]
        ],
        "rotation_mode": "QUATERNION"
      },
      "armature_space": {
        "head": {
          "x": 0.008215527981519699,
          "y": -0.14963948726654053,
          "z": 0.642235279083252
        },
        "tail": {
          "x": 0.07419726252555847,
          "y": -0.12499621510505676,
          "z": 0.7804104089736938
        }
      },
      "world_space": {
        "head": {
          "x": 0.008215527981519699,
          "y": -0.08639548718929291,
          "z": 1.592089295387268
        },
        "tail": {
          "x": 0.07419726252555847,
          "y": -0.06175221502780914,
          "z": 1.73026442527771
        },
        "rotation_quaternion": {
          "w": 0.7197810411453247,
          "x": 0.644287109375,
          "y": 0.24771535396575928,
          "z": -0.0738014504313469
        },
        "matrix": [
          [
            0.8663815855979919,
            0.42544102668762207,
            0.26150113344192505,
            0.008215527981519699
          ],
          [
            0.21295517683029175,
            0.15889640152454376,
            -0.9640551209449768,
            -0.08639548718929291
          ],
          [
            -0.4517032206058502,
            0.8909340500831604,
            0.04706443101167679,
            1.592089295387268
          ],
          [
            0.0,
            0.0,
            0.0,
            1.0
          ]
        ]
      },
      "bone_length_armature_space": 0.15509108903888544,
      "parent": "neck_01",
      "has_children": false,
      "is_end_bone": true
    },
    "upperarm_l": {
      "name": "upperarm_l",
      "local": {
        "location": {
          "x": 0.0,
          "y": 0.0,
          "z": 0.0
        },
        "rotation_quaternion": {
          "w": 0.9166914820671082,
          "x": -0.04003741592168808,
          "y": 0.37428009510040283,
          "z": -0.13412046432495117
        },
        "scale": {
          "x": 1.0,
          "y": 1.0,
          "z": 1.0
        },
        "matrix_basis": [
          [
            0.6838521957397461,
            0.2159237563610077,
            0.6969383955001831,
            0.0
          ],
          [
            -0.2758646011352539,
            0.9608173966407776,
            -0.026993323117494583,
            0.0
          ],
          [
            -0.675459086894989,
            -0.17380115389823914,
            0.7166228294372559,
            0.0
          ],
          [
            0.0,
            0.0,
            0.0,
            1.0
          ]
        ],
        "rotation_mode": "QUATERNION"
      },
      "armature_space": {
        "head": {
          "x": 0.15666736662387848,
          "y": -0.09249155223369598,
          "z": 0.48310694098472595
        },
        "tail": {
          "x": 0.4077531099319458,
          "y": -0.017008475959300995,
          "z": 0.42773640155792236
        }
      },
      "world_space": {
        "head": {
          "x": 0.15666736662387848,
          "y": -0.029247552156448364,
          "z": 1.4329609870910645
        },
        "tail": {
          "x": 0.4077531099319458,
          "y": 0.046235524117946625,
          "z": 1.3775904178619385
        },
        "rotation_quaternion": {
          "w": 0.1856394112110138,
          "x": 0.5393543839454651,
          "y": 0.7787051200866699,
          "z": -0.261253297328949
        },
        "matrix": [
          [
            -0.3492690622806549,
            0.9369939565658569,
            0.007298409938812256,
            0.15666736662387848
          ],
          [
            0.7429988980293274,
            0.28168541193008423,
            -0.6071295738220215,
            -0.029247552156448364
          ],
          [
            -0.5709359049797058,
            -0.20663011074066162,
            -0.794575572013855,
            1.4329609870910645
          ],
          [
            0.0,
            0.0,
            0.0,
            1.0
          ]
        ]
      },
      "bone_length_armature_space": 0.2679694900349555,
      "parent": "spine_01",
      "has_children": true,
      "is_end_bone": false
    },
    "lowerarm_l": {
      "name": "lowerarm_l",
      "local": {
        "location": {
          "x": 0.0,
          "y": 0.0,
          "z": 0.0
        },
        "rotation_quaternion": {
          "w": 0.979789674282074,
          "x": 0.17942765355110168,
          "y": 0.07366237044334412,
          "z": -0.04890475794672966
        },
        "scale": {
          "x": 1.0,
          "y": 1.0,
          "z": 1.0
        },
        "matrix_basis": [
          [
            0.9843643307685852,
            0.12226688861846924,
            0.12679752707481384,
            0.0
          ],
          [
            -0.06939861923456192,
            0.9308280944824219,
            -0.35880759358406067,
            0.0
          ],
          [
            -0.1618969887495041,
            0.3443978428840637,
            0.9247591495513916,
            0.0
          ],
          [
            0.0,
            0.0,
            0.0,
            1.0
          ]
        ],
        "rotation_mode": "QUATERNION"
      },
      "armature_space": {
        "head": {
          "x": 0.40775322914123535,
          "y": -0.017008565366268158,
          "z": 0.42773640155792236
        },
        "tail": {
          "x": 0.6300302743911743,
          "y": -0.024002917110919952,
          "z": 0.2790297865867615
        }
      },
      "world_space": {
        "head": {
          "x": 0.40775322914123535,
          "y": 0.04623543471097946,
          "z": 1.3775904178619385
        },
        "tail": {
          "x": 0.6300302743911743,
          "y": 0.03924108296632767,
          "z": 1.2288837432861328
        },
        "rotation_quaternion": {
          "w": 0.04122746363282204,
          "x": 0.5707730054855347,
          "y": 0.6965839266777039,
          "z": -0.4327695071697235
        },
        "matrix": [
          [
            -0.3450344204902649,
            0.8308660984039307,
            -0.43659189343452454,
            0.40775322914123535
          ],
          [
            0.7595006227493286,
            -0.026144713163375854,
            -0.6499812006950378,
            0.04623543471097946
          ],
          [
            -0.5514650344848633,
            -0.5558617115020752,
            -0.6220273971557617,
            1.3775904178619385
          ],
          [
            0.0,
            0.0,
            0.0,
            1.0
          ]
        ]
      },
      "bone_length_armature_space": 0.26752506634395834,
      "parent": "upperarm_l",
      "has_children": true,
      "is_end_bone": false
    },
    "metacarpal_thumb_l": {
      "name": "metacarpal_thumb_l",
      "local": {
        "location": {
          "x": 0.0,
          "y": 0.0,
          "z": 0.0
        },
        "rotation_quaternion": {
          "w": 0.9999393224716187,
          "x": -0.004060780163854361,
          "y": -0.0028410947415977716,
          "z": -0.00984400138258934
        },
        "scale": {
          "x": 1.0,
          "y": 1.0,
          "z": 1.0
        },
        "matrix_basis": [
          [
            0.9997900724411011,
            0.019709881395101547,
            -0.005601895973086357,
            0.0
          ],
          [
            -0.01966373436152935,
            0.9997732043266296,
            0.008177002891898155,
            0.0
          ],
          [
            0.005761793348938227,
            -0.008065132424235344,
            0.9999508857727051,
            0.0
          ],
          [
            0.0,
            0.0,
            0.0,
            1.0
          ]
        ],
        "rotation_mode": "QUATERNION"
      },
      "armature_space": {
        "head": {
          "x": 0.6300302743911743,
          "y": -0.024002917110919952,
          "z": 0.2790297865867615
        },
        "tail": {
          "x": 0.6476095914840698,
          "y": -0.03685162961483002,
          "z": 0.23453831672668457
        }
      },
      "world_space": {
        "head": {
          "x": 0.6300302743911743,
          "y": 0.03924108296632767,
          "z": 1.2288837432861328
        },
        "tail": {
          "x": 0.6476095914840698,
          "y": 0.026392370462417603,
          "z": 1.1843923330307007
        },
        "rotation_quaternion": {
          "w": 0.532604992389679,
          "x": -0.7869842052459717,
          "y": -0.29433852434158325,
          "z": 0.10174877196550369
        },
        "matrix": [
          [
            0.8060230016708374,
            0.3548959493637085,
            -0.4736829698085785,
            0.6300302743911743
          ],
          [
            0.5716648101806641,
            -0.2593935430049896,
            0.7784051299095154,
            0.03924108296632767
          ],
          [
            0.15338407456874847,
            -0.8982067108154297,
            -0.4119608402252197,
            1.2288837432861328
          ],
          [
            0.0,
            0.0,
            0.0,
            1.0
          ]
        ]
      },
      "bone_length_armature_space": 0.04953395577624858,
      "parent": "lowerarm_l",
      "has_children": true,
      "is_end_bone": false
    },
    "thumb_01_l": {
      "name": "thumb_01_l",
      "local": {
        "location": {
          "x": 0.0,
          "y": 0.0,
          "z": 0.0
        },
        "rotation_quaternion": {
          "w": 0.9626529216766357,
          "x": 0.2706245481967926,
          "y": -0.002710953587666154,
          "z": -0.007382525596767664
        },
        "scale": {
          "x": 1.0,
          "y": 1.0,
          "z": 1.0
        },
        "matrix_basis": [
          [
            0.9998763203620911,
            0.012746318243443966,
            -0.009215200319886208,
            0.0
          ],
          [
            -0.015680920332670212,
            0.8534157276153564,
            -0.520995020866394,
            0.0
          ],
          [
            0.0012236294569447637,
            0.5210750699043274,
            0.8535100221633911,
            0.0
          ],
          [
            0.0,
            0.0,
            0.0,
            1.0
          ]
        ],
        "rotation_mode": "QUATERNION"
      },
      "armature_space": {
        "head": {
          "x": 0.6476095914840698,
          "y": -0.03685162961483002,
          "z": 0.23453831672668457
        },
        "tail": {
          "x": 0.6556108593940735,
          "y": -0.01649252511560917,
          "z": 0.20845919847488403
        }
      },
      "world_space": {
        "head": {
          "x": 0.6476095914840698,
          "y": 0.026392370462417603,
          "z": 1.1843923330307007
        },
        "tail": {
          "x": 0.6556108593940735,
          "y": 0.0467514768242836,
          "z": 1.158313274383545
        },
        "rotation_quaternion": {
          "w": 0.820911169052124,
          "x": -0.34151846170425415,
          "y": 0.35378536581993103,
          "z": -0.29035472869873047
        },
        "matrix": [
          [
            0.5810598731040955,
            0.2350638508796692,
            0.7791754603385925,
            0.6476095914840698
          ],
          [
            -0.7183599472045898,
            0.5981185436248779,
            0.3552654981613159,
            0.026392370462417603
          ],
          [
            -0.3825322687625885,
            -0.76616370677948,
            0.5164068937301636,
            1.1843923330307007
          ],
          [
            0.0,
            0.0,
            0.0,
            1.0
          ]
        ]
      },
      "bone_length_armature_space": 0.03403871117892346,
      "parent": "metacarpal_thumb_l",
      "has_children": true,
      "is_end_bone": false
    },
    "thumb_02_l": {
      "name": "thumb_02_l",
      "local": {
        "location": {
          "x": 0.0,
          "y": 0.0,
          "z": 0.0
        },
        "rotation_quaternion": {
          "w": 0.877479076385498,
          "x": 0.4794924855232239,
          "y": 0.010606440715491772,
          "z": 0.002227181103080511
        },
        "scale": {
          "x": 1.0,
          "y": 1.0,
          "z": 1.0
        },
        "matrix_basis": [
          [
            0.9997650980949402,
            0.0062628076411783695,
            0.020749693736433983,
            0.0
          ],
          [
            0.014080027118325233,
            0.5401639938354492,
            -0.8414419889450073,
            0.0
          ],
          [
            -0.016478026285767555,
            0.8415364623069763,
            0.5399489402770996,
            0.0
          ],
          [
            0.0,
            0.0,
            0.0,
            1.0
          ]
        ],
        "rotation_mode": "QUATERNION"
      },
      "armature_space": {
        "head": {
          "x": 0.6556107401847839,
          "y": -0.01649252325296402,
          "z": 0.20845918357372284
        },
        "tail": {
          "x": 0.6857006549835205,
          "y": -0.03462974727153778,
          "z": 0.22792252898216248
        }
      },
      "world_space": {
        "head": {
          "x": 0.6556107401847839,
          "y": 0.0467514768242836,
          "z": 1.1583131551742554
        },
        "tail": {
          "x": 0.6857006549835205,
          "y": 0.02861425280570984,
          "z": 1.177776575088501
        },
        "rotation_quaternion": {
          "w": 0.5221794247627258,
          "x": 0.40778598189353943,
          "y": -0.03924831375479698,
          "z": -0.7479965686798096
        },
        "matrix": [
          [
            -0.12207713723182678,
            0.7491689324378967,
            -0.6510322690010071,
            0.6556107401847839
          ],
          [
            -0.8131868839263916,
            -0.4515746533870697,
            -0.3671618402004242,
            0.0467514768242836
          ],
          [
            -0.5690603852272034,
            0.4845918118953705,
            0.6643454432487488,
            1.1583131551742554
          ],
          [
            0.0,
            0.0,
            0.0,
            1.0
          ]
        ]
      },
      "bone_length_armature_space": 0.04016445821543216,
      "parent": "thumb_01_l",
      "has_children": true,
      "is_end_bone": false
    },
    "thumb_03_l": {
      "name": "thumb_03_l",
      "local": {
        "location": {
          "x": 0.0,
          "y": 0.0,
          "z": 0.0
        },
        "rotation_quaternion": {
          "w": 0.9924783706665039,
          "x": 0.12210521847009659,
          "y": 0.006253326777368784,
          "z": 0.006157582625746727
        },
        "scale": {
          "x": 1.0,
          "y": 1.0,
          "z": 1.0
        },
        "matrix_basis": [
          [
            0.9998459815979004,
            -0.010695407167077065,
            0.013916329480707645,
            0.0
          ],
          [
            0.013749662786722183,
            0.9701048135757446,
            -0.24229656159877777,
            0.0
          ],
          [
            -0.010908837430179119,
            0.24245058000087738,
            0.9701024293899536,
            0.0
          ],
          [
            0.0,
            0.0,
            0.0,
            1.0
          ]
        ],
        "rotation_mode": "QUATERNION"
      },
      "armature_space": {
        "head": {
          "x": 0.6857006549835205,
          "y": -0.03462975472211838,
          "z": 0.22792242467403412
        },
        "tail": {
          "x": 0.6962364315986633,
          "y": -0.05023953318595886,
          "z": 0.25184375047683716
        }
      },
      "world_space": {
        "head": {
          "x": 0.6857006549835205,
          "y": 0.028614245355129242,
          "z": 1.1777764558792114
        },
        "tail": {
          "x": 0.6962364315986633,
          "y": 0.013004466891288757,
          "z": 1.201697826385498
        },
        "rotation_quaternion": {
          "w": 0.4718071222305298,
          "x": 0.657775342464447,
          "y": -0.14503656327724457,
          "z": -0.5689412355422974
        },
        "matrix": [
          [
            0.31054016947746277,
            0.3460615873336792,
            -0.8853282928466797,
            0.6857006549835205
          ],
          [
            -0.7276647686958313,
            -0.5127226114273071,
            -0.4556533396244049,
            0.028614245355129242
          ],
          [
            -0.6116166114807129,
            0.7857257723808289,
            0.09259611368179321,
            1.1777764558792114
          ],
          [
            0.0,
            0.0,
            0.0,
            1.0
          ]
        ]
      },
      "bone_length_armature_space": 0.030444993483869177,
      "parent": "thumb_02_l",
      "has_children": false,
      "is_end_bone": true
    },
    "metacarpal_index_l": {
      "name": "metacarpal_index_l",
      "local": {
        "location": {
          "x": 0.0,
          "y": 0.0,
          "z": 0.0
        },
        "rotation_quaternion": {
          "w": 0.9998359084129333,
          "x": -0.0137950973585248,
          "y": 0.009963452816009521,
          "z": 0.006224220618605614
        },
        "scale": {
          "x": 1.0,
          "y": 1.0,
          "z": 1.0
        },
        "matrix_basis": [
          [
            0.9997239708900452,
            -0.012721291743218899,
            0.019751908257603645,
            0.0
          ],
          [
            0.012171505019068718,
            0.9995419383049011,
            0.02770969644188881,
            0.0
          ],
          [
            -0.02009536325931549,
            -0.027461638674139977,
            0.9994208216667175,
            0.0
          ],
          [
            0.0,
            0.0,
            0.0,
            1.0
          ]
        ],
        "rotation_mode": "QUATERNION"
      },
      "armature_space": {
        "head": {
          "x": 0.6300302743911743,
          "y": -0.024002917110919952,
          "z": 0.2790297865867615
        },
        "tail": {
          "x": 0.7066903114318848,
          "y": -0.047921594232320786,
          "z": 0.19370421767234802
        }
      },
      "world_space": {
        "head": {
          "x": 0.6300302743911743,
          "y": 0.03924108296632767,
          "z": 1.2288837432861328
        },
        "tail": {
          "x": 0.7066903114318848,
          "y": 0.015322405844926834,
          "z": 1.1435582637786865
        },
        "rotation_quaternion": {
          "w": 0.3376665413379669,
          "x": -0.7469854950904846,
          "y": -0.5328359007835388,
          "z": 0.20995208621025085
        },
        "matrix": [
          [
            0.3440091907978058,
            0.6542538404464722,
            -0.6735051870346069,
            0.6300302743911743
          ],
          [
            0.9378301501274109,
            -0.2041335105895996,
            0.28072118759155273,
            0.03924108296632767
          ],
          [
            0.046179093420505524,
            -0.7282095551490784,
            -0.6838073134422302,
            1.2288837432861328
          ],
          [
            0.0,
            0.0,
            0.0,
            1.0
          ]
        ]
      },
      "bone_length_armature_space": 0.11717216893087196,
      "parent": "lowerarm_l",
      "has_children": true,
      "is_end_bone": false
    },
    "index_01_l": {
      "name": "index_01_l",
      "local": {
        "location": {
          "x": 0.0,
          "y": 0.0,
          "z": 0.0
        },
        "rotation_quaternion": {
          "w": 0.9389015436172485,
          "x": 0.34407103061676025,
          "y": 0.007587962318211794,
          "z": 0.004650072660297155
        },
        "scale": {
          "x": 1.0,
          "y": 1.0,
          "z": 1.0
        },
        "matrix_basis": [
          [
            0.999841570854187,
            -0.003510324750095606,
            0.017448609694838524,
            0.0
          ],
          [
            0.013953517191112041,
            0.7631869912147522,
            -0.6460270881652832,
            0.0
          ],
          [
            -0.011048788204789162,
            0.6461682319641113,
            0.7631151080131531,
            0.0
          ],
          [
            0.0,
            0.0,
            0.0,
            1.0
          ]
        ],
        "rotation_mode": "QUATERNION"
      },
      "armature_space": {
        "head": {
          "x": 0.7066903114318848,
          "y": -0.047921594232320786,
          "z": 0.19370421767234802
        },
        "tail": {
          "x": 0.7139587998390198,
          "y": -0.04029548540711403,
          "z": 0.16720722615718842
        }
      },
      "world_space": {
        "head": {
          "x": 0.7066903114318848,
          "y": 0.015322405844926834,
          "z": 1.1435582637786865
        },
        "tail": {
          "x": 0.7139587998390198,
          "y": 0.02294851467013359,
          "z": 1.1170612573623657
        },
        "rotation_quaternion": {
          "w": 0.5426216721534729,
          "x": -0.5149749517440796,
          "y": -0.582483172416687,
          "z": 0.31792452931404114
        },
        "matrix": [
          [
            0.1192747950553894,
            0.2549053430557251,
            -0.9595814943313599,
            0.7066903114318848
          ],
          [
            0.9449543356895447,
            0.26744794845581055,
            0.18850228190422058,
            0.015322405844926834
          ],
          [
            0.3046913146972656,
            -0.9292505979537964,
            -0.20897531509399414,
            1.1435582637786865
          ],
          [
            0.0,
            0.0,
            0.0,
            1.0
          ]
        ]
      },
      "bone_length_armature_space": 0.028514540552476517,
      "parent": "metacarpal_index_l",
      "has_children": true,
      "is_end_bone": false
    },
    "index_02_l": {
      "name": "index_02_l",
      "local": {
        "location": {
          "x": 0.0,
          "y": 0.0,
          "z": 0.0
        },
        "rotation_quaternion": {
          "w": 0.8985875248908997,
          "x": 0.4385702908039093,
          "y": 0.006619866006076336,
          "z": 0.012365724891424179
        },
        "scale": {
          "x": 1.0,
          "y": 1.0,
          "z": 1.0
        },
        "matrix_basis": [
          [
            0.9996065497398376,
            -0.016416819766163826,
            0.02274353802204132,
            0.0
          ],
          [
            0.028029926121234894,
            0.6150063872337341,
            -0.7880238890647888,
            0.0
          ],
          [
            -0.0010505788959562778,
            0.78835129737854,
            0.6152245402336121,
            0.0
          ],
          [
            0.0,
            0.0,
            0.0,
            1.0
          ]
        ],
        "rotation_mode": "QUATERNION"
      },
      "armature_space": {
        "head": {
          "x": 0.7139585614204407,
          "y": -0.0402955487370491,
          "z": 0.16720673441886902
        },
        "tail": {
          "x": 0.6992164850234985,
          "y": -0.0333591066300869,
          "z": 0.14739127457141876
        }
      },
      "world_space": {
        "head": {
          "x": 0.7139585614204407,
          "y": 0.022948451340198517,
          "z": 1.1170607805252075
        },
        "tail": {
          "x": 0.6992164850234985,
          "y": 0.02988489344716072,
          "z": 1.0972453355789185
        },
        "rotation_quaternion": {
          "w": 0.6877849102020264,
          "x": -0.23603810369968414,
          "y": -0.40267717838287354,
          "z": 0.5559577345848083
        },
        "matrix": [
          [
            0.05752182379364967,
            -0.5746662616729736,
            -0.8163638114929199,
            0.7139585614204407
          ],
          [
            0.954853355884552,
            0.27039217948913574,
            -0.12305809557437897,
            0.022948451340198517
          ],
          [
            0.2914586067199707,
            -0.7724343538284302,
            0.5642794370651245,
            1.1170607805252075
          ],
          [
            0.0,
            0.0,
            0.0,
            1.0
          ]
        ]
      },
      "bone_length_armature_space": 0.025653371913016594,
      "parent": "index_01_l",
      "has_children": true,
      "is_end_bone": false
    },
    "index_03_l": {
      "name": "index_03_l",
      "local": {
        "location": {
          "x": 0.0,
          "y": 0.0,
          "z": 0.0
        },
        "rotation_quaternion": {
          "w": 0.9348806738853455,
          "x": 0.35495054721832275,
          "y": 0.0023417372722178698,
          "z": 0.001670762663707137
        },
        "scale": {
          "x": 1.0,
          "y": 1.0,
          "z": 1.0
        },
        "matrix_basis": [
          [
            0.9999834299087524,
            -0.0014615255640819669,
            0.005564566235989332,
            0.0
          ],
          [
            0.004786329343914986,
            0.7480146288871765,
            -0.6636649966239929,
            0.0
          ],
          [
            -0.0031924135982990265,
            0.6636806130409241,
            0.7480092644691467,
            0.0
          ],
          [
            0.0,
            0.0,
            0.0,
            1.0
          ]
        ],
        "rotation_mode": "QUATERNION"
      },
      "armature_space": {
        "head": {
          "x": 0.6992166042327881,
          "y": -0.033359114080667496,
          "z": 0.1473912000656128
        },
        "tail": {
          "x": 0.6706946492195129,
          "y": -0.027502652257680893,
          "z": 0.14495567977428436
        }
      },
      "world_space": {
        "head": {
          "x": 0.6992166042327881,
          "y": 0.029884885996580124,
          "z": 1.097245216369629
        },
        "tail": {
          "x": 0.6706946492195129,
          "y": 0.03574134781956673,
          "z": 1.094809651374817
        },
        "rotation_quaternion": {
          "w": 0.7607144117355347,
          "x": 0.06649899482727051,
          "y": -0.14673706889152527,
          "z": 0.6287764310836792
        },
        "matrix": [
          [
            0.16621652245521545,
            -0.9761544466018677,
            -0.13962215185165405,
            0.6992166042327881
          ],
          [
            0.9371229410171509,
            0.2004355490207672,
            -0.28570348024368286,
            0.029884885996580124
          ],
          [
            0.3068788945674896,
            -0.08335480093955994,
            0.94809889793396,
            1.097245216369629
          ],
          [
            0.0,
            0.0,
            0.0,
            1.0
          ]
        ]
      },
      "bone_length_armature_space": 0.02921869004781577,
      "parent": "index_02_l",
      "has_children": false,
      "is_end_bone": true
    },
    "metacarpal_pinky_l": {
      "name": "metacarpal_pinky_l",
      "local": {
        "location": {
          "x": 0.0,
          "y": 0.0,
          "z": 0.0
        },
        "rotation_quaternion": {
          "w": 0.9996912479400635,
          "x": -0.021530186757445335,
          "y": 0.011475827544927597,
          "z": 0.004706121981143951
        },
        "scale": {
          "x": 1.0,
          "y": 1.0,
          "z": 1.0
        },
        "matrix_basis": [
          [
            0.9996923208236694,
            -0.009903491474688053,
            0.02274192124605179,
            0.0
          ],
          [
            0.008915184065699577,
            0.9990286231040955,
            0.04315509274601936,
            0.0
          ],
          [
            -0.0231472160667181,
            -0.042939066886901855,
            0.9988095164299011,
            0.0
          ],
          [
            0.0,
            0.0,
            0.0,
            1.0
          ]
        ],
        "rotation_mode": "QUATERNION"
      },
      "armature_space": {
        "head": {
          "x": 0.6300302743911743,
          "y": -0.024002917110919952,
          "z": 0.2790297865867615
        },
        "tail": {
          "x": 0.7249316573143005,
          "y": -0.0012053828686475754,
          "z": 0.2427361011505127
        }
      },
      "world_space": {
        "head": {
          "x": 0.6300302743911743,
          "y": 0.03924108296632767,
          "z": 1.2288837432861328
        },
        "tail": {
          "x": 0.7249316573143005,
          "y": 0.062038615345954895,
          "z": 1.1925901174545288
        },
        "rotation_quaternion": {
          "w": 0.5609589219093323,
          "x": 0.24554963409900665,
          "y": 0.5429463386535645,
          "z": -0.5746648907661438
        },
        "matrix": [
          [
            -0.2500591278076172,
            0.9113672971725464,
            0.3269246220588684,
            0.6300302743911743
          ],
          [
            -0.37808889150619507,
            0.21893179416656494,
            -0.8995099067687988,
            0.03924108296632767
          ],
          [
            -0.8913646340370178,
            -0.3485395312309265,
            0.28983309864997864,
            1.2288837432861328
          ],
          [
            0.0,
            0.0,
            0.0,
            1.0
          ]
        ]
      },
      "bone_length_armature_space": 0.1041308370576055,
      "parent": "lowerarm_l",
      "has_children": true,
      "is_end_bone": false
    },
    "pinky_01_l": {
      "name": "pinky_01_l",
      "local": {
        "location": {
          "x": 0.0,
          "y": 0.0,
          "z": 0.0
        },
        "rotation_quaternion": {
          "w": 0.9402258992195129,
          "x": 0.34041473269462585,
          "y": 0.007582912687212229,
          "z": 0.005969353951513767
        },
        "scale": {
          "x": 1.0,
          "y": 1.0,
          "z": 1.0
        },
        "matrix_basis": [
          [
            0.9998137354850769,
            -0.006062412168830633,
            0.018323414027690887,
            0.0
          ],
          [
            0.016387753188610077,
            0.768164336681366,
            -0.6400429606437683,
            0.0
          ],
          [
            -0.010195190086960793,
            0.640224039554596,
            0.7681206464767456,
            0.0
          ],
          [
            0.0,
            0.0,
            0.0,
            1.0
          ]
        ],
        "rotation_mode": "QUATERNION"
      },
      "armature_space": {
        "head": {
          "x": 0.7249316573143005,
          "y": -0.0012053828686475754,
          "z": 0.2427361011505127
        },
        "tail": {
