{
  "metadata": {
    "armature_name": "KIM_caucasian_male",
    "export_time": "2026-01-13T21:16:09.442962",
    "blender_version": "4.4.1",
    "bone_count": 56,
    "end_bone_count": 13,
    "spaces_included": [
      "LOCAL_CHANNELS",
      "ARMATURE_SPACE",
      "WORLD_SPACE"
    ],
    "note": "LOCAL matches Transform panel; replay pose via local.matrix_basis for best fidelity."
  },
  "bones": {
    "Root": {
      "name": "Root",
      "local": {
        "location": {
          "x": 0.0,
          "y": 0.0,
          "z": 0.0
        },
        "rotation_quaternion": {
          "w": 0.9997940063476562,
          "x": 0.005832009948790073,
          "y": 0.014354118146002293,
          "z": 0.013108095154166222
        },
        "scale": {
          "x": 1.0,
          "y": 1.0,
          "z": 1.0
        },
        "matrix_basis": [
          [
            0.9992442727088928,
            -0.0260433629155159,
            0.02885521575808525,
            0.0
          ],
          [
            0.026378216221928596,
            0.9995883107185364,
            -0.011285306885838509,
            0.0
          ],
          [
            -0.028549429029226303,
            0.012037927284836769,
            0.9995198845863342,
            0.0
          ],
          [
            0.0,
            0.0,
            0.0,
            1.0
          ]
        ],
        "rotation_mode": "QUATERNION"
      },
      "armature_space": {
        "head": {
          "x": 0.0,
          "y": 0.07072800397872925,
          "z": -0.009595036506652832
        },
        "tail": {
          "x": -0.0018588677048683167,
          "y": -8.638948202133179e-05,
          "z": -0.0008553750813007355
        }
      },
      "world_space": {
        "head": {
          "x": 0.0,
          "y": 0.13397200405597687,
          "z": 0.9402589797973633
        },
        "tail": {
          "x": -0.0018588677048683167,
          "y": 0.06315761059522629,
          "z": 0.9489986300468445
        },
        "rotation_quaternion": {
          "w": 0.061535026878118515,
          "x": 0.9979156255722046,
          "y": -0.012111309915781021,
          "z": 0.015204573050141335
        },
        "matrix": [
          [
            0.9992442727088928,
            -0.0260433629155159,
            0.02885521575808525,
            0.0
          ],
          [
            -0.022300895303487778,
            -0.9921334981918335,
            -0.1231822818517685,
            0.13397200405597687
          ],
          [
            0.031836505979299545,
            0.12244560569524765,
            -0.991971492767334,
            0.9402589797973633
          ],
          [
            0.0,
            0.0,
            0.0,
            1.0
          ]
        ]
      },
      "bone_length_armature_space": 0.0713758749946698,
      "parent": null,
      "has_children": true,
      "is_end_bone": false
    },
    "spine_01": {
      "name": "spine_01",
      "local": {
        "location": {
          "x": 0.0,
          "y": 0.0,
          "z": 0.0
        },
        "rotation_quaternion": {
          "w": 0.9982419013977051,
          "x": 0.05262284353375435,
          "y": 0.0035949358716607094,
          "z": 0.02703927271068096
        },
        "scale": {
          "x": 1.0,
          "y": 1.0,
          "z": 1.0
        },
        "matrix_basis": [
          [
            0.9985119104385376,
            -0.05360511690378189,
            0.010022997856140137,
            0.0
          ],
          [
            0.054361820220947266,
            0.9929994344711304,
            -0.10486624389886856,
            0.0
          ],
          [
            -0.004331464413553476,
            0.10525506734848022,
            0.9944358468055725,
            0.0
          ],
          [
            0.0,
            0.0,
            0.0,
            1.0
          ]
        ],
        "rotation_mode": "QUATERNION"
      },
      "armature_space": {
        "head": {
          "x": -0.0018588677048683167,
          "y": -8.638948202133179e-05,
          "z": -0.0008553750813007355
        },
        "tail": {
          "x": -0.04423937946557999,
          "y": -0.033654794096946716,
          "z": 0.4841451644897461
        }
      },
      "world_space": {
        "head": {
          "x": -0.0018588677048683167,
          "y": 0.06315761059522629,
          "z": 0.9489986300468445
        },
        "tail": {
          "x": -0.04423937946557999,
          "y": 0.029589205980300903,
          "z": 1.4339991807937622
        },
        "rotation_quaternion": {
          "w": 0.6814449429512024,
          "x": 0.7305605411529541,
          "y": -0.035198528319597244,
          "z": 0.025985777378082275
        },
        "matrix": [
          [
            0.9961715936660767,
            -0.08684509247541428,
            -0.010003936477005482,
            -0.0018588677048683167
          ],
          [
            -0.01601412147283554,
            -0.06878754496574402,
            -0.9975029230117798,
            0.06315761059522629
          ],
          [
            0.08594066649675369,
            0.9938510656356812,
            -0.06991633772850037,
            0.9489986300468445
          ],
          [
            0.0,
            0.0,
            0.0,
            1.0
          ]
        ]
      },
      "bone_length_armature_space": 0.48800458401339786,
      "parent": "Root",
      "has_children": true,
      "is_end_bone": false
    },
    "neck_01": {
      "name": "neck_01",
      "local": {
        "location": {
          "x": 0.0,
          "y": 0.0,
          "z": 0.0
        },
        "rotation_quaternion": {
          "w": 0.9808686971664429,
          "x": -0.13204102218151093,
          "y": -0.08535315096378326,
          "z": 0.11479002237319946
        },
        "scale": {
          "x": 1.0,
          "y": 1.0,
          "z": 1.0
        },
        "matrix_basis": [
          [
            0.9590761661529541,
            -0.2026476413011551,
            -0.19775445759296417,
            0.0
          ],
          [
            0.2477281093597412,
            0.9387768507003784,
            0.23943443596363068,
            0.0
          ],
          [
            0.13712649047374725,
            -0.2786251902580261,
            0.9505600333213806,
            0.0
          ],
          [
            0.0,
            0.0,
            0.0,
            1.0
          ]
        ],
        "rotation_mode": "QUATERNION"
      },
      "armature_space": {
        "head": {
          "x": -0.050944983959198,
          "y": -0.07328516244888306,
          "z": 0.5544886589050293
        },
        "tail": {
          "x": -0.08036796748638153,
          "y": -0.08990606665611267,
          "z": 0.6512811779975891
        }
      },
      "world_space": {
        "head": {
          "x": -0.050944983959198,
          "y": -0.010041162371635437,
          "z": 1.5043426752090454
        },
        "tail": {
          "x": -0.08036796748638153,
          "y": -0.02666206657886505,
          "z": 1.60113525390625
        },
        "rotation_quaternion": {
          "w": 0.6228764653205872,
          "x": 0.7621244788169861,
          "y": -0.17596584558486938,
          "z": 0.015073406510055065
        },
        "matrix": [
          [
            0.9376172423362732,
            -0.28699377179145813,
            -0.19623586535453796,
            -0.050944983959198
          ],
          [
            -0.2494395673274994,
            -0.16212140023708344,
            -0.9547235369682312,
            -0.010041162371635437
          ],
          [
            0.24218706786632538,
            0.944120466709137,
            -0.22359785437583923,
            1.5043426752090454
          ],
          [
            0.0,
            0.0,
            0.0,
            1.0
          ]
        ]
      },
      "bone_length_armature_space": 0.10252199073434157,
      "parent": "spine_01",
      "has_children": true,
      "is_end_bone": false
    },
    "head": {
      "name": "head",
      "local": {
        "location": {
          "x": 0.0,
          "y": 0.0,
          "z": 0.0
        },
        "rotation_quaternion": {
          "w": 0.9781002402305603,
          "x": -0.0879192054271698,
          "y": -0.0302153117954731,
          "z": 0.1862185001373291
        },
        "scale": {
          "x": 1.0,
          "y": 1.0,
          "z": 1.0
        },
        "matrix_basis": [
          [
            0.9288194179534912,
            -0.35896772146224976,
            -0.09185156971216202,
            0.0
          ],
          [
            0.3695937395095825,
            0.9151857495307922,
            0.16073429584503174,
            0.0
          ],
          [
            0.026362841948866844,
            -0.1832408905029297,
            0.9827144742012024,
            0.0
          ],
          [
            0.0,
            0.0,
            0.0,
            1.0
          ]
        ],
        "rotation_mode": "QUATERNION"
      },
      "armature_space": {
        "head": {
          "x": -0.08036798238754272,
          "y": -0.08990620076656342,
          "z": 0.6512809991836548
        },
        "tail": {
          "x": -0.1522788107395172,
          "y": -0.02137114107608795,
          "z": 0.7703816890716553
        }
      },
      "world_space": {
        "head": {
          "x": -0.08036798238754272,
          "y": -0.026662200689315796,
          "z": 1.601135015487671
        },
        "tail": {
          "x": -0.1522788107395172,
          "y": 0.04187285900115967,
          "z": 1.7202357053756714
        },
        "rotation_quaternion": {
          "w": 0.7895017266273499,
          "x": 0.5209598541259766,
          "y": -0.3124716579914093,
          "z": 0.08746088296175003
        },
        "matrix": [
          [
            0.7894249558448792,
            -0.4636709988117218,
            -0.40226536989212036,
            -0.08036798238754272
          ],
          [
            -0.1874670535326004,
            0.4419044852256775,
            -0.877255380153656,
            -0.026662200689315796
          ],
          [
            0.5845245122909546,
            0.7679445147514343,
            0.26192834973335266,
            1.601135015487671
          ],
          [
            0.0,
            0.0,
            0.0,
            1.0
          ]
        ]
      },
      "bone_length_armature_space": 0.15509092802963825,
      "parent": "neck_01",
      "has_children": false,
      "is_end_bone": true
    },
    "upperarm_l": {
      "name": "upperarm_l",
      "local": {
        "location": {
          "x": 0.0,
          "y": 0.0,
          "z": 0.0
        },
        "rotation_quaternion": {
          "w": 0.9843903183937073,
          "x": 0.13539408147335052,
          "y": -0.045159853994846344,
          "z": 0.10297922044992447
        },
        "scale": {
          "x": 1.0,
          "y": 1.0,
          "z": 1.0
        },
        "matrix_basis": [
          [
            0.9747117161750793,
            -0.21497224271297455,
            -0.061024293303489685,
            0.0
          ],
          [
            0.19051474332809448,
            0.9421274662017822,
            -0.27586230635643005,
            0.0
          ],
          [
            0.11679539829492569,
            0.25726020336151123,
            0.9592580795288086,
            0.0
          ],
          [
            0.0,
            0.0,
            0.0,
            1.0
          ]
        ],
        "rotation_mode": "QUATERNION"
      },
      "armature_space": {
        "head": {
          "x": 0.10428551584482193,
          "y": -0.0742453783750534,
          "z": 0.5003622770309448
        },
        "tail": {
          "x": 0.35451599955558777,
          "y": -0.14201921224594116,
          "z": 0.5681788325309753
        }
      },
      "world_space": {
        "head": {
          "x": 0.10428551584482193,
          "y": -0.011001378297805786,
          "z": 1.450216293334961
        },
        "tail": {
          "x": 0.35451599955558777,
          "y": -0.07877521216869354,
          "z": 1.5180327892303467
        },
        "rotation_quaternion": {
          "w": 0.48940569162368774,
          "x": 0.6233764886856079,
          "y": 0.366093248128891,
          "z": -0.4877084195613861
        },
        "matrix": [
          [
            0.256232351064682,
            0.9338024258613586,
            -0.24971610307693481,
            0.10428551584482193
          ],
          [
            -0.020945794880390167,
            -0.25291627645492554,
            -0.9672616124153137,
            -0.011001378297805786
          ],
          [
            -0.9663950800895691,
            0.2530756890773773,
            -0.04524728283286095,
            1.450216293334961
          ],
          [
            0.0,
            0.0,
            0.0,
            1.0
          ]
        ]
      },
      "bone_length_armature_space": 0.26796954216714886,
      "parent": "spine_01",
      "has_children": true,
      "is_end_bone": false
    },
    "lowerarm_l": {
      "name": "lowerarm_l",
      "local": {
        "location": {
          "x": 0.0,
          "y": 0.0,
          "z": 0.0
        },
        "rotation_quaternion": {
          "w": 0.898544430732727,
          "x": 0.40848204493522644,
          "y": 0.15959778428077698,
          "z": -0.016998983919620514
        },
        "scale": {
          "x": 1.0,
          "y": 1.0,
          "z": 1.0
        },
        "matrix_basis": [
          [
            0.948479175567627,
            0.16093434393405914,
            0.2729238271713257,
            0.0
          ],
          [
            0.09983697533607483,
            0.6657069325447083,
            -0.7395045161247253,
            0.0
          ],
          [
            -0.3006989657878876,
            0.7286525368690491,
            0.6153419613838196,
            0.0
          ],
          [
            0.0,
            0.0,
            0.0,
            1.0
          ]
        ],
        "rotation_mode": "QUATERNION"
      },
      "armature_space": {
        "head": {
          "x": 0.35451605916023254,
          "y": -0.14201928675174713,
          "z": 0.5681789517402649
        },
        "tail": {
          "x": 0.4451413154602051,
          "y": -0.3923770785331726,
          "z": 0.5942061543464661
        }
      },
      "world_space": {
        "head": {
          "x": 0.35451605916023254,
          "y": -0.07877528667449951,
          "z": 1.5180330276489258
        },
        "tail": {
          "x": 0.4451413154602051,
          "y": -0.3291330933570862,
          "z": 1.544060230255127
        },
        "rotation_quaternion": {
          "w": 0.1307423710823059,
          "x": 0.8445838689804077,
          "y": 0.12243697047233582,
          "z": -0.5045728087425232
        },
        "matrix": [
          [
            0.4608307480812073,
            0.3387550711631775,
            -0.8202925324440002,
            0.35451605916023254
          ],
          [
            0.07487854361534119,
            -0.9358313083648682,
            -0.34440308809280396,
            -0.07877528667449951
          ],
          [
            -0.8843298554420471,
            0.09728903323411942,
            -0.4566287100315094,
            1.5180330276489258
          ],
          [
            0.0,
            0.0,
            0.0,
            1.0
          ]
        ]
      },
      "bone_length_armature_space": 0.26752454528411296,
      "parent": "upperarm_l",
      "has_children": true,
      "is_end_bone": false
    },
    "metacarpal_thumb_l": {
      "name": "metacarpal_thumb_l",
      "local": {
        "location": {
          "x": 0.0,
          "y": 0.0,
          "z": 0.0
        },
        "rotation_quaternion": {
          "w": 0.9984784126281738,
          "x": -0.054306067526340485,
          "y": -0.007815983146429062,
          "z": -0.005552871152758598
        },
        "scale": {
          "x": 1.0,
          "y": 1.0,
          "z": 1.0
        },
        "matrix_basis": [
          [
            0.9998161792755127,
            0.011937754228711128,
            -0.015005071647465229,
            0.0
          ],
          [
            -0.010239933617413044,
            0.9940400123596191,
            0.10853367298841476,
            0.0
          ],
          [
            0.016211289912462234,
            -0.10836006700992584,
            0.9939795136451721,
            0.0
          ],
          [
            0.0,
            0.0,
            0.0,
            1.0
          ]
        ],
        "rotation_mode": "QUATERNION"
      },
      "armature_space": {
        "head": {
          "x": 0.4451413154602051,
          "y": -0.3923770785331726,
          "z": 0.5942061543464661
        },
        "tail": {
          "x": 0.4368909001350403,
          "y": -0.43957939743995667,
          "z": 0.5816578269004822
        }
      },
      "world_space": {
        "head": {
          "x": 0.4451413154602051,
          "y": -0.3291330933570862,
          "z": 1.544060230255127
        },
        "tail": {
          "x": 0.4368909001350403,
          "y": -0.37633538246154785,
          "z": 1.5315117835998535
        },
        "rotation_quaternion": {
          "w": 0.10905832797288895,
          "x": -0.9687852263450623,
          "y": 0.1078859344124794,
          "z": -0.19473664462566376
        },
        "matrix": [
          [
            0.9008764028549194,
            -0.16656148433685303,
            0.4008476138114929,
            0.4451413154602051
          ],
          [
            -0.25151193141937256,
            -0.9529340863227844,
            0.169288769364357,
            -0.3291330933570862
          ],
          [
            0.3537866175174713,
            -0.25332868099212646,
            -0.900374174118042,
            1.544060230255127
          ],
          [
            0.0,
            0.0,
            0.0,
            1.0
          ]
        ]
      },
      "bone_length_armature_space": 0.04953371333654752,
      "parent": "lowerarm_l",
      "has_children": true,
      "is_end_bone": false
    },
    "thumb_01_l": {
      "name": "thumb_01_l",
      "local": {
        "location": {
          "x": 0.0,
          "y": 0.0,
          "z": 0.0
        },
        "rotation_quaternion": {
          "w": 0.999602198600769,
          "x": -0.02449178323149681,
          "y": 0.002290708012878895,
          "z": -0.013796957209706306
        },
        "scale": {
          "x": 1.0,
          "y": 1.0,
          "z": 1.0
        },
        "matrix_basis": [
          [
            0.9996088147163391,
            0.027470730245113373,
            0.00525541789829731,
            0.0
          ],
          [
            -0.027695145457983017,
            0.9984195828437805,
            0.048900872468948364,
            0.0
          ],
          [
            -0.0039037694223225117,
            -0.04902729019522667,
            0.9987897872924805,
            0.0
          ],
          [
            0.0,
            0.0,
            0.0,
            1.0
          ]
        ],
        "rotation_mode": "QUATERNION"
      },
      "armature_space": {
        "head": {
          "x": 0.4368909001350403,
          "y": -0.43957939743995667,
          "z": 0.5816578269004822
        },
        "tail": {
          "x": 0.4376499652862549,
          "y": -0.45590290427207947,
          "z": 0.5517981052398682
        }
      },
      "world_space": {
        "head": {
          "x": 0.4368909001350403,
          "y": -0.37633538246154785,
          "z": 1.5315117835998535
        },
        "tail": {
          "x": 0.4376499652862549,
          "y": -0.39265888929367065,
          "z": 1.5016521215438843
        },
        "rotation_quaternion": {
          "w": 0.28727859258651733,
          "x": -0.4661596119403839,
          "y": 0.4215349555015564,
          "z": -0.7228240370750427
        },
        "matrix": [
          [
            -0.40033331513404846,
            0.022300411015748978,
            0.9160981774330139,
            0.4368909001350403
          ],
          [
            -0.8083086609840393,
            -0.47955942153930664,
            -0.34155580401420593,
            -0.37633538246154785
          ],
          [
            0.431708961725235,
            -0.8772326707839966,
            0.2100103497505188,
            1.5315117835998535
          ],
          [
            0.0,
            0.0,
            0.0,
            1.0
          ]
        ]
      },
      "bone_length_armature_space": 0.03403874372984423,
      "parent": "metacarpal_thumb_l",
      "has_children": true,
      "is_end_bone": false
    },
    "thumb_02_l": {
      "name": "thumb_02_l",
      "local": {
        "location": {
          "x": 0.0,
          "y": 0.0,
          "z": 0.0
        },
        "rotation_quaternion": {
          "w": 0.9961556196212769,
          "x": 0.08728957921266556,
          "y": 0.007205259054899216,
          "z": -0.001652321545407176
        },
        "scale": {
          "x": 1.0,
          "y": 1.0,
          "z": 1.0
        },
        "matrix_basis": [
          [
            0.9998906850814819,
            0.0045498269610106945,
            0.014066657982766628,
            0.0
          ],
          [
            -0.0020340506453067064,
            0.9847555756568909,
            -0.17393182218074799,
            0.0
          ],
          [
            -0.014643579721450806,
            0.17388419806957245,
            0.9846572279930115,
            0.0
          ],
          [
            0.0,
            0.0,
            0.0,
            1.0
          ]
        ],
        "rotation_mode": "QUATERNION"
      },
      "armature_space": {
        "head": {
          "x": 0.4376499652862549,
          "y": -0.4559028446674347,
          "z": 0.5517980456352234
        },
        "tail": {
          "x": 0.451531320810318,
          "y": -0.4931766986846924,
          "z": 0.5573790073394775
        }
      },
      "world_space": {
        "head": {
          "x": 0.4376499652862549,
          "y": -0.3926588296890259,
          "z": 1.5016520023345947
        },
        "tail": {
          "x": 0.451531320810318,
          "y": -0.42993271350860596,
          "z": 1.5072330236434937
        },
        "rotation_quaternion": {
          "w": 0.16695992648601532,
          "x": -0.11007227003574371,
          "y": -0.09004577994346619,
          "z": -0.9756537675857544
        },
        "matrix": [
          [
            -0.920016884803772,
            0.34561342000961304,
            0.18471656739711761,
            0.4376499652862549
          ],
          [
            -0.30596715211868286,
            -0.9280323386192322,
            0.21246296167373657,
            -0.3926588296890259
          ],
          [
            0.24485445022583008,
            0.13895247876644135,
            0.9595584869384766,
            1.5016520023345947
          ],
          [
            0.0,
            0.0,
            0.0,
            1.0
          ]
        ]
      },
      "bone_length_armature_space": 0.040164403642712454,
      "parent": "thumb_01_l",
      "has_children": true,
      "is_end_bone": false
    },
    "thumb_03_l": {
      "name": "thumb_03_l",
      "local": {
        "location": {
          "x": 0.0,
          "y": 0.0,
          "z": 0.0
        },
        "rotation_quaternion": {
          "w": 0.9968757033348083,
          "x": 0.0785573348402977,
          "y": 0.006867311894893646,
          "z": -0.004536680411547422
        },
        "scale": {
          "x": 1.0,
          "y": 1.0,
          "z": 1.0
        },
        "matrix_basis": [
          [
            0.9998645186424255,
            0.010123968124389648,
            0.0129789337515831,
            0.0
          ],
          [
            -0.007966057397425175,
            0.9876163005828857,
            -0.15668611228466034,
            0.0
          ],
          [
            -0.014404491521418095,
            0.1565614938735962,
            0.9875631928443909,
            0.0
          ],
          [
            0.0,
            0.0,
            0.0,
            1.0
          ]
        ],
        "rotation_mode": "QUATERNION"
      },
      "armature_space": {
        "head": {
          "x": 0.4515312612056732,
          "y": -0.4931766986846924,
          "z": 0.5573789477348328
        },
        "tail": {
          "x": 0.46588942408561707,
          "y": -0.515428900718689,
          "z": 0.5723981857299805
        }
      },
      "world_space": {
        "head": {
          "x": 0.4515312612056732,
          "y": -0.42993271350860596,
          "z": 1.507232904434204
        },
        "tail": {
          "x": 0.46588942408561707,
          "y": -0.45218491554260254,
          "z": 1.5222522020339966
        },
        "rotation_quaternion": {
          "w": 0.284341424703598,
          "x": 0.11514055728912354,
          "y": -0.23173213005065918,
          "z": -0.9231429100036621
        },
        "matrix": [
          [
            -0.8117848634719849,
            0.4716121256351471,
            -0.34436506032943726,
            0.4515312612056732
          ],
          [
            -0.578339695930481,
            -0.7309002876281738,
            0.36236512660980225,
            -0.42993271350860596
          ],
          [
            -0.08080168068408966,
            0.4933251738548279,
            0.8660921454429626,
            1.507232904434204
          ],
          [
            0.0,
            0.0,
            0.0,
            1.0
          ]
        ]
      },
      "bone_length_armature_space": 0.03044494807630559,
      "parent": "thumb_02_l",
      "has_children": false,
      "is_end_bone": true
    },
    "metacarpal_index_l": {
      "name": "metacarpal_index_l",
      "local": {
        "location": {
          "x": 0.0,
          "y": 0.0,
          "z": 0.0
        },
        "rotation_quaternion": {
          "w": 0.9997702836990356,
          "x": -0.018385089933872223,
          "y": -0.0022718580439686775,
          "z": -0.010781409218907356
        },
        "scale": {
          "x": 1.0,
          "y": 1.0,
          "z": 1.0
        },
        "matrix_basis": [
          [
            0.9997571706771851,
            0.021641401574015617,
            -0.00414623785763979,
            0.0
          ],
          [
            -0.021474327892065048,
            0.9990915060043335,
            0.03681072220206261,
            0.0
          ],
          [
            0.00493910675868392,
            -0.03671274706721306,
            0.9993136525154114,
            0.0
          ],
          [
            0.0,
            0.0,
            0.0,
            1.0
          ]
        ],
        "rotation_mode": "QUATERNION"
      },
      "armature_space": {
        "head": {
          "x": 0.4451413154602051,
          "y": -0.3923770785331726,
          "z": 0.5942061543464661
        },
        "tail": {
          "x": 0.4594033360481262,
          "y": -0.5084776878356934,
          "z": 0.5873892903327942
        }
      },
      "world_space": {
        "head": {
          "x": 0.4451413154602051,
          "y": -0.3291330933570862,
          "z": 1.544060230255127
        },
        "tail": {
          "x": 0.4594033360481262,
          "y": -0.44523370265960693,
          "z": 1.537243366241455
        },
        "rotation_quaternion": {
          "w": 0.02465003915131092,
          "x": -0.9950792193412781,
          "y": -0.06295479089021683,
          "z": 0.07243354618549347
        },
        "matrix": [
          [
            0.9815800189971924,
            0.12171901017427444,
            -0.14725781977176666,
            0.4451413154602051
          ],
          [
            0.12886099517345428,
            -0.9908584356307983,
            0.039936892688274384,
            -0.3291330933570862
          ],
          [
            -0.14105157554149628,
            -0.05817834660410881,
            -0.9882985353469849,
            1.544060230255127
          ],
          [
            0.0,
            0.0,
            0.0,
            1.0
          ]
        ]
      },
      "bone_length_armature_space": 0.11717177958645295,
      "parent": "lowerarm_l",
      "has_children": true,
      "is_end_bone": false
    },
    "index_01_l": {
      "name": "index_01_l",
      "local": {
        "location": {
          "x": 0.0,
          "y": 0.0,
          "z": 0.0
        },
        "rotation_quaternion": {
          "w": 0.9905898571014404,
          "x": -0.1367608904838562,
          "y": -0.0008314914302900434,
          "z": 0.005258426535874605
        },
        "scale": {
          "x": 1.0,
          "y": 1.0,
          "z": 1.0
        },
        "matrix_basis": [
          [
            0.9999433159828186,
            -0.010190457105636597,
            -0.0030856281518936157,
            0.0
          ],
          [
            0.010645318776369095,
            0.9625375866889954,
            0.2709391713142395,
            0.0
          ],
          [
            0.00020903976110275835,
            -0.2709566354751587,
            0.9625915288925171,
            0.0
          ],
          [
            0.0,
            0.0,
            0.0,
            1.0
          ]
        ],
        "rotation_mode": "QUATERNION"
      },
      "armature_space": {
        "head": {
          "x": 0.4594033360481262,
          "y": -0.5084776878356934,
          "z": 0.5873892903327942
        },
        "tail": {
          "x": 0.47264617681503296,
          "y": -0.5322540998458862,
          "z": 0.5958968997001648
        }
      },
      "world_space": {
        "head": {
          "x": 0.4594033360481262,
          "y": -0.44523370265960693,
          "z": 1.537243366241455
        },
        "tail": {
          "x": 0.47264617681503296,
          "y": -0.4690101146697998,
          "z": 1.5457508563995361
        },
        "rotation_quaternion": {
          "w": 0.15906797349452972,
          "x": 0.9574711322784424,
          "y": 0.2403697967529297,
          "z": -0.012990773655474186
        },
        "matrix": [
          [
            0.8841070532798767,
            0.46442705392837524,
            0.05159419775009155,
            0.4594033360481262
          ],
          [
            0.4561617374420166,
            -0.833839476108551,
            -0.3108516037464142,
            -0.44523370265960693
          ],
          [
            -0.10134701430797577,
            0.2983626425266266,
            -0.9490641951560974,
            1.537243366241455
          ],
          [
            0.0,
            0.0,
            0.0,
            1.0
          ]
        ]
      },
      "bone_length_armature_space": 0.028514382221177942,
      "parent": "metacarpal_index_l",
      "has_children": true,
      "is_end_bone": false
    },
    "index_02_l": {
      "name": "index_02_l",
      "local": {
        "location": {
          "x": 0.0,
          "y": 0.0,
          "z": 0.0
        },
        "rotation_quaternion": {
          "w": 0.999435544013977,
          "x": 0.03211988881230354,
          "y": -0.007608870975673199,
          "z": 0.006252332590520382
        },
        "scale": {
          "x": 1.0,
          "y": 1.0,
          "z": 1.0
        },
        "matrix_basis": [
          [
            0.9998060464859009,
            -0.012986399233341217,
            -0.014807503670454025,
            0.0
          ],
          [
            0.012008815072476864,
            0.997858464717865,
            -0.06429866701364517,
            0.0
          ],
          [
            0.015610801056027412,
            0.06410837173461914,
            0.9978208541870117,
            0.0
          ],
          [
            0.0,
            0.0,
            0.0,
            1.0
          ]
        ],
        "rotation_mode": "QUATERNION"
      },
      "armature_space": {
        "head": {
          "x": 0.47264617681503296,
          "y": -0.5322546362876892,
          "z": 0.5958967804908752
        },
        "tail": {
          "x": 0.48490777611732483,
          "y": -0.5536996126174927,
          "z": 0.6028146743774414
        }
      },
      "world_space": {
        "head": {
          "x": 0.47264617681503296,
          "y": -0.4690106511116028,
          "z": 1.5457508563995361
        },
        "tail": {
          "x": 0.48490777611732483,
          "y": -0.49045562744140625,
          "z": 1.5526686906814575
        },
        "rotation_quaternion": {
          "w": 0.15519139170646667,
          "x": 0.9564443826675415,
          "y": 0.24070404469966888,
          "z": -0.056491952389478683
        },
        "matrix": [
          [
            0.8777403235435486,
            0.47797414660453796,
            -0.03335189446806908,
            0.47264617681503296
          ],
          [
            0.4429062008857727,
            -0.8359543085098267,
            -0.3240600824356079,
            -0.4690106511116028
          ],
          [
            -0.18277397751808167,
            0.26966989040374756,
            -0.9454555511474609,
            1.5457508563995361
          ],
          [
            0.0,
            0.0,
            0.0,
            1.0
          ]
        ]
      },
      "bone_length_armature_space": 0.025653285903354674,
      "parent": "index_01_l",
      "has_children": true,
      "is_end_bone": false
    },
    "index_03_l": {
      "name": "index_03_l",
      "local": {
        "location": {
          "x": 0.0,
          "y": 0.0,
          "z": 0.0
        },
        "rotation_quaternion": {
          "w": 0.9990891218185425,
          "x": 0.04212179034948349,
          "y": 0.004001491703093052,
          "z": 0.005536282435059547
        },
        "scale": {
          "x": 1.0,
          "y": 1.0,
          "z": 1.0
        },
        "matrix_basis": [
          [
            0.9999066591262817,
            -0.01072537899017334,
            0.0084620900452137,
            0.0
          ],
          [
            0.011399579234421253,
            0.9963902235031128,
            -0.08412253856658936,
            0.0
          ],
          [
            -0.00752929737791419,
            0.08421114832162857,
            0.9964194893836975,
            0.0
          ],
          [
            0.0,
            0.0,
            0.0,
            1.0
          ]
        ],
        "rotation_mode": "QUATERNION"
      },
      "armature_space": {
        "head": {
          "x": 0.48490774631500244,
          "y": -0.5536995530128479,
          "z": 0.602814793586731
        },
        "tail": {
          "x": 0.50063556432724,
          "y": -0.5781948566436768,
          "z": 0.6053345203399658
        }
      },
      "world_space": {
        "head": {
          "x": 0.48490774631500244,
          "y": -0.4904555678367615,
          "z": 1.552668809890747
        },
        "tail": {
          "x": 0.50063556432724,
          "y": -0.5149508714675903,
          "z": 1.555188536643982
        },
        "rotation_quaternion": {
          "w": 0.058874860405921936,
          "x": 0.9575488567352295,
          "y": 0.2781408131122589,
          "z": -0.04766404256224632
        },
        "matrix": [
          [
            0.8407315611839294,
            0.538279116153717,
            -0.05853006988763809,
            0.48490774631500244
          ],
          [
            0.5270543694496155,
            -0.8383429646492004,
            -0.13926634192466736,
            -0.4904555678367615
          ],
          [
            -0.12403290718793869,
            0.08623681962490082,
            -0.9885308742523193,
            1.552668809890747
          ],
          [
            0.0,
            0.0,
            0.0,
            1.0
          ]
        ]
      },
      "bone_length_armature_space": 0.029218712373759358,
      "parent": "index_02_l",
      "has_children": false,
      "is_end_bone": true
    },
    "metacarpal_pinky_l": {
      "name": "metacarpal_pinky_l",
      "local": {
        "location": {
          "x": 0.0,
          "y": 0.0,
          "z": 0.0
        },
        "rotation_quaternion": {
          "w": 0.9997714757919312,
          "x": -0.020622625946998596,
          "y": -0.005583358928561211,
          "z": -0.0007021445198915899
        },
        "scale": {
          "x": 1.0,
          "y": 1.0,
          "z": 1.0
        },
        "matrix_basis": [
          [
            0.9999366402626038,
            0.0016342551680281758,
            -0.011135205626487732,
            0.0
          ],
          [
            -0.0011736811138689518,
            0.999148428440094,
            0.041243668645620346,
            0.0
          ],
          [
            0.011193126440048218,
            -0.04122798517346382,
            0.9990870952606201,
            0.0
          ],
          [
            0.0,
            0.0,
            0.0,
            1.0
          ]
        ],
        "rotation_mode": "QUATERNION"
      },
      "armature_space": {
        "head": {
          "x": 0.4451413154602051,
          "y": -0.3923770785331726,
          "z": 0.5942061543464661
        },
        "tail": {
          "x": 0.5074796080589294,
          "y": -0.47328388690948486,
          "z": 0.6144854426383972
        }
      },
      "world_space": {
        "head": {
          "x": 0.4451413154602051,
          "y": -0.3291330933570862,
          "z": 1.544060230255127
        },
        "tail": {
          "x": 0.5074796080589294,
          "y": -0.41003990173339844,
          "z": 1.5643393993377686
        },
        "rotation_quaternion": {
          "w": 0.3333101272583008,
          "x": 0.34590157866477966,
          "y": 0.020435422658920288,
          "z": -0.8768346309661865
        },
        "matrix": [
          [
            -0.5385124683380127,
            0.59865403175354,
            -0.592973530292511,
            0.4451413154602051
          ],
          [
            -0.5703789591789246,
            -0.7769730091094971,
            -0.2664230465888977,
            -0.3291330933570862
          ],
          [
            -0.6202243566513062,
            0.19474811851978302,
            0.7598743438720703,
            1.544060230255127
          ],
          [
            0.0,
            0.0,
            0.0,
            1.0
          ]
        ]
      },
      "bone_length_armature_space": 0.10413080100301413,
      "parent": "lowerarm_l",
      "has_children": true,
      "is_end_bone": false
    },
    "pinky_01_l": {
      "name": "pinky_01_l",
      "local": {
        "location": {
          "x": 0.0,
          "y": 0.0,
          "z": 0.0
        },
        "rotation_quaternion": {
          "w": 0.963502049446106,
          "x": 0.26762455701828003,
          "y": -0.004239416681230068,
          "z": 0.004793123807758093
        },
        "scale": {
          "x": 1.0,
          "y": 1.0,
          "z": 1.0
        },
        "matrix_basis": [
          [
            0.9999181032180786,
            -0.011505513451993465,
            -0.005603858269751072,
            0.0
          ],
          [
            0.006967225112020969,
            0.8567082285881042,
            -0.5157542824745178,
            0.0
          ],
          [
            0.010734888724982738,
            0.5156729817390442,
            0.8567182421684265,
            0.0
          ],
          [
            0.0,
            0.0,
            0.0,
            1.0
          ]
        ],
        "rotation_mode": "QUATERNION"
      },
      "armature_space": {
        "head": {
          "x": 0.5074796080589294,
          "y": -0.47328388690948486,
          "z": 0.6144854426383972
        },
