{
  "metadata": {
    "armature_name": "KIM_caucasian_male",
    "export_time": "2026-01-13T21:13:11.417235",
    "blender_version": "4.4.1",
    "bone_count": 56,
    "end_bone_count": 13,
    "spaces_included": [
      "LOCAL_CHANNELS",
      "ARMATURE_SPACE",
      "WORLD_SPACE"
    ],
    "note": "LOCAL matches Transform panel; replay pose via local.matrix_basis for best fidelity."
  },
  "bones": {
    "Root": {
      "name": "Root",
      "local": {
        "location": {
          "x": 0.0,
          "y": 0.0,
          "z": 0.0
        },
        "rotation_quaternion": {
          "w": 0.9997984170913696,
          "x": -0.01762397401034832,
          "y": -0.004833351820707321,
          "z": -0.008315985091030598
        },
        "scale": {
          "x": 1.0,
          "y": 1.0,
          "z": 1.0
        },
        "matrix_basis": [
          [
            0.9998149871826172,
            0.01679898239672184,
            -0.009371633641421795,
            0.0
          ],
          [
            -0.01645825244486332,
            0.9992404580116272,
            0.03532123193144798,
            0.0
          ],
          [
            0.009957876056432724,
            -0.035160455852746964,
            0.999332070350647,
            0.0
          ],
          [
            0.0,
            0.0,
            0.0,
            1.0
          ]
        ],
        "rotation_mode": "QUATERNION"
      },
      "armature_space": {
        "head": {
          "x": 0.0,
          "y": 0.07072800397872925,
          "z": -0.009595036506652832
        },
        "tail": {
          "x": 0.001199041958898306,
          "y": 0.00039108842611312866,
          "z": 0.002479557879269123
        }
      },
      "world_space": {
        "head": {
          "x": 0.0,
          "y": 0.13397200405597687,
          "z": 0.9402589797973633
        },
        "tail": {
          "x": 0.001199041958898306,
          "y": 0.06363508850336075,
          "z": 0.9523335695266724
        },
        "rotation_quaternion": {
          "w": 0.08493800461292267,
          "x": 0.9963398575782776,
          "y": 0.007971478626132011,
          "z": -0.005382602568715811
        },
        "matrix": [
          [
            0.9998149871826172,
            0.01679898239672184,
            -0.009371633641421795,
            0.0
          ],
          [
            0.01497022807598114,
            -0.9854439496994019,
            -0.16934052109718323,
            0.13397200405597687
          ],
          [
            -0.012080037966370583,
            0.16916914284229279,
            -0.9855201244354248,
            0.9402589797973633
          ],
          [
            0.0,
            0.0,
            0.0,
            1.0
          ]
        ]
      },
      "bone_length_armature_space": 0.07137587433923637,
      "parent": null,
      "has_children": true,
      "is_end_bone": false
    },
    "spine_01": {
      "name": "spine_01",
      "local": {
        "location": {
          "x": 0.0,
          "y": 0.0,
          "z": 0.0
        },
        "rotation_quaternion": {
          "w": 0.9970791339874268,
          "x": -0.05076371505856514,
          "y": 0.055386632680892944,
          "z": 0.013739791698753834
        },
        "scale": {
          "x": 1.0,
          "y": 1.0,
          "z": 1.0
        },
        "matrix_basis": [
          [
            0.9934870600700378,
            -0.03302258253097534,
            0.10905474424362183,
            0.0
          ],
          [
            0.02177605591714382,
            0.9944685101509094,
            0.10275288671255112,
            0.0
          ],
          [
            -0.11184467375278473,
            -0.09970887750387192,
            0.9887107610702515,
            0.0
          ],
          [
            0.0,
            0.0,
            0.0,
            1.0
          ]
        ],
        "rotation_mode": "QUATERNION"
      },
      "armature_space": {
        "head": {
          "x": 0.001199041958898306,
          "y": 0.00039108842611312866,
          "z": 0.002479557879269123
        },
        "tail": {
          "x": -0.010439546778798103,
          "y": 0.08843120187520981,
          "z": 0.48233577609062195
        }
      },
      "world_space": {
        "head": {
          "x": 0.001199041958898306,
          "y": 0.06363508850336075,
          "z": 0.9523335695266724
        },
        "tail": {
          "x": -0.010439546778798103,
          "y": 0.15167519450187683,
          "z": 1.4321898221969604
        },
        "rotation_quaternion": {
          "w": 0.7671614289283752,
          "x": 0.6382343173027039,
          "y": 0.04084086790680885,
          "z": 0.04952123016119003
        },
        "matrix": [
          [
            0.9917593002319336,
            -0.02384950779378414,
            0.12587548792362213,
            0.001199041958898306
          ],
          [
            0.1281137615442276,
            0.18040961027145386,
            -0.9752125144004822,
            0.06363508850336075
          ],
          [
            0.0005493136122822762,
            0.9833094477653503,
            0.1819787621498108,
            0.9523335695266724
          ],
          [
            0.0,
            0.0,
            0.0,
            1.0
          ]
        ]
      },
      "bone_length_armature_space": 0.4880046257304825,
      "parent": "Root",
      "has_children": true,
      "is_end_bone": false
    },
    "neck_01": {
      "name": "neck_01",
      "local": {
        "location": {
          "x": 0.0,
          "y": 0.0,
          "z": 0.0
        },
        "rotation_quaternion": {
          "w": 0.9964035749435425,
          "x": 0.05517902597784996,
          "y": 0.0528639517724514,
          "z": 0.036615025252103806
        },
        "scale": {
          "x": 1.0,
          "y": 1.0,
          "z": 1.0
        },
        "matrix_basis": [
          [
            0.9917294979095459,
            -0.06713271886110306,
            0.10938842594623566,
            0.0
          ],
          [
            0.07880064845085144,
            0.991229236125946,
            -0.10608992725610733,
            0.0
          ],
          [
            -0.10130690038204193,
            0.11383238434791565,
            0.9883213639259338,
            0.0
          ],
          [
            0.0,
            0.0,
            0.0,
            1.0
          ]
        ],
        "rotation_mode": "QUATERNION"
      },
      "armature_space": {
        "head": {
          "x": -0.007820353843271732,
          "y": 0.06781971454620361,
          "z": 0.5606433153152466
        },
        "tail": {
          "x": -0.010585585609078407,
          "y": 0.03492915257811546,
          "z": 0.6577067971229553
        }
      },
      "world_space": {
        "head": {
          "x": -0.007820353843271732,
          "y": 0.13106371462345123,
          "z": 1.5104973316192627
        },
        "tail": {
          "x": -0.010585585609078407,
          "y": 0.09817315638065338,
          "z": 1.6075608730316162
        },
        "rotation_quaternion": {
          "w": 0.5800449848175049,
          "x": 0.8063371777534485,
          "y": 0.05602942779660225,
          "z": 0.10113834589719772
        },
        "matrix": [
          [
            0.9732635617256165,
            -0.02697225660085678,
            0.22810205817222595,
            -0.007820353843271732
          ],
          [
            0.20768657326698303,
            -0.3208167552947998,
            -0.924090564250946,
            0.13106371462345123
          ],
          [
            0.09810462594032288,
            0.9467635154724121,
            -0.3066403865814209,
            1.5104973316192627
          ],
          [
            0.0,
            0.0,
            0.0,
            1.0
          ]
        ]
      },
      "bone_length_armature_space": 0.10252197440686762,
      "parent": "spine_01",
      "has_children": true,
      "is_end_bone": false
    },
    "head": {
      "name": "head",
      "local": {
        "location": {
          "x": 0.0,
          "y": 0.0,
          "z": 0.0
        },
        "rotation_quaternion": {
          "w": 0.9804244041442871,
          "x": -0.10485339909791946,
          "y": 0.10177231580018997,
          "z": -0.1319703757762909
        },
        "scale": {
          "x": 1.0,
          "y": 1.0,
          "z": 1.0
        },
        "matrix_basis": [
          [
            0.9444524049758911,
            0.237431600689888,
            0.22723521292209625,
            0.0
          ],
          [
            -0.2801162898540497,
            0.943179190158844,
            0.17873980104923248,
            0.0
          ],
          [
            -0.17188504338264465,
            -0.2324635237455368,
            0.9572963118553162,
            0.0
          ],
          [
            0.0,
            0.0,
            0.0,
            1.0
          ]
        ],
        "rotation_mode": "QUATERNION"
      },
      "armature_space": {
        "head": {
          "x": -0.010585548356175423,
          "y": 0.03492903336882591,
          "z": 0.657706618309021
        },
        "tail": {
          "x": 0.002232547849416733,
          "y": 0.08282728493213654,
          "z": 0.8046581149101257
        }
      },
      "world_space": {
        "head": {
          "x": -0.010585548356175423,
          "y": 0.09817303717136383,
          "z": 1.607560634613037
        },
        "tail": {
          "x": 0.002232547849416733,
          "y": 0.14607128500938416,
          "z": 1.754512071609497
        },
        "rotation_quaternion": {
          "w": 0.7871156930923462,
          "x": 0.5816125869750977,
          "y": 0.186732679605484,
          "z": 0.08547832816839218
        },
        "matrix": [
          [
            0.9156489372253418,
            0.08264929056167603,
            0.39339035749435425,
            -0.010585548356175423
          ],
          [
            0.3517741858959198,
            0.3088412582874298,
            -0.883669912815094,
            0.09817303717136383
          ],
          [
            -0.1945309042930603,
            0.9475228190422058,
            0.253717303276062,
            1.607560634613037
          ],
          [
            0.0,
            0.0,
            0.0,
            1.0
          ]
        ]
      },
      "bone_length_armature_space": 0.15509122645019993,
      "parent": "neck_01",
      "has_children": false,
      "is_end_bone": true
    },
    "upperarm_l": {
      "name": "upperarm_l",
      "local": {
        "location": {
          "x": 0.0,
          "y": 0.0,
          "z": 0.0
        },
        "rotation_quaternion": {
          "w": 0.9617200493812561,
          "x": -0.1978382021188736,
          "y": 0.17998015880584717,
          "z": -0.05968115106225014
        },
        "scale": {
          "x": 1.0,
          "y": 1.0,
          "z": 1.0
        },
        "matrix_basis": [
          [
            0.9280906319618225,
            0.04357921704649925,
            0.36979547142982483,
            0.0
          ],
          [
            -0.18600702285766602,
            0.914596438407898,
            0.3590470850467682,
            0.0
          ],
          [
            -0.3225666284561157,
            -0.40201276540756226,
            0.8569343686103821,
            0.0
          ],
          [
            0.0,
            0.0,
            0.0,
            1.0
          ]
        ],
        "rotation_mode": "QUATERNION"
      },
      "armature_space": {
        "head": {
          "x": 0.14294783771038055,
          "y": 0.07180178165435791,
          "z": 0.49522003531455994
        },
        "tail": {
          "x": 0.3669320344924927,
          "y": 0.214584082365036,
          "z": 0.459837406873703
        }
      },
      "world_space": {
        "head": {
          "x": 0.14294783771038055,
          "y": 0.13504578173160553,
          "z": 1.4450740814208984
        },
        "tail": {
          "x": 0.3669320344924927,
          "y": 0.2778280973434448,
          "z": 1.4096914529800415
        },
        "rotation_quaternion": {
          "w": 0.5133954882621765,
          "x": 0.342456579208374,
          "y": 0.7091125249862671,
          "z": -0.3410397171974182
        },
        "matrix": [
          [
            -0.23829680681228638,
            0.8358572125434875,
            0.49452733993530273,
            0.14294783771038055
          ],
          [
            0.13550445437431335,
            0.532830536365509,
            -0.8353026509284973,
            0.13504578173160553
          ],
          [
            -0.9616995453834534,
            -0.13203981518745422,
            -0.2402365356683731,
            1.4450740814208984
          ],
          [
            0.0,
            0.0,
            0.0,
            1.0
          ]
        ]
      },
      "bone_length_armature_space": 0.2679694683132053,
      "parent": "spine_01",
      "has_children": true,
      "is_end_bone": false
    },
    "lowerarm_l": {
      "name": "lowerarm_l",
      "local": {
        "location": {
          "x": 0.0,
          "y": 0.0,
          "z": 0.0
        },
        "rotation_quaternion": {
          "w": 0.87392258644104,
          "x": 0.44214507937431335,
          "y": -0.14336135983467102,
          "z": 0.14217844605445862
        },
        "scale": {
          "x": 1.0,
          "y": 1.0,
          "z": 1.0
        },
        "matrix_basis": [
          [
            0.9184656143188477,
            -0.37527894973754883,
            -0.1248464584350586,
            0.0
          ],
          [
            0.12173286825418472,
            0.5685860514640808,
            -0.8135669231414795,
            0.0
          ],
          [
            0.3763004541397095,
            0.7320353388786316,
            0.5679104924201965,
            0.0
          ],
          [
            0.0,
            0.0,
            0.0,
            1.0
          ]
        ],
        "rotation_mode": "QUATERNION"
      },
      "armature_space": {
        "head": {
          "x": 0.3669321537017822,
          "y": 0.21458406746387482,
          "z": 0.45983749628067017
        },
        "tail": {
          "x": 0.5973109006881714,
          "y": 0.09710928797721863,
          "z": 0.528355598449707
        }
      },
      "world_space": {
        "head": {
          "x": 0.3669321537017822,
          "y": 0.27782806754112244,
          "z": 1.409691572189331
        },
        "tail": {
          "x": 0.5973109006881714,
          "y": 0.16035328805446625,
          "z": 1.4782096147537231
        },
        "rotation_quaternion": {
          "w": 0.46483901143074036,
          "x": 0.6017839908599854,
          "y": 0.253702312707901,
          "z": -0.5978427529335022
        },
        "matrix": [
          [
            0.1564393937587738,
            0.8611500263214111,
            -0.4836808443069458,
            0.3669321537017822
          ],
          [
            -0.2504531741142273,
            -0.4391178786754608,
            -0.8628146648406982,
            0.27782806754112244
          ],
          [
            -0.9554126262664795,
            0.2561190128326416,
            0.14698278903961182,
            1.409691572189331
          ],
          [
            0.0,
            0.0,
            0.0,
            1.0
          ]
        ]
      },
      "bone_length_armature_space": 0.2675246190433051,
      "parent": "upperarm_l",
      "has_children": true,
      "is_end_bone": false
    },
    "metacarpal_thumb_l": {
      "name": "metacarpal_thumb_l",
      "local": {
        "location": {
          "x": 0.0,
          "y": 0.0,
          "z": 0.0
        },
        "rotation_quaternion": {
          "w": 0.9994279146194458,
          "x": -0.023739084601402283,
          "y": -0.011450794525444508,
          "z": 0.0211948212236166
        },
        "scale": {
          "x": 1.0,
          "y": 1.0,
          "z": 1.0
        },
        "matrix_basis": [
          [
            0.9988393187522888,
            -0.04182172939181328,
            -0.0238947793841362,
            0.0
          ],
          [
            0.042909055948257446,
            0.9979744553565979,
            0.04696561396121979,
            0.0
          ],
          [
            0.0218821968883276,
            -0.04793640226125717,
            0.9986106753349304,
            0.0
          ],
          [
            0.0,
            0.0,
            0.0,
            1.0
          ]
        ],
        "rotation_mode": "QUATERNION"
      },
      "armature_space": {
        "head": {
          "x": 0.5973109006881714,
          "y": 0.09710928797721863,
          "z": 0.528355598449707
        },
        "tail": {
          "x": 0.6162927150726318,
          "y": 0.052072908729314804,
          "z": 0.5364179015159607
        }
      },
      "world_space": {
        "head": {
          "x": 0.5973109006881714,
          "y": 0.16035328805446625,
          "z": 1.4782096147537231
        },
        "tail": {
          "x": 0.6162927150726318,
          "y": 0.11531691253185272,
          "z": 1.486271858215332
        },
        "rotation_quaternion": {
          "w": 0.08517838269472122,
          "x": 0.9769929647445679,
          "y": 0.19529709219932556,
          "z": -0.00940540712326765
        },
        "matrix": [
          [
            0.9235410690307617,
            0.38321003317832947,
            0.01489233411848545,
            0.5973109006881714
          ],
          [
            0.38000550866127014,
            -0.9092074036598206,
            -0.17011144757270813,
            0.16035328805446625
          ],
          [
            -0.05164828896522522,
            0.16276445984840393,
            -0.9853193759918213,
            1.4782096147537231
          ],
          [
            0.0,
            0.0,
            0.0,
            1.0
          ]
        ]
      },
      "bone_length_armature_space": 0.049533680800623356,
      "parent": "lowerarm_l",
      "has_children": true,
      "is_end_bone": false
    },
    "thumb_01_l": {
      "name": "thumb_01_l",
      "local": {
        "location": {
          "x": 0.0,
          "y": 0.0,
          "z": 0.0
        },
        "rotation_quaternion": {
          "w": 0.9996848702430725,
          "x": 0.02046298421919346,
          "y": 0.012516333721578121,
          "z": 0.0074081155471503735
        },
        "scale": {
          "x": 1.0,
          "y": 1.0,
          "z": 1.0
        },
        "matrix_basis": [
          [
            0.9995769262313843,
            -0.014299319125711918,
            0.02532796375453472,
            0.0
          ],
          [
            0.015323804691433907,
            0.9990527629852295,
            -0.04072762653231621,
            0.0
          ],
          [
            -0.024721594527363777,
            0.041098516434431076,
            0.9988492131233215,
            0.0
          ],
          [
            0.0,
            0.0,
            0.0,
            1.0
          ]
        ],
        "rotation_mode": "QUATERNION"
      },
      "armature_space": {
        "head": {
          "x": 0.6162927150726318,
          "y": 0.052072908729314804,
          "z": 0.5364179015159607
        },
        "tail": {
          "x": 0.6226653456687927,
          "y": 0.02648603543639183,
          "z": 0.5148926973342896
        }
      },
      "world_space": {
        "head": {
          "x": 0.6162927150726318,
          "y": 0.11531691253185272,
          "z": 1.486271858215332
        },
        "tail": {
          "x": 0.6226653456687927,
          "y": 0.08973003923892975,
          "z": 1.4647467136383057
        },
        "rotation_quaternion": {
          "w": 0.32415616512298584,
          "x": -0.7214354276657104,
          "y": 0.13810257613658905,
          "z": -0.5961388349533081
        },
        "matrix": [
          [
            0.2510937750339508,
            0.18721722066402435,
            0.9496849775314331,
            0.6162927150726318
          ],
          [
            -0.5857475996017456,
            -0.7517021894454956,
            0.3030574321746826,
            0.11531691253185272
          ],
          [
            0.7706226110458374,
            -0.6323766708374023,
            -0.0790860652923584,
            1.486271858215332
          ],
          [
            0.0,
            0.0,
            0.0,
            1.0
          ]
        ]
      },
      "bone_length_armature_space": 0.03403869755201531,
      "parent": "metacarpal_thumb_l",
      "has_children": true,
      "is_end_bone": false
    },
    "thumb_02_l": {
      "name": "thumb_02_l",
      "local": {
        "location": {
          "x": 0.0,
          "y": 0.0,
          "z": 0.0
        },
        "rotation_quaternion": {
          "w": 0.9929394721984863,
          "x": 0.11859960108995438,
          "y": -0.00038218742702156305,
          "z": 0.0022861557081341743
        },
        "scale": {
          "x": 1.0,
          "y": 1.0,
          "z": 1.0
        },
        "matrix_basis": [
          [
            0.9999892711639404,
            -0.004630682989954948,
            -0.0002167036582250148,
            0.0
          ],
          [
            0.004449374042451382,
            0.9718578457832336,
            -0.2355262041091919,
            0.0
          ],
          [
            0.0013012522831559181,
            0.23552270233631134,
            0.9718679785728455,
            0.0
          ],
          [
            0.0,
            0.0,
            0.0,
            1.0
          ]
        ],
        "rotation_mode": "QUATERNION"
      },
      "armature_space": {
        "head": {
          "x": 0.6226652264595032,
          "y": 0.026486052200198174,
          "z": 0.5148926973342896
        },
        "tail": {
          "x": 0.6577127575874329,
          "y": 0.010784279555082321,
          "z": 0.5266530513763428
        }
      },
      "world_space": {
        "head": {
          "x": 0.6226652264595032,
          "y": 0.08973005414009094,
          "z": 1.4647467136383057
        },
        "tail": {
          "x": 0.6577127575874329,
          "y": 0.07402828335762024,
          "z": 1.4765070676803589
        },
        "rotation_quaternion": {
          "w": 0.4485941231250763,
          "x": -0.2448010891675949,
          "y": -0.32139360904693604,
          "z": -0.7972089052200317
        },
        "matrix": [
          [
            -0.4776710271835327,
            0.8726017475128174,
            0.1019628494977951,
            0.6226652264595032
          ],
          [
            -0.5578923225402832,
            -0.3909375071525574,
            0.7320684790611267,
            0.08973005414009094
          ],
          [
            0.6786696314811707,
            0.2928052246570587,
            0.6735627055168152,
            1.4647467136383057
          ],
          [
            0.0,
            0.0,
            0.0,
            1.0
          ]
        ]
      },
      "bone_length_armature_space": 0.04016442578882923,
      "parent": "thumb_01_l",
      "has_children": true,
      "is_end_bone": false
    },
    "thumb_03_l": {
      "name": "thumb_03_l",
      "local": {
        "location": {
          "x": 0.0,
          "y": 0.0,
          "z": 0.0
        },
        "rotation_quaternion": {
          "w": 0.9984287023544312,
          "x": 0.05557720363140106,
          "y": 0.007148140575736761,
          "z": -0.0005454235943034291
        },
        "scale": {
          "x": 1.0,
          "y": 1.0,
          "z": 1.0
        },
        "matrix_basis": [
          [
            0.9998972415924072,
            0.0018836804665625095,
            0.014213191345334053,
            0.0
          ],
          [
            -0.0002945858286693692,
            0.9938217401504517,
            -0.11098755151033401,
            0.0
          ],
          [
            -0.01433444395661354,
            0.11097194999456406,
            0.9937201738357544,
            0.0
          ],
          [
            0.0,
            0.0,
            0.0,
            1.0
          ]
        ],
        "rotation_mode": "QUATERNION"
      },
      "armature_space": {
        "head": {
          "x": 0.6577126979827881,
          "y": 0.010784221813082695,
          "z": 0.526652991771698
        },
        "tail": {
          "x": 0.685042142868042,
          "y": 0.009980902075767517,
          "z": 0.5400450825691223
        }
      },
      "world_space": {
        "head": {
          "x": 0.6577126979827881,
          "y": 0.07402822375297546,
          "z": 1.4765069484710693
        },
        "tail": {
          "x": 0.685042142868042,
          "y": 0.07322490215301514,
          "z": 1.4898991584777832
        },
        "rotation_quaternion": {
          "w": 0.6129676699638367,
          "x": -0.030348338186740875,
          "y": -0.3332816958427429,
          "z": -0.7157325744628906
        },
        "matrix": [
          [
            -0.2466975301504135,
            0.8976702690124512,
            -0.3651415705680847,
            0.6577126979827881
          ],
          [
            -0.8572139739990234,
            -0.026386044919490814,
            0.5142843127250671,
            0.07402822375297546
          ],
          [
            0.45202550292015076,
            0.43988004326820374,
            0.7760107517242432,
            1.4765069484710693
          ],
          [
            0.0,
            0.0,
            0.0,
            1.0
          ]
        ]
      },
      "bone_length_armature_space": 0.03044490105083945,
      "parent": "thumb_02_l",
      "has_children": false,
      "is_end_bone": true
    },
    "metacarpal_index_l": {
      "name": "metacarpal_index_l",
      "local": {
        "location": {
          "x": 0.0,
          "y": 0.0,
          "z": 0.0
        },
        "rotation_quaternion": {
          "w": 0.9990110397338867,
          "x": -0.04137977212667465,
          "y": -7.948488928377628e-05,
          "z": -0.016270054504275322
        },
        "scale": {
          "x": 1.0,
          "y": 1.0,
          "z": 1.0
        },
        "matrix_basis": [
          [
            0.9994705319404602,
            0.032514505088329315,
            0.0011876897187903523,
            0.0
          ],
          [
            -0.032501351088285446,
            0.9960460066795349,
            0.08268028497695923,
            0.0
          ],
          [
            0.001505314838141203,
            -0.08267511427402496,
            0.9965754151344299,
            0.0
          ],
          [
            0.0,
            0.0,
            0.0,
            1.0
          ]
        ],
        "rotation_mode": "QUATERNION"
      },
      "armature_space": {
        "head": {
          "x": 0.5973109006881714,
          "y": 0.09710928797721863,
          "z": 0.528355598449707
        },
        "tail": {
          "x": 0.6822298765182495,
          "y": 0.023402683436870575,
          "z": 0.5612999796867371
        }
      },
      "world_space": {
        "head": {
          "x": 0.5973109006881714,
          "y": 0.16035328805446625,
          "z": 1.4782096147537231
        },
        "tail": {
          "x": 0.6822298765182495,
          "y": 0.0866466835141182,
          "z": 1.5111539363861084
        },
        "rotation_quaternion": {
          "w": 0.26385125517845154,
          "x": 0.8649945855140686,
          "y": 0.3403796851634979,
          "z": -0.2575047016143799
        },
        "matrix": [
          [
            0.635665774345398,
            0.7247396111488342,
            -0.2658597528934479,
            0.5973109006881714
          ],
          [
            0.45296791195869446,
            -0.6290476322174072,
            -0.6317591071128845,
            0.16035328805446625
          ],
          [
            -0.6251032948493958,
            0.28116312623023987,
            -0.7281534671783447,
            1.4782096147537231
          ],
          [
            0.0,
            0.0,
            0.0,
            1.0
          ]
        ]
      },
      "bone_length_armature_space": 0.1171717896460858,
      "parent": "lowerarm_l",
      "has_children": true,
      "is_end_bone": false
    },
    "index_01_l": {
      "name": "index_01_l",
      "local": {
        "location": {
          "x": 0.0,
          "y": 0.0,
          "z": 0.0
        },
        "rotation_quaternion": {
          "w": 0.998069703578949,
          "x": -0.05715882033109665,
          "y": 0.01818450726568699,
          "z": 0.016095131635665894
        },
        "scale": {
          "x": 1.0,
          "y": 1.0,
          "z": 1.0
        },
        "matrix_basis": [
          [
            0.9988205432891846,
            -0.03420693799853325,
            0.03445885330438614,
            0.0
          ],
          [
            0.030049316585063934,
            0.9929476380348206,
            0.11468233913183212,
            0.0
          ],
          [
            -0.03813876956701279,
            -0.11351160705089569,
            0.9928044080734253,
            0.0
          ],
          [
            0.0,
            0.0,
            0.0,
            1.0
          ]
        ],
        "rotation_mode": "QUATERNION"
      },
      "armature_space": {
        "head": {
          "x": 0.6822298765182495,
          "y": 0.023402683436870575,
          "z": 0.5612999796867371
        },
        "tail": {
          "x": 0.7086115479469299,
          "y": 0.015197799541056156,
          "z": 0.5683538913726807
        }
      },
      "world_space": {
        "head": {
          "x": 0.6822298765182495,
          "y": 0.0866466835141182,
          "z": 1.5111539363861084
        },
        "tail": {
          "x": 0.7086115479469299,
          "y": 0.0784417986869812,
          "z": 1.5182079076766968
        },
        "rotation_quaternion": {
          "w": 0.30280372500419617,
          "x": 0.7731512784957886,
          "y": 0.5142335891723633,
          "z": -0.21473436057567596
        },
        "matrix": [
          [
            0.3789050579071045,
            0.9252058267593384,
            -0.020618312060832977,
            0.6822298765182495
          ],
          [
            0.6651168465614319,
            -0.2877455949783325,
            -0.6890736818313599,
            0.0866466835141182
          ],
          [
            -0.6434717178344727,
            0.24738134443759918,
            -0.7244038581848145,
            1.5111539363861084
          ],
          [
            0.0,
            0.0,
            0.0,
            1.0
          ]
        ]
      },
      "bone_length_armature_space": 0.02851438936588078,
      "parent": "metacarpal_index_l",
      "has_children": true,
      "is_end_bone": false
    },
    "index_02_l": {
      "name": "index_02_l",
      "local": {
        "location": {
          "x": 0.0,
          "y": 0.0,
          "z": 0.0
        },
        "rotation_quaternion": {
          "w": 0.9876297116279602,
          "x": 0.15659137070178986,
          "y": 0.005330586805939674,
          "z": 0.006191710941493511
        },
        "scale": {
          "x": 1.0,
          "y": 1.0,
          "z": 1.0
        },
        "matrix_basis": [
          [
            0.9998664855957031,
            -0.010560787282884121,
            0.012468429282307625,
            0.0
          ],
          [
            0.013899683021008968,
            0.9508816003799438,
            -0.3092425763607025,
            0.0
          ],
          [
            -0.008590154349803925,
            0.30937460064888,
            0.950901448726654,
            0.0
          ],
          [
            0.0,
            0.0,
            0.0,
            1.0
          ]
        ],
        "rotation_mode": "QUATERNION"
      },
      "armature_space": {
        "head": {
          "x": 0.708611786365509,
          "y": 0.015197313390672207,
          "z": 0.5683538913726807
        },
        "tail": {
          "x": 0.7312760949134827,
          "y": 0.003222229890525341,
          "z": 0.5693628191947937
        }
      },
      "world_space": {
        "head": {
          "x": 0.708611786365509,
          "y": 0.0784413143992424,
          "z": 1.5182079076766968
        },
        "tail": {
          "x": 0.7312760949134827,
          "y": 0.06646622717380524,
          "z": 1.519216775894165
        },
        "rotation_quaternion": {
          "w": 0.2067076861858368,
          "x": 0.7992376685142517,
          "y": 0.47314736247062683,
          "z": -0.30760833621025085
        },
        "matrix": [
          [
            0.36301660537719727,
            0.8834851384162903,
            -0.29609593749046326,
            0.708611786365509
          ],
          [
            0.6291444301605225,
            -0.4668053984642029,
            -0.6215065121650696,
            0.0784413143992424
          ],
          [
            -0.6873152852058411,
            0.03932984173297882,
            -0.7253034710884094,
            1.5182079076766968
          ],
          [
            0.0,
            0.0,
            0.0,
            1.0
          ]
        ]
      },
      "bone_length_armature_space": 0.02565329341503027,
      "parent": "index_01_l",
      "has_children": true,
      "is_end_bone": false
    },
    "index_03_l": {
      "name": "index_03_l",
      "local": {
        "location": {
          "x": 0.0,
          "y": 0.0,
          "z": 0.0
        },
        "rotation_quaternion": {
          "w": 0.9755915999412537,
          "x": 0.21951937675476074,
          "y": -0.005653781350702047,
          "z": 0.0007144164992496371
        },
        "scale": {
          "x": 1.0,
          "y": 1.0,
          "z": 1.0
        },
        "matrix_basis": [
          [
            0.9999350309371948,
            -0.0038761866744607687,
            -0.0107179069891572,
            0.0
          ],
          [
            -0.0010882716160267591,
            0.90362149477005,
            -0.42833060026168823,
            0.0
          ],
          [
            0.011345219798386097,
            0.4283144474029541,
            0.9035585522651672,
            0.0
          ],
          [
            0.0,
            0.0,
            0.0,
            1.0
          ]
        ],
        "rotation_mode": "QUATERNION"
      },
      "armature_space": {
        "head": {
          "x": 0.7312760949134827,
          "y": 0.003222307190299034,
          "z": 0.5693629384040833
        },
        "tail": {
          "x": 0.7501429319381714,
          "y": -0.015668543055653572,
          "z": 0.5574922561645508
        }
      },
      "world_space": {
        "head": {
          "x": 0.7312760949134827,
          "y": 0.0664663091301918,
          "z": 1.5192170143127441
        },
        "tail": {
          "x": 0.7501429319381714,
          "y": 0.0475754588842392,
          "z": 1.507346272468567
        },
        "rotation_quaternion": {
          "w": 0.035987596958875656,
          "x": -0.8065216541290283,
          "y": -0.41885292530059814,
          "z": 0.4156803786754608
        },
        "matrix": [
          [
            0.3035426735877991,
            0.6457111835479736,
            -0.700655996799469,
            0.7312760949134827
          ],
          [
            0.7055466771125793,
            -0.6465332508087158,
            -0.29017093777656555,
            0.0664663091301918
          ],
          [
            -0.6403678059577942,
            -0.40626969933509827,
            -0.6518344879150391,
            1.5192170143127441
          ],
          [
            0.0,
            0.0,
            0.0,
            1.0
          ]
        ]
      },
      "bone_length_armature_space": 0.02921874137644972,
      "parent": "index_02_l",
      "has_children": false,
      "is_end_bone": true
    },
    "metacarpal_pinky_l": {
      "name": "metacarpal_pinky_l",
      "local": {
        "location": {
          "x": 0.0,
          "y": 0.0,
          "z": 0.0
        },
        "rotation_quaternion": {
          "w": 0.9973170161247253,
          "x": -0.07202135026454926,
          "y": -0.012244129553437233,
          "z": 0.004674842581152916
        },
        "scale": {
          "x": 1.0,
          "y": 1.0,
          "z": 1.0
        },
        "matrix_basis": [
          [
            0.9996564388275146,
            -0.007560922764241695,
            -0.02509593404829502,
            0.0
          ],
          [
            0.011088277213275433,
            0.9895821213722229,
            0.14354175329208374,
            0.0
          ],
          [
            0.023749180138111115,
            -0.1437707096338272,
            0.989326000213623,
            0.0
          ],
          [
            0.0,
            0.0,
            0.0,
            1.0
          ]
        ],
        "rotation_mode": "QUATERNION"
      },
      "armature_space": {
        "head": {
          "x": 0.5973109006881714,
          "y": 0.09710928797721863,
          "z": 0.528355598449707
        },
        "tail": {
          "x": 0.7001805305480957,
          "y": 0.08187747746706009,
          "z": 0.533744215965271
        }
      },
      "world_space": {
        "head": {
          "x": 0.5973109006881714,
          "y": 0.16035328805446625,
          "z": 1.4782096147537231
        },
        "tail": {
          "x": 0.7001805305480957,
          "y": 0.1451214849948883,
          "z": 1.483598232269287
        },
        "rotation_quaternion": {
          "w": 0.6532257199287415,
          "x": 0.025038620457053185,
          "y": -0.01257994957268238,
          "z": -0.7566445469856262
        },
        "matrix": [
          [
            -0.1453382819890976,
            0.987889289855957,
            -0.0543254017829895,
            0.5973109006881714
          ],
          [
            -0.9891495704650879,
            -0.14627580344676971,
            -0.013674594461917877,
            0.16035328805446625
          ],
          [
            -0.021456332877278328,
            0.051748692989349365,
            0.9984367489814758,
            1.4782096147537231
          ],
          [
            0.0,
            0.0,
            0.0,
            1.0
          ]
        ]
      },
      "bone_length_armature_space": 0.10413071779267287,
      "parent": "lowerarm_l",
      "has_children": true,
      "is_end_bone": false
    },
    "pinky_01_l": {
      "name": "pinky_01_l",
      "local": {
        "location": {
          "x": 0.0,
          "y": 0.0,
          "z": 0.0
        },
        "rotation_quaternion": {
          "w": 0.9991284608840942,
          "x": 0.03710911050438881,
          "y": 0.018968911841511726,
          "z": 0.0023304533679038286
        },
        "scale": {
          "x": 1.0,
          "y": 1.0,
          "z": 1.0
        },
        "matrix_basis": [
          [
            0.9992694854736328,
            -0.0032490056473761797,
            0.03807772323489189,
            0.0
          ],
          [
            0.00606468366459012,
            0.9972349405288696,
            -0.07406512647867203,
            0.0
          ],
          [
            -0.03773179650306702,
            0.07424195110797882,
            0.9965261816978455,
            0.0
          ],
          [
            0.0,
            0.0,
            0.0,
            1.0
          ]
        ],
        "rotation_mode": "QUATERNION"
      },
      "armature_space": {
        "head": {
          "x": 0.7001805305480957,
          "y": 0.08187747746706009,
          "z": 0.533744215965271
        },
        "tail": {
          "x": 0.721519947052002,
          "y": 0.07239355146884918,
