{
  "metadata": {
    "armature_name": "KIM_caucasian_male",
    "export_time": "2026-01-13T20:55:41.459874",
    "blender_version": "4.4.1",
    "bone_count": 56,
    "end_bone_count": 13,
    "spaces_included": [
      "LOCAL_CHANNELS",
      "ARMATURE_SPACE",
      "WORLD_SPACE"
    ],
    "note": "LOCAL matches Transform panel; replay pose via local.matrix_basis for best fidelity."
  },
  "bones": {
    "Root": {
      "name": "Root",
      "local": {
        "location": {
          "x": 0.0,
          "y": 0.0,
          "z": 0.0
        },
        "rotation_quaternion": {
          "w": 0.9998735189437866,
          "x": -0.00498530687764287,
          "y": -0.008481987752020359,
          "z": -0.012497510761022568
        },
        "scale": {
          "x": 1.0,
          "y": 1.0,
          "z": 1.0
        },
        "matrix_basis": [
          [
            0.9995437264442444,
            0.025076430290937424,
            -0.01683722250163555,
            0.0
          ],
          [
            -0.024907289072871208,
            0.9996379017829895,
            0.010181359946727753,
            0.0
          ],
          [
            0.017086436972022057,
            -0.009757345542311668,
            0.9998064041137695,
            0.0
          ],
          [
            0.0,
            0.0,
            0.0,
            1.0
          ]
        ],
        "rotation_mode": "QUATERNION"
      },
      "armature_space": {
        "head": {
          "x": 0.0,
          "y": 0.07072800397872925,
          "z": -0.009595036506652832
        },
        "tail": {
          "x": 0.0017898520454764366,
          "y": 0.00011923164129257202,
          "z": 0.0006866473704576492
        }
      },
      "world_space": {
        "head": {
          "x": 0.0,
          "y": 0.13397200405597687,
          "z": 0.9402589797973633
        },
        "tail": {
          "x": 0.0017898520454764366,
          "y": 0.06336323171854019,
          "z": 0.9505406618118286
        },
        "rotation_quaternion": {
          "w": 0.07233311235904694,
          "x": 0.9972661733627319,
          "y": 0.011897706426680088,
          "z": -0.0093046510592103
        },
        "matrix": [
          [
            0.9995437264442444,
            0.025076430290937424,
            -0.01683722250163555,
            0.0
          ],
          [
            0.022384285926818848,
            -0.9892526865005493,
            -0.14449261128902435,
            0.13397200405597687
          ],
          [
            -0.020279746502637863,
            0.14404985308647156,
            -0.9893696308135986,
            0.9402589797973633
          ],
          [
            0.0,
            0.0,
            0.0,
            1.0
          ]
        ]
      },
      "bone_length_armature_space": 0.07137587434640393,
      "parent": null,
      "has_children": true,
      "is_end_bone": false
    },
    "spine_01": {
      "name": "spine_01",
      "local": {
        "location": {
          "x": 0.0,
          "y": 0.0,
          "z": 0.0
        },
        "rotation_quaternion": {
          "w": 0.9946621060371399,
          "x": 0.09226325899362564,
          "y": -0.03717125579714775,
          "z": -0.027444763109087944
        },
        "scale": {
          "x": 1.0,
          "y": 1.0,
          "z": 1.0
        },
        "matrix_basis": [
          [
            0.9957301616668701,
            0.047737449407577515,
            -0.07900996506214142,
            0.0
          ],
          [
            -0.0614556148648262,
            0.9814685583114624,
            -0.18150122463703156,
            0.0
          ],
          [
            0.06888139247894287,
            0.18558184802532196,
            0.9802115559577942,
            0.0
          ],
          [
            0.0,
            0.0,
            0.0,
            1.0
          ]
        ],
        "rotation_mode": "QUATERNION"
      },
      "armature_space": {
        "head": {
          "x": 0.0017898520454764366,
          "y": 0.00011923164129257202,
          "z": 0.0006866473704576492
        },
        "tail": {
          "x": 0.03629285469651222,
          "y": -0.06249698996543884,
          "z": 0.4834258556365967
        }
      },
      "world_space": {
        "head": {
          "x": 0.0017898520454764366,
          "y": 0.06336323171854019,
          "z": 0.9505406618118286
        },
        "tail": {
          "x": 0.03629285469651222,
          "y": 0.0007470101118087769,
          "z": 1.4332798719406128
        },
        "rotation_quaternion": {
          "w": 0.6601486206054688,
          "x": 0.7497118711471558,
          "y": 0.006916348822414875,
          "z": -0.045695871114730835
        },
        "matrix": [
          [
            0.9957281351089478,
            0.0707026943564415,
            -0.05938534438610077,
            0.0017898520454764366
          ],
          [
            -0.0499611496925354,
            -0.12831160426139832,
            -0.9904747009277344,
            0.06336323171854019
          ],
          [
            -0.07764963060617447,
            0.989217221736908,
            -0.12423284351825714,
            0.9505406618118286
          ],
          [
            0.0,
            0.0,
            0.0,
            1.0
          ]
        ]
      },
      "bone_length_armature_space": 0.48800450028102565,
      "parent": "Root",
      "has_children": true,
      "is_end_bone": false
    },
    "neck_01": {
      "name": "neck_01",
      "local": {
        "location": {
          "x": 0.0,
          "y": 0.0,
          "z": 0.0
        },
        "rotation_quaternion": {
          "w": 0.9965818524360657,
          "x": 0.000760027440264821,
          "y": -0.033263228833675385,
          "z": 0.07561588287353516
        },
        "scale": {
          "x": 1.0,
          "y": 1.0,
          "z": 1.0
        },
        "matrix_basis": [
          [
            0.9863516092300415,
            -0.15076538920402527,
            -0.06618411839008331,
            0.0
          ],
          [
            0.15066426992416382,
            0.9885632991790771,
            -0.006545315962284803,
            0.0
          ],
          [
            0.0664139986038208,
            -0.003515597665682435,
            0.9977859854698181,
            0.0
          ],
          [
            0.0,
            0.0,
            0.0,
            1.0
          ]
        ],
        "rotation_mode": "QUATERNION"
      },
      "armature_space": {
        "head": {
          "x": 0.03941008448600769,
          "y": -0.1062418669462204,
          "z": 0.5515463948249817
        },
        "tail": {
          "x": 0.0283937007188797,
          "y": -0.15529868006706238,
          "z": 0.6408928632736206
        }
      },
      "world_space": {
        "head": {
          "x": 0.03941008448600769,
          "y": -0.04299786686897278,
          "z": 1.5014004707336426
        },
        "tail": {
          "x": 0.0283937007188797,
          "y": -0.09205467998981476,
          "z": 1.5907468795776367
        },
        "rotation_quaternion": {
          "w": 0.5035915374755859,
          "x": 0.8589804172515869,
          "y": -0.0845206081867218,
          "z": -0.03747941926121712
        },
        "matrix": [
          [
            0.9829030632972717,
            -0.10745455324649811,
            -0.14951622486114502,
            0.03941008448600769
          ],
          [
            -0.18295207619667053,
            -0.47850337624549866,
            -0.8588151335716248,
            -0.04299786686897278
          ],
          [
            0.020739562809467316,
            0.8714917302131653,
            -0.4899856746196747,
            1.5014004707336426
          ],
          [
            0.0,
            0.0,
            0.0,
            1.0
          ]
        ]
      },
      "bone_length_armature_space": 0.1025218168938498,
      "parent": "spine_01",
      "has_children": true,
      "is_end_bone": false
    },
    "head": {
      "name": "head",
      "local": {
        "location": {
          "x": 0.0,
          "y": 0.0,
          "z": 0.0
        },
        "rotation_quaternion": {
          "w": 0.9961263537406921,
          "x": -0.0019877434242516756,
          "y": 0.07635743916034698,
          "z": 0.04356499761343002
        },
        "scale": {
          "x": 1.0,
          "y": 1.0,
          "z": 1.0
        },
        "matrix_basis": [
          [
            0.9845432639122009,
            -0.08709604293107986,
            0.15195012092590332,
            0.0
          ],
          [
            0.08648892492055893,
            0.9961962699890137,
            0.010613110847771168,
            0.0
          ],
          [
            -0.1522965133190155,
            0.002692935988306999,
            0.9883311986923218,
            0.0
          ],
          [
            0.0,
            0.0,
            0.0,
            1.0
          ]
        ],
        "rotation_mode": "QUATERNION"
      },
      "armature_space": {
        "head": {
          "x": 0.028393685817718506,
          "y": -0.15529876947402954,
          "z": 0.640892744064331
        },
        "tail": {
          "x": 0.007824968546628952,
          "y": -0.17413806915283203,
          "z": 0.793455183506012
        }
      },
      "world_space": {
        "head": {
          "x": 0.028393685817718506,
          "y": -0.09205476939678192,
          "z": 1.5907467603683472
        },
        "tail": {
          "x": 0.007824968546628952,
          "y": -0.11089406907558441,
          "z": 1.7433092594146729
        },
        "rotation_quaternion": {
          "w": 0.6600573062896729,
          "x": 0.7481146454811096,
          "y": -0.059895917773246765,
          "z": 0.03257753700017929
        },
        "matrix": [
          [
            0.9907023906707764,
            -0.13262420892715454,
            -0.030326902866363525,
            0.028393685817718506
          ],
          [
            -0.04661272466182709,
            -0.12147311866283417,
            -0.9914999008178711,
            -0.09205476939678192
          ],
          [
            0.12781383097171783,
            0.9837014079093933,
            -0.12652750313282013,
            1.5907467603683472
          ],
          [
            0.0,
            0.0,
            0.0,
            1.0
          ]
        ]
      },
      "bone_length_armature_space": 0.1550912263094578,
      "parent": "neck_01",
      "has_children": false,
      "is_end_bone": true
    },
    "upperarm_l": {
      "name": "upperarm_l",
      "local": {
        "location": {
          "x": 0.0,
          "y": 0.0,
          "z": 0.0
        },
        "rotation_quaternion": {
          "w": 0.7772455215454102,
          "x": -0.0008414569892920554,
          "y": 0.6240198612213135,
          "z": -0.0805482566356659
        },
        "scale": {
          "x": 1.0,
          "y": 1.0,
          "z": 1.0
        },
        "matrix_basis": [
          [
            0.2082223892211914,
            0.12416137009859085,
            0.9701688289642334,
            0.0
          ],
          [
            -0.12626171112060547,
            0.9870225191116333,
            -0.09921938925981522,
            0.0
          ],
          [
            -0.9698977470397949,
            -0.1018354594707489,
            0.2211970090866089,
            0.0
          ],
          [
            0.0,
            0.0,
            0.0,
            1.0
          ]
        ],
        "rotation_mode": "QUATERNION"
      },
      "armature_space": {
        "head": {
          "x": 0.18382816016674042,
          "y": -0.10827125608921051,
          "z": 0.47301968932151794
        },
        "tail": {
          "x": 0.4446858763694763,
          "y": -0.07841285318136215,
          "z": 0.41945311427116394
        }
      },
      "world_space": {
        "head": {
          "x": 0.18382816016674042,
          "y": -0.04502725601196289,
          "z": 1.4228737354278564
        },
        "tail": {
          "x": 0.4446858763694763,
          "y": -0.015168853104114532,
          "z": 1.3693071603775024
        },
        "rotation_quaternion": {
          "w": 0.04946117475628853,
          "x": -0.6603823304176331,
          "y": -0.7438185811042786,
          "z": 0.09045907855033875
        },
        "matrix": [
          [
            -0.12289738655090332,
            0.9734607934951782,
            -0.1930554062128067,
            0.18382816016674042
          ],
          [
            0.9913578629493713,
            0.11142466962337494,
            -0.06924296915531158,
            -0.04502725601196289
          ],
          [
            -0.04589356482028961,
            -0.19989804923534393,
            -0.9787485003471375,
            1.4228737354278564
          ],
          [
            0.0,
            0.0,
            0.0,
            1.0
          ]
        ]
      },
      "bone_length_armature_space": 0.26796948243234314,
      "parent": "spine_01",
      "has_children": true,
      "is_end_bone": false
    },
    "lowerarm_l": {
      "name": "lowerarm_l",
      "local": {
        "location": {
          "x": 0.0,
          "y": 0.0,
          "z": 0.0
        },
        "rotation_quaternion": {
          "w": 0.995668888092041,
          "x": 0.08895882219076157,
          "y": -0.0008815150940790772,
          "z": 0.02700384333729744
        },
        "scale": {
          "x": 1.0,
          "y": 1.0,
          "z": 1.0
        },
        "matrix_basis": [
          [
            0.9985400438308716,
            -0.0539306104183197,
            0.003049065824598074,
            0.0
          ],
          [
            0.05361693724989891,
            0.9827142357826233,
            -0.17719466984272003,
            0.0
          ],
          [
            0.006559854373335838,
            0.17709945142269135,
            0.9841710925102234,
            0.0
          ],
          [
            0.0,
            0.0,
            0.0,
            1.0
          ]
        ],
        "rotation_mode": "QUATERNION"
      },
      "armature_space": {
        "head": {
          "x": 0.4446859657764435,
          "y": -0.07841295748949051,
          "z": 0.41945305466651917
        },
        "tail": {
          "x": 0.6821390390396118,
          "y": -0.09436697512865067,
          "z": 0.29726046323776245
        }
      },
      "world_space": {
        "head": {
          "x": 0.4446859657764435,
          "y": -0.01516895741224289,
          "z": 1.369307041168213
        },
        "tail": {
          "x": 0.6821390390396118,
          "y": -0.031122975051403046,
          "z": 1.2471144199371338
        },
        "rotation_quaternion": {
          "w": 0.08780208230018616,
          "x": -0.6845381259918213,
          "y": -0.6800532937049866,
          "z": 0.24743853509426117
        },
        "matrix": [
          [
            -0.04739874228835106,
            0.8875939249992371,
            -0.4581812620162964,
            0.4446859657764435
          ],
          [
            0.9744956493377686,
            -0.05963572859764099,
            -0.21633829176425934,
            -0.01516895741224289
          ],
          [
            -0.21934513747692108,
            -0.4567529857158661,
            -0.8621360063552856,
            1.369307041168213
          ],
          [
            0.0,
            0.0,
            0.0,
            1.0
          ]
        ]
      },
      "bone_length_armature_space": 0.2675248100773423,
      "parent": "upperarm_l",
      "has_children": true,
      "is_end_bone": false
    },
    "metacarpal_thumb_l": {
      "name": "metacarpal_thumb_l",
      "local": {
        "location": {
          "x": 0.0,
          "y": 0.0,
          "z": 0.0
        },
        "rotation_quaternion": {
          "w": 0.9997783899307251,
          "x": 0.013570019975304604,
          "y": -0.011538505554199219,
          "z": -0.011225515976548195
        },
        "scale": {
          "x": 1.0,
          "y": 1.0,
          "z": 1.0
        },
        "matrix_basis": [
          [
            0.9994816780090332,
            0.02213290147483349,
            -0.02337655797600746,
            0.0
          ],
          [
            -0.0227592121809721,
            0.9993796944618225,
            -0.026874974370002747,
            0.0
          ],
          [
            0.022767236456274986,
            0.027393076568841934,
            0.9993654489517212,
            0.0
          ],
          [
            0.0,
            0.0,
            0.0,
            1.0
          ]
        ],
        "rotation_mode": "QUATERNION"
      },
      "armature_space": {
        "head": {
          "x": 0.6821390390396118,
          "y": -0.09436697512865067,
          "z": 0.29726046323776245
        },
        "tail": {
          "x": 0.703714907169342,
          "y": -0.09263433516025543,
          "z": 0.2527061104774475
        }
      },
      "world_space": {
        "head": {
          "x": 0.6821390390396118,
          "y": -0.031122975051403046,
          "z": 1.2471144199371338
        },
        "tail": {
          "x": 0.703714907169342,
          "y": -0.029390335083007812,
          "z": 1.2025601863861084
        },
        "rotation_quaternion": {
          "w": 0.6778745651245117,
          "x": -0.6904556155204773,
          "y": -0.24078203737735748,
          "z": -0.07603289186954498
        },
        "matrix": [
          [
            0.872485339641571,
            0.4355800449848175,
            -0.2214476764202118,
            0.6821390390396118
          ],
          [
            0.22942015528678894,
            0.03497910499572754,
            0.9726989269256592,
            -0.031122975051403046
          ],
          [
            0.4314376711845398,
            -0.899476170539856,
            -0.06941169500350952,
            1.2471144199371338
          ],
          [
            0.0,
            0.0,
            0.0,
            1.0
          ]
        ]
      },
      "bone_length_armature_space": 0.04953393237739892,
      "parent": "lowerarm_l",
      "has_children": true,
      "is_end_bone": false
    },
    "thumb_01_l": {
      "name": "thumb_01_l",
      "local": {
        "location": {
          "x": 0.0,
          "y": 0.0,
          "z": 0.0
        },
        "rotation_quaternion": {
          "w": 0.9863638877868652,
          "x": 0.1642177402973175,
          "y": -0.01018150057643652,
          "z": -0.0039061447605490685
        },
        "scale": {
          "x": 1.0,
          "y": 1.0,
          "z": 1.0
        },
        "matrix_basis": [
          [
            0.9997621774673462,
            0.004361794330179691,
            -0.021368244662880898,
            0.0
          ],
          [
            -0.0110497260466218,
            0.9460345506668091,
            -0.32387736439704895,
            0.0
          ],
          [
            0.01880241185426712,
            0.32403644919395447,
            0.9458577632904053,
            0.0
          ],
          [
            0.0,
            0.0,
            0.0,
            1.0
          ]
        ],
        "rotation_mode": "QUATERNION"
      },
      "armature_space": {
        "head": {
          "x": 0.703714907169342,
          "y": -0.09263433516025543,
          "z": 0.2527061104774475
        },
        "tail": {
          "x": 0.714096188545227,
          "y": -0.06617260724306107,
          "z": 0.23398086428642273
        }
      },
      "world_space": {
        "head": {
          "x": 0.703714907169342,
          "y": -0.029390335083007812,
          "z": 1.2025601863861084
        },
        "tail": {
          "x": 0.714096188545227,
          "y": -0.002928607165813446,
          "z": 1.1838349103927612
        },
        "rotation_quaternion": {
          "w": 0.8411471247673035,
          "x": -0.18730314075946808,
          "y": 0.4256450831890106,
          "z": -0.2760714292526245
        },
        "matrix": [
          [
            0.48522135615348816,
            0.30498573184013367,
            0.8194778561592102,
            0.703714907169342
          ],
          [
            -0.6238833069801331,
            0.7774040699005127,
            0.0800807923078537,
            -0.029390335083007812
          ],
          [
            -0.6126464009284973,
            -0.5501183867454529,
            0.5674927234649658,
            1.2025601863861084
          ],
          [
            0.0,
            0.0,
            0.0,
            1.0
          ]
        ]
      },
      "bone_length_armature_space": 0.0340386381813832,
      "parent": "metacarpal_thumb_l",
      "has_children": true,
      "is_end_bone": false
    },
    "thumb_02_l": {
      "name": "thumb_02_l",
      "local": {
        "location": {
          "x": 0.0,
          "y": 0.0,
          "z": 0.0
        },
        "rotation_quaternion": {
          "w": 0.9294862151145935,
          "x": 0.36874696612358093,
          "y": 0.0038534433115273714,
          "z": 0.008147443644702435
        },
        "scale": {
          "x": 1.0,
          "y": 1.0,
          "z": 1.0
        },
        "matrix_basis": [
          [
            0.9998375177383423,
            -0.012303981930017471,
            0.013172134757041931,
            0.0
          ],
          [
            0.01798776350915432,
            0.7279185652732849,
            -0.6854276657104492,
            0.0
          ],
          [
            -0.0011547546600922942,
            0.685553252696991,
            0.7280216813087463,
            0.0
          ],
          [
            0.0,
            0.0,
            0.0,
            1.0
          ]
        ],
        "rotation_mode": "QUATERNION"
      },
      "armature_space": {
        "head": {
          "x": 0.7140961289405823,
          "y": -0.06617259979248047,
          "z": 0.23398086428642273
        },
        "tail": {
          "x": 0.7477661371231079,
          "y": -0.08715016394853592,
          "z": 0.240261971950531
        }
      },
      "world_space": {
        "head": {
          "x": 0.7140961289405823,
          "y": -0.002928599715232849,
          "z": 1.1838349103927612
        },
        "tail": {
          "x": 0.7477661371231079,
          "y": -0.0239061638712883,
          "z": 1.1901159286499023
        },
        "rotation_quaternion": {
          "w": 0.46453750133514404,
          "x": 0.4185444116592407,
          "y": 0.15184779465198517,
          "z": -0.7654853463172913
        },
        "matrix": [
          [
            -0.21805015206336975,
            0.8383047580718994,
            -0.49969929456710815,
            0.7140961289405823
          ],
          [
            -0.5840837955474854,
            -0.5222923755645752,
            -0.621334969997406,
            -0.002928599715232849
          ],
          [
            -0.7818630337715149,
            0.15638497471809387,
            0.6035295128822327,
            1.1838349103927612
          ],
          [
            0.0,
            0.0,
            0.0,
            1.0
          ]
        ]
      },
      "bone_length_armature_space": 0.040164411160618495,
      "parent": "thumb_01_l",
      "has_children": true,
      "is_end_bone": false
    },
    "thumb_03_l": {
      "name": "thumb_03_l",
      "local": {
        "location": {
          "x": 0.0,
          "y": 0.0,
          "z": 0.0
        },
        "rotation_quaternion": {
          "w": 0.9840825200080872,
          "x": 0.17741608619689941,
          "y": -0.008111240342259407,
          "z": -0.00627201097086072
        },
        "scale": {
          "x": 1.0,
          "y": 1.0,
          "z": 1.0
        },
        "matrix_basis": [
          [
            0.9997897148132324,
            0.009466223418712616,
            -0.018189771100878716,
            0.0
          ],
          [
            -0.015222481451928616,
            0.9369683861732483,
            -0.3490823805332184,
            0.0
          ],
          [
            0.013738748617470264,
            0.34928590059280396,
            0.9369154572486877,
            0.0
          ],
          [
            0.0,
            0.0,
            0.0,
            1.0
          ]
        ],
        "rotation_mode": "QUATERNION"
      },
      "armature_space": {
        "head": {
          "x": 0.7477661371231079,
          "y": -0.08715013414621353,
          "z": 0.24026188254356384
        },
        "tail": {
          "x": 0.7602576017379761,
          "y": -0.11082786321640015,
          "z": 0.2547609508037567
        }
      },
      "world_space": {
        "head": {
          "x": 0.7477661371231079,
          "y": -0.023906134068965912,
          "z": 1.1901159286499023
        },
        "tail": {
          "x": 0.7602576017379761,
          "y": -0.04758386313915253,
          "z": 1.2046149969100952
        },
        "rotation_quaternion": {
          "w": 0.33300045132637024,
          "x": 0.6844159364700317,
          "y": -0.015742329880595207,
          "z": -0.6484116911888123
        },
        "matrix": [
          [
            0.15862879157066345,
            0.41029679775238037,
            -0.8980498313903809,
            0.7477661371231079
          ],
          [
            -0.453391969203949,
            -0.7777243852615356,
            -0.43540889024734497,
            -0.023906134068965912
          ],
          [
            -0.8770884275436401,
            0.4762396216392517,
            0.06265561282634735,
            1.1901159286499023
          ],
          [
            0.0,
            0.0,
            0.0,
            1.0
          ]
        ]
      },
      "bone_length_armature_space": 0.030444942101621127,
      "parent": "thumb_02_l",
      "has_children": false,
      "is_end_bone": true
    },
    "metacarpal_index_l": {
      "name": "metacarpal_index_l",
      "local": {
        "location": {
          "x": 0.0,
          "y": 0.0,
          "z": 0.0
        },
        "rotation_quaternion": {
          "w": 0.999833345413208,
          "x": -0.017388753592967987,
          "y": 0.0018653601873666048,
          "z": 0.005259988363832235
        },
        "scale": {
          "x": 1.0,
          "y": 1.0,
          "z": 1.0
        },
        "matrix_basis": [
          [
            0.9999377131462097,
            -0.01058309618383646,
            0.003547169268131256,
            0.0
          ],
          [
            0.010453350841999054,
            0.9993399381637573,
            0.034791335463523865,
            0.0
          ],
          [
            -0.003913027700036764,
            -0.03475208953022957,
            0.9993882775306702,
            0.0
          ],
          [
            0.0,
            0.0,
            0.0,
            1.0
          ]
        ],
        "rotation_mode": "QUATERNION"
      },
      "armature_space": {
        "head": {
          "x": 0.6821390390396118,
          "y": -0.09436697512865067,
          "z": 0.29726046323776245
        },
        "tail": {
          "x": 0.7656306028366089,
          "y": -0.10666267573833466,
          "z": 0.21597525477409363
        }
      },
      "world_space": {
        "head": {
          "x": 0.6821390390396118,
          "y": -0.031122975051403046,
          "z": 1.2471144199371338
        },
        "tail": {
          "x": 0.7656306028366089,
          "y": -0.043418675661087036,
          "z": 1.1658293008804321
        },
        "rotation_quaternion": {
          "w": 0.4635336399078369,
          "x": -0.7432670593261719,
          "y": -0.4823560118675232,
          "z": 0.00483403354883194
        },
        "matrix": [
          [
            0.5346164107322693,
            0.7125570774078369,
            -0.4543648660182953,
            0.6821390390396118
          ],
          [
            0.7215227484703064,
            -0.10493741184473038,
            0.6843927502632141,
            -0.031122975051403046
          ],
          [
            0.4399927854537964,
            -0.6937270760536194,
            -0.5702307820320129,
            1.2471144199371338
          ],
          [
            0.0,
            0.0,
            0.0,
            1.0
          ]
        ]
      },
      "bone_length_armature_space": 0.1171721422915582,
      "parent": "lowerarm_l",
      "has_children": true,
      "is_end_bone": false
    },
    "index_01_l": {
      "name": "index_01_l",
      "local": {
        "location": {
          "x": 0.0,
          "y": 0.0,
          "z": 0.0
        },
        "rotation_quaternion": {
          "w": 0.975916862487793,
          "x": 0.21802856028079987,
          "y": -0.005158074200153351,
          "z": -0.004827824886888266
        },
        "scale": {
          "x": 1.0,
          "y": 1.0,
          "z": 1.0
        },
        "matrix_basis": [
          [
            0.9999001622200012,
            0.007173896301537752,
            -0.012172910384833813,
            0.0
          ],
          [
            -0.011672326363623142,
            0.9048804640769958,
            -0.42550569772720337,
            0.0
          ],
          [
            0.007962496019899845,
            0.42560529708862305,
            0.9048739075660706,
            0.0
          ],
          [
            0.0,
            0.0,
            0.0,
            1.0
          ]
        ],
        "rotation_mode": "QUATERNION"
      },
      "armature_space": {
        "head": {
          "x": 0.7656306028366089,
          "y": -0.10666267573833466,
          "z": 0.21597525477409363
        },
        "tail": {
          "x": 0.785025954246521,
          "y": -0.09641183167695999,
          "z": 0.1977594941854477
        }
      },
      "world_space": {
        "head": {
          "x": 0.7656306028366089,
          "y": -0.043418675661087036,
          "z": 1.1658293008804321
        },
        "tail": {
          "x": 0.785025954246521,
          "y": -0.03316783159971237,
          "z": 1.147613525390625
        },
        "rotation_quaternion": {
          "w": 0.5496549010276794,
          "x": -0.5657387375831604,
          "y": -0.6145160794258118,
          "z": 0.013751864433288574
        },
        "matrix": [
          [
            0.24436363577842712,
            0.6801959872245789,
            -0.6911002397537231,
            0.7656306028366089
          ],
          [
            0.710428774356842,
            0.35949739813804626,
            0.6050231456756592,
            -0.043418675661087036
          ],
          [
            0.659988284111023,
            -0.6388272047042847,
            -0.3953849971294403,
            1.1658293008804321
          ],
          [
            0.0,
            0.0,
            0.0,
            1.0
          ]
        ]
      },
      "bone_length_armature_space": 0.02851444205800895,
      "parent": "metacarpal_index_l",
      "has_children": true,
      "is_end_bone": false
    },
    "index_02_l": {
      "name": "index_02_l",
      "local": {
        "location": {
          "x": 0.0,
          "y": 0.0,
          "z": 0.0
        },
        "rotation_quaternion": {
          "w": 0.9230303764343262,
          "x": 0.38465583324432373,
          "y": 0.006239729467779398,
          "z": -0.003986637108027935
        },
        "scale": {
          "x": 1.0,
          "y": 1.0,
          "z": 1.0
        },
        "matrix_basis": [
          [
            0.9998903274536133,
            0.012159870937466621,
            0.008451953530311584,
            0.0
          ],
          [
            -0.002559277694672346,
            0.7040479779243469,
            -0.7101477980613708,
            0.0
          ],
          [
            -0.014585886150598526,
            0.710048258304596,
            0.7040019035339355,
            0.0
          ],
          [
            0.0,
            0.0,
            0.0,
            1.0
          ]
        ],
        "rotation_mode": "QUATERNION"
      },
      "armature_space": {
        "head": {
          "x": 0.785025954246521,
          "y": -0.09641167521476746,
          "z": 0.1977589726448059
        },
        "tail": {
          "x": 0.7855324149131775,
          "y": -0.0792844295501709,
          "z": 0.17866720259189606
        }
      },
      "world_space": {
        "head": {
          "x": 0.785025954246521,
          "y": -0.033167675137519836,
          "z": 1.1476130485534668
        },
        "tail": {
          "x": 0.7855324149131775,
          "y": -0.01604042947292328,
          "z": 1.128521203994751
        },
        "rotation_quaternion": {
          "w": 0.7008146643638611,
          "x": -0.31968358159065247,
          "y": -0.5853893756866455,
          "z": 0.2529437839984894
        },
        "matrix": [
          [
            0.18667881190776825,
            0.019742190837860107,
            -0.9822224974632263,
            0.785025954246521
          ],
          [
            0.7288124561309814,
            0.6676438450813293,
            0.15193568170070648,
            -0.033167675137519836
          ],
          [
            0.6587796211242676,
            -0.7442237138748169,
            0.110247403383255,
            1.1476130485534668
          ],
          [
            0.0,
            0.0,
            0.0,
            1.0
          ]
        ]
      },
      "bone_length_armature_space": 0.02565335686976672,
      "parent": "index_01_l",
      "has_children": true,
      "is_end_bone": false
    },
    "index_03_l": {
      "name": "index_03_l",
      "local": {
        "location": {
          "x": 0.0,
          "y": 0.0,
          "z": 0.0
        },
        "rotation_quaternion": {
          "w": 0.9674501419067383,
          "x": 0.25305700302124023,
          "y": 0.0007320134900510311,
          "z": 0.001362282084301114
        },
        "scale": {
          "x": 1.0,
          "y": 1.0,
          "z": 1.0
        },
        "matrix_basis": [
          [
            0.999995231628418,
            -0.0022653976920992136,
            0.0021058430429548025,
            0.0
          ],
          [
            0.0030063623562455177,
            0.8719205856323242,
            -0.4896380603313446,
            0.0
          ],
          [
            -0.0007269030902534723,
            0.48964205384254456,
            0.8719232082366943,
            0.0
          ],
          [
            0.0,
            0.0,
            0.0,
            1.0
          ]
        ],
        "rotation_mode": "QUATERNION"
      },
      "armature_space": {
        "head": {
          "x": 0.785532534122467,
          "y": -0.07928447425365448,
          "z": 0.17866718769073486
        },
        "tail": {
          "x": 0.7704370617866516,
          "y": -0.05847194790840149,
          "z": 0.16478553414344788
        }
      },
      "world_space": {
        "head": {
          "x": 0.785532534122467,
          "y": -0.01604047417640686,
          "z": 1.128521203994751
        },
        "tail": {
          "x": 0.7704370617866516,
          "y": 0.00477205216884613,
          "z": 1.1146395206451416
        },
        "rotation_quaternion": {
          "w": 0.7897152304649353,
          "x": -0.07362888008356094,
          "y": -0.48218411207199097,
          "z": 0.37205806374549866
        },
        "matrix": [
          [
            0.2581416964530945,
            -0.5166366696357727,
            -0.8163632750511169,
            0.785532534122467
          ],
          [
            0.6586459875106812,
            0.7123019695281982,
            -0.24251127243041992,
            -0.01604047417640686
          ],
          [
            0.706792950630188,
            -0.47509485483169556,
            0.5241588354110718,
            1.128521203994751
          ],
          [
            0.0,
            0.0,
            0.0,
            1.0
          ]
        ]
      },
      "bone_length_armature_space": 0.029218741127432914,
      "parent": "index_02_l",
      "has_children": false,
      "is_end_bone": true
    },
    "metacarpal_pinky_l": {
      "name": "metacarpal_pinky_l",
      "local": {
        "location": {
          "x": 0.0,
          "y": 0.0,
          "z": 0.0
        },
        "rotation_quaternion": {
          "w": 0.9997442960739136,
          "x": 0.0015201203059405088,
          "y": 0.014626260846853256,
          "z": -0.017182165756821632
        },
        "scale": {
          "x": 1.0,
          "y": 1.0,
          "z": 1.0
        },
        "matrix_basis": [
          [
            0.9989817142486572,
            0.03440001234412193,
            0.02919280342757702,
            0.0
          ],
          [
            -0.03431107848882675,
            0.9994049072265625,
            -0.0035420849453657866,
            0.0
          ],
          [
            -0.029297279193997383,
            0.0025368414353579283,
            0.9995675086975098,
            0.0
          ],
          [
            0.0,
            0.0,
            0.0,
            1.0
          ]
        ],
        "rotation_mode": "QUATERNION"
      },
      "armature_space": {
        "head": {
          "x": 0.6821390390396118,
          "y": -0.09436697512865067,
          "z": 0.29726046323776245
        },
        "tail": {
          "x": 0.7839749455451965,
          "y": -0.09300282597541809,
          "z": 0.2755622863769531
        }
      },
      "world_space": {
        "head": {
          "x": 0.6821390390396118,
          "y": -0.031122975051403046,
          "z": 1.2471144199371338
        },
        "tail": {
          "x": 0.7839749455451965,
          "y": -0.02975882589817047,
          "z": 1.2254163026809692
        },
        "rotation_quaternion": {
          "w": 0.4268942177295685,
          "x": 0.4619280695915222,
          "y": 0.5694834589958191,
          "z": -0.5292186737060547
        },
        "matrix": [
          [
            -0.2087668478488922,
            0.9779615998268127,
            -0.0027034892700612545,
            0.6821390390396118
          ],
          [
            0.07428108155727386,
            0.013100320473313332,
            -0.9971514940261841,
            -0.031122975051403046
          ],
          [
            -0.9751471877098083,
            -0.20837441086769104,
            -0.07538048923015594,
            1.2471144199371338
          ],
          [
            0.0,
            0.0,
            0.0,
            1.0
          ]
        ]
      },
      "bone_length_armature_space": 0.10413079948490855,
      "parent": "lowerarm_l",
      "has_children": true,
      "is_end_bone": false
    },
    "pinky_01_l": {
      "name": "pinky_01_l",
      "local": {
        "location": {
          "x": 0.0,
          "y": 0.0,
          "z": 0.0
        },
        "rotation_quaternion": {
          "w": 0.954742431640625,
          "x": 0.2968551516532898,
          "y": -0.016894102096557617,
          "z": 0.007661717943847179
        },
        "scale": {
          "x": 1.0,
          "y": 1.0,
          "z": 1.0
        },
        "matrix_basis": [
          [
            0.9993117451667786,
            -0.0246601365506649,
            -0.027710191905498505,
            0.0
          ],
          [
            0.004599731881171465,
            0.8236366510391235,
            -0.5670992732048035,
            0.0
          ],
          [
            0.03680787235498428,
            0.5665815472602844,
            0.8231832385063171,
            0.0
          ],
          [
            0.0,
            0.0,
            0.0,
            1.0
          ]
        ],
        "rotation_mode": "QUATERNION"
      },
      "armature_space": {
        "head": {
          "x": 0.7839749455451965,
          "y": -0.09300282597541809,
