{
  "metadata": {
    "armature_name": "KIM_caucasian_male",
    "export_time": "2026-01-13T19:11:40.601031",
    "blender_version": "4.4.1",
    "bone_count": 56,
    "end_bone_count": 13,
    "spaces_included": [
      "LOCAL_CHANNELS",
      "ARMATURE_SPACE",
      "WORLD_SPACE"
    ],
    "note": "LOCAL matches Transform panel; replay pose via local.matrix_basis for best fidelity."
  },
  "bones": {
    "Root": {
      "name": "Root",
      "local": {
        "location": {
          "x": 0.0,
          "y": 0.0,
          "z": 0.0
        },
        "rotation_quaternion": {
          "w": 0.9995167255401611,
          "x": 0.011222190223634243,
          "y": 0.004443617071956396,
          "z": -0.028647825121879578
        },
        "scale": {
          "x": 1.0,
          "y": 1.0,
          "z": 1.0
        },
        "matrix_basis": [
          [
            0.9983190894126892,
            0.05736769363284111,
            0.008239956572651863,
            0.0
          ],
          [
            -0.057168226689100266,
            0.9981067180633545,
            -0.022688133642077446,
            0.0
          ],
          [
            -0.009525922127068043,
            0.022178933024406433,
            0.9997086524963379,
            0.0
          ],
          [
            0.0,
            0.0,
            0.0,
            1.0
          ]
        ],
        "rotation_mode": "QUATERNION"
      },
      "armature_space": {
        "head": {
          "x": 0.0,
          "y": 0.07072800397872925,
          "z": -0.009595036506652832
        },
        "tail": {
          "x": 0.004094669129699469,
          "y": -7.889419794082642e-05,
          "z": -0.001586848869919777
        }
      },
      "world_space": {
        "head": {
          "x": 0.0,
          "y": 0.13397200405597687,
          "z": 0.9402589797973633
        },
        "tail": {
          "x": 0.004094669129699469,
          "y": 0.0631651058793068,
          "z": 0.9482671618461609
        },
        "rotation_quaternion": {
          "w": 0.056138407438993454,
          "x": 0.9980020523071289,
          "y": 0.028882106766104698,
          "z": 0.0025035811122506857
        },
        "matrix": [
          [
            0.9983190894126892,
            0.05736769363284111,
            0.008239956572651863,
            0.0
          ],
          [
            0.05792988836765289,
            -0.992028534412384,
            -0.11190833151340485,
            0.13397200405597687
          ],
          [
            0.0017544170841574669,
            0.1121974065899849,
            -0.9936914443969727,
            0.9402589797973633
          ],
          [
            0.0,
            0.0,
            0.0,
            1.0
          ]
        ]
      },
      "bone_length_armature_space": 0.07137586524360379,
      "parent": null,
      "has_children": true,
      "is_end_bone": false
    },
    "spine_01": {
      "name": "spine_01",
      "local": {
        "location": {
          "x": 0.0,
          "y": 0.0,
          "z": 0.0
        },
        "rotation_quaternion": {
          "w": 0.9971240758895874,
          "x": 0.07248959690332413,
          "y": 0.021180352196097374,
          "z": -0.006347966380417347
        },
        "scale": {
          "x": 1.0,
          "y": 1.0,
          "z": 1.0
        },
        "matrix_basis": [
          [
            0.9990221858024597,
            0.015730131417512894,
            0.04131855443120003,
            0.0
          ],
          [
            -0.009588710032403469,
            0.9894099235534668,
            -0.14483115077018738,
            0.0
          ],
          [
            -0.04315920174121857,
            0.14429333806037903,
            0.9885932803153992,
            0.0
          ],
          [
            0.0,
            0.0,
            0.0,
            1.0
          ]
        ],
        "rotation_mode": "QUATERNION"
      },
      "armature_space": {
        "head": {
          "x": 0.004094669129699469,
          "y": -7.889419794082642e-05,
          "z": -0.001586848869919777
        },
        "tail": {
          "x": 0.014306588098406792,
          "y": -0.058222755789756775,
          "z": 0.4828338921070099
        }
      },
      "world_space": {
        "head": {
          "x": 0.004094669129699469,
          "y": 0.0631651058793068,
          "z": 0.9482671618461609
        },
        "tail": {
          "x": 0.014306588098406792,
          "y": 0.005021244287490845,
          "z": 1.4326878786087036
        },
        "rotation_quaternion": {
          "w": 0.6623979210853577,
          "x": 0.7474402189254761,
          "y": 0.040685880929231644,
          "z": 0.03011375665664673
        },
        "matrix": [
          [
            0.9948756694793701,
            0.020926009863615036,
            0.09891702234745026,
            0.004094669129699469
          ],
          [
            0.10071519017219543,
            -0.11914695799350739,
            -0.9877552390098572,
            0.0631651058793068
          ],
          [
            -0.008884080685675144,
            0.9926629662513733,
            -0.12064573168754578,
            0.9482671618461609
          ],
          [
            0.0,
            0.0,
            0.0,
            1.0
          ]
        ]
      },
      "bone_length_armature_space": 0.48800455795885517,
      "parent": "Root",
      "has_children": true,
      "is_end_bone": false
    },
    "neck_01": {
      "name": "neck_01",
      "local": {
        "location": {
          "x": 0.0,
          "y": 0.0,
          "z": 0.0
        },
        "rotation_quaternion": {
          "w": 0.98552405834198,
          "x": -0.03304576873779297,
          "y": -0.08683542907238007,
          "z": -0.14180974662303925
        },
        "scale": {
          "x": 1.0,
          "y": 1.0,
          "z": 1.0
        },
        "matrix_basis": [
          [
            0.944699227809906,
            0.2852529287338257,
            -0.16178438067436218,
            0.0
          ],
          [
            -0.27377474308013916,
            0.957595944404602,
            0.08976302295923233,
            0.0
          ],
          [
            0.18052923679351807,
            -0.04050657898187637,
            0.9827351570129395,
            0.0
          ],
          [
            0.0,
            0.0,
            0.0,
            1.0
          ]
        ],
        "rotation_mode": "QUATERNION"
      },
      "armature_space": {
        "head": {
          "x": 0.019269242882728577,
          "y": -0.10120230168104172,
          "z": 0.551331102848053
        },
        "tail": {
          "x": 0.05361796170473099,
          "y": -0.14235395193099976,
          "z": 0.6387234926223755
        }
      },
      "world_space": {
        "head": {
          "x": 0.019269242882728577,
          "y": -0.0379583016037941,
          "z": 1.5011851787567139
        },
        "tail": {
          "x": 0.05361796170473099,
          "y": -0.07910995185375214,
          "z": 1.5885775089263916
        },
        "rotation_quaternion": {
          "w": 0.5332469344139099,
          "x": 0.8277900218963623,
          "y": 0.1222686618566513,
          "z": -0.12434566766023636
        },
        "matrix": [
          [
            0.9391771554946899,
            0.3350397050380707,
            -0.0754639208316803,
            0.019269242882728577
          ],
          [
            0.06981310248374939,
            -0.40139588713645935,
            -0.9132401943206787,
            -0.0379583016037941
          ],
          [
            -0.33626487851142883,
            0.8524314761161804,
            -0.4003756642341614,
            1.5011851787567139
          ],
          [
            0.0,
            0.0,
            0.0,
            1.0
          ]
        ]
      },
      "bone_length_armature_space": 0.10252181600672672,
      "parent": "spine_01",
      "has_children": true,
      "is_end_bone": false
    },
    "head": {
      "name": "head",
      "local": {
        "location": {
          "x": 0.0,
          "y": 0.0,
          "z": 0.0
        },
        "rotation_quaternion": {
          "w": 0.9903457164764404,
          "x": -0.04917134344577789,
          "y": 0.12842416763305664,
          "z": -0.017459986731410027
        },
        "scale": {
          "x": 1.0,
          "y": 1.0,
          "z": 1.0
        },
        "matrix_basis": [
          [
            0.9664047360420227,
            0.021953267976641655,
            0.25608572363853455,
            0.0
          ],
          [
            -0.047212425619363785,
            0.9945546388626099,
            0.09290868788957596,
            0.0
          ],
          [
            -0.252651572227478,
            -0.10187783092260361,
            0.9621788263320923,
            0.0
          ],
          [
            0.0,
            0.0,
            0.0,
            1.0
          ]
        ],
        "rotation_mode": "QUATERNION"
      },
      "armature_space": {
        "head": {
          "x": 0.053617924451828,
          "y": -0.1423540562391281,
          "z": 0.6387233734130859
        },
        "tail": {
          "x": 0.10835964977741241,
          "y": -0.13318820297718048,
          "z": 0.7835426330566406
        }
      },
      "world_space": {
        "head": {
          "x": 0.053617924451828,
          "y": -0.0791100561618805,
          "z": 1.588577389717102
        },
        "tail": {
          "x": 0.10835964977741241,
          "y": -0.06994420289993286,
          "z": 1.7333966493606567
        },
        "rotation_quaternion": {
          "w": 0.6853014826774597,
          "x": 0.6857782006263733,
          "y": 0.2447686791419983,
          "z": -0.012587601318955421
        },
        "matrix": [
          [
            0.8798588514328003,
            0.35296696424484253,
            0.31821826100349426,
            0.053617924451828
          ],
          [
            0.31846362352371216,
            0.05910014361143112,
            -0.9460910558700562,
            -0.0791100561618805
          ],
          [
            -0.35274773836135864,
            0.9337741136550903,
            -0.06040867418050766,
            1.588577389717102
          ],
          [
            0.0,
            0.0,
            0.0,
            1.0
          ]
        ]
      },
      "bone_length_armature_space": 0.1550912256526611,
      "parent": "neck_01",
      "has_children": false,
      "is_end_bone": true
    },
    "upperarm_l": {
      "name": "upperarm_l",
      "local": {
        "location": {
          "x": 0.0,
          "y": 0.0,
          "z": 0.0
        },
        "rotation_quaternion": {
          "w": 0.8100634813308716,
          "x": 0.2196936011314392,
          "y": 0.4209468364715576,
          "z": 0.3439995050430298
        },
        "scale": {
          "x": 1.0,
          "y": 1.0,
          "z": 1.0
        },
        "matrix_basis": [
          [
            0.40893620252609253,
            -0.37236422300338745,
            0.8331363201141357,
            0.0
          ],
          [
            0.7422814965248108,
            0.6667981147766113,
            -0.0663205236196518,
            0.0
          ],
          [
            -0.5308383107185364,
            0.645542562007904,
            0.5490769743919373,
            0.0
          ],
          [
            0.0,
            0.0,
            0.0,
            1.0
          ]
        ],
        "rotation_mode": "QUATERNION"
      },
      "armature_space": {
        "head": {
          "x": 0.16740967333316803,
          "y": -0.08123749494552612,
          "z": 0.48289909958839417
        },
        "tail": {
          "x": 0.3724633455276489,
          "y": -0.23939767479896545,
          "z": 0.5517904758453369
        }
      },
      "world_space": {
        "head": {
          "x": 0.16740967333316803,
          "y": -0.017993494868278503,
          "z": 1.432753086090088
        },
        "tail": {
          "x": 0.3724633455276489,
          "y": -0.17615367472171783,
          "z": 1.501644492149353
        },
        "rotation_quaternion": {
          "w": 0.1941402107477188,
          "x": 0.8853663206100464,
          "y": 0.40890175104141235,
          "z": -0.10599838942289352
        },
        "matrix": [
          [
            0.6431272625923157,
            0.765212893486023,
            -0.02892506867647171,
            0.16740967333316803
          ],
          [
            0.682898759841919,
            -0.5902172327041626,
            -0.43045657873153687,
            -0.017993494868278503
          ],
          [
            -0.3464648127555847,
            0.25708672404289246,
            -0.9021545052528381,
            1.432753086090088
          ],
          [
            0.0,
            0.0,
            0.0,
            1.0
          ]
        ]
      },
      "bone_length_armature_space": 0.2679695378227998,
      "parent": "spine_01",
      "has_children": true,
      "is_end_bone": false
    },
    "lowerarm_l": {
      "name": "lowerarm_l",
      "local": {
        "location": {
          "x": 0.0,
          "y": 0.0,
          "z": 0.0
        },
        "rotation_quaternion": {
          "w": 0.8573575019836426,
          "x": 0.44519445300102234,
          "y": -0.11910770833492279,
          "z": 0.22924549877643585
        },
        "scale": {
          "x": 1.0,
          "y": 1.0,
          "z": 1.0
        },
        "matrix_basis": [
          [
            0.8665196895599365,
            -0.4991428852081299,
            -0.00011812571028713137,
            0.0
          ],
          [
            0.28703850507736206,
            0.49849680066108704,
            -0.8179914355278015,
            0.0
          ],
          [
            0.40835341811180115,
            0.708771824836731,
            0.5752304792404175,
            0.0
          ],
          [
            0.0,
            0.0,
            0.0,
            1.0
          ]
        ],
        "rotation_mode": "QUATERNION"
      },
      "armature_space": {
        "head": {
          "x": 0.3724633455276489,
          "y": -0.2393978238105774,
          "z": 0.5517904758453369
        },
        "tail": {
          "x": 0.3371433615684509,
          "y": -0.49201011657714844,
          "z": 0.4711120128631592
        }
      },
      "world_space": {
        "head": {
          "x": 0.3724633455276489,
          "y": -0.17615382373332977,
          "z": 1.501644492149353
        },
        "tail": {
          "x": 0.3371433615684509,
          "y": -0.428766131401062,
          "z": 1.4209660291671753
        },
        "rotation_quaternion": {
          "w": 0.1669388711452484,
          "x": -0.9067592620849609,
          "y": 0.001517162541858852,
          "z": 0.3871910274028778
        },
        "matrix": [
          [
            0.7001619338989258,
            -0.13202521204948425,
            -0.7016712427139282,
            0.3724633455276489
          ],
          [
            0.1265227049589157,
            -0.9442585706710815,
            0.3039205074310303,
            -0.17615382373332977
          ],
          [
            -0.7026891708374023,
            -0.30157411098480225,
            -0.6444340944290161,
            1.501644492149353
          ],
          [
            0.0,
            0.0,
            0.0,
            1.0
          ]
        ]
      },
      "bone_length_armature_space": 0.2675247404521965,
      "parent": "upperarm_l",
      "has_children": true,
      "is_end_bone": false
    },
    "metacarpal_thumb_l": {
      "name": "metacarpal_thumb_l",
      "local": {
        "location": {
          "x": 0.0,
          "y": 0.0,
          "z": 0.0
        },
        "rotation_quaternion": {
          "w": 0.9988149404525757,
          "x": -0.04788240045309067,
          "y": -0.008012126199901104,
          "z": -0.0034478732850402594
        },
        "scale": {
          "x": 1.0,
          "y": 1.0,
          "z": 1.0
        },
        "matrix_basis": [
          [
            0.9998478293418884,
            0.007654854562133551,
            -0.015675077214837074,
            0.0
          ],
          [
            -0.00612029479816556,
            0.995390772819519,
            0.09570656716823578,
            0.0
          ],
          [
            0.016335448250174522,
            -0.0955960676074028,
            0.9952861666679382,
            0.0
          ],
          [
            0.0,
            0.0,
            0.0,
            1.0
          ]
        ],
        "rotation_mode": "QUATERNION"
      },
      "armature_space": {
        "head": {
          "x": 0.3371433615684509,
          "y": -0.49201011657714844,
          "z": 0.4711120128631592
        },
        "tail": {
          "x": 0.31463122367858887,
          "y": -0.5204026103019714,
          "z": 0.4373381733894348
        }
      },
      "world_space": {
        "head": {
          "x": 0.3371433615684509,
          "y": -0.428766131401062,
          "z": 1.4209660291671753
        },
        "tail": {
          "x": 0.31463122367858887,
          "y": -0.457158625125885,
          "z": 1.3871922492980957
        },
        "rotation_quaternion": {
          "w": 0.2770720422267914,
          "x": -0.8362390398979187,
          "y": 0.36963900923728943,
          "z": -0.29546988010406494
        },
        "matrix": [
          [
            0.5521278977394104,
            -0.45448124408721924,
            0.6990002393722534,
            0.3371433615684509
          ],
          [
            -0.7819464802742004,
            -0.5731960535049438,
            0.24496078491210938,
            -0.428766131401062
          ],
          [
            0.2893354594707489,
            -0.6818358898162842,
            -0.6718622446060181,
            1.4209660291671753
          ],
          [
            0.0,
            0.0,
            0.0,
            1.0
          ]
        ]
      },
      "bone_length_armature_space": 0.049533850310350555,
      "parent": "lowerarm_l",
      "has_children": true,
      "is_end_bone": false
    },
    "thumb_01_l": {
      "name": "thumb_01_l",
      "local": {
        "location": {
          "x": 0.0,
          "y": 0.0,
          "z": 0.0
        },
        "rotation_quaternion": {
          "w": 0.9997586607933044,
          "x": 0.015775831416249275,
          "y": -0.01133035123348236,
          "z": 0.010268638841807842
        },
        "scale": {
          "x": 1.0,
          "y": 1.0,
          "z": 1.0
        },
        "matrix_basis": [
          [
            0.9995323419570923,
            -0.02088981308043003,
            -0.02233124151825905,
            0.0
          ],
          [
            0.02017482928931713,
            0.9992913603782654,
            -0.03177674114704132,
            0.0
          ],
          [
            0.02297922596335411,
            0.03131135180592537,
            0.9992454648017883,
            0.0
          ],
          [
            0.0,
            0.0,
            0.0,
            1.0
          ]
        ],
        "rotation_mode": "QUATERNION"
      },
      "armature_space": {
        "head": {
          "x": 0.31463122367858887,
          "y": -0.5204026103019714,
          "z": 0.4373381733894348
        },
        "tail": {
          "x": 0.32096123695373535,
          "y": -0.5243140459060669,
          "z": 0.40412262082099915
        }
      },
      "world_space": {
        "head": {
          "x": 0.31463122367858887,
          "y": -0.457158625125885,
          "z": 1.3871922492980957
        },
        "tail": {
          "x": 0.32096123695373535,
          "y": -0.46107006072998047,
          "z": 1.3539766073226929
        },
        "rotation_quaternion": {
          "w": 0.2733353078365326,
          "x": -0.1739238202571869,
          "y": 0.6064913868904114,
          "z": -0.7260898947715759
        },
        "matrix": [
          [
            -0.7900757789611816,
            0.18596553802490234,
            0.5841203927993774,
            0.31463122367858887
          ],
          [
            -0.6078994870185852,
            -0.11491213738918304,
            -0.7856547236442566,
            -0.457158625125885
          ],
          [
            -0.07898318767547607,
            -0.9758205413818359,
            0.20383834838867188,
            1.3871922492980957
          ],
          [
            0.0,
            0.0,
            0.0,
            1.0
          ]
        ]
      },
      "bone_length_armature_space": 0.03403882038102762,
      "parent": "metacarpal_thumb_l",
      "has_children": true,
      "is_end_bone": false
    },
    "thumb_02_l": {
      "name": "thumb_02_l",
      "local": {
        "location": {
          "x": 0.0,
          "y": 0.0,
          "z": 0.0
        },
        "rotation_quaternion": {
          "w": 0.9888219237327576,
          "x": 0.14843668043613434,
          "y": 0.010053901001811028,
          "z": 0.009841280058026314
        },
        "scale": {
          "x": 1.0,
          "y": 1.0,
          "z": 1.0
        },
        "matrix_basis": [
          [
            0.9996041655540466,
            -0.016477812081575394,
            0.02280464954674244,
            0.0
          ],
          [
            0.022447282448410988,
            0.9557393789291382,
            -0.2933570146560669,
            0.0
          ],
          [
            -0.016961421817541122,
            0.2937527596950531,
            0.9557309150695801,
            0.0
          ],
          [
            0.0,
            0.0,
            0.0,
            1.0
          ]
        ],
        "rotation_mode": "QUATERNION"
      },
      "armature_space": {
        "head": {
          "x": 0.32096120715141296,
          "y": -0.5243139863014221,
          "z": 0.40412265062332153
        },
        "tail": {
          "x": 0.3179323077201843,
          "y": -0.5640824437141418,
          "z": 0.39938196539878845
        }
      },
      "world_space": {
        "head": {
          "x": 0.32096120715141296,
          "y": -0.4610700011253357,
          "z": 1.3539767265319824
        },
        "tail": {
          "x": 0.3179323077201843,
          "y": -0.5008384585380554,
          "z": 1.349236011505127
        },
        "rotation_quaternion": {
          "w": 0.041512127965688705,
          "x": -0.063907690346241,
          "y": -0.05661804601550102,
          "z": 0.9954832792282104
        },
        "matrix": [
          [
            -0.9883849620819092,
            -0.07541263103485107,
            -0.13193878531455994,
            0.32096120715141296
          ],
          [
            0.0898858904838562,
            -0.9901422262191772,
            -0.10741820931434631,
            -0.4610700011253357
          ],
          [
            -0.1225382462143898,
            -0.11803176999092102,
            0.9854273200035095,
            1.3539767265319824
          ],
          [
            0.0,
            0.0,
            0.0,
            1.0
          ]
        ]
      },
      "bone_length_armature_space": 0.04016439382640832,
      "parent": "thumb_01_l",
      "has_children": true,
      "is_end_bone": false
    },
    "thumb_03_l": {
      "name": "thumb_03_l",
      "local": {
        "location": {
          "x": 0.0,
          "y": 0.0,
          "z": 0.0
        },
        "rotation_quaternion": {
          "w": 0.9985544681549072,
          "x": 0.05271438881754875,
          "y": -0.0067418524995446205,
          "z": -0.00805133767426014
        },
        "scale": {
          "x": 1.0,
          "y": 1.0,
          "z": 1.0
        },
        "matrix_basis": [
          [
            0.999779462814331,
            0.015368613414466381,
            -0.014313056133687496,
            0.0
          ],
          [
            -0.016790183261036873,
            0.9943127632141113,
            -0.10516781359910965,
            0.0
          ],
          [
            0.012615371495485306,
            0.1053849384188652,
            0.9943515062332153,
            0.0
          ],
          [
            0.0,
            0.0,
            0.0,
            1.0
          ]
        ],
        "rotation_mode": "QUATERNION"
      },
      "armature_space": {
        "head": {
          "x": 0.31793224811553955,
          "y": -0.5640823841094971,
          "z": 0.3993819057941437
        },
        "tail": {
          "x": 0.31753626465797424,
          "y": -0.593499481678009,
          "z": 0.4072156548500061
        }
      },
      "world_space": {
        "head": {
          "x": 0.31793224811553955,
          "y": -0.5008383989334106,
          "z": 1.3492358922958374
        },
        "tail": {
          "x": 0.31753626465797424,
          "y": -0.5302554965019226,
          "z": 1.357069730758667
        },
        "rotation_quaternion": {
          "w": 0.02561856061220169,
          "x": 0.24434173107147217,
          "y": -0.1273687481880188,
          "z": -0.9609464406967163
        },
        "matrix": [
          [
            -0.8792815804481506,
            -0.013006836175918579,
            -0.4761245846748352,
            0.31793224811553955
          ],
          [
            -0.111479252576828,
            -0.9662415981292725,
            0.23226988315582275,
            -0.5008383989334106
          ],
          [
            -0.4630759060382843,
            0.25730955600738525,
            0.8481549024581909,
            1.3492358922958374
          ],
          [
            0.0,
            0.0,
            0.0,
            1.0
          ]
        ]
      },
      "bone_length_armature_space": 0.030444868831122907,
      "parent": "thumb_02_l",
      "has_children": false,
      "is_end_bone": true
    },
    "metacarpal_index_l": {
      "name": "metacarpal_index_l",
      "local": {
        "location": {
          "x": 0.0,
          "y": 0.0,
          "z": 0.0
        },
        "rotation_quaternion": {
          "w": 0.9998509287834167,
          "x": 0.0055023739114403725,
          "y": -0.01515642274171114,
          "z": 0.006177506409585476
        },
        "scale": {
          "x": 1.0,
          "y": 1.0,
          "z": 1.0
        },
        "matrix_basis": [
          [
            0.999464213848114,
            -0.012519964016973972,
            -0.030240343883633614,
            0.0
          ],
          [
            0.012186378240585327,
            0.9998631477355957,
            -0.011190365068614483,
            0.0
          ],
          [
            0.030376309528946877,
            0.010815849527716637,
            0.9994800090789795,
            0.0
          ],
          [
            0.0,
            0.0,
            0.0,
            1.0
          ]
        ],
        "rotation_mode": "QUATERNION"
      },
      "armature_space": {
        "head": {
          "x": 0.3371433615684509,
          "y": -0.49201011657714844,
          "z": 0.4711120128631592
        },
        "tail": {
          "x": 0.30040207505226135,
          "y": -0.5844531059265137,
          "z": 0.40919551253318787
        }
      },
      "world_space": {
        "head": {
          "x": 0.3371433615684509,
          "y": -0.428766131401062,
          "z": 1.4209660291671753
        },
        "tail": {
          "x": 0.30040207505226135,
          "y": -0.5212091207504272,
          "z": 1.3590495586395264
        },
        "rotation_quaternion": {
          "w": 0.2704489231109619,
          "x": -0.9445116519927979,
          "y": 0.17994701862335205,
          "z": -0.04872741922736168
        },
        "matrix": [
          [
            0.9304892420768738,
            -0.31356772780418396,
            0.18938079476356506,
            0.3371433615684509
          ],
          [
            -0.36628103256225586,
            -0.7889531254768372,
            0.49334681034088135,
            -0.428766131401062
          ],
          [
            -0.0052854809910058975,
            -0.5284251570701599,
            -0.8489719033241272,
            1.4209660291671753
          ],
          [
            0.0,
            0.0,
            0.0,
            1.0
          ]
        ]
      },
      "bone_length_armature_space": 0.11717201518034367,
      "parent": "lowerarm_l",
      "has_children": true,
      "is_end_bone": false
    },
    "index_01_l": {
      "name": "index_01_l",
      "local": {
        "location": {
          "x": 0.0,
          "y": 0.0,
          "z": 0.0
        },
        "rotation_quaternion": {
          "w": 0.9979992508888245,
          "x": -0.06275622546672821,
          "y": 0.004118572920560837,
          "z": -0.0065032318234443665
        },
        "scale": {
          "x": 1.0,
          "y": 1.0,
          "z": 1.0
        },
        "matrix_basis": [
          [
            0.9998815059661865,
            0.012463509105145931,
            0.009036902338266373,
            0.0
          ],
          [
            -0.013497373089194298,
            0.9920387268066406,
            0.12520776689052582,
            0.0
          ],
          [
            -0.007404428906738758,
            -0.12531490623950958,
            0.9920893907546997,
            0.0
          ],
          [
            0.0,
            0.0,
            0.0,
            1.0
          ]
        ],
        "rotation_mode": "QUATERNION"
      },
      "armature_space": {
        "head": {
          "x": 0.30040207505226135,
          "y": -0.5844531059265137,
          "z": 0.40919551253318787
        },
        "tail": {
          "x": 0.30012547969818115,
          "y": -0.6119770407676697,
          "z": 0.4017505645751953
        }
      },
      "world_space": {
        "head": {
          "x": 0.30040207505226135,
          "y": -0.5212091207504272,
          "z": 1.3590495586395264
        },
        "tail": {
          "x": 0.30012547969818115,
          "y": -0.5487330555915833,
          "z": 1.3516045808792114
        },
        "rotation_quaternion": {
          "w": 0.13045644760131836,
          "x": -0.98581862449646,
          "y": 0.01866896077990532,
          "z": -0.10389640182256699
        },
        "matrix": [
          [
            0.9777140617370605,
            -0.009700623340904713,
            0.20971691608428955,
            0.30040207505226135
          ],
          [
            -0.06391622871160507,
            -0.9652652740478516,
            0.25333285331726074,
            -0.5212091207504272
          ],
          [
            0.19997638463974,
            -0.261094331741333,
            -0.944379985332489,
            1.3590495586395264
          ],
          [
            0.0,
            0.0,
            0.0,
            1.0
          ]
        ]
      },
      "bone_length_armature_space": 0.028514395587591813,
      "parent": "metacarpal_index_l",
      "has_children": true,
      "is_end_bone": false
    },
    "index_02_l": {
      "name": "index_02_l",
      "local": {
        "location": {
          "x": 0.0,
          "y": 0.0,
          "z": 0.0
        },
        "rotation_quaternion": {
          "w": 0.9834315776824951,
          "x": 0.18123109638690948,
          "y": -0.003657673019915819,
          "z": 0.0020943705458194017
        },
        "scale": {
          "x": 1.0,
          "y": 1.0,
          "z": 1.0
        },
        "matrix_basis": [
          [
            0.9999644756317139,
            -0.005445108283311129,
            -0.006435011979192495,
            0.0
          ],
          [
            0.0027935721445828676,
            0.9343017935752869,
            -0.35647207498550415,
            0.0
          ],
          [
            0.007953272201120853,
            0.3564414381980896,
            0.9342837929725647,
            0.0
          ],
          [
            0.0,
            0.0,
            0.0,
            1.0
          ]
        ],
        "rotation_mode": "QUATERNION"
      },
      "armature_space": {
        "head": {
          "x": 0.3001253008842468,
          "y": -0.6119773387908936,
          "z": 0.4017501175403595
        },
        "tail": {
          "x": 0.30163905024528503,
          "y": -0.6333169341087341,
          "z": 0.38759297132492065
        }
      },
      "world_space": {
        "head": {
          "x": 0.3001253008842468,
          "y": -0.5487333536148071,
          "z": 1.3516041040420532
        },
        "tail": {
          "x": 0.30163905024528503,
          "y": -0.5700729489326477,
          "z": 1.337446928024292
        },
        "rotation_quaternion": {
          "w": 0.28978246450424194,
          "x": -0.9545936584472656,
          "y": -0.01015331782400608,
          "z": -0.06836776435375214
        },
        "matrix": [
          [
            0.9904455542564392,
            0.059008073061704636,
            0.12464212626218796,
            0.3001253008842468
          ],
          [
            -0.020238755270838737,
            -0.8318463563919067,
            0.5546367168426514,
            -0.5487333536148071
          ],
          [
            0.1364121288061142,
            -0.5518649816513062,
            -0.8227096796035767,
            1.3516041040420532
          ],
          [
            0.0,
            0.0,
            0.0,
            1.0
          ]
        ]
      },
      "bone_length_armature_space": 0.025653353650168863,
      "parent": "index_01_l",
      "has_children": true,
      "is_end_bone": false
    },
    "index_03_l": {
      "name": "index_03_l",
      "local": {
        "location": {
          "x": 0.0,
          "y": 0.0,
          "z": 0.0
        },
        "rotation_quaternion": {
          "w": 0.9740682244300842,
          "x": 0.2258865237236023,
          "y": -0.008391279727220535,
          "z": -0.009801315143704414
        },
        "scale": {
          "x": 1.0,
          "y": 1.0,
          "z": 1.0
        },
        "matrix_basis": [
          [
            0.9996670484542847,
            0.015303345397114754,
            -0.0207753274589777,
            0.0
          ],
          [
            -0.02288525365293026,
            0.897758424282074,
            -0.43989327549934387,
            0.0
          ],
          [
            0.011919387616217136,
            0.44022226333618164,
            0.8978097438812256,
            0.0
          ],
          [
            0.0,
            0.0,
            0.0,
            1.0
          ]
        ],
        "rotation_mode": "QUATERNION"
      },
      "armature_space": {
        "head": {
          "x": 0.30163899064064026,
          "y": -0.6333169937133789,
          "z": 0.3875930905342102
        },
        "tail": {
          "x": 0.3086288571357727,
          "y": -0.6456478834152222,
          "z": 0.36204248666763306
        }
      },
      "world_space": {
        "head": {
          "x": 0.30163899064064026,
          "y": -0.5700730085372925,
          "z": 1.337447166442871
        },
        "tail": {
          "x": 0.3086288571357727,
          "y": -0.5824038982391357,
          "z": 1.311896562576294
        },
        "rotation_quaternion": {
          "w": 0.5313763618469238,
          "x": -0.8376450538635254,
          "y": -0.08142129331827164,
          "z": -0.09675038605928421
        },
        "matrix": [
          [
            0.9680199027061462,
            0.23922613263130188,
            0.0755530446767807,
            0.30163899064064026
          ],
          [
            0.033583901822566986,
            -0.4220200181007385,
            0.9059641361236572,
            -0.5700730085372925
          ],
          [
            0.2486170530319214,
            -0.8744608759880066,
            -0.4165599048137665,
            1.337447166442871
          ],
          [
            0.0,
            0.0,
            0.0,
            1.0
          ]
        ]
      },
      "bone_length_armature_space": 0.029218871425186546,
      "parent": "index_02_l",
      "has_children": false,
      "is_end_bone": true
    },
    "metacarpal_pinky_l": {
      "name": "metacarpal_pinky_l",
      "local": {
        "location": {
          "x": 0.0,
          "y": 0.0,
          "z": 0.0
        },
        "rotation_quaternion": {
          "w": 0.9993494749069214,
          "x": -0.03535247966647148,
          "y": 0.000483125913888216,
          "z": -0.007122976705431938
        },
        "scale": {
          "x": 1.0,
          "y": 1.0,
          "z": 1.0
        },
        "matrix_basis": [
          [
            0.9998980760574341,
            0.014202526770532131,
            0.0014692529803141952,
            0.0
          ],
          [
            -0.014270845800638199,
            0.9973989129066467,
            0.0706520825624466,
            0.0
          ],
          [
            -0.0004619934770744294,
            -0.07066584378480911,
            0.997499942779541,
            0.0
          ],
          [
            0.0,
            0.0,
            0.0,
            1.0
          ]
        ],
        "rotation_mode": "QUATERNION"
      },
      "armature_space": {
        "head": {
          "x": 0.3371433615684509,
          "y": -0.49201011657714844,
          "z": 0.4711120128631592
        },
        "tail": {
          "x": 0.35222554206848145,
          "y": -0.5939783453941345,
          "z": 0.45633938908576965
        }
      },
      "world_space": {
        "head": {
          "x": 0.3371433615684509,
          "y": -0.428766131401062,
          "z": 1.4209660291671753
        },
        "tail": {
          "x": 0.35222554206848145,
          "y": -0.5307343602180481,
          "z": 1.4061933755874634
        },
        "rotation_quaternion": {
          "w": 0.026932379230856895,
          "x": 0.501438558101654,
          "y": 0.09827767312526703,
          "z": -0.859171450138092
        },
        "matrix": [
          [
            -0.49566835165023804,
            0.14483878016471863,
            -0.856349527835846,
            0.3371433615684509
          ],
          [
            0.05228090658783913,
            -0.9792324304580688,
            -0.19588366150856018,
            -0.428766131401062
          ],
          [
            -0.8669431209564209,
            -0.14186611771583557,
            0.47780531644821167,
            1.4209660291671753
          ],
          [
            0.0,
            0.0,
            0.0,
            1.0
          ]
        ]
      },
      "bone_length_armature_space": 0.10413079513366086,
      "parent": "lowerarm_l",
      "has_children": true,
      "is_end_bone": false
    },
    "pinky_01_l": {
      "name": "pinky_01_l",
      "local": {
        "location": {
          "x": 0.0,
          "y": 0.0,
          "z": 0.0
        },
        "rotation_quaternion": {
          "w": 0.999549150466919,
          "x": 0.029106412082910538,
          "y": -0.006004958413541317,
          "z": 0.004299124237149954
        },
        "scale": {
          "x": 1.0,
          "y": 1.0,
          "z": 1.0
        },
        "matrix_basis": [
          [
            0.999890923500061,
            -0.008943937718868256,
            -0.011754238046705723,
            0.0
          ],
          [
            0.008244805969297886,
            0.9982686638832092,
            -0.05823821201920509,
            0.0
          ],
          [
            0.012254766188561916,
            0.05813494697213173,
            0.9982334971427917,
            0.0
          ],
          [
            0.0,
            0.0,
            0.0,
            1.0
          ]
        ],
        "rotation_mode": "QUATERNION"
      },
      "armature_space": {
        "head": {
          "x": 0.35222554206848145,
          "y": -0.5939783453941345,
          "z": 0.45633938908576965
        },
        "tail": {
