{
  "metadata": {
    "armature_name": "KIM_caucasian_male",
    "export_time": "2026-01-13T21:05:45.033847",
    "blender_version": "4.4.1",
    "bone_count": 56,
    "end_bone_count": 13,
    "spaces_included": [
      "LOCAL_CHANNELS",
      "ARMATURE_SPACE",
      "WORLD_SPACE"
    ],
    "note": "LOCAL matches Transform panel; replay pose via local.matrix_basis for best fidelity."
  },
  "bones": {
    "Root": {
      "name": "Root",
      "local": {
        "location": {
          "x": 0.0,
          "y": 0.0,
          "z": 0.0
        },
        "rotation_quaternion": {
          "w": 0.9993878602981567,
          "x": -0.01704629883170128,
          "y": -0.012652398087084293,
          "z": 0.02780861221253872
        },
        "scale": {
          "x": 1.0,
          "y": 1.0,
          "z": 1.0
        },
        "matrix_basis": [
          [
            0.9981331825256348,
            -0.05515182763338089,
            -0.026237374171614647,
            0.0
          ],
          [
            0.0560145303606987,
            0.9978722333908081,
            0.03336803615093231,
            0.0
          ],
          [
            0.024341238662600517,
            -0.034775421023368835,
            0.9990986585617065,
            0.0
          ],
          [
            0.0,
            0.0,
            0.0,
            1.0
          ]
        ],
        "rotation_mode": "QUATERNION"
      },
      "armature_space": {
        "head": {
          "x": 0.0,
          "y": 0.07072800397872925,
          "z": -0.009595036506652832
        },
        "tail": {
          "x": -0.0039365096017718315,
          "y": 0.00048416852951049805,
          "z": 0.0024391980841755867
        }
      },
      "world_space": {
        "head": {
          "x": 0.0,
          "y": 0.13397200405597687,
          "z": 0.9402589797973633
        },
        "tail": {
          "x": -0.0039365096017718315,
          "y": 0.06372816860675812,
          "z": 0.9522932171821594
        },
        "rotation_quaternion": {
          "w": 0.08433398604393005,
          "x": 0.9959691166877747,
          "y": -0.028597800061106682,
          "z": -0.010750244371592999
        },
        "matrix": [
          [
            0.9981331825256348,
            -0.05515182763338089,
            -0.026237374171614647,
            0.0
          ],
          [
            -0.05877828225493431,
            -0.9841398596763611,
            -0.1673736870288849,
            0.13397200405597687
          ],
          [
            -0.016590451821684837,
            0.16860368847846985,
            -0.9855513572692871,
            0.9402589797973633
          ],
          [
            0.0,
            0.0,
            0.0,
            1.0
          ]
        ]
      },
      "bone_length_armature_space": 0.07137587314384684,
      "parent": null,
      "has_children": true,
      "is_end_bone": false
    },
    "spine_01": {
      "name": "spine_01",
      "local": {
        "location": {
          "x": 0.0,
          "y": 0.0,
          "z": 0.0
        },
        "rotation_quaternion": {
          "w": 0.9985638856887817,
          "x": 0.043569907546043396,
          "y": -0.0006447136402130127,
          "z": 0.03116830624639988
        },
        "scale": {
          "x": 1.0,
          "y": 1.0,
          "z": 1.0
        },
        "matrix_basis": [
          [
            0.9980562329292297,
            -0.062303271144628525,
            0.0014284249627962708,
            0.0
          ],
          [
            0.062190908938646317,
            0.9942603707313538,
            -0.08705486357212067,
            0.0
          ],
          [
            0.004003576003015041,
            0.08697448670864105,
            0.9962024688720703,
            0.0
          ],
          [
            0.0,
            0.0,
            0.0,
            1.0
          ]
        ],
        "rotation_mode": "QUATERNION"
      },
      "armature_space": {
        "head": {
          "x": -0.0039365096017718315,
          "y": 0.00048416852951049805,
          "z": 0.0024391980841755867
        },
        "tail": {
          "x": -0.026386547833681107,
          "y": -0.0010728841880336404,
          "z": 0.48992469906806946
        }
      },
      "world_space": {
        "head": {
          "x": -0.0039365096017718315,
          "y": 0.06372816860675812,
          "z": 0.9522932171821594
        },
        "tail": {
          "x": -0.026386547833681107,
          "y": 0.06217111647129059,
          "z": 1.4397786855697632
        },
        "rotation_quaternion": {
          "w": 0.7050285935401917,
          "x": 0.7082220911979675,
          "y": -0.036594048142433167,
          "z": -0.004134151618927717
        },
        "matrix": [
          [
            0.9972875714302063,
            -0.04600406438112259,
            -0.05745581537485123,
            -0.0039365096017718315
          ],
          [
            -0.05766311287879944,
            -0.0031906738877296448,
            -0.9983310103416443,
            0.06372816860675812
          ],
          [
            0.04574422538280487,
            0.9989431500434875,
            -0.005835682153701782,
            0.9522932171821594
          ],
          [
            0.0,
            0.0,
            0.0,
            1.0
          ]
        ]
      },
      "bone_length_armature_space": 0.48800464956209233,
      "parent": "Root",
      "has_children": true,
      "is_end_bone": false
    },
    "neck_01": {
      "name": "neck_01",
      "local": {
        "location": {
          "x": 0.0,
          "y": 0.0,
          "z": 0.0
        },
        "rotation_quaternion": {
          "w": 0.9890890121459961,
          "x": -0.11534631252288818,
          "y": -0.09114265441894531,
          "z": 0.009553415700793266
        },
        "scale": {
          "x": 1.0,
          "y": 1.0,
          "z": 1.0
        },
        "matrix_basis": [
          [
            0.9832034707069397,
            0.002127581275999546,
            -0.18250030279159546,
            0.0
          ],
          [
            0.039924293756484985,
            0.973207950592041,
            0.22643409669399261,
            0.0
          ],
          [
            0.17809249460697174,
            -0.2299169898033142,
            0.95677649974823,
            0.0
          ],
          [
            0.0,
            0.0,
            0.0,
            1.0
          ]
        ],
        "rotation_mode": "QUATERNION"
      },
      "armature_space": {
        "head": {
          "x": -0.0317474901676178,
          "y": -0.035929061472415924,
          "z": 0.5628634095191956
        },
        "tail": {
          "x": -0.03707191348075867,
          "y": -0.05234085023403168,
          "z": 0.6639231443405151
        }
      },
      "world_space": {
        "head": {
          "x": -0.0317474901676178,
          "y": 0.027314938604831696,
          "z": 1.5127174854278564
        },
        "tail": {
          "x": -0.03707191348075867,
          "y": 0.010903149843215942,
          "z": 1.6137771606445312
        },
        "rotation_quaternion": {
          "w": 0.640962541103363,
          "x": 0.7581474781036377,
          "y": -0.09552925080060959,
          "z": -0.07248150557279587
        },
        "matrix": [
          [
            0.9712410569190979,
            -0.05193476378917694,
            -0.23236487805843353,
            -0.0317474901676178
          ],
          [
            -0.2377665936946869,
            -0.160081684589386,
            -0.9580402374267578,
            0.027314938604831696
          ],
          [
            0.012558095157146454,
            0.9857433438301086,
            -0.16782832145690918,
            1.5127174854278564
          ],
          [
            0.0,
            0.0,
            0.0,
            1.0
          ]
        ]
      },
      "bone_length_armature_space": 0.1025220264764637,
      "parent": "spine_01",
      "has_children": true,
      "is_end_bone": false
    },
    "head": {
      "name": "head",
      "local": {
        "location": {
          "x": 0.0,
          "y": 0.0,
          "z": 0.0
        },
        "rotation_quaternion": {
          "w": 0.9527660012245178,
          "x": -0.17194630205631256,
          "y": -0.0687325969338417,
          "z": 0.2407224327325821
        },
        "scale": {
          "x": 1.0,
          "y": 1.0,
          "z": 1.0
        },
        "matrix_basis": [
          [
            0.8746570944786072,
            -0.43506765365600586,
            -0.2137548327445984,
            0.0
          ],
          [
            0.482340931892395,
            0.8249743580818176,
            0.29455822706222534,
            0.0
          ],
          [
            0.048189498484134674,
            -0.36074012517929077,
            0.931420624256134,
            0.0
          ],
          [
            0.0,
            0.0,
            0.0,
            1.0
          ]
        ],
        "rotation_mode": "QUATERNION"
      },
      "armature_space": {
        "head": {
          "x": -0.037071943283081055,
          "y": -0.05234098434448242,
          "z": 0.6639230847358704
        },
        "tail": {
          "x": -0.08475077152252197,
          "y": 0.04229363054037094,
          "z": 0.7771670818328857
        }
      },
      "world_space": {
        "head": {
          "x": -0.037071943283081055,
          "y": 0.010903015732765198,
          "z": 1.6137771606445312
        },
        "tail": {
          "x": -0.08475077152252197,
          "y": 0.10553763061761856,
          "z": 1.7270210981369019
        },
        "rotation_quaternion": {
          "w": 0.8567718267440796,
          "x": 0.4394091069698334,
          "y": -0.26652753353118896,
          "z": 0.04271700233221054
        },
        "matrix": [
          [
            0.8542772531509399,
            -0.307426393032074,
            -0.4191650450229645,
            -0.037071943283081055
          ],
          [
            -0.16103041172027588,
            0.610190749168396,
            -0.7757169008255005,
            0.010903015732765198
          ],
          [
            0.4942498207092285,
            0.7301812767982483,
            0.47176969051361084,
            1.6137771606445312
          ],
          [
            0.0,
            0.0,
            0.0,
            1.0
          ]
        ]
      },
      "bone_length_armature_space": 0.15509088974769475,
      "parent": "neck_01",
      "has_children": false,
      "is_end_bone": true
    },
    "upperarm_l": {
      "name": "upperarm_l",
      "local": {
        "location": {
          "x": 0.0,
          "y": 0.0,
          "z": 0.0
        },
        "rotation_quaternion": {
          "w": 0.9010865092277527,
          "x": 0.42095881700515747,
          "y": 0.09225749969482422,
          "z": 0.04822216182947159
        },
        "scale": {
          "x": 1.0,
          "y": 1.0,
          "z": 1.0
        },
        "matrix_basis": [
          [
            0.9783263802528381,
            -0.009231463074684143,
            0.20686306059360504,
            0.0
          ],
          [
            0.1645779013633728,
            0.6409366130828857,
            -0.7497429251670837,
            0.0
          ],
          [
            -0.12566488981246948,
            0.76753830909729,
            0.6285644769668579,
            0.0
          ],
          [
            0.0,
            0.0,
            0.0,
            1.0
          ]
        ],
        "rotation_mode": "QUATERNION"
      },
      "armature_space": {
        "head": {
          "x": 0.12075425684452057,
          "y": -0.04754789546132088,
          "z": 0.5025696754455566
        },
        "tail": {
          "x": 0.2887139916419983,
          "y": -0.2563461363315582,
          "z": 0.5032374262809753
        }
      },
      "world_space": {
        "head": {
          "x": 0.12075425684452057,
          "y": 0.015696104615926743,
          "z": 1.4524236917495728
        },
        "tail": {
          "x": 0.2887139916419983,
          "y": -0.1931021362543106,
          "z": 1.4530913829803467
        },
        "rotation_quaternion": {
          "w": 0.20536842942237854,
          "x": 0.7437710165977478,
          "y": 0.26120904088020325,
          "z": -0.5799984931945801
        },
        "matrix": [
          [
            0.19074279069900513,
            0.626787006855011,
            -0.7554835677146912,
            0.12075425684452057
          ],
          [
            0.15033262968063354,
            -0.7791867256164551,
            -0.6084967255592346,
            0.015696104615926743
          ],
          [
            -0.9700672030448914,
            0.0024918243288993835,
            -0.24285295605659485,
            1.4524236917495728
          ],
          [
            0.0,
            0.0,
            0.0,
            1.0
          ]
        ]
      },
      "bone_length_armature_space": 0.2679694488018644,
      "parent": "spine_01",
      "has_children": true,
      "is_end_bone": false
    },
    "lowerarm_l": {
      "name": "lowerarm_l",
      "local": {
        "location": {
          "x": 0.0,
          "y": 0.0,
          "z": 0.0
        },
        "rotation_quaternion": {
          "w": 0.9663044214248657,
          "x": 0.0578695647418499,
          "y": 0.016421567648649216,
          "z": -0.25027450919151306
        },
        "scale": {
          "x": 1.0,
          "y": 1.0,
          "z": 1.0
        },
        "matrix_basis": [
          [
            0.8741859793663025,
            0.4855833351612091,
            0.0027699130587279797,
            0.0
          ],
          [
            -0.48178210854530334,
            0.8680275678634644,
            -0.12005903571844101,
            0.0
          ],
          [
            -0.06070302054286003,
            0.10361943393945694,
            0.9927628636360168,
            0.0
          ],
          [
            0.0,
            0.0,
            0.0,
            1.0
          ]
        ],
        "rotation_mode": "QUATERNION"
      },
      "armature_space": {
        "head": {
          "x": 0.2887139916419983,
          "y": -0.2563462257385254,
          "z": 0.5032375454902649
        },
        "tail": {
          "x": 0.40080517530441284,
          "y": -0.46643131971359253,
          "z": 0.38129734992980957
        }
      },
      "world_space": {
        "head": {
          "x": 0.2887139916419983,
          "y": -0.19310222566127777,
          "z": 1.4530916213989258
        },
        "tail": {
          "x": 0.40080517530441284,
          "y": -0.4031873345375061,
          "z": 1.3311513662338257
        },
        "rotation_quaternion": {
          "w": 0.015060199424624443,
          "x": -0.6706894636154175,
          "y": -0.3273009955883026,
          "z": 0.6654494404792786
        },
        "matrix": [
          [
            -0.09989804029464722,
            0.41899412870407104,
            -0.9024768471717834,
            0.2887139916419983
          ],
          [
            0.4590780735015869,
            -0.7852929830551147,
            -0.4154059588909149,
            -0.19310222566127777
          ],
          [
            -0.8827672600746155,
            -0.45580950379371643,
            -0.11390290409326553,
            1.4530916213989258
          ],
          [
            0.0,
            0.0,
            0.0,
            1.0
          ]
        ]
      },
      "bone_length_armature_space": 0.26752493496740226,
      "parent": "upperarm_l",
      "has_children": true,
      "is_end_bone": false
    },
    "metacarpal_thumb_l": {
      "name": "metacarpal_thumb_l",
      "local": {
        "location": {
          "x": 0.0,
          "y": 0.0,
          "z": 0.0
        },
        "rotation_quaternion": {
          "w": 0.9997872710227966,
          "x": -0.003172229276970029,
          "y": 0.01453070342540741,
          "z": 0.01429443247616291
        },
        "scale": {
          "x": 1.0,
          "y": 1.0,
          "z": 1.0
        },
        "matrix_basis": [
          [
            0.9991690516471863,
            -0.02867497317492962,
            0.028964534401893616,
            0.0
          ],
          [
            0.028490593656897545,
            0.9995712041854858,
            0.006758525036275387,
            0.0
          ],
          [
            -0.029145915061235428,
            -0.005927692633122206,
            0.999557614326477,
            0.0
          ],
          [
            0.0,
            0.0,
            0.0,
            1.0
          ]
        ],
        "rotation_mode": "QUATERNION"
      },
      "armature_space": {
        "head": {
          "x": 0.40080517530441284,
          "y": -0.46643131971359253,
          "z": 0.38129734992980957
        },
        "tail": {
          "x": 0.3886420428752899,
          "y": -0.5050674676895142,
          "z": 0.3527858555316925
        }
      },
      "world_space": {
        "head": {
          "x": 0.40080517530441284,
          "y": -0.4031873345375061,
          "z": 1.3311513662338257
        },
        "tail": {
          "x": 0.3886420428752899,
          "y": -0.44182348251342773,
          "z": 1.3026398420333862
        },
        "rotation_quaternion": {
          "w": 0.31595924496650696,
          "x": -0.9392094016075134,
          "y": 0.10085175186395645,
          "z": 0.08879410475492477
        },
        "matrix": [
          [
            0.9638892412185669,
            -0.24555259943008423,
            -0.10306169092655182,
            0.40080517530441284
          ],
          [
            -0.13333174586296082,
            -0.7799974679946899,
            0.6114134192466736,
            -0.4031873345375061
          ],
          [
            -0.23052383959293365,
            -0.5755980014801025,
            -0.7845762372016907,
            1.3311513662338257
          ],
          [
            0.0,
            0.0,
            0.0,
            1.0
          ]
        ]
      },
      "bone_length_armature_space": 0.049533816525962476,
      "parent": "lowerarm_l",
      "has_children": true,
      "is_end_bone": false
    },
    "thumb_01_l": {
      "name": "thumb_01_l",
      "local": {
        "location": {
          "x": 0.0,
          "y": 0.0,
          "z": 0.0
        },
        "rotation_quaternion": {
          "w": 0.9667776823043823,
          "x": 0.2547900080680847,
          "y": 0.019363855943083763,
          "z": 0.006928569637238979
        },
        "scale": {
          "x": 1.0,
          "y": 1.0,
          "z": 1.0
        },
        "matrix_basis": [
          [
            0.9991540908813477,
            -0.003529338864609599,
            0.040971748530864716,
            0.0
          ],
          [
            0.02326420694589615,
            0.8700680732727051,
            -0.4923822581768036,
            0.0
          ],
          [
            -0.03391042724251747,
            0.4929189085960388,
            0.869414210319519,
            0.0
          ],
          [
            0.0,
            0.0,
            0.0,
            1.0
          ]
        ],
        "rotation_mode": "QUATERNION"
      },
      "armature_space": {
        "head": {
          "x": 0.3886420428752899,
          "y": -0.5050674676895142,
          "z": 0.3527858555316925
        },
        "tail": {
          "x": 0.39369451999664307,
          "y": -0.508711576461792,
          "z": 0.3193219304084778
        }
      },
      "world_space": {
        "head": {
          "x": 0.3886420428752899,
          "y": -0.44182348251342773,
          "z": 1.3026398420333862
        },
        "tail": {
          "x": 0.39369451999664307,
          "y": -0.44546759128570557,
          "z": 1.2691760063171387
        },
        "rotation_quaternion": {
          "w": 0.473720520734787,
          "x": -0.4432241916656494,
          "y": 0.47123172879219055,
          "z": -0.5975633263587952
        },
        "matrix": [
          [
            -0.15828189253807068,
            0.1484338939189911,
            0.976173460483551,
            0.3886420428752899
          ],
          [
            -0.9838785529136658,
            -0.10705883800983429,
            -0.1432522088289261,
            -0.44182348251342773
          ],
          [
            0.0832444429397583,
            -0.9831174612045288,
            0.16298732161521912,
            1.3026398420333862
          ],
          [
            0.0,
            0.0,
            0.0,
            1.0
          ]
        ]
      },
      "bone_length_armature_space": 0.03403882059478231,
      "parent": "metacarpal_thumb_l",
      "has_children": true,
      "is_end_bone": false
    },
    "thumb_02_l": {
      "name": "thumb_02_l",
      "local": {
        "location": {
          "x": 0.0,
          "y": 0.0,
          "z": 0.0
        },
        "rotation_quaternion": {
          "w": 0.9087358713150024,
          "x": 0.41726154088974,
          "y": -0.008494426496326923,
          "z": -0.004470615182071924
        },
        "scale": {
          "x": 1.0,
          "y": 1.0,
          "z": 1.0
        },
        "matrix_basis": [
          [
            0.9998157024383545,
            0.0010364217450842261,
            -0.019169211387634277,
            0.0
          ],
          [
            -0.015214012004435062,
            0.651745617389679,
            -0.7582851052284241,
            0.0
          ],
          [
            0.0117075489833951,
            0.7584370374679565,
            0.651641309261322,
            0.0
          ],
          [
            0.0,
            0.0,
            0.0,
            1.0
          ]
        ],
        "rotation_mode": "QUATERNION"
      },
      "armature_space": {
        "head": {
          "x": 0.3936944603919983,
          "y": -0.508711576461792,
          "z": 0.3193219304084778
        },
        "tail": {
          "x": 0.4155649244785309,
          "y": -0.5357728004455566,
          "z": 0.3393857777118683
        }
      },
      "world_space": {
        "head": {
          "x": 0.3936944603919983,
          "y": -0.44546759128570557,
          "z": 1.2691760063171387
        },
        "tail": {
          "x": 0.4155649244785309,
          "y": -0.4725288152694702,
          "z": 1.289239764213562
        },
        "rotation_quaternion": {
          "w": 0.3127303123474121,
          "x": 0.052275076508522034,
          "y": -0.2555757462978363,
          "z": -0.913317084312439
        },
        "matrix": [
          [
            -0.7989339828491211,
            0.5445236563682556,
            -0.2553409934043884,
            0.3936944603919983
          ],
          [
            -0.5979649424552917,
            -0.6737611889839172,
            0.4341471791267395,
            -0.44546759128570557
          ],
          [
            0.06436466425657272,
            0.49954283237457275,
            0.8639031648635864,
            1.2691760063171387
          ],
          [
            0.0,
            0.0,
            0.0,
            1.0
          ]
        ]
      },
      "bone_length_armature_space": 0.04016447415699272,
      "parent": "thumb_01_l",
      "has_children": true,
      "is_end_bone": false
    },
    "thumb_03_l": {
      "name": "thumb_03_l",
      "local": {
        "location": {
          "x": 0.0,
          "y": 0.0,
          "z": 0.0
        },
        "rotation_quaternion": {
          "w": 0.989528477191925,
          "x": 0.14423581957817078,
          "y": 0.004237353336066008,
          "z": 0.003404280636459589
        },
        "scale": {
          "x": 1.0,
          "y": 1.0,
          "z": 1.0
        },
        "matrix_basis": [
          [
            0.9999409317970276,
            -0.0055149090476334095,
            0.00936800241470337,
            0.0
          ],
          [
            0.007959621958434582,
            0.9583688974380493,
            -0.28542205691337585,
            0.0
          ],
          [
            -0.007403925061225891,
            0.28547975420951843,
            0.9583561420440674,
            0.0
          ],
          [
            0.0,
            0.0,
            0.0,
            1.0
          ]
        ],
        "rotation_mode": "QUATERNION"
      },
      "armature_space": {
        "head": {
          "x": 0.4155648946762085,
          "y": -0.5357728004455566,
          "z": 0.3393856883049011
        },
        "tail": {
          "x": 0.42687714099884033,
          "y": -0.5455248355865479,
          "z": 0.36591553688049316
        }
      },
      "world_space": {
        "head": {
          "x": 0.4155648946762085,
          "y": -0.4725288152694702,
          "z": 1.2892396450042725
        },
        "tail": {
          "x": 0.42687714099884033,
          "y": -0.4822808504104614,
          "z": 1.3157695531845093
        },
        "rotation_quaternion": {
          "w": 0.4073885381221771,
          "x": 0.2943466007709503,
          "y": -0.4169839024543762,
          "z": -0.7573104500770569
        },
        "matrix": [
          [
            -0.4947882294654846,
            0.3715645968914032,
            -0.7855730056762695,
            0.4155648946762085
          ],
          [
            -0.8625156283378601,
            -0.32031723856925964,
            0.3917447328567505,
            -0.4725288152694702
          ],
          [
            -0.10607544332742691,
            0.8714054226875305,
            0.4789731502532959,
            1.2892396450042725
          ],
          [
            0.0,
            0.0,
            0.0,
            1.0
          ]
        ]
      },
      "bone_length_armature_space": 0.030445065299377547,
      "parent": "thumb_02_l",
      "has_children": false,
      "is_end_bone": true
    },
    "metacarpal_index_l": {
      "name": "metacarpal_index_l",
      "local": {
        "location": {
          "x": 0.0,
          "y": 0.0,
          "z": 0.0
        },
        "rotation_quaternion": {
          "w": 0.9976171255111694,
          "x": -0.06889347732067108,
          "y": 0.0020533965434879065,
          "z": -0.003117047483101487
        },
        "scale": {
          "x": 1.0,
          "y": 1.0,
          "z": 1.0
        },
        "matrix_basis": [
          [
            0.9999721646308899,
            0.005936308763921261,
            0.0045264954678714275,
            0.0
          ],
          [
            -0.006502171047031879,
            0.9904879331588745,
            0.1374458223581314,
            0.0
          ],
          [
            -0.0036675187293440104,
            -0.13747142255306244,
            0.990498960018158,
            0.0
          ],
          [
            0.0,
            0.0,
            0.0,
            1.0
          ]
        ],
        "rotation_mode": "QUATERNION"
      },
      "armature_space": {
        "head": {
          "x": 0.40080517530441284,
          "y": -0.46643131971359253,
          "z": 0.38129734992980957
        },
        "tail": {
          "x": 0.4257001578807831,
          "y": -0.569932758808136,
          "z": 0.33233875036239624
        }
      },
      "world_space": {
        "head": {
          "x": 0.40080517530441284,
          "y": -0.4031873345375061,
          "z": 1.3311513662338257
        },
        "tail": {
          "x": 0.4257001578807831,
          "y": -0.5066887736320496,
          "z": 1.2821927070617676
        },
        "rotation_quaternion": {
          "w": 0.16799481213092804,
          "x": -0.9176620244979858,
          "y": -0.17352864146232605,
          "z": 0.3155345022678375
        },
        "matrix": [
          [
            0.7406514883041382,
            0.21246585249900818,
            -0.6374117732048035,
            0.40080517530441284
          ],
          [
            0.4244977533817291,
            -0.8833312392234802,
            0.19881495833396912,
            -0.4031873345375061
          ],
          [
            -0.5208077430725098,
            -0.41783618927001953,
            -0.7444370985031128,
            1.3311513662338257
          ],
          [
            0.0,
            0.0,
            0.0,
            1.0
          ]
        ]
      },
      "bone_length_armature_space": 0.11717189396815332,
      "parent": "lowerarm_l",
      "has_children": true,
      "is_end_bone": false
    },
    "index_01_l": {
      "name": "index_01_l",
      "local": {
        "location": {
          "x": 0.0,
          "y": 0.0,
          "z": 0.0
        },
        "rotation_quaternion": {
          "w": 0.9350312352180481,
          "x": 0.3545230031013489,
          "y": 0.0004078165511600673,
          "z": -0.005474884994328022
        },
        "scale": {
          "x": 1.0,
          "y": 1.0,
          "z": 1.0
        },
        "matrix_basis": [
          [
            0.9999397397041321,
            0.010527537204325199,
            -0.003119302913546562,
            0.0
          ],
          [
            -0.00994921661913395,
            0.7485669255256653,
            -0.6629846096038818,
            0.0
          ],
          [
            -0.0046445876359939575,
            0.6629756689071655,
            0.7486265301704407,
            0.0
          ],
          [
            0.0,
            0.0,
            0.0,
            1.0
          ]
        ],
        "rotation_mode": "QUATERNION"
      },
      "armature_space": {
        "head": {
          "x": 0.4257001578807831,
          "y": -0.569932758808136,
          "z": 0.33233875036239624
        },
        "tail": {
          "x": 0.42668551206588745,
          "y": -0.5825409293174744,
          "z": 0.3067820966243744
        }
      },
      "world_space": {
        "head": {
          "x": 0.4257001578807831,
          "y": -0.5066887736320496,
          "z": 1.2821927070617676
        },
        "tail": {
          "x": 0.42668551206588745,
          "y": -0.5192969441413879,
          "z": 1.256636142730713
        },
        "rotation_quaternion": {
          "w": 0.4694353938102722,
          "x": -0.7692292332649231,
          "y": -0.24196264147758484,
          "z": 0.359681636095047
        },
        "matrix": [
          [
            0.6241669058799744,
            0.03455600142478943,
            -0.7805265188217163,
            0.4257001578807831
          ],
          [
            0.7099438905715942,
            -0.4421694278717041,
            0.5481474995613098,
            -0.5066887736320496
          ],
          [
            -0.326185017824173,
            -0.8962724208831787,
            -0.300522118806839,
            1.2821927070617676
          ],
          [
            0.0,
            0.0,
            0.0,
            1.0
          ]
        ]
      },
      "bone_length_armature_space": 0.028514548287212234,
      "parent": "metacarpal_index_l",
      "has_children": true,
      "is_end_bone": false
    },
    "index_02_l": {
      "name": "index_02_l",
      "local": {
        "location": {
          "x": 0.0,
          "y": 0.0,
          "z": 0.0
        },
        "rotation_quaternion": {
          "w": 0.8969205617904663,
          "x": 0.4420988857746124,
          "y": -0.008286667987704277,
          "z": -0.003676620777696371
        },
        "scale": {
          "x": 1.0,
          "y": 1.0,
          "z": 1.0
        },
        "matrix_basis": [
          [
            0.9998356103897095,
            -0.0007317798445001245,
            -0.018115825951099396,
            0.0
          ],
          [
            -0.013922327198088169,
            0.6090701222419739,
            -0.7929942011833191,
            0.0
          ],
          [
            0.01161410566419363,
            0.7931160926818848,
            0.6089597940444946,
            0.0
          ],
          [
            0.0,
            0.0,
            0.0,
            1.0
          ]
        ],
        "rotation_mode": "QUATERNION"
      },
      "armature_space": {
        "head": {
          "x": 0.4266851246356964,
          "y": -0.5825411081314087,
          "z": 0.3067817687988281
        },
        "tail": {
          "x": 0.41130390763282776,
          "y": -0.5795514583587646,
          "z": 0.28646978735923767
        }
      },
      "world_space": {
        "head": {
          "x": 0.4266851246356964,
          "y": -0.5192971229553223,
          "z": 1.2566357851028442
        },
        "tail": {
          "x": 0.41130390763282776,
          "y": -0.5163074731826782,
          "z": 1.2363238334655762
        },
        "rotation_quaternion": {
          "w": 0.7419462203979492,
          "x": -0.47875550389289856,
          "y": -0.08824479579925537,
          "z": 0.46100109815597534
        },
        "matrix": [
          [
            0.559379518032074,
            -0.599580705165863,
            -0.5723615288734436,
            0.4266851246356964
          ],
          [
            0.7685730457305908,
            0.11654061079025269,
            0.6290575861930847,
            -0.5192971229553223
          ],
          [
            -0.3104691207408905,
            -0.7917892932891846,
            0.5260162353515625,
            1.2566357851028442
          ],
          [
            0.0,
            0.0,
            0.0,
            1.0
          ]
        ]
      },
      "bone_length_armature_space": 0.02565339043731865,
      "parent": "index_01_l",
      "has_children": true,
      "is_end_bone": false
    },
    "index_03_l": {
      "name": "index_03_l",
      "local": {
        "location": {
          "x": 0.0,
          "y": 0.0,
          "z": 0.0
        },
        "rotation_quaternion": {
          "w": 0.9214814305305481,
          "x": 0.3882526457309723,
          "y": 0.01147417537868023,
          "z": 0.0004370114183984697
        },
        "scale": {
          "x": 1.0,
          "y": 1.0,
          "z": 1.0
        },
        "matrix_basis": [
          [
            0.9997363090515137,
            0.008104362525045872,
            0.021485820412635803,
            0.0
          ],
          [
            0.009715153835713863,
            0.6985194087028503,
            -0.7155251502990723,
            0.0
          ],
          [
            -0.020807137712836266,
            0.7155452370643616,
            0.6982564330101013,
            0.0
          ],
          [
            0.0,
            0.0,
            0.0,
            1.0
          ]
        ],
        "rotation_mode": "QUATERNION"
      },
      "armature_space": {
        "head": {
          "x": 0.4113039970397949,
          "y": -0.5795515179634094,
          "z": 0.2864696979522705
        },
        "tail": {
          "x": 0.3894065320491791,
          "y": -0.5605591535568237,
          "z": 0.2827922999858856
        }
      },
      "world_space": {
        "head": {
          "x": 0.4113039970397949,
          "y": -0.516307532787323,
          "z": 1.2363237142562866
        },
        "tail": {
          "x": 0.3894065320491791,
          "y": -0.4973151683807373,
          "z": 1.2326463460922241
        },
        "rotation_quaternion": {
          "w": 0.9011947512626648,
          "x": -0.12023091316223145,
          "y": 0.11336681246757507,
          "z": 0.40067529678344727
        },
        "matrix": [
          [
            0.653214693069458,
            -0.7494333982467651,
            0.10798326134681702,
            0.4113039970397949
          ],
          [
            0.6949124932289124,
            0.6500071287155151,
            0.30754995346069336,
            -0.516307532787323
          ],
          [
            -0.3006798326969147,
            -0.12585780024528503,
            0.9453918933868408,
            1.2363237142562866
          ],
          [
            0.0,
            0.0,
            0.0,
            1.0
          ]
        ]
      },
      "bone_length_armature_space": 0.029218694825833714,
      "parent": "index_02_l",
      "has_children": false,
      "is_end_bone": true
    },
    "metacarpal_pinky_l": {
      "name": "metacarpal_pinky_l",
      "local": {
        "location": {
          "x": 0.0,
          "y": 0.0,
          "z": 0.0
        },
        "rotation_quaternion": {
          "w": 0.9996728301048279,
          "x": -0.023597823455929756,
          "y": 0.0035351004917174578,
          "z": 0.009218448773026466
        },
        "scale": {
          "x": 1.0,
          "y": 1.0,
          "z": 1.0
        },
        "matrix_basis": [
          [
            0.9998050332069397,
            -0.018597707152366638,
            0.006632816977798939,
            0.0
          ],
          [
            0.01826402358710766,
            0.9987163543701172,
            0.04724538326263428,
            0.0
          ],
          [
            -0.00750295864418149,
            -0.0471150279045105,
            0.9988613128662109,
            0.0
          ],
          [
            0.0,
            0.0,
            0.0,
            1.0
          ]
        ],
        "rotation_mode": "QUATERNION"
      },
      "armature_space": {
        "head": {
          "x": 0.40080517530441284,
          "y": -0.46643131971359253,
          "z": 0.38129734992980957
        },
        "tail": {
          "x": 0.4726640284061432,
          "y": -0.5269037485122681,
          "z": 0.3363235890865326
        }
      },
      "world_space": {
        "head": {
          "x": 0.40080517530441284,
          "y": -0.4031873345375061,
          "z": 1.3311513662338257
        },
        "tail": {
          "x": 0.4726640284061432,
          "y": -0.46365976333618164,
          "z": 1.286177635192871
        },
        "rotation_quaternion": {
          "w": 0.3383033573627472,
          "x": 0.15930598974227905,
          "y": 0.308517187833786,
          "z": -0.8746369481086731
        },
        "matrix": [
          [
            -0.7203447818756104,
            0.6900829076766968,
            -0.06992343068122864,
            0.40080517530441284
          ],
          [
            -0.49348941445350647,
            -0.5807353854179382,
            -0.6474677920341492,
            -0.4031873345375061
          ],
          [
            -0.48741722106933594,
            -0.4318971037864685,
            0.7588831186294556,
            1.3311513662338257
          ],
          [
            0.0,
            0.0,
            0.0,
            1.0
          ]
        ]
      },
      "bone_length_armature_space": 0.10413092034645875,
      "parent": "lowerarm_l",
      "has_children": true,
      "is_end_bone": false
    },
    "pinky_01_l": {
      "name": "pinky_01_l",
      "local": {
        "location": {
          "x": 0.0,
          "y": 0.0,
          "z": 0.0
        },
        "rotation_quaternion": {
          "w": 0.9485808610916138,
          "x": 0.3164374530315399,
          "y": -0.007849893532693386,
          "z": -0.00043440883746370673
        },
        "scale": {
          "x": 1.0,
          "y": 1.0,
          "z": 1.0
        },
        "matrix_basis": [
          [
            0.9998763799667358,
            -0.004143856931477785,
            -0.01516744401305914,
            0.0
          ],
          [
            -0.0057921442203223705,
            0.7997342944145203,
            -0.6003261804580688,
            0.0
          ],
          [
            0.01461759116500616,
            0.6003398299217224,
            0.7996114492416382,
            0.0
          ],
          [
            0.0,
            0.0,
            0.0,
            1.0
          ]
        ],
        "rotation_mode": "QUATERNION"
      },
      "armature_space": {
        "head": {
          "x": 0.4726640284061432,
          "y": -0.5269037485122681,
          "z": 0.3363235890865326
        },
