{
  "metadata": {
    "armature_name": "KIM_caucasian_male",
    "export_time": "2026-01-13T20:56:13.372368",
    "blender_version": "4.4.1",
    "bone_count": 56,
    "end_bone_count": 13,
    "spaces_included": [
      "LOCAL_CHANNELS",
      "ARMATURE_SPACE",
      "WORLD_SPACE"
    ],
    "note": "LOCAL matches Transform panel; replay pose via local.matrix_basis for best fidelity."
  },
  "bones": {
    "Root": {
      "name": "Root",
      "local": {
        "location": {
          "x": 0.0,
          "y": 0.0,
          "z": 0.0
        },
        "rotation_quaternion": {
          "w": 0.9999765157699585,
          "x": 0.0023404471576213837,
          "y": -0.0022875266149640083,
          "z": -0.006033616606146097
        },
        "scale": {
          "x": 1.0,
          "y": 1.0,
          "z": 1.0
        },
        "matrix_basis": [
          [
            0.9999167323112488,
            0.012056241743266582,
            -0.00460318848490715,
            0.0
          ],
          [
            -0.012077657505869865,
            0.9999162554740906,
            -0.004653180483728647,
            0.0
          ],
          [
            0.004546702839434147,
            0.004708388354629278,
            0.9999786019325256,
            0.0
          ],
          [
            0.0,
            0.0,
            0.0,
            1.0
          ]
        ],
        "rotation_mode": "QUATERNION"
      },
      "armature_space": {
        "head": {
          "x": 0.0,
          "y": 0.07072800397872925,
          "z": -0.009595036506652832
        },
        "tail": {
          "x": 0.0008605247130617499,
          "y": -3.9249658584594727e-05,
          "z": -0.00033382046967744827
        }
      },
      "world_space": {
        "head": {
          "x": 0.0,
          "y": 0.13397200405597687,
          "z": 0.9402589797973633
        },
        "tail": {
          "x": 0.0008605247130617499,
          "y": 0.06320475041866302,
          "z": 0.9495201706886292
        },
        "rotation_quaternion": {
          "w": 0.06503094732761383,
          "x": 0.9978623986244202,
          "y": 0.005865803919732571,
          "z": -0.002688801847398281
        },
        "matrix": [
          [
            0.9999167323112488,
            0.012056241743266582,
            -0.00460318848490715,
            0.0
          ],
          [
            0.011356818489730358,
            -0.9914731383323669,
            -0.12981587648391724,
            0.13397200405597687
          ],
          [
            -0.006129060871899128,
            0.1297527551651001,
            -0.9915345311164856,
            0.9402589797973633
          ],
          [
            0.0,
            0.0,
            0.0,
            1.0
          ]
        ]
      },
      "bone_length_armature_space": 0.07137586963612311,
      "parent": null,
      "has_children": true,
      "is_end_bone": false
    },
    "spine_01": {
      "name": "spine_01",
      "local": {
        "location": {
          "x": 0.0,
          "y": 0.0,
          "z": 0.0
        },
        "rotation_quaternion": {
          "w": 0.9940794706344604,
          "x": 0.08059804886579514,
          "y": 0.04569561034440994,
          "z": -0.05676316097378731
        },
        "scale": {
          "x": 1.0,
          "y": 1.0,
          "z": 1.0
        },
        "matrix_basis": [
          [
            0.9893797039985657,
            0.1202201396226883,
            0.08170013874769211,
            0.0
          ],
          [
            -0.10548823326826096,
            0.9805638194084167,
            -0.16542938351631165,
            0.0
          ],
          [
            -0.10000013560056686,
            0.15505407750606537,
            0.9828317165374756,
            0.0
          ],
          [
            0.0,
            0.0,
            0.0,
            1.0
          ]
        ],
        "rotation_mode": "QUATERNION"
      },
      "armature_space": {
        "head": {
          "x": 0.0008605247130617499,
          "y": -3.9249658584594727e-05,
          "z": -0.00033382046967744827
        },
        "tail": {
          "x": 0.06310295313596725,
          "y": -0.054825037717819214,
          "z": 0.4805745482444763
        }
      },
      "world_space": {
        "head": {
          "x": 0.0008605247130617499,
          "y": 0.06320475041866302,
          "z": 0.9495201706886292
        },
        "tail": {
          "x": 0.06310295313596725,
          "y": 0.008418962359428406,
          "z": 1.4304285049438477
        },
        "rotation_quaternion": {
          "w": 0.6615887880325317,
          "x": 0.7457017302513123,
          "y": 0.07853195816278458,
          "z": -0.00787703599780798
        },
        "matrix": [
          [
            0.9875413179397583,
            0.12754563987255096,
            0.09216467291116714,
            0.0008605247130617499
          ],
          [
            0.10670085996389389,
            -0.1122656762599945,
            -0.9879329800605774,
            0.06320475041866302
          ],
          [
            -0.11566033214330673,
            0.9854654669761658,
            -0.12447798997163773,
            0.9495201706886292
          ],
          [
            0.0,
            0.0,
            0.0,
            1.0
          ]
        ]
      },
      "bone_length_armature_space": 0.4880045736363098,
      "parent": "Root",
      "has_children": true,
      "is_end_bone": false
    },
    "neck_01": {
      "name": "neck_01",
      "local": {
        "location": {
          "x": 0.0,
          "y": 0.0,
          "z": 0.0
        },
        "rotation_quaternion": {
          "w": 0.9902287721633911,
          "x": 0.07893875986337662,
          "y": 0.05210895836353302,
          "z": 0.10247094929218292
        },
        "scale": {
          "x": 1.0,
          "y": 1.0,
          "z": 1.0
        },
        "matrix_basis": [
          [
            0.9735687375068665,
            -0.1947125345468521,
            0.11937744170427322,
            0.0
          ],
          [
            0.21116620302200317,
            0.9665367603302002,
            -0.145655557513237,
            0.0
          ],
          [
            -0.08702172338962555,
            0.16701416671276093,
            0.9821066856384277,
            0.0
          ],
          [
            0.0,
            0.0,
            0.0,
            1.0
          ]
        ],
        "rotation_mode": "QUATERNION"
      },
      "armature_space": {
        "head": {
          "x": 0.07563795894384384,
          "y": -0.09730690717697144,
          "z": 0.5484118461608887
        },
        "tail": {
          "x": 0.07168438285589218,
          "y": -0.16180793941020966,
          "z": 0.6280026435852051
        }
      },
      "world_space": {
        "head": {
          "x": 0.07563795894384384,
          "y": -0.034062907099723816,
          "z": 1.4982658624649048
        },
        "tail": {
          "x": 0.07168438285589218,
          "y": -0.09856393933296204,
          "z": 1.5778566598892212
        },
        "rotation_quaternion": {
          "w": 0.4304787218570709,
          "x": 0.9000365734100342,
          "y": 0.010690017603337765,
          "z": 0.06714179366827011
        },
        "matrix": [
          [
            0.990755558013916,
            -0.03856342285871506,
            0.13006357848644257,
            0.07563795894384384
          ],
          [
            0.07704892009496689,
            -0.6291474103927612,
            -0.7734581232070923,
            -0.034062907099723816
          ],
          [
            0.11165715754032135,
            0.7763338088989258,
            -0.6203650236129761,
            1.4982658624649048
          ],
          [
            0.0,
            0.0,
            0.0,
            1.0
          ]
        ]
      },
      "bone_length_armature_space": 0.10252174914423764,
      "parent": "spine_01",
      "has_children": true,
      "is_end_bone": false
    },
    "head": {
      "name": "head",
      "local": {
        "location": {
          "x": 0.0,
          "y": 0.0,
          "z": 0.0
        },
        "rotation_quaternion": {
          "w": 0.995629608631134,
          "x": 0.052670493721961975,
          "y": 0.016742108389735222,
          "z": 0.07528120279312134
        },
        "scale": {
          "x": 1.0,
          "y": 1.0,
          "z": 1.0
        },
        "matrix_basis": [
          [
            0.9881048798561096,
            -0.14814075827598572,
            0.04126807302236557,
            0.0
          ],
          [
            0.1516680121421814,
            0.9831171035766602,
            -0.10235987603664398,
            0.0
          ],
          [
            -0.025407681241631508,
            0.10740134119987488,
            0.9938910603523254,
            0.0
          ],
          [
            0.0,
            0.0,
            0.0,
            1.0
          ]
        ],
        "rotation_mode": "QUATERNION"
      },
      "armature_space": {
        "head": {
          "x": 0.07168441265821457,
          "y": -0.16180801391601562,
          "z": 0.6280024647712708
        },
        "tail": {
          "x": 0.03790716826915741,
          "y": -0.2261277139186859,
          "z": 0.7650254964828491
        }
      },
      "world_space": {
        "head": {
          "x": 0.07168441265821457,
          "y": -0.098564013838768,
          "z": 1.5778565406799316
        },
        "tail": {
          "x": 0.03790716826915741,
          "y": -0.1628837138414383,
          "z": 1.7148795127868652
        },
        "rotation_quaternion": {
          "w": 0.5386225581169128,
          "x": 0.8317676782608032,
          "y": -0.05023480951786041,
          "z": 0.12459879368543625
        },
        "matrix": [
          [
            0.963903546333313,
            -0.21779094636440277,
            0.15315821766853333,
            0.07168441265821457
          ],
          [
            0.0506550669670105,
            -0.4147244095802307,
            -0.9085363745689392,
            -0.098564013838768
          ],
          [
            0.26139119267463684,
            0.8835051655769348,
            -0.38872551918029785,
            1.5778565406799316
          ],
          [
            0.0,
            0.0,
            0.0,
            1.0
          ]
        ]
      },
      "bone_length_armature_space": 0.15509105863855088,
      "parent": "neck_01",
      "has_children": false,
      "is_end_bone": true
    },
    "upperarm_l": {
      "name": "upperarm_l",
      "local": {
        "location": {
          "x": 0.0,
          "y": 0.0,
          "z": 0.0
        },
        "rotation_quaternion": {
          "w": 0.6994807124137878,
          "x": 0.5818071365356445,
          "y": -0.27447837591171265,
          "z": 0.31126970052719116
        },
        "scale": {
          "x": 1.0,
          "y": 1.0,
          "z": 1.0
        },
        "matrix_basis": [
          [
            0.6555455923080444,
            -0.7548412680625916,
            -0.021786794066429138,
            0.0
          ],
          [
            0.11606734991073608,
            0.12922325730323792,
            -0.984799325466156,
            0.0
          ],
          [
            0.7461825013160706,
            0.6430521607398987,
            0.17232415080070496,
            0.0
          ],
          [
            0.0,
            0.0,
            0.0,
            1.0
          ]
        ],
        "rotation_mode": "QUATERNION"
      },
      "armature_space": {
        "head": {
          "x": 0.21549104154109955,
          "y": -0.07690729200839996,
          "z": 0.4644348919391632
        },
        "tail": {
          "x": 0.3021206855773926,
          "y": -0.26764506101608276,
          "z": 0.6315348148345947
        }
      },
      "world_space": {
        "head": {
          "x": 0.21549104154109955,
          "y": -0.013663291931152344,
          "z": 1.414288878440857
        },
        "tail": {
          "x": 0.3021206855773926,
          "y": -0.20440106093883514,
          "z": 1.5813888311386108
        },
        "rotation_quaternion": {
          "w": 0.3612927496433258,
          "x": 0.6510233879089355,
          "y": -0.11649985611438751,
          "z": -0.6573157906532288
        },
        "matrix": [
          [
            0.10872749239206314,
            0.323281854391098,
            -0.9400357604026794,
            0.21549104154109955
          ],
          [
            -0.6266558170318604,
            -0.7117892503738403,
            -0.31726792454719543,
            -0.013663291931152344
          ],
          [
            -0.7716802358627319,
            0.6235783100128174,
            0.12519605457782745,
            1.414288878440857
          ],
          [
            0.0,
            0.0,
            0.0,
            1.0
          ]
        ]
      },
      "bone_length_armature_space": 0.2679701060630585,
      "parent": "spine_01",
      "has_children": true,
      "is_end_bone": false
    },
    "lowerarm_l": {
      "name": "lowerarm_l",
      "local": {
        "location": {
          "x": 0.0,
          "y": 0.0,
          "z": 0.0
        },
        "rotation_quaternion": {
          "w": 0.9942119717597961,
          "x": 0.06341706961393356,
          "y": 0.0786413624882698,
          "z": 0.03655647113919258
        },
        "scale": {
          "x": 1.0,
          "y": 1.0,
          "z": 1.0
        },
        "matrix_basis": [
          [
            0.9849583506584167,
            -0.06271535158157349,
            0.16100898385047913,
            0.0
          ],
          [
            0.08266416937112808,
            0.9892838001251221,
            -0.12035031616687775,
            0.0
          ],
          [
            -0.15173575282096863,
            0.1318497210741043,
            0.9795876145362854,
            0.0
          ],
          [
            0.0,
            0.0,
            0.0,
            1.0
          ]
        ],
        "rotation_mode": "QUATERNION"
      },
      "armature_space": {
        "head": {
          "x": 0.3021206557750702,
          "y": -0.26764506101608276,
          "z": 0.6315349340438843
        },
        "tail": {
          "x": 0.321751207113266,
          "y": -0.44526606798171997,
          "z": 0.8306210041046143
        }
      },
      "world_space": {
        "head": {
          "x": 0.3021206557750702,
          "y": -0.20440106093883514,
          "z": 1.5813889503479004
        },
        "tail": {
          "x": 0.321751207113266,
          "y": -0.38202208280563354,
          "z": 1.7804750204086304
        },
        "rotation_quaternion": {
          "w": 0.33231598138809204,
          "x": 0.6834850311279297,
          "y": -0.23998908698558807,
          "z": -0.6040030717849731
        },
        "matrix": [
          [
            0.15517298877239227,
            0.07337851822376251,
            -0.9851583242416382,
            0.3021206557750702
          ],
          [
            -0.7294976711273193,
            -0.6639429330825806,
            -0.16435681283473969,
            -0.20440106093883514
          ],
          [
            -0.6661545634269714,
            0.7441790103912354,
            -0.049496933817863464,
            1.5813889503479004
          ],
          [
            0.0,
            0.0,
            0.0,
            1.0
          ]
        ]
      },
      "bone_length_armature_space": 0.26752540945118813,
      "parent": "upperarm_l",
      "has_children": true,
      "is_end_bone": false
    },
    "metacarpal_thumb_l": {
      "name": "metacarpal_thumb_l",
      "local": {
        "location": {
          "x": 0.0,
          "y": 0.0,
          "z": 0.0
        },
        "rotation_quaternion": {
          "w": 0.9992589354515076,
          "x": -0.03750859946012497,
          "y": 0.006475119851529598,
          "z": -0.005727730225771666
        },
        "scale": {
          "x": 1.0,
          "y": 1.0,
          "z": 1.0
        },
        "matrix_basis": [
          [
            0.9998505115509033,
            0.010961226187646389,
            0.01337032113224268,
            0.0
          ],
          [
            -0.011932716704905033,
            0.9971206188201904,
            0.07488743215799332,
            0.0
          ],
          [
            -0.012510964646935463,
            -0.07503578066825867,
            0.9971023797988892,
            0.0
          ],
          [
            0.0,
            0.0,
            0.0,
            1.0
          ]
        ],
        "rotation_mode": "QUATERNION"
      },
      "armature_space": {
        "head": {
          "x": 0.321751207113266,
          "y": -0.44526606798171997,
          "z": 0.8306210041046143
        },
        "tail": {
          "x": 0.29715102910995483,
          "y": -0.48045819997787476,
          "z": 0.8553178906440735
        }
      },
      "world_space": {
        "head": {
          "x": 0.321751207113266,
          "y": -0.38202208280563354,
          "z": 1.7804750204086304
        },
        "tail": {
          "x": 0.29715102910995483,
          "y": -0.41721421480178833,
          "z": 1.8051719665527344
        },
        "rotation_quaternion": {
          "w": 0.3129940330982208,
          "x": 0.9100686311721802,
          "y": -0.21633321046829224,
          "z": 0.16434656083583832
        },
        "matrix": [
          [
            0.8523802161216736,
            -0.49663540720939636,
            0.16371023654937744,
            0.321751207113266
          ],
          [
            -0.2908778786659241,
            -0.7104687690734863,
            -0.6407997012138367,
            -0.38202208280563354
          ],
          [
            0.43455755710601807,
            0.4985881447792053,
            -0.7500559091567993,
            1.7804750204086304
          ],
          [
            0.0,
            0.0,
            0.0,
            1.0
          ]
        ]
      },
      "bone_length_armature_space": 0.04953373691222639,
      "parent": "lowerarm_l",
      "has_children": true,
      "is_end_bone": false
    },
    "thumb_01_l": {
      "name": "thumb_01_l",
      "local": {
        "location": {
          "x": 0.0,
          "y": 0.0,
          "z": 0.0
        },
        "rotation_quaternion": {
          "w": 0.9866974353790283,
          "x": 0.16114111244678497,
          "y": 0.01688402146100998,
          "z": 0.01328754797577858
        },
        "scale": {
          "x": 1.0,
          "y": 1.0,
          "z": 1.0
        },
        "matrix_basis": [
          [
            0.9990767240524292,
            -0.020780159160494804,
            0.037601180374622345,
            0.0
          ],
          [
            0.03166300058364868,
            0.9477139711380005,
            -0.3175463378429413,
            0.0
          ],
          [
            -0.029036501422524452,
            0.31844374537467957,
            0.9474969506263733,
            0.0
          ],
          [
            0.0,
            0.0,
            0.0,
            1.0
          ]
        ],
        "rotation_mode": "QUATERNION"
      },
      "armature_space": {
        "head": {
          "x": 0.29715102910995483,
          "y": -0.48045819997787476,
          "z": 0.8553178906440735
        },
        "tail": {
          "x": 0.29638004302978516,
          "y": -0.5140857696533203,
          "z": 0.8501009345054626
        }
      },
      "world_space": {
        "head": {
          "x": 0.29715102910995483,
          "y": -0.41721421480178833,
          "z": 1.8051719665527344
        },
        "tail": {
          "x": 0.29638004302978516,
          "y": -0.4508417844772339,
          "z": 1.799954891204834
        },
        "rotation_quaternion": {
          "w": 0.02796747535467148,
          "x": -0.4909895360469818,
          "y": 0.07249191403388977,
          "z": -0.8676935434341431
        },
        "matrix": [
          [
            -0.5162941813468933,
            -0.022650212049484253,
            0.8561115264892578,
            0.29715102910995483
          ],
          [
            -0.11971959471702576,
            -0.9879257082939148,
            -0.09833696484565735,
            -0.41721421480178833
          ],
          [
            0.8480079770088196,
            -0.1532663106918335,
            0.5073521733283997,
            1.8051719665527344
          ],
          [
            0.0,
            0.0,
            0.0,
            1.0
          ]
        ]
      },
      "bone_length_armature_space": 0.03403857444450967,
      "parent": "metacarpal_thumb_l",
      "has_children": true,
      "is_end_bone": false
    },
    "thumb_02_l": {
      "name": "thumb_02_l",
      "local": {
        "location": {
          "x": 0.0,
          "y": 0.0,
          "z": 0.0
        },
        "rotation_quaternion": {
          "w": 0.9365274310112,
          "x": 0.3504948616027832,
          "y": 0.00324781471863389,
          "z": 0.007700939662754536
        },
        "scale": {
          "x": 1.0,
          "y": 1.0,
          "z": 1.0
        },
        "matrix_basis": [
          [
            0.9998602867126465,
            -0.012147597968578339,
            0.011481614783406258,
            0.0
          ],
          [
            0.016700968146324158,
            0.7541881203651428,
            -0.656446099281311,
            0.0
          ],
          [
            -0.0006850555655546486,
            0.6565461158752441,
            0.7542856335639954,
            0.0
          ],
          [
            0.0,
            0.0,
            0.0,
            1.0
          ]
        ],
        "rotation_mode": "QUATERNION"
      },
      "armature_space": {
        "head": {
          "x": 0.29638004302978516,
          "y": -0.5140857696533203,
          "z": 0.8501008749008179
        },
        "tail": {
          "x": 0.30853068828582764,
          "y": -0.5122295022010803,
          "z": 0.8883385062217712
        }
      },
      "world_space": {
        "head": {
          "x": 0.29638004302978516,
          "y": -0.4508417844772339,
          "z": 1.799954891204834
        },
        "tail": {
          "x": 0.30853068828582764,
          "y": -0.4489855170249939,
          "z": 1.8381924629211426
        },
        "rotation_quaternion": {
          "w": 0.08641266077756882,
          "x": -0.1290072500705719,
          "y": -0.7180813550949097,
          "z": -0.6784166693687439
        },
        "matrix": [
          [
            -0.9517797231674194,
            0.3025228679180145,
            0.05094046890735626,
            0.29638004302978516
          ],
          [
            0.06803002953529358,
            0.046216607093811035,
            0.9966123700141907,
            -0.4508417844772339
          ],
          [
            0.2991459369659424,
            0.9520278573036194,
            -0.06456807255744934,
            1.799954891204834
          ],
          [
            0.0,
            0.0,
            0.0,
            1.0
          ]
        ]
      },
      "bone_length_armature_space": 0.04016466594207513,
      "parent": "thumb_01_l",
      "has_children": true,
      "is_end_bone": false
    },
    "thumb_03_l": {
      "name": "thumb_03_l",
      "local": {
        "location": {
          "x": 0.0,
          "y": 0.0,
          "z": 0.0
        },
        "rotation_quaternion": {
          "w": 0.984040379524231,
          "x": 0.177938312292099,
          "y": -0.0010017885360866785,
          "z": -0.001270344597287476
        },
        "scale": {
          "x": 1.0,
          "y": 1.0,
          "z": 1.0
        },
        "matrix_basis": [
          [
            0.9999947547912598,
            0.002143627731129527,
            -0.0024236866738647223,
            0.0
          ],
          [
            -0.002856653882190585,
            0.9366726875305176,
            -0.35019442439079285,
            0.0
          ],
          [
            0.001519514829851687,
            0.35019952058792114,
            0.9366738796234131,
            0.0
          ],
          [
            0.0,
            0.0,
            0.0,
            1.0
          ]
        ],
        "rotation_mode": "QUATERNION"
      },
      "armature_space": {
        "head": {
          "x": 0.30853062868118286,
          "y": -0.5122295618057251,
          "z": 0.8883385062217712
        },
        "tail": {
          "x": 0.3173869848251343,
          "y": -0.4938420057296753,
          "z": 0.9109296798706055
        }
      },
      "world_space": {
        "head": {
          "x": 0.30853062868118286,
          "y": -0.44898557662963867,
          "z": 1.8381924629211426
        },
        "tail": {
          "x": 0.3173869848251343,
          "y": -0.43059802055358887,
          "z": 1.8607836961746216
        },
        "rotation_quaternion": {
          "w": 0.30969908833503723,
          "x": -0.009121100418269634,
          "y": -0.8402780294418335,
          "z": -0.4449003338813782
        },
        "matrix": [
          [
            -0.8080072999000549,
            0.29089829325675964,
            -0.5123496055603027,
            0.30853062868118286
          ],
          [
            -0.2602404057979584,
            0.6039623022079468,
            0.7533291578292847,
            -0.44898557662963867
          ],
          [
            0.5285854935646057,
            0.7420355081558228,
            -0.4123046100139618,
            1.8381924629211426
          ],
          [
            0.0,
            0.0,
            0.0,
            1.0
          ]
        ]
      },
      "bone_length_armature_space": 0.030445005672203665,
      "parent": "thumb_02_l",
      "has_children": false,
      "is_end_bone": true
    },
    "metacarpal_index_l": {
      "name": "metacarpal_index_l",
      "local": {
        "location": {
          "x": 0.0,
          "y": 0.0,
          "z": 0.0
        },
        "rotation_quaternion": {
          "w": 0.9996011257171631,
          "x": 0.02596595510840416,
          "y": -0.007945025339722633,
          "z": -0.007764109876006842
        },
        "scale": {
          "x": 1.0,
          "y": 1.0,
          "z": 1.0
        },
        "matrix_basis": [
          [
            0.9997531771659851,
            0.015109425410628319,
            -0.01628691703081131,
            0.0
          ],
          [
            -0.015934625640511513,
            0.9985309839248657,
            -0.05178782343864441,
            0.0
          ],
          [
            0.015480507165193558,
            0.052034568041563034,
            0.9985252618789673,
            0.0
          ],
          [
            0.0,
            0.0,
            0.0,
            1.0
          ]
        ],
        "rotation_mode": "QUATERNION"
      },
      "armature_space": {
        "head": {
          "x": 0.321751207113266,
          "y": -0.44526606798171997,
          "z": 0.8306210041046143
        },
        "tail": {
          "x": 0.2946127653121948,
          "y": -0.5333690643310547,
          "z": 0.9029442071914673
        }
      },
      "world_space": {
        "head": {
          "x": 0.321751207113266,
          "y": -0.38202208280563354,
          "z": 1.7804750204086304
        },
        "tail": {
          "x": 0.2946127653121948,
          "y": -0.47012507915496826,
          "z": 1.8527982234954834
        },
        "rotation_quaternion": {
          "w": 0.30116474628448486,
          "x": 0.9197707772254944,
          "y": -0.18260061740875244,
          "z": -0.1731431782245636
        },
        "matrix": [
          [
            0.8733567595481873,
            -0.23161251842975616,
            -0.4284898638725281,
            0.321751207113266
          ],
          [
            -0.44019103050231934,
            -0.7519136667251587,
            -0.49077287316322327,
            -0.38202208280563354
          ],
          [
            -0.20852024853229523,
            0.6172407865524292,
            -0.7586483359336853,
            1.7804750204086304
          ],
          [
            0.0,
            0.0,
            0.0,
            1.0
          ]
        ]
      },
      "bone_length_armature_space": 0.11717200375460977,
      "parent": "lowerarm_l",
      "has_children": true,
      "is_end_bone": false
    },
    "index_01_l": {
      "name": "index_01_l",
      "local": {
        "location": {
          "x": 0.0,
          "y": 0.0,
          "z": 0.0
        },
        "rotation_quaternion": {
          "w": 0.9763224124908447,
          "x": 0.21546973288059235,
          "y": -0.015484407544136047,
          "z": -0.011291034519672394
        },
        "scale": {
          "x": 1.0,
          "y": 1.0,
          "z": 1.0
        },
        "matrix_basis": [
          [
            0.9992654919624329,
            0.01537453755736351,
            -0.03510130196809769,
            0.0
          ],
          [
            -0.028720222413539886,
            0.9068906307220459,
            -0.4203861951828003,
            0.0
          ],
          [
            0.02536979503929615,
            0.42108553647994995,
            0.9066660404205322,
            0.0
          ],
          [
            0.0,
            0.0,
            0.0,
            1.0
          ]
        ],
        "rotation_mode": "QUATERNION"
      },
      "armature_space": {
        "head": {
          "x": 0.2946127653121948,
          "y": -0.5333690643310547,
          "z": 0.9029442071914673
        },
        "tail": {
          "x": 0.2938406765460968,
          "y": -0.5609628558158875,
          "z": 0.9100896716117859
        }
      },
      "world_space": {
        "head": {
          "x": 0.2946127653121948,
          "y": -0.47012507915496826,
          "z": 1.8527982234954834
        },
        "tail": {
          "x": 0.2938406765460968,
          "y": -0.497718870639801,
          "z": 1.8599436283111572
        },
        "rotation_quaternion": {
          "w": 0.11962997168302536,
          "x": 0.9644197225570679,
          "y": -0.04279683157801628,
          "z": -0.23184409737586975
        },
        "matrix": [
          [
            0.8888335227966309,
            -0.027077272534370422,
            -0.4574294686317444,
            0.2946127653121948
          ],
          [
            -0.1380193829536438,
            -0.9677143692970276,
            -0.21090278029441833,
            -0.47012507915496826
          ],
          [
            -0.43695366382598877,
            0.25059249997138977,
            -0.8638802766799927,
            1.8527982234954834
          ],
          [
            0.0,
            0.0,
            0.0,
            1.0
          ]
        ]
      },
      "bone_length_armature_space": 0.028514401710623312,
      "parent": "metacarpal_index_l",
      "has_children": true,
      "is_end_bone": false
    },
    "index_02_l": {
      "name": "index_02_l",
      "local": {
        "location": {
          "x": 0.0,
          "y": 0.0,
          "z": 0.0
        },
        "rotation_quaternion": {
          "w": 0.9098061323165894,
          "x": 0.415006548166275,
          "y": 0.001967068063095212,
          "z": 0.004319016356021166
        },
        "scale": {
          "x": 1.0,
          "y": 1.0,
          "z": 1.0
        },
        "matrix_basis": [
          [
            0.9999549388885498,
            -0.006226242985576391,
            0.007164141163229942,
            0.0
          ],
          [
            0.009491627104580402,
            0.6555018424987793,
            -0.7551339864730835,
            0.0
          ],
          [
            5.538965979212662e-06,
            0.7551680207252502,
            0.6555314064025879,
            0.0
          ],
          [
            0.0,
            0.0,
            0.0,
            1.0
          ]
        ],
        "rotation_mode": "QUATERNION"
      },
      "armature_space": {
        "head": {
          "x": 0.29384028911590576,
          "y": -0.5609632134437561,
          "z": 0.9100896120071411
        },
        "tail": {
          "x": 0.28400614857673645,
          "y": -0.5817339420318604,
          "z": 0.8986896276473999
        }
      },
      "world_space": {
        "head": {
          "x": 0.29384028911590576,
          "y": -0.4977192282676697,
          "z": 1.8599436283111572
        },
        "tail": {
          "x": 0.28400614857673645,
          "y": -0.5184899568557739,
          "z": 1.848543643951416
        },
        "rotation_quaternion": {
          "w": 0.2750255763530731,
          "x": -0.9235765337944031,
          "y": 0.13973276317119598,
          "z": 0.2276887446641922
        },
        "matrix": [
          [
            0.8572654724121094,
            -0.383348286151886,
            -0.34371498227119446,
            0.29384028911590576
          ],
          [
            -0.13286824524402618,
            -0.8096718788146973,
            0.5716449618339539,
            -0.4977192282676697
          ],
          [
            -0.49743902683258057,
            -0.44438648223876953,
            -0.745043158531189,
            1.8599436283111572
          ],
          [
            0.0,
            0.0,
            0.0,
            1.0
          ]
        ]
      },
      "bone_length_armature_space": 0.02565332589469254,
      "parent": "index_01_l",
      "has_children": true,
      "is_end_bone": false
    },
    "index_03_l": {
      "name": "index_03_l",
      "local": {
        "location": {
          "x": 0.0,
          "y": 0.0,
          "z": 0.0
        },
        "rotation_quaternion": {
          "w": 0.9690390825271606,
          "x": 0.24672898650169373,
          "y": 0.008639991283416748,
          "z": -0.00369166093878448
        },
        "scale": {
          "x": 1.0,
          "y": 1.0,
          "z": 1.0
        },
        "matrix_basis": [
          [
            0.9998234510421753,
            0.011418200097978115,
            0.014923298731446266,
            0.0
          ],
          [
            -0.0028912548441439867,
            0.8782223463058472,
            -0.4782438576221466,
            0.0
          ],
          [
            -0.018566658720374107,
            0.4781162738800049,
            0.8781003355979919,
            0.0
          ],
          [
            0.0,
            0.0,
            0.0,
            1.0
          ]
        ],
        "rotation_mode": "QUATERNION"
      },
      "armature_space": {
        "head": {
          "x": 0.2840062081813812,
          "y": -0.5817340016365051,
          "z": 0.8986898064613342
        },
        "tail": {
          "x": 0.27231019735336304,
          "y": -0.5925227999687195,
          "z": 0.8741837739944458
        }
      },
      "world_space": {
        "head": {
          "x": 0.2840062081813812,
          "y": -0.5184900164604187,
          "z": 1.8485438823699951
        },
        "tail": {
          "x": 0.27231019735336304,
          "y": -0.5292788147926331,
          "z": 1.824037790298462
        },
        "rotation_quaternion": {
          "w": 0.5388692617416382,
          "x": -0.816862940788269,
          "y": 0.15810979902744293,
          "z": 0.13174235820770264
        },
        "matrix": [
          [
            0.9152904748916626,
            -0.40029212832450867,
            -0.044828176498413086,
            0.2840062081813812
          ],
          [
            -0.11632636934518814,
            -0.3692430853843689,
            0.9220240116119385,
            -0.5184900164604187
          ],
          [
            -0.3856342136859894,
            -0.838711142539978,
            -0.3845309019088745,
            1.8485438823699951
          ],
          [
            0.0,
            0.0,
            0.0,
            1.0
          ]
        ]
      },
      "bone_length_armature_space": 0.02921883737227023,
      "parent": "index_02_l",
      "has_children": false,
      "is_end_bone": true
    },
    "metacarpal_pinky_l": {
      "name": "metacarpal_pinky_l",
      "local": {
        "location": {
          "x": 0.0,
          "y": 0.0,
          "z": 0.0
        },
        "rotation_quaternion": {
          "w": 0.9996727705001831,
          "x": -0.01942569762468338,
          "y": 0.016299866139888763,
          "z": 0.00336780515499413
        },
        "scale": {
          "x": 1.0,
          "y": 1.0,
          "z": 1.0
        },
        "matrix_basis": [
          [
            0.999445915222168,
            -0.007366678677499294,
            0.032458219677209854,
            0.0
          ],
          [
            0.006100133527070284,
            0.9992225766181946,
            0.03894847258925438,
            0.0
          ],
          [
            -0.03271991014480591,
            -0.03872889280319214,
            0.9987139105796814,
            0.0
          ],
          [
            0.0,
            0.0,
            0.0,
            1.0
          ]
        ],
        "rotation_mode": "QUATERNION"
      },
      "armature_space": {
        "head": {
          "x": 0.321751207113266,
          "y": -0.44526606798171997,
          "z": 0.8306210041046143
        },
        "tail": {
          "x": 0.36247381567955017,
          "y": -0.5083166360855103,
          "z": 0.9027984142303467
        }
      },
      "world_space": {
        "head": {
          "x": 0.321751207113266,
          "y": -0.38202208280563354,
          "z": 1.7804750204086304
        },
        "tail": {
          "x": 0.36247381567955017,
          "y": -0.44507265090942383,
          "z": 1.8526524305343628
        },
        "rotation_quaternion": {
          "w": 0.2687230408191681,
          "x": 0.12160728126764297,
          "y": -0.3536110818386078,
          "z": -0.8876705169677734
        },
        "matrix": [
          [
            -0.8259987235069275,
            0.3910718858242035,
            -0.40594208240509033,
            0.321751207113266
          ],
          [
            -0.5630791783332825,
            -0.6054939031600952,
            0.5624226331710815,
            -0.38202208280563354
          ],
          [
            -0.025848299264907837,
            0.6931420564651489,
            0.7203472852706909,
            1.7804750204086304
          ],
          [
            0.0,
            0.0,
            0.0,
            1.0
          ]
        ]
      },
      "bone_length_armature_space": 0.1041310891599033,
      "parent": "lowerarm_l",
      "has_children": true,
      "is_end_bone": false
    },
    "pinky_01_l": {
      "name": "pinky_01_l",
      "local": {
        "location": {
          "x": 0.0,
          "y": 0.0,
          "z": 0.0
        },
        "rotation_quaternion": {
          "w": 0.9377923607826233,
          "x": 0.3466576039791107,
          "y": -0.017410865053534508,
          "z": -0.008423411287367344
        },
        "scale": {
          "x": 1.0,
          "y": 1.0,
          "z": 1.0
        },
        "matrix_basis": [
          [
            0.9992518424987793,
            0.0037276039365679026,
            -0.03849563002586365,
            0.0
          ],
          [
            -0.027870038524270058,
            0.759515106678009,
            -0.6498923897743225,
            0.0
          ],
          [
            0.026815474033355713,
            0.6504790186882019,
            0.759050726890564,
            0.0
          ],
          [
            0.0,
            0.0,
            0.0,
            1.0
          ]
        ],
        "rotation_mode": "QUATERNION"
      },
      "armature_space": {
        "head": {
          "x": 0.36247381567955017,
          "y": -0.5083166360855103,
          "z": 0.9027984142303467
        },
        "tail": {
