{
  "metadata": {
    "armature_name": "KIM_caucasian_male",
    "export_time": "2026-01-13T21:05:14.421935",
    "blender_version": "4.4.1",
    "bone_count": 56,
    "end_bone_count": 13,
    "spaces_included": [
      "LOCAL_CHANNELS",
      "ARMATURE_SPACE",
      "WORLD_SPACE"
    ],
    "note": "LOCAL matches Transform panel; replay pose via local.matrix_basis for best fidelity."
  },
  "bones": {
    "Root": {
      "name": "Root",
      "local": {
        "location": {
          "x": 0.0,
          "y": 0.0,
          "z": 0.0
        },
        "rotation_quaternion": {
          "w": 0.9998383522033691,
          "x": -0.0023055896162986755,
          "y": -0.017716702073812485,
          "z": 0.0020240405574440956
        },
        "scale": {
          "x": 1.0,
          "y": 1.0,
          "z": 1.0
        },
        "matrix_basis": [
          [
            0.9993640184402466,
            -0.003965731710195541,
            -0.03543701022863388,
            0.0
          ],
          [
            0.004129121545702219,
            0.999981164932251,
            0.004538715351372957,
            0.0
          ],
          [
            0.03541834279894829,
            -0.004682152532041073,
            0.9993616342544556,
            0.0
          ],
          [
            0.0,
            0.0,
            0.0,
            1.0
          ]
        ],
        "rotation_mode": "QUATERNION"
      },
      "armature_space": {
        "head": {
          "x": 0.0,
          "y": 0.07072800397872925,
          "z": -0.009595036506652832
        },
        "tail": {
          "x": -0.0002830575394909829,
          "y": 4.626065492630005e-05,
          "z": 0.0003309808671474457
        }
      },
      "world_space": {
        "head": {
          "x": 0.0,
          "y": 0.13397200405597687,
          "z": 0.9402589797973633
        },
        "tail": {
          "x": -0.0002830575394909829,
          "y": 0.06329026073217392,
          "z": 0.9501850008964539
        },
        "rotation_quaternion": {
          "w": 0.0696571096777916,
          "x": 0.9974116086959839,
          "y": -0.0032129790633916855,
          "z": -0.0175400972366333
        },
        "matrix": [
          [
            0.9993640184402466,
            -0.003965731710195541,
            -0.03543701022863388,
            0.0
          ],
          [
            -0.008852919563651085,
            -0.9902750849723816,
            -0.1388413906097412,
            0.13397200405597687
          ],
          [
            -0.0345420315861702,
            0.13906684517860413,
            -0.9896875023841858,
            0.9402589797973633
          ],
          [
            0.0,
            0.0,
            0.0,
            1.0
          ]
        ]
      },
      "bone_length_armature_space": 0.0713758712618151,
      "parent": null,
      "has_children": true,
      "is_end_bone": false
    },
    "spine_01": {
      "name": "spine_01",
      "local": {
        "location": {
          "x": 0.0,
          "y": 0.0,
          "z": 0.0
        },
        "rotation_quaternion": {
          "w": 0.99344801902771,
          "x": 0.10420040041208267,
          "y": -0.046360041946172714,
          "z": -0.007357701659202576
        },
        "scale": {
          "x": 1.0,
          "y": 1.0,
          "z": 1.0
        },
        "matrix_basis": [
          [
            0.995593249797821,
            0.004957518540322781,
            -0.09364593774080276,
            0.0
          ],
          [
            -0.024280458688735962,
            0.9781762957572937,
            -0.20635315775871277,
            0.0
          ],
          [
            0.09057923406362534,
            0.20771756768226624,
            0.973986029624939,
            0.0
          ],
          [
            0.0,
            0.0,
            0.0,
            1.0
          ]
        ],
        "rotation_mode": "QUATERNION"
      },
      "armature_space": {
        "head": {
          "x": -0.0002830575394909829,
          "y": 4.626065492630005e-05,
          "z": 0.0003309808671474457
        },
        "tail": {
          "x": 0.018102040514349937,
          "y": -0.07676924765110016,
          "z": 0.4819011092185974
        }
      },
      "world_space": {
        "head": {
          "x": -0.0002830575394909829,
          "y": 0.06329026073217392,
          "z": 0.9501850008964539
        },
        "tail": {
          "x": 0.018102040514349937,
          "y": -0.013525247573852539,
          "z": 1.4317550659179688
        },
        "rotation_quaternion": {
          "w": 0.64874267578125,
          "x": 0.7588601112365723,
          "y": -0.02070201002061367,
          "z": -0.05325237661600113
        },
        "matrix": [
          [
            0.9934712648391724,
            0.03767428547143936,
            -0.10768242925405502,
            -0.0002830575394909829
          ],
          [
            -0.1005137488245964,
            -0.1574084311723709,
            -0.9824050068855286,
            0.06329026073217392
          ],
          [
            -0.05396200716495514,
            0.9868215322494507,
            -0.15259595215320587,
            0.9501850008964539
          ],
          [
            0.0,
            0.0,
            0.0,
            1.0
          ]
        ]
      },
      "bone_length_armature_space": 0.4880045244047768,
      "parent": "Root",
      "has_children": true,
      "is_end_bone": false
    },
    "neck_01": {
      "name": "neck_01",
      "local": {
        "location": {
          "x": 0.0,
          "y": 0.0,
          "z": 0.0
        },
        "rotation_quaternion": {
          "w": 0.9808969497680664,
          "x": -0.12305516749620438,
          "y": 0.09438630193471909,
          "z": 0.11743082851171494
        },
        "scale": {
          "x": 1.0,
          "y": 1.0,
          "z": 1.0
        },
        "matrix_basis": [
          [
            0.9546024799346924,
            -0.253604531288147,
            0.156265527009964,
            0.0
          ],
          [
            0.20714563131332397,
            0.9421348571777344,
            0.26357659697532654,
            0.0
          ],
          [
            -0.21406741440296173,
            -0.2192411571741104,
            0.9518973231315613,
            0.0
          ],
          [
            0.0,
            0.0,
            0.0,
            1.0
          ]
        ],
        "rotation_mode": "QUATERNION"
      },
      "armature_space": {
        "head": {
          "x": 0.017126018181443214,
          "y": -0.12236469238996506,
          "z": 0.5488625168800354
        },
        "tail": {
          "x": -0.006684601306915283,
          "y": -0.1507476568222046,
          "z": 0.6444565057754517
        }
      },
      "world_space": {
        "head": {
          "x": 0.017126018181443214,
          "y": -0.05912069231271744,
          "z": 1.4987165927886963
        },
        "tail": {
          "x": -0.006684601306915283,
          "y": -0.08750365674495697,
          "z": 1.5943105220794678
        },
        "rotation_quaternion": {
          "w": 0.5959128141403198,
          "x": 0.7941842675209045,
          "y": -0.08039358258247375,
          "z": 0.08772724121809006
        },
        "matrix": [
          [
            0.9716816544532776,
            -0.23225037753582,
            0.043526798486709595,
            0.017126018181443214
          ],
          [
            -0.023140311241149902,
            -0.27684932947158813,
            -0.9606347680091858,
            -0.05912069231271744
          ],
          [
            0.2351597547531128,
            0.9324301481246948,
            -0.2743867039680481,
            1.4987165927886963
          ],
          [
            0.0,
            0.0,
            0.0,
            1.0
          ]
        ]
      },
      "bone_length_armature_space": 0.10252194375237204,
      "parent": "spine_01",
      "has_children": true,
      "is_end_bone": false
    },
    "head": {
      "name": "head",
      "local": {
        "location": {
          "x": 0.0,
          "y": 0.0,
          "z": 0.0
        },
        "rotation_quaternion": {
          "w": 0.9843243956565857,
          "x": -0.027101870626211166,
          "y": 0.033201172947883606,
          "z": -0.17108088731765747
        },
        "scale": {
          "x": 1.0,
          "y": 1.0,
          "z": 1.0
        },
        "matrix_basis": [
          [
            0.9392580389976501,
            0.33499854803085327,
            0.07463467121124268,
            0.0
          ],
          [
            -0.3385978043079376,
            0.9399936199188232,
            0.041993893682956696,
            0.0
          ],
          [
            -0.056088224053382874,
            -0.06471423804759979,
            0.9963263273239136,
            0.0
          ],
          [
            0.0,
            0.0,
            0.0,
            1.0
          ]
        ],
        "rotation_mode": "QUATERNION"
      },
      "armature_space": {
        "head": {
          "x": -0.006684577092528343,
          "y": -0.15074777603149414,
          "z": 0.6444563865661621
        },
        "tail": {
          "x": 0.010297482833266258,
          "y": -0.12911203503608704,
          "z": 0.7970893383026123
        }
      },
      "world_space": {
        "head": {
          "x": -0.006684577092528343,
          "y": -0.08750377595424652,
          "z": 1.5943104028701782
        },
        "tail": {
          "x": 0.010297482833266258,
          "y": -0.06586803495883942,
          "z": 1.7469433546066284
        },
        "rotation_quaternion": {
          "w": 0.753636360168457,
          "x": 0.654947817325592,
          "y": 0.0422382615506649,
          "z": -0.03593924641609192
        },
        "matrix": [
          [
            0.9938486814498901,
            0.10949794203042984,
            0.016587208956480026,
            -0.006684577092528343
          ],
          [
            0.001156691461801529,
            0.13950422406196594,
            -0.9902209639549255,
            -0.08750377595424652
          ],
          [
            -0.11074196547269821,
            0.9841559529304504,
            0.13851939141750336,
            1.5943104028701782
          ],
          [
            0.0,
            0.0,
            0.0,
            1.0
          ]
        ]
      },
      "bone_length_armature_space": 0.15509130784605601,
      "parent": "neck_01",
      "has_children": false,
      "is_end_bone": true
    },
    "upperarm_l": {
      "name": "upperarm_l",
      "local": {
        "location": {
          "x": 0.0,
          "y": 0.0,
          "z": 0.0
        },
        "rotation_quaternion": {
          "w": 0.9163663387298584,
          "x": 0.2346263825893402,
          "y": 0.1095316931605339,
          "z": 0.3053293228149414
        },
        "scale": {
          "x": 1.0,
          "y": 1.0,
          "z": 1.0
        },
        "matrix_basis": [
          [
            0.7895536422729492,
            -0.5081889629364014,
            0.34401893615722656,
            0.0
          ],
          [
            0.6109851002693176,
            0.7034489512443542,
            -0.363120973110199,
            0.0
          ],
          [
            -0.05746568366885185,
            0.49689391255378723,
            0.8659065365791321,
            0.0
          ],
          [
            0.0,
            0.0,
            0.0,
            1.0
          ]
        ],
        "rotation_mode": "QUATERNION"
      },
      "armature_space": {
        "head": {
          "x": 0.16327130794525146,
          "y": -0.1299957036972046,
          "z": 0.4739595353603363
        },
        "tail": {
          "x": 0.34952428936958313,
          "y": -0.2966298460960388,
          "z": 0.5706581473350525
        }
      },
      "world_space": {
        "head": {
          "x": 0.16327130794525146,
          "y": -0.06675170361995697,
          "z": 1.4238135814666748
        },
        "tail": {
          "x": 0.34952428936958313,
          "y": -0.2333858460187912,
          "z": 1.5205121040344238
        },
        "rotation_quaternion": {
          "w": 0.34556883573532104,
          "x": 0.8148660063743591,
          "y": 0.2639356553554535,
          "z": -0.3832932114601135
        },
        "matrix": [
          [
            0.5668487548828125,
            0.6950531005859375,
            -0.44224852323532104,
            0.16327130794525146
          ],
          [
            0.1652369350194931,
            -0.6218400597572327,
            -0.765514075756073,
            -0.06675170361995697
          ],
          [
            -0.8070863485336304,
            0.3608568012714386,
            -0.46734166145324707,
            1.4238135814666748
          ],
          [
            0.0,
            0.0,
            0.0,
            1.0
          ]
        ]
      },
      "bone_length_armature_space": 0.2679696438248967,
      "parent": "spine_01",
      "has_children": true,
      "is_end_bone": false
    },
    "lowerarm_l": {
      "name": "lowerarm_l",
      "local": {
        "location": {
          "x": 0.0,
          "y": 0.0,
          "z": 0.0
        },
        "rotation_quaternion": {
          "w": 0.9597864151000977,
          "x": 0.21609137952327728,
          "y": -0.06558136641979218,
          "z": 0.16677425801753998
        },
        "scale": {
          "x": 1.0,
          "y": 1.0,
          "z": 1.0
        },
        "matrix_basis": [
          [
            0.9357708692550659,
            -0.3484784662723541,
            -0.053811248391866684,
            0.0
          ],
          [
            0.2917921841144562,
            0.8509817123413086,
            -0.4366776943206787,
            0.0
          ],
          [
            0.19796517491340637,
            0.3929285705089569,
            0.8980072140693665,
            0.0
          ],
          [
            0.0,
            0.0,
            0.0,
            1.0
          ]
        ],
        "rotation_mode": "QUATERNION"
      },
      "armature_space": {
        "head": {
          "x": 0.34952425956726074,
          "y": -0.29662996530532837,
          "z": 0.5706582069396973
        },
        "tail": {
          "x": 0.3728134334087372,
          "y": -0.5348350405693054,
          "z": 0.6901799440383911
        }
      },
      "world_space": {
        "head": {
          "x": 0.34952425956726074,
          "y": -0.23338596522808075,
          "z": 1.5205122232437134
        },
        "tail": {
          "x": 0.3728134334087372,
          "y": -0.471591055393219,
          "z": 1.6400339603424072
        },
        "rotation_quaternion": {
          "w": 0.22310957312583923,
          "x": 0.8532294034957886,
          "y": -0.07085105031728745,
          "z": -0.4660491645336151
        },
        "matrix": [
          [
            0.5555569529533386,
            0.08705435693264008,
            -0.8269086480140686,
            0.34952425956726074
          ],
          [
            -0.32886460423469543,
            -0.8904047012329102,
            -0.3146863281726837,
            -0.23338596522808075
          ],
          [
            -0.7636840343475342,
            0.4467694163322449,
            -0.4660450220108032,
            1.5205122232437134
          ],
          [
            0.0,
            0.0,
            0.0,
            1.0
          ]
        ]
      },
      "bone_length_armature_space": 0.26752474545650445,
      "parent": "upperarm_l",
      "has_children": true,
      "is_end_bone": false
    },
    "metacarpal_thumb_l": {
      "name": "metacarpal_thumb_l",
      "local": {
        "location": {
          "x": 0.0,
          "y": 0.0,
          "z": 0.0
        },
        "rotation_quaternion": {
          "w": 0.9988188743591309,
          "x": -0.04722828418016434,
          "y": 0.009804148226976395,
          "z": 0.005847875494509935
        },
        "scale": {
          "x": 1.0,
          "y": 1.0,
          "z": 1.0
        },
        "matrix_basis": [
          [
            0.9997393488883972,
            -0.012608002871274948,
            0.019032767042517662,
            0.0
          ],
          [
            0.01075587049126625,
            0.9954705834388733,
            0.094459667801857,
            0.0
          ],
          [
            -0.02013750746846199,
            -0.09423033893108368,
            0.99534672498703,
            0.0
          ],
          [
            0.0,
            0.0,
            0.0,
            1.0
          ]
        ],
        "rotation_mode": "QUATERNION"
      },
      "armature_space": {
        "head": {
          "x": 0.3728134334087372,
          "y": -0.5348350405693054,
          "z": 0.6901799440383911
        },
        "tail": {
          "x": 0.354078471660614,
          "y": -0.5806873440742493,
          "z": 0.6905671954154968
        }
      },
      "world_space": {
        "head": {
          "x": 0.3728134334087372,
          "y": -0.471591055393219,
          "z": 1.6400339603424072
        },
        "tail": {
          "x": 0.354078471660614,
          "y": -0.5174433588981628,
          "z": 1.6404211521148682
        },
        "rotation_quaternion": {
          "w": 0.06464673578739166,
          "x": 0.9310239553451538,
          "y": -0.18160587549209595,
          "z": 0.30989450216293335
        },
        "matrix": [
          [
            0.7419691681861877,
            -0.3782268464565277,
            0.5535575747489929,
            0.3728134334087372
          ],
          [
            -0.2980913519859314,
            -0.9256798028945923,
            -0.23293368518352509,
            -0.471591055393219
          ],
          [
            0.6005229353904724,
            0.007817983627319336,
            -0.7995781302452087,
            1.6400339603424072
          ],
          [
            0.0,
            0.0,
            0.0,
            1.0
          ]
        ]
      },
      "bone_length_armature_space": 0.04953364986898319,
      "parent": "lowerarm_l",
      "has_children": true,
      "is_end_bone": false
    },
    "thumb_01_l": {
      "name": "thumb_01_l",
      "local": {
        "location": {
          "x": 0.0,
          "y": 0.0,
          "z": 0.0
        },
        "rotation_quaternion": {
          "w": 0.9997955560684204,
          "x": 0.019999787211418152,
          "y": -0.001981965033337474,
          "z": 0.002226215321570635
        },
        "scale": {
          "x": 1.0,
          "y": 1.0,
          "z": 1.0
        },
        "matrix_basis": [
          [
            0.9999822378158569,
            -0.004530798178166151,
            -0.0038740721065551043,
            0.0
          ],
          [
            0.004372242838144302,
            0.999190092086792,
            -0.040000222623348236,
            0.0
          ],
          [
            0.004052167292684317,
            0.039982572197914124,
            0.9991921782493591,
            0.0
          ],
          [
            0.0,
            0.0,
            0.0,
            1.0
          ]
        ],
        "rotation_mode": "QUATERNION"
      },
      "armature_space": {
        "head": {
          "x": 0.354078471660614,
          "y": -0.5806873440742493,
          "z": 0.6905671954154968
        },
        "tail": {
          "x": 0.3576149642467499,
          "y": -0.6065695881843567,
          "z": 0.6687443256378174
        }
      },
      "world_space": {
        "head": {
          "x": 0.354078471660614,
          "y": -0.5174433588981628,
          "z": 1.6404211521148682
        },
        "tail": {
          "x": 0.3576149642467499,
          "y": -0.5433256030082703,
          "z": 1.6185983419418335
        },
        "rotation_quaternion": {
          "w": 0.18698416650295258,
          "x": -0.3739878237247467,
          "y": 0.2912862300872803,
          "z": -0.8604199886322021
        },
        "matrix": [
          [
            -0.6503402590751648,
            0.10389621555805206,
            0.7525045275688171,
            0.354078471660614
          ],
          [
            -0.539644718170166,
            -0.7603790760040283,
            -0.36139601469039917,
            -0.5174433588981628
          ],
          [
            0.5346442461013794,
            -0.6411208510398865,
            0.5505757331848145,
            1.6404211521148682
          ],
          [
            0.0,
            0.0,
            0.0,
            1.0
          ]
        ]
      },
      "bone_length_armature_space": 0.03403872761136427,
      "parent": "metacarpal_thumb_l",
      "has_children": true,
      "is_end_bone": false
    },
    "thumb_02_l": {
      "name": "thumb_02_l",
      "local": {
        "location": {
          "x": 0.0,
          "y": 0.0,
          "z": 0.0
        },
        "rotation_quaternion": {
          "w": 0.9974164962768555,
          "x": 0.07161456346511841,
          "y": -0.005231859162449837,
          "z": 0.002092562383040786
        },
        "scale": {
          "x": 1.0,
          "y": 1.0,
          "z": 1.0
        },
        "matrix_basis": [
          [
            0.9999365210533142,
            -0.0049236672930419445,
            -0.01013696938753128,
            0.0
          ],
          [
            0.003424957860261202,
            0.9897339344024658,
            -0.14288099110126495,
            0.0
          ],
          [
            0.010736401192843914,
            0.14283719658851624,
            0.989687979221344,
            0.0
          ],
          [
            0.0,
            0.0,
            0.0,
            1.0
          ]
        ],
        "rotation_mode": "QUATERNION"
      },
      "armature_space": {
        "head": {
          "x": 0.3576149344444275,
          "y": -0.6065695285797119,
          "z": 0.6687443256378174
        },
        "tail": {
          "x": 0.3618173897266388,
          "y": -0.6414631605148315,
          "z": 0.688185453414917
        }
      },
      "world_space": {
        "head": {
          "x": 0.3576149344444275,
          "y": -0.5433255434036255,
          "z": 1.6185983419418335
        },
        "tail": {
          "x": 0.3618173897266388,
          "y": -0.5782191753387451,
          "z": 1.638039469718933
        },
        "rotation_quaternion": {
          "w": 0.045090850442647934,
          "x": -0.034730859100818634,
          "y": -0.2521539330482483,
          "z": -0.9660119414329529
        },
        "matrix": [
          [
            -0.9935211539268494,
            0.10463164001703262,
            0.044361017644405365,
            0.3576149344444275
          ],
          [
            -0.06960166245698929,
            -0.8687700629234314,
            0.4902998208999634,
            -0.5433255434036255
          ],
          [
            0.08984092622995377,
            0.48403826355934143,
            0.8704307079315186,
            1.6185983419418335
          ],
          [
            0.0,
            0.0,
            0.0,
            1.0
          ]
        ]
      },
      "bone_length_armature_space": 0.04016445663033347,
      "parent": "thumb_01_l",
      "has_children": true,
      "is_end_bone": false
    },
    "thumb_03_l": {
      "name": "thumb_03_l",
      "local": {
        "location": {
          "x": 0.0,
          "y": 0.0,
          "z": 0.0
        },
        "rotation_quaternion": {
          "w": 0.997822642326355,
          "x": 0.06572536379098892,
          "y": -0.0003195335157215595,
          "z": 0.00547410175204277
        },
        "scale": {
          "x": 1.0,
          "y": 1.0,
          "z": 1.0
        },
        "matrix_basis": [
          [
            0.9999398589134216,
            -0.010966368019580841,
            8.189910295186564e-05,
            0.0
          ],
          [
            0.010882362723350525,
            0.9913004040718079,
            -0.13116800785064697,
            0.0
          ],
          [
            0.0013572502648457885,
            0.13116101920604706,
            0.9913601279258728,
            0.0
          ],
          [
            0.0,
            0.0,
            0.0,
            1.0
          ]
        ],
        "rotation_mode": "QUATERNION"
      },
      "armature_space": {
        "head": {
          "x": 0.361817330121994,
          "y": -0.6414631605148315,
          "z": 0.6881853342056274
        },
        "tail": {
          "x": 0.36885276436805725,
          "y": -0.6595313549041748,
          "z": 0.7116574645042419
        }
      },
      "world_space": {
        "head": {
          "x": 0.361817330121994,
          "y": -0.5782191753387451,
          "z": 1.6380393505096436
        },
        "tail": {
          "x": 0.36885276436805725,
          "y": -0.5962873697280884,
          "z": 1.6615114212036133
        },
        "rotation_quaternion": {
          "w": 0.1933138370513916,
          "x": 0.1350870132446289,
          "y": -0.4073001742362976,
          "z": -0.8823196887969971
        },
        "matrix": [
          [
            -0.8887622356414795,
            0.23108750581741333,
            -0.39585360884666443,
            0.361817330121994
          ],
          [
            -0.45117151737213135,
            -0.5934723615646362,
            0.6665092706680298,
            -0.5782191753387451
          ],
          [
            -0.08090724050998688,
            0.7709711194038391,
            0.6317211389541626,
            1.6380393505096436
          ],
          [
            0.0,
            0.0,
            0.0,
            1.0
          ]
        ]
      },
      "bone_length_armature_space": 0.030444998024621812,
      "parent": "thumb_02_l",
      "has_children": false,
      "is_end_bone": true
    },
    "metacarpal_index_l": {
      "name": "metacarpal_index_l",
      "local": {
        "location": {
          "x": 0.0,
          "y": 0.0,
          "z": 0.0
        },
        "rotation_quaternion": {
          "w": 0.9996368288993835,
          "x": -0.02427441067993641,
          "y": -0.007786831818521023,
          "z": -0.008740374818444252
        },
        "scale": {
          "x": 1.0,
          "y": 1.0,
          "z": 1.0
        },
        "matrix_basis": [
          [
            0.9997259378433228,
            0.01785244233906269,
            -0.015143672935664654,
            0.0
          ],
          [
            -0.01709635928273201,
            0.9986687302589417,
            0.0486673079431057,
            0.0
          ],
          [
            0.015992343425750732,
            -0.0483950711786747,
            0.9987002611160278,
            0.0
          ],
          [
            0.0,
            0.0,
            0.0,
            1.0
          ]
        ],
        "rotation_mode": "QUATERNION"
      },
      "armature_space": {
        "head": {
          "x": 0.3728134334087372,
          "y": -0.5348350405693054,
          "z": 0.6901799440383911
        },
        "tail": {
          "x": 0.35843467712402344,
          "y": -0.64601069688797,
          "z": 0.7242745757102966
        }
      },
      "world_space": {
        "head": {
          "x": 0.3728134334087372,
          "y": -0.471591055393219,
          "z": 1.6400339603424072
        },
        "tail": {
          "x": 0.35843467712402344,
          "y": -0.5827667117118835,
          "z": 1.674128532409668
        },
        "rotation_quaternion": {
          "w": 0.146676704287529,
          "x": 0.987061083316803,
          "y": -0.06381597369909286,
          "z": -0.011131477542221546
        },
        "matrix": [
          [
            0.9916071891784668,
            -0.12271517515182495,
            -0.040695562958717346,
            0.3728134334087372
          ],
          [
            -0.12924587726593018,
            -0.9488267302513123,
            -0.2881374955177307,
            -0.471591055393219
          ],
          [
            -0.003254505805671215,
            0.2909800410270691,
            -0.9567310810089111,
            1.6400339603424072
          ],
          [
            0.0,
            0.0,
            0.0,
            1.0
          ]
        ]
      },
      "bone_length_armature_space": 0.11717174853819796,
      "parent": "lowerarm_l",
      "has_children": true,
      "is_end_bone": false
    },
    "index_01_l": {
      "name": "index_01_l",
      "local": {
        "location": {
          "x": 0.0,
          "y": 0.0,
          "z": 0.0
        },
        "rotation_quaternion": {
          "w": 0.9972038865089417,
          "x": -0.07471593469381332,
          "y": -0.0013719986891373992,
          "z": -0.00037363829324021935
        },
        "scale": {
          "x": 1.0,
          "y": 1.0,
          "z": 1.0
        },
        "matrix_basis": [
          [
            0.9999959468841553,
            0.0009502074681222439,
            -0.0026804914232343435,
            0.0
          ],
          [
            -0.000540166802238673,
            0.988834798336029,
            0.14901506900787354,
            0.0
          ],
          [
            0.0027921583969146013,
            -0.14901301264762878,
            0.9888312816619873,
            0.0
          ],
          [
            0.0,
            0.0,
            0.0,
            1.0
          ]
        ],
        "rotation_mode": "QUATERNION"
      },
      "armature_space": {
        "head": {
          "x": 0.35843467712402344,
          "y": -0.64601069688797,
          "z": 0.7242745757102966
        },
        "tail": {
          "x": 0.3650137782096863,
          "y": -0.6693109273910522,
          "z": 0.7393372654914856
        }
      },
      "world_space": {
        "head": {
          "x": 0.35843467712402344,
          "y": -0.5827667117118835,
          "z": 1.674128532409668
        },
        "tail": {
          "x": 0.3650137782096863,
          "y": -0.6060669422149658,
          "z": 1.6891913414001465
        },
        "rotation_quaternion": {
          "w": 0.279197096824646,
          "x": 0.9530398845672607,
          "y": 0.1160963848233223,
          "z": -0.016905957832932472
        },
        "matrix": [
          [
            0.9724716544151306,
            0.23072907328605652,
            0.032603900879621506,
            0.35843467712402344
          ],
          [
            0.21184909343719482,
            -0.8171409368515015,
            -0.5360975861549377,
            -0.5827667117118835
          ],
          [
            -0.09705192595720291,
            0.5282497406005859,
            -0.8435328006744385,
            1.674128532409668
          ],
          [
            0.0,
            0.0,
            0.0,
            1.0
          ]
        ]
      },
      "bone_length_armature_space": 0.028514381583257958,
      "parent": "metacarpal_index_l",
      "has_children": true,
      "is_end_bone": false
    },
    "index_02_l": {
      "name": "index_02_l",
      "local": {
        "location": {
          "x": 0.0,
          "y": 0.0,
          "z": 0.0
        },
        "rotation_quaternion": {
          "w": 0.999725341796875,
          "x": 0.023053500801324844,
          "y": 0.00399725092574954,
          "z": -0.0014009865699335933
        },
        "scale": {
          "x": 1.0,
          "y": 1.0,
          "z": 1.0
        },
        "matrix_basis": [
          [
            0.9999641180038452,
            0.0029855049215257168,
            0.007927711121737957,
            0.0
          ],
          [
            -0.0026169023476541042,
            0.9989331364631653,
            -0.04610553756356239,
            0.0
          ],
          [
            -0.008056901395320892,
            0.04608313739299774,
            0.9989051222801208,
            0.0
          ],
          [
            0.0,
            0.0,
            0.0,
            1.0
          ]
        ],
        "rotation_mode": "QUATERNION"
      },
      "armature_space": {
        "head": {
          "x": 0.36501362919807434,
          "y": -0.6693115234375,
          "z": 0.7393372654914856
        },
        "tail": {
          "x": 0.3717137575149536,
          "y": -0.690253496170044,
          "z": 0.7525522112846375
        }
      },
      "world_space": {
        "head": {
          "x": 0.36501362919807434,
          "y": -0.6060675382614136,
          "z": 1.6891913414001465
        },
        "tail": {
          "x": 0.3717137575149536,
          "y": -0.6270095109939575,
          "z": 1.7024061679840088
        },
        "rotation_quaternion": {
          "w": 0.27704402804374695,
          "x": 0.9516884684562683,
          "y": 0.1227726861834526,
          "z": -0.0496261827647686
        },
        "matrix": [
          [
            0.9649282693862915,
            0.2611798644065857,
            -0.02642989344894886,
            0.36501362919807434
          ],
          [
            0.2061857432126999,
            -0.8163465857505798,
            -0.5395050048828125,
            -0.6060675382614136
          ],
          [
            -0.16248486936092377,
            0.5151368975639343,
            -0.8415741920471191,
            1.6891913414001465
          ],
          [
            0.0,
            0.0,
            0.0,
            1.0
          ]
        ]
      },
      "bone_length_armature_space": 0.02565331852040798,
      "parent": "index_01_l",
      "has_children": true,
      "is_end_bone": false
    },
    "index_03_l": {
      "name": "index_03_l",
      "local": {
        "location": {
          "x": 0.0,
          "y": 0.0,
          "z": 0.0
        },
        "rotation_quaternion": {
          "w": 0.9981204867362976,
          "x": 0.06098777428269386,
          "y": 0.005980195943266153,
          "z": 0.0006026523187756538
        },
        "scale": {
          "x": 1.0,
          "y": 1.0,
          "z": 1.0
        },
        "matrix_basis": [
          [
            0.9999277591705322,
            -0.0004736015689559281,
            0.012011420913040638,
            0.0
          ],
          [
            0.0019324768800288439,
            0.9925602674484253,
            -0.12173908948898315,
            0.0
          ],
          [
            -0.011864403262734413,
            0.1217534989118576,
            0.9924894571304321,
            0.0
          ],
          [
            0.0,
            0.0,
            0.0,
            1.0
          ]
        ],
        "rotation_mode": "QUATERNION"
      },
      "armature_space": {
        "head": {
          "x": 0.3717137277126312,
          "y": -0.6902534365653992,
          "z": 0.752552330493927
        },
        "tail": {
          "x": 0.3817354440689087,
          "y": -0.7161613702774048,
          "z": 0.7616119384765625
        }
      },
      "world_space": {
        "head": {
          "x": 0.3717137277126312,
          "y": -0.6270094513893127,
          "z": 1.702406406402588
        },
        "tail": {
          "x": 0.3817354440689087,
          "y": -0.6529173851013184,
          "z": 1.7114659547805786
        },
        "rotation_quaternion": {
          "w": 0.1663837879896164,
          "x": 0.9705204963684082,
          "y": 0.1702091097831726,
          "z": -0.037885069847106934
        },
        "matrix": [
          [
            0.9391871094703674,
            0.3429897427558899,
            -0.016896016895771027,
            0.3717137277126312
          ],
          [
            0.3177761435508728,
            -0.8866902589797974,
            -0.33585503697395325,
            -0.6270094513893127
          ],
          [
            -0.13017705082893372,
            0.31006282567977905,
            -0.9417693018913269,
            1.702406406402588
          ],
          [
            0.0,
            0.0,
            0.0,
            1.0
          ]
        ]
      },
      "bone_length_armature_space": 0.029218697798476405,
      "parent": "index_02_l",
      "has_children": false,
      "is_end_bone": true
    },
    "metacarpal_pinky_l": {
      "name": "metacarpal_pinky_l",
      "local": {
        "location": {
          "x": 0.0,
          "y": 0.0,
          "z": 0.0
        },
        "rotation_quaternion": {
          "w": 0.9996069669723511,
          "x": 0.023660967126488686,
          "y": 0.010574433952569962,
          "z": 0.010693810880184174
        },
        "scale": {
          "x": 1.0,
          "y": 1.0,
          "z": 1.0
        },
        "matrix_basis": [
          [
            0.9995476603507996,
            -0.020878812298178673,
            0.021646607667207718,
            0.0
          ],
          [
            0.021879618987441063,
            0.9986516237258911,
            -0.04707717150449753,
            0.0
          ],
          [
            -0.020634504035115242,
            0.047529496252536774,
            0.998656690120697,
            0.0
          ],
          [
            0.0,
            0.0,
            0.0,
            1.0
          ]
        ],
        "rotation_mode": "QUATERNION"
      },
      "armature_space": {
        "head": {
          "x": 0.3728134334087372,
          "y": -0.5348350405693054,
          "z": 0.6901799440383911
        },
        "tail": {
          "x": 0.4054805636405945,
          "y": -0.6111234426498413,
          "z": 0.7530782222747803
        }
      },
      "world_space": {
        "head": {
          "x": 0.3728134334087372,
          "y": -0.471591055393219,
          "z": 1.6400339603424072
        },
        "tail": {
          "x": 0.4054805636405945,
          "y": -0.5478794574737549,
          "z": 1.7029322385787964
        },
        "rotation_quaternion": {
          "w": 0.2841295003890991,
          "x": 0.3718639016151428,
          "y": -0.23012930154800415,
          "z": -0.8532456159591675
        },
        "matrix": [
          [
            -0.5619750022888184,
            0.3137124478816986,
            -0.7653551697731018,
            0.3728134334087372
          ],
          [
            -0.656018853187561,
            -0.732621431350708,
            0.1813974678516388,
            -0.471591055393219
          ],
          [
            -0.5038132071495056,
            0.6040318012237549,
            0.617520809173584,
            1.6400339603424072
          ],
          [
            0.0,
            0.0,
            0.0,
            1.0
          ]
        ]
      },
      "bone_length_armature_space": 0.10413095332659028,
      "parent": "lowerarm_l",
      "has_children": true,
      "is_end_bone": false
    },
    "pinky_01_l": {
      "name": "pinky_01_l",
      "local": {
        "location": {
          "x": 0.0,
          "y": 0.0,
          "z": 0.0
        },
        "rotation_quaternion": {
          "w": 0.9645545482635498,
          "x": 0.26290878653526306,
          "y": 0.008448141627013683,
          "z": 0.021030239760875702
        },
        "scale": {
          "x": 1.0,
          "y": 1.0,
          "z": 1.0
        },
        "matrix_basis": [
          [
            0.9989727139472961,
            -0.036127444356679916,
            0.027355456724762917,
            0.0
          ],
          [
            0.04501180723309517,
            0.8608734011650085,
            -0.5068243741989136,
            0.0
          ],
          [
            -0.0052393171936273575,
            0.5075350403785706,
            0.8616151809692383,
            0.0
          ],
          [
            0.0,
            0.0,
            0.0,
            1.0
          ]
        ],
        "rotation_mode": "QUATERNION"
      },
      "armature_space": {
        "head": {
          "x": 0.4054805636405945,
          "y": -0.6111234426498413,
          "z": 0.7530782222747803
        },
        "tail": {
