{
  "metadata": {
    "armature_name": "KIM_caucasian_male",
    "export_time": "2026-01-13T21:15:46.742034",
    "blender_version": "4.4.1",
    "bone_count": 56,
    "end_bone_count": 13,
    "spaces_included": [
      "LOCAL_CHANNELS",
      "ARMATURE_SPACE",
      "WORLD_SPACE"
    ],
    "note": "LOCAL matches Transform panel; replay pose via local.matrix_basis for best fidelity."
  },
  "bones": {
    "Root": {
      "name": "Root",
      "local": {
        "location": {
          "x": 0.0,
          "y": 0.0,
          "z": 0.0
        },
        "rotation_quaternion": {
          "w": 0.9994034767150879,
          "x": -0.017544427886605263,
          "y": -0.010453203693032265,
          "z": 0.027851926162838936
        },
        "scale": {
          "x": 1.0,
          "y": 1.0,
          "z": 1.0
        },
        "matrix_basis": [
          [
            0.99822998046875,
            -0.05530383437871933,
            -0.021871227771043777,
            0.0
          ],
          [
            0.05603741481900215,
            0.9978329539299011,
            0.03448564186692238,
            0.0
          ],
          [
            0.01991664431989193,
            -0.035650208592414856,
            0.9991658329963684,
            0.0
          ],
          [
            0.0,
            0.0,
            0.0,
            1.0
          ]
        ],
        "rotation_mode": "QUATERNION"
      },
      "armature_space": {
        "head": {
          "x": 0.0,
          "y": 0.07072800397872925,
          "z": -0.009595036506652832
        },
        "tail": {
          "x": -0.0039473590441048145,
          "y": 0.0004953369498252869,
          "z": 0.002500692382454872
        }
      },
      "world_space": {
        "head": {
          "x": 0.0,
          "y": 0.13397200405597687,
          "z": 0.9402589797973633
        },
        "tail": {
          "x": -0.0039473590441048145,
          "y": 0.0637393370270729,
          "z": 0.9523547291755676
        },
        "rotation_quaternion": {
          "w": 0.08483204990625381,
          "x": 0.9959511160850525,
          "y": -0.028492866083979607,
          "z": -0.008553129620850086
        },
        "matrix": [
          [
            0.99822998046875,
            -0.05530383437871933,
            -0.021871227771043777,
            0.0
          ],
          [
            -0.05820615962147713,
            -0.9839833378791809,
            -0.1684901863336563,
            0.13397200405597687
          ],
          [
            -0.01220291294157505,
            0.16946524381637573,
            -0.9854677319526672,
            0.9402589797973633
          ],
          [
            0.0,
            0.0,
            0.0,
            1.0
          ]
        ]
      },
      "bone_length_armature_space": 0.07137587722139131,
      "parent": null,
      "has_children": true,
      "is_end_bone": false
    },
    "spine_01": {
      "name": "spine_01",
      "local": {
        "location": {
          "x": 0.0,
          "y": 0.0,
          "z": 0.0
        },
        "rotation_quaternion": {
          "w": 0.9976785182952881,
          "x": 0.04993852600455284,
          "y": -0.03210761770606041,
          "z": 0.0333620123565197
        },
        "scale": {
          "x": 1.0,
          "y": 1.0,
          "z": 1.0
        },
        "matrix_basis": [
          [
            0.995712161064148,
            -0.06977593898773193,
            -0.060734059661626816,
            0.0
          ],
          [
            0.06336231529712677,
            0.9927862286567688,
            -0.10178753733634949,
            0.0
          ],
          [
            0.06739825755357742,
            0.09750284254550934,
            0.9929504990577698,
            0.0
          ],
          [
            0.0,
            0.0,
            0.0,
            1.0
          ]
        ],
        "rotation_mode": "QUATERNION"
      },
      "armature_space": {
        "head": {
          "x": -0.0039473590441048145,
          "y": 0.0004953369498252869,
          "z": 0.002500692382454872
        },
        "tail": {
          "x": -0.03245251253247261,
          "y": -0.005488676484674215,
          "z": 0.48963531851768494
        }
      },
      "world_space": {
        "head": {
          "x": -0.0039473590441048145,
          "y": 0.0637393370270729,
          "z": 0.9523547291755676
        },
        "tail": {
          "x": -0.03245251253247261,
          "y": 0.057755324989557266,
          "z": 1.4394893646240234
        },
        "rotation_quaternion": {
          "w": 0.6999571919441223,
          "x": 0.7110904455184937,
          "y": -0.0626780241727829,
          "z": -0.02194952964782715
        },
        "matrix": [
          [
            0.9911792874336243,
            -0.05841204896569252,
            -0.11896045506000519,
            -0.0039473590441048145
          ],
          [
            -0.11986730992794037,
            -0.012262292206287384,
            -0.9927142858505249,
            0.0637393370270729
          ],
          [
            0.05652803182601929,
            0.9982241988182068,
            -0.019156865775585175,
            0.9523547291755676
          ],
          [
            0.0,
            0.0,
            0.0,
            1.0
          ]
        ]
      },
      "bone_length_armature_space": 0.48800462062766914,
      "parent": "Root",
      "has_children": true,
      "is_end_bone": false
    },
    "neck_01": {
      "name": "neck_01",
      "local": {
        "location": {
          "x": 0.0,
          "y": 0.0,
          "z": 0.0
        },
        "rotation_quaternion": {
          "w": 0.9954640865325928,
          "x": -0.0473393090069294,
          "y": -0.026390250772237778,
          "z": 0.07819097489118576
        },
        "scale": {
          "x": 1.0,
          "y": 1.0,
          "z": 1.0
        },
        "matrix_basis": [
          [
            0.9863794445991516,
            -0.15317402780056,
            -0.05994410812854767,
            0.0
          ],
          [
            0.15817120671272278,
            0.9832903146743774,
            0.09012220799922943,
            0.0
          ],
          [
            0.045138079673051834,
            -0.09837612509727478,
            0.9941250681877136,
            0.0
          ],
          [
            0.0,
            0.0,
            0.0,
            1.0
          ]
        ],
        "rotation_mode": "QUATERNION"
      },
      "armature_space": {
        "head": {
          "x": -0.04085495322942734,
          "y": -0.040814273059368134,
          "z": 0.5620594024658203
        },
        "tail": {
          "x": -0.06551694124937057,
          "y": -0.06885607540607452,
          "z": 0.6575381755828857
        }
      },
      "world_space": {
        "head": {
          "x": -0.04085495322942734,
          "y": 0.022429727017879486,
          "z": 1.5119134187698364
        },
        "tail": {
          "x": -0.06551694124937057,
          "y": -0.005612075328826904,
          "z": 1.6073921918869019
        },
        "rotation_quaternion": {
          "w": 0.5849725604057312,
          "x": 0.7979358434677124,
          "y": -0.14507265388965607,
          "z": 0.007724424358457327
        },
        "matrix": [
          [
            0.9577882289886475,
            -0.24055470526218414,
            -0.15740102529525757,
            -0.04085495322942734
          ],
          [
            -0.22248128056526184,
            -0.2735216021537781,
            -0.9357821941375732,
            0.022429727017879486
          ],
          [
            0.1820552498102188,
            0.9313060641288757,
            -0.3154977858066559,
            1.5119134187698364
          ],
          [
            0.0,
            0.0,
            0.0,
            1.0
          ]
        ]
      },
      "bone_length_armature_space": 0.10252196050123374,
      "parent": "spine_01",
      "has_children": true,
      "is_end_bone": false
    },
    "head": {
      "name": "head",
      "local": {
        "location": {
          "x": 0.0,
          "y": 0.0,
          "z": 0.0
        },
        "rotation_quaternion": {
          "w": 0.9954544901847839,
          "x": 0.002679299796000123,
          "y": 0.0613769106566906,
          "z": -0.07277397066354752
        },
        "scale": {
          "x": 1.0,
          "y": 1.0,
          "z": 1.0
        },
        "matrix_basis": [
          [
            0.981873631477356,
            0.14521524310112,
            0.12180587649345398,
            0.0
          ],
          [
            -0.14455746114253998,
            0.9893935322761536,
            -0.01426752470433712,
            0.0
          ],
          [
            -0.12258581072092056,
            -0.0035990409087389708,
            0.9924513697624207,
            0.0
          ],
          [
            0.0,
            0.0,
            0.0,
            1.0
          ]
        ],
        "rotation_mode": "QUATERNION"
      },
      "armature_space": {
        "head": {
          "x": -0.06551694869995117,
          "y": -0.06885619461536407,
          "z": 0.6575379967689514
        },
        "tail": {
          "x": -0.0696096122264862,
          "y": -0.060592006891965866,
          "z": 0.8123549222946167
        }
      },
      "world_space": {
        "head": {
          "x": -0.06551694869995117,
          "y": -0.005612194538116455,
          "z": 1.6073920726776123
        },
        "tail": {
          "x": -0.0696096122264862,
          "y": 0.0026519931852817535,
          "z": 1.7622089385986328
        },
        "rotation_quaternion": {
          "w": 0.7238944172859192,
          "x": 0.6873388886451721,
          "y": -0.05118345469236374,
          "z": -0.030371708795428276
        },
        "matrix": [
          [
            0.9929156303405762,
            -0.026388945057988167,
            -0.11585399508476257,
            -0.06551694869995117
          ],
          [
            -0.1143324002623558,
            0.053286317735910416,
            -0.9920125603675842,
            -0.005612194538116455
          ],
          [
            0.03235166519880295,
            0.998237669467926,
            0.04989111050963402,
            1.6073920726776123
          ],
          [
            0.0,
            0.0,
            0.0,
            1.0
          ]
        ]
      },
      "bone_length_armature_space": 0.15509135346993938,
      "parent": "neck_01",
      "has_children": false,
      "is_end_bone": true
    },
    "upperarm_l": {
      "name": "upperarm_l",
      "local": {
        "location": {
          "x": 0.0,
          "y": 0.0,
          "z": 0.0
        },
        "rotation_quaternion": {
          "w": 0.7428127527236938,
          "x": 0.2977128028869629,
          "y": 0.4209142029285431,
          "z": 0.42711544036865234
        },
        "scale": {
          "x": 1.0,
          "y": 1.0,
          "z": 1.0
        },
        "matrix_basis": [
          [
            0.2808072566986084,
            -0.38391050696372986,
            0.8796363472938538,
            0.0
          ],
          [
            0.8851566910743713,
            0.457878977060318,
            -0.08273182064294815,
            0.0
          ],
          [
            -0.37100541591644287,
            0.8018476366996765,
            0.4683966338634491,
            0.0
          ],
          [
            0.0,
            0.0,
            0.0,
            1.0
          ]
        ],
        "rotation_mode": "QUATERNION"
      },
      "armature_space": {
        "head": {
          "x": 0.11136831343173981,
          "y": -0.061136141419410706,
          "z": 0.5033890604972839
        },
        "tail": {
          "x": 0.21262186765670776,
          "y": -0.28902295231819153,
          "z": 0.6014861464500427
        }
      },
      "world_space": {
        "head": {
          "x": 0.11136831343173981,
          "y": 0.002107858657836914,
          "z": 1.4532430171966553
        },
        "tail": {
          "x": 0.21262186765670776,
          "y": -0.2257789522409439,
          "z": 1.551340103149414
        },
        "rotation_quaternion": {
          "w": 0.20658110082149506,
          "x": 0.958267092704773,
          "y": 0.17920294404029846,
          "z": -0.08327536284923553
        },
        "matrix": [
          [
            0.9219030737876892,
            0.3778548836708069,
            -0.08555968105792999,
            0.11136831343173981
          ],
          [
            0.30904263257980347,
            -0.8504209518432617,
            -0.42576664686203003,
            0.002107858657836914
          ],
          [
            -0.23364107310771942,
            0.366075724363327,
            -0.900785505771637,
            1.4532430171966553
          ],
          [
            0.0,
            0.0,
            0.0,
            1.0
          ]
        ]
      },
      "bone_length_armature_space": 0.2679696229720285,
      "parent": "spine_01",
      "has_children": true,
      "is_end_bone": false
    },
    "lowerarm_l": {
      "name": "lowerarm_l",
      "local": {
        "location": {
          "x": 0.0,
          "y": 0.0,
          "z": 0.0
        },
        "rotation_quaternion": {
          "w": 0.8993348479270935,
          "x": 0.3367069363594055,
          "y": -0.2364301085472107,
          "z": 0.1480751633644104
        },
        "scale": {
          "x": 1.0,
          "y": 1.0,
          "z": 1.0
        },
        "matrix_basis": [
          [
            0.8443490862846375,
            -0.4255536198616028,
            -0.3255437910556793,
            0.0
          ],
          [
            0.1071229949593544,
            0.7294043898582458,
            -0.6756434440612793,
            0.0
          ],
          [
            0.5249755382537842,
            0.5356057286262512,
            0.6614584922790527,
            0.0
          ],
          [
            0.0,
            0.0,
            0.0,
            1.0
          ]
        ],
        "rotation_mode": "QUATERNION"
      },
      "armature_space": {
        "head": {
          "x": 0.2126217782497406,
          "y": -0.28902310132980347,
          "z": 0.6014861464500427
        },
        "tail": {
          "x": 0.12954121828079224,
          "y": -0.5407136678695679,
          "z": 0.5651699304580688
        }
      },
      "world_space": {
        "head": {
          "x": 0.2126217782497406,
          "y": -0.22577910125255585,
          "z": 1.551340103149414
        },
        "tail": {
          "x": 0.12954121828079224,
          "y": -0.47746968269348145,
          "z": 1.515023946762085
        },
        "rotation_quaternion": {
          "w": 0.12523677945137024,
          "x": -0.906051754951477,
          "y": 0.11793714761734009,
          "z": 0.38662248849868774
        },
        "matrix": [
          [
            0.6732279658317566,
            -0.3105531334877014,
            -0.6710595488548279,
            0.2126217782497406
          ],
          [
            -0.11687611043453217,
            -0.9408133625984192,
            0.3181358873844147,
            -0.22577910125255585
          ],
          [
            -0.7301450967788696,
            -0.13574910163879395,
            -0.6696823835372925,
            1.551340103149414
          ],
          [
            0.0,
            0.0,
            0.0,
            1.0
          ]
        ]
      },
      "bone_length_armature_space": 0.26752456203767755,
      "parent": "upperarm_l",
      "has_children": true,
      "is_end_bone": false
    },
    "metacarpal_thumb_l": {
      "name": "metacarpal_thumb_l",
      "local": {
        "location": {
          "x": 0.0,
          "y": 0.0,
          "z": 0.0
        },
        "rotation_quaternion": {
          "w": 0.998196005821228,
          "x": -0.05659136176109314,
          "y": -0.014772171154618263,
          "z": 0.013561571016907692
        },
        "scale": {
          "x": 1.0,
          "y": 1.0,
          "z": 1.0
        },
        "matrix_basis": [
          [
            0.9991957545280457,
            -0.025402257218956947,
            -0.031025979667901993,
            0.0
          ],
          [
            0.028746167197823524,
            0.9932270050048828,
            0.1125778779387474,
            0.0
          ],
          [
            0.02795610949397087,
            -0.11337921023368835,
            0.9931584000587463,
            0.0
          ],
          [
            0.0,
            0.0,
            0.0,
            1.0
          ]
        ],
        "rotation_mode": "QUATERNION"
      },
      "armature_space": {
        "head": {
          "x": 0.12954121828079224,
          "y": -0.5407136678695679,
          "z": 0.5651699304580688
        },
        "tail": {
          "x": 0.09938757866621017,
          "y": -0.5682644844055176,
          "z": 0.5371465682983398
        }
      },
      "world_space": {
        "head": {
          "x": 0.12954121828079224,
          "y": -0.47746968269348145,
          "z": 1.515023946762085
        },
        "tail": {
          "x": 0.09938757866621017,
          "y": -0.5050204992294312,
          "z": 1.487000584602356
        },
        "rotation_quaternion": {
          "w": 0.17383667826652527,
          "x": -0.8221428394317627,
          "y": 0.43781131505966187,
          "z": -0.3196612596511841
        },
        "matrix": [
          [
            0.4122745096683502,
            -0.6087503433227539,
            0.6778294444084167,
            0.12954121828079224
          ],
          [
            -0.8310248255729675,
            -0.5562037825584412,
            0.005932297557592392,
            -0.47746968269348145
          ],
          [
            0.37340182065963745,
            -0.5657432079315186,
            -0.7352005243301392,
            1.515023946762085
          ],
          [
            0.0,
            0.0,
            0.0,
            1.0
          ]
        ]
      },
      "bone_length_armature_space": 0.049533809769082095,
      "parent": "lowerarm_l",
      "has_children": true,
      "is_end_bone": false
    },
    "thumb_01_l": {
      "name": "thumb_01_l",
      "local": {
        "location": {
          "x": 0.0,
          "y": 0.0,
          "z": 0.0
        },
        "rotation_quaternion": {
          "w": 0.9586924314498901,
          "x": 0.28342491388320923,
          "y": 0.014367407187819481,
          "z": 0.0193078201264143
        },
        "scale": {
          "x": 1.0,
          "y": 1.0,
          "z": 1.0
        },
        "matrix_basis": [
          [
            0.9988415837287903,
            -0.02887636050581932,
            0.03849248215556145,
            0.0
          ],
          [
            0.04516468569636345,
            0.8385950326919556,
            -0.5428798198699951,
            0.0
          ],
          [
            -0.016603214666247368,
            0.5439894199371338,
            0.8389278054237366,
            0.0
          ],
          [
            0.0,
            0.0,
            0.0,
            1.0
          ]
        ],
        "rotation_mode": "QUATERNION"
      },
      "armature_space": {
        "head": {
          "x": 0.09938757866621017,
          "y": -0.5682644844055176,
          "z": 0.5371465682983398
        },
        "tail": {
          "x": 0.10946301370859146,
          "y": -0.5914651155471802,
          "z": 0.5143682956695557
        }
      },
      "world_space": {
        "head": {
          "x": 0.09938757866621017,
          "y": -0.5050204992294312,
          "z": 1.487000584602356
        },
        "tail": {
          "x": 0.10946301370859146,
          "y": -0.5282211303710938,
          "z": 1.4642223119735718
        },
        "rotation_quaternion": {
          "w": 0.19401313364505768,
          "x": -0.08363278210163116,
          "y": 0.3486543893814087,
          "z": -0.9131289720535278
        },
        "matrix": [
          [
            -0.9107285141944885,
            0.29600054025650024,
            0.2880227565765381,
            0.09938757866621017
          ],
          [
            -0.41263657808303833,
            -0.6815983057022095,
            -0.6042805314064026,
            -0.5050204992294312
          ],
          [
            0.017448289319872856,
            -0.6691896915435791,
            0.742896318435669,
            1.487000584602356
          ],
          [
            0.0,
            0.0,
            0.0,
            1.0
          ]
        ]
      },
      "bone_length_armature_space": 0.03403870423187293,
      "parent": "metacarpal_thumb_l",
      "has_children": true,
      "is_end_bone": false
    },
    "thumb_02_l": {
      "name": "thumb_02_l",
      "local": {
        "location": {
          "x": 0.0,
          "y": 0.0,
          "z": 0.0
        },
        "rotation_quaternion": {
          "w": 0.9034427404403687,
          "x": 0.42854228615760803,
          "y": 0.007868470624089241,
          "z": 0.009000335820019245
        },
        "scale": {
          "x": 1.0,
          "y": 1.0,
          "z": 1.0
        },
        "matrix_basis": [
          [
            0.9997141361236572,
            -0.009518631733953953,
            0.021931475028395653,
            0.0
          ],
          [
            0.02300652116537094,
            0.6325410008430481,
            -0.7741851806640625,
            0.0
          ],
          [
            -0.006503376178443432,
            0.7744684815406799,
            0.6325792074203491,
            0.0
          ],
          [
            0.0,
            0.0,
            0.0,
            1.0
          ]
        ],
        "rotation_mode": "QUATERNION"
      },
      "armature_space": {
        "head": {
          "x": 0.10946302860975266,
          "y": -0.5914651155471802,
          "z": 0.5143682360649109
        },
        "tail": {
          "x": 0.09136054664850235,
          "y": -0.6088672280311584,
          "z": 0.5457156300544739
        }
      },
      "world_space": {
        "head": {
          "x": 0.10946302860975266,
          "y": -0.5282211303710938,
          "z": 1.4642221927642822
        },
        "tail": {
          "x": 0.09136054664850235,
          "y": -0.545623242855072,
          "z": 1.4955697059631348
        },
        "rotation_quaternion": {
          "w": 0.18184074759483337,
          "x": -0.14745575189590454,
          "y": 0.5002979636192322,
          "z": 0.8336021900177002
        },
        "matrix": [
          [
            -0.8903814554214478,
            -0.45070964097976685,
            -0.06388816237449646,
            0.10946302860975266
          ],
          [
            0.15562380850315094,
            -0.43327146768569946,
            0.8877258896827698,
            -0.5282211303710938
          ],
          [
            -0.4277903139591217,
            0.7804772853851318,
            0.45592212677001953,
            1.4642221927642822
          ],
          [
            0.0,
            0.0,
            0.0,
            1.0
          ]
        ]
      },
      "bone_length_armature_space": 0.04016456654545773,
      "parent": "thumb_01_l",
      "has_children": true,
      "is_end_bone": false
    },
    "thumb_03_l": {
      "name": "thumb_03_l",
      "local": {
        "location": {
          "x": 0.0,
          "y": 0.0,
          "z": 0.0
        },
        "rotation_quaternion": {
          "w": 0.9876976013183594,
          "x": 0.15635739266872406,
          "y": -0.0022539517376571894,
          "z": 0.0009745780844241381
        },
        "scale": {
          "x": 1.0,
          "y": 1.0,
          "z": 1.0
        },
        "matrix_basis": [
          [
            0.9999879598617554,
            -0.002630020957440138,
            -0.004147680476307869,
            0.0
          ],
          [
            0.0012203328078612685,
            0.9511028528213501,
            -0.3088720440864563,
            0.0
          ],
          [
            0.004757210612297058,
            0.30886325240135193,
            0.9510945677757263,
            0.0
          ],
          [
            0.0,
            0.0,
            0.0,
            1.0
          ]
        ],
        "rotation_mode": "QUATERNION"
      },
      "armature_space": {
        "head": {
          "x": 0.09136052429676056,
          "y": -0.6088672280311584,
          "z": 0.5457155704498291
        },
        "tail": {
          "x": 0.07973872125148773,
          "y": -0.6056427359580994,
          "z": 0.5736697912216187
        }
      },
      "world_space": {
        "head": {
          "x": 0.09136052429676056,
          "y": -0.545623242855072,
          "z": 1.4955695867538452
        },
        "tail": {
          "x": 0.07973872125148773,
          "y": -0.5423987507820129,
          "z": 1.5235238075256348
        },
        "rotation_quaternion": {
          "w": 0.0480269119143486,
          "x": -0.2162647545337677,
          "y": 0.7420575618743896,
          "z": 0.6326718330383301
        },
        "matrix": [
          [
            -0.901845395565033,
            -0.3817325830459595,
            -0.20237377285957336,
            0.09136052429676056
          ],
          [
            -0.2601935565471649,
            0.10591255128383636,
            0.9597302675247192,
            -0.545623242855072
          ],
          [
            -0.34492895007133484,
            0.9181911945343018,
            -0.19484150409698486,
            1.4955695867538452
          ],
          [
            0.0,
            0.0,
            0.0,
            1.0
          ]
        ]
      },
      "bone_length_armature_space": 0.0304450676593685,
      "parent": "thumb_02_l",
      "has_children": false,
      "is_end_bone": true
    },
    "metacarpal_index_l": {
      "name": "metacarpal_index_l",
      "local": {
        "location": {
          "x": 0.0,
          "y": 0.0,
          "z": 0.0
        },
        "rotation_quaternion": {
          "w": 0.9989738464355469,
          "x": -0.044191502034664154,
          "y": -0.007007203996181488,
          "z": -0.00702607212588191
        },
        "scale": {
          "x": 1.0,
          "y": 1.0,
          "z": 1.0
        },
        "matrix_basis": [
          [
            0.9998030662536621,
            0.014657041989266872,
            -0.013379042036831379,
            0.0
          ],
          [
            -0.013418407179415226,
            0.9959954619407654,
            0.0883907750248909,
            0.0
          ],
          [
            0.014621012844145298,
            -0.08819384127855301,
            0.9959959983825684,
            0.0
          ],
          [
            0.0,
            0.0,
            0.0,
            1.0
          ]
        ],
        "rotation_mode": "QUATERNION"
      },
      "armature_space": {
        "head": {
          "x": 0.12954121828079224,
          "y": -0.5407136678695679,
          "z": 0.5651699304580688
        },
        "tail": {
          "x": 0.07404378056526184,
          "y": -0.6383108496665955,
          "z": 0.5316427946090698
        }
      },
      "world_space": {
        "head": {
          "x": 0.12954121828079224,
          "y": -0.47746968269348145,
          "z": 1.515023946762085
        },
        "tail": {
          "x": 0.07404378056526184,
          "y": -0.575066864490509,
          "z": 1.481496810913086
        },
        "rotation_quaternion": {
          "w": 0.13198354840278625,
          "x": -0.9550339579582214,
          "y": 0.257118284702301,
          "z": -0.06618845462799072
        },
        "matrix": [
          [
            0.8590184450149536,
            -0.47364190220832825,
            0.1942957192659378,
            0.12954121828079224
          ],
          [
            -0.5085850954055786,
            -0.8329412341117859,
            0.21806013584136963,
            -0.47746968269348145
          ],
          [
            0.05855432152748108,
            -0.2861364781856537,
            -0.9564054608345032,
            1.515023946762085
          ],
          [
            0.0,
            0.0,
            0.0,
            1.0
          ]
        ]
      },
      "bone_length_armature_space": 0.11717185671028273,
      "parent": "lowerarm_l",
      "has_children": true,
      "is_end_bone": false
    },
    "index_01_l": {
      "name": "index_01_l",
      "local": {
        "location": {
          "x": 0.0,
          "y": 0.0,
          "z": 0.0
        },
        "rotation_quaternion": {
          "w": 0.9474491477012634,
          "x": 0.3193510174751282,
          "y": 0.018561730161309242,
          "z": -0.0032352230045944452
        },
        "scale": {
          "x": 1.0,
          "y": 1.0,
          "z": 1.0
        },
        "matrix_basis": [
          [
            0.9992899894714355,
            0.017985833808779716,
            0.0331062488257885,
            0.0
          ],
          [
            0.005724996328353882,
            0.7960089445114136,
            -0.6052578091621399,
            0.0
          ],
          [
            -0.03723893314599991,
            0.6050176024436951,
            0.7953407764434814,
            0.0
          ],
          [
            0.0,
            0.0,
            0.0,
            1.0
          ]
        ],
        "rotation_mode": "QUATERNION"
      },
      "armature_space": {
        "head": {
          "x": 0.07404378056526184,
          "y": -0.6383108496665955,
          "z": 0.5316427946090698
        },
        "tail": {
          "x": 0.07383392751216888,
          "y": -0.6591161489486694,
          "z": 0.5121448636054993
        }
      },
      "world_space": {
        "head": {
          "x": 0.07404378056526184,
          "y": -0.575066864490509,
          "z": 1.481496810913086
        },
        "tail": {
          "x": 0.07383392751216888,
          "y": -0.595872163772583,
          "z": 1.4619989395141602
        },
        "rotation_quaternion": {
          "w": 0.36343541741371155,
          "x": -0.9207165837287903,
          "y": 0.055617935955524445,
          "z": -0.13077618181705475
        },
        "matrix": [
          [
            0.9596086740493774,
            -0.007359527051448822,
            0.2812424898147583,
            0.07404378056526184
          ],
          [
            -0.19747398793697357,
            -0.7296432852745056,
            0.6546946167945862,
            -0.575066864490509
          ],
          [
            0.200389564037323,
            -0.6837941408157349,
            -0.7016292810440063,
            1.481496810913086
          ],
          [
            0.0,
            0.0,
            0.0,
            1.0
          ]
        ]
      },
      "bone_length_armature_space": 0.028514449531685807,
      "parent": "metacarpal_index_l",
      "has_children": true,
      "is_end_bone": false
    },
    "index_02_l": {
      "name": "index_02_l",
      "local": {
        "location": {
          "x": 0.0,
          "y": 0.0,
          "z": 0.0
        },
        "rotation_quaternion": {
          "w": 0.9045590162277222,
          "x": 0.4263230860233307,
          "y": -0.004650270100682974,
          "z": -0.00012640387285500765
        },
        "scale": {
          "x": 1.0,
          "y": 1.0,
          "z": 1.0
        },
        "matrix_basis": [
          [
            0.9999567270278931,
            -0.003736355574801564,
            -0.00852066557854414,
            0.0
          ],
          [
            -0.00419371435418725,
            0.6364971995353699,
            -0.7712675929069519,
            0.0
          ],
          [
            0.008305110037326813,
            0.7712699770927429,
            0.6364539861679077,
            0.0
          ],
          [
            0.0,
            0.0,
            0.0,
            1.0
          ]
        ],
        "rotation_mode": "QUATERNION"
      },
      "armature_space": {
        "head": {
          "x": 0.07383378595113754,
          "y": -0.6591162085533142,
          "z": 0.5121442675590515
        },
        "tail": {
          "x": 0.07826100289821625,
          "y": -0.6588303446769714,
          "z": 0.48687735199928284
        }
      },
      "world_space": {
        "head": {
          "x": 0.07383378595113754,
          "y": -0.5958722233772278,
          "z": 1.4619982242584229
        },
        "tail": {
          "x": 0.07826100289821625,
          "y": -0.595586359500885,
          "z": 1.4367313385009766
        },
        "rotation_quaternion": {
          "w": 0.710824191570282,
          "x": -0.6953594088554382,
          "y": -0.01735221967101097,
          "z": -0.10441884398460388
        },
        "matrix": [
          [
            0.9775911569595337,
            0.1725790649652481,
            0.12054963409900665,
            0.07383378595113754
          ],
          [
            -0.12431588023900986,
            0.011143684387207031,
            0.9921802282333374,
            -0.5958722233772278
          ],
          [
            0.16988717019557953,
            -0.9849395751953125,
            0.03234949707984924,
            1.4619982242584229
          ],
          [
            0.0,
            0.0,
            0.0,
            1.0
          ]
        ]
      },
      "bone_length_armature_space": 0.025653440196940124,
      "parent": "index_01_l",
      "has_children": true,
      "is_end_bone": false
    },
    "index_03_l": {
      "name": "index_03_l",
      "local": {
        "location": {
          "x": 0.0,
          "y": 0.0,
          "z": 0.0
        },
        "rotation_quaternion": {
          "w": 0.9380297660827637,
          "x": 0.3463836908340454,
          "y": 0.0025610988959670067,
          "z": 0.010583990253508091
        },
        "scale": {
          "x": 1.0,
          "y": 1.0,
          "z": 1.0
        },
        "matrix_basis": [
          [
            0.9997628331184387,
            -0.018081950023770332,
            0.012137017212808132,
            0.0
          ],
          [
            0.021630441769957542,
            0.7598126530647278,
            -0.6497822403907776,
            0.0
          ],
          [
            0.002527469303458929,
            0.649890661239624,
            0.7600235342979431,
            0.0
          ],
          [
            0.0,
            0.0,
            0.0,
            1.0
          ]
        ],
        "rotation_mode": "QUATERNION"
      },
      "armature_space": {
        "head": {
          "x": 0.07826095819473267,
          "y": -0.658830463886261,
          "z": 0.48687735199928284
        },
        "tail": {
          "x": 0.08697576820850372,
          "y": -0.6382551789283752,
          "z": 0.46805059909820557
        }
      },
      "world_space": {
        "head": {
          "x": 0.07826095819473267,
          "y": -0.5955864787101746,
          "z": 1.4367313385009766
        },
        "tail": {
          "x": 0.08697576820850372,
          "y": -0.5750111937522888,
          "z": 1.4179046154022217
        },
        "rotation_quaternion": {
          "w": 0.9202835559844971,
          "x": -0.36053386330604553,
          "y": -0.07189685106277466,
          "z": -0.13388201594352722
        },
        "matrix": [
          [
            0.9538128972053528,
            0.2982615828514099,
            -0.035792186856269836,
            0.07826095819473267
          ],
          [
            -0.1945769041776657,
            0.7041815519332886,
            0.682838499546051,
            -0.5955864787101746
          ],
          [
            0.2288699895143509,
            -0.6443396210670471,
            0.7296979427337646,
            1.4367313385009766
          ],
          [
            0.0,
            0.0,
            0.0,
            1.0
          ]
        ]
      },
      "bone_length_armature_space": 0.029218775989765067,
      "parent": "index_02_l",
      "has_children": false,
      "is_end_bone": true
    },
    "metacarpal_pinky_l": {
      "name": "metacarpal_pinky_l",
      "local": {
        "location": {
          "x": 0.0,
          "y": 0.0,
          "z": 0.0
        },
        "rotation_quaternion": {
          "w": 0.9998725652694702,
          "x": -0.00584525428712368,
          "y": 0.011544599197804928,
          "z": -0.009351500310003757
        },
        "scale": {
          "x": 1.0,
          "y": 1.0,
          "z": 1.0
        },
        "matrix_basis": [
          [
            0.9995585680007935,
            0.018565654754638672,
            0.023195579648017883,
            0.0
          ],
          [
            -0.018835579976439476,
            0.9997567534446716,
            0.011473099701106548,
            0.0
          ],
          [
            -0.022976933047175407,
            -0.011904937215149403,
            0.9996650815010071,
            0.0
          ],
          [
            0.0,
            0.0,
            0.0,
            1.0
          ]
        ],
        "rotation_mode": "QUATERNION"
      },
      "armature_space": {
        "head": {
          "x": 0.12954121828079224,
          "y": -0.5407136678695679,
          "z": 0.5651699304580688
        },
        "tail": {
          "x": 0.12035970389842987,
          "y": -0.6443177461624146,
          "z": 0.5701819658279419
        }
      },
      "world_space": {
        "head": {
          "x": 0.12954121828079224,
          "y": -0.47746968269348145,
          "z": 1.515023946762085
        },
        "tail": {
          "x": 0.12035970389842987,
          "y": -0.5810737609863281,
          "z": 1.520035982131958
        },
        "rotation_quaternion": {
          "w": 0.026297014206647873,
          "x": -0.4970055818557739,
          "y": 0.04286770150065422,
          "z": 0.8662888407707214
        },
        "matrix": [
          [
            -0.5045879483222961,
            -0.08817295730113983,
            -0.858846127986908,
            0.12954121828079224
          ],
          [
            0.0029503069818019867,
            -0.9949418306350708,
            0.1004115641117096,
            -0.47746968269348145
          ],
          [
            -0.8633614182472229,
            0.04813186451792717,
            0.5022992491722107,
            1.515023946762085
          ],
          [
            0.0,
            0.0,
            0.0,
            1.0
          ]
        ]
      },
      "bone_length_armature_space": 0.10413080893362783,
      "parent": "lowerarm_l",
      "has_children": true,
      "is_end_bone": false
    },
    "pinky_01_l": {
      "name": "pinky_01_l",
      "local": {
        "location": {
          "x": 0.0,
          "y": 0.0,
          "z": 0.0
        },
        "rotation_quaternion": {
          "w": 0.9540024995803833,
          "x": 0.2992965877056122,
          "y": -0.0043066730722785,
          "z": -0.016800209879875183
        },
        "scale": {
          "x": 1.0,
          "y": 1.0,
          "z": 1.0
        },
        "matrix_basis": [
          [
            0.999398410320282,
            0.029476938769221306,
            -0.018273644149303436,
            0.0
          ],
          [
            -0.03463282808661461,
            0.8202785849571228,
            -0.5709146857261658,
            0.0
          ],
          [
            -0.001839337171986699,
            0.5712040662765503,
            0.8208060264587402,
            0.0
          ],
          [
            0.0,
            0.0,
            0.0,
            1.0
          ]
        ],
        "rotation_mode": "QUATERNION"
      },
      "armature_space": {
        "head": {
          "x": 0.12035970389842987,
          "y": -0.6443177461624146,
          "z": 0.5701819658279419
        },
