{
  "metadata": {
    "armature_name": "KIM_caucasian_male",
    "export_time": "2026-01-13T20:26:02.407401",
    "blender_version": "4.4.1",
    "bone_count": 56,
    "end_bone_count": 13,
    "spaces_included": [
      "LOCAL_CHANNELS",
      "ARMATURE_SPACE",
      "WORLD_SPACE"
    ],
    "note": "LOCAL matches Transform panel; replay pose via local.matrix_basis for best fidelity."
  },
  "bones": {
    "Root": {
      "name": "Root",
      "local": {
        "location": {
          "x": 0.0,
          "y": 0.0,
          "z": 0.0
        },
        "rotation_quaternion": {
          "w": 0.9999433159828186,
          "x": 0.002421990968286991,
          "y": -0.008605231530964375,
          "z": 0.00579232070595026
        },
        "scale": {
          "x": 1.0,
          "y": 1.0,
          "z": 1.0
        },
        "matrix_basis": [
          [
            0.9997848272323608,
            -0.011625668033957481,
            -0.017181430011987686,
            0.0
          ],
          [
            0.011542301625013351,
            0.9999211430549622,
            -0.0049433959648013115,
            0.0
          ],
          [
            0.017237545922398567,
            0.004744018893688917,
            0.9998401403427124,
            0.0
          ],
          [
            0.0,
            0.0,
            0.0,
            1.0
          ]
        ],
        "rotation_mode": "QUATERNION"
      },
      "armature_space": {
        "head": {
          "x": 0.0,
          "y": 0.07072800397872925,
          "z": -0.009595036506652832
        },
        "tail": {
          "x": -0.0008297921740449965,
          "y": -3.993511199951172e-05,
          "z": -0.000336294062435627
        }
      },
      "world_space": {
        "head": {
          "x": 0.0,
          "y": 0.13397200405597687,
          "z": 0.9402589797973633
        },
        "tail": {
          "x": -0.0008297921740449965,
          "y": 0.06320406496524811,
          "z": 0.9495177268981934
        },
        "rotation_quaternion": {
          "w": 0.06494735181331635,
          "x": 0.9978348016738892,
          "y": -0.006358877755701542,
          "z": -0.008195466361939907
        },
        "matrix": [
          [
            0.9997848272323608,
            -0.011625668033957481,
            -0.017181430011987686,
            0.0
          ],
          [
            -0.013754772022366524,
            -0.9914827346801758,
            -0.12950968742370605,
            0.13397200405597687
          ],
          [
            -0.015529576689004898,
            0.1297181099653244,
            -0.9914363026618958,
            0.9402589797973633
          ],
          [
            0.0,
            0.0,
            0.0,
            1.0
          ]
        ]
      },
      "bone_length_armature_space": 0.07137586333424552,
      "parent": null,
      "has_children": true,
      "is_end_bone": false
    },
    "spine_01": {
      "name": "spine_01",
      "local": {
        "location": {
          "x": 0.0,
          "y": 0.0,
          "z": 0.0
        },
        "rotation_quaternion": {
          "w": 0.9974156618118286,
          "x": 0.060026928782463074,
          "y": -0.029600881040096283,
          "z": 0.026126191020011902
        },
        "scale": {
          "x": 1.0,
          "y": 1.0,
          "z": 1.0
        },
        "matrix_basis": [
          [
            0.996882438659668,
            -0.05567104369401932,
            -0.055912215262651443,
            0.0
          ],
          [
            0.0485636442899704,
            0.9914283752441406,
            -0.12129031121730804,
            0.0
          ],
          [
            0.06218531355261803,
            0.11819688230752945,
            0.9910411238670349,
            0.0
          ],
          [
            0.0,
            0.0,
            0.0,
            1.0
          ]
        ],
        "rotation_mode": "QUATERNION"
      },
      "armature_space": {
        "head": {
          "x": -0.0008297921740449965,
          "y": -3.993511199951172e-05,
          "z": -0.000336294062435627
        },
        "tail": {
          "x": -0.020960969850420952,
          "y": -0.037072859704494476,
          "z": 0.48584452271461487
        }
      },
      "world_space": {
        "head": {
          "x": -0.0008297921740449965,
          "y": 0.06320406496524811,
          "z": 0.9495177268981934
        },
        "tail": {
          "x": -0.020960969850420952,
          "y": 0.026171140372753143,
          "z": 1.4356985092163086
        },
        "rotation_quaternion": {
          "w": 0.678614616394043,
          "x": 0.7333484888076782,
          "y": -0.03922407701611519,
          "z": -0.011993232183158398
        },
        "matrix": [
          [
            0.9966352581977844,
            -0.04125231131911278,
            -0.07082674652338028,
            -0.0008297921740449965
          ],
          [
            -0.07380762696266174,
            -0.07588694989681244,
            -0.9943810701370239,
            0.06320406496524811
          ],
          [
            0.035645872354507446,
            0.9962696433067322,
            -0.07867780327796936,
            0.9495177268981934
          ],
          [
            0.0,
            0.0,
            0.0,
            1.0
          ]
        ]
      },
      "bone_length_armature_space": 0.48800459752150355,
      "parent": "Root",
      "has_children": true,
      "is_end_bone": false
    },
    "neck_01": {
      "name": "neck_01",
      "local": {
        "location": {
          "x": 0.0,
          "y": 0.0,
          "z": 0.0
        },
        "rotation_quaternion": {
          "w": 0.9889853000640869,
          "x": 0.05602997913956642,
          "y": 0.0863366648554802,
          "z": -0.10637108236551285
        },
        "scale": {
          "x": 1.0,
          "y": 1.0,
          "z": 1.0
        },
        "matrix_basis": [
          [
            0.9624623656272888,
            0.22007375955581665,
            0.15885144472122192,
            0.0
          ],
          [
            -0.20072399079799652,
            0.9710916876792908,
            -0.12919309735298157,
            0.0
          ],
          [
            -0.1826913207769394,
            0.09245820343494415,
            0.9788132309913635,
            0.0
          ],
          [
            0.0,
            0.0,
            0.0,
            1.0
          ]
        ],
        "rotation_mode": "QUATERNION"
      },
      "armature_space": {
        "head": {
          "x": -0.026437705382704735,
          "y": -0.0771147608757019,
          "z": 0.5560612678527832
        },
        "tail": {
          "x": -0.010920186527073383,
          "y": -0.13185778260231018,
          "z": 0.641343891620636
        }
      },
      "world_space": {
        "head": {
          "x": -0.026437705382704735,
          "y": -0.013870760798454285,
          "z": 1.5059152841567993
        },
        "tail": {
          "x": -0.010920186527073383,
          "y": -0.06861378252506256,
          "z": 1.5911979675292969
        },
        "rotation_quaternion": {
          "w": 0.47334855794906616,
          "x": 0.8756442666053772,
          "y": 0.09464392811059952,
          "z": 0.015200245194137096
        },
        "matrix": [
          [
            0.9816229343414307,
            0.15135891735553741,
            0.11621960997581482,
            -0.026437705382704735
          ],
          [
            0.18013933300971985,
            -0.533967137336731,
            -0.8260927796363831,
            -0.013870760798454285
          ],
          [
            -0.06297929584980011,
            0.8318524956703186,
            -0.5514246225357056,
            1.5059152841567993
          ],
          [
            0.0,
            0.0,
            0.0,
            1.0
          ]
        ]
      },
      "bone_length_armature_space": 0.10252179130921692,
      "parent": "spine_01",
      "has_children": true,
      "is_end_bone": false
    },
    "head": {
      "name": "head",
      "local": {
        "location": {
          "x": 0.0,
          "y": 0.0,
          "z": 0.0
        },
        "rotation_quaternion": {
          "w": 0.9816186428070068,
          "x": -0.04747815802693367,
          "y": 0.14760616421699524,
          "z": -0.11127954721450806
        },
        "scale": {
          "x": 1.0,
          "y": 1.0,
          "z": 1.0
        },
        "matrix_basis": [
          [
            0.9316585659980774,
            0.2044520229101181,
            0.30035263299942017,
            0.0
          ],
          [
            -0.23248429596424103,
            0.9707253575325012,
            0.06035979464650154,
            0.0
          ],
          [
            -0.27921923995018005,
            -0.12606199085712433,
            0.951916515827179,
            0.0
          ],
          [
            0.0,
            0.0,
            0.0,
            1.0
          ]
        ],
        "rotation_mode": "QUATERNION"
      },
      "armature_space": {
        "head": {
          "x": -0.010920179076492786,
          "y": -0.13185787200927734,
          "z": 0.6413437724113464
        },
        "tail": {
          "x": 0.031920354813337326,
          "y": -0.13740894198417664,
          "z": 0.7902973294258118
        }
      },
      "world_space": {
        "head": {
          "x": -0.010920179076492786,
          "y": -0.06861387193202972,
          "z": 1.5911977291107178
        },
        "tail": {
          "x": 0.031920354813337326,
          "y": -0.07416494190692902,
          "z": 1.7401514053344727
        },
        "rotation_quaternion": {
          "w": 0.6419894695281982,
          "x": 0.7152424454689026,
          "y": 0.2644859850406647,
          "z": 0.07952908426523209
        },
        "matrix": [
          [
            0.847443699836731,
            0.27622976899147034,
            0.4533611238002777,
            -0.010920179076492786
          ],
          [
            0.48045843839645386,
            -0.035792551934719086,
            -0.8762871026992798,
            -0.06861387193202972
          ],
          [
            -0.22583070397377014,
            0.9604317545890808,
            -0.16305099427700043,
            1.5911977291107178
          ],
          [
            0.0,
            0.0,
            0.0,
            1.0
          ]
        ]
      },
      "bone_length_armature_space": 0.15509122433906766,
      "parent": "neck_01",
      "has_children": false,
      "is_end_bone": true
    },
    "upperarm_l": {
      "name": "upperarm_l",
      "local": {
        "location": {
          "x": 0.0,
          "y": 0.0,
          "z": 0.0
        },
        "rotation_quaternion": {
          "w": 0.9606886506080627,
          "x": -0.07799076288938522,
          "y": -0.22915305197238922,
          "z": -0.135955348610878
        },
        "scale": {
          "x": 1.0,
          "y": 1.0,
          "z": 1.0
        },
        "matrix_basis": [
          [
            0.8580100536346436,
            0.2969651520252228,
            -0.4190829396247864,
            0.0
          ],
          [
            -0.22547787427902222,
            0.9508671760559082,
            0.21215884387493134,
            0.0
          ],
          [
            0.4614959955215454,
            -0.08754051476716995,
            0.8828126192092896,
            0.0
          ],
          [
            0.0,
            0.0,
            0.0,
            1.0
          ]
        ],
        "rotation_mode": "QUATERNION"
      },
      "armature_space": {
        "head": {
          "x": 0.12560418248176575,
          "y": -0.08625692129135132,
          "z": 0.4942002296447754
        },
        "tail": {
          "x": 0.3825662136077881,
          "y": -0.06331371515989304,
          "z": 0.4217308759689331
        }
      },
      "world_space": {
        "head": {
          "x": 0.12560418248176575,
          "y": -0.0230129212141037,
          "z": 1.4440542459487915
        },
        "tail": {
          "x": 0.3825662136077881,
          "y": -6.971508264541626e-05,
          "z": 1.3715848922729492
        },
        "rotation_quaternion": {
          "w": 0.5462541580200195,
          "x": 0.30061042308807373,
          "y": 0.49438369274139404,
          "z": -0.6056603789329529
        },
        "matrix": [
          [
            -0.22247803211212158,
            0.9589229822158813,
            0.17598377168178558,
            0.12560418248176575
          ],
          [
            -0.364457368850708,
            0.0856187492609024,
            -0.9272758364677429,
            -0.0230129212141037
          ],
          [
            -0.9042601585388184,
            -0.27043890953063965,
            0.3304396867752075,
            1.4440542459487915
          ],
          [
            0.0,
            0.0,
            0.0,
            1.0
          ]
        ]
      },
      "bone_length_armature_space": 0.2679695633458495,
      "parent": "spine_01",
      "has_children": true,
      "is_end_bone": false
    },
    "lowerarm_l": {
      "name": "lowerarm_l",
      "local": {
        "location": {
          "x": 0.0,
          "y": 0.0,
          "z": 0.0
        },
        "rotation_quaternion": {
          "w": 0.9974352121353149,
          "x": 0.05232402682304382,
          "y": 0.020324399694800377,
          "z": -0.04441056773066521
        },
        "scale": {
          "x": 1.0,
          "y": 1.0,
          "z": 1.0
        },
        "matrix_basis": [
          [
            0.9952292442321777,
            0.09072023630142212,
            0.035897064954042435,
            0.0
          ],
          [
            -0.08646641671657562,
            0.9905797839164734,
            -0.10618489235639572,
            0.0
          ],
          [
            -0.04519202187657356,
            0.1025744155049324,
            0.993698239326477,
            0.0
          ],
          [
            0.0,
            0.0,
            0.0,
            1.0
          ]
        ],
        "rotation_mode": "QUATERNION"
      },
      "armature_space": {
        "head": {
          "x": 0.38256633281707764,
          "y": -0.06331370770931244,
          "z": 0.42173099517822266
        },
        "tail": {
          "x": 0.642756462097168,
          "y": -0.09816325455904007,
          "z": 0.3701948821544647
        }
      },
      "world_space": {
        "head": {
          "x": 0.38256633281707764,
          "y": -6.970763206481934e-05,
          "z": 1.3715850114822388
        },
        "tail": {
          "x": 0.642756462097168,
          "y": -0.03491925448179245,
          "z": 1.3200489282608032
        },
        "rotation_quaternion": {
          "w": 0.5253608822822571,
          "x": 0.32934537529945374,
          "y": 0.39857470989227295,
          "z": -0.6757705211639404
        },
        "matrix": [
          [
            -0.23105409741401672,
            0.9725844264030457,
            -0.026331111788749695,
            0.38256633281707764
          ],
          [
            -0.4475109875202179,
            -0.13026675581932068,
            -0.8847399353981018,
            -6.970763206481934e-05
          ],
          [
            -0.8639208078384399,
            -0.1926407665014267,
            0.46534332633018494,
            1.3715850114822388
          ],
          [
            0.0,
            0.0,
            0.0,
            1.0
          ]
        ]
      },
      "bone_length_armature_space": 0.2675245133000322,
      "parent": "upperarm_l",
      "has_children": true,
      "is_end_bone": false
    },
    "metacarpal_thumb_l": {
      "name": "metacarpal_thumb_l",
      "local": {
        "location": {
          "x": 0.0,
          "y": 0.0,
          "z": 0.0
        },
        "rotation_quaternion": {
          "w": 0.9999340772628784,
          "x": -0.00620105117559433,
          "y": -0.0002463895652908832,
          "z": -0.00967069435864687
        },
        "scale": {
          "x": 1.0,
          "y": 1.0,
          "z": 1.0
        },
        "matrix_basis": [
          [
            0.9998128414154053,
            0.019343169406056404,
            -0.00037280970718711615,
            0.0
          ],
          [
            -0.019337058067321777,
            0.9997360706329346,
            0.012406050227582455,
            0.0
          ],
          [
            0.0006126835942268372,
            -0.01239651907235384,
            0.9999229907989502,
            0.0
          ],
          [
            0.0,
            0.0,
            0.0,
            1.0
          ]
        ],
        "rotation_mode": "QUATERNION"
      },
      "armature_space": {
        "head": {
          "x": 0.642756462097168,
          "y": -0.09816325455904007,
          "z": 0.3701948821544647
        },
        "tail": {
          "x": 0.678658127784729,
          "y": -0.1322435438632965,
          "z": 0.36840876936912537
        }
      },
      "world_space": {
        "head": {
          "x": 0.642756462097168,
          "y": -0.03491925448179245,
          "z": 1.3200489282608032
        },
        "tail": {
          "x": 0.678658127784729,
          "y": -0.06899954378604889,
          "z": 1.3182628154754639
        },
        "rotation_quaternion": {
          "w": 0.09709482640028,
          "x": 0.87818443775177,
          "y": 0.38283270597457886,
          "z": -0.2698218524456024
        },
        "matrix": [
          [
            0.5612701177597046,
            0.7247926592826843,
            -0.39956364035606384,
            0.642756462097168
          ],
          [
            0.6199989318847656,
            -0.6880226135253906,
            -0.37712913751602173,
            -0.03491925448179245
          ],
          [
            -0.5482525825500488,
            -0.036058589816093445,
            -0.8355435132980347,
            1.3200489282608032
          ],
          [
            0.0,
            0.0,
            0.0,
            1.0
          ]
        ]
      },
      "bone_length_armature_space": 0.04953368473679195,
      "parent": "lowerarm_l",
      "has_children": true,
      "is_end_bone": false
    },
    "thumb_01_l": {
      "name": "thumb_01_l",
      "local": {
        "location": {
          "x": 0.0,
          "y": 0.0,
          "z": 0.0
        },
        "rotation_quaternion": {
          "w": 0.9996826648712158,
          "x": -0.02076650783419609,
          "y": 0.002840055851265788,
          "z": 0.01397275272756815
        },
        "scale": {
          "x": 1.0,
          "y": 1.0,
          "z": 1.0
        },
        "matrix_basis": [
          [
            0.9995933771133423,
            -0.02805459313094616,
            0.005097978748381138,
            0.0
          ],
          [
            0.02781868167221546,
            0.9987470507621765,
            0.041599202901124954,
            0.0
          ],
          [
            -0.006258639972656965,
            -0.04144046828150749,
            0.999121367931366,
            0.0
          ],
          [
            0.0,
            0.0,
            0.0,
            1.0
          ]
        ],
        "rotation_mode": "QUATERNION"
      },
      "armature_space": {
        "head": {
          "x": 0.678658127784729,
          "y": -0.1322435438632965,
          "z": 0.36840876936912537
        },
        "tail": {
          "x": 0.6809538006782532,
          "y": -0.1602271944284439,
          "z": 0.3491661846637726
        }
      },
      "world_space": {
        "head": {
          "x": 0.678658127784729,
          "y": -0.06899954378604889,
          "z": 1.3182628154754639
        },
        "tail": {
          "x": 0.6809538006782532,
          "y": -0.09698319435119629,
          "z": 1.2990201711654663
        },
        "rotation_quaternion": {
          "w": 0.29175761342048645,
          "x": -0.9037619233131409,
          "y": 0.06180693581700325,
          "z": -0.3070371448993683
        },
        "matrix": [
          [
            0.8038163781166077,
            0.06744258105754852,
            0.5910418033599854,
            0.678658127784729
          ],
          [
            -0.29087790846824646,
            -0.8221156597137451,
            0.48940402269363403,
            -0.06899954378604889
          ],
          [
            0.5189146995544434,
            -0.5653167963027954,
            -0.6412166357040405,
            1.3182628154754639
          ],
          [
            0.0,
            0.0,
            0.0,
            1.0
          ]
        ]
      },
      "bone_length_armature_space": 0.034038682315255184,
      "parent": "metacarpal_thumb_l",
      "has_children": true,
      "is_end_bone": false
    },
    "thumb_02_l": {
      "name": "thumb_02_l",
      "local": {
        "location": {
          "x": 0.0,
          "y": 0.0,
          "z": 0.0
        },
        "rotation_quaternion": {
          "w": 0.9978770017623901,
          "x": 0.0647411122918129,
          "y": -0.005246144253760576,
          "z": 0.004765286110341549
        },
        "scale": {
          "x": 1.0,
          "y": 1.0,
          "z": 1.0
        },
        "matrix_basis": [
          [
            0.9998995661735535,
            -0.010189621709287167,
            -0.009852993302047253,
            0.0
          ],
          [
            0.008831056766211987,
            0.9915717840194702,
            -0.12925733625888824,
            0.0
          ],
          [
            0.011087032966315746,
            0.12915733456611633,
            0.9915621280670166,
            0.0
          ],
          [
            0.0,
            0.0,
            0.0,
            1.0
          ]
        ],
        "rotation_mode": "QUATERNION"
      },
      "armature_space": {
        "head": {
          "x": 0.6809537410736084,
          "y": -0.1602271944284439,
          "z": 0.34916621446609497
        },
        "tail": {
          "x": 0.7186794877052307,
          "y": -0.16728432476520538,
          "z": 0.3373279273509979
        }
      },
      "world_space": {
        "head": {
          "x": 0.6809537410736084,
          "y": -0.09698319435119629,
          "z": 1.2990202903747559
        },
        "tail": {
          "x": 0.7186794877052307,
          "y": -0.10404032468795776,
          "z": 1.2871819734573364
        },
        "rotation_quaternion": {
          "w": 0.5929805040359497,
          "x": -0.49236369132995605,
          "y": -0.2460128366947174,
          "z": -0.5877328515052795
        },
        "matrix": [
          [
            0.18809305131435394,
            0.9392834305763245,
            0.2869971692562103,
            0.6809537410736084
          ],
          [
            -0.45477426052093506,
            -0.1757061779499054,
            0.873102605342865,
            -0.09698319435119629
          ],
          [
            0.8705237507820129,
            -0.2947457730770111,
            0.3941163718700409,
            1.2990202903747559
          ],
          [
            0.0,
            0.0,
            0.0,
            1.0
          ]
        ]
      },
      "bone_length_armature_space": 0.040164412609853234,
      "parent": "thumb_01_l",
      "has_children": true,
      "is_end_bone": false
    },
    "thumb_03_l": {
      "name": "thumb_03_l",
      "local": {
        "location": {
          "x": 0.0,
          "y": 0.0,
          "z": 0.0
        },
        "rotation_quaternion": {
          "w": 0.9975666999816895,
          "x": 0.06955727934837341,
          "y": -0.0007508679991587996,
          "z": -0.004687471780925989
        },
        "scale": {
          "x": 1.0,
          "y": 1.0,
          "z": 1.0
        },
        "matrix_basis": [
          [
            0.9999549388885498,
            0.009247674606740475,
            -0.002150177489966154,
            0.0
          ],
          [
            -0.009456587955355644,
            0.9902796149253845,
            -0.1387690156698227,
            0.0
          ],
          [
            0.0008459862438030541,
            0.13878309726715088,
            0.990322470664978,
            0.0
          ],
          [
            0.0,
            0.0,
            0.0,
            1.0
          ]
        ],
        "rotation_mode": "QUATERNION"
      },
      "armature_space": {
        "head": {
          "x": 0.7186794877052307,
          "y": -0.16728439927101135,
          "z": 0.3373279571533203
        },
        "tail": {
          "x": 0.747711718082428,
          "y": -0.1604602336883545,
          "z": 0.3312082588672638
        }
      },
      "world_space": {
        "head": {
          "x": 0.7186794877052307,
          "y": -0.10404039919376373,
          "z": 1.2871819734573364
        },
        "tail": {
          "x": 0.747711718082428,
          "y": -0.09721623361110687,
          "z": 1.2810622453689575
        },
        "rotation_quaternion": {
          "w": 0.759547233581543,
          "x": -0.2707928419113159,
          "y": -0.1875176876783371,
          "z": -0.5608888268470764
        },
        "matrix": [
          [
            0.3004806339740753,
            0.9536001682281494,
            0.01891462504863739,
            0.7186794877052307
          ],
          [
            -0.7504870891571045,
            0.22414803504943848,
            0.6217133402824402,
            -0.10404039919376373
          ],
          [
            0.5886296629905701,
            -0.20100925862789154,
            0.7830228805541992,
            1.2871819734573364
          ],
          [
            0.0,
            0.0,
            0.0,
            1.0
          ]
        ]
      },
      "bone_length_armature_space": 0.030444873631653487,
      "parent": "thumb_02_l",
      "has_children": false,
      "is_end_bone": true
    },
    "metacarpal_index_l": {
      "name": "metacarpal_index_l",
      "local": {
        "location": {
          "x": 0.0,
          "y": 0.0,
          "z": 0.0
        },
        "rotation_quaternion": {
          "w": 0.9991400837898254,
          "x": -0.04064243286848068,
          "y": -0.007897202856838703,
          "z": -0.0022187402937561274
        },
        "scale": {
          "x": 1.0,
          "y": 1.0,
          "z": 1.0
        },
        "matrix_basis": [
          [
            0.9998654127120972,
            0.0050755878910422325,
            -0.015600473619997501,
            0.0
          ],
          [
            -0.0037917415611445904,
            0.9966865181922913,
            0.08125001192092896,
            0.0
          ],
          [
            0.0159611739218235,
            -0.08117992430925369,
            0.9965716600418091,
            0.0
          ],
          [
            0.0,
            0.0,
            0.0,
            1.0
          ]
        ],
        "rotation_mode": "QUATERNION"
      },
      "armature_space": {
        "head": {
          "x": 0.642756462097168,
          "y": -0.09816325455904007,
          "z": 0.3701948821544647
        },
        "tail": {
          "x": 0.7524576187133789,
          "y": -0.13879996538162231,
          "z": 0.3635975122451782
        }
      },
      "world_space": {
        "head": {
          "x": 0.642756462097168,
          "y": -0.03491925448179245,
          "z": 1.3200489282608032
        },
        "tail": {
          "x": 0.7524576187133789,
          "y": -0.0755559653043747,
          "z": 1.3134515285491943
        },
        "rotation_quaternion": {
          "w": 0.2942958474159241,
          "x": 0.6768010258674622,
          "y": 0.48987966775894165,
          "z": -0.4640563428401947
        },
        "matrix": [
          [
            0.08933773636817932,
            0.9362425804138184,
            -0.33980631828308105,
            0.642756462097168
          ],
          [
            0.38996216654777527,
            -0.34681323170661926,
            -0.8530242443084717,
            -0.03491925448179245
          ],
          [
            -0.9164929986000061,
            -0.05630502104759216,
            -0.39608627557754517,
            1.3200489282608032
          ],
          [
            0.0,
            0.0,
            0.0,
            1.0
          ]
        ]
      },
      "bone_length_armature_space": 0.11717171632562473,
      "parent": "lowerarm_l",
      "has_children": true,
      "is_end_bone": false
    },
    "index_01_l": {
      "name": "index_01_l",
      "local": {
        "location": {
          "x": 0.0,
          "y": 0.0,
          "z": 0.0
        },
        "rotation_quaternion": {
          "w": 0.9941927194595337,
          "x": -0.10547381639480591,
          "y": -0.013776388019323349,
          "z": -0.016324155032634735
        },
        "scale": {
          "x": 1.0,
          "y": 1.0,
          "z": 1.0
        },
        "matrix_basis": [
          [
            0.9990874528884888,
            0.03536481037735939,
            -0.02394922822713852,
            0.0
          ],
          [
            -0.02955261617898941,
            0.9772176146507263,
            0.2101723700761795,
            0.0
          ],
          [
            0.030836312100291252,
            -0.2092728316783905,
            0.9773709774017334,
            0.0
          ],
          [
            0.0,
            0.0,
            0.0,
            1.0
          ]
        ],
        "rotation_mode": "QUATERNION"
      },
      "armature_space": {
        "head": {
          "x": 0.7524576187133789,
          "y": -0.13879996538162231,
          "z": 0.3635975122451782
        },
        "tail": {
          "x": 0.7798848748207092,
          "y": -0.1352158784866333,
          "z": 0.3566715121269226
        }
      },
      "world_space": {
        "head": {
          "x": 0.7524576187133789,
          "y": -0.0755559653043747,
          "z": 1.3134515285491943
        },
        "tail": {
          "x": 0.7798848748207092,
          "y": -0.07197187840938568,
          "z": 1.306525468826294
        },
        "rotation_quaternion": {
          "w": 0.30227211117744446,
          "x": 0.5214953422546387,
          "y": 0.6866438388824463,
          "z": -0.40644121170043945
        },
        "matrix": [
          [
            -0.27334702014923096,
            0.9618750214576721,
            -0.008809849619865417,
            0.7524576187133789
          ],
          [
            0.47045260667800903,
            0.1256941854953766,
            -0.8734275102615356,
            -0.0755559653043747
          ],
          [
            -0.8390262126922607,
            -0.2428949773311615,
            -0.4868789315223694,
            1.3134515285491943
          ],
          [
            0.0,
            0.0,
            0.0,
            1.0
          ]
        ]
      },
      "bone_length_armature_space": 0.028514374390709155,
      "parent": "metacarpal_index_l",
      "has_children": true,
      "is_end_bone": false
    },
    "index_02_l": {
      "name": "index_02_l",
      "local": {
        "location": {
          "x": 0.0,
          "y": 0.0,
          "z": 0.0
        },
        "rotation_quaternion": {
          "w": 0.9998508095741272,
          "x": 0.012250642292201519,
          "y": 0.008627238683402538,
          "z": 0.008603174239397049
        },
        "scale": {
          "x": 1.0,
          "y": 1.0,
          "z": 1.0
        },
        "matrix_basis": [
          [
            0.9997031092643738,
            -0.01699240319430828,
            0.01746269129216671,
            0.0
          ],
          [
            0.017415160313248634,
            0.9995518326759338,
            -0.024349186569452286,
            0.0
          ],
          [
            -0.01704111509025097,
            0.02464607171714306,
            0.999550998210907,
            0.0
          ],
          [
            0.0,
            0.0,
            0.0,
            1.0
          ]
        ],
        "rotation_mode": "QUATERNION"
      },
      "armature_space": {
        "head": {
          "x": 0.7798852920532227,
          "y": -0.13521622121334076,
          "z": 0.3566714823246002
        },
        "tail": {
          "x": 0.8044716715812683,
          "y": -0.13159245252609253,
          "z": 0.35030996799468994
        }
      },
      "world_space": {
        "head": {
          "x": 0.7798852920532227,
          "y": -0.07197222113609314,
          "z": 1.306525468826294
        },
        "tail": {
          "x": 0.8044716715812683,
          "y": -0.06834845244884491,
          "z": 1.300163984298706
        },
        "rotation_quaternion": {
          "w": 0.3192192316055298,
          "x": 0.5055851936340332,
          "y": 0.6846383810043335,
          "z": -0.41683685779571533
        },
        "matrix": [
          [
            -0.2849641740322113,
            0.9584109783172607,
            0.015604546293616295,
            0.7798852920532227
          ],
          [
            0.42616263031959534,
            0.14125940203666687,
            -0.8935499787330627,
            -0.07197222113609314
          ],
          [
            -0.8585981130599976,
            -0.2479812502861023,
            -0.4486967921257019,
            1.306525468826294
          ],
          [
            0.0,
            0.0,
            0.0,
            1.0
          ]
        ]
      },
      "bone_length_armature_space": 0.025653276898204392,
      "parent": "index_01_l",
      "has_children": true,
      "is_end_bone": false
    },
    "index_03_l": {
      "name": "index_03_l",
      "local": {
        "location": {
          "x": 0.0,
          "y": 0.0,
          "z": 0.0
        },
        "rotation_quaternion": {
          "w": 0.9998682737350464,
          "x": 0.01507658138871193,
          "y": 0.006013188511133194,
          "z": 0.00014367559924721718
        },
        "scale": {
          "x": 1.0,
          "y": 1.0,
          "z": 1.0
        },
        "matrix_basis": [
          [
            0.9999276399612427,
            -0.00010599669622024521,
            0.012029125355184078,
            0.0
          ],
          [
            0.0004686299944296479,
            0.9995453357696533,
            -0.030147463083267212,
            0.0
          ],
          [
            -0.012020460329949856,
            0.030150918290019035,
            0.9994730949401855,
            0.0
          ],
          [
            0.0,
            0.0,
            0.0,
            1.0
          ]
        ],
        "rotation_mode": "QUATERNION"
      },
      "armature_space": {
        "head": {
          "x": 0.8044716715812683,
          "y": -0.13159233331680298,
          "z": 0.3503100275993347
        },
        "tail": {
          "x": 0.8314411044120789,
          "y": -0.12943844497203827,
          "z": 0.3392762839794159
        }
      },
      "world_space": {
        "head": {
          "x": 0.8044716715812683,
          "y": -0.06834833323955536,
          "z": 1.300163984298706
        },
        "tail": {
          "x": 0.8314411044120789,
          "y": -0.06619444489479065,
          "z": 1.2891303300857544
        },
        "rotation_quaternion": {
          "w": 0.24082612991333008,
          "x": 0.510177493095398,
          "y": 0.6919983625411987,
          "z": -0.45039981603622437
        },
        "matrix": [
          [
            -0.3634418249130249,
            0.9230201840400696,
            -0.1262671947479248,
            0.8044716715812683
          ],
          [
            0.4891497790813446,
            0.07371597737073898,
            -0.8690792322158813,
            -0.06834833323955536
          ],
          [
            -0.7928749918937683,
            -0.3776259422302246,
            -0.47829076647758484,
            1.300163984298706
          ],
          [
            0.0,
            0.0,
            0.0,
            1.0
          ]
        ]
      },
      "bone_length_armature_space": 0.02921871032715039,
      "parent": "index_02_l",
      "has_children": false,
      "is_end_bone": true
    },
    "metacarpal_pinky_l": {
      "name": "metacarpal_pinky_l",
      "local": {
        "location": {
          "x": 0.0,
          "y": 0.0,
          "z": 0.0
        },
        "rotation_quaternion": {
          "w": 0.998784065246582,
          "x": -0.04893049597740173,
          "y": 0.004031402990221977,
          "z": -0.004456683062016964
        },
        "scale": {
          "x": 1.0,
          "y": 1.0,
          "z": 1.0
        },
        "matrix_basis": [
          [
            0.9999277591705322,
            0.008508010767400265,
            0.008489137515425682,
            0.0
          ],
          [
            -0.009297044947743416,
            0.9951719045639038,
            0.09770606458187103,
            0.0
          ],
          [
            -0.00761686684563756,
            -0.09777793288230896,
            0.9951791167259216,
            0.0
          ],
          [
            0.0,
            0.0,
            0.0,
            1.0
          ]
        ],
        "rotation_mode": "QUATERNION"
      },
      "armature_space": {
        "head": {
          "x": 0.642756462097168,
          "y": -0.09816325455904007,
          "z": 0.3701948821544647
        },
        "tail": {
          "x": 0.736603856086731,
          "y": -0.08627355843782425,
          "z": 0.32666853070259094
        }
      },
      "world_space": {
        "head": {
          "x": 0.642756462097168,
          "y": -0.03491925448179245,
          "z": 1.3200489282608032
        },
        "tail": {
          "x": 0.736603856086731,
          "y": -0.02302955836057663,
          "z": 1.2765225172042847
        },
        "rotation_quaternion": {
          "w": 0.7413728833198547,
          "x": -0.20828180015087128,
          "y": 0.08635332435369492,
          "z": -0.632082462310791
        },
        "matrix": [
          [
            0.1860286146402359,
            0.9012455940246582,
            0.391343355178833,
            0.642756462097168
          ],
          [
            -0.973189651966095,
            0.11418044567108154,
            0.19966232776641846,
            -0.03491925448179245
          ],
          [
            0.13526113331317902,
            -0.41799697279930115,
            0.8983301520347595,
            1.3200489282608032
          ],
          [
            0.0,
            0.0,
            0.0,
            1.0
          ]
        ]
      },
      "bone_length_armature_space": 0.10413088568936012,
      "parent": "lowerarm_l",
      "has_children": true,
      "is_end_bone": false
    },
    "pinky_01_l": {
      "name": "pinky_01_l",
      "local": {
        "location": {
          "x": 0.0,
          "y": 0.0,
          "z": 0.0
        },
        "rotation_quaternion": {
          "w": 0.9624319672584534,
          "x": 0.27143070101737976,
          "y": 0.0009135432774201035,
          "z": -0.007020242046564817
        },
        "scale": {
          "x": 1.0,
          "y": 1.0,
          "z": 1.0
        },
        "matrix_basis": [
          [
            0.9998997449874878,
            0.01400893833488226,
            -0.0020525718573480844,
            0.0
          ],
          [
            -0.013017083518207073,
            0.8525521755218506,
            -0.5224800109863281,
            0.0
          ],
          [
            -0.00556946499273181,
            0.5224543213844299,
            0.8526490926742554,
            0.0
          ],
          [
            0.0,
            0.0,
            0.0,
            1.0
          ]
        ],
        "rotation_mode": "QUATERNION"
      },
      "armature_space": {
        "head": {
          "x": 0.736603856086731,
          "y": -0.08627355843782425,
