{
  "metadata": {
    "armature_name": "KIM_caucasian_male",
    "export_time": "2026-01-13T21:04:35.023867",
    "blender_version": "4.4.1",
    "bone_count": 56,
    "end_bone_count": 13,
    "spaces_included": [
      "LOCAL_CHANNELS",
      "ARMATURE_SPACE",
      "WORLD_SPACE"
    ],
    "note": "LOCAL matches Transform panel; replay pose via local.matrix_basis for best fidelity."
  },
  "bones": {
    "Root": {
      "name": "Root",
      "local": {
        "location": {
          "x": 0.0,
          "y": 0.0,
          "z": 0.0
        },
        "rotation_quaternion": {
          "w": 0.9997121095657349,
          "x": 0.018703637644648552,
          "y": -0.015011736191809177,
          "z": -0.000814471859484911
        },
        "scale": {
          "x": 1.0,
          "y": 1.0,
          "z": 1.0
        },
        "matrix_basis": [
          [
            0.9995479583740234,
            0.001066926633939147,
            -0.030045296996831894,
            0.0
          ],
          [
            -0.002190022962167859,
            0.9992990493774414,
            -0.037372052669525146,
            0.0
          ],
          [
            0.029984362423419952,
            0.037420958280563354,
            0.998849630355835,
            0.0
          ],
          [
            0.0,
            0.0,
            0.0,
            1.0
          ]
        ],
        "rotation_mode": "QUATERNION"
      },
      "armature_space": {
        "head": {
          "x": 0.0,
          "y": 0.07072800397872925,
          "z": -0.009595036506652832
        },
        "tail": {
          "x": 7.615281356265768e-05,
          "y": -0.00030948221683502197,
          "z": -0.0026534544304013252
        }
      },
      "world_space": {
        "head": {
          "x": 0.0,
          "y": 0.13397200405597687,
          "z": 0.9402589797973633
        },
        "tail": {
          "x": 7.615281356265768e-05,
          "y": 0.0629345178604126,
          "z": 0.9472005367279053
        },
        "rotation_quaternion": {
          "w": 0.04868710786104202,
          "x": 0.9987009763717651,
          "y": -0.0001986875431612134,
          "z": -0.015032503753900528
        },
        "matrix": [
          [
            0.9995479583740234,
            0.001066926633939147,
            -0.030045296996831894,
            0.0
          ],
          [
            -0.0018606442026793957,
            -0.9952591061592102,
            -0.09724222123622894,
            0.13397200405597687
          ],
          [
            -0.030006814748048782,
            0.09725390374660492,
            -0.9948141574859619,
            0.9402589797973633
          ],
          [
            0.0,
            0.0,
            0.0,
            1.0
          ]
        ]
      },
      "bone_length_armature_space": 0.07137587616596833,
      "parent": null,
      "has_children": true,
      "is_end_bone": false
    },
    "spine_01": {
      "name": "spine_01",
      "local": {
        "location": {
          "x": 0.0,
          "y": 0.0,
          "z": 0.0
        },
        "rotation_quaternion": {
          "w": 0.9963029623031616,
          "x": -0.0330730602145195,
          "y": -0.0339110791683197,
          "z": -0.0716719925403595
        },
        "scale": {
          "x": 1.0,
          "y": 1.0,
          "z": 1.0
        },
        "matrix_basis": [
          [
            0.9874263405799866,
            0.14505712687969208,
            -0.06283058971166611,
            0.0
          ],
          [
            -0.14057095348834991,
            0.9875385761260986,
            0.0707625225186348,
            0.0
          ],
          [
            0.07231224328279495,
            -0.06104062497615814,
            0.9955124258995056,
            0.0
          ],
          [
            0.0,
            0.0,
            0.0,
            1.0
          ]
        ],
        "rotation_mode": "QUATERNION"
      },
      "armature_space": {
        "head": {
          "x": 7.615281356265768e-05,
          "y": -0.00030948221683502197,
          "z": -0.0026534544304013252
        },
        "tail": {
          "x": 0.08534781634807587,
          "y": 0.033833667635917664,
          "z": 0.47662872076034546
        }
      },
      "world_space": {
        "head": {
          "x": 7.615281356265768e-05,
          "y": 0.0629345178604126,
          "z": 0.9472005367279053
        },
        "tail": {
          "x": 0.08534781634807587,
          "y": 0.09707766771316528,
          "z": 1.4264826774597168
        },
        "rotation_quaternion": {
          "w": 0.7305042147636414,
          "x": 0.6765251755714417,
          "y": 0.036688342690467834,
          "z": -0.085622638463974
        },
        "matrix": [
          [
            0.9826453924179077,
            0.17473657429218292,
            -0.06225087493658066,
            7.615281356265768e-05
          ],
          [
            -0.0754554271697998,
            0.06996529549360275,
            -0.9946916699409485,
            0.0629345178604126
          ],
          [
            -0.16945484280586243,
            0.982133150100708,
            0.08193555474281311,
            0.9472005367279053
          ],
          [
            0.0,
            0.0,
            0.0,
            1.0
          ]
        ]
      },
      "bone_length_armature_space": 0.4880045182918363,
      "parent": "Root",
      "has_children": true,
      "is_end_bone": false
    },
    "neck_01": {
      "name": "neck_01",
      "local": {
        "location": {
          "x": 0.0,
          "y": 0.0,
          "z": 0.0
        },
        "rotation_quaternion": {
          "w": 0.9941678643226624,
          "x": -0.0024380902759730816,
          "y": 0.10531128942966461,
          "z": 0.02310740202665329
        },
        "scale": {
          "x": 1.0,
          "y": 1.0,
          "z": 1.0
        },
        "matrix_basis": [
          [
            0.9767511487007141,
            -0.046458788216114044,
            0.20928151905536652,
            0.0
          ],
          [
            0.04543175548315048,
            0.998920202255249,
            0.009714682586491108,
            0.0
          ],
          [
            -0.20950686931610107,
            1.919860005727969e-05,
            0.9778071641921997,
            0.0
          ],
          [
            0.0,
            0.0,
            0.0,
            1.0
          ]
        ],
        "rotation_mode": "QUATERNION"
      },
      "armature_space": {
        "head": {
          "x": 0.0959828719496727,
          "y": 0.004460074007511139,
          "z": 0.5513805747032166
        },
        "tail": {
          "x": 0.10543462634086609,
          "y": -0.027245912700891495,
          "z": 0.6484174132347107
        }
      },
      "world_space": {
        "head": {
          "x": 0.0959828719496727,
          "y": 0.06770407408475876,
          "z": 1.501234531402588
        },
        "tail": {
          "x": 0.10543462634086609,
          "y": 0.035998087376356125,
          "z": 1.598271369934082
        },
        "rotation_quaternion": {
          "w": 0.5843907594680786,
          "x": 0.8090618252754211,
          "y": 0.062097664922475815,
          "z": 0.007091747596859932
        },
        "matrix": [
          [
            0.9921870827674866,
            0.09219308197498322,
            0.0840543583035469,
            0.0959828719496727
          ],
          [
            0.10877086967229843,
            -0.30926230549812317,
            -0.9447360038757324,
            0.06770407408475876
          ],
          [
            -0.061103612184524536,
            0.9465036392211914,
            -0.3168770372867584,
            1.501234531402588
          ],
          [
            0.0,
            0.0,
            0.0,
            1.0
          ]
        ]
      },
      "bone_length_armature_space": 0.10252196504329746,
      "parent": "spine_01",
      "has_children": true,
      "is_end_bone": false
    },
    "head": {
      "name": "head",
      "local": {
        "location": {
          "x": 0.0,
          "y": 0.0,
          "z": 0.0
        },
        "rotation_quaternion": {
          "w": 0.9864001274108887,
          "x": -0.037349995225667953,
          "y": 0.04257536679506302,
          "z": -0.15429551899433136
        },
        "scale": {
          "x": 1.0,
          "y": 1.0,
          "z": 1.0
        },
        "matrix_basis": [
          [
            0.948760449886322,
            0.3012138605117798,
            0.0955185666680336,
            0.0
          ],
          [
            -0.30757462978363037,
            0.9495957493782043,
            0.06054570525884628,
            0.0
          ],
          [
            -0.07246682047843933,
            -0.08682245761156082,
            0.9935846328735352,
            0.0
          ],
          [
            0.0,
            0.0,
            0.0,
            1.0
          ]
        ],
        "rotation_mode": "QUATERNION"
      },
      "armature_space": {
        "head": {
          "x": 0.10543464124202728,
          "y": -0.027246033772826195,
          "z": 0.6484172344207764
        },
        "tail": {
          "x": 0.15843059122562408,
          "y": -0.0011111646890640259,
          "z": 0.7918106317520142
        }
      },
      "world_space": {
        "head": {
          "x": 0.10543464124202728,
          "y": 0.035997964441776276,
          "z": 1.5982712507247925
        },
        "tail": {
          "x": 0.15843059122562408,
          "y": 0.062132835388183594,
          "z": 1.7416646480560303
        },
        "rotation_quaternion": {
          "w": 0.7393630743026733,
          "x": 0.6417173147201538,
          "y": 0.19390404224395752,
          "z": -0.06278874725103378
        },
        "matrix": [
          [
            0.9169180393218994,
            0.3417104482650757,
            0.2061440348625183,
            0.10543464124202728
          ],
          [
            0.15601369738578796,
            0.16851398348808289,
            -0.9732744693756104,
            0.035997964441776276
          ],
          [
            -0.3673185706138611,
            0.9245806336402893,
            0.10120177268981934,
            1.5982712507247925
          ],
          [
            0.0,
            0.0,
            0.0,
            1.0
          ]
        ]
      },
      "bone_length_armature_space": 0.15509116410141444,
      "parent": "neck_01",
      "has_children": false,
      "is_end_bone": true
    },
    "upperarm_l": {
      "name": "upperarm_l",
      "local": {
        "location": {
          "x": 0.0,
          "y": 0.0,
          "z": 0.0
        },
        "rotation_quaternion": {
          "w": 0.970626175403595,
          "x": -0.036565735936164856,
          "y": 0.19319182634353638,
          "z": 0.13865377008914948
        },
        "scale": {
          "x": 1.0,
          "y": 1.0,
          "z": 1.0
        },
        "matrix_basis": [
          [
            0.8869041204452515,
            -0.2832903563976288,
            0.3648941218852997,
            0.0
          ],
          [
            0.25503355264663696,
            0.9588761329650879,
            0.12455686926841736,
            0.0
          ],
          [
            -0.385174036026001,
            -0.01740976981818676,
            0.9226797223091125,
            0.0
          ],
          [
            0.0,
            0.0,
            0.0,
            1.0
          ]
        ],
        "rotation_mode": "QUATERNION"
      },
      "armature_space": {
        "head": {
          "x": 0.23143751919269562,
          "y": -0.01473265141248703,
          "z": 0.4602167010307312
        },
        "tail": {
          "x": 0.49829936027526855,
          "y": -0.016461560502648354,
          "z": 0.48449432849884033
        }
      },
      "world_space": {
        "head": {
          "x": 0.23143751919269562,
          "y": 0.04851134866476059,
          "z": 1.4100706577301025
        },
        "tail": {
          "x": 0.49829936027526855,
          "y": 0.046782441437244415,
          "z": 1.4343483448028564
        },
        "rotation_quaternion": {
          "w": 0.4319795072078705,
          "x": 0.5976179838180542,
          "y": 0.5569260120391846,
          "z": -0.38220399618148804
        },
        "matrix": [
          [
            0.0875055342912674,
            0.9958666563034058,
            0.024339264258742332,
            0.23143751919269562
          ],
          [
            0.3354496657848358,
            -0.006451889872550964,
            -0.9420362710952759,
            0.04851134866476059
          ],
          [
            -0.9379915595054626,
            0.09059855341911316,
            -0.3346308171749115,
            1.4100706577301025
          ],
          [
            0.0,
            0.0,
            0.0,
            1.0
          ]
        ]
      },
      "bone_length_armature_space": 0.26796947947869426,
      "parent": "spine_01",
      "has_children": true,
      "is_end_bone": false
    },
    "lowerarm_l": {
      "name": "lowerarm_l",
      "local": {
        "location": {
          "x": 0.0,
          "y": 0.0,
          "z": 0.0
        },
        "rotation_quaternion": {
          "w": 0.8921636343002319,
          "x": 0.3237040936946869,
          "y": 0.17337490618228912,
          "z": -0.26306065917015076
        },
        "scale": {
          "x": 1.0,
          "y": 1.0,
          "z": 1.0
        },
        "matrix_basis": [
          [
            0.8014804720878601,
            0.5816306471824646,
            0.1390499472618103,
            0.0
          ],
          [
            -0.35714197158813477,
            0.6520295143127441,
            -0.668810248374939,
            0.0
          ],
          [
            -0.47966518998146057,
            0.4863778054714203,
            0.7303135991096497,
            0.0
          ],
          [
            0.0,
            0.0,
            0.0,
            1.0
          ]
        ],
        "rotation_mode": "QUATERNION"
      },
      "armature_space": {
        "head": {
          "x": 0.49829941987991333,
          "y": -0.016461648046970367,
          "z": 0.4844944477081299
        },
        "tail": {
          "x": 0.6776348948478699,
          "y": -0.13660773634910583,
          "z": 0.32646453380584717
        }
      },
      "world_space": {
        "head": {
          "x": 0.49829941987991333,
          "y": 0.04678235203027725,
          "z": 1.434348464012146
        },
        "tail": {
          "x": 0.6776348948478699,
          "y": -0.07336373627185822,
          "z": 1.2763185501098633
        },
        "rotation_quaternion": {
          "w": 0.0007462318171747029,
          "x": -0.6394335627555847,
          "y": -0.5248298048973083,
          "z": 0.561852216720581
        },
        "matrix": [
          [
            -0.18225061893463135,
            0.6703515648841858,
            -0.7193143963813782,
            0.49829941987991333
          ],
          [
            0.6720257997512817,
            -0.44910311698913574,
            -0.5888024568557739,
            0.04678235203027725
          ],
          [
            -0.7177553176879883,
            -0.5907120108604431,
            -0.3686472773551941,
            1.434348464012146
          ],
          [
            0.0,
            0.0,
            0.0,
            1.0
          ]
        ]
      },
      "bone_length_armature_space": 0.2675252326145574,
      "parent": "upperarm_l",
      "has_children": true,
      "is_end_bone": false
    },
    "metacarpal_thumb_l": {
      "name": "metacarpal_thumb_l",
      "local": {
        "location": {
          "x": 0.0,
          "y": 0.0,
          "z": 0.0
        },
        "rotation_quaternion": {
          "w": 0.9994630217552185,
          "x": -0.030145423486828804,
          "y": 0.00518458429723978,
          "z": 0.011751472018659115
        },
        "scale": {
          "x": 1.0,
          "y": 1.0,
          "z": 1.0
        },
        "matrix_basis": [
          [
            0.9996700286865234,
            -0.023802906274795532,
            0.00965509470552206,
            0.0
          ],
          [
            0.0231777410954237,
            0.9979063272476196,
            0.060380324721336365,
            0.0
          ],
          [
            -0.011072106659412384,
            -0.060136619955301285,
            0.9981287717819214,
            0.0
          ],
          [
            0.0,
            0.0,
            0.0,
            1.0
          ]
        ],
        "rotation_mode": "QUATERNION"
      },
      "armature_space": {
        "head": {
          "x": 0.6776348948478699,
          "y": -0.13660773634910583,
          "z": 0.32646453380584717
        },
        "tail": {
          "x": 0.6808602809906006,
          "y": -0.16776522994041443,
          "z": 0.2880924940109253
        }
      },
      "world_space": {
        "head": {
          "x": 0.6776348948478699,
          "y": -0.07336373627185822,
          "z": 1.2763185501098633
        },
        "tail": {
          "x": 0.6808602809906006,
          "y": -0.10452122986316681,
          "z": 1.2379465103149414
        },
        "rotation_quaternion": {
          "w": 0.4223928153514862,
          "x": -0.8967733383178711,
          "y": -0.08412092924118042,
          "z": 0.10151636600494385
        },
        "matrix": [
          [
            0.9652360081672668,
            0.06511540710926056,
            -0.2531384825706482,
            0.6776348948478699
          ],
          [
            0.23663447797298431,
            -0.6290165185928345,
            0.7405018210411072,
            -0.07336373627185822
          ],
          [
            -0.11101080477237701,
            -0.7746660709381104,
            -0.6225615739822388,
            1.2763185501098633
          ],
          [
            0.0,
            0.0,
            0.0,
            1.0
          ]
        ]
      },
      "bone_length_armature_space": 0.049533886839694244,
      "parent": "lowerarm_l",
      "has_children": true,
      "is_end_bone": false
    },
    "thumb_01_l": {
      "name": "thumb_01_l",
      "local": {
        "location": {
          "x": 0.0,
          "y": 0.0,
          "z": 0.0
        },
        "rotation_quaternion": {
          "w": 0.9683783650398254,
          "x": 0.2490987330675125,
          "y": 0.01369545329362154,
          "z": 0.002368676709011197
        },
        "scale": {
          "x": 1.0,
          "y": 1.0,
          "z": 1.0
        },
        "matrix_basis": [
          [
            0.9996136426925659,
            0.0022354896645992994,
            0.02770482935011387,
            0.0
          ],
          [
            0.011410590261220932,
            0.8758884072303772,
            -0.4823787808418274,
            0.0
          ],
          [
            -0.025344692170619965,
            0.4825085401535034,
            0.8755245208740234,
            0.0
          ],
          [
            0.0,
            0.0,
            0.0,
            1.0
          ]
        ],
        "rotation_mode": "QUATERNION"
      },
      "armature_space": {
        "head": {
          "x": 0.6808602809906006,
          "y": -0.16776522994041443,
          "z": 0.2880924940109253
        },
        "tail": {
          "x": 0.6885406374931335,
          "y": -0.16064541041851044,
          "z": 0.2557048499584198
        }
      },
      "world_space": {
        "head": {
          "x": 0.6808602809906006,
          "y": -0.10452122986316681,
          "z": 1.2379465103149414
        },
        "tail": {
          "x": 0.6885406374931335,
          "y": -0.09740141034126282,
          "z": 1.2055588960647583
        },
        "rotation_quaternion": {
          "w": 0.6427814364433289,
          "x": -0.4241611957550049,
          "y": 0.4375123083591461,
          "z": -0.4642222821712494
        },
        "matrix": [
          [
            0.1861608922481537,
            0.22563685476779938,
            0.9562593698501587,
            0.6808602809906006
          ],
          [
            -0.9679389595985413,
            0.20916904509067535,
            0.13907954096794128,
            -0.10452122986316681
          ],
          [
            -0.16864027082920074,
            -0.9514981508255005,
            0.2573436200618744,
            1.2379465103149414
          ],
          [
            0.0,
            0.0,
            0.0,
            1.0
          ]
        ]
      },
      "bone_length_armature_space": 0.0340387888789151,
      "parent": "metacarpal_thumb_l",
      "has_children": true,
      "is_end_bone": false
    },
    "thumb_02_l": {
      "name": "thumb_02_l",
      "local": {
        "location": {
          "x": 0.0,
          "y": 0.0,
          "z": 0.0
        },
        "rotation_quaternion": {
          "w": 0.87727290391922,
          "x": 0.47982320189476013,
          "y": 0.012303757481276989,
          "z": 0.0032754389103502035
        },
        "scale": {
          "x": 1.0,
          "y": 1.0,
          "z": 1.0
        },
        "matrix_basis": [
          [
            0.9996757507324219,
            0.006060348823666573,
            0.02473076991736889,
            0.0
          ],
          [
            0.017554163932800293,
            0.5395179390907288,
            -0.8417912125587463,
            0.0
          ],
          [
            -0.0184442438185215,
            0.841952383518219,
            0.5392366051673889,
            0.0
          ],
          [
            0.0,
            0.0,
            0.0,
            1.0
          ]
        ],
        "rotation_mode": "QUATERNION"
      },
      "armature_space": {
        "head": {
          "x": 0.6885405778884888,
          "y": -0.16064538061618805,
          "z": 0.2557048797607422
        },
        "tail": {
          "x": 0.7144755721092224,
          "y": -0.18310871720314026,
          "z": 0.27658453583717346
        }
      },
      "world_space": {
        "head": {
          "x": 0.6885405778884888,
          "y": -0.09740138053894043,
          "z": 1.2055588960647583
        },
        "tail": {
          "x": 0.7144755721092224,
          "y": -0.11986471712589264,
          "z": 1.2264385223388672
        },
        "rotation_quaternion": {
          "w": 0.42923370003700256,
          "x": 0.22786599397659302,
          "y": -0.19004200398921967,
          "z": -0.8530648946762085
        },
        "matrix": [
          [
            -0.5276700854301453,
            0.6457208395004272,
            -0.5519137382507324,
            0.6885405778884888
          ],
          [
            -0.8189371824264526,
            -0.5592848658561707,
            0.12861961126327515,
            -0.09740138053894043
          ],
          [
            -0.22562679648399353,
            0.5198544263839722,
            0.8239284157752991,
            1.2055588960647583
          ],
          [
            0.0,
            0.0,
            0.0,
            1.0
          ]
        ]
      },
      "bone_length_armature_space": 0.040164480316230336,
      "parent": "thumb_01_l",
      "has_children": true,
      "is_end_bone": false
    },
    "thumb_03_l": {
      "name": "thumb_03_l",
      "local": {
        "location": {
          "x": 0.0,
          "y": 0.0,
          "z": 0.0
        },
        "rotation_quaternion": {
          "w": 0.9896487593650818,
          "x": 0.14346525073051453,
          "y": 0.0005380490329116583,
          "z": 0.003591089276596904
        },
        "scale": {
          "x": 1.0,
          "y": 1.0,
          "z": 1.0
        },
        "matrix_basis": [
          [
            0.9999736547470093,
            -0.006953451316803694,
            0.0020953521598130465,
            0.0
          ],
          [
            0.007262216880917549,
            0.9588096737861633,
            -0.2839565575122833,
            0.0
          ],
          [
            -3.456607009866275e-05,
            0.28396427631378174,
            0.9588348865509033,
            0.0
          ],
          [
            0.0,
            0.0,
            0.0,
            1.0
          ]
        ],
        "rotation_mode": "QUATERNION"
      },
      "armature_space": {
        "head": {
          "x": 0.7144755721092224,
          "y": -0.18310876190662384,
          "z": 0.2765844166278839
        },
        "tail": {
          "x": 0.7233771085739136,
          "y": -0.1943414807319641,
          "z": 0.3034449815750122
        }
      },
      "world_space": {
        "head": {
          "x": 0.7144755721092224,
          "y": -0.11986476182937622,
          "z": 1.2264384031295776
        },
        "tail": {
          "x": 0.7233771085739136,
          "y": -0.1310974806547165,
          "z": 1.2532989978790283
        },
        "rotation_quaternion": {
          "w": 0.4531411826610565,
          "x": 0.47973722219467163,
          "y": -0.33194318413734436,
          "z": -0.6740393042564392
        },
        "matrix": [
          [
            -0.1290299892425537,
            0.2923811674118042,
            -0.9475570917129517,
            0.7144755721092224
          ],
          [
            -0.9293617010116577,
            -0.36895257234573364,
            0.012707322835922241,
            -0.11986476182937622
          ],
          [
            -0.3458912968635559,
            0.8822686076164246,
            0.3193361163139343,
            1.2264384031295776
          ],
          [
            0.0,
            0.0,
            0.0,
            1.0
          ]
        ]
      },
      "bone_length_armature_space": 0.03044505335005346,
      "parent": "thumb_02_l",
      "has_children": false,
      "is_end_bone": true
    },
    "metacarpal_index_l": {
      "name": "metacarpal_index_l",
      "local": {
        "location": {
          "x": 0.0,
          "y": 0.0,
          "z": 0.0
        },
        "rotation_quaternion": {
          "w": 0.9990994930267334,
          "x": -0.03975905850529671,
          "y": -0.011322828941047192,
          "z": -0.009557561948895454
        },
        "scale": {
          "x": 1.0,
          "y": 1.0,
          "z": 1.0
        },
        "matrix_basis": [
          [
            0.9995608925819397,
            0.019998280331492424,
            -0.02186526544392109,
            0.0
          ],
          [
            -0.018197540193796158,
            0.9966557621955872,
            0.07966294884681702,
            0.0
          ],
          [
            0.023385263979434967,
            -0.07923007011413574,
            0.99658203125,
            0.0
          ],
          [
            0.0,
            0.0,
            0.0,
            1.0
          ]
        ],
        "rotation_mode": "QUATERNION"
      },
      "armature_space": {
        "head": {
          "x": 0.6776348948478699,
          "y": -0.13660773634910583,
          "z": 0.32646453380584717
        },
        "tail": {
          "x": 0.7331451773643494,
          "y": -0.20472189784049988,
          "z": 0.2489507496356964
        }
      },
      "world_space": {
        "head": {
          "x": 0.6776348948478699,
          "y": -0.07336373627185822,
          "z": 1.2763185501098633
        },
        "tail": {
          "x": 0.7331451773643494,
          "y": -0.14147789776325226,
          "z": 1.1988047361373901
        },
        "rotation_quaternion": {
          "w": 0.27190282940864563,
          "x": -0.8459996581077576,
          "y": -0.3679802119731903,
          "z": 0.27375921607017517
        },
        "matrix": [
          [
            0.5792917013168335,
            0.47375139594078064,
            -0.6633102893829346,
            0.6776348948478699
          ],
          [
            0.7714949250221252,
            -0.5813189744949341,
            0.25858181715011597,
            -0.07336373627185822
          ],
          [
            -0.263092577457428,
            -0.6615399718284607,
            -0.702254593372345,
            1.2763185501098633
          ],
          [
            0.0,
            0.0,
            0.0,
            1.0
          ]
        ]
      },
      "bone_length_armature_space": 0.11717216868248677,
      "parent": "lowerarm_l",
      "has_children": true,
      "is_end_bone": false
    },
    "index_01_l": {
      "name": "index_01_l",
      "local": {
        "location": {
          "x": 0.0,
          "y": 0.0,
          "z": 0.0
        },
        "rotation_quaternion": {
          "w": 0.9382745027542114,
          "x": 0.34570351243019104,
          "y": 0.0022851096000522375,
          "z": -0.011180576868355274
        },
        "scale": {
          "x": 1.0,
          "y": 1.0,
          "z": 1.0
        },
        "matrix_basis": [
          [
            0.9997395277023315,
            0.022560840472579002,
            -0.0034422092139720917,
            0.0
          ],
          [
            -0.019400959834456444,
            0.7607281804084778,
            -0.6487807035446167,
            0.0
          ],
          [
            -0.012018449604511261,
            0.6486784815788269,
            0.7609677314758301,
            0.0
          ],
          [
            0.0,
            0.0,
            0.0,
            1.0
          ]
        ],
        "rotation_mode": "QUATERNION"
      },
      "armature_space": {
        "head": {
          "x": 0.7331451773643494,
          "y": -0.20472189784049988,
          "z": 0.2489507496356964
        },
        "tail": {
          "x": 0.7386877536773682,
          "y": -0.20659808814525604,
          "z": 0.22104303538799286
        }
      },
      "world_space": {
        "head": {
          "x": 0.7331451773643494,
          "y": -0.14147789776325226,
          "z": 1.1988047361373901
        },
        "tail": {
          "x": 0.7386877536773682,
          "y": -0.14335408806800842,
          "z": 1.1708970069885254
        },
        "rotation_quaternion": {
          "w": 0.5260484218597412,
          "x": -0.6418994665145874,
          "y": -0.4363187551498413,
          "z": 0.3476552963256836
        },
        "matrix": [
          [
            0.3775222897529602,
            0.19437861442565918,
            -0.9053694009780884,
            0.7331451773643494
          ],
          [
            0.9259133338928223,
            -0.06579801440238953,
            0.371962308883667,
            -0.14147789776325226
          ],
          [
            0.012730850838124752,
            -0.978724479675293,
            -0.20481887459754944,
            1.1988047361373901
          ],
          [
            0.0,
            0.0,
            0.0,
            1.0
          ]
        ]
      },
      "bone_length_armature_space": 0.028514570789699472,
      "parent": "metacarpal_index_l",
      "has_children": true,
      "is_end_bone": false
    },
    "index_02_l": {
      "name": "index_02_l",
      "local": {
        "location": {
          "x": 0.0,
          "y": 0.0,
          "z": 0.0
        },
        "rotation_quaternion": {
          "w": 0.8927843570709229,
          "x": 0.45039045810699463,
          "y": -0.00912682805210352,
          "z": 0.0011611322406679392
        },
        "scale": {
          "x": 1.0,
          "y": 1.0,
          "z": 1.0
        },
        "matrix_basis": [
          [
            0.9998307228088379,
            -0.010294553823769093,
            -0.01525065302848816,
            0.0
          ],
          [
            -0.006147990934550762,
            0.5942941904067993,
            -0.8042243123054504,
            0.0
          ],
          [
            0.017342504113912582,
            0.8041819334030151,
            0.594130277633667,
            0.0
          ],
          [
            0.0,
            0.0,
            0.0,
            1.0
          ]
        ],
        "rotation_mode": "QUATERNION"
      },
      "armature_space": {
        "head": {
          "x": 0.7386874556541443,
          "y": -0.2065982073545456,
          "z": 0.22104260325431824
        },
        "tail": {
          "x": 0.7232369184494019,
          "y": -0.20124445855617523,
          "z": 0.20127612352371216
        }
      },
      "world_space": {
        "head": {
          "x": 0.7386874556541443,
          "y": -0.14335420727729797,
          "z": 1.1708966493606567
        },
        "tail": {
          "x": 0.7232369184494019,
          "y": -0.1380004584789276,
          "z": 1.151130199432373
        },
        "rotation_quaternion": {
          "w": 0.7313070297241211,
          "x": -0.3347928822040558,
          "y": -0.2637018859386444,
          "z": 0.5325082540512085
        },
        "matrix": [
          [
            0.2937900722026825,
            -0.6022837162017822,
            -0.7422544956207275,
            0.7386874556541443
          ],
          [
            0.9554261565208435,
            0.20869632065296173,
            0.20882391929626465,
            -0.14335420727729797
          ],
          [
            0.02913551963865757,
            -0.770524799823761,
            0.6367552280426025,
            1.1708966493606567
          ],
          [
            0.0,
            0.0,
            0.0,
            1.0
          ]
        ]
      },
      "bone_length_armature_space": 0.025653371026686016,
      "parent": "index_01_l",
      "has_children": true,
      "is_end_bone": false
    },
    "index_03_l": {
      "name": "index_03_l",
      "local": {
        "location": {
          "x": 0.0,
          "y": 0.0,
          "z": 0.0
        },
        "rotation_quaternion": {
          "w": 0.9373533725738525,
          "x": 0.3482801914215088,
          "y": 0.0009737822692841291,
          "z": 0.008285707794129848
        },
        "scale": {
          "x": 1.0,
          "y": 1.0,
          "z": 1.0
        },
        "matrix_basis": [
          [
            0.9998608231544495,
            -0.01485497411340475,
            0.007597052026540041,
            0.0
          ],
          [
            0.01621157117187977,
            0.7572644948959351,
            -0.6529070734977722,
            0.0
          ],
          [
            0.0039459397085011005,
            0.6529393792152405,
            0.7573999166488647,
            0.0
          ],
          [
            0.0,
            0.0,
            0.0,
            1.0
          ]
        ],
        "rotation_mode": "QUATERNION"
      },
      "armature_space": {
        "head": {
          "x": 0.7232370376586914,
          "y": -0.20124451816082,
          "z": 0.2012760490179062
        },
        "tail": {
          "x": 0.696382462978363,
          "y": -0.18993201851844788,
          "z": 0.19913318753242493
        }
      },
      "world_space": {
        "head": {
          "x": 0.7232370376586914,
          "y": -0.1380005180835724,
          "z": 1.1511300802230835
        },
        "tail": {
          "x": 0.696382462978363,
          "y": -0.12668801844120026,
          "z": 1.1489871740341187
        },
        "rotation_quaternion": {
          "w": 0.8320426940917969,
          "x": -0.02021055482327938,
          "y": -0.03588976338505745,
          "z": 0.5531802773475647
        },
        "matrix": [
          [
            0.385407030582428,
            -0.91908860206604,
            -0.08208358287811279,
            0.7232370376586914
          ],
          [
            0.9219902157783508,
            0.38716650009155273,
            -0.006074815988540649,
            -0.1380005180835724
          ],
          [
            0.03736427426338196,
            -0.07333895564079285,
            0.9966140985488892,
            1.1511300802230835
          ],
          [
            0.0,
            0.0,
            0.0,
            1.0
          ]
        ]
      },
      "bone_length_armature_space": 0.02921870424957691,
      "parent": "index_02_l",
      "has_children": false,
      "is_end_bone": true
    },
    "metacarpal_pinky_l": {
      "name": "metacarpal_pinky_l",
      "local": {
        "location": {
          "x": 0.0,
          "y": 0.0,
          "z": 0.0
        },
        "rotation_quaternion": {
          "w": 0.9996912479400635,
          "x": -0.013557502999901772,
          "y": 0.015069354325532913,
          "z": -0.01437392272055149
        },
        "scale": {
          "x": 1.0,
          "y": 1.0,
          "z": 1.0
        },
        "matrix_basis": [
          [
            0.9991326332092285,
            0.02833036333322525,
            0.0305191520601511,
            0.0
          ],
          [
            -0.029147574678063393,
            0.9992191791534424,
            0.026673423126339912,
            0.0
          ],
          [
            -0.029739653691649437,
            -0.027539845556020737,
            0.9991782307624817,
            0.0
          ],
          [
            0.0,
            0.0,
            0.0,
            1.0
          ]
        ],
        "rotation_mode": "QUATERNION"
      },
      "armature_space": {
        "head": {
          "x": 0.6776348948478699,
          "y": -0.13660773634910583,
          "z": 0.32646453380584717
        },
        "tail": {
          "x": 0.765055239200592,
          "y": -0.1612027883529663,
          "z": 0.2755134105682373
        }
      },
      "world_space": {
        "head": {
          "x": 0.6776348948478699,
          "y": -0.07336373627185822,
          "z": 1.2763185501098633
        },
        "tail": {
          "x": 0.765055239200592,
          "y": -0.09795878827571869,
          "z": 1.2253674268722534
        },
        "rotation_quaternion": {
          "w": 0.4290059208869934,
          "x": 0.21408437192440033,
          "y": 0.4448109269142151,
          "z": -0.7564821839332581
        },
        "matrix": [
          [
            -0.5402427911758423,
            0.8395249247550964,
            0.05775276944041252,
            0.6776348948478699
          ],
          [
            -0.45861929655075073,
            -0.2361939698457718,
            -0.8566688299179077,
            -0.07336373627185822
          ],
          [
            -0.705559253692627,
            -0.48929929733276367,
            0.5126270651817322,
            1.2763185501098633
          ],
          [
            0.0,
            0.0,
            0.0,
            1.0
          ]
        ]
      },
      "bone_length_armature_space": 0.10413092817225361,
      "parent": "lowerarm_l",
      "has_children": true,
      "is_end_bone": false
    },
    "pinky_01_l": {
      "name": "pinky_01_l",
      "local": {
        "location": {
          "x": 0.0,
          "y": 0.0,
          "z": 0.0
        },
        "rotation_quaternion": {
          "w": 0.9385803937911987,
          "x": 0.3446449041366577,
          "y": -0.015410329215228558,
          "z": -0.007025647908449173
        },
        "scale": {
          "x": 1.0,
          "y": 1.0,
          "z": 1.0
        },
        "matrix_basis": [
          [
            0.9994263052940369,
            0.002566087990999222,
            -0.033770374953746796,
            0.0
          ],
          [
            -0.023810453712940216,
            0.7623410820960999,
            -0.6467373371124268,
            0.0
          ],
          [
            0.02408495731651783,
            0.6471704244613647,
            0.7619647979736328,
            0.0
          ],
          [
            0.0,
            0.0,
            0.0,
            1.0
          ]
        ],
        "rotation_mode": "QUATERNION"
      },
      "armature_space": {
        "head": {
          "x": 0.765055239200592,
          "y": -0.1612027883529663,
          "z": 0.2755134105682373
        },
        "tail": {
