{
  "metadata": {
    "armature_name": "KIM_caucasian_male",
    "export_time": "2026-01-13T21:07:48.188673",
    "blender_version": "4.4.1",
    "bone_count": 56,
    "end_bone_count": 13,
    "spaces_included": [
      "LOCAL_CHANNELS",
      "ARMATURE_SPACE",
      "WORLD_SPACE"
    ],
    "note": "LOCAL matches Transform panel; replay pose via local.matrix_basis for best fidelity."
  },
  "bones": {
    "Root": {
      "name": "Root",
      "local": {
        "location": {
          "x": 0.0,
          "y": 0.0,
          "z": 0.0
        },
        "rotation_quaternion": {
          "w": 0.999599814414978,
          "x": 0.011003362014889717,
          "y": 0.014551481232047081,
          "z": -0.02162288874387741
        },
        "scale": {
          "x": 1.0,
          "y": 1.0,
          "z": 1.0
        },
        "matrix_basis": [
          [
            0.9986414313316345,
            0.04354870319366455,
            0.028615467250347137,
            0.0
          ],
          [
            -0.04290824010968208,
            0.9988227486610413,
            -0.0226272065192461,
            0.0
          ],
          [
            -0.029567165300250053,
            0.02136862650513649,
            0.9993343353271484,
            0.0
          ],
          [
            0.0,
            0.0,
            0.0,
            1.0
          ]
        ],
        "rotation_mode": "QUATERNION"
      },
      "armature_space": {
        "head": {
          "x": 0.0,
          "y": 0.07072800397872925,
          "z": -0.009595036506652832
        },
        "tail": {
          "x": 0.003108326578512788,
          "y": -0.00012176483869552612,
          "z": -0.0015226667746901512
        }
      },
      "world_space": {
        "head": {
          "x": 0.0,
          "y": 0.13397200405597687,
          "z": 0.9402589797973633
        },
        "tail": {
          "x": 0.003108326578512788,
          "y": 0.0631222352385521,
          "z": 0.948331356048584
        },
        "rotation_quaternion": {
          "w": 0.0563623383641243,
          "x": 0.998070240020752,
          "y": 0.022554071620106697,
          "z": 0.013061740435659885
        },
        "matrix": [
          [
            0.9986414313316345,
            0.04354870319366455,
            0.028615467250347137,
            0.0
          ],
          [
            0.04649347439408302,
            -0.9926291704177856,
            -0.1119183897972107,
            0.13397200405597687
          ],
          [
            0.023530855774879456,
            0.11309662461280823,
            -0.9933122992515564,
            0.9402589797973633
          ],
          [
            0.0,
            0.0,
            0.0,
            1.0
          ]
        ]
      },
      "bone_length_armature_space": 0.07137586959510875,
      "parent": null,
      "has_children": true,
      "is_end_bone": false
    },
    "spine_01": {
      "name": "spine_01",
      "local": {
        "location": {
          "x": 0.0,
          "y": 0.0,
          "z": 0.0
        },
        "rotation_quaternion": {
          "w": 0.9915133714675903,
          "x": 0.11003301292657852,
          "y": 0.028322923928499222,
          "z": 0.06318095326423645
        },
        "scale": {
          "x": 1.0,
          "y": 1.0,
          "z": 1.0
        },
        "matrix_basis": [
          [
            0.9904119372367859,
            -0.11905660480260849,
            0.0700690969824791,
            0.0
          ],
          [
            0.13152243196964264,
            0.9678018093109131,
            -0.2146194726228714,
            0.0
          ],
          [
            -0.04226113483309746,
            0.22177734971046448,
            0.9741811156272888,
            0.0
          ],
          [
            0.0,
            0.0,
            0.0,
            1.0
          ]
        ],
        "rotation_mode": "QUATERNION"
      },
      "armature_space": {
        "head": {
          "x": 0.003108326578512788,
          "y": -0.00012176483869552612,
          "z": -0.0015226667746901512
        },
        "tail": {
          "x": -0.06159823015332222,
          "y": -0.09948959201574326,
          "z": 0.4718559682369232
        }
      },
      "world_space": {
        "head": {
          "x": 0.003108326578512788,
          "y": 0.0631222352385521,
          "z": 0.948331356048584
        },
        "tail": {
          "x": -0.06159823015332222,
          "y": -0.036245591938495636,
          "z": 1.4217100143432617
        },
        "rotation_quaternion": {
          "w": 0.6308807134628296,
          "x": 0.7706688046455383,
          "y": -0.013353782705962658,
          "z": 0.08877459168434143
        },
        "matrix": [
          [
            0.9838816523551941,
            -0.13259506225585938,
            0.11998146772384644,
            0.003108326578512788
          ],
          [
            0.09142887592315674,
            -0.20362208783626556,
            -0.9747712016105652,
            0.0631222352385521
          ],
          [
            0.15368185937404633,
            0.97003573179245,
            -0.18821918964385986,
            0.948331356048584
          ],
          [
            0.0,
            0.0,
            0.0,
            1.0
          ]
        ]
      },
      "bone_length_armature_space": 0.48800433508249985,
      "parent": "Root",
      "has_children": true,
      "is_end_bone": false
    },
    "neck_01": {
      "name": "neck_01",
      "local": {
        "location": {
          "x": 0.0,
          "y": 0.0,
          "z": 0.0
        },
        "rotation_quaternion": {
          "w": 0.9934109449386597,
          "x": -0.0956924706697464,
          "y": -0.062414899468421936,
          "z": -0.009065105579793453
        },
        "scale": {
          "x": 1.0,
          "y": 1.0,
          "z": 1.0
        },
        "matrix_basis": [
          [
            0.9920443892478943,
            0.029956022277474403,
            -0.12227236479520798,
            0.0
          ],
          [
            -0.006065478548407555,
            0.9815215468406677,
            0.19125549495220184,
            0.0
          ],
          [
            0.12574221193790436,
            -0.18899230659008026,
            0.9738946557044983,
            0.0
          ],
          [
            0.0,
            0.0,
            0.0,
            1.0
          ]
        ],
        "rotation_mode": "QUATERNION"
      },
      "armature_space": {
        "head": {
          "x": -0.06714562326669693,
          "y": -0.1482039839029312,
          "z": 0.5363529324531555
        },
        "tail": {
          "x": -0.07497195899486542,
          "y": -0.1881699413061142,
          "z": 0.6304391026496887
        }
      },
      "world_space": {
        "head": {
          "x": -0.06714562326669693,
          "y": -0.0849599838256836,
          "z": 1.4862070083618164
        },
        "tail": {
          "x": -0.07497195899486542,
          "y": -0.12492594122886658,
          "z": 1.5802931785583496
        },
        "rotation_quaternion": {
          "w": 0.5517222285270691,
          "x": 0.83309006690979,
          "y": -0.026211846619844437,
          "z": 0.029602665454149246
        },
        "matrix": [
          [
            0.9968732595443726,
            -0.07633861899375916,
            0.020399674773216248,
            -0.06714562326669693
          ],
          [
            -0.011009134352207184,
            -0.3898305892944336,
            -0.9208208322525024,
            -0.0849599838256836
          ],
          [
            0.07824712246656418,
            0.9177230596542358,
            -0.38945579528808594,
            1.4862070083618164
          ],
          [
            0.0,
            0.0,
            0.0,
            1.0
          ]
        ]
      },
      "bone_length_armature_space": 0.10252188222157274,
      "parent": "spine_01",
      "has_children": true,
      "is_end_bone": false
    },
    "head": {
      "name": "head",
      "local": {
        "location": {
          "x": 0.0,
          "y": 0.0,
          "z": 0.0
        },
        "rotation_quaternion": {
          "w": 0.9691860675811768,
          "x": -0.11664509028196335,
          "y": 0.08117001503705978,
          "z": 0.20120567083358765
        },
        "scale": {
          "x": 1.0,
          "y": 1.0,
          "z": 1.0
        },
        "matrix_basis": [
          [
            0.9058554172515869,
            -0.4089476466178894,
            0.11039838939905167,
            0.0
          ],
          [
            0.371075302362442,
            0.8918204307556152,
            0.2587653398513794,
            0.0
          ],
          [
            -0.20427700877189636,
            -0.193437859416008,
            0.9596107006072998,
            0.0
          ],
          [
            0.0,
            0.0,
            0.0,
            1.0
          ]
        ],
        "rotation_mode": "QUATERNION"
      },
      "armature_space": {
        "head": {
          "x": -0.07497195899486542,
          "y": -0.18817006051540375,
          "z": 0.6304389834403992
        },
        "tail": {
          "x": -0.14879634976387024,
          "y": -0.16152623295783997,
          "z": 0.7642048597335815
        }
      },
      "world_space": {
        "head": {
          "x": -0.07497195899486542,
          "y": -0.12492606043815613,
          "z": 1.5802929401397705
        },
        "tail": {
          "x": -0.14879634976387024,
          "y": -0.09828223288059235,
          "z": 1.7140588760375977
        },
        "rotation_quaternion": {
          "w": 0.7556349039077759,
          "x": 0.6057915687561035,
          "y": -0.12212017178535461,
          "z": 0.2170693427324295
        },
        "matrix": [
          [
            0.8759348392486572,
            -0.4760093688964844,
            0.07844314724206924,
            -0.07497195899486542
          ],
          [
            0.1800944209098816,
            0.17179572582244873,
            -0.9685310125350952,
            -0.12492606043815613
          ],
          [
            0.4475569725036621,
            0.8625035881996155,
            0.2362091988325119,
            1.5802929401397705
          ],
          [
            0.0,
            0.0,
            0.0,
            1.0
          ]
        ]
      },
      "bone_length_armature_space": 0.15509107928075402,
      "parent": "neck_01",
      "has_children": false,
      "is_end_bone": true
    },
    "upperarm_l": {
      "name": "upperarm_l",
      "local": {
        "location": {
          "x": 0.0,
          "y": 0.0,
          "z": 0.0
        },
        "rotation_quaternion": {
          "w": 0.7763177752494812,
          "x": -0.39467594027519226,
          "y": 0.31160426139831543,
          "z": -0.38008490204811096
        },
        "scale": {
          "x": 1.0,
          "y": 1.0,
          "z": 1.0
        },
        "matrix_basis": [
          [
            0.5168765187263489,
            0.34416791796684265,
            0.7838285565376282,
            0.0
          ],
          [
            -0.8360987305641174,
            0.3995327353477478,
            0.3759157359600067,
            0.0
          ],
          [
            -0.18378712236881256,
            -0.8496600389480591,
            0.49426737427711487,
            0.0
          ],
          [
            0.0,
            0.0,
            0.0,
            1.0
          ]
        ],
        "rotation_mode": "QUATERNION"
      },
      "armature_space": {
        "head": {
          "x": 0.08973067253828049,
          "y": -0.12391333281993866,
          "z": 0.49361106753349304
        },
        "tail": {
          "x": 0.1679665595293045,
          "y": 0.13090790808200836,
          "z": 0.46617159247398376
        }
      },
      "world_space": {
        "head": {
          "x": 0.08973067253828049,
          "y": -0.06066933274269104,
          "z": 1.4434651136398315
        },
        "tail": {
          "x": 0.1679665595293045,
          "y": 0.19415190815925598,
          "z": 1.4160256385803223
        },
        "rotation_quaternion": {
          "w": 0.2948979437351227,
          "x": 0.12558287382125854,
          "y": 0.9426040649414062,
          "z": -0.09360533952713013
        },
        "matrix": [
          [
            -0.7945283651351929,
            0.2919582426548004,
            0.5324334502220154,
            0.08973067253828049
          ],
          [
            0.1815417855978012,
            0.9509339928627014,
            -0.2505345046520233,
            -0.06066933274269104
          ],
          [
            -0.5794582366943359,
            -0.10239773988723755,
            -0.8085522055625916,
            1.4434651136398315
          ],
          [
            0.0,
            0.0,
            0.0,
            1.0
          ]
        ]
      },
      "bone_length_armature_space": 0.2679694853647794,
      "parent": "spine_01",
      "has_children": true,
      "is_end_bone": false
    },
    "lowerarm_l": {
      "name": "lowerarm_l",
      "local": {
        "location": {
          "x": 0.0,
          "y": 0.0,
          "z": 0.0
        },
        "rotation_quaternion": {
          "w": 0.8535120487213135,
          "x": 0.41881754994392395,
          "y": 0.2785291373729706,
          "z": -0.13612772524356842
        },
        "scale": {
          "x": 1.0,
          "y": 1.0,
          "z": 1.0
        },
        "matrix_basis": [
          [
            0.8077815175056458,
            0.4656790792942047,
            0.3614305853843689,
            0.0
          ],
          [
            0.000932474504224956,
            0.6121221780776978,
            -0.790762722492218,
            0.0
          ],
          [
            -0.5894812941551208,
            0.6391005516052246,
            0.4940267503261566,
            0.0
          ],
          [
            0.0,
            0.0,
            0.0,
            1.0
          ]
        ],
        "rotation_mode": "QUATERNION"
      },
      "armature_space": {
        "head": {
          "x": 0.16796670854091644,
          "y": 0.13090795278549194,
          "z": 0.46617162227630615
        },
        "tail": {
          "x": 0.25013989210128784,
          "y": 0.23604965209960938,
          "z": 0.23430345952510834
        }
      },
      "world_space": {
        "head": {
          "x": 0.16796670854091644,
          "y": 0.19415195286273956,
          "z": 1.4160256385803223
        },
        "tail": {
          "x": 0.25013989210128784,
          "y": 0.2992936372756958,
          "z": 1.1841574907302856
        },
        "rotation_quaternion": {
          "w": 0.03943014144897461,
          "x": -0.20835043489933014,
          "y": -0.8336391448974609,
          "z": 0.509981632232666
        },
        "matrix": [
          [
            -0.910070538520813,
            0.3071613013744354,
            -0.2782518267631531,
            0.16796670854091644
          ],
          [
            0.3875964879989624,
            0.39301708340644836,
            -0.8338505625724792,
            0.19415195286273956
          ],
          [
            -0.14676931500434875,
            -0.8667175769805908,
            -0.4767318069934845,
            1.4160256385803223
          ],
          [
            0.0,
            0.0,
            0.0,
            1.0
          ]
        ]
      },
      "bone_length_armature_space": 0.26752580179854607,
      "parent": "upperarm_l",
      "has_children": true,
      "is_end_bone": false
    },
    "metacarpal_thumb_l": {
      "name": "metacarpal_thumb_l",
      "local": {
        "location": {
          "x": 0.0,
          "y": 0.0,
          "z": 0.0
        },
        "rotation_quaternion": {
          "w": 0.999263346195221,
          "x": -0.03383540362119675,
          "y": 0.006398708093911409,
          "z": -0.01694462075829506
        },
        "scale": {
          "x": 1.0,
          "y": 1.0,
          "z": 1.0
        },
        "matrix_basis": [
          [
            0.9993438720703125,
            0.0334312729537487,
            0.013934644870460033,
            0.0
          ],
          [
            -0.03429728373885155,
            0.997136116027832,
            0.06740410625934601,
            0.0
          ],
          [
            -0.011641332879662514,
            -0.06783780455589294,
            0.9976284503936768,
            0.0
          ],
          [
            0.0,
            0.0,
            0.0,
            1.0
          ]
        ],
        "rotation_mode": "QUATERNION"
      },
      "armature_space": {
        "head": {
          "x": 0.25013989210128784,
          "y": 0.23604965209960938,
          "z": 0.23430345952510834
        },
        "tail": {
          "x": 0.2495236098766327,
          "y": 0.23098880052566528,
          "z": 0.18503251671791077
        }
      },
      "world_space": {
        "head": {
          "x": 0.25013989210128784,
          "y": 0.2992936372756958,
          "z": 1.1841574907302856
        },
        "tail": {
          "x": 0.2495236098766327,
          "y": 0.2942327857017517,
          "z": 1.1348865032196045
        },
        "rotation_quaternion": {
          "w": 0.5541315078735352,
          "x": -0.6086924076080322,
          "y": -0.37663453817367554,
          "z": 0.4249451458454132
        },
        "matrix": [
          [
            0.35513654351234436,
            -0.012441597878932953,
            -0.9347319006919861,
            0.25013989210128784
          ],
          [
            0.9294599890708923,
            -0.10217005014419556,
            0.35449349880218506,
            0.2992936372756958
          ],
          [
            -0.0999118909239769,
            -0.9946959614753723,
            -0.024719975888729095,
            1.1841574907302856
          ],
          [
            0.0,
            0.0,
            0.0,
            1.0
          ]
        ]
      },
      "bone_length_armature_space": 0.04953400574291155,
      "parent": "lowerarm_l",
      "has_children": true,
      "is_end_bone": false
    },
    "thumb_01_l": {
      "name": "thumb_01_l",
      "local": {
        "location": {
          "x": 0.0,
          "y": 0.0,
          "z": 0.0
        },
        "rotation_quaternion": {
          "w": 0.9984386563301086,
          "x": -0.05369894206523895,
          "y": -0.010587356984615326,
          "z": 0.011163661256432533
        },
        "scale": {
          "x": 1.0,
          "y": 1.0,
          "z": 1.0
        },
        "matrix_basis": [
          [
            0.9995265603065491,
            -0.021155402064323425,
            -0.02234060689806938,
            0.0
          ],
          [
            0.023429522290825844,
            0.9939835667610168,
            0.10699380934238434,
            0.0
          ],
          [
            0.019942699000239372,
            -0.10746658593416214,
            0.9940086603164673,
            0.0
          ],
          [
            0.0,
            0.0,
            0.0,
            1.0
          ]
        ],
        "rotation_mode": "QUATERNION"
      },
      "armature_space": {
        "head": {
          "x": 0.2495236098766327,
          "y": 0.23098880052566528,
          "z": 0.18503251671791077
        },
        "tail": {
          "x": 0.22292010486125946,
          "y": 0.2305615246295929,
          "z": 0.16380277276039124
        }
      },
      "world_space": {
        "head": {
          "x": 0.2495236098766327,
          "y": 0.2942327857017517,
          "z": 1.1348865032196045
        },
        "tail": {
          "x": 0.22292010486125946,
          "y": 0.2938055396080017,
          "z": 1.113656759262085
        },
        "rotation_quaternion": {
          "w": 0.5805661678314209,
          "x": -0.6799842119216919,
          "y": 0.395811527967453,
          "z": 0.20951758325099945
        },
        "matrix": [
          [
            0.5988704562187195,
            -0.7815693616867065,
            0.1746537685394287,
            0.2495236098766327
          ],
          [
            -0.2950168251991272,
            -0.012552887201309204,
            0.9554097652435303,
            0.2942327857017517
          ],
          [
            -0.7445316314697266,
            -0.6236963272094727,
            -0.23809438943862915,
            1.1348865032196045
          ],
          [
            0.0,
            0.0,
            0.0,
            1.0
          ]
        ]
      },
      "bone_length_armature_space": 0.034038670405060464,
      "parent": "metacarpal_thumb_l",
      "has_children": true,
      "is_end_bone": false
    },
    "thumb_02_l": {
      "name": "thumb_02_l",
      "local": {
        "location": {
          "x": 0.0,
          "y": 0.0,
          "z": 0.0
        },
        "rotation_quaternion": {
          "w": 0.9928349256515503,
          "x": 0.11903710663318634,
          "y": 0.00841375719755888,
          "z": -0.006192061118781567
        },
        "scale": {
          "x": 1.0,
          "y": 1.0,
          "z": 1.0
        },
        "matrix_basis": [
          [
            0.9997817277908325,
            0.014298487454652786,
            0.015232773497700691,
            0.0
          ],
          [
            -0.010292290709912777,
            0.9715836644172668,
            -0.23647259175777435,
            0.0
          ],
          [
            -0.01818111352622509,
            0.2362641990184784,
            0.9715187549591064,
            0.0
          ],
          [
            0.0,
            0.0,
            0.0,
            1.0
          ]
        ],
        "rotation_mode": "QUATERNION"
      },
      "armature_space": {
        "head": {
          "x": 0.22292007505893707,
          "y": 0.23056147992610931,
          "z": 0.163802832365036
        },
        "tail": {
          "x": 0.2357308268547058,
          "y": 0.24815605580806732,
          "z": 0.13004621863365173
        }
      },
      "world_space": {
        "head": {
          "x": 0.22292007505893707,
          "y": 0.29380548000335693,
          "z": 1.1136568784713745
        },
        "tail": {
          "x": 0.2357308268547058,
          "y": 0.31140005588531494,
          "z": 1.0799002647399902
        },
        "rotation_quaternion": {
          "w": 0.7514348030090332,
          "x": -0.35201963782310486,
          "y": 0.39290979504585266,
          "z": -0.3962952196598053
        },
        "matrix": [
          [
            0.37714362144470215,
            0.3189578354358673,
            0.8694992065429688,
            0.22292007505893707
          ],
          [
            -0.8722046613693237,
            0.4380640387535095,
            0.217622309923172,
            0.29380548000335693
          ],
          [
            -0.31148675084114075,
            -0.8404610753059387,
            0.4434124231338501,
            1.1136568784713745
          ],
          [
            0.0,
            0.0,
            0.0,
            1.0
          ]
        ]
      },
      "bone_length_armature_space": 0.0401645799508252,
      "parent": "thumb_01_l",
      "has_children": true,
      "is_end_bone": false
    },
    "thumb_03_l": {
      "name": "thumb_03_l",
      "local": {
        "location": {
          "x": 0.0,
          "y": 0.0,
          "z": 0.0
        },
        "rotation_quaternion": {
          "w": 0.9968870282173157,
          "x": 0.07856430113315582,
          "y": -0.004060395993292332,
          "z": -0.005229469388723373
        },
        "scale": {
          "x": 1.0,
          "y": 1.0,
          "z": 1.0
        },
        "matrix_basis": [
          [
            0.9999123215675354,
            0.009788376279175282,
            -0.008917211554944515,
            0.0
          ],
          [
            -0.011064385063946247,
            0.9876006245613098,
            -0.15659700334072113,
            0.0
          ],
          [
            0.0072738127782940865,
            0.15668193995952606,
            0.9876223206520081,
            0.0
          ],
          [
            0.0,
            0.0,
            0.0,
            1.0
          ]
        ],
        "rotation_mode": "QUATERNION"
      },
      "armature_space": {
        "head": {
          "x": 0.23573076725006104,
          "y": 0.24815598130226135,
          "z": 0.13004620373249054
        },
        "tail": {
          "x": 0.2542664706707001,
          "y": 0.2653573453426361,
          "z": 0.11309227347373962
        }
      },
      "world_space": {
        "head": {
          "x": 0.23573076725006104,
          "y": 0.31139999628067017,
          "z": 1.0799002647399902
        },
        "tail": {
          "x": 0.2542664706707001,
          "y": 0.3286013603210449,
          "z": 1.0629463195800781
        },
        "rotation_quaternion": {
          "w": 0.7477564811706543,
          "x": -0.08221442252397537,
          "y": 0.4726111590862274,
          "z": -0.4590640962123871
        },
        "matrix": [
          [
            0.1317967027425766,
            0.6088278293609619,
            0.7822778820991516,
            0.23573076725006104
          ],
          [
            -0.7642478346824646,
            0.5650002956390381,
            -0.31096696853637695,
            0.31139999628067017
          ],
          [
            -0.631317138671875,
            -0.5568728446960449,
            0.5397635698318481,
            1.0799002647399902
          ],
          [
            0.0,
            0.0,
            0.0,
            1.0
          ]
        ]
      },
      "bone_length_armature_space": 0.030444949510229684,
      "parent": "thumb_02_l",
      "has_children": false,
      "is_end_bone": true
    },
    "metacarpal_index_l": {
      "name": "metacarpal_index_l",
      "local": {
        "location": {
          "x": 0.0,
          "y": 0.0,
          "z": 0.0
        },
        "rotation_quaternion": {
          "w": 0.9999704360961914,
          "x": -0.00532316230237484,
          "y": 0.004012780264019966,
          "z": -0.0038346685469150543
        },
        "scale": {
          "x": 1.0,
          "y": 1.0,
          "z": 1.0
        },
        "matrix_basis": [
          [
            0.9999383687973022,
            0.007626389153301716,
            0.00806614849716425,
            0.0
          ],
          [
            -0.007711831945925951,
            0.9999139308929443,
            0.010615234263241291,
            0.0
          ],
          [
            -0.007984498515725136,
            -0.010676785372197628,
            0.9999111294746399,
            0.0
          ],
          [
            0.0,
            0.0,
            0.0,
            1.0
          ]
        ],
        "rotation_mode": "QUATERNION"
      },
      "armature_space": {
        "head": {
          "x": 0.25013989210128784,
          "y": 0.23604965209960938,
          "z": 0.23430345952510834
        },
        "tail": {
          "x": 0.2700057923793793,
          "y": 0.25346407294273376,
          "z": 0.12014796584844589
        }
      },
      "world_space": {
        "head": {
          "x": 0.25013989210128784,
          "y": 0.2992936372756958,
          "z": 1.1841574907302856
        },
        "tail": {
          "x": 0.2700057923793793,
          "y": 0.3167080879211426,
          "z": 1.0700019598007202
        },
        "rotation_quaternion": {
          "w": 0.42108291387557983,
          "x": -0.4501621127128601,
          "y": -0.6300802826881409,
          "z": 0.4722733497619629
        },
        "matrix": [
          [
            -0.24008651077747345,
            0.16954515874385834,
            -0.9558313488960266,
            0.25013989210128784
          ],
          [
            0.9650092720985413,
            0.14862295985221863,
            -0.21602901816368103,
            0.2992936372756958
          ],
          [
            0.10543347150087357,
            -0.9742579460144043,
            -0.19929639995098114,
            1.1841574907302856
          ],
          [
            0.0,
            0.0,
            0.0,
            1.0
          ]
        ]
      },
      "bone_length_armature_space": 0.11717249319727782,
      "parent": "lowerarm_l",
      "has_children": true,
      "is_end_bone": false
    },
    "index_01_l": {
      "name": "index_01_l",
      "local": {
        "location": {
          "x": 0.0,
          "y": 0.0,
          "z": 0.0
        },
        "rotation_quaternion": {
          "w": 0.9956709146499634,
          "x": -0.09275943785905838,
          "y": -0.005902416538447142,
          "z": -0.0007374515989795327
        },
        "scale": {
          "x": 1.0,
          "y": 1.0,
          "z": 1.0
        },
        "matrix_basis": [
          [
            0.9999292492866516,
            0.002563527785241604,
            -0.011616917327046394,
            0.0
          ],
          [
            -0.00037350854836404324,
            0.9827902913093567,
            0.18472445011138916,
            0.0
          ],
          [
            0.011890539899468422,
            -0.18470704555511475,
            0.9827216863632202,
            0.0
          ],
          [
            0.0,
            0.0,
            0.0,
            1.0
          ]
        ],
        "rotation_mode": "QUATERNION"
      },
      "armature_space": {
        "head": {
          "x": 0.2700057923793793,
          "y": 0.25346407294273376,
          "z": 0.12014796584844589
        },
        "tail": {
          "x": 0.2806053161621094,
          "y": 0.26825395226478577,
          "z": 0.09819380193948746
        }
      },
      "world_space": {
        "head": {
          "x": 0.2700057923793793,
          "y": 0.3167080879211426,
          "z": 1.0700019598007202
        },
        "tail": {
          "x": 0.2806053161621094,
          "y": 0.3314979672431946,
          "z": 1.0480477809906006
        },
        "rotation_quaternion": {
          "w": 0.4383070468902588,
          "x": -0.40655428171157837,
          "y": -0.7531455159187317,
          "z": 0.27454057335853577
        },
        "matrix": [
          [
            -0.28520089387893677,
            0.37172529101371765,
            -0.8834486603736877,
            0.2700057923793793
          ],
          [
            0.8530558943748474,
            0.5186814069747925,
            -0.05714557319879532,
            0.3167080879211426
          ],
          [
            0.43698960542678833,
            -0.7699334621429443,
            -0.46503371000289917,
            1.0700019598007202
          ],
          [
            0.0,
            0.0,
            0.0,
            1.0
          ]
        ]
      },
      "bone_length_armature_space": 0.028514483012356085,
      "parent": "metacarpal_index_l",
      "has_children": true,
      "is_end_bone": false
    },
    "index_02_l": {
      "name": "index_02_l",
      "local": {
        "location": {
          "x": 0.0,
          "y": 0.0,
          "z": 0.0
        },
        "rotation_quaternion": {
          "w": 0.9998736381530762,
          "x": 0.014215375296771526,
          "y": -0.002587588271126151,
          "z": 0.0066347732208669186
        },
        "scale": {
          "x": 1.0,
          "y": 1.0,
          "z": 1.0
        },
        "matrix_basis": [
          [
            0.9998985528945923,
            -0.013341437093913555,
            -0.004985890816897154,
            0.0
          ],
          [
            0.013194303028285503,
            0.9995077848434448,
            -0.02846149355173111,
            0.0
          ],
          [
            0.005363154225051403,
            0.028392821550369263,
            0.9995824694633484,
            0.0
          ],
          [
            0.0,
            0.0,
            0.0,
            1.0
          ]
        ],
        "rotation_mode": "QUATERNION"
      },
      "armature_space": {
        "head": {
          "x": 0.2806052565574646,
          "y": 0.2682539224624634,
          "z": 0.09819325059652328
        },
        "tail": {
          "x": 0.2901843190193176,
          "y": 0.28191688656806946,
          "z": 0.07870839536190033
        }
      },
      "world_space": {
        "head": {
          "x": 0.2806052565574646,
          "y": 0.3314979076385498,
          "z": 1.0480473041534424
        },
        "tail": {
          "x": 0.2901843190193176,
          "y": 0.34516090154647827,
          "z": 1.0285624265670776
        },
        "rotation_quaternion": {
          "w": 0.4119453728199005,
          "x": -0.3923436999320984,
          "y": -0.7724002599716187,
          "z": 0.28242772817611694
        },
        "matrix": [
          [
            -0.3527347147464752,
            0.37340524792671204,
            -0.8579903841018677,
            0.2806052565574646
          ],
          [
            0.8387829661369324,
            0.5326014161109924,
            -0.1130450889468193,
            0.3314979076385498
          ],
          [
            0.4147587716579437,
            -0.7595468759536743,
            -0.5010762214660645,
            1.0480473041534424
          ],
          [
            0.0,
            0.0,
            0.0,
            1.0
          ]
        ]
      },
      "bone_length_armature_space": 0.025653354682744683,
      "parent": "index_01_l",
      "has_children": true,
      "is_end_bone": false
    },
    "index_03_l": {
      "name": "index_03_l",
      "local": {
        "location": {
          "x": 0.0,
          "y": 0.0,
          "z": 0.0
        },
        "rotation_quaternion": {
          "w": 0.9997794032096863,
          "x": 0.02088799513876438,
          "y": -0.0014501310652121902,
          "z": -0.0016875052824616432
        },
        "scale": {
          "x": 1.0,
          "y": 1.0,
          "z": 1.0
        },
        "matrix_basis": [
          [
            0.9999901056289673,
            0.0033136853016912937,
            -0.002970119472593069,
            0.0
          ],
          [
            -0.003434846643358469,
            0.9991216659545898,
            -0.04176187887787819,
            0.0
          ],
          [
            0.00282912515103817,
            0.04177166894078255,
            0.9991231560707092,
            0.0
          ],
          [
            0.0,
            0.0,
            0.0,
            1.0
          ]
        ],
        "rotation_mode": "QUATERNION"
      },
      "armature_space": {
        "head": {
          "x": 0.2901844382286072,
          "y": 0.28191688656806946,
          "z": 0.0787084624171257
        },
        "tail": {
          "x": 0.2967151403427124,
          "y": 0.2992190718650818,
          "z": 0.056087180972099304
        }
      },
      "world_space": {
        "head": {
          "x": 0.2901844382286072,
          "y": 0.34516090154647827,
          "z": 1.0285624265670776
        },
        "tail": {
          "x": 0.2967151403427124,
          "y": 0.3624630570411682,
          "z": 1.0059411525726318
        },
        "rotation_quaternion": {
          "w": 0.47526389360427856,
          "x": -0.33710503578186035,
          "y": -0.7551193237304688,
          "z": 0.30046504735946655
        },
        "matrix": [
          [
            -0.32096919417381287,
            0.22351118922233582,
            -0.9203380942344666,
            0.2901844382286072
          ],
          [
            0.7947102189064026,
            0.5921613574028015,
            -0.13334518671035767,
            0.34516090154647827
          ],
          [
            0.5151886343955994,
            -0.7742061018943787,
            -0.367694616317749,
            1.0285624265670776
          ],
          [
            0.0,
            0.0,
            0.0,
            1.0
          ]
        ]
      },
      "bone_length_armature_space": 0.02921879578657088,
      "parent": "index_02_l",
      "has_children": false,
      "is_end_bone": true
    },
    "metacarpal_pinky_l": {
      "name": "metacarpal_pinky_l",
      "local": {
        "location": {
          "x": 0.0,
          "y": 0.0,
          "z": 0.0
        },
        "rotation_quaternion": {
          "w": 0.9998152852058411,
          "x": -0.009756719693541527,
          "y": 0.012401984073221684,
          "z": -0.010981262661516666
        },
        "scale": {
          "x": 1.0,
          "y": 1.0,
          "z": 1.0
        },
        "matrix_basis": [
          [
            0.999451220035553,
            0.021716462448239326,
            0.025013668462634087,
            0.0
          ],
          [
            -0.02220047451555729,
            0.9995684623718262,
            0.01923745684325695,
            0.0
          ],
          [
            -0.02458510361611843,
            -0.019782213494181633,
            0.9995020031929016,
            0.0
          ],
          [
            0.0,
            0.0,
            0.0,
            1.0
          ]
        ],
        "rotation_mode": "QUATERNION"
      },
      "armature_space": {
        "head": {
          "x": 0.25013989210128784,
          "y": 0.23604965209960938,
          "z": 0.23430345952510834
        },
        "tail": {
          "x": 0.28624823689460754,
          "y": 0.3014955520629883,
          "z": 0.16180309653282166
        }
      },
      "world_space": {
        "head": {
          "x": 0.25013989210128784,
          "y": 0.2992936372756958,
          "z": 1.1841574907302856
        },
        "tail": {
          "x": 0.28624823689460754,
          "y": 0.3647395372390747,
          "z": 1.1116571426391602
        },
        "rotation_quaternion": {
          "w": 0.5252721905708313,
          "x": -0.06833969801664352,
          "y": 0.7337146401405334,
          "z": -0.4255368411540985
        },
        "matrix": [
          [
            -0.43883928656578064,
            0.34675973653793335,
            0.8289622068405151,
            0.25013989210128784
          ],
          [
            -0.5473284721374512,
            0.6284971833229065,
            -0.5526509881019592,
            0.2992936372756958
          ],
          [
            -0.7126426696777344,
            -0.6962434649467468,
            -0.08601907640695572,
            1.1841574907302856
          ],
          [
            0.0,
            0.0,
            0.0,
            1.0
          ]
        ]
      },
      "bone_length_armature_space": 0.10413107742122892,
      "parent": "lowerarm_l",
      "has_children": true,
      "is_end_bone": false
    },
    "pinky_01_l": {
      "name": "pinky_01_l",
      "local": {
        "location": {
          "x": 0.0,
          "y": 0.0,
          "z": 0.0
        },
        "rotation_quaternion": {
          "w": 0.9961345195770264,
          "x": -0.08632107079029083,
          "y": 0.007449004799127579,
          "z": 0.014467984437942505
        },
        "scale": {
          "x": 1.0,
          "y": 1.0,
          "z": 1.0
        },
        "matrix_basis": [
          [
            0.9994703531265259,
            -0.030110130086541176,
            0.012342637404799461,
            0.0
          ],
          [
            0.027538105845451355,
            0.9846786856651306,
            0.1721903383731842,
            0.0
          ],
          [
            -0.017338205128908157,
            -0.1717592477798462,
            0.9849863648414612,
            0.0
          ],
          [
            0.0,
            0.0,
            0.0,
            1.0
          ]
        ],
        "rotation_mode": "QUATERNION"
      },
      "armature_space": {
        "head": {
          "x": 0.28624823689460754,
          "y": 0.3014955520629883,
          "z": 0.16180309653282166
        },
        "tail": {
