{
  "metadata": {
    "armature_name": "KIM_caucasian_male",
    "export_time": "2026-01-13T19:12:03.031701",
    "blender_version": "4.4.1",
    "bone_count": 56,
    "end_bone_count": 13,
    "spaces_included": [
      "LOCAL_CHANNELS",
      "ARMATURE_SPACE",
      "WORLD_SPACE"
    ],
    "note": "LOCAL matches Transform panel; replay pose via local.matrix_basis for best fidelity."
  },
  "bones": {
    "Root": {
      "name": "Root",
      "local": {
        "location": {
          "x": 0.0,
          "y": 0.0,
          "z": 0.0
        },
        "rotation_quaternion": {
          "w": 0.9997135400772095,
          "x": -0.014962592162191868,
          "y": 0.017825189977884293,
          "z": -0.005591953173279762
        },
        "scale": {
          "x": 1.0,
          "y": 1.0,
          "z": 1.0
        },
        "matrix_basis": [
          [
            0.9993019700050354,
            0.010647280141711235,
            0.03580750897526741,
            0.0
          ],
          [
            -0.01171412505209446,
            0.9994897246360779,
            0.029717257246375084,
            0.0
          ],
          [
            -0.03547282889485359,
            -0.030115967616438866,
            0.998916745185852,
            0.0
          ],
          [
            0.0,
            0.0,
            0.0,
            1.0
          ]
        ],
        "rotation_mode": "QUATERNION"
      },
      "armature_space": {
        "head": {
          "x": 0.0,
          "y": 0.07072800397872925,
          "z": -0.009595036506652832
        },
        "tail": {
          "x": 0.000759958871640265,
          "y": 0.0003250539302825928,
          "z": 0.002125161699950695
        }
      },
      "world_space": {
        "head": {
          "x": 0.0,
          "y": 0.13397200405597687,
          "z": 0.9402589797973633
        },
        "tail": {
          "x": 0.000759958871640265,
          "y": 0.06356905400753021,
          "z": 0.9519791603088379
        },
        "rotation_quaternion": {
          "w": 0.08227697014808655,
          "x": 0.9964345097541809,
          "y": 0.006780096795409918,
          "z": 0.017407981678843498
        },
        "matrix": [
          [
            0.9993019700050354,
            0.010647280141711235,
            0.03580750897526741,
            0.0
          ],
          [
            0.016376398503780365,
            -0.9863690733909607,
            -0.16373157501220703,
            0.13397200405597687
          ],
          [
            0.033576373010873795,
            0.1642039269208908,
            -0.9858618974685669,
            0.9402589797973633
          ],
          [
            0.0,
            0.0,
            0.0,
            1.0
          ]
        ]
      },
      "bone_length_armature_space": 0.07137587943337945,
      "parent": null,
      "has_children": true,
      "is_end_bone": false
    },
    "spine_01": {
      "name": "spine_01",
      "local": {
        "location": {
          "x": 0.0,
          "y": 0.0,
          "z": 0.0
        },
        "rotation_quaternion": {
          "w": 0.998011589050293,
          "x": -0.04349710792303085,
          "y": -0.03913230821490288,
          "z": -0.02344621904194355
        },
        "scale": {
          "x": 1.0,
          "y": 1.0,
          "z": 1.0
        },
        "matrix_basis": [
          [
            0.9958378672599792,
            0.05020347982645035,
            -0.07606931030750275,
            0.0
          ],
          [
            -0.04339491203427315,
            0.9951165318489075,
            0.08865624666213989,
            0.0
          ],
          [
            0.08014868199825287,
            -0.08498622477054596,
            0.9931533336639404,
            0.0
          ],
          [
            0.0,
            0.0,
            0.0,
            1.0
          ]
        ],
        "rotation_mode": "QUATERNION"
      },
      "armature_space": {
        "head": {
          "x": 0.000759958871640265,
          "y": 0.0003250539302825928,
          "z": 0.002125161699950695
        },
        "tail": {
          "x": 0.007805193308740854,
          "y": 0.0791388675570488,
          "z": 0.4836719334125519
        }
      },
      "world_space": {
        "head": {
          "x": 0.000759958871640265,
          "y": 0.06356905400753021,
          "z": 0.9519791603088379
        },
        "tail": {
          "x": 0.007805193308740854,
          "y": 0.14238286018371582,
          "z": 1.4335259199142456
        },
        "rotation_quaternion": {
          "w": 0.7618006467819214,
          "x": 0.6469435691833496,
          "y": -0.02027652971446514,
          "z": -0.026694942265748978
        },
        "matrix": [
          [
            0.9977524876594543,
            0.014436920173466206,
            -0.06543365865945816,
            0.000759958871640265
          ],
          [
            -0.06690807640552521,
            0.16150331497192383,
            -0.984601616859436,
            0.06356905400753021
          ],
          [
            -0.0036469511687755585,
            0.986773669719696,
            0.16210652887821198,
            0.9519791603088379
          ],
          [
            0.0,
            0.0,
            0.0,
            1.0
          ]
        ]
      },
      "bone_length_armature_space": 0.48800464475514177,
      "parent": "Root",
      "has_children": true,
      "is_end_bone": false
    },
    "neck_01": {
      "name": "neck_01",
      "local": {
        "location": {
          "x": 0.0,
          "y": 0.0,
          "z": 0.0
        },
        "rotation_quaternion": {
          "w": 0.9997900724411011,
          "x": -0.0033269738778471947,
          "y": 0.0068895830772817135,
          "z": -0.019010554999113083
        },
        "scale": {
          "x": 1.0,
          "y": 1.0,
          "z": 1.0
        },
        "matrix_basis": [
          [
            0.9991822838783264,
            0.03796728700399399,
            0.01390276849269867,
            0.0
          ],
          [
            -0.038058970123529434,
            0.9992550611495972,
            0.006390601396560669,
            0.0
          ],
          [
            -0.013649778440594673,
            -0.006914500612765551,
            0.9998829364776611,
            0.0
          ],
          [
            0.0,
            0.0,
            0.0,
            1.0
          ]
        ],
        "rotation_mode": "QUATERNION"
      },
      "armature_space": {
        "head": {
          "x": 0.006592974532395601,
          "y": 0.05681747570633888,
          "z": 0.5615439414978027
        },
        "tail": {
          "x": 0.009345754981040955,
          "y": 0.03422459959983826,
          "z": 0.6615076661109924
        }
      },
      "world_space": {
        "head": {
          "x": 0.006592974532395601,
          "y": 0.1200614720582962,
          "z": 1.5113979578018188
        },
        "tail": {
          "x": 0.009345754981040955,
          "y": 0.09746859967708588,
          "z": 1.6113617420196533
        },
        "rotation_quaternion": {
          "w": 0.6243181228637695,
          "x": 0.7805884480476379,
          "y": -0.006366354878991842,
          "z": -0.02946399338543415
        },
        "matrix": [
          [
            0.9981827735900879,
            0.026850804686546326,
            -0.053947556763887405,
            0.006592974532395601
          ],
          [
            -0.04672864452004433,
            -0.22037242352962494,
            -0.9742961525917053,
            0.1200614720582962
          ],
          [
            -0.03804948925971985,
            0.9750528335571289,
            -0.21871957182884216,
            1.5113979578018188
          ],
          [
            0.0,
            0.0,
            0.0,
            1.0
          ]
        ]
      },
      "bone_length_armature_space": 0.10252200978749348,
      "parent": "spine_01",
      "has_children": true,
      "is_end_bone": false
    },
    "head": {
      "name": "head",
      "local": {
        "location": {
          "x": 0.0,
          "y": 0.0,
          "z": 0.0
        },
        "rotation_quaternion": {
          "w": 0.9870077967643738,
          "x": 0.06561018526554108,
          "y": 0.12451756000518799,
          "z": 0.07750044763088226
        },
        "scale": {
          "x": 1.0,
          "y": 1.0,
          "z": 1.0
        },
        "matrix_basis": [
          [
            0.9569781422615051,
            -0.13664785027503967,
            0.25596925616264343,
            0.0
          ],
          [
            0.16932633519172668,
            0.9793779850006104,
            -0.1102151945233345,
            0.0
          ],
          [
            -0.23562996089458466,
            0.14881585538387299,
            0.9603813886642456,
            0.0
          ],
          [
            0.0,
            0.0,
            0.0,
            1.0
          ]
        ],
        "rotation_mode": "QUATERNION"
      },
      "armature_space": {
        "head": {
          "x": 0.009345744736492634,
          "y": 0.03422446548938751,
          "z": 0.6615075469017029
        },
        "tail": {
          "x": -0.006143423728644848,
          "y": 0.034767746925354004,
          "z": 0.8158224821090698
        }
      },
      "world_space": {
        "head": {
          "x": 0.009345744736492634,
          "y": 0.09746846556663513,
          "z": 1.6113615036010742
        },
        "tail": {
          "x": -0.006143423728644848,
          "y": 0.09801174700260162,
          "z": 1.765676498413086
        },
        "rotation_quaternion": {
          "w": 0.7072396874427795,
          "x": 0.6973080039024353,
          "y": 0.03953956440091133,
          "z": 0.10959126055240631
        },
        "matrix": [
          [
            0.9728527069091797,
            -0.09987199306488037,
            0.20876635611057281,
            0.009345744736492634
          ],
          [
            0.2101578712463379,
            0.0035029947757720947,
            -0.9776614308357239,
            0.09746846556663513
          ],
          [
            0.09691053628921509,
            0.9950012564659119,
            0.024396084249019623,
            1.6113615036010742
          ],
          [
            0.0,
            0.0,
            0.0,
            1.0
          ]
        ]
      },
      "bone_length_armature_space": 0.15509128977838244,
      "parent": "neck_01",
      "has_children": false,
      "is_end_bone": true
    },
    "upperarm_l": {
      "name": "upperarm_l",
      "local": {
        "location": {
          "x": 0.0,
          "y": 0.0,
          "z": 0.0
        },
        "rotation_quaternion": {
          "w": -0.6850848197937012,
          "x": 0.4466383755207062,
          "y": 0.3047161102294922,
          "z": 0.48818138241767883
        },
        "scale": {
          "x": 1.0,
          "y": 1.0,
          "z": 1.0
        },
        "matrix_basis": [
          [
            0.3376540541648865,
            0.9410871267318726,
            0.018568316474556923,
            0.0
          ],
          [
            -0.39669549465179443,
            0.12438619881868362,
            0.909483790397644,
            0.0
          ],
          [
            0.8535938262939453,
            -0.31445688009262085,
            0.41532450914382935,
            0.0
          ],
          [
            0.0,
            0.0,
            0.0,
            1.0
          ]
        ],
        "rotation_mode": "QUATERNION"
      },
      "armature_space": {
        "head": {
          "x": 0.15507690608501434,
          "y": 0.03278697282075882,
          "z": 0.4951950013637543
        },
        "tail": {
          "x": 0.18166802823543549,
          "y": 0.08078106492757797,
          "z": 0.2329011857509613
        }
      },
      "world_space": {
        "head": {
          "x": 0.15507690608501434,
          "y": 0.09603097289800644,
          "z": 1.4450490474700928
        },
        "tail": {
          "x": 0.18166802823543549,
          "y": 0.144025057554245,
          "z": 1.1827552318572998
        },
        "rotation_quaternion": {
          "w": 0.43514978885650635,
          "x": -0.30799227952957153,
          "y": 0.6326106786727905,
          "z": -0.5617733001708984
        },
        "matrix": [
          [
            -0.43156927824020386,
            0.09923194348812103,
            0.8966053128242493,
            0.15507690608501434
          ],
          [
            -0.87859046459198,
            0.17910286784172058,
            -0.44272035360336304,
            0.09603097289800644
          ],
          [
            -0.20451873540878296,
            -0.9788199067115784,
            0.009888600558042526,
            1.4450490474700928
          ],
          [
            0.0,
            0.0,
            0.0,
            1.0
          ]
        ]
      },
      "bone_length_armature_space": 0.267971199096743,
      "parent": "spine_01",
      "has_children": true,
      "is_end_bone": false
    },
    "lowerarm_l": {
      "name": "lowerarm_l",
      "local": {
        "location": {
          "x": 0.0,
          "y": 0.0,
          "z": 0.0
        },
        "rotation_quaternion": {
          "w": 0.9713645577430725,
          "x": 0.17758288979530334,
          "y": 0.12358607351779938,
          "z": -0.09819204360246658
        },
        "scale": {
          "x": 1.0,
          "y": 1.0,
          "z": 1.0
        },
        "matrix_basis": [
          [
            0.9501696228981018,
            0.23465408384799957,
            0.2052198052406311,
            0.0
          ],
          [
            -0.14686699211597443,
            0.917645275592804,
            -0.3692657947540283,
            0.0
          ],
          [
            -0.2749687135219574,
            0.32072511315345764,
            0.9063816070556641,
            0.0
          ],
          [
            0.0,
            0.0,
            0.0,
            1.0
          ]
        ],
        "rotation_mode": "QUATERNION"
      },
      "armature_space": {
        "head": {
          "x": 0.18166813254356384,
          "y": 0.08078116178512573,
          "z": 0.23290112614631653
        },
        "tail": {
          "x": 0.3000222444534302,
          "y": 0.04025263339281082,
          "z": -0.0035727322101593018
        }
      },
      "world_space": {
        "head": {
          "x": 0.18166813254356384,
          "y": 0.14402516186237335,
          "z": 1.1827551126480103
        },
        "tail": {
          "x": 0.3000222444534302,
          "y": 0.10349663347005844,
          "z": 0.9462813138961792
        },
        "rotation_quaternion": {
          "w": 0.4261683523654938,
          "x": -0.1871328502893448,
          "y": 0.49257779121398926,
          "z": -0.7353428602218628
        },
        "matrix": [
          [
            -0.5667216777801514,
            0.4424048066139221,
            0.6950573325157166,
            0.18166813254356384
          ],
          [
            -0.811116099357605,
            -0.15149465203285217,
            -0.564924955368042,
            0.14402516186237335
          ],
          [
            -0.1446298062801361,
            -0.8839335441589355,
            0.4446994364261627,
            1.1827551126480103
          ],
          [
            0.0,
            0.0,
            0.0,
            1.0
          ]
        ]
      },
      "bone_length_armature_space": 0.26752596737515943,
      "parent": "upperarm_l",
      "has_children": true,
      "is_end_bone": false
    },
    "metacarpal_thumb_l": {
      "name": "metacarpal_thumb_l",
      "local": {
        "location": {
          "x": 0.0,
          "y": 0.0,
          "z": 0.0
        },
        "rotation_quaternion": {
          "w": 0.998153567314148,
          "x": -0.06022942066192627,
          "y": -0.004832645412534475,
          "z": 0.00621289387345314
        },
        "scale": {
          "x": 1.0,
          "y": 1.0,
          "z": 1.0
        },
        "matrix_basis": [
          [
            0.999876081943512,
            -0.011820709332823753,
            -0.010395842604339123,
            0.0
          ],
          [
            0.012984978966414928,
            0.9926676154136658,
            0.12017637491226196,
            0.0
          ],
          [
            0.00889904610812664,
            -0.12029647082090378,
            0.9926981329917908,
            0.0
          ],
          [
            0.0,
            0.0,
            0.0,
            1.0
          ]
        ],
        "rotation_mode": "QUATERNION"
      },
      "armature_space": {
        "head": {
          "x": 0.3000222444534302,
          "y": 0.04025263339281082,
          "z": -0.0035727322101593018
        },
        "tail": {
          "x": 0.33639925718307495,
          "y": 0.014986040070652962,
          "z": -0.025751642882823944
        }
      },
      "world_space": {
        "head": {
          "x": 0.3000222444534302,
          "y": 0.10349663347005844,
          "z": 0.9462813138961792
        },
        "tail": {
          "x": 0.33639925718307495,
          "y": 0.07823003828525543,
          "z": 0.9241023659706116
        },
        "rotation_quaternion": {
          "w": 0.16303440928459167,
          "x": 0.5514997839927673,
          "y": 0.4673044979572296,
          "z": -0.6714866757392883
        },
        "matrix": [
          [
            -0.33853679895401,
            0.7343896627426147,
            -0.5882726311683655,
            0.3000222444534302
          ],
          [
            0.29648473858833313,
            -0.5100892782211304,
            -0.8074067234992981,
            0.10349663347005844
          ],
          [
            -0.893028736114502,
            -0.44775423407554626,
            -0.04505239054560661,
            0.9462813138961792
          ],
          [
            0.0,
            0.0,
            0.0,
            1.0
          ]
        ]
      },
      "bone_length_armature_space": 0.04953374455045017,
      "parent": "lowerarm_l",
      "has_children": true,
      "is_end_bone": false
    },
    "thumb_01_l": {
      "name": "thumb_01_l",
      "local": {
        "location": {
          "x": 0.0,
          "y": 0.0,
          "z": 0.0
        },
        "rotation_quaternion": {
          "w": 0.9975945353507996,
          "x": -0.06532912701368332,
          "y": 0.019520871341228485,
          "z": 0.012502714060246944
        },
        "scale": {
          "x": 1.0,
          "y": 1.0,
          "z": 1.0
        },
        "matrix_basis": [
          [
            0.9989252090454102,
            -0.027495840564370155,
            0.03731424733996391,
            0.0
          ],
          [
            0.022394714877009392,
            0.9911515712738037,
            0.13083209097385406,
            0.0
          ],
          [
            -0.040581412613391876,
            -0.12985582649707794,
            0.9907020926475525,
            0.0
          ],
          [
            0.0,
            0.0,
            0.0,
            1.0
          ]
        ],
        "rotation_mode": "QUATERNION"
      },
      "armature_space": {
        "head": {
          "x": 0.33639925718307495,
          "y": 0.014986040070652962,
          "z": -0.025751642882823944
        },
        "tail": {
          "x": 0.33998581767082214,
          "y": -0.018723635002970695,
          "z": -0.028820743784308434
        }
      },
      "world_space": {
        "head": {
          "x": 0.33639925718307495,
          "y": 0.07823003828525543,
          "z": 0.9241023659706116
        },
        "tail": {
          "x": 0.33998581767082214,
          "y": 0.044520363211631775,
          "z": 0.9210332632064819
        },
        "rotation_quaternion": {
          "w": 0.03747360408306122,
          "x": -0.9880426526069641,
          "y": -0.05854107066988945,
          "z": 0.13762477040290833
        },
        "matrix": [
          [
            0.9552646279335022,
            0.10536763817071915,
            -0.276345819234848,
            0.33639925718307495
          ],
          [
            0.1259966641664505,
            -0.9903373718261719,
            0.05793706327676773,
            0.07823003828525543
          ],
          [
            -0.2675725519657135,
            -0.09016536921262741,
            -0.9593170285224915,
            0.9241023659706116
          ],
          [
            0.0,
            0.0,
            0.0,
            1.0
          ]
        ]
      },
      "bone_length_armature_space": 0.034038580707733856,
      "parent": "metacarpal_thumb_l",
      "has_children": true,
      "is_end_bone": false
    },
    "thumb_02_l": {
      "name": "thumb_02_l",
      "local": {
        "location": {
          "x": 0.0,
          "y": 0.0,
          "z": 0.0
        },
        "rotation_quaternion": {
          "w": 0.9965403079986572,
          "x": 0.08274584263563156,
          "y": 0.004867924842983484,
          "z": 0.006083053536713123
        },
        "scale": {
          "x": 1.0,
          "y": 1.0,
          "z": 1.0
        },
        "matrix_basis": [
          [
            0.9998785853385925,
            -0.011318415403366089,
            0.01070886105298996,
            0.0
          ],
          [
            0.012929617427289486,
            0.9862322211265564,
            -0.16485990583896637,
            0.0
          ],
          [
            -0.008695472031831741,
            0.16497835516929626,
            0.986258864402771,
            0.0
          ],
          [
            0.0,
            0.0,
            0.0,
            1.0
          ]
        ],
        "rotation_mode": "QUATERNION"
      },
      "armature_space": {
        "head": {
          "x": 0.33998578786849976,
          "y": -0.01872362568974495,
          "z": -0.028820687904953957
        },
        "tail": {
          "x": 0.359258234500885,
          "y": -0.027388613671064377,
          "z": -0.06297748535871506
        }
      },
      "world_space": {
        "head": {
          "x": 0.33998578786849976,
          "y": 0.04452037438750267,
          "z": 0.9210333228111267
        },
        "tail": {
          "x": 0.359258234500885,
          "y": 0.03585538640618324,
          "z": 0.8868765234947205
        },
        "rotation_quaternion": {
          "w": 0.5927945375442505,
          "x": -0.7662718296051025,
          "y": -0.20180687308311462,
          "z": -0.14386172592639923
        },
        "matrix": [
          [
            0.8771553635597229,
            0.47983884811401367,
            -0.018787715584039688,
            0.33998578786849976
          ],
          [
            0.13871963322162628,
            -0.2157379686832428,
            0.9665473103523254,
            0.04452037438750267
          ],
          [
            0.45973730087280273,
            -0.850424587726593,
            -0.2557998597621918,
            0.9210333228111267
          ],
          [
            0.0,
            0.0,
            0.0,
            1.0
          ]
        ]
      },
      "bone_length_armature_space": 0.04016461237730367,
      "parent": "thumb_01_l",
      "has_children": true,
      "is_end_bone": false
    },
    "thumb_03_l": {
      "name": "thumb_03_l",
      "local": {
        "location": {
          "x": 0.0,
          "y": 0.0,
          "z": 0.0
        },
        "rotation_quaternion": {
          "w": 0.997336745262146,
          "x": 0.07258356362581253,
          "y": 0.006917119957506657,
          "z": 0.0018314835615456104
        },
        "scale": {
          "x": 1.0,
          "y": 1.0,
          "z": 1.0
        },
        "matrix_basis": [
          [
            0.9998975992202759,
            -0.0026490732561796904,
            0.014063267037272453,
            0.0
          ],
          [
            0.004657350014895201,
            0.9894565343856812,
            -0.14475516974925995,
            0.0
          ],
          [
            -0.013531524688005447,
            0.14480584859848022,
            0.9893675446510315,
            0.0
          ],
          [
            0.0,
            0.0,
            0.0,
            1.0
          ]
        ],
        "rotation_mode": "QUATERNION"
      },
      "armature_space": {
        "head": {
          "x": 0.3592582643032074,
          "y": -0.02738865651190281,
          "z": -0.06297740340232849
        },
        "tail": {
          "x": 0.3695051074028015,
          "y": -0.022065309807658195,
          "z": -0.09114769846200943
        }
      },
      "world_space": {
        "head": {
          "x": 0.3592582643032074,
          "y": 0.03585534542798996,
          "z": 0.8868765830993652
        },
        "tail": {
          "x": 0.3695051074028015,
          "y": 0.041178688406944275,
          "z": 0.8587062954902649
        },
        "rotation_quaternion": {
          "w": 0.7658756375312805,
          "x": -0.6115878224372864,
          "y": -0.02933836169540882,
          "z": -0.1963011473417282
        },
        "matrix": [
          [
            0.9212096333503723,
            0.33657070994377136,
            0.19517353177070618,
            0.3592582643032074
          ],
          [
            -0.2648003399372101,
            0.1748519390821457,
            0.9483182430267334,
            0.03585534542798996
          ],
          [
            0.2850516438484192,
            -0.9252883195877075,
            0.25020188093185425,
            0.8868765830993652
          ],
          [
            0.0,
            0.0,
            0.0,
            1.0
          ]
        ]
      },
      "bone_length_armature_space": 0.030445054515112764,
      "parent": "thumb_02_l",
      "has_children": false,
      "is_end_bone": true
    },
    "metacarpal_index_l": {
      "name": "metacarpal_index_l",
      "local": {
        "location": {
          "x": 0.0,
          "y": 0.0,
          "z": 0.0
        },
        "rotation_quaternion": {
          "w": 0.998095691204071,
          "x": -0.060090288519859314,
          "y": -0.0092748599126935,
          "z": -0.010407711379230022
        },
        "scale": {
          "x": 1.0,
          "y": 1.0,
          "z": 1.0
        },
        "matrix_basis": [
          [
            0.9996113181114197,
            0.021890440955758095,
            -0.017263591289520264,
            0.0
          ],
          [
            -0.019661126658320427,
            0.9925616979598999,
            0.12014477699995041,
            0.0
          ],
          [
            0.019765200093388557,
            -0.11975865811109543,
            0.9926062822341919,
            0.0
          ],
          [
            0.0,
            0.0,
            0.0,
            1.0
          ]
        ],
        "rotation_mode": "QUATERNION"
      },
      "armature_space": {
        "head": {
          "x": 0.3000222444534302,
          "y": 0.04025263339281082,
          "z": -0.0035727322101593018
        },
        "tail": {
          "x": 0.37078291177749634,
          "y": 0.01159108616411686,
          "z": -0.0924590453505516
        }
      },
      "world_space": {
        "head": {
          "x": 0.3000222444534302,
          "y": 0.10349663347005844,
          "z": 0.9462813138961792
        },
        "tail": {
          "x": 0.37078291177749634,
          "y": 0.07483508437871933,
          "z": 0.8573949933052063
        },
        "rotation_quaternion": {
          "w": 0.2255750447511673,
          "x": 0.23049958050251007,
          "y": 0.5716736912727356,
          "z": -0.7544368505477905
        },
        "matrix": [
          [
            -0.7919718623161316,
            0.6039056181907654,
            -0.08988252282142639,
            0.3000222444534302
          ],
          [
            -0.07682611048221588,
            -0.2446114420890808,
            -0.9665729403495789,
            0.10349663347005844
          ],
          [
            -0.6057091951370239,
            -0.7585985660552979,
            0.2401217222213745,
            0.9462813138961792
          ],
          [
            0.0,
            0.0,
            0.0,
            1.0
          ]
        ]
      },
      "bone_length_armature_space": 0.11717223450454155,
      "parent": "lowerarm_l",
      "has_children": true,
      "is_end_bone": false
    },
    "index_01_l": {
      "name": "index_01_l",
      "local": {
        "location": {
          "x": 0.0,
          "y": 0.0,
          "z": 0.0
        },
        "rotation_quaternion": {
          "w": 0.9942986965179443,
          "x": -0.10627925395965576,
          "y": -0.005512893199920654,
          "z": -0.006668482907116413
        },
        "scale": {
          "x": 1.0,
          "y": 1.0,
          "z": 1.0
        },
        "matrix_basis": [
          [
            0.9998502731323242,
            0.014432740397751331,
            -0.009545482695102692,
            0.0
          ],
          [
            -0.01208911556750536,
            0.9773204922676086,
            0.2114201784133911,
            0.0
          ],
          [
            0.012380368076264858,
            -0.21127311885356903,
            0.9773486852645874,
            0.0
          ],
          [
            0.0,
            0.0,
            0.0,
            1.0
          ]
        ],
        "rotation_mode": "QUATERNION"
      },
      "armature_space": {
        "head": {
          "x": 0.37078291177749634,
          "y": 0.01159108616411686,
          "z": -0.0924590453505516
        },
        "tail": {
          "x": 0.3791389763355255,
          "y": 0.014089380390942097,
          "z": -0.11960704624652863
        }
      },
      "world_space": {
        "head": {
          "x": 0.37078291177749634,
          "y": 0.07483508437871933,
          "z": 0.8573949933052063
        },
        "tail": {
          "x": 0.3791389763355255,
          "y": 0.07733338326215744,
          "z": 0.8302469849586487
        },
        "rotation_quaternion": {
          "w": 0.10503850877285004,
          "x": 0.10471978038549423,
          "y": 0.7299141883850098,
          "z": -0.6672526597976685
        },
        "matrix": [
          [
            -0.9560014605522156,
            0.2930474281311035,
            0.013587404042482376,
            0.37078291177749634
          ],
          [
            0.012700262479484081,
            0.08761528134346008,
            -0.9960735440254211,
            0.07483508437871933
          ],
          [
            -0.29308924078941345,
            -0.9520815014839172,
            -0.08748374879360199,
            0.8573949933052063
          ],
          [
            0.0,
            0.0,
            0.0,
            1.0
          ]
        ]
      },
      "bone_length_armature_space": 0.028514544084938555,
      "parent": "metacarpal_index_l",
      "has_children": true,
      "is_end_bone": false
    },
    "index_02_l": {
      "name": "index_02_l",
      "local": {
        "location": {
          "x": 0.0,
          "y": 0.0,
          "z": 0.0
        },
        "rotation_quaternion": {
          "w": 0.9987596869468689,
          "x": 0.048998791724443436,
          "y": -0.008773131296038628,
          "z": -0.001169197028502822
        },
        "scale": {
          "x": 1.0,
          "y": 1.0,
          "z": 1.0
        },
        "matrix_basis": [
          [
            0.9998433589935303,
            0.0014757480239495635,
            -0.017639078199863434,
            0.0
          ],
          [
            -0.0031952394638210535,
            0.9951955080032349,
            -0.09785552322864532,
            0.0
          ],
          [
            0.017409920692443848,
            0.09789655357599258,
            0.9950442910194397,
            0.0
          ],
          [
            0.0,
            0.0,
            0.0,
            1.0
          ]
        ],
        "rotation_mode": "QUATERNION"
      },
      "armature_space": {
        "head": {
          "x": 0.3791393041610718,
          "y": 0.014089095406234264,
          "z": -0.11960737407207489
        },
        "tail": {
          "x": 0.3860219717025757,
          "y": 0.014721759594976902,
          "z": -0.14431217312812805
        }
      },
      "world_space": {
        "head": {
          "x": 0.3791393041610718,
          "y": 0.07733309268951416,
          "z": 0.83024662733078
        },
        "tail": {
          "x": 0.3860219717025757,
          "y": 0.07796575874090195,
          "z": 0.8055418729782104
        },
        "rotation_quaternion": {
          "w": 0.12284456193447113,
          "x": 0.06918193399906158,
          "y": 0.7051528096199036,
          "z": -0.6948976516723633
        },
        "matrix": [
          [
            -0.9602463841438293,
            0.26829642057418823,
            0.07709798216819763,
            0.3791393041610718
          ],
          [
            -0.07315938174724579,
            0.024662122130393982,
            -0.9970154166221619,
            0.07733309268951416
          ],
          [
            -0.2693989872932434,
            -0.96302729845047,
            -0.0040543898940086365,
            0.83024662733078
          ],
          [
            0.0,
            0.0,
            0.0,
            1.0
          ]
        ]
      },
      "bone_length_armature_space": 0.025653430391378552,
      "parent": "index_01_l",
      "has_children": true,
      "is_end_bone": false
    },
    "index_03_l": {
      "name": "index_03_l",
      "local": {
        "location": {
          "x": 0.0,
          "y": 0.0,
          "z": 0.0
        },
        "rotation_quaternion": {
          "w": 0.9988974928855896,
          "x": 0.046892791986465454,
          "y": -0.0008694445714354515,
          "z": -0.0020565777085721493
        },
        "scale": {
          "x": 1.0,
          "y": 1.0,
          "z": 1.0
        },
        "matrix_basis": [
          [
            0.9999900460243225,
            0.004027079325169325,
            -0.00192984938621521,
            0.0
          ],
          [
            -0.004190161824226379,
            0.9955936670303345,
            -0.09367860853672028,
            0.0
          ],
          [
            0.0015440946444869041,
            0.09368576109409332,
            0.9956006407737732,
            0.0
          ],
          [
            0.0,
            0.0,
            0.0,
            1.0
          ]
        ],
        "rotation_mode": "QUATERNION"
      },
      "armature_space": {
        "head": {
          "x": 0.38602200150489807,
          "y": 0.014721902087330818,
          "z": -0.14431215822696686
        },
        "tail": {
          "x": 0.39127543568611145,
          "y": 0.00995593424886465,
          "z": -0.17265699803829193
        }
      },
      "world_space": {
        "head": {
          "x": 0.38602200150489807,
          "y": 0.07796590030193329,
          "z": 0.8055418729782104
        },
        "tail": {
          "x": 0.39127543568611145,
          "y": 0.07319993525743484,
          "z": 0.777197003364563
        },
        "rotation_quaternion": {
          "w": 0.05956146493554115,
          "x": 0.06934256106615067,
          "y": 0.6441241502761841,
          "z": -0.7594392895698547
        },
        "matrix": [
          [
            -0.9832881689071655,
            0.17979714274406433,
            -0.02859184890985489,
            0.38602200150489807
          ],
          [
            -0.001137379789724946,
            -0.16311371326446533,
            -0.9866067171096802,
            0.07796590030193329
          ],
          [
            -0.18205410242080688,
            -0.9700929522514343,
            0.16059231758117676,
            0.8055418729782104
          ],
          [
            0.0,
            0.0,
            0.0,
            1.0
          ]
        ]
      },
      "bone_length_armature_space": 0.0292188799539729,
      "parent": "index_02_l",
      "has_children": false,
      "is_end_bone": true
    },
    "metacarpal_pinky_l": {
      "name": "metacarpal_pinky_l",
      "local": {
        "location": {
          "x": 0.0,
          "y": 0.0,
          "z": 0.0
        },
        "rotation_quaternion": {
          "w": 0.9990583658218384,
          "x": -0.04056445509195328,
          "y": -0.015237425453960896,
          "z": -0.0022184266708791256
        },
        "scale": {
          "x": 1.0,
          "y": 1.0,
          "z": 1.0
        },
        "matrix_basis": [
          [
            0.999525785446167,
            0.005668871104717255,
            -0.030266176909208298,
            0.0
          ],
          [
            -0.0031964797526597977,
            0.9966992139816284,
            0.08112012594938278,
            0.0
          ],
          [
            0.03062613308429718,
            -0.08098491281270981,
            0.9962446689605713,
            0.0
          ],
          [
            0.0,
            0.0,
            0.0,
            1.0
          ]
        ],
        "rotation_mode": "QUATERNION"
      },
      "armature_space": {
        "head": {
          "x": 0.3000222444534302,
          "y": 0.04025263339281082,
          "z": -0.0035727322101593018
        },
        "tail": {
          "x": 0.315495103597641,
          "y": 0.036900632083415985,
          "z": -0.10649365931749344
        }
      },
      "world_space": {
        "head": {
          "x": 0.3000222444534302,
          "y": 0.10349663347005844,
          "z": 0.9462813138961792
        },
        "tail": {
          "x": 0.315495103597641,
          "y": 0.1001446321606636,
          "z": 0.8433603644371033
        },
        "rotation_quaternion": {
          "w": 0.6514753699302673,
          "x": -0.6278718709945679,
          "y": 0.2438960075378418,
          "z": -0.34910109639167786
        },
        "matrix": [
          [
            0.6372856497764587,
            0.14859072864055634,
            0.7561666369438171,
            0.3000222444534302
          ],
          [
            -0.7611329555511475,
            -0.03219031170010567,
            0.6477965712547302,
            0.10349663347005844
          ],
          [
            0.12059792131185532,
            -0.9883816242218018,
            0.09258414059877396,
            0.9462813138961792
          ],
          [
            0.0,
            0.0,
            0.0,
            1.0
          ]
        ]
      },
      "bone_length_armature_space": 0.10413146962237517,
      "parent": "lowerarm_l",
      "has_children": true,
      "is_end_bone": false
    },
    "pinky_01_l": {
      "name": "pinky_01_l",
      "local": {
        "location": {
          "x": 0.0,
          "y": 0.0,
          "z": 0.0
        },
        "rotation_quaternion": {
          "w": 0.9911636710166931,
          "x": -0.1307346522808075,
          "y": -0.015817716717720032,
          "z": 0.015904253348708153
        },
        "scale": {
          "x": 1.0,
          "y": 1.0,
          "z": 1.0
        },
        "matrix_basis": [
          [
            0.9989936947822571,
            -0.0273915883153677,
            -0.03551436588168144,
            0.0
          ],
          [
            0.03566328436136246,
            0.9653109908103943,
            0.25865572690963745,
            0.0
          ],
          [
            0.027197418734431267,
            -0.259662002325058,
            0.9653164744377136,
            0.0
          ],
          [
            0.0,
            0.0,
            0.0,
            1.0
          ]
        ],
        "rotation_mode": "QUATERNION"
      },
      "armature_space": {
        "head": {
          "x": 0.315495103597641,
