{
  "metadata": {
    "armature_name": "KIM_caucasian_male",
    "export_time": "2026-01-13T21:16:04.750227",
    "blender_version": "4.4.1",
    "bone_count": 56,
    "end_bone_count": 13,
    "spaces_included": [
      "LOCAL_CHANNELS",
      "ARMATURE_SPACE",
      "WORLD_SPACE"
    ],
    "note": "LOCAL matches Transform panel; replay pose via local.matrix_basis for best fidelity."
  },
  "bones": {
    "Root": {
      "name": "Root",
      "local": {
        "location": {
          "x": 0.0,
          "y": 0.0,
          "z": 0.0
        },
        "rotation_quaternion": {
          "w": 0.9997676610946655,
          "x": 0.019109534099698067,
          "y": 0.007878364995121956,
          "z": 0.006129660177975893
        },
        "scale": {
          "x": 1.0,
          "y": 1.0,
          "z": 1.0
        },
        "matrix_basis": [
          [
            0.9998007416725159,
            -0.01195536833256483,
            0.01598733849823475,
            0.0
          ],
          [
            0.012557575479149818,
            0.9991945028305054,
            -0.03811360523104668,
            0.0
          ],
          [
            -0.015518799424171448,
            0.03830677270889282,
            0.9991455078125,
            0.0
          ],
          [
            0.0,
            0.0,
            0.0,
            1.0
          ]
        ],
        "rotation_mode": "QUATERNION"
      },
      "armature_space": {
        "head": {
          "x": 0.0,
          "y": 0.07072800397872925,
          "z": -0.009595036506652832
        },
        "tail": {
          "x": -0.0008533248328603804,
          "y": -0.0003105849027633667,
          "z": -0.002717109862715006
        }
      },
      "world_space": {
        "head": {
          "x": 0.0,
          "y": 0.13397200405597687,
          "z": 0.9402589797973633
        },
        "tail": {
          "x": -0.0008533248328603804,
          "y": 0.06293341517448425,
          "z": 0.9471368789672852
        },
        "rotation_quaternion": {
          "w": 0.04828586429357529,
          "x": 0.9987837076187134,
          "y": -0.005584985949099064,
          "z": 0.008273407816886902
        },
        "matrix": [
          [
            0.9998007416725159,
            -0.01195536833256483,
            0.01598733849823475,
            0.0
          ],
          [
            -0.010357405059039593,
            -0.995274543762207,
            -0.09654716402292252,
            0.13397200405597687
          ],
          [
            0.01706615835428238,
            0.09636206924915314,
            -0.9952070713043213,
            0.9402589797973633
          ],
          [
            0.0,
            0.0,
            0.0,
            1.0
          ]
        ]
      },
      "bone_length_armature_space": 0.07137587341143571,
      "parent": null,
      "has_children": true,
      "is_end_bone": false
    },
    "spine_01": {
      "name": "spine_01",
      "local": {
        "location": {
          "x": 0.0,
          "y": 0.0,
          "z": 0.0
        },
        "rotation_quaternion": {
          "w": 0.9983469247817993,
          "x": -0.001766408677212894,
          "y": 0.03563176095485687,
          "z": -0.04506303742527962
        },
        "scale": {
          "x": 1.0,
          "y": 1.0,
          "z": 1.0
        },
        "matrix_basis": [
          [
            0.9933993816375732,
            0.08985120803117752,
            0.07130491733551025,
            0.0
          ],
          [
            -0.09010297060012817,
            0.995932400226593,
            0.00031562658841721714,
            0.0
          ],
          [
            -0.07098651677370071,
            -0.006738327909260988,
            0.9974545240402222,
            0.0
          ],
          [
            0.0,
            0.0,
            0.0,
            1.0
          ]
        ],
        "rotation_mode": "QUATERNION"
      },
      "armature_space": {
        "head": {
          "x": -0.0008533248328603804,
          "y": -0.0003105849027633667,
          "z": -0.002717109862715006
        },
        "tail": {
          "x": 0.03476884588599205,
          "y": 0.0067125726491212845,
          "z": 0.48393499851226807
        }
      },
      "world_space": {
        "head": {
          "x": -0.0008533248328603804,
          "y": 0.06293341517448425,
          "z": 0.9471368789672852
        },
        "tail": {
          "x": 0.03476884588599205,
          "y": 0.06995657086372375,
          "z": 1.4337890148162842
        },
        "rotation_quaternion": {
          "w": 0.7106019854545593,
          "x": 0.7019851803779602,
          "y": 0.047333963215351105,
          "z": -0.004602148197591305
        },
        "matrix": [
          [
            0.9954766631126404,
            0.07299607247114182,
            0.060809455811977386,
            -0.0008533248328603804
          ],
          [
            0.059914376586675644,
            0.014391680248081684,
            -0.9980998039245605,
            0.06293341517448425
          ],
          [
            -0.07373297214508057,
            0.9972354173660278,
            0.009952225722372532,
            0.9471368789672852
          ],
          [
            0.0,
            0.0,
            0.0,
            1.0
          ]
        ]
      },
      "bone_length_armature_space": 0.48800465478185256,
      "parent": "Root",
      "has_children": true,
      "is_end_bone": false
    },
    "neck_01": {
      "name": "neck_01",
      "local": {
        "location": {
          "x": 0.0,
          "y": 0.0,
          "z": 0.0
        },
        "rotation_quaternion": {
          "w": 0.990359365940094,
          "x": -0.06488590687513351,
          "y": -0.012670549564063549,
          "z": -0.12172792851924896
        },
        "scale": {
          "x": 1.0,
          "y": 1.0,
          "z": 1.0
        },
        "matrix_basis": [
          [
            0.9700435400009155,
            0.2427530735731125,
            -0.009299940429627895,
            0.0
          ],
          [
            -0.23946450650691986,
            0.9619442820549011,
            0.13160544633865356,
            0.0
          ],
          [
            0.04089364781975746,
            -0.12543600797653198,
            0.9912585616111755,
            0.0
          ],
          [
            0.0,
            0.0,
            0.0,
            1.0
          ]
        ],
        "rotation_mode": "QUATERNION"
      },
      "armature_space": {
        "head": {
          "x": 0.042222410440444946,
          "y": -0.02684823051095009,
          "z": 0.5572962164878845
        },
        "tail": {
          "x": 0.07559138536453247,
          "y": -0.04953433573246002,
          "z": 0.6515437364578247
        }
      },
      "world_space": {
        "head": {
          "x": 0.042222410440444946,
          "y": 0.03639576956629753,
          "z": 1.5071501731872559
        },
        "tail": {
          "x": 0.07559138536453247,
          "y": 0.013709664344787598,
          "z": 1.6013977527618408
        },
        "rotation_quaternion": {
          "w": 0.60830157995224,
          "x": 0.77621990442276,
          "y": 0.13902580738067627,
          "z": -0.09013107419013977
        },
        "matrix": [
          [
            0.9450963139533997,
            0.32548320293426514,
            0.029217872768640518,
            0.042222410440444946
          ],
          [
            0.1061771959066391,
            -0.2212817668914795,
            -0.9694127440452576,
            0.03639576956629753
          ],
          [
            -0.30906420946121216,
            0.9192967414855957,
            -0.24369411170482635,
            1.5071501731872559
          ],
          [
            0.0,
            0.0,
            0.0,
            1.0
          ]
        ]
      },
      "bone_length_armature_space": 0.1025219150805855,
      "parent": "spine_01",
      "has_children": true,
      "is_end_bone": false
    },
    "head": {
      "name": "head",
      "local": {
        "location": {
          "x": 0.0,
          "y": 0.0,
          "z": 0.0
        },
        "rotation_quaternion": {
          "w": 0.9857815504074097,
          "x": -0.07618998736143112,
          "y": 0.13196007907390594,
          "z": -0.07082725316286087
        },
        "scale": {
          "x": 1.0,
          "y": 1.0,
          "z": 1.0
        },
        "matrix_basis": [
          [
            0.9551400542259216,
            0.11953232437372208,
            0.27096027135849,
            0.0
          ],
          [
            -0.15974847972393036,
            0.978357195854187,
            0.13152062892913818,
            0.0
          ],
          [
            -0.24937497079372406,
            -0.168906107544899,
            0.9535632729530334,
            0.0
          ],
          [
            0.0,
            0.0,
            0.0,
            1.0
          ]
        ],
        "rotation_mode": "QUATERNION"
      },
      "armature_space": {
        "head": {
          "x": 0.07559136301279068,
          "y": -0.04953446984291077,
          "z": 0.6515436172485352
        },
        "tail": {
          "x": 0.13375581800937653,
          "y": 2.0075589418411255e-05,
          "z": 0.7865046858787537
        }
      },
      "world_space": {
        "head": {
          "x": 0.07559136301279068,
          "y": 0.013709530234336853,
          "z": 1.6013976335525513
        },
        "tail": {
          "x": 0.13375581800937653,
          "y": 0.06326407194137573,
          "z": 1.736358642578125
        },
        "rotation_quaternion": {
          "w": 0.7554213404655457,
          "x": 0.5830278992652893,
          "y": 0.29849323630332947,
          "z": -0.017855504527688026
        },
        "matrix": [
          [
            0.8211668729782104,
            0.37503623962402344,
            0.4301544427871704,
            0.07559136301279068
          ],
          [
            0.3210807740688324,
            0.3195207715034485,
            -0.8915234208106995,
            0.013709530234336853
          ],
          [
            -0.4717997908592224,
            0.8702101707458496,
            0.14196310937404633,
            1.6013976335525513
          ],
          [
            0.0,
            0.0,
            0.0,
            1.0
          ]
        ]
      },
      "bone_length_armature_space": 0.15509109241670002,
      "parent": "neck_01",
      "has_children": false,
      "is_end_bone": true
    },
    "upperarm_l": {
      "name": "upperarm_l",
      "local": {
        "location": {
          "x": 0.0,
          "y": 0.0,
          "z": 0.0
        },
        "rotation_quaternion": {
          "w": 0.9790297746658325,
          "x": 0.12430712580680847,
          "y": 0.02548922225832939,
          "z": 0.1593700498342514
        },
        "scale": {
          "x": 1.0,
          "y": 1.0,
          "z": 1.0
        },
        "matrix_basis": [
          [
            0.9479029774665833,
            -0.3057190775871277,
            0.0895310789346695,
            0.0
          ],
          [
            0.3183930218219757,
            0.9182978272438049,
            -0.23527631163597107,
            0.0
          ],
          [
            -0.010287749581038952,
            0.2515251934528351,
            0.9677960872650146,
            0.0
          ],
          [
            0.0,
            0.0,
            0.0,
            1.0
          ]
        ],
        "rotation_mode": "QUATERNION"
      },
      "armature_space": {
        "head": {
          "x": 0.18683195114135742,
          "y": -0.022011373192071915,
          "z": 0.47924602031707764
        },
        "tail": {
          "x": 0.4450920820236206,
          "y": -0.06548105180263519,
          "z": 0.5359888076782227
        }
      },
      "world_space": {
        "head": {
          "x": 0.18683195114135742,
          "y": 0.041232626885175705,
          "z": 1.4291000366210938
        },
        "tail": {
          "x": 0.4450920820236206,
          "y": -0.0022370517253875732,
          "z": 1.4858428239822388
        },
        "rotation_quaternion": {
          "w": 0.4940717816352844,
          "x": 0.605818510055542,
          "y": 0.41807159781455994,
          "z": -0.4627021849155426
        },
        "matrix": [
          [
            0.2222452461719513,
            0.9637671709060669,
            -0.14751234650611877,
            0.18683195114135742
          ],
          [
            0.04933574050664902,
            -0.16221880912780762,
            -0.9855208396911621,
            0.041232626885175705
          ],
          [
            -0.9737485647201538,
            0.21175098419189453,
            -0.08360198885202408,
            1.4291000366210938
          ],
          [
            0.0,
            0.0,
            0.0,
            1.0
          ]
        ]
      },
      "bone_length_armature_space": 0.26796950350243975,
      "parent": "spine_01",
      "has_children": true,
      "is_end_bone": false
    },
    "lowerarm_l": {
      "name": "lowerarm_l",
      "local": {
        "location": {
          "x": 0.0,
          "y": 0.0,
          "z": 0.0
        },
        "rotation_quaternion": {
          "w": 0.9151991605758667,
          "x": 0.3940010070800781,
          "y": 0.004032602533698082,
          "z": 0.08460316061973572
        },
        "scale": {
          "x": 1.0,
          "y": 1.0,
          "z": 1.0
        },
        "matrix_basis": [
          [
            0.9856520891189575,
            -0.15167978405952454,
            0.0740487277507782,
            0.0
          ],
          [
            0.15803518891334534,
            0.6752110123634338,
            -0.720496416091919,
            0.0
          ],
          [
            0.05928619205951691,
            0.7218611240386963,
            0.6894938945770264,
            0.0
          ],
          [
            0.0,
            0.0,
            0.0,
            1.0
          ]
        ],
        "rotation_mode": "QUATERNION"
      },
      "armature_space": {
        "head": {
          "x": 0.4450921416282654,
          "y": -0.06548112630844116,
          "z": 0.5359889268875122
        },
        "tail": {
          "x": 0.5444847345352173,
          "y": -0.29603010416030884,
          "z": 0.6283887028694153
        }
      },
      "world_space": {
        "head": {
          "x": 0.4450921416282654,
          "y": -0.0022371262311935425,
          "z": 1.4858429431915283
        },
        "tail": {
          "x": 0.5444847345352173,
          "y": -0.23278610408306122,
          "z": 1.5782427787780762
        },
        "rotation_quaternion": {
          "w": 0.2572568655014038,
          "x": 0.7882686853408813,
          "y": 0.05409221351146698,
          "z": -0.5563501119613647
        },
        "matrix": [
          [
            0.37509769201278687,
            0.3715270757675171,
            -0.8492756485939026,
            0.4450921416282654
          ],
          [
            -0.20097118616104126,
            -0.8617865443229675,
            -0.46576279401779175,
            -0.0022371262311935425
          ],
          [
            -0.9049442410469055,
            0.3453880548477173,
            -0.24858993291854858,
            1.4858429431915283
          ],
          [
            0.0,
            0.0,
            0.0,
            1.0
          ]
        ]
      },
      "bone_length_armature_space": 0.2675246460230635,
      "parent": "upperarm_l",
      "has_children": true,
      "is_end_bone": false
    },
    "metacarpal_thumb_l": {
      "name": "metacarpal_thumb_l",
      "local": {
        "location": {
          "x": 0.0,
          "y": 0.0,
          "z": 0.0
        },
        "rotation_quaternion": {
          "w": 0.999391496181488,
          "x": -0.03228288143873215,
          "y": 0.012068970128893852,
          "z": 0.005366167984902859
        },
        "scale": {
          "x": 1.0,
          "y": 1.0,
          "z": 1.0
        },
        "matrix_basis": [
          [
            0.9996510744094849,
            -0.011505047790706158,
            0.02377678081393242,
            0.0
          ],
          [
            0.00994656328111887,
            0.9978580474853516,
            0.06465600430965424,
            0.0
          ],
          [
            -0.02446972206234932,
            -0.0643969476222992,
            0.9976243376731873,
            0.0
          ],
          [
            0.0,
            0.0,
            0.0,
            1.0
          ]
        ],
        "rotation_mode": "QUATERNION"
      },
      "armature_space": {
        "head": {
          "x": 0.5444847345352173,
          "y": -0.29603010416030884,
          "z": 0.6283887028694153
        },
        "tail": {
          "x": 0.5360348224639893,
          "y": -0.3448299467563629,
          "z": 0.629259467124939
        }
      },
      "world_space": {
        "head": {
          "x": 0.5444847345352173,
          "y": -0.23278610408306122,
          "z": 1.5782427787780762
        },
        "tail": {
          "x": 0.5360348224639893,
          "y": -0.2815859317779541,
          "z": 1.579113483428955
        },
        "rotation_quaternion": {
          "w": 0.02441103383898735,
          "x": 0.9793091416358948,
          "y": -0.08253085613250732,
          "z": 0.1831568330526352
        },
        "matrix": [
          [
            0.9192842841148376,
            -0.17058874666690826,
            0.35470500588417053,
            0.5444847345352173
          ],
          [
            -0.15270423889160156,
            -0.9851855635643005,
            -0.07804471254348755,
            -0.23278610408306122
          ],
          [
            0.3627661168575287,
            0.017579566687345505,
            -0.9317219257354736,
            1.5782427787780762
          ],
          [
            0.0,
            0.0,
            0.0,
            1.0
          ]
        ]
      },
      "bone_length_armature_space": 0.04953366430428654,
      "parent": "lowerarm_l",
      "has_children": true,
      "is_end_bone": false
    },
    "thumb_01_l": {
      "name": "thumb_01_l",
      "local": {
        "location": {
          "x": 0.0,
          "y": 0.0,
          "z": 0.0
        },
        "rotation_quaternion": {
          "w": 0.9997778534889221,
          "x": 0.009295377880334854,
          "y": -0.0021450240164995193,
          "z": 0.01879705674946308
        },
        "scale": {
          "x": 1.0,
          "y": 1.0,
          "z": 1.0
        },
        "matrix_basis": [
          [
            0.9992841482162476,
            -0.037625640630722046,
            -0.003939643502235413,
            0.0
          ],
          [
            0.037545885890722275,
            0.9991205334663391,
            -0.01866726577281952,
            0.0
          ],
          [
            0.004638546612113714,
            0.018505984917283058,
            0.999817967414856,
            0.0
          ],
          [
            0.0,
            0.0,
            0.0,
            1.0
          ]
        ],
        "rotation_mode": "QUATERNION"
      },
      "armature_space": {
        "head": {
          "x": 0.5360348224639893,
          "y": -0.3448299467563629,
          "z": 0.629259467124939
        },
        "tail": {
          "x": 0.538418710231781,
          "y": -0.3675636649131775,
          "z": 0.6040378212928772
        }
      },
      "world_space": {
        "head": {
          "x": 0.5360348224639893,
          "y": -0.2815859317779541,
          "z": 1.579113483428955
        },
        "tail": {
          "x": 0.538418710231781,
          "y": -0.30431967973709106,
          "z": 1.553891897201538
        },
        "rotation_quaternion": {
          "w": 0.2558688819408417,
          "x": -0.503971517086029,
          "y": 0.3171609938144684,
          "z": -0.76154625415802
        },
        "matrix": [
          [
            -0.361088365316391,
            0.07003428786993027,
            0.9298980236053467,
            0.5360348224639893
          ],
          [
            -0.7093921303749084,
            -0.6678805947303772,
            -0.22516313195228577,
            -0.2815859317779541
          ],
          [
            0.6052953004837036,
            -0.7409719824790955,
            0.29084742069244385,
            1.579113483428955
          ],
          [
            0.0,
            0.0,
            0.0,
            1.0
          ]
        ]
      },
      "bone_length_armature_space": 0.034038746842653816,
      "parent": "metacarpal_thumb_l",
      "has_children": true,
      "is_end_bone": false
    },
    "thumb_02_l": {
      "name": "thumb_02_l",
      "local": {
        "location": {
          "x": 0.0,
          "y": 0.0,
          "z": 0.0
        },
        "rotation_quaternion": {
          "w": 0.9957131147384644,
          "x": 0.09220670163631439,
          "y": 0.0053874421864748,
          "z": 0.004943396896123886
        },
        "scale": {
          "x": 1.0,
          "y": 1.0,
          "z": 1.0
        },
        "matrix_basis": [
          [
            0.999893069267273,
            -0.008850893937051296,
            0.011640322394669056,
            0.0
          ],
          [
            0.010837926529347897,
            0.9829469919204712,
            -0.18356958031654358,
            0.0
          ],
          [
            -0.009817064739763737,
            0.1836761087179184,
            0.9829378128051758,
            0.0
          ],
          [
            0.0,
            0.0,
            0.0,
            1.0
          ]
        ],
        "rotation_mode": "QUATERNION"
      },
      "armature_space": {
        "head": {
          "x": 0.5384186506271362,
          "y": -0.3675636053085327,
          "z": 0.6040378212928772
        },
        "tail": {
          "x": 0.5549097657203674,
          "y": -0.4012331962585449,
          "z": 0.6184455752372742
        }
      },
      "world_space": {
        "head": {
          "x": 0.5384186506271362,
          "y": -0.3043196201324463,
          "z": 1.553891897201538
        },
        "tail": {
          "x": 0.5549097657203674,
          "y": -0.3379892110824585,
          "z": 1.5682995319366455
        },
        "rotation_quaternion": {
          "w": 0.1889297217130661,
          "x": -0.12046587467193604,
          "y": -0.21250510215759277,
          "z": -0.9511231184005737
        },
        "matrix": [
          [
            -0.899587094783783,
            0.4105902314186096,
            0.14885804057121277,
            0.5384186506271362
          ],
          [
            -0.3081918954849243,
            -0.8382940292358398,
            0.4497566819190979,
            -0.3043196201324463
          ],
          [
            0.30945447087287903,
            0.35872015357017517,
            0.8806655406951904,
            1.553891897201538
          ],
          [
            0.0,
            0.0,
            0.0,
            1.0
          ]
        ]
      },
      "bone_length_armature_space": 0.04016443194807426,
      "parent": "thumb_01_l",
      "has_children": true,
      "is_end_bone": false
    },
    "thumb_03_l": {
      "name": "thumb_03_l",
      "local": {
        "location": {
          "x": 0.0,
          "y": 0.0,
          "z": 0.0
        },
        "rotation_quaternion": {
          "w": 0.9968379735946655,
          "x": 0.07921572029590607,
          "y": -0.005289731081575155,
          "z": -0.003314599394798279
        },
        "scale": {
          "x": 1.0,
          "y": 1.0,
          "z": 1.0
        },
        "matrix_basis": [
          [
            0.9999220371246338,
            0.0057701775804162025,
            -0.011071146465837955,
            0.0
          ],
          [
            -0.007446296978741884,
            0.9874277710914612,
            -0.15789541602134705,
            0.0
          ],
          [
            0.010020872578024864,
            0.1579655408859253,
            0.9873937964439392,
            0.0
          ],
          [
            0.0,
            0.0,
            0.0,
            1.0
          ]
        ],
        "rotation_mode": "QUATERNION"
      },
      "armature_space": {
        "head": {
          "x": 0.5549097061157227,
          "y": -0.4012331962585449,
          "z": 0.6184455156326294
        },
        "tail": {
          "x": 0.570655345916748,
          "y": -0.41795870661735535,
          "z": 0.6384262442588806
        }
      },
      "world_space": {
        "head": {
          "x": 0.5549097061157227,
          "y": -0.3379892110824585,
          "z": 1.5682995319366455
        },
        "tail": {
          "x": 0.570655345916748,
          "y": -0.35471469163894653,
          "z": 1.588280200958252
        },
        "rotation_quaternion": {
          "w": 0.32756099104881287,
          "x": 0.08277631551027298,
          "y": -0.3435381054878235,
          "z": -0.8762611150741577
        },
        "matrix": [
          [
            -0.7717030048370361,
            0.5171844363212585,
            -0.37012779712677,
            0.5549097061157227
          ],
          [
            -0.6309325695037842,
            -0.5493702292442322,
            0.5478291511535645,
            -0.3379892110824585
          ],
          [
            0.07999154925346375,
            0.6562910676002502,
            0.7502649426460266,
            1.5682995319366455
          ],
          [
            0.0,
            0.0,
            0.0,
            1.0
          ]
        ]
      },
      "bone_length_armature_space": 0.03044498966007696,
      "parent": "thumb_02_l",
      "has_children": false,
      "is_end_bone": true
    },
    "metacarpal_index_l": {
      "name": "metacarpal_index_l",
      "local": {
        "location": {
          "x": 0.0,
          "y": 0.0,
          "z": 0.0
        },
        "rotation_quaternion": {
          "w": 0.998487114906311,
          "x": -0.05131484195590019,
          "y": 0.013701600022614002,
          "z": 0.01423204131424427
        },
        "scale": {
          "x": 1.0,
          "y": 1.0,
          "z": 1.0
        },
        "matrix_basis": [
          [
            0.9992194175720215,
            -0.029827211052179337,
            0.02590111270546913,
            0.0
          ],
          [
            0.027014829218387604,
            0.994328498840332,
            0.10286442190408707,
            0.0
          ],
          [
            -0.02882237173616886,
            -0.10208441317081451,
            0.9943581223487854,
            0.0
          ],
          [
            0.0,
            0.0,
            0.0,
            1.0
          ]
        ],
        "rotation_mode": "QUATERNION"
      },
      "armature_space": {
        "head": {
          "x": 0.5444847345352173,
          "y": -0.29603010416030884,
          "z": 0.6283887028694153
        },
        "tail": {
          "x": 0.5571519136428833,
          "y": -0.4067162573337555,
          "z": 0.664683997631073
        }
      },
      "world_space": {
        "head": {
          "x": 0.5444847345352173,
          "y": -0.23278610408306122,
          "z": 1.5782427787780762
        },
        "tail": {
          "x": 0.5571519136428833,
          "y": -0.3434722423553467,
          "z": 1.6145379543304443
        },
        "rotation_quaternion": {
          "w": 0.16215763986110687,
          "x": 0.980045735836029,
          "y": 0.03715445473790169,
          "z": -0.10878784209489822
        },
        "matrix": [
          [
            0.9735694527626038,
            0.10810766369104385,
            -0.20118418335914612,
            0.5444847345352173
          ],
          [
            0.03754466027021408,
            -0.9446489810943604,
            -0.3259282410144806,
            -0.23278610408306122
          ],
          [
            -0.2252853661775589,
            0.3097616136074066,
            -0.9237469434738159,
            1.5782427787780762
          ],
          [
            0.0,
            0.0,
            0.0,
            1.0
          ]
        ]
      },
      "bone_length_armature_space": 0.11717179896055989,
      "parent": "lowerarm_l",
      "has_children": true,
      "is_end_bone": false
    },
    "index_01_l": {
      "name": "index_01_l",
      "local": {
        "location": {
          "x": 0.0,
          "y": 0.0,
          "z": 0.0
        },
        "rotation_quaternion": {
          "w": 0.9966695308685303,
          "x": -0.08064772188663483,
          "y": 0.009826300665736198,
          "z": 0.00701642083004117
        },
        "scale": {
          "x": 1.0,
          "y": 1.0,
          "z": 1.0
        },
        "matrix_basis": [
          [
            0.9997084140777588,
            -0.015571042895317078,
            0.01845543272793293,
            0.0
          ],
          [
            0.01240116823464632,
            0.9868934154510498,
            0.1608961522579193,
            0.0
          ],
          [
            -0.02071886509656906,
            -0.16062036156654358,
            0.9867987632751465,
            0.0
          ],
          [
            0.0,
            0.0,
            0.0,
            1.0
          ]
        ],
        "rotation_mode": "QUATERNION"
      },
      "armature_space": {
        "head": {
          "x": 0.5571519136428833,
          "y": -0.4067162573337555,
          "z": 0.664683997631073
        },
        "tail": {
          "x": 0.5703713297843933,
          "y": -0.42800968885421753,
          "z": 0.6782821416854858
        }
      },
      "world_space": {
        "head": {
          "x": 0.5571519136428833,
          "y": -0.3434722423553467,
          "z": 1.6145379543304443
        },
        "tail": {
          "x": 0.5703713297843933,
          "y": -0.3647657036781311,
          "z": 1.628136157989502
        },
        "rotation_quaternion": {
          "w": 0.27725690603256226,
          "x": 0.9304380416870117,
          "y": 0.22304239869117737,
          "z": -0.08755456656217575
        },
        "matrix": [
          [
            0.8851724863052368,
            0.46360456943511963,
            -0.03924720734357834,
            0.5571519136428833
          ],
          [
            0.3665047287940979,
            -0.74676114320755,
            -0.5549979209899902,
            -0.3434722423553467
          ],
          [
            -0.2866095304489136,
            0.4768871068954468,
            -0.8309319019317627,
            1.6145379543304443
          ],
          [
            0.0,
            0.0,
            0.0,
            1.0
          ]
        ]
      },
      "bone_length_armature_space": 0.028514430065136036,
      "parent": "metacarpal_index_l",
      "has_children": true,
      "is_end_bone": false
    },
    "index_02_l": {
      "name": "index_02_l",
      "local": {
        "location": {
          "x": 0.0,
          "y": 0.0,
          "z": 0.0
        },
        "rotation_quaternion": {
          "w": 0.9998921751976013,
          "x": 0.012251860462129116,
          "y": -0.008102186024188995,
          "z": 0.00012575859727803618
        },
        "scale": {
          "x": 1.0,
          "y": 1.0,
          "z": 1.0
        },
        "matrix_basis": [
          [
            0.9998686909675598,
            -0.0004500237700995058,
            -0.016199544072151184,
            0.0
          ],
          [
            5.2956369472667575e-05,
            0.9996997714042664,
            -0.02450311742722988,
            0.0
          ],
          [
            0.01620570570230484,
            0.024499040096998215,
            0.999568521976471,
            0.0
          ],
          [
            0.0,
            0.0,
            0.0,
            1.0
          ]
        ],
        "rotation_mode": "QUATERNION"
      },
      "armature_space": {
        "head": {
          "x": 0.5703712701797485,
          "y": -0.4280102252960205,
          "z": 0.6782821416854858
        },
        "tail": {
          "x": 0.582928478717804,
          "y": -0.44674038887023926,
          "z": 0.6905128359794617
        }
      },
      "world_space": {
        "head": {
          "x": 0.5703712701797485,
          "y": -0.3647662401199341,
          "z": 1.628136157989502
        },
        "tail": {
          "x": 0.582928478717804,
          "y": -0.38349640369415283,
          "z": 1.640366792678833
        },
        "rotation_quaternion": {
          "w": 0.29015523195266724,
          "x": 0.9211937189102173,
          "y": 0.2252688854932785,
          "z": -0.12832011282444
        },
        "matrix": [
          [
            0.8655756711959839,
            0.48949822783470154,
            -0.10568846762180328,
            0.5703712701797485
          ],
          [
            0.34056782722473145,
            -0.7301275134086609,
            -0.5923919081687927,
            -0.3647662401199341
          ],
          [
            -0.36714306473731995,
            0.47676846385002136,
            -0.7986939549446106,
            1.628136157989502
          ],
          [
            0.0,
            0.0,
            0.0,
            1.0
          ]
        ]
      },
      "bone_length_armature_space": 0.025653311571560967,
      "parent": "index_01_l",
      "has_children": true,
      "is_end_bone": false
    },
    "index_03_l": {
      "name": "index_03_l",
      "local": {
        "location": {
          "x": 0.0,
          "y": 0.0,
          "z": 0.0
        },
        "rotation_quaternion": {
          "w": 0.9999630451202393,
          "x": 0.0024724940303713083,
          "y": -0.0074669308960437775,
          "z": 0.0034954689908772707
        },
        "scale": {
          "x": 1.0,
          "y": 1.0,
          "z": 1.0
        },
        "matrix_basis": [
          [
            0.9998640418052673,
            -0.0070276036858558655,
            -0.01491602510213852,
            0.0
          ],
          [
            0.006953755859285593,
            0.9999633431434631,
            -0.00499700615182519,
            0.0
          ],
          [
            0.014950594864785671,
            0.004892604425549507,
            0.9998762607574463,
            0.0
          ],
          [
            0.0,
            0.0,
            0.0,
            1.0
          ]
        ],
        "rotation_mode": "QUATERNION"
      },
      "armature_space": {
        "head": {
          "x": 0.582928478717804,
          "y": -0.4467402994632721,
          "z": 0.6905129551887512
        },
        "tail": {
          "x": 0.5989553928375244,
          "y": -0.4686851501464844,
          "z": 0.7012504935264587
        }
      },
      "world_space": {
        "head": {
          "x": 0.582928478717804,
          "y": -0.3834962844848633,
          "z": 1.640367031097412
        },
        "tail": {
          "x": 0.5989553928375244,
          "y": -0.40544116497039795,
          "z": 1.65110445022583
        },
        "rotation_quaternion": {
          "w": 0.2337481528520584,
          "x": 0.9273181557655334,
          "y": 0.2642615735530853,
          "z": -0.12493547052145004
        },
        "matrix": [
          [
            0.8291138410568237,
            0.548516035079956,
            -0.10816766321659088,
            0.582928478717804
          ],
          [
            0.43170276284217834,
            -0.7510550022125244,
            -0.4995495676994324,
            -0.3834962844848633
          ],
          [
            -0.35525286197662354,
            0.3674889802932739,
            -0.8595123291015625,
            1.640367031097412
          ],
          [
            0.0,
            0.0,
            0.0,
            1.0
          ]
        ]
      },
      "bone_length_armature_space": 0.029218712864011672,
      "parent": "index_02_l",
      "has_children": false,
      "is_end_bone": true
    },
    "metacarpal_pinky_l": {
      "name": "metacarpal_pinky_l",
      "local": {
        "location": {
          "x": 0.0,
          "y": 0.0,
          "z": 0.0
        },
        "rotation_quaternion": {
          "w": 0.9991093873977661,
          "x": -0.0406012199819088,
          "y": 0.009647252969443798,
          "z": 0.006248618476092815
        },
        "scale": {
          "x": 1.0,
          "y": 1.0,
          "z": 1.0
        },
        "matrix_basis": [
          [
            0.9997357726097107,
            -0.013269486837089062,
            0.018769919872283936,
            0.0
          ],
          [
            0.01170272659510374,
            0.9966250061988831,
            0.08125068247318268,
            0.0
          ],
          [
            -0.019784724339842796,
            -0.08100955933332443,
            0.9965169429779053,
            0.0
          ],
          [
            0.0,
            0.0,
            0.0,
            1.0
          ]
        ],
        "rotation_mode": "QUATERNION"
      },
      "armature_space": {
        "head": {
          "x": 0.5444847345352173,
          "y": -0.29603010416030884,
          "z": 0.6283887028694153
        },
        "tail": {
          "x": 0.6135807633399963,
          "y": -0.36566662788391113,
          "z": 0.6633132696151733
        }
      },
      "world_space": {
        "head": {
          "x": 0.5444847345352173,
          "y": -0.23278610408306122,
          "z": 1.5782427787780762
        },
        "tail": {
          "x": 0.6135807633399963,
          "y": -0.3024226427078247,
          "z": 1.6131672859191895
        },
        "rotation_quaternion": {
          "w": 0.39980548620224,
          "x": 0.25243860483169556,
          "y": -0.07605820894241333,
          "z": -0.8778641223907471
        },
        "matrix": [
          [
            -0.5528600215911865,
            0.6635504961013794,
            -0.5040301084518433,
            0.5444847345352173
          ],
          [
            -0.7403505444526672,
            -0.6687410473823547,
            -0.06831631809473038,
            -0.23278610408306122
          ],
          [
            -0.38240012526512146,
            0.3353912830352783,
            0.8609858751296997,
            1.5782427787780762
          ],
          [
            0.0,
            0.0,
            0.0,
            1.0
          ]
        ]
      },
      "bone_length_armature_space": 0.10413084041152033,
      "parent": "lowerarm_l",
      "has_children": true,
      "is_end_bone": false
    },
    "pinky_01_l": {
      "name": "pinky_01_l",
      "local": {
        "location": {
          "x": 0.0,
          "y": 0.0,
          "z": 0.0
        },
        "rotation_quaternion": {
          "w": 0.9629732370376587,
          "x": 0.26910600066185,
          "y": 0.002449019579216838,
          "z": 0.01607772335410118
        },
        "scale": {
          "x": 1.0,
          "y": 1.0,
          "z": 1.0
        },
        "matrix_basis": [
          [
            0.9994710087776184,
            -0.029646743088960648,
            0.013369903899729252,
            0.0
          ],
          [
            0.03228292614221573,
            0.8546469211578369,
            -0.5182049870491028,
            0.0
          ],
          [
            0.003936543129384518,
            0.5183625221252441,
            0.8551519513130188,
            0.0
          ],
          [
            0.0,
            0.0,
            0.0,
            1.0
          ]
        ],
        "rotation_mode": "QUATERNION"
      },
      "armature_space": {
        "head": {
          "x": 0.6135807633399963,
          "y": -0.36566662788391113,
          "z": 0.6633132696151733
        },
        "tail": {
          "x": 0.6254556179046631,
