{
  "metadata": {
    "armature_name": "KIM_caucasian_male",
    "export_time": "2026-01-13T21:16:13.167345",
    "blender_version": "4.4.1",
    "bone_count": 56,
    "end_bone_count": 13,
    "spaces_included": [
      "LOCAL_CHANNELS",
      "ARMATURE_SPACE",
      "WORLD_SPACE"
    ],
    "note": "LOCAL matches Transform panel; replay pose via local.matrix_basis for best fidelity."
  },
  "bones": {
    "Root": {
      "name": "Root",
      "local": {
        "location": {
          "x": 0.0,
          "y": 0.0,
          "z": 0.0
        },
        "rotation_quaternion": {
          "w": 0.9998615384101868,
          "x": -0.002303388202562928,
          "y": 0.013435205444693565,
          "z": 0.009552081115543842
        },
        "scale": {
          "x": 1.0,
          "y": 1.0,
          "z": 1.0
        },
        "matrix_basis": [
          [
            0.999456524848938,
            -0.019163409247994423,
            0.026822686195373535,
            0.0
          ],
          [
            0.01903962343931198,
            0.9998068809509277,
            0.004862806759774685,
            0.0
          ],
          [
            -0.02691069431602955,
            -0.004349470138549805,
            0.9996283650398254,
            0.0
          ],
          [
            0.0,
            0.0,
            0.0,
            1.0
          ]
        ],
        "rotation_mode": "QUATERNION"
      },
      "armature_space": {
        "head": {
          "x": 0.0,
          "y": 0.07072800397872925,
          "z": -0.009595036506652832
        },
        "tail": {
          "x": -0.0013678049435839057,
          "y": 5.539506673812866e-05,
          "z": 0.00030577927827835083
        }
      },
      "world_space": {
        "head": {
          "x": 0.0,
          "y": 0.13397200405597687,
          "z": 0.9402589797973633
        },
        "tail": {
          "x": -0.0013678049435839057,
          "y": 0.06329939514398575,
          "z": 0.9501597881317139
        },
        "rotation_quaternion": {
          "w": 0.06965647637844086,
          "x": 0.9974348545074463,
          "y": -0.008625279180705547,
          "z": 0.01404818706214428
        },
        "matrix": [
          [
            0.999456524848938,
            -0.019163409247994423,
            0.026822686195373535,
            0.0
          ],
          [
            -0.015249207615852356,
            -0.990147054195404,
            -0.1391983926296234,
            0.13397200405597687
          ],
          [
            0.029226109385490417,
            0.1387137621641159,
            -0.9899082779884338,
            0.9402589797973633
          ],
          [
            0.0,
            0.0,
            0.0,
            1.0
          ]
        ]
      },
      "bone_length_armature_space": 0.07137587000764159,
      "parent": null,
      "has_children": true,
      "is_end_bone": false
    },
    "spine_01": {
      "name": "spine_01",
      "local": {
        "location": {
          "x": 0.0,
          "y": 0.0,
          "z": 0.0
        },
        "rotation_quaternion": {
          "w": 0.9965224266052246,
          "x": 0.05888816714286804,
          "y": -0.039755672216415405,
          "z": 0.043528467416763306
        },
        "scale": {
          "x": 1.0,
          "y": 1.0,
          "z": 1.0
        },
        "matrix_basis": [
          [
            0.9930495023727417,
            -0.091436468064785,
            -0.07410821318626404,
            0.0
          ],
          [
            0.08207190781831741,
            0.9892749190330505,
            -0.12082776427268982,
            0.0
          ],
          [
            0.08436146378517151,
            0.11390575021505356,
            0.9899033308029175,
            0.0
          ],
          [
            0.0,
            0.0,
            0.0,
            1.0
          ]
        ],
        "rotation_mode": "QUATERNION"
      },
      "armature_space": {
        "head": {
          "x": -0.0013678049435839057,
          "y": 5.539506673812866e-05,
          "z": 0.00030577927827835083
        },
        "tail": {
          "x": -0.06060734763741493,
          "y": -0.029880071058869362,
          "z": 0.4837755560874939
        }
      },
      "world_space": {
        "head": {
          "x": -0.0013678049435839057,
          "y": 0.06329939514398575,
          "z": 0.9501597881317139
        },
        "tail": {
          "x": -0.06060734763741493,
          "y": 0.03336393088102341,
          "z": 1.4336295127868652
        },
        "rotation_quaternion": {
          "w": 0.681032121181488,
          "x": 0.7284085154533386,
          "y": -0.0743204802274704,
          "z": 0.009633008390665054
        },
        "matrix": [
          [
            0.9887672662734985,
            -0.12139220535755157,
            -0.08719652891159058,
            -0.0013678049435839057
          ],
          [
            -0.09515131264925003,
            -0.06134301424026489,
            -0.9935709238052368,
            0.06329939514398575
          ],
          [
            0.11526358872652054,
            0.9907142519950867,
            -0.07220600545406342,
            0.9501597881317139
          ],
          [
            0.0,
            0.0,
            0.0,
            1.0
          ]
        ]
      },
      "bone_length_armature_space": 0.48800459278024794,
      "parent": "Root",
      "has_children": true,
      "is_end_bone": false
    },
    "neck_01": {
      "name": "neck_01",
      "local": {
        "location": {
          "x": 0.0,
          "y": 0.0,
          "z": 0.0
        },
        "rotation_quaternion": {
          "w": 0.9892356395721436,
          "x": -0.09114798158407211,
          "y": -0.06288713216781616,
          "z": -0.09565723687410355
        },
        "scale": {
          "x": 1.0,
          "y": 1.0,
          "z": 1.0
        },
        "matrix_basis": [
          [
            0.9737898111343384,
            0.20071916282176971,
            -0.10698245465755463,
            0.0
          ],
          [
            -0.177791029214859,
            0.9650834798812866,
            0.1923648864030838,
            0.0
          ],
          [
            0.14185830950737,
            -0.16830244660377502,
            0.9754745364189148,
            0.0
          ],
          [
            0.0,
            0.0,
            0.0,
            1.0
          ]
        ],
        "rotation_mode": "QUATERNION"
      },
      "armature_space": {
        "head": {
          "x": -0.07251951843500137,
          "y": -0.0688289925456047,
          "z": 0.5538100004196167
        },
        "tail": {
          "x": -0.06593599170446396,
          "y": -0.09832649677991867,
          "z": 0.6517758369445801
        }
      },
      "world_space": {
        "head": {
          "x": -0.07251951843500137,
          "y": -0.005584992468357086,
          "z": 1.5036640167236328
        },
        "tail": {
          "x": -0.06593599170446396,
          "y": -0.03508249670267105,
          "z": 1.6016298532485962
        },
        "rotation_quaternion": {
          "w": 0.5962496995925903,
          "x": 0.797644317150116,
          "y": -0.02501566708087921,
          "z": -0.08731525391340256
        },
        "matrix": [
          [
            0.9835007190704346,
            0.06421614438295364,
            -0.16912375390529633,
            -0.07251951843500137
          ],
          [
            -0.14403021335601807,
            -0.287720650434494,
            -0.9468222856521606,
            -0.005584992468357086
          ],
          [
            -0.10946253687143326,
            0.9555655121803284,
            -0.2737272381782532,
            1.5036640167236328
          ],
          [
            0.0,
            0.0,
            0.0,
            1.0
          ]
        ]
      },
      "bone_length_armature_space": 0.1025219528542432,
      "parent": "spine_01",
      "has_children": true,
      "is_end_bone": false
    },
    "head": {
      "name": "head",
      "local": {
        "location": {
          "x": 0.0,
          "y": 0.0,
          "z": 0.0
        },
        "rotation_quaternion": {
          "w": 0.9887475967407227,
          "x": -0.09426286816596985,
          "y": 0.07590760290622711,
          "z": 0.08792463690042496
        },
        "scale": {
          "x": 1.0,
          "y": 1.0,
          "z": 1.0
        },
        "matrix_basis": [
          [
            0.9730145931243896,
            -0.1881810873746872,
            0.1335308700799942,
            0.0
          ],
          [
            0.15956000983715057,
            0.9667675495147705,
            0.19975265860557556,
            0.0
          ],
          [
            -0.16668297350406647,
            -0.17305606603622437,
            0.9707050919532776,
            0.0
          ],
          [
            0.0,
            0.0,
            0.0,
            1.0
          ]
        ],
        "rotation_mode": "QUATERNION"
      },
      "armature_space": {
        "head": {
          "x": -0.06593602895736694,
          "y": -0.09832662343978882,
          "z": 0.6517757177352905
        },
        "tail": {
          "x": -0.07289004325866699,
          "y": -0.05645335093140602,
          "z": 0.8009453415870667
        }
      },
      "world_space": {
        "head": {
          "x": -0.06593602895736694,
          "y": -0.0350826233625412,
          "z": 1.6016297340393066
        },
        "tail": {
          "x": -0.07289004325866699,
          "y": 0.0067906491458415985,
          "z": 1.7507994174957275
        },
        "rotation_quaternion": {
          "w": 0.7968520522117615,
          "x": 0.6036585569381714,
          "y": -0.004802161827683449,
          "z": 0.024496858939528465
        },
        "matrix": [
          [
            0.9987538456916809,
            -0.044838517904281616,
            0.021922528743743896,
            -0.06593602895736694
          ],
          [
            0.03324328362941742,
            0.26999300718307495,
            -0.9622883796691895,
            -0.0350826233625412
          ],
          [
            0.03722897544503212,
            0.961824893951416,
            0.2711479663848877,
            1.6016297340393066
          ],
          [
            0.0,
            0.0,
            0.0,
            1.0
          ]
        ]
      },
      "bone_length_armature_space": 0.15509128110505904,
      "parent": "neck_01",
      "has_children": false,
      "is_end_bone": true
    },
    "upperarm_l": {
      "name": "upperarm_l",
      "local": {
        "location": {
          "x": 0.0,
          "y": 0.0,
          "z": 0.0
        },
        "rotation_quaternion": {
          "w": 0.6856343150138855,
          "x": 0.5494487881660461,
          "y": -0.10875809192657471,
          "z": 0.46495527029037476
        },
        "scale": {
          "x": 1.0,
          "y": 1.0,
          "z": 1.0
        },
        "matrix_basis": [
          [
            0.5439765453338623,
            -0.7570925951004028,
            0.3618016541004181,
            0.0
          ],
          [
            0.518064558506012,
            -0.036154747009277344,
            -0.8545771837234497,
            0.0
          ],
          [
            0.660074770450592,
            0.6523066163063049,
            0.3725554049015045,
            0.0
          ],
          [
            0.0,
            0.0,
            0.0,
            1.0
          ]
        ],
        "rotation_mode": "QUATERNION"
      },
      "armature_space": {
        "head": {
          "x": 0.08367600291967392,
          "y": -0.08214758336544037,
          "z": 0.5042855739593506
        },
        "tail": {
          "x": 0.045570626854896545,
          "y": -0.2731865644454956,
          "z": 0.6882967948913574
        }
      },
      "world_space": {
        "head": {
          "x": 0.08367600291967392,
          "y": -0.01890358328819275,
          "z": 1.4541395902633667
        },
        "tail": {
          "x": 0.045570626854896545,
          "y": -0.20994256436824799,
          "z": 1.6381508111953735
        },
        "rotation_quaternion": {
          "w": 0.2963480055332184,
          "x": 0.8257564306259155,
          "y": -0.23605355620384216,
          "z": -0.4178312122821808
        },
        "matrix": [
          [
            0.5393919944763184,
            -0.14220045506954193,
            -0.8299611806869507,
            0.08367600291967392
          ],
          [
            -0.6374927759170532,
            -0.7129133939743042,
            -0.2921605110168457,
            -0.01890358328819275
          ],
          [
            -0.5501493215560913,
            0.6866874694824219,
            -0.47519493103027344,
            1.4541395902633667
          ],
          [
            0.0,
            0.0,
            0.0,
            1.0
          ]
        ]
      },
      "bone_length_armature_space": 0.26797021945030536,
      "parent": "spine_01",
      "has_children": true,
      "is_end_bone": false
    },
    "lowerarm_l": {
      "name": "lowerarm_l",
      "local": {
        "location": {
          "x": 0.0,
          "y": 0.0,
          "z": 0.0
        },
        "rotation_quaternion": {
          "w": 0.9676449298858643,
          "x": 0.2402890920639038,
          "y": -0.007479974068701267,
          "z": -0.07660650461912155
        },
        "scale": {
          "x": 1.0,
          "y": 1.0,
          "z": 1.0
        },
        "matrix_basis": [
          [
            0.9881510138511658,
            0.144661083817482,
            -0.0512913316488266,
            0.0
          ],
          [
            -0.15185050666332245,
            0.872785210609436,
            -0.46388301253318787,
            0.0
          ],
          [
            -0.02233949676156044,
            0.4661750793457031,
            0.8844103813171387,
            0.0
          ],
          [
            0.0,
            0.0,
            0.0,
            1.0
          ]
        ],
        "rotation_mode": "QUATERNION"
      },
      "armature_space": {
        "head": {
          "x": 0.045570507645606995,
          "y": -0.2731865644454956,
          "z": 0.688296914100647
        },
        "tail": {
          "x": -0.11164677143096924,
          "y": -0.47682464122772217,
          "z": 0.7616703510284424
        }
      },
      "world_space": {
        "head": {
          "x": 0.045570507645606995,
          "y": -0.20994256436824799,
          "z": 1.638150930404663
        },
        "tail": {
          "x": -0.11164677143096924,
          "y": -0.41358065605163574,
          "z": 1.7115243673324585
        },
        "rotation_quaternion": {
          "w": 0.004147686529904604,
          "x": 0.8550548553466797,
          "y": -0.3455217778682709,
          "z": -0.38662484288215637
        },
        "matrix": [
          [
            0.46227148175239563,
            -0.5876743793487549,
            -0.6640362739562988,
            0.045570507645606995
          ],
          [
            -0.5940878987312317,
            -0.7611942291259766,
            0.2600829303264618,
            -0.20994256436824799
          ],
          [
            -0.6583095788955688,
            0.27426815032958984,
            -0.7010130882263184,
            1.638150930404663
          ],
          [
            0.0,
            0.0,
            0.0,
            1.0
          ]
        ]
      },
      "bone_length_armature_space": 0.2675245816197647,
      "parent": "upperarm_l",
      "has_children": true,
      "is_end_bone": false
    },
    "metacarpal_thumb_l": {
      "name": "metacarpal_thumb_l",
      "local": {
        "location": {
          "x": 0.0,
          "y": 0.0,
          "z": 0.0
        },
        "rotation_quaternion": {
          "w": 0.999004602432251,
          "x": -0.04404542222619057,
          "y": 0.0017688197549432516,
          "z": -0.006839819252490997
        },
        "scale": {
          "x": 1.0,
          "y": 1.0,
          "z": 1.0
        },
        "matrix_basis": [
          [
            0.9999001622200012,
            0.01351020485162735,
            0.004136643838137388,
            0.0
          ],
          [
            -0.013821838423609734,
            0.9960264563560486,
            0.08797895908355713,
            0.0
          ],
          [
            -0.0029315927531570196,
            -0.08802735805511475,
            0.9961137175559998,
            0.0
          ],
          [
            0.0,
            0.0,
            0.0,
            1.0
          ]
        ],
        "rotation_mode": "QUATERNION"
      },
      "armature_space": {
        "head": {
          "x": -0.11164677143096924,
          "y": -0.47682464122772217,
          "z": 0.7616703510284424
        },
        "tail": {
          "x": -0.15205740928649902,
          "y": -0.502713143825531,
          "z": 0.749408483505249
        }
      },
      "world_space": {
        "head": {
          "x": -0.11164677143096924,
          "y": -0.41358065605163574,
          "z": 1.7115243673324585
        },
        "tail": {
          "x": -0.15205740928649902,
          "y": -0.4394691586494446,
          "z": 1.6992624998092651
        },
        "rotation_quaternion": {
          "w": 0.08181308954954147,
          "x": 0.7807305455207825,
          "y": -0.48164674639701843,
          "z": 0.38959330320358276
        },
        "matrix": [
          [
            0.23246575891971588,
            -0.8158217668533325,
            0.5295229554176331,
            -0.11164677143096924
          ],
          [
            -0.6883247494697571,
            -0.5226442217826843,
            -0.5030428767204285,
            -0.41358065605163574
          ],
          [
            0.6871495842933655,
            -0.2475455403327942,
            -0.6830522418022156,
            1.7115243673324585
          ],
          [
            0.0,
            0.0,
            0.0,
            1.0
          ]
        ]
      },
      "bone_length_armature_space": 0.04953370209953775,
      "parent": "lowerarm_l",
      "has_children": true,
      "is_end_bone": false
    },
    "thumb_01_l": {
      "name": "thumb_01_l",
      "local": {
        "location": {
          "x": 0.0,
          "y": 0.0,
          "z": 0.0
        },
        "rotation_quaternion": {
          "w": 0.9607856273651123,
          "x": 0.2771468460559845,
          "y": 0.00867236778140068,
          "z": -0.002317768754437566
        },
        "scale": {
          "x": 1.0,
          "y": 1.0,
          "z": 1.0
        },
        "matrix_basis": [
          [
            0.9998388290405273,
            0.009260796941816807,
            0.015379847958683968,
            0.0
          ],
          [
            0.00035328094963915646,
            0.8463684916496277,
            -0.5325976014137268,
            0.0
          ],
          [
            -0.01794929802417755,
            0.5325171947479248,
            0.846228837966919,
            0.0
          ],
          [
            0.0,
            0.0,
            0.0,
            1.0
          ]
        ],
        "rotation_mode": "QUATERNION"
      },
      "armature_space": {
        "head": {
          "x": -0.15205740928649902,
          "y": -0.502713143825531,
          "z": 0.749408483505249
        },
        "tail": {
          "x": -0.15358966588974,
          "y": -0.534988284111023,
          "z": 0.7387036085128784
        }
      },
      "world_space": {
        "head": {
          "x": -0.15205740928649902,
          "y": -0.4394691586494446,
          "z": 1.6992624998092651
        },
        "tail": {
          "x": -0.15358966588974,
          "y": -0.4717442989349365,
          "z": 1.6885576248168945
        },
        "rotation_quaternion": {
          "w": 0.001542652491480112,
          "x": 0.13047491014003754,
          "y": -0.160938560962677,
          "z": 0.978300929069519
        },
        "matrix": [
          [
            -0.9659478068351746,
            -0.04501510411500931,
            0.2547907829284668,
            -0.15205740928649902
          ],
          [
            -0.03897836059331894,
            -0.9481930732727051,
            -0.31529486179351807,
            -0.4394691586494446
          ],
          [
            0.25578564405441284,
            -0.3144926130771637,
            0.9141563177108765,
            1.6992624998092651
          ],
          [
            0.0,
            0.0,
            0.0,
            1.0
          ]
        ]
      },
      "bone_length_armature_space": 0.03403860757086551,
      "parent": "metacarpal_thumb_l",
      "has_children": true,
      "is_end_bone": false
    },
    "thumb_02_l": {
      "name": "thumb_02_l",
      "local": {
        "location": {
          "x": 0.0,
          "y": 0.0,
          "z": 0.0
        },
        "rotation_quaternion": {
          "w": 0.9036524295806885,
          "x": 0.42823952436447144,
          "y": 0.00194050301797688,
          "z": -0.004414993338286877
        },
        "scale": {
          "x": 1.0,
          "y": 1.0,
          "z": 1.0
        },
        "matrix_basis": [
          [
            0.9999535083770752,
            0.009641239419579506,
            -0.00027426876476965845,
            0.0
          ],
          [
            -0.006317238789051771,
            0.6331828236579895,
            -0.7739765048027039,
            0.0
          ],
          [
            -0.007288429886102676,
            0.773942232131958,
            0.6332142949104309,
            0.0
          ],
          [
            0.0,
            0.0,
            0.0,
            1.0
          ]
        ],
        "rotation_mode": "QUATERNION"
      },
      "armature_space": {
        "head": {
          "x": -0.1535896360874176,
          "y": -0.534988284111023,
          "z": 0.7387035489082336
        },
        "tail": {
          "x": -0.16972316801548004,
          "y": -0.531037449836731,
          "z": 0.7752726078033447
        }
      },
      "world_space": {
        "head": {
          "x": -0.1535896360874176,
          "y": -0.4717442989349365,
          "z": 1.6885576248168945
        },
        "tail": {
          "x": -0.16972316801548004,
          "y": -0.46779346466064453,
          "z": 1.7251266241073608
        },
        "rotation_quaternion": {
          "w": 0.25449109077453613,
          "x": -0.043579209595918655,
          "y": 0.696000874042511,
          "z": 0.670013427734375
        },
        "matrix": [
          [
            -0.8666694760322571,
            -0.4016873240470886,
            0.2958570420742035,
            -0.1535896360874176
          ],
          [
            0.28036510944366455,
            0.09836623072624207,
            0.9548401832580566,
            -0.4717442989349365
          ],
          [
            -0.41265207529067993,
            0.910485029220581,
            0.02736908197402954,
            1.6885576248168945
          ],
          [
            0.0,
            0.0,
            0.0,
            1.0
          ]
        ]
      },
      "bone_length_armature_space": 0.040164611947064256,
      "parent": "thumb_01_l",
      "has_children": true,
      "is_end_bone": false
    },
    "thumb_03_l": {
      "name": "thumb_03_l",
      "local": {
        "location": {
          "x": 0.0,
          "y": 0.0,
          "z": 0.0
        },
        "rotation_quaternion": {
          "w": 0.9905457496643066,
          "x": 0.1371145248413086,
          "y": -0.0032153648789972067,
          "z": -0.002894655102863908
        },
        "scale": {
          "x": 1.0,
          "y": 1.0,
          "z": 1.0
        },
        "matrix_basis": [
          [
            0.999962568283081,
            0.004852829966694117,
            -0.007163730449974537,
            0.0
          ],
          [
            -0.006616323255002499,
            0.962382435798645,
            -0.2716177999973297,
            0.0
          ],
          [
            0.005576133728027344,
            0.27165502309799194,
            0.9623785614967346,
            0.0
          ],
          [
            0.0,
            0.0,
            0.0,
            1.0
          ]
        ],
        "rotation_mode": "QUATERNION"
      },
      "armature_space": {
        "head": {
          "x": -0.16972321271896362,
          "y": -0.5310375094413757,
          "z": 0.7752725481987
        },
        "tail": {
          "x": -0.17452305555343628,
          "y": -0.5141943097114563,
          "z": 0.8001757264137268
        }
      },
      "world_space": {
        "head": {
          "x": -0.16972321271896362,
          "y": -0.4677935242652893,
          "z": 1.7251265048980713
        },
        "tail": {
          "x": -0.17452305555343628,
          "y": -0.4509503245353699,
          "z": 1.7500298023223877
        },
        "rotation_quaternion": {
          "w": 0.06395981460809708,
          "x": -0.05553089454770088,
          "y": 0.8789348602294922,
          "z": 0.46936026215553284
        },
        "matrix": [
          [
            -0.9856509566307068,
            -0.15765662491321564,
            0.06030430644750595,
            -0.16972321271896362
          ],
          [
            -0.03757632151246071,
            0.5532349348068237,
            0.8321775197982788,
            -0.4677935242652893
          ],
          [
            -0.16456185281276703,
            0.8179764747619629,
            -0.5512237548828125,
            1.7251265048980713
          ],
          [
            0.0,
            0.0,
            0.0,
            1.0
          ]
        ]
      },
      "bone_length_armature_space": 0.030445034828591858,
      "parent": "thumb_02_l",
      "has_children": false,
      "is_end_bone": true
    },
    "metacarpal_index_l": {
      "name": "metacarpal_index_l",
      "local": {
        "location": {
          "x": 0.0,
          "y": 0.0,
          "z": 0.0
        },
        "rotation_quaternion": {
          "w": 0.9976072907447815,
          "x": -0.06826315075159073,
          "y": -0.00996370892971754,
          "z": -0.004553033504635096
        },
        "scale": {
          "x": 1.0,
          "y": 1.0,
          "z": 1.0
        },
        "matrix_basis": [
          [
            0.9997599720954895,
            0.010444587096571922,
            -0.019258128479123116,
            0.0
          ],
          [
            -0.007723970338702202,
            0.9906388521194458,
            0.13629035651683807,
            0.0
          ],
          [
            0.02050134539604187,
            -0.1361089050769806,
            0.9904817342758179,
            0.0
          ],
          [
            0.0,
            0.0,
            0.0,
            1.0
          ]
        ],
        "rotation_mode": "QUATERNION"
      },
      "armature_space": {
        "head": {
          "x": -0.11164677143096924,
          "y": -0.47682464122772217,
          "z": 0.7616703510284424
        },
        "tail": {
          "x": -0.198768749833107,
          "y": -0.553219199180603,
          "z": 0.7790729999542236
        }
      },
      "world_space": {
        "head": {
          "x": -0.11164677143096924,
          "y": -0.41358065605163574,
          "z": 1.7115243673324585
        },
        "tail": {
          "x": -0.198768749833107,
          "y": -0.4899752140045166,
          "z": 1.7289270162582397
        },
        "rotation_quaternion": {
          "w": 0.11005021631717682,
          "x": 0.906627357006073,
          "y": -0.402361661195755,
          "z": 0.06341010332107544
        },
        "matrix": [
          [
            0.6681685447692871,
            -0.7435409426689148,
            0.026418164372444153,
            -0.11164677143096924
          ],
          [
            -0.7156277894973755,
            -0.6519879102706909,
            -0.2505772113800049,
            -0.41358065605163574
          ],
          [
            0.2035394012928009,
            0.14852264523506165,
            -0.9677430987358093,
            1.7115243673324585
          ],
          [
            0.0,
            0.0,
            0.0,
            1.0
          ]
        ]
      },
      "bone_length_armature_space": 0.11717175164302383,
      "parent": "lowerarm_l",
      "has_children": true,
      "is_end_bone": false
    },
    "index_01_l": {
      "name": "index_01_l",
      "local": {
        "location": {
          "x": 0.0,
          "y": 0.0,
          "z": 0.0
        },
        "rotation_quaternion": {
          "w": 0.9490318298339844,
          "x": 0.3148898482322693,
          "y": -0.01316133514046669,
          "z": 0.0031330245546996593
        },
        "scale": {
          "x": 1.0,
          "y": 1.0,
          "z": 1.0
        },
        "matrix_basis": [
          [
            0.9996339082717896,
            -0.014235422015190125,
            -0.023007936775684357,
            0.0
          ],
          [
            -0.0023420616053044796,
            0.8016691207885742,
            -0.5977634191513062,
            0.0
          ],
          [
            0.02695416659116745,
            0.5975984930992126,
            0.8013423085212708,
            0.0
          ],
          [
            0.0,
            0.0,
            0.0,
            1.0
          ]
        ],
        "rotation_mode": "QUATERNION"
      },
      "armature_space": {
        "head": {
          "x": -0.198768749833107,
          "y": -0.553219199180603,
          "z": 0.7790729999542236
        },
        "tail": {
          "x": -0.2102002203464508,
          "y": -0.5780212879180908,
          "z": 0.7708724737167358
        }
      },
      "world_space": {
        "head": {
          "x": -0.198768749833107,
          "y": -0.4899752140045166,
          "z": 1.7289270162582397
        },
        "tail": {
          "x": -0.2102002203464508,
          "y": -0.5147773027420044,
          "z": 1.720726490020752
        },
        "rotation_quaternion": {
          "w": 0.12798276543617249,
          "x": -0.9623777866363525,
          "y": 0.22071561217308044,
          "z": -0.09345609694719315
        },
        "matrix": [
          [
            0.8851011395454407,
            -0.4009022116661072,
            0.23637613654136658,
            -0.198768749833107
          ],
          [
            -0.44874539971351624,
            -0.8698102831840515,
            0.2050803005695343,
            -0.4899752140045166
          ],
          [
            0.12338560819625854,
            -0.28759223222732544,
            -0.9497792720794678,
            1.7289270162582397
          ],
          [
            0.0,
            0.0,
            0.0,
            1.0
          ]
        ]
      },
      "bone_length_armature_space": 0.028514395745078233,
      "parent": "metacarpal_index_l",
      "has_children": true,
      "is_end_bone": false
    },
    "index_02_l": {
      "name": "index_02_l",
      "local": {
        "location": {
          "x": 0.0,
          "y": 0.0,
          "z": 0.0
        },
        "rotation_quaternion": {
          "w": 0.8985837697982788,
          "x": 0.4386391043663025,
          "y": -0.011191251687705517,
          "z": 0.004226627293974161
        },
        "scale": {
          "x": 1.0,
          "y": 1.0,
          "z": 1.0
        },
        "matrix_basis": [
          [
            0.9997137784957886,
            -0.017413798719644547,
            -0.01640462689101696,
            0.0
          ],
          [
            -0.002221883973106742,
            0.6151557564735413,
            -0.7884025573730469,
            0.0
          ],
          [
            0.023820482194423676,
            0.7882133722305298,
            0.6149410009384155,
            0.0
          ],
          [
            0.0,
            0.0,
            0.0,
            1.0
          ]
        ],
        "rotation_mode": "QUATERNION"
      },
      "armature_space": {
        "head": {
          "x": -0.21020051836967468,
          "y": -0.5780214667320251,
          "z": 0.7708720564842224
        },
        "tail": {
          "x": -0.21331188082695007,
          "y": -0.5878007411956787,
          "z": 0.7473607063293457
        }
      },
      "world_space": {
        "head": {
          "x": -0.21020051836967468,
          "y": -0.5147774815559387,
          "z": 1.7207260131835938
        },
        "tail": {
          "x": -0.21331188082695007,
          "y": -0.5245567560195923,
          "z": 1.6972147226333618
        },
        "rotation_quaternion": {
          "w": 0.5328808426856995,
          "x": -0.820514440536499,
          "y": 0.15947897732257843,
          "z": -0.13176000118255615
        },
        "matrix": [
          [
            0.9144114851951599,
            -0.12128512561321259,
            0.3861888647079468,
            -0.21020051836967468
          ],
          [
            -0.40213480591773987,
            -0.3812094032764435,
            0.8324465751647949,
            -0.5147774815559387
          ],
          [
            0.04625532031059265,
            -0.9165053367614746,
            -0.3973572254180908,
            1.7207260131835938
          ],
          [
            0.0,
            0.0,
            0.0,
            1.0
          ]
        ]
      },
      "bone_length_armature_space": 0.025653428460844126,
      "parent": "index_01_l",
      "has_children": true,
      "is_end_bone": false
    },
    "index_03_l": {
      "name": "index_03_l",
      "local": {
        "location": {
          "x": 0.0,
          "y": 0.0,
          "z": 0.0
        },
        "rotation_quaternion": {
          "w": 0.937792181968689,
          "x": 0.347181499004364,
          "y": -0.0028464621864259243,
          "z": 0.0016902011120691895
        },
        "scale": {
          "x": 1.0,
          "y": 1.0,
          "z": 1.0
        },
        "matrix_basis": [
          [
            0.9999780654907227,
            -0.005146592855453491,
            -0.004165166988968849,
            0.0
          ],
          [
            0.0011936367955058813,
            0.7589243054389954,
            -0.6511778235435486,
            0.0
          ],
          [
            0.006512393243610859,
            0.6511585712432861,
            0.7589138150215149,
            0.0
          ],
          [
            0.0,
            0.0,
            0.0,
            1.0
          ]
        ],
        "rotation_mode": "QUATERNION"
      },
      "armature_space": {
        "head": {
          "x": -0.21331195533275604,
          "y": -0.5878008604049683,
          "z": 0.7473607659339905
        },
        "tail": {
          "x": -0.20483675599098206,
          "y": -0.5794028043746948,
          "z": 0.7206889390945435
        }
      },
      "world_space": {
        "head": {
          "x": -0.21331195533275604,
          "y": -0.5245568752288818,
          "z": 1.6972148418426514
        },
        "tail": {
          "x": -0.20483675599098206,
          "y": -0.5161588191986084,
          "z": 1.6705429553985596
        },
        "rotation_quaternion": {
          "w": 0.7999995946884155,
          "x": -0.5535035133361816,
          "y": 0.06091810762882233,
          "z": -0.22343601286411285
        },
        "matrix": [
          [
            0.892730176448822,
            0.29006099700927734,
            0.34481531381607056,
            -0.21331195533275604
          ],
          [
            -0.42493540048599243,
            0.2874198257923126,
            0.8583822846412659,
            -0.5245568752288818
          ],
          [
            0.14987702667713165,
            -0.9128340482711792,
            0.37984898686408997,
            1.6972148418426514
          ],
          [
            0.0,
            0.0,
            0.0,
            1.0
          ]
        ]
      },
      "bone_length_armature_space": 0.029218875222675668,
      "parent": "index_02_l",
      "has_children": false,
      "is_end_bone": true
    },
    "metacarpal_pinky_l": {
      "name": "metacarpal_pinky_l",
      "local": {
        "location": {
          "x": 0.0,
          "y": 0.0,
          "z": 0.0
        },
        "rotation_quaternion": {
          "w": 0.9973126649856567,
          "x": -0.07238510996103287,
          "y": -0.008284037001430988,
          "z": 0.007696431130170822
        },
        "scale": {
          "x": 1.0,
          "y": 1.0,
          "z": 1.0
        },
        "matrix_basis": [
          [
            0.9997442960739136,
            -0.014152214862406254,
            -0.017637763172388077,
            0.0
          ],
          [
            0.016550777480006218,
            0.9894022941589355,
            0.1442536562681198,
            0.0
          ],
          [
            0.015409336425364017,
            -0.14450868964195251,
            0.9893835186958313,
            0.0
          ],
          [
            0.0,
            0.0,
            0.0,
            1.0
          ]
        ],
        "rotation_mode": "QUATERNION"
      },
      "armature_space": {
        "head": {
          "x": -0.11164677143096924,
          "y": -0.47682464122772217,
          "z": 0.7616703510284424
        },
        "tail": {
          "x": -0.13732996582984924,
          "y": -0.568414032459259,
          "z": 0.8040376305580139
        }
      },
      "world_space": {
        "head": {
          "x": -0.11164677143096924,
          "y": -0.41358065605163574,
          "z": 1.7115243673324585
        },
        "tail": {
          "x": -0.13732996582984924,
          "y": -0.5051700472831726,
          "z": 1.7538917064666748
        },
        "rotation_quaternion": {
          "w": 0.028321249410510063,
          "x": -0.4035100042819977,
          "y": 0.24375654757022858,
          "z": 0.8814535140991211
        },
        "matrix": [
          [
            -0.6727556586265564,
            -0.24664366245269775,
            -0.6975435614585876,
            -0.11164677143096924
          ],
          [
            -0.14678853750228882,
            -0.8795615434646606,
            0.4525756537914276,
            -0.41358065605163574
          ],
          [
            -0.7251624464988708,
            0.406866192817688,
            0.5555296540260315,
            1.7115243673324585
          ],
          [
            0.0,
            0.0,
            0.0,
            1.0
          ]
        ]
      },
      "bone_length_armature_space": 0.10413082671636738,
      "parent": "lowerarm_l",
      "has_children": true,
      "is_end_bone": false
    },
    "pinky_01_l": {
      "name": "pinky_01_l",
      "local": {
        "location": {
          "x": 0.0,
          "y": 0.0,
          "z": 0.0
        },
        "rotation_quaternion": {
          "w": 0.9506374001502991,
          "x": 0.3095565140247345,
          "y": -0.021527163684368134,
          "z": 0.00024404842406511307
        },
        "scale": {
          "x": 1.0,
          "y": 1.0,
          "z": 1.0
        },
        "matrix_basis": [
          [
            0.9990730285644531,
            -0.013791750185191631,
            -0.04077795892953873,
            0.0
          ],
          [
            -0.012863744050264359,
            0.8083494305610657,
            -0.5885624885559082,
            0.0
          ],
          [
            0.04108014702796936,
            0.5885415077209473,
            0.8074226975440979,
            0.0
          ],
          [
            0.0,
            0.0,
            0.0,
            1.0
          ]
        ],
        "rotation_mode": "QUATERNION"
      },
      "armature_space": {
        "head": {
          "x": -0.13732996582984924,
          "y": -0.568414032459259,
