{
  "metadata": {
    "armature_name": "KIM_caucasian_male",
    "export_time": "2026-01-13T20:25:54.206551",
    "blender_version": "4.4.1",
    "bone_count": 56,
    "end_bone_count": 13,
    "spaces_included": [
      "LOCAL_CHANNELS",
      "ARMATURE_SPACE",
      "WORLD_SPACE"
    ],
    "note": "LOCAL matches Transform panel; replay pose via local.matrix_basis for best fidelity."
  },
  "bones": {
    "Root": {
      "name": "Root",
      "local": {
        "location": {
          "x": 0.0,
          "y": 0.0,
          "z": 0.0
        },
        "rotation_quaternion": {
          "w": 0.9995607137680054,
          "x": 0.009917342104017735,
          "y": -0.003623933531343937,
          "z": -0.027694309130311012
        },
        "scale": {
          "x": 1.0,
          "y": 1.0,
          "z": 1.0
        },
        "matrix_basis": [
          [
            0.9984397888183594,
            0.05529240891337395,
            -0.007793990895152092,
            0.0
          ],
          [
            -0.05543616786599159,
            0.9982693195343018,
            -0.01962524652481079,
            0.0
          ],
          [
            0.006695375312119722,
            0.020026694983243942,
            0.9997770190238953,
            0.0
          ],
          [
            0.0,
            0.0,
            0.0,
            1.0
          ]
        ],
        "rotation_mode": "QUATERNION"
      },
      "armature_space": {
        "head": {
          "x": 0.0,
          "y": 0.07072800397872925,
          "z": -0.009595036506652832
        },
        "tail": {
          "x": 0.003946543671190739,
          "y": -6.974488496780396e-05,
          "z": -0.001433064229786396
        }
      },
      "world_space": {
        "head": {
          "x": 0.0,
          "y": 0.13397200405597687,
          "z": 0.9402589797973633
        },
        "tail": {
          "x": 0.003946543671190739,
          "y": 0.06317425519227982,
          "z": 0.9484209418296814
        },
        "rotation_quaternion": {
          "w": 0.057443249970674515,
          "x": 0.9979580044746399,
          "y": 0.027387259528040886,
          "z": -0.005481406580656767
        },
        "matrix": [
          [
            0.9984397888183594,
            0.05529240891337395,
            -0.007793990895152092,
            0.0
          ],
          [
            0.05403292551636696,
            -0.9919003844261169,
            -0.11495260149240494,
            0.13397200405597687
          ],
          [
            -0.014086917042732239,
            0.11435198783874512,
            -0.9933474659919739,
            0.9402589797973633
          ],
          [
            0.0,
            0.0,
            0.0,
            1.0
          ]
        ]
      },
      "bone_length_armature_space": 0.0713758662884747,
      "parent": null,
      "has_children": true,
      "is_end_bone": false
    },
    "spine_01": {
      "name": "spine_01",
      "local": {
        "location": {
          "x": 0.0,
          "y": 0.0,
          "z": 0.0
        },
        "rotation_quaternion": {
          "w": 0.9986572861671448,
          "x": 0.017912564799189568,
          "y": -0.024127008393406868,
          "z": 0.04220033064484596
        },
        "scale": {
          "x": 1.0,
          "y": 1.0,
          "z": 1.0
        },
        "matrix_basis": [
          [
            0.9952740669250488,
            -0.08515168726444244,
            -0.04667739197611809,
            0.0
          ],
          [
            0.08342298120260239,
            0.9957965612411499,
            -0.03781336173415184,
            0.0
          ],
          [
            0.049701057374477386,
            0.03374069184064865,
            0.9981940388679504,
            0.0
          ],
          [
            0.0,
            0.0,
            0.0,
            1.0
          ]
        ],
        "rotation_mode": "QUATERNION"
      },
      "armature_space": {
        "head": {
          "x": 0.003946543671190739,
          "y": -6.974488496780396e-05,
          "z": -0.001433064229786396
        },
        "tail": {
          "x": -0.030510682612657547,
          "y": -0.005507951136678457,
          "z": 0.4853231906890869
        }
      },
      "world_space": {
        "head": {
          "x": 0.003946543671190739,
          "y": 0.06317425519227982,
          "z": 0.9484209418296814
        },
        "tail": {
          "x": -0.030510682612657547,
          "y": 0.057736050337553024,
          "z": 1.435177206993103
        },
        "rotation_quaternion": {
          "w": 0.7027930617332458,
          "x": 0.7105075120925903,
          "y": -0.02257804200053215,
          "z": 0.02740858681499958
        },
        "matrix": [
          [
            0.9974780678749084,
            -0.07060889154672623,
            0.0072121284902095795,
            0.003946543671190739
          ],
          [
            0.006440918892621994,
            -0.011143837124109268,
            -0.999917209148407,
            0.06317425519227982
          ],
          [
            0.07068391144275665,
            0.9974488615989685,
            -0.010661937296390533,
            0.9484209418296814
          ],
          [
            0.0,
            0.0,
            0.0,
            1.0
          ]
        ]
      },
      "bone_length_armature_space": 0.4880046528920599,
      "parent": "Root",
      "has_children": true,
      "is_end_bone": false
    },
    "neck_01": {
      "name": "neck_01",
      "local": {
        "location": {
          "x": 0.0,
          "y": 0.0,
          "z": 0.0
        },
        "rotation_quaternion": {
          "w": 0.9963811039924622,
          "x": 0.04677257686853409,
          "y": -0.02365400828421116,
          "z": 0.06691418588161469
        },
        "scale": {
          "x": 1.0,
          "y": 1.0,
          "z": 1.0
        },
        "matrix_basis": [
          [
            0.9899259805679321,
            -0.13555677235126495,
            -0.040877316147089005,
            0.0
          ],
          [
            0.1311313360929489,
            0.986669659614563,
            -0.09637220203876495,
            0.0
          ],
          [
            0.0533963106572628,
            0.09004104882478714,
            0.9945056438446045,
            0.0
          ],
          [
            0.0,
            0.0,
            0.0,
            1.0
          ]
        ],
        "rotation_mode": "QUATERNION"
      },
      "armature_space": {
        "head": {
          "x": -0.035430438816547394,
          "y": -0.04100145399570465,
          "z": 0.5579851269721985
        },
        "tail": {
          "x": -0.055330272763967514,
          "y": -0.08903633058071136,
          "z": 0.6463444828987122
        }
      },
      "world_space": {
        "head": {
          "x": -0.035430438816547394,
          "y": 0.02224254608154297,
          "z": 1.5078392028808594
        },
        "tail": {
          "x": -0.055330272763967514,
          "y": -0.025792330503463745,
          "z": 1.596198558807373
        },
        "rotation_quaternion": {
          "w": 0.5084960460662842,
          "x": 0.8555230498313904,
          "y": -0.0846395269036293,
          "z": 0.04845856502652168
        },
        "matrix": [
          [
            0.9809759259223938,
            -0.19410431385040283,
            -0.0031637512147426605,
            -0.035430438816547394
          ],
          [
            -0.09554093331098557,
            -0.4685354232788086,
            -0.8782634735107422,
            0.02224254608154297
          ],
          [
            0.16899345815181732,
            0.8618630170822144,
            -0.4781709313392639,
            1.5078392028808594
          ],
          [
            0.0,
            0.0,
            0.0,
            1.0
          ]
        ]
      },
      "bone_length_armature_space": 0.1025218445366013,
      "parent": "spine_01",
      "has_children": true,
      "is_end_bone": false
    },
    "head": {
      "name": "head",
      "local": {
        "location": {
          "x": 0.0,
          "y": 0.0,
          "z": 0.0
        },
        "rotation_quaternion": {
          "w": 0.9968644380569458,
          "x": 0.03815561160445213,
          "y": 0.0402333028614521,
          "z": -0.056451424956321716
        },
        "scale": {
          "x": 1.0,
          "y": 1.0,
          "z": 1.0
        },
        "matrix_basis": [
          [
            0.9903890490531921,
            0.11561908572912216,
            0.0759064182639122,
            0.0
          ],
          [
            -0.10947858542203903,
            0.9907147884368896,
            -0.08061440289020538,
            0.0
          ],
          [
            -0.08452217280864716,
            0.07152949273586273,
            0.9938508868217468,
            0.0
          ],
          [
            0.0,
            0.0,
            0.0,
            1.0
          ]
        ],
        "rotation_mode": "QUATERNION"
      },
      "armature_space": {
        "head": {
          "x": -0.05533025786280632,
          "y": -0.08903643488883972,
          "z": 0.6463443636894226
        },
        "tail": {
          "x": -0.06631646305322647,
          "y": -0.12009409070014954,
          "z": 0.7978963851928711
        }
      },
      "world_space": {
        "head": {
          "x": -0.05533025786280632,
          "y": -0.025792434811592102,
          "z": 1.596198320388794
        },
        "tail": {
          "x": -0.06631646305322647,
          "y": -0.056850090622901917,
          "z": 1.7477504014968872
        },
        "rotation_quaternion": {
          "w": 0.6319277882575989,
          "x": 0.7741875648498535,
          "y": -0.023224031552672386,
          "z": 0.027596447616815567
        },
        "matrix": [
          [
            0.9973983764648438,
            -0.07083750516176224,
            0.01337740570306778,
            -0.05533025786280632
          ],
          [
            -0.0010819882154464722,
            -0.20025542378425598,
            -0.9797433018684387,
            -0.025792434811592102
          ],
          [
            0.07208192348480225,
            0.9771863222122192,
            -0.19981329143047333,
            1.596198320388794
          ],
          [
            0.0,
            0.0,
            0.0,
            1.0
          ]
        ]
      },
      "bone_length_armature_space": 0.15509122933541403,
      "parent": "neck_01",
      "has_children": false,
      "is_end_bone": true
    },
    "upperarm_l": {
      "name": "upperarm_l",
      "local": {
        "location": {
          "x": 0.0,
          "y": 0.0,
          "z": 0.0
        },
        "rotation_quaternion": {
          "w": 0.7344844341278076,
          "x": 0.21222609281539917,
          "y": 0.42428305745124817,
          "z": 0.4852592647075653
        },
        "scale": {
          "x": 1.0,
          "y": 1.0,
          "z": 1.0
        },
        "matrix_basis": [
          [
            0.16901466250419617,
            -0.5327428579330444,
            0.8292279839515686,
            0.0
          ],
          [
            0.8929186463356018,
            0.4389670491218567,
            0.10002104192972183,
            0.0
          ],
          [
            -0.41728925704956055,
            0.7235280871391296,
            0.5498879551887512,
            0.0
          ],
          [
            0.0,
            0.0,
            0.0,
            1.0
          ]
        ],
        "rotation_mode": "QUATERNION"
      },
      "armature_space": {
        "head": {
          "x": 0.11895973980426788,
          "y": -0.042475227266550064,
          "z": 0.5015174150466919
        },
        "tail": {
          "x": 0.23873281478881836,
          "y": -0.23563040792942047,
          "z": 0.6434798240661621
        }
      },
      "world_space": {
        "head": {
          "x": 0.11895973980426788,
          "y": 0.020768772810697556,
          "z": 1.451371431350708
        },
        "tail": {
          "x": 0.23873281478881836,
          "y": -0.17238640785217285,
          "z": 1.5933338403701782
        },
        "rotation_quaternion": {
          "w": 0.2817378342151642,
          "x": 0.9274656176567078,
          "y": 0.2453942447900772,
          "z": 0.0145955141633749
        },
        "matrix": [
          [
            0.8791370987892151,
            0.44696542620658875,
            0.16534821689128876,
            0.11895973980426788
          ],
          [
            0.4634142518043518,
            -0.7208105325698853,
            -0.5154411792755127,
            0.020768772810697556
          ],
          [
            -0.1111999899148941,
            0.5297710299491882,
            -0.8408277034759521,
            1.451371431350708
          ],
          [
            0.0,
            0.0,
            0.0,
            1.0
          ]
        ]
      },
      "bone_length_armature_space": 0.267969845402539,
      "parent": "spine_01",
      "has_children": true,
      "is_end_bone": false
    },
    "lowerarm_l": {
      "name": "lowerarm_l",
      "local": {
        "location": {
          "x": 0.0,
          "y": 0.0,
          "z": 0.0
        },
        "rotation_quaternion": {
          "w": 0.9795224666595459,
          "x": 0.09060691297054291,
          "y": 0.07050574570894241,
          "z": 0.16539371013641357
        },
        "scale": {
          "x": 1.0,
          "y": 1.0,
          "z": 1.0
        },
        "matrix_basis": [
          [
            0.9353477358818054,
            -0.311237096786499,
            0.16809554398059845,
            0.0
          ],
          [
            0.3367903232574463,
            0.9288706183433533,
            -0.1541806012392044,
            0.0
          ],
          [
            -0.10815230011940002,
            0.20082542300224304,
            0.973638653755188,
            0.0
          ],
          [
            0.0,
            0.0,
            0.0,
            1.0
          ]
        ],
        "rotation_mode": "QUATERNION"
      },
      "armature_space": {
        "head": {
          "x": 0.23873275518417358,
          "y": -0.2356305718421936,
          "z": 0.6434798240661621
        },
        "tail": {
          "x": 0.2609853446483612,
          "y": -0.49057045578956604,
          "z": 0.7214533090591431
        }
      },
      "world_space": {
        "head": {
          "x": 0.23873275518417358,
          "y": -0.17238657176494598,
          "z": 1.5933338403701782
        },
        "tail": {
          "x": 0.2609853446483612,
          "y": -0.4273264408111572,
          "z": 1.6713073253631592
        },
        "rotation_quaternion": {
          "w": 0.14596451818943024,
          "x": 0.9876023530960083,
          "y": 0.04706123471260071,
          "z": 0.033487044274806976
        },
        "matrix": [
          [
            0.993327796459198,
            0.08317967504262924,
            0.07988240569829941,
            0.23873275518417358
          ],
          [
            0.10273145139217377,
            -0.9529591202735901,
            -0.2851583957672119,
            -0.17238657176494598
          ],
          [
            0.052405647933483124,
            0.2914630174636841,
            -0.9551527500152588,
            1.5933338403701782
          ],
          [
            0.0,
            0.0,
            0.0,
            1.0
          ]
        ]
      },
      "bone_length_armature_space": 0.2675245495268989,
      "parent": "upperarm_l",
      "has_children": true,
      "is_end_bone": false
    },
    "metacarpal_thumb_l": {
      "name": "metacarpal_thumb_l",
      "local": {
        "location": {
          "x": 0.0,
          "y": 0.0,
          "z": 0.0
        },
        "rotation_quaternion": {
          "w": 0.9995378851890564,
          "x": -0.019523438066244125,
          "y": -0.021569039672613144,
          "z": 0.008817260153591633
        },
        "scale": {
          "x": 1.0,
          "y": 1.0,
          "z": 1.0
        },
        "matrix_basis": [
          [
            0.9989140629768372,
            -0.016784166917204857,
            -0.04346243292093277,
            0.0
          ],
          [
            0.018468575552105904,
            0.9990822076797485,
            0.03864847123622894,
            0.0
          ],
          [
            0.042773857712745667,
            -0.03940919041633606,
            0.9983072280883789,
            0.0
          ],
          [
            0.0,
            0.0,
            0.0,
            1.0
          ]
        ],
        "rotation_mode": "QUATERNION"
      },
      "armature_space": {
        "head": {
          "x": 0.2609853446483612,
          "y": -0.49057045578956604,
          "z": 0.7214533090591431
        },
        "tail": {
          "x": 0.27361491322517395,
          "y": -0.5354127883911133,
          "z": 0.7046232223510742
        }
      },
      "world_space": {
        "head": {
          "x": 0.2609853446483612,
          "y": -0.4273264408111572,
          "z": 1.6713073253631592
        },
        "tail": {
          "x": 0.27361491322517395,
          "y": -0.47216880321502686,
          "z": 1.6544772386550903
        },
        "rotation_quaternion": {
          "w": 0.21621030569076538,
          "x": -0.7092082500457764,
          "y": 0.02467368170619011,
          "z": -0.6705729961395264
        },
        "matrix": [
          [
            0.09944704174995422,
            0.25496959686279297,
            0.9618216753005981,
            0.2609853446483612
          ],
          [
            -0.32496634125709534,
            -0.9052894711494446,
            0.27358323335647583,
            -0.4273264408111572
          ],
          [
            0.9404885768890381,
            -0.3397700786590576,
            -0.007171686738729477,
            1.6713073253631592
          ],
          [
            0.0,
            0.0,
            0.0,
            1.0
          ]
        ]
      },
      "bone_length_armature_space": 0.04953375292311718,
      "parent": "lowerarm_l",
      "has_children": true,
      "is_end_bone": false
    },
    "thumb_01_l": {
      "name": "thumb_01_l",
      "local": {
        "location": {
          "x": 0.0,
          "y": 0.0,
          "z": 0.0
        },
        "rotation_quaternion": {
          "w": 0.9531092047691345,
          "x": 0.30244308710098267,
          "y": -0.005802048835903406,
          "z": -0.008798654191195965
        },
        "scale": {
          "x": 1.0,
          "y": 1.0,
          "z": 1.0
        },
        "matrix_basis": [
          [
            0.9997778534889221,
            0.01326257735490799,
            -0.016382155939936638,
            0.0
          ],
          [
            -0.020281735807657242,
            0.8169015049934387,
            -0.5764204859733582,
            0.0
          ],
          [
            0.005737788043916225,
            0.5766246914863586,
            0.816989004611969,
            0.0
          ],
          [
            0.0,
            0.0,
            0.0,
            1.0
          ]
        ],
        "rotation_mode": "QUATERNION"
      },
      "armature_space": {
        "head": {
          "x": 0.27361491322517395,
          "y": -0.5354127883911133,
          "z": 0.7046232223510742
        },
        "tail": {
          "x": 0.3015943765640259,
          "y": -0.5530291795730591,
          "z": 0.7127124667167664
        }
      },
      "world_space": {
        "head": {
          "x": 0.27361491322517395,
          "y": -0.47216880321502686,
          "z": 1.6544772386550903
        },
        "tail": {
          "x": 0.3015943765640259,
          "y": -0.48978519439697266,
          "z": 1.6625664234161377
        },
        "rotation_quaternion": {
          "w": 0.4891674816608429,
          "x": 0.16584034264087677,
          "y": -0.04408765211701393,
          "z": -0.8551424741744995
        },
        "matrix": [
          [
            -0.46642401814460754,
            0.8219931721687317,
            -0.32676613330841064,
            0.27361491322517395
          ],
          [
            -0.8512387275695801,
            -0.5175426006317139,
            -0.08684568107128143,
            -0.47216880321502686
          ],
          [
            -0.24050438404083252,
            0.2376500964164734,
            0.9411132335662842,
            1.6544772386550903
          ],
          [
            0.0,
            0.0,
            0.0,
            1.0
          ]
        ]
      },
      "bone_length_armature_space": 0.03403855866411875,
      "parent": "metacarpal_thumb_l",
      "has_children": true,
      "is_end_bone": false
    },
    "thumb_02_l": {
      "name": "thumb_02_l",
      "local": {
        "location": {
          "x": 0.0,
          "y": 0.0,
          "z": 0.0
        },
        "rotation_quaternion": {
          "w": 0.8839934468269348,
          "x": 0.46736031770706177,
          "y": -0.009325829334557056,
          "z": -0.006571413017809391
        },
        "scale": {
          "x": 1.0,
          "y": 1.0,
          "z": 1.0
        },
        "matrix_basis": [
          [
            0.9997397065162659,
            0.0029011268634349108,
            -0.02263037860393524,
            0.0
          ],
          [
            -0.02033521793782711,
            0.563062310218811,
            -0.8261643648147583,
            0.0
          ],
          [
            0.010345508344471455,
            0.8264094591140747,
            0.562974750995636,
            0.0
          ],
          [
            0.0,
            0.0,
            0.0,
            1.0
          ]
        ],
        "rotation_mode": "QUATERNION"
      },
      "armature_space": {
        "head": {
          "x": 0.30159443616867065,
          "y": -0.5530291795730591,
          "z": 0.7127124667167664
        },
        "tail": {
          "x": 0.26717278361320496,
          "y": -0.5661592483520508,
          "z": 0.7287103533744812
        }
      },
      "world_space": {
        "head": {
          "x": 0.30159443616867065,
          "y": -0.48978519439697266,
          "z": 1.6625664234161377
        },
        "tail": {
          "x": 0.26717278361320496,
          "y": -0.5029152631759644,
          "z": 1.6785643100738525
        },
        "rotation_quaternion": {
          "w": 0.1693502515554428,
          "x": -0.606261134147644,
          "y": 0.5548551082611084,
          "z": 0.5439704060554504
        },
        "matrix": [
          [
            -0.20753730833530426,
            -0.8570188879966736,
            -0.47164300084114075,
            0.30159443616867065
          ],
          [
            -0.48853081464767456,
            -0.32690882682800293,
            0.8089922070503235,
            -0.48978519439697266
          ],
          [
            -0.8475121259689331,
            0.3983107805252075,
            -0.3508358597755432,
            1.6625664234161377
          ],
          [
            0.0,
            0.0,
            0.0,
            1.0
          ]
        ]
      },
      "bone_length_armature_space": 0.04016442723806343,
      "parent": "thumb_01_l",
      "has_children": true,
      "is_end_bone": false
    },
    "thumb_03_l": {
      "name": "thumb_03_l",
      "local": {
        "location": {
          "x": 0.0,
          "y": 0.0,
          "z": 0.0
        },
        "rotation_quaternion": {
          "w": 0.9889835119247437,
          "x": 0.14787448942661285,
          "y": -0.006659853272140026,
          "z": -0.0006665177061222494
        },
        "scale": {
          "x": 1.0,
          "y": 1.0,
          "z": 1.0
        },
        "matrix_basis": [
          [
            0.9999104142189026,
            -0.0006512947729788721,
            -0.013370092026889324,
            0.0
          ],
          [
            -0.0032879947684705257,
            0.956265389919281,
            -0.2924819886684418,
            0.0
          ],
          [
            0.012975848279893398,
            0.29249975085258484,
            0.9561775922775269,
            0.0
          ],
          [
            0.0,
            0.0,
            0.0,
            1.0
          ]
        ],
        "rotation_mode": "QUATERNION"
      },
      "armature_space": {
        "head": {
          "x": 0.26717284321784973,
          "y": -0.5661593675613403,
          "z": 0.7287102937698364
        },
        "tail": {
          "x": 0.23771467804908752,
          "y": -0.5611298680305481,
          "z": 0.734525203704834
        }
      },
      "world_space": {
        "head": {
          "x": 0.26717284321784973,
          "y": -0.5029153823852539,
          "z": 1.6785643100738525
        },
        "tail": {
          "x": 0.23771467804908752,
          "y": -0.49788588285446167,
          "z": 1.68437922000885
        },
        "rotation_quaternion": {
          "w": 0.16997233033180237,
          "x": -0.5900576710700989,
          "y": 0.7441169619560242,
          "z": 0.2631186842918396
        },
        "matrix": [
          [
            -0.24588191509246826,
            -0.967589795589447,
            -0.05755433440208435,
            0.26717284321784973
          ],
          [
            -0.7886990904808044,
            0.16519924998283386,
            0.5921681523323059,
            -0.5029153823852539
          ],
          [
            -0.5634724497795105,
            0.19099809229373932,
            -0.8037615418434143,
            1.6785643100738525
          ],
          [
            0.0,
            0.0,
            0.0,
            1.0
          ]
        ]
      },
      "bone_length_armature_space": 0.030444909927925146,
      "parent": "thumb_02_l",
      "has_children": false,
      "is_end_bone": true
    },
    "metacarpal_index_l": {
      "name": "metacarpal_index_l",
      "local": {
        "location": {
          "x": 0.0,
          "y": 0.0,
          "z": 0.0
        },
        "rotation_quaternion": {
          "w": 0.999358594417572,
          "x": -0.03257578983902931,
          "y": -0.002960093319416046,
          "z": -0.014579101465642452
        },
        "scale": {
          "x": 1.0,
          "y": 1.0,
          "z": 1.0
        },
        "matrix_basis": [
          [
            0.999557375907898,
            0.02933235466480255,
            -0.004966537933796644,
            0.0
          ],
          [
            -0.0289466455578804,
            0.9974525570869446,
            0.06519610434770584,
            0.0
          ],
          [
            0.0068662408739328384,
            -0.06502348184585571,
            0.9978601336479187,
            0.0
          ],
          [
            0.0,
            0.0,
            0.0,
            1.0
          ]
        ],
        "rotation_mode": "QUATERNION"
      },
      "armature_space": {
        "head": {
          "x": 0.2609853446483612,
          "y": -0.49057045578956604,
          "z": 0.7214533090591431
        },
        "tail": {
          "x": 0.2744583785533905,
          "y": -0.6068277955055237,
          "z": 0.7271037697792053
        }
      },
      "world_space": {
        "head": {
          "x": 0.2609853446483612,
          "y": -0.4273264408111572,
          "z": 1.6713073253631592
        },
        "tail": {
          "x": 0.2744583785533905,
          "y": -0.5435838103294373,
          "z": 1.6769578456878662
        },
        "rotation_quaternion": {
          "w": 0.006321024615317583,
          "x": -0.876596212387085,
          "y": -0.06214558705687523,
          "z": -0.4771551787853241
        },
        "matrix": [
          [
            0.5369217395782471,
            0.11498543620109558,
            0.8357593417167664,
            0.2609853446483612
          ],
          [
            0.10292143374681473,
            -0.9921959638595581,
            0.07038793712854385,
            -0.4273264408111572
          ],
          [
            0.8373363018035889,
            0.048223841935396194,
            -0.544569730758667,
            1.6713073253631592
          ],
          [
            0.0,
            0.0,
            0.0,
            1.0
          ]
        ]
      },
      "bone_length_armature_space": 0.11717174967145942,
      "parent": "lowerarm_l",
      "has_children": true,
      "is_end_bone": false
    },
    "index_01_l": {
      "name": "index_01_l",
      "local": {
        "location": {
          "x": 0.0,
          "y": 0.0,
          "z": 0.0
        },
        "rotation_quaternion": {
          "w": 0.9523687958717346,
          "x": 0.30452650785446167,
          "y": -0.015420998446643353,
          "z": 0.004412410780787468
        },
        "scale": {
          "x": 1.0,
          "y": 1.0,
          "z": 1.0
        },
        "matrix_basis": [
          [
            0.999485433101654,
            -0.01779668964445591,
            -0.0266855638474226,
            0.0
          ],
          [
            -0.0009877209085971117,
            0.8144882917404175,
            -0.5801791548728943,
            0.0
          ],
          [
            0.032060347497463226,
            0.5799070000648499,
            0.8140515685081482,
            0.0
          ],
          [
            0.0,
            0.0,
            0.0,
            1.0
          ]
        ],
        "rotation_mode": "QUATERNION"
      },
      "armature_space": {
        "head": {
          "x": 0.2744583785533905,
          "y": -0.6068277955055237,
          "z": 0.7271037697792053
        },
        "tail": {
          "x": 0.29284152388572693,
          "y": -0.6286035180091858,
          "z": 0.7280769348144531
        }
      },
      "world_space": {
        "head": {
          "x": 0.2744583785533905,
          "y": -0.5435838103294373,
          "z": 1.6769578456878662
        },
        "tail": {
          "x": 0.29284152388572693,
          "y": -0.5653595328330994,
          "z": 1.6779309511184692
        },
        "rotation_quaternion": {
          "w": 0.128566712141037,
          "x": -0.8511220216751099,
          "y": -0.3187985122203827,
          "z": -0.39677393436431885
        },
        "matrix": [
          [
            0.48187580704689026,
            0.6446976065635681,
            0.5934315323829651,
            0.2744583785533905
          ],
          [
            0.4406498074531555,
            -0.7636755108833313,
            0.4718342125415802,
            -0.5435838103294373
          ],
          [
            0.7573851346969604,
            0.03412926197052002,
            -0.6520864963531494,
            1.6769578456878662
          ],
          [
            0.0,
            0.0,
            0.0,
            1.0
          ]
        ]
      },
      "bone_length_armature_space": 0.028514368006523173,
      "parent": "metacarpal_index_l",
      "has_children": true,
      "is_end_bone": false
    },
    "index_02_l": {
      "name": "index_02_l",
      "local": {
        "location": {
          "x": 0.0,
          "y": 0.0,
          "z": 0.0
        },
        "rotation_quaternion": {
          "w": 0.8903927803039551,
          "x": 0.45514047145843506,
          "y": 0.006035925820469856,
          "z": 0.0033889373298734426
        },
        "scale": {
          "x": 1.0,
          "y": 1.0,
          "z": 1.0
        },
        "matrix_basis": [
          [
            0.9999041557312012,
            -0.0005405824049375951,
            0.013833574950695038,
            0.0
          ],
          [
            0.01152935903519392,
            0.5856713056564331,
            -0.8104666471481323,
            0.0
          ],
          [
            -0.007663804572075605,
            0.8105484843254089,
            0.5856214165687561,
            0.0
          ],
          [
            0.0,
            0.0,
            0.0,
            1.0
          ]
        ],
        "rotation_mode": "QUATERNION"
      },
      "armature_space": {
        "head": {
          "x": 0.2928418517112732,
          "y": -0.6286037564277649,
          "z": 0.7280765771865845
        },
        "tail": {
          "x": 0.31457239389419556,
          "y": -0.6315016150474548,
          "z": 0.7147544622421265
        }
      },
      "world_space": {
        "head": {
          "x": 0.2928418517112732,
          "y": -0.5653597712516785,
          "z": 1.6779305934906006
        },
        "tail": {
          "x": 0.31457239389419556,
          "y": -0.5682576298713684,
          "z": 1.6646084785461426
        },
        "rotation_quaternion": {
          "w": 0.4814263582229614,
          "x": -0.7212837338447571,
          "y": -0.46016037464141846,
          "z": -0.19034425914287567
        },
        "matrix": [
          [
            0.5040417909622192,
            0.8470863103866577,
            -0.16848409175872803,
            0.2928418517112732
          ],
          [
            0.480541855096817,
            -0.11296159029006958,
            0.8696661591529846,
            -0.5653597712516785
          ],
          [
            0.7176554799079895,
            -0.5193155407905579,
            -0.4639999270439148,
            1.6779305934906006
          ],
          [
            0.0,
            0.0,
            0.0,
            1.0
          ]
        ]
      },
      "bone_length_armature_space": 0.025653319406740368,
      "parent": "index_01_l",
      "has_children": true,
      "is_end_bone": false
    },
    "index_03_l": {
      "name": "index_03_l",
      "local": {
        "location": {
          "x": 0.0,
          "y": 0.0,
          "z": 0.0
        },
        "rotation_quaternion": {
          "w": 0.930411696434021,
          "x": 0.3664087951183319,
          "y": -0.00865848083049059,
          "z": 0.001951814629137516
        },
        "scale": {
          "x": 1.0,
          "y": 1.0,
          "z": 1.0
        },
        "matrix_basis": [
          [
            0.9998424649238586,
            -0.009977069683372974,
            -0.014681579545140266,
            0.0
          ],
          [
            -0.002713104709982872,
            0.7314815521240234,
            -0.6818558573722839,
            0.0
          ],
          [
            0.01754222810268402,
            0.6817882657051086,
            0.7313392758369446,
            0.0
          ],
          [
            0.0,
            0.0,
            0.0,
            1.0
          ]
        ],
        "rotation_mode": "QUATERNION"
      },
      "armature_space": {
        "head": {
          "x": 0.31457239389419556,
          "y": -0.6315017342567444,
          "z": 0.7147544622421265
        },
        "tail": {
          "x": 0.3288116753101349,
          "y": -0.6133884191513062,
          "z": 0.6967854499816895
        }
      },
      "world_space": {
        "head": {
          "x": 0.31457239389419556,
          "y": -0.568257749080658,
          "z": 1.6646084785461426
        },
        "tail": {
          "x": 0.3288116753101349,
          "y": -0.5501444339752197,
          "z": 1.6466394662857056
        },
        "rotation_quaternion": {
          "w": 0.7267964482307434,
          "x": -0.43559762835502625,
          "y": -0.5307801961898804,
          "z": -0.01714620366692543
        },
        "matrix": [
          [
            0.43595829606056213,
            0.4873351454734802,
            -0.7566010355949402,
            0.31457239389419556
          ],
          [
            0.4374887943267822,
            0.6199225783348083,
            0.6513828039169312,
            -0.568257749080658
          ],
          [
            0.7864815592765808,
            -0.6149837374687195,
            0.0570579469203949,
            1.6646084785461426
          ],
          [
            0.0,
            0.0,
            0.0,
            1.0
          ]
        ]
      },
      "bone_length_armature_space": 0.029218739384315216,
      "parent": "index_02_l",
      "has_children": false,
      "is_end_bone": true
    },
    "metacarpal_pinky_l": {
      "name": "metacarpal_pinky_l",
      "local": {
        "location": {
          "x": 0.0,
          "y": 0.0,
          "z": 0.0
        },
        "rotation_quaternion": {
          "w": 0.9998282790184021,
          "x": -0.013382822275161743,
          "y": -0.012733714655041695,
          "z": 0.0014845185214653611
        },
        "scale": {
          "x": 1.0,
          "y": 1.0,
          "z": 1.0
        },
        "matrix_basis": [
          [
            0.9996712803840637,
            -0.0026277010329067707,
            -0.02550278976559639,
            0.0
          ],
          [
            0.00330935325473547,
            0.9996373653411865,
            0.026723241433501244,
            0.0
          ],
          [
            0.0254233218729496,
            -0.026798855513334274,
            0.9993175268173218,
            0.0
          ],
          [
            0.0,
            0.0,
            0.0,
            1.0
          ]
        ],
        "rotation_mode": "QUATERNION"
      },
      "armature_space": {
        "head": {
          "x": 0.2609853446483612,
          "y": -0.49057045578956604,
          "z": 0.7214533090591431
        },
        "tail": {
          "x": 0.2697545886039734,
          "y": -0.5751609206199646,
          "z": 0.7815432548522949
        }
      },
      "world_space": {
        "head": {
          "x": 0.2609853446483612,
          "y": -0.4273264408111572,
          "z": 1.6713073253631592
        },
        "tail": {
          "x": 0.2697545886039734,
          "y": -0.5119169354438782,
          "z": 1.731397271156311
        },
        "rotation_quaternion": {
          "w": 0.2717670500278473,
          "x": 0.7723100185394287,
          "y": -0.14130990207195282,
          "z": -0.5565172433853149
        },
        "matrix": [
          [
            0.3406410813331604,
            0.08421370387077332,
            -0.936414361000061,
            0.2609853446483612
          ],
          [
            -0.5207565426826477,
            -0.8123486638069153,
            -0.2624928057193756,
            -0.4273264408111572
          ],
          [
            -0.782806396484375,
            0.5770625472068787,
            -0.23286639153957367,
            1.6713073253631592
          ],
          [
            0.0,
            0.0,
            0.0,
            1.0
          ]
        ]
      },
      "bone_length_armature_space": 0.10413091859962946,
      "parent": "lowerarm_l",
      "has_children": true,
      "is_end_bone": false
    },
    "pinky_01_l": {
      "name": "pinky_01_l",
      "local": {
        "location": {
          "x": 0.0,
          "y": 0.0,
          "z": 0.0
        },
        "rotation_quaternion": {
          "w": 0.9490802884101868,
          "x": 0.31431421637535095,
          "y": -0.010898292995989323,
          "z": -0.018293069675564766
        },
        "scale": {
          "x": 1.0,
          "y": 1.0,
          "z": 1.0
        },
        "matrix_basis": [
          [
            0.9990931749343872,
            0.027872206643223763,
            -0.03218625485897064,
            0.0
          ],
          [
            -0.04157416149973869,
            0.8017438650131226,
            -0.5962201356887817,
            0.0
          ],
          [
            0.009187166579067707,
            0.5970175862312317,
            0.8021755814552307,
            0.0
          ],
          [
            0.0,
            0.0,
            0.0,
            1.0
          ]
        ],
        "rotation_mode": "QUATERNION"
      },
      "armature_space": {
        "head": {
          "x": 0.2697545886039734,
          "y": -0.5751609206199646,
          "z": 0.7815432548522949
        },
