{
  "metadata": {
    "armature_name": "KIM_caucasian_male",
    "export_time": "2026-01-13T20:59:55.575257",
    "blender_version": "4.4.1",
    "bone_count": 56,
    "end_bone_count": 13,
    "spaces_included": [
      "LOCAL_CHANNELS",
      "ARMATURE_SPACE",
      "WORLD_SPACE"
    ],
    "note": "LOCAL matches Transform panel; replay pose via local.matrix_basis for best fidelity."
  },
  "bones": {
    "Root": {
      "name": "Root",
      "local": {
        "location": {
          "x": 0.0,
          "y": 0.0,
          "z": 0.0
        },
        "rotation_quaternion": {
          "w": 0.9997490048408508,
          "x": -0.018404847010970116,
          "y": -0.006957365665584803,
          "z": -0.010721443220973015
        },
        "scale": {
          "x": 1.0,
          "y": 1.0,
          "z": 1.0
        },
        "matrix_basis": [
          [
            0.9996733069419861,
            0.021693602204322815,
            -0.01351658534258604,
            0.0
          ],
          [
            -0.02118140645325184,
            0.9990926384925842,
            0.03694964200258255,
            0.0
          ],
          [
            0.01430589146912098,
            -0.03665126860141754,
            0.9992257356643677,
            0.0
          ],
          [
            0.0,
            0.0,
            0.0,
            1.0
          ]
        ],
        "rotation_mode": "QUATERNION"
      },
      "armature_space": {
        "head": {
          "x": 0.0,
          "y": 0.07072800397872925,
          "z": -0.009595036506652832
        },
        "tail": {
          "x": 0.0015483996830880642,
          "y": 0.00041584670543670654,
          "z": 0.0025835828855633736
        }
      },
      "world_space": {
        "head": {
          "x": 0.0,
          "y": 0.13397200405597687,
          "z": 0.9402589797973633
        },
        "tail": {
          "x": 0.0015483996830880642,
          "y": 0.06365984678268433,
          "z": 0.9524375796318054
        },
        "rotation_quaternion": {
          "w": 0.08571379631757736,
          "x": 0.9962379336357117,
          "y": 0.010228385217487812,
          "z": -0.007663844618946314
        },
        "matrix": [
          [
            0.9996733069419861,
            0.021693602204322815,
            -0.01351658534258604,
            0.0
          ],
          [
            0.019066009670495987,
            -0.9850969910621643,
            -0.1709398627281189,
            0.13397200405597687
          ],
          [
            -0.01702355034649372,
            0.17062656581401825,
            -0.9851958155632019,
            0.9402589797973633
          ],
          [
            0.0,
            0.0,
            0.0,
            1.0
          ]
        ]
      },
      "bone_length_armature_space": 0.07137587828378274,
      "parent": null,
      "has_children": true,
      "is_end_bone": false
    },
    "spine_01": {
      "name": "spine_01",
      "local": {
        "location": {
          "x": 0.0,
          "y": 0.0,
          "z": 0.0
        },
        "rotation_quaternion": {
          "w": 0.9992132782936096,
          "x": 0.02967746928334236,
          "y": -0.015834229066967964,
          "z": -0.021008433774113655
        },
        "scale": {
          "x": 1.0,
          "y": 1.0,
          "z": 1.0
        },
        "matrix_basis": [
          [
            0.9986158609390259,
            0.041043970733881,
            -0.032890498638153076,
            0.0
          ],
          [
            -0.04292365163564682,
            0.9973557591438293,
            -0.05864293873310089,
            0.0
          ],
          [
            0.030396590009331703,
            0.05997354909777641,
            0.9977370500564575,
            0.0
          ],
          [
            0.0,
            0.0,
            0.0,
            1.0
          ]
        ],
        "rotation_mode": "QUATERNION"
      },
      "armature_space": {
        "head": {
          "x": 0.0015483996830880642,
          "y": 0.00041584670543670654,
          "z": 0.0025835828855633736
        },
        "tail": {
          "x": 0.02965100295841694,
          "y": 0.01233680173754692,
          "z": 0.4896325469017029
        }
      },
      "world_space": {
        "head": {
          "x": 0.0015483996830880642,
          "y": 0.06365984678268433,
          "z": 0.9524375796318054
        },
        "tail": {
          "x": 0.02965100295841694,
          "y": 0.07558080554008484,
          "z": 1.4394865036010742
        },
        "rotation_quaternion": {
          "w": 0.7155272960662842,
          "x": 0.6979584097862244,
          "y": 0.015313719399273396,
          "z": -0.025303354486823082
        },
        "matrix": [
          [
            0.9982505440711975,
            0.0575871542096138,
            -0.013406991958618164,
            0.0015483996830880642
          ],
          [
            -0.014834215864539146,
            0.024428125470876694,
            -0.999591588973999,
            0.06365984678268433
          ],
          [
            -0.05723653733730316,
            0.9980486035346985,
            0.02523890510201454,
            0.9524375796318054
          ],
          [
            0.0,
            0.0,
            0.0,
            1.0
          ]
        ]
      },
      "bone_length_armature_space": 0.4880046585017995,
      "parent": "Root",
      "has_children": true,
      "is_end_bone": false
    },
    "neck_01": {
      "name": "neck_01",
      "local": {
        "location": {
          "x": 0.0,
          "y": 0.0,
          "z": 0.0
        },
        "rotation_quaternion": {
          "w": 0.9882145524024963,
          "x": -0.0013664219295606017,
          "y": 0.11581600457429886,
          "z": -0.10008437186479568
        },
        "scale": {
          "x": 1.0,
          "y": 1.0,
          "z": 1.0
        },
        "matrix_basis": [
          [
            0.9531395435333252,
            0.19749316573143005,
            0.2291756421327591,
            0.0
          ],
          [
            -0.1981261670589447,
            0.9799625277519226,
            -0.020482107996940613,
            0.0
          ],
          [
            -0.22862860560417175,
            -0.025883380323648453,
            0.9731695652008057,
            0.0
          ],
          [
            0.0,
            0.0,
            0.0,
            1.0
          ]
        ],
        "rotation_mode": "QUATERNION"
      },
      "armature_space": {
        "head": {
          "x": 0.03340248763561249,
          "y": -0.020540885627269745,
          "z": 0.5635833740234375
        },
        "tail": {
          "x": 0.058548808097839355,
          "y": -0.054277725517749786,
          "z": 0.6570725440979004
        }
      },
      "world_space": {
        "head": {
          "x": 0.03340248763561249,
          "y": 0.042703114449977875,
          "z": 1.5134373903274536
        },
        "tail": {
          "x": 0.058548808097839355,
          "y": 0.008966274559497833,
          "z": 1.6069265604019165
        },
        "rotation_quaternion": {
          "w": 0.5573377013206482,
          "x": 0.8151237964630127,
          "y": 0.15760307013988495,
          "z": 0.010454527102410793
        },
        "matrix": [
          [
            0.9501038193702698,
            0.24527888000011444,
            0.19272080063819885,
            0.03340248763561249
          ],
          [
            0.2685864567756653,
            -0.32907140254974365,
            -0.9053031206130981,
            0.042703114449977875
          ],
          [
            -0.15863361954689026,
            0.9118999242782593,
            -0.3785340189933777,
            1.5134373903274536
          ],
          [
            0.0,
            0.0,
            0.0,
            1.0
          ]
        ]
      },
      "bone_length_armature_space": 0.10252188356999896,
      "parent": "spine_01",
      "has_children": true,
      "is_end_bone": false
    },
    "head": {
      "name": "head",
      "local": {
        "location": {
          "x": 0.0,
          "y": 0.0,
          "z": 0.0
        },
        "rotation_quaternion": {
          "w": 0.9903522729873657,
          "x": -0.0070365723222494125,
          "y": -0.04361633583903313,
          "z": -0.1313413381576538
        },
        "scale": {
          "x": 1.0,
          "y": 1.0,
          "z": 1.0
        },
        "matrix_basis": [
          [
            0.9616941213607788,
            0.26076221466064453,
            -0.08454269170761108,
            0.0
          ],
          [
            -0.2595345675945282,
            0.9653998613357544,
            0.025394625961780548,
            0.0
          ],
          [
            0.08823946118354797,
            -0.002480115042999387,
            0.9960961937904358,
            0.0
          ],
          [
            0.0,
            0.0,
            0.0,
            1.0
          ]
        ],
        "rotation_mode": "QUATERNION"
      },
      "armature_space": {
        "head": {
          "x": 0.05854881554841995,
          "y": -0.05427784472703934,
          "z": 0.6570724248886108
        },
        "tail": {
          "x": 0.12062688171863556,
          "y": -0.0401252806186676,
          "z": 0.7984912395477295
        }
      },
      "world_space": {
        "head": {
          "x": 0.05854881554841995,
          "y": 0.008966155350208282,
          "z": 1.606926441192627
        },
        "tail": {
          "x": 0.12062688171863556,
          "y": 0.023118719458580017,
          "z": 1.7483452558517456
        },
        "rotation_quaternion": {
          "w": 0.7077882885932922,
          "x": 0.6689395904541016,
          "y": 0.2113339751958847,
          "z": -0.08302723616361618
        },
        "matrix": [
          [
            0.8968894481658936,
            0.4002707004547119,
            0.1880771815776825,
            0.05854881554841995
          ],
          [
            0.1652054637670517,
            0.09125374257564545,
            -0.9820286631584167,
            0.008966155350208282
          ],
          [
            -0.41024261713027954,
            0.911848783493042,
            0.015716740861535072,
            1.606926441192627
          ],
          [
            0.0,
            0.0,
            0.0,
            1.0
          ]
        ]
      },
      "bone_length_armature_space": 0.15509114101969063,
      "parent": "neck_01",
      "has_children": false,
      "is_end_bone": true
    },
    "upperarm_l": {
      "name": "upperarm_l",
      "local": {
        "location": {
          "x": 0.0,
          "y": 0.0,
          "z": 0.0
        },
        "rotation_quaternion": {
          "w": 0.9765549898147583,
          "x": -0.15192490816116333,
          "y": -0.08261772990226746,
          "z": 0.12819381058216095
        },
        "scale": {
          "x": 1.0,
          "y": 1.0,
          "z": 1.0
        },
        "matrix_basis": [
          [
            0.9534813165664673,
            -0.2252732217311859,
            -0.20031318068504333,
            0.0
          ],
          [
            0.2754800021648407,
            0.9209703207015991,
            0.2755438983440399,
            0.0
          ],
          [
            0.12240985035896301,
            -0.31790822744369507,
            0.9401862621307373,
            0.0
          ],
          [
            0.0,
            0.0,
            0.0,
            1.0
          ]
        ],
        "rotation_mode": "QUATERNION"
      },
      "armature_space": {
        "head": {
          "x": 0.17922700941562653,
          "y": -0.027595601975917816,
          "z": 0.48800182342529297
        },
        "tail": {
          "x": 0.4279702305793762,
          "y": 0.06344789266586304,
          "z": 0.528567373752594
        }
      },
      "world_space": {
        "head": {
          "x": 0.17922700941562653,
          "y": 0.0356483981013298,
          "z": 1.437855839729309
        },
        "tail": {
          "x": 0.4279702305793762,
          "y": 0.12669189274311066,
          "z": 1.4784214496612549
        },
        "rotation_quaternion": {
          "w": 0.655133843421936,
          "x": 0.41392961144447327,
          "y": 0.4905875325202942,
          "z": -0.3984794318675995
        },
        "matrix": [
          [
            0.20107600092887878,
            0.9282521605491638,
            0.3129163086414337,
            0.17922700941562653
          ],
          [
            -0.11597875505685806,
            0.33975329995155334,
            -0.9333364367485046,
            0.0356483981013298
          ],
          [
            -0.972692608833313,
            0.15138119459152222,
            0.1759740710258484,
            1.437855839729309
          ],
          [
            0.0,
            0.0,
            0.0,
            1.0
          ]
        ]
      },
      "bone_length_armature_space": 0.26796953565062526,
      "parent": "spine_01",
      "has_children": true,
      "is_end_bone": false
    },
    "lowerarm_l": {
      "name": "lowerarm_l",
      "local": {
        "location": {
          "x": 0.0,
          "y": 0.0,
          "z": 0.0
        },
        "rotation_quaternion": {
          "w": 0.8282870650291443,
          "x": 0.4899440407752991,
          "y": -0.16019588708877563,
          "z": 0.21961934864521027
        },
        "scale": {
          "x": 1.0,
          "y": 1.0,
          "z": 1.0
        },
        "matrix_basis": [
          [
            0.852209210395813,
            -0.5207897424697876,
            -0.05017397925257683,
            0.0
          ],
          [
            0.20684169232845306,
            0.42344436049461365,
            -0.8819928765296936,
            0.0
          ],
          [
            0.480578750371933,
            0.7412644028663635,
            0.46858423948287964,
            0.0
          ],
          [
            0.0,
            0.0,
            0.0,
            1.0
          ]
        ],
        "rotation_mode": "QUATERNION"
      },
      "armature_space": {
        "head": {
          "x": 0.427970290184021,
          "y": 0.06344790011644363,
          "z": 0.5285674929618835
        },
        "tail": {
          "x": 0.5263392925262451,
          "y": -0.06472776085138321,
          "z": 0.7417914867401123
        }
      },
      "world_space": {
        "head": {
          "x": 0.427970290184021,
          "y": 0.12669190764427185,
          "z": 1.4784214496612549
        },
        "tail": {
          "x": 0.5263392925262451,
          "y": -0.0014837607741355896,
          "z": 1.6916455030441284
        },
        "rotation_quaternion": {
          "w": 0.5037370324134827,
          "x": 0.7130416631698608,
          "y": -0.08179749548435211,
          "z": -0.48075950145721436
        },
        "matrix": [
          [
            0.5243606567382812,
            0.36770105361938477,
            -0.7680116295814514,
            0.427970290184021
          ],
          [
            -0.6010017395019531,
            -0.4791175127029419,
            -0.6397215723991394,
            0.12669190764427185
          ],
          [
            -0.6031986474990845,
            0.7970261573791504,
            -0.030242115259170532,
            1.4784214496612549
          ],
          [
            0.0,
            0.0,
            0.0,
            1.0
          ]
        ]
      },
      "bone_length_armature_space": 0.2675255702957243,
      "parent": "upperarm_l",
      "has_children": true,
      "is_end_bone": false
    },
    "metacarpal_thumb_l": {
      "name": "metacarpal_thumb_l",
      "local": {
        "location": {
          "x": 0.0,
          "y": 0.0,
          "z": 0.0
        },
        "rotation_quaternion": {
          "w": 0.999823272228241,
          "x": -0.01663607358932495,
          "y": 0.0014735960867255926,
          "z": -0.008634359575808048
        },
        "scale": {
          "x": 1.0,
          "y": 1.0,
          "z": 1.0
        },
        "matrix_basis": [
          [
            0.9998465776443481,
            0.01721663773059845,
            0.0032339550089091063,
            0.0
          ],
          [
            -0.017314696684479713,
            0.9992973804473877,
            0.033240821212530136,
            0.0
          ],
          [
            -0.002659387653693557,
            -0.033291712403297424,
            0.9994421601295471,
            0.0
          ],
          [
            0.0,
            0.0,
            0.0,
            1.0
          ]
        ],
        "rotation_mode": "QUATERNION"
      },
      "armature_space": {
        "head": {
          "x": 0.5263392925262451,
          "y": -0.06472776085138321,
          "z": 0.7417914867401123
        },
        "tail": {
          "x": 0.5230084657669067,
          "y": -0.10652914643287659,
          "z": 0.7681570053100586
        }
      },
      "world_space": {
        "head": {
          "x": 0.5263392925262451,
          "y": -0.0014837607741355896,
          "z": 1.6916455030441284
        },
        "tail": {
          "x": 0.5230084657669067,
          "y": -0.04328514635562897,
          "z": 1.7180110216140747
        },
        "rotation_quaternion": {
          "w": 0.2767120599746704,
          "x": 0.9269488453865051,
          "y": 0.03848651424050331,
          "z": 0.250429630279541
        },
        "matrix": [
          [
            0.871607780456543,
            -0.06724348664283752,
            0.4855700433254242,
            0.5263392925262451
          ],
          [
            0.20994383096694946,
            -0.8438985347747803,
            -0.49371954798698425,
            -0.0014837607741355896
          ],
          [
            0.4429745078086853,
            0.5322750806808472,
            -0.7214365601539612,
            1.6916455030441284
          ],
          [
            0.0,
            0.0,
            0.0,
            1.0
          ]
        ]
      },
      "bone_length_armature_space": 0.04953373365312815,
      "parent": "lowerarm_l",
      "has_children": true,
      "is_end_bone": false
    },
    "thumb_01_l": {
      "name": "thumb_01_l",
      "local": {
        "location": {
          "x": 0.0,
          "y": 0.0,
          "z": 0.0
        },
        "rotation_quaternion": {
          "w": 0.9852350950241089,
          "x": 0.17092952132225037,
          "y": -0.008615478873252869,
          "z": 0.00455461023375392
        },
        "scale": {
          "x": 1.0,
          "y": 1.0,
          "z": 1.0
        },
        "matrix_basis": [
          [
            0.9998100399971008,
            -0.011920003220438957,
            -0.015419509261846542,
            0.0
          ],
          [
            0.00602944428101182,
            0.9415246844291687,
            -0.33689001202583313,
            0.0
          ],
          [
            0.018533578142523766,
            0.33673304319381714,
            0.9414177536964417,
            0.0
          ],
          [
            0.0,
            0.0,
            0.0,
            1.0
          ]
        ],
        "rotation_mode": "QUATERNION"
      },
      "armature_space": {
        "head": {
          "x": 0.5230084657669067,
          "y": -0.10652914643287659,
          "z": 0.7681570053100586
        },
        "tail": {
          "x": 0.5402337312698364,
          "y": -0.13572043180465698,
          "z": 0.7650290131568909
        }
      },
      "world_space": {
        "head": {
          "x": 0.5230084657669067,
          "y": -0.04328514635562897,
          "z": 1.7180110216140747
        },
        "tail": {
          "x": 0.5402337312698364,
          "y": -0.07247643172740936,
          "z": 1.7148830890655518
        },
        "rotation_quaternion": {
          "w": 0.24812594056129456,
          "x": -0.5089501738548279,
          "y": -0.09816350787878036,
          "z": -0.8183931112289429
        },
        "matrix": [
          [
            -0.3588060736656189,
            0.5060511827468872,
            0.7843281626701355,
            0.5230084657669067
          ],
          [
            -0.30620840191841125,
            -0.8575943112373352,
            0.4132416248321533,
            -0.04328514635562897
          ],
          [
            0.8817623257637024,
            -0.0918956845998764,
            0.46267077326774597,
            1.7180110216140747
          ],
          [
            0.0,
            0.0,
            0.0,
            1.0
          ]
        ]
      },
      "bone_length_armature_space": 0.0340385850362966,
      "parent": "metacarpal_thumb_l",
      "has_children": true,
      "is_end_bone": false
    },
    "thumb_02_l": {
      "name": "thumb_02_l",
      "local": {
        "location": {
          "x": 0.0,
          "y": 0.0,
          "z": 0.0
        },
        "rotation_quaternion": {
          "w": 0.9384456872940063,
          "x": 0.3452773988246918,
          "y": -0.0009566983208060265,
          "z": -0.010119188576936722
        },
        "scale": {
          "x": 1.0,
          "y": 1.0,
          "z": 1.0
        },
        "matrix_basis": [
          [
            0.9997933506965637,
            0.018331965431571007,
            -0.008783472701907158,
            0.0
          ],
          [
            -0.01965327002108097,
            0.7613622546195984,
            -0.6480287909507751,
            0.0
          ],
          [
            -0.005192235577851534,
            0.6480675339698792,
            0.7615652084350586,
            0.0
          ],
          [
            0.0,
            0.0,
            0.0,
            1.0
          ]
        ],
        "rotation_mode": "QUATERNION"
      },
      "armature_space": {
        "head": {
          "x": 0.5402336716651917,
          "y": -0.13572043180465698,
          "z": 0.7650289535522461
        },
        "tail": {
          "x": 0.5493073463439941,
          "y": -0.1254851520061493,
          "z": 0.8027927875518799
        }
      },
      "world_space": {
        "head": {
          "x": 0.5402336716651917,
          "y": -0.07247643172740936,
          "z": 1.7148829698562622
        },
        "tail": {
          "x": 0.5493073463439941,
          "y": -0.06224115192890167,
          "z": 1.752646803855896
        },
        "rotation_quaternion": {
          "w": 0.2636856436729431,
          "x": 0.0631038174033165,
          "y": -0.7469181418418884,
          "z": -0.6071253418922424
        },
        "matrix": [
          [
            -0.852976381778717,
            0.2259133905172348,
            -0.47052597999572754,
            0.5402336716651917
          ],
          [
            -0.41444578766822815,
            0.2548346519470215,
            0.8736671209335327,
            -0.07247643172740936
          ],
          [
            0.31728094816207886,
            0.9402315616607666,
            -0.12373903393745422,
            1.7148829698562622
          ],
          [
            0.0,
            0.0,
            0.0,
            1.0
          ]
        ]
      },
      "bone_length_armature_space": 0.04016465685044806,
      "parent": "thumb_01_l",
      "has_children": true,
      "is_end_bone": false
    },
    "thumb_03_l": {
      "name": "thumb_03_l",
      "local": {
        "location": {
          "x": 0.0,
          "y": 0.0,
          "z": 0.0
        },
        "rotation_quaternion": {
          "w": 0.9857988953590393,
          "x": 0.16791734099388123,
          "y": 0.0005922020645812154,
          "z": -0.0020230147056281567
        },
        "scale": {
          "x": 1.0,
          "y": 1.0,
          "z": 1.0
        },
        "matrix_basis": [
          [
            0.9999911189079285,
            0.004187453538179398,
            0.0004881857894361019,
            0.0
          ],
          [
            -0.003789689391851425,
            0.9435993432998657,
            -0.33106786012649536,
            0.0
          ],
          [
            -0.001846982748247683,
            0.33106306195259094,
            0.9436068534851074,
            0.0
          ],
          [
            0.0,
            0.0,
            0.0,
            1.0
          ]
        ],
        "rotation_mode": "QUATERNION"
      },
      "armature_space": {
        "head": {
          "x": 0.5493072867393494,
          "y": -0.12548524141311646,
          "z": 0.8027927875518799
        },
        "tail": {
          "x": 0.5476502776145935,
          "y": -0.10406139492988586,
          "z": 0.8243606090545654
        }
      },
      "world_space": {
        "head": {
          "x": 0.5493072867393494,
          "y": -0.062241241335868835,
          "z": 1.752646803855896
        },
        "tail": {
          "x": 0.5476502776145935,
          "y": -0.040817394852638245,
          "z": 1.7742146253585815
        },
        "rotation_quaternion": {
          "w": 0.42319318652153015,
          "x": 0.20217138528823853,
          "y": -0.8202155232429504,
          "z": -0.3275374174118042
        },
        "matrix": [
          [
            -0.5600687861442566,
            -0.0544266402721405,
            -0.8266565799713135,
            0.5493072867393494
          ],
          [
            -0.6088714003562927,
            0.7036926746368408,
            0.3661864399909973,
            -0.062241241335868835
          ],
          [
            0.5617848038673401,
            0.7084226012229919,
            -0.42725783586502075,
            1.752646803855896
          ],
          [
            0.0,
            0.0,
            0.0,
            1.0
          ]
        ]
      },
      "bone_length_armature_space": 0.03044499626582708,
      "parent": "thumb_02_l",
      "has_children": false,
      "is_end_bone": true
    },
    "metacarpal_index_l": {
      "name": "metacarpal_index_l",
      "local": {
        "location": {
          "x": 0.0,
          "y": 0.0,
          "z": 0.0
        },
        "rotation_quaternion": {
          "w": 0.9995172023773193,
          "x": -0.028355112299323082,
          "y": 0.012662135995924473,
          "z": 0.001032203552313149
        },
        "scale": {
          "x": 1.0,
          "y": 1.0,
          "z": 1.0
        },
        "matrix_basis": [
          [
            0.9996771812438965,
            -0.0027814828790724277,
            0.025253508239984512,
            0.0
          ],
          [
            0.0013453378342092037,
            0.9983898401260376,
            0.056708984076976776,
            0.0
          ],
          [
            -0.025370581075549126,
            -0.05665670707821846,
            0.9980713129043579,
            0.0
          ],
          [
            0.0,
            0.0,
            0.0,
            1.0
          ]
        ],
        "rotation_mode": "QUATERNION"
      },
      "armature_space": {
        "head": {
          "x": 0.5263392925262451,
          "y": -0.06472776085138321,
          "z": 0.7417914867401123
        },
        "tail": {
          "x": 0.5430910587310791,
          "y": -0.13957719504833221,
          "z": 0.8303706049919128
        }
      },
      "world_space": {
        "head": {
          "x": 0.5263392925262451,
          "y": -0.0014837607741355896,
          "z": 1.6916455030441284
        },
        "tail": {
          "x": 0.5430910587310791,
          "y": -0.0763331949710846,
          "z": 1.7802245616912842
        },
        "rotation_quaternion": {
          "w": 0.42119789123535156,
          "x": 0.9039086699485779,
          "y": 0.056495301425457,
          "z": -0.048473820090293884
        },
        "matrix": [
          [
            0.9889171123504639,
            0.14296747744083405,
            -0.04003988206386566,
            0.5263392925262451
          ],
          [
            0.06129941716790199,
            -0.638801097869873,
            -0.7669263482093811,
            -0.0014837607741355896
          ],
          [
            -0.1352238804101944,
            0.7559767365455627,
            -0.6404900550842285,
            1.6916455030441284
          ],
          [
            0.0,
            0.0,
            0.0,
            1.0
          ]
        ]
      },
      "bone_length_armature_space": 0.11717218147432296,
      "parent": "lowerarm_l",
      "has_children": true,
      "is_end_bone": false
    },
    "index_01_l": {
      "name": "index_01_l",
      "local": {
        "location": {
          "x": 0.0,
          "y": 0.0,
          "z": 0.0
        },
        "rotation_quaternion": {
          "w": 0.974334716796875,
          "x": 0.2239753156900406,
          "y": 0.02246612310409546,
          "z": 0.0014787879772484303
        },
        "scale": {
          "x": 1.0,
          "y": 1.0,
          "z": 1.0
        },
        "matrix_basis": [
          [
            0.9989861845970154,
            0.00718204490840435,
            0.04444147273898125,
            0.0
          ],
          [
            0.012945382855832577,
            0.8996657133102417,
            -0.43638741970062256,
            0.0
          ],
          [
            -0.04311662167310715,
            0.4365203082561493,
            0.8986606597900391,
            0.0
          ],
          [
            0.0,
            0.0,
            0.0,
            1.0
          ]
        ],
        "rotation_mode": "QUATERNION"
      },
      "armature_space": {
        "head": {
          "x": 0.5430910587310791,
          "y": -0.13957719504833221,
          "z": 0.8303706049919128
        },
        "tail": {
          "x": 0.5559577345848083,
          "y": -0.16197051107883453,
          "z": 0.842456042766571
        }
      },
      "world_space": {
        "head": {
          "x": 0.5430910587310791,
          "y": -0.0763331949710846,
          "z": 1.7802245616912842
        },
        "tail": {
          "x": 0.5559577345848083,
          "y": -0.09872651100158691,
          "z": 1.7923099994659424
        },
        "rotation_quaternion": {
          "w": 0.2551921010017395,
          "x": 0.9357150793075562,
          "y": 0.20544983446598053,
          "z": -0.1307847946882248
        },
        "matrix": [
          [
            0.8813714385032654,
            0.4512358009815216,
            -0.1398954689502716,
            0.5430910587310791
          ],
          [
            0.3177349865436554,
            -0.7853345274925232,
            -0.5313140749931335,
            -0.0763331949710846
          ],
          [
            -0.3496147096157074,
            0.4238375425338745,
            -0.8355507850646973,
            1.7802245616912842
          ],
          [
            0.0,
            0.0,
            0.0,
            1.0
          ]
        ]
      },
      "bone_length_armature_space": 0.028514378521241838,
      "parent": "metacarpal_index_l",
      "has_children": true,
      "is_end_bone": false
    },
    "index_02_l": {
      "name": "index_02_l",
      "local": {
        "location": {
          "x": 0.0,
          "y": 0.0,
          "z": 0.0
        },
        "rotation_quaternion": {
          "w": 0.9068630337715149,
          "x": 0.4212403893470764,
          "y": 0.009744840674102306,
          "z": 0.007814963348209858
        },
        "scale": {
          "x": 1.0,
          "y": 1.0,
          "z": 1.0
        },
        "matrix_basis": [
          [
            0.999687910079956,
            -0.005964361596852541,
            0.024258427321910858,
            0.0
          ],
          [
            0.022384043782949448,
            0.6449909210205078,
            -0.7638623714447021,
            0.0
          ],
          [
            -0.011090515181422234,
            0.7641670107841492,
            0.6449231505393982,
            0.0
          ],
          [
            0.0,
            0.0,
            0.0,
            1.0
          ]
        ],
        "rotation_mode": "QUATERNION"
      },
      "armature_space": {
        "head": {
          "x": 0.5559576749801636,
          "y": -0.1619710475206375,
          "z": 0.842456042766571
        },
        "tail": {
          "x": 0.560285747051239,
          "y": -0.18588344752788544,
          "z": 0.834236741065979
        }
      },
      "world_space": {
        "head": {
          "x": 0.5559576749801636,
          "y": -0.09872704744338989,
          "z": 1.7923099994659424
        },
        "tail": {
          "x": 0.560285747051239,
          "y": -0.12263944745063782,
          "z": 1.7840907573699951
        },
        "rotation_quaternion": {
          "w": 0.13899867236614227,
          "x": -0.9567611813545227,
          "y": -0.12087370455265045,
          "z": 0.22511547803878784
        },
        "matrix": [
          [
            0.8694250583648682,
            0.16871343553066254,
            -0.4643661379814148,
            0.5559576749801636
          ],
          [
            0.2938760817050934,
            -0.9321383237838745,
            0.2115551233291626,
            -0.09872704744338989
          ],
          [
            -0.3971635699272156,
            -0.3204004168510437,
            -0.8600108623504639,
            1.7923099994659424
          ],
          [
            0.0,
            0.0,
            0.0,
            1.0
          ]
        ]
      },
      "bone_length_armature_space": 0.02565330433908555,
      "parent": "index_01_l",
      "has_children": true,
      "is_end_bone": false
    },
    "index_03_l": {
      "name": "index_03_l",
      "local": {
        "location": {
          "x": 0.0,
          "y": 0.0,
          "z": 0.0
        },
        "rotation_quaternion": {
          "w": 0.9687570333480835,
          "x": 0.24796940386295319,
          "y": 0.004587440751492977,
          "z": 0.0002056316297966987
        },
        "scale": {
          "x": 1.0,
          "y": 1.0,
          "z": 1.0
        },
        "matrix_basis": [
          [
            0.999957799911499,
            0.0018766757566481829,
            0.0089902114123106,
            0.0
          ],
          [
            0.002673504175618291,
            0.8770222663879395,
            -0.4804423153400421,
            0.0
          ],
          [
            -0.008786249905824661,
            0.48044610023498535,
            0.8769802451133728,
            0.0
          ],
          [
            0.0,
            0.0,
            0.0,
            1.0
          ]
        ],
        "rotation_mode": "QUATERNION"
      },
      "armature_space": {
        "head": {
          "x": 0.560285747051239,
          "y": -0.18588346242904663,
          "z": 0.8342368602752686
        },
        "tail": {
          "x": 0.559717059135437,
          "y": -0.20393744111061096,
          "z": 0.8112701177597046
        }
      },
      "world_space": {
        "head": {
          "x": 0.560285747051239,
          "y": -0.12263946235179901,
          "z": 1.7840908765792847
        },
        "tail": {
          "x": 0.559717059135437,
          "y": -0.14069344103336334,
          "z": 1.7611241340637207
        },
        "rotation_quaternion": {
          "w": 0.42676177620887756,
          "x": -0.8730632662773132,
          "y": -0.09449294954538345,
          "z": 0.2161160111427307
        },
        "matrix": [
          [
            0.8887301087379456,
            -0.01946304738521576,
            -0.4580174386501312,
            0.560285747051239
          ],
          [
            0.34945639967918396,
            -0.6178918480873108,
            0.7043368816375732,
            -0.12263946235179901
          ],
          [
            -0.29671531915664673,
            -0.7860283851623535,
            -0.5423406362533569,
            1.7840908765792847
          ],
          [
            0.0,
            0.0,
            0.0,
            1.0
          ]
        ]
      },
      "bone_length_armature_space": 0.0292188430466242,
      "parent": "index_02_l",
      "has_children": false,
      "is_end_bone": true
    },
    "metacarpal_pinky_l": {
      "name": "metacarpal_pinky_l",
      "local": {
        "location": {
          "x": 0.0,
          "y": 0.0,
          "z": 0.0
        },
        "rotation_quaternion": {
          "w": 0.9995144605636597,
          "x": -0.0303358044475317,
          "y": -0.006745148915797472,
          "z": 0.0022571992594748735
        },
        "scale": {
          "x": 1.0,
          "y": 1.0,
          "z": 1.0
        },
        "matrix_basis": [
          [
            0.9998987913131714,
            -0.00410296767950058,
            -0.013620696030557156,
            0.0
          ],
          [
            0.004921445623040199,
            0.9981492757797241,
            0.060611698776483536,
            0.0
          ],
          [
            0.013346799649298191,
            -0.06067259982228279,
            0.9980685114860535,
            0.0
          ],
          [
            0.0,
            0.0,
            0.0,
            1.0
          ]
        ],
        "rotation_mode": "QUATERNION"
      },
      "armature_space": {
        "head": {
          "x": 0.5263392925262451,
          "y": -0.06472776085138321,
          "z": 0.7417914867401123
        },
        "tail": {
          "x": 0.5917036533355713,
          "y": -0.09430347383022308,
          "z": 0.8172637820243835
        }
      },
      "world_space": {
        "head": {
          "x": 0.5263392925262451,
          "y": -0.0014837607741355896,
          "z": 1.6916455030441284
        },
        "tail": {
          "x": 0.5917036533355713,
          "y": -0.031059473752975464,
          "z": 1.7671177387237549
        },
        "rotation_quaternion": {
          "w": 0.48460668325424194,
          "x": 0.18290694057941437,
          "y": -0.35091814398765564,
          "z": -0.7801011800765991
        },
        "matrix": [
          [
            -0.46340101957321167,
            0.6277141571044922,
            -0.6254875063896179,
            0.5263392925262451
          ],
          [
            -0.8844563961029053,
            -0.28402477502822876,
            0.3702259063720703,
            -0.0014837607741355896
          ],
          [
            0.054741837084293365,
            0.7247840166091919,
            0.6868081092834473,
            1.6916455030441284
          ],
          [
            0.0,
            0.0,
            0.0,
            1.0
          ]
        ]
      },
      "bone_length_armature_space": 0.10413111906556774,
      "parent": "lowerarm_l",
      "has_children": true,
      "is_end_bone": false
    },
    "pinky_01_l": {
      "name": "pinky_01_l",
      "local": {
        "location": {
          "x": 0.0,
          "y": 0.0,
          "z": 0.0
        },
        "rotation_quaternion": {
          "w": 0.9407743811607361,
          "x": 0.3387245237827301,
          "y": 0.0064293863251805305,
          "z": -0.012964433990418911
        },
        "scale": {
          "x": 1.0,
          "y": 1.0,
          "z": 1.0
        },
        "matrix_basis": [
          [
            0.9995811581611633,
            0.02874879725277424,
            0.0033144603949040174,
            0.0
          ],
          [
            -0.020037632435560226,
            0.7701952457427979,
            -0.6374934315681458,
            0.0
          ],
          [
            -0.020879946649074554,
            0.6371600031852722,
            0.7704487442970276,
            0.0
          ],
          [
            0.0,
            0.0,
            0.0,
            1.0
          ]
        ],
        "rotation_mode": "QUATERNION"
      },
      "armature_space": {
        "head": {
          "x": 0.5917036533355713,
          "y": -0.09430347383022308,
          "z": 0.8172637820243835
        },
        "tail": {
