{
  "metadata": {
    "armature_name": "KIM_caucasian_male",
    "export_time": "2026-01-13T20:25:58.649882",
    "blender_version": "4.4.1",
    "bone_count": 56,
    "end_bone_count": 13,
    "spaces_included": [
      "LOCAL_CHANNELS",
      "ARMATURE_SPACE",
      "WORLD_SPACE"
    ],
    "note": "LOCAL matches Transform panel; replay pose via local.matrix_basis for best fidelity."
  },
  "bones": {
    "Root": {
      "name": "Root",
      "local": {
        "location": {
          "x": 0.0,
          "y": 0.0,
          "z": 0.0
        },
        "rotation_quaternion": {
          "w": 0.9996280670166016,
          "x": -0.01087426207959652,
          "y": -0.01509600505232811,
          "z": -0.019941875711083412
        },
        "scale": {
          "x": 1.0,
          "y": 1.0,
          "z": 1.0
        },
        "matrix_basis": [
          [
            0.9987488389015198,
            0.040197234600782394,
            -0.029747074469923973,
            0.0
          ],
          [
            -0.039540600031614304,
            0.9989681243896484,
            0.022342519834637642,
            0.0
          ],
          [
            0.030614487826824188,
            -0.021138349547982216,
            0.9993077516555786,
            0.0
          ],
          [
            0.0,
            0.0,
            0.0,
            1.0
          ]
        ],
        "rotation_mode": "QUATERNION"
      },
      "armature_space": {
        "head": {
          "x": 0.0,
          "y": 0.07072800397872925,
          "z": -0.009595036506652832
        },
        "tail": {
          "x": 0.0028691126499325037,
          "y": 0.0002758130431175232,
          "z": 0.0014851829037070274
        }
      },
      "world_space": {
        "head": {
          "x": 0.0,
          "y": 0.13397200405597687,
          "z": 0.9402589797973633
        },
        "tail": {
          "x": 0.0028691126499325037,
          "y": 0.06351981312036514,
          "z": 0.9513391852378845
        },
        "rotation_quaternion": {
          "w": 0.07819214463233948,
          "x": 0.9966245293617249,
          "y": 0.018879586830735207,
          "z": -0.016405155882239342
        },
        "matrix": [
          [
            0.9987488389015198,
            0.040197234600782394,
            -0.029747074469923973,
            0.0
          ],
          [
            0.03506620228290558,
            -0.9870589971542358,
            -0.15647634863853455,
            0.13397200405597687
          ],
          [
            -0.03565225377678871,
            0.15523761510849,
            -0.987240731716156,
            0.9402589797973633
          ],
          [
            0.0,
            0.0,
            0.0,
            1.0
          ]
        ]
      },
      "bone_length_armature_space": 0.07137586571506993,
      "parent": null,
      "has_children": true,
      "is_end_bone": false
    },
    "spine_01": {
      "name": "spine_01",
      "local": {
        "location": {
          "x": 0.0,
          "y": 0.0,
          "z": 0.0
        },
        "rotation_quaternion": {
          "w": 0.9956272840499878,
          "x": -0.0478920117020607,
          "y": 0.050646137446165085,
          "z": -0.062190037220716476
        },
        "scale": {
          "x": 1.0,
          "y": 1.0,
          "z": 1.0
        },
        "matrix_basis": [
          [
            0.9871347546577454,
            0.11898510158061981,
            0.10680616647005081,
            0.0
          ],
          [
            -0.1286872923374176,
            0.9876775145530701,
            0.08906581997871399,
            0.0
          ],
          [
            -0.09489253908395767,
            -0.10166455805301666,
            0.9902826547622681,
            0.0
          ],
          [
            0.0,
            0.0,
            0.0,
            1.0
          ]
        ],
        "rotation_mode": "QUATERNION"
      },
      "armature_space": {
        "head": {
          "x": 0.0028691126499325037,
          "y": 0.0002758130431175232,
          "z": 0.0014851829037070274
        },
        "tail": {
          "x": 0.0749911218881607,
          "y": 0.08505145460367203,
          "z": 0.4766272306442261
        }
      },
      "world_space": {
        "head": {
          "x": 0.0028691126499325037,
          "y": 0.06351981312036514,
          "z": 0.9513391852378845
        },
        "tail": {
          "x": 0.0749911218881607,
          "y": 0.14829546213150024,
          "z": 1.4264812469482422
        },
        "rotation_quaternion": {
          "w": 0.758934497833252,
          "x": 0.6426963210105896,
          "y": 0.10429884493350983,
          "z": -0.009042751975357533
        },
        "matrix": [
          [
            0.9780800938606262,
            0.14779062569141388,
            0.1466875821352005,
            0.0028691126499325037
          ],
          [
            0.12033821642398834,
            0.17372013628482819,
            -0.9774150252342224,
            0.06351981312036514
          ],
          [
            -0.16993644833564758,
            0.9736493229866028,
            0.15212753415107727,
            0.9513391852378845
          ],
          [
            0.0,
            0.0,
            0.0,
            1.0
          ]
        ]
      },
      "bone_length_armature_space": 0.48800458651821216,
      "parent": "Root",
      "has_children": true,
      "is_end_bone": false
    },
    "neck_01": {
      "name": "neck_01",
      "local": {
        "location": {
          "x": 0.0,
          "y": 0.0,
          "z": 0.0
        },
        "rotation_quaternion": {
          "w": 0.9987086057662964,
          "x": -0.03734348714351654,
          "y": 0.004782692529261112,
          "z": 0.03411639481782913
        },
        "scale": {
          "x": 1.0,
          "y": 1.0,
          "z": 1.0
        },
        "matrix_basis": [
          [
            0.9976264238357544,
            -0.06850188225507736,
            0.0070049818605184555,
            0.0
          ],
          [
            0.06778746843338013,
            0.9948830604553223,
            0.07491686195135117,
            0.0
          ],
          [
            -0.012101083062589169,
            -0.07426419109106064,
            0.9971652030944824,
            0.0
          ],
          [
            0.0,
            0.0,
            0.0,
            1.0
          ]
        ],
        "rotation_mode": "QUATERNION"
      },
      "armature_space": {
        "head": {
          "x": 0.09089931100606918,
          "y": 0.063873790204525,
          "z": 0.5531921982765198
        },
        "tail": {
          "x": 0.10306470096111298,
          "y": 0.04894532263278961,
          "z": 0.6538892984390259
        }
      },
      "world_space": {
        "head": {
          "x": 0.09089931100606918,
          "y": 0.12711778283119202,
          "z": 1.5030462741851807
        },
        "tail": {
          "x": 0.10306470096111298,
          "y": 0.11218932271003723,
          "z": 1.603743314743042
        },
        "rotation_quaternion": {
          "w": 0.6489943265914917,
          "x": 0.7568393349647522,
          "y": 0.07745727151632309,
          "z": -0.0010913261212408543
        },
        "matrix": [
          [
            0.987998366355896,
            0.1186620369553566,
            0.09888745099306107,
            0.09089931100606918
          ],
          [
            0.11582953482866287,
            -0.14561328291893005,
            -0.9825379252433777,
            0.12711778283119202
          ],
          [
            -0.10219123959541321,
            0.982206404209137,
            -0.15761226415634155,
            1.5030462741851807
          ],
          [
            0.0,
            0.0,
            0.0,
            1.0
          ]
        ]
      },
      "bone_length_armature_space": 0.10252200599283157,
      "parent": "spine_01",
      "has_children": true,
      "is_end_bone": false
    },
    "head": {
      "name": "head",
      "local": {
        "location": {
          "x": 0.0,
          "y": 0.0,
          "z": 0.0
        },
        "rotation_quaternion": {
          "w": 0.9930134415626526,
          "x": -0.03431626036763191,
          "y": -0.11286897957324982,
          "z": -0.0027060171123594046
        },
        "scale": {
          "x": 1.0,
          "y": 1.0,
          "z": 1.0
        },
        "matrix_basis": [
          [
            0.9745065569877625,
            0.013120705261826515,
            -0.22397510707378387,
            0.0
          ],
          [
            0.0023722597397863865,
            0.9976301193237305,
            0.068763867020607,
            0.0
          ],
          [
            0.22434654831886292,
            -0.067542165517807,
            0.9721660017967224,
            0.0
          ],
          [
            0.0,
            0.0,
            0.0,
            1.0
          ]
        ],
        "rotation_mode": "QUATERNION"
      },
      "armature_space": {
        "head": {
          "x": 0.10306470841169357,
          "y": 0.04894517734646797,
          "z": 0.6538892388343811
        },
        "tail": {
          "x": 0.11518286168575287,
          "y": 0.09326472878456116,
          "z": 0.8020183444023132
        }
      },
      "world_space": {
        "head": {
          "x": 0.10306470841169357,
          "y": 0.11218917369842529,
          "z": 1.603743314743042
        },
        "tail": {
          "x": 0.11518286168575287,
          "y": 0.15650872886180878,
          "z": 1.7518723011016846
        },
        "rotation_quaternion": {
          "w": 0.801709771156311,
          "x": 0.5948059558868408,
          "y": -0.01201469637453556,
          "z": -0.05764487385749817
        },
        "matrix": [
          [
            0.9930655360221863,
            0.07813616096973419,
            -0.08784005045890808,
            0.10306470841169357
          ],
          [
            -0.10672222822904587,
            0.2857663035392761,
            -0.952338457107544,
            0.11218917369842529
          ],
          [
            -0.04931080713868141,
            0.9551156759262085,
            0.29212459921836853,
            1.603743314743042
          ],
          [
            0.0,
            0.0,
            0.0,
            1.0
          ]
        ]
      },
      "bone_length_armature_space": 0.15509127660131172,
      "parent": "neck_01",
      "has_children": false,
      "is_end_bone": true
    },
    "upperarm_l": {
      "name": "upperarm_l",
      "local": {
        "location": {
          "x": 0.0,
          "y": 0.0,
          "z": 0.0
        },
        "rotation_quaternion": {
          "w": -0.741769015789032,
          "x": 0.41023218631744385,
          "y": 0.03047933056950569,
          "z": 0.5296785235404968
        },
        "scale": {
          "x": 1.0,
          "y": 1.0,
          "z": 1.0
        },
        "matrix_basis": [
          [
            0.4370233416557312,
            0.8108054399490356,
            0.3893651068210602,
            0.0
          ],
          [
            -0.760791003704071,
            0.10230042785406113,
            0.6408835649490356,
            0.0
          ],
          [
            0.4797995984554291,
            -0.5763065814971924,
            0.661561131477356,
            0.0
          ],
          [
            0.0,
            0.0,
            0.0,
            1.0
          ]
        ],
        "rotation_mode": "QUATERNION"
      },
      "armature_space": {
        "head": {
          "x": 0.22814646363258362,
          "y": 0.06713208556175232,
          "z": 0.4627501368522644
        },
        "tail": {
          "x": 0.18907475471496582,
          "y": 0.1888645589351654,
          "z": 0.22724436223506927
        }
      },
      "world_space": {
        "head": {
          "x": 0.22814646363258362,
          "y": 0.13037608563899994,
          "z": 1.4126040935516357
        },
        "tail": {
          "x": 0.18907475471496582,
          "y": 0.2521085739135742,
          "z": 1.1770983934402466
        },
        "rotation_quaternion": {
          "w": 0.2755337953567505,
          "x": -0.24741818010807037,
          "y": 0.8069821000099182,
          "z": -0.46004942059516907
        },
        "matrix": [
          [
            -0.7257307171821594,
            -0.14580661058425903,
            0.6723507046699524,
            0.22814646363258362
          ],
          [
            -0.65284264087677,
            0.45427748560905457,
            -0.606158971786499,
            0.13037608563899994
          ],
          [
            -0.21705380082130432,
            -0.8788531422615051,
            -0.4248753488063812,
            1.4126040935516357
          ],
          [
            0.0,
            0.0,
            0.0,
            1.0
          ]
        ]
      },
      "bone_length_armature_space": 0.26797082830859015,
      "parent": "spine_01",
      "has_children": true,
      "is_end_bone": false
    },
    "lowerarm_l": {
      "name": "lowerarm_l",
      "local": {
        "location": {
          "x": 0.0,
          "y": 0.0,
          "z": 0.0
        },
        "rotation_quaternion": {
          "w": 0.8961929082870483,
          "x": 0.3148983418941498,
          "y": -0.18548783659934998,
          "z": 0.2515387237071991
        },
        "scale": {
          "x": 1.0,
          "y": 1.0,
          "z": 1.0
        },
        "matrix_basis": [
          [
            0.8046450614929199,
            -0.5676740407943726,
            -0.17404751479625702,
            0.0
          ],
          [
            0.33403483033180237,
            0.6751345992088318,
            -0.6577340960502625,
            0.0
          ],
          [
            0.49088403582572937,
            0.47110456228256226,
            0.7328665852546692,
            0.0
          ],
          [
            0.0,
            0.0,
            0.0,
            1.0
          ]
        ],
        "rotation_mode": "QUATERNION"
      },
      "armature_space": {
        "head": {
          "x": 0.18907484412193298,
          "y": 0.18886464834213257,
          "z": 0.2272442877292633
        },
        "tail": {
          "x": 0.37976595759391785,
          "y": 0.30238568782806396,
          "z": 0.07784713804721832
        }
      },
      "world_space": {
        "head": {
          "x": 0.18907484412193298,
          "y": 0.252108633518219,
          "z": 1.177098274230957
        },
        "tail": {
          "x": 0.37976595759391785,
          "y": 0.3656296730041504,
          "z": 1.0277011394500732
        },
        "rotation_quaternion": {
          "w": 0.6600124835968018,
          "x": 0.004402899648994207,
          "y": 0.5258848071098328,
          "z": -0.5364788174629211
        },
        "matrix": [
          [
            -0.12873011827468872,
            0.7127987146377563,
            0.6894538998603821,
            0.18907484412193298
          ],
          [
            -0.7035346031188965,
            0.4243389070034027,
            -0.5700663924217224,
            0.252108633518219
          ],
          [
            -0.6989101767539978,
            -0.5584428906440735,
            0.44685590267181396,
            1.177098274230957
          ],
          [
            0.0,
            0.0,
            0.0,
            1.0
          ]
        ]
      },
      "bone_length_armature_space": 0.26752502199876843,
      "parent": "upperarm_l",
      "has_children": true,
      "is_end_bone": false
    },
    "metacarpal_thumb_l": {
      "name": "metacarpal_thumb_l",
      "local": {
        "location": {
          "x": 0.0,
          "y": 0.0,
          "z": 0.0
        },
        "rotation_quaternion": {
          "w": 0.9996329545974731,
          "x": -0.02537873573601246,
          "y": -0.001185901928693056,
          "z": 0.009409267455339432
        },
        "scale": {
          "x": 1.0,
          "y": 1.0,
          "z": 1.0
        },
        "matrix_basis": [
          [
            0.9998201131820679,
            -0.018751434981822968,
            -0.0028485239017754793,
            0.0
          ],
          [
            0.018871821463108063,
            0.9985347986221313,
            0.050716523081064224,
            0.0
          ],
          [
            0.0018933427054435015,
            -0.050761159509420395,
            0.9987090229988098,
            0.0
          ],
          [
            0.0,
            0.0,
            0.0,
            1.0
          ]
        ],
        "rotation_mode": "QUATERNION"
      },
      "armature_space": {
        "head": {
          "x": 0.37976595759391785,
          "y": 0.30238568782806396,
          "z": 0.07784713804721832
        },
        "tail": {
          "x": 0.4273199737071991,
          "y": 0.29724544286727905,
          "z": 0.06497156620025635
        }
      },
      "world_space": {
        "head": {
          "x": 0.37976595759391785,
          "y": 0.3656296730041504,
          "z": 1.0277011394500732
        },
        "tail": {
          "x": 0.4273199737071991,
          "y": 0.3604894280433655,
          "z": 1.0148255825042725
        },
        "rotation_quaternion": {
          "w": 0.19335515797138214,
          "x": 0.6304281949996948,
          "y": 0.6408815979957581,
          "z": -0.39299485087394714
        },
        "matrix": [
          [
            -0.13034631311893463,
            0.960034191608429,
            -0.24767744541168213,
            0.37976595759391785
          ],
          [
            0.6560854911804199,
            -0.10377255827188492,
            -0.7475179433822632,
            0.3656296730041504
          ],
          [
            -0.7433496117591858,
            -0.2599356770515442,
            -0.6163431406021118,
            1.0277011394500732
          ],
          [
            0.0,
            0.0,
            0.0,
            1.0
          ]
        ]
      },
      "bone_length_armature_space": 0.04953369418589045,
      "parent": "lowerarm_l",
      "has_children": true,
      "is_end_bone": false
    },
    "thumb_01_l": {
      "name": "thumb_01_l",
      "local": {
        "location": {
          "x": 0.0,
          "y": 0.0,
          "z": 0.0
        },
        "rotation_quaternion": {
          "w": 0.9975454211235046,
          "x": -0.06895997375249863,
          "y": 0.01125209778547287,
          "z": -0.004592656157910824
        },
        "scale": {
          "x": 1.0,
          "y": 1.0,
          "z": 1.0
        },
        "matrix_basis": [
          [
            0.9997045993804932,
            0.007610877510160208,
            0.023082375526428223,
            0.0
          ],
          [
            -0.010714654810726643,
            0.9904468655586243,
            0.1374780535697937,
            0.0
          ],
          [
            -0.02181553840637207,
            -0.13768476247787476,
            0.9902358055114746,
            0.0
          ],
          [
            0.0,
            0.0,
            0.0,
            1.0
          ]
        ],
        "rotation_mode": "QUATERNION"
      },
      "armature_space": {
        "head": {
          "x": 0.4273199737071991,
          "y": 0.29724544286727905,
          "z": 0.06497156620025635
        },
        "tail": {
          "x": 0.4435882270336151,
          "y": 0.27097946405410767,
          "z": 0.05068621784448624
        }
      },
      "world_space": {
        "head": {
          "x": 0.4273199737071991,
          "y": 0.3604894280433655,
          "z": 1.0148255825042725
        },
        "tail": {
          "x": 0.4435882270336151,
          "y": 0.3342234492301941,
          "z": 1.0005402565002441
        },
        "rotation_quaternion": {
          "w": 0.24081477522850037,
          "x": -0.9386947751045227,
          "y": -0.23702682554721832,
          "z": -0.06840065121650696
        },
        "matrix": [
          [
            0.8782790303230286,
            0.4779357612133026,
            0.01425451785326004,
            0.4273199737071991
          ],
          [
            0.4120485484600067,
            -0.7716530561447144,
            0.48452824354171753,
            0.3604894280433655
          ],
          [
            0.24257497489452362,
            -0.4196811616420746,
            -0.8746652603149414,
            1.0148255825042725
          ],
          [
            0.0,
            0.0,
            0.0,
            1.0
          ]
        ]
      },
      "bone_length_armature_space": 0.0340386381813832,
      "parent": "metacarpal_thumb_l",
      "has_children": true,
      "is_end_bone": false
    },
    "thumb_02_l": {
      "name": "thumb_02_l",
      "local": {
        "location": {
          "x": 0.0,
          "y": 0.0,
          "z": 0.0
        },
        "rotation_quaternion": {
          "w": 0.9973203539848328,
          "x": 0.07292314618825912,
          "y": 0.005742480978369713,
          "z": 0.001212875358760357
        },
        "scale": {
          "x": 1.0,
          "y": 1.0,
          "z": 1.0
        },
        "matrix_basis": [
          [
            0.9999310970306396,
            -0.0015817310195416212,
            0.011631079949438572,
            0.0
          ],
          [
            0.003256770083680749,
            0.9893614649772644,
            -0.14544154703617096,
            0.0
          ],
          [
            -0.011277292855083942,
            0.14546941220760345,
            0.9892984628677368,
            0.0
          ],
          [
            0.0,
            0.0,
            0.0,
            1.0
          ]
        ],
        "rotation_mode": "QUATERNION"
      },
      "armature_space": {
        "head": {
          "x": 0.4435881972312927,
          "y": 0.2709794342517853,
          "z": 0.05068625137209892
        },
        "tail": {
          "x": 0.4742128252983093,
          "y": 0.28363853693008423,
          "z": 0.02799121104180813
        }
      },
      "world_space": {
        "head": {
          "x": 0.4435881972312927,
          "y": 0.3342234492301941,
          "z": 1.0005402565002441
        },
        "tail": {
          "x": 0.4742128252983093,
          "y": 0.34688252210617065,
          "z": 0.9778452515602112
        },
        "rotation_quaternion": {
          "w": 0.7170172333717346,
          "x": -0.5276584029197693,
          "y": -0.3787831962108612,
          "z": -0.2529548108577728
        },
        "matrix": [
          [
            0.5850746631622314,
            0.7624819874763489,
            -0.2762403190135956,
            0.4435881972312927
          ],
          [
            0.03698806092143059,
            0.31518182158470154,
            0.9483102560043335,
            0.3342234492301941
          ],
          [
            0.8101412057876587,
            -0.5650535821914673,
            0.15620410442352295,
            1.0005402565002441
          ],
          [
            0.0,
            0.0,
            0.0,
            1.0
          ]
        ]
      },
      "bone_length_armature_space": 0.04016448176546258,
      "parent": "thumb_01_l",
      "has_children": true,
      "is_end_bone": false
    },
    "thumb_03_l": {
      "name": "thumb_03_l",
      "local": {
        "location": {
          "x": 0.0,
          "y": 0.0,
          "z": 0.0
        },
        "rotation_quaternion": {
          "w": 0.9937055110931396,
          "x": 0.11168649792671204,
          "y": -0.0069283293560147285,
          "z": -0.0052438112907111645
        },
        "scale": {
          "x": 1.0,
          "y": 1.0,
          "z": 1.0
        },
        "matrix_basis": [
          [
            0.9998490214347839,
            0.008874006569385529,
            -0.01494076382368803,
            0.0
          ],
          [
            -0.011969209648668766,
            0.9749972820281982,
            -0.221894308924675,
            0.0
          ],
          [
            0.012598112225532532,
            0.22203963994979858,
            0.9749562740325928,
            0.0
          ],
          [
            0.0,
            0.0,
            0.0,
            1.0
          ]
        ],
        "rotation_mode": "QUATERNION"
      },
      "armature_space": {
        "head": {
          "x": 0.4742128551006317,
          "y": 0.28363844752311707,
          "z": 0.027991270646452904
        },
        "tail": {
          "x": 0.4897495210170746,
          "y": 0.3053770959377289,
          "z": 0.013398953713476658
        }
      },
      "world_space": {
        "head": {
          "x": 0.4742128551006317,
          "y": 0.3468824625015259,
          "z": 0.977845311164856
        },
        "tail": {
          "x": 0.4897495210170746,
          "y": 0.3686211109161377,
          "z": 0.9632529616355896
        },
        "rotation_quaternion": {
          "w": 0.8941450715065002,
          "x": -0.3214389681816101,
          "y": -0.2398362010717392,
          "z": -0.19914887845516205
        },
        "matrix": [
          [
            0.8056368827819824,
            0.5103214979171753,
            -0.30086737871170044,
            0.4742128551006317
          ],
          [
            -0.20195145905017853,
            0.7140330076217651,
            0.670352578163147,
            0.3468824625015259
          ],
          [
            0.5569283366203308,
            -0.4793027639389038,
            0.6783168911933899,
            0.977845311164856
          ],
          [
            0.0,
            0.0,
            0.0,
            1.0
          ]
        ]
      },
      "bone_length_armature_space": 0.030444910077292428,
      "parent": "thumb_02_l",
      "has_children": false,
      "is_end_bone": true
    },
    "metacarpal_index_l": {
      "name": "metacarpal_index_l",
      "local": {
        "location": {
          "x": 0.0,
          "y": 0.0,
          "z": 0.0
        },
        "rotation_quaternion": {
          "w": 0.9999045729637146,
          "x": 0.0021459634881466627,
          "y": 0.007726006209850311,
          "z": 0.011256418190896511
        },
        "scale": {
          "x": 1.0,
          "y": 1.0,
          "z": 1.0
        },
        "matrix_basis": [
          [
            0.9996272325515747,
            -0.0224775280803442,
            0.01549884956330061,
            0.0
          ],
          [
            0.02254384756088257,
            0.9997373819351196,
            -0.0041175829246640205,
            0.0
          ],
          [
            -0.015402225777506828,
            0.004465451929718256,
            0.9998714327812195,
            0.0
          ],
          [
            0.0,
            0.0,
            0.0,
            1.0
          ]
        ],
        "rotation_mode": "QUATERNION"
      },
      "armature_space": {
        "head": {
          "x": 0.37976595759391785,
          "y": 0.30238568782806396,
          "z": 0.07784713804721832
        },
        "tail": {
          "x": 0.4843176603317261,
          "y": 0.3242713510990143,
          "z": 0.029688972979784012
        }
      },
      "world_space": {
        "head": {
          "x": 0.37976595759391785,
          "y": 0.3656296730041504,
          "z": 1.0277011394500732
        },
        "tail": {
          "x": 0.4843176603317261,
          "y": 0.3875153660774231,
          "z": 0.9795429706573486
        },
        "rotation_quaternion": {
          "w": 0.3654942214488983,
          "x": 0.3832513988018036,
          "y": 0.6780894994735718,
          "z": -0.5096341967582703
        },
        "matrix": [
          [
            -0.4390643239021301,
            0.8922945261001587,
            0.10503898561000824,
            0.37976595759391785
          ],
          [
            0.1472228318452835,
            0.18678277730941772,
            -0.9713072776794434,
            0.3656296730041504
          ],
          [
            -0.8863176107406616,
            -0.4110049605369568,
            -0.2133781462907791,
            1.0277011394500732
          ],
          [
            0.0,
            0.0,
            0.0,
            1.0
          ]
        ]
      },
      "bone_length_armature_space": 0.11717188167305732,
      "parent": "lowerarm_l",
      "has_children": true,
      "is_end_bone": false
    },
    "index_01_l": {
      "name": "index_01_l",
      "local": {
        "location": {
          "x": 0.0,
          "y": 0.0,
          "z": 0.0
        },
        "rotation_quaternion": {
          "w": 0.9898179173469543,
          "x": -0.14043670892715454,
          "y": -0.01868598535656929,
          "z": 0.01374765858054161
        },
        "scale": {
          "x": 1.0,
          "y": 1.0,
          "z": 1.0
        },
        "matrix_basis": [
          [
            0.998923659324646,
            -0.02196696028113365,
            -0.04085279628634453,
            0.0
          ],
          [
            0.03246375545859337,
            0.9601770639419556,
            0.2774997651576996,
            0.0
          ],
          [
            0.03313009440898895,
            -0.27852731943130493,
            0.9598567485809326,
            0.0
          ],
          [
            0.0,
            0.0,
            0.0,
            1.0
          ]
        ],
        "rotation_mode": "QUATERNION"
      },
      "armature_space": {
        "head": {
          "x": 0.4843176603317261,
          "y": 0.3242713510990143,
          "z": 0.029688972979784012
        },
        "tail": {
          "x": 0.501470685005188,
          "y": 0.34129899740219116,
          "z": 0.014559367671608925
        }
      },
      "world_space": {
        "head": {
          "x": 0.4843176603317261,
          "y": 0.3875153660774231,
          "z": 0.9795429706573486
        },
        "tail": {
          "x": 0.501470685005188,
          "y": 0.4045429825782776,
          "z": 0.9644134044647217
        },
        "rotation_quaternion": {
          "w": 0.33497530221939087,
          "x": 0.20075637102127075,
          "y": 0.8284754753112793,
          "z": -0.40139374136924744
        },
        "matrix": [
          [
            -0.6949772834777832,
            0.6015576124191284,
            0.3938720226287842,
            0.4843176603317261
          ],
          [
            0.06373079121112823,
            0.5971599221229553,
            -0.7995865345001221,
            0.3875153660774231
          ],
          [
            -0.7162068486213684,
            -0.5305958390235901,
            -0.45335423946380615,
            0.9795429706573486
          ],
          [
            0.0,
            0.0,
            0.0,
            1.0
          ]
        ]
      },
      "bone_length_armature_space": 0.02851441654125202,
      "parent": "metacarpal_index_l",
      "has_children": true,
      "is_end_bone": false
    },
    "index_02_l": {
      "name": "index_02_l",
      "local": {
        "location": {
          "x": 0.0,
          "y": 0.0,
          "z": 0.0
        },
        "rotation_quaternion": {
          "w": 0.9980509281158447,
          "x": 0.06084415316581726,
          "y": 0.010740865021944046,
          "z": -0.008779059164226055
        },
        "scale": {
          "x": 1.0,
          "y": 1.0,
          "z": 1.0
        },
        "matrix_basis": [
          [
            0.9996151328086853,
            0.018830934539437294,
            0.02037155255675316,
            0.0
          ],
          [
            -0.016216859221458435,
            0.9924418330192566,
            -0.12163971364498138,
            0.0
          ],
          [
            -0.02250816859304905,
            0.12126253545284271,
            0.9923652410507202,
            0.0
          ],
          [
            0.0,
            0.0,
            0.0,
            1.0
          ]
        ],
        "rotation_mode": "QUATERNION"
      },
      "armature_space": {
        "head": {
          "x": 0.501471221446991,
          "y": 0.3412989675998688,
          "z": 0.014559189788997173
        },
        "tail": {
          "x": 0.5169728994369507,
          "y": 0.35481134057044983,
          "z": -0.0007772669196128845
        }
      },
      "world_space": {
        "head": {
          "x": 0.501471221446991,
          "y": 0.4045429825782776,
          "z": 0.9644132256507874
        },
        "tail": {
          "x": 0.5169728994369507,
          "y": 0.41805535554885864,
          "z": 0.949076771736145
        },
        "rotation_quaternion": {
          "w": 0.3360106945037842,
          "x": 0.18764154613018036,
          "y": 0.8065125942230225,
          "z": -0.44880399107933044
        },
        "matrix": [
          [
            -0.7037754058837891,
            0.6042765378952026,
            0.373564213514328,
            0.501471221446991
          ],
          [
            0.0010662078857421875,
            0.526731550693512,
            -0.8500311970710754,
            0.4045429825782776
          ],
          [
            -0.7104268074035645,
            -0.5978363752365112,
            -0.37134841084480286,
            0.9644132256507874
          ],
          [
            0.0,
            0.0,
            0.0,
            1.0
          ]
        ]
      },
      "bone_length_armature_space": 0.025653326036505684,
      "parent": "index_01_l",
      "has_children": true,
      "is_end_bone": false
    },
    "index_03_l": {
      "name": "index_03_l",
      "local": {
        "location": {
          "x": 0.0,
          "y": 0.0,
          "z": 0.0
        },
        "rotation_quaternion": {
          "w": 0.9989160299301147,
          "x": 0.04634774476289749,
          "y": 0.004245525225996971,
          "z": -0.0008229213417507708
        },
        "scale": {
          "x": 1.0,
          "y": 1.0,
          "z": 1.0
        },
        "matrix_basis": [
          [
            0.999962568283081,
            0.0020375996828079224,
            0.008405565284192562,
            0.0
          ],
          [
            -0.0012505175545811653,
            0.9957024455070496,
            -0.09260199964046478,
            0.0
          ],
          [
            -0.008558127097785473,
            0.09258802235126495,
            0.9956676959991455,
            0.0
          ],
          [
            0.0,
            0.0,
            0.0,
            1.0
          ]
        ],
        "rotation_mode": "QUATERNION"
      },
      "armature_space": {
        "head": {
          "x": 0.5169728398323059,
          "y": 0.3548114597797394,
          "z": -0.0007771886885166168
        },
        "tail": {
          "x": 0.5341867804527283,
          "y": 0.3654208481311798,
          "z": -0.02186884544789791
        }
      },
      "world_space": {
        "head": {
          "x": 0.5169728398323059,
          "y": 0.4180554747581482,
          "z": 0.9490768313407898
        },
        "tail": {
          "x": 0.5341867804527283,
          "y": 0.4286648631095886,
          "z": 0.9279851913452148
        },
        "rotation_quaternion": {
          "w": 0.26550936698913574,
          "x": 0.1972520500421524,
          "y": 0.7817006707191467,
          "z": -0.528715968132019
        },
        "matrix": [
          [
            -0.7811930775642395,
            0.5891424417495728,
            0.2065155804157257,
            0.5169728398323059
          ],
          [
            0.02762824296951294,
            0.363102525472641,
            -0.9313395619392395,
            0.4180554747581482
          ],
          [
            -0.6236822009086609,
            -0.7218551635742188,
            -0.2999331057071686,
            0.9490768313407898
          ],
          [
            0.0,
            0.0,
            0.0,
            1.0
          ]
        ]
      },
      "bone_length_armature_space": 0.02921877574074856,
      "parent": "index_02_l",
      "has_children": false,
      "is_end_bone": true
    },
    "metacarpal_pinky_l": {
      "name": "metacarpal_pinky_l",
      "local": {
        "location": {
          "x": 0.0,
          "y": 0.0,
          "z": 0.0
        },
        "rotation_quaternion": {
          "w": 0.9982625842094421,
          "x": -0.05661517381668091,
          "y": 0.01521027646958828,
          "z": -0.00593081908300519
        },
        "scale": {
          "x": 1.0,
          "y": 1.0,
          "z": 1.0
        },
        "matrix_basis": [
          [
            0.9994669556617737,
            0.010118764825165272,
            0.031039249151945114,
            0.0
          ],
          [
            -0.013563294894993305,
            0.9935190677642822,
            0.11285319924354553,
            0.0
          ],
          [
            -0.029696151614189148,
            -0.11321403831243515,
            0.9931267499923706,
            0.0
          ],
          [
            0.0,
            0.0,
            0.0,
            1.0
          ]
        ],
        "rotation_mode": "QUATERNION"
      },
      "armature_space": {
        "head": {
          "x": 0.37976595759391785,
          "y": 0.30238568782806396,
          "z": 0.07784713804721832
        },
        "tail": {
          "x": 0.42488840222358704,
          "y": 0.35440054535865784,
          "z": -0.0002663359045982361
        }
      },
      "world_space": {
        "head": {
          "x": 0.37976595759391785,
          "y": 0.3656296730041504,
          "z": 1.0277011394500732
        },
        "tail": {
          "x": 0.42488840222358704,
          "y": 0.41764456033706665,
          "z": 0.9495877027511597
        },
        "rotation_quaternion": {
          "w": 0.8584408164024353,
          "x": -0.39669960737228394,
          "y": 0.11330103129148483,
          "z": -0.30474865436553955
        },
        "matrix": [
          [
            0.7885816097259521,
            0.43332475423812866,
            0.43631279468536377,
            0.37976595759391785
          ],
          [
            -0.6131113767623901,
            0.49951478838920593,
            0.6120290160179138,
            0.3656296730041504
          ],
          [
            0.047262467443943024,
            -0.7501479387283325,
            0.6595896482467651,
            1.0277011394500732
          ],
          [
            0.0,
            0.0,
            0.0,
            1.0
          ]
        ]
      },
      "bone_length_armature_space": 0.10413114505833454,
      "parent": "lowerarm_l",
      "has_children": true,
      "is_end_bone": false
    },
    "pinky_01_l": {
      "name": "pinky_01_l",
      "local": {
        "location": {
          "x": 0.0,
          "y": 0.0,
          "z": 0.0
        },
        "rotation_quaternion": {
          "w": 0.9924678802490234,
          "x": -0.12150382995605469,
          "y": 0.012968985363841057,
          "z": -0.008732502348721027
        },
        "scale": {
          "x": 1.0,
          "y": 1.0,
          "z": 1.0
        },
        "matrix_basis": [
          [
            0.9995111227035522,
            0.014181893318891525,
            0.027864668518304825,
            0.0
          ],
          [
            -0.02048501931130886,
            0.9703211188316345,
            0.2409507930278778,
            0.0
          ],
          [
            -0.023620538413524628,
            -0.24140380322933197,
            0.9701372385025024,
            0.0
          ],
          [
            0.0,
            0.0,
            0.0,
            1.0
          ]
        ],
        "rotation_mode": "QUATERNION"
      },
      "armature_space": {
        "head": {
          "x": 0.42488840222358704,
          "y": 0.35440054535865784,
          "z": -0.0002663359045982361
        },
        "tail": {
          "x": 0.4390107989311218,
