{
  "metadata": {
    "armature_name": "KIM_caucasian_male",
    "export_time": "2026-01-13T21:08:04.750034",
    "blender_version": "4.4.1",
    "bone_count": 56,
    "end_bone_count": 13,
    "spaces_included": [
      "LOCAL_CHANNELS",
      "ARMATURE_SPACE",
      "WORLD_SPACE"
    ],
    "note": "LOCAL matches Transform panel; replay pose via local.matrix_basis for best fidelity."
  },
  "bones": {
    "Root": {
      "name": "Root",
      "local": {
        "location": {
          "x": 0.0,
          "y": 0.0,
          "z": 0.0
        },
        "rotation_quaternion": {
          "w": 0.9999204874038696,
          "x": -0.0011894014896824956,
          "y": 0.003122093854472041,
          "z": -0.01216446328908205
        },
        "scale": {
          "x": 1.0,
          "y": 1.0,
          "z": 1.0
        },
        "matrix_basis": [
          [
            0.9996845722198486,
            0.024319564923644066,
            0.0062726279720664024,
            0.0
          ],
          [
            -0.024334419518709183,
            0.999701201915741,
            0.0023026566486805677,
            0.0
          ],
          [
            -0.006214754190295935,
            -0.002454570960253477,
            0.9999776482582092,
            0.0
          ],
          [
            0.0,
            0.0,
            0.0,
            1.0
          ]
        ],
        "rotation_mode": "QUATERNION"
      },
      "armature_space": {
        "head": {
          "x": 0.0,
          "y": 0.07072800397872925,
          "z": -0.009595036506652832
        },
        "tail": {
          "x": 0.0017358300974592566,
          "y": 4.468858242034912e-05,
          "z": 0.0001707402989268303
        }
      },
      "world_space": {
        "head": {
          "x": 0.0,
          "y": 0.13397200405597687,
          "z": 0.9402589797973633
        },
        "tail": {
          "x": 0.0017358300974592566,
          "y": 0.06328868865966797,
          "z": 0.9500247836112976
        },
        "rotation_quaternion": {
          "w": 0.06854899972677231,
          "x": 0.9975687861442566,
          "y": 0.01234715897589922,
          "z": 0.002295507350936532
        },
        "matrix": [
          [
            0.9996845722198486,
            0.024319564923644066,
            0.0062726279720664024,
            0.0
          ],
          [
            0.024948986247181892,
            -0.9902971386909485,
            -0.13670843839645386,
            0.13397200405597687
          ],
          [
            0.0028871193062514067,
            0.13682182133197784,
            -0.9905984997749329,
            0.9402589797973633
          ],
          [
            0.0,
            0.0,
            0.0,
            1.0
          ]
        ]
      },
      "bone_length_armature_space": 0.07137586903603912,
      "parent": null,
      "has_children": true,
      "is_end_bone": false
    },
    "spine_01": {
      "name": "spine_01",
      "local": {
        "location": {
          "x": 0.0,
          "y": 0.0,
          "z": 0.0
        },
        "rotation_quaternion": {
          "w": 0.9947412014007568,
          "x": 0.0905071273446083,
          "y": -0.002866571769118309,
          "z": 0.04785705357789993
        },
        "scale": {
          "x": 1.0,
          "y": 1.0,
          "z": 1.0
        },
        "matrix_basis": [
          [
            0.995402991771698,
            -0.09572965651750565,
            0.002959814853966236,
            0.0
          ],
          [
            0.09469187259674072,
            0.9790363311767578,
            -0.18033671379089355,
            0.0
          ],
          [
            0.014365802519023418,
            0.17978796362876892,
            0.9836004972457886,
            0.0
          ],
          [
            0.0,
            0.0,
            0.0,
            1.0
          ]
        ],
        "rotation_mode": "QUATERNION"
      },
      "armature_space": {
        "head": {
          "x": 0.0017358300974592566,
          "y": 4.468858242034912e-05,
          "z": 0.0001707402989268303
        },
        "tail": {
          "x": -0.04475490003824234,
          "y": -0.06528366357088089,
          "z": 0.4815429449081421
        }
      },
      "world_space": {
        "head": {
          "x": 0.0017358300974592566,
          "y": 0.06328868865966797,
          "z": 0.9500247836112976
        },
        "tail": {
          "x": -0.04475490003824234,
          "y": -0.0020396634936332703,
          "z": 1.4313969612121582
        },
        "rotation_quaternion": {
          "w": 0.6575372219085693,
          "x": 0.7517797350883484,
          "y": -0.0266470555216074,
          "z": 0.041976459324359894
        },
        "matrix": [
          [
            0.9950558543205261,
            -0.0952676460146904,
            0.028070621192455292,
            0.0017358300974592566
          ],
          [
            0.015136145055294037,
            -0.1338692307472229,
            -0.990883469581604,
            0.06328868865966797
          ],
          [
            0.0981576144695282,
            0.9864159822463989,
            -0.13176721334457397,
            0.9500247836112976
          ],
          [
            0.0,
            0.0,
            0.0,
            1.0
          ]
        ]
      },
      "bone_length_armature_space": 0.4880044848943061,
      "parent": "Root",
      "has_children": true,
      "is_end_bone": false
    },
    "neck_01": {
      "name": "neck_01",
      "local": {
        "location": {
          "x": 0.0,
          "y": 0.0,
          "z": 0.0
        },
        "rotation_quaternion": {
          "w": 0.9887454509735107,
          "x": -0.02645653672516346,
          "y": 0.011305700987577438,
          "z": 0.1468154937028885
        },
        "scale": {
          "x": 1.0,
          "y": 1.0,
          "z": 1.0
        },
        "matrix_basis": [
          [
            0.9566347599029541,
            -0.2909245193004608,
            0.014588462188839912,
            0.0
          ],
          [
            0.2897280752658844,
            0.9554905295372009,
            0.05563726648688316,
            0.0
          ],
          [
            -0.03012537956237793,
            -0.04899785667657852,
            0.9983444809913635,
            0.0
          ],
          [
            0.0,
            0.0,
            0.0,
            1.0
          ]
        ],
        "rotation_mode": "QUATERNION"
      },
      "armature_space": {
        "head": {
          "x": -0.05075674504041672,
          "y": -0.10944963246583939,
          "z": 0.5491970777511597
        },
        "tail": {
          "x": -0.08832991123199463,
          "y": -0.15451261401176453,
          "z": 0.633270263671875
        }
      },
      "world_space": {
        "head": {
          "x": -0.05075674504041672,
          "y": -0.046205632388591766,
          "z": 1.4990510940551758
        },
        "tail": {
          "x": -0.08832991123199463,
          "y": -0.0912686139345169,
          "z": 1.5831242799758911
        },
        "rotation_quaternion": {
          "w": 0.5103002190589905,
          "x": 0.8387287855148315,
          "y": -0.14078286290168762,
          "z": 0.12770290672779083
        },
        "matrix": [
          [
            0.9277443289756775,
            -0.3664911985397339,
            0.07053164392709732,
            -0.05075674504041672
          ],
          [
            -0.1058250367641449,
            -0.4395473301410675,
            -0.8919637799263,
            -0.046205632388591766
          ],
          [
            0.3579012155532837,
            0.8200554847717285,
            -0.4465755224227905,
            1.4990510940551758
          ],
          [
            0.0,
            0.0,
            0.0,
            1.0
          ]
        ]
      },
      "bone_length_armature_space": 0.10252178137343544,
      "parent": "spine_01",
      "has_children": true,
      "is_end_bone": false
    },
    "head": {
      "name": "head",
      "local": {
        "location": {
          "x": 0.0,
          "y": 0.0,
          "z": 0.0
        },
        "rotation_quaternion": {
          "w": 0.9948045015335083,
          "x": -0.09895876049995422,
          "y": -0.02327043004333973,
          "z": -0.005440353415906429
        },
        "scale": {
          "x": 1.0,
          "y": 1.0,
          "z": 1.0
        },
        "matrix_basis": [
          [
            0.9988577961921692,
            0.015429802238941193,
            -0.045222315937280655,
            0.0
          ],
          [
            -0.006218550261110067,
            0.9803551435470581,
            0.19714243710041046,
            0.0
          ],
          [
            0.04737579822540283,
            -0.19663603603839874,
            0.9793313145637512,
            0.0
          ],
          [
            0.0,
            0.0,
            0.0,
            1.0
          ]
        ],
        "rotation_mode": "QUATERNION"
      },
      "armature_space": {
        "head": {
          "x": -0.08832987397909164,
          "y": -0.15451271831989288,
          "z": 0.6332701444625854
        },
        "tail": {
          "x": -0.1399104744195938,
          "y": -0.13785012066364288,
          "z": 0.7785804271697998
        }
      },
      "world_space": {
        "head": {
          "x": -0.08832987397909164,
          "y": -0.09126871824264526,
          "z": 1.5831241607666016
        },
        "tail": {
          "x": -0.1399104744195938,
          "y": -0.07460612058639526,
          "z": 1.728434443473816
        },
        "rotation_quaternion": {
          "w": 0.721196174621582,
          "x": 0.6652042865753174,
          "y": -0.18328815698623657,
          "z": 0.061520326882600784
        },
        "matrix": [
          [
            0.9252418279647827,
            -0.3325845003128052,
            -0.18252456188201904,
            -0.08832987397909164
          ],
          [
            -0.1551094949245453,
            0.1074380874633789,
            -0.9820379018783569,
            -0.09126871824264526
          ],
          [
            0.3462228775024414,
            0.9369404911994934,
            0.047818511724472046,
            1.5831241607666016
          ],
          [
            0.0,
            0.0,
            0.0,
            1.0
          ]
        ]
      },
      "bone_length_armature_space": 0.1550911930004784,
      "parent": "neck_01",
      "has_children": false,
      "is_end_bone": true
    },
    "upperarm_l": {
      "name": "upperarm_l",
      "local": {
        "location": {
          "x": 0.0,
          "y": 0.0,
          "z": 0.0
        },
        "rotation_quaternion": {
          "w": 0.923742413520813,
          "x": 0.20444191992282867,
          "y": 0.042708538472652435,
          "z": 0.3210602104663849
        },
        "scale": {
          "x": 1.0,
          "y": 1.0,
          "z": 1.0
        },
        "matrix_basis": [
          [
            0.7901926636695862,
            -0.5756910443305969,
            0.21017970144748688,
            0.0
          ],
          [
            0.6106166839599609,
            0.7102476954460144,
            -0.3502793312072754,
            0.0
          ],
          [
            0.05237295478582382,
            0.4051273763179779,
            0.9127589464187622,
            0.0
          ],
          [
            0.0,
            0.0,
            0.0,
            1.0
          ]
        ],
        "rotation_mode": "QUATERNION"
      },
      "armature_space": {
        "head": {
          "x": 0.10499389469623566,
          "y": -0.10134221613407135,
          "z": 0.4972056746482849
        },
        "tail": {
          "x": 0.2907722294330597,
          "y": -0.22180163860321045,
          "z": 0.6481488943099976
        }
      },
      "world_space": {
        "head": {
          "x": 0.10499389469623566,
          "y": -0.03809821605682373,
          "z": 1.4470596313476562
        },
        "tail": {
          "x": 0.2907722294330597,
          "y": -0.15855763852596283,
          "z": 1.5980029106140137
        },
        "rotation_quaternion": {
          "w": 0.4592885971069336,
          "x": 0.7893111109733582,
          "y": 0.2535560727119446,
          "z": -0.3189847767353058
        },
        "matrix": [
          [
            0.6679162383079529,
            0.6932818293571472,
            -0.27064451575279236,
            0.10499389469623566
          ],
          [
            0.10725899785757065,
            -0.44952669739723206,
            -0.8868041038513184,
            -0.03809821605682373
          ],
          [
            -0.7364720702171326,
            0.5632852911949158,
            -0.37461018562316895,
            1.4470596313476562
          ],
          [
            0.0,
            0.0,
            0.0,
            1.0
          ]
        ]
      },
      "bone_length_armature_space": 0.26796999137246114,
      "parent": "spine_01",
      "has_children": true,
      "is_end_bone": false
    },
    "lowerarm_l": {
      "name": "lowerarm_l",
      "local": {
        "location": {
          "x": 0.0,
          "y": 0.0,
          "z": 0.0
        },
        "rotation_quaternion": {
          "w": 0.9139337539672852,
          "x": 0.2843814492225647,
          "y": -0.1313546895980835,
          "z": 0.2580662965774536
        },
        "scale": {
          "x": 1.0,
          "y": 1.0,
          "z": 1.0
        },
        "matrix_basis": [
          [
            0.8322954773902893,
            -0.546420693397522,
            -0.09332043677568436,
            0.0
          ],
          [
            0.39700132608413696,
            0.7050579786300659,
            -0.5876080393791199,
            0.0
          ],
          [
            0.38687750697135925,
            0.4520151615142822,
            0.8037462830543518,
            0.0
          ],
          [
            0.0,
            0.0,
            0.0,
            1.0
          ]
        ],
        "rotation_mode": "QUATERNION"
      },
      "armature_space": {
        "head": {
          "x": 0.2907721996307373,
          "y": -0.2218017280101776,
          "z": 0.6481490135192871
        },
        "tail": {
          "x": 0.25562047958374023,
          "y": -0.4202534556388855,
          "z": 0.8240779638290405
        }
      },
      "world_space": {
        "head": {
          "x": 0.2907721996307373,
          "y": -0.15855772793293,
          "z": 1.5980030298233032
        },
        "tail": {
          "x": 0.25562047958374023,
          "y": -0.3570094704627991,
          "z": 1.7739319801330566
        },
        "rotation_quaternion": {
          "w": 0.29221311211586,
          "x": 0.850658118724823,
          "y": -0.20906397700309753,
          "z": -0.3837767243385315
        },
        "matrix": [
          [
            0.6180155873298645,
            -0.1313963234424591,
            -0.7751076221466064,
            0.2907721996307373
          ],
          [
            -0.5799733996391296,
            -0.741807758808136,
            -0.33667832612991333,
            -0.15855772793293
          ],
          [
            -0.5307468175888062,
            0.6576181650161743,
            -0.5346590280532837,
            1.5980030298233032
          ],
          [
            0.0,
            0.0,
            0.0,
            1.0
          ]
        ]
      },
      "bone_length_armature_space": 0.2675251873582862,
      "parent": "upperarm_l",
      "has_children": true,
      "is_end_bone": false
    },
    "metacarpal_thumb_l": {
      "name": "metacarpal_thumb_l",
      "local": {
        "location": {
          "x": 0.0,
          "y": 0.0,
          "z": 0.0
        },
        "rotation_quaternion": {
          "w": 0.999784529209137,
          "x": -0.009651958011090755,
          "y": 0.015460464172065258,
          "z": -0.009944615885615349
        },
        "scale": {
          "x": 1.0,
          "y": 1.0,
          "z": 1.0
        },
        "matrix_basis": [
          [
            0.9993241429328918,
            0.01958649791777134,
            0.031106235459446907,
            0.0
          ],
          [
            -0.020183393731713295,
            0.9996159076690674,
            0.018992260098457336,
            0.0
          ],
          [
            -0.030722295865416527,
            -0.01960725337266922,
            0.9993356466293335,
            0.0
          ],
          [
            0.0,
            0.0,
            0.0,
            1.0
          ]
        ],
        "rotation_mode": "QUATERNION"
      },
      "armature_space": {
        "head": {
          "x": 0.25562047958374023,
          "y": -0.4202534556388855,
          "z": 0.8240779638290405
        },
        "tail": {
          "x": 0.23343226313591003,
          "y": -0.4640367925167084,
          "z": 0.8307327628135681
        }
      },
      "world_space": {
        "head": {
          "x": 0.25562047958374023,
          "y": -0.3570094704627991,
          "z": 1.7739319801330566
        },
        "tail": {
          "x": 0.23343226313591003,
          "y": -0.40079277753829956,
          "z": 1.7805867195129395
        },
        "rotation_quaternion": {
          "w": 0.16281473636627197,
          "x": 0.8736476898193359,
          "y": -0.1775832176208496,
          "z": 0.4227236211299896
        },
        "matrix": [
          [
            0.5795376896858215,
            -0.44794222712516785,
            0.6807963848114014,
            0.25562047958374023
          ],
          [
            -0.1726391762495041,
            -0.8839108347892761,
            -0.4346233010292053,
            -0.3570094704627991
          ],
          [
            0.7964547872543335,
            0.13434870541095734,
            -0.589596688747406,
            1.7739319801330566
          ],
          [
            0.0,
            0.0,
            0.0,
            1.0
          ]
        ]
      },
      "bone_length_armature_space": 0.04953366445920868,
      "parent": "lowerarm_l",
      "has_children": true,
      "is_end_bone": false
    },
    "thumb_01_l": {
      "name": "thumb_01_l",
      "local": {
        "location": {
          "x": 0.0,
          "y": 0.0,
          "z": 0.0
        },
        "rotation_quaternion": {
          "w": 0.9986944198608398,
          "x": -0.04985532537102699,
          "y": 0.010907147079706192,
          "z": 0.0021982204634696245
        },
        "scale": {
          "x": 1.0,
          "y": 1.0,
          "z": 1.0
        },
        "matrix_basis": [
          [
            0.999752402305603,
            -0.005478259641677141,
            0.02156662754714489,
            0.0
          ],
          [
            0.003303142264485359,
            0.995019257068634,
            0.09962842613458633,
            0.0
          ],
          [
            -0.022004999220371246,
            -0.09953251481056213,
            0.9947909712791443,
            0.0
          ],
          [
            0.0,
            0.0,
            0.0,
            1.0
          ]
        ],
        "rotation_mode": "QUATERNION"
      },
      "armature_space": {
        "head": {
          "x": 0.23343226313591003,
          "y": -0.4640367925167084,
          "z": 0.8307327628135681
        },
        "tail": {
          "x": 0.23625746369361877,
          "y": -0.492975115776062,
          "z": 0.81303471326828
        }
      },
      "world_space": {
        "head": {
          "x": 0.23343226313591003,
          "y": -0.40079277753829956,
          "z": 1.7805867195129395
        },
        "tail": {
          "x": 0.23625746369361877,
          "y": -0.4297311305999756,
          "z": 1.7628886699676514
        },
        "rotation_quaternion": {
          "w": 0.12252692878246307,
          "x": -0.2895916700363159,
          "y": 0.2447572499513626,
          "z": -0.91717928647995
        },
        "matrix": [
          [
            -0.8022476434707642,
            0.08299975097179413,
            0.5911933183670044,
            0.23343226313591003
          ],
          [
            -0.3665176331996918,
            -0.85016268491745,
            -0.3780059516429901,
            -0.40079277753829956
          ],
          [
            0.4712391793727875,
            -0.5199416279792786,
            0.7124664187431335,
            1.7805867195129395
          ],
          [
            0.0,
            0.0,
            0.0,
            1.0
          ]
        ]
      },
      "bone_length_armature_space": 0.03403864400622928,
      "parent": "metacarpal_thumb_l",
      "has_children": true,
      "is_end_bone": false
    },
    "thumb_02_l": {
      "name": "thumb_02_l",
      "local": {
        "location": {
          "x": 0.0,
          "y": 0.0,
          "z": 0.0
        },
        "rotation_quaternion": {
          "w": 0.9965094327926636,
          "x": 0.08310896903276443,
          "y": -0.007411809638142586,
          "z": -0.0026444641407579184
        },
        "scale": {
          "x": 1.0,
          "y": 1.0,
          "z": 1.0
        },
        "matrix_basis": [
          [
            0.9998761415481567,
            0.004038491286337376,
            -0.015211434103548527,
            0.0
          ],
          [
            -0.00650244252756238,
            0.9861718416213989,
            -0.1655985414981842,
            0.0
          ],
          [
            0.014332318678498268,
            0.16567693650722504,
            0.9860759377479553,
            0.0
          ],
          [
            0.0,
            0.0,
            0.0,
            1.0
          ]
        ],
        "rotation_mode": "QUATERNION"
      },
      "armature_space": {
        "head": {
          "x": 0.23625744879245758,
          "y": -0.49297505617141724,
          "z": 0.8130345940589905
        },
        "tail": {
          "x": 0.23148071765899658,
          "y": -0.5244331955909729,
          "z": 0.8375449180603027
        }
      },
      "world_space": {
        "head": {
          "x": 0.23625744879245758,
          "y": -0.4297310709953308,
          "z": 1.7628886699676514
        },
        "tail": {
          "x": 0.23148071765899658,
          "y": -0.4611892104148865,
          "z": 1.7873989343643188
        },
        "rotation_quaternion": {
          "w": 0.054894983768463135,
          "x": -0.02355426922440529,
          "y": 0.32460665702819824,
          "z": 0.943960964679718
        },
        "matrix": [
          [
            -0.9928633570671082,
            -0.11892931163311005,
            -0.008829843252897263,
            0.23625744879245758
          ],
          [
            0.08834582567214966,
            -0.7832339406013489,
            0.6154184341430664,
            -0.4297310709953308
          ],
          [
            -0.0801074281334877,
            0.6102498769760132,
            0.7881572246551514,
            1.7628886699676514
          ],
          [
            0.0,
            0.0,
            0.0,
            1.0
          ]
        ]
      },
      "bone_length_armature_space": 0.040164507376104976,
      "parent": "thumb_01_l",
      "has_children": true,
      "is_end_bone": false
    },
    "thumb_03_l": {
      "name": "thumb_03_l",
      "local": {
        "location": {
          "x": 0.0,
          "y": 0.0,
          "z": 0.0
        },
        "rotation_quaternion": {
          "w": 0.9965237379074097,
          "x": 0.08328480273485184,
          "y": 0.002037635538727045,
          "z": 0.00017141582793556154
        },
        "scale": {
          "x": 1.0,
          "y": 1.0,
          "z": 1.0
        },
        "matrix_basis": [
          [
            0.9999916553497314,
            -2.231735379609745e-06,
            0.004089657217264175,
            0.0
          ],
          [
            0.0006810480263084173,
            0.9861271977424622,
            -0.16598986089229584,
            0.0
          ],
          [
            -0.004032551776617765,
            0.16599126160144806,
            0.9861189723014832,
            0.0
          ],
          [
            0.0,
            0.0,
            0.0,
            1.0
          ]
        ],
        "rotation_mode": "QUATERNION"
      },
      "armature_space": {
        "head": {
          "x": 0.231480672955513,
          "y": -0.5244331955909729,
          "z": 0.8375447988510132
        },
        "tail": {
          "x": 0.2309603989124298,
          "y": -0.5384392738342285,
          "z": 0.8645718097686768
        }
      },
      "world_space": {
        "head": {
          "x": 0.231480672955513,
          "y": -0.4611892104148865,
          "z": 1.7873988151550293
        },
        "tail": {
          "x": 0.2309603989124298,
          "y": -0.4751952886581421,
          "z": 1.8144258260726929
        },
        "rotation_quaternion": {
          "w": 0.0918908342719078,
          "x": 0.16726234555244446,
          "y": -0.5114024877548218,
          "z": -0.8378824591636658
        },
        "matrix": [
          [
            -0.9271588325500488,
            -0.017089206725358963,
            -0.37427836656570435,
            0.231480672955513
          ],
          [
            -0.325064092874527,
            -0.4600471258163452,
            0.8262507319450378,
            -0.4611892104148865
          ],
          [
            -0.18630707263946533,
            0.8877358436584473,
            0.42098546028137207,
            1.7873988151550293
          ],
          [
            0.0,
            0.0,
            0.0,
            1.0
          ]
        ]
      },
      "bone_length_armature_space": 0.030445036582249882,
      "parent": "thumb_02_l",
      "has_children": false,
      "is_end_bone": true
    },
    "metacarpal_index_l": {
      "name": "metacarpal_index_l",
      "local": {
        "location": {
          "x": 0.0,
          "y": 0.0,
          "z": 0.0
        },
        "rotation_quaternion": {
          "w": 0.9998228549957275,
          "x": -0.0051796529442071915,
          "y": -0.014442192390561104,
          "z": -0.010903658345341682
        },
        "scale": {
          "x": 1.0,
          "y": 1.0,
          "z": 1.0
        },
        "matrix_basis": [
          [
            0.999345064163208,
            0.02195306494832039,
            -0.028766313567757607,
            0.0
          ],
          [
            -0.02165384218096733,
            0.9997085332870483,
            0.010672416538000107,
            0.0
          ],
          [
            0.028992222622036934,
            -0.0100425248965621,
            0.9995291829109192,
            0.0
          ],
          [
            0.0,
            0.0,
            0.0,
            1.0
          ]
        ],
        "rotation_mode": "QUATERNION"
      },
      "armature_space": {
        "head": {
          "x": 0.25562047958374023,
          "y": -0.4202534556388855,
          "z": 0.8240779638290405
        },
        "tail": {
          "x": 0.2192198634147644,
          "y": -0.5183863639831543,
          "z": 0.8767484426498413
        }
      },
      "world_space": {
        "head": {
          "x": 0.25562047958374023,
          "y": -0.3570094704627991,
          "z": 1.7739319801330566
        },
        "tail": {
          "x": 0.2192198634147644,
          "y": -0.45514237880706787,
          "z": 1.8266024589538574
        },
        "rotation_quaternion": {
          "w": 0.2467602640390396,
          "x": 0.9554109573364258,
          "y": -0.14266233146190643,
          "z": 0.07711511105298996
        },
        "matrix": [
          [
            0.9474014639854431,
            -0.3106604516506195,
            0.076945960521698,
            0.25562047958374023
          ],
          [
            -0.23454463481903076,
            -0.8375134468078613,
            -0.49351829290390015,
            -0.3570094704627991
          ],
          [
            0.21776100993156433,
            0.4495149850845337,
            -0.8663316369056702,
            1.7739319801330566
          ],
          [
            0.0,
            0.0,
            0.0,
            1.0
          ]
        ]
      },
      "bone_length_armature_space": 0.11717188900043791,
      "parent": "lowerarm_l",
      "has_children": true,
      "is_end_bone": false
    },
    "index_01_l": {
      "name": "index_01_l",
      "local": {
        "location": {
          "x": 0.0,
          "y": 0.0,
          "z": 0.0
        },
        "rotation_quaternion": {
          "w": 0.9968584775924683,
          "x": -0.07491547614336014,
          "y": 0.024004848673939705,
          "z": 0.009195655584335327
        },
        "scale": {
          "x": 1.0,
          "y": 1.0,
          "z": 1.0
        },
        "matrix_basis": [
          [
            0.9986783862113953,
            -0.021930204704403877,
            0.04648108035326004,
            0.0
          ],
          [
            0.01473686471581459,
            0.9886062145233154,
            0.14980173110961914,
            0.0
          ],
          [
            -0.04923666641116142,
            -0.1489187777042389,
            0.987622857093811,
            0.0
          ],
          [
            0.0,
            0.0,
            0.0,
            1.0
          ]
        ],
        "rotation_mode": "QUATERNION"
      },
      "armature_space": {
        "head": {
          "x": 0.2192198634147644,
          "y": -0.5183863639831543,
          "z": 0.8767484426498413
        },
        "tail": {
          "x": 0.21896617114543915,
          "y": -0.5382376313209534,
          "z": 0.8972164392471313
        }
      },
      "world_space": {
        "head": {
          "x": 0.2192198634147644,
          "y": -0.45514237880706787,
          "z": 1.8266024589538574
        },
        "tail": {
          "x": 0.21896617114543915,
          "y": -0.47499364614486694,
          "z": 1.8470704555511475
        },
        "rotation_quaternion": {
          "w": 0.38904616236686707,
          "x": 0.9184893369674683,
          "y": 0.02347409352660179,
          "z": 0.06685341894626617
        },
        "matrix": [
          [
            0.9899592399597168,
            -0.008896789513528347,
            0.14107322692871094,
            0.2192198634147644
          ],
          [
            0.09513959288597107,
            -0.6961839199066162,
            -0.7115312218666077,
            -0.45514237880706787
          ],
          [
            0.10454392433166504,
            0.7178128361701965,
            -0.6883527040481567,
            1.8266024589538574
          ],
          [
            0.0,
            0.0,
            0.0,
            1.0
          ]
        ]
      },
      "bone_length_armature_space": 0.028514488439639937,
      "parent": "metacarpal_index_l",
      "has_children": true,
      "is_end_bone": false
    },
    "index_02_l": {
      "name": "index_02_l",
      "local": {
        "location": {
          "x": 0.0,
          "y": 0.0,
          "z": 0.0
        },
        "rotation_quaternion": {
          "w": 0.9997857809066772,
          "x": 0.019765354692935944,
          "y": 0.001798518467694521,
          "z": -0.005876974668353796
        },
        "scale": {
          "x": 1.0,
          "y": 1.0,
          "z": 1.0
        },
        "matrix_basis": [
          [
            0.9999244809150696,
            0.011822528205811977,
            0.0033639452885836363,
            0.0
          ],
          [
            -0.01168033480644226,
            0.9991495609283447,
            -0.039543379098176956,
            0.0
          ],
          [
            -0.003828587243333459,
            0.03950110077857971,
            0.9992122054100037,
            0.0
          ],
          [
            0.0,
            0.0,
            0.0,
            1.0
          ]
        ],
        "rotation_mode": "QUATERNION"
      },
      "armature_space": {
        "head": {
          "x": 0.21896597743034363,
          "y": -0.5382381081581116,
          "z": 0.8972164392471313
        },
        "tail": {
          "x": 0.2197818160057068,
          "y": -0.5560872554779053,
          "z": 0.9156239032745361
        }
      },
      "world_space": {
        "head": {
          "x": 0.21896597743034363,
          "y": -0.47499412298202515,
          "z": 1.8470704555511475
        },
        "tail": {
          "x": 0.2197818160057068,
          "y": -0.49284327030181885,
          "z": 1.8654779195785522
        },
        "rotation_quaternion": {
          "w": 0.38885340094566345,
          "x": 0.9203184247016907,
          "y": 0.030002310872077942,
          "z": 0.030114920809864998
        },
        "matrix": [
          [
            0.996385931968689,
            0.0318027101457119,
            0.07876372337341309,
            0.21896597743034363
          ],
          [
            0.07864410430192947,
            -0.6957855224609375,
            -0.7139313220977783,
            -0.47499412298202515
          ],
          [
            0.032097864896059036,
            0.7175496220588684,
            -0.6957775354385376,
            1.8470704555511475
          ],
          [
            0.0,
            0.0,
            0.0,
            1.0
          ]
        ]
      },
      "bone_length_armature_space": 0.02565331162141718,
      "parent": "index_01_l",
      "has_children": true,
      "is_end_bone": false
    },
    "index_03_l": {
      "name": "index_03_l",
      "local": {
        "location": {
          "x": 0.0,
          "y": 0.0,
          "z": 0.0
        },
        "rotation_quaternion": {
          "w": 0.9996829032897949,
          "x": 0.023341508582234383,
          "y": 0.009390287101268768,
          "z": -0.0010491643333807588
        },
        "scale": {
          "x": 1.0,
          "y": 1.0,
          "z": 1.0
        },
        "matrix_basis": [
          [
            0.9998214244842529,
            0.002536030253395438,
            0.018725641071796417,
            0.0
          ],
          [
            -0.0016592963365837932,
            0.9989081621170044,
            -0.04668791964650154,
            0.0
          ],
          [
            -0.018823597580194473,
            0.04664850980043411,
            0.9987339973449707,
            0.0
          ],
          [
            0.0,
            0.0,
            0.0,
            1.0
          ]
        ],
        "rotation_mode": "QUATERNION"
      },
      "armature_space": {
        "head": {
          "x": 0.2197817862033844,
          "y": -0.5560871362686157,
          "z": 0.9156240224838257
        },
        "tail": {
          "x": 0.22381006181240082,
          "y": -0.5787143111228943,
          "z": 0.9336662292480469
        }
      },
      "world_space": {
        "head": {
          "x": 0.2197817862033844,
          "y": -0.4928431510925293,
          "z": 1.8654780387878418
        },
        "tail": {
          "x": 0.22381006181240082,
          "y": -0.5154703259468079,
          "z": 1.883520245552063
        },
        "rotation_quaternion": {
          "w": 0.3233570456504822,
          "x": 0.9405437707901001,
          "y": 0.09075666964054108,
          "z": 0.05080234259366989
        },
        "matrix": [
          [
            0.9783646464347839,
            0.13786664605140686,
            0.15425753593444824,
            0.2197817862033844
          ],
          [
            0.20357614755630493,
            -0.7744067907333374,
            -0.5990419387817383,
            -0.4928431510925293
          ],
          [
            0.036870501935482025,
            0.6174880862236023,
            -0.7857245206832886,
            1.8654780387878418
          ],
          [
            0.0,
            0.0,
            0.0,
            1.0
          ]
        ]
      },
      "bone_length_armature_space": 0.02921878302448062,
      "parent": "index_02_l",
      "has_children": false,
      "is_end_bone": true
    },
    "metacarpal_pinky_l": {
      "name": "metacarpal_pinky_l",
      "local": {
        "location": {
          "x": 0.0,
          "y": 0.0,
          "z": 0.0
        },
        "rotation_quaternion": {
          "w": 0.9992297887802124,
          "x": -0.03815209120512009,
          "y": -0.004319742787629366,
          "z": 0.008109007962048054
        },
        "scale": {
          "x": 1.0,
          "y": 1.0,
          "z": 1.0
        },
        "matrix_basis": [
          [
            0.9998311400413513,
            -0.015875909477472305,
            -0.009251582436263561,
            0.0
          ],
          [
            0.016535138711333275,
            0.9969573020935059,
            0.07617535442113876,
            0.0
          ],
          [
            0.008014080114662647,
            -0.07631547003984451,
            0.9970515370368958,
            0.0
          ],
          [
            0.0,
            0.0,
            0.0,
            1.0
          ]
        ],
        "rotation_mode": "QUATERNION"
      },
      "armature_space": {
        "head": {
          "x": 0.25562047958374023,
          "y": -0.4202534556388855,
          "z": 0.8240779638290405
        },
        "tail": {
          "x": 0.2747553586959839,
          "y": -0.4854566156864166,
          "z": 0.9029810428619385
        }
      },
      "world_space": {
        "head": {
          "x": 0.25562047958374023,
          "y": -0.3570094704627991,
          "z": 1.7739319801330566
        },
        "tail": {
          "x": 0.2747553586959839,
          "y": -0.4222126007080078,
          "z": 1.8528350591659546
        },
        "rotation_quaternion": {
          "w": 0.26463669538497925,
          "x": 0.3683425188064575,
          "y": -0.34188348054885864,
          "z": -0.8230473399162292
        },
        "matrix": [
          [
            -0.5885825157165527,
            0.18375809490680695,
            -0.7872761487960815,
            0.25562047958374023
          ],
          [
            -0.6874779462814331,
            -0.6261662244796753,
            0.3678179383277893,
            -0.3570094704627991
          ],
          [
            -0.4253796637058258,
            0.7577309012413025,
            0.49488407373428345,
            1.7739319801330566
          ],
          [
            0.0,
            0.0,
            0.0,
            1.0
          ]
        ]
      },
      "bone_length_armature_space": 0.10413112689134768,
      "parent": "lowerarm_l",
      "has_children": true,
      "is_end_bone": false
    },
    "pinky_01_l": {
      "name": "pinky_01_l",
      "local": {
        "location": {
          "x": 0.0,
          "y": 0.0,
          "z": 0.0
        },
        "rotation_quaternion": {
          "w": 0.9967918395996094,
          "x": -0.07792177051305771,
          "y": -0.017038671299815178,
          "z": -0.006630493327975273
        },
        "scale": {
          "x": 1.0,
          "y": 1.0,
          "z": 1.0
        },
        "matrix_basis": [
          [
            0.9993314146995544,
            0.015873810276389122,
            -0.03293469920754433,
            0.0
          ],
          [
            -0.010563076473772526,
            0.9877684712409973,
            0.15556952357292175,
            0.0
          ],
          [
            0.03500133752822876,
            -0.15511761605739594,
            0.9872757792472839,
            0.0
          ],
          [
            0.0,
            0.0,
            0.0,
            1.0
          ]
        ],
        "rotation_mode": "QUATERNION"
      },
      "armature_space": {
        "head": {
          "x": 0.2747553586959839,
          "y": -0.4854566156864166,
          "z": 0.9029810428619385
        },
        "tail": {
