{
  "metadata": {
    "armature_name": "KIM_caucasian_male",
    "export_time": "2026-01-13T20:25:04.021486",
    "blender_version": "4.4.1",
    "bone_count": 56,
    "end_bone_count": 13,
    "spaces_included": [
      "LOCAL_CHANNELS",
      "ARMATURE_SPACE",
      "WORLD_SPACE"
    ],
    "note": "LOCAL matches Transform panel; replay pose via local.matrix_basis for best fidelity."
  },
  "bones": {
    "Root": {
      "name": "Root",
      "local": {
        "location": {
          "x": 0.0,
          "y": 0.0,
          "z": 0.0
        },
        "rotation_quaternion": {
          "w": 0.9993656277656555,
          "x": 0.014546515420079231,
          "y": 0.016522813588380814,
          "z": 0.02799767628312111
        },
        "scale": {
          "x": 1.0,
          "y": 1.0,
          "z": 1.0
        },
        "matrix_basis": [
          [
            0.9978862404823303,
            -0.055479131639003754,
            0.03383919969201088,
            0.0
          ],
          [
            0.056440528482198715,
            0.9980090856552124,
            -0.028149373829364777,
            0.0
          ],
          [
            -0.032210126519203186,
            0.02999977581202984,
            0.9990307688713074,
            0.0
          ],
          [
            0.0,
            0.0,
            0.0,
            1.0
          ]
        ],
        "rotation_mode": "QUATERNION"
      },
      "armature_space": {
        "head": {
          "x": 0.0,
          "y": 0.07072800397872925,
          "z": -0.009595036506652832
        },
        "tail": {
          "x": -0.0039598713628947735,
          "y": -0.00014702975749969482,
          "z": -0.002140942495316267
        }
      },
      "world_space": {
        "head": {
          "x": 0.0,
          "y": 0.13397200405597687,
          "z": 0.9402589797973633
        },
        "tail": {
          "x": -0.0039598713628947735,
          "y": 0.06309697031974792,
          "z": 0.9477130770683289
        },
        "rotation_quaternion": {
          "w": 0.05281145125627518,
          "x": 0.9980753064155579,
          "y": -0.026820970699191093,
          "z": 0.018371421843767166
        },
        "matrix": [
          [
            0.9978862404823303,
            -0.055479131639003754,
            0.03383919969201088,
            0.0
          ],
          [
            -0.05159822851419449,
            -0.9929831624031067,
            -0.10640552639961243,
            0.13397200405597687
          ],
          [
            0.03950526937842369,
            0.10443437099456787,
            -0.9937538504600525,
            0.9402589797973633
          ],
          [
            0.0,
            0.0,
            0.0,
            1.0
          ]
        ]
      },
      "bone_length_armature_space": 0.0713758676136768,
      "parent": null,
      "has_children": true,
      "is_end_bone": false
    },
    "spine_01": {
      "name": "spine_01",
      "local": {
        "location": {
          "x": 0.0,
          "y": 0.0,
          "z": 0.0
        },
        "rotation_quaternion": {
          "w": 0.9994192123413086,
          "x": -0.009964489378035069,
          "y": 0.032576605677604675,
          "z": 0.0008412594324909151
        },
        "scale": {
          "x": 1.0,
          "y": 1.0,
          "z": 1.0
        },
        "matrix_basis": [
          [
            0.9978761076927185,
            -0.0023307602386921644,
            0.0650986060500145,
            0.0
          ],
          [
            0.001032323227263987,
            0.9998000264167786,
            0.019972214475274086,
            0.0
          ],
          [
            -0.06513213366270065,
            -0.019862594082951546,
            0.9976789355278015,
            0.0
          ],
          [
            0.0,
            0.0,
            0.0,
            1.0
          ]
        ],
        "rotation_mode": "QUATERNION"
      },
      "armature_space": {
        "head": {
          "x": -0.0039598713628947735,
          "y": -0.00014702975749969482,
          "z": -0.002140942495316267
        },
        "tail": {
          "x": -0.02341551147401333,
          "y": 0.018685221672058105,
          "z": 0.48511192202568054
        }
      },
      "world_space": {
        "head": {
          "x": -0.0039598713628947735,
          "y": 0.06309697031974792,
          "z": 0.9477130770683289
        },
        "tail": {
          "x": -0.02341551147401333,
          "y": 0.08192922174930573,
          "z": 1.434965968132019
        },
        "rotation_quaternion": {
          "w": 0.7205588817596436,
          "x": 0.6930810213088989,
          "y": -0.009487942792475224,
          "z": 0.018538521602749825
        },
        "matrix": [
          [
            0.9991325736045837,
            -0.03986801207065582,
            0.012024413794279099,
            -0.0039598713628947735
          ],
          [
            0.013564646244049072,
            0.03859058395028114,
            -0.9991630911827087,
            0.06309697031974792
          ],
          [
            0.03937089815735817,
            0.9984664916992188,
            0.03909727558493614,
            0.9477130770683289
          ],
          [
            0.0,
            0.0,
            0.0,
            1.0
          ]
        ]
      },
      "bone_length_armature_space": 0.488004630233184,
      "parent": "Root",
      "has_children": true,
      "is_end_bone": false
    },
    "neck_01": {
      "name": "neck_01",
      "local": {
        "location": {
          "x": 0.0,
          "y": 0.0,
          "z": 0.0
        },
        "rotation_quaternion": {
          "w": 0.9933542609214783,
          "x": 0.03660732880234718,
          "y": 0.09675278514623642,
          "z": 0.05045926198363304
        },
        "scale": {
          "x": 1.0,
          "y": 1.0,
          "z": 1.0
        },
        "matrix_basis": [
          [
            0.9761855006217957,
            -0.0931641235947609,
            0.19591394066810608,
            0.0
          ],
          [
            0.10733156651258469,
            0.9922275543212891,
            -0.06296394020318985,
            0.0
          ],
          [
            -0.1885252296924591,
            0.08249223977327347,
            0.9785975813865662,
            0.0
          ],
          [
            0.0,
            0.0,
            0.0,
            1.0
          ]
        ],
        "rotation_mode": "QUATERNION"
      },
      "armature_space": {
        "head": {
          "x": -0.025917572900652885,
          "y": -0.01314065046608448,
          "z": 0.5595740079879761
        },
        "tail": {
          "x": -0.03854040056467056,
          "y": -0.056176960468292236,
          "z": 0.6517655253410339
        }
      },
      "world_space": {
        "head": {
          "x": -0.025917572900652885,
          "y": 0.05010335147380829,
          "z": 1.5094280242919922
        },
        "tail": {
          "x": -0.03854040056467056,
          "y": 0.007067039608955383,
          "z": 1.6016194820404053
        },
        "rotation_quaternion": {
          "w": 0.5385504364967346,
          "x": 0.8328315019607544,
          "y": 0.008592288941144943,
          "z": 0.1275978833436966
        },
        "matrix": [
          [
            0.9672900438308716,
            -0.12312392890453339,
            0.22178907692432404,
            -0.025917572900652885
          ],
          [
            0.15174701809883118,
            -0.4197790324687958,
            -0.8948512077331543,
            0.05010335147380829
          ],
          [
            0.20328152179718018,
            0.8992423415184021,
            -0.3873679041862488,
            1.5094280242919922
          ],
          [
            0.0,
            0.0,
            0.0,
            1.0
          ]
        ]
      },
      "bone_length_armature_space": 0.10252187952472026,
      "parent": "spine_01",
      "has_children": true,
      "is_end_bone": false
    },
    "head": {
      "name": "head",
      "local": {
        "location": {
          "x": 0.0,
          "y": 0.0,
          "z": 0.0
        },
        "rotation_quaternion": {
          "w": 0.9817477464675903,
          "x": 0.04987946152687073,
          "y": 0.1302976757287979,
          "z": 0.12925148010253906
        },
        "scale": {
          "x": 1.0,
          "y": 1.0,
          "z": 1.0
        },
        "matrix_basis": [
          [
            0.9326331615447998,
            -0.2407863438129425,
            0.26873287558555603,
            0.0
          ],
          [
            0.26678305864334106,
            0.9616121649742126,
            -0.06425576657056808,
            0.0
          ],
          [
            -0.24294491112232208,
            0.13162043690681458,
            0.9610691070556641,
            0.0
          ],
          [
            0.0,
            0.0,
            0.0,
            1.0
          ]
        ],
        "rotation_mode": "QUATERNION"
      },
      "armature_space": {
        "head": {
          "x": -0.03854035958647728,
          "y": -0.05617706850171089,
          "z": 0.6517654061317444
        },
        "tail": {
          "x": -0.10059154033660889,
          "y": -0.0920102447271347,
          "z": 0.7893112897872925
        }
      },
      "world_space": {
        "head": {
          "x": -0.03854035958647728,
          "y": 0.007066931575536728,
          "z": 1.6016194820404053
        },
        "tail": {
          "x": -0.10059154033660889,
          "y": -0.028766244649887085,
          "z": 1.7391653060913086
        },
        "rotation_quaternion": {
          "w": 0.6199084520339966,
          "x": 0.7221477627754211,
          "y": -0.013795463368296623,
          "z": 0.3066364824771881
        },
        "matrix": [
          [
            0.8115686178207397,
            -0.4000973701477051,
            0.4257682263851166,
            -0.03854035958647728
          ],
          [
            0.3602462708950043,
            -0.23104728758335114,
            -0.9037920236587524,
            0.007066931575536728
          ],
          [
            0.45998090505599976,
            0.8868767023086548,
            -0.043378252536058426,
            1.6016194820404053
          ],
          [
            0.0,
            0.0,
            0.0,
            1.0
          ]
        ]
      },
      "bone_length_armature_space": 0.15509105563604839,
      "parent": "neck_01",
      "has_children": false,
      "is_end_bone": true
    },
    "upperarm_l": {
      "name": "upperarm_l",
      "local": {
        "location": {
          "x": 0.0,
          "y": 0.0,
          "z": 0.0
        },
        "rotation_quaternion": {
          "w": 0.7573316097259521,
          "x": 0.5839776992797852,
          "y": -0.04840870574116707,
          "z": 0.2882283627986908
        },
        "scale": {
          "x": 1.0,
          "y": 1.0,
          "z": 1.0
        },
        "matrix_basis": [
          [
            0.8291620016098022,
            -0.4931081235408783,
            0.26331499218940735,
            0.0
          ],
          [
            0.38002967834472656,
            0.15178892016410828,
            -0.9124350547790527,
            0.0
          ],
          [
            0.4099607467651367,
            0.8566240072250366,
            0.3132532835006714,
            0.0
          ],
          [
            0.0,
            0.0,
            0.0,
            1.0
          ]
        ],
        "rotation_mode": "QUATERNION"
      },
      "armature_space": {
        "head": {
          "x": 0.12667009234428406,
          "y": -0.016885997727513313,
          "z": 0.49849963188171387
        },
        "tail": {
          "x": 0.17691558599472046,
          "y": -0.24201419949531555,
          "z": 0.6348834037780762
        }
      },
      "world_space": {
        "head": {
          "x": 0.12667009234428406,
          "y": 0.046358004212379456,
          "z": 1.44835364818573
        },
        "tail": {
          "x": 0.17691558599472046,
          "y": -0.17877019941806793,
          "z": 1.5847374200820923
        },
        "rotation_quaternion": {
          "w": 0.27455875277519226,
          "x": 0.7948888540267944,
          "y": -0.0674879178404808,
          "z": -0.5368562340736389
        },
        "matrix": [
          [
            0.41446247696876526,
            0.18750455975532532,
            -0.8905408382415771,
            0.12667009234428406
          ],
          [
            -0.4020879566669464,
            -0.8401264548301697,
            -0.3640236258506775,
            0.046358004212379456
          ],
          [
            -0.8164288401603699,
            0.5089526772499084,
            -0.2728096544742584,
            1.44835364818573
          ],
          [
            0.0,
            0.0,
            0.0,
            1.0
          ]
        ]
      },
      "bone_length_armature_space": 0.26796986973086484,
      "parent": "spine_01",
      "has_children": true,
      "is_end_bone": false
    },
    "lowerarm_l": {
      "name": "lowerarm_l",
      "local": {
        "location": {
          "x": 0.0,
          "y": 0.0,
          "z": 0.0
        },
        "rotation_quaternion": {
          "w": 0.9512734413146973,
          "x": 0.2903382182121277,
          "y": -0.04460219293832779,
          "z": -0.09377213567495346
        },
        "scale": {
          "x": 1.0,
          "y": 1.0,
          "z": 1.0
        },
        "matrix_basis": [
          [
            0.9784348607063293,
            0.15250644087791443,
            -0.13930903375148773,
            0.0
          ],
          [
            -0.20430532097816467,
            0.813821017742157,
            -0.5440171957015991,
            0.0
          ],
          [
            0.030406493693590164,
            0.560746967792511,
            0.8274286985397339,
            0.0
          ],
          [
            0.0,
            0.0,
            0.0,
            1.0
          ]
        ],
        "rotation_mode": "QUATERNION"
      },
      "armature_space": {
        "head": {
          "x": 0.1769154965877533,
          "y": -0.24201424419879913,
          "z": 0.6348835229873657
        },
        "tail": {
          "x": 0.05717359483242035,
          "y": -0.4761439263820648,
          "z": 0.6840215921401978
        }
      },
      "world_space": {
        "head": {
          "x": 0.1769154965877533,
          "y": -0.1787702441215515,
          "z": 1.5847375392913818
        },
        "tail": {
          "x": 0.05717359483242035,
          "y": -0.412899911403656,
          "z": 1.6338756084442139
        },
        "rotation_quaternion": {
          "w": 0.05757663771510124,
          "x": -0.786963164806366,
          "y": 0.24310314655303955,
          "z": 0.56415855884552
        },
        "matrix": [
          [
            0.2452518194913864,
            -0.4475923180580139,
            -0.8599492311477661,
            0.1769154965877533
          ],
          [
            -0.31766238808631897,
            -0.8751710653305054,
            0.3649197816848755,
            -0.1787702441215515
          ],
          [
            -0.915944516658783,
            0.1836768388748169,
            -0.35682258009910583,
            1.5847375392913818
          ],
          [
            0.0,
            0.0,
            0.0,
            1.0
          ]
        ]
      },
      "bone_length_armature_space": 0.2675245420204314,
      "parent": "upperarm_l",
      "has_children": true,
      "is_end_bone": false
    },
    "metacarpal_thumb_l": {
      "name": "metacarpal_thumb_l",
      "local": {
        "location": {
          "x": 0.0,
          "y": 0.0,
          "z": 0.0
        },
        "rotation_quaternion": {
          "w": 0.9982011318206787,
          "x": -0.059151072055101395,
          "y": -0.008535003289580345,
          "z": 0.004780471324920654
        },
        "scale": {
          "x": 1.0,
          "y": 1.0,
          "z": 1.0
        },
        "matrix_basis": [
          [
            0.9998086094856262,
            -0.008534034714102745,
            -0.01760483905673027,
            0.0
          ],
          [
            0.010553453117609024,
            0.9929565787315369,
            0.11800773441791534,
            0.0
          ],
          [
            0.016473758965730667,
            -0.11817093938589096,
            0.9928566217422485,
            0.0
          ],
          [
            0.0,
            0.0,
            0.0,
            1.0
          ]
        ],
        "rotation_mode": "QUATERNION"
      },
      "armature_space": {
        "head": {
          "x": 0.05717359483242035,
          "y": -0.4761439263820648,
          "z": 0.6840215921401978
        },
        "tail": {
          "x": 0.014803305268287659,
          "y": -0.5010397434234619,
          "z": 0.6778134107589722
        }
      },
      "world_space": {
        "head": {
          "x": 0.05717359483242035,
          "y": -0.412899911403656,
          "z": 1.6338756084442139
        },
        "tail": {
          "x": 0.014803305268287659,
          "y": -0.4377957582473755,
          "z": 1.6276674270629883
        },
        "rotation_quaternion": {
          "w": 0.025816120207309723,
          "x": 0.8499647378921509,
          "y": -0.4980275630950928,
          "z": 0.16988863050937653
        },
        "matrix": [
          [
            0.44621241092681885,
            -0.8553836345672607,
            0.2630837559700012,
            0.05717359483242035
          ],
          [
            -0.8378399014472961,
            -0.5026037693023682,
            -0.2131054550409317,
            -0.412899911403656
          ],
          [
            0.31451529264450073,
            -0.12533298134803772,
            -0.9409492611885071,
            1.6338756084442139
          ],
          [
            0.0,
            0.0,
            0.0,
            1.0
          ]
        ]
      },
      "bone_length_armature_space": 0.04953367239122187,
      "parent": "lowerarm_l",
      "has_children": true,
      "is_end_bone": false
    },
    "thumb_01_l": {
      "name": "thumb_01_l",
      "local": {
        "location": {
          "x": 0.0,
          "y": 0.0,
          "z": 0.0
        },
        "rotation_quaternion": {
          "w": 0.9871019124984741,
          "x": 0.15999701619148254,
          "y": -0.005277711432427168,
          "z": 0.0017155101522803307
        },
        "scale": {
          "x": 1.0,
          "y": 1.0,
          "z": 1.0
        },
        "matrix_basis": [
          [
            0.999938428401947,
            -0.005075602792203426,
            -0.009870325215160847,
            0.0
          ],
          [
            0.0016979305073618889,
            0.9487960338592529,
            -0.3158848285675049,
            0.0
          ],
          [
            0.010968230664730072,
            0.31584861874580383,
            0.9487462043762207,
            0.0
          ],
          [
            0.0,
            0.0,
            0.0,
            1.0
          ]
        ],
        "rotation_mode": "QUATERNION"
      },
      "armature_space": {
        "head": {
          "x": 0.014803305268287659,
          "y": -0.5010397434234619,
          "z": 0.6778134107589722
        },
        "tail": {
          "x": 0.005503200925886631,
          "y": -0.5231356024742126,
          "z": 0.653649091720581
        }
      },
      "world_space": {
        "head": {
          "x": 0.014803305268287659,
          "y": -0.4377957582473755,
          "z": 1.6276674270629883
        },
        "tail": {
          "x": 0.005503200925886631,
          "y": -0.4598916172981262,
          "z": 1.6035031080245972
        },
        "rotation_quaternion": {
          "w": 0.009604801423847675,
          "x": 0.30664411187171936,
          "y": -0.4187334477901459,
          "z": 0.8547160029411316
        },
        "matrix": [
          [
            -0.8117548227310181,
            -0.2732224762439728,
            0.5161426663398743,
            0.014803305268287659
          ],
          [
            -0.2403843104839325,
            -0.6491411924362183,
            -0.7216865420341492,
            -0.4377957582473755
          ],
          [
            0.5322339534759521,
            -0.7099105715751648,
            0.46126770973205566,
            1.6276674270629883
          ],
          [
            0.0,
            0.0,
            0.0,
            1.0
          ]
        ]
      },
      "bone_length_armature_space": 0.03403870273558494,
      "parent": "metacarpal_thumb_l",
      "has_children": true,
      "is_end_bone": false
    },
    "thumb_02_l": {
      "name": "thumb_02_l",
      "local": {
        "location": {
          "x": 0.0,
          "y": 0.0,
          "z": 0.0
        },
        "rotation_quaternion": {
          "w": 0.9386117458343506,
          "x": 0.3447052836418152,
          "y": 0.007900506258010864,
          "z": 0.011131188832223415
        },
        "scale": {
          "x": 1.0,
          "y": 1.0,
          "z": 1.0
        },
        "matrix_basis": [
          [
            0.9996273517608643,
            -0.015449036844074726,
            0.022504976019263268,
            0.0
          ],
          [
            0.026342421770095825,
            0.7621087431907654,
            -0.6469129920005798,
            0.0
          ],
          [
            -0.007157056592404842,
            0.6472647190093994,
            0.762231707572937,
            0.0
          ],
          [
            0.0,
            0.0,
            0.0,
            1.0
          ]
        ],
        "rotation_mode": "QUATERNION"
      },
      "armature_space": {
        "head": {
          "x": 0.0055032093077898026,
          "y": -0.5231354832649231,
          "z": 0.6536490321159363
        },
        "tail": {
          "x": 0.0018479665741324425,
          "y": -0.5459818243980408,
          "z": 0.6864800453186035
        }
      },
      "world_space": {
        "head": {
          "x": 0.0055032093077898026,
          "y": -0.45989149808883667,
          "z": 1.6035029888153076
        },
        "tail": {
          "x": 0.0018479665741324425,
          "y": -0.48273783922195435,
          "z": 1.6363340616226196
        },
        "rotation_quaternion": {
          "w": 0.12784793972969055,
          "x": 0.1481560319662094,
          "y": 0.44636794924736023,
          "z": 0.8731898069381714
        },
        "matrix": [
          [
            -0.9234093427658081,
            -0.09100702404975891,
            0.3728709816932678,
            0.0055032093077898026
          ],
          [
            0.35553547739982605,
            -0.5688210725784302,
            0.741645097732544,
            -0.45989149808883667
          ],
          [
            0.14460326731204987,
            0.8174160122871399,
            0.5576152801513672,
            1.6035029888153076
          ],
          [
            0.0,
            0.0,
            0.0,
            1.0
          ]
        ]
      },
      "bone_length_armature_space": 0.040164555155420716,
      "parent": "thumb_01_l",
      "has_children": true,
      "is_end_bone": false
    },
    "thumb_03_l": {
      "name": "thumb_03_l",
      "local": {
        "location": {
          "x": 0.0,
          "y": 0.0,
          "z": 0.0
        },
        "rotation_quaternion": {
          "w": 0.9861020445823669,
          "x": 0.16599363088607788,
          "y": 0.0040059746243059635,
          "z": -0.005742383189499378
        },
        "scale": {
          "x": 1.0,
          "y": 1.0,
          "z": 1.0
        },
        "matrix_basis": [
          [
            0.9999019503593445,
            0.012655084021389484,
            0.005994201637804508,
            0.0
          ],
          [
            -0.00999521929770708,
            0.9448263049125671,
            -0.32741931080818176,
            0.0
          ],
          [
            -0.009806997142732143,
            0.32732731103897095,
            0.9448601603507996,
            0.0
          ],
          [
            0.0,
            0.0,
            0.0,
            1.0
          ]
        ],
        "rotation_mode": "QUATERNION"
      },
      "armature_space": {
        "head": {
          "x": 0.0018478960264474154,
          "y": -0.5459818840026855,
          "z": 0.6864799857139587
        },
        "tail": {
          "x": 0.006141360849142075,
          "y": -0.548286497592926,
          "z": 0.7165325880050659
        }
      },
      "world_space": {
        "head": {
          "x": 0.0018478960264474154,
          "y": -0.4827378988265991,
          "z": 1.63633394241333
        },
        "tail": {
          "x": 0.006141360849142075,
          "y": -0.4850425124168396,
          "z": 1.666386604309082
        },
        "rotation_quaternion": {
          "w": 0.07291121780872345,
          "x": -0.02525835484266281,
          "y": -0.6758958101272583,
          "z": -0.7329466938972473
        },
        "matrix": [
          [
            -0.988091766834259,
            0.14102418720722198,
            -0.06153569743037224,
            0.0018478960264474154
          ],
          [
            -0.07273688167333603,
            -0.07569733262062073,
            0.9944745898246765,
            -0.4827378988265991
          ],
          [
            0.13558778166770935,
            0.9871147871017456,
            0.08505493402481079,
            1.63633394241333
          ],
          [
            0.0,
            0.0,
            0.0,
            1.0
          ]
        ]
      },
      "bone_length_armature_space": 0.03044509813758965,
      "parent": "thumb_02_l",
      "has_children": false,
      "is_end_bone": true
    },
    "metacarpal_index_l": {
      "name": "metacarpal_index_l",
      "local": {
        "location": {
          "x": 0.0,
          "y": 0.0,
          "z": 0.0
        },
        "rotation_quaternion": {
          "w": 0.9984886646270752,
          "x": -0.05342388525605202,
          "y": 0.010903174988925457,
          "z": -0.006889670621603727
        },
        "scale": {
          "x": 1.0,
          "y": 1.0,
          "z": 1.0
        },
        "matrix_basis": [
          [
            0.9996672868728638,
            0.012593535706400871,
            0.022509539499878883,
            0.0
          ],
          [
            -0.014923496171832085,
            0.9941968321800232,
            0.10653604567050934,
            0.0
          ],
          [
            -0.02103724703192711,
            -0.10683652758598328,
            0.9940540194511414,
            0.0
          ],
          [
            0.0,
            0.0,
            0.0,
            1.0
          ]
        ],
        "rotation_mode": "QUATERNION"
      },
      "armature_space": {
        "head": {
          "x": 0.05717359483242035,
          "y": -0.4761439263820648,
          "z": 0.6840215921401978
        },
        "tail": {
          "x": -0.018326804041862488,
          "y": -0.5646191835403442,
          "z": 0.6982002258300781
        }
      },
      "world_space": {
        "head": {
          "x": 0.05717359483242035,
          "y": -0.412899911403656,
          "z": 1.6338756084442139
        },
        "tail": {
          "x": -0.018326804041862488,
          "y": -0.5013751983642578,
          "z": 1.6480542421340942
        },
        "rotation_quaternion": {
          "w": 0.022455044090747833,
          "x": 0.9298769235610962,
          "y": -0.349214106798172,
          "z": -0.1134643405675888
        },
        "matrix": [
          [
            0.7303505539894104,
            -0.6443567872047424,
            -0.22669868171215057,
            0.05717359483242035
          ],
          [
            -0.6545481085777283,
            -0.7550905346870422,
            0.0374860018491745,
            -0.412899911403656
          ],
          [
            -0.19533441960811615,
            0.12100748717784882,
            -0.9732500314712524,
            1.6338756084442139
          ],
          [
            0.0,
            0.0,
            0.0,
            1.0
          ]
        ]
      },
      "bone_length_armature_space": 0.1171717344422875,
      "parent": "lowerarm_l",
      "has_children": true,
      "is_end_bone": false
    },
    "index_01_l": {
      "name": "index_01_l",
      "local": {
        "location": {
          "x": 0.0,
          "y": 0.0,
          "z": 0.0
        },
        "rotation_quaternion": {
          "w": 0.969830334186554,
          "x": 0.2427850365638733,
          "y": -0.02183060348033905,
          "z": 0.0028193139005452394
        },
        "scale": {
          "x": 1.0,
          "y": 1.0,
          "z": 1.0
        },
        "matrix_basis": [
          [
            0.9990309476852417,
            -0.016068799421191216,
            -0.04097498953342438,
            0.0
          ],
          [
            -0.005131775513291359,
            0.8820949792861938,
            -0.4710436761379242,
            0.0
          ],
          [
            0.04371293634176254,
            0.47079747915267944,
            0.8811576962471008,
            0.0
          ],
          [
            0.0,
            0.0,
            0.0,
            1.0
          ]
        ],
        "rotation_mode": "QUATERNION"
      },
      "armature_space": {
        "head": {
          "x": -0.018326804041862488,
          "y": -0.5646191835403442,
          "z": 0.6982002258300781
        },
        "tail": {
          "x": -0.030242297798395157,
          "y": -0.5891239047050476,
          "z": 0.6897972822189331
        }
      },
      "world_space": {
        "head": {
          "x": -0.018326804041862488,
          "y": -0.5013751983642578,
          "z": 1.6480542421340942
        },
        "tail": {
          "x": -0.030242297798395157,
          "y": -0.5258799195289612,
          "z": 1.6396512985229492
        },
        "rotation_quaternion": {
          "w": 0.17404502630233765,
          "x": -0.9592130184173584,
          "y": 0.2000434398651123,
          "z": 0.09798640012741089
        },
        "matrix": [
          [
            0.9007626175880432,
            -0.4178767800331116,
            -0.11834582686424255,
            -0.018326804041862488
          ],
          [
            -0.3496609032154083,
            -0.8593820333480835,
            0.3730952739715576,
            -0.5013751983642578
          ],
          [
            -0.2576143145561218,
            -0.29469209909439087,
            -0.9202203154563904,
            1.6480542421340942
          ],
          [
            0.0,
            0.0,
            0.0,
            1.0
          ]
        ]
      },
      "bone_length_armature_space": 0.02851437877640986,
      "parent": "metacarpal_index_l",
      "has_children": true,
      "is_end_bone": false
    },
    "index_02_l": {
      "name": "index_02_l",
      "local": {
        "location": {
          "x": 0.0,
          "y": 0.0,
          "z": 0.0
        },
        "rotation_quaternion": {
          "w": 0.9097923040390015,
          "x": 0.4150335192680359,
          "y": 0.004771118052303791,
          "z": -0.0015564837958663702
        },
        "scale": {
          "x": 1.0,
          "y": 1.0,
          "z": 1.0
        },
        "matrix_basis": [
          [
            0.9999496340751648,
            0.006792502012103796,
            0.00738946720957756,
            0.0
          ],
          [
            0.00112819392234087,
            0.6554895043373108,
            -0.7552034854888916,
            0.0
          ],
          [
            -0.009973438456654549,
            0.7551737427711487,
            0.655448853969574,
            0.0
          ],
          [
            0.0,
            0.0,
            0.0,
            1.0
          ]
        ],
        "rotation_mode": "QUATERNION"
      },
      "armature_space": {
        "head": {
          "x": -0.030242707580327988,
          "y": -0.5891240239143372,
          "z": 0.6897969245910645
        },
        "tail": {
          "x": -0.04027867689728737,
          "y": -0.5969719886779785,
          "z": 0.6675306558609009
        }
      },
      "world_space": {
        "head": {
          "x": -0.030242707580327988,
          "y": -0.5258800387382507,
          "z": 1.6396509408950806
        },
        "tail": {
          "x": -0.04027867689728737,
          "y": -0.5337280035018921,
          "z": 1.617384672164917
        },
        "rotation_quaternion": {
          "w": 0.5483231544494629,
          "x": -0.8070825934410095,
          "y": 0.21535903215408325,
          "z": 0.03974904119968414
        },
        "matrix": [
          [
            0.9040805101394653,
            -0.391215980052948,
            0.17201299965381622,
            -0.030242707580327988
          ],
          [
            -0.304036408662796,
            -0.30592459440231323,
            0.9022040963172913,
            -0.5258800387382507
          ],
          [
            -0.300336092710495,
            -0.8679695129394531,
            -0.3955264091491699,
            1.6396509408950806
          ],
          [
            0.0,
            0.0,
            0.0,
            1.0
          ]
        ]
      },
      "bone_length_armature_space": 0.025653419916634917,
      "parent": "index_01_l",
      "has_children": true,
      "is_end_bone": false
    },
    "index_03_l": {
      "name": "index_03_l",
      "local": {
        "location": {
          "x": 0.0,
          "y": 0.0,
          "z": 0.0
        },
        "rotation_quaternion": {
          "w": 0.9698323011398315,
          "x": 0.24372407793998718,
          "y": -0.0031212433241307735,
          "z": 0.0037815552204847336
        },
        "scale": {
          "x": 1.0,
          "y": 1.0,
          "z": 1.0
        },
        "matrix_basis": [
          [
            0.9999518990516663,
            -0.0088563933968544,
            -0.0042108530178666115,
            0.0
          ],
          [
            0.005813504569232464,
            0.88116854429245,
            -0.47276657819747925,
            0.0
          ],
          [
            0.007897477596998215,
            0.47271937131881714,
            0.8811776638031006,
            0.0
          ],
          [
            0.0,
            0.0,
            0.0,
            1.0
          ]
        ],
        "rotation_mode": "QUATERNION"
      },
      "armature_space": {
        "head": {
          "x": -0.04027871787548065,
          "y": -0.5969721078872681,
          "z": 0.6675307750701904
        },
        "tail": {
          "x": -0.044298749417066574,
          "y": -0.59086674451828,
          "z": 0.639241099357605
        }
      },
      "world_space": {
        "head": {
          "x": -0.04027871787548065,
          "y": -0.5337281227111816,
          "z": 1.6173847913742065
        },
        "tail": {
          "x": -0.044298749417066574,
          "y": -0.5276227593421936,
          "z": 1.589095115661621
        },
        "rotation_quaternion": {
          "w": 0.7538380026817322,
          "x": -0.6253702044487,
          "y": 0.19027762115001678,
          "z": -0.06659483164548874
        },
        "matrix": [
          [
            0.918719470500946,
            -0.13758425414562225,
            0.3701688051223755,
            -0.04027871787548065
          ],
          [
            -0.33839038014411926,
            0.20895440876483917,
            0.9175130128860474,
            -0.5337281227111816
          ],
          [
            -0.20358553528785706,
            -0.9682052731513977,
            0.1454150676727295,
            1.6173847913742065
          ],
          [
            0.0,
            0.0,
            0.0,
            1.0
          ]
        ]
      },
      "bone_length_armature_space": 0.029218861371176078,
      "parent": "index_02_l",
      "has_children": false,
      "is_end_bone": true
    },
    "metacarpal_pinky_l": {
      "name": "metacarpal_pinky_l",
      "local": {
        "location": {
          "x": 0.0,
          "y": 0.0,
          "z": 0.0
        },
        "rotation_quaternion": {
          "w": 0.9994326829910278,
          "x": -0.02869780920445919,
          "y": -0.001928272657096386,
          "z": 0.017528953030705452
        },
        "scale": {
          "x": 1.0,
          "y": 1.0,
          "z": 1.0
        },
        "matrix_basis": [
          [
            0.9993780255317688,
            -0.03492734208703041,
            -0.0048604425974190235,
            0.0
          ],
          [
            0.03514869138598442,
            0.9977383613586426,
            0.057295456528663635,
            0.0
          ],
          [
            0.002848272444680333,
            -0.057430658489465714,
            0.9983454346656799,
            0.0
          ],
          [
            0.0,
            0.0,
            0.0,
            1.0
          ]
        ],
        "rotation_mode": "QUATERNION"
      },
      "armature_space": {
        "head": {
          "x": 0.05717359483242035,
          "y": -0.4761439263820648,
          "z": 0.6840215921401978
        },
        "tail": {
          "x": 0.046194225549697876,
          "y": -0.5763784050941467,
          "z": 0.7100164294242859
        }
      },
      "world_space": {
        "head": {
          "x": 0.05717359483242035,
          "y": -0.412899911403656,
          "z": 1.6338756084442139
        },
        "tail": {
          "x": 0.046194225549697876,
          "y": -0.5131344199180603,
          "z": 1.6598703861236572
        },
        "rotation_quaternion": {
          "w": 0.017823757603764534,
          "x": -0.2632305324077606,
          "y": 0.13561366498470306,
          "z": 0.9549874067306519
        },
        "matrix": [
          [
            -0.860784113407135,
            -0.10543829947710037,
            -0.49792933464050293,
            0.05717359483242035
          ],
          [
            -0.03735247626900673,
            -0.9625825881958008,
            0.2684023976325989,
            -0.412899911403656
          ],
          [
            -0.5076013803482056,
            0.24963635206222534,
            0.8246431946754456,
            1.6338756084442139
          ],
          [
            0.0,
            0.0,
            0.0,
            1.0
          ]
        ]
      },
      "bone_length_armature_space": 0.1041308247599168,
      "parent": "lowerarm_l",
      "has_children": true,
      "is_end_bone": false
    },
    "pinky_01_l": {
      "name": "pinky_01_l",
      "local": {
        "location": {
          "x": 0.0,
          "y": 0.0,
          "z": 0.0
        },
        "rotation_quaternion": {
          "w": 0.9259742498397827,
          "x": 0.3774051070213318,
          "y": 0.010267462581396103,
          "z": -0.005628703162074089
        },
        "scale": {
          "x": 1.0,
          "y": 1.0,
          "z": 1.0
        },
        "matrix_basis": [
          [
            0.9997258186340332,
            0.018174054101109505,
            0.014766208827495575,
            0.0
          ],
          [
            -0.0026740827597677708,
            0.7150673866271973,
            -0.6990504264831543,
            0.0
          ],
          [
            -0.023263415321707726,
            0.6988192200660706,
            0.714919924736023,
            0.0
          ],
          [
            0.0,
            0.0,
            0.0,
            1.0
          ]
        ],
        "rotation_mode": "QUATERNION"
      },
      "armature_space": {
        "head": {
          "x": 0.046194225549697876,
          "y": -0.5763784050941467,
