{
  "metadata": {
    "armature_name": "KIM_caucasian_male",
    "export_time": "2026-01-13T21:12:29.444767",
    "blender_version": "4.4.1",
    "bone_count": 56,
    "end_bone_count": 13,
    "spaces_included": [
      "LOCAL_CHANNELS",
      "ARMATURE_SPACE",
      "WORLD_SPACE"
    ],
    "note": "LOCAL matches Transform panel; replay pose via local.matrix_basis for best fidelity."
  },
  "bones": {
    "Root": {
      "name": "Root",
      "local": {
        "location": {
          "x": 0.0,
          "y": 0.0,
          "z": 0.0
        },
        "rotation_quaternion": {
          "w": 0.9996709823608398,
          "x": 0.013684864155948162,
          "y": 0.004103864077478647,
          "z": -0.02130446955561638
        },
        "scale": {
          "x": 1.0,
          "y": 1.0,
          "z": 1.0
        },
        "matrix_basis": [
          [
            0.9990585446357727,
            0.04270724207162857,
            0.007621929980814457,
            0.0
          ],
          [
            -0.04248259961605072,
            0.9987176656723022,
            -0.027535583823919296,
            0.0
          ],
          [
            -0.008788125589489937,
            0.02718586102128029,
            0.9995917677879333,
            0.0
          ],
          [
            0.0,
            0.0,
            0.0,
            1.0
          ]
        ],
        "rotation_mode": "QUATERNION"
      },
      "armature_space": {
        "head": {
          "x": 0.0,
          "y": 0.07072800397872925,
          "z": -0.009595036506652832
        },
        "tail": {
          "x": 0.0030482665169984102,
          "y": -0.00017014890909194946,
          "z": -0.0019351188093423843
        }
      },
      "world_space": {
        "head": {
          "x": 0.0,
          "y": 0.13397200405597687,
          "z": 0.9402589797973633
        },
        "tail": {
          "x": 0.0030482665169984102,
          "y": 0.06307385116815567,
          "z": 0.9479188919067383
        },
        "rotation_quaternion": {
          "w": 0.05369171127676964,
          "x": 0.9983218312263489,
          "y": 0.021532539278268814,
          "z": 0.0026593059301376343
        },
        "matrix": [
          [
            0.9990585446357727,
            0.04270724207162857,
            0.007621929980814457,
            0.0
          ],
          [
            0.04327837750315666,
            -0.9933070540428162,
            -0.10708916187286377,
            0.13397200405597687
          ],
          [
            0.0029974966309964657,
            0.10731802880764008,
            -0.9942272901535034,
            0.9402589797973633
          ],
          [
            0.0,
            0.0,
            0.0,
            1.0
          ]
        ]
      },
      "bone_length_armature_space": 0.07137586734608792,
      "parent": null,
      "has_children": true,
      "is_end_bone": false
    },
    "spine_01": {
      "name": "spine_01",
      "local": {
        "location": {
          "x": 0.0,
          "y": 0.0,
          "z": 0.0
        },
        "rotation_quaternion": {
          "w": 0.9939244985580444,
          "x": 0.08950594067573547,
          "y": 0.04134129360318184,
          "z": -0.04892629384994507
        },
        "scale": {
          "x": 1.0,
          "y": 1.0,
          "z": 1.0
        },
        "matrix_basis": [
          [
            0.991794228553772,
            0.10465866327285767,
            0.07342185825109482,
            0.0
          ],
          [
            -0.08985750377178192,
            0.9791898131370544,
            -0.18196964263916016,
            0.0
          ],
          [
            -0.09093863517045975,
            0.17387893795967102,
            0.9805591702461243,
            0.0
          ],
          [
            0.0,
            0.0,
            0.0,
            1.0
          ]
        ],
        "rotation_mode": "QUATERNION"
      },
      "armature_space": {
        "head": {
          "x": 0.0030482665169984102,
          "y": -0.00017014890909194946,
          "z": -0.0019351188093423843
        },
        "tail": {
          "x": 0.05590766295790672,
          "y": -0.07349810004234314,
          "z": 0.4776243269443512
        }
      },
      "world_space": {
        "head": {
          "x": 0.0030482665169984102,
          "y": 0.06307385116815567,
          "z": 0.9479188919067383
        },
        "tail": {
          "x": 0.05590766295790672,
          "y": -0.01025409996509552,
          "z": 1.427478313446045
        },
        "rotation_quaternion": {
          "w": 0.6469857096672058,
          "x": 0.7583187222480774,
          "y": 0.07923564314842224,
          "z": 0.009160703979432583
        },
        "matrix": [
          [
            0.9872754812240601,
            0.10831816494464874,
            0.11642275750637054,
            0.0030482665169984102
          ],
          [
            0.13202603161334991,
            -0.15026181936264038,
            -0.9797910451889038,
            0.06307385116815567
          ],
          [
            -0.08863577991724014,
            0.982701301574707,
            -0.16265267133712769,
            0.9479188919067383
          ],
          [
            0.0,
            0.0,
            0.0,
            1.0
          ]
        ]
      },
      "bone_length_armature_space": 0.488004476783477,
      "parent": "Root",
      "has_children": true,
      "is_end_bone": false
    },
    "neck_01": {
      "name": "neck_01",
      "local": {
        "location": {
          "x": 0.0,
          "y": 0.0,
          "z": 0.0
        },
        "rotation_quaternion": {
          "w": 0.994050145149231,
          "x": 0.06521634757518768,
          "y": -0.059009209275245667,
          "z": 0.06425865739583969
        },
        "scale": {
          "x": 1.0,
          "y": 1.0,
          "z": 1.0
        },
        "matrix_basis": [
          [
            0.9847774505615234,
            -0.1354493796825409,
            -0.10893479734659195,
            0.0
          ],
          [
            0.12005592882633209,
            0.9832352995872498,
            -0.13724035024642944,
            0.0
          ],
          [
            0.12569765746593475,
            0.12207293510437012,
            0.9845294952392578,
            0.0
          ],
          [
            0.0,
            0.0,
            0.0,
            1.0
          ]
        ],
        "rotation_mode": "QUATERNION"
      },
      "armature_space": {
        "head": {
          "x": 0.06787614524364471,
          "y": -0.11847963184118271,
          "z": 0.5439353585243225
        },
        "tail": {
          "x": 0.06953461468219757,
          "y": -0.18245601654052734,
          "z": 0.6240289211273193
        }
      },
      "world_space": {
        "head": {
          "x": 0.06787614524364471,
          "y": -0.05523563176393509,
          "z": 1.4937894344329834
        },
        "tail": {
          "x": 0.06953461468219757,
          "y": -0.11921201646327972,
          "z": 1.5738829374313354
        },
        "rotation_quaternion": {
          "w": 0.4335235357284546,
          "x": 0.9005447030067444,
          "y": -0.00650092214345932,
          "z": -0.032161563634872437
        },
        "matrix": [
          [
            0.9978466629981995,
            0.016176842153072357,
            -0.06356233358383179,
            0.06787614524364471
          ],
          [
            -0.03959426283836365,
            -0.6240298748016357,
            -0.7803967595100403,
            -0.05523563176393509
          ],
          [
            -0.05228956788778305,
            0.7812378406524658,
            -0.6220508217811584,
            1.4937894344329834
          ],
          [
            0.0,
            0.0,
            0.0,
            1.0
          ]
        ]
      },
      "bone_length_armature_space": 0.10252173981058732,
      "parent": "spine_01",
      "has_children": true,
      "is_end_bone": false
    },
    "head": {
      "name": "head",
      "local": {
        "location": {
          "x": 0.0,
          "y": 0.0,
          "z": 0.0
        },
        "rotation_quaternion": {
          "w": 0.9858440160751343,
          "x": -0.15423312783241272,
          "y": 0.01952962763607502,
          "z": -0.06278897821903229
        },
        "scale": {
          "x": 1.0,
          "y": 1.0,
          "z": 1.0
        },
        "matrix_basis": [
          [
            0.9913522601127625,
            0.1177760437130928,
            0.057874612510204315,
            0.0
          ],
          [
            -0.12982450425624847,
            0.9445393681526184,
            0.3016471266746521,
            0.0
          ],
          [
            -0.019138051196932793,
            -0.30655211210250854,
            0.9516614675521851,
            0.0
          ],
          [
            0.0,
            0.0,
            0.0,
            1.0
          ]
        ],
        "rotation_mode": "QUATERNION"
      },
      "armature_space": {
        "head": {
          "x": 0.06953460723161697,
          "y": -0.18245607614517212,
          "z": 0.624028742313385
        },
        "tail": {
          "x": 0.09592445194721222,
          "y": -0.18182362616062164,
          "z": 0.7768570184707642
        }
      },
      "world_space": {
        "head": {
          "x": 0.06953460723161697,
          "y": -0.1192120760679245,
          "z": 1.573882818222046
        },
        "tail": {
          "x": 0.09592445194721222,
          "y": -0.11857962608337402,
          "z": 1.7267110347747803
        },
        "rotation_quaternion": {
          "w": 0.7054898142814636,
          "x": 0.7035146951675415,
          "y": 0.06574840098619461,
          "z": -0.05503135919570923
        },
        "matrix": [
          [
            0.9852973222732544,
            0.1701579988002777,
            0.015337787568569183,
            0.06953460723161697
          ],
          [
            0.014860576018691063,
            0.004077911376953125,
            -0.999881386756897,
            -0.1192120760679245
          ],
          [
            -0.17020153999328613,
            0.9854153990745544,
            0.0014882981777191162,
            1.573882818222046
          ],
          [
            0.0,
            0.0,
            0.0,
            1.0
          ]
        ]
      },
      "bone_length_armature_space": 0.15509128379363632,
      "parent": "neck_01",
      "has_children": false,
      "is_end_bone": true
    },
    "upperarm_l": {
      "name": "upperarm_l",
      "local": {
        "location": {
          "x": 0.0,
          "y": 0.0,
          "z": 0.0
        },
        "rotation_quaternion": {
          "w": 0.7977586984634399,
          "x": 0.4168136715888977,
          "y": 0.21731650829315186,
          "z": 0.37765198945999146
        },
        "scale": {
          "x": 1.0,
          "y": 1.0,
          "z": 1.0
        },
        "matrix_basis": [
          [
            0.6203050017356873,
            -0.4213893413543701,
            0.6615533232688904,
            0.0
          ],
          [
            0.783711314201355,
            0.3672906756401062,
            -0.5008934140205383,
            0.0
          ],
          [
            -0.03191124647855759,
            0.8291735053062439,
            0.5580797791481018,
            0.0
          ],
          [
            0.0,
            0.0,
            0.0,
            1.0
          ]
        ],
        "rotation_mode": "QUATERNION"
      },
      "armature_space": {
        "head": {
          "x": 0.2090589553117752,
          "y": -0.09170164167881012,
          "z": 0.46407613158226013
        },
        "tail": {
          "x": 0.35425060987472534,
          "y": -0.30939823389053345,
          "z": 0.5218275189399719
        }
      },
      "world_space": {
        "head": {
          "x": 0.2090589553117752,
          "y": -0.0284576416015625,
          "z": 1.4139301776885986
        },
        "tail": {
          "x": 0.35425060987472534,
          "y": -0.24615423381328583,
          "z": 1.4716815948486328
        },
        "rotation_quaternion": {
          "w": 0.20453554391860962,
          "x": 0.8933435678482056,
          "y": 0.2279655784368515,
          "z": -0.3288379907608032
        },
        "matrix": [
          [
            0.6797946691513062,
            0.5418217182159424,
            -0.4942758083343506,
            0.2090589553117752
          ],
          [
            0.2727852761745453,
            -0.8123934268951416,
            -0.5153690576553345,
            -0.0284576416015625
          ],
          [
            -0.6807889938354492,
            0.21551473438739777,
            -0.7000670433044434,
            1.4139301776885986
          ],
          [
            0.0,
            0.0,
            0.0,
            1.0
          ]
        ]
      },
      "bone_length_armature_space": 0.2679694861250406,
      "parent": "spine_01",
      "has_children": true,
      "is_end_bone": false
    },
    "lowerarm_l": {
      "name": "lowerarm_l",
      "local": {
        "location": {
          "x": 0.0,
          "y": 0.0,
          "z": 0.0
        },
        "rotation_quaternion": {
          "w": 0.8968992233276367,
          "x": 0.4307608902454376,
          "y": 0.057783279567956924,
          "z": -0.08172008395195007
        },
        "scale": {
          "x": 1.0,
          "y": 1.0,
          "z": 1.0
        },
        "matrix_basis": [
          [
            0.97996586561203,
            0.1963709145784378,
            0.0332479253411293,
            0.0
          ],
          [
            -0.0968078076839447,
            0.6155337691307068,
            -0.7821423411369324,
            0.0
          ],
          [
            -0.17405518889427185,
            0.7632541060447693,
            0.622212290763855,
            0.0
          ],
          [
            0.0,
            0.0,
            0.0,
            1.0
          ]
        ],
        "rotation_mode": "QUATERNION"
      },
      "armature_space": {
        "head": {
          "x": 0.35425055027008057,
          "y": -0.3093983829021454,
          "z": 0.5218275785446167
        },
        "tail": {
          "x": 0.32650652527809143,
          "y": -0.5373675227165222,
          "z": 0.3846050202846527
        }
      },
      "world_space": {
        "head": {
          "x": 0.35425055027008057,
          "y": -0.24615438282489777,
          "z": 1.4716815948486328
        },
        "tail": {
          "x": 0.32650652527809143,
          "y": -0.4741235375404358,
          "z": 1.3344590663909912
        },
        "rotation_quaternion": {
          "w": 0.26543542742729187,
          "x": -0.8794837594032288,
          "y": -0.05893125385046005,
          "z": 0.3906140625476837
        },
        "matrix": [
          [
            0.6878960132598877,
            -0.10370644927024841,
            -0.7183620929718018,
            0.35425055027008057
          ],
          [
            0.3110235035419464,
            -0.8521430492401123,
            0.420852392911911,
            -0.24615438282489777
          ],
          [
            -0.6557965278625488,
            -0.5129345655441284,
            -0.5539342164993286,
            1.4716815948486328
          ],
          [
            0.0,
            0.0,
            0.0,
            1.0
          ]
        ]
      },
      "bone_length_armature_space": 0.26752512523968985,
      "parent": "upperarm_l",
      "has_children": true,
      "is_end_bone": false
    },
    "metacarpal_thumb_l": {
      "name": "metacarpal_thumb_l",
      "local": {
        "location": {
          "x": 0.0,
          "y": 0.0,
          "z": 0.0
        },
        "rotation_quaternion": {
          "w": 0.9995973706245422,
          "x": -0.019450336694717407,
          "y": -0.016774723306298256,
          "z": 0.012059679254889488
        },
        "scale": {
          "x": 1.0,
          "y": 1.0,
          "z": 1.0
        },
        "matrix_basis": [
          [
            0.9991463422775269,
            -0.023457098752260208,
            -0.034005068242549896,
            0.0
          ],
          [
            0.024762194603681564,
            0.9989525079727173,
            0.03848041594028473,
            0.0
          ],
          [
            0.03306680917739868,
            -0.039289604872465134,
            0.998680591583252,
            0.0
          ],
          [
            0.0,
            0.0,
            0.0,
            1.0
          ]
        ],
        "rotation_mode": "QUATERNION"
      },
      "armature_space": {
        "head": {
          "x": 0.32650652527809143,
          "y": -0.5373675227165222,
          "z": 0.3846050202846527
        },
        "tail": {
          "x": 0.3056900203227997,
          "y": -0.5554559230804443,
          "z": 0.34345781803131104
        }
      },
      "world_space": {
        "head": {
          "x": 0.32650652527809143,
          "y": -0.4741235375404358,
          "z": 1.3344590663909912
        },
        "tail": {
          "x": 0.3056900203227997,
          "y": -0.4922119379043579,
          "z": 1.2933118343353271
        },
        "rotation_quaternion": {
          "w": 0.40705904364585876,
          "x": -0.7904974222183228,
          "y": 0.38950711488723755,
          "z": -0.24021045863628387
        },
        "matrix": [
          [
            0.5811649560928345,
            -0.4202495813369751,
            0.6968770027160645,
            0.32650652527809143
          ],
          [
            -0.8113692402839661,
            -0.3651740849018097,
            0.45642948150634766,
            -0.4741235375404358
          ],
          [
            0.06266693025827408,
            -0.8306914567947388,
            -0.5532073974609375,
            1.3344590663909912
          ],
          [
            0.0,
            0.0,
            0.0,
            1.0
          ]
        ]
      },
      "bone_length_armature_space": 0.04953392169815567,
      "parent": "lowerarm_l",
      "has_children": true,
      "is_end_bone": false
    },
    "thumb_01_l": {
      "name": "thumb_01_l",
      "local": {
        "location": {
          "x": 0.0,
          "y": 0.0,
          "z": 0.0
        },
        "rotation_quaternion": {
          "w": 0.9989007115364075,
          "x": -0.043550822883844376,
          "y": -0.017317280173301697,
          "z": -0.001001502969302237
        },
        "scale": {
          "x": 1.0,
          "y": 1.0,
          "z": 1.0
        },
        "matrix_basis": [
          [
            0.9993982315063477,
            0.003509167581796646,
            -0.03450925275683403,
            0.0
          ],
          [
            -0.0004924404784105718,
            0.996204674243927,
            0.08704058080911636,
            0.0
          ],
          [
            0.0346837192773819,
            -0.0869712084531784,
            0.9956068992614746,
            0.0
          ],
          [
            0.0,
            0.0,
            0.0,
            1.0
          ]
        ],
        "rotation_mode": "QUATERNION"
      },
      "armature_space": {
        "head": {
          "x": 0.3056900203227997,
          "y": -0.5554559230804443,
          "z": 0.34345781803131104
        },
        "tail": {
          "x": 0.30953752994537354,
          "y": -0.5465381145477295,
          "z": 0.3108340799808502
        }
      },
      "world_space": {
        "head": {
          "x": 0.3056900203227997,
          "y": -0.4922119379043579,
          "z": 1.2933118343353271
        },
        "tail": {
          "x": 0.30953752994537354,
          "y": -0.48329412937164307,
          "z": 1.260688066482544
        },
        "rotation_quaternion": {
          "w": 0.3052206039428711,
          "x": -0.16611507534980774,
          "y": 0.7333728671073914,
          "z": -0.5843032598495483
        },
        "matrix": [
          [
            -0.7584930658340454,
            0.11303356289863586,
            0.6418033838272095,
            0.3056900203227997
          ],
          [
            -0.600330650806427,
            0.26199108362197876,
            -0.7556215524673462,
            -0.4922119379043579
          ],
          [
            -0.25355955958366394,
            -0.9584344625473022,
            -0.13086247444152832,
            1.2933118343353271
          ],
          [
            0.0,
            0.0,
            0.0,
            1.0
          ]
        ]
      },
      "bone_length_armature_space": 0.03403878634057567,
      "parent": "metacarpal_thumb_l",
      "has_children": true,
      "is_end_bone": false
    },
    "thumb_02_l": {
      "name": "thumb_02_l",
      "local": {
        "location": {
          "x": 0.0,
          "y": 0.0,
          "z": 0.0
        },
        "rotation_quaternion": {
          "w": 0.996250331401825,
          "x": 0.08623721450567245,
          "y": 0.006525327917188406,
          "z": -0.0024449587799608707
        },
        "scale": {
          "x": 1.0,
          "y": 1.0,
          "z": 1.0
        },
        "matrix_basis": [
          [
            0.9999029040336609,
            0.005997034255415201,
            0.012580026872456074,
            0.0
          ],
          [
            -0.0037461298052221537,
            0.985114336013794,
            -0.17185962200164795,
            0.0
          ],
          [
            -0.013423413038253784,
            0.1717958003282547,
            0.9850411415100098,
            0.0
          ],
          [
            0.0,
            0.0,
            0.0,
            1.0
          ]
        ],
        "rotation_mode": "QUATERNION"
      },
      "armature_space": {
        "head": {
          "x": 0.30953752994537354,
          "y": -0.5465380549430847,
          "z": 0.3108341097831726
        },
        "tail": {
          "x": 0.3076038658618927,
          "y": -0.5793163776397705,
          "z": 0.28770339488983154
        }
      },
      "world_space": {
        "head": {
          "x": 0.30953752994537354,
          "y": -0.4832940697669983,
          "z": 1.260688066482544
        },
        "tail": {
          "x": 0.3076038658618927,
          "y": -0.5160723924636841,
          "z": 1.2375574111938477
        },
        "rotation_quaternion": {
          "w": 0.029197031632065773,
          "x": -0.012418421916663647,
          "y": -0.3018203377723694,
          "z": 0.9528367519378662
        },
        "matrix": [
          [
            -0.9979866743087769,
            -0.04814376309514046,
            -0.041290074586868286,
            0.30953752994537354
          ],
          [
            0.06313638389110565,
            -0.8161042928695679,
            -0.5744454860687256,
            -0.4832940697669983
          ],
          [
            -0.006041019689291716,
            -0.5759005546569824,
            0.8175060153007507,
            1.260688066482544
          ],
          [
            0.0,
            0.0,
            0.0,
            1.0
          ]
        ]
      },
      "bone_length_armature_space": 0.0401645049588324,
      "parent": "thumb_01_l",
      "has_children": true,
      "is_end_bone": false
    },
    "thumb_03_l": {
      "name": "thumb_03_l",
      "local": {
        "location": {
          "x": 0.0,
          "y": 0.0,
          "z": 0.0
        },
        "rotation_quaternion": {
          "w": 0.9975423812866211,
          "x": 0.06985495984554291,
          "y": -0.00523352762684226,
          "z": 0.00144702079705894
        },
        "scale": {
          "x": 1.0,
          "y": 1.0,
          "z": 1.0
        },
        "matrix_basis": [
          [
            0.9999410510063171,
            -0.003618104849010706,
            -0.01023916807025671,
            0.0
          ],
          [
            0.002155753318220377,
            0.9902364015579224,
            -0.13938170671463013,
            0.0
          ],
          [
            0.010643494315445423,
            0.13935141265392303,
            0.9901857972145081,
            0.0
          ],
          [
            0.0,
            0.0,
            0.0,
            1.0
          ]
        ],
        "rotation_mode": "QUATERNION"
      },
      "armature_space": {
        "head": {
          "x": 0.3076038062572479,
          "y": -0.5793163180351257,
          "z": 0.28770336508750916
        },
        "tail": {
          "x": 0.3090824782848358,
          "y": -0.6090983152389526,
          "z": 0.2815602123737335
        }
      },
      "world_space": {
        "head": {
          "x": 0.3076038062572479,
          "y": -0.5160723328590393,
          "z": 1.2375574111938477
        },
        "tail": {
          "x": 0.3090824782848358,
          "y": -0.5458543300628662,
          "z": 1.2314141988754272
        },
        "rotation_quaternion": {
          "w": 0.002079758094623685,
          "x": 0.21342237293720245,
          "y": 0.104319266974926,
          "z": -0.9713722467422485
        },
        "matrix": [
          [
            -0.9088931083679199,
            0.04856844246387482,
            -0.4141911566257477,
            0.3076038062572479
          ],
          [
            0.040487587451934814,
            -0.9782264828681946,
            -0.20355290174484253,
            -0.5160723328590393
          ],
          [
            -0.4150618612766266,
            -0.20177966356277466,
            0.8871430158615112,
            1.2375574111938477
          ],
          [
            0.0,
            0.0,
            0.0,
            1.0
          ]
        ]
      },
      "bone_length_armature_space": 0.030444903419245047,
      "parent": "thumb_02_l",
      "has_children": false,
      "is_end_bone": true
    },
    "metacarpal_index_l": {
      "name": "metacarpal_index_l",
      "local": {
        "location": {
          "x": 0.0,
          "y": 0.0,
          "z": 0.0
        },
        "rotation_quaternion": {
          "w": 0.9998617768287659,
          "x": -0.015034130774438381,
          "y": -0.0002679081226233393,
          "z": -0.007110530976206064
        },
        "scale": {
          "x": 1.0,
          "y": 1.0,
          "z": 1.0
        },
        "matrix_basis": [
          [
            0.9998987317085266,
            0.014227151870727539,
            -0.0003219408681616187,
            0.0
          ],
          [
            -0.014211040921509266,
            0.9994468092918396,
            0.030067915096879005,
            0.0
          ],
          [
            0.0007495434838347137,
            -0.0300602950155735,
            0.9995477795600891,
            0.0
          ],
          [
            0.0,
            0.0,
            0.0,
            1.0
          ]
        ],
        "rotation_mode": "QUATERNION"
      },
      "armature_space": {
        "head": {
          "x": 0.32650652527809143,
          "y": -0.5373675227165222,
          "z": 0.3846050202846527
        },
        "tail": {
          "x": 0.2942569851875305,
          "y": -0.6182931661605835,
          "z": 0.3062448501586914
        }
      },
      "world_space": {
        "head": {
          "x": 0.32650652527809143,
          "y": -0.4741235375404358,
          "z": 1.3344590663909912
        },
        "tail": {
          "x": 0.2942569851875305,
          "y": -0.5550491809844971,
          "z": 1.2560988664627075
        },
        "rotation_quaternion": {
          "w": 0.35782432556152344,
          "x": -0.9187727570533752,
          "y": 0.1631947159767151,
          "z": -0.03443702682852745
        },
        "matrix": [
          [
            0.9443628787994385,
            -0.2752332389354706,
            0.1800704300403595,
            0.32650652527809143
          ],
          [
            -0.32452312111854553,
            -0.690658688545227,
            0.6462780833244324,
            -0.4741235375404358
          ],
          [
            -0.05351059511303902,
            -0.6687633991241455,
            -0.7415565848350525,
            1.3344590663909912
          ],
          [
            0.0,
            0.0,
            0.0,
            1.0
          ]
        ]
      },
      "bone_length_armature_space": 0.11717213390855612,
      "parent": "lowerarm_l",
      "has_children": true,
      "is_end_bone": false
    },
    "index_01_l": {
      "name": "index_01_l",
      "local": {
        "location": {
          "x": 0.0,
          "y": 0.0,
          "z": 0.0
        },
        "rotation_quaternion": {
          "w": 0.9953716993331909,
          "x": -0.09584139287471771,
          "y": -0.001097793341614306,
          "z": 0.006974622141569853
        },
        "scale": {
          "x": 1.0,
          "y": 1.0,
          "z": 1.0
        },
        "matrix_basis": [
          [
            0.9999002814292908,
            -0.013674254529178143,
            -0.00352233974263072,
            0.0
          ],
          [
            0.014095110818743706,
            0.98153156042099,
            0.19078031182289124,
            0.0
          ],
          [
            0.0008485098369419575,
            -0.1908109337091446,
            0.9816264510154724,
            0.0
          ],
          [
            0.0,
            0.0,
            0.0,
            1.0
          ]
        ],
        "rotation_mode": "QUATERNION"
      },
      "armature_space": {
        "head": {
          "x": 0.2942569851875305,
          "y": -0.6182931661605835,
          "z": 0.3062448501586914
        },
        "tail": {
          "x": 0.2940584123134613,
          "y": -0.6446954011917114,
          "z": 0.29547667503356934
        }
      },
      "world_space": {
        "head": {
          "x": 0.2942569851875305,
          "y": -0.5550491809844971,
          "z": 1.2560988664627075
        },
        "tail": {
          "x": 0.2940584123134613,
          "y": -0.581451416015625,
          "z": 1.2453306913375854
        },
        "rotation_quaternion": {
          "w": 0.19110308587551117,
          "x": -0.9764177799224854,
          "y": 0.0227146428078413,
          "z": -0.09783665090799332
        },
        "matrix": [
          [
            0.9798240661621094,
            -0.0069643594324588776,
            0.199740469455719,
            0.2942569851875305
          ],
          [
            -0.08175157755613327,
            -0.9259275197982788,
            0.3687477111816406,
            -0.5550491809844971
          ],
          [
            0.1823783963918686,
            -0.3776405155658722,
            -0.9078214168548584,
            1.2560988664627075
          ],
          [
            0.0,
            0.0,
            0.0,
            1.0
          ]
        ]
      },
      "bone_length_armature_space": 0.02851440051427496,
      "parent": "metacarpal_index_l",
      "has_children": true,
      "is_end_bone": false
    },
    "index_02_l": {
      "name": "index_02_l",
      "local": {
        "location": {
          "x": 0.0,
          "y": 0.0,
          "z": 0.0
        },
        "rotation_quaternion": {
          "w": 0.9993613958358765,
          "x": 0.034739166498184204,
          "y": -0.00015145190991461277,
          "z": 0.008366992697119713
        },
        "scale": {
          "x": 1.0,
          "y": 1.0,
          "z": 1.0
        },
        "matrix_basis": [
          [
            0.9998599290847778,
            -0.016733821481466293,
            0.00027861431590281427,
            0.0
          ],
          [
            0.016712775453925133,
            0.9974463582038879,
            -0.06943649798631668,
            0.0
          ],
          [
            0.000884035078343004,
            0.06943143159151077,
            0.9975863099098206,
            0.0
          ],
          [
            0.0,
            0.0,
            0.0,
            1.0
          ]
        ],
        "rotation_mode": "QUATERNION"
      },
      "armature_space": {
        "head": {
          "x": 0.294058233499527,
          "y": -0.6446956396102905,
          "z": 0.29547619819641113
        },
        "tail": {
          "x": 0.2942991256713867,
          "y": -0.6681362390518188,
          "z": 0.2850564420223236
        }
      },
      "world_space": {
        "head": {
          "x": 0.294058233499527,
          "y": -0.5814516544342041,
          "z": 1.2453302145004272
        },
        "tail": {
          "x": 0.2942991256713867,
          "y": -0.6048922538757324,
          "z": 1.234910488128662
        },
        "rotation_quaternion": {
          "w": 0.20745617151260376,
          "x": -0.9759194850921631,
          "y": 0.009377975016832352,
          "z": -0.06674759835004807
        },
        "matrix": [
          [
            0.9909135699272156,
            0.009389971382915974,
            0.1341715157032013,
            0.294058233499527
          ],
          [
            -0.045998554676771164,
            -0.9137480854988098,
            0.40366867184638977,
            -0.5814516544342041
          ],
          [
            0.12639033794403076,
            -0.4061761498451233,
            -0.9050195813179016,
            1.2453302145004272
          ],
          [
            0.0,
            0.0,
            0.0,
            1.0
          ]
        ]
      },
      "bone_length_armature_space": 0.025653285116318182,
      "parent": "index_01_l",
      "has_children": true,
      "is_end_bone": false
    },
    "index_03_l": {
      "name": "index_03_l",
      "local": {
        "location": {
          "x": 0.0,
          "y": 0.0,
          "z": 0.0
        },
        "rotation_quaternion": {
          "w": 0.9988551139831543,
          "x": 0.04744848608970642,
          "y": -0.00609229039400816,
          "z": 0.00013370258966460824
        },
        "scale": {
          "x": 1.0,
          "y": 1.0,
          "z": 1.0
        },
        "matrix_basis": [
          [
            0.9999257326126099,
            -0.0008452389156445861,
            -0.012157943099737167,
            0.0
          ],
          [
            -0.00031104087247513235,
            0.9954972267150879,
            -0.09478995203971863,
            0.0
          ],
          [
            0.012183318845927715,
            0.09478669613599777,
            0.9954230785369873,
            0.0
          ],
          [
            0.0,
            0.0,
            0.0,
            1.0
          ]
        ],
        "rotation_mode": "QUATERNION"
      },
      "armature_space": {
        "head": {
          "x": 0.29429906606674194,
          "y": -0.6681362986564636,
          "z": 0.28505656123161316
        },
        "tail": {
          "x": 0.29805561900138855,
          "y": -0.6922482252120972,
          "z": 0.2689867615699768
        }
      },
      "world_space": {
        "head": {
          "x": 0.29429906606674194,
          "y": -0.6048923134803772,
          "z": 1.2349106073379517
        },
        "tail": {
          "x": 0.29805561900138855,
          "y": -0.6290042400360107,
          "z": 1.2188408374786377
        },
        "rotation_quaternion": {
          "w": 0.29345014691352844,
          "x": -0.9496859908103943,
          "y": -0.03571411222219467,
          "z": -0.10347956418991089
        },
        "matrix": [
          [
            0.9760329723358154,
            0.12856647372245789,
            0.17558515071868896,
            0.29429906606674194
          ],
          [
            0.007102615665644407,
            -0.8252231478691101,
            0.5647619366645813,
            -0.6048923134803772
          ],
          [
            0.21750801801681519,
            -0.54998379945755,
            -0.8063635230064392,
            1.2349106073379517
          ],
          [
            0.0,
            0.0,
            0.0,
            1.0
          ]
        ]
      },
      "bone_length_armature_space": 0.029218746341221843,
      "parent": "index_02_l",
      "has_children": false,
      "is_end_bone": true
    },
    "metacarpal_pinky_l": {
      "name": "metacarpal_pinky_l",
      "local": {
        "location": {
          "x": 0.0,
          "y": 0.0,
          "z": 0.0
        },
        "rotation_quaternion": {
          "w": 0.9979909062385559,
          "x": -0.05912686511874199,
          "y": -0.015733547508716583,
          "z": 0.01645023189485073
        },
        "scale": {
          "x": 1.0,
          "y": 1.0,
          "z": 1.0
        },
        "matrix_basis": [
          [
            0.9989637136459351,
            -0.03097381256520748,
            -0.0333491750061512,
            0.0
          ],
          [
            0.034694913774728775,
            0.9924668073654175,
            0.11749850958585739,
            0.0
          ],
          [
            0.02945857308804989,
            -0.11853379011154175,
            0.9925129413604736,
            0.0
          ],
          [
            0.0,
            0.0,
            0.0,
            1.0
          ]
        ],
        "rotation_mode": "QUATERNION"
      },
      "armature_space": {
        "head": {
          "x": 0.32650652527809143,
          "y": -0.5373675227165222,
          "z": 0.3846050202846527
        },
        "tail": {
          "x": 0.35139262676239014,
          "y": -0.6317387819290161,
          "z": 0.34830084443092346
        }
      },
      "world_space": {
        "head": {
          "x": 0.32650652527809143,
          "y": -0.4741235375404358,
          "z": 1.3344590663909912
        },
        "tail": {
          "x": 0.35139262676239014,
          "y": -0.5684947967529297,
          "z": 1.2981548309326172
        },
        "rotation_quaternion": {
          "w": 0.017078101634979248,
          "x": 0.4867514669895172,
          "y": 0.2158021628856659,
          "z": -0.8462923765182495
        },
        "matrix": [
          [
            -0.5255632996559143,
            0.238988995552063,
            -0.8164971470832825,
            0.32650652527809143
          ],
          [
            0.1811772882938385,
            -0.906276285648346,
            -0.381887823343277,
            -0.4741235375404358
          ],
          [
            -0.8312446475028992,
            -0.34864020347595215,
            0.4330085813999176,
            1.3344590663909912
          ],
          [
            0.0,
            0.0,
            0.0,
            1.0
          ]
        ]
      },
      "bone_length_armature_space": 0.10413090497435998,
      "parent": "lowerarm_l",
      "has_children": true,
      "is_end_bone": false
    },
    "pinky_01_l": {
      "name": "pinky_01_l",
      "local": {
        "location": {
          "x": 0.0,
          "y": 0.0,
          "z": 0.0
        },
        "rotation_quaternion": {
          "w": 0.9574843049049377,
          "x": 0.2883487641811371,
          "y": -0.0036424712743610144,
          "z": -0.008100192062556744
        },
        "scale": {
          "x": 1.0,
          "y": 1.0,
          "z": 1.0
        },
        "matrix_basis": [
          [
            0.9998422265052795,
            0.013411009684205055,
            -0.011646579019725323,
            0.0
          ],
          [
            -0.017612216994166374,
            0.8335787653923035,
            -0.5521198511123657,
            0.0
          ],
          [
            0.0023038573563098907,
            0.552237868309021,
            0.833683431148529,
            0.0
          ],
          [
            0.0,
            0.0,
            0.0,
            1.0
          ]
        ],
        "rotation_mode": "QUATERNION"
      },
      "armature_space": {
        "head": {
          "x": 0.35139262676239014,
          "y": -0.6317387819290161,
          "z": 0.34830084443092346
        },
