{
  "metadata": {
    "armature_name": "KIM_caucasian_male",
    "export_time": "2026-01-13T21:01:00.113949",
    "blender_version": "4.4.1",
    "bone_count": 56,
    "end_bone_count": 13,
    "spaces_included": [
      "LOCAL_CHANNELS",
      "ARMATURE_SPACE",
      "WORLD_SPACE"
    ],
    "note": "LOCAL matches Transform panel; replay pose via local.matrix_basis for best fidelity."
  },
  "bones": {
    "Root": {
      "name": "Root",
      "local": {
        "location": {
          "x": 0.0,
          "y": 0.0,
          "z": 0.0
        },
        "rotation_quaternion": {
          "w": 0.9996658563613892,
          "x": -0.004526661708950996,
          "y": -0.01794987916946411,
          "z": 0.01804525777697563
        },
        "scale": {
          "x": 1.0,
          "y": 1.0,
          "z": 1.0
        },
        "matrix_basis": [
          [
            0.9987043142318726,
            -0.03591594845056534,
            -0.036051131784915924,
            0.0
          ],
          [
            0.03624096140265465,
            0.9993077516555786,
            0.008402477949857712,
            0.0
          ],
          [
            0.035724394023418427,
            -0.009698119014501572,
            0.9993146061897278,
            0.0
          ],
          [
            0.0,
            0.0,
            0.0,
            1.0
          ]
        ],
        "rotation_mode": "QUATERNION"
      },
      "armature_space": {
        "head": {
          "x": 0.0,
          "y": 0.07072800397872925,
          "z": -0.009595036506652832
        },
        "tail": {
          "x": -0.0025635319761931896,
          "y": 0.000142022967338562,
          "z": 0.0006792908534407616
        }
      },
      "world_space": {
        "head": {
          "x": 0.0,
          "y": 0.13397200405597687,
          "z": 0.9402589797973633
        },
        "tail": {
          "x": -0.0025635319761931896,
          "y": 0.06338602304458618,
          "z": 0.9505333304405212
        },
        "rotation_quaternion": {
          "w": 0.07186153531074524,
          "x": 0.9970899224281311,
          "y": -0.019213512539863586,
          "z": -0.01669343374669552
        },
        "matrix": [
          [
            0.9987043142318726,
            -0.03591594845056534,
            -0.036051131784915924,
            0.0
          ],
          [
            -0.04071442782878876,
            -0.9889334440231323,
            -0.14266377687454224,
            0.13397200405597687
          ],
          [
            -0.030528517439961433,
            0.1439467966556549,
            -0.9891214370727539,
            0.9402589797973633
          ],
          [
            0.0,
            0.0,
            0.0,
            1.0
          ]
        ]
      },
      "bone_length_armature_space": 0.07137586541243963,
      "parent": null,
      "has_children": true,
      "is_end_bone": false
    },
    "spine_01": {
      "name": "spine_01",
      "local": {
        "location": {
          "x": 0.0,
          "y": 0.0,
          "z": 0.0
        },
        "rotation_quaternion": {
          "w": 0.9979308843612671,
          "x": 0.006038820371031761,
          "y": 0.014184059575200081,
          "z": 0.06242075189948082
        },
        "scale": {
          "x": 1.0,
          "y": 1.0,
          "z": 1.0
        },
        "matrix_basis": [
          [
            0.9918048977851868,
            -0.12441188097000122,
            0.02906331792473793,
            0.0
          ],
          [
            0.12475450336933136,
            0.9921343922615051,
            -0.01028189156204462,
            0.0
          ],
          [
            -0.027555527165532112,
            0.013823410496115685,
            0.999524712562561,
            0.0
          ],
          [
            0.0,
            0.0,
            0.0,
            1.0
          ]
        ],
        "rotation_mode": "QUATERNION"
      },
      "armature_space": {
        "head": {
          "x": -0.0025635319761931896,
          "y": 0.000142022967338562,
          "z": 0.0006792908534407616
        },
        "tail": {
          "x": -0.047603510320186615,
          "y": 0.02256871946156025,
          "z": 0.4860832393169403
        }
      },
      "world_space": {
        "head": {
          "x": -0.0025635319761931896,
          "y": 0.06338602304458618,
          "z": 0.9505333304405212
        },
        "tail": {
          "x": -0.047603510320186615,
          "y": 0.08581271767616272,
          "z": 1.4359372854232788
        },
        "rotation_quaternion": {
          "w": 0.7222944498062134,
          "x": 0.6900219917297363,
          "y": -0.035618286579847336,
          "z": 0.029863178730010986
        },
        "matrix": [
          [
            0.9956790208816528,
            -0.09229480475187302,
            -0.010240668430924416,
            -0.0025635319761931896
          ],
          [
            -0.006014123558998108,
            0.04595622792840004,
            -0.9989254474639893,
            0.06338602304458618
          ],
          [
            0.09266690164804459,
            0.994677722454071,
            0.045201972126960754,
            0.9505333304405212
          ],
          [
            0.0,
            0.0,
            0.0,
            1.0
          ]
        ]
      },
      "bone_length_armature_space": 0.48800466518130337,
      "parent": "Root",
      "has_children": true,
      "is_end_bone": false
    },
    "neck_01": {
      "name": "neck_01",
      "local": {
        "location": {
          "x": 0.0,
          "y": 0.0,
          "z": 0.0
        },
        "rotation_quaternion": {
          "w": 0.9874335527420044,
          "x": -0.010257339105010033,
          "y": 0.1179533377289772,
          "z": 0.10467550158500671
        },
        "scale": {
          "x": 1.0,
          "y": 1.0,
          "z": 1.0
        },
        "matrix_basis": [
          [
            0.9502601027488708,
            -0.20913997292518616,
            0.2307947874069214,
            0.0
          ],
          [
            0.2043004333972931,
            0.9778756499290466,
            0.04495052993297577,
            0.0
          ],
          [
            -0.23508955538272858,
            0.004436768125742674,
            0.9719635844230652,
            0.0
          ],
          [
            0.0,
            0.0,
            0.0,
            1.0
          ]
        ],
        "rotation_mode": "QUATERNION"
      },
      "armature_space": {
        "head": {
          "x": -0.05471634492278099,
          "y": -0.008709609508514404,
          "z": 0.5604796409606934
        },
        "tail": {
          "x": -0.08500424027442932,
          "y": -0.04275720566511154,
          "z": 0.652317225933075
        }
      },
      "world_space": {
        "head": {
          "x": -0.05471634492278099,
          "y": 0.054534390568733215,
          "z": 1.5103336572647095
        },
        "tail": {
          "x": -0.08500424027442932,
          "y": 0.020486794412136078,
          "z": 1.6021711826324463
        },
        "rotation_quaternion": {
          "w": 0.5759412050247192,
          "x": 0.7933893203735352,
          "y": -0.04733387008309364,
          "z": 0.19127103686332703
        },
        "matrix": [
          [
            0.9223502278327942,
            -0.29543015360832214,
            0.24898026883602142,
            -0.05471634492278099
          ],
          [
            0.14521189033985138,
            -0.33210253715515137,
            -0.9319988489151001,
            0.054534390568733215
          ],
          [
            0.35803014039993286,
            0.8957899808883667,
            -0.2634176015853882,
            1.5103336572647095
          ],
          [
            0.0,
            0.0,
            0.0,
            1.0
          ]
        ]
      },
      "bone_length_armature_space": 0.1025218875443077,
      "parent": "spine_01",
      "has_children": true,
      "is_end_bone": false
    },
    "head": {
      "name": "head",
      "local": {
        "location": {
          "x": 0.0,
          "y": 0.0,
          "z": 0.0
        },
        "rotation_quaternion": {
          "w": 0.9882285594940186,
          "x": 0.044807568192481995,
          "y": -0.14223282039165497,
          "z": 0.034153226763010025
        },
        "scale": {
          "x": 1.0,
          "y": 1.0,
          "z": 1.0
        },
        "matrix_basis": [
          [
            0.9572067856788635,
            -0.08024860173463821,
            -0.27805641293525696,
            0.0
          ],
          [
            0.054756175726652145,
            0.9936516880989075,
            -0.09827565401792526,
            0.0
          ],
          [
            0.2841777205467224,
            0.07884481549263,
            0.955524206161499,
            0.0
          ],
          [
            0.0,
            0.0,
            0.0,
            1.0
          ]
        ],
        "rotation_mode": "QUATERNION"
      },
      "armature_space": {
        "head": {
          "x": -0.08500418066978455,
          "y": -0.04275732487440109,
          "z": 0.6523171067237854
        },
        "tail": {
          "x": -0.15139520168304443,
          "y": -0.05243770778179169,
          "z": 0.792144775390625
        }
      },
      "world_space": {
        "head": {
          "x": -0.08500418066978455,
          "y": 0.020486675202846527,
          "z": 1.6021711826324463
        },
        "tail": {
          "x": -0.15139520168304443,
          "y": 0.010806292295455933,
          "z": 1.7419987916946411
        },
        "rotation_quaternion": {
          "w": 0.6553443670272827,
          "x": 0.7207121849060059,
          "y": -0.19827954471111298,
          "z": 0.10854960978031158
        },
        "matrix": [
          [
            0.8978040814399719,
            -0.4280800521373749,
            -0.10341900587081909,
            -0.08500418066978455
          ],
          [
            -0.1435326486825943,
            -0.06241775304079056,
            -0.9876754879951477,
            0.020486675202846527
          ],
          [
            0.41635167598724365,
            0.9015891551971436,
            -0.11748412251472473,
            1.6021711826324463
          ],
          [
            0.0,
            0.0,
            0.0,
            1.0
          ]
        ]
      },
      "bone_length_armature_space": 0.1550911146305205,
      "parent": "neck_01",
      "has_children": false,
      "is_end_bone": true
    },
    "upperarm_l": {
      "name": "upperarm_l",
      "local": {
        "location": {
          "x": 0.0,
          "y": 0.0,
          "z": 0.0
        },
        "rotation_quaternion": {
          "w": 0.8174930810928345,
          "x": 0.06931470334529877,
          "y": 0.4813660979270935,
          "z": 0.30852439999580383
        },
        "scale": {
          "x": 1.0,
          "y": 1.0,
          "z": 1.0
        },
        "matrix_basis": [
          [
            0.3461987376213074,
            -0.43770164251327515,
            0.8297974467277527,
            0.0
          ],
          [
            0.571164608001709,
            0.8000163435935974,
            0.18369778990745544,
            0.0
          ],
          [
            -0.7442563772201538,
            0.41035494208335876,
            0.5269643068313599,
            0.0
          ],
          [
            0.0,
            0.0,
            0.0,
            1.0
          ]
        ],
        "rotation_mode": "QUATERNION"
      },
      "armature_space": {
        "head": {
          "x": 0.10080578923225403,
          "y": -0.01588604785501957,
          "z": 0.5076737403869629
        },
        "tail": {
          "x": 0.30974069237709045,
          "y": -0.11631789803504944,
          "z": 0.6420891284942627
        }
      },
      "world_space": {
        "head": {
          "x": 0.10080578923225403,
          "y": 0.0473579540848732,
          "z": 1.457527756690979
        },
        "tail": {
          "x": 0.30974069237709045,
          "y": -0.05307389795780182,
          "z": 1.5919431447982788
        },
        "rotation_quaternion": {
          "w": 0.3138221800327301,
          "x": 0.8288486003875732,
          "y": 0.4627320170402527,
          "z": -0.02011835016310215
        },
        "matrix": [
          [
            0.5709477663040161,
            0.7796967625617981,
            0.2570827305316925,
            0.10080578923225403
          ],
          [
            0.7544436454772949,
            -0.37478846311569214,
            -0.5388402938842773,
            0.0473579540848732
          ],
          [
            -0.3237818777561188,
            0.5016071796417236,
            -0.8022279739379883,
            1.457527756690979
          ],
          [
            0.0,
            0.0,
            0.0,
            1.0
          ]
        ]
      },
      "bone_length_armature_space": 0.2679698610421773,
      "parent": "spine_01",
      "has_children": true,
      "is_end_bone": false
    },
    "lowerarm_l": {
      "name": "lowerarm_l",
      "local": {
        "location": {
          "x": 0.0,
          "y": 0.0,
          "z": 0.0
        },
        "rotation_quaternion": {
          "w": 0.9328747987747192,
          "x": 0.20187434554100037,
          "y": 0.11995252966880798,
          "z": -0.273135244846344
        },
        "scale": {
          "x": 1.0,
          "y": 1.0,
          "z": 1.0
        },
        "matrix_basis": [
          [
            0.8220170736312866,
            0.5580326318740845,
            0.11352338641881943,
            0.0
          ],
          [
            -0.46117129921913147,
            0.7692877650260925,
            -0.4421735107898712,
            0.0
          ],
          [
            -0.334079384803772,
            0.3111204504966736,
            0.8897162675857544,
            0.0
          ],
          [
            0.0,
            0.0,
            0.0,
            1.0
          ]
        ],
        "rotation_mode": "QUATERNION"
      },
      "armature_space": {
        "head": {
          "x": 0.30974069237709045,
          "y": -0.11631804704666138,
          "z": 0.6420891284942627
        },
        "tail": {
          "x": 0.5690058469772339,
          "y": -0.16865088045597076,
          "z": 0.601936936378479
        }
      },
      "world_space": {
        "head": {
          "x": 0.30974069237709045,
          "y": -0.05307404696941376,
          "z": 1.5919431447982788
        },
        "tail": {
          "x": 0.5690058469772339,
          "y": -0.10540688037872314,
          "z": 1.5517909526824951
        },
        "rotation_quaternion": {
          "w": 0.027102816849946976,
          "x": 0.7583178281784058,
          "y": 0.6336053609848022,
          "z": -0.15087687969207764
        },
        "matrix": [
          [
            0.15156030654907227,
            0.9691269397735596,
            -0.19447921216487885,
            0.30974069237709045
          ],
          [
            0.952769935131073,
            -0.19561885297298431,
            -0.23229965567588806,
            -0.05307404696941376
          ],
          [
            -0.26317253708839417,
            -0.15008793771266937,
            -0.9530100226402283,
            1.5919431447982788
          ],
          [
            0.0,
            0.0,
            0.0,
            1.0
          ]
        ]
      },
      "bone_length_armature_space": 0.2675244789225806,
      "parent": "upperarm_l",
      "has_children": true,
      "is_end_bone": false
    },
    "metacarpal_thumb_l": {
      "name": "metacarpal_thumb_l",
      "local": {
        "location": {
          "x": 0.0,
          "y": 0.0,
          "z": 0.0
        },
        "rotation_quaternion": {
          "w": 0.9981213212013245,
          "x": -0.060284391045570374,
          "y": -0.00445351330563426,
          "z": 0.00999523513019085
        },
        "scale": {
          "x": 1.0,
          "y": 1.0,
          "z": 1.0
        },
        "matrix_basis": [
          [
            0.9997605085372925,
            -0.0194159597158432,
            -0.010095406323671341,
            0.0
          ],
          [
            0.020489869639277458,
            0.9925317764282227,
            0.12025324255228043,
            0.0
          ],
          [
            0.0076851798221468925,
            -0.12043129652738571,
            0.9926919341087341,
            0.0
          ],
          [
            0.0,
            0.0,
            0.0,
            1.0
          ]
        ],
        "rotation_mode": "QUATERNION"
      },
      "armature_space": {
        "head": {
          "x": 0.5690058469772339,
          "y": -0.16865088045597076,
          "z": 0.601936936378479
        },
        "tail": {
          "x": 0.6017225980758667,
          "y": -0.180398628115654,
          "z": 0.5666494369506836
        }
      },
      "world_space": {
        "head": {
          "x": 0.5690058469772339,
          "y": -0.10540688037872314,
          "z": 1.5517909526824951
        },
        "tail": {
          "x": 0.6017225980758667,
          "y": -0.11715462803840637,
          "z": 1.5165034532546997
        },
        "rotation_quaternion": {
          "w": 0.5565729737281799,
          "x": -0.751522421836853,
          "y": -0.2676634192466736,
          "z": -0.23194198310375214
        },
        "matrix": [
          [
            0.7491181492805481,
            0.6604952812194824,
            0.05066902935504913,
            0.5690058469772339
          ],
          [
            0.14412817358970642,
            -0.2371668815612793,
            0.9607180953025818,
            -0.10540688037872314
          ],
          [
            0.6465715765953064,
            -0.7123938798904419,
            -0.27286297082901,
            1.5517909526824951
          ],
          [
            0.0,
            0.0,
            0.0,
            1.0
          ]
        ]
      },
      "bone_length_armature_space": 0.049533857067225406,
      "parent": "lowerarm_l",
      "has_children": true,
      "is_end_bone": false
    },
    "thumb_01_l": {
      "name": "thumb_01_l",
      "local": {
        "location": {
          "x": 0.0,
          "y": 0.0,
          "z": 0.0
        },
        "rotation_quaternion": {
          "w": 0.9841618537902832,
          "x": 0.17639917135238647,
          "y": -0.010231811553239822,
          "z": -0.014291763305664062
        },
        "scale": {
          "x": 1.0,
          "y": 1.0,
          "z": 1.0
        },
        "matrix_basis": [
          [
            0.9993821382522583,
            0.024521050974726677,
            -0.02518162690103054,
            0.0
          ],
          [
            -0.03174058347940445,
            0.9373581409454346,
            -0.3469181954860687,
            0.0
          ],
          [
            0.015097406692802906,
            0.347503125667572,
            0.9375572800636292,
            0.0
          ],
          [
            0.0,
            0.0,
            0.0,
            1.0
          ]
        ],
        "rotation_mode": "QUATERNION"
      },
      "armature_space": {
        "head": {
          "x": 0.6017225980758667,
          "y": -0.180398628115654,
          "z": 0.5666494369506836
        },
        "tail": {
          "x": 0.6238213777542114,
          "y": -0.16145455837249756,
          "z": 0.5490031242370605
        }
      },
      "world_space": {
        "head": {
          "x": 0.6017225980758667,
          "y": -0.11715462803840637,
          "z": 1.5165034532546997
        },
        "tail": {
          "x": 0.6238213777542114,
          "y": -0.09821055829524994,
          "z": 1.4988571405410767
        },
        "rotation_quaternion": {
          "w": 0.8374571800231934,
          "x": -0.16322776675224304,
          "y": 0.27737948298454285,
          "z": -0.4416818916797638
        },
        "matrix": [
          [
            0.45595431327819824,
            0.6492282152175903,
            0.6087757349014282,
            0.6017225980758667
          ],
          [
            -0.8303318619728088,
            0.556547224521637,
            0.028364047408103943,
            -0.11715462803840637
          ],
          [
            -0.32040074467658997,
            -0.5184217691421509,
            0.7928407192230225,
            1.5165034532546997
          ],
          [
            0.0,
            0.0,
            0.0,
            1.0
          ]
        ]
      },
      "bone_length_armature_space": 0.03403859863653028,
      "parent": "metacarpal_thumb_l",
      "has_children": true,
      "is_end_bone": false
    },
    "thumb_02_l": {
      "name": "thumb_02_l",
      "local": {
        "location": {
          "x": 0.0,
          "y": 0.0,
          "z": 0.0
        },
        "rotation_quaternion": {
          "w": 0.9338074922561646,
          "x": 0.35763829946517944,
          "y": 0.0046302019618451595,
          "z": 0.008777477778494358
        },
        "scale": {
          "x": 1.0,
          "y": 1.0,
          "z": 1.0
        },
        "matrix_basis": [
          [
            0.9998030066490173,
            -0.013081073760986328,
            0.0149257592856884,
            0.0
          ],
          [
            0.019704824313521385,
            0.7440356016159058,
            -0.6678493618965149,
            0.0
          ],
          [
            -0.002369110006839037,
            0.6680119037628174,
            0.7441468238830566,
            0.0
          ],
          [
            0.0,
            0.0,
            0.0,
            1.0
          ]
        ],
        "rotation_mode": "QUATERNION"
      },
      "armature_space": {
        "head": {
          "x": 0.6238213777542114,
          "y": -0.16145452857017517,
          "z": 0.5490030646324158
        },
        "tail": {
          "x": 0.6480265855789185,
          "y": -0.18677982687950134,
          "z": 0.5686479210853577
        }
      },
      "world_space": {
        "head": {
          "x": 0.6238213777542114,
          "y": -0.09821052849292755,
          "z": 1.498857021331787
        },
        "tail": {
          "x": 0.6480265855789185,
          "y": -0.12353582680225372,
          "z": 1.5185019969940186
        },
        "rotation_quaternion": {
          "w": 0.4280180037021637,
          "x": 0.5028477311134338,
          "y": -0.03910527005791664,
          "z": -0.7499436736106873
        },
        "matrix": [
          [
            -0.12788830697536469,
            0.6026531457901001,
            -0.7876886129379272,
            0.6238213777542114
          ],
          [
            -0.6813074946403503,
            -0.6305408477783203,
            -0.3718045651912689,
            -0.09821052849292755
          ],
          [
            -0.7207448482513428,
            0.48911163210868835,
            0.4912340044975281,
            1.498857021331787
          ],
          [
            0.0,
            0.0,
            0.0,
            1.0
          ]
        ]
      },
      "bone_length_armature_space": 0.04016445133157451,
      "parent": "thumb_01_l",
      "has_children": true,
      "is_end_bone": false
    },
    "thumb_03_l": {
      "name": "thumb_03_l",
      "local": {
        "location": {
          "x": 0.0,
          "y": 0.0,
          "z": 0.0
        },
        "rotation_quaternion": {
          "w": 0.9782384037971497,
          "x": 0.20741674304008484,
          "y": -0.003601859789341688,
          "z": 0.0038942331448197365
        },
        "scale": {
          "x": 1.0,
          "y": 1.0,
          "z": 1.0
        },
        "matrix_basis": [
          [
            0.999943733215332,
            -0.009113148786127567,
            -0.005431497003883123,
            0.0
          ],
          [
            0.006124804727733135,
            0.9139262437820435,
            -0.4058341085910797,
            0.0
          ],
          [
            0.00866241380572319,
            0.4057779908180237,
            0.9139306545257568,
            0.0
          ],
          [
            0.0,
            0.0,
            0.0,
            1.0
          ]
        ],
        "rotation_mode": "QUATERNION"
      },
      "armature_space": {
        "head": {
          "x": 0.6480265855789185,
          "y": -0.18677979707717896,
          "z": 0.5686478018760681
        },
        "tail": {
          "x": 0.6476805806159973,
          "y": -0.2088947594165802,
          "z": 0.5895692110061646
        }
      },
      "world_space": {
        "head": {
          "x": 0.6480265855789185,
          "y": -0.12353579699993134,
          "z": 1.5185017585754395
        },
        "tail": {
          "x": 0.6476805806159973,
          "y": -0.14565075933933258,
          "z": 1.5394232273101807
        },
        "rotation_quaternion": {
          "w": 0.29424357414245605,
          "x": 0.7483225464820862,
          "y": -0.2241077423095703,
          "z": -0.5506450533866882
        },
        "matrix": [
          [
            0.293132483959198,
            -0.011364966630935669,
            -0.9560040831565857,
            0.6480265855789185
          ],
          [
            -0.6594576239585876,
            -0.7263931035995483,
            -0.1935693472623825,
            -0.12353579699993134
          ],
          [
            -0.6922404170036316,
            0.6871898174285889,
            -0.22042588889598846,
            1.5185017585754395
          ],
          [
            0.0,
            0.0,
            0.0,
            1.0
          ]
        ]
      },
      "bone_length_armature_space": 0.03044497700729819,
      "parent": "thumb_02_l",
      "has_children": false,
      "is_end_bone": true
    },
    "metacarpal_index_l": {
      "name": "metacarpal_index_l",
      "local": {
        "location": {
          "x": 0.0,
          "y": 0.0,
          "z": 0.0
        },
        "rotation_quaternion": {
          "w": 0.9996767640113831,
          "x": -0.022435860708355904,
          "y": 0.010645709931850433,
          "z": 0.005452207289636135
        },
        "scale": {
          "x": 1.0,
          "y": 1.0,
          "z": 1.0
        },
        "matrix_basis": [
          [
            0.9997138977050781,
            -0.011378581635653973,
            0.021039888262748718,
            0.0
          ],
          [
            0.010423198342323303,
            0.9989337921142578,
            0.04497330263257027,
            0.0
          ],
          [
            -0.021529188379645348,
            -0.044741131365299225,
            0.9987666010856628,
            0.0
          ],
          [
            0.0,
            0.0,
            0.0,
            1.0
          ]
        ],
        "rotation_mode": "QUATERNION"
      },
      "armature_space": {
        "head": {
          "x": 0.5690058469772339,
          "y": -0.16865088045597076,
          "z": 0.601936936378479
        },
        "tail": {
          "x": 0.6712391376495361,
          "y": -0.1976238340139389,
          "z": 0.5525590777397156
        }
      },
      "world_space": {
        "head": {
          "x": 0.5690058469772339,
          "y": -0.10540688037872314,
          "z": 1.5517909526824951
        },
        "tail": {
          "x": 0.6712391376495361,
          "y": -0.13437983393669128,
          "z": 1.502413034439087
        },
        "rotation_quaternion": {
          "w": 0.3579818308353424,
          "x": -0.7779024243354797,
          "y": -0.4982105791568756,
          "z": -0.136026069521904
        },
        "matrix": [
          [
            0.46656501293182373,
            0.8725082874298096,
            -0.1450728178024292,
            0.5690058469772339
          ],
          [
            0.677730917930603,
            -0.24726912379264832,
            0.6924877166748047,
            -0.10540688037872314
          ],
          [
            0.5683338046073914,
            -0.42141419649124146,
            -0.7066972255706787,
            1.5517909526824951
          ],
          [
            0.0,
            0.0,
            0.0,
            1.0
          ]
        ]
      },
      "bone_length_armature_space": 0.11717188477787967,
      "parent": "lowerarm_l",
      "has_children": true,
      "is_end_bone": false
    },
    "index_01_l": {
      "name": "index_01_l",
      "local": {
        "location": {
          "x": 0.0,
          "y": 0.0,
          "z": 0.0
        },
        "rotation_quaternion": {
          "w": 0.9674139618873596,
          "x": 0.25301653146743774,
          "y": 0.0019541513174772263,
          "z": -0.009437091648578644
        },
        "scale": {
          "x": 1.0,
          "y": 1.0,
          "z": 1.0
        },
        "matrix_basis": [
          [
            0.9998142719268799,
            0.01924801431596279,
            -0.0009945338824763894,
            0.0
          ],
          [
            -0.01727028377354145,
            0.8717871308326721,
            -0.48958033323287964,
            0.0
          ],
          [
            -0.008556426502764225,
            0.4895065724849701,
            0.8719576597213745,
            0.0
          ],
          [
            0.0,
            0.0,
            0.0,
            1.0
          ]
        ],
        "rotation_mode": "QUATERNION"
      },
      "armature_space": {
        "head": {
          "x": 0.6712391376495361,
          "y": -0.1976238340139389,
          "z": 0.5525590777397156
        },
        "tail": {
          "x": 0.695777416229248,
          "y": -0.18974794447422028,
          "z": 0.5403560400009155
        }
      },
      "world_space": {
        "head": {
          "x": 0.6712391376495361,
          "y": -0.13437983393669128,
          "z": 1.502413034439087
        },
        "tail": {
          "x": 0.695777416229248,
          "y": -0.12650394439697266,
          "z": 1.4902100563049316
        },
        "rotation_quaternion": {
          "w": 0.45166102051734924,
          "x": -0.5957372188568115,
          "y": -0.6588686108589172,
          "z": -0.08361600339412689
        },
        "matrix": [
          [
            0.11780301481485367,
            0.8605590462684631,
            -0.4955406188964844,
            0.6712391376495361
          ],
          [
            0.7094927430152893,
            0.27620750665664673,
            0.6483286619186401,
            -0.13437983393669128
          ],
          [
            0.6948025822639465,
            -0.4279603362083435,
            -0.5780255794525146,
            1.502413034439087
          ],
          [
            0.0,
            0.0,
            0.0,
            1.0
          ]
        ]
      },
      "bone_length_armature_space": 0.028514397658837193,
      "parent": "metacarpal_index_l",
      "has_children": true,
      "is_end_bone": false
    },
    "index_02_l": {
      "name": "index_02_l",
      "local": {
        "location": {
          "x": 0.0,
          "y": 0.0,
          "z": 0.0
        },
        "rotation_quaternion": {
          "w": 0.9229252338409424,
          "x": 0.3849000334739685,
          "y": 0.003450947580859065,
          "z": -0.00701568741351366
        },
        "scale": {
          "x": 1.0,
          "y": 1.0,
          "z": 1.0
        },
        "matrix_basis": [
          [
            0.9998777508735657,
            0.015606449916958809,
            0.0009692565654404461,
            0.0
          ],
          [
            -0.010293370112776756,
            0.7036054730415344,
            -0.7105163335800171,
            0.0
          ],
          [
            -0.011770609766244888,
            0.7104194760322571,
            0.7036800980567932,
            0.0
          ],
          [
            0.0,
            0.0,
            0.0,
            1.0
          ]
        ],
        "rotation_mode": "QUATERNION"
      },
      "armature_space": {
        "head": {
          "x": 0.6957775354385376,
          "y": -0.18974781036376953,
          "z": 0.5403555631637573
        },
        "tail": {
          "x": 0.7031205296516418,
          "y": -0.1733487993478775,
          "z": 0.5220457911491394
        }
      },
      "world_space": {
        "head": {
          "x": 0.6957775354385376,
          "y": -0.1265038102865219,
          "z": 1.4902095794677734
        },
        "tail": {
          "x": 0.7031205296516418,
          "y": -0.11010479927062988,
          "z": 1.4718997478485107
        },
        "rotation_quaternion": {
          "w": 0.6169101595878601,
          "x": -0.38430407643318176,
          "y": -0.6626089215278625,
          "z": 0.1807807981967926
        },
        "matrix": [
          [
            0.056535109877586365,
            0.28623902797698975,
            -0.956488847732544,
            0.6957775354385376
          ],
          [
            0.732338547706604,
            0.6392560601234436,
            0.23459011316299438,
            -0.1265038102865219
          ],
          [
            0.6785954833030701,
            -0.7137405872344971,
            -0.17348432540893555,
            1.4902095794677734
          ],
          [
            0.0,
            0.0,
            0.0,
            1.0
          ]
        ]
      },
      "bone_length_armature_space": 0.025653360142544032,
      "parent": "index_01_l",
      "has_children": true,
      "is_end_bone": false
    },
    "index_03_l": {
      "name": "index_03_l",
      "local": {
        "location": {
          "x": 0.0,
          "y": 0.0,
          "z": 0.0
        },
        "rotation_quaternion": {
          "w": 0.9710537195205688,
          "x": 0.23882973194122314,
          "y": 0.0032177374232560396,
          "z": -0.002186911879107356
        },
        "scale": {
          "x": 1.0,
          "y": 1.0,
          "z": 1.0
        },
        "matrix_basis": [
          [
            0.9999697208404541,
            0.005784200504422188,
            0.005204592831432819,
            0.0
          ],
          [
            -0.002710235072299838,
            0.8859111666679382,
            -0.4638470709323883,
            0.0
          ],
          [
            -0.00729379104450345,
            0.4638189375400543,
            0.8859000205993652,
            0.0
          ],
          [
            0.0,
            0.0,
            0.0,
            1.0
          ]
        ],
        "rotation_mode": "QUATERNION"
      },
      "armature_space": {
        "head": {
          "x": 0.7031205892562866,
          "y": -0.17334885895252228,
          "z": 0.5220457911491394
        },
        "tail": {
          "x": 0.6952508091926575,
          "y": -0.15156212449073792,
          "z": 0.5042373538017273
        }
      },
      "world_space": {
        "head": {
          "x": 0.7031205892562866,
          "y": -0.11010485887527466,
          "z": 1.4718997478485107
        },
        "tail": {
          "x": 0.6952508091926575,
          "y": -0.0883181244134903,
          "z": 1.4540913105010986
        },
        "rotation_quaternion": {
          "w": 0.7270164489746094,
          "x": -0.16330544650554657,
          "y": -0.5867448449134827,
          "z": 0.317031592130661
        },
        "matrix": [
          [
            0.11044298112392426,
            -0.269339919090271,
            -0.9566912651062012,
            0.7031205892562866
          ],
          [
            0.652612566947937,
            0.7456438541412354,
            -0.1345839500427246,
            -0.11010485887527466
          ],
          [
            0.7496054768562317,
            -0.6094883680343628,
            0.2581275403499603,
            1.4718997478485107
          ],
          [
            0.0,
            0.0,
            0.0,
            1.0
          ]
        ]
      },
      "bone_length_armature_space": 0.02921875569491248,
      "parent": "index_02_l",
      "has_children": false,
      "is_end_bone": true
    },
    "metacarpal_pinky_l": {
      "name": "metacarpal_pinky_l",
      "local": {
        "location": {
          "x": 0.0,
          "y": 0.0,
          "z": 0.0
        },
        "rotation_quaternion": {
          "w": 0.9976166486740112,
          "x": -0.06887412816286087,
          "y": 0.00028218727675266564,
          "z": -0.004180723335593939
        },
        "scale": {
          "x": 1.0,
          "y": 1.0,
          "z": 1.0
        },
        "matrix_basis": [
          [
            0.9999648928642273,
            0.00830264762043953,
            0.001138916821219027,
            0.0
          ],
          [
            -0.008380388841032982,
            0.9904777407646179,
            0.13741759955883026,
            0.0
          ],
          [
            1.2857898582296912e-05,
            -0.13742230832576752,
            0.9905125498771667,
            0.0
          ],
          [
            0.0,
            0.0,
            0.0,
            1.0
          ]
        ],
        "rotation_mode": "QUATERNION"
      },
      "armature_space": {
        "head": {
          "x": 0.5690058469772339,
          "y": -0.16865088045597076,
          "z": 0.601936936378479
        },
        "tail": {
          "x": 0.6721364855766296,
          "y": -0.1658659428358078,
          "z": 0.6160625219345093
        }
      },
      "world_space": {
        "head": {
          "x": 0.5690058469772339,
          "y": -0.10540688037872314,
          "z": 1.5517909526824951
        },
        "tail": {
          "x": 0.6721364855766296,
          "y": -0.10262194275856018,
          "z": 1.5659165382385254
        },
        "rotation_quaternion": {
          "w": 0.5431203246116638,
          "x": 0.5225363373756409,
          "y": 0.46732428669929504,
          "z": -0.4621516168117523
        },
        "matrix": [
          [
            0.13604821264743805,
            0.9903954863548279,
            0.024645648896694183,
            0.5690058469772339
          ],
          [
            -0.013621445745229721,
            0.02674461156129837,
            -0.9995496869087219,
            -0.10540688037872314
          ],
          [
            -0.9906156063079834,
            0.135652095079422,
            0.017128223553299904,
            1.5517909526824951
          ],
          [
            0.0,
            0.0,
            0.0,
            1.0
          ]
        ]
      },
      "bone_length_armature_space": 0.10413076535891576,
      "parent": "lowerarm_l",
      "has_children": true,
      "is_end_bone": false
    },
    "pinky_01_l": {
      "name": "pinky_01_l",
      "local": {
        "location": {
          "x": 0.0,
          "y": 0.0,
          "z": 0.0
        },
        "rotation_quaternion": {
          "w": 0.9532486200332642,
          "x": 0.30205783247947693,
          "y": -0.00033428065944463015,
          "z": -0.008834922686219215
        },
        "scale": {
          "x": 1.0,
          "y": 1.0,
          "z": 1.0
        },
        "matrix_basis": [
          [
            0.9998436570167542,
            0.016641812399029732,
            -0.005974620580673218,
            0.0
          ],
          [
            -0.017045699059963226,
            0.8173660039901733,
            -0.5758665204048157,
            0.0
          ],
          [
            -0.004700010176748037,
            0.5758783221244812,
            0.8175219297409058,
            0.0
          ],
          [
            0.0,
            0.0,
            0.0,
            1.0
          ]
        ],
        "rotation_mode": "QUATERNION"
      },
      "armature_space": {
        "head": {
          "x": 0.6721364855766296,
          "y": -0.1658659428358078,
          "z": 0.6160625219345093
        },
        "tail": {
