{
  "metadata": {
    "armature_name": "KIM_caucasian_male",
    "export_time": "2026-01-13T21:15:48.687250",
    "blender_version": "4.4.1",
    "bone_count": 56,
    "end_bone_count": 13,
    "spaces_included": [
      "LOCAL_CHANNELS",
      "ARMATURE_SPACE",
      "WORLD_SPACE"
    ],
    "note": "LOCAL matches Transform panel; replay pose via local.matrix_basis for best fidelity."
  },
  "bones": {
    "Root": {
      "name": "Root",
      "local": {
        "location": {
          "x": 0.0,
          "y": 0.0,
          "z": 0.0
        },
        "rotation_quaternion": {
          "w": 0.9998575448989868,
          "x": -0.009574316442012787,
          "y": 0.013470305129885674,
          "z": -0.0034616151824593544
        },
        "scale": {
          "x": 1.0,
          "y": 1.0,
          "z": 1.0
        },
        "matrix_basis": [
          [
            0.9996131658554077,
            0.00666430639103055,
            0.027003057301044464,
            0.0
          ],
          [
            -0.007180182263255119,
            0.9997926950454712,
            0.019052647054195404,
            0.0
          ],
          [
            -0.02687048725783825,
            -0.019239163026213646,
            0.9994537830352783,
            0.0
          ],
          [
            0.0,
            0.0,
            0.0,
            1.0
          ]
        ],
        "rotation_mode": "QUATERNION"
      },
      "armature_space": {
        "head": {
          "x": 0.0,
          "y": 0.07072800397872925,
          "z": -0.009595036506652832
        },
        "tail": {
          "x": 0.00047567064757458866,
          "y": 0.00019925832748413086,
          "z": 0.0013587679713964462
        }
      },
      "world_space": {
        "head": {
          "x": 0.0,
          "y": 0.13397200405597687,
          "z": 0.9402589797973633
        },
        "tail": {
          "x": 0.00047567064757458866,
          "y": 0.06344325840473175,
          "z": 0.9512127637863159
        },
        "rotation_quaternion": {
          "w": 0.07691062241792679,
          "x": 0.9969410300254822,
          "y": 0.004361217375844717,
          "z": 0.013206502422690392
        },
        "matrix": [
          [
            0.9996131658554077,
            0.00666430639103055,
            0.027003057301044464,
            0.0
          ],
          [
            0.010727200657129288,
            -0.9881314635276794,
            -0.15323597192764282,
            0.13397200405597687
          ],
          [
            0.025661546736955643,
            0.15346649289131165,
            -0.9878276586532593,
            0.9402589797973633
          ],
          [
            0.0,
            0.0,
            0.0,
            1.0
          ]
        ]
      },
      "bone_length_armature_space": 0.0713758772999358,
      "parent": null,
      "has_children": true,
      "is_end_bone": false
    },
    "spine_01": {
      "name": "spine_01",
      "local": {
        "location": {
          "x": 0.0,
          "y": 0.0,
          "z": 0.0
        },
        "rotation_quaternion": {
          "w": 0.997698187828064,
          "x": 0.04552506282925606,
          "y": 0.04994997754693031,
          "z": 0.005568386055529118
        },
        "scale": {
          "x": 1.0,
          "y": 1.0,
          "z": 1.0
        },
        "matrix_basis": [
          [
            0.9949479699134827,
            -0.006563185714185238,
            0.10017700493335724,
            0.0
          ],
          [
            0.015659088268876076,
            0.9957929253578186,
            -0.09028426557779312,
            0.0
          ],
          [
            -0.0991630032658577,
            0.09139682352542877,
            0.9908649325370789,
            0.0
          ],
          [
            0.0,
            0.0,
            0.0,
            1.0
          ]
        ],
        "rotation_mode": "QUATERNION"
      },
      "armature_space": {
        "head": {
          "x": 0.00047567064757458866,
          "y": 0.00019925832748413086,
          "z": 0.0013587679713964462
        },
        "tail": {
          "x": -0.015110224485397339,
          "y": -0.012402788735926151,
          "z": 0.4889516532421112
        }
      },
      "world_space": {
        "head": {
          "x": 0.00047567064757458866,
          "y": 0.06344325840473175,
          "z": 0.9512127637863159
        },
        "tail": {
          "x": -0.015110224485397339,
          "y": 0.05084121227264404,
          "z": 1.4388056993484497
        },
        "rotation_quaternion": {
          "w": 0.6973730325698853,
          "x": 0.714352548122406,
          "y": 0.027544880285859108,
          "z": 0.05111449584364891
        },
        "matrix": [
          [
            0.9932572245597839,
            -0.031938228756189346,
            0.11144538223743439,
            0.00047567064757458866
          ],
          [
            0.11064501106739044,
            -0.02582380175590515,
            -0.9935245513916016,
            0.06344325840473175
          ],
          [
            0.03460969030857086,
            0.9991632103919983,
            -0.022116929292678833,
            0.9512127637863159
          ],
          [
            0.0,
            0.0,
            0.0,
            1.0
          ]
        ]
      },
      "bone_length_armature_space": 0.48800466345178894,
      "parent": "Root",
      "has_children": true,
      "is_end_bone": false
    },
    "neck_01": {
      "name": "neck_01",
      "local": {
        "location": {
          "x": 0.0,
          "y": 0.0,
          "z": 0.0
        },
        "rotation_quaternion": {
          "w": 0.9879133701324463,
          "x": -0.1495688110589981,
          "y": 0.02078070491552353,
          "z": -0.03499530255794525
        },
        "scale": {
          "x": 1.0,
          "y": 1.0,
          "z": 1.0
        },
        "matrix_basis": [
          [
            0.9966869950294495,
            0.06292836368083954,
            0.0515274852514267,
            0.0
          ],
          [
            -0.07536094635725021,
            0.9528089761734009,
            0.2940675914287567,
            0.0
          ],
          [
            -0.030590660870075226,
            -0.2969765067100525,
            0.9543946385383606,
            0.0
          ],
          [
            0.0,
            0.0,
            0.0,
            1.0
          ]
        ],
        "rotation_mode": "QUATERNION"
      },
      "armature_space": {
        "head": {
          "x": -0.013583717867732048,
          "y": -0.04874943941831589,
          "z": 0.5613418221473694
        },
        "tail": {
          "x": -0.009380040690302849,
          "y": -0.0595603883266449,
          "z": 0.6632055640220642
        }
      },
      "world_space": {
        "head": {
          "x": -0.013583717867732048,
          "y": 0.014494560658931732,
          "z": 1.5111958980560303
        },
        "tail": {
          "x": -0.009380040690302849,
          "y": 0.003683611750602722,
          "z": 1.6130595207214355
        },
        "rotation_quaternion": {
          "w": 0.6651117205619812,
          "x": 0.7419509291648865,
          "y": 0.07000642269849777,
          "z": 0.047270093113183975
        },
        "matrix": [
          [
            0.9857292771339417,
            0.04100295528769493,
            0.1632685363292694,
            -0.013583717867732048
          ],
          [
            0.16676262021064758,
            -0.10545071959495544,
            -0.9803421497344971,
            0.014494560658931732
          ],
          [
            -0.022980157285928726,
            0.9935857653617859,
            -0.1107853353023529,
            1.5111958980560303
          ],
          [
            0.0,
            0.0,
            0.0,
            1.0
          ]
        ]
      },
      "bone_length_armature_space": 0.10252204162849385,
      "parent": "spine_01",
      "has_children": true,
      "is_end_bone": false
    },
    "head": {
      "name": "head",
      "local": {
        "location": {
          "x": 0.0,
          "y": 0.0,
          "z": 0.0
        },
        "rotation_quaternion": {
          "w": 0.974157452583313,
          "x": -0.07048357278108597,
          "y": -0.026978617534041405,
          "z": 0.21288882195949554
        },
        "scale": {
          "x": 1.0,
          "y": 1.0,
          "z": 1.0
        },
        "matrix_basis": [
          [
            0.9079009890556335,
            -0.41097137331962585,
            -0.08257317543029785,
            0.0
          ],
          [
            0.41857755184173584,
            0.8994208574295044,
            0.1258372962474823,
            0.0
          ],
          [
            0.02255251258611679,
            -0.14881108701229095,
            0.9886084198951721,
            0.0
          ],
          [
            0.0,
            0.0,
            0.0,
            1.0
          ]
        ],
        "rotation_mode": "QUATERNION"
      },
      "armature_space": {
        "head": {
          "x": -0.009380017407238483,
          "y": -0.05956053361296654,
          "z": 0.6632055044174194
        },
        "tail": {
          "x": -0.07901273667812347,
          "y": -0.012324705719947815,
          "z": 0.7934870719909668
        }
      },
      "world_space": {
        "head": {
          "x": -0.009380017407238483,
          "y": 0.003683466464281082,
          "z": 1.6130595207214355
        },
        "tail": {
          "x": -0.07901273667812347,
          "y": 0.050919294357299805,
          "z": 1.743341088294983
        },
        "rotation_quaternion": {
          "w": 0.8017370104789734,
          "x": 0.5497995018959045,
          "y": -0.09748143702745438,
          "z": 0.21315668523311615
        },
        "matrix": [
          [
            0.8901228904724121,
            -0.44898203015327454,
            0.07807985693216324,
            -0.009380017407238483
          ],
          [
            0.23460307717323303,
            0.3045700192451477,
            -0.92314612865448,
            0.003683466464281082
          ],
          [
            0.3906981647014618,
            0.8400375247001648,
            0.37643900513648987,
            1.6130595207214355
          ],
          [
            0.0,
            0.0,
            0.0,
            1.0
          ]
        ]
      },
      "bone_length_armature_space": 0.15509102410976858,
      "parent": "neck_01",
      "has_children": false,
      "is_end_bone": true
    },
    "upperarm_l": {
      "name": "upperarm_l",
      "local": {
        "location": {
          "x": 0.0,
          "y": 0.0,
          "z": 0.0
        },
        "rotation_quaternion": {
          "w": 0.9176515936851501,
          "x": 0.28984346985816956,
          "y": 0.2586249113082886,
          "z": -0.08378279954195023
        },
        "scale": {
          "x": 1.0,
          "y": 1.0,
          "z": 1.0
        },
        "matrix_basis": [
          [
            0.8521872162818909,
            0.30368831753730774,
            0.42608731985092163,
            0.0
          ],
          [
            -0.0038453557062894106,
            0.8179424405097961,
            -0.5752872824668884,
            0.0
          ],
          [
            -0.5232229232788086,
            0.4886139929294586,
            0.6982078552246094,
            0.0
          ],
          [
            0.0,
            0.0,
            0.0,
            1.0
          ]
        ],
        "rotation_mode": "QUATERNION"
      },
      "armature_space": {
        "head": {
          "x": 0.1379067748785019,
          "y": -0.033585600554943085,
          "z": 0.4993112087249756
        },
        "tail": {
          "x": 0.3748226761817932,
          "y": -0.12618617713451385,
          "z": 0.4150276184082031
        }
      },
      "world_space": {
        "head": {
          "x": 0.1379067748785019,
          "y": 0.029658399522304535,
          "z": 1.4491652250289917
        },
        "tail": {
          "x": 0.3748226761817932,
          "y": -0.06294217705726624,
          "z": 1.3648816347122192
        },
        "rotation_quaternion": {
          "w": 0.16755202412605286,
          "x": 0.6583677530288696,
          "y": 0.5469393730163574,
          "z": -0.48921942710876465
        },
        "matrix": [
          [
            -0.07695845514535904,
            0.88411545753479,
            -0.4608875811100006,
            0.1379067748785019
          ],
          [
            0.5562342405319214,
            -0.34556394815444946,
            -0.755770742893219,
            0.029658399522304535
          ],
          [
            -0.8274598717689514,
            -0.31452691555023193,
            -0.4651850759983063,
            1.4491652250289917
          ],
          [
            0.0,
            0.0,
            0.0,
            1.0
          ]
        ]
      },
      "bone_length_armature_space": 0.2679696490381135,
      "parent": "spine_01",
      "has_children": true,
      "is_end_bone": false
    },
    "lowerarm_l": {
      "name": "lowerarm_l",
      "local": {
        "location": {
          "x": 0.0,
          "y": 0.0,
          "z": 0.0
        },
        "rotation_quaternion": {
          "w": 0.985099196434021,
          "x": 0.16029509902000427,
          "y": -0.030406519770622253,
          "z": -0.05441097915172577
        },
        "scale": {
          "x": 1.0,
          "y": 1.0,
          "z": 1.0
        },
        "matrix_basis": [
          [
            0.9922297596931458,
            0.09745239466428757,
            -0.07735050469636917,
            0.0
          ],
          [
            -0.1169484555721283,
            0.942689836025238,
            -0.31250426173210144,
            0.0
          ],
          [
            0.04246325045824051,
            0.3191220462322235,
            0.9467618465423584,
            0.0
          ],
          [
            0.0,
            0.0,
            0.0,
            1.0
          ]
        ],
        "rotation_mode": "QUATERNION"
      },
      "armature_space": {
        "head": {
          "x": 0.374822735786438,
          "y": -0.1261863112449646,
          "z": 0.4150276482105255
        },
        "tail": {
          "x": 0.5340539216995239,
          "y": -0.2997252345085144,
          "z": 0.28814464807510376
        }
      },
      "world_space": {
        "head": {
          "x": 0.374822735786438,
          "y": -0.06294231116771698,
          "z": 1.3648816347122192
        },
        "tail": {
          "x": 0.5340539216995239,
          "y": -0.23648123443126678,
          "z": 1.2379987239837646
        },
        "rotation_quaternion": {
          "w": 0.05852808803319931,
          "x": 0.6240965127944946,
          "y": 0.4150072932243347,
          "z": -0.6594292521476746
        },
        "matrix": [
          [
            -0.21415698528289795,
            0.5952022671699524,
            -0.7745133638381958,
            0.374822735786438
          ],
          [
            0.44081878662109375,
            -0.6486842632293701,
            -0.6203933358192444,
            -0.06294231116771698
          ],
          [
            -0.8716798424720764,
            -0.4742855131626129,
            -0.12345755100250244,
            1.3648816347122192
          ],
          [
            0.0,
            0.0,
            0.0,
            1.0
          ]
        ]
      },
      "bone_length_armature_space": 0.26752499588936157,
      "parent": "upperarm_l",
      "has_children": true,
      "is_end_bone": false
    },
    "metacarpal_thumb_l": {
      "name": "metacarpal_thumb_l",
      "local": {
        "location": {
          "x": 0.0,
          "y": 0.0,
          "z": 0.0
        },
        "rotation_quaternion": {
          "w": 0.9973062872886658,
          "x": -0.07003092020750046,
          "y": 0.014094876125454903,
          "z": 0.016652554273605347
        },
        "scale": {
          "x": 1.0,
          "y": 1.0,
          "z": 1.0
        },
        "matrix_basis": [
          [
            0.9990480542182922,
            -0.03518954664468765,
            0.025781430304050446,
            0.0
          ],
          [
            0.031241239979863167,
            0.9896367192268372,
            0.14015398919582367,
            0.0
          ],
          [
            -0.030446205288171768,
            -0.1392151266336441,
            0.9897940158843994,
            0.0
          ],
          [
            0.0,
            0.0,
            0.0,
            1.0
          ]
        ],
        "rotation_mode": "QUATERNION"
      },
      "armature_space": {
        "head": {
          "x": 0.5340539216995239,
          "y": -0.2997252345085144,
          "z": 0.28814464807510376
        },
        "tail": {
          "x": 0.533076822757721,
          "y": -0.3430323004722595,
          "z": 0.2641209661960602
        }
      },
      "world_space": {
        "head": {
          "x": 0.5340539216995239,
          "y": -0.23648123443126678,
          "z": 1.2379987239837646
        },
        "tail": {
          "x": 0.533076822757721,
          "y": -0.2797883152961731,
          "z": 1.213974952697754
        },
        "rotation_quaternion": {
          "w": 0.24963995814323425,
          "x": -0.9595404863357544,
          "y": -0.02306869812309742,
          "z": 0.12817874550819397
        },
        "matrix": [
          [
            0.9660760760307312,
            -0.019726362079381943,
            -0.2575029730796814,
            0.5340539216995239
          ],
          [
            0.10826775431632996,
            -0.8742957711219788,
            0.47316494584083557,
            -0.23648123443126678
          ],
          [
            -0.23446910083293915,
            -0.4849967956542969,
            -0.8425061106681824,
            1.2379987239837646
          ],
          [
            0.0,
            0.0,
            0.0,
            1.0
          ]
        ]
      },
      "bone_length_armature_space": 0.04953376570589102,
      "parent": "lowerarm_l",
      "has_children": true,
      "is_end_bone": false
    },
    "thumb_01_l": {
      "name": "thumb_01_l",
      "local": {
        "location": {
          "x": 0.0,
          "y": 0.0,
          "z": 0.0
        },
        "rotation_quaternion": {
          "w": 0.9841285943984985,
          "x": 0.17703907191753387,
          "y": 0.011404217220842838,
          "z": -0.004246274940669537
        },
        "scale": {
          "x": 1.0,
          "y": 1.0,
          "z": 1.0
        },
        "matrix_basis": [
          [
            0.9997038245201111,
            0.012395745143294334,
            0.020942918956279755,
            0.0
          ],
          [
            -0.004319777246564627,
            0.9372782707214355,
            -0.3485552668571472,
            0.0
          ],
          [
            -0.023949945345520973,
            0.3483615815639496,
            0.9370542168617249,
            0.0
          ],
          [
            0.0,
            0.0,
            0.0,
            1.0
          ]
        ],
        "rotation_mode": "QUATERNION"
      },
      "armature_space": {
        "head": {
          "x": 0.533076822757721,
          "y": -0.3430323004722595,
          "z": 0.2641209661960602
        },
        "tail": {
          "x": 0.533988356590271,
          "y": -0.35018160939216614,
          "z": 0.23085390031337738
        }
      },
      "world_space": {
        "head": {
          "x": 0.533076822757721,
          "y": -0.2797883152961731,
          "z": 1.213974952697754
        },
        "tail": {
          "x": 0.533988356590271,
          "y": -0.2869375944137573,
          "z": 1.1807079315185547
        },
        "rotation_quaternion": {
          "w": 0.47954797744750977,
          "x": -0.5795148015022278,
          "y": 0.4062221348285675,
          "z": -0.5188257098197937
        },
        "matrix": [
          [
            0.13160794973373413,
            0.026779204607009888,
            0.9909400939941406,
            0.533076822757721
          ],
          [
            -0.9684265851974487,
            -0.21003539860248566,
            0.13429409265518188,
            -0.2797883152961731
          ],
          [
            0.21172936260700226,
            -0.9773341417312622,
            -0.0017085373401641846,
            1.213974952697754
          ],
          [
            0.0,
            0.0,
            0.0,
            1.0
          ]
        ]
      },
      "bone_length_armature_space": 0.03403881941328663,
      "parent": "metacarpal_thumb_l",
      "has_children": true,
      "is_end_bone": false
    },
    "thumb_02_l": {
      "name": "thumb_02_l",
      "local": {
        "location": {
          "x": 0.0,
          "y": 0.0,
          "z": 0.0
        },
        "rotation_quaternion": {
          "w": 0.9204610586166382,
          "x": 0.3906693458557129,
          "y": -0.01080369297415018,
          "z": 0.0035169310867786407
        },
        "scale": {
          "x": 1.0,
          "y": 1.0,
          "z": 1.0
        },
        "matrix_basis": [
          [
            0.9997418522834778,
            -0.014915739186108112,
            -0.017140842974185944,
            0.0
          ],
          [
            -0.0019669472239911556,
            0.6947301626205444,
            -0.7192678451538086,
            0.0
          ],
          [
            0.022636672481894493,
            0.7191158533096313,
            0.6945214867591858,
            0.0
          ],
          [
            0.0,
            0.0,
            0.0,
            1.0
          ]
        ],
        "rotation_mode": "QUATERNION"
      },
      "armature_space": {
        "head": {
          "x": 0.5339882969856262,
          "y": -0.35018157958984375,
          "z": 0.23085391521453857
        },
        "tail": {
          "x": 0.5660233497619629,
          "y": -0.3681079149246216,
          "z": 0.24715062975883484
        }
      },
      "world_space": {
        "head": {
          "x": 0.5339882969856262,
          "y": -0.2869375944137573,
          "z": 1.1807079315185547
        },
        "tail": {
          "x": 0.5660233497619629,
          "y": -0.30486392974853516,
          "z": 1.1970046758651733
        },
        "rotation_quaternion": {
          "w": 0.46194055676460266,
          "x": -0.024339554831385612,
          "y": -0.25189009308815,
          "z": -0.8500411510467529
        },
        "matrix": [
          [
            -0.5720365643501282,
            0.7975987792015076,
            -0.19133871793746948,
            0.5339882969856262
          ],
          [
            -0.7730758786201477,
            -0.4463236629962921,
            0.45072028040885925,
            -0.2869375944137573
          ],
          [
            0.27409616112709045,
            0.4057503342628479,
            0.8719245195388794,
            1.1807079315185547
          ],
          [
            0.0,
            0.0,
            0.0,
            1.0
          ]
        ]
      },
      "bone_length_armature_space": 0.040164424520749246,
      "parent": "thumb_01_l",
      "has_children": true,
      "is_end_bone": false
    },
    "thumb_03_l": {
      "name": "thumb_03_l",
      "local": {
        "location": {
          "x": 0.0,
          "y": 0.0,
          "z": 0.0
        },
        "rotation_quaternion": {
          "w": 0.9822001457214355,
          "x": 0.18779239058494568,
          "y": 0.0039992197416722775,
          "z": 0.0010089034913107753
        },
        "scale": {
          "x": 1.0,
          "y": 1.0,
          "z": 1.0
        },
        "matrix_basis": [
          [
            0.9999659657478333,
            -0.0004798442532774061,
            0.008234997279942036,
            0.0
          ],
          [
            0.0034839364234358072,
            0.9294660091400146,
            -0.3688913583755493,
            0.0
          ],
          [
            -0.007477139588445425,
            0.36890751123428345,
            0.9294360280036926,
            0.0
          ],
          [
            0.0,
            0.0,
            0.0,
            1.0
          ]
        ],
        "rotation_mode": "QUATERNION"
      },
      "armature_space": {
        "head": {
          "x": 0.5660232901573181,
          "y": -0.36810794472694397,
          "z": 0.24715057015419006
        },
        "tail": {
          "x": 0.5824533700942993,
          "y": -0.3709251880645752,
          "z": 0.2726263403892517
        }
      },
      "world_space": {
        "head": {
          "x": 0.5660232901573181,
          "y": -0.30486392974853516,
          "z": 1.1970045566558838
        },
        "tail": {
          "x": 0.5824533700942993,
          "y": -0.30768120288848877,
          "z": 1.222480297088623
        },
        "rotation_quaternion": {
          "w": 0.5483869910240173,
          "x": 0.2730516493320465,
          "y": -0.391155868768692,
          "z": -0.686812698841095
        },
        "matrix": [
          [
            -0.2494262009859085,
            0.5396670699119568,
            -0.8040809631347656,
            0.5660232901573181
          ],
          [
            -0.9668903946876526,
            -0.0925358384847641,
            0.23782318830490112,
            -0.30486392974853516
          ],
          [
            0.05393853411078453,
            0.8367835283279419,
            0.5448840260505676,
            1.1970045566558838
          ],
          [
            0.0,
            0.0,
            0.0,
            1.0
          ]
        ]
      },
      "bone_length_armature_space": 0.03044502045951469,
      "parent": "thumb_02_l",
      "has_children": false,
      "is_end_bone": true
    },
    "metacarpal_index_l": {
      "name": "metacarpal_index_l",
      "local": {
        "location": {
          "x": 0.0,
          "y": 0.0,
          "z": 0.0
        },
        "rotation_quaternion": {
          "w": 0.9996380805969238,
          "x": 0.024222437292337418,
          "y": 0.001440485124476254,
          "z": -0.01162070780992508
        },
        "scale": {
          "x": 1.0,
          "y": 1.0,
          "z": 1.0
        },
        "matrix_basis": [
          [
            0.9997257590293884,
            0.02330278791487217,
            0.0023169638589024544,
            0.0
          ],
          [
            -0.023163219913840294,
            0.9985564947128296,
            -0.04846081882715225,
            0.0
          ],
          [
            -0.0034428914077579975,
            0.048393864184617996,
            0.9988223910331726,
            0.0
          ],
          [
            0.0,
            0.0,
            0.0,
            1.0
          ]
        ],
        "rotation_mode": "QUATERNION"
      },
      "armature_space": {
        "head": {
          "x": 0.5340539216995239,
          "y": -0.2997252345085144,
          "z": 0.28814464807510376
        },
        "tail": {
          "x": 0.568921685218811,
          "y": -0.38889777660369873,
          "z": 0.2206036001443863
        }
      },
      "world_space": {
        "head": {
          "x": 0.5340539216995239,
          "y": -0.23648123443126678,
          "z": 1.2379987239837646
        },
        "tail": {
          "x": 0.568921685218811,
          "y": -0.3256537914276123,
          "z": 1.1704576015472412
        },
        "rotation_quaternion": {
          "w": 0.2236688733100891,
          "x": -0.8677247166633606,
          "y": -0.26353687047958374,
          "z": 0.35717564821243286
        },
        "matrix": [
          [
            0.6059473156929016,
            0.2975780963897705,
            -0.7377501130104065,
            0.5340539216995239
          ],
          [
            0.617133617401123,
            -0.7610414624214172,
            0.19990640878677368,
            -0.23648123443126678
          ],
          [
            -0.5019734501838684,
            -0.5764278173446655,
            -0.6448007225990295,
            1.2379987239837646
          ],
          [
            0.0,
            0.0,
            0.0,
            1.0
          ]
        ]
      },
      "bone_length_armature_space": 0.11717207876701635,
      "parent": "lowerarm_l",
      "has_children": true,
      "is_end_bone": false
    },
    "index_01_l": {
      "name": "index_01_l",
      "local": {
        "location": {
          "x": 0.0,
          "y": 0.0,
          "z": 0.0
        },
        "rotation_quaternion": {
          "w": 0.9695769548416138,
          "x": 0.24397176504135132,
          "y": -0.009408285841345787,
          "z": -0.017605386674404144
        },
        "scale": {
          "x": 1.0,
          "y": 1.0,
          "z": 1.0
        },
        "matrix_basis": [
          [
            0.999203085899353,
            0.02954884245991707,
            -0.026834549382328987,
            0.0
          ],
          [
            -0.03873026743531227,
            0.8803356289863586,
            -0.47276753187179565,
            0.0
          ],
          [
            0.00965368002653122,
            0.4734300673007965,
            0.8807785511016846,
            0.0
          ],
          [
            0.0,
            0.0,
            0.0,
            1.0
          ]
        ],
        "rotation_mode": "QUATERNION"
      },
      "armature_space": {
        "head": {
          "x": 0.568921685218811,
          "y": -0.38889777660369873,
          "z": 0.2206036001443863
        },
        "tail": {
          "x": 0.5750371217727661,
          "y": -0.3993855118751526,
          "z": 0.1948026716709137
        }
      },
      "world_space": {
        "head": {
          "x": 0.568921685218811,
          "y": -0.3256537914276123,
          "z": 1.1704576015472412
        },
        "tail": {
          "x": 0.5750371217727661,
          "y": -0.33614152669906616,
          "z": 1.1446566581726074
        },
        "rotation_quaternion": {
          "w": 0.4263626039028168,
          "x": -0.7345626354217529,
          "y": -0.3664865493774414,
          "z": 0.3798951506614685
        },
        "matrix": [
          [
            0.4427342712879181,
            0.21446958184242249,
            -0.8706258535385132,
            0.568921685218811
          ],
          [
            0.8623613715171814,
            -0.3678051829338074,
            0.34792637825012207,
            -0.3256537914276123
          ],
          [
            -0.24560187757015228,
            -0.9048395156860352,
            -0.34779229760169983,
            1.1704576015472412
          ],
          [
            0.0,
            0.0,
            0.0,
            1.0
          ]
        ]
      },
      "bone_length_armature_space": 0.028514541126601303,
      "parent": "metacarpal_index_l",
      "has_children": true,
      "is_end_bone": false
    },
    "index_02_l": {
      "name": "index_02_l",
      "local": {
        "location": {
          "x": 0.0,
          "y": 0.0,
          "z": 0.0
        },
        "rotation_quaternion": {
          "w": 0.9105052947998047,
          "x": 0.4134129285812378,
          "y": 0.007134460844099522,
          "z": -0.004351411014795303
        },
        "scale": {
          "x": 1.0,
          "y": 1.0,
          "z": 1.0
        },
        "matrix_basis": [
          [
            0.9998603463172913,
            0.013822922483086586,
            0.009394069202244282,
            0.0
          ],
          [
            -0.002025008900091052,
            0.6581416130065918,
            -0.7528914213180542,
            0.0
          ],
          [
            -0.01658978872001171,
            0.7527672052383423,
            0.6580777168273926,
            0.0
          ],
          [
            0.0,
            0.0,
            0.0,
            1.0
          ]
        ],
        "rotation_mode": "QUATERNION"
      },
      "armature_space": {
        "head": {
          "x": 0.5750368237495422,
          "y": -0.3993857502937317,
          "z": 0.19480228424072266
        },
        "tail": {
          "x": 0.5623591542243958,
          "y": -0.39966168999671936,
          "z": 0.17250211536884308
        }
      },
      "world_space": {
        "head": {
          "x": 0.5750368237495422,
          "y": -0.33614176511764526,
          "z": 1.1446563005447388
        },
        "tail": {
          "x": 0.5623591542243958,
          "y": -0.33641767501831055,
          "z": 1.1223561763763428
        },
        "rotation_quaternion": {
          "w": 0.6739568114280701,
          "x": -0.4918119013309479,
          "y": -0.20101052522659302,
          "z": 0.5133206844329834
        },
        "matrix": [
          [
            0.3921906054019928,
            -0.4941931962966919,
            -0.7758607268333435,
            0.5750368237495422
          ],
          [
            0.8896321058273315,
            -0.010755941271781921,
            0.45655184984207153,
            -0.33614176511764526
          ],
          [
            -0.23397064208984375,
            -0.8692917823791504,
            0.43543505668640137,
            1.1446563005447388
          ],
          [
            0.0,
            0.0,
            0.0,
            1.0
          ]
        ]
      },
      "bone_length_armature_space": 0.025653401335712152,
      "parent": "index_01_l",
      "has_children": true,
      "is_end_bone": false
    },
    "index_03_l": {
      "name": "index_03_l",
      "local": {
        "location": {
          "x": 0.0,
          "y": 0.0,
          "z": 0.0
        },
        "rotation_quaternion": {
          "w": 0.9656757712364197,
          "x": 0.25972408056259155,
          "y": -0.002242787042632699,
          "z": -0.002946391934528947
        },
        "scale": {
          "x": 1.0,
          "y": 1.0,
          "z": 1.0
        },
        "matrix_basis": [
          [
            0.9999725818634033,
            0.004525506868958473,
            -0.005862107966095209,
            0.0
          ],
          [
            -0.006855530198663473,
            0.8650694489479065,
            -0.5016052722930908,
            0.0
          ],
          [
            0.002801112364977598,
            0.5016317367553711,
            0.8650767207145691,
            0.0
          ],
          [
            0.0,
            0.0,
            0.0,
            1.0
          ]
        ],
        "rotation_mode": "QUATERNION"
      },
      "armature_space": {
        "head": {
          "x": 0.5623592734336853,
          "y": -0.39966174960136414,
          "z": 0.1725020706653595
        },
        "tail": {
          "x": 0.5389789342880249,
          "y": -0.38922616839408875,
          "z": 0.1584240198135376
        }
      },
      "world_space": {
        "head": {
          "x": 0.5623592734336853,
          "y": -0.3364177346229553,
          "z": 1.1223560571670532
        },
        "tail": {
          "x": 0.5389789342880249,
          "y": -0.32598215341567993,
          "z": 1.1082780361175537
        },
        "rotation_quaternion": {
          "w": 0.8223322033882141,
          "x": -0.2633754312992096,
          "y": -0.04845018684864044,
          "z": 0.502051591873169
        },
        "matrix": [
          [
            0.4911928176879883,
            -0.8001852035522461,
            -0.3441416323184967,
            0.5623592734336853
          ],
          [
            0.8512285947799683,
            0.3571544885635376,
            0.3845142424106598,
            -0.3364177346229553
          ],
          [
            -0.18477129936218262,
            -0.48181673884391785,
            0.8565782308578491,
            1.1223560571670532
          ],
          [
            0.0,
            0.0,
            0.0,
            1.0
          ]
        ]
      },
      "bone_length_armature_space": 0.029218711743434937,
      "parent": "index_02_l",
      "has_children": false,
      "is_end_bone": true
    },
    "metacarpal_pinky_l": {
      "name": "metacarpal_pinky_l",
      "local": {
        "location": {
          "x": 0.0,
          "y": 0.0,
          "z": 0.0
        },
        "rotation_quaternion": {
          "w": 0.9989644289016724,
          "x": -0.0401766374707222,
          "y": -0.018232721835374832,
          "z": 0.01111618336290121
        },
        "scale": {
          "x": 1.0,
          "y": 1.0,
          "z": 1.0
        },
        "matrix_basis": [
          [
            0.9990879893302917,
            -0.020744284614920616,
            -0.037320904433727264,
            0.0
          ],
          [
            0.02367440238595009,
            0.9965245127677917,
            0.07986471056938171,
            0.0
          ],
          [
            0.035534460097551346,
            -0.08067542314529419,
            0.9961068034172058,
            0.0
          ],
          [
            0.0,
            0.0,
            0.0,
            1.0
          ]
        ],
        "rotation_mode": "QUATERNION"
      },
      "armature_space": {
        "head": {
          "x": 0.5340539216995239,
          "y": -0.2997252345085144,
          "z": 0.28814464807510376
        },
        "tail": {
          "x": 0.6179631352424622,
          "y": -0.33731809258461,
          "z": 0.23926451802253723
        }
      },
      "world_space": {
        "head": {
          "x": 0.5340539216995239,
          "y": -0.23648123443126678,
          "z": 1.2379987239837646
        },
        "tail": {
          "x": 0.6179631352424622,
          "y": -0.27407407760620117,
          "z": 1.189118504524231
        },
        "rotation_quaternion": {
          "w": 0.45118528604507446,
          "x": 0.09791746735572815,
          "y": 0.3404753506183624,
          "z": -0.8190975189208984
        },
        "matrix": [
          [
            -0.5736871361732483,
            0.8058064579963684,
            0.14682906866073608,
            0.5340539216995239
          ],
          [
            -0.6724544763565063,
            -0.36101582646369934,
            -0.6461215019226074,
            -0.23648123443126678
          ],
          [
            -0.46764513850212097,
            -0.46941107511520386,
            0.7489829063415527,
            1.2379987239837646
          ],
          [
            0.0,
            0.0,
            0.0,
            1.0
          ]
        ]
      },
      "bone_length_armature_space": 0.1041309097257362,
      "parent": "lowerarm_l",
      "has_children": true,
      "is_end_bone": false
    },
    "pinky_01_l": {
      "name": "pinky_01_l",
      "local": {
        "location": {
          "x": 0.0,
          "y": 0.0,
          "z": 0.0
        },
        "rotation_quaternion": {
          "w": 0.9529293775558472,
          "x": 0.30193808674812317,
          "y": -0.016159411519765854,
          "z": -0.02231328748166561
        },
        "scale": {
          "x": 1.0,
          "y": 1.0,
          "z": 1.0
        },
        "matrix_basis": [
          [
            0.9984819889068604,
            0.03276769071817398,
            -0.04427201673388481,
            0.0
          ],
          [
            -0.05228425934910774,
            0.8166710138320923,
            -0.5747302174568176,
            0.0
          ],
          [
            0.017323093488812447,
            0.5761724710464478,
            0.817144513130188,
            0.0
          ],
          [
            0.0,
            0.0,
            0.0,
            1.0
          ]
        ],
        "rotation_mode": "QUATERNION"
      },
      "armature_space": {
        "head": {
          "x": 0.6179631352424622,
          "y": -0.33731809258461,
          "z": 0.23926451802253723
        },
        "tail": {
