{
  "metadata": {
    "armature_name": "KIM_caucasian_male",
    "export_time": "2026-01-13T21:13:23.059454",
    "blender_version": "4.4.1",
    "bone_count": 56,
    "end_bone_count": 13,
    "spaces_included": [
      "LOCAL_CHANNELS",
      "ARMATURE_SPACE",
      "WORLD_SPACE"
    ],
    "note": "LOCAL matches Transform panel; replay pose via local.matrix_basis for best fidelity."
  },
  "bones": {
    "Root": {
      "name": "Root",
      "local": {
        "location": {
          "x": 0.0,
          "y": 0.0,
          "z": 0.0
        },
        "rotation_quaternion": {
          "w": 0.9995169639587402,
          "x": -0.006744709797203541,
          "y": 0.011626062914729118,
          "z": -0.02802404761314392
        },
        "scale": {
          "x": 1.0,
          "y": 1.0,
          "z": 1.0
        },
        "matrix_basis": [
          [
            0.9981589913368225,
            0.05586419254541397,
            0.023618921637535095,
            0.0
          ],
          [
            -0.05617785081267357,
            0.9983383417129517,
            0.012831284664571285,
            0.0
          ],
          [
            -0.022862866520881653,
            -0.014134522527456284,
            0.9996386766433716,
            0.0
          ],
          [
            0.0,
            0.0,
            0.0,
            1.0
          ]
        ],
        "rotation_mode": "QUATERNION"
      },
      "armature_space": {
        "head": {
          "x": 0.0,
          "y": 0.07072800397872925,
          "z": -0.009595036506652832
        },
        "tail": {
          "x": 0.0039873551577329636,
          "y": 0.0002531483769416809,
          "z": 0.0009837700054049492
        }
      },
      "world_space": {
        "head": {
          "x": 0.0,
          "y": 0.13397200405597687,
          "z": 0.9402589797973633
        },
        "tail": {
          "x": 0.0039873551577329636,
          "y": 0.0634971484541893,
          "z": 0.9508377909660339
        },
        "rotation_quaternion": {
          "w": 0.07406450808048248,
          "x": 0.9967918395996094,
          "y": 0.02874360978603363,
          "z": 0.009711730293929577
        },
        "matrix": [
          [
            0.9981589913368225,
            0.05586419254541397,
            0.023618921637535095,
            0.0
          ],
          [
            0.05874137952923775,
            -0.9873765110969543,
            -0.1470959335565567,
            0.13397200405597687
          ],
          [
            0.015103533864021301,
            0.14821264147758484,
            -0.9888472557067871,
            0.9402589797973633
          ],
          [
            0.0,
            0.0,
            0.0,
            1.0
          ]
        ]
      },
      "bone_length_armature_space": 0.07137587305465055,
      "parent": null,
      "has_children": true,
      "is_end_bone": false
    },
    "spine_01": {
      "name": "spine_01",
      "local": {
        "location": {
          "x": 0.0,
          "y": 0.0,
          "z": 0.0
        },
        "rotation_quaternion": {
          "w": 0.9956082105636597,
          "x": 0.0880228653550148,
          "y": -0.0016854394925758243,
          "z": 0.031836625188589096
        },
        "scale": {
          "x": 1.0,
          "y": 1.0,
          "z": 1.0
        },
        "matrix_basis": [
          [
            0.9979671835899353,
            -0.06369032710790634,
            0.002248627133667469,
            0.0
          ],
          [
            0.06309689581394196,
            0.9824768304824829,
            -0.1753798872232437,
            0.0
          ],
          [
            0.008960776962339878,
            0.17516525089740753,
            0.9844982624053955,
            0.0
          ],
          [
            0.0,
            0.0,
            0.0,
            1.0
          ]
        ],
        "rotation_mode": "QUATERNION"
      },
      "armature_space": {
        "head": {
          "x": 0.0039873551577329636,
          "y": 0.0002531483769416809,
          "z": 0.0009837700054049492
        },
        "tail": {
          "x": -0.031025992706418037,
          "y": -0.05814583599567413,
          "z": 0.4842146337032318
        }
      },
      "world_space": {
        "head": {
          "x": 0.0039873551577329636,
          "y": 0.0634971484541893,
          "z": 0.9508377909660339
        },
        "tail": {
          "x": -0.031025992706418037,
          "y": 0.005098164081573486,
          "z": 1.4340686798095703
        },
        "rotation_quaternion": {
          "w": 0.6634209752082825,
          "x": 0.7467321753501892,
          "y": -0.0061235204339027405,
          "z": 0.0471821129322052
        },
        "matrix": [
          [
            0.9954727292060852,
            -0.07174848020076752,
            0.06233934685587883,
            0.0039873551577329636
          ],
          [
            0.05345747619867325,
            -0.11966975033283234,
            -0.991373598575592,
            0.0634971484541893
          ],
          [
            0.0785902738571167,
            0.9902246594429016,
            -0.1152941882610321,
            0.9508377909660339
          ],
          [
            0.0,
            0.0,
            0.0,
            1.0
          ]
        ]
      },
      "bone_length_armature_space": 0.48800454369781304,
      "parent": "Root",
      "has_children": true,
      "is_end_bone": false
    },
    "neck_01": {
      "name": "neck_01",
      "local": {
        "location": {
          "x": 0.0,
          "y": 0.0,
          "z": 0.0
        },
        "rotation_quaternion": {
          "w": 0.9949147701263428,
          "x": 0.06676642596721649,
          "y": -0.07241398096084595,
          "z": 0.02104916423559189
        },
        "scale": {
          "x": 1.0,
          "y": 1.0,
          "z": 1.0
        },
        "matrix_basis": [
          [
            0.9886263012886047,
            -0.05155389383435249,
            -0.14128072559833527,
            0.0
          ],
          [
            0.03221460431814194,
            0.9901983737945557,
            -0.1359023153781891,
            0.0
          ],
          [
            0.14690223336219788,
            0.1298052966594696,
            0.9805968999862671,
            0.0
          ],
          [
            0.0,
            0.0,
            0.0,
            1.0
          ]
        ],
        "rotation_mode": "QUATERNION"
      },
      "armature_space": {
        "head": {
          "x": -0.03411734849214554,
          "y": -0.10128915309906006,
          "z": 0.5527188777923584
        },
        "tail": {
          "x": -0.04260591045022011,
          "y": -0.162634938955307,
          "z": 0.634421706199646
        }
      },
      "world_space": {
        "head": {
          "x": -0.03411734849214554,
          "y": -0.03804515302181244,
          "z": 1.5025728940963745
        },
        "tail": {
          "x": -0.04260591045022011,
          "y": -0.09939093887805939,
          "z": 1.584275722503662
        },
        "rotation_quaternion": {
          "w": 0.4454366862773895,
          "x": 0.8939555883407593,
          "y": -0.048995908349752426,
          "z": -0.0053906524553895
        },
        "matrix": [
          [
            0.9951406717300415,
            -0.08279801160097122,
            -0.05328741669654846,
            -0.03411734849214554
          ],
          [
            -0.09240297973155975,
            -0.5983709096908569,
            -0.7958733439445496,
            -0.03804515302181244
          ],
          [
            0.03401123732328415,
            0.7969347238540649,
            -0.603118896484375,
            1.5025728940963745
          ],
          [
            0.0,
            0.0,
            0.0,
            1.0
          ]
        ]
      },
      "bone_length_armature_space": 0.10252177094086386,
      "parent": "spine_01",
      "has_children": true,
      "is_end_bone": false
    },
    "head": {
      "name": "head",
      "local": {
        "location": {
          "x": 0.0,
          "y": 0.0,
          "z": 0.0
        },
        "rotation_quaternion": {
          "w": 0.9885313510894775,
          "x": -0.018028499558568,
          "y": -0.14933468401432037,
          "z": -0.013416998088359833
        },
        "scale": {
          "x": 1.0,
          "y": 1.0,
          "z": 1.0
        },
        "matrix_basis": [
          [
            0.9550382494926453,
            0.03191080689430237,
            -0.29476025700569153,
            0.0
          ],
          [
            -0.02114168554544449,
            0.9989899396896362,
            0.03965071961283684,
            0.0
          ],
          [
            0.29572781920433044,
            -0.031636226922273636,
            0.954748272895813,
            0.0
          ],
          [
            0.0,
            0.0,
            0.0,
            1.0
          ]
        ],
        "rotation_mode": "QUATERNION"
      },
      "armature_space": {
        "head": {
          "x": -0.042605914175510406,
          "y": -0.16263502836227417,
          "z": 0.6344215273857117
        },
        "tail": {
          "x": -0.04635021835565567,
          "y": -0.2002599984407425,
          "z": 0.7848330736160278
        }
      },
      "world_space": {
        "head": {
          "x": -0.042605914175510406,
          "y": -0.09939102828502655,
          "z": 1.584275484085083
        },
        "tail": {
          "x": -0.04635021835565567,
          "y": -0.13701599836349487,
          "z": 1.734687089920044
        },
        "rotation_quaternion": {
          "w": 0.6021952629089355,
          "x": 0.7751315236091614,
          "y": -0.12673026323318481,
          "z": -0.1430787742137909
        },
        "matrix": [
          [
            0.9269359111785889,
            -0.024142753332853317,
            -0.3744422495365143,
            -0.042605914175510406
          ],
          [
            -0.3687879145145416,
            -0.24260056018829346,
            -0.8972964882850647,
            -0.09939102828502655
          ],
          [
            -0.06917748600244522,
            0.9698325991630554,
            -0.2337811142206192,
            1.584275484085083
          ],
          [
            0.0,
            0.0,
            0.0,
            1.0
          ]
        ]
      },
      "bone_length_armature_space": 0.15509123814352657,
      "parent": "neck_01",
      "has_children": false,
      "is_end_bone": true
    },
    "upperarm_l": {
      "name": "upperarm_l",
      "local": {
        "location": {
          "x": 0.0,
          "y": 0.0,
          "z": 0.0
        },
        "rotation_quaternion": {
          "w": 0.6806129217147827,
          "x": 0.4333437979221344,
          "y": 0.46256911754608154,
          "z": 0.36743584275245667
        },
        "scale": {
          "x": 1.0,
          "y": 1.0,
          "z": 1.0
        },
        "matrix_basis": [
          [
            0.3020414113998413,
            -0.09926024824380875,
            0.9481131434440613,
            0.0
          ],
          [
            0.9010660648345947,
            0.3544081151485443,
            -0.24994982779026031,
            0.0
          ],
          [
            -0.31120896339416504,
            0.929807722568512,
            0.19648592174053192,
            0.0
          ],
          [
            0.0,
            0.0,
            0.0,
            1.0
          ]
        ],
        "rotation_mode": "QUATERNION"
      },
      "armature_space": {
        "head": {
          "x": 0.12022443115711212,
          "y": -0.08838941156864166,
          "z": 0.4975889325141907
        },
        "tail": {
          "x": 0.23885947465896606,
          "y": -0.3286592960357666,
          "z": 0.49565231800079346
        }
      },
      "world_space": {
        "head": {
          "x": 0.12022443115711212,
          "y": -0.025145411491394043,
          "z": 1.4474430084228516
        },
        "tail": {
          "x": 0.23885947465896606,
          "y": -0.2654153108596802,
          "z": 1.4455063343048096
        },
        "rotation_quaternion": {
          "w": 0.01944471336901188,
          "x": 0.9687578678131104,
          "y": 0.22650854289531708,
          "z": -0.09911598265171051
        },
        "matrix": [
          [
            0.8777397274971008,
            0.4427185654640198,
            -0.18322999775409698,
            0.12022443115711212
          ],
          [
            0.4350093603134155,
            -0.8966317176818848,
            -0.08257641643285751,
            -0.025145411491394043
          ],
          [
            -0.20084887742996216,
            -0.007226966321468353,
            -0.9796028733253479,
            1.4474430084228516
          ],
          [
            0.0,
            0.0,
            0.0,
            1.0
          ]
        ]
      },
      "bone_length_armature_space": 0.2679694770761499,
      "parent": "spine_01",
      "has_children": true,
      "is_end_bone": false
    },
    "lowerarm_l": {
      "name": "lowerarm_l",
      "local": {
        "location": {
          "x": 0.0,
          "y": 0.0,
          "z": 0.0
        },
        "rotation_quaternion": {
          "w": 0.9324830770492554,
          "x": 0.14737461507320404,
          "y": -0.07677745819091797,
          "z": 0.32072019577026367
        },
        "scale": {
          "x": 1.0,
          "y": 1.0,
          "z": 1.0
        },
        "matrix_basis": [
          [
            0.7824875712394714,
            -0.6207624077796936,
            -0.04865533113479614,
            0.0
          ],
          [
            0.5755022168159485,
            0.750838577747345,
            -0.32409682869911194,
            0.0
          ],
          [
            0.23771938681602478,
            0.22560051083564758,
            0.9447718858718872,
            0.0
          ],
          [
            0.0,
            0.0,
            0.0,
            1.0
          ]
        ],
        "rotation_mode": "QUATERNION"
      },
      "armature_space": {
        "head": {
          "x": 0.2388594001531601,
          "y": -0.32865944504737854,
          "z": 0.49565228819847107
        },
        "tail": {
          "x": 0.1451481282711029,
          "y": -0.5783299207687378,
          "z": 0.47438666224479675
        }
      },
      "world_space": {
        "head": {
          "x": 0.2388594001531601,
          "y": -0.2654154300689697,
          "z": 1.4455063343048096
        },
        "tail": {
          "x": 0.1451481282711029,
          "y": -0.5150859355926514,
          "z": 1.4242407083511353
        },
        "rotation_quaternion": {
          "w": 0.08879413455724716,
          "x": -0.9436631798744202,
          "y": 0.1596386730670929,
          "z": 0.27591827511787415
        },
        "matrix": [
          [
            0.7967692613601685,
            -0.3502904176712036,
            -0.49239763617515564,
            0.2388594001531601
          ],
          [
            -0.252290815114975,
            -0.933262288570404,
            0.2556779384613037,
            -0.2654154300689697
          ],
          [
            -0.549101710319519,
            -0.07949034869670868,
            -0.8319754004478455,
            1.4455063343048096
          ],
          [
            0.0,
            0.0,
            0.0,
            1.0
          ]
        ]
      },
      "bone_length_armature_space": 0.2675245326645441,
      "parent": "upperarm_l",
      "has_children": true,
      "is_end_bone": false
    },
    "metacarpal_thumb_l": {
      "name": "metacarpal_thumb_l",
      "local": {
        "location": {
          "x": 0.0,
          "y": 0.0,
          "z": 0.0
        },
        "rotation_quaternion": {
          "w": 0.9996510744094849,
          "x": -0.020886503159999847,
          "y": 0.015334648080170155,
          "z": 0.005143407732248306
        },
        "scale": {
          "x": 1.0,
          "y": 1.0,
          "z": 1.0
        },
        "matrix_basis": [
          [
            0.9994767904281616,
            -0.010923800058662891,
            0.030443739145994186,
            0.0
          ],
          [
            0.009642652235925198,
            0.9990745782852173,
            0.04191617667675018,
            0.0
          ],
          [
            -0.030873451381921768,
            -0.04160068556666374,
            0.9986572265625,
            0.0
          ],
          [
            0.0,
            0.0,
            0.0,
            1.0
          ]
        ],
        "rotation_mode": "QUATERNION"
      },
      "armature_space": {
        "head": {
          "x": 0.1451481282711029,
          "y": -0.5783299207687378,
          "z": 0.47438666224479675
        },
        "tail": {
          "x": 0.1224207803606987,
          "y": -0.6089707016944885,
          "z": 0.4427921772003174
        }
      },
      "world_space": {
        "head": {
          "x": 0.1451481282711029,
          "y": -0.5150859355926514,
          "z": 1.4242407083511353
        },
        "tail": {
          "x": 0.1224207803606987,
          "y": -0.5457267165184021,
          "z": 1.3926461935043335
        },
        "rotation_quaternion": {
          "w": 0.16490864753723145,
          "x": -0.7622085809707642,
          "y": 0.40436676144599915,
          "z": -0.47783979773521423
        },
        "matrix": [
          [
            0.21631215512752533,
            -0.4588262736797333,
            0.8617931604385376,
            0.1451481282711029
          ],
          [
            -0.774023711681366,
            -0.6185844540596008,
            -0.13505801558494568,
            -0.5150859355926514
          ],
          [
            0.5950636267662048,
            -0.6378387808799744,
            -0.4889533817768097,
            1.4242407083511353
          ],
          [
            0.0,
            0.0,
            0.0,
            1.0
          ]
        ]
      },
      "bone_length_armature_space": 0.04953383914681617,
      "parent": "lowerarm_l",
      "has_children": true,
      "is_end_bone": false
    },
    "thumb_01_l": {
      "name": "thumb_01_l",
      "local": {
        "location": {
          "x": 0.0,
          "y": 0.0,
          "z": 0.0
        },
        "rotation_quaternion": {
          "w": 0.9991499781608582,
          "x": 0.041090965270996094,
          "y": 0.0004147228319197893,
          "z": -0.003272272413596511
        },
        "scale": {
          "x": 1.0,
          "y": 1.0,
          "z": 1.0
        },
        "matrix_basis": [
          [
            0.999978244304657,
            0.006573064718395472,
            0.0005598189309239388,
            0.0
          ],
          [
            -0.006504898890852928,
            0.9966016411781311,
            -0.08211478590965271,
            0.0
          ],
          [
            -0.0010976622579619288,
            0.08210936188697815,
            0.9966227412223816,
            0.0
          ],
          [
            0.0,
            0.0,
            0.0,
            1.0
          ]
        ],
        "rotation_mode": "QUATERNION"
      },
      "armature_space": {
        "head": {
          "x": 0.1224207803606987,
          "y": -0.6089707016944885,
          "z": 0.4427921772003174
        },
        "tail": {
          "x": 0.13342903554439545,
          "y": -0.6254484057426453,
          "z": 0.415116548538208
        }
      },
      "world_space": {
        "head": {
          "x": 0.1224207803606987,
          "y": -0.5457267165184021,
          "z": 1.3926461935043335
        },
        "tail": {
          "x": 0.13342903554439545,
          "y": -0.5622044205665588,
          "z": 1.3649705648422241
        },
        "rotation_quaternion": {
          "w": 0.19988472759723663,
          "x": -0.02232636697590351,
          "y": 0.46690669655799866,
          "z": -0.8611305952072144
        },
        "matrix": [
          [
            -0.9190947413444519,
            0.32340535521507263,
            0.22510811686515808,
            0.1224207803606987
          ],
          [
            -0.3651036322116852,
            -0.484088659286499,
            -0.7952092885971069,
            -0.5457267165184021
          ],
          [
            -0.1482040137052536,
            -0.813066840171814,
            0.5630031824111938,
            1.3926461935043335
          ],
          [
            0.0,
            0.0,
            0.0,
            1.0
          ]
        ]
      },
      "bone_length_armature_space": 0.034038754678115325,
      "parent": "metacarpal_thumb_l",
      "has_children": true,
      "is_end_bone": false
    },
    "thumb_02_l": {
      "name": "thumb_02_l",
      "local": {
        "location": {
          "x": 0.0,
          "y": 0.0,
          "z": 0.0
        },
        "rotation_quaternion": {
          "w": 0.9938924908638,
          "x": 0.11019039154052734,
          "y": -0.005766896530985832,
          "z": 0.0016030918341130018
        },
        "scale": {
          "x": 1.0,
          "y": 1.0,
          "z": 1.0
        },
        "matrix_basis": [
          [
            0.99992835521698,
            -0.004457515198737383,
            -0.011110059916973114,
            0.0
          ],
          [
            0.0019156887428835034,
            0.9757109880447388,
            -0.21905329823493958,
            0.0
          ],
          [
            0.011816641315817833,
            0.21901631355285645,
            0.9756496548652649,
            0.0
          ],
          [
            0.0,
            0.0,
            0.0,
            1.0
          ]
        ],
        "rotation_mode": "QUATERNION"
      },
      "armature_space": {
        "head": {
          "x": 0.13342906534671783,
          "y": -0.6254482865333557,
          "z": 0.4151165187358856
        },
        "tail": {
          "x": 0.11854316294193268,
          "y": -0.6626976728439331,
          "z": 0.41713452339172363
        }
      },
      "world_space": {
        "head": {
          "x": 0.13342906534671783,
          "y": -0.5622043013572693,
          "z": 1.3649705648422241
        },
        "tail": {
          "x": 0.11854316294193268,
          "y": -0.5994536876678467,
          "z": 1.3669885396957397
        },
        "rotation_quaternion": {
          "w": 0.1799011081457138,
          "x": -0.19535093009471893,
          "y": 0.06264255195856094,
          "z": 0.9620548486709595
        },
        "matrix": [
          [
            -0.8589470982551575,
            -0.37062424421310425,
            -0.35333749651908875,
            0.13342906534671783
          ],
          [
            0.3216749131679535,
            -0.9274228811264038,
            0.19081968069076538,
            -0.5622043013572693
          ],
          [
            -0.3984183073043823,
            0.0502438098192215,
            0.9158346652984619,
            1.3649705648422241
          ],
          [
            0.0,
            0.0,
            0.0,
            1.0
          ]
        ]
      },
      "bone_length_armature_space": 0.0401644017462525,
      "parent": "thumb_01_l",
      "has_children": true,
      "is_end_bone": false
    },
    "thumb_03_l": {
      "name": "thumb_03_l",
      "local": {
        "location": {
          "x": 0.0,
          "y": 0.0,
          "z": 0.0
        },
        "rotation_quaternion": {
          "w": 0.9980356097221375,
          "x": 0.06252499669790268,
          "y": -0.0006517500150948763,
          "z": 0.0038992585614323616
        },
        "scale": {
          "x": 1.0,
          "y": 1.0,
          "z": 1.0
        },
        "matrix_basis": [
          [
            0.9999687671661377,
            -0.007864698767662048,
            -0.0008133372175507247,
            0.0
          ],
          [
            0.007701696362346411,
            0.9921508431434631,
            -0.12480942904949188,
            0.0
          ],
          [
            0.0017885416746139526,
            0.12479926645755768,
            0.9921804070472717,
            0.0
          ],
          [
            0.0,
            0.0,
            0.0,
            1.0
          ]
        ],
        "rotation_mode": "QUATERNION"
      },
      "armature_space": {
        "head": {
          "x": 0.11854314804077148,
          "y": -0.6626976132392883,
          "z": 0.41713443398475647
        },
        "tail": {
          "x": 0.10718817263841629,
          "y": -0.687487781047821,
          "z": 0.4306771457195282
        }
      },
      "world_space": {
        "head": {
          "x": 0.11854314804077148,
          "y": -0.5994536280632019,
          "z": 1.3669884204864502
        },
        "tail": {
          "x": 0.10718817263841629,
          "y": -0.6242437958717346,
          "z": 1.3805311918258667
        },
        "rotation_quaternion": {
          "w": 0.10187231004238129,
          "x": -0.33275800943374634,
          "y": 0.2872109115123749,
          "z": 0.8924146890640259
        },
        "matrix": [
          [
            -0.7577885985374451,
            -0.3729681670665741,
            -0.5353981852531433,
            0.11854314804077148
          ],
          [
            -0.009318257682025433,
            -0.8142639994621277,
            0.580420196056366,
            -0.5994536280632019
          ],
          [
            -0.6524384021759033,
            0.4448273181915283,
            0.6135695576667786,
            1.3669884204864502
          ],
          [
            0.0,
            0.0,
            0.0,
            1.0
          ]
        ]
      },
      "bone_length_armature_space": 0.030444916051983174,
      "parent": "thumb_02_l",
      "has_children": false,
      "is_end_bone": true
    },
    "metacarpal_index_l": {
      "name": "metacarpal_index_l",
      "local": {
        "location": {
          "x": 0.0,
          "y": 0.0,
          "z": 0.0
        },
        "rotation_quaternion": {
          "w": 0.9994604587554932,
          "x": -0.03245077282190323,
          "y": -0.004379607271403074,
          "z": -0.0025768775958567858
        },
        "scale": {
          "x": 1.0,
          "y": 1.0,
          "z": 1.0
        },
        "matrix_basis": [
          [
            0.9999483823776245,
            0.005435217637568712,
            -0.008587244898080826,
            0.0
          ],
          [
            -0.0048667313531041145,
            0.9978806376457214,
            0.0648891031742096,
            0.0
          ],
          [
            0.008921732194721699,
            -0.06484396010637283,
            0.997855544090271,
            0.0
          ],
          [
            0.0,
            0.0,
            0.0,
            1.0
          ]
        ],
        "rotation_mode": "QUATERNION"
      },
      "armature_space": {
        "head": {
          "x": 0.1451481282711029,
          "y": -0.5783299207687378,
          "z": 0.47438666224479675
        },
        "tail": {
          "x": 0.09038004279136658,
          "y": -0.6758661866188049,
          "z": 0.4395100176334381
        }
      },
      "world_space": {
        "head": {
          "x": 0.1451481282711029,
          "y": -0.5150859355926514,
          "z": 1.4242407083511353
        },
        "tail": {
          "x": 0.09038004279136658,
          "y": -0.6126222014427185,
          "z": 1.3893640041351318
        },
        "rotation_quaternion": {
          "w": 0.10308977216482162,
          "x": -0.9375520348548889,
          "y": 0.27048471570014954,
          "z": -0.1928909569978714
        },
        "matrix": [
          [
            0.7792618870735168,
            -0.4674172103404999,
            0.417459100484848,
            0.1451481282711029
          ],
          [
            -0.54695725440979,
            -0.8324213027954102,
            0.08895467221736908,
            -0.5150859355926514
          ],
          [
            0.30592459440231323,
            -0.2976541519165039,
            -0.9043377041816711,
            1.4242407083511353
          ],
          [
            0.0,
            0.0,
            0.0,
            1.0
          ]
        ]
      },
      "bone_length_armature_space": 0.1171718686328026,
      "parent": "lowerarm_l",
      "has_children": true,
      "is_end_bone": false
    },
    "index_01_l": {
      "name": "index_01_l",
      "local": {
        "location": {
          "x": 0.0,
          "y": 0.0,
          "z": 0.0
        },
        "rotation_quaternion": {
          "w": 0.9985791444778442,
          "x": -0.05212193354964256,
          "y": -0.009061593562364578,
          "z": -0.006396045908331871
        },
        "scale": {
          "x": 1.0,
          "y": 1.0,
          "z": 1.0
        },
        "matrix_basis": [
          [
            0.9997539520263672,
            0.013718531467020512,
            -0.017430687323212624,
            0.0
          ],
          [
            -0.011829300783574581,
            0.9944847822189331,
            0.10421166568994522,
            0.0
          ],
          [
            0.018764184787869453,
            -0.10397983342409134,
            0.9944024085998535,
            0.0
          ],
          [
            0.0,
            0.0,
            0.0,
            1.0
          ]
        ],
        "rotation_mode": "QUATERNION"
      },
      "armature_space": {
        "head": {
          "x": 0.09038004279136658,
          "y": -0.6758661866188049,
          "z": 0.4395100176334381
        },
        "tail": {
          "x": 0.0832451656460762,
          "y": -0.7034367918968201,
          "z": 0.44093260169029236
        }
      },
      "world_space": {
        "head": {
          "x": 0.09038004279136658,
          "y": -0.6126222014427185,
          "z": 1.3893640041351318
        },
        "tail": {
          "x": 0.0832451656460762,
          "y": -0.6401928067207336,
          "z": 1.3907866477966309
        },
        "rotation_quaternion": {
          "w": 0.04897991567850113,
          "x": 0.9731259346008301,
          "y": -0.11895215511322021,
          "z": 0.19099017977714539
        },
        "matrix": [
          [
            0.8987463116645813,
            -0.2502204477787018,
            0.3600623905658722,
            0.09038004279136658
          ],
          [
            -0.2128015011548996,
            -0.9669028520584106,
            -0.14076536893844604,
            -0.6126222014427185
          ],
          [
            0.38337022066116333,
            0.04989002272486687,
            -0.9222541451454163,
            1.3893640041351318
          ],
          [
            0.0,
            0.0,
            0.0,
            1.0
          ]
        ]
      },
      "bone_length_armature_space": 0.02851435573951262,
      "parent": "metacarpal_index_l",
      "has_children": true,
      "is_end_bone": false
    },
    "index_02_l": {
      "name": "index_02_l",
      "local": {
        "location": {
          "x": 0.0,
          "y": 0.0,
          "z": 0.0
        },
        "rotation_quaternion": {
          "w": 0.9769550561904907,
          "x": 0.2132018506526947,
          "y": 0.008367402479052544,
          "z": -0.00580815551802516
        },
        "scale": {
          "x": 1.0,
          "y": 1.0,
          "z": 1.0
        },
        "matrix_basis": [
          [
            0.9997925162315369,
            0.014916504733264446,
            0.013872533105313778,
            0.0
          ],
          [
            -0.007780722342431545,
            0.9090224504470825,
            -0.4166744649410248,
            0.0
          ],
          [
            -0.018825771287083626,
            0.41648006439208984,
            0.9089499115943909,
            0.0
          ],
          [
            0.0,
            0.0,
            0.0,
            1.0
          ]
        ],
        "rotation_mode": "QUATERNION"
      },
      "armature_space": {
        "head": {
          "x": 0.08324496448040009,
          "y": -0.7034372091293335,
          "z": 0.4409322440624237
        },
        "tail": {
          "x": 0.08124848455190659,
          "y": -0.7278050184249878,
          "z": 0.43316587805747986
        }
      },
      "world_space": {
        "head": {
          "x": 0.08324496448040009,
          "y": -0.6401932239532471,
          "z": 1.3907862901687622
        },
        "tail": {
          "x": 0.08124848455190659,
          "y": -0.6645610332489014,
          "z": 1.3830199241638184
        },
        "rotation_quaternion": {
          "w": 0.1432976871728897,
          "x": -0.9701621532440186,
          "y": 0.06723669916391373,
          "z": -0.18365854024887085
        },
        "matrix": [
          [
            0.9234975576400757,
            -0.07782552391290665,
            0.37562689185142517,
            0.08324496448040009
          ],
          [
            -0.1830967366695404,
            -0.9498903751373291,
            0.25334614515304565,
            -0.6401932239532471
          ],
          [
            0.33708974719047546,
            -0.3027435541152954,
            -0.891477108001709,
            1.3907862901687622
          ],
          [
            0.0,
            0.0,
            0.0,
            1.0
          ]
        ]
      },
      "bone_length_armature_space": 0.025653313955795676,
      "parent": "index_01_l",
      "has_children": true,
      "is_end_bone": false
    },
    "index_03_l": {
      "name": "index_03_l",
      "local": {
        "location": {
          "x": 0.0,
          "y": 0.0,
          "z": 0.0
        },
        "rotation_quaternion": {
          "w": 0.9729899168014526,
          "x": 0.23075048625469208,
          "y": -0.005790951196104288,
          "z": -0.003349010134115815
        },
        "scale": {
          "x": 1.0,
          "y": 1.0,
          "z": 1.0
        },
        "matrix_basis": [
          [
            0.9999104738235474,
            0.0038445766549557447,
            -0.012814645655453205,
            0.0
          ],
          [
            -0.009189635515213013,
            0.8934860229492188,
            -0.44899699091911316,
            0.0
          ],
          [
            0.009723503142595291,
            0.44907456636428833,
            0.893441379070282,
            0.0
          ],
          [
            0.0,
            0.0,
            0.0,
            1.0
          ]
        ],
        "rotation_mode": "QUATERNION"
      },
      "armature_space": {
        "head": {
          "x": 0.08124841004610062,
          "y": -0.7278050184249878,
          "z": 0.4331659972667694
        },
        "tail": {
          "x": 0.088189497590065,
          "y": -0.7479530572891235,
          "z": 0.4131755828857422
        }
      },
      "world_space": {
        "head": {
          "x": 0.08124841004610062,
          "y": -0.6645610332489014,
          "z": 1.383020043373108
        },
        "tail": {
          "x": 0.088189497590065,
          "y": -0.6847090721130371,
          "z": 1.3630295991897583
        },
        "rotation_quaternion": {
          "w": 0.3923339545726776,
          "x": -0.892173707485199,
          "y": -0.03598400577902794,
          "z": -0.22091972827911377
        },
        "matrix": [
          [
            0.899799644947052,
            0.23755642771720886,
            0.36596110463142395,
            0.08124841004610062
          ],
          [
            -0.10913968086242676,
            -0.6895594000816345,
            0.7159587144851685,
            -0.6645610332489014
          ],
          [
            0.42243534326553345,
            -0.6841657161712646,
            -0.5945420265197754,
            1.383020043373108
          ],
          [
            0.0,
            0.0,
            0.0,
            1.0
          ]
        ]
      },
      "bone_length_armature_space": 0.029218809295704255,
      "parent": "index_02_l",
      "has_children": false,
      "is_end_bone": true
    },
    "metacarpal_pinky_l": {
      "name": "metacarpal_pinky_l",
      "local": {
        "location": {
          "x": 0.0,
          "y": 0.0,
          "z": 0.0
        },
        "rotation_quaternion": {
          "w": 0.9998199939727783,
          "x": 0.008166983723640442,
          "y": 0.001585742924362421,
          "z": 0.017051097005605698
        },
        "scale": {
          "x": 1.0,
          "y": 1.0,
          "z": 1.0
        },
        "matrix_basis": [
          [
            0.9994134902954102,
            -0.034070152789354324,
            0.0034494269639253616,
            0.0
          ],
          [
            0.034121956676244736,
            0.999285101890564,
            -0.016276950016617775,
            0.0
          ],
          [
            -0.002892402932047844,
            0.01638510450720787,
            0.9998615980148315,
            0.0
          ],
          [
            0.0,
            0.0,
            0.0,
            1.0
          ]
        ],
        "rotation_mode": "QUATERNION"
      },
      "armature_space": {
        "head": {
          "x": 0.1451481282711029,
          "y": -0.5783299207687378,
          "z": 0.47438666224479675
        },
        "tail": {
          "x": 0.12605471909046173,
          "y": -0.6783140301704407,
          "z": 0.4963374435901642
        }
      },
      "world_space": {
        "head": {
          "x": 0.1451481282711029,
          "y": -0.5150859355926514,
          "z": 1.4242407083511353
        },
        "tail": {
          "x": 0.12605471909046173,
          "y": -0.6150700449943542,
          "z": 1.446191430091858
        },
        "rotation_quaternion": {
          "w": 0.013943033292889595,
          "x": -0.5727390050888062,
          "y": 0.14041514694690704,
          "z": 0.8075019121170044
        },
        "matrix": [
          [
            -0.3435514569282532,
            -0.18335996568202972,
            -0.9210600852966309,
            0.1451481282711029
          ],
          [
            -0.13832470774650574,
            -0.9601786136627197,
            0.2427419275045395,
            -0.5150859355926514
          ],
          [
            -0.9288980960845947,
            0.21080029010772705,
            0.3045097589492798,
            1.4242407083511353
          ],
          [
            0.0,
            0.0,
            0.0,
            1.0
          ]
        ]
      },
      "bone_length_armature_space": 0.10413076956004634,
      "parent": "lowerarm_l",
      "has_children": true,
      "is_end_bone": false
    },
    "pinky_01_l": {
      "name": "pinky_01_l",
      "local": {
        "location": {
          "x": 0.0,
          "y": 0.0,
          "z": 0.0
        },
        "rotation_quaternion": {
          "w": 0.9998683929443359,
          "x": 0.01582188531756401,
          "y": 0.0027878170367330313,
          "z": -0.0022768813651055098
        },
        "scale": {
          "x": 1.0,
          "y": 1.0,
          "z": 1.0
        },
        "matrix_basis": [
          [
            0.9999740719795227,
            0.004641380626708269,
            0.005502851214259863,
            0.0
          ],
          [
            -0.00446494622156024,
            0.9994889497756958,
            -0.0316523015499115,
            0.0
          ],
          [
            -0.005646949168294668,
            0.03162690997123718,
            0.9994837641716003,
            0.0
          ],
          [
            0.0,
            0.0,
            0.0,
            1.0
          ]
        ],
        "rotation_mode": "QUATERNION"
      },
      "armature_space": {
        "head": {
          "x": 0.12605471909046173,
          "y": -0.6783140301704407,
          "z": 0.4963374435901642
        },
