{
  "metadata": {
    "armature_name": "KIM_caucasian_male",
    "export_time": "2026-01-13T21:04:30.542188",
    "blender_version": "4.4.1",
    "bone_count": 56,
    "end_bone_count": 13,
    "spaces_included": [
      "LOCAL_CHANNELS",
      "ARMATURE_SPACE",
      "WORLD_SPACE"
    ],
    "note": "LOCAL matches Transform panel; replay pose via local.matrix_basis for best fidelity."
  },
  "bones": {
    "Root": {
      "name": "Root",
      "local": {
        "location": {
          "x": 0.0,
          "y": 0.0,
          "z": 0.0
        },
        "rotation_quaternion": {
          "w": 0.9995875358581543,
          "x": -0.017977120354771614,
          "y": -0.016661502420902252,
          "z": -0.014966083690524101
        },
        "scale": {
          "x": 1.0,
          "y": 1.0,
          "z": 1.0
        },
        "matrix_basis": [
          [
            0.9989967942237854,
            0.030518872663378716,
            -0.032771166414022446,
            0.0
          ],
          [
            -0.029320769011974335,
            0.9989056587219238,
            0.03643812611699104,
            0.0
          ],
          [
            0.03384735435247421,
            -0.03544069454073906,
            0.9987984299659729,
            0.0
          ],
          [
            0.0,
            0.0,
            0.0,
            1.0
          ]
        ],
        "rotation_mode": "QUATERNION"
      },
      "armature_space": {
        "head": {
          "x": 0.0,
          "y": 0.07072800397872925,
          "z": -0.009595036506652832
        },
        "tail": {
          "x": 0.002178311115130782,
          "y": 0.0004174560308456421,
          "z": 0.002496166154742241
        }
      },
      "world_space": {
        "head": {
          "x": 0.0,
          "y": 0.13397200405597687,
          "z": 0.9402589797973633
        },
        "tail": {
          "x": 0.002178311115130782,
          "y": 0.06366145610809326,
          "z": 0.9523501992225647
        },
        "rotation_quaternion": {
          "w": 0.08527614921331406,
          "x": 0.9961056709289551,
          "y": 0.013809634372591972,
          "z": -0.017631886526942253
        },
        "matrix": [
          [
            0.9989967942237854,
            0.030518872663378716,
            -0.032771166414022446,
            0.0
          ],
          [
            0.024504538625478745,
            -0.985074520111084,
            -0.17037555575370789,
            0.13397200405597687
          ],
          [
            -0.037481945008039474,
            0.16940182447433472,
            -0.9848411679267883,
            0.9402589797973633
          ],
          [
            0.0,
            0.0,
            0.0,
            1.0
          ]
        ]
      },
      "bone_length_armature_space": 0.07137587551391959,
      "parent": null,
      "has_children": true,
      "is_end_bone": false
    },
    "spine_01": {
      "name": "spine_01",
      "local": {
        "location": {
          "x": 0.0,
          "y": 0.0,
          "z": 0.0
        },
        "rotation_quaternion": {
          "w": 0.9971529245376587,
          "x": 0.0468839630484581,
          "y": 0.01708633080124855,
          "z": 0.05653473734855652
        },
        "scale": {
          "x": 1.0,
          "y": 1.0,
          "z": 1.0
        },
        "matrix_basis": [
          [
            0.9930237531661987,
            -0.11114540696144104,
            0.03937651589512825,
            0.0
          ],
          [
            0.11434970796108246,
            0.9892114400863647,
            -0.09156902134418488,
            0.0
          ],
          [
            -0.02877422422170639,
            0.09543290734291077,
            0.9950199127197266,
            0.0
          ],
          [
            0.0,
            0.0,
            0.0,
            1.0
          ]
        ],
        "rotation_mode": "QUATERNION"
      },
      "armature_space": {
        "head": {
          "x": 0.002178311115130782,
          "y": 0.0004174560308456421,
          "z": 0.002496166154742241
        },
        "tail": {
          "x": -0.03367031738162041,
          "y": -0.007212420925498009,
          "z": 0.48912250995635986
        }
      },
      "world_space": {
        "head": {
          "x": 0.002178311115130782,
          "y": 0.06366145610809326,
          "z": 0.9523501992225647
        },
        "tail": {
          "x": -0.03367031738162041,
          "y": 0.05603157728910446,
          "z": 1.438976526260376
        },
        "rotation_quaternion": {
          "w": 0.7015464901924133,
          "x": 0.7109644412994385,
          "y": -0.0038546554278582335,
          "z": 0.04844944179058075
        },
        "matrix": [
          [
            0.9952755570411682,
            -0.07346011698246002,
            0.06348266452550888,
            0.002178311115130782
          ],
          [
            0.06249750405550003,
            -0.01563495397567749,
            -0.9979227781295776,
            0.06366145610809326
          ],
          [
            0.07430066168308258,
            0.9971826672554016,
            -0.010971002280712128,
            0.9523501992225647
          ],
          [
            0.0,
            0.0,
            0.0,
            1.0
          ]
        ]
      },
      "bone_length_armature_space": 0.4880046667020832,
      "parent": "Root",
      "has_children": true,
      "is_end_bone": false
    },
    "neck_01": {
      "name": "neck_01",
      "local": {
        "location": {
          "x": 0.0,
          "y": 0.0,
          "z": 0.0
        },
        "rotation_quaternion": {
          "w": 0.9976916313171387,
          "x": 0.043261267244815826,
          "y": -0.05077794939279556,
          "z": -0.012715938501060009
        },
        "scale": {
          "x": 1.0,
          "y": 1.0,
          "z": 1.0
        },
        "matrix_basis": [
          [
            0.994519829750061,
            0.020979734137654305,
            -0.10242168605327606,
            0.0
          ],
          [
            -0.029766608029603958,
            0.9959335327148438,
            -0.0850314274430275,
            0.0
          ],
          [
            0.10022125393152237,
            0.08761418610811234,
            0.9911001324653625,
            0.0
          ],
          [
            0.0,
            0.0,
            0.0,
            1.0
          ]
        ],
        "rotation_mode": "QUATERNION"
      },
      "armature_space": {
        "head": {
          "x": -0.036847345530986786,
          "y": -0.042965590953826904,
          "z": 0.5617542266845703
        },
        "tail": {
          "x": -0.03841955214738846,
          "y": -0.09125956892967224,
          "z": 0.6521751880645752
        }
      },
      "world_space": {
        "head": {
          "x": -0.036847345530986786,
          "y": 0.020278409123420715,
          "z": 1.5116082429885864
        },
        "tail": {
          "x": -0.03841955214738846,
          "y": -0.02801556885242462,
          "z": 1.6020292043685913
        },
        "rotation_quaternion": {
          "w": 0.5141638517379761,
          "x": 0.8576288223266602,
          "y": -0.01019834354519844,
          "z": -0.0020979330874979496
        },
        "matrix": [
          [
            0.9997831583023071,
            -0.015335418283939362,
            -0.014085792005062103,
            -0.036847345530986786
          ],
          [
            -0.019650228321552277,
            -0.47106271982192993,
            -0.8818811178207397,
            0.020278409123420715
          ],
          [
            0.006888769567012787,
            0.8819722533226013,
            -0.471265971660614,
            1.5116082429885864
          ],
          [
            0.0,
            0.0,
            0.0,
            1.0
          ]
        ]
      },
      "bone_length_armature_space": 0.10252185455110881,
      "parent": "spine_01",
      "has_children": true,
      "is_end_bone": false
    },
    "head": {
      "name": "head",
      "local": {
        "location": {
          "x": 0.0,
          "y": 0.0,
          "z": 0.0
        },
        "rotation_quaternion": {
          "w": 0.9789810180664062,
          "x": -0.1097923219203949,
          "y": 0.1657779961824417,
          "z": -0.04538369178771973
        },
        "scale": {
          "x": 1.0,
          "y": 1.0,
          "z": 1.0
        },
        "matrix_basis": [
          [
            0.9409159421920776,
            0.05245724320411682,
            0.3345525860786438,
            0.0
          ],
          [
            -0.1252618432044983,
            0.9717719554901123,
            0.19992196559906006,
            0.0
          ],
          [
            -0.3146214485168457,
            -0.23001644015312195,
            0.9209266304969788,
            0.0
          ],
          [
            0.0,
            0.0,
            0.0,
            1.0
          ]
        ],
        "rotation_mode": "QUATERNION"
      },
      "armature_space": {
        "head": {
          "x": -0.03841955587267876,
          "y": -0.0912596732378006,
          "z": 0.6521750688552856
        },
        "tail": {
          "x": -0.030994979664683342,
          "y": -0.07418456673622131,
          "z": 0.806144654750824
        }
      },
      "world_space": {
        "head": {
          "x": -0.03841955587267876,
          "y": -0.02801567316055298,
          "z": 1.6020290851593018
        },
        "tail": {
          "x": -0.030994979664683342,
          "y": -0.010940566658973694,
          "z": 1.7559986114501953
        },
        "rotation_quaternion": {
          "w": 0.7329061031341553,
          "x": 0.6612119674682617,
          "y": 0.13378088176250458,
          "z": 0.08803476393222809
        },
        "matrix": [
          [
            0.94870525598526,
            0.047872625291347504,
            0.31251659989356995,
            -0.03841955587267876
          ],
          [
            0.3059571385383606,
            0.11009790748357773,
            -0.9456581473350525,
            -0.02801567316055298
          ],
          [
            -0.07967878878116608,
            0.9927743673324585,
            0.08980324119329453,
            1.6020290851593018
          ],
          [
            0.0,
            0.0,
            0.0,
            1.0
          ]
        ]
      },
      "bone_length_armature_space": 0.1550913188825802,
      "parent": "neck_01",
      "has_children": false,
      "is_end_bone": true
    },
    "upperarm_l": {
      "name": "upperarm_l",
      "local": {
        "location": {
          "x": 0.0,
          "y": 0.0,
          "z": 0.0
        },
        "rotation_quaternion": {
          "w": 0.8505280017852783,
          "x": 0.5219011902809143,
          "y": 0.05797331780195236,
          "z": 0.029331764206290245
        },
        "scale": {
          "x": 1.0,
          "y": 1.0,
          "z": 1.0
        },
        "matrix_basis": [
          [
            0.9915574789047241,
            0.010617713443934917,
            0.12923242151737213,
            0.0
          ],
          [
            0.11040765792131424,
            0.4535175859928131,
            -0.8843822479248047,
            0.0
          ],
          [
            -0.06799929589033127,
            0.8911840915679932,
            0.44851648807525635,
            0.0
          ],
          [
            0.0,
            0.0,
            0.0,
            1.0
          ]
        ],
        "rotation_mode": "QUATERNION"
      },
      "armature_space": {
        "head": {
          "x": 0.11758353561162949,
          "y": -0.035722676664590836,
          "z": 0.5058459043502808
        },
        "tail": {
          "x": 0.2632043957710266,
          "y": -0.2606316804885864,
          "z": 0.5015847086906433
        }
      },
      "world_space": {
        "head": {
          "x": 0.11758353561162949,
          "y": 0.027521323412656784,
          "z": 1.4556999206542969
        },
        "tail": {
          "x": 0.2632043957710266,
          "y": -0.1973876804113388,
          "z": 1.4514386653900146
        },
        "rotation_quaternion": {
          "w": 0.1743948608636856,
          "x": 0.7384182810783386,
          "y": 0.22345495223999023,
          "z": -0.611876368522644
        },
        "matrix": [
          [
            0.1513499617576599,
            0.5434233546257019,
            -0.8257021903991699,
            0.11758353561162949
          ],
          [
            0.11659018695354462,
            -0.8393083810806274,
            -0.5310072302818298,
            0.027521323412656784
          ],
          [
            -0.9815871119499207,
            -0.015901746228337288,
            -0.19038888812065125,
            1.4556999206542969
          ],
          [
            0.0,
            0.0,
            0.0,
            1.0
          ]
        ]
      },
      "bone_length_armature_space": 0.2679695009433463,
      "parent": "spine_01",
      "has_children": true,
      "is_end_bone": false
    },
    "lowerarm_l": {
      "name": "lowerarm_l",
      "local": {
        "location": {
          "x": 0.0,
          "y": 0.0,
          "z": 0.0
        },
        "rotation_quaternion": {
          "w": 0.9770228266716003,
          "x": 0.08010121434926987,
          "y": 0.06782401353120804,
          "z": -0.18549959361553192
        },
        "scale": {
          "x": 1.0,
          "y": 1.0,
          "z": 1.0
        },
        "matrix_basis": [
          [
            0.9219796061515808,
            0.3733402490615845,
            0.1028137356042862,
            0.0
          ],
          [
            -0.35160911083221436,
            0.9183474183082581,
            -0.18168407678604126,
            0.0
          ],
          [
            -0.16224870085716248,
            0.1313587725162506,
            0.977967381477356,
            0.0
          ],
          [
            0.0,
            0.0,
            0.0,
            1.0
          ]
        ],
        "rotation_mode": "QUATERNION"
      },
      "armature_space": {
        "head": {
          "x": 0.2632043659687042,
          "y": -0.260631799697876,
          "z": 0.5015848278999329
        },
        "tail": {
          "x": 0.343788206577301,
          "y": -0.497922420501709,
          "z": 0.4079422652721405
        }
      },
      "world_space": {
        "head": {
          "x": 0.2632043659687042,
          "y": -0.19738779962062836,
          "z": 1.4514389038085938
        },
        "tail": {
          "x": 0.343788206577301,
          "y": -0.43467843532562256,
          "z": 1.357796311378479
        },
        "rotation_quaternion": {
          "w": 0.030824512243270874,
          "x": -0.7237032055854797,
          "y": -0.23570378124713898,
          "z": 0.6478790640830994
        },
        "matrix": [
          [
            0.049392715096473694,
            0.30122047662734985,
            -0.9522743225097656,
            0.2632043659687042
          ],
          [
            0.3811003267765045,
            -0.8869866132736206,
            -0.2608020305633545,
            -0.19738779962062836
          ],
          [
            -0.9232195019721985,
            -0.35003361105918884,
            -0.15860721468925476,
            1.4514389038085938
          ],
          [
            0.0,
            0.0,
            0.0,
            1.0
          ]
        ]
      },
      "bone_length_armature_space": 0.267524808771871,
      "parent": "upperarm_l",
      "has_children": true,
      "is_end_bone": false
    },
    "metacarpal_thumb_l": {
      "name": "metacarpal_thumb_l",
      "local": {
        "location": {
          "x": 0.0,
          "y": 0.0,
          "z": 0.0
        },
        "rotation_quaternion": {
          "w": 0.9997885823249817,
          "x": -0.0187185388058424,
          "y": 0.008024769835174084,
          "z": 0.002852665726095438
        },
        "scale": {
          "x": 1.0,
          "y": 1.0,
          "z": 1.0
        },
        "matrix_basis": [
          [
            0.9998549222946167,
            -0.0060045490972697735,
            0.01593935117125511,
            0.0
          ],
          [
            0.005403701215982437,
            0.999282956123352,
            0.037474945187568665,
            0.0
          ],
          [
            -0.016152942553162575,
            -0.03738337755203247,
            0.9991704225540161,
            0.0
          ],
          [
            0.0,
            0.0,
            0.0,
            1.0
          ]
        ],
        "rotation_mode": "QUATERNION"
      },
      "armature_space": {
        "head": {
          "x": 0.343788206577301,
          "y": -0.497922420501709,
          "z": 0.4079422652721405
        },
        "tail": {
          "x": 0.32790982723236084,
          "y": -0.537611186504364,
          "z": 0.3829168379306793
        }
      },
      "world_space": {
        "head": {
          "x": 0.343788206577301,
          "y": -0.43467843532562256,
          "z": 1.357796311378479
        },
        "tail": {
          "x": 0.32790982723236084,
          "y": -0.4743672013282776,
          "z": 1.332770824432373
        },
        "rotation_quaternion": {
          "w": 0.2701314389705658,
          "x": -0.9487425684928894,
          "y": 0.162495419383049,
          "z": 0.022627703845500946
        },
        "matrix": [
          [
            0.9461663365364075,
            -0.320557564496994,
            0.04485525190830231,
            0.343788206577301
          ],
          [
            -0.29610827565193176,
            -0.8012487292289734,
            0.5199236869812012,
            -0.43467843532562256
          ],
          [
            -0.13072650134563446,
            -0.5052204132080078,
            -0.8530396819114685,
            1.357796311378479
          ],
          [
            0.0,
            0.0,
            0.0,
            1.0
          ]
        ]
      },
      "bone_length_armature_space": 0.04953375688911685,
      "parent": "lowerarm_l",
      "has_children": true,
      "is_end_bone": false
    },
    "thumb_01_l": {
      "name": "thumb_01_l",
      "local": {
        "location": {
          "x": 0.0,
          "y": 0.0,
          "z": 0.0
        },
        "rotation_quaternion": {
          "w": 0.960629940032959,
          "x": 0.27743300795555115,
          "y": -0.012151522561907768,
          "z": -0.008575248531997204
        },
        "scale": {
          "x": 1.0,
          "y": 1.0,
          "z": 1.0
        },
        "matrix_basis": [
          [
            0.999557614326477,
            0.009732814505696297,
            -0.028104346245527267,
            0.0
          ],
          [
            -0.02321774698793888,
            0.8459147810935974,
            -0.5328124761581421,
            0.0
          ],
          [
            0.018588118255138397,
            0.5332292914390564,
            0.845766544342041,
            0.0
          ],
          [
            0.0,
            0.0,
            0.0,
            1.0
          ]
        ],
        "rotation_mode": "QUATERNION"
      },
      "armature_space": {
        "head": {
          "x": 0.32790982723236084,
          "y": -0.537611186504364,
          "z": 0.3829168379306793
        },
        "tail": {
          "x": 0.3360176086425781,
          "y": -0.5467464923858643,
          "z": 0.3511449992656708
        }
      },
      "world_space": {
        "head": {
          "x": 0.32790982723236084,
          "y": -0.4743672013282776,
          "z": 1.332770824432373
        },
        "tail": {
          "x": 0.3360176086425781,
          "y": -0.48350250720977783,
          "z": 1.3009990453720093
        },
        "rotation_quaternion": {
          "w": 0.4400802552700043,
          "x": -0.42637768387794495,
          "y": 0.41489580273628235,
          "z": -0.6726016402244568
        },
        "matrix": [
          [
            -0.24906215071678162,
            0.23819378018379211,
            0.9387394189834595,
            0.32790982723236084
          ],
          [
            -0.9458023309707642,
            -0.2683815360069275,
            -0.1828376054763794,
            -0.4743672013282776
          ],
          [
            0.20839010179042816,
            -0.9334064722061157,
            0.2921296954154968,
            1.332770824432373
          ],
          [
            0.0,
            0.0,
            0.0,
            1.0
          ]
        ]
      },
      "bone_length_armature_space": 0.034038796146580626,
      "parent": "metacarpal_thumb_l",
      "has_children": true,
      "is_end_bone": false
    },
    "thumb_02_l": {
      "name": "thumb_02_l",
      "local": {
        "location": {
          "x": 0.0,
          "y": 0.0,
          "z": 0.0
        },
        "rotation_quaternion": {
          "w": 0.8997586965560913,
          "x": 0.4363045394420624,
          "y": -0.008240600116550922,
          "z": -0.002156468341127038
        },
        "scale": {
          "x": 1.0,
          "y": 1.0,
          "z": 1.0
        },
        "matrix_basis": [
          [
            0.9998548626899719,
            -0.003310220083221793,
            -0.016710856929421425,
            0.0
          ],
          [
            -0.011071424931287766,
            0.6192674040794373,
            -0.7851020693778992,
            0.0
          ],
          [
            0.012947349809110165,
            0.7851731777191162,
            0.6191408634185791,
            0.0
          ],
          [
            0.0,
            0.0,
            0.0,
            1.0
          ]
        ],
        "rotation_mode": "QUATERNION"
      },
      "armature_space": {
        "head": {
          "x": 0.33601757884025574,
          "y": -0.5467464923858643,
          "z": 0.35114502906799316
        },
        "tail": {
          "x": 0.35293832421302795,
          "y": -0.5707215070724487,
          "z": 0.3785690367221832
        }
      },
      "world_space": {
        "head": {
          "x": 0.33601757884025574,
          "y": -0.48350250720977783,
          "z": 1.3009990453720093
        },
        "tail": {
          "x": 0.35293832421302795,
          "y": -0.5074775218963623,
          "z": 1.328423023223877
        },
        "rotation_quaternion": {
          "w": 0.26652616262435913,
          "x": 0.07390779256820679,
          "y": -0.3612515926361084,
          "z": -0.8905048370361328
        },
        "matrix": [
          [
            -0.847002387046814,
            0.4212872087955475,
            -0.32419735193252563,
            0.33601757884025574
          ],
          [
            -0.5280850529670715,
            -0.5969218611717224,
            0.6039956212043762,
            -0.48350250720977783
          ],
          [
            0.06093509495258331,
            0.6827936768531799,
            0.7280751466751099,
            1.3009990453720093
          ],
          [
            0.0,
            0.0,
            0.0,
            1.0
          ]
        ]
      },
      "bone_length_armature_space": 0.040164526329328494,
      "parent": "thumb_01_l",
      "has_children": true,
      "is_end_bone": false
    },
    "thumb_03_l": {
      "name": "thumb_03_l",
      "local": {
        "location": {
          "x": 0.0,
          "y": 0.0,
          "z": 0.0
        },
        "rotation_quaternion": {
          "w": 0.9911283254623413,
          "x": 0.1328490525484085,
          "y": -0.0009707793942652643,
          "z": -0.0038675679825246334
        },
        "scale": {
          "x": 1.0,
          "y": 1.0,
          "z": 1.0
        },
        "matrix_basis": [
          [
            0.9999681711196899,
            0.00740857794880867,
            -0.002951939357444644,
            0.0
          ],
          [
            -0.00792444683611393,
            0.964672327041626,
            -0.26333341002464294,
            0.0
          ],
          [
            0.0008967284229584038,
            0.26334843039512634,
            0.9647004008293152,
            0.0
          ],
          [
            0.0,
            0.0,
            0.0,
            1.0
          ]
        ],
        "rotation_mode": "QUATERNION"
      },
      "armature_space": {
        "head": {
          "x": 0.35293829441070557,
          "y": -0.5707215666770935,
          "z": 0.37856894731521606
        },
        "tail": {
          "x": 0.3603720963001251,
          "y": -0.5765940546989441,
          "z": 0.40750259160995483
        }
      },
      "world_space": {
        "head": {
          "x": 0.35293829441070557,
          "y": -0.5074775815010071,
          "z": 1.328423023223877
        },
        "tail": {
          "x": 0.3603720963001251,
          "y": -0.5133500695228577,
          "z": 1.3573565483093262
        },
        "rotation_quaternion": {
          "w": 0.37337419390678406,
          "x": 0.2841559946537018,
          "y": -0.5139523148536682,
          "z": -0.7181227803230286
        },
        "matrix": [
          [
            -0.5596933960914612,
            0.2441723793745041,
            -0.7919110059738159,
            0.35293829441070557
          ],
          [
            -0.8283427357673645,
            -0.19288894534111023,
            0.5259681344032288,
            -0.5074775815010071
          ],
          [
            -0.02432481199502945,
            0.9503609538078308,
            0.3102196156978607,
            1.328423023223877
          ],
          [
            0.0,
            0.0,
            0.0,
            1.0
          ]
        ]
      },
      "bone_length_armature_space": 0.030445086927642216,
      "parent": "thumb_02_l",
      "has_children": false,
      "is_end_bone": true
    },
    "metacarpal_index_l": {
      "name": "metacarpal_index_l",
      "local": {
        "location": {
          "x": 0.0,
          "y": 0.0,
          "z": 0.0
        },
        "rotation_quaternion": {
          "w": 0.9997998476028442,
          "x": 0.008788994513452053,
          "y": -0.017299089580774307,
          "z": -0.004877796396613121
        },
        "scale": {
          "x": 1.0,
          "y": 1.0,
          "z": 1.0
        },
        "matrix_basis": [
          [
            0.9993538856506348,
            0.009449557401239872,
            -0.03467699512839317,
            0.0
          ],
          [
            -0.01005772314965725,
            0.9997979402542114,
            -0.017405707389116287,
            0.0
          ],
          [
            0.034505512565374374,
            0.01774323359131813,
            0.9992470145225525,
            0.0
          ],
          [
            0.0,
            0.0,
            0.0,
            1.0
          ]
        ],
        "rotation_mode": "QUATERNION"
      },
      "armature_space": {
        "head": {
          "x": 0.343788206577301,
          "y": -0.497922420501709,
          "z": 0.4079422652721405
        },
        "tail": {
          "x": 0.34339526295661926,
          "y": -0.6028000116348267,
          "z": 0.3556947708129883
        }
      },
      "world_space": {
        "head": {
          "x": 0.343788206577301,
          "y": -0.43467843532562256,
          "z": 1.357796311378479
        },
        "tail": {
          "x": 0.34339526295661926,
          "y": -0.5395560264587402,
          "z": 1.3055487871170044
        },
        "rotation_quaternion": {
          "w": 0.21897678077220917,
          "x": -0.928447425365448,
          "y": -0.0671672523021698,
          "z": 0.2924436330795288
        },
        "matrix": [
          [
            0.8199306726455688,
            -0.0033536888659000397,
            -0.5724528431892395,
            0.343788206577301
          ],
          [
            0.2527991533279419,
            -0.8950760960578918,
            0.3673306703567505,
            -0.43467843532562256
          ],
          [
            -0.5136240720748901,
            -0.4459051787853241,
            -0.7330572605133057,
            1.357796311378479
          ],
          [
            0.0,
            0.0,
            0.0,
            1.0
          ]
        ]
      },
      "bone_length_armature_space": 0.11717194231701454,
      "parent": "lowerarm_l",
      "has_children": true,
      "is_end_bone": false
    },
    "index_01_l": {
      "name": "index_01_l",
      "local": {
        "location": {
          "x": 0.0,
          "y": 0.0,
          "z": 0.0
        },
        "rotation_quaternion": {
          "w": 0.9406157732009888,
          "x": 0.338282972574234,
          "y": 0.017839206382632256,
          "z": 0.02209939993917942
        },
        "scale": {
          "x": 1.0,
          "y": 1.0,
          "z": 1.0
        },
        "matrix_basis": [
          [
            0.9983867406845093,
            -0.02950468845665455,
            0.04851137846708298,
            0.0
          ],
          [
            0.05364348739385605,
            0.7701525092124939,
            -0.6356001496315002,
            0.0
          ],
          [
            -0.01860797591507435,
            0.637177050113678,
            0.7704927921295166,
            0.0
          ],
          [
            0.0,
            0.0,
            0.0,
            1.0
          ]
        ],
        "rotation_mode": "QUATERNION"
      },
      "armature_space": {
        "head": {
          "x": 0.34339526295661926,
          "y": -0.6028000116348267,
          "z": 0.3556947708129883
        },
        "tail": {
          "x": 0.341064989566803,
          "y": -0.6157898902893066,
          "z": 0.33041808009147644
        }
      },
      "world_space": {
        "head": {
          "x": 0.34339526295661926,
          "y": -0.5395560264587402,
          "z": 1.3055487871170044
        },
        "tail": {
          "x": 0.341064989566803,
          "y": -0.5525459051132202,
          "z": 1.280272126197815
        },
        "rotation_quaternion": {
          "w": 0.5055538415908813,
          "x": -0.8037658333778381,
          "y": -0.1289871335029602,
          "z": 0.28589895367622375
        },
        "matrix": [
          [
            0.8032487630844116,
            -0.08172312378883362,
            -0.5900107622146606,
            0.34339526295661926
          ],
          [
            0.49642494320869446,
            -0.4555562138557434,
            0.7389392852783203,
            -0.5395560264587402
          ],
          [
            -0.3291732966899872,
            -0.8864546418190002,
            -0.3253571689128876,
            1.3055487871170044
          ],
          [
            0.0,
            0.0,
            0.0,
            1.0
          ]
        ]
      },
      "bone_length_armature_space": 0.028514526446545875,
      "parent": "metacarpal_index_l",
      "has_children": true,
      "is_end_bone": false
    },
    "index_02_l": {
      "name": "index_02_l",
      "local": {
        "location": {
          "x": 0.0,
          "y": 0.0,
          "z": 0.0
        },
        "rotation_quaternion": {
          "w": 0.9069677591323853,
          "x": 0.4211713373661041,
          "y": 0.0043502748012542725,
          "z": 0.002324276138097048
        },
        "scale": {
          "x": 1.0,
          "y": 1.0,
          "z": 1.0
        },
        "matrix_basis": [
          [
            0.9999513626098633,
            -0.0005516649107448757,
            0.00984895508736372,
            0.0
          ],
          [
            0.00788050889968872,
            0.6452186107635498,
            -0.7639574408531189,
            0.0
          ],
          [
            -0.005933281034231186,
            0.7639978528022766,
            0.6451915502548218,
            0.0
          ],
          [
            0.0,
            0.0,
            0.0,
            1.0
          ]
        ],
        "rotation_mode": "QUATERNION"
      },
      "armature_space": {
        "head": {
          "x": 0.34106457233428955,
          "y": -0.6157899498939514,
          "z": 0.3304177224636078
        },
        "tail": {
          "x": 0.3278422951698303,
          "y": -0.6100120544433594,
          "z": 0.3092072606086731
        }
      },
      "world_space": {
        "head": {
          "x": 0.34106457233428955,
          "y": -0.552545964717865,
          "z": 1.2802717685699463
        },
        "tail": {
          "x": 0.3278422951698303,
          "y": -0.546768069267273,
          "z": 1.259061336517334
        },
        "rotation_quaternion": {
          "w": 0.7825298309326172,
          "x": -0.5212530493736267,
          "y": -0.016193712130188942,
          "z": 0.34011778235435486
        },
        "matrix": [
          [
            0.7681140899658203,
            -0.5154229402542114,
            -0.37992095947265625,
            0.34106457233428955
          ],
          [
            0.5491887927055359,
            0.2252293825149536,
            0.8047757148742676,
            -0.552545964717865
          ],
          [
            -0.32923224568367004,
            -0.8268133401870728,
            0.4560701549053192,
            1.2802717685699463
          ],
          [
            0.0,
            0.0,
            0.0,
            1.0
          ]
        ]
      },
      "bone_length_armature_space": 0.025653389355996124,
      "parent": "index_01_l",
      "has_children": true,
      "is_end_bone": false
    },
    "index_03_l": {
      "name": "index_03_l",
      "local": {
        "location": {
          "x": 0.0,
          "y": 0.0,
          "z": 0.0
        },
        "rotation_quaternion": {
          "w": 0.9241710901260376,
          "x": 0.38194888830184937,
          "y": 0.0037253634072840214,
          "z": -0.0029983599670231342
        },
        "scale": {
          "x": 1.0,
          "y": 1.0,
          "z": 1.0
        },
        "matrix_basis": [
          [
            0.9999542832374573,
            0.0083877919241786,
            0.004595305770635605,
            0.0
          ],
          [
            -0.0026961984112858772,
            0.70821213722229,
            -0.7059946060180664,
            0.0
          ],
          [
            -0.009176187217235565,
            0.7059499025344849,
            0.7082023620605469,
            0.0
          ],
          [
            0.0,
            0.0,
            0.0,
            1.0
          ]
        ],
        "rotation_mode": "QUATERNION"
      },
      "armature_space": {
        "head": {
          "x": 0.3278423249721527,
          "y": -0.6100122332572937,
          "z": 0.3092072010040283
        },
        "tail": {
          "x": 0.31249845027923584,
          "y": -0.5859668254852295,
          "z": 0.30287349224090576
        }
      },
      "world_space": {
        "head": {
          "x": 0.3278423249721527,
          "y": -0.5467682480812073,
          "z": 1.2590612173080444
        },
        "tail": {
          "x": 0.31249845027923584,
          "y": -0.5227228403091431,
          "z": 1.2527275085449219
        },
        "rotation_quaternion": {
          "w": 0.9477227926254272,
          "x": -0.14590953290462494,
          "y": 0.11530299484729767,
          "z": 0.25930124521255493
        },
        "matrix": [
          [
            0.8389361500740051,
            -0.5251390933990479,
            0.14288100600242615,
            0.3278423249721527
          ],
          [
            0.457844078540802,
            0.8229464292526245,
            0.3363606631755829,
            -0.5467682480812073
          ],
          [
            -0.2942211925983429,
            -0.21676874160766602,
            0.9308380484580994,
            1.2590612173080444
          ],
          [
            0.0,
            0.0,
            0.0,
            1.0
          ]
        ]
      },
      "bone_length_armature_space": 0.029218692631369544,
      "parent": "index_02_l",
      "has_children": false,
      "is_end_bone": true
    },
    "metacarpal_pinky_l": {
      "name": "metacarpal_pinky_l",
      "local": {
        "location": {
          "x": 0.0,
          "y": 0.0,
          "z": 0.0
        },
        "rotation_quaternion": {
          "w": 0.9985160827636719,
          "x": -0.05145048722624779,
          "y": -0.00927011203020811,
          "z": 0.015252601355314255
        },
        "scale": {
          "x": 1.0,
          "y": 1.0,
          "z": 1.0
        },
        "matrix_basis": [
          [
            0.9993628263473511,
            -0.029506031423807144,
            -0.020082218572497368,
            0.0
          ],
          [
            0.031413838267326355,
            0.994240403175354,
            0.10246548801660538,
            0.0
          ],
          [
            0.016943205147981644,
            -0.10303106158971786,
            0.9945338368415833,
            0.0
          ],
          [
            0.0,
            0.0,
            0.0,
            1.0
          ]
        ],
        "rotation_mode": "QUATERNION"
      },
      "armature_space": {
        "head": {
          "x": 0.343788206577301,
          "y": -0.497922420501709,
          "z": 0.4079422652721405
        },
        "tail": {
          "x": 0.4086727201938629,
          "y": -0.5703173279762268,
          "z": 0.37062984704971313
        }
      },
      "world_space": {
        "head": {
          "x": 0.343788206577301,
          "y": -0.43467843532562256,
          "z": 1.357796311378479
        },
        "tail": {
          "x": 0.4086727201938629,
          "y": -0.5070733428001404,
          "z": 1.320483922958374
        },
        "rotation_quaternion": {
          "w": 0.29152533411979675,
          "x": 0.18802908062934875,
          "y": 0.25961029529571533,
          "z": -0.9012549519538879
        },
        "matrix": [
          [
            -0.759316086769104,
            0.623106062412262,
            -0.18755725026130676,
            0.343788206577301
          ],
          [
            -0.42785000801086426,
            -0.6952307820320129,
            -0.5775802135467529,
            -0.43467843532562256
          ],
          [
            -0.490293025970459,
            -0.35832273960113525,
            0.7945008873939514,
            1.357796311378479
          ],
          [
            0.0,
            0.0,
            0.0,
            1.0
          ]
        ]
      },
      "bone_length_armature_space": 0.1041308739506628,
      "parent": "lowerarm_l",
      "has_children": true,
      "is_end_bone": false
    },
    "pinky_01_l": {
      "name": "pinky_01_l",
      "local": {
        "location": {
          "x": 0.0,
          "y": 0.0,
          "z": 0.0
        },
        "rotation_quaternion": {
          "w": 0.943990170955658,
          "x": 0.3295273184776306,
          "y": 0.008821533061563969,
          "z": 0.014720190316438675
        },
        "scale": {
          "x": 1.0,
          "y": 1.0,
          "z": 1.0
        },
        "matrix_basis": [
          [
            0.9994109869003296,
            -0.021977556869387627,
            0.026356291025877,
            0.0
          ],
          [
            0.03360530361533165,
            0.7823901176452637,
            -0.621881365776062,
            0.0
          ],
          [
            -0.006953471340239048,
            0.6224008202552795,
            0.782667875289917,
            0.0
          ],
          [
            0.0,
            0.0,
            0.0,
            1.0
          ]
        ],
        "rotation_mode": "QUATERNION"
      },
      "armature_space": {
        "head": {
          "x": 0.4086727201938629,
          "y": -0.5703173279762268,
          "z": 0.37062984704971313
        },
        "tail": {
          "x": 0.413149893283844,
