{
  "metadata": {
    "armature_name": "KIM_caucasian_male",
    "export_time": "2026-01-13T21:04:41.244992",
    "blender_version": "4.4.1",
    "bone_count": 56,
    "end_bone_count": 13,
    "spaces_included": [
      "LOCAL_CHANNELS",
      "ARMATURE_SPACE",
      "WORLD_SPACE"
    ],
    "note": "LOCAL matches Transform panel; replay pose via local.matrix_basis for best fidelity."
  },
  "bones": {
    "Root": {
      "name": "Root",
      "local": {
        "location": {
          "x": 0.0,
          "y": 0.0,
          "z": 0.0
        },
        "rotation_quaternion": {
          "w": 0.9997985363006592,
          "x": 0.006789812818169594,
          "y": -0.009588394314050674,
          "z": -0.016279539093375206
        },
        "scale": {
          "x": 1.0,
          "y": 1.0,
          "z": 1.0
        },
        "matrix_basis": [
          [
            0.9992860555648804,
            0.03242231160402298,
            -0.01939399540424347,
            0.0
          ],
          [
            -0.03268272429704666,
            0.9993777275085449,
            -0.013264700770378113,
            0.0
          ],
          [
            0.01895185559988022,
            0.013889078982174397,
            0.9997239112854004,
            0.0
          ],
          [
            0.0,
            0.0,
            0.0,
            1.0
          ]
        ],
        "rotation_mode": "QUATERNION"
      },
      "armature_space": {
        "head": {
          "x": 0.0,
          "y": 0.07072800397872925,
          "z": -0.009595036506652832
        },
        "tail": {
          "x": 0.002314170589670539,
          "y": -8.925795555114746e-05,
          "z": -0.0009883251041173935
        }
      },
      "world_space": {
        "head": {
          "x": 0.0,
          "y": 0.13397200405597687,
          "z": 0.9402589797973633
        },
        "tail": {
          "x": 0.002314170589670539,
          "y": 0.06315474212169647,
          "z": 0.9488657116889954
        },
        "rotation_quaternion": {
          "w": 0.060579683631658554,
          "x": 0.9979845285415649,
          "y": 0.015596605837345123,
          "z": -0.010663330554962158
        },
        "matrix": [
          [
            0.9992860555648804,
            0.03242231160402298,
            -0.01939399540424347,
            0.0
          ],
          [
            0.029838375747203827,
            -0.9921736717224121,
            -0.1212482750415802,
            0.13397200405597687
          ],
          [
            -0.0231734961271286,
            0.1205829307436943,
            -0.9924398064613342,
            0.9402589797973633
          ],
          [
            0.0,
            0.0,
            0.0,
            1.0
          ]
        ]
      },
      "bone_length_armature_space": 0.07137587400076832,
      "parent": null,
      "has_children": true,
      "is_end_bone": false
    },
    "spine_01": {
      "name": "spine_01",
      "local": {
        "location": {
          "x": 0.0,
          "y": 0.0,
          "z": 0.0
        },
        "rotation_quaternion": {
          "w": 0.9975670576095581,
          "x": 0.0426018089056015,
          "y": -0.02267374098300934,
          "z": -0.05031045526266098
        },
        "scale": {
          "x": 1.0,
          "y": 1.0,
          "z": 1.0
        },
        "matrix_basis": [
          [
            0.9939095377922058,
            0.09844422340393066,
            -0.04952378571033478,
            0.0
          ],
          [
            -0.102307990193367,
            0.9913079142570496,
            -0.08271487057209015,
            0.0
          ],
          [
            0.04095052182674408,
            0.08727777749300003,
            0.995341956615448,
            0.0
          ],
          [
            0.0,
            0.0,
            0.0,
            1.0
          ]
        ],
        "rotation_mode": "QUATERNION"
      },
      "armature_space": {
        "head": {
          "x": 0.002314170589670539,
          "y": -8.925795555114746e-05,
          "z": -0.0009883251041173935
        },
        "tail": {
          "x": 0.062349092215299606,
          "y": -0.02499971352517605,
          "z": 0.48266831040382385
        }
      },
      "world_space": {
        "head": {
          "x": 0.002314170589670539,
          "y": 0.06315474212169647,
          "z": 0.9488657116889954
        },
        "tail": {
          "x": 0.062349092215299606,
          "y": 0.03824428468942642,
          "z": 1.4325222969055176
        },
        "rotation_quaternion": {
          "w": 0.6878039240837097,
          "x": 0.7231998443603516,
          "y": 0.037452127784490585,
          "z": -0.05005154013633728
        },
        "matrix": [
          [
            0.9921844005584717,
            0.12302207201719284,
            -0.020874235779047012,
            0.002314170589670539
          ],
          [
            -0.014679741114377975,
            -0.05104588717222214,
            -0.998588502407074,
            0.06315474212169647
          ],
          [
            -0.12391483783721924,
            0.9910972118377686,
            -0.048842255026102066,
            0.9488657116889954
          ],
          [
            0.0,
            0.0,
            0.0,
            1.0
          ]
        ]
      },
      "bone_length_armature_space": 0.4880045809121991,
      "parent": "Root",
      "has_children": true,
      "is_end_bone": false
    },
    "neck_01": {
      "name": "neck_01",
      "local": {
        "location": {
          "x": 0.0,
          "y": 0.0,
          "z": 0.0
        },
        "rotation_quaternion": {
          "w": 0.9853098392486572,
          "x": -0.060133859515190125,
          "y": 0.07294537127017975,
          "z": 0.14222322404384613
        },
        "scale": {
          "x": 1.0,
          "y": 1.0,
          "z": 1.0
        },
        "matrix_basis": [
          [
            0.9489030838012695,
            -0.28904086351394653,
            0.12664271891117096,
            0.0
          ],
          [
            0.27149492502212524,
            0.9523129463195801,
            0.1392500251531601,
            0.0
          ],
          [
            -0.16085244715213776,
            -0.0977519154548645,
            0.9821257591247559,
            0.0
          ],
          [
            0.0,
            0.0,
            0.0,
            1.0
          ]
        ],
        "rotation_mode": "QUATERNION"
      },
      "armature_space": {
        "head": {
          "x": 0.07063265144824982,
          "y": -0.06336870789527893,
          "z": 0.5535410642623901
        },
        "tail": {
          "x": 0.052250273525714874,
          "y": -0.09547275304794312,
          "z": 0.6491557359695435
        }
      },
      "world_space": {
        "head": {
          "x": 0.07063265144824982,
          "y": -0.00012470781803131104,
          "z": 1.5033950805664062
        },
        "tail": {
          "x": 0.052250273525714874,
          "y": -0.032228752970695496,
          "z": 1.5990097522735596
        },
        "rotation_quaternion": {
          "w": 0.5837857127189636,
          "x": 0.8060426115989685,
          "y": -0.05120187997817993,
          "z": 0.08287376165390015
        },
        "matrix": [
          [
            0.9810207486152649,
            -0.17930293083190918,
            0.0738167017698288,
            0.07063265144824982
          ],
          [
            0.014218300580978394,
            -0.3131450414657593,
            -0.949599027633667,
            -0.00012470781803131104
          ],
          [
            0.19338256120681763,
            0.9326319098472595,
            -0.30465537309646606,
            1.5033950805664062
          ],
          [
            0.0,
            0.0,
            0.0,
            1.0
          ]
        ]
      },
      "bone_length_armature_space": 0.10252193211333095,
      "parent": "spine_01",
      "has_children": true,
      "is_end_bone": false
    },
    "head": {
      "name": "head",
      "local": {
        "location": {
          "x": 0.0,
          "y": 0.0,
          "z": 0.0
        },
        "rotation_quaternion": {
          "w": 0.9865546226501465,
          "x": -0.06482963263988495,
          "y": 0.056077990680933,
          "z": 0.1391485035419464
        },
        "scale": {
          "x": 1.0,
          "y": 1.0,
          "z": 1.0
        },
        "matrix_basis": [
          [
            0.9549859166145325,
            -0.2818262279033661,
            0.09260611236095428,
            0.0
          ],
          [
            0.2672841548919678,
            0.9528696537017822,
            0.14352227747440338,
            0.0
          ],
          [
            -0.12868990004062653,
            -0.11230961233377457,
            0.9853047728538513,
            0.0
          ],
          [
            0.0,
            0.0,
            0.0,
            1.0
          ]
        ],
        "rotation_mode": "QUATERNION"
      },
      "armature_space": {
        "head": {
          "x": 0.05225030332803726,
          "y": -0.09547288715839386,
          "z": 0.6491556167602539
        },
        "tail": {
          "x": -0.019382327795028687,
          "y": -0.07098838686943054,
          "z": 0.7845163345336914
        }
      },
      "world_space": {
        "head": {
          "x": 0.05225030332803726,
          "y": -0.03222888708114624,
          "z": 1.59900963306427
        },
        "tail": {
          "x": -0.019382327795028687,
          "y": -0.007744386792182922,
          "z": 1.7343703508377075
        },
        "rotation_quaternion": {
          "w": 0.7504687905311584,
          "x": 0.6157224178314209,
          "y": -0.12542957067489624,
          "z": 0.20481684803962708
        },
        "matrix": [
          [
            0.8846347332000732,
            -0.46187716722488403,
            0.06396079063415527,
            0.05225030332803726
          ],
          [
            0.15296046435832977,
            0.15787264704704285,
            -0.9755406975746155,
            -0.03222888708114624
          ],
          [
            0.4404854476451874,
            0.8727868795394897,
            0.21030911803245544,
            1.59900963306427
          ],
          [
            0.0,
            0.0,
            0.0,
            1.0
          ]
        ]
      },
      "bone_length_armature_space": 0.15509109710810906,
      "parent": "neck_01",
      "has_children": false,
      "is_end_bone": true
    },
    "upperarm_l": {
      "name": "upperarm_l",
      "local": {
        "location": {
          "x": 0.0,
          "y": 0.0,
          "z": 0.0
        },
        "rotation_quaternion": {
          "w": 0.9667086601257324,
          "x": 0.1720290184020996,
          "y": 0.07121075689792633,
          "z": -0.17552614212036133
        },
        "scale": {
          "x": 1.0,
          "y": 1.0,
          "z": 1.0
        },
        "matrix_basis": [
          [
            0.9282392263412476,
            0.3638659119606018,
            0.07728893309831619,
            0.0
          ],
          [
            -0.3148646354675293,
            0.8791931867599487,
            -0.357602596282959,
            0.0
          ],
          [
            -0.19807128608226776,
            0.30760517716407776,
            0.9306700825691223,
            0.0
          ],
          [
            0.0,
            0.0,
            0.0,
            1.0
          ]
        ],
        "rotation_mode": "QUATERNION"
      },
      "armature_space": {
        "head": {
          "x": 0.2111257165670395,
          "y": -0.06532461196184158,
          "z": 0.46818867325782776
        },
        "tail": {
          "x": 0.43123674392700195,
          "y": -0.13413715362548828,
          "z": 0.3317193388938904
        }
      },
      "world_space": {
        "head": {
          "x": 0.2111257165670395,
          "y": -0.0020806118845939636,
          "z": 1.4180426597595215
        },
        "tail": {
          "x": 0.43123674392700195,
          "y": -0.07089315354824066,
          "z": 1.2815732955932617
        },
        "rotation_quaternion": {
          "w": 0.22164234519004822,
          "x": 0.47574329376220703,
          "y": 0.5678718686103821,
          "z": -0.6340855956077576
        },
        "matrix": [
          [
            -0.4490838348865509,
            0.821403443813324,
            -0.351596474647522,
            0.2111257165670395
          ],
          [
            0.2592451870441437,
            -0.25679248571395874,
            -0.9310476779937744,
            -0.0020806118845939636
          ],
          [
            -0.8550588488578796,
            -0.509272038936615,
            -0.09762503951787949,
            1.4180426597595215
          ],
          [
            0.0,
            0.0,
            0.0,
            1.0
          ]
        ]
      },
      "bone_length_armature_space": 0.2679699783394356,
      "parent": "spine_01",
      "has_children": true,
      "is_end_bone": false
    },
    "lowerarm_l": {
      "name": "lowerarm_l",
      "local": {
        "location": {
          "x": 0.0,
          "y": 0.0,
          "z": 0.0
        },
        "rotation_quaternion": {
          "w": 0.9905779957771301,
          "x": 0.05789107456803322,
          "y": -0.04835386946797371,
          "z": -0.11430591344833374
        },
        "scale": {
          "x": 1.0,
          "y": 1.0,
          "z": 1.0
        },
        "matrix_basis": [
          [
            0.9691921472549438,
            0.2208593338727951,
            -0.10903114080429077,
            0.0
          ],
          [
            -0.2320563644170761,
            0.9671655893325806,
            -0.1036369800567627,
            0.0
          ],
          [
            0.08256197720766068,
            0.1257455199956894,
            0.9886210560798645,
            0.0
          ],
          [
            0.0,
            0.0,
            0.0,
            1.0
          ]
        ],
        "rotation_mode": "QUATERNION"
      },
      "armature_space": {
        "head": {
          "x": 0.4312368631362915,
          "y": -0.13413724303245544,
          "z": 0.33171939849853516
        },
        "tail": {
          "x": 0.5999627709388733,
          "y": -0.25705790519714355,
          "z": 0.1644117385149002
        }
      },
      "world_space": {
        "head": {
          "x": 0.4312368631362915,
          "y": -0.07089324295520782,
          "z": 1.2815734148025513
        },
        "tail": {
          "x": 0.5999627709388733,
          "y": -0.19381390511989594,
          "z": 1.1142657995224
        },
        "rotation_quaternion": {
          "w": 0.16773931682109833,
          "x": 0.38007280230522156,
          "y": 0.49206408858299255,
          "z": -0.7650365829467773
        },
        "matrix": [
          [
            -0.6548171043395996,
            0.6306933164596558,
            -0.41646167635917664,
            0.4312368631362915
          ],
          [
            0.11738436669111252,
            -0.45947450399398804,
            -0.8804000616073608,
            -0.07089324295520782
          ],
          [
            -0.7466211318969727,
            -0.625391960144043,
            0.2268390655517578,
            1.2815734148025513
          ],
          [
            0.0,
            0.0,
            0.0,
            1.0
          ]
        ]
      },
      "bone_length_armature_space": 0.26752527787082103,
      "parent": "upperarm_l",
      "has_children": true,
      "is_end_bone": false
    },
    "metacarpal_thumb_l": {
      "name": "metacarpal_thumb_l",
      "local": {
        "location": {
          "x": 0.0,
          "y": 0.0,
          "z": 0.0
        },
        "rotation_quaternion": {
          "w": 0.9999842643737793,
          "x": 0.0033049695193767548,
          "y": 0.00033327052369713783,
          "z": 0.004533541854470968
        },
        "scale": {
          "x": 1.0,
          "y": 1.0,
          "z": 1.0
        },
        "matrix_basis": [
          [
            0.9999586939811707,
            -0.00906473770737648,
            0.0006964969797991216,
            0.0
          ],
          [
            0.009069143794476986,
            0.9999370574951172,
            -0.006606813054531813,
            0.0
          ],
          [
            -0.00063656410202384,
            0.00661285687237978,
            0.9999779462814331,
            0.0
          ],
          [
            0.0,
            0.0,
            0.0,
            1.0
          ]
        ],
        "rotation_mode": "QUATERNION"
      },
      "armature_space": {
        "head": {
          "x": 0.5999627709388733,
          "y": -0.25705790519714355,
          "z": 0.1644117385149002
        },
        "tail": {
          "x": 0.605995237827301,
          "y": -0.29969173669815063,
          "z": 0.13992583751678467
        }
      },
      "world_space": {
        "head": {
          "x": 0.5999627709388733,
          "y": -0.19381390511989594,
          "z": 1.1142657995224
        },
        "tail": {
          "x": 0.605995237827301,
          "y": -0.23644773662090302,
          "z": 1.0897798538208008
        },
        "rotation_quaternion": {
          "w": 0.2108016312122345,
          "x": -0.8868972063064575,
          "y": -0.15877893567085266,
          "z": 0.37916386127471924
        },
        "matrix": [
          [
            0.6620479226112366,
            0.12178570032119751,
            -0.7395002245903015,
            0.5999627709388733
          ],
          [
            0.4414981007575989,
            -0.8607041239738464,
            0.25351083278656006,
            -0.19381390511989594
          ],
          [
            -0.6056209206581116,
            -0.49432849884033203,
            -0.6235998272895813,
            1.1142657995224
          ],
          [
            0.0,
            0.0,
            0.0,
            1.0
          ]
        ]
      },
      "bone_length_armature_space": 0.04953376261778248,
      "parent": "lowerarm_l",
      "has_children": true,
      "is_end_bone": false
    },
    "thumb_01_l": {
      "name": "thumb_01_l",
      "local": {
        "location": {
          "x": 0.0,
          "y": 0.0,
          "z": 0.0
        },
        "rotation_quaternion": {
          "w": 0.9485437273979187,
          "x": 0.3157743513584137,
          "y": 0.02291431836783886,
          "z": -0.005144739523530006
        },
        "scale": {
          "x": 1.0,
          "y": 1.0,
          "z": 1.0
        },
        "matrix_basis": [
          [
            0.9988969564437866,
            0.024231528863310814,
            0.040221311151981354,
            0.0
          ],
          [
            0.004711487330496311,
            0.8005201816558838,
            -0.5992873311042786,
            0.0
          ],
          [
            -0.046719618141651154,
            0.5988157987594604,
            0.7995229959487915,
            0.0
          ],
          [
            0.0,
            0.0,
            0.0,
            1.0
          ]
        ],
        "rotation_mode": "QUATERNION"
      },
      "armature_space": {
        "head": {
          "x": 0.605995237827301,
          "y": -0.29969173669815063,
          "z": 0.13992583751678467
        },
        "tail": {
          "x": 0.6038238406181335,
          "y": -0.3042605221271515,
          "z": 0.10626499354839325
        }
      },
      "world_space": {
        "head": {
          "x": 0.605995237827301,
          "y": -0.23644773662090302,
          "z": 1.0897798538208008
        },
        "tail": {
          "x": 0.6038238406181335,
          "y": -0.24101652204990387,
          "z": 1.0561189651489258
        },
        "rotation_quaternion": {
          "w": 0.5674269199371338,
          "x": -0.6726574897766113,
          "y": 0.33303913474082947,
          "z": -0.33859071135520935
        },
        "matrix": [
          [
            0.5488823056221008,
            -0.06379187107086182,
            0.8334618806838989,
            0.605995237827301
          ],
          [
            -0.8322934508323669,
            -0.13422362506389618,
            0.5378397703170776,
            -0.23644773662090302
          ],
          [
            0.07756035029888153,
            -0.9889029264450073,
            -0.12676703929901123,
            1.0897798538208008
          ],
          [
            0.0,
            0.0,
            0.0,
            1.0
          ]
        ]
      },
      "bone_length_armature_space": 0.034038818510674,
      "parent": "metacarpal_thumb_l",
      "has_children": true,
      "is_end_bone": false
    },
    "thumb_02_l": {
      "name": "thumb_02_l",
      "local": {
        "location": {
          "x": 0.0,
          "y": 0.0,
          "z": 0.0
        },
        "rotation_quaternion": {
          "w": 0.9023098945617676,
          "x": 0.43105387687683105,
          "y": -0.0010336623527109623,
          "z": -0.005324018653482199
        },
        "scale": {
          "x": 1.0,
          "y": 1.0,
          "z": 1.0
        },
        "matrix_basis": [
          [
            0.9999411702156067,
            0.008716701529920101,
            -0.006455245427787304,
            0.0
          ],
          [
            -0.010498957708477974,
            0.6283284425735474,
            -0.7778773307800293,
            0.0
          ],
          [
            -0.0027245101518929005,
            0.7778993844985962,
            0.6283829808235168,
            0.0
          ],
          [
            0.0,
            0.0,
            0.0,
            1.0
          ]
        ],
        "rotation_mode": "QUATERNION"
      },
      "armature_space": {
        "head": {
          "x": 0.6038237810134888,
          "y": -0.3042605221271515,
          "z": 0.10626500099897385
        },
        "tail": {
          "x": 0.6416860818862915,
          "y": -0.3077343702316284,
          "z": 0.11920958012342453
        }
      },
      "world_space": {
        "head": {
          "x": 0.6038237810134888,
          "y": -0.24101652204990387,
          "z": 1.0561189651489258
        },
        "tail": {
          "x": 0.6416860818862915,
          "y": -0.2444903701543808,
          "z": 1.0690635442733765
        },
        "rotation_quaternion": {
          "w": 0.6435651183128357,
          "x": 0.01411523763090372,
          "y": -0.20634524524211884,
          "z": -0.7369168996810913
        },
        "matrix": [
          [
            -0.1712488830089569,
            0.9426822662353516,
            -0.2863980531692505,
            0.6038237810134888
          ],
          [
            -0.9543336033821106,
            -0.08649054914712906,
            0.2859489917755127,
            -0.24101652204990387
          ],
          [
            0.24478934705257416,
            0.3222898542881012,
            0.9144515991210938,
            1.0561189651489258
          ],
          [
            0.0,
            0.0,
            0.0,
            1.0
          ]
        ]
      },
      "bone_length_armature_space": 0.04016445723040655,
      "parent": "thumb_01_l",
      "has_children": true,
      "is_end_bone": false
    },
    "thumb_03_l": {
      "name": "thumb_03_l",
      "local": {
        "location": {
          "x": 0.0,
          "y": 0.0,
          "z": 0.0
        },
        "rotation_quaternion": {
          "w": 0.9918184280395508,
          "x": 0.12746895849704742,
          "y": 0.003407149575650692,
          "z": 0.00602953415364027
        },
        "scale": {
          "x": 1.0,
          "y": 1.0,
          "z": 1.0
        },
        "matrix_basis": [
          [
            0.9999040961265564,
            -0.011091794818639755,
            0.008295704610645771,
            0.0
          ],
          [
            0.012829017825424671,
            0.967430591583252,
            -0.2528110444545746,
            0.0
          ],
          [
            -0.0052213906310498714,
            0.25289320945739746,
            0.9674801230430603,
            0.0
          ],
          [
            0.0,
            0.0,
            0.0,
            1.0
          ]
        ],
        "rotation_mode": "QUATERNION"
      },
      "armature_space": {
        "head": {
          "x": 0.6416860222816467,
          "y": -0.3077344298362732,
          "z": 0.11920952051877975
        },
        "tail": {
          "x": 0.6626167893409729,
          "y": -0.30373331904411316,
          "z": 0.14095327258110046
        }
      },
      "world_space": {
        "head": {
          "x": 0.6416860222816467,
          "y": -0.24449042975902557,
          "z": 1.0690635442733765
        },
        "tail": {
          "x": 0.6626167893409729,
          "y": -0.24048931896686554,
          "z": 1.090807318687439
        },
        "rotation_quaternion": {
          "w": 0.7107602953910828,
          "x": 0.2991592288017273,
          "y": -0.24603110551834106,
          "z": -0.5871902108192444
        },
        "matrix": [
          [
            0.18934960663318634,
            0.6874979138374329,
            -0.7010658979415894,
            0.6416860222816467
          ],
          [
            -0.9819084405899048,
            0.13142192363739014,
            -0.1363236904144287,
            -0.24449042975902557
          ],
          [
            -0.0015876337420195341,
            0.7142003774642944,
            0.6999496817588806,
            1.0690635442733765
          ],
          [
            0.0,
            0.0,
            0.0,
            1.0
          ]
        ]
      },
      "bone_length_armature_space": 0.03044497780034336,
      "parent": "thumb_02_l",
      "has_children": false,
      "is_end_bone": true
    },
    "metacarpal_index_l": {
      "name": "metacarpal_index_l",
      "local": {
        "location": {
          "x": 0.0,
          "y": 0.0,
          "z": 0.0
        },
        "rotation_quaternion": {
          "w": 0.9999935030937195,
          "x": 0.001953279599547386,
          "y": 0.0011796585749834776,
          "z": -0.002829842735081911
        },
        "scale": {
          "x": 1.0,
          "y": 1.0,
          "z": 1.0
        },
        "matrix_basis": [
          [
            0.9999812245368958,
            0.0056642573326826096,
            0.0023482469841837883,
            0.0
          ],
          [
            -0.0056550404988229275,
            0.9999763369560242,
            -0.003913210239261389,
            0.0
          ],
          [
            -0.0023703568149358034,
            0.0038998574018478394,
            0.9999895691871643,
            0.0
          ],
          [
            0.0,
            0.0,
            0.0,
            1.0
          ]
        ],
        "rotation_mode": "QUATERNION"
      },
      "armature_space": {
        "head": {
          "x": 0.5999627709388733,
          "y": -0.25705790519714355,
          "z": 0.1644117385149002
        },
        "tail": {
          "x": 0.6511180400848389,
          "y": -0.33873167634010315,
          "z": 0.0977647677063942
        }
      },
      "world_space": {
        "head": {
          "x": 0.5999627709388733,
          "y": -0.19381390511989594,
          "z": 1.1142657995224
        },
        "tail": {
          "x": 0.6511180400848389,
          "y": -0.27548766136169434,
          "z": 1.0476187467575073
        },
        "rotation_quaternion": {
          "w": 0.09918679296970367,
          "x": -0.7285699844360352,
          "y": -0.3763505220413208,
          "z": 0.5636559128761292
        },
        "matrix": [
          [
            0.08130386471748352,
            0.43658384680747986,
            -0.8959821462631226,
            0.5999627709388733
          ],
          [
            0.6602101922035217,
            -0.697043240070343,
            -0.27973806858062744,
            -0.19381390511989594
          ],
          [
            -0.7466722130775452,
            -0.5687973499298096,
            -0.3449121117591858,
            1.1142657995224
          ],
          [
            0.0,
            0.0,
            0.0,
            1.0
          ]
        ]
      },
      "bone_length_armature_space": 0.11717203256732792,
      "parent": "lowerarm_l",
      "has_children": true,
      "is_end_bone": false
    },
    "index_01_l": {
      "name": "index_01_l",
      "local": {
        "location": {
          "x": 0.0,
          "y": 0.0,
          "z": 0.0
        },
        "rotation_quaternion": {
          "w": 0.9505933523178101,
          "x": 0.31018662452697754,
          "y": -0.005651022307574749,
          "z": -0.011164834722876549
        },
        "scale": {
          "x": 1.0,
          "y": 1.0,
          "z": 1.0
        },
        "matrix_basis": [
          [
            0.9996868371963501,
            0.017720691859722137,
            -0.01767001301050186,
            0.0
          ],
          [
            -0.024732178077101707,
            0.8073192238807678,
            -0.5895965099334717,
            0.0
          ],
          [
            0.003817283781245351,
            0.5898488759994507,
            0.8075046539306641,
            0.0
          ],
          [
            0.0,
            0.0,
            0.0,
            1.0
          ]
        ],
        "rotation_mode": "QUATERNION"
      },
      "armature_space": {
        "head": {
          "x": 0.6511180400848389,
          "y": -0.33873167634010315,
          "z": 0.0977647677063942
        },
        "tail": {
          "x": 0.6498472690582275,
          "y": -0.3525819182395935,
          "z": 0.07287231087684631
        }
      },
      "world_space": {
        "head": {
          "x": 0.6511180400848389,
          "y": -0.27548766136169434,
          "z": 1.0476187467575073
        },
        "tail": {
          "x": 0.6498472690582275,
          "y": -0.2893379330635071,
          "z": 1.02272629737854
        },
        "rotation_quaternion": {
          "w": 0.3571943938732147,
          "x": -0.5751471519470215,
          "y": -0.3599277436733246,
          "z": 0.6419268250465393
        },
        "matrix": [
          [
            -0.08323711156845093,
            -0.044565171003341675,
            -0.9955326318740845,
            0.6511180400848389
          ],
          [
            0.8726080060005188,
            -0.48572874069213867,
            -0.051215723156929016,
            -0.27548766136169434
          ],
          [
            -0.481279194355011,
            -0.872979462146759,
            0.07931908965110779,
            1.0476187467575073
          ],
          [
            0.0,
            0.0,
            0.0,
            1.0
          ]
        ]
      },
      "bone_length_armature_space": 0.02851453066875705,
      "parent": "metacarpal_index_l",
      "has_children": true,
      "is_end_bone": false
    },
    "index_02_l": {
      "name": "index_02_l",
      "local": {
        "location": {
          "x": 0.0,
          "y": 0.0,
          "z": 0.0
        },
        "rotation_quaternion": {
          "w": 0.896125316619873,
          "x": 0.44362184405326843,
          "y": -0.010485850274562836,
          "z": -0.0070186760276556015
        },
        "scale": {
          "x": 1.0,
          "y": 1.0,
          "z": 1.0
        },
        "matrix_basis": [
          [
            0.9996815919876099,
            0.0032757220324128866,
            -0.025020547211170197,
            0.0
          ],
          [
            -0.021882731467485428,
            0.6063007712364197,
            -0.7949343323707581,
            0.0
          ],
          [
            0.012565995566546917,
            0.7952287197113037,
            0.606179416179657,
            0.0
          ],
          [
            0.0,
            0.0,
            0.0,
            1.0
          ]
        ],
        "rotation_mode": "QUATERNION"
      },
      "armature_space": {
        "head": {
          "x": 0.6498469710350037,
          "y": -0.35258233547210693,
          "z": 0.0728721097111702
        },
        "tail": {
          "x": 0.6294612884521484,
          "y": -0.36216387152671814,
          "z": 0.060595687478780746
        }
      },
      "world_space": {
        "head": {
          "x": 0.6498469710350037,
          "y": -0.2893383502960205,
          "z": 1.0227261781692505
        },
        "tail": {
          "x": 0.6294612884521484,
          "y": -0.2989198565483093,
          "z": 1.0104496479034424
        },
        "rotation_quaternion": {
          "w": 0.5552242398262024,
          "x": -0.33464282751083374,
          "y": -0.07053251564502716,
          "z": 0.7581328749656677
        },
        "matrix": [
          [
            -0.15947838127613068,
            -0.7946624159812927,
            -0.585728645324707,
            0.6498469710350037
          ],
          [
            0.8890736699104309,
            -0.373501181602478,
            0.26466038823127747,
            -0.2893383502960205
          ],
          [
            -0.42908844351768494,
            -0.47855204343795776,
            0.7660844922065735,
            1.0227261781692505
          ],
          [
            0.0,
            0.0,
            0.0,
            1.0
          ]
        ]
      },
      "bone_length_armature_space": 0.02565331270606673,
      "parent": "index_01_l",
      "has_children": true,
      "is_end_bone": false
    },
    "index_03_l": {
      "name": "index_03_l",
      "local": {
        "location": {
          "x": 0.0,
          "y": 0.0,
          "z": 0.0
        },
        "rotation_quaternion": {
          "w": 0.925622820854187,
          "x": 0.37841540575027466,
          "y": -0.0009022810263559222,
          "z": 0.004839435685425997
        },
        "scale": {
          "x": 1.0,
          "y": 1.0,
          "z": 1.0
        },
        "matrix_basis": [
          [
            0.9999515414237976,
            -0.009641858749091625,
            0.0019922901410609484,
            0.0
          ],
          [
            0.008276110514998436,
            0.713556706905365,
            -0.7005485892295837,
            0.0
          ],
          [
            0.00533297797665,
            0.7005311250686646,
            0.7136019468307495,
            0.0
          ],
          [
            0.0,
            0.0,
            0.0,
            1.0
          ]
        ],
        "rotation_mode": "QUATERNION"
      },
      "armature_space": {
        "head": {
          "x": 0.6294613480567932,
          "y": -0.3621639013290405,
          "z": 0.060595590621232986
        },
        "tail": {
          "x": 0.6010690927505493,
          "y": -0.36065033078193665,
          "z": 0.06732778996229172
        }
      },
      "world_space": {
        "head": {
          "x": 0.6294613480567932,
          "y": -0.2989199161529541,
          "z": 1.0104496479034424
        },
        "tail": {
          "x": 0.6010690927505493,
          "y": -0.29740631580352783,
          "z": 1.0171817541122437
        },
        "rotation_quaternion": {
          "w": 0.682052493095398,
          "x": -0.07821481674909592,
          "y": 0.24638284742832184,
          "z": 0.6840924024581909
        },
        "matrix": [
          [
            -0.05737258493900299,
            -0.9717147350311279,
            0.22908225655555725,
            0.6294613480567932
          ],
          [
            0.894632875919342,
            0.051801905035972595,
            0.4437892436981201,
            -0.2989199161529541
          ],
          [
            -0.4431059658527374,
            0.23040738701820374,
            0.866362452507019,
            1.0104496479034424
          ],
          [
            0.0,
            0.0,
            0.0,
            1.0
          ]
        ]
      },
      "bone_length_armature_space": 0.029218719501871597,
      "parent": "index_02_l",
      "has_children": false,
      "is_end_bone": true
    },
    "metacarpal_pinky_l": {
      "name": "metacarpal_pinky_l",
      "local": {
        "location": {
          "x": 0.0,
          "y": 0.0,
          "z": 0.0
        },
        "rotation_quaternion": {
          "w": 0.9986342191696167,
          "x": -0.046619974076747894,
          "y": -0.014770915731787682,
          "z": -0.01839238405227661
        },
        "scale": {
          "x": 1.0,
          "y": 1.0,
          "z": 1.0
        },
        "matrix_basis": [
          [
            0.9988870620727539,
            0.038111768662929535,
            -0.027786578983068466,
            0.0
          ],
          [
            -0.035357289016246796,
            0.9949765801429749,
            0.09365594387054443,
            0.0
          ],
          [
            0.031216388568282127,
            -0.0925692617893219,
            0.9952167868614197,
            0.0
          ],
          [
            0.0,
            0.0,
            0.0,
            1.0
          ]
        ],
        "rotation_mode": "QUATERNION"
      },
      "armature_space": {
        "head": {
          "x": 0.5999627709388733,
          "y": -0.25705790519714355,
          "z": 0.1644117385149002
        },
        "tail": {
          "x": 0.6678907871246338,
          "y": -0.2746325433254242,
          "z": 0.08746877312660217
        }
      },
      "world_space": {
        "head": {
          "x": 0.5999627709388733,
          "y": -0.19381390511989594,
          "z": 1.1142657995224
        },
        "tail": {
          "x": 0.6678907871246338,
          "y": -0.21138854324817657,
          "z": 1.037322759628296
        },
        "rotation_quaternion": {
          "w": 0.5270647406578064,
          "x": -0.1771848499774933,
          "y": 0.3712341785430908,
          "z": -0.7436352968215942
        },
        "matrix": [
          [
            -0.3816138803958893,
            0.652333676815033,
            0.6548522710800171,
            0.5999627709388733
          ],
          [
            -0.915443480014801,
            -0.16877472400665283,
            -0.36534714698791504,
            -0.19381390511989594
          ],
          [
            -0.1278073787689209,
            -0.7389071583747864,
            0.6615856885910034,
            1.1142657995224
          ],
          [
            0.0,
            0.0,
            0.0,
            1.0
          ]
        ]
      },
      "bone_length_armature_space": 0.10413118139229877,
      "parent": "lowerarm_l",
      "has_children": true,
      "is_end_bone": false
    },
    "pinky_01_l": {
      "name": "pinky_01_l",
      "local": {
        "location": {
          "x": 0.0,
          "y": 0.0,
          "z": 0.0
        },
        "rotation_quaternion": {
          "w": 0.9513831734657288,
          "x": 0.307963490486145,
          "y": -0.004063007887452841,
          "z": 0.0034667556174099445
        },
        "scale": {
          "x": 1.0,
          "y": 1.0,
          "z": 1.0
        },
        "matrix_basis": [
          [
            0.99994295835495,
            -0.009098942391574383,
            -0.005595686379820108,
            0.0
          ],
          [
            0.00409390963613987,
            0.8102929592132568,
            -0.586010754108429,
            0.0
          ],
          [
            0.009866222739219666,
            0.5859543681144714,
            0.8102839589118958,
            0.0
          ],
          [
            0.0,
            0.0,
            0.0,
            1.0
          ]
        ],
        "rotation_mode": "QUATERNION"
      },
      "armature_space": {
        "head": {
          "x": 0.6678907871246338,
          "y": -0.2746325433254242,
          "z": 0.08746877312660217
        },
        "tail": {
