{
  "metadata": {
    "armature_name": "KIM_caucasian_male",
    "export_time": "2026-01-13T20:24:31.012820",
    "blender_version": "4.4.1",
    "bone_count": 56,
    "end_bone_count": 13,
    "spaces_included": [
      "LOCAL_CHANNELS",
      "ARMATURE_SPACE",
      "WORLD_SPACE"
    ],
    "note": "LOCAL matches Transform panel; replay pose via local.matrix_basis for best fidelity."
  },
  "bones": {
    "Root": {
      "name": "Root",
      "local": {
        "location": {
          "x": 0.0,
          "y": 0.0,
          "z": 0.0
        },
        "rotation_quaternion": {
          "w": 0.9998193979263306,
          "x": 0.001932063139975071,
          "y": -0.00350795011036098,
          "z": 0.018581707030534744
        },
        "scale": {
          "x": 1.0,
          "y": 1.0,
          "z": 1.0
        },
        "matrix_basis": [
          [
            0.9992848038673401,
            -0.03717025741934776,
            -0.006942830979824066,
            0.0
          ],
          [
            0.037143148481845856,
            0.9993019700050354,
            -0.003993795718997717,
            0.0
          ],
          [
            0.007086435332894325,
            0.003733061021193862,
            0.9999679327011108,
            0.0
          ],
          [
            0.0,
            0.0,
            0.0,
            1.0
          ]
        ],
        "rotation_mode": "QUATERNION"
      },
      "armature_space": {
        "head": {
          "x": 0.0,
          "y": 0.07072800397872925,
          "z": -0.009595036506652832
        },
        "tail": {
          "x": -0.0026530593167990446,
          "y": 1.3552606105804443e-05,
          "z": -0.0002707308158278465
        }
      },
      "world_space": {
        "head": {
          "x": 0.0,
          "y": 0.13397200405597687,
          "z": 0.9402589797973633
        },
        "tail": {
          "x": -0.0026530593167990446,
          "y": 0.06325755268335342,
          "z": 0.9495832920074463
        },
        "rotation_quaternion": {
          "w": 0.06542781740427017,
          "x": 0.9976782202720642,
          "y": -0.0187758207321167,
          "z": -0.002248171018436551
        },
        "matrix": [
          [
            0.9992848038673401,
            -0.03717025741934776,
            -0.006942830979824066,
            0.0
          ],
          [
            -0.037758633494377136,
            -0.99073326587677,
            -0.13046784698963165,
            0.13397200405597687
          ],
          [
            -0.002029020804911852,
            0.13063666224479675,
            -0.9914352893829346,
            0.9402589797973633
          ],
          [
            0.0,
            0.0,
            0.0,
            1.0
          ]
        ]
      },
      "bone_length_armature_space": 0.07137587080244426,
      "parent": null,
      "has_children": true,
      "is_end_bone": false
    },
    "spine_01": {
      "name": "spine_01",
      "local": {
        "location": {
          "x": 0.0,
          "y": 0.0,
          "z": 0.0
        },
        "rotation_quaternion": {
          "w": 0.9969862699508667,
          "x": -0.01648402027785778,
          "y": -0.011185177601873875,
          "z": -0.07497681677341461
        },
        "scale": {
          "x": 1.0,
          "y": 1.0,
          "z": 1.0
        },
        "matrix_basis": [
          [
            0.9885067343711853,
            0.14987047016620636,
            -0.0198310986161232,
            0.0
          ],
          [
            -0.14913296699523926,
            0.9882134795188904,
            0.03454594314098358,
            0.0
          ],
          [
            0.02477477490901947,
            -0.031191425397992134,
            0.9992063641548157,
            0.0
          ],
          [
            0.0,
            0.0,
            0.0,
            1.0
          ]
        ],
        "rotation_mode": "QUATERNION"
      },
      "armature_space": {
        "head": {
          "x": -0.0026530593167990446,
          "y": 1.3552606105804443e-05,
          "z": -0.0002707308158278465
        },
        "tail": {
          "x": 0.07276281714439392,
          "y": 0.0330929234623909,
          "z": 0.4807351231575012
        }
      },
      "world_space": {
        "head": {
          "x": -0.0026530593167990446,
          "y": 0.06325755268335342,
          "z": 0.9495832920074463
        },
        "tail": {
          "x": 0.07276281714439392,
          "y": 0.09633692353963852,
          "z": 1.430589199066162
        },
        "rotation_quaternion": {
          "w": 0.7299903631210327,
          "x": 0.6784364581108093,
          "y": 0.03172672167420387,
          "z": -0.07636486738920212
        },
        "matrix": [
          [
            0.9863235354423523,
            0.15454034507274628,
            -0.057298000901937485,
            -0.0026530593167990446
          ],
          [
            -0.0684431791305542,
            0.06778542697429657,
            -0.9953495860099792,
            0.06325755268335342
          ],
          [
            -0.14993882179260254,
            0.9856652617454529,
            0.07743522524833679,
            0.9495832920074463
          ],
          [
            0.0,
            0.0,
            0.0,
            1.0
          ]
        ]
      },
      "bone_length_armature_space": 0.4880045277147104,
      "parent": "Root",
      "has_children": true,
      "is_end_bone": false
    },
    "neck_01": {
      "name": "neck_01",
      "local": {
        "location": {
          "x": 0.0,
          "y": 0.0,
          "z": 0.0
        },
        "rotation_quaternion": {
          "w": 0.9845951199531555,
          "x": -0.01680147461593151,
          "y": 0.10315373539924622,
          "z": 0.1401774287223816
        },
        "scale": {
          "x": 1.0,
          "y": 1.0,
          "z": 1.0
        },
        "matrix_basis": [
          [
            0.9394192099571228,
            -0.2795023024082184,
            0.19841895997524261,
            0.0
          ],
          [
            0.2725697457790375,
            0.9601359963417053,
            0.062004949897527695,
            0.0
          ],
          [
            -0.207839697599411,
            -0.004165648948401213,
            0.9781540632247925,
            0.0
          ],
          [
            0.0,
            0.0,
            0.0,
            1.0
          ]
        ],
        "rotation_mode": "QUATERNION"
      },
      "armature_space": {
        "head": {
          "x": 0.08209090679883957,
          "y": 0.0035369060933589935,
          "z": 0.555589497089386
        },
        "tail": {
          "x": 0.06581084430217743,
          "y": -0.025099677965044975,
          "z": 0.6526753306388855
        }
      },
      "world_space": {
        "head": {
          "x": 0.08209090679883957,
          "y": 0.06678090989589691,
          "z": 1.5054435729980469
        },
        "tail": {
          "x": 0.06581084430217743,
          "y": 0.038144320249557495,
          "z": 1.6025292873382568
        },
        "rotation_quaternion": {
          "w": 0.5992124676704407,
          "x": 0.7952619791030884,
          "y": -0.03581499680876732,
          "z": 0.08497165143489838
        },
        "matrix": [
          [
            0.9829943180084229,
            -0.15879686176776886,
            0.09222693741321564,
            0.08209090679883957
          ],
          [
            0.04486669600009918,
            -0.27932316064834595,
            -0.9591485857963562,
            0.06678090989589691
          ],
          [
            0.17807208001613617,
            0.9469815492630005,
            -0.26745113730430603,
            1.5054435729980469
          ],
          [
            0.0,
            0.0,
            0.0,
            1.0
          ]
        ]
      },
      "bone_length_armature_space": 0.10252196419166053,
      "parent": "spine_01",
      "has_children": true,
      "is_end_bone": false
    },
    "head": {
      "name": "head",
      "local": {
        "location": {
          "x": 0.0,
          "y": 0.0,
          "z": 0.0
        },
        "rotation_quaternion": {
          "w": 0.9888045787811279,
          "x": -0.03369720280170441,
          "y": 0.14162695407867432,
          "z": 0.03273925185203552
        },
        "scale": {
          "x": 1.0,
          "y": 1.0,
          "z": 1.0
        },
        "matrix_basis": [
          [
            0.9577398896217346,
            -0.07429030537605286,
            0.2778763175010681,
            0.0
          ],
          [
            0.05520058050751686,
            0.9955852627754211,
            0.07591341435909271,
            0.0
          ],
          [
            -0.28228920698165894,
            -0.057366374880075455,
            0.9576126337051392,
            0.0
          ],
          [
            0.0,
            0.0,
            0.0,
            1.0
          ]
        ],
        "rotation_mode": "QUATERNION"
      },
      "armature_space": {
        "head": {
          "x": 0.06581086665391922,
          "y": -0.025099806487560272,
          "z": 0.6526751518249512
        },
        "tail": {
          "x": 0.026153039187192917,
          "y": -0.003406066447496414,
          "z": 0.801032543182373
        }
      },
      "world_space": {
        "head": {
          "x": 0.06581086665391922,
          "y": 0.03814419358968735,
          "z": 1.6025291681289673
        },
        "tail": {
          "x": 0.026153039187192917,
          "y": 0.059837933629751205,
          "z": 1.7508865594863892
        },
        "rotation_quaternion": {
          "w": 0.7544238567352295,
          "x": 0.6268297433853149,
          "y": 0.027994250878691673,
          "z": 0.192732036113739
        },
        "matrix": [
          [
            0.924140989780426,
            -0.25570812821388245,
            0.2838607132434845,
            0.06581086665391922
          ],
          [
            0.32590004801750183,
            0.13987819850444794,
            -0.934999406337738,
            0.03814419358968735
          ],
          [
            0.19938260316848755,
            0.9565879106521606,
            0.21260295808315277,
            1.6025291681289673
          ],
          [
            0.0,
            0.0,
            0.0,
            1.0
          ]
        ]
      },
      "bone_length_armature_space": 0.15509118737079103,
      "parent": "neck_01",
      "has_children": false,
      "is_end_bone": true
    },
    "upperarm_l": {
      "name": "upperarm_l",
      "local": {
        "location": {
          "x": 0.0,
          "y": 0.0,
          "z": 0.0
        },
        "rotation_quaternion": {
          "w": 0.8933623433113098,
          "x": 0.093085877597332,
          "y": 0.43692442774772644,
          "z": 0.04833221808075905
        },
        "scale": {
          "x": 1.0,
          "y": 1.0,
          "z": 1.0
        },
        "matrix_basis": [
          [
            0.6135220527648926,
            -0.005013379734009504,
            0.7896617650985718,
            0.0
          ],
          [
            0.16769935190677643,
            0.9779980182647705,
            -0.12408377975225449,
            0.0
          ],
          [
            -0.7716655731201172,
            0.20855389535427094,
            0.6008641123771667,
            0.0
          ],
          [
            0.0,
            0.0,
            0.0,
            1.0
          ]
        ],
        "rotation_mode": "QUATERNION"
      },
      "armature_space": {
        "head": {
          "x": 0.21947039663791656,
          "y": -0.014459574595093727,
          "z": 0.4671012759208679
        },
        "tail": {
          "x": 0.4763500690460205,
          "y": -0.0783083438873291,
          "z": 0.42534226179122925
        }
      },
      "world_space": {
        "head": {
          "x": 0.21947039663791656,
          "y": 0.04878442734479904,
          "z": 1.4169552326202393
        },
        "tail": {
          "x": 0.4763500690460205,
          "y": -0.015064343810081482,
          "z": 1.3751962184906006
        },
        "rotation_quaternion": {
          "w": 0.165871724486351,
          "x": 0.7141439318656921,
          "y": 0.5944331884384155,
          "z": -0.33035483956336975
        },
        "matrix": [
          [
            0.0750284418463707,
            0.9586156010627747,
            -0.2746395766735077,
            0.21947039663791656
          ],
          [
            0.7394281625747681,
            -0.23826885223388672,
            -0.6296620965003967,
            0.04878442734479904
          ],
          [
            -0.6690458059310913,
            -0.15583495795726776,
            -0.7267098426818848,
            1.4169552326202393
          ],
          [
            0.0,
            0.0,
            0.0,
            1.0
          ]
        ]
      },
      "bone_length_armature_space": 0.26796950980174666,
      "parent": "spine_01",
      "has_children": true,
      "is_end_bone": false
    },
    "lowerarm_l": {
      "name": "lowerarm_l",
      "local": {
        "location": {
          "x": 0.0,
          "y": 0.0,
          "z": 0.0
        },
        "rotation_quaternion": {
          "w": 0.9934262633323669,
          "x": 0.01326584443449974,
          "y": 0.08660110831260681,
          "z": 0.073679618537426
        },
        "scale": {
          "x": 1.0,
          "y": 1.0,
          "z": 1.0
        },
        "matrix_basis": [
          [
            0.9741431474685669,
            -0.144092857837677,
            0.1740184724330902,
            0.0
          ],
          [
            0.1486882120370865,
            0.9887906908988953,
            -0.013595803640782833,
            0.0
          ],
          [
            -0.17010878026485443,
            0.039118748158216476,
            0.9846485257148743,
            0.0
          ],
          [
            0.0,
            0.0,
            0.0,
            1.0
          ]
        ],
        "rotation_mode": "QUATERNION"
      },
      "armature_space": {
        "head": {
          "x": 0.4763501286506653,
          "y": -0.07830847799777985,
          "z": 0.425342321395874
        },
        "tail": {
          "x": 0.7102729082107544,
          "y": -0.205284982919693,
          "z": 0.3983895480632782
        }
      },
      "world_space": {
        "head": {
          "x": 0.4763501286506653,
          "y": -0.015064477920532227,
          "z": 1.3751963376998901
        },
        "tail": {
          "x": 0.7102729082107544,
          "y": -0.14204098284244537,
          "z": 1.3482435941696167
        },
        "rotation_quaternion": {
          "w": 0.14726001024246216,
          "x": 0.7888198494911194,
          "y": 0.4909134805202484,
          "z": -0.33923712372779846
        },
        "matrix": [
          [
            0.2878433167934418,
            0.8743976950645447,
            -0.39060816168785095,
            0.4763501286506653
          ],
          [
            0.6745723485946655,
            -0.4746350646018982,
            -0.5653972029685974,
            -0.015064477920532227
          ],
          [
            -0.6797824501991272,
            -0.10074879974126816,
            -0.7264705896377563,
            1.3751963376998901
          ],
          [
            0.0,
            0.0,
            0.0,
            1.0
          ]
        ]
      },
      "bone_length_armature_space": 0.26752448392689343,
      "parent": "upperarm_l",
      "has_children": true,
      "is_end_bone": false
    },
    "metacarpal_thumb_l": {
      "name": "metacarpal_thumb_l",
      "local": {
        "location": {
          "x": 0.0,
          "y": 0.0,
          "z": 0.0
        },
        "rotation_quaternion": {
          "w": 0.999809205532074,
          "x": 0.0021769797895103693,
          "y": -0.0011757483007386327,
          "z": -0.019379088655114174
        },
        "scale": {
          "x": 1.0,
          "y": 1.0,
          "z": 1.0
        },
        "matrix_basis": [
          [
            0.9992461204528809,
            0.038745664060115814,
            -0.002435423666611314,
            0.0
          ],
          [
            -0.03875590115785599,
            0.999239444732666,
            -0.004307559225708246,
            0.0
          ],
          [
            0.002266672207042575,
            0.004398698918521404,
            0.999987781047821,
            0.0
          ],
          [
            0.0,
            0.0,
            0.0,
            1.0
          ]
        ],
        "rotation_mode": "QUATERNION"
      },
      "armature_space": {
        "head": {
          "x": 0.7102729082107544,
          "y": -0.205284982919693,
          "z": 0.3983895480632782
        },
        "tail": {
          "x": 0.737267255783081,
          "y": -0.23355893790721893,
          "z": 0.3679676949977875
        }
      },
      "world_space": {
        "head": {
          "x": 0.7102729082107544,
          "y": -0.14204098284244537,
          "z": 1.3482435941696167
        },
        "tail": {
          "x": 0.737267255783081,
          "y": -0.1703149378299713,
          "z": 1.317821741104126
        },
        "rotation_quaternion": {
          "w": 0.4026876986026764,
          "x": -0.8669977188110352,
          "y": -0.2290007323026657,
          "z": -0.18361958861351013
        },
        "matrix": [
          [
            0.8276849389076233,
            0.5449690818786621,
            0.1339625120162964,
            0.7102729082107544
          ],
          [
            0.24920547008514404,
            -0.5708027482032776,
            0.7823561429977417,
            -0.14204098284244537
          ],
          [
            0.5028298497200012,
            -0.6141649484634399,
            -0.6082577109336853,
            1.3482435941696167
          ],
          [
            0.0,
            0.0,
            0.0,
            1.0
          ]
        ]
      },
      "bone_length_armature_space": 0.04953383092105239,
      "parent": "lowerarm_l",
      "has_children": true,
      "is_end_bone": false
    },
    "thumb_01_l": {
      "name": "thumb_01_l",
      "local": {
        "location": {
          "x": 0.0,
          "y": 0.0,
          "z": 0.0
        },
        "rotation_quaternion": {
          "w": 0.9817333221435547,
          "x": 0.19020752608776093,
          "y": -0.0023386054672300816,
          "z": 0.003928931429982185
        },
        "scale": {
          "x": 1.0,
          "y": 1.0,
          "z": 1.0
        },
        "matrix_basis": [
          [
            0.9999582171440125,
            -0.008603966794908047,
            -0.0030971490778028965,
            0.0
          ],
          [
            0.006824685260653496,
            0.9276112914085388,
            -0.3734845221042633,
            0.0
          ],
          [
            0.006086398381739855,
            0.3734477460384369,
            0.9276312589645386,
            0.0
          ],
          [
            0.0,
            0.0,
            0.0,
            1.0
          ]
        ],
        "rotation_mode": "QUATERNION"
      },
      "armature_space": {
        "head": {
          "x": 0.737267255783081,
          "y": -0.23355893790721893,
          "z": 0.3679676949977875
        },
        "tail": {
          "x": 0.7596783638000488,
          "y": -0.22440892457962036,
          "z": 0.3440375328063965
        }
      },
      "world_space": {
        "head": {
          "x": 0.737267255783081,
          "y": -0.1703149378299713,
          "z": 1.317821741104126
        },
        "tail": {
          "x": 0.7596783638000488,
          "y": -0.16116492450237274,
          "z": 1.2938915491104126
        },
        "rotation_quaternion": {
          "w": 0.7582114338874817,
          "x": -0.29351097345352173,
          "y": 0.24397200345993042,
          "z": -0.528624951839447
        },
        "matrix": [
          [
            0.3220643699169159,
            0.6584027409553528,
            0.6802794933319092,
            0.737267255783081
          ],
          [
            -0.9448367357254028,
            0.26881301403045654,
            0.1871454417705536,
            -0.1703149378299713
          ],
          [
            -0.05965206027030945,
            -0.7030305862426758,
            0.708663284778595,
            1.317821741104126
          ],
          [
            0.0,
            0.0,
            0.0,
            1.0
          ]
        ]
      },
      "bone_length_armature_space": 0.03403870145305232,
      "parent": "metacarpal_thumb_l",
      "has_children": true,
      "is_end_bone": false
    },
    "thumb_02_l": {
      "name": "thumb_02_l",
      "local": {
        "location": {
          "x": 0.0,
          "y": 0.0,
          "z": 0.0
        },
        "rotation_quaternion": {
          "w": 0.9373716115951538,
          "x": 0.34813153743743896,
          "y": 0.0017473718617111444,
          "z": 0.011660035699605942
        },
        "scale": {
          "x": 1.0,
          "y": 1.0,
          "z": 1.0
        },
        "matrix_basis": [
          [
            0.9997220039367676,
            -0.020642941817641258,
            0.011394325643777847,
            0.0
          ],
          [
            0.02307620272040367,
            0.7573369741439819,
            -0.6526165008544922,
            0.0
          ],
          [
            0.004842578899115324,
            0.6526979804039001,
            0.7576027512550354,
            0.0
          ],
          [
            0.0,
            0.0,
            0.0,
            1.0
          ]
        ],
        "rotation_mode": "QUATERNION"
      },
      "armature_space": {
        "head": {
          "x": 0.7596782445907593,
          "y": -0.22440890967845917,
          "z": 0.3440375030040741
        },
        "tail": {
          "x": 0.7831809520721436,
          "y": -0.2452014833688736,
          "z": 0.3691070079803467
        }
      },
      "world_space": {
        "head": {
          "x": 0.7596782445907593,
          "y": -0.16116490960121155,
          "z": 1.2938915491104126
        },
        "tail": {
          "x": 0.7831809520721436,
          "y": -0.18195748329162598,
          "z": 1.3189610242843628
        },
        "rotation_quaternion": {
          "w": 0.4604592025279999,
          "x": 0.38880661129951477,
          "y": -0.17068542540073395,
          "z": -0.779534101486206
        },
        "matrix": [
          [
            -0.27361246943473816,
            0.5851619243621826,
            -0.7633620500564575,
            0.7596782445907593
          ],
          [
            -0.8506150245666504,
            -0.517686665058136,
            -0.09195083379745483,
            -0.16116490960121155
          ],
          [
            -0.4489923417568207,
            0.6241723299026489,
            0.6393973231315613,
            1.2938915491104126
          ],
          [
            0.0,
            0.0,
            0.0,
            1.0
          ]
        ]
      },
      "bone_length_armature_space": 0.04016451763394391,
      "parent": "thumb_01_l",
      "has_children": true,
      "is_end_bone": false
    },
    "thumb_03_l": {
      "name": "thumb_03_l",
      "local": {
        "location": {
          "x": 0.0,
          "y": 0.0,
          "z": 0.0
        },
        "rotation_quaternion": {
          "w": 0.9851553440093994,
          "x": 0.17148128151893616,
          "y": 0.005765146110206842,
          "z": -0.0054789273999631405
        },
        "scale": {
          "x": 1.0,
          "y": 1.0,
          "z": 1.0
        },
        "matrix_basis": [
          [
            0.9998734593391418,
            0.012772418558597565,
            0.009480061940848827,
            0.0
          ],
          [
            -0.008817959576845169,
            0.9411283135414124,
            -0.33793458342552185,
            0.0
          ],
          [
            -0.013238196261227131,
            0.337808221578598,
            0.9411218762397766,
            0.0
          ],
          [
            0.0,
            0.0,
            0.0,
            1.0
          ]
        ],
        "rotation_mode": "QUATERNION"
      },
      "armature_space": {
        "head": {
          "x": 0.7831809520721436,
          "y": -0.24520151317119598,
          "z": 0.3691069185733795
        },
        "tail": {
          "x": 0.7851715087890625,
          "y": -0.2596128582954407,
          "z": 0.39585110545158386
        }
      },
      "world_space": {
        "head": {
          "x": 0.7831809520721436,
          "y": -0.18195751309394836,
          "z": 1.3189609050750732
        },
        "tail": {
          "x": 0.7851715087890625,
          "y": -0.19636885821819305,
          "z": 1.3457051515579224
        },
        "rotation_quaternion": {
          "w": 0.4087904691696167,
          "x": 0.6433535218238831,
          "y": -0.31017905473709106,
          "z": -0.5681333541870117
        },
        "matrix": [
          [
            0.1620287150144577,
            0.06538259983062744,
            -0.9846175909042358,
            0.7831809520721436
          ],
          [
            -0.8636046051979065,
            -0.4733588695526123,
            -0.1735478937625885,
            -0.18195751309394836
          ],
          [
            -0.47742846608161926,
            0.8784457445144653,
            -0.02023342251777649,
            1.3189609050750732
          ],
          [
            0.0,
            0.0,
            0.0,
            1.0
          ]
        ]
      },
      "bone_length_armature_space": 0.0304450444552723,
      "parent": "thumb_02_l",
      "has_children": false,
      "is_end_bone": true
    },
    "metacarpal_index_l": {
      "name": "metacarpal_index_l",
      "local": {
        "location": {
          "x": 0.0,
          "y": 0.0,
          "z": 0.0
        },
        "rotation_quaternion": {
          "w": 0.9998061060905457,
          "x": -0.0176430381834507,
          "y": -0.008573402650654316,
          "z": 0.0017409978900104761
        },
        "scale": {
          "x": 1.0,
          "y": 1.0,
          "z": 1.0
        },
        "matrix_basis": [
          [
            0.9998469352722168,
            -0.0031787988264113665,
            -0.01720491424202919,
            0.0
          ],
          [
            0.0037838423158973455,
            0.9993714094161987,
            0.03524938225746155,
            0.0
          ],
          [
            0.01708204858005047,
            -0.035309087485075,
            0.9992304444313049,
            0.0
          ],
          [
            0.0,
            0.0,
            0.0,
            1.0
          ]
        ],
        "rotation_mode": "QUATERNION"
      },
      "armature_space": {
        "head": {
          "x": 0.7102729082107544,
          "y": -0.205284982919693,
          "z": 0.3983895480632782
        },
        "tail": {
          "x": 0.7958417534828186,
          "y": -0.27604028582572937,
          "z": 0.3609609603881836
        }
      },
      "world_space": {
        "head": {
          "x": 0.7102729082107544,
          "y": -0.14204098284244537,
          "z": 1.3482435941696167
        },
        "tail": {
          "x": 0.7958417534828186,
          "y": -0.21279628574848175,
          "z": 1.3108149766921997
        },
        "rotation_quaternion": {
          "w": 0.17531032860279083,
          "x": -0.8954806923866272,
          "y": -0.40906763076782227,
          "z": 0.006669525522738695
        },
        "matrix": [
          [
            0.665238082408905,
            0.7302857041358948,
            -0.1553734689950943,
            0.7102729082107544
          ],
          [
            0.7349634170532227,
            -0.6038599014282227,
            0.3085164725780487,
            -0.14204098284244537
          ],
          [
            0.13148288428783417,
            -0.3194335103034973,
            -0.938450038433075,
            1.3482435941696167
          ],
          [
            0.0,
            0.0,
            0.0,
            1.0
          ]
        ]
      },
      "bone_length_armature_space": 0.11717183683941357,
      "parent": "lowerarm_l",
      "has_children": true,
      "is_end_bone": false
    },
    "index_01_l": {
      "name": "index_01_l",
      "local": {
        "location": {
          "x": 0.0,
          "y": 0.0,
          "z": 0.0
        },
        "rotation_quaternion": {
          "w": 0.974420428276062,
          "x": 0.22336658835411072,
          "y": 0.015432341024279594,
          "z": 0.019340358674526215
        },
        "scale": {
          "x": 1.0,
          "y": 1.0,
          "z": 1.0
        },
        "matrix_basis": [
          [
            0.9987756013870239,
            -0.030797142535448074,
            0.03871515765786171,
            0.0
          ],
          [
            0.044585421681404114,
            0.8994666337966919,
            -0.43470901250839233,
            0.0
          ],
          [
            -0.021435197442770004,
            0.435902863740921,
            0.8997384309768677,
            0.0
          ],
          [
            0.0,
            0.0,
            0.0,
            1.0
          ]
        ],
        "rotation_mode": "QUATERNION"
      },
      "armature_space": {
        "head": {
          "x": 0.7958417534828186,
          "y": -0.27604028582572937,
          "z": 0.3609609603881836
        },
        "tail": {
          "x": 0.8189761638641357,
          "y": -0.2823861539363861,
          "z": 0.3455466032028198
        }
      },
      "world_space": {
        "head": {
          "x": 0.7958417534828186,
          "y": -0.21279628574848175,
          "z": 1.3108149766921997
        },
        "tail": {
          "x": 0.8189761638641357,
          "y": -0.2191421538591385,
          "z": 1.295400619506836
        },
        "rotation_quaternion": {
          "w": 0.3119746744632721,
          "x": -0.7802552580833435,
          "y": -0.5398112535476685,
          "z": 0.04977438226342201
        },
        "matrix": [
          [
            0.41225093603134155,
            0.8113241791725159,
            -0.414490282535553,
            0.7958417534828186
          ],
          [
            0.8734394907951355,
            -0.22255022823810577,
            0.4330998659133911,
            -0.21279628574848175
          ],
          [
            0.2591420114040375,
            -0.5405818819999695,
            -0.8003940582275391,
            1.3108149766921997
          ],
          [
            0.0,
            0.0,
            0.0,
            1.0
          ]
        ]
      },
      "bone_length_armature_space": 0.0285144416114659,
      "parent": "metacarpal_index_l",
      "has_children": true,
      "is_end_bone": false
    },
    "index_02_l": {
      "name": "index_02_l",
      "local": {
        "location": {
          "x": 0.0,
          "y": 0.0,
          "z": 0.0
        },
        "rotation_quaternion": {
          "w": 0.9289655685424805,
          "x": 0.3701106905937195,
          "y": 0.005098601803183556,
          "z": 0.0038933136966079473
        },
        "scale": {
          "x": 1.0,
          "y": 1.0,
          "z": 1.0
        },
        "matrix_basis": [
          [
            0.9999176859855652,
            -0.0034594147000461817,
            0.012354765087366104,
            0.0
          ],
          [
            0.011007603257894516,
            0.7260058522224426,
            -0.6876004934310913,
            0.0
          ],
          [
            -0.006590936798602343,
            0.6876798868179321,
            0.7259841561317444,
            0.0
          ],
          [
            0.0,
            0.0,
            0.0,
            1.0
          ]
        ],
        "rotation_mode": "QUATERNION"
      },
      "armature_space": {
        "head": {
          "x": 0.8189762234687805,
          "y": -0.28238630294799805,
          "z": 0.34554606676101685
        },
        "tail": {
          "x": 0.8273030519485474,
          "y": -0.2799036502838135,
          "z": 0.3214089870452881
        }
      },
      "world_space": {
        "head": {
          "x": 0.8189762234687805,
          "y": -0.21914230287075043,
          "z": 1.2954001426696777
        },
        "tail": {
          "x": 0.8273030519485474,
          "y": -0.21665965020656586,
          "z": 1.2712630033493042
        },
        "rotation_quaternion": {
          "w": 0.5506055355072021,
          "x": -0.618901789188385,
          "y": -0.49519869685173035,
          "z": 0.26186323165893555
        },
        "matrix": [
          [
            0.37240904569625854,
            0.3245915472507477,
            -0.8694548606872559,
            0.8189762234687805
          ],
          [
            0.9013268947601318,
            0.09677737951278687,
            0.4221901297569275,
            -0.21914230287075043
          ],
          [
            0.22118519246578217,
            -0.9408968687057495,
            -0.25652363896369934,
            1.2954001426696777
          ],
          [
            0.0,
            0.0,
            0.0,
            1.0
          ]
        ]
      },
      "bone_length_armature_space": 0.025653425704362003,
      "parent": "index_01_l",
      "has_children": true,
      "is_end_bone": false
    },
    "index_03_l": {
      "name": "index_03_l",
      "local": {
        "location": {
          "x": 0.0,
          "y": 0.0,
          "z": 0.0
        },
        "rotation_quaternion": {
          "w": 0.9734808802604675,
          "x": 0.22857296466827393,
          "y": 0.0059049129486083984,
          "z": 0.007377091329544783
        },
        "scale": {
          "x": 1.0,
          "y": 1.0,
          "z": 1.0
        },
        "matrix_basis": [
          [
            0.9998214244842529,
            -0.011663507670164108,
            0.014869047328829765,
            0.0
          ],
          [
            0.017062321305274963,
            0.8953999280929565,
            -0.44493570923805237,
            0.0
          ],
          [
            -0.008124232292175293,
            0.44510993361473083,
            0.895439088344574,
            0.0
          ],
          [
            0.0,
            0.0,
            0.0,
            1.0
          ]
        ],
        "rotation_mode": "QUATERNION"
      },
      "armature_space": {
        "head": {
          "x": 0.8273031711578369,
          "y": -0.27990373969078064,
          "z": 0.3214090168476105
        },
        "tail": {
          "x": 0.823164165019989,
          "y": -0.26844993233680725,
          "z": 0.2948492765426636
        }
      },
      "world_space": {
        "head": {
          "x": 0.8273031711578369,
          "y": -0.21665973961353302,
          "z": 1.2712630033493042
        },
        "tail": {
          "x": 0.823164165019989,
          "y": -0.20520593225955963,
          "z": 1.2447032928466797
        },
        "rotation_quaternion": {
          "w": 0.7241306900978088,
          "x": -0.43070563673973083,
          "y": -0.41429027915000916,
          "z": 0.34422504901885986
        },
        "matrix": [
          [
            0.41974562406539917,
            -0.14165514707565308,
            -0.8965195417404175,
            0.8273031711578369
          ],
          [
            0.8554027676582336,
            0.3920031785964966,
            0.3385559916496277,
            -0.21665973961353302
          ],
          [
            0.30348312854766846,
            -0.9089984893798828,
            0.2857162058353424,
            1.2712630033493042
          ],
          [
            0.0,
            0.0,
            0.0,
            1.0
          ]
        ]
      },
      "bone_length_armature_space": 0.02921884468711392,
      "parent": "index_02_l",
      "has_children": false,
      "is_end_bone": true
    },
    "metacarpal_pinky_l": {
      "name": "metacarpal_pinky_l",
      "local": {
        "location": {
          "x": 0.0,
          "y": 0.0,
          "z": 0.0
        },
        "rotation_quaternion": {
          "w": 0.9998492002487183,
          "x": -0.01579136960208416,
          "y": -0.006408743094652891,
          "z": 0.0033371099270880222
        },
        "scale": {
          "x": 1.0,
          "y": 1.0,
          "z": 1.0
        },
        "matrix_basis": [
          [
            0.9998955726623535,
            -0.006470807828009129,
            -0.012920948676764965,
            0.0
          ],
          [
            0.006875618826597929,
            0.9994789958000183,
            0.031535204499959946,
            0.0
          ],
          [
            0.01271015778183937,
            -0.03162074834108353,
            0.999419093132019,
            0.0
          ],
          [
            0.0,
            0.0,
            0.0,
            1.0
          ]
        ],
        "rotation_mode": "QUATERNION"
      },
      "armature_space": {
        "head": {
          "x": 0.7102729082107544,
          "y": -0.205284982919693,
          "z": 0.3983895480632782
        },
        "tail": {
          "x": 0.8104925751686096,
          "y": -0.2310362309217453,
          "z": 0.41005614399909973
        }
      },
      "world_space": {
        "head": {
          "x": 0.7102729082107544,
          "y": -0.14204098284244537,
          "z": 1.3482435941696167
        },
        "tail": {
          "x": 0.8104925751686096,
          "y": -0.16779223084449768,
          "z": 1.3599101305007935
        },
        "rotation_quaternion": {
          "w": 0.5488621592521667,
          "x": 0.4321034252643585,
          "y": 0.27404430508613586,
          "z": -0.6610118746757507
        },
        "matrix": [
          [
            -0.024072546511888504,
            0.9624404311180115,
            -0.27042344212532043,
            0.7102729082107544
          ],
          [
            -0.4887782335281372,
            -0.2472972869873047,
            -0.8366243243217468,
            -0.14204098284244537
          ],
          [
            -0.8720824718475342,
            0.11203795671463013,
            0.47637540102005005,
            1.3482435941696167
          ],
          [
            0.0,
            0.0,
            0.0,
            1.0
          ]
        ]
      },
      "bone_length_armature_space": 0.10413077214535739,
      "parent": "lowerarm_l",
      "has_children": true,
      "is_end_bone": false
    },
    "pinky_01_l": {
      "name": "pinky_01_l",
      "local": {
        "location": {
          "x": 0.0,
          "y": 0.0,
          "z": 0.0
        },
        "rotation_quaternion": {
          "w": 0.9542573690414429,
          "x": 0.29801446199417114,
          "y": -0.024086380377411842,
          "z": -0.0003602601063903421
        },
        "scale": {
          "x": 1.0,
          "y": 1.0,
          "z": 1.0
        },
        "matrix_basis": [
          [
            0.9988394379615784,
            -0.013668617233633995,
            -0.046183936297893524,
            0.0
          ],
          [
            -0.015043741092085838,
            0.8223745226860046,
            -0.5687476396560669,
            0.0
          ],
          [
            0.045754484832286835,
            0.5687823295593262,
            0.8212144374847412,
            0.0
          ],
          [
            0.0,
            0.0,
            0.0,
            1.0
          ]
        ],
        "rotation_mode": "QUATERNION"
      },
      "armature_space": {
        "head": {
          "x": 0.8104925751686096,
          "y": -0.2310362309217453,
          "z": 0.41005614399909973
        },
        "tail": {
