{
  "metadata": {
    "armature_name": "KIM_caucasian_male",
    "export_time": "2026-01-13T21:05:22.520581",
    "blender_version": "4.4.1",
    "bone_count": 56,
    "end_bone_count": 13,
    "spaces_included": [
      "LOCAL_CHANNELS",
      "ARMATURE_SPACE",
      "WORLD_SPACE"
    ],
    "note": "LOCAL matches Transform panel; replay pose via local.matrix_basis for best fidelity."
  },
  "bones": {
    "Root": {
      "name": "Root",
      "local": {
        "location": {
          "x": 0.0,
          "y": 0.0,
          "z": 0.0
        },
        "rotation_quaternion": {
          "w": 0.9998923540115356,
          "x": 0.006932276301085949,
          "y": 0.012931646779179573,
          "z": 0.0004484477685764432
        },
        "scale": {
          "x": 1.0,
          "y": 1.0,
          "z": 1.0
        },
        "matrix_basis": [
          [
            0.9996651411056519,
            -0.000717507500667125,
            0.02586672641336918,
            0.0
          ],
          [
            0.0010760904988273978,
            0.9999035000801086,
            -0.013851461932063103,
            0.0
          ],
          [
            -0.025854291394352913,
            0.01387465838342905,
            0.9995694160461426,
            0.0
          ],
          [
            0.0,
            0.0,
            0.0,
            1.0
          ]
        ],
        "rotation_mode": "QUATERNION"
      },
      "armature_space": {
        "head": {
          "x": 0.0,
          "y": 0.07072800397872925,
          "z": -0.009595036506652832
        },
        "tail": {
          "x": -5.121272261021659e-05,
          "y": -0.00012630224227905273,
          "z": -0.0009822603315114975
        }
      },
      "world_space": {
        "head": {
          "x": 0.0,
          "y": 0.13397200405597687,
          "z": 0.9402589797973633
        },
        "tail": {
          "x": -5.121272261021659e-05,
          "y": 0.06311769783496857,
          "z": 0.9488717317581177
        },
        "rotation_quaternion": {
          "w": 0.06044387444853783,
          "x": 0.9980878233909607,
          "y": 0.00042374891927465796,
          "z": 0.012932482175529003
        },
        "matrix": [
          [
            0.9996651411056519,
            -0.000717507500667125,
            0.02586672641336918,
            0.0
          ],
          [
            0.0024092616513371468,
            -0.9926927089691162,
            -0.12064608186483383,
            0.13397200405597687
          ],
          [
            0.025764456018805504,
            0.12066789716482162,
            -0.9923655986785889,
            0.9402589797973633
          ],
          [
            0.0,
            0.0,
            0.0,
            1.0
          ]
        ]
      },
      "bone_length_armature_space": 0.071375871702284,
      "parent": null,
      "has_children": true,
      "is_end_bone": false
    },
    "spine_01": {
      "name": "spine_01",
      "local": {
        "location": {
          "x": 0.0,
          "y": 0.0,
          "z": 0.0
        },
        "rotation_quaternion": {
          "w": 0.9978815317153931,
          "x": -0.009283640421926975,
          "y": 0.014233808033168316,
          "z": 0.06279988586902618
        },
        "scale": {
          "x": 1.0,
          "y": 1.0,
          "z": 1.0
        },
        "matrix_basis": [
          [
            0.9917071461677551,
            -0.1255979686975479,
            0.027241285890340805,
            0.0
          ],
          [
            0.12506940960884094,
            0.9919399619102478,
            0.020315710455179214,
            0.0
          ],
          [
            -0.029573330655694008,
            -0.016740184277296066,
            0.9994224309921265,
            0.0
          ],
          [
            0.0,
            0.0,
            0.0,
            1.0
          ]
        ],
        "rotation_mode": "QUATERNION"
      },
      "armature_space": {
        "head": {
          "x": -5.121272261021659e-05,
          "y": -0.00012630224227905273,
          "z": -0.0009822603315114975
        },
        "tail": {
          "x": -0.07383866608142853,
          "y": 0.023793553933501244,
          "z": 0.4808183014392853
        }
      },
      "world_space": {
        "head": {
          "x": -5.121272261021659e-05,
          "y": 0.06311769783496857,
          "z": 0.9488717317581177
        },
        "tail": {
          "x": -0.07383866608142853,
          "y": 0.08703755587339401,
          "z": 1.430672287940979
        },
        "rotation_quaternion": {
          "w": 0.7230141162872314,
          "x": 0.68651282787323,
          "y": -0.04193262383341789,
          "z": 0.06474898755550385
        },
        "matrix": [
          [
            0.9880984425544739,
            -0.15120340883731842,
            0.028267258778214455,
            -5.121272261021659e-05
          ],
          [
            0.03605537861585617,
            0.04901597648859024,
            -0.9981470108032227,
            0.06311769783496857
          ],
          [
            0.1495387852191925,
            0.9872937202453613,
            0.053883761167526245,
            0.9488717317581177
          ],
          [
            0.0,
            0.0,
            0.0,
            1.0
          ]
        ]
      },
      "bone_length_armature_space": 0.48800463768798785,
      "parent": "Root",
      "has_children": true,
      "is_end_bone": false
    },
    "neck_01": {
      "name": "neck_01",
      "local": {
        "location": {
          "x": 0.0,
          "y": 0.0,
          "z": 0.0
        },
        "rotation_quaternion": {
          "w": 0.997887372970581,
          "x": 0.026480944827198982,
          "y": -0.042834315448999405,
          "z": -0.041048314422369
        },
        "scale": {
          "x": 1.0,
          "y": 1.0,
          "z": 1.0
        },
        "matrix_basis": [
          [
            0.992960512638092,
            0.07965460419654846,
            -0.08766163885593414,
            0.0
          ],
          [
            -0.08419177681207657,
            0.995227575302124,
            -0.04933344945311546,
            0.0
          ],
          [
            0.08331365138292313,
            0.05636655539274216,
            0.9949279427528381,
            0.0
          ],
          [
            0.0,
            0.0,
            0.0,
            1.0
          ]
        ],
        "rotation_mode": "QUATERNION"
      },
      "armature_space": {
        "head": {
          "x": -0.08392921835184097,
          "y": -0.007233750075101852,
          "z": 0.5549750924110413
        },
        "tail": {
          "x": -0.08856108784675598,
          "y": -0.046460311859846115,
          "z": 0.6495825052261353
        }
      },
      "world_space": {
        "head": {
          "x": -0.08392921835184097,
          "y": 0.05601025000214577,
          "z": 1.5048291683197021
        },
        "tail": {
          "x": -0.08856108784675598,
          "y": 0.016783688217401505,
          "z": 1.5994365215301514
        },
        "rotation_quaternion": {
          "w": 0.5552926659584045,
          "x": 0.8313479423522949,
          "y": -0.01845845766365528,
          "z": 0.01304606068879366
        },
        "matrix": [
          [
            0.9989781975746155,
            -0.0451795756816864,
            0.0011916980147361755,
            -0.08392921835184097
          ],
          [
            -0.01620226353406906,
            -0.3826185166835785,
            -0.9237644672393799,
            0.05601025000214577
          ],
          [
            0.042191553860902786,
            0.9228072166442871,
            -0.3829631209373474,
            1.5048291683197021
          ],
          [
            0.0,
            0.0,
            0.0,
            1.0
          ]
        ]
      },
      "bone_length_armature_space": 0.10252189793251132,
      "parent": "spine_01",
      "has_children": true,
      "is_end_bone": false
    },
    "head": {
      "name": "head",
      "local": {
        "location": {
          "x": 0.0,
          "y": 0.0,
          "z": 0.0
        },
        "rotation_quaternion": {
          "w": 0.9815583825111389,
          "x": -0.07098139077425003,
          "y": 0.06604078412055969,
          "z": 0.16475263237953186
        },
        "scale": {
          "x": 1.0,
          "y": 1.0,
          "z": 1.0
        },
        "matrix_basis": [
          [
            0.9369903802871704,
            -0.33280399441719055,
            0.10625702887773514,
            0.0
          ],
          [
            0.31405332684516907,
            0.9356364011764526,
            0.16110554337501526,
            0.0
          ],
          [
            -0.153034508228302,
            -0.1175839751958847,
            0.9812005162239075,
            0.0
          ],
          [
            0.0,
            0.0,
            0.0,
            1.0
          ]
        ],
        "rotation_mode": "QUATERNION"
      },
      "armature_space": {
        "head": {
          "x": -0.08856108784675598,
          "y": -0.04646042734384537,
          "z": 0.6495823860168457
        },
        "tail": {
          "x": -0.14605295658111572,
          "y": -0.03054707497358322,
          "z": 0.792742133140564
        }
      },
      "world_space": {
        "head": {
          "x": -0.08856108784675598,
          "y": 0.016783572733402252,
          "z": 1.5994364023208618
        },
        "tail": {
          "x": -0.14605295658111572,
          "y": 0.0326969251036644,
          "z": 1.74259614944458
        },
        "rotation_quaternion": {
          "w": 0.7365624308586121,
          "x": 0.6481281518936157,
          "y": -0.09369677305221558,
          "z": 0.1691943109035492
        },
        "matrix": [
          [
            0.9251882433891296,
            -0.3706994950771332,
            0.08129414170980453,
            -0.08856108784675598
          ],
          [
            0.1277916580438614,
            0.10260707139968872,
            -0.9864792227745056,
            0.016783572733402252
          ],
          [
            0.35734862089157104,
            0.9230741858482361,
            0.14230318367481232,
            1.5994364023208618
          ],
          [
            0.0,
            0.0,
            0.0,
            1.0
          ]
        ]
      },
      "bone_length_armature_space": 0.1550911420518003,
      "parent": "neck_01",
      "has_children": false,
      "is_end_bone": true
    },
    "upperarm_l": {
      "name": "upperarm_l",
      "local": {
        "location": {
          "x": 0.0,
          "y": 0.0,
          "z": 0.0
        },
        "rotation_quaternion": {
          "w": 0.8153782486915588,
          "x": 0.5008628964424133,
          "y": -0.2110128551721573,
          "z": 0.1994202733039856
        },
        "scale": {
          "x": 1.0,
          "y": 1.0,
          "z": 1.0
        },
        "matrix_basis": [
          [
            0.83141028881073,
            -0.5365829467773438,
            -0.14434614777565002,
            0.0
          ],
          [
            0.11382889002561569,
            0.4187358319759369,
            -0.9009459018707275,
            0.0
          ],
          [
            0.5438750386238098,
            0.7326249480247498,
            0.4092198610305786,
            0.0
          ],
          [
            0.0,
            0.0,
            0.0,
            1.0
          ]
        ],
        "rotation_mode": "QUATERNION"
      },
      "armature_space": {
        "head": {
          "x": 0.0745377391576767,
          "y": -0.00830291211605072,
          "z": 0.5112239718437195
        },
        "tail": {
          "x": 0.18093270063400269,
          "y": -0.19198447465896606,
          "z": 0.6747756600379944
        }
      },
      "world_space": {
        "head": {
          "x": 0.0745377391576767,
          "y": 0.0549410879611969,
          "z": 1.4610779285430908
        },
        "tail": {
          "x": 0.18093270063400269,
          "y": -0.12874047458171844,
          "z": 1.6246297359466553
        },
        "rotation_quaternion": {
          "w": 0.39239031076431274,
          "x": 0.6888769865036011,
          "y": -0.057447660714387894,
          "z": -0.606776773929596
        },
        "matrix": [
          [
            0.2570432722568512,
            0.3970414400100708,
            -0.8810716271400452,
            0.0745377391576767
          ],
          [
            -0.5553359985351562,
            -0.685457170009613,
            -0.47090408205986023,
            0.0549410879611969
          ],
          [
            -0.7909112572669983,
            0.6103371381759644,
            0.04429923743009567,
            1.4610779285430908
          ],
          [
            0.0,
            0.0,
            0.0,
            1.0
          ]
        ]
      },
      "bone_length_armature_space": 0.26797006783286487,
      "parent": "spine_01",
      "has_children": true,
      "is_end_bone": false
    },
    "lowerarm_l": {
      "name": "lowerarm_l",
      "local": {
        "location": {
          "x": 0.0,
          "y": 0.0,
          "z": 0.0
        },
        "rotation_quaternion": {
          "w": 0.9085206985473633,
          "x": 0.33417239785194397,
          "y": 0.11068996042013168,
          "z": -0.22509285807609558
        },
        "scale": {
          "x": 1.0,
          "y": 1.0,
          "z": 1.0
        },
        "matrix_basis": [
          [
            0.8741618990898132,
            0.4829820990562439,
            0.050688598304986954,
            0.0
          ],
          [
            -0.33502396941185,
            0.675324022769928,
            -0.6570361256599426,
            0.0
          ],
          [
            -0.3515678942203522,
            0.5573740601539612,
            0.7521530985832214,
            0.0
          ],
          [
            0.0,
            0.0,
            0.0,
            1.0
          ]
        ],
        "rotation_mode": "QUATERNION"
      },
      "armature_space": {
        "head": {
          "x": 0.1809326708316803,
          "y": -0.19198450446128845,
          "z": 0.6747758388519287
        },
        "tail": {
          "x": 0.10781173408031464,
          "y": -0.44683587551116943,
          "z": 0.7104614973068237
        }
      },
      "world_space": {
        "head": {
          "x": 0.1809326708316803,
          "y": -0.12874050438404083,
          "z": 1.6246298551559448
        },
        "tail": {
          "x": 0.10781173408031464,
          "y": -0.383591890335083,
          "z": 1.6603155136108398
        },
        "rotation_quaternion": {
          "w": 0.018859386444091797,
          "x": -0.8281819224357605,
          "y": 0.15274196863174438,
          "z": 0.5389147996902466
        },
        "matrix": [
          [
            0.37248164415359497,
            -0.27332428097724915,
            -0.8868774771690369,
            0.1809326708316803
          ],
          [
            -0.23266953229904175,
            -0.9526282548904419,
            0.19586829841136932,
            -0.12874050438404083
          ],
          [
            -0.8984066247940063,
            0.1333920657634735,
            -0.4184333384037018,
            1.6246298551559448
          ],
          [
            0.0,
            0.0,
            0.0,
            1.0
          ]
        ]
      },
      "bone_length_armature_space": 0.26752450242109227,
      "parent": "upperarm_l",
      "has_children": true,
      "is_end_bone": false
    },
    "metacarpal_thumb_l": {
      "name": "metacarpal_thumb_l",
      "local": {
        "location": {
          "x": 0.0,
          "y": 0.0,
          "z": 0.0
        },
        "rotation_quaternion": {
          "w": 0.9985498189926147,
          "x": -0.051921434700489044,
          "y": 0.013974033296108246,
          "z": 0.002687743864953518
        },
        "scale": {
          "x": 1.0,
          "y": 1.0,
          "z": 1.0
        },
        "matrix_basis": [
          [
            0.9995949864387512,
            -0.006818796042352915,
            0.02762843295931816,
            0.0
          ],
          [
            0.003916588611900806,
            0.9945938587188721,
            0.10376739501953125,
            0.0
          ],
          [
            -0.02818663977086544,
            -0.10361716151237488,
            0.9942177534103394,
            0.0
          ],
          [
            0.0,
            0.0,
            0.0,
            1.0
          ]
        ],
        "rotation_mode": "QUATERNION"
      },
      "armature_space": {
        "head": {
          "x": 0.10781173408031464,
          "y": -0.44683587551116943,
          "z": 0.7104614973068237
        },
        "tail": {
          "x": 0.07228498160839081,
          "y": -0.47968590259552,
          "z": 0.6998637318611145
        }
      },
      "world_space": {
        "head": {
          "x": 0.10781173408031464,
          "y": -0.383591890335083,
          "z": 1.6603155136108398
        },
        "tail": {
          "x": 0.07228498160839081,
          "y": -0.4164419174194336,
          "z": 1.6497178077697754
        },
        "rotation_quaternion": {
          "w": 0.018218332901597023,
          "x": -0.8845765590667725,
          "y": 0.40996965765953064,
          "z": -0.22162458300590515
        },
        "matrix": [
          [
            0.5656144022941589,
            -0.7172244191169739,
            0.40702539682388306,
            0.10781173408031464
          ],
          [
            -0.7333741784095764,
            -0.6631855964660645,
            -0.14948934316635132,
            -0.383591890335083
          ],
          [
            0.377152681350708,
            -0.21395054459571838,
            -0.9011077880859375,
            1.6603155136108398
          ],
          [
            0.0,
            0.0,
            0.0,
            1.0
          ]
        ]
      },
      "bone_length_armature_space": 0.0495336960036425,
      "parent": "lowerarm_l",
      "has_children": true,
      "is_end_bone": false
    },
    "thumb_01_l": {
      "name": "thumb_01_l",
      "local": {
        "location": {
          "x": 0.0,
          "y": 0.0,
          "z": 0.0
        },
        "rotation_quaternion": {
          "w": 0.9593456983566284,
          "x": 0.28209248185157776,
          "y": 0.00867721438407898,
          "z": 0.0021038507111370564
        },
        "scale": {
          "x": 1.0,
          "y": 1.0,
          "z": 1.0
        },
        "matrix_basis": [
          [
            0.9998405575752258,
            0.000858913641422987,
            0.01783585734665394,
            0.0
          ],
          [
            0.008932193741202354,
            0.8408387899398804,
            -0.5412119030952454,
            0.0
          ],
          [
            -0.01546193566173315,
            0.5412849187850952,
            0.8406970500946045,
            0.0
          ],
          [
            0.0,
            0.0,
            0.0,
            1.0
          ]
        ],
        "rotation_mode": "QUATERNION"
      },
      "armature_space": {
        "head": {
          "x": 0.07228498160839081,
          "y": -0.47968590259552,
          "z": 0.6998637318611145
        },
        "tail": {
          "x": 0.07528398931026459,
          "y": -0.5075336694717407,
          "z": 0.6805210113525391
        }
      },
      "world_space": {
        "head": {
          "x": 0.07228498160839081,
          "y": -0.4164419174194336,
          "z": 1.6497178077697754
        },
        "tail": {
          "x": 0.07528398931026459,
          "y": -0.4442896842956543,
          "z": 1.6303750276565552
        },
        "rotation_quaternion": {
          "w": 0.12923194468021393,
          "x": -0.27178099751472473,
          "y": 0.27246642112731934,
          "z": -0.9138907790184021
        },
        "matrix": [
          [
            -0.8188685178756714,
            0.088106170296669,
            0.5671787261962891,
            0.07228498160839081
          ],
          [
            -0.3843100070953369,
            -0.8181228637695312,
            -0.427762508392334,
            -0.4164419174194336
          ],
          [
            0.42633622884750366,
            -0.5682585835456848,
            0.7037996649742126,
            1.6497178077697754
          ],
          [
            0.0,
            0.0,
            0.0,
            1.0
          ]
        ]
      },
      "bone_length_armature_space": 0.034038698286799715,
      "parent": "metacarpal_thumb_l",
      "has_children": true,
      "is_end_bone": false
    },
    "thumb_02_l": {
      "name": "thumb_02_l",
      "local": {
        "location": {
          "x": 0.0,
          "y": 0.0,
          "z": 0.0
        },
        "rotation_quaternion": {
          "w": 0.893415629863739,
          "x": 0.4491749405860901,
          "y": 0.004840454552322626,
          "z": 0.005214424803853035
        },
        "scale": {
          "x": 1.0,
          "y": 1.0,
          "z": 1.0
        },
        "matrix_basis": [
          [
            0.9998987317085266,
            -0.004968875553458929,
            0.013333453796803951,
            0.0
          ],
          [
            0.013665718957781792,
            0.5964293479919434,
            -0.8025493621826172,
            0.0
          ],
          [
            -0.003964697476476431,
            0.8026503324508667,
            0.5964368581771851,
            0.0
          ],
          [
            0.0,
            0.0,
            0.0,
            1.0
          ]
        ],
        "rotation_mode": "QUATERNION"
      },
      "armature_space": {
        "head": {
          "x": 0.07528398931026459,
          "y": -0.507533609867096,
          "z": 0.6805209517478943
        },
        "tail": {
          "x": 0.07033641636371613,
          "y": -0.5154231786727905,
          "z": 0.7195910811424255
        }
      },
      "world_space": {
        "head": {
          "x": 0.07528398931026459,
          "y": -0.4442896246910095,
          "z": 1.6303749084472656
        },
        "tail": {
          "x": 0.07033641636371613,
          "y": -0.4521791934967041,
          "z": 1.6694450378417969
        },
        "rotation_quaternion": {
          "w": 0.06552432477474213,
          "x": -0.017327874898910522,
          "y": 0.6304682493209839,
          "z": 0.7732503414154053
        },
        "matrix": [
          [
            -0.9908125996589661,
            -0.12318295240402222,
            0.05582508072257042,
            0.07528398931026459
          ],
          [
            0.07948467880487442,
            -0.19643229246139526,
            0.9772903919219971,
            -0.4442896246910095
          ],
          [
            -0.10942019522190094,
            0.9727557301521301,
            0.20442113280296326,
            1.6303749084472656
          ],
          [
            0.0,
            0.0,
            0.0,
            1.0
          ]
        ]
      },
      "bone_length_armature_space": 0.04016464521135087,
      "parent": "thumb_01_l",
      "has_children": true,
      "is_end_bone": false
    },
    "thumb_03_l": {
      "name": "thumb_03_l",
      "local": {
        "location": {
          "x": 0.0,
          "y": 0.0,
          "z": 0.0
        },
        "rotation_quaternion": {
          "w": 0.9839113354682922,
          "x": 0.17857712507247925,
          "y": 0.004635736811906099,
          "z": -0.0026767721865326166
        },
        "scale": {
          "x": 1.0,
          "y": 1.0,
          "z": 1.0
        },
        "matrix_basis": [
          [
            0.9999426603317261,
            0.006923086009919643,
            0.00816628709435463,
            0.0
          ],
          [
            -0.00361173995770514,
            0.9362061023712158,
            -0.3514329195022583,
            0.0
          ],
          [
            -0.010078328661620617,
            0.3513832986354828,
            0.9361774325370789,
            0.0
          ],
          [
            0.0,
            0.0,
            0.0,
            1.0
          ]
        ],
        "rotation_mode": "QUATERNION"
      },
      "armature_space": {
        "head": {
          "x": 0.07033637166023254,
          "y": -0.5154232382774353,
          "z": 0.7195910811424255
        },
        "tail": {
          "x": 0.06848559528589249,
          "y": -0.5034610629081726,
          "z": 0.7475264668464661
        }
      },
      "world_space": {
        "head": {
          "x": 0.07033637166023254,
          "y": -0.4521792531013489,
          "z": 1.6694450378417969
        },
        "tail": {
          "x": 0.06848559528589249,
          "y": -0.4402170777320862,
          "z": 1.697380542755127
        },
        "rotation_quaternion": {
          "w": 0.11754753440618515,
          "x": 0.11349175870418549,
          "y": -0.8262192010879517,
          "z": -0.5391326546669006
        },
        "matrix": [
          [
            -0.9466044306755066,
            -0.06079105660319328,
            -0.3166143000125885,
            0.07033637166023254
          ],
          [
            -0.31428563594818115,
            0.3929116129875183,
            0.8642020225524902,
            -0.4521792531013489
          ],
          [
            0.07186610251665115,
            0.9175716638565063,
            -0.39103949069976807,
            1.6694450378417969
          ],
          [
            0.0,
            0.0,
            0.0,
            1.0
          ]
        ]
      },
      "bone_length_armature_space": 0.03044511150961015,
      "parent": "thumb_02_l",
      "has_children": false,
      "is_end_bone": true
    },
    "metacarpal_index_l": {
      "name": "metacarpal_index_l",
      "local": {
        "location": {
          "x": 0.0,
          "y": 0.0,
          "z": 0.0
        },
        "rotation_quaternion": {
          "w": 0.9996417760848999,
          "x": -0.023677952587604523,
          "y": 0.0024476107209920883,
          "z": -0.012233659625053406
        },
        "scale": {
          "x": 1.0,
          "y": 1.0,
          "z": 1.0
        },
        "matrix_basis": [
          [
            0.9996886849403381,
            0.024342644959688187,
            0.005472803954035044,
            0.0
          ],
          [
            -0.024574464187026024,
            0.9985793828964233,
            0.047279056161642075,
            0.0
          ],
          [
            -0.004314132034778595,
            -0.047398827970027924,
            0.9988667368888855,
            0.0
          ],
          [
            0.0,
            0.0,
            0.0,
            1.0
          ]
        ],
        "rotation_mode": "QUATERNION"
      },
      "armature_space": {
        "head": {
          "x": 0.10781173408031464,
          "y": -0.44683587551116943,
          "z": 0.7104614973068237
        },
        "tail": {
          "x": 0.05103578045964241,
          "y": -0.5493323802947998,
          "z": 0.7100444436073303
        }
      },
      "world_space": {
        "head": {
          "x": 0.10781173408031464,
          "y": -0.383591890335083,
          "z": 1.6603155136108398
        },
        "tail": {
          "x": 0.05103578045964241,
          "y": -0.4860883951187134,
          "z": 1.6598985195159912
        },
        "rotation_quaternion": {
          "w": 0.02216459810733795,
          "x": -0.964981198310852,
          "y": 0.2492617964744568,
          "z": 0.07866863906383514
        },
        "matrix": [
          [
            0.8633598685264587,
            -0.48455333709716797,
            -0.1407775580883026,
            0.10781173408031464
          ],
          [
            -0.4775785505771637,
            -0.8747546076774597,
            0.08199477195739746,
            -0.383591890335083
          ],
          [
            -0.16287845373153687,
            -0.003559466451406479,
            -0.9866470694541931,
            1.6603155136108398
          ],
          [
            0.0,
            0.0,
            0.0,
            1.0
          ]
        ]
      },
      "bone_length_armature_space": 0.11717173951176527,
      "parent": "lowerarm_l",
      "has_children": true,
      "is_end_bone": false
    },
    "index_01_l": {
      "name": "index_01_l",
      "local": {
        "location": {
          "x": 0.0,
          "y": 0.0,
          "z": 0.0
        },
        "rotation_quaternion": {
          "w": 0.9538559913635254,
          "x": 0.2995299696922302,
          "y": -0.016146060079336166,
          "z": 0.013415240682661533
        },
        "scale": {
          "x": 1.0,
          "y": 1.0,
          "z": 1.0
        },
        "matrix_basis": [
          [
            0.9991186857223511,
            -0.03526487201452255,
            -0.022765498608350754,
            0.0
          ],
          [
            0.01591995730996132,
            0.8202036619186401,
            -0.5718501210212708,
            0.0
          ],
          [
            0.03883856534957886,
            0.5709837079048157,
            0.8200421929359436,
            0.0
          ],
          [
            0.0,
            0.0,
            0.0,
            1.0
          ]
        ],
        "rotation_mode": "QUATERNION"
      },
      "armature_space": {
        "head": {
          "x": 0.05103578045964241,
          "y": -0.5493323802947998,
          "z": 0.7100444436073303
        },
        "tail": {
          "x": 0.04446558654308319,
          "y": -0.5731406807899475,
          "z": 0.6957941055297852
        }
      },
      "world_space": {
        "head": {
          "x": 0.05103578045964241,
          "y": -0.4860883951187134,
          "z": 1.6598985195159912
        },
        "tail": {
          "x": 0.04446558654308319,
          "y": -0.5098966956138611,
          "z": 1.6456481218338013
        },
        "rotation_quaternion": {
          "w": 0.26836636662483215,
          "x": -0.955685555934906,
          "y": 0.10247473418712616,
          "z": 0.06437010318040848
        },
        "matrix": [
          [
            0.9707111716270447,
            -0.23041695356369019,
            -0.06803297251462936,
            0.05103578045964241
          ],
          [
            -0.16131813824176788,
            -0.8349571824073792,
            0.5261398553848267,
            -0.4860883951187134
          ],
          [
            -0.17803774774074554,
            -0.49975910782814026,
            -0.847678005695343,
            1.6598985195159912
          ],
          [
            0.0,
            0.0,
            0.0,
            1.0
          ]
        ]
      },
      "bone_length_armature_space": 0.02851446566098878,
      "parent": "metacarpal_index_l",
      "has_children": true,
      "is_end_bone": false
    },
    "index_02_l": {
      "name": "index_02_l",
      "local": {
        "location": {
          "x": 0.0,
          "y": 0.0,
          "z": 0.0
        },
        "rotation_quaternion": {
          "w": 0.9058027267456055,
          "x": 0.4236338436603546,
          "y": -0.006529311649501324,
          "z": -0.003653871361166239
        },
        "scale": {
          "x": 1.0,
          "y": 1.0,
          "z": 1.0
        },
        "matrix_basis": [
          [
            0.9998880624771118,
            0.0010872985003516078,
            -0.014924343675374985,
            0.0
          ],
          [
            -0.012151448056101799,
            0.6410420536994934,
            -0.7674096822738647,
            0.0
          ],
          [
            0.008732729591429234,
            0.7675051093101501,
            0.6409834623336792,
            0.0
          ],
          [
            0.0,
            0.0,
            0.0,
            1.0
          ]
        ],
        "rotation_mode": "QUATERNION"
      },
      "armature_space": {
        "head": {
          "x": 0.04446524381637573,
          "y": -0.5731407403945923,
          "z": 0.6957936882972717
        },
        "tail": {
          "x": 0.038501136004924774,
          "y": -0.5773049592971802,
          "z": 0.6711931228637695
        }
      },
      "world_space": {
        "head": {
          "x": 0.04446524381637573,
          "y": -0.5098967552185059,
          "z": 1.6456477642059326
        },
        "tail": {
          "x": 0.038501136004924774,
          "y": -0.5140609741210938,
          "z": 1.6210471391677856
        },
        "rotation_quaternion": {
          "w": 0.6385720372200012,
          "x": -0.760219931602478,
          "y": 0.10518079996109009,
          "z": 0.0568205863237381
        },
        "matrix": [
          [
            0.9714171290397644,
            -0.23248928785324097,
            0.047940224409103394,
            0.04446524381637573
          ],
          [
            -0.08735453337430954,
            -0.16232618689537048,
            0.9828630089759827,
            -0.5098967552185059
          ],
          [
            -0.2207249402999878,
            -0.958964467048645,
            -0.1779957413673401,
            1.6456477642059326
          ],
          [
            0.0,
            0.0,
            0.0,
            1.0
          ]
        ]
      },
      "bone_length_armature_space": 0.025653443138441676,
      "parent": "index_01_l",
      "has_children": true,
      "is_end_bone": false
    },
    "index_03_l": {
      "name": "index_03_l",
      "local": {
        "location": {
          "x": 0.0,
          "y": 0.0,
          "z": 0.0
        },
        "rotation_quaternion": {
          "w": 0.9241955876350403,
          "x": 0.38187375664711,
          "y": 0.0057920836843550205,
          "z": 0.0011902264086529613
        },
        "scale": {
          "x": 1.0,
          "y": 1.0,
          "z": 1.0
        },
        "matrix_basis": [
          [
            0.9999300837516785,
            0.0022236856166273355,
            0.011615068651735783,
            0.0
          ],
          [
            0.006623693276196718,
            0.7083420157432556,
            -0.7058383226394653,
            0.0
          ],
          [
            -0.00979700405150652,
            0.7058658599853516,
            0.7082777619361877,
            0.0
          ],
          [
            0.0,
            0.0,
            0.0,
            1.0
          ]
        ],
        "rotation_mode": "QUATERNION"
      },
      "armature_space": {
        "head": {
          "x": 0.038501106202602386,
          "y": -0.5773050785064697,
          "z": 0.6711931228637695
        },
        "tail": {
          "x": 0.03848164901137352,
          "y": -0.5586904287338257,
          "z": 0.6486712694168091
        }
      },
      "world_space": {
        "head": {
          "x": 0.038501106202602386,
          "y": -0.5140610933303833,
          "z": 1.6210471391677856
        },
        "tail": {
          "x": 0.03848164901137352,
          "y": -0.49544644355773926,
          "z": 1.5985252857208252
        },
        "rotation_quaternion": {
          "w": 0.8999297022819519,
          "x": -0.42375749349594116,
          "y": 0.09309592843055725,
          "z": -0.043466780334711075
        },
        "matrix": [
          [
            0.9788879752159119,
            -0.0006659477949142456,
            0.20439814031124115,
            0.038501106202602386
          ],
          [
            -0.15713420510292053,
            0.637080192565918,
            0.754611074924469,
            -0.5140610933303833
          ],
          [
            -0.130721777677536,
            -0.77080237865448,
            0.6235306262969971,
            1.6210471391677856
          ],
          [
            0.0,
            0.0,
            0.0,
            1.0
          ]
        ]
      },
      "bone_length_armature_space": 0.02921882056766457,
      "parent": "index_02_l",
      "has_children": false,
      "is_end_bone": true
    },
    "metacarpal_pinky_l": {
      "name": "metacarpal_pinky_l",
      "local": {
        "location": {
          "x": 0.0,
          "y": 0.0,
          "z": 0.0
        },
        "rotation_quaternion": {
          "w": 0.9989432096481323,
          "x": -0.04593793675303459,
          "y": 0.0013419237220659852,
          "z": 0.0006305098067969084
        },
        "scale": {
          "x": 1.0,
          "y": 1.0,
          "z": 1.0
        },
        "matrix_basis": [
          [
            0.9999955892562866,
            -0.0013829773524776101,
            0.0026230826042592525,
            0.0
          ],
          [
            0.0011363965459167957,
            0.9957786202430725,
            0.09178046882152557,
            0.0
          ],
          [
            -0.002738939831033349,
            -0.09177708625793457,
            0.9957758188247681,
            0.0
          ],
          [
            0.0,
            0.0,
            0.0,
            1.0
          ]
        ],
        "rotation_mode": "QUATERNION"
      },
      "armature_space": {
        "head": {
          "x": 0.10781173408031464,
          "y": -0.44683587551116943,
          "z": 0.7104614973068237
        },
        "tail": {
          "x": 0.11486610025167465,
          "y": -0.549052894115448,
          "z": 0.7290393114089966
        }
      },
      "world_space": {
        "head": {
          "x": 0.10781173408031464,
          "y": -0.383591890335083,
          "z": 1.6603155136108398
        },
        "tail": {
          "x": 0.11486610025167465,
          "y": -0.4858089089393616,
          "z": 1.6788933277130127
        },
        "rotation_quaternion": {
          "w": 0.06075657531619072,
          "x": 0.3164799213409424,
          "y": -0.07414700835943222,
          "z": -0.9437432885169983
        },
        "matrix": [
          [
            -0.7922983169555664,
            0.06774527579545975,
            -0.6063615679740906,
            0.10781173408031464
          ],
          [
            -0.16160960495471954,
            -0.9816218018531799,
            0.10149499773979187,
            -0.383591890335083
          ],
          [
            -0.588346004486084,
            0.17840847373008728,
            0.7886912226676941,
            1.6603155136108398
          ],
          [
            0.0,
            0.0,
            0.0,
            1.0
          ]
        ]
      },
      "bone_length_armature_space": 0.10413077429396043,
      "parent": "lowerarm_l",
      "has_children": true,
      "is_end_bone": false
    },
    "pinky_01_l": {
      "name": "pinky_01_l",
      "local": {
        "location": {
          "x": 0.0,
          "y": 0.0,
          "z": 0.0
        },
        "rotation_quaternion": {
          "w": 0.9527480006217957,
          "x": 0.30324769020080566,
          "y": -0.016701793298125267,
          "z": 0.00577376177534461
        },
        "scale": {
          "x": 1.0,
          "y": 1.0,
          "z": 1.0
        },
        "matrix_basis": [
          [
            0.9993754029273987,
            -0.021131440997123718,
            -0.02832343988120556,
            0.0
          ],
          [
            0.0008723195060156286,
            0.8160150051116943,
            -0.5780301094055176,
            0.0
          ],
          [
            0.03532696142792702,
            0.577644407749176,
            0.8155238032341003,
            0.0
          ],
          [
            0.0,
            0.0,
            0.0,
            1.0
          ]
        ],
        "rotation_mode": "QUATERNION"
      },
      "armature_space": {
        "head": {
          "x": 0.11486610025167465,
          "y": -0.549052894115448,
          "z": 0.7290393114089966
        },
