{
  "metadata": {
    "armature_name": "KIM_caucasian_male",
    "export_time": "2026-01-13T21:00:29.246783",
    "blender_version": "4.4.1",
    "bone_count": 56,
    "end_bone_count": 13,
    "spaces_included": [
      "LOCAL_CHANNELS",
      "ARMATURE_SPACE",
      "WORLD_SPACE"
    ],
    "note": "LOCAL matches Transform panel; replay pose via local.matrix_basis for best fidelity."
  },
  "bones": {
    "Root": {
      "name": "Root",
      "local": {
        "location": {
          "x": 0.0,
          "y": 0.0,
          "z": 0.0
        },
        "rotation_quaternion": {
          "w": 0.9997881650924683,
          "x": 0.01442462857812643,
          "y": -0.001811002497561276,
          "z": 0.014571174047887325
        },
        "scale": {
          "x": 1.0,
          "y": 1.0,
          "z": 1.0
        },
        "matrix_basis": [
          [
            0.9995688199996948,
            -0.02918842062354088,
            -0.0032008702401071787,
            0.0
          ],
          [
            0.02908392809331417,
            0.9991592168807983,
            -0.028895922005176544,
            0.0
          ],
          [
            0.0040416051633656025,
            0.028790369629859924,
            0.9995772838592529,
            0.0
          ],
          [
            0.0,
            0.0,
            0.0,
            1.0
          ]
        ],
        "rotation_mode": "QUATERNION"
      },
      "armature_space": {
        "head": {
          "x": 0.0,
          "y": 0.07072800397872925,
          "z": -0.009595036506652832
        },
        "tail": {
          "x": -0.002083348808810115,
          "y": -0.00021677464246749878,
          "z": -0.002044367603957653
        }
      },
      "world_space": {
        "head": {
          "x": 0.0,
          "y": 0.13397200405597687,
          "z": 0.9402589797973633
        },
        "tail": {
          "x": -0.002083348808810115,
          "y": 0.06302722543478012,
          "z": 0.947809636592865
        },
        "rotation_quaternion": {
          "w": 0.05296152085065842,
          "x": 0.9984886050224304,
          "y": -0.014660075306892395,
          "z": -0.0008252605912275612
        },
        "matrix": [
          [
            0.9995688199996948,
            -0.02918842062354088,
            -0.0032008702401071787,
            0.0
          ],
          [
            -0.029363248497247696,
            -0.9939603209495544,
            -0.10573922097682953,
            0.13397200405597687
          ],
          [
            -9.52053815126419e-05,
            0.10578741878271103,
            -0.9943957924842834,
            0.9402589797973633
          ],
          [
            0.0,
            0.0,
            0.0,
            1.0
          ]
        ]
      },
      "bone_length_armature_space": 0.07137586730148977,
      "parent": null,
      "has_children": true,
      "is_end_bone": false
    },
    "spine_01": {
      "name": "spine_01",
      "local": {
        "location": {
          "x": 0.0,
          "y": 0.0,
          "z": 0.0
        },
        "rotation_quaternion": {
          "w": 0.9926043748855591,
          "x": 0.08305765688419342,
          "y": -0.06718370318412781,
          "z": 0.057658057659864426
        },
        "scale": {
          "x": 1.0,
          "y": 1.0,
          "z": 1.0
        },
        "matrix_basis": [
          [
            0.9843237996101379,
            -0.12562352418899536,
            -0.12379579246044159,
            0.0
          ],
          [
            0.10330303758382797,
            0.9795539379119873,
            -0.17263415455818176,
            0.0
          ],
          [
            0.14295156300067902,
            0.15713942050933838,
            0.9771755337715149,
            0.0
          ],
          [
            0.0,
            0.0,
            0.0,
            1.0
          ]
        ],
        "rotation_mode": "QUATERNION"
      },
      "armature_space": {
        "head": {
          "x": -0.002083348808810115,
          "y": -0.00021677464246749878,
          "z": -0.002044367603957653
        },
        "tail": {
          "x": -0.06531580537557602,
          "y": -0.06650292128324509,
          "z": 0.4772845506668091
        }
      },
      "world_space": {
        "head": {
          "x": -0.002083348808810115,
          "y": 0.06302722543478012,
          "z": 0.947809636592865
        },
        "tail": {
          "x": -0.06531580537557602,
          "y": -0.003258921205997467,
          "z": 1.4271385669708252
        },
        "rotation_quaternion": {
          "w": 0.6497756242752075,
          "x": 0.7534423470497131,
          "y": -0.0993756651878357,
          "z": -0.015523349866271019
        },
        "matrix": [
          [
            0.9797669053077698,
            -0.12957438826560974,
            -0.15253637731075287,
            -0.002083348808810115
          ],
          [
            -0.16992172598838806,
            -0.13583192229270935,
            -0.9760514497756958,
            0.06302722543478012
          ],
          [
            0.10575253516435623,
            0.9822289347648621,
            -0.15510308742523193,
            0.947809636592865
          ],
          [
            0.0,
            0.0,
            0.0,
            1.0
          ]
        ]
      },
      "bone_length_armature_space": 0.4880045268797722,
      "parent": "Root",
      "has_children": true,
      "is_end_bone": false
    },
    "neck_01": {
      "name": "neck_01",
      "local": {
        "location": {
          "x": 0.0,
          "y": 0.0,
          "z": 0.0
        },
        "rotation_quaternion": {
          "w": 0.9939039945602417,
          "x": 0.002396100200712681,
          "y": -0.09609060734510422,
          "z": -0.053997404873371124
        },
        "scale": {
          "x": 1.0,
          "y": 1.0,
          "z": 1.0
        },
        "matrix_basis": [
          [
            0.9757017493247986,
            0.10687598586082458,
            -0.1912684440612793,
            0.0
          ],
          [
            -0.10779695957899094,
            0.994157075881958,
            0.005614299792796373,
            0.0
          ],
          [
            0.19075091183185577,
            0.015140273608267307,
            0.981521725654602,
            0.0
          ],
          [
            0.0,
            0.0,
            0.0,
            1.0
          ]
        ],
        "rotation_mode": "QUATERNION"
      },
      "armature_space": {
        "head": {
          "x": -0.08009307831525803,
          "y": -0.11029821634292603,
          "z": 0.5438228249549866
        },
        "tail": {
          "x": -0.08762739598751068,
          "y": -0.1640966385602951,
          "z": 0.6307692527770996
        }
      },
      "world_space": {
        "head": {
          "x": -0.08009307831525803,
          "y": -0.047054216265678406,
          "z": 1.4936769008636475
        },
        "tail": {
          "x": -0.08762739598751068,
          "y": -0.10085263848304749,
          "z": 1.5806232690811157
        },
        "rotation_quaternion": {
          "w": 0.47692418098449707,
          "x": 0.8666618466377258,
          "y": -0.10082902759313583,
          "z": -0.10617968440055847
        },
        "matrix": [
          [
            0.9571188688278198,
            -0.0734902024269104,
            -0.2802194356918335,
            -0.08009307831525803
          ],
          [
            -0.276048868894577,
            -0.5247534513473511,
            -0.8052522540092468,
            -0.047054216265678406
          ],
          [
            -0.0878688395023346,
            0.8480815887451172,
            -0.5225427150726318,
            1.4936769008636475
          ],
          [
            0.0,
            0.0,
            0.0,
            1.0
          ]
        ]
      },
      "bone_length_armature_space": 0.10252179031563882,
      "parent": "spine_01",
      "has_children": true,
      "is_end_bone": false
    },
    "head": {
      "name": "head",
      "local": {
        "location": {
          "x": 0.0,
          "y": 0.0,
          "z": 0.0
        },
        "rotation_quaternion": {
          "w": 0.9743695259094238,
          "x": -0.04867006838321686,
          "y": -0.018693873658776283,
          "z": -0.2188287377357483
        },
        "scale": {
          "x": 1.0,
          "y": 1.0,
          "z": 1.0
        },
        "matrix_basis": [
          [
            0.9035290479660034,
            0.4282597601413727,
            -0.015128662809729576,
            0.0
          ],
          [
            -0.42462044954299927,
            0.8994904160499573,
            0.10302677750587463,
            0.0
          ],
          [
            0.0577303022146225,
            -0.08666375279426575,
            0.9945635199546814,
            0.0
          ],
          [
            0.0,
            0.0,
            0.0,
            1.0
          ]
        ],
        "rotation_mode": "QUATERNION"
      },
      "armature_space": {
        "head": {
          "x": -0.08762743324041367,
          "y": -0.16409672796726227,
          "z": 0.6307691335678101
        },
        "tail": {
          "x": -0.015717096626758575,
          "y": -0.19761870801448822,
          "z": 0.7640298008918762
        }
      },
      "world_space": {
        "head": {
          "x": -0.08762743324041367,
          "y": -0.10085272789001465,
          "z": 1.5806231498718262
        },
        "tail": {
          "x": -0.015717096626758575,
          "y": -0.1343747079372406,
          "z": 1.713883876800537
        },
        "rotation_quaternion": {
          "w": 0.6205465197563171,
          "x": 0.7291820049285889,
          "y": 0.08276395499706268,
          "z": -0.27634355425834656
        },
        "matrix": [
          [
            0.8335697054862976,
            0.4636678099632263,
            -0.300290048122406,
            -0.08762743324041367
          ],
          [
            -0.22226572036743164,
            -0.21614503860473633,
            -0.9507258534431458,
            -0.10085272789001465
          ],
          [
            -0.5057308673858643,
            0.8592460751533508,
            -0.077115997672081,
            1.5806231498718262
          ],
          [
            0.0,
            0.0,
            0.0,
            1.0
          ]
        ]
      },
      "bone_length_armature_space": 0.1550910196060138,
      "parent": "neck_01",
      "has_children": false,
      "is_end_bone": true
    },
    "upperarm_l": {
      "name": "upperarm_l",
      "local": {
        "location": {
          "x": 0.0,
          "y": 0.0,
          "z": 0.0
        },
        "rotation_quaternion": {
          "w": 0.7457060813903809,
          "x": 0.5289818048477173,
          "y": -0.04893847927451134,
          "z": 0.4021265506744385
        },
        "scale": {
          "x": 1.0,
          "y": 1.0,
          "z": 1.0
        },
        "matrix_basis": [
          [
            0.6717985272407532,
            -0.651511549949646,
            0.3524478077888489,
            0.0
          ],
          [
            0.5479612946510315,
            0.11694497615098953,
            -0.8282887935638428,
            0.0
          ],
          [
            0.4984227120876312,
            0.7495709657669067,
            0.4355665445327759,
            0.0
          ],
          [
            0.0,
            0.0,
            0.0,
            1.0
          ]
        ],
        "rotation_mode": "QUATERNION"
      },
      "armature_space": {
        "head": {
          "x": 0.07509391009807587,
          "y": -0.12977026402950287,
          "z": 0.4931776523590088
        },
        "tail": {
          "x": 0.06434480100870132,
          "y": -0.35874199867248535,
          "z": 0.631973385810852
        }
      },
      "world_space": {
        "head": {
          "x": 0.07509391009807587,
          "y": -0.06652626395225525,
          "z": 1.443031668663025
        },
        "tail": {
          "x": 0.06434480100870132,
          "y": -0.2954980134963989,
          "z": 1.5818274021148682
        },
        "rotation_quaternion": {
          "w": 0.22860801219940186,
          "x": 0.853094220161438,
          "y": -0.14319121837615967,
          "z": -0.44661498069763184
        },
        "matrix": [
          [
            0.5600631833076477,
            -0.04011320322751999,
            -0.8274783492088318,
            0.07509391009807587
          ],
          [
            -0.44851112365722656,
            -0.8544695377349854,
            -0.26214468479156494,
            -0.06652626395225525
          ],
          [
            -0.6965448260307312,
            0.517953634262085,
            -0.4965517520904541,
            1.443031668663025
          ],
          [
            0.0,
            0.0,
            0.0,
            1.0
          ]
        ]
      },
      "bone_length_armature_space": 0.2679698744689147,
      "parent": "spine_01",
      "has_children": true,
      "is_end_bone": false
    },
    "lowerarm_l": {
      "name": "lowerarm_l",
      "local": {
        "location": {
          "x": 0.0,
          "y": 0.0,
          "z": 0.0
        },
        "rotation_quaternion": {
          "w": 0.9889957904815674,
          "x": 0.08933418244123459,
          "y": -0.06111984699964523,
          "z": 0.10085243731737137
        },
        "scale": {
          "x": 1.0,
          "y": 1.0,
          "z": 1.0
        },
        "matrix_basis": [
          [
            0.9721863269805908,
            -0.21040545403957367,
            -0.10287540405988693,
            0.0
          ],
          [
            0.18856509029865265,
            0.9636963605880737,
            -0.18903043866157532,
            0.0
          ],
          [
            0.13891367614269257,
            0.16437408328056335,
            0.9765675067901611,
            0.0
          ],
          [
            0.0,
            0.0,
            0.0,
            1.0
          ]
        ],
        "rotation_mode": "QUATERNION"
      },
      "armature_space": {
        "head": {
          "x": 0.06434468179941177,
          "y": -0.35874199867248535,
          "z": 0.6319735050201416
        },
        "tail": {
          "x": -0.04402723163366318,
          "y": -0.5508909225463867,
          "z": 0.7833139896392822
        }
      },
      "world_space": {
        "head": {
          "x": 0.06434468179941177,
          "y": -0.2954980134963989,
          "z": 1.5818275213241577
        },
        "tail": {
          "x": -0.04402723163366318,
          "y": -0.4876469373703003,
          "z": 1.7331680059432983
        },
        "rotation_quaternion": {
          "w": 0.1405230611562729,
          "x": 0.7825344204902649,
          "y": -0.34803566336631775,
          "z": -0.49675384163856506
        },
        "matrix": [
          [
            0.26421329379081726,
            -0.4050915837287903,
            -0.8752670288085938,
            0.06434468179941177
          ],
          [
            -0.6843112111091614,
            -0.7182478904724121,
            0.12584972381591797,
            -0.2954980134963989
          ],
          [
            -0.679644763469696,
            0.5657071471214294,
            -0.4669824242591858,
            1.5818275213241577
          ],
          [
            0.0,
            0.0,
            0.0,
            1.0
          ]
        ]
      },
      "bone_length_armature_space": 0.26752499588936157,
      "parent": "upperarm_l",
      "has_children": true,
      "is_end_bone": false
    },
    "metacarpal_thumb_l": {
      "name": "metacarpal_thumb_l",
      "local": {
        "location": {
          "x": 0.0,
          "y": 0.0,
          "z": 0.0
        },
        "rotation_quaternion": {
          "w": 0.9990253448486328,
          "x": -0.03952602669596672,
          "y": -0.01705852337181568,
          "z": -0.009756489656865597
        },
        "scale": {
          "x": 1.0,
          "y": 1.0,
          "z": 1.0
        },
        "matrix_basis": [
          [
            0.9992276430130005,
            0.020842472091317177,
            -0.03331252560019493,
            0.0
          ],
          [
            -0.018145449459552765,
            0.9966850280761719,
            0.07930786907672882,
            0.0
          ],
          [
            0.03485506400465965,
            -0.07864214479923248,
            0.9962934255599976,
            0.0
          ],
          [
            0.0,
            0.0,
            0.0,
            1.0
          ]
        ],
        "rotation_mode": "QUATERNION"
      },
      "armature_space": {
        "head": {
          "x": -0.04402723163366318,
          "y": -0.5508909225463867,
          "z": 0.7833139896392822
        },
        "tail": {
          "x": -0.0837959349155426,
          "y": -0.5798195600509644,
          "z": 0.7892441749572754
        }
      },
      "world_space": {
        "head": {
          "x": -0.04402723163366318,
          "y": -0.4876469373703003,
          "z": 1.7331680059432983
        },
        "tail": {
          "x": -0.0837959349155426,
          "y": -0.5165755748748779,
          "z": 1.7390981912612915
        },
        "rotation_quaternion": {
          "w": 0.20398269593715668,
          "x": 0.845970869064331,
          "y": -0.40789732336997986,
          "z": 0.2763044238090515
        },
        "matrix": [
          [
            0.5145509243011475,
            -0.8028619885444641,
            0.30108165740966797,
            -0.04402723163366318
          ],
          [
            -0.577416181564331,
            -0.58402019739151,
            -0.5705356001853943,
            -0.4876469373703003
          ],
          [
            0.6339030265808105,
            0.11972042918205261,
            -0.7640995979309082,
            1.7331680059432983
          ],
          [
            0.0,
            0.0,
            0.0,
            1.0
          ]
        ]
      },
      "bone_length_armature_space": 0.04953365472780188,
      "parent": "lowerarm_l",
      "has_children": true,
      "is_end_bone": false
    },
    "thumb_01_l": {
      "name": "thumb_01_l",
      "local": {
        "location": {
          "x": 0.0,
          "y": 0.0,
          "z": 0.0
        },
        "rotation_quaternion": {
          "w": 0.998641848564148,
          "x": -0.04900012165307999,
          "y": -0.008534688502550125,
          "z": 0.015514323487877846
        },
        "scale": {
          "x": 1.0,
          "y": 1.0,
          "z": 1.0
        },
        "matrix_basis": [
          [
            0.9993729591369629,
            -0.03015010431408882,
            -0.01856660097837448,
            0.0
          ],
          [
            0.03182290866971016,
            0.9947165846824646,
            0.09760232269763947,
            0.0
          ],
          [
            0.015525787137448788,
            -0.09813196212053299,
            0.9950522780418396,
            0.0
          ],
          [
            0.0,
            0.0,
            0.0,
            1.0
          ]
        ],
        "rotation_mode": "QUATERNION"
      },
      "armature_space": {
        "head": {
          "x": -0.0837959349155426,
          "y": -0.5798195600509644,
          "z": 0.7892441749572754
        },
        "tail": {
          "x": -0.09703993052244186,
          "y": -0.6025271415710449,
          "z": 0.7676202058792114
        }
      },
      "world_space": {
        "head": {
          "x": -0.0837959349155426,
          "y": -0.5165755748748779,
          "z": 1.7390981912612915
        },
        "tail": {
          "x": -0.09703993052244186,
          "y": -0.5392831563949585,
          "z": 1.7174742221832275
        },
        "rotation_quaternion": {
          "w": 0.08730237931013107,
          "x": 0.29920127987861633,
          "y": -0.3985253870487213,
          "z": 0.8625743389129639
        },
        "matrix": [
          [
            -0.80571448802948,
            -0.3890877962112427,
            0.44658133387565613,
            -0.0837959349155426
          ],
          [
            -0.08786743134260178,
            -0.6671125292778015,
            -0.7397568225860596,
            -0.5165755748748779
          ],
          [
            0.5857544541358948,
            -0.6352779865264893,
            0.5033169388771057,
            1.7390981912612915
          ],
          [
            0.0,
            0.0,
            0.0,
            1.0
          ]
        ]
      },
      "bone_length_armature_space": 0.0340387091482473,
      "parent": "metacarpal_thumb_l",
      "has_children": true,
      "is_end_bone": false
    },
    "thumb_02_l": {
      "name": "thumb_02_l",
      "local": {
        "location": {
          "x": 0.0,
          "y": 0.0,
          "z": 0.0
        },
        "rotation_quaternion": {
          "w": 0.99810391664505,
          "x": 0.0614483468234539,
          "y": -0.0035778286401182413,
          "z": -3.021739212272223e-05
        },
        "scale": {
          "x": 1.0,
          "y": 1.0,
          "z": 1.0
        },
        "matrix_basis": [
          [
            0.9999743700027466,
            -0.0003793831274379045,
            -0.007145802956074476,
            0.0
          ],
          [
            -0.0005000234814360738,
            0.9924482107162476,
            -0.1226634532213211,
            0.0
          ],
          [
            0.007138376124203205,
            0.12266388535499573,
            0.9924225807189941,
            0.0
          ],
          [
            0.0,
            0.0,
            0.0,
            1.0
          ]
        ],
        "rotation_mode": "QUATERNION"
      },
      "armature_space": {
        "head": {
          "x": -0.09703991562128067,
          "y": -0.6025270223617554,
          "z": 0.7676202058792114
        },
        "tail": {
          "x": -0.1126529648900032,
          "y": -0.6343130469322205,
          "z": 0.7865691781044006
        }
      },
      "world_space": {
        "head": {
          "x": -0.09703991562128067,
          "y": -0.539283037185669,
          "z": 1.7174742221832275
        },
        "tail": {
          "x": -0.1126529648900032,
          "y": -0.571069061756134,
          "z": 1.7364232540130615
        },
        "rotation_quaternion": {
          "w": 0.23939858376979828,
          "x": 0.13748511672019958,
          "y": 0.2167695015668869,
          "z": 0.9363744854927063
        },
        "matrix": [
          [
            -0.8475721478462219,
            -0.38872846961021423,
            0.36126402020454407,
            -0.09703991562128067
          ],
          [
            0.5079390406608582,
            -0.791398286819458,
            0.3401270806789398,
            -0.539283037185669
          ],
          [
            0.15368828177452087,
            0.4717849791049957,
            0.8682240843772888,
            1.7174742221832275
          ],
          [
            0.0,
            0.0,
            0.0,
            1.0
          ]
        ]
      },
      "bone_length_armature_space": 0.04016443973770632,
      "parent": "thumb_01_l",
      "has_children": true,
      "is_end_bone": false
    },
    "thumb_03_l": {
      "name": "thumb_03_l",
      "local": {
        "location": {
          "x": 0.0,
          "y": 0.0,
          "z": 0.0
        },
        "rotation_quaternion": {
          "w": 0.9980298280715942,
          "x": 0.062477994710206985,
          "y": 0.0037403739988803864,
          "z": -0.004368067253381014
        },
        "scale": {
          "x": 1.0,
          "y": 1.0,
          "z": 1.0
        },
        "matrix_basis": [
          [
            0.9999338388442993,
            0.009186305105686188,
            0.006920193322002888,
            0.0
          ],
          [
            -0.00825154036283493,
            0.9921548366546631,
            -0.12474247813224792,
            0.0
          ],
          [
            -0.008011825382709503,
            0.1246771290898323,
            0.9921650290489197,
            0.0
          ],
          [
            0.0,
            0.0,
            0.0,
            1.0
          ]
        ],
        "rotation_mode": "QUATERNION"
      },
      "armature_space": {
        "head": {
          "x": -0.11265301704406738,
          "y": -0.6343129873275757,
          "z": 0.7865691184997559
        },
        "tail": {
          "x": -0.11671742796897888,
          "y": -0.6541646718978882,
          "z": 0.8092910647392273
        }
      },
      "world_space": {
        "head": {
          "x": -0.11265301704406738,
          "y": -0.5710690021514893,
          "z": 1.736423134803772
        },
        "tail": {
          "x": -0.11671742796897888,
          "y": -0.5909206867218018,
          "z": 1.7591450214385986
        },
        "rotation_quaternion": {
          "w": 0.07815142720937729,
          "x": 0.010430969297885895,
          "y": 0.4097135365009308,
          "z": 0.9088005423545837
        },
        "matrix": [
          [
            -0.9875670075416565,
            -0.13350071012973785,
            0.08299906551837921,
            -0.11265301704406738
          ],
          [
            0.15059597790241241,
            -0.6520538330078125,
            0.743065595626831,
            -0.5710690021514893
          ],
          [
            -0.045080073177814484,
            0.7463311553001404,
            0.664057195186615,
            1.736423134803772
          ],
          [
            0.0,
            0.0,
            0.0,
            1.0
          ]
        ]
      },
      "bone_length_armature_space": 0.030444960742632768,
      "parent": "thumb_02_l",
      "has_children": false,
      "is_end_bone": true
    },
    "metacarpal_index_l": {
      "name": "metacarpal_index_l",
      "local": {
        "location": {
          "x": 0.0,
          "y": 0.0,
          "z": 0.0
        },
        "rotation_quaternion": {
          "w": 0.9998237490653992,
          "x": 0.007411133497953415,
          "y": 0.01352426316589117,
          "z": 0.01071000937372446
        },
        "scale": {
          "x": 1.0,
          "y": 1.0,
          "z": 1.0
        },
        "matrix_basis": [
          [
            0.999404788017273,
            -0.021215783432126045,
            0.027202505618333817,
            0.0
          ],
          [
            0.021616702899336815,
            0.9996607303619385,
            -0.01452996488660574,
            0.0
          ],
          [
            -0.026885012164711952,
            0.015109344385564327,
            0.9995243549346924,
            0.0
          ],
          [
            0.0,
            0.0,
            0.0,
            1.0
          ]
        ],
        "rotation_mode": "QUATERNION"
      },
      "armature_space": {
        "head": {
          "x": -0.04402723163366318,
          "y": -0.5508909225463867,
          "z": 0.7833139896392822
        },
        "tail": {
          "x": -0.1210416778922081,
          "y": -0.6293984651565552,
          "z": 0.8237438201904297
        }
      },
      "world_space": {
        "head": {
          "x": -0.04402723163366318,
          "y": -0.4876469373703003,
          "z": 1.7331680059432983
        },
        "tail": {
          "x": -0.1210416778922081,
          "y": -0.5661544799804688,
          "z": 1.7735978364944458
        },
        "rotation_quaternion": {
          "w": 0.1867205649614334,
          "x": 0.9137741327285767,
          "y": -0.3607279360294342,
          "z": -0.0052736010402441025
        },
        "matrix": [
          [
            0.7396950125694275,
            -0.6572783589363098,
            -0.1443490982055664,
            -0.04402723163366318
          ],
          [
            -0.6612173318862915,
            -0.6700212955474854,
            -0.33743613958358765,
            -0.4876469373703003
          ],
          [
            0.1250726729631424,
            0.3450477719306946,
            -0.9302220940589905,
            1.7331680059432983
          ],
          [
            0.0,
            0.0,
            0.0,
            1.0
          ]
        ]
      },
      "bone_length_armature_space": 0.11717179908475288,
      "parent": "lowerarm_l",
      "has_children": true,
      "is_end_bone": false
    },
    "index_01_l": {
      "name": "index_01_l",
      "local": {
        "location": {
          "x": 0.0,
          "y": 0.0,
          "z": 0.0
        },
        "rotation_quaternion": {
          "w": 0.9946587085723877,
          "x": -0.10242582857608795,
          "y": 0.012316763401031494,
          "z": -0.0033767283894121647
        },
        "scale": {
          "x": 1.0,
          "y": 1.0,
          "z": 1.0
        },
        "matrix_basis": [
          [
            0.9996737837791443,
            0.004194275010377169,
            0.025193680077791214,
            0.0
          ],
          [
            -0.00924049410969019,
            0.9789950847625732,
            0.2036743015050888,
            0.0
          ],
          [
            -0.02381022274494171,
            -0.20384065806865692,
            0.9787144660949707,
            0.0
          ],
          [
            0.0,
            0.0,
            0.0,
            1.0
          ]
        ],
        "rotation_mode": "QUATERNION"
      },
      "armature_space": {
        "head": {
          "x": -0.1210416778922081,
          "y": -0.6293984651565552,
          "z": 0.8237438201904297
        },
        "tail": {
          "x": -0.12929299473762512,
          "y": -0.6492934226989746,
          "z": 0.8424301147460938
        }
      },
      "world_space": {
        "head": {
          "x": -0.1210416778922081,
          "y": -0.5661544799804688,
          "z": 1.7735978364944458
        },
        "tail": {
          "x": -0.12929299473762512,
          "y": -0.5860494375228882,
          "z": 1.7922841310501099
        },
        "rotation_quaternion": {
          "w": 0.34578073024749756,
          "x": 0.9197387099266052,
          "y": -0.1776977777481079,
          "z": -0.054221004247665405
        },
        "matrix": [
          [
            0.9309671521186829,
            -0.28937405347824097,
            -0.22262781858444214,
            -0.1210416778922081
          ],
          [
            -0.3643687665462494,
            -0.6977179646492004,
            -0.6167860627174377,
            -0.5661544799804688
          ],
          [
            0.023150227963924408,
            0.6553300619125366,
            -0.754997193813324,
            1.7735978364944458
          ],
          [
            0.0,
            0.0,
            0.0,
            1.0
          ]
        ]
      },
      "bone_length_armature_space": 0.02851440263460988,
      "parent": "metacarpal_index_l",
      "has_children": true,
      "is_end_bone": false
    },
    "index_02_l": {
      "name": "index_02_l",
      "local": {
        "location": {
          "x": 0.0,
          "y": 0.0,
          "z": 0.0
        },
        "rotation_quaternion": {
          "w": 0.9995918869972229,
          "x": 0.027333103120326996,
          "y": 0.007913866080343723,
          "z": -0.002548020100221038
        },
        "scale": {
          "x": 1.0,
          "y": 1.0,
          "z": 1.0
        },
        "matrix_basis": [
          [
            0.9998617768287659,
            0.005526581313461065,
            0.015681982040405273,
            0.0
          ],
          [
            -0.004661339335143566,
            0.9984928369522095,
            -0.05468422546982765,
            0.0
          ],
          [
            -0.015960562974214554,
            0.054603565484285355,
            0.9983805418014526,
            0.0
          ],
          [
            0.0,
            0.0,
            0.0,
            1.0
          ]
        ],
        "rotation_mode": "QUATERNION"
      },
      "armature_space": {
        "head": {
          "x": -0.12929339706897736,
          "y": -0.649293839931488,
          "z": 0.8424301743507385
        },
        "tail": {
          "x": -0.13603855669498444,
          "y": -0.6678091287612915,
          "z": 0.8588551878929138
        }
      },
      "world_space": {
        "head": {
          "x": -0.12929339706897736,
          "y": -0.5860498547554016,
          "z": 1.7922842502593994
        },
        "tail": {
          "x": -0.13603855669498444,
          "y": -0.6045651435852051,
          "z": 1.8087091445922852
        },
        "rotation_quaternion": {
          "w": 0.3312540352344513,
          "x": 0.9242480993270874,
          "y": -0.17145012319087982,
          "z": -0.08149256557226181
        },
        "matrix": [
          [
            0.9279276132583618,
            -0.2629355788230896,
            -0.2642262578010559,
            -0.12929339706897736
          ],
          [
            -0.37091487646102905,
            -0.7217508554458618,
            -0.584378182888031,
            -0.5860498547554016
          ],
          [
            -0.037052374333143234,
            0.6402697563171387,
            -0.7672652006149292,
            1.7922842502593994
          ],
          [
            0.0,
            0.0,
            0.0,
            1.0
          ]
        ]
      },
      "bone_length_armature_space": 0.025653345961244613,
      "parent": "index_01_l",
      "has_children": true,
      "is_end_bone": false
    },
    "index_03_l": {
      "name": "index_03_l",
      "local": {
        "location": {
          "x": 0.0,
          "y": 0.0,
          "z": 0.0
        },
        "rotation_quaternion": {
          "w": 0.999370813369751,
          "x": 0.034709036350250244,
          "y": -0.007306850515305996,
          "z": 2.6762601919472218e-05
        },
        "scale": {
          "x": 1.0,
          "y": 1.0,
          "z": 1.0
        },
        "matrix_basis": [
          [
            0.9998932480812073,
            -0.0005607189959846437,
            -0.014602648094296455,
            0.0
          ],
          [
            -0.00045373596367426217,
            0.9975905418395996,
            -0.06937478482723236,
            0.0
          ],
          [
            0.014606364071369171,
            0.06937400251626968,
            0.9974837899208069,
            0.0
          ],
          [
            0.0,
            0.0,
            0.0,
            1.0
          ]
        ],
        "rotation_mode": "QUATERNION"
      },
      "armature_space": {
        "head": {
          "x": -0.13603852689266205,
          "y": -0.667809009552002,
          "z": 0.8588553071022034
        },
        "tail": {
          "x": -0.14223648607730865,
          "y": -0.6922435760498047,
          "z": 0.8736292719841003
        }
      },
      "world_space": {
        "head": {
          "x": -0.13603852689266205,
          "y": -0.6045650243759155,
          "z": 1.8087093830108643
        },
        "tail": {
          "x": -0.14223648607730865,
          "y": -0.6289995908737183,
          "z": 1.8234832286834717
        },
        "rotation_quaternion": {
          "w": 0.2567079961299896,
          "x": 0.956456184387207,
          "y": -0.12636515498161316,
          "z": -0.05765767768025398
        },
        "matrix": [
          [
            0.9614149332046509,
            -0.21212314069271088,
            -0.17517226934432983,
            -0.13603852689266205
          ],
          [
            -0.2713281512260437,
            -0.8362654447555542,
            -0.4764883518218994,
            -0.6045650243759155
          ],
          [
            -0.045416899025440216,
            0.5056347846984863,
            -0.8615595102310181,
            1.8087093830108643
          ],
          [
            0.0,
            0.0,
            0.0,
            1.0
          ]
        ]
      },
      "bone_length_armature_space": 0.02921870576702495,
      "parent": "index_02_l",
      "has_children": false,
      "is_end_bone": true
    },
    "metacarpal_pinky_l": {
      "name": "metacarpal_pinky_l",
      "local": {
        "location": {
          "x": 0.0,
          "y": 0.0,
          "z": 0.0
        },
        "rotation_quaternion": {
          "w": 0.9985239505767822,
          "x": -0.05227063223719597,
          "y": -0.011391464620828629,
          "z": -0.009386890567839146
        },
        "scale": {
          "x": 1.0,
          "y": 1.0,
          "z": 1.0
        },
        "matrix_basis": [
          [
            0.9995642304420471,
            0.019936949014663696,
            -0.021767983213067055,
            0.0
          ],
          [
            -0.01755519211292267,
            0.9943593144416809,
            0.10460081696510315,
            0.0
          ],
          [
            0.02373061701655388,
            -0.10417309403419495,
            0.9942760467529297,
            0.0
          ],
          [
            0.0,
            0.0,
            0.0,
            1.0
          ]
        ],
        "rotation_mode": "QUATERNION"
      },
      "armature_space": {
        "head": {
          "x": -0.04402723163366318,
          "y": -0.5508909225463867,
          "z": 0.7833139896392822
        },
        "tail": {
          "x": -0.05253416299819946,
          "y": -0.6334823966026306,
          "z": 0.8461593985557556
        }
      },
      "world_space": {
        "head": {
          "x": -0.04402723163366318,
          "y": -0.4876469373703003,
          "z": 1.7331680059432983
        },
        "tail": {
          "x": -0.05253416299819946,
          "y": -0.5702384114265442,
          "z": 1.796013355255127
        },
        "rotation_quaternion": {
          "w": 0.04606581851840019,
          "x": 0.2601107656955719,
          "y": -0.3182802200317383,
          "z": -0.9104493260383606
        },
        "matrix": [
          [
            -0.8604409694671631,
            -0.08169470727443695,
            -0.5029588341712952,
            -0.04402723163366318
          ],
          [
            -0.24945732951164246,
            -0.7931513786315918,
            0.5555915832519531,
            -0.4876469373703003
          ],
          [
            -0.444314569234848,
            0.6035240292549133,
            0.662085771560669,
            1.7331680059432983
          ],
          [
            0.0,
            0.0,
            0.0,
            1.0
          ]
        ]
      },
      "bone_length_armature_space": 0.10413099825501539,
      "parent": "lowerarm_l",
      "has_children": true,
      "is_end_bone": false
    },
    "pinky_01_l": {
      "name": "pinky_01_l",
      "local": {
        "location": {
          "x": 0.0,
          "y": 0.0,
          "z": 0.0
        },
        "rotation_quaternion": {
          "w": 0.9940604567527771,
          "x": -0.10878661274909973,
          "y": -0.003070167498663068,
          "z": 0.00016328507626894861
        },
        "scale": {
          "x": 1.0,
          "y": 1.0,
          "z": 1.0
        },
        "matrix_basis": [
          [
            0.9999811053276062,
            0.00034335575764998794,
            -0.0061393906362354755,
            0.0
          ],
          [
            0.0009926167549565434,
            0.9763308763504028,
            0.21627993881702423,
            0.0
          ],
          [
            0.006068337708711624,
            -0.2162819355726242,
            0.9763121008872986,
            0.0
          ],
          [
            0.0,
            0.0,
            0.0,
            1.0
          ]
        ],
        "rotation_mode": "QUATERNION"
      },
      "armature_space": {
        "head": {
          "x": -0.05253416299819946,
