{
  "metadata": {
    "armature_name": "KIM_caucasian_male",
    "export_time": "2026-01-13T19:12:06.855745",
    "blender_version": "4.4.1",
    "bone_count": 56,
    "end_bone_count": 13,
    "spaces_included": [
      "LOCAL_CHANNELS",
      "ARMATURE_SPACE",
      "WORLD_SPACE"
    ],
    "note": "LOCAL matches Transform panel; replay pose via local.matrix_basis for best fidelity."
  },
  "bones": {
    "Root": {
      "name": "Root",
      "local": {
        "location": {
          "x": 0.0,
          "y": 0.0,
          "z": 0.0
        },
        "rotation_quaternion": {
          "w": 0.99955153465271,
          "x": 0.003404214745387435,
          "y": -0.012743678875267506,
          "z": -0.02688533626496792
        },
        "scale": {
          "x": 1.0,
          "y": 1.0,
          "z": 1.0
        },
        "matrix_basis": [
          [
            0.9982295632362366,
            0.053659792989492416,
            -0.025658974424004555,
            0.0
          ],
          [
            -0.05383332446217537,
            0.9985311627388,
            -0.006120139732956886,
            0.0
          ],
          [
            0.025292880833148956,
            0.0074906121008098125,
            0.9996520280838013,
            0.0
          ],
          [
            0.0,
            0.0,
            0.0,
            1.0
          ]
        ],
        "rotation_mode": "QUATERNION"
      },
      "armature_space": {
        "head": {
          "x": 0.0,
          "y": 0.07072800397872925,
          "z": -0.009595036506652832
        },
        "tail": {
          "x": 0.0038300142623484135,
          "y": 3.201514482498169e-05,
          "z": -0.0005438933148980141
        }
      },
      "world_space": {
        "head": {
          "x": 0.0,
          "y": 0.13397200405597687,
          "z": 0.9402589797973633
        },
        "tail": {
          "x": 0.0038300142623484135,
          "y": 0.0632760152220726,
          "z": 0.9493101239204407
        },
        "rotation_quaternion": {
          "w": 0.06394094973802567,
          "x": 0.9975100755691528,
          "y": 0.025965744629502296,
          "z": -0.014525935985147953
        },
        "matrix": [
          [
            0.9982295632362366,
            0.053659792989492416,
            -0.025658974424004555,
            0.0
          ],
          [
            0.04994457587599754,
            -0.9904746413230896,
            -0.12831832468509674,
            0.13397200405597687
          ],
          [
            -0.032300278544425964,
            0.12680956721305847,
            -0.991408109664917,
            0.9402589797973633
          ],
          [
            0.0,
            0.0,
            0.0,
            1.0
          ]
        ]
      },
      "bone_length_armature_space": 0.07137587296545428,
      "parent": null,
      "has_children": true,
      "is_end_bone": false
    },
    "spine_01": {
      "name": "spine_01",
      "local": {
        "location": {
          "x": 0.0,
          "y": 0.0,
          "z": 0.0
        },
        "rotation_quaternion": {
          "w": 0.9960057735443115,
          "x": 0.007719229441136122,
          "y": 0.049994636327028275,
          "z": -0.07357607781887054
        },
        "scale": {
          "x": 1.0,
          "y": 1.0,
          "z": 1.0
        },
        "matrix_basis": [
          [
            0.9841741919517517,
            0.1473362296819687,
            0.09845399111509323,
            0.0
          ],
          [
            -0.14579255878925323,
            0.9890539646148682,
            -0.02273361198604107,
            0.0
          ],
          [
            -0.10072579234838486,
            0.008019975386559963,
            0.9948819279670715,
            0.0
          ],
          [
            0.0,
            0.0,
            0.0,
            1.0
          ]
        ],
        "rotation_mode": "QUATERNION"
      },
      "armature_space": {
        "head": {
          "x": 0.0038300142623484135,
          "y": 3.201514482498169e-05,
          "z": -0.0005438933148980141
        },
        "tail": {
          "x": 0.09041822701692581,
          "y": 0.019356776028871536,
          "z": 0.4793284833431244
        }
      },
      "world_space": {
        "head": {
          "x": 0.0038300142623484135,
          "y": 0.0632760152220726,
          "z": 0.9493101239204407
        },
        "tail": {
          "x": 0.09041822701692581,
          "y": 0.08260077238082886,
          "z": 1.429182529449463
        },
        "rotation_quaternion": {
          "w": 0.7115967273712158,
          "x": 0.6928638815879822,
          "y": 0.11588644236326218,
          "z": -0.011837737634778023
        },
        "matrix": [
          [
            0.97286057472229,
            0.17743441462516785,
            0.14852386713027954,
            0.0038300142623484135
          ],
          [
            0.14373844861984253,
            0.03959982097148895,
            -0.9888232350349426,
            0.0632760152220726
          ],
          [
            -0.18133391439914703,
            0.9833425879478455,
            0.013020150363445282,
            0.9493101239204407
          ],
          [
            0.0,
            0.0,
            0.0,
            1.0
          ]
        ]
      },
      "bone_length_armature_space": 0.4880045679110197,
      "parent": "Root",
      "has_children": true,
      "is_end_bone": false
    },
    "neck_01": {
      "name": "neck_01",
      "local": {
        "location": {
          "x": 0.0,
          "y": 0.0,
          "z": 0.0
        },
        "rotation_quaternion": {
          "w": 0.990442156791687,
          "x": 0.023985277861356735,
          "y": -0.08512049168348312,
          "z": 0.10584759712219238
        },
        "scale": {
          "x": 1.0,
          "y": 1.0,
          "z": 1.0
        },
        "matrix_basis": [
          [
            0.9631015658378601,
            -0.21375511586666107,
            -0.16353628039360046,
            0.0
          ],
          [
            0.20558856427669525,
            0.9764419794082642,
            -0.0655316561460495,
            0.0
          ],
          [
            0.17369142174720764,
            0.029492462053894997,
            0.9843584299087524,
            0.0
          ],
          [
            0.0,
            0.0,
            0.0,
            1.0
          ]
        ],
        "rotation_mode": "QUATERNION"
      },
      "armature_space": {
        "head": {
          "x": 0.10856056958436966,
          "y": -0.012036610394716263,
          "z": 0.5517789125442505
        },
        "tail": {
          "x": 0.10952369123697281,
          "y": -0.05190131813287735,
          "z": 0.6462279558181763
        }
      },
      "world_space": {
        "head": {
          "x": 0.10856056958436966,
          "y": 0.05120738968253136,
          "z": 1.5016329288482666
        },
        "tail": {
          "x": 0.10952369123697281,
          "y": 0.01134268194437027,
          "z": 1.5960819721221924
        },
        "rotation_quaternion": {
          "w": 0.5522015690803528,
          "x": 0.8319948315620422,
          "y": -0.025529470294713974,
          "z": -0.04697120562195778
        },
        "matrix": [
          [
            0.99428391456604,
            0.009394346736371517,
            -0.1063542440533638,
            0.10856056958436966
          ],
          [
            -0.09435584396123886,
            -0.38884302973747253,
            -0.9164597988128662,
            0.05120738968253136
          ],
          [
            -0.049965113401412964,
            0.921262264251709,
            -0.38573741912841797,
            1.5016329288482666
          ],
          [
            0.0,
            0.0,
            0.0,
            1.0
          ]
        ]
      },
      "bone_length_armature_space": 0.10252192220694903,
      "parent": "spine_01",
      "has_children": true,
      "is_end_bone": false
    },
    "head": {
      "name": "head",
      "local": {
        "location": {
          "x": 0.0,
          "y": 0.0,
          "z": 0.0
        },
        "rotation_quaternion": {
          "w": 0.9855409264564514,
          "x": -0.03820024058222771,
          "y": -0.03892815113067627,
          "z": 0.16041968762874603
        },
        "scale": {
          "x": 1.0,
          "y": 1.0,
          "z": 1.0
        },
        "matrix_basis": [
          [
            0.9455002546310425,
            -0.31322619318962097,
            -0.08898671716451645,
            0.0
          ],
          [
            0.31917446851730347,
            0.9456125497817993,
            0.06280611455440521,
            0.0
          ],
          [
            0.0644744336605072,
            -0.08778548240661621,
            0.9940506815910339,
            0.0
          ],
          [
            0.0,
            0.0,
            0.0,
            1.0
          ]
        ],
        "rotation_mode": "QUATERNION"
      },
      "armature_space": {
        "head": {
          "x": 0.10952367633581161,
          "y": -0.051901429891586304,
          "z": 0.6462278366088867
        },
        "tail": {
          "x": 0.06941157579421997,
          "y": -0.03820144757628441,
          "z": 0.795414388179779
        }
      },
      "world_space": {
        "head": {
          "x": 0.10952367633581161,
          "y": 0.011342570185661316,
          "z": 1.5960818529129028
        },
        "tail": {
          "x": 0.06941157579421997,
          "y": 0.02504255250096321,
          "z": 1.7452683448791504
        },
        "rotation_quaternion": {
          "w": 0.7206729054450989,
          "x": 0.6743912696838379,
          "y": -0.15747390687465668,
          "z": 0.03208059072494507
        },
        "matrix": [
          [
            0.948345959186554,
            -0.2586371898651123,
            -0.18370309472084045,
            0.10952367633581161
          ],
          [
            -0.1661570966243744,
            0.08833557367324829,
            -0.982134997844696,
            0.011342570185661316
          ],
          [
            0.27024585008621216,
            0.9619339108467102,
            0.04079769551753998,
            1.5960818529129028
          ],
          [
            0.0,
            0.0,
            0.0,
            1.0
          ]
        ]
      },
      "bone_length_armature_space": 0.15509125628753312,
      "parent": "neck_01",
      "has_children": false,
      "is_end_bone": true
    },
    "upperarm_l": {
      "name": "upperarm_l",
      "local": {
        "location": {
          "x": 0.0,
          "y": 0.0,
          "z": 0.0
        },
        "rotation_quaternion": {
          "w": 0.8295846581459045,
          "x": -0.2775323987007141,
          "y": 0.42956799268722534,
          "z": -0.2241348773241043
        },
        "scale": {
          "x": 1.0,
          "y": 1.0,
          "z": 1.0
        },
        "matrix_basis": [
          [
            0.5304697751998901,
            0.13343964517116547,
            0.8371354341506958,
            0.0
          ],
          [
            -0.6103157997131348,
            0.745478630065918,
            0.267910897731781,
            0.0
          ],
          [
            -0.5883166790008545,
            -0.653035581111908,
            0.47689419984817505,
            0.0
          ],
          [
            0.0,
            0.0,
            0.0,
            1.0
          ]
        ],
        "rotation_mode": "QUATERNION"
      },
      "armature_space": {
        "head": {
          "x": 0.2430383563041687,
          "y": 0.0037092603743076324,
          "z": 0.45853206515312195
        },
        "tail": {
          "x": 0.39621853828430176,
          "y": 0.21132345497608185,
          "z": 0.38614514470100403
        }
      },
      "world_space": {
        "head": {
          "x": 0.2430383563041687,
          "y": 0.06695325672626495,
          "z": 1.4083861112594604
        },
        "tail": {
          "x": 0.39621853828430176,
          "y": 0.27456745505332947,
          "z": 1.3359991312026978
        },
        "rotation_quaternion": {
          "w": 0.15020999312400818,
          "x": 0.2766660153865814,
          "y": 0.9299577474594116,
          "z": -0.18992546200752258
        },
        "matrix": [
          [
            -0.8017857670783997,
            0.571632981300354,
            0.17428530752658844,
            0.2430383563041687
          ],
          [
            0.4575182795524597,
            0.7747682332992554,
            -0.4363618493080139,
            0.06695325672626495
          ],
          [
            -0.38447171449661255,
            -0.2701312303543091,
            -0.8827371597290039,
            1.4083861112594604
          ],
          [
            0.0,
            0.0,
            0.0,
            1.0
          ]
        ]
      },
      "bone_length_armature_space": 0.2679695647577628,
      "parent": "spine_01",
      "has_children": true,
      "is_end_bone": false
    },
    "lowerarm_l": {
      "name": "lowerarm_l",
      "local": {
        "location": {
          "x": 0.0,
          "y": 0.0,
          "z": 0.0
        },
        "rotation_quaternion": {
          "w": 0.9578689932823181,
          "x": 0.2407854050397873,
          "y": 0.12209291756153107,
          "z": -0.0979933962225914
        },
        "scale": {
          "x": 1.0,
          "y": 1.0,
          "z": 1.0
        },
        "matrix_basis": [
          [
            0.9509811997413635,
            0.2465260624885559,
            0.1867072880268097,
            0.0
          ],
          [
            -0.12893328070640564,
            0.8648393750190735,
            -0.4852103590965271,
            0.0
          ],
          [
            -0.28108879923820496,
            0.43735313415527344,
            0.8542314171791077,
            0.0
          ],
          [
            0.0,
            0.0,
            0.0,
            1.0
          ]
        ],
        "rotation_mode": "QUATERNION"
      },
      "armature_space": {
        "head": {
          "x": 0.3962186574935913,
          "y": 0.21132345497608185,
          "z": 0.38614511489868164
        },
        "tail": {
          "x": 0.5210448503494263,
          "y": 0.329425573348999,
          "z": 0.1811080276966095
        }
      },
      "world_space": {
        "head": {
          "x": 0.3962186574935913,
          "y": 0.27456745505332947,
          "z": 1.3359991312026978
        },
        "tail": {
          "x": 0.5210448503494263,
          "y": 0.39266955852508545,
          "z": 1.1309620141983032
        },
        "rotation_quaternion": {
          "w": 0.011344462633132935,
          "x": -0.2808125913143158,
          "y": -0.8488835096359253,
          "z": 0.44767457246780396
        },
        "matrix": [
          [
            -0.8420304656028748,
            0.46659737825393677,
            -0.2706869840621948,
            0.3962186574935913
          ],
          [
            0.4869130551815033,
            0.44146281480789185,
            -0.7536753416061401,
            0.27456745505332947
          ],
          [
            -0.23216573894023895,
            -0.7664236426353455,
            -0.5989224314689636,
            1.3359991312026978
          ],
          [
            0.0,
            0.0,
            0.0,
            1.0
          ]
        ]
      },
      "bone_length_armature_space": 0.2675255024114003,
      "parent": "upperarm_l",
      "has_children": true,
      "is_end_bone": false
    },
    "metacarpal_thumb_l": {
      "name": "metacarpal_thumb_l",
      "local": {
        "location": {
          "x": 0.0,
          "y": 0.0,
          "z": 0.0
        },
        "rotation_quaternion": {
          "w": 0.9994009137153625,
          "x": -0.032166577875614166,
          "y": -0.008526254445314407,
          "z": 0.009510364383459091
        },
        "scale": {
          "x": 1.0,
          "y": 1.0,
          "z": 1.0
        },
        "matrix_basis": [
          [
            0.9996737241744995,
            -0.01846081204712391,
            -0.01765412464737892,
            0.0
          ],
          [
            0.019557854160666466,
            0.9977497458457947,
            0.0641324371099472,
            0.0
          ],
          [
            0.016430461779236794,
            -0.06445679068565369,
            0.997785210609436,
            0.0
          ],
          [
            0.0,
            0.0,
            0.0,
            1.0
          ]
        ],
        "rotation_mode": "QUATERNION"
      },
      "armature_space": {
        "head": {
          "x": 0.5210448503494263,
          "y": 0.329425573348999,
          "z": 0.1811080276966095
        },
        "tail": {
          "x": 0.5262340307235718,
          "y": 0.3268990218639374,
          "z": 0.13191141188144684
        }
      },
      "world_space": {
        "head": {
          "x": 0.5210448503494263,
          "y": 0.39266955852508545,
          "z": 1.1309620141983032
        },
        "tail": {
          "x": 0.5262340307235718,
          "y": 0.3901430368423462,
          "z": 1.0817654132843018
        },
        "rotation_quaternion": {
          "w": 0.5595076680183411,
          "x": -0.6299201846122742,
          "y": -0.4018057584762573,
          "z": 0.35875341296195984
        },
        "matrix": [
          [
            0.41969552636146545,
            0.10476048290729523,
            -0.9015989899635315,
            0.5210448503494263
          ],
          [
            0.9076619744300842,
            -0.05100688338279724,
            0.41659122705459595,
            0.39266955852508545
          ],
          [
            -0.002344585256651044,
            -0.9931955337524414,
            -0.11649475991725922,
            1.1309620141983032
          ],
          [
            0.0,
            0.0,
            0.0,
            1.0
          ]
        ]
      },
      "bone_length_armature_space": 0.049534008114351546,
      "parent": "lowerarm_l",
      "has_children": true,
      "is_end_bone": false
    },
    "thumb_01_l": {
      "name": "thumb_01_l",
      "local": {
        "location": {
          "x": 0.0,
          "y": 0.0,
          "z": 0.0
        },
        "rotation_quaternion": {
          "w": 0.9986458420753479,
          "x": 0.05048227310180664,
          "y": -0.008885952644050121,
          "z": -0.00889161229133606
        },
        "scale": {
          "x": 1.0,
          "y": 1.0,
          "z": 1.0
        },
        "matrix_basis": [
          [
            0.9996839761734009,
            0.01686197705566883,
            -0.018645577132701874,
            0.0
          ],
          [
            -0.018656309694051743,
            0.9947449564933777,
            -0.10066980123519897,
            0.0
          ],
          [
            0.016850100830197334,
            0.10098584741353989,
            0.994745135307312,
            0.0
          ],
          [
            0.0,
            0.0,
            0.0,
            1.0
          ]
        ],
        "rotation_mode": "QUATERNION"
      },
      "armature_space": {
        "head": {
          "x": 0.5262340307235718,
          "y": 0.3268990218639374,
          "z": 0.13191141188144684
        },
        "tail": {
          "x": 0.5058028101921082,
          "y": 0.3355202376842499,
          "z": 0.10608752071857452
        }
      },
      "world_space": {
        "head": {
          "x": 0.5262340307235718,
          "y": 0.3901430368423462,
          "z": 1.0817654132843018
        },
        "tail": {
          "x": 0.5058028101921082,
          "y": 0.3987642526626587,
          "z": 1.0559415817260742
        },
        "rotation_quaternion": {
          "w": 0.6963151693344116,
          "x": -0.6018465757369995,
          "y": 0.3765430450439453,
          "z": 0.10555211454629898
        },
        "matrix": [
          [
            0.6941468715667725,
            -0.6002374291419983,
            0.3973349928855896,
            0.5262340307235718
          ],
          [
            -0.30625119805336,
            0.2532776892185211,
            0.9176387786865234,
            0.3901430368423462
          ],
          [
            -0.6514419913291931,
            -0.7586653232574463,
            -0.008010752499103546,
            1.0817654132843018
          ],
          [
            0.0,
            0.0,
            0.0,
            1.0
          ]
        ]
      },
      "bone_length_armature_space": 0.03403870594191627,
      "parent": "metacarpal_thumb_l",
      "has_children": true,
      "is_end_bone": false
    },
    "thumb_02_l": {
      "name": "thumb_02_l",
      "local": {
        "location": {
          "x": 0.0,
          "y": 0.0,
          "z": 0.0
        },
        "rotation_quaternion": {
          "w": 0.9925315380096436,
          "x": 0.12174133956432343,
          "y": -0.006801798939704895,
          "z": -0.0037483139894902706
        },
        "scale": {
          "x": 1.0,
          "y": 1.0,
          "z": 1.0
        },
        "matrix_basis": [
          [
            0.9998793601989746,
            0.005784519482403994,
            -0.014414649456739426,
            0.0
          ],
          [
            -0.009096760302782059,
            0.970329999923706,
            -0.2416132539510727,
            0.0
          ],
          [
            0.01258935034275055,
            0.2417152225971222,
            0.9702655673027039,
            0.0
          ],
          [
            0.0,
            0.0,
            0.0,
            1.0
          ]
        ],
        "rotation_mode": "QUATERNION"
      },
      "armature_space": {
        "head": {
          "x": 0.5058028101921082,
          "y": 0.3355202078819275,
          "z": 0.10608755797147751
        },
        "tail": {
          "x": 0.5293094515800476,
          "y": 0.3549494743347168,
          "z": 0.07995079457759857
        }
      },
      "world_space": {
        "head": {
          "x": 0.5058028101921082,
          "y": 0.3987641930580139,
          "z": 1.0559415817260742
        },
        "tail": {
          "x": 0.5293094515800476,
          "y": 0.4181934595108032,
          "z": 1.0298048257827759
        },
        "rotation_quaternion": {
          "w": 0.7816597819328308,
          "x": -0.20012012124061584,
          "y": 0.3617737889289856,
          "z": -0.46698999404907227
        },
        "matrix": [
          [
            0.30207881331443787,
            0.5852599143981934,
            0.752475380897522,
            0.5058028101921082
          ],
          [
            -0.8748517036437988,
            0.4837435483932495,
            -0.025039494037628174,
            0.3987641930580139
          ],
          [
            -0.37866324186325073,
            -0.6507443785667419,
            0.6581487059593201,
            1.0559415817260742
          ],
          [
            0.0,
            0.0,
            0.0,
            1.0
          ]
        ]
      },
      "bone_length_armature_space": 0.04016452379317485,
      "parent": "thumb_01_l",
      "has_children": true,
      "is_end_bone": false
    },
    "thumb_03_l": {
      "name": "thumb_03_l",
      "local": {
        "location": {
          "x": 0.0,
          "y": 0.0,
          "z": 0.0
        },
        "rotation_quaternion": {
          "w": 0.9984145760536194,
          "x": 0.055870041251182556,
          "y": -0.004862986970692873,
          "z": 0.004821062553673983
        },
        "scale": {
          "x": 1.0,
          "y": 1.0,
          "z": 1.0
        },
        "matrix_basis": [
          [
            0.9999062418937683,
            -0.010170228779315948,
            -0.009171848185360432,
            0.0
          ],
          [
            0.009083447977900505,
            0.9937105774879456,
            -0.1116098165512085,
            0.0
          ],
          [
            0.010249259881675243,
            0.11151603609323502,
            0.9937098026275635,
            0.0
          ],
          [
            0.0,
            0.0,
            0.0,
            1.0
          ]
        ],
        "rotation_mode": "QUATERNION"
      },
      "armature_space": {
        "head": {
          "x": 0.5293093323707581,
          "y": 0.354949414730072,
          "z": 0.07995076477527618
        },
        "tail": {
          "x": 0.5530716180801392,
          "y": 0.3715656101703644,
          "z": 0.07066915184259415
        }
      },
      "world_space": {
        "head": {
          "x": 0.5293093323707581,
          "y": 0.41819339990615845,
          "z": 1.0298048257827759
        },
        "tail": {
          "x": 0.5530716180801392,
          "y": 0.4348096251487732,
          "z": 1.020523190498352
        },
        "rotation_quaternion": {
          "w": 0.7657603621482849,
          "x": 0.06702873110771179,
          "y": 0.4318588674068451,
          "z": -0.4718223214149475
        },
        "matrix": [
          [
            0.18176232278347015,
            0.780501127243042,
            0.5981475114822388,
            0.5293093323707581
          ],
          [
            -0.6647121906280518,
            0.5457797646522522,
            -0.5101788640022278,
            0.41819339990615845
          ],
          [
            -0.7246575951576233,
            -0.3048661947250366,
            0.6180145144462585,
            1.0298048257827759
          ],
          [
            0.0,
            0.0,
            0.0,
            1.0
          ]
        ]
      },
      "bone_length_armature_space": 0.0304449091213418,
      "parent": "thumb_02_l",
      "has_children": false,
      "is_end_bone": true
    },
    "metacarpal_index_l": {
      "name": "metacarpal_index_l",
      "local": {
        "location": {
          "x": 0.0,
          "y": 0.0,
          "z": 0.0
        },
        "rotation_quaternion": {
          "w": 0.9990744590759277,
          "x": -0.042769405990839005,
          "y": 0.0038566531147807837,
          "z": -0.0025018472224473953
        },
        "scale": {
          "x": 1.0,
          "y": 1.0,
          "z": 1.0
        },
        "matrix_basis": [
          [
            0.9999577403068542,
            0.004669169895350933,
            0.007920172065496445,
            0.0
          ],
          [
            -0.005328956991434097,
            0.9963290095329285,
            0.08544034510850906,
            0.0
          ],
          [
            -0.00749216228723526,
            -0.08547893911600113,
            0.9963117837905884,
            0.0
          ],
          [
            0.0,
            0.0,
            0.0,
            1.0
          ]
        ],
        "rotation_mode": "QUATERNION"
      },
      "armature_space": {
        "head": {
          "x": 0.5210448503494263,
          "y": 0.329425573348999,
          "z": 0.1811080276966095
        },
        "tail": {
          "x": 0.5674669742584229,
          "y": 0.35610803961753845,
          "z": 0.07688520103693008
        }
      },
      "world_space": {
        "head": {
          "x": 0.5210448503494263,
          "y": 0.39266955852508545,
          "z": 1.1309620141983032
        },
        "tail": {
          "x": 0.5674669742584229,
          "y": 0.41935205459594727,
          "z": 1.026739239692688
        },
        "rotation_quaternion": {
          "w": 0.3974396884441376,
          "x": -0.5058336853981018,
          "y": -0.6752058267593384,
          "z": 0.3609309494495392
        },
        "matrix": [
          [
            -0.1723465770483017,
            0.3961885869503021,
            -0.9018486738204956,
            0.5210448503494263
          ],
          [
            0.969980776309967,
            0.22772090137004852,
            -0.08532728254795074,
            0.39266955852508545
          ],
          [
            0.17156633734703064,
            -0.8894878029823303,
            -0.4235452115535736,
            1.1309620141983032
          ],
          [
            0.0,
            0.0,
            0.0,
            1.0
          ]
        ]
      },
      "bone_length_armature_space": 0.11717237558716079,
      "parent": "lowerarm_l",
      "has_children": true,
      "is_end_bone": false
    },
    "index_01_l": {
      "name": "index_01_l",
      "local": {
        "location": {
          "x": 0.0,
          "y": 0.0,
          "z": 0.0
        },
        "rotation_quaternion": {
          "w": 0.9987462162971497,
          "x": -0.04649069160223007,
          "y": -0.015214500948786736,
          "z": 0.010640300810337067
        },
        "scale": {
          "x": 1.0,
          "y": 1.0,
          "z": 1.0
        },
        "matrix_basis": [
          [
            0.9993106126785278,
            -0.019839255139231682,
            -0.031380198895931244,
            0.0
          ],
          [
            0.022668585181236267,
            0.9954507946968079,
            0.09254103153944016,
            0.0
          ],
          [
            0.029401499778032303,
            -0.09318857640028,
            0.9952142834663391,
            0.0
          ],
          [
            0.0,
            0.0,
            0.0,
            1.0
          ]
        ],
        "rotation_mode": "QUATERNION"
      },
      "armature_space": {
        "head": {
          "x": 0.5674669742584229,
          "y": 0.35610803961753845,
          "z": 0.07688520103693008
        },
        "tail": {
          "x": 0.5820817351341248,
          "y": 0.3714465796947479,
          "z": 0.05780087411403656
        }
      },
      "world_space": {
        "head": {
          "x": 0.5674669742584229,
          "y": 0.41935205459594727,
          "z": 1.026739239692688
        },
        "tail": {
          "x": 0.5820817351341248,
          "y": 0.43469059467315674,
          "z": 1.0076549053192139
        },
        "rotation_quaternion": {
          "w": 0.39893022179603577,
          "x": -0.43385905027389526,
          "y": -0.780907928943634,
          "z": 0.20689105987548828
        },
        "matrix": [
          [
            -0.30524083971977234,
            0.5125397443771362,
            -0.8025776147842407,
            0.5674669742584229
          ],
          [
            0.8426789045333862,
            0.5379236936569214,
            0.023035045713186264,
            0.41935205459594727
          ],
          [
            0.4435359239578247,
            -0.669288158416748,
            -0.5961068272590637,
            1.026739239692688
          ],
          [
            0.0,
            0.0,
            0.0,
            1.0
          ]
        ]
      },
      "bone_length_armature_space": 0.028514445120018248,
      "parent": "metacarpal_index_l",
      "has_children": true,
      "is_end_bone": false
    },
    "index_02_l": {
      "name": "index_02_l",
      "local": {
        "location": {
          "x": 0.0,
          "y": 0.0,
          "z": 0.0
        },
        "rotation_quaternion": {
          "w": 0.9829822778701782,
          "x": 0.18360233306884766,
          "y": 0.0009940597228705883,
          "z": -0.005918044131249189
        },
        "scale": {
          "x": 1.0,
          "y": 1.0,
          "z": 1.0
        },
        "matrix_basis": [
          [
            0.9999279975891113,
            0.011999688111245632,
            -0.0002188472426496446,
            0.0
          ],
          [
            -0.011269642040133476,
            0.9325103163719177,
            -0.3609674572944641,
            0.0
          ],
          [
            -0.004127419553697109,
            0.36094391345977783,
            0.9325783848762512,
            0.0
          ],
          [
            0.0,
            0.0,
            0.0,
            1.0
          ]
        ],
        "rotation_mode": "QUATERNION"
      },
      "armature_space": {
        "head": {
          "x": 0.5820817351341248,
          "y": 0.3714466094970703,
          "z": 0.05780032277107239
        },
        "tail": {
          "x": 0.5875972509384155,
          "y": 0.3850516378879547,
          "z": 0.0367627814412117
        }
      },
      "world_space": {
        "head": {
          "x": 0.5820817351341248,
          "y": 0.43469059467315674,
          "z": 1.0076543092727661
        },
        "tail": {
          "x": 0.5875972509384155,
          "y": 0.4482956528663635,
          "z": 0.9866167902946472
        },
        "rotation_quaternion": {
          "w": 0.44166040420532227,
          "x": -0.3427518606185913,
          "y": -0.755054771900177,
          "z": 0.34256312251091003
        },
        "matrix": [
          [
            -0.3749145567417145,
            0.2150018811225891,
            -0.9017832279205322,
            0.5820817351341248
          ],
          [
            0.8201867341995239,
            0.5303428173065186,
            -0.21454715728759766,
            0.43469059467315674
          ],
          [
            0.43213018774986267,
            -0.820072591304779,
            -0.375177800655365,
            1.0076543092727661
          ],
          [
            0.0,
            0.0,
            0.0,
            1.0
          ]
        ]
      },
      "bone_length_armature_space": 0.02565337889730047,
      "parent": "index_01_l",
      "has_children": true,
      "is_end_bone": false
    },
    "index_03_l": {
      "name": "index_03_l",
      "local": {
        "location": {
          "x": 0.0,
          "y": 0.0,
          "z": 0.0
        },
        "rotation_quaternion": {
          "w": 0.9795463681221008,
          "x": 0.20113086700439453,
          "y": -0.005896488204598427,
          "z": -0.0008562696748413146
        },
        "scale": {
          "x": 1.0,
          "y": 1.0,
          "z": 1.0
        },
        "matrix_basis": [
          [
            0.9999290108680725,
            -0.0006944198976270854,
            -0.01189621165394783,
            0.0
          ],
          [
            -0.004049443174153566,
            0.9190912842750549,
            -0.39402392506599426,
            0.0
          ],
          [
            0.011207322590053082,
            0.3940441310405731,
            0.9190232157707214,
            0.0
          ],
          [
            0.0,
            0.0,
            0.0,
            1.0
          ]
        ],
        "rotation_mode": "QUATERNION"
      },
      "armature_space": {
        "head": {
          "x": 0.5875973701477051,
          "y": 0.3850516378879547,
          "z": 0.03676283359527588
        },
        "tail": {
          "x": 0.5794495344161987,
          "y": 0.3982588052749634,
          "z": 0.012005558237433434
        }
      },
      "world_space": {
        "head": {
          "x": 0.5875973701477051,
          "y": 0.4482956528663635,
          "z": 0.986616849899292
        },
        "tail": {
          "x": 0.5794495344161987,
          "y": 0.4615027904510498,
          "z": 0.9618595838546753
        },
        "rotation_quaternion": {
          "w": 0.5443468689918518,
          "x": -0.19175837934017181,
          "y": -0.6555097699165344,
          "z": 0.48705458641052246
        },
        "matrix": [
          [
            -0.33382976055145264,
            -0.27885788679122925,
            -0.9004420042037964,
            0.5875973701477051
          ],
          [
            0.7816532254219055,
            0.45201075077056885,
            -0.4297729730606079,
            0.4482956528663635
          ],
          [
            0.5268596410751343,
            -0.8473097681999207,
            0.06707555055618286,
            0.986616849899292
          ],
          [
            0.0,
            0.0,
            0.0,
            1.0
          ]
        ]
      },
      "bone_length_armature_space": 0.029218815956887537,
      "parent": "index_02_l",
      "has_children": false,
      "is_end_bone": true
    },
    "metacarpal_pinky_l": {
      "name": "metacarpal_pinky_l",
      "local": {
        "location": {
          "x": 0.0,
          "y": 0.0,
          "z": 0.0
        },
        "rotation_quaternion": {
          "w": 0.9993352890014648,
          "x": -0.03572354093194008,
          "y": 0.004004025366157293,
          "z": -0.0060761310160160065
        },
        "scale": {
          "x": 1.0,
          "y": 1.0,
          "z": 1.0
        },
        "matrix_basis": [
          [
            0.9998940825462341,
            0.011858108453452587,
            0.00843684934079647,
            0.0
          ],
          [
            -0.012430259957909584,
            0.9973738193511963,
            0.07135093212127686,
            0.0
          ],
          [
            -0.007568605709820986,
            -0.07144825160503387,
            0.9974156022071838,
            0.0
          ],
          [
            0.0,
            0.0,
            0.0,
            1.0
          ]
        ],
        "rotation_mode": "QUATERNION"
      },
      "armature_space": {
        "head": {
          "x": 0.5210448503494263,
          "y": 0.329425573348999,
          "z": 0.1811080276966095
        },
        "tail": {
          "x": 0.5690453052520752,
          "y": 0.4012458324432373,
          "z": 0.1229611188173294
        }
      },
      "world_space": {
        "head": {
          "x": 0.5210448503494263,
          "y": 0.39266955852508545,
          "z": 1.1309620141983032
        },
        "tail": {
          "x": 0.5690453052520752,
          "y": 0.46448981761932373,
          "z": 1.072815179824829
        },
        "rotation_quaternion": {
          "w": 0.5695504546165466,
          "x": 0.008592925034463406,
          "y": 0.7214346528053284,
          "z": -0.3937900960445404
        },
        "matrix": [
          [
            -0.35107818245887756,
            0.46096307039260864,
            0.8150196671485901,
            0.5210448503494263
          ],
          [
            -0.43616750836372375,
            0.6897122859954834,
            -0.5779749751091003,
            0.39266955852508545
          ],
          [
            -0.8285604119300842,
            -0.5584027767181396,
            -0.04108688607811928,
            1.1309620141983032
          ],
          [
            0.0,
            0.0,
            0.0,
            1.0
          ]
        ]
      },
      "bone_length_armature_space": 0.10413095723948655,
      "parent": "lowerarm_l",
      "has_children": true,
      "is_end_bone": false
    },
    "pinky_01_l": {
      "name": "pinky_01_l",
      "local": {
        "location": {
          "x": 0.0,
          "y": 0.0,
          "z": 0.0
        },
        "rotation_quaternion": {
          "w": 0.9981576204299927,
          "x": 0.05930868908762932,
          "y": 0.0012138906167820096,
          "z": 0.012749472633004189
        },
        "scale": {
          "x": 1.0,
          "y": 1.0,
          "z": 1.0
        },
        "matrix_basis": [
          [
            0.9996719360351562,
            -0.025307977572083473,
            0.00393561739474535,
            0.0
          ],
          [
            0.025595955550670624,
            0.9926398396492004,
            -0.11836788803339005,
            0.0
          ],
          [
            -0.0009109993115998805,
            0.11842979490756989,
            0.9929620027542114,
            0.0
          ],
          [
            0.0,
            0.0,
            0.0,
            1.0
          ]
        ],
        "rotation_mode": "QUATERNION"
      },
      "armature_space": {
        "head": {
          "x": 0.5690453052520752,
          "y": 0.4012458324432373,
          "z": 0.1229611188173294
        },
        "tail": {
          "x": 0.5744815468788147,
          "y": 0.4149521589279175,
