{
  "metadata": {
    "armature_name": "KIM_caucasian_male",
    "export_time": "2026-01-13T21:04:07.798980",
    "blender_version": "4.4.1",
    "bone_count": 56,
    "end_bone_count": 13,
    "spaces_included": [
      "LOCAL_CHANNELS",
      "ARMATURE_SPACE",
      "WORLD_SPACE"
    ],
    "note": "LOCAL matches Transform panel; replay pose via local.matrix_basis for best fidelity."
  },
  "bones": {
    "Root": {
      "name": "Root",
      "local": {
        "location": {
          "x": 0.0,
          "y": 0.0,
          "z": 0.0
        },
        "rotation_quaternion": {
          "w": 0.9996724724769592,
          "x": 0.01180984079837799,
          "y": 0.006100044120103121,
          "z": 0.021869655698537827
        },
        "scale": {
          "x": 1.0,
          "y": 1.0,
          "z": 1.0
        },
        "matrix_basis": [
          [
            0.9989690184593201,
            -0.043580904603004456,
            0.012712646275758743,
            0.0
          ],
          [
            0.04386906698346138,
            0.9987645149230957,
            -0.023345133289694786,
            0.0
          ],
          [
            -0.011679538525640965,
            0.023878756910562515,
            0.9996466636657715,
            0.0
          ],
          [
            0.0,
            0.0,
            0.0,
            1.0
          ]
        ],
        "rotation_mode": "QUATERNION"
      },
      "armature_space": {
        "head": {
          "x": 0.0,
          "y": 0.07072800397872925,
          "z": -0.009595036506652832
        },
        "tail": {
          "x": -0.003110624849796295,
          "y": -0.00014173239469528198,
          "z": -0.0017007635906338692
        }
      },
      "world_space": {
        "head": {
          "x": 0.0,
          "y": 0.13397200405597687,
          "z": 0.9402589797973633
        },
        "tail": {
          "x": -0.003110624849796295,
          "y": 0.06310226768255234,
          "z": 0.9481532573699951
        },
        "rotation_quaternion": {
          "w": 0.055562570691108704,
          "x": 0.998197078704834,
          "y": -0.02140902355313301,
          "z": 0.007559496443718672
        },
        "matrix": [
          [
            0.9989690184593201,
            -0.043580904603004456,
            0.012712646275758743,
            0.0
          ],
          [
            -0.04190079867839813,
            -0.9929088950157166,
            -0.11124895513057709,
            0.13397200405597687
          ],
          [
            0.017470913007855415,
            0.11060142517089844,
            -0.9937183856964111,
            0.9402589797973633
          ],
          [
            0.0,
            0.0,
            0.0,
            1.0
          ]
        ]
      },
      "bone_length_armature_space": 0.07137587313110452,
      "parent": null,
      "has_children": true,
      "is_end_bone": false
    },
    "spine_01": {
      "name": "spine_01",
      "local": {
        "location": {
          "x": 0.0,
          "y": 0.0,
          "z": 0.0
        },
        "rotation_quaternion": {
          "w": 0.993075430393219,
          "x": 0.10320708155632019,
          "y": 0.04926777258515358,
          "z": -0.026873379945755005
        },
        "scale": {
          "x": 1.0,
          "y": 1.0,
          "z": 1.0
        },
        "matrix_basis": [
          [
            0.9937010407447815,
            0.06354415416717529,
            0.09230618178844452,
            0.0
          ],
          [
            -0.04320501908659935,
            0.9772522449493408,
            -0.20763280987739563,
            0.0
          ],
          [
            -0.10340027511119843,
            0.202336847782135,
            0.9738419651985168,
            0.0
          ],
          [
            0.0,
            0.0,
            0.0,
            1.0
          ]
        ],
        "rotation_mode": "QUATERNION"
      },
      "armature_space": {
        "head": {
          "x": -0.003110624849796295,
          "y": -0.00014173239469528198,
          "z": -0.0017007635906338692
        },
        "tail": {
          "x": 0.015823442488908768,
          "y": -0.08887368440628052,
          "z": 0.47779539227485657
        }
      },
      "world_space": {
        "head": {
          "x": -0.003110624849796295,
          "y": 0.06310226768255234,
          "z": 0.9481532573699951
        },
        "tail": {
          "x": 0.015823442488908768,
          "y": -0.025629684329032898,
          "z": 1.4276493787765503
        },
        "rotation_quaternion": {
          "w": 0.638780415058136,
          "x": 0.7686617374420166,
          "y": 0.03233832120895386,
          "z": 0.008543853648006916
        },
        "matrix": [
          [
            0.9977625012397766,
            0.0387992225587368,
            0.05444904416799545,
            -0.003110624849796295
          ],
          [
            0.0606299564242363,
            -0.18182730674743652,
            -0.9814595580101013,
            0.06310226768255234
          ],
          [
            -0.02817969210445881,
            0.9825716018676758,
            -0.18377505242824554,
            0.9481532573699951
          ],
          [
            0.0,
            0.0,
            0.0,
            1.0
          ]
        ]
      },
      "bone_length_armature_space": 0.4880045242854999,
      "parent": "Root",
      "has_children": true,
      "is_end_bone": false
    },
    "neck_01": {
      "name": "neck_01",
      "local": {
        "location": {
          "x": 0.0,
          "y": 0.0,
          "z": 0.0
        },
        "rotation_quaternion": {
          "w": 0.9899359345436096,
          "x": -0.006415470503270626,
          "y": 0.03590139374136925,
          "z": 0.1367364525794983
        },
        "scale": {
          "x": 1.0,
          "y": 1.0,
          "z": 1.0
        },
        "matrix_basis": [
          [
            0.9600284695625305,
            -0.2711813151836395,
            0.06932570040225983,
            0.0
          ],
          [
            0.2702600061893463,
            0.9625239968299866,
            0.02251986786723137,
            0.0
          ],
          [
            -0.07283461838960648,
            -0.00288375117816031,
            0.9973398447036743,
            0.0
          ],
          [
            0.0,
            0.0,
            0.0,
            1.0
          ]
        ],
        "rotation_mode": "QUATERNION"
      },
      "armature_space": {
        "head": {
          "x": 0.020552579313516617,
          "y": -0.13622424006462097,
          "z": 0.5433643460273743
        },
        "tail": {
          "x": -0.0016159545630216599,
          "y": -0.19101184606552124,
          "z": 0.6271353960037231
        }
      },
      "world_space": {
        "head": {
          "x": 0.020552579313516617,
          "y": -0.07298023998737335,
          "z": 1.4932184219360352
        },
        "tail": {
          "x": -0.0016159545630216599,
          "y": -0.12776784598827362,
          "z": 1.5769894123077393
        },
        "rotation_quaternion": {
          "w": 0.47735148668289185,
          "x": 0.8703538775444031,
          "y": -0.0702454000711441,
          "z": 0.0984143316745758
        },
        "matrix": [
          [
            0.9707605838775635,
            -0.21623335778713226,
            0.10424616932868958,
            0.020552579313516617
          ],
          [
            -0.0283210389316082,
            -0.534402072429657,
            -0.8447559475898743,
            -0.07298023998737335
          ],
          [
            0.23837538063526154,
            0.8171085119247437,
            -0.5249049067497253,
            1.4932184219360352
          ],
          [
            0.0,
            0.0,
            0.0,
            1.0
          ]
        ]
      },
      "bone_length_armature_space": 0.10252177512808659,
      "parent": "spine_01",
      "has_children": true,
      "is_end_bone": false
    },
    "head": {
      "name": "head",
      "local": {
        "location": {
          "x": 0.0,
          "y": 0.0,
          "z": 0.0
        },
        "rotation_quaternion": {
          "w": 0.9784164428710938,
          "x": -0.13116976618766785,
          "y": 0.004965351894497871,
          "z": 0.1595969796180725
        },
        "scale": {
          "x": 1.0,
          "y": 1.0,
          "z": 1.0
        },
        "matrix_basis": [
          [
            0.9490082859992981,
            -0.31360721588134766,
            -0.03215223178267479,
            0.0
          ],
          [
            0.3110020160675049,
            0.914646565914154,
            0.2582622170448303,
            0.0
          ],
          [
            -0.05158495903015137,
            -0.25509241223335266,
            0.9655396938323975,
            0.0
          ],
          [
            0.0,
            0.0,
            0.0,
            1.0
          ]
        ],
        "rotation_mode": "QUATERNION"
      },
      "armature_space": {
        "head": {
          "x": -0.0016159210354089737,
          "y": -0.1910119503736496,
          "z": 0.6271352767944336
        },
        "tail": {
          "x": -0.08349490910768509,
          "y": -0.17804336547851562,
          "z": 0.7582111358642578
        }
      },
      "world_space": {
        "head": {
          "x": -0.0016159210354089737,
          "y": -0.12776795029640198,
          "z": 1.5769892930984497
        },
        "tail": {
          "x": -0.08349490910768509,
          "y": -0.114799365401268,
          "z": 1.708065152168274
        },
        "rotation_quaternion": {
          "w": 0.7034503817558289,
          "x": 0.6542321443557739,
          "y": -0.21671783924102783,
          "z": 0.17369867861270905
        },
        "matrix": [
          [
            0.8457246422767639,
            -0.5279442667961121,
            -0.0776200145483017,
            -0.0016159210354089737
          ],
          [
            -0.039187487214803696,
            0.0836196094751358,
            -0.9957271218299866,
            -0.12776795029640198
          ],
          [
            0.5321826934814453,
            0.8451586365699768,
            0.050029754638671875,
            1.5769892930984497
          ],
          [
            0.0,
            0.0,
            0.0,
            1.0
          ]
        ]
      },
      "bone_length_armature_space": 0.15509104934955856,
      "parent": "neck_01",
      "has_children": false,
      "is_end_bone": true
    },
    "upperarm_l": {
      "name": "upperarm_l",
      "local": {
        "location": {
          "x": 0.0,
          "y": 0.0,
          "z": 0.0
        },
        "rotation_quaternion": {
          "w": 0.941105842590332,
          "x": -0.09985291957855225,
          "y": -0.14750611782073975,
          "z": -0.2873867452144623
        },
        "scale": {
          "x": 1.0,
          "y": 1.0,
          "z": 1.0
        },
        "matrix_basis": [
          [
            0.7913016080856323,
            0.5703805088996887,
            -0.22024492919445038,
            0.0
          ],
          [
            -0.5114648342132568,
            0.8148764967918396,
            0.27272695302963257,
            0.0
          ],
          [
            0.33503055572509766,
            -0.10316172242164612,
            0.9365426898002625,
            0.0
          ],
          [
            0.0,
            0.0,
            0.0,
            1.0
          ]
        ],
        "rotation_mode": "QUATERNION"
      },
      "armature_space": {
        "head": {
          "x": 0.1677829921245575,
          "y": -0.11803954839706421,
          "z": 0.47251489758491516
        },
        "tail": {
          "x": 0.37262943387031555,
          "y": -0.037486232817173004,
          "z": 0.31968480348587036
        }
      },
      "world_space": {
        "head": {
          "x": 0.1677829921245575,
          "y": -0.05479554831981659,
          "z": 1.4223688840866089
        },
        "tail": {
          "x": 0.37262943387031555,
          "y": 0.025757767260074615,
          "z": 1.2695388793945312
        },
        "rotation_quaternion": {
          "w": 0.44191887974739075,
          "x": 0.20268425345420837,
          "y": 0.6745455861091614,
          "z": -0.5555314421653748
        },
        "matrix": [
          [
            -0.5272524356842041,
            0.764439582824707,
            0.37099483609199524,
            0.1677829921245575
          ],
          [
            -0.21756406128406525,
            0.300606369972229,
            -0.9286021590232849,
            -0.05479554831981659
          ],
          [
            -0.8213894963264465,
            -0.5703266263008118,
            0.007818296551704407,
            1.4223688840866089
          ],
          [
            0.0,
            0.0,
            0.0,
            1.0
          ]
        ]
      },
      "bone_length_armature_space": 0.2679700339470068,
      "parent": "spine_01",
      "has_children": true,
      "is_end_bone": false
    },
    "lowerarm_l": {
      "name": "lowerarm_l",
      "local": {
        "location": {
          "x": 0.0,
          "y": 0.0,
          "z": 0.0
        },
        "rotation_quaternion": {
          "w": 0.9417072534561157,
          "x": 0.2998661398887634,
          "y": 0.04776950925588608,
          "z": -0.1448650062084198
        },
        "scale": {
          "x": 1.0,
          "y": 1.0,
          "z": 1.0
        },
        "matrix_basis": [
          [
            0.9534643888473511,
            0.30148977041244507,
            0.0030895662494003773,
            0.0
          ],
          [
            -0.2441919445991516,
            0.7781888842582703,
            -0.5786125063896179,
            0.0
          ],
          [
            -0.17685000598430634,
            0.550931990146637,
            0.8155967593193054,
            0.0
          ],
          [
            0.0,
            0.0,
            0.0,
            1.0
          ]
        ],
        "rotation_mode": "QUATERNION"
      },
      "armature_space": {
        "head": {
          "x": 0.3726295828819275,
          "y": -0.03748621791601181,
          "z": 0.31968486309051514
        },
        "tail": {
          "x": 0.5629668235778809,
          "y": -0.15705659985542297,
          "z": 0.1746181696653366
        }
      },
      "world_space": {
        "head": {
          "x": 0.3726295828819275,
          "y": 0.02575778216123581,
          "z": 1.2695388793945312
        },
        "tail": {
          "x": 0.5629668235778809,
          "y": -0.09381259977817535,
          "z": 1.1244721412658691
        },
        "rotation_quaternion": {
          "w": 0.28601065278053284,
          "x": 0.2872542142868042,
          "y": 0.44127392768859863,
          "z": -0.800599992275238
        },
        "matrix": [
          [
            -0.6713659763336182,
            0.7114760875701904,
            -0.20753216743469238,
            0.3726295828819275
          ],
          [
            -0.20444710552692413,
            -0.44695115089416504,
            -0.870882511138916,
            0.02575778216123581
          ],
          [
            -0.7123739719390869,
            -0.5422557592391968,
            0.4455292820930481,
            1.2695388793945312
          ],
          [
            0.0,
            0.0,
            0.0,
            1.0
          ]
        ]
      },
      "bone_length_armature_space": 0.2675251159926121,
      "parent": "upperarm_l",
      "has_children": true,
      "is_end_bone": false
    },
    "metacarpal_thumb_l": {
      "name": "metacarpal_thumb_l",
      "local": {
        "location": {
          "x": 0.0,
          "y": 0.0,
          "z": 0.0
        },
        "rotation_quaternion": {
          "w": 0.9992853403091431,
          "x": -0.03605813905596733,
          "y": -0.011243840679526329,
          "z": 0.0014742736238986254
        },
        "scale": {
          "x": 1.0,
          "y": 1.0,
          "z": 1.0
        },
        "matrix_basis": [
          [
            0.9997428059577942,
            -0.0021355762146413326,
            -0.022577930241823196,
            0.0
          ],
          [
            0.003757304046303034,
            0.9973952770233154,
            0.07203158736228943,
            0.0
          ],
          [
            0.02236529067158699,
            -0.07209789007902145,
            0.9971467852592468,
            0.0
          ],
          [
            0.0,
            0.0,
            0.0,
            1.0
          ]
        ],
        "rotation_mode": "QUATERNION"
      },
      "armature_space": {
        "head": {
          "x": 0.5629668235778809,
          "y": -0.15705659985542297,
          "z": 0.1746181696653366
        },
        "tail": {
          "x": 0.5813201069831848,
          "y": -0.20139020681381226,
          "z": 0.16231875121593475
        }
      },
      "world_space": {
        "head": {
          "x": 0.5629668235778809,
          "y": -0.09381259977817535,
          "z": 1.1244721412658691
        },
        "tail": {
          "x": 0.5813201069831848,
          "y": -0.13814620673656464,
          "z": 1.1121727228164673
        },
        "rotation_quaternion": {
          "w": 0.029530687257647514,
          "x": -0.8717196583747864,
          "y": -0.22719602286815643,
          "z": 0.43314531445503235
        },
        "matrix": [
          [
            0.5215337872505188,
            0.37052181363105774,
            -0.7685804963111877,
            0.5629668235778809
          ],
          [
            0.42168474197387695,
            -0.8950194716453552,
            -0.14533469080924988,
            -0.09381259977817535
          ],
          [
            -0.7417491674423218,
            -0.2483043372631073,
            -0.6230308413505554,
            1.1244721412658691
          ],
          [
            0.0,
            0.0,
            0.0,
            1.0
          ]
        ]
      },
      "bone_length_armature_space": 0.049533700336869324,
      "parent": "lowerarm_l",
      "has_children": true,
      "is_end_bone": false
    },
    "thumb_01_l": {
      "name": "thumb_01_l",
      "local": {
        "location": {
          "x": 0.0,
          "y": 0.0,
          "z": 0.0
        },
        "rotation_quaternion": {
          "w": 0.9816946983337402,
          "x": 0.18979819118976593,
          "y": 0.013813063502311707,
          "z": 0.00783570110797882
        },
        "scale": {
          "x": 1.0,
          "y": 1.0,
          "z": 1.0
        },
        "matrix_basis": [
          [
            0.9994956254959106,
            -0.010141143575310707,
            0.030094826593995094,
            0.0
          ],
          [
            0.02062792144715786,
            0.9278305172920227,
            -0.37243127822875977,
            0.0
          ],
          [
            -0.02414601854979992,
            0.3728642165660858,
            0.927571713924408,
            0.0
          ],
          [
            0.0,
            0.0,
            0.0,
            1.0
          ]
        ],
        "rotation_mode": "QUATERNION"
      },
      "armature_space": {
        "head": {
          "x": 0.5813201069831848,
          "y": -0.20139020681381226,
          "z": 0.16231875121593475
        },
        "tail": {
          "x": 0.574893593788147,
          "y": -0.2206656038761139,
          "z": 0.1350094974040985
        }
      },
      "world_space": {
        "head": {
          "x": 0.5813201069831848,
          "y": -0.13814620673656464,
          "z": 1.1121727228164673
        },
        "tail": {
          "x": 0.574893593788147,
          "y": -0.15742160379886627,
          "z": 1.084863543510437
        },
        "rotation_quaternion": {
          "w": 0.4041321873664856,
          "x": -0.8482877612113953,
          "y": 0.2313803881406784,
          "z": -0.25208780169487
        },
        "matrix": [
          [
            0.76582932472229,
            -0.18880140781402588,
            0.614702582359314,
            0.5813201069831848
          ],
          [
            -0.596308171749115,
            -0.5662810802459717,
            0.5689836740493774,
            -0.13814620673656464
          ],
          [
            0.2406705766916275,
            -0.8023030161857605,
            -0.5462619662284851,
            1.1121727228164673
          ],
          [
            0.0,
            0.0,
            0.0,
            1.0
          ]
        ]
      },
      "bone_length_armature_space": 0.03403874725012458,
      "parent": "metacarpal_thumb_l",
      "has_children": true,
      "is_end_bone": false
    },
    "thumb_02_l": {
      "name": "thumb_02_l",
      "local": {
        "location": {
          "x": 0.0,
          "y": 0.0,
          "z": 0.0
        },
        "rotation_quaternion": {
          "w": 0.9404604434967041,
          "x": 0.33973681926727295,
          "y": 0.009105338715016842,
          "z": 0.005495929159224033
        },
        "scale": {
          "x": 1.0,
          "y": 1.0,
          "z": 1.0
        },
        "matrix_basis": [
          [
            0.9997738003730774,
            -0.004150570370256901,
            0.020860761404037476,
            0.0
          ],
          [
            0.016524245962500572,
            0.7690973877906799,
            -0.6389179825782776,
            0.0
          ],
          [
            -0.013392082415521145,
            0.6391181349754333,
            0.7689919471740723,
            0.0
          ],
          [
            0.0,
            0.0,
            0.0,
            1.0
          ]
        ],
        "rotation_mode": "QUATERNION"
      },
      "armature_space": {
        "head": {
          "x": 0.5748935341835022,
          "y": -0.2206656038761139,
          "z": 0.1350095272064209
        },
        "tail": {
          "x": 0.6145287156105042,
          "y": -0.21558955311775208,
          "z": 0.1309518963098526
        }
      },
      "world_space": {
        "head": {
          "x": 0.5748935341835022,
          "y": -0.15742160379886627,
          "z": 1.084863543510437
        },
        "tail": {
          "x": 0.6145287156105042,
          "y": -0.15234555304050446,
          "z": 1.0808058977127075
        },
        "rotation_quaternion": {
          "w": 0.720100998878479,
          "x": -0.24970243871212006,
          "y": -0.21129795908927917,
          "z": -0.6119286417961121
        },
        "matrix": [
          [
            0.16179227828979492,
            0.9868238568305969,
            0.001291126012802124,
            0.5748935341835022
          ],
          [
            -0.7757777571678162,
            0.12638188898563385,
            0.6182206869125366,
            -0.15742160379886627
          ],
          [
            0.6099153757095337,
            -0.10102564096450806,
            0.7860099077224731,
            1.084863543510437
          ],
          [
            0.0,
            0.0,
            0.0,
            1.0
          ]
        ]
      },
      "bone_length_armature_space": 0.04016439023728614,
      "parent": "thumb_01_l",
      "has_children": true,
      "is_end_bone": false
    },
    "thumb_03_l": {
      "name": "thumb_03_l",
      "local": {
        "location": {
          "x": 0.0,
          "y": 0.0,
          "z": 0.0
        },
        "rotation_quaternion": {
          "w": 0.9824779033660889,
          "x": 0.18630829453468323,
          "y": -0.00036855251528322697,
          "z": 0.0051439120434224606
        },
        "scale": {
          "x": 1.0,
          "y": 1.0,
          "z": 1.0
        },
        "matrix_basis": [
          [
            0.9999468326568604,
            -0.010244888253509998,
            0.0011925175786018372,
            0.0
          ],
          [
            0.009970230981707573,
            0.930525541305542,
            -0.36609137058258057,
            0.0
          ],
          [
            0.00264089647680521,
            0.3660837709903717,
            0.9305781722068787,
            0.0
          ],
          [
            0.0,
            0.0,
            0.0,
            1.0
          ]
        ],
        "rotation_mode": "QUATERNION"
      },
      "armature_space": {
        "head": {
          "x": 0.6145287156105042,
          "y": -0.21558964252471924,
          "z": 0.1309518814086914
        },
        "tail": {
          "x": 0.6388098001480103,
          "y": -0.20102490484714508,
          "z": 0.1421406865119934
        }
      },
      "world_space": {
        "head": {
          "x": 0.6145287156105042,
          "y": -0.15234564244747162,
          "z": 1.0808058977127075
        },
        "tail": {
          "x": 0.6388098001480103,
          "y": -0.13778090476989746,
          "z": 1.0919947624206543
        },
        "rotation_quaternion": {
          "w": 0.8322702646255493,
          "x": 0.09053001552820206,
          "y": -0.21569602191448212,
          "z": -0.5025990009307861
        },
        "matrix": [
          [
            0.4017378091812134,
            0.797542929649353,
            -0.4500352442264557,
            0.6145287156105042
          ],
          [
            -0.8756505250930786,
            0.4783969521522522,
            0.06612865626811981,
            -0.15234564244747162
          ],
          [
            0.2680368423461914,
            0.3675103187561035,
            0.8905656337738037,
            1.0808058977127075
          ],
          [
            0.0,
            0.0,
            0.0,
            1.0
          ]
        ]
      },
      "bone_length_armature_space": 0.03044490123474797,
      "parent": "thumb_02_l",
      "has_children": false,
      "is_end_bone": true
    },
    "metacarpal_index_l": {
      "name": "metacarpal_index_l",
      "local": {
        "location": {
          "x": 0.0,
          "y": 0.0,
          "z": 0.0
        },
        "rotation_quaternion": {
          "w": 0.9992120862007141,
          "x": -0.0352993980050087,
          "y": 0.016764814034104347,
          "z": 0.006952585652470589
        },
        "scale": {
          "x": 1.0,
          "y": 1.0,
          "z": 1.0
        },
        "matrix_basis": [
          [
            0.9993411898612976,
            -0.015077791176736355,
            0.03301236405968666,
            0.0
          ],
          [
            0.012710639275610447,
            0.9974112510681152,
            0.07077629119157791,
            0.0
          ],
          [
            -0.033994052559137344,
            -0.07031005620956421,
            0.9969457983970642,
            0.0
          ],
          [
            0.0,
            0.0,
            0.0,
            1.0
          ]
        ],
        "rotation_mode": "QUATERNION"
      },
      "armature_space": {
        "head": {
          "x": 0.5629668235778809,
          "y": -0.15705659985542297,
          "z": 0.1746181696653366
        },
        "tail": {
          "x": 0.6374930143356323,
          "y": -0.23534366488456726,
          "z": 0.12938278913497925
        }
      },
      "world_space": {
        "head": {
          "x": 0.5629668235778809,
          "y": -0.09381259977817535,
          "z": 1.1244721412658691
        },
        "tail": {
          "x": 0.6374930143356323,
          "y": -0.17209966480731964,
          "z": 1.0792367458343506
        },
        "rotation_quaternion": {
          "w": 0.06845905631780624,
          "x": 0.6899710893630981,
          "y": 0.4015502631664276,
          "z": -0.5983399152755737
        },
        "matrix": [
          [
            -0.03850765526294708,
            0.6360422968864441,
            -0.7706928849220276,
            0.5629668235778809
          ],
          [
            0.4721924662590027,
            -0.6681395173072815,
            -0.5749993324279785,
            -0.09381259977817535
          ],
          [
            -0.8806599378585815,
            -0.38606053590774536,
            -0.2746083736419678,
            1.1244721412658691
          ],
          [
            0.0,
            0.0,
            0.0,
            1.0
          ]
        ]
      },
      "bone_length_armature_space": 0.11717191234869845,
      "parent": "lowerarm_l",
      "has_children": true,
      "is_end_bone": false
    },
    "index_01_l": {
      "name": "index_01_l",
      "local": {
        "location": {
          "x": 0.0,
          "y": 0.0,
          "z": 0.0
        },
        "rotation_quaternion": {
          "w": 0.9777346253395081,
          "x": 0.2090272456407547,
          "y": -0.016167590394616127,
          "z": 0.009022369049489498
        },
        "scale": {
          "x": 1.0,
          "y": 1.0,
          "z": 1.0
        },
        "matrix_basis": [
          [
            0.9993144273757935,
            -0.024401899427175522,
            -0.027843384072184563,
            0.0
          ],
          [
            0.010884031653404236,
            0.9124523997306824,
            -0.40903809666633606,
            0.0
          ],
          [
            0.0353870689868927,
            0.4084545969963074,
            0.9120924472808838,
            0.0
          ],
          [
            0.0,
            0.0,
            0.0,
            1.0
          ]
        ],
        "rotation_mode": "QUATERNION"
      },
      "armature_space": {
        "head": {
          "x": 0.6374930143356323,
          "y": -0.23534366488456726,
          "z": 0.12938278913497925
        },
        "tail": {
          "x": 0.6473492383956909,
          "y": -0.2530277669429779,
          "z": 0.10930286347866058
        }
      },
      "world_space": {
        "head": {
          "x": 0.6374930143356323,
          "y": -0.17209966480731964,
          "z": 1.0792367458343506
        },
        "tail": {
          "x": 0.6473492383956909,
          "y": -0.18978376686573029,
          "z": 1.059156894683838
        },
        "rotation_quaternion": {
          "w": 0.11439076066017151,
          "x": -0.5947681069374084,
          "y": -0.4205033779144287,
          "z": 0.6755313873291016
        },
        "matrix": [
          [
            -0.2663313150405884,
            0.34565863013267517,
            -0.8997710943222046,
            0.6374930143356323
          ],
          [
            0.6547532081604004,
            -0.620181679725647,
            -0.4320569634437561,
            -0.17209966480731964
          ],
          [
            -0.7073701024055481,
            -0.7042037844657898,
            -0.06114816665649414,
            1.0792367458343506
          ],
          [
            0.0,
            0.0,
            0.0,
            1.0
          ]
        ]
      },
      "bone_length_armature_space": 0.028514488243280924,
      "parent": "metacarpal_index_l",
      "has_children": true,
      "is_end_bone": false
    },
    "index_02_l": {
      "name": "index_02_l",
      "local": {
        "location": {
          "x": 0.0,
          "y": 0.0,
          "z": 0.0
        },
        "rotation_quaternion": {
          "w": 0.9166528582572937,
          "x": 0.39966079592704773,
          "y": 0.004331988748162985,
          "z": 0.00010295514948666096
        },
        "scale": {
          "x": 1.0,
          "y": 1.0,
          "z": 1.0
        },
        "matrix_basis": [
          [
            0.9999624490737915,
            0.0032739038579165936,
            0.008024154230952263,
            0.0
          ],
          [
            0.0036514003295451403,
            0.6805424690246582,
            -0.7326995134353638,
            0.0
          ],
          [
            -0.007859565317630768,
            0.732701301574707,
            0.6805049777030945,
            0.0
          ],
          [
            0.0,
            0.0,
            0.0,
            1.0
          ]
        ],
        "rotation_mode": "QUATERNION"
      },
      "armature_space": {
        "head": {
          "x": 0.6473491787910461,
          "y": -0.2530282735824585,
          "z": 0.10930274426937103
        },
        "tail": {
          "x": 0.637444019317627,
          "y": -0.27249616384506226,
          "z": 0.09584977477788925
        }
      },
      "world_space": {
        "head": {
          "x": 0.6473491787910461,
          "y": -0.18978427350521088,
          "z": 1.0591567754745483
        },
        "tail": {
          "x": 0.637444019317627,
          "y": -0.20925216376781464,
          "z": 1.0457037687301636
        },
        "rotation_quaternion": {
          "w": 0.32056596875190735,
          "x": -0.48360106348991394,
          "y": -0.13339553773403168,
          "z": 0.8034757971763611
        },
        "matrix": [
          [
            -0.3267345428466797,
            -0.3861158788204193,
            -0.8626466989517212,
            0.6473491787910461
          ],
          [
            0.6441546678543091,
            -0.7588858008384705,
            0.09569427371025085,
            -0.18978427350521088
          ],
          [
            -0.6916036605834961,
            -0.5244155526161194,
            0.4966760277748108,
            1.0591567754745483
          ],
          [
            0.0,
            0.0,
            0.0,
            1.0
          ]
        ]
      },
      "bone_length_armature_space": 0.02565332972364715,
      "parent": "index_01_l",
      "has_children": true,
      "is_end_bone": false
    },
    "index_03_l": {
      "name": "index_03_l",
      "local": {
        "location": {
          "x": 0.0,
          "y": 0.0,
          "z": 0.0
        },
        "rotation_quaternion": {
          "w": 0.96736741065979,
          "x": 0.25328710675239563,
          "y": 0.006752322427928448,
          "z": -0.0006022448651492596
        },
        "scale": {
          "x": 1.0,
          "y": 1.0,
          "z": 1.0
        },
        "matrix_basis": [
          [
            0.9999080896377563,
            0.004585736431181431,
            0.012758871540427208,
            0.0
          ],
          [
            0.0022553682792931795,
            0.871690571308136,
            -0.4900515079498291,
            0.0
          ],
          [
            -0.013369034975767136,
            0.4900352656841278,
            0.8716000914573669,
            0.0
          ],
          [
            0.0,
            0.0,
            0.0,
            1.0
          ]
        ],
        "rotation_mode": "QUATERNION"
      },
      "armature_space": {
        "head": {
          "x": 0.6374441981315613,
          "y": -0.27249619364738464,
          "z": 0.09584973007440567
        },
        "tail": {
          "x": 0.6129076480865479,
          "y": -0.2868686020374298,
          "z": 0.08913223445415497
        }
      },
      "world_space": {
        "head": {
          "x": 0.6374441981315613,
          "y": -0.20925219357013702,
          "z": 1.0457037687301636
        },
        "tail": {
          "x": 0.6129076480865479,
          "y": -0.2236246019601822,
          "z": 1.0389862060546875
        },
        "rotation_quaternion": {
          "w": 0.4947647452354431,
          "x": -0.38291820883750916,
          "y": 0.09623709321022034,
          "z": 0.7741575837135315
        },
        "matrix": [
          [
            -0.21716172993183136,
            -0.8397552371025085,
            -0.49764662981033325,
            0.6374441981315613
          ],
          [
            0.6923496723175049,
            -0.49189063906669617,
            0.5279165506362915,
            -0.20925219357013702
          ],
          [
            -0.6881126165390015,
            -0.22990424931049347,
            0.6882292032241821,
            1.0457037687301636
          ],
          [
            0.0,
            0.0,
            0.0,
            1.0
          ]
        ]
      },
      "bone_length_armature_space": 0.02921871273950315,
      "parent": "index_02_l",
      "has_children": false,
      "is_end_bone": true
    },
    "metacarpal_pinky_l": {
      "name": "metacarpal_pinky_l",
      "local": {
        "location": {
          "x": 0.0,
          "y": 0.0,
          "z": 0.0
        },
        "rotation_quaternion": {
          "w": 0.9998842477798462,
          "x": 0.003003275953233242,
          "y": 0.01212029904127121,
          "z": -0.00870549026876688
        },
        "scale": {
          "x": 1.0,
          "y": 1.0,
          "z": 1.0
        },
        "matrix_basis": [
          [
            0.9995546340942383,
            0.017481766641139984,
            0.024185502901673317,
            0.0
          ],
          [
            -0.0173361636698246,
            0.9998303651809692,
            -0.006216882728040218,
            0.0
          ],
          [
            -0.02429008297622204,
            0.005794830154627562,
            0.9996881484985352,
            0.0
          ],
          [
            0.0,
            0.0,
            0.0,
            1.0
          ]
        ],
        "rotation_mode": "QUATERNION"
      },
      "armature_space": {
        "head": {
          "x": 0.5629668235778809,
          "y": -0.15705659985542297,
          "z": 0.1746181696653366
        },
        "tail": {
          "x": 0.639828085899353,
          "y": -0.1758004128932953,
          "z": 0.10691072046756744
        }
      },
      "world_space": {
        "head": {
          "x": 0.5629668235778809,
          "y": -0.09381259977817535,
          "z": 1.1244721412658691
        },
        "tail": {
          "x": 0.639828085899353,
          "y": -0.11255641281604767,
          "z": 1.0567647218704224
        },
        "rotation_quaternion": {
          "w": 0.5885719060897827,
          "x": -0.23972734808921814,
          "y": 0.25215354561805725,
          "z": -0.7297483086585999
        },
        "matrix": [
          [
            -0.19222508370876312,
            0.7381225824356079,
            0.6467028260231018,
            0.5629668235778809
          ],
          [
            -0.9799153804779053,
            -0.18000267446041107,
            -0.08582055568695068,
            -0.09381259977817535
          ],
          [
            0.053061604499816895,
            -0.6502156257629395,
            0.7579039931297302,
            1.1244721412658691
          ],
          [
            0.0,
            0.0,
            0.0,
            1.0
          ]
        ]
      },
      "bone_length_armature_space": 0.10413108482777361,
      "parent": "lowerarm_l",
      "has_children": true,
      "is_end_bone": false
    },
    "pinky_01_l": {
      "name": "pinky_01_l",
      "local": {
        "location": {
          "x": 0.0,
          "y": 0.0,
          "z": 0.0
        },
        "rotation_quaternion": {
          "w": 0.9421844482421875,
          "x": 0.33453893661499023,
          "y": -0.005991003010421991,
          "z": 0.0183397326618433
        },
        "scale": {
          "x": 1.0,
          "y": 1.0,
          "z": 1.0
        },
        "matrix_basis": [
          [
            0.9992555379867554,
            -0.03856727108359337,
            0.0009814496152102947,
            0.0
          ],
          [
            0.03055037371814251,
            0.7754946947097778,
            -0.6306145191192627,
            0.0
          ],
          [
            0.023559968918561935,
            0.630174994468689,
            0.7760956287384033,
            0.0
          ],
          [
            0.0,
            0.0,
            0.0,
            1.0
          ]
        ],
        "rotation_mode": "QUATERNION"
      },
      "armature_space": {
        "head": {
          "x": 0.639828085899353,
          "y": -0.1758004128932953,
          "z": 0.10691072046756744
        },
        "tail": {
