{
  "metadata": {
    "armature_name": "KIM_caucasian_male",
    "export_time": "2026-01-13T21:04:22.818742",
    "blender_version": "4.4.1",
    "bone_count": 56,
    "end_bone_count": 13,
    "spaces_included": [
      "LOCAL_CHANNELS",
      "ARMATURE_SPACE",
      "WORLD_SPACE"
    ],
    "note": "LOCAL matches Transform panel; replay pose via local.matrix_basis for best fidelity."
  },
  "bones": {
    "Root": {
      "name": "Root",
      "local": {
        "location": {
          "x": 0.0,
          "y": 0.0,
          "z": 0.0
        },
        "rotation_quaternion": {
          "w": 0.9995646476745605,
          "x": -0.017290055751800537,
          "y": -0.012458435259759426,
          "z": -0.02040998265147209
        },
        "scale": {
          "x": 1.0,
          "y": 1.0,
          "z": 1.0
        },
        "matrix_basis": [
          [
            0.9988564252853394,
            0.04123300686478615,
            -0.02420024387538433,
            0.0
          ],
          [
            -0.040371380746364594,
            0.9985689520835876,
            0.03507360816001892,
            0.0
          ],
          [
            0.02561180293560028,
            -0.03405650332570076,
            0.9990916848182678,
            0.0
          ],
          [
            0.0,
            0.0,
            0.0,
            1.0
          ]
        ],
        "rotation_mode": "QUATERNION"
      },
      "armature_space": {
        "head": {
          "x": 0.0,
          "y": 0.07072800397872925,
          "z": -0.009595036506652832
        },
        "tail": {
          "x": 0.0029430417343974113,
          "y": 0.0004279911518096924,
          "z": 0.002395033836364746
        }
      },
      "world_space": {
        "head": {
          "x": 0.0,
          "y": 0.13397200405597687,
          "z": 0.9402589797973633
        },
        "tail": {
          "x": 0.0029430417343974113,
          "y": 0.06367199122905731,
          "z": 0.9522490501403809
        },
        "rotation_quaternion": {
          "w": 0.08458911627531052,
          "x": 0.9961290955543518,
          "y": 0.01952432096004486,
          "z": -0.013805117458105087
        },
        "matrix": [
          [
            0.9988564252853394,
            0.04123300686478615,
            -0.02420024387538433,
            0.0
          ],
          [
            0.03656194731593132,
            -0.9849268794059753,
            -0.16906285285949707,
            0.13397200405597687
          ],
          [
            -0.03080662153661251,
            0.16798493266105652,
            -0.985315203666687,
            0.9402589797973633
          ],
          [
            0.0,
            0.0,
            0.0,
            1.0
          ]
        ]
      },
      "bone_length_armature_space": 0.07137587079925868,
      "parent": null,
      "has_children": true,
      "is_end_bone": false
    },
    "spine_01": {
      "name": "spine_01",
      "local": {
        "location": {
          "x": 0.0,
          "y": 0.0,
          "z": 0.0
        },
        "rotation_quaternion": {
          "w": 0.998469352722168,
          "x": 0.04916057363152504,
          "y": -0.01679936982691288,
          "z": -0.018974967300891876
        },
        "scale": {
          "x": 1.0,
          "y": 1.0,
          "z": 1.0
        },
        "matrix_basis": [
          [
            0.9987154603004456,
            0.0362401120364666,
            -0.035412952303886414,
            0.0
          ],
          [
            -0.03954358026385307,
            0.9944463968276978,
            -0.09753311425447464,
            0.0
          ],
          [
            0.03168167173862457,
            0.0988081842660904,
            0.9946020245552063,
            0.0
          ],
          [
            0.0,
            0.0,
            0.0,
            1.0
          ]
        ],
        "rotation_mode": "QUATERNION"
      },
      "armature_space": {
        "head": {
          "x": 0.0029430417343974113,
          "y": 0.0004279911518096924,
          "z": 0.002395033836364746
        },
        "tail": {
          "x": 0.03594476729631424,
          "y": -0.007270541973412037,
          "z": 0.4892216622829437
        }
      },
      "world_space": {
        "head": {
          "x": 0.0029430417343974113,
          "y": 0.06367199122905731,
          "z": 0.9522490501403809
        },
        "tail": {
          "x": 0.03594476729631424,
          "y": 0.05597345903515816,
          "z": 1.4390757083892822
        },
        "rotation_quaternion": {
          "w": 0.701084554195404,
          "x": 0.7122750878334045,
          "y": 0.02434214949607849,
          "z": -0.023499086499214172
        },
        "matrix": [
          [
            0.9977105259895325,
            0.06762631237506866,
            0.0006566643714904785,
            0.0029430417343974113
          ],
          [
            0.0017273835837841034,
            -0.015775643289089203,
            -0.9998740553855896,
            0.06367199122905731
          ],
          [
            -0.06760791689157486,
            0.9975930452346802,
            -0.015857413411140442,
            0.9522490501403809
          ],
          [
            0.0,
            0.0,
            0.0,
            1.0
          ]
        ]
      },
      "bone_length_armature_space": 0.488004660492232,
      "parent": "Root",
      "has_children": true,
      "is_end_bone": false
    },
    "neck_01": {
      "name": "neck_01",
      "local": {
        "location": {
          "x": 0.0,
          "y": 0.0,
          "z": 0.0
        },
        "rotation_quaternion": {
          "w": 0.9930094480514526,
          "x": 0.02982466295361519,
          "y": -0.012433039955794811,
          "z": 0.11352614313364029
        },
        "scale": {
          "x": 1.0,
          "y": 1.0,
          "z": 1.0
        },
        "matrix_basis": [
          [
            0.9739144444465637,
            -0.2262066900730133,
            -0.017920494079589844,
            0.0
          ],
          [
            0.2247234433889389,
            0.9724445939064026,
            -0.06205529347062111,
            0.0
          ],
          [
            0.03146401047706604,
            0.05640939250588417,
            0.997911810874939,
            0.0
          ],
          [
            0.0,
            0.0,
            0.0,
            1.0
          ]
        ],
        "rotation_mode": "QUATERNION"
      },
      "armature_space": {
        "head": {
          "x": 0.04091903194785118,
          "y": -0.043101683259010315,
          "z": 0.5617139935493469
        },
        "tail": {
          "x": 0.02388853207230568,
          "y": -0.08774366974830627,
          "z": 0.6524211764335632
        }
      },
      "world_space": {
        "head": {
          "x": 0.04091903194785118,
          "y": 0.020142316818237305,
          "z": 1.5115680694580078
        },
        "tail": {
          "x": 0.02388853207230568,
          "y": -0.024499669671058655,
          "z": 1.6022751331329346
        },
        "rotation_quaternion": {
          "w": 0.5246644616127014,
          "x": 0.8468663096427917,
          "y": -0.08370501548051834,
          "z": 0.023198196664452553
        },
        "matrix": [
          [
            0.9849106669425964,
            -0.1661166399717331,
            -0.048543285578489304,
            0.04091903194785118
          ],
          [
            -0.11743205785751343,
            -0.43544095754623413,
            -0.8925251364707947,
            0.020142316818237305
          ],
          [
            0.1271263062953949,
            0.8847637176513672,
            -0.44838184118270874,
            1.5115680694580078
          ],
          [
            0.0,
            0.0,
            0.0,
            1.0
          ]
        ]
      },
      "bone_length_armature_space": 0.10252188740236812,
      "parent": "spine_01",
      "has_children": true,
      "is_end_bone": false
    },
    "head": {
      "name": "head",
      "local": {
        "location": {
          "x": 0.0,
          "y": 0.0,
          "z": 0.0
        },
        "rotation_quaternion": {
          "w": 0.9932743310928345,
          "x": 0.036842115223407745,
          "y": 0.06577203422784805,
          "z": 0.08787933737039566
        },
        "scale": {
          "x": 1.0,
          "y": 1.0,
          "z": 1.0
        },
        "matrix_basis": [
          [
            0.9759024977684021,
            -0.16973021626472473,
            0.13713467121124268,
            0.0
          ],
          [
            0.17942294478416443,
            0.9818397760391235,
            -0.06162865087389946,
            0.0
          ],
          [
            -0.1241840273141861,
            0.08474866300821304,
            0.988633394241333,
            0.0
          ],
          [
            0.0,
            0.0,
            0.0,
            1.0
          ]
        ],
        "rotation_mode": "QUATERNION"
      },
      "armature_space": {
        "head": {
          "x": 0.023888537660241127,
          "y": -0.08774377405643463,
          "z": 0.6524209976196289
        },
        "tail": {
          "x": -0.024457069113850594,
          "y": -0.11025457084178925,
          "z": 0.7980549335479736
        }
      },
      "world_space": {
        "head": {
          "x": 0.023888537660241127,
          "y": -0.02449977397918701,
          "z": 1.602275013923645
        },
        "tail": {
          "x": -0.024457069113850594,
          "y": -0.047010570764541626,
          "z": 1.7479089498519897
        },
        "rotation_quaternion": {
          "w": 0.6448841691017151,
          "x": 0.7475697994232178,
          "y": -0.1074756607413292,
          "z": 0.11710191518068314
        },
        "matrix": [
          [
            0.9494723081588745,
            -0.3117257058620453,
            0.036463163793087006,
            0.023888537660241127
          ],
          [
            -0.009658560156822205,
            -0.1451464593410492,
            -0.9893631935119629,
            -0.02449977397918701
          ],
          [
            0.31370460987091064,
            0.9390271902084351,
            -0.14082522690296173,
            1.602275013923645
          ],
          [
            0.0,
            0.0,
            0.0,
            1.0
          ]
        ]
      },
      "bone_length_armature_space": 0.155091190373291,
      "parent": "neck_01",
      "has_children": false,
      "is_end_bone": true
    },
    "upperarm_l": {
      "name": "upperarm_l",
      "local": {
        "location": {
          "x": 0.0,
          "y": 0.0,
          "z": 0.0
        },
        "rotation_quaternion": {
          "w": 0.7330439686775208,
          "x": 0.30716487765312195,
          "y": 0.46330612897872925,
          "z": 0.3919741213321686
        },
        "scale": {
          "x": 1.0,
          "y": 1.0,
          "z": 1.0
        },
        "matrix_basis": [
          [
            0.263407438993454,
            -0.2900457978248596,
            0.9200488924980164,
            0.0
          ],
          [
            0.8592912554740906,
            0.5040120482444763,
            -0.08712269365787506,
            0.0
          ],
          [
            -0.43844616413116455,
            0.8135387301445007,
            0.3819943368434906,
            0.0
          ],
          [
            0.0,
            0.0,
            0.0,
            1.0
          ]
        ],
        "rotation_mode": "QUATERNION"
      },
      "armature_space": {
        "head": {
          "x": 0.18603269755840302,
          "y": -0.044971056282520294,
          "z": 0.4844762086868286
        },
        "tail": {
          "x": 0.335645854473114,
          "y": -0.26013287901878357,
          "z": 0.5404132008552551
        }
      },
      "world_space": {
        "head": {
          "x": 0.18603269755840302,
          "y": 0.018272943794727325,
          "z": 1.4343302249908447
        },
        "tail": {
          "x": 0.335645854473114,
          "y": -0.19688887894153595,
          "z": 1.490267276763916
        },
        "rotation_quaternion": {
          "w": 0.14803536236286163,
          "x": 0.9410306215286255,
          "y": 0.27680009603500366,
          "z": -0.12620866298675537
        },
        "matrix": [
          [
            0.814906120300293,
            0.5583216547966003,
            -0.15557941794395447,
            0.18603269755840302
          ],
          [
            0.48358815908432007,
            -0.8029341697692871,
            -0.34848150610923767,
            0.018272943794727325
          ],
          [
            -0.3194866180419922,
            0.20874401926994324,
            -0.9243205189704895,
            1.4343302249908447
          ],
          [
            0.0,
            0.0,
            0.0,
            1.0
          ]
        ]
      },
      "bone_length_armature_space": 0.2679695087156593,
      "parent": "spine_01",
      "has_children": true,
      "is_end_bone": false
    },
    "lowerarm_l": {
      "name": "lowerarm_l",
      "local": {
        "location": {
          "x": 0.0,
          "y": 0.0,
          "z": 0.0
        },
        "rotation_quaternion": {
          "w": 0.8523204326629639,
          "x": 0.429944783449173,
          "y": -0.2836104929447174,
          "z": 0.09089849889278412
        },
        "scale": {
          "x": 1.0,
          "y": 1.0,
          "z": 1.0
        },
        "matrix_basis": [
          [
            0.8226050734519958,
            -0.39882299304008484,
            -0.4052913784980774,
            0.0
          ],
          [
            -0.08892440795898438,
            0.6137698888778687,
            -0.7844609618186951,
            0.0
          ],
          [
            0.5616167187690735,
            0.6813418865203857,
            0.46942514181137085,
            0.0
          ],
          [
            0.0,
            0.0,
            0.0,
            1.0
          ]
        ],
        "rotation_mode": "QUATERNION"
      },
      "armature_space": {
        "head": {
          "x": 0.33564576506614685,
          "y": -0.2601330280303955,
          "z": 0.5404132008552551
        },
        "tail": {
          "x": 0.26649415493011475,
          "y": -0.5002518892288208,
          "z": 0.4448595643043518
        }
      },
      "world_space": {
        "head": {
          "x": 0.33564576506614685,
          "y": -0.1968890279531479,
          "z": 1.490267276763916
        },
        "tail": {
          "x": 0.26649415493011475,
          "y": -0.4370079040527344,
          "z": 1.3947136402130127
        },
        "rotation_quaternion": {
          "w": 0.22601750493049622,
          "x": -0.8175875544548035,
          "y": 0.01171334832906723,
          "z": 0.5294616222381592
        },
        "matrix": [
          [
            0.43906718492507935,
            -0.2584870457649231,
            -0.8604675531387329,
            0.33564576506614685
          ],
          [
            0.2201811522245407,
            -0.8975585699081421,
            0.3819800615310669,
            -0.1968890279531479
          ],
          [
            -0.8710629940032959,
            -0.357177197933197,
            -0.33717650175094604,
            1.490267276763916
          ],
          [
            0.0,
            0.0,
            0.0,
            1.0
          ]
        ]
      },
      "bone_length_armature_space": 0.2675247826624433,
      "parent": "upperarm_l",
      "has_children": true,
      "is_end_bone": false
    },
    "metacarpal_thumb_l": {
      "name": "metacarpal_thumb_l",
      "local": {
        "location": {
          "x": 0.0,
          "y": 0.0,
          "z": 0.0
        },
        "rotation_quaternion": {
          "w": 0.999642550945282,
          "x": 0.01986086182296276,
          "y": -0.016075754538178444,
          "z": 0.007868889719247818
        },
        "scale": {
          "x": 1.0,
          "y": 1.0,
          "z": 1.0
        },
        "matrix_basis": [
          [
            0.9993593096733093,
            -0.016370709985494614,
            -0.031827449798583984,
            0.0
          ],
          [
            0.015093597583472729,
            0.9990872740745544,
            -0.03996052220463753,
            0.0
          ],
          [
            0.03245258331298828,
            0.03945452719926834,
            0.9986942410469055,
            0.0
          ],
          [
            0.0,
            0.0,
            0.0,
            1.0
          ]
        ],
        "rotation_mode": "QUATERNION"
      },
      "armature_space": {
        "head": {
          "x": 0.26649415493011475,
          "y": -0.5002518892288208,
          "z": 0.4448595643043518
        },
        "tail": {
          "x": 0.2358991801738739,
          "y": -0.5207751393318176,
          "z": 0.411748468875885
        }
      },
      "world_space": {
        "head": {
          "x": 0.26649415493011475,
          "y": -0.4370079040527344,
          "z": 1.3947136402130127
        },
        "tail": {
          "x": 0.2358991801738739,
          "y": -0.4575311541557312,
          "z": 1.361602544784546
        },
        "rotation_quaternion": {
          "w": 0.32530155777931213,
          "x": -0.8273530006408691,
          "y": 0.432451069355011,
          "z": -0.15050573647022247
        },
        "matrix": [
          [
            0.5806665420532227,
            -0.6176600456237793,
            0.5303981304168701,
            0.26649415493011475
          ],
          [
            -0.8134999871253967,
            -0.41432949900627136,
            0.4081037640571594,
            -0.4370079040527344
          ],
          [
            -0.03231094777584076,
            -0.6684561967849731,
            -0.7430588006973267,
            1.3947136402130127
          ],
          [
            0.0,
            0.0,
            0.0,
            1.0
          ]
        ]
      },
      "bone_length_armature_space": 0.04953383620904355,
      "parent": "lowerarm_l",
      "has_children": true,
      "is_end_bone": false
    },
    "thumb_01_l": {
      "name": "thumb_01_l",
      "local": {
        "location": {
          "x": 0.0,
          "y": 0.0,
          "z": 0.0
        },
        "rotation_quaternion": {
          "w": 0.9680256843566895,
          "x": 0.2504592835903168,
          "y": -0.01360845286399126,
          "z": -0.00335660669952631
        },
        "scale": {
          "x": 1.0,
          "y": 1.0,
          "z": 1.0
        },
        "matrix_basis": [
          [
            0.9996070861816406,
            -0.0003181637148372829,
            -0.028028050437569618,
            0.0
          ],
          [
            -0.013315289281308651,
            0.8745177388191223,
            -0.4848106801509857,
            0.0
          ],
          [
            0.02466527745127678,
            0.4849933981895447,
            0.8741698861122131,
            0.0
          ],
          [
            0.0,
            0.0,
            0.0,
            1.0
          ]
        ],
        "rotation_mode": "QUATERNION"
      },
      "armature_space": {
        "head": {
          "x": 0.2358991801738739,
          "y": -0.5207751393318176,
          "z": 0.411748468875885
        },
        "tail": {
          "x": 0.242813378572464,
          "y": -0.5302852988243103,
          "z": 0.37980490922927856
        }
      },
      "world_space": {
        "head": {
          "x": 0.2358991801738739,
          "y": -0.4575311541557312,
          "z": 1.361602544784546
        },
        "tail": {
          "x": 0.242813378572464,
          "y": -0.4670413136482239,
          "z": 1.3296589851379395
        },
        "rotation_quaternion": {
          "w": 0.25747066736221313,
          "x": -0.1824575811624527,
          "y": 0.5422287583351135,
          "z": -0.7787208557128906
        },
        "matrix": [
          [
            -0.8008354306221008,
            0.20312842726707458,
            0.5633835792541504,
            0.2358991801738739
          ],
          [
            -0.5988636612892151,
            -0.2793937921524048,
            -0.7505339980125427,
            -0.4575311541557312
          ],
          [
            0.004950694739818573,
            -0.9384514093399048,
            0.34539633989334106,
            1.361602544784546
          ],
          [
            0.0,
            0.0,
            0.0,
            1.0
          ]
        ]
      },
      "bone_length_armature_space": 0.034038805551792534,
      "parent": "metacarpal_thumb_l",
      "has_children": true,
      "is_end_bone": false
    },
    "thumb_02_l": {
      "name": "thumb_02_l",
      "local": {
        "location": {
          "x": 0.0,
          "y": 0.0,
          "z": 0.0
        },
        "rotation_quaternion": {
          "w": 0.894442081451416,
          "x": 0.4470514953136444,
          "y": 0.007819137535989285,
          "z": 0.00757557014003396
        },
        "scale": {
          "x": 1.0,
          "y": 1.0,
          "z": 1.0
        },
        "matrix_basis": [
          [
            0.9997629523277283,
            -0.0065607032738626,
            0.020760871469974518,
            0.0
          ],
          [
            0.0205429308116436,
            0.600175142288208,
            -0.7996048927307129,
            0.0
          ],
          [
            -0.007214191369712353,
            0.7998418211936951,
            0.6001676321029663,
            0.0
          ],
          [
            0.0,
            0.0,
            0.0,
            1.0
          ]
        ],
        "rotation_mode": "QUATERNION"
      },
      "armature_space": {
        "head": {
          "x": 0.242813378572464,
          "y": -0.5302852392196655,
          "z": 0.37980490922927856
        },
        "tail": {
          "x": 0.23639683425426483,
          "y": -0.5611708760261536,
          "z": 0.40466639399528503
        }
      },
      "world_space": {
        "head": {
          "x": 0.242813378572464,
          "y": -0.4670412540435791,
          "z": 1.3296589851379395
        },
        "tail": {
          "x": 0.23639683425426483,
          "y": -0.49792689085006714,
          "z": 1.3545204401016235
        },
        "rotation_quaternion": {
          "w": 0.06510631740093231,
          "x": -0.056231509894132614,
          "y": 0.3335730731487274,
          "z": 0.9387908577919006
        },
        "matrix": [
          [
            -0.9851981997489929,
            -0.15975713729858398,
            -0.06214345246553421,
            0.242813378572464
          ],
          [
            0.08472806960344315,
            -0.7689800262451172,
            0.6336331367492676,
            -0.4670412540435791
          ],
          [
            -0.14901533722877502,
            0.6189926862716675,
            0.7711398601531982,
            1.3296589851379395
          ],
          [
            0.0,
            0.0,
            0.0,
            1.0
          ]
        ]
      },
      "bone_length_armature_space": 0.04016451201817369,
      "parent": "thumb_01_l",
      "has_children": true,
      "is_end_bone": false
    },
    "thumb_03_l": {
      "name": "thumb_03_l",
      "local": {
        "location": {
          "x": 0.0,
          "y": 0.0,
          "z": 0.0
        },
        "rotation_quaternion": {
          "w": 0.9853183031082153,
          "x": 0.17054089903831482,
          "y": -0.004672403447329998,
          "z": -0.006480906158685684
        },
        "scale": {
          "x": 1.0,
          "y": 1.0,
          "z": 1.0
        },
        "matrix_basis": [
          [
            0.9998723268508911,
            0.011177838779985905,
            -0.01141812838613987,
            0.0
          ],
          [
            -0.014365182258188725,
            0.9417476058006287,
            -0.3360135853290558,
            0.0
          ],
          [
            0.006997090298682451,
            0.3361347019672394,
            0.9417879581451416,
            0.0
          ],
          [
            0.0,
            0.0,
            0.0,
            1.0
          ]
        ],
        "rotation_mode": "QUATERNION"
      },
      "armature_space": {
        "head": {
          "x": 0.23639677464962006,
          "y": -0.5611708760261536,
          "z": 0.4046662747859955
        },
        "tail": {
          "x": 0.23165583610534668,
          "y": -0.5699862241744995,
          "z": 0.4334189295768738
        }
      },
      "world_space": {
        "head": {
          "x": 0.23639677464962006,
          "y": -0.49792689085006714,
          "z": 1.354520320892334
        },
        "tail": {
          "x": 0.23165583610534668,
          "y": -0.5067422389984131,
          "z": 1.3832728862762451
        },
        "rotation_quaternion": {
          "w": 0.05084243044257164,
          "x": 0.19774717092514038,
          "y": -0.5938349962234497,
          "z": -0.7782487869262695
        },
        "matrix": [
          [
            -0.9166224598884583,
            -0.15572209656238556,
            -0.3681759238243103,
            0.23639677464962006
          ],
          [
            -0.31399351358413696,
            -0.2895502746105194,
            0.9041951298713684,
            -0.49792689085006714
          ],
          [
            -0.24741053581237793,
            0.9444169402122498,
            0.21651512384414673,
            1.354520320892334
          ],
          [
            0.0,
            0.0,
            0.0,
            1.0
          ]
        ]
      },
      "bone_length_armature_space": 0.030445065359124154,
      "parent": "thumb_02_l",
      "has_children": false,
      "is_end_bone": true
    },
    "metacarpal_index_l": {
      "name": "metacarpal_index_l",
      "local": {
        "location": {
          "x": 0.0,
          "y": 0.0,
          "z": 0.0
        },
        "rotation_quaternion": {
          "w": 0.9982944130897522,
          "x": -0.05326688662171364,
          "y": 0.015264041721820831,
          "z": -0.018380647525191307
        },
        "scale": {
          "x": 1.0,
          "y": 1.0,
          "z": 1.0
        },
        "matrix_basis": [
          [
            0.9988583326339722,
            0.035072460770606995,
            0.03243417665362358,
            0.0
          ],
          [
            -0.03832473233342171,
            0.9936496019363403,
            0.10579094290733337,
            0.0
          ],
          [
            -0.02851785533130169,
            -0.10691319406032562,
            0.9938592910766602,
            0.0
          ],
          [
            0.0,
            0.0,
            0.0,
            1.0
          ]
        ],
        "rotation_mode": "QUATERNION"
      },
      "armature_space": {
        "head": {
          "x": 0.26649415493011475,
          "y": -0.5002518892288208,
          "z": 0.4448595643043518
        },
        "tail": {
          "x": 0.21417497098445892,
          "y": -0.5935583710670471,
          "z": 0.3970489203929901
        }
      },
      "world_space": {
        "head": {
          "x": 0.26649415493011475,
          "y": -0.4370079040527344,
          "z": 1.3947136402130127
        },
        "tail": {
          "x": 0.21417497098445892,
          "y": -0.5303143858909607,
          "z": 1.3469029664993286
        },
        "rotation_quaternion": {
          "w": 0.23794059455394745,
          "x": -0.9428789615631104,
          "y": 0.21265698969364166,
          "z": 0.09560652822256088
        },
        "matrix": [
          [
            0.891272783279419,
            -0.44651713967323303,
            -0.07909028977155685,
            0.26649415493011475
          ],
          [
            -0.35552287101745605,
            -0.7963225245475769,
            0.4893605411052704,
            -0.4370079040527344
          ],
          [
            -0.28149178624153137,
            -0.4080391228199005,
            -0.8684934377670288,
            1.3947136402130127
          ],
          [
            0.0,
            0.0,
            0.0,
            1.0
          ]
        ]
      },
      "bone_length_armature_space": 0.11717189943264,
      "parent": "lowerarm_l",
      "has_children": true,
      "is_end_bone": false
    },
    "index_01_l": {
      "name": "index_01_l",
      "local": {
        "location": {
          "x": 0.0,
          "y": 0.0,
          "z": 0.0
        },
        "rotation_quaternion": {
          "w": 0.9406280517578125,
          "x": 0.3394158184528351,
          "y": -0.002174574648961425,
          "z": -0.003335871733725071
        },
        "scale": {
          "x": 1.0,
          "y": 1.0,
          "z": 1.0
        },
        "matrix_basis": [
          [
            0.9999682903289795,
            0.004799459129571915,
            -0.0063554272055625916,
            0.0
          ],
          [
            -0.007751799188554287,
            0.7695715427398682,
            -0.6385135650634766,
            0.0
          ],
          [
            0.0018264366080984473,
            0.6385425925254822,
            0.7695843577384949,
            0.0
          ],
          [
            0.0,
            0.0,
            0.0,
            1.0
          ]
        ],
        "rotation_mode": "QUATERNION"
      },
      "armature_space": {
        "head": {
          "x": 0.21417497098445892,
          "y": -0.5935583710670471,
          "z": 0.3970489203929901
        },
        "tail": {
          "x": 0.21066345274448395,
          "y": -0.6072121858596802,
          "z": 0.37226343154907227
        }
      },
      "world_space": {
        "head": {
          "x": 0.21417497098445892,
          "y": -0.5303143858909607,
          "z": 1.3469029664993286
        },
        "tail": {
          "x": 0.21066345274448395,
          "y": -0.5439682006835938,
          "z": 1.3221174478530884
        },
        "rotation_quaternion": {
          "w": 0.5078881978988647,
          "x": -0.8592035174369812,
          "y": 0.05127977952361107,
          "z": 0.034485239535570145
        },
        "matrix": [
          [
            0.9923622608184814,
            -0.12314894795417786,
            -0.007170200347900391,
            0.21417497098445892
          ],
          [
            -0.05309084802865982,
            -0.47884029150009155,
            0.8762952089309692,
            -0.5303143858909607
          ],
          [
            -0.11134917289018631,
            -0.8692283630371094,
            -0.48172372579574585,
            1.3469029664993286
          ],
          [
            0.0,
            0.0,
            0.0,
            1.0
          ]
        ]
      },
      "bone_length_armature_space": 0.028514520234830847,
      "parent": "metacarpal_index_l",
      "has_children": true,
      "is_end_bone": false
    },
    "index_02_l": {
      "name": "index_02_l",
      "local": {
        "location": {
          "x": 0.0,
          "y": 0.0,
          "z": 0.0
        },
        "rotation_quaternion": {
          "w": 0.8914405107498169,
          "x": 0.4531320333480835,
          "y": -0.0004845362273044884,
          "z": -0.0022656882647424936
        },
        "scale": {
          "x": 1.0,
          "y": 1.0,
          "z": 1.0
        },
        "matrix_basis": [
          [
            0.9999892711639404,
            0.0036003347486257553,
            -0.0029171823989599943,
            0.0
          ],
          [
            -0.00447857053950429,
            0.5893324613571167,
            -0.807878315448761,
            0.0
          ],
          [
            -0.0011894414201378822,
            0.8078827261924744,
            0.5893422365188599,
            0.0
          ],
          [
            0.0,
            0.0,
            0.0,
            1.0
          ]
        ],
        "rotation_mode": "QUATERNION"
      },
      "armature_space": {
        "head": {
          "x": 0.21066316962242126,
          "y": -0.6072120666503906,
          "z": 0.37226295471191406
        },
        "tail": {
          "x": 0.20778992772102356,
          "y": -0.5971049666404724,
          "z": 0.3488602042198181
        }
      },
      "world_space": {
        "head": {
          "x": 0.21066316962242126,
          "y": -0.5439680814743042,
          "z": 1.3221169710159302
        },
        "tail": {
          "x": 0.20778992772102356,
          "y": -0.533860981464386,
          "z": 1.2987141609191895
        },
        "rotation_quaternion": {
          "w": 0.8338068723678589,
          "x": -0.5490379929542542,
          "y": 0.041956737637519836,
          "z": 0.03953612595796585
        },
        "matrix": [
          [
            0.993353009223938,
            -0.1120026707649231,
            0.02655334398150444,
            0.21066316962242126
          ],
          [
            0.01985992304980755,
            0.3939880132675171,
            0.9189010858535767,
            -0.5439680814743042
          ],
          [
            -0.11338195949792862,
            -0.9122719764709473,
            0.39359724521636963,
            1.3221169710159302
          ],
          [
            0.0,
            0.0,
            0.0,
            1.0
          ]
        ]
      },
      "bone_length_armature_space": 0.02565341564452925,
      "parent": "index_01_l",
      "has_children": true,
      "is_end_bone": false
    },
    "index_03_l": {
      "name": "index_03_l",
      "local": {
        "location": {
          "x": 0.0,
          "y": 0.0,
          "z": 0.0
        },
        "rotation_quaternion": {
          "w": 0.9305053949356079,
          "x": 0.3662106394767761,
          "y": -0.007046408019959927,
          "z": -0.00010155050404137
        },
        "scale": {
          "x": 1.0,
          "y": 1.0,
          "z": 1.0
        },
        "matrix_basis": [
          [
            0.9999006986618042,
            -0.004971952643245459,
            -0.01318781916052103,
            0.0
          ],
          [
            -0.005349925719201565,
            0.7317795157432556,
            -0.6815205216407776,
            0.0
          ],
          [
            0.013039063662290573,
            0.6815233826637268,
            0.7316802144050598,
            0.0
          ],
          [
            0.0,
            0.0,
            0.0,
            1.0
          ]
        ],
        "rotation_mode": "QUATERNION"
      },
      "armature_space": {
        "head": {
          "x": 0.20778991281986237,
          "y": -0.597105085849762,
          "z": 0.34886014461517334
        },
        "tail": {
          "x": 0.20930957794189453,
          "y": -0.569506049156189,
          "z": 0.33938828110694885
        }
      },
      "world_space": {
        "head": {
          "x": 0.20778991281986237,
          "y": -0.5338611006736755,
          "z": 1.2987141609191895
        },
        "tail": {
          "x": 0.20930957794189453,
          "y": -0.5062620639801025,
          "z": 1.2892422676086426
        },
        "rotation_quaternion": {
          "w": 0.9854937195777893,
          "x": -0.1634056270122528,
          "y": 0.032957639545202255,
          "z": -0.031852420419454575
        },
        "matrix": [
          [
            0.9957982897758484,
            0.05200983211398125,
            0.07536880671977997,
            0.20778991281986237
          ],
          [
            -0.07355161756277084,
            0.9445679783821106,
            0.3199712634086609,
            -0.5338611006736755
          ],
          [
            -0.05454988405108452,
            -0.32417184114456177,
            0.9444317817687988,
            1.2987141609191895
          ],
          [
            0.0,
            0.0,
            0.0,
            1.0
          ]
        ]
      },
      "bone_length_armature_space": 0.02921869992290411,
      "parent": "index_02_l",
      "has_children": false,
      "is_end_bone": true
    },
    "metacarpal_pinky_l": {
      "name": "metacarpal_pinky_l",
      "local": {
        "location": {
          "x": 0.0,
          "y": 0.0,
          "z": 0.0
        },
        "rotation_quaternion": {
          "w": 0.9984433650970459,
          "x": -0.05248825252056122,
          "y": 0.018653349950909615,
          "z": 0.002849588869139552
        },
        "scale": {
          "x": 1.0,
          "y": 1.0,
          "z": 1.0
        },
        "matrix_basis": [
          [
            0.9992878437042236,
            -0.007648469880223274,
            0.036949485540390015,
            0.0
          ],
          [
            0.003732142737135291,
            0.9944737553596497,
            0.10491940379142761,
            0.0
          ],
          [
            -0.037547767162323,
            -0.1047067865729332,
            0.9937940835952759,
            0.0
          ],
          [
            0.0,
            0.0,
            0.0,
            1.0
          ]
        ],
        "rotation_mode": "QUATERNION"
      },
      "armature_space": {
        "head": {
          "x": 0.26649415493011475,
          "y": -0.5002518892288208,
          "z": 0.4448595643043518
        },
        "tail": {
          "x": 0.27612873911857605,
          "y": -0.5987175703048706,
          "z": 0.4123799502849579
        }
      },
      "world_space": {
        "head": {
          "x": 0.26649415493011475,
          "y": -0.4370079040527344,
          "z": 1.3947136402130127
        },
        "tail": {
          "x": 0.27612873911857605,
          "y": -0.5354735851287842,
          "z": 1.3622339963912964
        },
        "rotation_quaternion": {
          "w": 0.01628073863685131,
          "x": -0.37246668338775635,
          "y": -0.16412489116191864,
          "z": 0.913272500038147
        },
        "matrix": [
          [
            -0.7220072150230408,
            0.09252385795116425,
            -0.6856710910797119,
            0.26649415493011475
          ],
          [
            0.15199925005435944,
            -0.9455962181091309,
            -0.28765231370925903,
            -0.4370079040527344
          ],
          [
            -0.6749873757362366,
            -0.31191185116767883,
            0.668668270111084,
            1.3947136402130127
          ],
          [
            0.0,
            0.0,
            0.0,
            1.0
          ]
        ]
      },
      "bone_length_armature_space": 0.10413088149696836,
      "parent": "lowerarm_l",
      "has_children": true,
      "is_end_bone": false
    },
    "pinky_01_l": {
      "name": "pinky_01_l",
      "local": {
        "location": {
          "x": 0.0,
          "y": 0.0,
          "z": 0.0
        },
        "rotation_quaternion": {
          "w": 0.9331672787666321,
          "x": 0.3592712879180908,
          "y": -0.006523618940263987,
          "z": -0.008969505317509174
        },
        "scale": {
          "x": 1.0,
          "y": 1.0,
          "z": 1.0
        },
        "matrix_basis": [
          [
            0.9997539520263672,
            0.012052599340677261,
            -0.01862022653222084,
            0.0
          ],
          [
            -0.021427595987915993,
            0.7416873574256897,
            -0.6704034209251404,
            0.0
          ],
          [
            0.005730283912271261,
            0.6706374287605286,
            0.741763174533844,
            0.0
          ],
          [
            0.0,
            0.0,
            0.0,
            1.0
          ]
        ],
        "rotation_mode": "QUATERNION"
      },
      "armature_space": {
        "head": {
          "x": 0.27612873911857605,
          "y": -0.5987175703048706,
          "z": 0.4123799502849579
        },
        "tail": {
