{
  "metadata": {
    "armature_name": "KIM_caucasian_male",
    "export_time": "2026-01-13T19:11:12.052883",
    "blender_version": "4.4.1",
    "bone_count": 56,
    "end_bone_count": 13,
    "spaces_included": [
      "LOCAL_CHANNELS",
      "ARMATURE_SPACE",
      "WORLD_SPACE"
    ],
    "note": "LOCAL matches Transform panel; replay pose via local.matrix_basis for best fidelity."
  },
  "bones": {
    "Root": {
      "name": "Root",
      "local": {
        "location": {
          "x": 0.0,
          "y": 0.0,
          "z": 0.0
        },
        "rotation_quaternion": {
          "w": 0.9994992017745972,
          "x": -0.0029606393072754145,
          "y": 0.008189506828784943,
          "z": -0.030422378331422806
        },
        "scale": {
          "x": 1.0,
          "y": 1.0,
          "z": 1.0
        },
        "matrix_basis": [
          [
            0.9980148077011108,
            0.060765791684389114,
            0.016550950706005096,
            0.0
          ],
          [
            -0.06086277961730957,
            0.9981314539909363,
            0.005420024506747723,
            0.0
          ],
          [
            -0.016190672293305397,
            -0.006416601594537497,
            0.9998483061790466,
            0.0
          ],
          [
            0.0,
            0.0,
            0.0,
            1.0
          ]
        ],
        "rotation_mode": "QUATERNION"
      },
      "armature_space": {
        "head": {
          "x": 0.0,
          "y": 0.07072800397872925,
          "z": -0.009595036506652832
        },
        "tail": {
          "x": 0.004337211139500141,
          "y": 0.00019372999668121338,
          "z": 0.00043590739369392395
        }
      },
      "world_space": {
        "head": {
          "x": 0.0,
          "y": 0.13397200405597687,
          "z": 0.9402589797973633
        },
        "tail": {
          "x": 0.004337211139500141,
          "y": 0.06343773007392883,
          "z": 0.9502899050712585
        },
        "rotation_quaternion": {
          "w": 0.07028783112764359,
          "x": 0.9970291256904602,
          "y": 0.030904976651072502,
          "z": 0.006121410988271236
        },
        "matrix": [
          [
            0.9980148077011108,
            0.060765791684389114,
            0.016550950706005096,
            0.0
          ],
          [
            0.06248684599995613,
            -0.9882090091705322,
            -0.13978013396263123,
            0.13397200405597687
          ],
          [
            0.007862062193453312,
            0.14053690433502197,
            -0.99005126953125,
            0.9402589797973633
          ],
          [
            0.0,
            0.0,
            0.0,
            1.0
          ]
        ]
      },
      "bone_length_armature_space": 0.0713758711815285,
      "parent": null,
      "has_children": true,
      "is_end_bone": false
    },
    "spine_01": {
      "name": "spine_01",
      "local": {
        "location": {
          "x": 0.0,
          "y": 0.0,
          "z": 0.0
        },
        "rotation_quaternion": {
          "w": 0.9972577095031738,
          "x": -0.028772586956620216,
          "y": -0.045144904404878616,
          "z": -0.0510995052754879
        },
        "scale": {
          "x": 1.0,
          "y": 1.0,
          "z": 1.0
        },
        "matrix_basis": [
          [
            0.9907015562057495,
            0.10451662540435791,
            -0.08710167557001114,
            0.0
          ],
          [
            -0.09932088106870651,
            0.9931219816207886,
            0.06200113147497177,
            0.0
          ],
          [
            0.09298273921012878,
            -0.052773602306842804,
            0.9942681789398193,
            0.0
          ],
          [
            0.0,
            0.0,
            0.0,
            1.0
          ]
        ],
        "rotation_mode": "QUATERNION"
      },
      "armature_space": {
        "head": {
          "x": 0.004337211139500141,
          "y": 0.00019372999668121338,
          "z": 0.00043590739369392395
        },
        "tail": {
          "x": 0.04824426770210266,
          "y": 0.054398857057094574,
          "z": 0.4834291934967041
        }
      },
      "world_space": {
        "head": {
          "x": 0.004337211139500141,
          "y": 0.06343773007392883,
          "z": 0.9502899050712585
        },
        "tail": {
          "x": 0.04824426770210266,
          "y": 0.1176428571343422,
          "z": 1.4332832098007202
        },
        "rotation_quaternion": {
          "w": 0.7450676560401917,
          "x": 0.6653395891189575,
          "y": 0.020294539630413055,
          "z": -0.04225638136267662
        },
        "matrix": [
          [
            0.9956050515174866,
            0.08997324854135513,
            -0.025988638401031494,
            0.004337211139500141
          ],
          [
            -0.035962820053100586,
            0.11107580363750458,
            -0.9931612014770508,
            0.06343773007392883
          ],
          [
            -0.08647185564041138,
            0.9897378087043762,
            0.11382320523262024,
            0.9502899050712585
          ],
          [
            0.0,
            0.0,
            0.0,
            1.0
          ]
        ]
      },
      "bone_length_armature_space": 0.4880046434132771,
      "parent": "Root",
      "has_children": true,
      "is_end_bone": false
    },
    "neck_01": {
      "name": "neck_01",
      "local": {
        "location": {
          "x": 0.0,
          "y": 0.0,
          "z": 0.0
        },
        "rotation_quaternion": {
          "w": 0.9844104051589966,
          "x": -0.10828405618667603,
          "y": 0.07244134694337845,
          "z": 0.11816523969173431
        },
        "scale": {
          "x": 1.0,
          "y": 1.0,
          "z": 1.0
        },
        "matrix_basis": [
          [
            0.9615784287452698,
            -0.24833467602729797,
            0.1170332059264183,
            0.0
          ],
          [
            0.2169577032327652,
            0.9486230611801147,
            0.23031200468540192,
            0.0
          ],
          [
            -0.1682148575782776,
            -0.1960718035697937,
            0.9660536050796509,
            0.0
          ],
          [
            0.0,
            0.0,
            0.0,
            1.0
          ]
        ],
        "rotation_mode": "QUATERNION"
      },
      "armature_space": {
        "head": {
          "x": 0.053930673748254776,
          "y": 0.028088390827178955,
          "z": 0.5598436594009399
        },
        "tail": {
          "x": 0.03692484647035599,
          "y": 0.021659325808286667,
          "z": 0.6607407927513123
        }
      },
      "world_space": {
        "head": {
          "x": 0.053930673748254776,
          "y": 0.09133239090442657,
          "z": 1.509697675704956
        },
        "tail": {
          "x": 0.03692484647035599,
          "y": 0.08490332961082458,
          "z": 1.6105947494506836
        },
        "rotation_quaternion": {
          "w": 0.6837050914764404,
          "x": 0.7239987850189209,
          "y": -0.034532807767391205,
          "z": 0.08473868668079376
        },
        "matrix": [
          [
            0.9832537770271301,
            -0.16587600111961365,
            0.07547980546951294,
            0.053930673748254776
          ],
          [
            0.06586805731058121,
            -0.06270952522754669,
            -0.9958561658859253,
            0.09133239090442657
          ],
          [
            0.16992312669754028,
            0.9841575622558594,
            -0.050734743475914,
            1.509697675704956
          ],
          [
            0.0,
            0.0,
            0.0,
            1.0
          ]
        ]
      },
      "bone_length_armature_space": 0.10252200845902916,
      "parent": "spine_01",
      "has_children": true,
      "is_end_bone": false
    },
    "head": {
      "name": "head",
      "local": {
        "location": {
          "x": 0.0,
          "y": 0.0,
          "z": 0.0
        },
        "rotation_quaternion": {
          "w": 0.9806051254272461,
          "x": -0.11940822005271912,
          "y": 0.13314615190029144,
          "z": 0.08017175644636154
        },
        "scale": {
          "x": 1.0,
          "y": 1.0,
          "z": 1.0
        },
        "matrix_basis": [
          [
            0.9516891837120056,
            -0.18903115391731262,
            0.24198126792907715,
            0.0
          ],
          [
            0.1254361867904663,
            0.9586283564567566,
            0.25553375482559204,
            0.0
          ],
          [
            -0.2802739441394806,
            -0.21283550560474396,
            0.9360275864601135,
            0.0
          ],
          [
            0.0,
            0.0,
            0.0,
            1.0
          ]
        ],
        "rotation_mode": "QUATERNION"
      },
      "armature_space": {
        "head": {
          "x": 0.03692486882209778,
          "y": 0.02165917679667473,
          "z": 0.6607407331466675
        },
        "tail": {
          "x": -0.019286807626485825,
          "y": 0.09603424370288849,
          "z": 0.7846835255622864
        }
      },
      "world_space": {
        "head": {
          "x": 0.03692486882209778,
          "y": 0.08490318059921265,
          "z": 1.6105947494506836
        },
        "tail": {
          "x": -0.019286807626485825,
          "y": 0.1592782437801361,
          "z": 1.7345376014709473
        },
        "rotation_quaternion": {
          "w": 0.8601038455963135,
          "x": 0.4642866253852844,
          "y": 0.001160595566034317,
          "z": 0.2113247513771057
        },
        "matrix": [
          [
            0.9106805920600891,
            -0.36244502663612366,
            0.19822826981544495,
            0.03692486882209778
          ],
          [
            0.36460161209106445,
            0.4795600175857544,
            -0.7981782555580139,
            0.08490318059921265
          ],
          [
            0.19423501193523407,
            0.7991657257080078,
            0.568877100944519,
            1.6105947494506836
          ],
          [
            0.0,
            0.0,
            0.0,
            1.0
          ]
        ]
      },
      "bone_length_armature_space": 0.15509100008974158,
      "parent": "neck_01",
      "has_children": false,
      "is_end_bone": true
    },
    "upperarm_l": {
      "name": "upperarm_l",
      "local": {
        "location": {
          "x": 0.0,
          "y": 0.0,
          "z": 0.0
        },
        "rotation_quaternion": {
          "w": 0.8360012769699097,
          "x": 0.04639048129320145,
          "y": 0.4887017607688904,
          "z": 0.2451947182416916
        },
        "scale": {
          "x": 1.0,
          "y": 1.0,
          "z": 1.0
        },
        "matrix_basis": [
          [
            0.40210026502609253,
            -0.3646239638328552,
            0.8398600220680237,
            0.0
          ],
          [
            0.4553084075450897,
            0.8754549622535706,
            0.16208918392658234,
            0.0
          ],
          [
            -0.7943611741065979,
            0.31721919775009155,
            0.5180370211601257,
            0.0
          ],
          [
            0.0,
            0.0,
            0.0,
            1.0
          ]
        ],
        "rotation_mode": "QUATERNION"
      },
      "armature_space": {
        "head": {
          "x": 0.1971416473388672,
          "y": 0.012061495333909988,
          "z": 0.48071786761283875
        },
        "tail": {
          "x": 0.4420676529407501,
          "y": -0.06405864655971527,
          "z": 0.558336615562439
        }
      },
      "world_space": {
        "head": {
          "x": 0.1971416473388672,
          "y": 0.07530549168586731,
          "z": 1.4305719137191772
        },
        "tail": {
          "x": 0.4420676529407501,
          "y": -0.0008146464824676514,
          "z": 1.508190631866455
        },
        "rotation_quaternion": {
          "w": 0.278372198343277,
          "x": 0.7887438535690308,
          "y": 0.5296005606651306,
          "z": -0.14112193882465363
        },
        "matrix": [
          [
            0.3992150127887726,
            0.9140072464942932,
            0.07223612815141678,
            0.1971416473388672
          ],
          [
            0.7568703889846802,
            -0.28406280279159546,
            -0.5886051654815674,
            0.07530549168586731
          ],
          [
            -0.5174726843833923,
            0.2896551191806793,
            -0.8051932454109192,
            1.4305719137191772
          ],
          [
            0.0,
            0.0,
            0.0,
            1.0
          ]
        ]
      },
      "bone_length_armature_space": 0.2679695760530691,
      "parent": "spine_01",
      "has_children": true,
      "is_end_bone": false
    },
    "lowerarm_l": {
      "name": "lowerarm_l",
      "local": {
        "location": {
          "x": 0.0,
          "y": 0.0,
          "z": 0.0
        },
        "rotation_quaternion": {
          "w": 0.8773874044418335,
          "x": 0.43711957335472107,
          "y": -0.06501590460538864,
          "z": 0.18679091334342957
        },
        "scale": {
          "x": 1.0,
          "y": 1.0,
          "z": 1.0
        },
        "matrix_basis": [
          [
            0.9217641949653625,
            -0.3846154510974884,
            0.04921165853738785,
            0.0
          ],
          [
            0.2709365487098694,
            0.5480712652206421,
            -0.7913351655006409,
            0.0
          ],
          [
            0.27738821506500244,
            0.7427576780319214,
            0.6093988418579102,
            0.0
          ],
          [
            0.0,
            0.0,
            0.0,
            1.0
          ]
        ],
        "rotation_mode": "QUATERNION"
      },
      "armature_space": {
        "head": {
          "x": 0.4420676827430725,
          "y": -0.06405879557132721,
          "z": 0.558336615562439
        },
        "tail": {
          "x": 0.5058708786964417,
          "y": -0.31826770305633545,
          "z": 0.5047044157981873
        }
      },
      "world_space": {
        "head": {
          "x": 0.4420676827430725,
          "y": -0.0008147954940795898,
          "z": 1.508190631866455
        },
        "tail": {
          "x": 0.5058708786964417,
          "y": -0.255023717880249,
          "z": 1.4545583724975586
        },
        "rotation_quaternion": {
          "w": 0.04364946857094765,
          "x": -0.9021968245506287,
          "y": -0.15159614384174347,
          "z": 0.40144026279449463
        },
        "matrix": [
          [
            0.6317283511161804,
            0.2384948432445526,
            -0.7375901937484741,
            0.4420676827430725
          ],
          [
            0.3085845708847046,
            -0.9502267837524414,
            -0.04295429587364197,
            -0.0008147954940795898
          ],
          [
            -0.7111270427703857,
            -0.20047593116760254,
            -0.6738857626914978,
            1.508190631866455
          ],
          [
            0.0,
            0.0,
            0.0,
            1.0
          ]
        ]
      },
      "bone_length_armature_space": 0.26752465168010925,
      "parent": "upperarm_l",
      "has_children": true,
      "is_end_bone": false
    },
    "metacarpal_thumb_l": {
      "name": "metacarpal_thumb_l",
      "local": {
        "location": {
          "x": 0.0,
          "y": 0.0,
          "z": 0.0
        },
        "rotation_quaternion": {
          "w": 0.9994994401931763,
          "x": -0.030663499608635902,
          "y": 0.00608180882409215,
          "z": -0.004867968615144491
        },
        "scale": {
          "x": 1.0,
          "y": 1.0,
          "z": 1.0
        },
        "matrix_basis": [
          [
            0.9998786449432373,
            0.009358084760606289,
            0.012456066906452179,
            0.0
          ],
          [
            -0.01010404247790575,
            0.99807208776474,
            0.061237089335918427,
            0.0
          ],
          [
            -0.011858991347253323,
            -0.06135551258921623,
            0.9980455040931702,
            0.0
          ],
          [
            0.0,
            0.0,
            0.0,
            1.0
          ]
        ],
        "rotation_mode": "QUATERNION"
      },
      "armature_space": {
        "head": {
          "x": 0.5058708786964417,
          "y": -0.31826770305633545,
          "z": 0.5047044157981873
        },
        "tail": {
          "x": 0.4979170858860016,
          "y": -0.3554547429084778,
          "z": 0.4729638695716858
        }
      },
      "world_space": {
        "head": {
          "x": 0.5058708786964417,
          "y": -0.255023717880249,
          "z": 1.4545583724975586
        },
        "tail": {
          "x": 0.4979170858860016,
          "y": -0.29221075773239136,
          "z": 1.4228179454803467
        },
        "rotation_quaternion": {
          "w": 0.30072975158691406,
          "x": -0.8922224044799805,
          "y": 0.18490691483020782,
          "z": -0.28162097930908203
        },
        "matrix": [
          [
            0.7729979753494263,
            -0.16057339310646057,
            0.6137508153915405,
            0.5058708786964417
          ],
          [
            -0.49933990836143494,
            -0.7507426738739014,
            0.4324873387813568,
            -0.255023717880249
          ],
          [
            0.39132535457611084,
            -0.6407873034477234,
            -0.6605075597763062,
            1.4545583724975586
          ],
          [
            0.0,
            0.0,
            0.0,
            1.0
          ]
        ]
      },
      "bone_length_armature_space": 0.049533837384152624,
      "parent": "lowerarm_l",
      "has_children": true,
      "is_end_bone": false
    },
    "thumb_01_l": {
      "name": "thumb_01_l",
      "local": {
        "location": {
          "x": 0.0,
          "y": 0.0,
          "z": 0.0
        },
        "rotation_quaternion": {
          "w": 0.9872798919677734,
          "x": 0.1587950885295868,
          "y": -0.006451813504099846,
          "z": 0.004571095574647188
        },
        "scale": {
          "x": 1.0,
          "y": 1.0,
          "z": 1.0
        },
        "matrix_basis": [
          [
            0.9998749494552612,
            -0.011074934154748917,
            -0.011287756264209747,
            0.0
          ],
          [
            0.006976868957281113,
            0.9495264291763306,
            -0.31360939145088196,
            0.0
          ],
          [
            0.014191226102411747,
            0.3134914040565491,
            0.9494850039482117,
            0.0
          ],
          [
            0.0,
            0.0,
            0.0,
            1.0
          ]
        ],
        "rotation_mode": "QUATERNION"
      },
      "armature_space": {
        "head": {
          "x": 0.4979170858860016,
          "y": -0.3554547429084778,
          "z": 0.4729638695716858
        },
        "tail": {
          "x": 0.5149912238121033,
          "y": -0.3643915355205536,
          "z": 0.44490599632263184
        }
      },
      "world_space": {
        "head": {
          "x": 0.4979170858860016,
          "y": -0.29221075773239136,
          "z": 1.4228179454803467
        },
        "tail": {
          "x": 0.5149912238121033,
          "y": -0.3011475205421448,
          "z": 1.394760012626648
        },
        "rotation_quaternion": {
          "w": 0.4426783621311188,
          "x": -0.2120857983827591,
          "y": 0.4156454801559448,
          "z": -0.7656986117362976
        },
        "matrix": [
          [
            -0.5181088447570801,
            0.501611590385437,
            0.6927834153175354,
            0.4979170858860016
          ],
          [
            -0.8542227745056152,
            -0.2625487744808197,
            -0.4487447738647461,
            -0.29221075773239136
          ],
          [
            -0.043207164853811264,
            -0.8242959976196289,
            0.5645205974578857,
            1.4228179454803467
          ],
          [
            0.0,
            0.0,
            0.0,
            1.0
          ]
        ]
      },
      "bone_length_armature_space": 0.03403875243368664,
      "parent": "metacarpal_thumb_l",
      "has_children": true,
      "is_end_bone": false
    },
    "thumb_02_l": {
      "name": "thumb_02_l",
      "local": {
        "location": {
          "x": 0.0,
          "y": 0.0,
          "z": 0.0
        },
        "rotation_quaternion": {
          "w": 0.9295090436935425,
          "x": 0.36873918771743774,
          "y": -0.006267909426242113,
          "z": -0.002264229580760002
        },
        "scale": {
          "x": 1.0,
          "y": 1.0,
          "z": 1.0
        },
        "matrix_basis": [
          [
            0.9999111890792847,
            -0.0004132039030082524,
            -0.013321977108716965,
            0.0
          ],
          [
            -0.0088316909968853,
            0.72805255651474,
            -0.6854644417762756,
            0.0
          ],
          [
            0.009982336312532425,
            0.6855211853981018,
            0.7279842495918274,
            0.0
          ],
          [
            0.0,
            0.0,
            0.0,
            1.0
          ]
        ],
        "rotation_mode": "QUATERNION"
      },
      "armature_space": {
        "head": {
          "x": 0.5149912238121033,
          "y": -0.3643914759159088,
          "z": 0.44490599632263184
        },
        "tail": {
          "x": 0.5169712901115417,
          "y": -0.3971174955368042,
          "z": 0.4681067168712616
        }
      },
      "world_space": {
        "head": {
          "x": 0.5149912238121033,
          "y": -0.3011474609375,
          "z": 1.394760012626648
        },
        "tail": {
          "x": 0.5169712901115417,
          "y": -0.3338735103607178,
          "z": 1.4179607629776
        },
        "rotation_quaternion": {
          "w": 0.08923535794019699,
          "x": 0.2008862942457199,
          "y": -0.29092344641685486,
          "z": -0.9311527013778687
        },
        "matrix": [
          [
            -0.9033635854721069,
            0.0492987185716629,
            -0.4260327219963074,
            0.5149912238121033
          ],
          [
            -0.28306862711906433,
            -0.8148013353347778,
            0.5059359669685364,
            -0.3011474609375
          ],
          [
            -0.3221926987171173,
            0.5776440501213074,
            0.7500223517417908,
            1.394760012626648
          ],
          [
            0.0,
            0.0,
            0.0,
            1.0
          ]
        ]
      },
      "bone_length_armature_space": 0.04016449188744256,
      "parent": "thumb_01_l",
      "has_children": true,
      "is_end_bone": false
    },
    "thumb_03_l": {
      "name": "thumb_03_l",
      "local": {
        "location": {
          "x": 0.0,
          "y": 0.0,
          "z": 0.0
        },
        "rotation_quaternion": {
          "w": 0.986491322517395,
          "x": 0.16370929777622223,
          "y": -0.0033725807443261147,
          "z": -0.004771342035382986
        },
        "scale": {
          "x": 1.0,
          "y": 1.0,
          "z": 1.0
        },
        "matrix_basis": [
          [
            0.9999316930770874,
            0.008309529162943363,
            -0.008216269314289093,
            0.0
          ],
          [
            -0.010518020950257778,
            0.946353018283844,
            -0.3229634165763855,
            0.0
          ],
          [
            0.005091817118227482,
            0.3230277895927429,
            0.9463757872581482,
            0.0
          ],
          [
            0.0,
            0.0,
            0.0,
            1.0
          ]
        ],
        "rotation_mode": "QUATERNION"
      },
      "armature_space": {
        "head": {
          "x": 0.516971230506897,
          "y": -0.3971174955368042,
          "z": 0.46810662746429443
        },
        "tail": {
          "x": 0.511719286441803,
          "y": -0.409345418214798,
          "z": 0.4954890310764313
        }
      },
      "world_space": {
        "head": {
          "x": 0.516971230506897,
          "y": -0.3338735103607178,
          "z": 1.4179606437683105
        },
        "tail": {
          "x": 0.511719286441803,
          "y": -0.34610140323638916,
          "z": 1.445343017578125
        },
        "rotation_quaternion": {
          "w": 0.15019331872463226,
          "x": 0.37738943099975586,
          "y": -0.525948166847229,
          "z": -0.7472601532936096
        },
        "matrix": [
          [
            -0.670039713382721,
            -0.17250628769397736,
            -0.7220030426979065,
            0.516971230506897
          ],
          [
            -0.621440589427948,
            -0.40164172649383545,
            0.6726781129837036,
            -0.3338735103607178
          ],
          [
            -0.40603119134902954,
            0.8994089365005493,
            0.16191503405570984,
            1.4179606437683105
          ],
          [
            0.0,
            0.0,
            0.0,
            1.0
          ]
        ]
      },
      "bone_length_armature_space": 0.03044504979512864,
      "parent": "thumb_02_l",
      "has_children": false,
      "is_end_bone": true
    },
    "metacarpal_index_l": {
      "name": "metacarpal_index_l",
      "local": {
        "location": {
          "x": 0.0,
          "y": 0.0,
          "z": 0.0
        },
        "rotation_quaternion": {
          "w": 0.9993978142738342,
          "x": -0.03192027285695076,
          "y": 0.012424572370946407,
          "z": -0.005559334997087717
        },
        "scale": {
          "x": 1.0,
          "y": 1.0,
          "z": 1.0
        },
        "matrix_basis": [
          [
            0.9996294379234314,
            0.010318783111870289,
            0.025189092382788658,
            0.0
          ],
          [
            -0.011905166320502758,
            0.9979003667831421,
            0.06366395950317383,
            0.0
          ],
          [
            -0.024479269981384277,
            -0.06394024938344955,
            0.9976534247398376,
            0.0
          ],
          [
            0.0,
            0.0,
            0.0,
            1.0
          ]
        ],
        "rotation_mode": "QUATERNION"
      },
      "armature_space": {
        "head": {
          "x": 0.5058708786964417,
          "y": -0.31826770305633545,
          "z": 0.5047044157981873
        },
        "tail": {
          "x": 0.5105711221694946,
          "y": -0.4268777370452881,
          "z": 0.4609891474246979
        }
      },
      "world_space": {
        "head": {
          "x": 0.5058708786964417,
          "y": -0.255023717880249,
          "z": 1.4545583724975586
        },
        "tail": {
          "x": 0.5105711221694946,
          "y": -0.36363375186920166,
          "z": 1.4108431339263916
        },
        "rotation_quaternion": {
          "w": 0.19079382717609406,
          "x": -0.9804878234863281,
          "y": -0.01152060553431511,
          "z": -0.04592035338282585
        },
        "matrix": [
          [
            0.9955170750617981,
            0.04011420160531998,
            0.08565253019332886,
            0.5058708786964417
          ],
          [
            0.005069118924438953,
            -0.9269303679466248,
            0.37519970536231995,
            -0.255023717880249
          ],
          [
            0.09444534778594971,
            -0.3730871379375458,
            -0.9229844212532043,
            1.4545583724975586
          ],
          [
            0.0,
            0.0,
            0.0,
            1.0
          ]
        ]
      },
      "bone_length_armature_space": 0.11717190852976785,
      "parent": "lowerarm_l",
      "has_children": true,
      "is_end_bone": false
    },
    "index_01_l": {
      "name": "index_01_l",
      "local": {
        "location": {
          "x": 0.0,
          "y": 0.0,
          "z": 0.0
        },
        "rotation_quaternion": {
          "w": 0.9773499965667725,
          "x": 0.21024508774280548,
          "y": 0.023814497515559196,
          "z": -0.004106790758669376
        },
        "scale": {
          "x": 1.0,
          "y": 1.0,
          "z": 1.0
        },
        "matrix_basis": [
          [
            0.9988319873809814,
            0.018041305243968964,
            0.044823333621025085,
            0.0
          ],
          [
            0.0019862183835357428,
            0.9115602970123291,
            -0.4111616611480713,
            0.0
          ],
          [
            -0.04827706515789032,
            0.4107704758644104,
            0.9104597568511963,
            0.0
          ],
          [
            0.0,
            0.0,
            0.0,
            1.0
          ]
        ],
        "rotation_mode": "QUATERNION"
      },
      "armature_space": {
        "head": {
          "x": 0.5105711221694946,
          "y": -0.4268777370452881,
          "z": 0.4609891474246979
        },
        "tail": {
          "x": 0.5223249793052673,
          "y": -0.4473147988319397,
          "z": 0.4449502229690552
        }
      },
      "world_space": {
        "head": {
          "x": 0.5105711221694946,
          "y": -0.36363375186920166,
          "z": 1.4108431339263916
        },
        "tail": {
          "x": 0.5223249793052673,
          "y": -0.38407081365585327,
          "z": 1.3948042392730713
        },
        "rotation_quaternion": {
          "w": 0.32167747616767883,
          "x": -0.9230011701583862,
          "y": -0.195344477891922,
          "z": -0.08020714670419693
        },
        "matrix": [
          [
            0.9108145236968994,
            0.41220805048942566,
            0.02238565683364868,
            0.5105711221694946
          ],
          [
            0.3090057671070099,
            -0.7167286276817322,
            0.6251527070999146,
            -0.36363375186920166
          ],
          [
            0.27373963594436646,
            -0.5624856948852539,
            -0.7801862359046936,
            1.4108431339263916
          ],
          [
            0.0,
            0.0,
            0.0,
            1.0
          ]
        ]
      },
      "bone_length_armature_space": 0.028514448182027214,
      "parent": "metacarpal_index_l",
      "has_children": true,
      "is_end_bone": false
    },
    "index_02_l": {
      "name": "index_02_l",
      "local": {
        "location": {
          "x": 0.0,
          "y": 0.0,
          "z": 0.0
        },
        "rotation_quaternion": {
          "w": 0.9193936586380005,
          "x": 0.39327093958854675,
          "y": 0.003691695863381028,
          "z": 0.00629044696688652
        },
        "scale": {
          "x": 1.0,
          "y": 1.0,
          "z": 1.0
        },
        "matrix_basis": [
          [
            0.9998936057090759,
            -0.008663120679557323,
            0.011735943146049976,
            0.0
          ],
          [
            0.01447046734392643,
            0.6905968189239502,
            -0.723095178604126,
            0.0
          ],
          [
            -0.0018405435839667916,
            0.723188042640686,
            0.6906486749649048,
            0.0
          ],
          [
            0.0,
            0.0,
            0.0,
            1.0
          ]
        ],
        "rotation_mode": "QUATERNION"
      },
      "armature_space": {
        "head": {
          "x": 0.5223249197006226,
          "y": -0.44731494784355164,
          "z": 0.4449497163295746
        },
        "tail": {
          "x": 0.5295056104660034,
          "y": -0.44958534836769104,
          "z": 0.4204266369342804
        }
      },
      "world_space": {
        "head": {
          "x": 0.5223249197006226,
          "y": -0.3840709328651428,
          "z": 1.394803762435913
        },
        "tail": {
          "x": 0.5295056104660034,
          "y": -0.3863413333892822,
          "z": 1.3702806234359741
        },
        "rotation_quaternion": {
          "w": 0.6394352912902832,
          "x": -0.7370953559875488,
          "y": -0.21649794280529022,
          "z": 0.030687732622027397
        },
        "matrix": [
          [
            0.9043731093406677,
            0.27991363406181335,
            -0.32211387157440186,
            0.5223249197006226
          ],
          [
            0.3584066927433014,
            -0.08850282430648804,
            0.9293611645698547,
            -0.3840709328651428
          ],
          [
            0.23163484036922455,
            -0.9559439420700073,
            -0.18036258220672607,
            1.394803762435913
          ],
          [
            0.0,
            0.0,
            0.0,
            1.0
          ]
        ]
      },
      "bone_length_armature_space": 0.02565342964852443,
      "parent": "index_01_l",
      "has_children": true,
      "is_end_bone": false
    },
    "index_03_l": {
      "name": "index_03_l",
      "local": {
        "location": {
          "x": 0.0,
          "y": 0.0,
          "z": 0.0
        },
        "rotation_quaternion": {
          "w": 0.9712133407592773,
          "x": 0.23812125623226166,
          "y": 0.005723707377910614,
          "z": 0.003206977155059576
        },
        "scale": {
          "x": 1.0,
          "y": 1.0,
          "z": 1.0
        },
        "matrix_basis": [
          [
            0.9999139308929443,
            -0.003503445303067565,
            0.012645180337131023,
            0.0
          ],
          [
            0.008955190889537334,
            0.8865759372711182,
            -0.4624963700771332,
            0.0
          ],
          [
            -0.00959058292210102,
            0.46256980299949646,
            0.8865309953689575,
            0.0
          ],
          [
            0.0,
            0.0,
            0.0,
            1.0
          ]
        ],
        "rotation_mode": "QUATERNION"
      },
      "armature_space": {
        "head": {
          "x": 0.5295056700706482,
          "y": -0.4495854675769806,
          "z": 0.4204266667366028
        },
        "tail": {
          "x": 0.5341362953186035,
          "y": -0.4360131323337555,
          "z": 0.39496907591819763
        }
      },
      "world_space": {
        "head": {
          "x": 0.5295056700706482,
          "y": -0.3863414525985718,
          "z": 1.3702807426452637
        },
        "tail": {
          "x": 0.5341362953186035,
          "y": -0.3727691173553467,
          "z": 1.3448231220245361
        },
        "rotation_quaternion": {
          "w": 0.8283299803733826,
          "x": -0.5160344839096069,
          "y": -0.21476486325263977,
          "z": 0.03813125565648079
        },
        "matrix": [
          [
            0.9048444628715515,
            0.15848150849342346,
            -0.3951454162597656,
            0.5295056700706482
          ],
          [
            0.284822016954422,
            0.46450889110565186,
            0.8385154604911804,
            -0.3863414525985718
          ],
          [
            0.31644025444984436,
            -0.8712776899337769,
            0.37517303228378296,
            1.3702807426452637
          ],
          [
            0.0,
            0.0,
            0.0,
            1.0
          ]
        ]
      },
      "bone_length_armature_space": 0.029218827909661207,
      "parent": "index_02_l",
      "has_children": false,
      "is_end_bone": true
    },
    "metacarpal_pinky_l": {
      "name": "metacarpal_pinky_l",
      "local": {
        "location": {
          "x": 0.0,
          "y": 0.0,
          "z": 0.0
        },
        "rotation_quaternion": {
          "w": 0.9987273812294006,
          "x": -0.046664051711559296,
          "y": -0.016622519120573997,
          "z": -0.009475919418036938
        },
        "scale": {
          "x": 1.0,
          "y": 1.0,
          "z": 1.0
        },
        "matrix_basis": [
          [
            0.9992678165435791,
            0.020479068160057068,
            -0.0323183611035347,
            0.0
          ],
          [
            -0.01737637259066105,
            0.9954653382301331,
            0.09352435916662216,
            0.0
          ],
          [
            0.03408709913492203,
            -0.0928943082690239,
            0.9950923323631287,
            0.0
          ],
          [
            0.0,
            0.0,
            0.0,
            1.0
          ]
        ],
        "rotation_mode": "QUATERNION"
      },
      "armature_space": {
        "head": {
          "x": 0.5058708786964417,
          "y": -0.31826770305633545,
          "z": 0.5047044157981873
        },
        "tail": {
          "x": 0.5595592260360718,
          "y": -0.4073130190372467,
          "z": 0.4990728795528412
        }
      },
      "world_space": {
        "head": {
          "x": 0.5058708786964417,
          "y": -0.255023717880249,
          "z": 1.4545583724975586
        },
        "tail": {
          "x": 0.5595592260360718,
          "y": -0.3440690040588379,
          "z": 1.4489269256591797
        },
        "rotation_quaternion": {
          "w": 0.2210937738418579,
          "x": 0.4636513888835907,
          "y": 0.15346857905387878,
          "z": -0.8441518545150757
        },
        "matrix": [
          [
            -0.4722897410392761,
            0.5155856013298035,
            -0.7149221897125244,
            0.5058708786964417
          ],
          [
            -0.23096254467964172,
            -0.8551297783851624,
            -0.46412259340286255,
            -0.255023717880249
          ],
          [
            -0.8506523370742798,
            -0.05408141389489174,
            0.5229532122612,
            1.4545583724975586
          ],
          [
            0.0,
            0.0,
            0.0,
            1.0
          ]
        ]
      },
      "bone_length_armature_space": 0.10413078781443713,
      "parent": "lowerarm_l",
      "has_children": true,
      "is_end_bone": false
    },
    "pinky_01_l": {
      "name": "pinky_01_l",
      "local": {
        "location": {
          "x": 0.0,
          "y": 0.0,
          "z": 0.0
        },
        "rotation_quaternion": {
          "w": 0.9469864368438721,
          "x": 0.32061776518821716,
          "y": -0.018181607127189636,
          "z": 0.009506487287580967
        },
        "scale": {
          "x": 1.0,
          "y": 1.0,
          "z": 1.0
        },
        "matrix_basis": [
          [
            0.9991580843925476,
            -0.029663721099495888,
            -0.028339574113488197,
            0.0
          ],
          [
            0.00634633656591177,
            0.7942277789115906,
            -0.6075870394706726,
            0.0
          ],
          [
            0.04053136706352234,
            0.6068956851959229,
            0.7937473654747009,
            0.0
          ],
          [
            0.0,
            0.0,
            0.0,
            1.0
          ]
        ],
        "rotation_mode": "QUATERNION"
      },
      "armature_space": {
        "head": {
          "x": 0.5595592260360718,
          "y": -0.4073130190372467,
          "z": 0.4990728795528412
        },
        "tail": {
          "x": 0.5722378492355347,
          "y": -0.4176107943058014,
