{
  "metadata": {
    "armature_name": "KIM_caucasian_male",
    "export_time": "2026-01-13T21:15:58.915905",
    "blender_version": "4.4.1",
    "bone_count": 56,
    "end_bone_count": 13,
    "spaces_included": [
      "LOCAL_CHANNELS",
      "ARMATURE_SPACE",
      "WORLD_SPACE"
    ],
    "note": "LOCAL matches Transform panel; replay pose via local.matrix_basis for best fidelity."
  },
  "bones": {
    "Root": {
      "name": "Root",
      "local": {
        "location": {
          "x": 0.0,
          "y": 0.0,
          "z": 0.0
        },
        "rotation_quaternion": {
          "w": 0.9997223615646362,
          "x": 0.007613785099238157,
          "y": -0.010138096287846565,
          "z": 0.01986583322286606
        },
        "scale": {
          "x": 1.0,
          "y": 1.0,
          "z": 1.0
        },
        "matrix_basis": [
          [
            0.999005138874054,
            -0.03987501561641693,
            -0.019968055188655853,
            0.0
          ],
          [
            0.03956625610589981,
            0.9990947842597961,
            -0.015626145526766777,
            0.0
          ],
          [
            0.020573072135448456,
            0.014820539392530918,
            0.9996784925460815,
            0.0
          ],
          [
            0.0,
            0.0,
            0.0,
            1.0
          ]
        ],
        "rotation_mode": "QUATERNION"
      },
      "armature_space": {
        "head": {
          "x": 0.0,
          "y": 0.07072800397872925,
          "z": -0.009595036506652832
        },
        "tail": {
          "x": -0.002846113871783018,
          "y": -7.817894220352173e-05,
          "z": -0.001056920737028122
        }
      },
      "world_space": {
        "head": {
          "x": 0.0,
          "y": 0.13397200405597687,
          "z": 0.9402589797973633
        },
        "tail": {
          "x": -0.002846113871783018,
          "y": 0.0631658211350441,
          "z": 0.9487971067428589
        },
        "rotation_quaternion": {
          "w": 0.059752460569143295,
          "x": 0.9979640245437622,
          "y": -0.020503688603639603,
          "z": -0.00877674762159586
        },
        "matrix": [
          [
            0.999005138874054,
            -0.03987501561641693,
            -0.019968055188655853,
            0.0
          ],
          [
            -0.041972752660512924,
            -0.9920185208320618,
            -0.11890216916799545,
            0.13397200405597687
          ],
          [
            -0.015067597851157188,
            0.1196218878030777,
            -0.9927122592926025,
            0.9402589797973633
          ],
          [
            0.0,
            0.0,
            0.0,
            1.0
          ]
        ]
      },
      "bone_length_armature_space": 0.07137587471752418,
      "parent": null,
      "has_children": true,
      "is_end_bone": false
    },
    "spine_01": {
      "name": "spine_01",
      "local": {
        "location": {
          "x": 0.0,
          "y": 0.0,
          "z": 0.0
        },
        "rotation_quaternion": {
          "w": 0.99666827917099,
          "x": 0.06834964454174042,
          "y": -0.008886228315532207,
          "z": -0.043608568608760834
        },
        "scale": {
          "x": 1.0,
          "y": 1.0,
          "z": 1.0
        },
        "matrix_basis": [
          [
            0.9960386753082275,
            0.08571181446313858,
            -0.023674504831433296,
            0.0
          ],
          [
            -0.0881412923336029,
            0.9868532419204712,
            -0.13546881079673767,
            0.0
          ],
          [
            0.011751983314752579,
            0.13701887428760529,
            0.9904987215995789,
            0.0
          ],
          [
            0.0,
            0.0,
            0.0,
            1.0
          ]
        ],
        "rotation_mode": "QUATERNION"
      },
      "armature_space": {
        "head": {
          "x": -0.002846113871783018,
          "y": -7.817894220352173e-05,
          "z": -0.001056920737028122
        },
        "tail": {
          "x": 0.04405612871050835,
          "y": -0.05359457805752754,
          "z": 0.48173147439956665
        }
      },
      "world_space": {
        "head": {
          "x": -0.002846113871783018,
          "y": 0.0631658211350441,
          "z": 0.9487971067428589
        },
        "tail": {
          "x": 0.04405612871050835,
          "y": 0.009649422019720078,
          "z": 1.4315855503082275
        },
        "rotation_quaternion": {
          "w": 0.6670741438865662,
          "x": 0.7426777482032776,
          "y": 0.013404235243797302,
          "z": -0.057115714997053146
        },
        "matrix": [
          [
            0.9931163191795349,
            0.09611091017723083,
            -0.06695323437452316,
            -0.002846113871783018
          ],
          [
            -0.056290153414011,
            -0.10966447740793228,
            -0.9923736453056335,
            0.0631658211350441
          ],
          [
            -0.10272108763456345,
            0.9893179535865784,
            -0.103501096367836,
            0.9487971067428589
          ],
          [
            0.0,
            0.0,
            0.0,
            1.0
          ]
        ]
      },
      "bone_length_armature_space": 0.488004553836348,
      "parent": "Root",
      "has_children": true,
      "is_end_bone": false
    },
    "neck_01": {
      "name": "neck_01",
      "local": {
        "location": {
          "x": 0.0,
          "y": 0.0,
          "z": 0.0
        },
        "rotation_quaternion": {
          "w": 0.9951369762420654,
          "x": 0.07015641778707504,
          "y": 0.0033016116358339787,
          "z": -0.06906348466873169
        },
        "scale": {
          "x": 1.0,
          "y": 1.0,
          "z": 1.0
        },
        "matrix_basis": [
          [
            0.9904386401176453,
            0.13791851699352264,
            -0.003119381843134761,
            0.0
          ],
          [
            -0.13699199259281158,
            0.9806166291236877,
            -0.14008653163909912,
            0.0
          ],
          [
            -0.01626160554587841,
            0.1391744464635849,
            0.9901343584060669,
            0.0
          ],
          [
            0.0,
            0.0,
            0.0,
            1.0
          ]
        ],
        "rotation_mode": "QUATERNION"
      },
      "armature_space": {
        "head": {
          "x": 0.04877125471830368,
          "y": -0.09603999555110931,
          "z": 0.5505783557891846
        },
        "tail": {
          "x": 0.06776256114244461,
          "y": -0.1574597954750061,
          "z": 0.630438506603241
        }
      },
      "world_space": {
        "head": {
          "x": 0.04877125471830368,
          "y": -0.032795995473861694,
          "z": 1.5004323720932007
        },
        "tail": {
          "x": 0.06776256114244461,
          "y": -0.09421579539775848,
          "z": 1.5802924633026123
        },
        "rotation_quaternion": {
          "w": 0.4438955783843994,
          "x": 0.8894652724266052,
          "y": 0.0583970807492733,
          "z": -0.09164093434810638
        },
        "matrix": [
          [
            0.9763835668563843,
            0.18524247407913208,
            -0.1111777126789093,
            0.04877125471830368
          ],
          [
            0.022526931017637253,
            -0.5990927815437317,
            -0.8003629446029663,
            -0.032795995473861694
          ],
          [
            -0.21486838161945343,
            0.7789613604545593,
            -0.5891220569610596,
            1.5004323720932007
          ],
          [
            0.0,
            0.0,
            0.0,
            1.0
          ]
        ]
      },
      "bone_length_armature_space": 0.10252173212033304,
      "parent": "spine_01",
      "has_children": true,
      "is_end_bone": false
    },
    "head": {
      "name": "head",
      "local": {
        "location": {
          "x": 0.0,
          "y": 0.0,
          "z": 0.0
        },
        "rotation_quaternion": {
          "w": 0.9972900748252869,
          "x": -0.0044504073448479176,
          "y": 0.02001374214887619,
          "z": -0.07065553963184357
        },
        "scale": {
          "x": 1.0,
          "y": 1.0,
          "z": 1.0
        },
        "matrix_basis": [
          [
            0.9892144799232483,
            0.140749990940094,
            0.04054790362715721,
            0.0
          ],
          [
            -0.1411062777042389,
            0.9899759888648987,
            0.0060485308058559895,
            0.0
          ],
          [
            -0.03929012268781662,
            -0.011704857461154461,
            0.9991592764854431,
            0.0
          ],
          [
            0.0,
            0.0,
            0.0,
            1.0
          ]
        ],
        "rotation_mode": "QUATERNION"
      },
      "armature_space": {
        "head": {
          "x": 0.06776252388954163,
          "y": -0.15745986998081207,
          "z": 0.6304383277893066
        },
        "tail": {
          "x": 0.12174243479967117,
          "y": -0.19662819802761078,
          "z": 0.7704571485519409
        }
      },
      "world_space": {
        "head": {
          "x": 0.06776252388954163,
          "y": -0.09421586990356445,
          "z": 1.5802923440933228
        },
        "tail": {
          "x": 0.12174243479967117,
          "y": -0.13338419795036316,
          "z": 1.720311164855957
        },
        "rotation_quaternion": {
          "w": 0.5947837829589844,
          "x": 0.7841995358467102,
          "y": 0.14126640558242798,
          "z": -0.10633481293916702
        },
        "matrix": [
          [
            0.9374733567237854,
            0.3480549156665802,
            0.0012722499668598175,
            0.06776252388954163
          ],
          [
            0.09507147967815399,
            -0.2525519132614136,
            -0.9629015922546387,
            -0.09421586990356445
          ],
          [
            -0.33482345938682556,
            0.9028215408325195,
            -0.26985353231430054,
            1.5802923440933228
          ],
          [
            0.0,
            0.0,
            0.0,
            1.0
          ]
        ]
      },
      "bone_length_armature_space": 0.15509112919734297,
      "parent": "neck_01",
      "has_children": false,
      "is_end_bone": true
    },
    "upperarm_l": {
      "name": "upperarm_l",
      "local": {
        "location": {
          "x": 0.0,
          "y": 0.0,
          "z": 0.0
        },
        "rotation_quaternion": {
          "w": 0.8445347547531128,
          "x": 0.12973913550376892,
          "y": 0.5002074241638184,
          "z": 0.14043298363685608
        },
        "scale": {
          "x": 1.0,
          "y": 1.0,
          "z": 1.0
        },
        "matrix_basis": [
          [
            0.46014222502708435,
            -0.10740811377763748,
            0.8813244104385376,
            0.0
          ],
          [
            0.3669940233230591,
            0.9268926382064819,
            -0.0786471739411354,
            0.0
          ],
          [
            -0.8084458112716675,
            0.35962966084480286,
            0.4659205675125122,
            0.0
          ],
          [
            0.0,
            0.0,
            0.0,
            1.0
          ]
        ],
        "rotation_mode": "QUATERNION"
      },
      "armature_space": {
        "head": {
          "x": 0.19106580317020416,
          "y": -0.10027801990509033,
          "z": 0.46835026144981384
        },
        "tail": {
          "x": 0.4380059540271759,
          "y": -0.20335492491722107,
          "z": 0.4540907144546509
        }
      },
      "world_space": {
        "head": {
          "x": 0.19106580317020416,
          "y": -0.03703401982784271,
          "z": 1.4182043075561523
        },
        "tail": {
          "x": 0.4380059540271759,
          "y": -0.14011092483997345,
          "z": 1.403944730758667
        },
        "rotation_quaternion": {
          "w": 0.088816799223423,
          "x": 0.8122809529304504,
          "y": 0.5475231409072876,
          "z": -0.18035979568958282
        },
        "matrix": [
          [
            0.335377037525177,
            0.9215235710144043,
            -0.19574588537216187,
            0.19106580317020416
          ],
          [
            0.8574473857879639,
            -0.3846592307090759,
            -0.34179213643074036,
            -0.03703401982784271
          ],
          [
            -0.39026689529418945,
            -0.05321328341960907,
            -0.9191704392433167,
            1.4182043075561523
          ],
          [
            0.0,
            0.0,
            0.0,
            1.0
          ]
        ]
      },
      "bone_length_armature_space": 0.2679694386901656,
      "parent": "spine_01",
      "has_children": true,
      "is_end_bone": false
    },
    "lowerarm_l": {
      "name": "lowerarm_l",
      "local": {
        "location": {
          "x": 0.0,
          "y": 0.0,
          "z": 0.0
        },
        "rotation_quaternion": {
          "w": 0.9772260189056396,
          "x": -0.005150178913027048,
          "y": -0.02543856017291546,
          "z": 0.21060816943645477
        },
        "scale": {
          "x": 1.0,
          "y": 1.0,
          "z": 1.0
        },
        "matrix_basis": [
          [
            0.9099941849708557,
            -0.41136154532432556,
            -0.05188778415322304,
            0.0
          ],
          [
            0.4118855893611908,
            0.9112353324890137,
            -0.0006493594846688211,
            0.0
          ],
          [
            0.04754910618066788,
            -0.020780915394425392,
            0.9986526966094971,
            0.0
          ],
          [
            0.0,
            0.0,
            0.0,
            1.0
          ]
        ],
        "rotation_mode": "QUATERNION"
      },
      "armature_space": {
        "head": {
          "x": 0.4380059838294983,
          "y": -0.2033550888299942,
          "z": 0.4540907144546509
        },
        "tail": {
          "x": 0.6123676896095276,
          "y": -0.40401872992515564,
          "z": 0.48411497473716736
        }
      },
      "world_space": {
        "head": {
          "x": 0.4380059838294983,
          "y": -0.14011108875274658,
          "z": 1.403944730758667
        },
        "tail": {
          "x": 0.6123676896095276,
          "y": -0.3407747149467468,
          "z": 1.4339690208435059
        },
        "rotation_quaternion": {
          "w": 0.15495383739471436,
          "x": 0.8981643915176392,
          "y": 0.31772807240486145,
          "z": -0.26141712069511414
        },
        "matrix": [
          [
            0.6614196300506592,
            0.6517597436904907,
            -0.37112390995025635,
            0.4380059838294983
          ],
          [
            0.48972928524017334,
            -0.7500758171081543,
            -0.44446831941604614,
            -0.14011108875274658
          ],
          [
            -0.5680611729621887,
            0.11222994327545166,
            -0.8153067827224731,
            1.403944730758667
          ],
          [
            0.0,
            0.0,
            0.0,
            1.0
          ]
        ]
      },
      "bone_length_armature_space": 0.26752449676404333,
      "parent": "upperarm_l",
      "has_children": true,
      "is_end_bone": false
    },
    "metacarpal_thumb_l": {
      "name": "metacarpal_thumb_l",
      "local": {
        "location": {
          "x": 0.0,
          "y": 0.0,
          "z": 0.0
        },
        "rotation_quaternion": {
          "w": 0.9991339445114136,
          "x": -0.039488766342401505,
          "y": -0.006823371630162001,
          "z": -0.011205214075744152
        },
        "scale": {
          "x": 1.0,
          "y": 1.0,
          "z": 1.0
        },
        "matrix_basis": [
          [
            0.9996557831764221,
            0.02292991243302822,
            -0.012749964371323586,
            0.0
          ],
          [
            -0.021852126345038414,
            0.9966301321983337,
            0.07906205207109451,
            0.0
          ],
          [
            0.014519884251058102,
            -0.07875622063875198,
            0.9967881441116333,
            0.0
          ],
          [
            0.0,
            0.0,
            0.0,
            1.0
          ]
        ],
        "rotation_mode": "QUATERNION"
      },
      "armature_space": {
        "head": {
          "x": 0.6123676896095276,
          "y": -0.40401872992515564,
          "z": 0.48411497473716736
        },
        "tail": {
          "x": 0.6316059827804565,
          "y": -0.44425711035728455,
          "z": 0.4625661373138428
        }
      },
      "world_space": {
        "head": {
          "x": 0.6123676896095276,
          "y": -0.3407747149467468,
          "z": 1.4339690208435059
        },
        "tail": {
          "x": 0.6316059827804565,
          "y": -0.38101309537887573,
          "z": 1.4124201536178589
        },
        "rotation_quaternion": {
          "w": 0.28810736536979675,
          "x": -0.8832101225852966,
          "y": -0.10403071343898773,
          "z": -0.3551218509674072
        },
        "matrix": [
          [
            0.7261324524879456,
            0.38838791847229004,
            0.567349910736084,
            0.6123676896095276
          ],
          [
            -0.02086331509053707,
            -0.8123442530632019,
            0.5828052759170532,
            -0.3407747149467468
          ],
          [
            0.6872429251670837,
            -0.4350343644618988,
            -0.581770122051239,
            1.4339690208435059
          ],
          [
            0.0,
            0.0,
            0.0,
            1.0
          ]
        ]
      },
      "bone_length_armature_space": 0.04953374161267193,
      "parent": "lowerarm_l",
      "has_children": true,
      "is_end_bone": false
    },
    "thumb_01_l": {
      "name": "thumb_01_l",
      "local": {
        "location": {
          "x": 0.0,
          "y": 0.0,
          "z": 0.0
        },
        "rotation_quaternion": {
          "w": 0.9998123645782471,
          "x": 0.01301034539937973,
          "y": 0.0069031259045004845,
          "z": -0.012583172880113125
        },
        "scale": {
          "x": 1.0,
          "y": 1.0,
          "z": 1.0
        },
        "matrix_basis": [
          [
            0.9995880126953125,
            0.025341248139739037,
            0.013476238586008549,
            0.0
          ],
          [
            -0.024981999769806862,
            0.9993447661399841,
            -0.0261895339936018,
            0.0
          ],
          [
            -0.014131084084510803,
            0.025842081755399704,
            0.9995661377906799,
            0.0
          ],
          [
            0.0,
            0.0,
            0.0,
            1.0
          ]
        ],
        "rotation_mode": "QUATERNION"
      },
      "armature_space": {
        "head": {
          "x": 0.6316059827804565,
          "y": -0.44425711035728455,
          "z": 0.4625661373138428
        },
        "tail": {
          "x": 0.6522724628448486,
          "y": -0.44860637187957764,
          "z": 0.4358712434768677
        }
      },
      "world_space": {
        "head": {
          "x": 0.6316059827804565,
          "y": -0.38101309537887573,
          "z": 1.4124201536178589
        },
        "tail": {
          "x": 0.6522724628448486,
          "y": -0.3853623867034912,
          "z": 1.3857252597808838
        },
        "rotation_quaternion": {
          "w": 0.5856596231460571,
          "x": -0.3141768276691437,
          "y": 0.30514758825302124,
          "z": -0.682041585445404
        },
        "matrix": [
          [
            -0.11658819019794464,
            0.6071478724479675,
            0.7859886884689331,
            0.6316059827804565
          ],
          [
            -0.9906294941902161,
            -0.12777414917945862,
            -0.04824202135205269,
            -0.38101309537887573
          ],
          [
            0.07113873213529587,
            -0.784253716468811,
            0.6163599491119385,
            1.4124201536178589
          ],
          [
            0.0,
            0.0,
            0.0,
            1.0
          ]
        ]
      },
      "bone_length_armature_space": 0.034038754865151045,
      "parent": "metacarpal_thumb_l",
      "has_children": true,
      "is_end_bone": false
    },
    "thumb_02_l": {
      "name": "thumb_02_l",
      "local": {
        "location": {
          "x": 0.0,
          "y": 0.0,
          "z": 0.0
        },
        "rotation_quaternion": {
          "w": 0.993019163608551,
          "x": 0.1173853874206543,
          "y": -0.007634433452039957,
          "z": -0.008684270083904266
        },
        "scale": {
          "x": 1.0,
          "y": 1.0,
          "z": 1.0
        },
        "matrix_basis": [
          [
            0.9997326135635376,
            0.015454951673746109,
            -0.01720109023153782,
            0.0
          ],
          [
            -0.019039634615182877,
            0.9722905158996582,
            -0.2329992800951004,
            0.0
          ],
          [
            0.0131234647706151,
            0.2332644760608673,
            0.972324788570404,
            0.0
          ],
          [
            0.0,
            0.0,
            0.0,
            1.0
          ]
        ],
        "rotation_mode": "QUATERNION"
      },
      "armature_space": {
        "head": {
          "x": 0.6522723436355591,
          "y": -0.44860631227493286,
          "z": 0.4358712434768677
        },
        "tail": {
          "x": 0.6769263744354248,
          "y": -0.4786806106567383,
          "z": 0.44591593742370605
        }
      },
      "world_space": {
        "head": {
          "x": 0.6522723436355591,
          "y": -0.38536232709884644,
          "z": 1.3857252597808838
        },
        "tail": {
          "x": 0.6769263744354248,
          "y": -0.41543662548065186,
          "z": 1.3957699537277222
        },
        "rotation_quaternion": {
          "w": 0.34758204221725464,
          "x": 0.17679190635681152,
          "y": -0.06925845891237259,
          "z": -0.9182236194610596
        },
        "matrix": [
          [
            -0.6958624124526978,
            0.6138275861740112,
            -0.37281471490859985,
            0.6522723436355591
          ],
          [
            -0.6628051400184631,
            -0.748779833316803,
            0.004289448261260986,
            -0.38536232709884644
          ],
          [
            -0.27652570605278015,
            0.2500896155834198,
            0.9279024004936218,
            1.3857252597808838
          ],
          [
            0.0,
            0.0,
            0.0,
            1.0
          ]
        ]
      },
      "bone_length_armature_space": 0.04016441836150308,
      "parent": "thumb_01_l",
      "has_children": true,
      "is_end_bone": false
    },
    "thumb_03_l": {
      "name": "thumb_03_l",
      "local": {
        "location": {
          "x": 0.0,
          "y": 0.0,
          "z": 0.0
        },
        "rotation_quaternion": {
          "w": 0.9975990653038025,
          "x": 0.06857918947935104,
          "y": -0.008268075063824654,
          "z": 0.004981864243745804
        },
        "scale": {
          "x": 1.0,
          "y": 1.0,
          "z": 1.0
        },
        "matrix_basis": [
          [
            0.9998136162757874,
            -0.011073841713368893,
            -0.01581314392387867,
            0.0
          ],
          [
            0.008805770426988602,
            0.9905441403388977,
            -0.13691145181655884,
            0.0
          ],
          [
            0.01717975176870823,
            0.13674668967723846,
            0.9904570579528809,
            0.0
          ],
          [
            0.0,
            0.0,
            0.0,
            1.0
          ]
        ],
        "rotation_mode": "QUATERNION"
      },
      "armature_space": {
        "head": {
          "x": 0.67692631483078,
          "y": -0.4786806106567383,
          "z": 0.4459158480167389
        },
        "tail": {
          "x": 0.6919429898262024,
          "y": -0.49704182147979736,
          "z": 0.4650014638900757
        }
      },
      "world_space": {
        "head": {
          "x": 0.67692631483078,
          "y": -0.41543662548065186,
          "z": 1.3957698345184326
        },
        "tail": {
          "x": 0.6919429898262024,
          "y": -0.43379783630371094,
          "z": 1.4148554801940918
        },
        "rotation_quaternion": {
          "w": 0.4021907150745392,
          "x": 0.39719054102897644,
          "y": -0.19155579805374146,
          "z": -0.8023645281791687
        },
        "matrix": [
          [
            -0.36096370220184326,
            0.4932405352592468,
            -0.7914660573005676,
            0.67692631483078
          ],
          [
            -0.7975761294364929,
            -0.6030972003936768,
            -0.012099407613277435,
            -0.41543662548065186
          ],
          [
            -0.4833029806613922,
            0.6268909573554993,
            0.6110973954200745,
            1.3957698345184326
          ],
          [
            0.0,
            0.0,
            0.0,
            1.0
          ]
        ]
      },
      "bone_length_armature_space": 0.030444955245925394,
      "parent": "thumb_02_l",
      "has_children": false,
      "is_end_bone": true
    },
    "metacarpal_index_l": {
      "name": "metacarpal_index_l",
      "local": {
        "location": {
          "x": 0.0,
          "y": 0.0,
          "z": 0.0
        },
        "rotation_quaternion": {
          "w": 0.9979792237281799,
          "x": -0.06265361607074738,
          "y": -0.008411914110183716,
          "z": 0.006422730628401041
        },
        "scale": {
          "x": 1.0,
          "y": 1.0,
          "z": 1.0
        },
        "matrix_basis": [
          [
            0.9997760057449341,
            -0.011765429750084877,
            -0.01759464479982853,
            0.0
          ],
          [
            0.013873577117919922,
            0.9920665621757507,
            0.12494596093893051,
            0.0
          ],
          [
            0.015985015779733658,
            -0.1251620650291443,
            0.9920075535774231,
            0.0
          ],
          [
            0.0,
            0.0,
            0.0,
            1.0
          ]
        ],
        "rotation_mode": "QUATERNION"
      },
      "armature_space": {
        "head": {
          "x": 0.6123676896095276,
          "y": -0.40401872992515564,
          "z": 0.48411497473716736
        },
        "tail": {
          "x": 0.6711869835853577,
          "y": -0.5051364302635193,
          "z": 0.47742733359336853
        }
      },
      "world_space": {
        "head": {
          "x": 0.6123676896095276,
          "y": -0.3407747149467468,
          "z": 1.4339690208435059
        },
        "tail": {
          "x": 0.6711869835853577,
          "y": -0.44189244508743286,
          "z": 1.427281379699707
        },
        "rotation_quaternion": {
          "w": 0.06851314008235931,
          "x": -0.9540640115737915,
          "y": -0.25261130928993225,
          "z": -0.1457921266555786
        },
        "matrix": [
          [
            0.8298642635345459,
            0.5019920468330383,
            0.24357524514198303,
            0.6123676896095276
          ],
          [
            0.4620378017425537,
            -0.8629870414733887,
            0.20438936352729797,
            -0.3407747149467468
          ],
          [
            0.3128066658973694,
            -0.05707564204931259,
            -0.9481079578399658,
            1.4339690208435059
          ],
          [
            0.0,
            0.0,
            0.0,
            1.0
          ]
        ]
      },
      "bone_length_armature_space": 0.11717176774154464,
      "parent": "lowerarm_l",
      "has_children": true,
      "is_end_bone": false
    },
    "index_01_l": {
      "name": "index_01_l",
      "local": {
        "location": {
          "x": 0.0,
          "y": 0.0,
          "z": 0.0
        },
        "rotation_quaternion": {
          "w": 0.9935052394866943,
          "x": -0.11318588256835938,
          "y": 0.005355099681764841,
          "z": -0.010374673642218113
        },
        "scale": {
          "x": 1.0,
          "y": 1.0,
          "z": 1.0
        },
        "matrix_basis": [
          [
            0.9997273683547974,
            0.019402341917157173,
            0.012989172711968422,
            0.0
          ],
          [
            -0.02182682789862156,
            0.9741626381874084,
            0.22479042410850525,
            0.0
          ],
          [
            -0.008292105980217457,
            -0.2250126451253891,
            0.9743205308914185,
            0.0
          ],
          [
            0.0,
            0.0,
            0.0,
            1.0
          ]
        ],
        "rotation_mode": "QUATERNION"
      },
      "armature_space": {
        "head": {
          "x": 0.6711869835853577,
          "y": -0.5051364302635193,
          "z": 0.47742733359336853
        },
        "tail": {
          "x": 0.6892709732055664,
          "y": -0.5241491794586182,
          "z": 0.48858779668807983
        }
      },
      "world_space": {
        "head": {
          "x": 0.6711869835853577,
          "y": -0.44189244508743286,
          "z": 1.427281379699707
        },
        "tail": {
          "x": 0.6892709732055664,
          "y": -0.46090519428253174,
          "z": 1.4384417533874512
        },
        "rotation_quaternion": {
          "w": 0.1167716383934021,
          "x": 0.8815584182739258,
          "y": 0.39112091064453125,
          "z": 0.23715776205062866
        },
        "matrix": [
          [
            0.5815607309341431,
            0.6342056393623352,
            0.5094800591468811,
            0.6711869835853577
          ],
          [
            0.7449790239334106,
            -0.6667775511741638,
            -0.020366162061691284,
            -0.44189244508743286
          ],
          [
            0.32679644227027893,
            0.39139825105667114,
            -0.8602474927902222,
            1.427281379699707
          ],
          [
            0.0,
            0.0,
            0.0,
            1.0
          ]
        ]
      },
      "bone_length_armature_space": 0.028514404293200585,
      "parent": "metacarpal_index_l",
      "has_children": true,
      "is_end_bone": false
    },
    "index_02_l": {
      "name": "index_02_l",
      "local": {
        "location": {
          "x": 0.0,
          "y": 0.0,
          "z": 0.0
        },
        "rotation_quaternion": {
          "w": 0.9991050362586975,
          "x": 0.04082266986370087,
          "y": 0.010979713872075081,
          "z": -0.0014568008482456207
        },
        "scale": {
          "x": 1.0,
          "y": 1.0,
          "z": 1.0
        },
        "matrix_basis": [
          [
            0.9997546672821045,
            0.0038074366748332977,
            0.021820833906531334,
            0.0
          ],
          [
            -0.002014551544561982,
            0.9966627955436707,
            -0.0816042572259903,
            0.0
          ],
          [
            -0.022058716043829918,
            0.08154027909040451,
            0.9964259266853333,
            0.0
          ],
          [
            0.0,
            0.0,
            0.0,
            1.0
          ]
        ],
        "rotation_mode": "QUATERNION"
      },
      "armature_space": {
        "head": {
          "x": 0.6892712116241455,
          "y": -0.5241495966911316,
          "z": 0.4885876178741455
        },
        "tail": {
          "x": 0.7065714597702026,
          "y": -0.5406889319419861,
          "z": 0.4978202283382416
        }
      },
      "world_space": {
        "head": {
          "x": 0.6892712116241455,
          "y": -0.46090561151504517,
          "z": 1.4384416341781616
        },
        "tail": {
          "x": 0.7065714597702026,
          "y": -0.47744494676589966,
          "z": 1.44767427444458
        },
        "rotation_quaternion": {
          "w": 0.10858657956123352,
          "x": 0.883036732673645,
          "y": 0.4072411060333252,
          "z": 0.20642167329788208
        },
        "matrix": [
          [
            0.5830889344215393,
            0.6743887662887573,
            0.4529973566532135,
            0.6892712116241455
          ],
          [
            0.7640475630760193,
            -0.6447271704673767,
            -0.023644067347049713,
            -0.46090561151504517
          ],
          [
            0.2761169373989105,
            0.35989999771118164,
            -0.8912045955657959,
            1.4384416341781616
          ],
          [
            0.0,
            0.0,
            0.0,
            1.0
          ]
        ]
      },
      "bone_length_armature_space": 0.02565325101724307,
      "parent": "index_01_l",
      "has_children": true,
      "is_end_bone": false
    },
    "index_03_l": {
      "name": "index_03_l",
      "local": {
        "location": {
          "x": 0.0,
          "y": 0.0,
          "z": 0.0
        },
        "rotation_quaternion": {
          "w": 0.9996885061264038,
          "x": 0.024219077080488205,
          "y": -0.001975148916244507,
          "z": 0.0057029128074646
        },
        "scale": {
          "x": 1.0,
          "y": 1.0,
          "z": 1.0
        },
        "matrix_basis": [
          [
            0.9999271631240845,
            -0.01149794552475214,
            -0.0036728286650031805,
            0.0
          ],
          [
            0.011306600645184517,
            0.9987618327140808,
            -0.04844559356570244,
            0.0
          ],
          [
            0.004225305747240782,
            0.04840053617954254,
            0.9988190531730652,
            0.0
          ],
          [
            0.0,
            0.0,
            0.0,
            1.0
          ]
        ],
        "rotation_mode": "QUATERNION"
      },
      "armature_space": {
        "head": {
          "x": 0.7065714001655579,
          "y": -0.5406889915466309,
          "z": 0.49782034754753113
        },
        "tail": {
          "x": 0.7292394042015076,
          "y": -0.5575389862060547,
          "z": 0.5053017139434814
        }
      },
      "world_space": {
        "head": {
          "x": 0.7065714001655579,
          "y": -0.47744500637054443,
          "z": 1.4476743936538696
        },
        "tail": {
          "x": 0.7292394042015076,
          "y": -0.49429500102996826,
          "z": 1.4551557302474976
        },
        "rotation_quaternion": {
          "w": 0.04129857197403908,
          "x": 0.8647288084030151,
          "y": 0.45820415019989014,
          "z": 0.20146365463733673
        },
        "matrix": [
          [
            0.4989222586154938,
            0.7758046388626099,
            0.3862684667110443,
            0.7065714001655579
          ],
          [
            0.809085488319397,
            -0.5766865015029907,
            0.113199882209301,
            -0.47744500637054443
          ],
          [
            0.31057965755462646,
            0.2560475170612335,
            -0.9154201745986938,
            1.4476743936538696
          ],
          [
            0.0,
            0.0,
            0.0,
            1.0
          ]
        ]
      },
      "bone_length_armature_space": 0.02921868584564951,
      "parent": "index_02_l",
      "has_children": false,
      "is_end_bone": true
    },
    "metacarpal_pinky_l": {
      "name": "metacarpal_pinky_l",
      "local": {
        "location": {
          "x": 0.0,
          "y": 0.0,
          "z": 0.0
        },
        "rotation_quaternion": {
          "w": 0.9984970688819885,
          "x": -0.04956086724996567,
          "y": 0.022924678400158882,
          "z": 0.004668523091822863
        },
        "scale": {
          "x": 1.0,
          "y": 1.0,
          "z": 1.0
        },
        "matrix_basis": [
          [
            0.9989053010940552,
            -0.011595346964895725,
            0.045317694544792175,
            0.0
          ],
          [
            0.0070506795309484005,
            0.9950438737869263,
            0.09918680787086487,
            0.0
          ],
          [
            -0.046243201941251755,
            -0.09875871241092682,
            0.9940363764762878,
            0.0
          ],
          [
            0.0,
            0.0,
            0.0,
            1.0
          ]
        ],
        "rotation_mode": "QUATERNION"
      },
      "armature_space": {
        "head": {
          "x": 0.6123676896095276,
          "y": -0.40401872992515564,
          "z": 0.48411497473716736
        },
        "tail": {
          "x": 0.695663571357727,
          "y": -0.4565320909023285,
          "z": 0.517987847328186
        }
      },
      "world_space": {
        "head": {
          "x": 0.6123676896095276,
          "y": -0.3407747149467468,
          "z": 1.4339690208435059
        },
        "tail": {
          "x": 0.695663571357727,
          "y": -0.3932880759239197,
          "z": 1.4678418636322021
        },
        "rotation_quaternion": {
          "w": 0.47479182481765747,
          "x": 0.5532016754150391,
          "y": 0.14973433315753937,
          "z": -0.66792231798172
        },
        "matrix": [
          [
            0.0629199892282486,
            0.7999162077903748,
            -0.5968039631843567,
            0.6123676896095276
          ],
          [
            -0.4685819745063782,
            -0.5043021440505981,
            -0.7253350615501404,
            -0.3407747149467468
          ],
          [
            -0.8811831474304199,
            0.3252914547920227,
            0.3430973291397095,
            1.4339690208435059
          ],
          [
            0.0,
            0.0,
            0.0,
            1.0
          ]
        ]
      },
      "bone_length_armature_space": 0.10413082308295915,
      "parent": "lowerarm_l",
      "has_children": true,
      "is_end_bone": false
    },
    "pinky_01_l": {
      "name": "pinky_01_l",
      "local": {
        "location": {
          "x": 0.0,
          "y": 0.0,
          "z": 0.0
        },
        "rotation_quaternion": {
          "w": 0.9648206233978271,
          "x": 0.26283615827560425,
          "y": -0.002288075862452388,
          "z": -0.00575644988566637
        },
        "scale": {
          "x": 1.0,
          "y": 1.0,
          "z": 1.0
        },
        "matrix_basis": [
          [
            0.9999232292175293,
            0.009905105456709862,
            -0.007441171910613775,
            0.0
          ],
          [
            -0.012310661375522614,
            0.8617680072784424,
            -0.5071531534194946,
            0.0
          ],
          [
            0.001389159238897264,
            0.5072058439254761,
            0.8618238568305969,
            0.0
          ],
          [
            0.0,
            0.0,
            0.0,
            1.0
          ]
        ],
        "rotation_mode": "QUATERNION"
      },
      "armature_space": {
        "head": {
          "x": 0.695663571357727,
          "y": -0.4565320909023285,
          "z": 0.517987847328186
        },
        "tail": {
