{
  "metadata": {
    "armature_name": "KIM_caucasian_male",
    "export_time": "2026-01-13T21:07:26.305837",
    "blender_version": "4.4.1",
    "bone_count": 56,
    "end_bone_count": 13,
    "spaces_included": [
      "LOCAL_CHANNELS",
      "ARMATURE_SPACE",
      "WORLD_SPACE"
    ],
    "note": "LOCAL matches Transform panel; replay pose via local.matrix_basis for best fidelity."
  },
  "bones": {
    "Root": {
      "name": "Root",
      "local": {
        "location": {
          "x": 0.0,
          "y": 0.0,
          "z": 0.0
        },
        "rotation_quaternion": {
          "w": 0.9996509552001953,
          "x": -0.018010951578617096,
          "y": -0.01031187642365694,
          "z": 0.016352452337741852
        },
        "scale": {
          "x": 1.0,
          "y": 1.0,
          "z": 1.0
        },
        "matrix_basis": [
          [
            0.9992524981498718,
            -0.03232203423976898,
            -0.0212056003510952,
            0.0
          ],
          [
            0.03306494280695915,
            0.9988164305686951,
            0.035672079771757126,
            0.0
          ],
          [
            0.020027507096529007,
            -0.03634657710790634,
            0.9991385340690613,
            0.0
          ],
          [
            0.0,
            0.0,
            0.0,
            1.0
          ]
        ],
        "rotation_mode": "QUATERNION"
      },
      "armature_space": {
        "head": {
          "x": 0.0,
          "y": 0.07072800397872925,
          "z": -0.009595036506652832
        },
        "tail": {
          "x": -0.002307013375684619,
          "y": 0.0004324615001678467,
          "z": 0.002559383399784565
        }
      },
      "world_space": {
        "head": {
          "x": 0.0,
          "y": 0.13397200405597687,
          "z": 0.9402589797973633
        },
        "tail": {
          "x": -0.002307013375684619,
          "y": 0.06367646157741547,
          "z": 0.9524133801460266
        },
        "rotation_quaternion": {
          "w": 0.08531417697668076,
          "x": 0.9961665272712708,
          "y": -0.017009994015097618,
          "z": -0.009186819195747375
        },
        "matrix": [
          [
            0.9992524981498718,
            -0.03232203423976898,
            -0.0212056003510952,
            0.0
          ],
          [
            -0.03545711189508438,
            -0.9848642945289612,
            -0.16966217756271362,
            0.13397200405597687
          ],
          [
            -0.015400951728224754,
            0.17028751969337463,
            -0.9852811694145203,
            0.9402589797973633
          ],
          [
            0.0,
            0.0,
            0.0,
            1.0
          ]
        ]
      },
      "bone_length_armature_space": 0.0713758762051908,
      "parent": null,
      "has_children": true,
      "is_end_bone": false
    },
    "spine_01": {
      "name": "spine_01",
      "local": {
        "location": {
          "x": 0.0,
          "y": 0.0,
          "z": 0.0
        },
        "rotation_quaternion": {
          "w": 0.9986453056335449,
          "x": -0.007044281344860792,
          "y": 0.00409364840015769,
          "z": -0.05139199271798134
        },
        "scale": {
          "x": 1.0,
          "y": 1.0,
          "z": 1.0
        },
        "matrix_basis": [
          [
            0.9946842193603516,
            0.10258707404136658,
            0.00890024472028017,
            0.0
          ],
          [
            -0.10270241647958755,
            0.9946184754371643,
            0.013648715801537037,
            0.0
          ],
          [
            -0.007452166173607111,
            -0.014490238390862942,
            0.9998672604560852,
            0.0
          ],
          [
            0.0,
            0.0,
            0.0,
            1.0
          ]
        ],
        "rotation_mode": "QUATERNION"
      },
      "armature_space": {
        "head": {
          "x": -0.002307013375684619,
          "y": 0.0004324615001678467,
          "z": 0.002559383399784565
        },
        "tail": {
          "x": 0.056831732392311096,
          "y": 0.04567903280258179,
          "z": 0.48484963178634644
        }
      },
      "world_space": {
        "head": {
          "x": -0.002307013375684619,
          "y": 0.06367646157741547,
          "z": 0.9524133801460266
        },
        "tail": {
          "x": 0.056831732392311096,
          "y": 0.1089230328798294,
          "z": 1.4347035884857178
        },
        "rotation_quaternion": {
          "w": 0.7384849190711975,
          "x": 0.6714154481887817,
          "y": 0.03160513937473297,
          "z": -0.05331543833017349
        },
        "matrix": [
          [
            0.9923171401023865,
            0.12118564546108246,
            -0.02491454780101776,
            -0.002307013375684619
          ],
          [
            -0.03630577772855759,
            0.09271815419197083,
            -0.9950303435325623,
            0.06367646157741547
          ],
          [
            -0.11827421933412552,
            0.988297164440155,
            0.09640532732009888,
            0.9524133801460266
          ],
          [
            0.0,
            0.0,
            0.0,
            1.0
          ]
        ]
      },
      "bone_length_armature_space": 0.4880046323205291,
      "parent": "Root",
      "has_children": true,
      "is_end_bone": false
    },
    "neck_01": {
      "name": "neck_01",
      "local": {
        "location": {
          "x": 0.0,
          "y": 0.0,
          "z": 0.0
        },
        "rotation_quaternion": {
          "w": 0.9820514917373657,
          "x": -0.10094977915287018,
          "y": 0.08965975791215897,
          "z": -0.13170126080513
        },
        "scale": {
          "x": 1.0,
          "y": 1.0,
          "z": 1.0
        },
        "matrix_basis": [
          [
            0.9492318034172058,
            0.24057257175445557,
            0.20269142091274261,
            0.0
          ],
          [
            -0.27677711844444275,
            0.9449278116226196,
            0.17465916275978088,
            0.0
          ],
          [
            -0.14951057732105255,
            -0.2218923717737198,
            0.9635405540466309,
            0.0
          ],
          [
            0.0,
            0.0,
            0.0,
            1.0
          ]
        ],
        "rotation_mode": "QUATERNION"
      },
      "armature_space": {
        "head": {
          "x": 0.06484070420265198,
          "y": 0.017959624528884888,
          "z": 0.5605546236038208
        },
        "tail": {
          "x": 0.10086576640605927,
          "y": 0.010450083762407303,
          "z": 0.6562445163726807
        }
      },
      "world_space": {
        "head": {
          "x": 0.06484070420265198,
          "y": 0.08120362460613251,
          "z": 1.510408639907837
        },
        "tail": {
          "x": 0.10086576640605927,
          "y": 0.07369408011436462,
          "z": 1.6060985326766968
        },
        "rotation_quaternion": {
          "w": 0.6551933288574219,
          "x": 0.7298794388771057,
          "y": 0.1846545934677124,
          "z": -0.062454476952552795
        },
        "matrix": [
          [
            0.9240038394927979,
            0.35139089822769165,
            0.15080241858959198,
            0.06484070420265198
          ],
          [
            0.18771371245384216,
            -0.07324856519699097,
            -0.9794889688491821,
            0.08120362460613251
          ],
          [
            -0.3331395387649536,
            0.9333654642105103,
            -0.13364467024803162,
            1.510408639907837
          ],
          [
            0.0,
            0.0,
            0.0,
            1.0
          ]
        ]
      },
      "bone_length_armature_space": 0.1025219692482547,
      "parent": "spine_01",
      "has_children": true,
      "is_end_bone": false
    },
    "head": {
      "name": "head",
      "local": {
        "location": {
          "x": 0.0,
          "y": 0.0,
          "z": 0.0
        },
        "rotation_quaternion": {
          "w": 0.9857423901557922,
          "x": -0.05415087565779686,
          "y": 0.05095125734806061,
          "z": -0.15094244480133057
        },
        "scale": {
          "x": 1.0,
          "y": 1.0,
          "z": 1.0
        },
        "matrix_basis": [
          [
            0.9492406845092773,
            0.2920626103878021,
            0.11679696291685104,
            0.0
          ],
          [
            -0.3030988574028015,
            0.9485681056976318,
            0.09137621521949768,
            0.0
          ],
          [
            -0.08410229533910751,
            -0.12213904410600662,
            0.9889432787895203,
            0.0
          ],
          [
            0.0,
            0.0,
            0.0,
            1.0
          ]
        ],
        "rotation_mode": "QUATERNION"
      },
      "armature_space": {
        "head": {
          "x": 0.10086576640605927,
          "y": 0.010449936613440514,
          "z": 0.6562443971633911
        },
        "tail": {
          "x": 0.17783954739570618,
          "y": 0.07867032289505005,
          "z": 0.7723227739334106
        }
      },
      "world_space": {
        "head": {
          "x": 0.10086576640605927,
          "y": 0.07369393855333328,
          "z": 1.6060984134674072
        },
        "tail": {
          "x": 0.17783954739570618,
          "y": 0.14191432297229767,
          "z": 1.7221767902374268
        },
        "rotation_quaternion": {
          "w": 0.7857557535171509,
          "x": 0.5188084840774536,
          "y": 0.32019519805908203,
          "z": -0.1044069305062294
        },
        "matrix": [
          [
            0.7731493711471558,
            0.49631622433662415,
            0.3948548436164856,
            0.10086576640605927
          ],
          [
            0.16816096007823944,
            0.4398754835128784,
            -0.8821744322776794,
            0.07369393855333328
          ],
          [
            -0.6115285158157349,
            0.7484573125839233,
            0.2566293478012085,
            1.6060984134674072
          ],
          [
            0.0,
            0.0,
            0.0,
            1.0
          ]
        ]
      },
      "bone_length_armature_space": 0.15509085596950145,
      "parent": "neck_01",
      "has_children": false,
      "is_end_bone": true
    },
    "upperarm_l": {
      "name": "upperarm_l",
      "local": {
        "location": {
          "x": 0.0,
          "y": 0.0,
          "z": 0.0
        },
        "rotation_quaternion": {
          "w": 0.9693695306777954,
          "x": 0.21240535378456116,
          "y": 0.08186902850866318,
          "z": 0.09221835434436798
        },
        "scale": {
          "x": 1.0,
          "y": 1.0,
          "z": 1.0
        },
        "matrix_basis": [
          [
            0.9695864915847778,
            -0.14400848746299744,
            0.1978980302810669,
            0.0
          ],
          [
            0.21356616914272308,
            0.8927595019340515,
            -0.39669889211654663,
            0.0
          ],
          [
            -0.11954733729362488,
            0.42689821124076843,
            0.896362841129303,
            0.0
          ],
          [
            0.0,
            0.0,
            0.0,
            1.0
          ]
        ],
        "rotation_mode": "QUATERNION"
      },
      "armature_space": {
        "head": {
          "x": 0.2054642289876938,
          "y": 0.0031090974807739258,
          "z": 0.4766996502876282
        },
        "tail": {
          "x": 0.4489351511001587,
          "y": -0.10824025422334671,
          "z": 0.4881391227245331
        }
      },
      "world_space": {
        "head": {
          "x": 0.2054642289876938,
          "y": 0.06635309755802155,
          "z": 1.426553726196289
        },
        "tail": {
          "x": 0.4489351511001587,
          "y": -0.04499625414609909,
          "z": 1.4379931688308716
        },
        "rotation_quaternion": {
          "w": 0.3799828588962555,
          "x": 0.6254871487617493,
          "y": 0.3845098614692688,
          "z": -0.562610924243927
        },
        "matrix": [
          [
            0.07124175131320953,
            0.9085772037506104,
            -0.4115970730781555,
            0.2054642289876938
          ],
          [
            0.05344678461551666,
            -0.4155300557613373,
            -0.9080079793930054,
            0.06635309755802155
          ],
          [
            -0.9960331320762634,
            0.04268944263458252,
            -0.0781649574637413,
            1.426553726196289
          ],
          [
            0.0,
            0.0,
            0.0,
            1.0
          ]
        ]
      },
      "bone_length_armature_space": 0.2679694552801543,
      "parent": "spine_01",
      "has_children": true,
      "is_end_bone": false
    },
    "lowerarm_l": {
      "name": "lowerarm_l",
      "local": {
        "location": {
          "x": 0.0,
          "y": 0.0,
          "z": 0.0
        },
        "rotation_quaternion": {
          "w": 0.971524178981781,
          "x": 0.21882645785808563,
          "y": -0.07514005154371262,
          "z": 0.05108623206615448
        },
        "scale": {
          "x": 1.0,
          "y": 1.0,
          "z": 1.0
        },
        "matrix_basis": [
          [
            0.9834883213043213,
            -0.13214828073978424,
            -0.12364271283149719,
            0.0
          ],
          [
            0.06637775897979736,
            0.8990103602409363,
            -0.4328676462173462,
            0.0
          ],
          [
            0.16835878789424896,
            0.4175131320953369,
            0.8929378986358643,
            0.0
          ],
          [
            0.0,
            0.0,
            0.0,
            1.0
          ]
        ],
        "rotation_mode": "QUATERNION"
      },
      "armature_space": {
        "head": {
          "x": 0.44893521070480347,
          "y": -0.10824034363031387,
          "z": 0.48813924193382263
        },
        "tail": {
          "x": 0.5917632579803467,
          "y": -0.32456734776496887,
          "z": 0.5542615652084351
        }
      },
      "world_space": {
        "head": {
          "x": 0.44893521070480347,
          "y": -0.044996343553066254,
          "z": 1.4379932880401611
        },
        "tail": {
          "x": 0.5917632579803467,
          "y": -0.26132333278656006,
          "z": 1.5041155815124512
        },
        "rotation_quaternion": {
          "w": 0.29319244623184204,
          "x": 0.6537778973579407,
          "y": 0.09861654043197632,
          "z": -0.6905705332756042
        },
        "matrix": [
          [
            0.026774875819683075,
            0.5338878631591797,
            -0.8451312184333801,
            0.44893521070480347
          ],
          [
            -0.2759940028190613,
            -0.8086251020431519,
            -0.5195700526237488,
            -0.044996343553066254
          ],
          [
            -0.9607933163642883,
            0.2471635490655899,
            0.1256994605064392,
            1.4379932880401611
          ],
          [
            0.0,
            0.0,
            0.0,
            1.0
          ]
        ]
      },
      "bone_length_armature_space": 0.267524558991575,
      "parent": "upperarm_l",
      "has_children": true,
      "is_end_bone": false
    },
    "metacarpal_thumb_l": {
      "name": "metacarpal_thumb_l",
      "local": {
        "location": {
          "x": 0.0,
          "y": 0.0,
          "z": 0.0
        },
        "rotation_quaternion": {
          "w": 0.9996485114097595,
          "x": -0.020189519971609116,
          "y": -0.010009633377194405,
          "z": -0.013966905884444714
        },
        "scale": {
          "x": 1.0,
          "y": 1.0,
          "z": 1.0
        },
        "matrix_basis": [
          [
            0.9994094371795654,
            0.028328172862529755,
            -0.019448259845376015,
            0.0
          ],
          [
            -0.027519814670085907,
            0.9987946152687073,
            0.04064445570111275,
            0.0
          ],
          [
            0.020576201379299164,
            -0.040085241198539734,
            0.9989843964576721,
            0.0
          ],
          [
            0.0,
            0.0,
            0.0,
            1.0
          ]
        ],
        "rotation_mode": "QUATERNION"
      },
      "armature_space": {
        "head": {
          "x": 0.5917632579803467,
          "y": -0.32456734776496887,
          "z": 0.5542615652084351
        },
        "tail": {
          "x": 0.5896937251091003,
          "y": -0.37362053990364075,
          "z": 0.5608255863189697
        }
      },
      "world_space": {
        "head": {
          "x": 0.5917632579803467,
          "y": -0.26132333278656006,
          "z": 1.5041155815124512
        },
        "tail": {
          "x": 0.5896937251091003,
          "y": -0.31037652492523193,
          "z": 1.5106796026229858
        },
        "rotation_quaternion": {
          "w": 0.06587988138198853,
          "x": 0.9972656965255737,
          "y": -0.022580642253160477,
          "z": -0.024721117690205574
        },
        "matrix": [
          [
            0.9977578520774841,
            -0.04178055748343468,
            -0.05228225886821747,
            0.5917632579803467
          ],
          [
            -0.048295024782419205,
            -0.9902997612953186,
            -0.13028347492218018,
            -0.26132333278656006
          ],
          [
            -0.046332187950611115,
            0.13251638412475586,
            -0.9901043772697449,
            1.5041155815124512
          ],
          [
            0.0,
            0.0,
            0.0,
            1.0
          ]
        ]
      },
      "bone_length_armature_space": 0.04953367642608226,
      "parent": "lowerarm_l",
      "has_children": true,
      "is_end_bone": false
    },
    "thumb_01_l": {
      "name": "thumb_01_l",
      "local": {
        "location": {
          "x": 0.0,
          "y": 0.0,
          "z": 0.0
        },
        "rotation_quaternion": {
          "w": 0.9956413507461548,
          "x": -0.09309183806180954,
          "y": 0.004870674107223749,
          "z": -0.002901362953707576
        },
        "scale": {
          "x": 1.0,
          "y": 1.0,
          "z": 1.0
        },
        "matrix_basis": [
          [
            0.9999357461929321,
            0.004870594013482332,
            0.010239075869321823,
            0.0
          ],
          [
            -0.006684273947030306,
            0.9826509952545166,
            0.1853439062833786,
            0.0
          ],
          [
            -0.009158702567219734,
            -0.18540042638778687,
            0.982620358467102,
            0.0
          ],
          [
            0.0,
            0.0,
            0.0,
            1.0
          ]
        ],
        "rotation_mode": "QUATERNION"
      },
      "armature_space": {
        "head": {
          "x": 0.5896937251091003,
          "y": -0.37362053990364075,
          "z": 0.5608255863189697
        },
        "tail": {
          "x": 0.5772354006767273,
          "y": -0.3977326452732086,
          "z": 0.5402822494506836
        }
      },
      "world_space": {
        "head": {
          "x": 0.5896937251091003,
          "y": -0.31037652492523193,
          "z": 1.5106796026229858
        },
        "tail": {
          "x": 0.5772354006767273,
          "y": -0.3344886302947998,
          "z": 1.4901362657546997
        },
        "rotation_quaternion": {
          "w": 0.11485988646745682,
          "x": -0.6947581171989441,
          "y": 0.3641687333583832,
          "z": -0.6095076203346252
        },
        "matrix": [
          [
            -0.008237159810960293,
            -0.36600571870803833,
            0.9305760860443115,
            0.5896937251091003
          ],
          [
            -0.6460344195365906,
            -0.7083754539489746,
            -0.28433024883270264,
            -0.31037652492523193
          ],
          [
            0.7632684707641602,
            -0.6035313010215759,
            -0.23061922192573547,
            1.5106796026229858
          ],
          [
            0.0,
            0.0,
            0.0,
            1.0
          ]
        ]
      },
      "bone_length_armature_space": 0.03403868584890161,
      "parent": "metacarpal_thumb_l",
      "has_children": true,
      "is_end_bone": false
    },
    "thumb_02_l": {
      "name": "thumb_02_l",
      "local": {
        "location": {
          "x": 0.0,
          "y": 0.0,
          "z": 0.0
        },
        "rotation_quaternion": {
          "w": 0.997855007648468,
          "x": 0.06542036682367325,
          "y": 0.0013716863468289375,
          "z": 0.001934698666445911
        },
        "scale": {
          "x": 1.0,
          "y": 1.0,
          "z": 1.0
        },
        "matrix_basis": [
          [
            0.9999887347221375,
            -0.0036816250067204237,
            0.0029906255658715963,
            0.0
          ],
          [
            0.004040569998323917,
            0.9914328455924988,
            -0.13055478036403656,
            0.0
          ],
          [
            -0.002484350698068738,
            0.13056538999080658,
            0.9914366006851196,
            0.0
          ],
          [
            0.0,
            0.0,
            0.0,
            1.0
          ]
        ],
        "rotation_mode": "QUATERNION"
      },
      "armature_space": {
        "head": {
          "x": 0.5772353410720825,
          "y": -0.39773258566856384,
          "z": 0.5402822494506836
        },
        "tail": {
          "x": 0.5959948897361755,
          "y": -0.43288031220436096,
          "z": 0.5453710556030273
        }
      },
      "world_space": {
        "head": {
          "x": 0.5772353410720825,
          "y": -0.33448857069015503,
          "z": 1.4901362657546997
        },
        "tail": {
          "x": 0.5959948897361755,
          "y": -0.36963629722595215,
          "z": 1.4952250719070435
        },
        "rotation_quaternion": {
          "w": 0.19214089214801788,
          "x": -0.4026307761669159,
          "y": -0.15979218482971191,
          "z": -0.8805890083312988
        },
        "matrix": [
          [
            -0.6019405126571655,
            0.4670693576335907,
            0.6476987600326538,
            0.5772353410720825
          ],
          [
            -0.20971983671188354,
            -0.8750962018966675,
            0.43614694476127625,
            -0.33448857069015503
          ],
          [
            0.7705148458480835,
            0.12669923901557922,
            0.6247144937515259,
            1.4901362657546997
          ],
          [
            0.0,
            0.0,
            0.0,
            1.0
          ]
        ]
      },
      "bone_length_armature_space": 0.04016440386915543,
      "parent": "thumb_01_l",
      "has_children": true,
      "is_end_bone": false
    },
    "thumb_03_l": {
      "name": "thumb_03_l",
      "local": {
        "location": {
          "x": 0.0,
          "y": 0.0,
          "z": 0.0
        },
        "rotation_quaternion": {
          "w": 0.9952627420425415,
          "x": 0.09722168743610382,
          "y": -6.836385000497103e-05,
          "z": 9.41702164709568e-05
        },
        "scale": {
          "x": 1.0,
          "y": 1.0,
          "z": 1.0
        },
        "matrix_basis": [
          [
            1.0,
            -0.00020074110943824053,
            -0.00011776921019190922,
            0.0
          ],
          [
            0.00017415531328879297,
            0.9810958504676819,
            -0.19352225959300995,
            0.0
          ],
          [
            0.00015439075650647283,
            0.19352222979068756,
            0.9810958504676819,
            0.0
          ],
          [
            0.0,
            0.0,
            0.0,
            1.0
          ]
        ],
        "rotation_mode": "QUATERNION"
      },
      "armature_space": {
        "head": {
          "x": 0.595994770526886,
          "y": -0.43288031220436096,
          "z": 0.5453710556030273
        },
        "tail": {
          "x": 0.6189192533493042,
          "y": -0.4503188729286194,
          "z": 0.5552329421043396
        }
      },
      "world_space": {
        "head": {
          "x": 0.595994770526886,
          "y": -0.36963629722595215,
          "z": 1.4952250719070435
        },
        "tail": {
          "x": 0.6189192533493042,
          "y": -0.38707488775253296,
          "z": 1.505086898803711
        },
        "rotation_quaternion": {
          "w": 0.3771288990974426,
          "x": -0.18494661152362823,
          "y": -0.2671664357185364,
          "z": -0.8672893643379211
        },
        "matrix": [
          [
            -0.6471368670463562,
            0.752983033657074,
            0.11929067969322205,
            0.595994770526886
          ],
          [
            -0.5553371906280518,
            -0.5727906823158264,
            0.6029189825057983,
            -0.36963629722595215
          ],
          [
            0.522319495677948,
            0.32392629981040955,
            0.7888398170471191,
            1.4952250719070435
          ],
          [
            0.0,
            0.0,
            0.0,
            1.0
          ]
        ]
      },
      "bone_length_armature_space": 0.0304449033856374,
      "parent": "thumb_02_l",
      "has_children": false,
      "is_end_bone": true
    },
    "metacarpal_index_l": {
      "name": "metacarpal_index_l",
      "local": {
        "location": {
          "x": 0.0,
          "y": 0.0,
          "z": 0.0
        },
        "rotation_quaternion": {
          "w": 0.9998326897621155,
          "x": -0.002557179192081094,
          "y": 0.017647569999098778,
          "z": -0.0040902080945670605
        },
        "scale": {
          "x": 1.0,
          "y": 1.0,
          "z": 1.0
        },
        "matrix_basis": [
          [
            0.9993436932563782,
            0.008088791742920876,
            0.03531015291810036,
            0.0
          ],
          [
            -0.008269303478300571,
            0.9999534487724304,
            0.004969138186424971,
            0.0
          ],
          [
            -0.03526831418275833,
            -0.005257867276668549,
            0.9993640184402466,
            0.0
          ],
          [
            0.0,
            0.0,
            0.0,
            1.0
          ]
        ],
        "rotation_mode": "QUATERNION"
      },
      "armature_space": {
        "head": {
          "x": 0.5917632579803467,
          "y": -0.32456734776496887,
          "z": 0.5542615652084351
        },
        "tail": {
          "x": 0.6222860813140869,
          "y": -0.4346070885658264,
          "z": 0.5805073380470276
        }
      },
      "world_space": {
        "head": {
          "x": 0.5917632579803467,
          "y": -0.26132333278656006,
          "z": 1.5041155815124512
        },
        "tail": {
          "x": 0.6222860813140869,
          "y": -0.37136310338974,
          "z": 1.5303614139556885
        },
        "rotation_quaternion": {
          "w": 0.14802329242229462,
          "x": 0.9398260116577148,
          "y": 0.09232044219970703,
          "z": -0.29375702142715454
        },
        "matrix": [
          [
            0.8103675246238708,
            0.2604963183403015,
            -0.5248295664787292,
            0.5917632579803467
          ],
          [
            0.08656460046768188,
            -0.9391320943832397,
            -0.3324722945690155,
            -0.26132333278656006
          ],
          [
            -0.5794960856437683,
            0.22399382293224335,
            -0.7835975885391235,
            1.5041155815124512
          ],
          [
            0.0,
            0.0,
            0.0,
            1.0
          ]
        ]
      },
      "bone_length_armature_space": 0.11717178592029595,
      "parent": "lowerarm_l",
      "has_children": true,
      "is_end_bone": false
    },
    "index_01_l": {
      "name": "index_01_l",
      "local": {
        "location": {
          "x": 0.0,
          "y": 0.0,
          "z": 0.0
        },
        "rotation_quaternion": {
          "w": 0.9927883148193359,
          "x": -0.11740037053823471,
          "y": -0.021164264529943466,
          "z": -0.011863328516483307
        },
        "scale": {
          "x": 1.0,
          "y": 1.0,
          "z": 1.0
        },
        "matrix_basis": [
          [
            0.9988226890563965,
            0.028524933382868767,
            -0.03923775255680084,
            0.0
          ],
          [
            -0.018586162477731705,
            0.972152829170227,
            0.23360958695411682,
            0.0
          ],
          [
            0.04480878636240959,
            -0.23260527849197388,
            0.9715384244918823,
            0.0
          ],
          [
            0.0,
            0.0,
            0.0,
            1.0
          ]
        ],
        "rotation_mode": "QUATERNION"
      },
      "armature_space": {
        "head": {
          "x": 0.6222860813140869,
          "y": -0.4346070885658264,
          "z": 0.5805073380470276
        },
        "tail": {
          "x": 0.6421492695808411,
          "y": -0.45350921154022217,
          "z": 0.5883325338363647
        }
      },
      "world_space": {
        "head": {
          "x": 0.6222860813140869,
          "y": -0.37136310338974,
          "z": 1.5303614139556885
        },
        "tail": {
          "x": 0.6421492695808411,
          "y": -0.39026522636413574,
          "z": 1.5381865501403809
        },
        "rotation_quaternion": {
          "w": 0.260061115026474,
          "x": 0.8681747317314148,
          "y": 0.3176768124103546,
          "z": -0.27878743410110474
        },
        "matrix": [
          [
            0.6427178382873535,
            0.6966021060943604,
            -0.31884050369262695,
            0.6222860813140869
          ],
          [
            0.40659505128860474,
            -0.662898600101471,
            -0.6286861300468445,
            -0.37136310338974
          ],
          [
            -0.6493071913719177,
            0.27443012595176697,
            -0.7092970609664917,
            1.5303614139556885
          ],
          [
            0.0,
            0.0,
            0.0,
            1.0
          ]
        ]
      },
      "bone_length_armature_space": 0.028514385921113564,
      "parent": "metacarpal_index_l",
      "has_children": true,
      "is_end_bone": false
    },
    "index_02_l": {
      "name": "index_02_l",
      "local": {
        "location": {
          "x": 0.0,
          "y": 0.0,
          "z": 0.0
        },
        "rotation_quaternion": {
          "w": 0.9997731447219849,
          "x": 0.019508276134729385,
          "y": -0.00381924444809556,
          "z": 0.007645921781659126
        },
        "scale": {
          "x": 1.0,
          "y": 1.0,
          "z": 1.0
        },
        "matrix_basis": [
          [
            0.9998539090156555,
            -0.015437387861311436,
            -0.0073384386487305164,
            0.0
          ],
          [
            0.015139360912144184,
            0.999121904373169,
            -0.03906610608100891,
            0.0
          ],
          [
            0.007935073226690292,
            0.03894929960370064,
            0.9992097020149231,
            0.0
          ],
          [
            0.0,
            0.0,
            0.0,
            1.0
          ]
        ],
        "rotation_mode": "QUATERNION"
      },
      "armature_space": {
        "head": {
          "x": 0.6421492695808411,
          "y": -0.45350977778434753,
          "z": 0.5883325338363647
        },
        "tail": {
          "x": 0.6602075695991516,
          "y": -0.4704297184944153,
          "z": 0.5950930118560791
        }
      },
      "world_space": {
        "head": {
          "x": 0.6421492695808411,
          "y": -0.3902657628059387,
          "z": 1.5381865501403809
        },
        "tail": {
          "x": 0.6602075695991516,
          "y": -0.40718573331832886,
          "z": 1.5449470281600952
        },
        "rotation_quaternion": {
          "w": 0.2684684693813324,
          "x": 0.8556005358695984,
          "y": 0.31327804923057556,
          "z": -0.3126170039176941
        },
        "matrix": [
          [
            0.6082547903060913,
            0.7039379477500916,
            -0.366738885641098,
            0.6421492695808411
          ],
          [
            0.3682267665863037,
            -0.659562349319458,
            -0.6552762389183044,
            -0.3902657628059387
          ],
          [
            -0.703165590763092,
            0.2635330259799957,
            -0.6603958606719971,
            1.5381865501403809
          ],
          [
            0.0,
            0.0,
            0.0,
            1.0
          ]
        ]
      },
      "bone_length_armature_space": 0.025653277607271457,
      "parent": "index_01_l",
      "has_children": true,
      "is_end_bone": false
    },
    "index_03_l": {
      "name": "index_03_l",
      "local": {
        "location": {
          "x": 0.0,
          "y": 0.0,
          "z": 0.0
        },
        "rotation_quaternion": {
          "w": 0.9998335242271423,
          "x": 0.017296545207500458,
          "y": 0.0014897719956934452,
          "z": -0.005636902060359716
        },
        "scale": {
          "x": 1.0,
          "y": 1.0,
          "z": 1.0
        },
        "matrix_basis": [
          [
            0.9999319911003113,
            0.011323463171720505,
            0.0027840500697493553,
            0.0
          ],
          [
            -0.01122039183974266,
            0.9993380904197693,
            -0.03460412845015526,
            0.0
          ],
          [
            -0.0031740458216518164,
            0.03457053750753403,
            0.9993972182273865,
            0.0
          ],
          [
            0.0,
            0.0,
            0.0,
            1.0
          ]
        ],
        "rotation_mode": "QUATERNION"
      },
      "armature_space": {
        "head": {
          "x": 0.6602076292037964,
          "y": -0.4704296290874481,
          "z": 0.5950931310653687
        },
        "tail": {
          "x": 0.6810614466667175,
          "y": -0.4906570315361023,
          "z": 0.598207950592041
        }
      },
      "world_space": {
        "head": {
          "x": 0.6602076292037964,
          "y": -0.4071856141090393,
          "z": 1.5449471473693848
        },
        "tail": {
          "x": 0.6810614466667175,
          "y": -0.42741304636001587,
          "z": 1.5480619668960571
        },
        "rotation_quaternion": {
          "w": 0.1865638792514801,
          "x": 0.8649054765701294,
          "y": 0.345043808221817,
          "z": -0.313172847032547
        },
        "matrix": [
          [
            0.5657347440719604,
            0.7137148976325989,
            -0.4129832983016968,
            0.6602076292037964
          ],
          [
            0.4800074100494385,
            -0.6922764778137207,
            -0.5388380885124207,
            -0.4071856141090393
          ],
          [
            -0.6704797148704529,
            0.10660445690155029,
            -0.7342387437820435,
            1.5449471473693848
          ],
          [
            0.0,
            0.0,
            0.0,
            1.0
          ]
        ]
      },
      "bone_length_armature_space": 0.02921868642150196,
      "parent": "index_02_l",
      "has_children": false,
      "is_end_bone": true
    },
    "metacarpal_pinky_l": {
      "name": "metacarpal_pinky_l",
      "local": {
        "location": {
          "x": 0.0,
          "y": 0.0,
          "z": 0.0
        },
        "rotation_quaternion": {
          "w": 0.9990911483764648,
          "x": -0.04230382293462753,
          "y": -0.0032161823473870754,
          "z": 0.004111766815185547
        },
        "scale": {
          "x": 1.0,
          "y": 1.0,
          "z": 1.0
        },
        "matrix_basis": [
          [
            0.9999455213546753,
            -0.007943945936858654,
            -0.006774405483156443,
            0.0
          ],
          [
            0.008488173596560955,
            0.9963869452476501,
            0.08450429886579514,
            0.0
          ],
          [
            0.006078631617128849,
            -0.0845571979880333,
            0.9964000582695007,
            0.0
          ],
          [
            0.0,
            0.0,
            0.0,
            1.0
          ]
        ],
        "rotation_mode": "QUATERNION"
      },
      "armature_space": {
        "head": {
          "x": 0.5917632579803467,
          "y": -0.32456734776496887,
          "z": 0.5542615652084351
        },
        "tail": {
          "x": 0.673403263092041,
          "y": -0.38819608092308044,
          "z": 0.5656419992446899
        }
      },
      "world_space": {
        "head": {
          "x": 0.5917632579803467,
          "y": -0.26132333278656006,
          "z": 1.5041155815124512
        },
        "tail": {
          "x": 0.673403263092041,
          "y": -0.32495206594467163,
          "z": 1.515496015548706
        },
        "rotation_quaternion": {
          "w": 0.4395821988582611,
          "x": 0.05241130292415619,
          "y": -0.03527524322271347,
          "z": -0.895977795124054
        },
        "matrix": [
          [
            -0.6080410480499268,
            0.7840141654014587,
            -0.12493135780096054,
            0.5917632579803467
          ],
          [
            -0.7914096117019653,
            -0.6110463738441467,
            0.01713351160287857,
            -0.26132333278656006
          ],
          [
            -0.06290696561336517,
            0.10928995907306671,
            0.9920244216918945,
            1.5041155815124512
          ],
          [
            0.0,
            0.0,
            0.0,
            1.0
          ]
        ]
      },
      "bone_length_armature_space": 0.10413078570077099,
      "parent": "lowerarm_l",
      "has_children": true,
      "is_end_bone": false
    },
    "pinky_01_l": {
      "name": "pinky_01_l",
      "local": {
        "location": {
          "x": 0.0,
          "y": 0.0,
          "z": 0.0
        },
        "rotation_quaternion": {
          "w": 0.9898900389671326,
          "x": -0.1400882601737976,
          "y": 0.020773278549313545,
          "z": -0.007837982848286629
        },
        "scale": {
          "x": 1.0,
          "y": 1.0,
          "z": 1.0
        },
        "matrix_basis": [
          [
            0.9990140795707703,
            0.00969729758799076,
            0.04332254081964493,
            0.0
          ],
          [
            -0.021337667480111122,
            0.9606276750564575,
            0.27701830863952637,
            0.0
          ],
          [
            -0.0389305055141449,
            -0.2776695787906647,
            0.9598875045776367,
            0.0
          ],
          [
            0.0,
            0.0,
            0.0,
            1.0
          ]
        ],
        "rotation_mode": "QUATERNION"
      },
      "armature_space": {
        "head": {
          "x": 0.673403263092041,
          "y": -0.38819608092308044,
          "z": 0.5656419992446899
        },
        "tail": {
          "x": 0.6888689398765564,
