{
  "metadata": {
    "armature_name": "KIM_caucasian_male",
    "export_time": "2026-01-13T21:05:31.536978",
    "blender_version": "4.4.1",
    "bone_count": 56,
    "end_bone_count": 13,
    "spaces_included": [
      "LOCAL_CHANNELS",
      "ARMATURE_SPACE",
      "WORLD_SPACE"
    ],
    "note": "LOCAL matches Transform panel; replay pose via local.matrix_basis for best fidelity."
  },
  "bones": {
    "Root": {
      "name": "Root",
      "local": {
        "location": {
          "x": 0.0,
          "y": 0.0,
          "z": 0.0
        },
        "rotation_quaternion": {
          "w": 0.999718189239502,
          "x": -0.008816415444016457,
          "y": 0.016140270978212357,
          "z": -0.015015789307653904
        },
        "scale": {
          "x": 1.0,
          "y": 1.0,
          "z": 1.0
        },
        "matrix_basis": [
          [
            0.9990280270576477,
            0.029738517478108406,
            0.03253621608018875,
            0.0
          ],
          [
            -0.030307713896036148,
            0.9993935823440552,
            0.017143143340945244,
            0.0
          ],
          [
            -0.03200667351484299,
            -0.018112579360604286,
            0.9993235468864441,
            0.0
          ],
          [
            0.0,
            0.0,
            0.0,
            1.0
          ]
        ],
        "rotation_mode": "QUATERNION"
      },
      "armature_space": {
        "head": {
          "x": 0.0,
          "y": 0.07072800397872925,
          "z": -0.009595036506652832
        },
        "tail": {
          "x": 0.002122612437233329,
          "y": 0.0002166852355003357,
          "z": 0.0012752562761306763
        }
      },
      "world_space": {
        "head": {
          "x": 0.0,
          "y": 0.13397200405597687,
          "z": 0.9402589797973633
        },
        "tail": {
          "x": 0.002122612437233329,
          "y": 0.06346068531274796,
          "z": 0.9511292576789856
        },
        "rotation_quaternion": {
          "w": 0.07614506036043167,
          "x": 0.9968531131744385,
          "y": 0.016069015488028526,
          "z": 0.015092024579644203
        },
        "matrix": [
          [
            0.9990280270576477,
            0.029738517478108406,
            0.03253621608018875,
            0.0
          ],
          [
            0.034335263073444366,
            -0.9878873825073242,
            -0.1513262838125229,
            0.13397200405597687
          ],
          [
            0.02764212340116501,
            0.15229646861553192,
            -0.9879553318023682,
            0.9402589797973633
          ],
          [
            0.0,
            0.0,
            0.0,
            1.0
          ]
        ]
      },
      "bone_length_armature_space": 0.071375869585552,
      "parent": null,
      "has_children": true,
      "is_end_bone": false
    },
    "spine_01": {
      "name": "spine_01",
      "local": {
        "location": {
          "x": 0.0,
          "y": 0.0,
          "z": 0.0
        },
        "rotation_quaternion": {
          "w": 0.9932037591934204,
          "x": 0.08889511972665787,
          "y": -0.05706075578927994,
          "z": 0.04886986315250397
        },
        "scale": {
          "x": 1.0,
          "y": 1.0,
          "z": 1.0
        },
        "matrix_basis": [
          [
            0.9887115955352783,
            -0.10722030699253082,
            -0.10465732961893082,
            0.0
          ],
          [
            0.08693061769008636,
            0.9794188141822815,
            -0.18215903639793396,
            0.0
          ],
          [
            0.12203449755907059,
            0.17100483179092407,
            0.9776834845542908,
            0.0
          ],
          [
            0.0,
            0.0,
            0.0,
            1.0
          ]
        ],
        "rotation_mode": "QUATERNION"
      },
      "armature_space": {
        "head": {
          "x": 0.002122612437233329,
          "y": 0.0002166852355003357,
          "z": 0.0012752562761306763
        },
        "tail": {
          "x": -0.06167951971292496,
          "y": -0.05429990589618683,
          "z": 0.4820097088813782
        }
      },
      "world_space": {
        "head": {
          "x": 0.002122612437233329,
          "y": 0.06346068531274796,
          "z": 0.9511292576789856
        },
        "tail": {
          "x": -0.06167951971292496,
          "y": 0.008944094181060791,
          "z": 1.431863784790039
        },
        "rotation_quaternion": {
          "w": 0.6626012921333313,
          "x": 0.7453335523605347,
          "y": -0.07143022119998932,
          "z": 0.01830887608230114
        },
        "matrix": [
          [
            0.9891249537467957,
            -0.13074174523353577,
            -0.06736791133880615,
            0.002122612437233329
          ],
          [
            -0.08221650123596191,
            -0.11171404272317886,
            -0.9903335571289062,
            0.06346068531274796
          ],
          [
            0.12195277959108353,
            0.9851091504096985,
            -0.12125002592802048,
            0.9511292576789856
          ],
          [
            0.0,
            0.0,
            0.0,
            1.0
          ]
        ]
      },
      "bone_length_armature_space": 0.4880045042171631,
      "parent": "Root",
      "has_children": true,
      "is_end_bone": false
    },
    "neck_01": {
      "name": "neck_01",
      "local": {
        "location": {
          "x": 0.0,
          "y": 0.0,
          "z": 0.0
        },
        "rotation_quaternion": {
          "w": 0.9934191703796387,
          "x": 0.04381395876407623,
          "y": -0.10563953965902328,
          "z": -0.006241040304303169
        },
        "scale": {
          "x": 1.0,
          "y": 1.0,
          "z": 1.0
        },
        "matrix_basis": [
          [
            0.9776026606559753,
            0.0031429652590304613,
            -0.21043558418750763,
            0.0
          ],
          [
            -0.021656911820173264,
            0.9960827827453613,
            -0.08573265373706818,
            0.0
          ],
          [
            0.20934179425239563,
            0.08836985379457474,
            0.9738412499427795,
            0.0
          ],
          [
            0.0,
            0.0,
            0.0,
            1.0
          ]
        ],
        "rotation_mode": "QUATERNION"
      },
      "armature_space": {
        "head": {
          "x": -0.07358857989311218,
          "y": -0.09682464599609375,
          "z": 0.5499328970909119
        },
        "tail": {
          "x": -0.08836397528648376,
          "y": -0.15373864769935608,
          "z": 0.6339162588119507
        }
      },
      "world_space": {
        "head": {
          "x": -0.07358857989311218,
          "y": -0.03358064591884613,
          "z": 1.4997868537902832
        },
        "tail": {
          "x": -0.08836397528648376,
          "y": -0.09049464762210846,
          "z": 1.5837702751159668
        },
        "rotation_quaternion": {
          "w": 0.45782867074012756,
          "x": 0.8797439336776733,
          "y": -0.11323118209838867,
          "z": -0.0601850263774395
        },
        "matrix": [
          [
            0.9671128392219543,
            -0.1441202014684677,
            -0.20957615971565247,
            -0.07358857989311218
          ],
          [
            -0.25433817505836487,
            -0.5551429390907288,
            -0.7919146418571472,
            -0.03358064591884613
          ],
          [
            -0.00221407413482666,
            0.8191790580749512,
            -0.5735458135604858,
            1.4997868537902832
          ],
          [
            0.0,
            0.0,
            0.0,
            1.0
          ]
        ]
      },
      "bone_length_armature_space": 0.10252180777422411,
      "parent": "spine_01",
      "has_children": true,
      "is_end_bone": false
    },
    "head": {
      "name": "head",
      "local": {
        "location": {
          "x": 0.0,
          "y": 0.0,
          "z": 0.0
        },
        "rotation_quaternion": {
          "w": 0.9820894002914429,
          "x": -0.15374353528022766,
          "y": 0.02415233850479126,
          "z": -0.10620752722024918
        },
        "scale": {
          "x": 1.0,
          "y": 1.0,
          "z": 1.0
        },
        "matrix_basis": [
          [
            0.976273238658905,
            0.20118403434753418,
            0.08009695261716843,
            0.0
          ],
          [
            -0.2160371094942093,
            0.9301657676696777,
            0.29684945940971375,
            0.0
          ],
          [
            -0.014782070182263851,
            -0.30711010098457336,
            0.9515591859817505,
            0.0
          ],
          [
            0.0,
            0.0,
            0.0,
            1.0
          ]
        ],
        "rotation_mode": "QUATERNION"
      },
      "armature_space": {
        "head": {
          "x": -0.08836399763822556,
          "y": -0.15373873710632324,
          "z": 0.6339161396026611
        },
        "tail": {
          "x": -0.05482901260256767,
          "y": -0.15042489767074585,
          "z": 0.7853021621704102
        }
      },
      "world_space": {
        "head": {
          "x": -0.08836399763822556,
          "y": -0.09049473702907562,
          "z": 1.5837701559066772
        },
        "tail": {
          "x": -0.05482901260256767,
          "y": -0.08718089759349823,
          "z": 1.7351561784744263
        },
        "rotation_quaternion": {
          "w": 0.7145436406135559,
          "x": 0.6851089000701904,
          "y": 0.010521047748625278,
          "z": -0.14121797680854797
        },
        "matrix": [
          [
            0.9598934054374695,
            0.2162288874387741,
            -0.17846527695655823,
            -0.08836399763822556
          ],
          [
            -0.1873982548713684,
            0.021367132663726807,
            -0.9820518493652344,
            -0.09049473702907562
          ],
          [
            -0.208536297082901,
            0.9761158227920532,
            0.061030566692352295,
            1.5837701559066772
          ],
          [
            0.0,
            0.0,
            0.0,
            1.0
          ]
        ]
      },
      "bone_length_armature_space": 0.15509127543432508,
      "parent": "neck_01",
      "has_children": false,
      "is_end_bone": true
    },
    "upperarm_l": {
      "name": "upperarm_l",
      "local": {
        "location": {
          "x": 0.0,
          "y": 0.0,
          "z": 0.0
        },
        "rotation_quaternion": {
          "w": 0.9873455762863159,
          "x": 0.0497945137321949,
          "y": -0.13984645903110504,
          "z": 0.055787816643714905
        },
        "scale": {
          "x": 1.0,
          "y": 1.0,
          "z": 1.0
        },
        "matrix_basis": [
          [
            0.9546613693237305,
            -0.12409088015556335,
            -0.2705976963043213,
            0.0
          ],
          [
            0.09623653441667557,
            0.9888164401054382,
            -0.11393224447965622,
            0.0
          ],
          [
            0.2817094326019287,
            0.08272533118724823,
            0.9559269547462463,
            0.0
          ],
          [
            0.0,
            0.0,
            0.0,
            1.0
          ]
        ],
        "rotation_mode": "QUATERNION"
      },
      "armature_space": {
        "head": {
          "x": 0.08335218578577042,
          "y": -0.10480736196041107,
          "z": 0.5016322135925293
        },
        "tail": {
          "x": 0.34241777658462524,
          "y": -0.14215096831321716,
          "z": 0.5590616464614868
        }
      },
      "world_space": {
        "head": {
          "x": 0.08335218578577042,
          "y": -0.04156336188316345,
          "z": 1.4514862298965454
        },
        "tail": {
          "x": 0.34241777658462524,
          "y": -0.07890696823596954,
          "z": 1.508915662765503
        },
        "rotation_quaternion": {
          "w": 0.5416314601898193,
          "x": 0.5505865216255188,
          "y": 0.3700760006904602,
          "z": -0.5162690877914429
        },
        "matrix": [
          [
            0.19301961362361908,
            0.9667729735374451,
            -0.16761161386966705,
            0.08335218578577042
          ],
          [
            -0.151739239692688,
            -0.13935768604278564,
            -0.9785473346710205,
            -0.04156336188316345
          ],
          [
            -0.9693978428840637,
            0.21431338787078857,
            0.11979848146438599,
            1.4514862298965454
          ],
          [
            0.0,
            0.0,
            0.0,
            1.0
          ]
        ]
      },
      "bone_length_armature_space": 0.2679695339128856,
      "parent": "spine_01",
      "has_children": true,
      "is_end_bone": false
    },
    "lowerarm_l": {
      "name": "lowerarm_l",
      "local": {
        "location": {
          "x": 0.0,
          "y": 0.0,
          "z": 0.0
        },
        "rotation_quaternion": {
          "w": 0.8557449579238892,
          "x": 0.3682493269443512,
          "y": -0.3173329532146454,
          "z": 0.1771802306175232
        },
        "scale": {
          "x": 1.0,
          "y": 1.0,
          "z": 1.0
        },
        "matrix_basis": [
          [
            0.7358139157295227,
            -0.5369574427604675,
            -0.41261914372444153,
            0.0
          ],
          [
            0.06952688843011856,
            0.665999174118042,
            -0.7427052855491638,
            0.0
          ],
          [
            0.6736051440238953,
            0.517804741859436,
            0.5273844599723816,
            0.0
          ],
          [
            0.0,
            0.0,
            0.0,
            1.0
          ]
        ],
        "rotation_mode": "QUATERNION"
      },
      "armature_space": {
        "head": {
          "x": 0.34241783618927,
          "y": -0.14215101301670074,
          "z": 0.5590617656707764
        },
        "tail": {
          "x": 0.43262434005737305,
          "y": -0.27007782459259033,
          "z": 0.776012122631073
        }
      },
      "world_space": {
        "head": {
          "x": 0.34241783618927,
          "y": -0.07890701293945312,
          "z": 1.5089157819747925
        },
        "tail": {
          "x": 0.43262434005737305,
          "y": -0.2068338245153427,
          "z": 1.7258660793304443
        },
        "rotation_quaternion": {
          "w": 0.4526124596595764,
          "x": 0.5504282116889954,
          "y": -0.23674337565898895,
          "z": -0.6603963971138
        },
        "matrix": [
          [
            0.01565873622894287,
            0.33718976378440857,
            -0.941306471824646,
            0.34241783618927
          ],
          [
            -0.8584285378456116,
            -0.4781873822212219,
            -0.18557381629943848,
            -0.07890701293945312
          ],
          [
            -0.512698769569397,
            0.8109551668167114,
            0.2819673418998718,
            1.5089157819747925
          ],
          [
            0.0,
            0.0,
            0.0,
            1.0
          ]
        ]
      },
      "bone_length_armature_space": 0.26752558422071177,
      "parent": "upperarm_l",
      "has_children": true,
      "is_end_bone": false
    },
    "metacarpal_thumb_l": {
      "name": "metacarpal_thumb_l",
      "local": {
        "location": {
          "x": 0.0,
          "y": 0.0,
          "z": 0.0
        },
        "rotation_quaternion": {
          "w": 0.9984208345413208,
          "x": -0.05299951136112213,
          "y": 0.0165364108979702,
          "z": -0.008569878526031971
        },
        "scale": {
          "x": 1.0,
          "y": 1.0,
          "z": 1.0
        },
        "matrix_basis": [
          [
            0.9993062019348145,
            0.015359846875071526,
            0.033928994089365005,
            0.0
          ],
          [
            -0.01886553317308426,
            0.9942352175712585,
            0.1055482029914856,
            0.0
          ],
          [
            -0.03211219608783722,
            -0.10611506551504135,
            0.9938352108001709,
            0.0
          ],
          [
            0.0,
            0.0,
            0.0,
            1.0
          ]
        ],
        "rotation_mode": "QUATERNION"
      },
      "armature_space": {
        "head": {
          "x": 0.43262434005737305,
          "y": -0.27007782459259033,
          "z": 0.776012122631073
        },
        "tail": {
          "x": 0.419317364692688,
          "y": -0.2979655861854553,
          "z": 0.8147264719009399
        }
      },
      "world_space": {
        "head": {
          "x": 0.43262434005737305,
          "y": -0.2068338245153427,
          "z": 1.7258660793304443
        },
        "tail": {
          "x": 0.419317364692688,
          "y": -0.2347215861082077,
          "z": 1.764580488204956
        },
        "rotation_quaternion": {
          "w": 0.4518127739429474,
          "x": 0.8817492127418518,
          "y": -0.11984183639287949,
          "z": 0.06341587752103806
        },
        "matrix": [
          [
            0.9632326364517212,
            -0.2686452865600586,
            0.003540737321600318,
            0.43262434005737305
          ],
          [
            -0.1540374904870987,
            -0.5630059242248535,
            -0.8119710087776184,
            -0.2068338245153427
          ],
          [
            0.2201269119977951,
            0.7815762162208557,
            -0.5836920738220215,
            1.7258660793304443
          ],
          [
            0.0,
            0.0,
            0.0,
            1.0
          ]
        ]
      },
      "bone_length_armature_space": 0.04953386353032223,
      "parent": "lowerarm_l",
      "has_children": true,
      "is_end_bone": false
    },
    "thumb_01_l": {
      "name": "thumb_01_l",
      "local": {
        "location": {
          "x": 0.0,
          "y": 0.0,
          "z": 0.0
        },
        "rotation_quaternion": {
          "w": 0.9969599843025208,
          "x": -0.07734927535057068,
          "y": 0.007279900833964348,
          "z": -0.005906120408326387
        },
        "scale": {
          "x": 1.0,
          "y": 1.0,
          "z": 1.0
        },
        "matrix_basis": [
          [
            0.9998242259025574,
            0.010650141164660454,
            0.015429208055138588,
            0.0
          ],
          [
            -0.012902521528303623,
            0.987964391708374,
            0.15414227545261383,
            0.0
          ],
          [
            -0.013601871207356453,
            -0.15431424975395203,
            0.9879282116889954,
            0.0
          ],
          [
            0.0,
            0.0,
            0.0,
            1.0
          ]
        ],
        "rotation_mode": "QUATERNION"
      },
      "armature_space": {
        "head": {
          "x": 0.419317364692688,
          "y": -0.2979655861854553,
          "z": 0.8147264719009399
        },
        "tail": {
          "x": 0.4045395851135254,
          "y": -0.3286115527153015,
          "z": 0.8157593011856079
        }
      },
      "world_space": {
        "head": {
          "x": 0.419317364692688,
          "y": -0.2347215861082077,
          "z": 1.764580488204956
        },
        "tail": {
          "x": 0.4045395851135254,
          "y": -0.2653675675392151,
          "z": 1.765613317489624
        },
        "rotation_quaternion": {
          "w": 0.1853916049003601,
          "x": 0.5981248021125793,
          "y": -0.12435715645551682,
          "z": 0.7696830630302429
        },
        "matrix": [
          [
            -0.2157532423734665,
            -0.4341478645801544,
            0.8746234774589539,
            0.419317364692688
          ],
          [
            0.13662414252758026,
            -0.9003306031227112,
            -0.4132058620452881,
            -0.2347215861082077
          ],
          [
            0.966849148273468,
            0.030343320220708847,
            0.25356557965278625,
            1.764580488204956
          ],
          [
            0.0,
            0.0,
            0.0,
            1.0
          ]
        ]
      },
      "bone_length_armature_space": 0.034038577594909074,
      "parent": "metacarpal_thumb_l",
      "has_children": true,
      "is_end_bone": false
    },
    "thumb_02_l": {
      "name": "thumb_02_l",
      "local": {
        "location": {
          "x": 0.0,
          "y": 0.0,
          "z": 0.0
        },
        "rotation_quaternion": {
          "w": 0.994171142578125,
          "x": 0.10744769871234894,
          "y": -0.002580279717221856,
          "z": -0.008496479131281376
        },
        "scale": {
          "x": 1.0,
          "y": 1.0,
          "z": 1.0
        },
        "matrix_basis": [
          [
            0.9998422861099243,
            0.016339419409632683,
            -0.006956333760172129,
            0.0
          ],
          [
            -0.01744839921593666,
            0.9767656326293945,
            -0.21359895169734955,
            0.0
          ],
          [
            0.003304624930024147,
            0.21368664503097534,
            0.9768966436386108,
            0.0
          ],
          [
            0.0,
            0.0,
            0.0,
            1.0
          ]
        ],
        "rotation_mode": "QUATERNION"
      },
      "armature_space": {
        "head": {
          "x": 0.4045395851135254,
          "y": -0.3286115229129791,
          "z": 0.8157593011856079
        },
        "tail": {
          "x": 0.4169321656227112,
          "y": -0.34644317626953125,
          "z": 0.8495476245880127
        }
      },
      "world_space": {
        "head": {
          "x": 0.4045395851135254,
          "y": -0.2653675079345703,
          "z": 1.765613317489624
        },
        "tail": {
          "x": 0.4169321656227112,
          "y": -0.2831991910934448,
          "z": 1.7994016408920288
        },
        "rotation_quaternion": {
          "w": 0.05728372931480408,
          "x": 0.37752220034599304,
          "y": 0.5241523385047913,
          "z": 0.7612227201461792
        },
        "matrix": [
          [
            -0.7083924412727356,
            0.3085459768772125,
            0.634806752204895,
            0.4045395851135254
          ],
          [
            0.4829685091972351,
            -0.44396668672561646,
            0.754741907119751,
            -0.2653675079345703
          ],
          [
            0.51470947265625,
            0.8412501811981201,
            0.16548655927181244,
            1.765613317489624
          ],
          [
            0.0,
            0.0,
            0.0,
            1.0
          ]
        ]
      },
      "bone_length_armature_space": 0.04016459589233744,
      "parent": "thumb_01_l",
      "has_children": true,
      "is_end_bone": false
    },
    "thumb_03_l": {
      "name": "thumb_03_l",
      "local": {
        "location": {
          "x": 0.0,
          "y": 0.0,
          "z": 0.0
        },
        "rotation_quaternion": {
          "w": 0.9988362193107605,
          "x": 0.04788688197731972,
          "y": 0.004859711974859238,
          "z": -0.003098529065027833
        },
        "scale": {
          "x": 1.0,
          "y": 1.0,
          "z": 1.0
        },
        "matrix_basis": [
          [
            0.9999335408210754,
            0.006655279081314802,
            0.009411354549229145,
            0.0
          ],
          [
            -0.0057244133204221725,
            0.9953944683074951,
            -0.09569241851568222,
            0.0
          ],
          [
            -0.010004870593547821,
            0.09563218802213669,
            0.9953664541244507,
            0.0
          ],
          [
            0.0,
            0.0,
            0.0,
            1.0
          ]
        ],
        "rotation_mode": "QUATERNION"
      },
      "armature_space": {
        "head": {
          "x": 0.416932076215744,
          "y": -0.34644320607185364,
          "z": 0.8495476245880127
        },
        "tail": {
          "x": 0.4350128471851349,
          "y": -0.3525908887386322,
          "z": 0.8732581734657288
        }
      },
      "world_space": {
        "head": {
          "x": 0.416932076215744,
          "y": -0.2831991910934448,
          "z": 1.7994016408920288
        },
        "tail": {
          "x": 0.4350128471851349,
          "y": -0.2893468737602234,
          "z": 1.8231122493743896
        },
        "rotation_quaternion": {
          "w": 0.18155694007873535,
          "x": -0.27306848764419556,
          "y": -0.6050399541854858,
          "z": -0.7255324125289917
        },
        "matrix": [
          [
            -0.7849416136741638,
            0.5938857197761536,
            0.17653994262218475,
            0.416932076215744
          ],
          [
            0.06698126345872879,
            -0.20192795991897583,
            0.9771075248718262,
            -0.2831991910934448
          ],
          [
            0.6159425973892212,
            0.7788021564483643,
            0.1187242642045021,
            1.7994016408920288
          ],
          [
            0.0,
            0.0,
            0.0,
            1.0
          ]
        ]
      },
      "bone_length_armature_space": 0.030445006389164364,
      "parent": "thumb_02_l",
      "has_children": false,
      "is_end_bone": true
    },
    "metacarpal_index_l": {
      "name": "metacarpal_index_l",
      "local": {
        "location": {
          "x": 0.0,
          "y": 0.0,
          "z": 0.0
        },
        "rotation_quaternion": {
          "w": 0.9985226392745972,
          "x": -0.05205591395497322,
          "y": -0.014121664687991142,
          "z": 0.0065882448107004166
        },
        "scale": {
          "x": 1.0,
          "y": 1.0,
          "z": 1.0
        },
        "matrix_basis": [
          [
            0.9995143413543701,
            -0.011686790734529495,
            -0.028887517750263214,
            0.0
          ],
          [
            0.014627255499362946,
            0.9944935441017151,
            0.10377193987369537,
            0.0
          ],
          [
            0.02751568891108036,
            -0.10414408892393112,
            0.9941815137863159,
            0.0
          ],
          [
            0.0,
            0.0,
            0.0,
            1.0
          ]
        ],
        "rotation_mode": "QUATERNION"
      },
      "armature_space": {
        "head": {
          "x": 0.43262434005737305,
          "y": -0.27007782459259033,
          "z": 0.776012122631073
        },
        "tail": {
          "x": 0.4424816966056824,
          "y": -0.32563576102256775,
          "z": 0.8787034153938293
        }
      },
      "world_space": {
        "head": {
          "x": 0.43262434005737305,
          "y": -0.2068338245153427,
          "z": 1.7258660793304443
        },
        "tail": {
          "x": 0.4424816966056824,
          "y": -0.26239174604415894,
          "z": 1.8285574913024902
        },
        "rotation_quaternion": {
          "w": 0.4973107576370239,
          "x": 0.8088741302490234,
          "y": -0.12491239607334137,
          "z": -0.28775277733802795
        },
        "matrix": [
          [
            0.8031911253929138,
            0.0841275304555893,
            -0.5897513031959534,
            0.43262434005737305
          ],
          [
            -0.48828139901161194,
            -0.4741581678390503,
            -0.7326360940933228,
            -0.2068338245153427
          ],
          [
            -0.34127312898635864,
            0.876416802406311,
            -0.33976465463638306,
            1.7258660793304443
          ],
          [
            0.0,
            0.0,
            0.0,
            1.0
          ]
        ]
      },
      "bone_length_armature_space": 0.11717232283643901,
      "parent": "lowerarm_l",
      "has_children": true,
      "is_end_bone": false
    },
    "index_01_l": {
      "name": "index_01_l",
      "local": {
        "location": {
          "x": 0.0,
          "y": 0.0,
          "z": 0.0
        },
        "rotation_quaternion": {
          "w": 0.9912315607070923,
          "x": -0.131632000207901,
          "y": -0.010768606327474117,
          "z": 0.0041207545436918736
        },
        "scale": {
          "x": 1.0,
          "y": 1.0,
          "z": 1.0
        },
        "matrix_basis": [
          [
            0.999734103679657,
            -0.005334257613867521,
            -0.022433212026953697,
            0.0
          ],
          [
            0.011004230007529259,
            0.9653120636940002,
            0.26086685061454773,
            0.0
          ],
          [
            0.020263519138097763,
            -0.26104432344436646,
            0.9651141166687012,
            0.0
          ],
          [
            0.0,
            0.0,
            0.0,
            1.0
          ]
        ],
        "rotation_mode": "QUATERNION"
      },
      "armature_space": {
        "head": {
          "x": 0.4424816966056824,
          "y": -0.32563576102256775,
          "z": 0.8787034153938293
        },
        "tail": {
          "x": 0.4582280218601227,
          "y": -0.3336259424686432,
          "z": 0.9010928273200989
        }
      },
      "world_space": {
        "head": {
          "x": 0.4424816966056824,
          "y": -0.26239174604415894,
          "z": 1.8285574913024902
        },
        "tail": {
          "x": 0.4582280218601227,
          "y": -0.2703819274902344,
          "z": 1.8509469032287598
        },
        "rotation_quaternion": {
          "w": 0.5937110185623169,
          "x": 0.71365886926651,
          "y": 0.08602198213338852,
          "z": -0.3616606593132019
        },
        "matrix": [
          [
            0.7236047983169556,
            0.5522238612174988,
            -0.41405922174453735,
            0.4424816966056824
          ],
          [
            -0.30666089057922363,
            -0.28021612763404846,
            -0.909636378288269,
            -0.26239174604415894
          ],
          [
            -0.618353545665741,
            0.7851978540420532,
            -0.033421292901039124,
            1.8285574913024902
          ],
          [
            0.0,
            0.0,
            0.0,
            1.0
          ]
        ]
      },
      "bone_length_armature_space": 0.028514479440016623,
      "parent": "metacarpal_index_l",
      "has_children": true,
      "is_end_bone": false
    },
    "index_02_l": {
      "name": "index_02_l",
      "local": {
        "location": {
          "x": 0.0,
          "y": 0.0,
          "z": 0.0
        },
        "rotation_quaternion": {
          "w": 0.9998340010643005,
          "x": 0.017402656376361847,
          "y": -0.004945732653141022,
          "z": -0.0021743886172771454
        },
        "scale": {
          "x": 1.0,
          "y": 1.0,
          "z": 1.0
        },
        "matrix_basis": [
          [
            0.9999416470527649,
            0.004175917711108923,
            -0.009965503588318825,
            0.0
          ],
          [
            -0.004520193208009005,
            0.9993848204612732,
            -0.03477802872657776,
            0.0
          ],
          [
            0.009814143180847168,
            0.0348210446536541,
            0.9993453621864319,
            0.0
          ],
          [
            0.0,
            0.0,
            0.0,
            1.0
          ]
        ],
        "rotation_mode": "QUATERNION"
      },
      "armature_space": {
        "head": {
          "x": 0.4582279324531555,
          "y": -0.33362627029418945,
          "z": 0.9010933041572571
        },
        "tail": {
          "x": 0.47299396991729736,
          "y": -0.34108105301856995,
          "z": 0.9207016229629517
        }
      },
      "world_space": {
        "head": {
          "x": 0.4582279324531555,
          "y": -0.270382285118103,
          "z": 1.850947380065918
        },
        "tail": {
          "x": 0.47299396991729736,
          "y": -0.27783703804016113,
          "z": 1.8705556392669678
        },
        "rotation_quaternion": {
          "w": 0.5907850861549377,
          "x": 0.6976662874221802,
          "y": 0.07532496750354767,
          "z": -0.3981970250606537
        },
        "matrix": [
          [
            0.6715290546417236,
            0.5756012201309204,
            -0.4666178226470947,
            0.4582279324531555
          ],
          [
            -0.3653981685638428,
            -0.29059725999832153,
            -0.8843289613723755,
            -0.270382285118103
          ],
          [
            -0.6446234583854675,
            0.764358401298523,
            0.015178432688117027,
            1.850947380065918
          ],
          [
            0.0,
            0.0,
            0.0,
            1.0
          ]
        ]
      },
      "bone_length_armature_space": 0.025653378081876566,
      "parent": "index_01_l",
      "has_children": true,
      "is_end_bone": false
    },
    "index_03_l": {
      "name": "index_03_l",
      "local": {
        "location": {
          "x": 0.0,
          "y": 0.0,
          "z": 0.0
        },
        "rotation_quaternion": {
          "w": 0.9993647933006287,
          "x": 0.03555556386709213,
          "y": -0.0014679371379315853,
          "z": -0.0019602160900831223
        },
        "scale": {
          "x": 1.0,
          "y": 1.0,
          "z": 1.0
        },
        "matrix_basis": [
          [
            0.9999880194664001,
            0.0038135552313178778,
            -0.0030734026804566383,
            0.0
          ],
          [
            -0.004022328648716211,
            0.9974639415740967,
            -0.07106020301580429,
            0.0
          ],
          [
            0.0027946161571890116,
            0.07107171416282654,
            0.9974672794342041,
            0.0
          ],
          [
            0.0,
            0.0,
            0.0,
            1.0
          ]
        ],
        "rotation_mode": "QUATERNION"
      },
      "armature_space": {
        "head": {
          "x": 0.47299402952194214,
          "y": -0.341080904006958,
          "z": 0.9207016229629517
        },
        "tail": {
          "x": 0.4893045723438263,
          "y": -0.35456642508506775,
          "z": 0.9408471584320068
        }
      },
      "world_space": {
        "head": {
          "x": 0.47299402952194214,
          "y": -0.2778369188308716,
          "z": 1.8705556392669678
        },
        "tail": {
          "x": 0.4893045723438263,
          "y": -0.29132241010665894,
          "z": 1.890701174736023
        },
        "rotation_quaternion": {
          "w": 0.5101279616355896,
          "x": 0.7515451312065125,
          "y": 0.09487466514110565,
          "z": -0.4073672592639923
        },
        "matrix": [
          [
            0.6501025557518005,
            0.5582234859466553,
            -0.5155128240585327,
            0.47299402952194214
          ],
          [
            -0.2730121612548828,
            -0.46153753995895386,
            -0.8440662026405334,
            -0.2778369188308716
          ],
          [
            -0.7091110944747925,
            0.6894747018814087,
            -0.14764663577079773,
            1.8705556392669678
          ],
          [
            0.0,
            0.0,
            0.0,
            1.0
          ]
        ]
      },
      "bone_length_armature_space": 0.029218755819420822,
      "parent": "index_02_l",
      "has_children": false,
      "is_end_bone": true
    },
    "metacarpal_pinky_l": {
      "name": "metacarpal_pinky_l",
      "local": {
        "location": {
          "x": 0.0,
          "y": 0.0,
          "z": 0.0
        },
        "rotation_quaternion": {
          "w": 0.9995205402374268,
          "x": -0.02950374037027359,
          "y": -0.0013737566769123077,
          "z": 0.0092930868268013
        },
        "scale": {
          "x": 1.0,
          "y": 1.0,
          "z": 1.0
        },
        "matrix_basis": [
          [
            0.9998235106468201,
            -0.018496200442314148,
            -0.0032945575658231974,
            0.0
          ],
          [
            0.01865832507610321,
            0.9980863332748413,
            0.058953657746315,
            0.0
          ],
          [
            0.0021978344302624464,
            -0.05900472030043602,
            0.9982553124427795,
            0.0
          ],
          [
            0.0,
            0.0,
            0.0,
            1.0
          ]
        ],
        "rotation_mode": "QUATERNION"
      },
      "armature_space": {
        "head": {
          "x": 0.43262434005737305,
          "y": -0.27007782459259033,
          "z": 0.776012122631073
        },
        "tail": {
          "x": 0.4985833764076233,
          "y": -0.3155440092086792,
          "z": 0.8425365686416626
        }
      },
      "world_space": {
        "head": {
          "x": 0.43262434005737305,
          "y": -0.2068338245153427,
          "z": 1.7258660793304443
        },
        "tail": {
          "x": 0.4985833764076233,
          "y": -0.2523000240325928,
          "z": 1.7923905849456787
        },
        "rotation_quaternion": {
          "w": 0.34858599305152893,
          "x": -0.05469455569982529,
          "y": -0.4002179503440857,
          "z": -0.845767080783844
        },
        "matrix": [
          [
            -0.7509918808937073,
            0.6334249377250671,
            -0.18650493025779724,
            0.43262434005737305
          ],
          [
            -0.5458673238754272,
            -0.43662574887275696,
            0.7151134014129639,
            -0.2068338245153427
          ],
          [
            0.37153998017311096,
            0.6388550996780396,
            0.673673689365387,
            1.7258660793304443
          ],
          [
            0.0,
            0.0,
            0.0,
            1.0
          ]
        ]
      },
      "bone_length_armature_space": 0.10413102319971582,
      "parent": "lowerarm_l",
      "has_children": true,
      "is_end_bone": false
    },
    "pinky_01_l": {
      "name": "pinky_01_l",
      "local": {
        "location": {
          "x": 0.0,
          "y": 0.0,
          "z": 0.0
        },
        "rotation_quaternion": {
          "w": 0.9933222532272339,
          "x": -0.11425803601741791,
          "y": 0.014010225422680378,
          "z": -0.007737691979855299
        },
        "scale": {
          "x": 1.0,
          "y": 1.0,
          "z": 1.0
        },
        "matrix_basis": [
          [
            0.9994876980781555,
            0.012170481495559216,
            0.029601523652672768,
            0.0
          ],
          [
            -0.01857360452413559,
            0.9737704396247864,
            0.22677329182624817,
            0.0
          ],
          [
            -0.026065150275826454,
            -0.22720691561698914,
            0.9734976291656494,
            0.0
          ],
          [
            0.0,
            0.0,
            0.0,
            1.0
          ]
        ],
        "rotation_mode": "QUATERNION"
      },
      "armature_space": {
        "head": {
          "x": 0.4985833764076233,
          "y": -0.3155440092086792,
          "z": 0.8425365686416626
        },
        "tail": {
