{
  "metadata": {
    "armature_name": "KIM_caucasian_male",
    "export_time": "2026-01-13T21:05:17.732689",
    "blender_version": "4.4.1",
    "bone_count": 56,
    "end_bone_count": 13,
    "spaces_included": [
      "LOCAL_CHANNELS",
      "ARMATURE_SPACE",
      "WORLD_SPACE"
    ],
    "note": "LOCAL matches Transform panel; replay pose via local.matrix_basis for best fidelity."
  },
  "bones": {
    "Root": {
      "name": "Root",
      "local": {
        "location": {
          "x": 0.0,
          "y": 0.0,
          "z": 0.0
        },
        "rotation_quaternion": {
          "w": 0.9998065233230591,
          "x": -0.0001328514626948163,
          "y": 0.0012967615621164441,
          "z": -0.019629359245300293
        },
        "scale": {
          "x": 1.0,
          "y": 1.0,
          "z": 1.0
        },
        "matrix_basis": [
          [
            0.9992260336875916,
            0.039250779896974564,
            0.0025982370134443045,
            0.0
          ],
          [
            -0.03925146907567978,
            0.9992293119430542,
            0.00021474232198670506,
            0.0
          ],
          [
            -0.002587805734947324,
            -0.00031656070495955646,
            0.9999966025352478,
            0.0
          ],
          [
            0.0,
            0.0,
            0.0,
            1.0
          ]
        ],
        "rotation_mode": "QUATERNION"
      },
      "armature_space": {
        "head": {
          "x": 0.0,
          "y": 0.07072800397872925,
          "z": -0.009595036506652832
        },
        "tail": {
          "x": 0.002801558468490839,
          "y": 5.754828453063965e-05,
          "z": 1.4994293451309204e-05
        }
      },
      "world_space": {
        "head": {
          "x": 0.0,
          "y": 0.13397200405597687,
          "z": 0.9402589797973633
        },
        "tail": {
          "x": 0.002801558468490839,
          "y": 0.06330154836177826,
          "z": 0.9498690366744995
        },
        "rotation_quaternion": {
          "w": 0.06748715788125992,
          "x": 0.997526228427887,
          "y": 0.019672127440571785,
          "z": -2.8573054805747233e-05
        },
        "matrix": [
          [
            0.9992260336875916,
            0.039250779896974564,
            0.0025982370134443045,
            0.0
          ],
          [
            0.03924306854605675,
            -0.9901168942451477,
            -0.13464201986789703,
            0.13397200405597687
          ],
          [
            -0.002712228335440159,
            0.13463976979255676,
            -0.9908980131149292,
            0.9402589797973633
          ],
          [
            0.0,
            0.0,
            0.0,
            1.0
          ]
        ]
      },
      "bone_length_armature_space": 0.07137586883694026,
      "parent": null,
      "has_children": true,
      "is_end_bone": false
    },
    "spine_01": {
      "name": "spine_01",
      "local": {
        "location": {
          "x": 0.0,
          "y": 0.0,
          "z": 0.0
        },
        "rotation_quaternion": {
          "w": 0.9978517889976501,
          "x": 0.05596853792667389,
          "y": -0.002174453344196081,
          "z": -0.03398329019546509
        },
        "scale": {
          "x": 1.0,
          "y": 1.0,
          "z": 1.0
        },
        "matrix_basis": [
          [
            0.9976808428764343,
            0.06757716834545135,
            -0.00814355444163084,
            0.0
          ],
          [
            -0.06806397438049316,
            0.9914253354072571,
            -0.11154881864786148,
            0.0
          ],
          [
            0.0005355741595849395,
            0.11184439808130264,
            0.993725597858429,
            0.0
          ],
          [
            0.0,
            0.0,
            0.0,
            1.0
          ]
        ],
        "rotation_mode": "QUATERNION"
      },
      "armature_space": {
        "head": {
          "x": 0.002801558468490839,
          "y": 5.754828453063965e-05,
          "z": 1.4994293451309204e-05
        },
        "tail": {
          "x": 0.038318611681461334,
          "y": -0.030376726761460304,
          "z": 0.485772967338562
        }
      },
      "world_space": {
        "head": {
          "x": 0.002801558468490839,
          "y": 0.06330154836177826,
          "z": 0.9498690366744995
        },
        "tail": {
          "x": 0.038318611681461334,
          "y": 0.032867275178432465,
          "z": 1.4356269836425781
        },
        "rotation_quaternion": {
          "w": 0.683695375919342,
          "x": 0.7286947965621948,
          "y": 0.03712021932005882,
          "z": -0.013662518933415413
        },
        "matrix": [
          [
            0.9968708753585815,
            0.07278066128492355,
            0.030846716836094856,
            0.002801558468490839
          ],
          [
            0.03541708365082741,
            -0.06236515939235687,
            -0.9974249005317688,
            0.06330154836177826
          ],
          [
            -0.07066994160413742,
            0.9954031705856323,
            -0.06474906951189041,
            0.9498690366744995
          ],
          [
            0.0,
            0.0,
            0.0,
            1.0
          ]
        ]
      },
      "bone_length_armature_space": 0.48800462850366955,
      "parent": "Root",
      "has_children": true,
      "is_end_bone": false
    },
    "neck_01": {
      "name": "neck_01",
      "local": {
        "location": {
          "x": 0.0,
          "y": 0.0,
          "z": 0.0
        },
        "rotation_quaternion": {
          "w": 0.9814846515655518,
          "x": 0.06273607909679413,
          "y": -0.09016000479459763,
          "z": -0.15691784024238586
        },
        "scale": {
          "x": 1.0,
          "y": 1.0,
          "z": 1.0
        },
        "matrix_basis": [
          [
            0.9344959259033203,
            0.29671233892440796,
            -0.19667014479637146,
            0.0
          ],
          [
            -0.31933748722076416,
            0.9428819417953491,
            -0.09485357254743576,
            0.0
          ],
          [
            0.15729250013828278,
            0.1514444202184677,
            0.9758707284927368,
            0.0
          ],
          [
            0.0,
            0.0,
            0.0,
            1.0
          ]
        ],
        "rotation_mode": "QUATERNION"
      },
      "armature_space": {
        "head": {
          "x": 0.04471727833151817,
          "y": -0.06953413784503937,
          "z": 0.5564093589782715
        },
        "tail": {
          "x": 0.08266890048980713,
          "y": -0.12466812133789062,
          "z": 0.6340664029121399
        }
      },
      "world_space": {
        "head": {
          "x": 0.04471727833151817,
          "y": -0.006290137767791748,
          "z": 1.5062633752822876
        },
        "tail": {
          "x": 0.08266890048980713,
          "y": -0.061424121260643005,
          "z": 1.5839204788208008
        },
        "rotation_quaternion": {
          "w": 0.4663970470428467,
          "x": 0.8576548099517822,
          "y": 0.11654815822839737,
          "z": -0.18253359198570251
        },
        "matrix": [
          [
            0.9061962962150574,
            0.37018269300460815,
            -0.2043849676847458,
            0.04471727833151817
          ],
          [
            0.02965112030506134,
            -0.5377805233001709,
            -0.8425635695457458,
            -0.006290137767791748
          ],
          [
            -0.4218195378780365,
            0.7574722170829773,
            -0.49831533432006836,
            1.5062633752822876
          ],
          [
            0.0,
            0.0,
            0.0,
            1.0
          ]
        ]
      },
      "bone_length_armature_space": 0.10252169564179525,
      "parent": "spine_01",
      "has_children": true,
      "is_end_bone": false
    },
    "head": {
      "name": "head",
      "local": {
        "location": {
          "x": 0.0,
          "y": 0.0,
          "z": 0.0
        },
        "rotation_quaternion": {
          "w": 0.9890334606170654,
          "x": 0.0019494366133585572,
          "y": -0.04490162059664726,
          "z": 0.14068703353405
        },
        "scale": {
          "x": 1.0,
          "y": 1.0,
          "z": 1.0
        },
        "matrix_basis": [
          [
            0.9563819766044617,
            -0.2784634232521057,
            -0.08826988935470581,
            0.0
          ],
          [
            0.27811330556869507,
            0.9604067206382751,
            -0.0164902675896883,
            0.0
          ],
          [
            0.08936692774295807,
            -0.008778035640716553,
            0.9959601163864136,
            0.0
          ],
          [
            0.0,
            0.0,
            0.0,
            1.0
          ]
        ],
        "rotation_mode": "QUATERNION"
      },
      "armature_space": {
        "head": {
          "x": 0.08266884088516235,
          "y": -0.12466821074485779,
          "z": 0.6340662837028503
        },
        "tail": {
          "x": 0.10593990981578827,
          "y": -0.15380126237869263,
          "z": 0.7846086621284485
        }
      },
      "world_space": {
        "head": {
          "x": 0.08266884088516235,
          "y": -0.06142421066761017,
          "z": 1.5839202404022217
        },
        "tail": {
          "x": 0.10593990981578827,
          "y": -0.09055726230144501,
          "z": 1.7344627380371094
        },
        "rotation_quaternion": {
          "w": 0.6371493935585022,
          "x": 0.7635119557380676,
          "y": 0.010848375968635082,
          "z": -0.10475002229213715
        },
        "matrix": [
          [
            0.9778197407722473,
            0.1500486135482788,
            -0.1461307406425476,
            0.08266884088516235
          ],
          [
            -0.1169162169098854,
            -0.18784582614898682,
            -0.9752153754234314,
            -0.06142421066761017
          ],
          [
            -0.17378097772598267,
            0.9706763029098511,
            -0.16613838076591492,
            1.5839202404022217
          ],
          [
            0.0,
            0.0,
            0.0,
            1.0
          ]
        ]
      },
      "bone_length_armature_space": 0.15509121758344416,
      "parent": "neck_01",
      "has_children": false,
      "is_end_bone": true
    },
    "upperarm_l": {
      "name": "upperarm_l",
      "local": {
        "location": {
          "x": 0.0,
          "y": 0.0,
          "z": 0.0
        },
        "rotation_quaternion": {
          "w": 0.8251727819442749,
          "x": -0.25941771268844604,
          "y": 0.49933117628097534,
          "z": 0.04960573837161064
        },
        "scale": {
          "x": 1.0,
          "y": 1.0,
          "z": 1.0
        },
        "matrix_basis": [
          [
            0.49641528725624084,
            -0.3409373164176941,
            0.7983317971229553,
            0.0
          ],
          [
            -0.17720408737659454,
            0.8604834675788879,
            0.47766825556755066,
            0.0
          ],
          [
            -0.8498061895370483,
            -0.3785894811153412,
            0.3667416572570801,
            0.0
          ],
          [
            0.0,
            0.0,
            0.0,
            1.0
          ]
        ],
        "rotation_mode": "QUATERNION"
      },
      "armature_space": {
        "head": {
          "x": 0.18945486843585968,
          "y": -0.06321106851100922,
          "z": 0.4787035584449768
        },
        "tail": {
          "x": 0.42038801312446594,
          "y": 0.047252751886844635,
          "z": 0.5579207539558411
        }
      },
      "world_space": {
        "head": {
          "x": 0.18945486843585968,
          "y": 3.293156623840332e-05,
          "z": 1.4285576343536377
        },
        "tail": {
          "x": 0.42038801312446594,
          "y": 0.11049675196409225,
          "z": 1.507774829864502
        },
        "rotation_quaternion": {
          "w": 0.25626927614212036,
          "x": 0.5419990420341492,
          "y": 0.8002744317054749,
          "z": 0.011136069893836975
        },
        "matrix": [
          [
            -0.2811252474784851,
            0.8617891669273376,
            0.4222419857978821,
            0.18945486843585968
          ],
          [
            0.8732033967971802,
            0.4122254550457001,
            -0.25997382402420044,
            3.293156623840332e-05
          ],
          [
            -0.39810335636138916,
            0.29562023282051086,
            -0.8684103488922119,
            1.4285576343536377
          ],
          [
            0.0,
            0.0,
            0.0,
            1.0
          ]
        ]
      },
      "bone_length_armature_space": 0.2679696542513302,
      "parent": "spine_01",
      "has_children": true,
      "is_end_bone": false
    },
    "lowerarm_l": {
      "name": "lowerarm_l",
      "local": {
        "location": {
          "x": 0.0,
          "y": 0.0,
          "z": 0.0
        },
        "rotation_quaternion": {
          "w": 0.8204039931297302,
          "x": 0.4950488805770874,
          "y": -0.18663175404071808,
          "z": 0.2168702483177185
        },
        "scale": {
          "x": 1.0,
          "y": 1.0,
          "z": 1.0
        },
        "matrix_basis": [
          [
            0.8362717628479004,
            -0.5406261086463928,
            -0.09150412678718567,
            0.0
          ],
          [
            0.1710587590932846,
            0.41578781604766846,
            -0.8932299017906189,
            0.0
          ],
          [
            0.5209496021270752,
            0.731330394744873,
            0.4401903748512268,
            0.0
          ],
          [
            0.0,
            0.0,
            0.0,
            1.0
          ]
        ],
        "rotation_mode": "QUATERNION"
      },
      "armature_space": {
        "head": {
          "x": 0.4203881621360779,
          "y": 0.04725266993045807,
          "z": 0.5579208135604858
        },
        "tail": {
          "x": 0.615380048751831,
          "y": -0.12347389757633209,
          "z": 0.49158772826194763
        }
      },
      "world_space": {
        "head": {
          "x": 0.4203881621360779,
          "y": 0.11049667000770569,
          "z": 1.507774829864502
        },
        "tail": {
          "x": 0.615380048751831,
          "y": -0.06022989749908447,
          "z": 1.4414417743682861
        },
        "rotation_quaternion": {
          "w": 0.09767013788223267,
          "x": 0.7669878602027893,
          "y": 0.4139731824398041,
          "z": -0.4804336130619049
        },
        "matrix": [
          [
            0.19561821222305298,
            0.728874921798706,
            -0.6561060547828674,
            0.4203881621360779
          ],
          [
            0.5411766767501831,
            -0.6381717324256897,
            -0.5475994348526001,
            0.11049667000770569
          ],
          [
            -0.8178447484970093,
            -0.2479514479637146,
            -0.5192919969558716,
            1.507774829864502
          ],
          [
            0.0,
            0.0,
            0.0,
            1.0
          ]
        ]
      },
      "bone_length_armature_space": 0.26752472087012097,
      "parent": "upperarm_l",
      "has_children": true,
      "is_end_bone": false
    },
    "metacarpal_thumb_l": {
      "name": "metacarpal_thumb_l",
      "local": {
        "location": {
          "x": 0.0,
          "y": 0.0,
          "z": 0.0
        },
        "rotation_quaternion": {
          "w": 0.9990538358688354,
          "x": -0.04097475856542587,
          "y": -0.004540051333606243,
          "z": -0.013852504082024097
        },
        "scale": {
          "x": 1.0,
          "y": 1.0,
          "z": 1.0
        },
        "matrix_basis": [
          [
            0.9995750188827515,
            0.028050849214196205,
            -0.007936305366456509,
            0.0
          ],
          [
            -0.02730673924088478,
            0.9962583780288696,
            0.08199775964021683,
            0.0
          ],
          [
            0.010206717066466808,
            -0.08174619823694229,
            0.9966009259223938,
            0.0
          ],
          [
            0.0,
            0.0,
            0.0,
            1.0
          ]
        ],
        "rotation_mode": "QUATERNION"
      },
      "armature_space": {
        "head": {
          "x": 0.615380048751831,
          "y": -0.12347389757633209,
          "z": 0.49158772826194763
        },
        "tail": {
          "x": 0.6274363398551941,
          "y": -0.1619122177362442,
          "z": 0.4627651572227478
        }
      },
      "world_space": {
        "head": {
          "x": 0.615380048751831,
          "y": -0.06022989749908447,
          "z": 1.4414417743682861
        },
        "tail": {
          "x": 0.6274363398551941,
          "y": -0.09866821765899658,
          "z": 1.4126191139221191
        },
        "rotation_quaternion": {
          "w": 0.31934747099876404,
          "x": -0.9383106827735901,
          "y": -0.10007762163877487,
          "z": -0.08703325688838959
        },
        "matrix": [
          [
            0.964819610118866,
            0.24339567124843597,
            0.0994088277220726,
            0.615380048751831
          ],
          [
            0.13222070038318634,
            -0.7760038375854492,
            0.6167140007019043,
            -0.06022989749908447
          ],
          [
            0.22724857926368713,
            -0.5818785429000854,
            -0.780890166759491,
            1.4414417743682861
          ],
          [
            0.0,
            0.0,
            0.0,
            1.0
          ]
        ]
      },
      "bone_length_armature_space": 0.04953381931684758,
      "parent": "lowerarm_l",
      "has_children": true,
      "is_end_bone": false
    },
    "thumb_01_l": {
      "name": "thumb_01_l",
      "local": {
        "location": {
          "x": 0.0,
          "y": 0.0,
          "z": 0.0
        },
        "rotation_quaternion": {
          "w": 0.9973827600479126,
          "x": -0.07187551259994507,
          "y": 0.007828815840184689,
          "z": -0.0006606996175833046
        },
        "scale": {
          "x": 1.0,
          "y": 1.0,
          "z": 1.0
        },
        "matrix_basis": [
          [
            0.9998765587806702,
            0.00019254050857853144,
            0.015711627900600433,
            0.0
          ],
          [
            -0.0024433410726487637,
            0.9896669387817383,
            0.14336444437503815,
            0.0
          ],
          [
            -0.01552167534828186,
            -0.1433851420879364,
            0.9895452260971069,
            0.0
          ],
          [
            0.0,
            0.0,
            0.0,
            1.0
          ]
        ],
        "rotation_mode": "QUATERNION"
      },
      "armature_space": {
        "head": {
          "x": 0.6274363398551941,
          "y": -0.1619122177362442,
          "z": 0.4627651572227478
        },
        "tail": {
          "x": 0.6265815496444702,
          "y": -0.16490113735198975,
          "z": 0.4288685917854309
        }
      },
      "world_space": {
        "head": {
          "x": 0.6274363398551941,
          "y": -0.09866821765899658,
          "z": 1.4126191139221191
        },
        "tail": {
          "x": 0.6265815496444702,
          "y": -0.10165713727474213,
          "z": 1.3787226676940918
        },
        "rotation_quaternion": {
          "w": 0.4936676025390625,
          "x": -0.5516142249107361,
          "y": 0.46085530519485474,
          "z": -0.48951655626296997
        },
        "matrix": [
          [
            0.0959717333316803,
            -0.025111697614192963,
            0.9950675964355469,
            0.6274363398551941
          ],
          [
            -0.9917457103729248,
            -0.08780965954065323,
            0.09343532472848892,
            -0.09866821765899658
          ],
          [
            0.08502969890832901,
            -0.995827853679657,
            -0.03333202004432678,
            1.4126191139221191
          ],
          [
            0.0,
            0.0,
            0.0,
            1.0
          ]
        ]
      },
      "bone_length_armature_space": 0.03403882353557916,
      "parent": "metacarpal_thumb_l",
      "has_children": true,
      "is_end_bone": false
    },
    "thumb_02_l": {
      "name": "thumb_02_l",
      "local": {
        "location": {
          "x": 0.0,
          "y": 0.0,
          "z": 0.0
        },
        "rotation_quaternion": {
          "w": 0.9944623708724976,
          "x": 0.10453230142593384,
          "y": -0.010795123875141144,
          "z": 0.0010723507730290294
        },
        "scale": {
          "x": 1.0,
          "y": 1.0,
          "z": 1.0
        },
        "matrix_basis": [
          [
            0.999764621257782,
            -0.004389703273773193,
            -0.021246498450636864,
            0.0
          ],
          [
            -0.00012405330198816955,
            0.9781436920166016,
            -0.20793002843856812,
            0.0
          ],
          [
            0.021694879978895187,
            0.20788373053073883,
            0.9779129028320312,
            0.0
          ],
          [
            0.0,
            0.0,
            0.0,
            1.0
          ]
        ],
        "rotation_mode": "QUATERNION"
      },
      "armature_space": {
        "head": {
          "x": 0.6265814900398254,
          "y": -0.16490109264850616,
          "z": 0.4288685917854309
        },
        "tail": {
          "x": 0.6560052037239075,
          "y": -0.19010932743549347,
          "z": 0.4182869791984558
        }
      },
      "world_space": {
        "head": {
          "x": 0.6265814900398254,
          "y": -0.10165709257125854,
          "z": 1.3787226676940918
        },
        "tail": {
          "x": 0.6560052037239075,
          "y": -0.12686532735824585,
          "z": 1.3681409358978271
        },
        "rotation_quaternion": {
          "w": 0.42471596598625183,
          "x": -0.15061935782432556,
          "y": 0.0761786699295044,
          "z": -0.8894532918930054
        },
        "matrix": [
          [
            -0.5938600897789001,
            0.7325825691223145,
            0.3326464891433716,
            0.6265814900398254
          ],
          [
            -0.7784780859947205,
            -0.627626359462738,
            -0.007572248578071594,
            -0.10165709257125854
          ],
          [
            0.20323103666305542,
            -0.26345744729042053,
            0.9430277943611145,
            1.3787226676940918
          ],
          [
            0.0,
            0.0,
            0.0,
            1.0
          ]
        ]
      },
      "bone_length_armature_space": 0.040164419086120326,
      "parent": "thumb_01_l",
      "has_children": true,
      "is_end_bone": false
    },
    "thumb_03_l": {
      "name": "thumb_03_l",
      "local": {
        "location": {
          "x": 0.0,
          "y": 0.0,
          "z": 0.0
        },
        "rotation_quaternion": {
          "w": 0.9985785484313965,
          "x": 0.052321456372737885,
          "y": 0.006549020763486624,
          "z": -0.007784601766616106
        },
        "scale": {
          "x": 1.0,
          "y": 1.0,
          "z": 1.0
        },
        "matrix_basis": [
          [
            0.9997929930686951,
            0.016232380643486977,
            0.01226481981575489,
            0.0
          ],
          [
            -0.014861764386296272,
            0.9944037199020386,
            -0.10459613054990768,
            0.0
          ],
          [
            -0.013894027099013329,
            0.10439220815896988,
            0.9944391250610352,
            0.0
          ],
          [
            0.0,
            0.0,
            0.0,
            1.0
          ]
        ],
        "rotation_mode": "QUATERNION"
      },
      "armature_space": {
        "head": {
          "x": 0.6560051441192627,
          "y": -0.19010934233665466,
          "z": 0.4182869493961334
        },
        "tail": {
          "x": 0.6822242140769958,
          "y": -0.20542879402637482,
          "z": 0.4204699993133545
        }
      },
      "world_space": {
        "head": {
          "x": 0.6560051441192627,
          "y": -0.12686534225940704,
          "z": 1.3681409358978271
        },
        "tail": {
          "x": 0.6822242140769958,
          "y": -0.1421847939491272,
          "z": 1.3703240156173706
        },
        "rotation_quaternion": {
          "w": 0.49792516231536865,
          "x": 0.10973505675792694,
          "y": 0.021845776587724686,
          "z": -0.859971821308136
        },
        "matrix": [
          [
            -0.4800575077533722,
            0.8611982464790344,
            -0.1669822633266449,
            0.6560051441192627
          ],
          [
            -0.8516089916229248,
            -0.5031863451004028,
            -0.1468532681465149,
            -0.12686534225940704
          ],
          [
            -0.21049515902996063,
            0.07170530408620834,
            0.9749688506126404,
            1.3681409358978271
          ],
          [
            0.0,
            0.0,
            0.0,
            1.0
          ]
        ]
      },
      "bone_length_armature_space": 0.030444883758765733,
      "parent": "thumb_02_l",
      "has_children": false,
      "is_end_bone": true
    },
    "metacarpal_index_l": {
      "name": "metacarpal_index_l",
      "local": {
        "location": {
          "x": 0.0,
          "y": 0.0,
          "z": 0.0
        },
        "rotation_quaternion": {
          "w": 0.9996612668037415,
          "x": -0.022746989503502846,
          "y": -0.012536894530057907,
          "z": -0.0017022171523422003
        },
        "scale": {
          "x": 1.0,
          "y": 1.0,
          "z": 1.0
        },
        "matrix_basis": [
          [
            0.9996798634529114,
            0.003973634447902441,
            -0.024987855926156044,
            0.0
          ],
          [
            -0.0028329279739409685,
            0.9989593625068665,
            0.04552124813199043,
            0.0
          ],
          [
            0.025142736732959747,
            -0.045435886830091476,
            0.9986507892608643,
            0.0
          ],
          [
            0.0,
            0.0,
            0.0,
            1.0
          ]
        ],
        "rotation_mode": "QUATERNION"
      },
      "armature_space": {
        "head": {
          "x": 0.615380048751831,
          "y": -0.12347389757633209,
          "z": 0.49158772826194763
        },
        "tail": {
          "x": 0.6765018105506897,
          "y": -0.21207499504089355,
          "z": 0.445292592048645
        }
      },
      "world_space": {
        "head": {
          "x": 0.615380048751831,
          "y": -0.06022989749908447,
          "z": 1.4414417743682861
        },
        "tail": {
          "x": 0.6765018105506897,
          "y": -0.14883099496364594,
          "z": 1.3951466083526611
        },
        "rotation_quaternion": {
          "w": 0.16850614547729492,
          "x": -0.9272783398628235,
          "y": -0.30581629276275635,
          "z": 0.1350448727607727
        },
        "matrix": [
          [
            0.7764781713485718,
            0.5216423273086548,
            -0.35351261496543884,
            0.615380048751831
          ],
          [
            0.6126658320426941,
            -0.7561644315719604,
            0.2299051582813263,
            -0.06022989749908447
          ],
          [
            -0.14738598465919495,
            -0.3951050639152527,
            -0.9067433476448059,
            1.4414417743682861
          ],
          [
            0.0,
            0.0,
            0.0,
            1.0
          ]
        ]
      },
      "bone_length_armature_space": 0.1171719401678964,
      "parent": "lowerarm_l",
      "has_children": true,
      "is_end_bone": false
    },
    "index_01_l": {
      "name": "index_01_l",
      "local": {
        "location": {
          "x": 0.0,
          "y": 0.0,
          "z": 0.0
        },
        "rotation_quaternion": {
          "w": 0.9943066835403442,
          "x": -0.10551503300666809,
          "y": -0.010655188001692295,
          "z": 0.01036510057747364
        },
        "scale": {
          "x": 1.0,
          "y": 1.0,
          "z": 1.0
        },
        "matrix_basis": [
          [
            0.9995580911636353,
            -0.01836361177265644,
            -0.023376397788524628,
            0.0
          ],
          [
            0.02286074310541153,
            0.9775182604789734,
            0.20960772037506104,
            0.0
          ],
          [
            0.019001701846718788,
            -0.21004949510097504,
            0.9775061011314392,
            0.0
          ],
          [
            0.0,
            0.0,
            0.0,
            1.0
          ]
        ],
        "rotation_mode": "QUATERNION"
      },
      "armature_space": {
        "head": {
          "x": 0.6765018105506897,
          "y": -0.21207499504089355,
          "z": 0.445292592048645
        },
        "tail": {
          "x": 0.6999441385269165,
          "y": -0.22810357809066772,
          "z": 0.4427213966846466
        }
      },
      "world_space": {
        "head": {
          "x": 0.6765018105506897,
          "y": -0.14883099496364594,
          "z": 1.3951466083526611
        },
        "tail": {
          "x": 0.6999441385269165,
          "y": -0.1648595780134201,
          "z": 1.3925753831863403
        },
        "rotation_quaternion": {
          "w": 0.0362149178981781,
          "x": -0.8833308219909668,
          "y": -0.4665052592754364,
          "z": 0.028071189299225807
        },
        "matrix": [
          [
            0.5631695985794067,
            0.8221239447593689,
            -0.08338147401809692,
            0.6765018105506897
          ],
          [
            0.8261904716491699,
            -0.5621227622032166,
            0.03778788447380066,
            -0.14883099496364594
          ],
          [
            -0.01580369472503662,
            -0.09017141163349152,
            -0.9958080053329468,
            1.3951466083526611
          ],
          [
            0.0,
            0.0,
            0.0,
            1.0
          ]
        ]
      },
      "bone_length_armature_space": 0.028514368721193242,
      "parent": "metacarpal_index_l",
      "has_children": true,
      "is_end_bone": false
    },
    "index_02_l": {
      "name": "index_02_l",
      "local": {
        "location": {
          "x": 0.0,
          "y": 0.0,
          "z": 0.0
        },
        "rotation_quaternion": {
          "w": 0.9998089075088501,
          "x": 0.018281949684023857,
          "y": 0.0066828178241848946,
          "z": 0.0018259588396176696
        },
        "scale": {
          "x": 1.0,
          "y": 1.0,
          "z": 1.0
        },
        "matrix_basis": [
          [
            0.9999040365219116,
            -0.0034068699460476637,
            0.013429845683276653,
            0.0
          ],
          [
            0.0038955695927143097,
            0.9993248581886292,
            -0.036532506346702576,
            0.0
          ],
          [
            -0.013296317309141159,
            0.03658131882548332,
            0.9992422461509705,
            0.0
          ],
          [
            0.0,
            0.0,
            0.0,
            1.0
          ]
        ],
        "rotation_mode": "QUATERNION"
      },
      "armature_space": {
        "head": {
          "x": 0.6999443173408508,
          "y": -0.22810396552085876,
          "z": 0.44272103905677795
        },
        "tail": {
          "x": 0.721389651298523,
          "y": -0.2419815957546234,
          "z": 0.44035446643829346
        }
      },
      "world_space": {
        "head": {
          "x": 0.6999443173408508,
          "y": -0.16485996544361115,
          "z": 1.3925750255584717
        },
        "tail": {
          "x": 0.721389651298523,
          "y": -0.1787375956773758,
          "z": 1.3902084827423096
        },
        "rotation_quaternion": {
          "w": 0.02475869469344616,
          "x": -0.8762860298156738,
          "y": -0.47843751311302185,
          "z": 0.051062241196632385
        },
        "matrix": [
          [
            0.536980390548706,
            0.8359678387641907,
            -0.11318136751651764,
            0.6999443173408508
          ],
          [
            0.8410248160362244,
            -0.5409693121910095,
            -0.005469825118780136,
            -0.16485996544361115
          ],
          [
            -0.06579995155334473,
            -0.09225259721279144,
            -0.9935663938522339,
            1.3925750255584717
          ],
          [
            0.0,
            0.0,
            0.0,
            1.0
          ]
        ]
      },
      "bone_length_armature_space": 0.025653296495038214,
      "parent": "index_01_l",
      "has_children": true,
      "is_end_bone": false
    },
    "index_03_l": {
      "name": "index_03_l",
      "local": {
        "location": {
          "x": 0.0,
          "y": 0.0,
          "z": 0.0
        },
        "rotation_quaternion": {
          "w": 0.9996898770332336,
          "x": 0.02400016412138939,
          "y": 0.006626742891967297,
          "z": 0.0005268763052299619
        },
        "scale": {
          "x": 1.0,
          "y": 1.0,
          "z": 1.0
        },
        "matrix_basis": [
          [
            0.9999116063117981,
            -0.0007353399996645749,
            0.013274665921926498,
            0.0
          ],
          [
            0.0013715116074308753,
            0.9988474249839783,
            -0.04797846078872681,
            0.0
          ],
          [
            -0.013224085792899132,
            0.04799242690205574,
            0.9987601637840271,
            0.0
          ],
          [
            0.0,
            0.0,
            0.0,
            1.0
          ]
        ],
        "rotation_mode": "QUATERNION"
      },
      "armature_space": {
        "head": {
          "x": 0.7213895916938782,
          "y": -0.2419816106557846,
          "z": 0.4403546154499054
        },
        "tail": {
          "x": 0.7464948296546936,
          "y": -0.2553059160709381,
          "z": 0.4335779845714569
        }
      },
      "world_space": {
        "head": {
          "x": 0.7213895916938782,
          "y": -0.178737610578537,
          "z": 1.3902086019515991
        },
        "tail": {
          "x": 0.7464948296546936,
          "y": -0.1920619159936905,
          "z": 1.3834320306777954
        },
        "rotation_quaternion": {
          "w": 0.10787730664014816,
          "x": -0.8519313335418701,
          "y": -0.5102474093437195,
          "z": 0.047151289880275726
        },
        "matrix": [
          [
            0.4748483896255493,
            0.8592183589935303,
            -0.1904282569885254,
            0.7213895916938782
          ],
          [
            0.8795648813247681,
            -0.4560202360153198,
            0.13568906486034393,
            -0.178737610578537
          ],
          [
            0.02974841371178627,
            -0.23192808032035828,
            -0.972285270690918,
            1.3902086019515991
          ],
          [
            0.0,
            0.0,
            0.0,
            1.0
          ]
        ]
      },
      "bone_length_armature_space": 0.029218706451821994,
      "parent": "index_02_l",
      "has_children": false,
      "is_end_bone": true
    },
    "metacarpal_pinky_l": {
      "name": "metacarpal_pinky_l",
      "local": {
        "location": {
          "x": 0.0,
          "y": 0.0,
          "z": 0.0
        },
        "rotation_quaternion": {
          "w": 0.9997024536132812,
          "x": -0.02355349063873291,
          "y": -0.005479248706251383,
          "z": 0.0032303957268595695
        },
        "scale": {
          "x": 1.0,
          "y": 1.0,
          "z": 1.0
        },
        "matrix_basis": [
          [
            0.999919056892395,
            -0.006200758274644613,
            -0.011107411235570908,
            0.0
          ],
          [
            0.006716980133205652,
            0.9988695979118347,
            0.04705756530165672,
            0.0
          ],
          [
            0.010803062468767166,
            -0.04712836444377899,
            0.9988304376602173,
            0.0
          ],
          [
            0.0,
            0.0,
            0.0,
            1.0
          ]
        ],
        "rotation_mode": "QUATERNION"
      },
      "armature_space": {
        "head": {
          "x": 0.615380048751831,
          "y": -0.12347389757633209,
          "z": 0.49158772826194763
        },
        "tail": {
          "x": 0.7100962400436401,
          "y": -0.16525602340698242,
          "z": 0.4803483784198761
        }
      },
      "world_space": {
        "head": {
          "x": 0.615380048751831,
          "y": -0.06022989749908447,
          "z": 1.4414417743682861
        },
        "tail": {
          "x": 0.7100962400436401,
          "y": -0.1020120233297348,
          "z": 1.4302023649215698
        },
        "rotation_quaternion": {
          "w": 0.47492215037345886,
          "x": 0.3271503448486328,
          "y": 0.2717074751853943,
          "z": -0.7704523205757141
        },
        "matrix": [
          [
            -0.33484259247779846,
            0.9095889329910278,
            -0.24602608382701874,
            0.615380048751831
          ],
          [
            -0.5540326833724976,
            -0.4012466371059418,
            -0.7294172644615173,
            -0.06022989749908447
          ],
          [
            -0.7621924877166748,
            -0.10793486982584,
            0.6382999420166016,
            1.4414417743682861
          ],
          [
            0.0,
            0.0,
            0.0,
            1.0
          ]
        ]
      },
      "bone_length_armature_space": 0.10413080973717015,
      "parent": "lowerarm_l",
      "has_children": true,
      "is_end_bone": false
    },
    "pinky_01_l": {
      "name": "pinky_01_l",
      "local": {
        "location": {
          "x": 0.0,
          "y": 0.0,
          "z": 0.0
        },
        "rotation_quaternion": {
          "w": 0.9961225986480713,
          "x": -0.08670617640018463,
          "y": 0.014867233112454414,
          "z": 0.0010007234523072839
        },
        "scale": {
          "x": 1.0,
          "y": 1.0,
          "z": 1.0
        },
        "matrix_basis": [
          [
            0.9995559453964233,
            -0.004571848548948765,
            0.02944563515484333,
            0.0
          ],
          [
            -0.000584475405048579,
            0.9849620461463928,
            0.1727697253227234,
            0.0
          ],
          [
            -0.02979271113872528,
            -0.17271021008491516,
            0.9845219850540161,
            0.0
          ],
          [
            0.0,
            0.0,
            0.0,
            1.0
          ]
        ],
        "rotation_mode": "QUATERNION"
      },
      "armature_space": {
        "head": {
          "x": 0.7100962400436401,
          "y": -0.16525602340698242,
