{
  "metadata": {
    "armature_name": "KIM_caucasian_male",
    "export_time": "2026-01-13T21:07:53.920068",
    "blender_version": "4.4.1",
    "bone_count": 56,
    "end_bone_count": 13,
    "spaces_included": [
      "LOCAL_CHANNELS",
      "ARMATURE_SPACE",
      "WORLD_SPACE"
    ],
    "note": "LOCAL matches Transform panel; replay pose via local.matrix_basis for best fidelity."
  },
  "bones": {
    "Root": {
      "name": "Root",
      "local": {
        "location": {
          "x": 0.0,
          "y": 0.0,
          "z": 0.0
        },
        "rotation_quaternion": {
          "w": 0.9996329545974731,
          "x": 0.0060226875357329845,
          "y": 0.013912927359342575,
          "z": 0.02245381660759449
        },
        "scale": {
          "x": 1.0,
          "y": 1.0,
          "z": 1.0
        },
        "matrix_basis": [
          [
            0.9986045360565186,
            -0.04472356289625168,
            0.02808610536158085,
            0.0
          ],
          [
            0.045058734714984894,
            0.9989191293716431,
            -0.011416156776249409,
            0.0
          ],
          [
            -0.027545176446437836,
            0.012665750458836555,
            0.9995403289794922,
            0.0
          ],
          [
            0.0,
            0.0,
            0.0,
            1.0
          ]
        ],
        "rotation_mode": "QUATERNION"
      },
      "armature_space": {
        "head": {
          "x": 0.0,
          "y": 0.07072800397872925,
          "z": -0.009595036506652832
        },
        "tail": {
          "x": -0.003192183095961809,
          "y": -4.5083463191986084e-05,
          "z": -0.0009062010794878006
        }
      },
      "world_space": {
        "head": {
          "x": 0.0,
          "y": 0.13397200405597687,
          "z": 0.9402589797973633
        },
        "tail": {
          "x": -0.003192183095961809,
          "y": 0.06319891661405563,
          "z": 0.9489477872848511
        },
        "rotation_quaternion": {
          "w": 0.06133391335606575,
          "x": 0.9977677464485168,
          "y": -0.021465517580509186,
          "z": 0.015393986366689205
        },
        "matrix": [
          [
            0.9986045360565186,
            -0.04472356289625168,
            0.02808610536158085,
            0.0
          ],
          [
            -0.040946852415800095,
            -0.9915547966957092,
            -0.1230553612112999,
            0.13397200405597687
          ],
          [
            0.033352579921483994,
            0.12173351645469666,
            -0.9920093417167664,
            0.9402589797973633
          ],
          [
            0.0,
            0.0,
            0.0,
            1.0
          ]
        ]
      },
      "bone_length_armature_space": 0.07137587583247776,
      "parent": null,
      "has_children": true,
      "is_end_bone": false
    },
    "spine_01": {
      "name": "spine_01",
      "local": {
        "location": {
          "x": 0.0,
          "y": 0.0,
          "z": 0.0
        },
        "rotation_quaternion": {
          "w": 0.9990842342376709,
          "x": -0.03922330588102341,
          "y": -0.0030047958716750145,
          "z": -0.016830293461680412
        },
        "scale": {
          "x": 1.0,
          "y": 1.0,
          "z": 1.0
        },
        "matrix_basis": [
          [
            0.999415397644043,
            0.03386547788977623,
            -0.0046838088892400265,
            0.0
          ],
          [
            -0.03339404612779617,
            0.9963565468788147,
            0.07847591489553452,
            0.0
          ],
          [
            0.0073243677616119385,
            -0.07827363163232803,
            0.9969050288200378,
            0.0
          ],
          [
            0.0,
            0.0,
            0.0,
            1.0
          ]
        ],
        "rotation_mode": "QUATERNION"
      },
      "armature_space": {
        "head": {
          "x": -0.003192183095961809,
          "y": -4.5083463191986084e-05,
          "z": -0.0009062010794878006
        },
        "tail": {
          "x": -0.0005976310931146145,
          "y": 0.0546090267598629,
          "z": 0.4840213656425476
        }
      },
      "world_space": {
        "head": {
          "x": -0.003192183095961809,
          "y": 0.06319891661405563,
          "z": 0.9489477872848511
        },
        "tail": {
          "x": -0.0005976310931146145,
          "y": 0.11785303056240082,
          "z": 1.433875322341919
        },
        "rotation_quaternion": {
          "w": 0.74546879529953,
          "x": 0.6660822033882141,
          "y": -0.016552165150642395,
          "z": -0.018355486914515495
        },
        "matrix": [
          [
            0.998778223991394,
            0.0053166914731264114,
            -0.04913080111145973,
            -0.003192183095961809
          ],
          [
            -0.04941711202263832,
            0.11199584603309631,
            -0.9924792647361755,
            0.06319891661405563
          ],
          [
            0.00022569112479686737,
            0.9937015175819397,
            0.11212162673473358,
            0.9489477872848511
          ],
          [
            0.0,
            0.0,
            0.0,
            1.0
          ]
        ]
      },
      "bone_length_armature_space": 0.4880046634354816,
      "parent": "Root",
      "has_children": true,
      "is_end_bone": false
    },
    "neck_01": {
      "name": "neck_01",
      "local": {
        "location": {
          "x": 0.0,
          "y": 0.0,
          "z": 0.0
        },
        "rotation_quaternion": {
          "w": 0.9966223239898682,
          "x": -0.039405353367328644,
          "y": 0.06066659837961197,
          "z": -0.03886866196990013
        },
        "scale": {
          "x": 1.0,
          "y": 1.0,
          "z": 1.0
        },
        "matrix_basis": [
          [
            0.9896175861358643,
            0.07269357144832611,
            0.1239866390824318,
            0.0
          ],
          [
            -0.08225592970848083,
            0.993872880935669,
            0.07382845133543015,
            0.0
          ],
          [
            -0.1178601086139679,
            -0.08326056599617004,
            0.989533543586731,
            0.0
          ],
          [
            0.0,
            0.0,
            0.0,
            1.0
          ]
        ],
        "rotation_mode": "QUATERNION"
      },
      "armature_space": {
        "head": {
          "x": -0.0019122289959341288,
          "y": 0.028389573097229004,
          "z": 0.5606670379638672
        },
        "tail": {
          "x": 0.004550021141767502,
          "y": 0.00834573246538639,
          "z": 0.6610026955604553
        }
      },
      "world_space": {
        "head": {
          "x": -0.0019122289959341288,
          "y": 0.09163357317447662,
          "z": 1.5105210542678833
        },
        "tail": {
          "x": 0.004550021141767502,
          "y": 0.07158973067998886,
          "z": 1.6108567714691162
        },
        "rotation_quaternion": {
          "w": 0.6324155926704407,
          "x": 0.7730965614318848,
          "y": 0.04791514575481415,
          "z": 0.008738648146390915
        },
        "matrix": [
          [
            0.9952555894851685,
            0.06303322315216064,
            0.0741165280342102,
            -0.0019122289959341288
          ],
          [
            0.08513931930065155,
            -0.19550897181034088,
            -0.9769994616508484,
            0.09163357317447662
          ],
          [
            -0.047093216329813004,
            0.9786807298660278,
            -0.1999502182006836,
            1.5105210542678833
          ],
          [
            0.0,
            0.0,
            0.0,
            1.0
          ]
        ]
      },
      "bone_length_armature_space": 0.10252199894908705,
      "parent": "spine_01",
      "has_children": true,
      "is_end_bone": false
    },
    "head": {
      "name": "head",
      "local": {
        "location": {
          "x": 0.0,
          "y": 0.0,
          "z": 0.0
        },
        "rotation_quaternion": {
          "w": 0.9902859926223755,
          "x": 0.0443909727036953,
          "y": 0.12535080313682556,
          "z": 0.04062528535723686
        },
        "scale": {
          "x": 1.0,
          "y": 1.0,
          "z": 1.0
        },
        "matrix_basis": [
          [
            0.9652734994888306,
            -0.06933241337537766,
            0.25187307596206665,
            0.0
          ],
          [
            0.09159018844366074,
            0.99275803565979,
            -0.07773469388484955,
            0.0
          ],
          [
            -0.24465949833393097,
            0.09810434281826019,
            0.9646332263946533,
            0.0
          ],
          [
            0.0,
            0.0,
            0.0,
            1.0
          ]
        ],
        "rotation_mode": "QUATERNION"
      },
      "armature_space": {
        "head": {
          "x": 0.004550028592348099,
          "y": 0.008345592767000198,
          "z": 0.6610025763511658
        },
        "tail": {
          "x": 2.4467241019010544e-05,
          "y": 0.018826346844434738,
          "z": 0.8156731128692627
        }
      },
      "world_space": {
        "head": {
          "x": 0.004550028592348099,
          "y": 0.07158958911895752,
          "z": 1.610856533050537
        },
        "tail": {
          "x": 2.4467241019010544e-05,
          "y": 0.08207035064697266,
          "z": 1.7655271291732788
        },
        "rotation_quaternion": {
          "w": 0.7216520309448242,
          "x": 0.6710201501846313,
          "y": 0.11404972523450851,
          "z": 0.1262655407190323
        },
        "matrix": [
          [
            0.9420992732048035,
            -0.029180187731981277,
            0.33406203985214233,
            0.004550028592348099
          ],
          [
            0.33529913425445557,
            0.06757843494415283,
            -0.9396851062774658,
            0.07158958911895752
          ],
          [
            0.004845138639211655,
            0.9972941875457764,
            0.07344935089349747,
            1.610856533050537
          ],
          [
            0.0,
            0.0,
            0.0,
            1.0
          ]
        ]
      },
      "bone_length_armature_space": 0.15509126718918312,
      "parent": "neck_01",
      "has_children": false,
      "is_end_bone": true
    },
    "upperarm_l": {
      "name": "upperarm_l",
      "local": {
        "location": {
          "x": 0.0,
          "y": 0.0,
          "z": 0.0
        },
        "rotation_quaternion": {
          "w": 0.7757312059402466,
          "x": 0.3940824866294861,
          "y": 0.2633529603481293,
          "z": 0.41663578152656555
        },
        "scale": {
          "x": 1.0,
          "y": 1.0,
          "z": 1.0
        },
        "matrix_basis": [
          [
            0.5141196846961975,
            -0.4388291835784912,
            0.7369599342346191,
            0.0
          ],
          [
            0.8539603352546692,
            0.3422272503376007,
            -0.39195963740348816,
            0.0
          ],
          [
            -0.08020448684692383,
            0.8308486938476562,
            0.5506884455680847,
            0.0
          ],
          [
            0.0,
            0.0,
            0.0,
            1.0
          ]
        ],
        "rotation_mode": "QUATERNION"
      },
      "armature_space": {
        "head": {
          "x": 0.14739049971103668,
          "y": 0.010284870862960815,
          "z": 0.4942740797996521
        },
        "tail": {
          "x": 0.2398592233657837,
          "y": -0.20244474709033966,
          "z": 0.6284511089324951
        }
      },
      "world_space": {
        "head": {
          "x": 0.14739049971103668,
          "y": 0.07352887094020844,
          "z": 1.4441280364990234
        },
        "tail": {
          "x": 0.2398592233657837,
          "y": -0.13920074701309204,
          "z": 1.5783051252365112
        },
        "rotation_quaternion": {
          "w": 0.30459803342819214,
          "x": 0.9096763134002686,
          "y": 0.1014455184340477,
          "z": -0.2634729743003845
        },
        "matrix": [
          [
            0.8405819535255432,
            0.3450719118118286,
            -0.41754937171936035,
            0.14739049971103668
          ],
          [
            0.024058982729911804,
            -0.7938578128814697,
            -0.6076276898384094,
            0.07352887094020844
          ],
          [
            -0.5411537885665894,
            0.5007177591323853,
            -0.6756097078323364,
            1.4441280364990234
          ],
          [
            0.0,
            0.0,
            0.0,
            1.0
          ]
        ]
      },
      "bone_length_armature_space": 0.2679698332383752,
      "parent": "spine_01",
      "has_children": true,
      "is_end_bone": false
    },
    "lowerarm_l": {
      "name": "lowerarm_l",
      "local": {
        "location": {
          "x": 0.0,
          "y": 0.0,
          "z": 0.0
        },
        "rotation_quaternion": {
          "w": 0.8720090389251709,
          "x": 0.4587497115135193,
          "y": -0.1696034073829651,
          "z": 0.019588088616728783
        },
        "scale": {
          "x": 1.0,
          "y": 1.0,
          "z": 1.0
        },
        "matrix_basis": [
          [
            0.9417020082473755,
            -0.18977300822734833,
            -0.27781933546066284,
            0.0
          ],
          [
            -0.1214490458369255,
            0.5783300399780273,
            -0.8067122101783752,
            0.0
          ],
          [
            0.31376346945762634,
            0.7934233546257019,
            0.5215667486190796,
            0.0
          ],
          [
            0.0,
            0.0,
            0.0,
            1.0
          ]
        ],
        "rotation_mode": "QUATERNION"
      },
      "armature_space": {
        "head": {
          "x": 0.23985913395881653,
          "y": -0.20244485139846802,
          "z": 0.6284512281417847
        },
        "tail": {
          "x": 0.11544615775346756,
          "y": -0.436346173286438,
          "z": 0.5912895798683167
        }
      },
      "world_space": {
        "head": {
          "x": 0.23985913395881653,
          "y": -0.1392008513212204,
          "z": 1.5783052444458008
        },
        "tail": {
          "x": 0.11544615775346756,
          "y": -0.37310218811035156,
          "z": 1.5411436557769775
        },
        "rotation_quaternion": {
          "w": 0.17443154752254486,
          "x": -0.8589787483215332,
          "y": 0.1800416111946106,
          "z": 0.4464462697505951
        },
        "matrix": [
          [
            0.5365417003631592,
            -0.46505266427993774,
            -0.7041655778884888,
            0.23985913395881653
          ],
          [
            -0.1535559892654419,
            -0.8743175268173218,
            0.4604235589504242,
            -0.1392008513212204
          ],
          [
            -0.8297914266586304,
            -0.13890928030014038,
            -0.540522575378418,
            1.5783052444458008
          ],
          [
            0.0,
            0.0,
            0.0,
            1.0
          ]
        ]
      },
      "bone_length_armature_space": 0.2675245896701779,
      "parent": "upperarm_l",
      "has_children": true,
      "is_end_bone": false
    },
    "metacarpal_thumb_l": {
      "name": "metacarpal_thumb_l",
      "local": {
        "location": {
          "x": 0.0,
          "y": 0.0,
          "z": 0.0
        },
        "rotation_quaternion": {
          "w": 0.9988454580307007,
          "x": -0.047228675335645676,
          "y": 0.007817636243999004,
          "z": 0.004016124177724123
        },
        "scale": {
          "x": 1.0,
          "y": 1.0,
          "z": 1.0
        },
        "matrix_basis": [
          [
            0.9998455047607422,
            -0.008761407807469368,
            0.015237868763506413,
            0.0
          ],
          [
            0.007284541614353657,
            0.9955066442489624,
            0.09441109001636505,
            0.0
          ],
          [
            -0.015996573492884636,
            -0.0942855030298233,
            0.9954167008399963,
            0.0
          ],
          [
            0.0,
            0.0,
            0.0,
            1.0
          ]
        ],
        "rotation_mode": "QUATERNION"
      },
      "armature_space": {
        "head": {
          "x": 0.11544615775346756,
          "y": -0.436346173286438,
          "z": 0.5912895798683167
        },
        "tail": {
          "x": 0.07860291749238968,
          "y": -0.45791712403297424,
          "z": 0.5661725997924805
        }
      },
      "world_space": {
        "head": {
          "x": 0.11544615775346756,
          "y": -0.37310218811035156,
          "z": 1.5411436557769775
        },
        "tail": {
          "x": 0.07860291749238968,
          "y": -0.39467310905456543,
          "z": 1.5160266160964966
        },
        "rotation_quaternion": {
          "w": 0.1378827542066574,
          "x": -0.7998717427253723,
          "y": 0.513076901435852,
          "z": -0.27918747067451477
        },
        "matrix": [
          [
            0.3176112771034241,
            -0.7438019514083862,
            0.5881171226501465,
            0.11544615775346756
          ],
          [
            -0.8977819681167603,
            -0.4354805052280426,
            -0.06591472029685974,
            -0.37310218811035156
          ],
          [
            0.30514225363731384,
            -0.5070692300796509,
            -0.80609130859375,
            1.5411436557769775
          ],
          [
            0.0,
            0.0,
            0.0,
            1.0
          ]
        ]
      },
      "bone_length_armature_space": 0.04953375512645037,
      "parent": "lowerarm_l",
      "has_children": true,
      "is_end_bone": false
    },
    "thumb_01_l": {
      "name": "thumb_01_l",
      "local": {
        "location": {
          "x": 0.0,
          "y": 0.0,
          "z": 0.0
        },
        "rotation_quaternion": {
          "w": 0.9998528361320496,
          "x": 0.016498493030667305,
          "y": 0.0013771146768704057,
          "z": 0.004506723489612341
        },
        "scale": {
          "x": 1.0,
          "y": 1.0,
          "z": 1.0
        },
        "matrix_basis": [
          [
            0.9999555945396423,
            -0.008966679684817791,
            0.0029025322292000055,
            0.0
          ],
          [
            0.009057560935616493,
            0.9994149804115295,
            -0.03297971934080124,
            0.0
          ],
          [
            -0.0026051157619804144,
            0.03300454095005989,
            0.9994518160820007,
            0.0
          ],
          [
            0.0,
            0.0,
            0.0,
            1.0
          ]
        ],
        "rotation_mode": "QUATERNION"
      },
      "armature_space": {
        "head": {
          "x": 0.07860291749238968,
          "y": -0.45791712403297424,
          "z": 0.5661725997924805
        },
        "tail": {
          "x": 0.07605479657649994,
          "y": -0.4666255712509155,
          "z": 0.5333654284477234
        }
      },
      "world_space": {
        "head": {
          "x": 0.07860291749238968,
          "y": -0.39467310905456543,
          "z": 1.5160266160964966
        },
        "tail": {
          "x": 0.07605479657649994,
          "y": -0.4033815860748291,
          "z": 1.4832193851470947
        },
        "rotation_quaternion": {
          "w": 0.0649208202958107,
          "x": -0.14509758353233337,
          "y": 0.6065191030502319,
          "z": -0.7790164947509766
        },
        "matrix": [
          [
            -0.9494641423225403,
            -0.07485989481210709,
            0.3048175275325775,
            0.07860291749238968
          ],
          [
            -0.2771569788455963,
            -0.2558404505252838,
            -0.9261373281478882,
            -0.39467310905456543
          ],
          [
            0.14731630682945251,
            -0.9638233184814453,
            0.22216394543647766,
            1.5160266160964966
          ],
          [
            0.0,
            0.0,
            0.0,
            1.0
          ]
        ]
      },
      "bone_length_armature_space": 0.03403880867127631,
      "parent": "metacarpal_thumb_l",
      "has_children": true,
      "is_end_bone": false
    },
    "thumb_02_l": {
      "name": "thumb_02_l",
      "local": {
        "location": {
          "x": 0.0,
          "y": 0.0,
          "z": 0.0
        },
        "rotation_quaternion": {
          "w": 0.9890989065170288,
          "x": 0.14708387851715088,
          "y": -0.0026326605584472418,
          "z": -0.006543227005749941
        },
        "scale": {
          "x": 1.0,
          "y": 1.0,
          "z": 1.0
        },
        "matrix_basis": [
          [
            0.9999005198478699,
            0.012169353663921356,
            -0.007132729981094599,
            0.0
          ],
          [
            -0.013718240894377232,
            0.9566470384597778,
            -0.2909265458583832,
            0.0
          ],
          [
            0.003283116966485977,
            0.29099544882774353,
            0.9567188024520874,
            0.0
          ],
          [
            0.0,
            0.0,
            0.0,
            1.0
          ]
        ],
        "rotation_mode": "QUATERNION"
      },
      "armature_space": {
        "head": {
          "x": 0.07605481147766113,
          "y": -0.46662551164627075,
          "z": 0.5333654284477234
        },
        "tail": {
          "x": 0.05748463422060013,
          "y": -0.5021869540214539,
          "z": 0.535292387008667
        }
      },
      "world_space": {
        "head": {
          "x": 0.07605481147766113,
          "y": -0.4033815264701843,
          "z": 1.4832193851470947
        },
        "tail": {
          "x": 0.05748463422060013,
          "y": -0.43894296884536743,
          "z": 1.485146403312683
        },
        "rotation_quaternion": {
          "w": 0.23882746696472168,
          "x": 0.03452549874782562,
          "y": 0.016224633902311325,
          "z": 0.9703124165534973
        },
        "matrix": [
          [
            -0.8835388422012329,
            -0.4623541831970215,
            0.07475055009126663,
            0.07605481147766113
          ],
          [
            0.4645950496196747,
            -0.8853967189788818,
            0.01499493420124054,
            -0.4033815264701843
          ],
          [
            0.059252046048641205,
            0.0479770302772522,
            0.9970965385437012,
            1.4832193851470947
          ],
          [
            0.0,
            0.0,
            0.0,
            1.0
          ]
        ]
      },
      "bone_length_armature_space": 0.04016442217423508,
      "parent": "thumb_01_l",
      "has_children": true,
      "is_end_bone": false
    },
    "thumb_03_l": {
      "name": "thumb_03_l",
      "local": {
        "location": {
          "x": 0.0,
          "y": 0.0,
          "z": 0.0
        },
        "rotation_quaternion": {
          "w": 0.99824059009552,
          "x": 0.058189794421195984,
          "y": -0.010270420461893082,
          "z": 0.004923398606479168
        },
        "scale": {
          "x": 1.0,
          "y": 1.0,
          "z": 1.0
        },
        "matrix_basis": [
          [
            0.9997405409812927,
            -0.01102473959326744,
            -0.019931718707084656,
            0.0
          ],
          [
            0.008634204976260662,
            0.993179440498352,
            -0.11627595871686935,
            0.0
          ],
          [
            0.021077685058116913,
            0.11607369780540466,
            0.9930169582366943,
            0.0
          ],
          [
            0.0,
            0.0,
            0.0,
            1.0
          ]
        ],
        "rotation_mode": "QUATERNION"
      },
      "armature_space": {
        "head": {
          "x": 0.057484596967697144,
          "y": -0.5021868944168091,
          "z": 0.5352923274040222
        },
        "tail": {
          "x": 0.048794254660606384,
          "y": -0.528520405292511,
          "z": 0.5478588342666626
        }
      },
      "world_space": {
        "head": {
          "x": 0.057484596967697144,
          "y": -0.43894290924072266,
          "z": 1.4851462841033936
        },
        "tail": {
          "x": 0.048794254660606384,
          "y": -0.46527642011642456,
          "z": 1.4977128505706787
        },
        "rotation_quaternion": {
          "w": 0.1251974254846573,
          "x": -0.09862958639860153,
          "y": 0.2277000993490219,
          "z": 0.9605990648269653
        },
        "matrix": [
          [
            -0.9491956233978271,
            -0.28544512391090393,
            -0.1324717402458191,
            0.057484596967697144
          ],
          [
            0.19561335444450378,
            -0.8649566173553467,
            0.46215391159057617,
            -0.43894290924072266
          ],
          [
            -0.2465030550956726,
            0.4127633273601532,
            0.8768563270568848,
            1.4851462841033936
          ],
          [
            0.0,
            0.0,
            0.0,
            1.0
          ]
        ]
      },
      "bone_length_armature_space": 0.03044491593248937,
      "parent": "thumb_02_l",
      "has_children": false,
      "is_end_bone": true
    },
    "metacarpal_index_l": {
      "name": "metacarpal_index_l",
      "local": {
        "location": {
          "x": 0.0,
          "y": 0.0,
          "z": 0.0
        },
        "rotation_quaternion": {
          "w": 0.9996208548545837,
          "x": -0.018455306068062782,
          "y": 0.01570219360291958,
          "z": 0.013083734549582005
        },
        "scale": {
          "x": 1.0,
          "y": 1.0,
          "z": 1.0
        },
        "matrix_basis": [
          [
            0.9991645216941833,
            -0.02673712559044361,
            0.030909551307559013,
            0.0
          ],
          [
            0.02557796984910965,
            0.9989764094352722,
            0.0373075045645237,
            0.0
          ],
          [
            -0.03187540918588638,
            -0.03648573160171509,
            0.9988256692886353,
            0.0
          ],
          [
            0.0,
            0.0,
            0.0,
            1.0
          ]
        ],
        "rotation_mode": "QUATERNION"
      },
      "armature_space": {
        "head": {
          "x": 0.11544615775346756,
          "y": -0.436346173286438,
          "z": 0.5912895798683167
        },
        "tail": {
          "x": 0.03866218775510788,
          "y": -0.5174737572669983,
          "z": 0.5559090375900269
        }
      },
      "world_space": {
        "head": {
          "x": 0.11544615775346756,
          "y": -0.37310218811035156,
          "z": 1.5411436557769775
        },
        "tail": {
          "x": 0.03866218775510788,
          "y": -0.45422977209091187,
          "z": 1.505763053894043
        },
        "rotation_quaternion": {
          "w": 0.15553605556488037,
          "x": -0.9196218848228455,
          "y": 0.3600246012210846,
          "z": -0.02205834537744522
        },
        "matrix": [
          [
            0.739791214466095,
            -0.6553113460540771,
            0.15256528556346893,
            0.11544615775346756
          ],
          [
            -0.6690352559089661,
            -0.6923816800117493,
            0.27018484473228455,
            -0.37310218811035156
          ],
          [
            -0.07142302393913269,
            -0.3019545078277588,
            -0.9506505727767944,
            1.5411436557769775
          ],
          [
            0.0,
            0.0,
            0.0,
            1.0
          ]
        ]
      },
      "bone_length_armature_space": 0.11717186465862944,
      "parent": "lowerarm_l",
      "has_children": true,
      "is_end_bone": false
    },
    "index_01_l": {
      "name": "index_01_l",
      "local": {
        "location": {
          "x": 0.0,
          "y": 0.0,
          "z": 0.0
        },
        "rotation_quaternion": {
          "w": 0.9991029500961304,
          "x": -0.036880817264318466,
          "y": -0.01344306766986847,
          "z": -0.01588551700115204
        },
        "scale": {
          "x": 1.0,
          "y": 1.0,
          "z": 1.0
        },
        "matrix_basis": [
          [
            0.9991338849067688,
            0.032734114676713943,
            -0.02569027617573738,
            0.0
          ],
          [
            -0.030750950798392296,
            0.9967749118804932,
            0.07412257045507431,
            0.0
          ],
          [
            0.02803375944495201,
            -0.07326836884021759,
            0.9969182014465332,
            0.0
          ],
          [
            0.0,
            0.0,
            0.0,
            1.0
          ]
        ],
        "rotation_mode": "QUATERNION"
      },
      "armature_space": {
        "head": {
          "x": 0.03866218775510788,
          "y": -0.5174737572669983,
          "z": 0.5559090375900269
        },
        "tail": {
          "x": 0.028628254309296608,
          "y": -0.5439975261688232,
          "z": 0.5529288649559021
        }
      },
      "world_space": {
        "head": {
          "x": 0.03866218775510788,
          "y": -0.45422977209091187,
          "z": 1.505763053894043
        },
        "tail": {
          "x": 0.028628254309296608,
          "y": -0.4807535409927368,
          "z": 1.5027828216552734
        },
        "rotation_quaternion": {
          "w": 0.04910000413656235,
          "x": -0.9821373224258423,
          "y": 0.18026384711265564,
          "z": -0.02237500622868538
        },
        "matrix": [
          [
            0.9340086579322815,
            -0.3518904447555542,
            0.06165284663438797,
            0.03866218775510788
          ],
          [
            -0.3562850058078766,
            -0.9301885366439819,
            0.08837857097387314,
            -0.45422977209091187
          ],
          [
            0.026248879730701447,
            -0.10451381653547287,
            -0.994184136390686,
            1.505763053894043
          ],
          [
            0.0,
            0.0,
            0.0,
            1.0
          ]
        ]
      },
      "bone_length_armature_space": 0.02851440955603583,
      "parent": "metacarpal_index_l",
      "has_children": true,
      "is_end_bone": false
    },
    "index_02_l": {
      "name": "index_02_l",
      "local": {
        "location": {
          "x": 0.0,
          "y": 0.0,
          "z": 0.0
        },
        "rotation_quaternion": {
          "w": 0.9831967353820801,
          "x": 0.18223673105239868,
          "y": -0.007816155441105366,
          "z": -0.0072828419506549835
        },
        "scale": {
          "x": 1.0,
          "y": 1.0,
          "z": 1.0
        },
        "matrix_basis": [
          [
            0.9997717142105103,
            0.01147215161472559,
            -0.018024040386080742,
            0.0
          ],
          [
            -0.017169713973999023,
            0.9334734678268433,
            -0.35823526978492737,
            0.0
          ],
          [
            0.0127152344211936,
            0.35846295952796936,
            0.9334573745727539,
            0.0
          ],
          [
            0.0,
            0.0,
            0.0,
            1.0
          ]
        ],
        "rotation_mode": "QUATERNION"
      },
      "armature_space": {
        "head": {
          "x": 0.028627917170524597,
          "y": -0.5439977645874023,
          "z": 0.5529285669326782
        },
        "tail": {
          "x": 0.021023370325565338,
          "y": -0.5659714341163635,
          "z": 0.542092502117157
        }
      },
      "world_space": {
        "head": {
          "x": 0.028627917170524597,
          "y": -0.4807537794113159,
          "z": 1.5027825832366943
        },
        "tail": {
          "x": 0.021023370325565338,
          "y": -0.5027274489402771,
          "z": 1.4919464588165283
        },
        "rotation_quaternion": {
          "w": 0.21752718091011047,
          "x": -0.9634175896644592,
          "y": 0.15620335936546326,
          "z": -0.010441005229949951
        },
        "matrix": [
          [
            0.950982928276062,
            -0.29643580317497253,
            0.0880756750702858,
            0.028627917170524597
          ],
          [
            -0.3055209815502167,
            -0.8565651178359985,
            0.4158768057823181,
            -0.4807537794113159
          ],
          [
            -0.04783898964524269,
            -0.42240431904792786,
            -0.9051521420478821,
            1.5027825832366943
          ],
          [
            0.0,
            0.0,
            0.0,
            1.0
          ]
        ]
      },
      "bone_length_armature_space": 0.025653295759381675,
      "parent": "index_01_l",
      "has_children": true,
      "is_end_bone": false
    },
    "index_03_l": {
      "name": "index_03_l",
      "local": {
        "location": {
          "x": 0.0,
          "y": 0.0,
          "z": 0.0
        },
        "rotation_quaternion": {
          "w": 0.9799177050590515,
          "x": 0.19924670457839966,
          "y": -0.0047506606206297874,
          "z": 0.00628825556486845
        },
        "scale": {
          "x": 1.0,
          "y": 1.0,
          "z": 1.0
        },
        "matrix_basis": [
          [
            0.9998757839202881,
            -0.014217052608728409,
            -0.006804684642702341,
            0.0
          ],
          [
            0.010430838912725449,
            0.9205223917961121,
            -0.39055049419403076,
            0.0
          ],
          [
            0.011816341429948807,
            0.3904309868812561,
            0.920556366443634,
            0.0
          ],
          [
            0.0,
            0.0,
            0.0,
            1.0
          ]
        ],
        "rotation_mode": "QUATERNION"
      },
      "armature_space": {
        "head": {
          "x": 0.021023336797952652,
          "y": -0.5659714937210083,
          "z": 0.5420926213264465
        },
        "tail": {
          "x": 0.01728825271129608,
          "y": -0.5830765962600708,
          "z": 0.5187002420425415
        }
      },
      "world_space": {
        "head": {
          "x": 0.021023336797952652,
          "y": -0.5027275085449219,
          "z": 1.4919466972351074
        },
        "tail": {
          "x": 0.01728825271129608,
          "y": -0.5198326110839844,
          "z": 1.4685542583465576
        },
        "rotation_quaternion": {
          "w": 0.44156554341316223,
          "x": -0.8869081139564514,
          "y": 0.11095848679542542,
          "z": -0.07811753451824188
        },
        "matrix": [
          [
            0.9631717205047607,
            -0.1278320550918579,
            0.23655736446380615,
            0.021023336797952652
          ],
          [
            -0.2658084034919739,
            -0.5854167938232422,
            0.7659200429916382,
            -0.5027275085449219
          ],
          [
            0.04057541862130165,
            -0.8005974292755127,
            -0.5978392362594604,
            1.4919466972351074
          ],
          [
            0.0,
            0.0,
            0.0,
            1.0
          ]
        ]
      },
      "bone_length_armature_space": 0.02921880893774343,
      "parent": "index_02_l",
      "has_children": false,
      "is_end_bone": true
    },
    "metacarpal_pinky_l": {
      "name": "metacarpal_pinky_l",
      "local": {
        "location": {
          "x": 0.0,
          "y": 0.0,
          "z": 0.0
        },
        "rotation_quaternion": {
          "w": 0.9998651146888733,
          "x": 0.0019511375576257706,
          "y": -0.007484912872314453,
          "z": 0.014492782764136791
        },
        "scale": {
          "x": 1.0,
          "y": 1.0,
          "z": 1.0
        },
        "matrix_basis": [
          [
            0.9994678497314453,
            -0.029010863974690437,
            -0.014911252073943615,
            0.0
          ],
          [
            0.028952447697520256,
            0.9995722770690918,
            -0.004118703305721283,
            0.0
          ],
          [
            0.015024361200630665,
            0.00368479429744184,
            0.999880313873291,
            0.0
          ],
          [
            0.0,
            0.0,
            0.0,
            1.0
          ]
        ],
        "rotation_mode": "QUATERNION"
      },
      "armature_space": {
        "head": {
          "x": 0.11544615775346756,
          "y": -0.436346173286438,
          "z": 0.5912895798683167
        },
        "tail": {
          "x": 0.09352843463420868,
          "y": -0.5380011796951294,
          "z": 0.5966830849647522
        }
      },
      "world_space": {
        "head": {
          "x": 0.11544615775346756,
          "y": -0.37310218811035156,
          "z": 1.5411436557769775
        },
        "tail": {
          "x": 0.09352843463420868,
          "y": -0.47475719451904297,
          "z": 1.546537160873413
        },
        "rotation_quaternion": {
          "w": 0.08598552644252777,
          "x": -0.40616610646247864,
          "y": 0.06703871488571167,
          "z": 0.9072713851928711
        },
        "matrix": [
          [
            -0.655271053314209,
            -0.210482656955719,
            -0.7254771590232849,
            0.11544615775346756
          ],
          [
            0.1015666127204895,
            -0.9762246012687683,
            0.19149410724639893,
            -0.37310218811035156
          ],
          [
            -0.7485398054122925,
            0.051795780658721924,
            0.6610745787620544,
            1.5411436557769775
          ],
          [
            0.0,
            0.0,
            0.0,
            1.0
          ]
        ]
      },
      "bone_length_armature_space": 0.1041307669397986,
      "parent": "lowerarm_l",
      "has_children": true,
      "is_end_bone": false
    },
    "pinky_01_l": {
      "name": "pinky_01_l",
      "local": {
        "location": {
          "x": 0.0,
          "y": 0.0,
          "z": 0.0
        },
        "rotation_quaternion": {
          "w": 0.9980528354644775,
          "x": 0.05878649652004242,
          "y": 0.009367823600769043,
          "z": -0.018628565594553947
        },
        "scale": {
          "x": 1.0,
          "y": 1.0,
          "z": 1.0
        },
        "matrix_basis": [
          [
            0.9991304278373718,
            0.0382859893143177,
            0.016508949920535088,
            0.0
          ],
          [
            -0.03608318418264389,
            0.9923942685127258,
            -0.11769307404756546,
            0.0
          ],
          [
            -0.02088938280940056,
            0.11699504405260086,
            0.992912769317627,
            0.0
          ],
          [
            0.0,
            0.0,
            0.0,
            1.0
          ]
        ],
        "rotation_mode": "QUATERNION"
      },
      "armature_space": {
        "head": {
          "x": 0.09352843463420868,
          "y": -0.5380011796951294,
