{
  "metadata": {
    "armature_name": "KIM_caucasian_male",
    "export_time": "2026-01-13T20:26:45.387780",
    "blender_version": "4.4.1",
    "bone_count": 56,
    "end_bone_count": 13,
    "spaces_included": [
      "LOCAL_CHANNELS",
      "ARMATURE_SPACE",
      "WORLD_SPACE"
    ],
    "note": "LOCAL matches Transform panel; replay pose via local.matrix_basis for best fidelity."
  },
  "bones": {
    "Root": {
      "name": "Root",
      "local": {
        "location": {
          "x": 0.0,
          "y": 0.0,
          "z": 0.0
        },
        "rotation_quaternion": {
          "w": 0.999832272529602,
          "x": -0.013167829252779484,
          "y": 0.0028028604574501514,
          "z": 0.012421374209225178
        },
        "scale": {
          "x": 1.0,
          "y": 1.0,
          "z": 1.0
        },
        "matrix_basis": [
          [
            0.9996756911277771,
            -0.0249123964458704,
            0.005277655553072691,
            0.0
          ],
          [
            0.024764766916632652,
            0.9993446469306946,
            0.026400871574878693,
            0.0
          ],
          [
            -0.005931905936449766,
            -0.02626161091029644,
            0.9996374845504761,
            0.0
          ],
          [
            0.0,
            0.0,
            0.0,
            1.0
          ]
        ],
        "rotation_mode": "QUATERNION"
      },
      "armature_space": {
        "head": {
          "x": 0.0,
          "y": 0.07072800397872925,
          "z": -0.009595036506652832
        },
        "tail": {
          "x": -0.0017781439237296581,
          "y": 0.0002983361482620239,
          "z": 0.0018511554226279259
        }
      },
      "world_space": {
        "head": {
          "x": 0.0,
          "y": 0.13397200405597687,
          "z": 0.9402589797973633
        },
        "tail": {
          "x": -0.0017781439237296581,
          "y": 0.06354233622550964,
          "z": 0.9517051577568054
        },
        "rotation_quaternion": {
          "w": 0.08049426972866058,
          "x": 0.9966737627983093,
          "y": -0.012204335071146488,
          "z": 0.0036332965828478336
        },
        "matrix": [
          [
            0.9996756911277771,
            -0.0249123964458704,
            0.005277655553072691,
            0.0
          ],
          [
            -0.02374255657196045,
            -0.9867434501647949,
            -0.16054220497608185,
            0.13397200405597687
          ],
          [
            0.0092072244733572,
            0.1603650152683258,
            -0.9870219230651855,
            0.9402589797973633
          ],
          [
            0.0,
            0.0,
            0.0,
            1.0
          ]
        ]
      },
      "bone_length_armature_space": 0.07137587289696426,
      "parent": null,
      "has_children": true,
      "is_end_bone": false
    },
    "spine_01": {
      "name": "spine_01",
      "local": {
        "location": {
          "x": 0.0,
          "y": 0.0,
          "z": 0.0
        },
        "rotation_quaternion": {
          "w": 0.9982414245605469,
          "x": -0.015815116465091705,
          "y": -0.0545206293463707,
          "z": 0.017078271135687828
        },
        "scale": {
          "x": 1.0,
          "y": 1.0,
          "z": 1.0
        },
        "matrix_basis": [
          [
            0.9934716820716858,
            -0.03237197548151016,
            -0.10938969254493713,
            0.0
          ],
          [
            0.03582097589969635,
            0.9989164471626282,
            0.0297123733907938,
            0.0
          ],
          [
            0.1083093136548996,
            -0.0334368459880352,
            0.9935547709465027,
            0.0
          ],
          [
            0.0,
            0.0,
            0.0,
            1.0
          ]
        ],
        "rotation_mode": "QUATERNION"
      },
      "armature_space": {
        "head": {
          "x": -0.0017781439237296581,
          "y": 0.0002983361482620239,
          "z": 0.0018511554226279259
        },
        "tail": {
          "x": -0.020804276689887047,
          "y": 0.05258490517735481,
          "z": 0.4866734445095062
        }
      },
      "world_space": {
        "head": {
          "x": -0.0017781439237296581,
          "y": 0.06354233622550964,
          "z": 0.9517051577568054
        },
        "tail": {
          "x": -0.020804276689887047,
          "y": 0.11582890152931213,
          "z": 1.4365274906158447
        },
        "rotation_quaternion": {
          "w": 0.7413601875305176,
          "x": 0.6674636006355286,
          "y": -0.06290433555841446,
          "z": -0.030339378863573074
        },
        "matrix": [
          [
            0.9902452230453491,
            -0.03898787871003151,
            -0.13377012312412262,
            -0.0017781439237296581
          ],
          [
            -0.12895724177360535,
            0.10714434087276459,
            -0.9858449697494507,
            0.06354233622550964
          ],
          [
            0.05276896432042122,
            0.9934858083724976,
            0.10107119381427765,
            0.9517051577568054
          ],
          [
            0.0,
            0.0,
            0.0,
            1.0
          ]
        ]
      },
      "bone_length_armature_space": 0.48800465071898463,
      "parent": "Root",
      "has_children": true,
      "is_end_bone": false
    },
    "neck_01": {
      "name": "neck_01",
      "local": {
        "location": {
          "x": 0.0,
          "y": 0.0,
          "z": 0.0
        },
        "rotation_quaternion": {
          "w": 0.9906996488571167,
          "x": -0.05914977565407753,
          "y": -0.10687042027711868,
          "z": -0.05995331332087517
        },
        "scale": {
          "x": 1.0,
          "y": 1.0,
          "z": 1.0
        },
        "matrix_basis": [
          [
            0.9699686169624329,
            0.13143417239189148,
            -0.20466051995754242,
            0.0
          ],
          [
            -0.10614872723817825,
            0.9858137965202332,
            0.13001379370689392,
            0.0
          ],
          [
            0.2188454270362854,
            -0.10438485443592072,
            0.9701600074768066,
            0.0
          ],
          [
            0.0,
            0.0,
            0.0,
            1.0
          ]
        ],
        "rotation_mode": "QUATERNION"
      },
      "armature_space": {
        "head": {
          "x": -0.028298115357756615,
          "y": 0.026240311563014984,
          "z": 0.5629201531410217
        },
        "tail": {
          "x": -0.02255425602197647,
          "y": 0.006837604567408562,
          "z": 0.6634253859519958
        }
      },
      "world_space": {
        "head": {
          "x": -0.028298115357756615,
          "y": 0.0894843116402626,
          "z": 1.5127742290496826
        },
        "tail": {
          "x": -0.02255425602197647,
          "y": 0.07008160650730133,
          "z": 1.6132793426513672
        },
        "rotation_quaternion": {
          "w": 0.6313281655311584,
          "x": 0.7576860785484314,
          "y": -0.08244369924068451,
          "z": -0.1433161199092865
        },
        "matrix": [
          [
            0.9453272819519043,
            0.056025996804237366,
            -0.3212748169898987,
            -0.028298115357756615
          ],
          [
            -0.3058914840221405,
            -0.18925529718399048,
            -0.9330665469169617,
            0.0894843116402626
          ],
          [
            -0.1130799800157547,
            0.9803349375724792,
            -0.16177231073379517,
            1.5127742290496826
          ],
          [
            0.0,
            0.0,
            0.0,
            1.0
          ]
        ]
      },
      "bone_length_armature_space": 0.10252199055691726,
      "parent": "spine_01",
      "has_children": true,
      "is_end_bone": false
    },
    "head": {
      "name": "head",
      "local": {
        "location": {
          "x": 0.0,
          "y": 0.0,
          "z": 0.0
        },
        "rotation_quaternion": {
          "w": 0.982944667339325,
          "x": 0.08023934066295624,
          "y": -0.10398681461811066,
          "z": -0.12871794402599335
        },
        "scale": {
          "x": 1.0,
          "y": 1.0,
          "z": 1.0
        },
        "matrix_basis": [
          [
            0.94523686170578,
            0.23635756969451904,
            -0.22508305311203003,
            0.0
          ],
          [
            -0.26973289251327515,
            0.9539867043495178,
            -0.1309717297554016,
            0.0
          ],
          [
            0.183770090341568,
            0.18451160192489624,
            0.9654967784881592,
            0.0
          ],
          [
            0.0,
            0.0,
            0.0,
            1.0
          ]
        ],
        "rotation_mode": "QUATERNION"
      },
      "armature_space": {
        "head": {
          "x": -0.02255430817604065,
          "y": 0.0068374741822481155,
          "z": 0.6634253263473511
        },
        "tail": {
          "x": 0.028821498155593872,
          "y": -0.007474949583411217,
          "z": 0.8090582489967346
        }
      },
      "world_space": {
        "head": {
          "x": -0.02255430817604065,
          "y": 0.07008147239685059,
          "z": 1.6132793426513672
        },
        "tail": {
          "x": 0.028821498155593872,
          "y": 0.055769048631191254,
          "z": 1.7589123249053955
        },
        "rotation_quaternion": {
          "w": 0.6704710721969604,
          "x": 0.669586181640625,
          "y": -0.06577323377132416,
          "z": -0.3127247095108032
        },
        "matrix": [
          [
            0.7957530617713928,
            0.33126401901245117,
            -0.5069923996925354,
            -0.02255430817604065
          ],
          [
            -0.507429838180542,
            -0.09228450804948807,
            -0.8567373752593994,
            0.07008147239685059
          ],
          [
            -0.3305965065956116,
            0.9390208125114441,
            0.09465734660625458,
            1.6132793426513672
          ],
          [
            0.0,
            0.0,
            0.0,
            1.0
          ]
        ]
      },
      "bone_length_armature_space": 0.15509115518774103,
      "parent": "neck_01",
      "has_children": false,
      "is_end_bone": true
    },
    "upperarm_l": {
      "name": "upperarm_l",
      "local": {
        "location": {
          "x": 0.0,
          "y": 0.0,
          "z": 0.0
        },
        "rotation_quaternion": {
          "w": 0.9655895233154297,
          "x": -0.07649725675582886,
          "y": -0.051778730005025864,
          "z": -0.24311330914497375
        },
        "scale": {
          "x": 1.0,
          "y": 1.0,
          "z": 1.0
        },
        "matrix_basis": [
          [
            0.8764297366142273,
            0.4774172008037567,
            -0.06279899924993515,
            0.0
          ],
          [
            -0.4615734815597534,
            0.8700881600379944,
            0.17290610074996948,
            0.0
          ],
          [
            0.13718900084495544,
            -0.12255370616912842,
            0.9829342365264893,
            0.0
          ],
          [
            0.0,
            0.0,
            0.0,
            1.0
          ]
        ],
        "rotation_mode": "QUATERNION"
      },
      "armature_space": {
        "head": {
          "x": 0.12243234366178513,
          "y": -0.00344819575548172,
          "z": 0.5043878555297852
        },
        "tail": {
          "x": 0.36010080575942993,
          "y": -0.002747063059359789,
          "z": 0.3806096315383911
        }
      },
      "world_space": {
        "head": {
          "x": 0.12243234366178513,
          "y": 0.0597958043217659,
          "z": 1.4542418718338013
        },
        "tail": {
          "x": 0.36010080575942993,
          "y": 0.06049693748354912,
          "z": 1.3304636478424072
        },
        "rotation_quaternion": {
          "w": 0.4158177375793457,
          "x": 0.31536999344825745,
          "y": 0.5730658173561096,
          "z": -0.6318488717079163
        },
        "matrix": [
          [
            -0.45527422428131104,
            0.8869237899780273,
            0.07804987579584122,
            0.12243234366178513
          ],
          [
            -0.16401544213294983,
            0.0026164650917053223,
            -0.986454427242279,
            0.0597958043217659
          ],
          [
            -0.8751201629638672,
            -0.46191179752349854,
            0.14427809417247772,
            1.4542418718338013
          ],
          [
            0.0,
            0.0,
            0.0,
            1.0
          ]
        ]
      },
      "bone_length_armature_space": 0.26796983816935444,
      "parent": "spine_01",
      "has_children": true,
      "is_end_bone": false
    },
    "lowerarm_l": {
      "name": "lowerarm_l",
      "local": {
        "location": {
          "x": 0.0,
          "y": 0.0,
          "z": 0.0
        },
        "rotation_quaternion": {
          "w": 0.972402036190033,
          "x": 0.005397978704422712,
          "y": 0.020608140155673027,
          "z": -0.23233744502067566
        },
        "scale": {
          "x": 1.0,
          "y": 1.0,
          "z": 1.0
        },
        "matrix_basis": [
          [
            0.8911892175674438,
            0.4520733058452606,
            0.037570491433143616,
            0.0
          ],
          [
            -0.45162832736968994,
            0.8919803500175476,
            -0.02007409557700157,
            0.0
          ],
          [
            -0.042587101459503174,
            0.0009219257044605911,
            0.9990923404693604,
            0.0
          ],
          [
            0.0,
            0.0,
            0.0,
            1.0
          ]
        ],
        "rotation_mode": "QUATERNION"
      },
      "armature_space": {
        "head": {
          "x": 0.36010095477104187,
          "y": -0.002747093327343464,
          "z": 0.3806096911430359
        },
        "tail": {
          "x": 0.5324158668518066,
          "y": -0.06352759152650833,
          "z": 0.18520444631576538
        }
      },
      "world_space": {
        "head": {
          "x": 0.36010095477104187,
          "y": 0.06049690768122673,
          "z": 1.3304636478424072
        },
        "tail": {
          "x": 0.5324158668518066,
          "y": -0.00028359144926071167,
          "z": 1.1350584030151367
        },
        "rotation_quaternion": {
          "w": 0.2743717133998871,
          "x": 0.20557314157485962,
          "y": 0.5577836036682129,
          "z": -0.7558685541152954
        },
        "matrix": [
          [
            -0.7649194598197937,
            0.6441088914871216,
            -0.004690594971179962,
            0.36010095477104187
          ],
          [
            -0.18545028567314148,
            -0.22719600796699524,
            -0.9560284614562988,
            0.06049690768122673
          ],
          [
            -0.6168564558029175,
            -0.7304200530052185,
            0.2932380139827728,
            1.3304636478424072
          ],
          [
            0.0,
            0.0,
            0.0,
            1.0
          ]
        ]
      },
      "bone_length_armature_space": 0.26752552373404237,
      "parent": "upperarm_l",
      "has_children": true,
      "is_end_bone": false
    },
    "metacarpal_thumb_l": {
      "name": "metacarpal_thumb_l",
      "local": {
        "location": {
          "x": 0.0,
          "y": 0.0,
          "z": 0.0
        },
        "rotation_quaternion": {
          "w": 0.9994493126869202,
          "x": -0.02319731004536152,
          "y": 0.016760794445872307,
          "z": -0.01679808460175991
        },
        "scale": {
          "x": 1.0,
          "y": 1.0,
          "z": 1.0
        },
        "matrix_basis": [
          [
            0.9988738298416138,
            0.03280005604028702,
            0.034282468259334564,
            0.0
          ],
          [
            -0.034355279058218,
            0.9983594417572021,
            0.04580597206950188,
            0.0
          ],
          [
            -0.03272378817200661,
            -0.0469321683049202,
            0.9983619451522827,
            0.0
          ],
          [
            0.0,
            0.0,
            0.0,
            1.0
          ]
        ],
        "rotation_mode": "QUATERNION"
      },
      "armature_space": {
        "head": {
          "x": 0.5324158668518066,
          "y": -0.06352759152650833,
          "z": 0.18520444631576538
        },
        "tail": {
          "x": 0.5530374646186829,
          "y": -0.10062915086746216,
          "z": 0.15967372059822083
        }
      },
      "world_space": {
        "head": {
          "x": 0.5324158668518066,
          "y": -0.00028359144926071167,
          "z": 1.1350584030151367
        },
        "tail": {
          "x": 0.5530374646186829,
          "y": -0.03738515079021454,
          "z": 1.1095277070999146
        },
        "rotation_quaternion": {
          "w": 0.1272902935743332,
          "x": -0.8097611665725708,
          "y": -0.3305880129337311,
          "z": 0.46775612235069275
        },
        "matrix": [
          [
            0.343830943107605,
            0.4163151979446411,
            -0.8417018055915833,
            0.5324158668518066
          ],
          [
            0.654476523399353,
            -0.7490168809890747,
            -0.10312190651893616,
            -0.00028359144926071167
          ],
          [
            -0.6733843684196472,
            -0.5154216289520264,
            -0.5300074219703674,
            1.1350584030151367
          ],
          [
            0.0,
            0.0,
            0.0,
            1.0
          ]
        ]
      },
      "bone_length_armature_space": 0.049533765996226,
      "parent": "lowerarm_l",
      "has_children": true,
      "is_end_bone": false
    },
    "thumb_01_l": {
      "name": "thumb_01_l",
      "local": {
        "location": {
          "x": 0.0,
          "y": 0.0,
          "z": 0.0
        },
        "rotation_quaternion": {
          "w": 0.9996117949485779,
          "x": -0.004799708258360624,
          "y": -0.02240712009370327,
          "z": 0.015848074108362198
        },
        "scale": {
          "x": 1.0,
          "y": 1.0,
          "z": 1.0
        },
        "matrix_basis": [
          [
            0.998493492603302,
            -0.031468749046325684,
            -0.04494897648692131,
            0.0
          ],
          [
            0.03189893811941147,
            0.9994515776634216,
            0.00888547021895647,
            0.0
          ],
          [
            0.044644709676504135,
            -0.010305909439921379,
            0.9989497661590576,
            0.0
          ],
          [
            0.0,
            0.0,
            0.0,
            1.0
          ]
        ],
        "rotation_mode": "QUATERNION"
      },
      "armature_space": {
        "head": {
          "x": 0.5530374646186829,
          "y": -0.10062915086746216,
          "z": 0.15967372059822083
        },
        "tail": {
          "x": 0.5387058854103088,
          "y": -0.12242089211940765,
          "z": 0.13780231773853302
        }
      },
      "world_space": {
        "head": {
          "x": 0.5530374646186829,
          "y": -0.03738515079021454,
          "z": 1.1095277070999146
        },
        "tail": {
          "x": 0.5387058854103088,
          "y": -0.059176892042160034,
          "z": 1.0876563787460327
        },
        "rotation_quaternion": {
          "w": 0.34179583191871643,
          "x": -0.9042946696281433,
          "y": 0.25114142894744873,
          "z": -0.048527613282203674
        },
        "matrix": [
          [
            0.8691455125808716,
            -0.4210388958454132,
            0.25944581627845764,
            0.5530374646186829
          ],
          [
            -0.4873855710029602,
            -0.640207052230835,
            0.5937929749488831,
            -0.03738515079021454
          ],
          [
            -0.08391182124614716,
            -0.642547607421875,
            -0.7616465091705322,
            1.1095277070999146
          ],
          [
            0.0,
            0.0,
            0.0,
            1.0
          ]
        ]
      },
      "bone_length_armature_space": 0.03403868991025659,
      "parent": "metacarpal_thumb_l",
      "has_children": true,
      "is_end_bone": false
    },
    "thumb_02_l": {
      "name": "thumb_02_l",
      "local": {
        "location": {
          "x": 0.0,
          "y": 0.0,
          "z": 0.0
        },
        "rotation_quaternion": {
          "w": 0.9984481334686279,
          "x": 0.05565527826547623,
          "y": -0.0003980614710599184,
          "z": -0.0019094657618552446
        },
        "scale": {
          "x": 1.0,
          "y": 1.0,
          "z": 1.0
        },
        "matrix_basis": [
          [
            0.9999923706054688,
            0.0037686966825276613,
            -0.00100743118673563,
            0.0
          ],
          [
            -0.003857313422486186,
            0.9937976598739624,
            -0.111136294901371,
            0.0
          ],
          [
            0.0005823437822982669,
            0.11113933473825455,
            0.9938046336174011,
            0.0
          ],
          [
            0.0,
            0.0,
            0.0,
            1.0
          ]
        ],
        "rotation_mode": "QUATERNION"
      },
      "armature_space": {
        "head": {
          "x": 0.5387058854103088,
          "y": -0.12242089211940765,
          "z": 0.1378023624420166
        },
        "tail": {
          "x": 0.5618435740470886,
          "y": -0.1300358772277832,
          "z": 0.10586725175380707
        }
      },
      "world_space": {
        "head": {
          "x": 0.5387058854103088,
          "y": -0.059176892042160034,
          "z": 1.0876563787460327
        },
        "tail": {
          "x": 0.5618435740470886,
          "y": -0.06679187715053558,
          "z": 1.0557212829589844
        },
        "rotation_quaternion": {
          "w": 0.6346381306648254,
          "x": -0.587558925151825,
          "y": 0.049372412264347076,
          "z": -0.49957117438316345
        },
        "matrix": [
          [
            0.4959785044193268,
            0.5760751962661743,
            0.6497248411178589,
            0.5387058854103088
          ],
          [
            -0.6921146512031555,
            -0.18959537148475647,
            0.6964415311813354,
            -0.059176892042160034
          ],
          [
            0.5243908762931824,
            -0.7951099276542664,
            0.3046773672103882,
            1.0876563787460327
          ],
          [
            0.0,
            0.0,
            0.0,
            1.0
          ]
        ]
      },
      "bone_length_armature_space": 0.040164560567387014,
      "parent": "thumb_01_l",
      "has_children": true,
      "is_end_bone": false
    },
    "thumb_03_l": {
      "name": "thumb_03_l",
      "local": {
        "location": {
          "x": 0.0,
          "y": 0.0,
          "z": 0.0
        },
        "rotation_quaternion": {
          "w": 0.9983249306678772,
          "x": 0.05712675675749779,
          "y": 0.008197424933314323,
          "z": 0.0040887389332056046
        },
        "scale": {
          "x": 1.0,
          "y": 1.0,
          "z": 1.0
        },
        "matrix_basis": [
          [
            0.9998321533203125,
            -0.007227195426821709,
            0.01683454029262066,
            0.0
          ],
          [
            0.00910036452114582,
            0.9934396147727966,
            -0.11399509757757187,
            0.0
          ],
          [
            -0.015900233760476112,
            0.11412916332483292,
            0.9933386445045471,
            0.0
          ],
          [
            0.0,
            0.0,
            0.0,
            1.0
          ]
        ],
        "rotation_mode": "QUATERNION"
      },
      "armature_space": {
        "head": {
          "x": 0.5618435144424438,
          "y": -0.13003595173358917,
          "z": 0.10586729645729065
        },
        "tail": {
          "x": 0.5835180878639221,
          "y": -0.12482338398694992,
          "z": 0.08513232320547104
        }
      },
      "world_space": {
        "head": {
          "x": 0.5618435144424438,
          "y": -0.06679195165634155,
          "z": 1.0557212829589844
        },
        "tail": {
          "x": 0.5835180878639221,
          "y": -0.0615793839097023,
          "z": 1.0349863767623901
        },
        "rotation_quaternion": {
          "w": 0.7513040900230408,
          "x": -0.34848394989967346,
          "y": 0.1454283446073532,
          "z": -0.5412501692771912
        },
        "matrix": [
          [
            0.37179529666900635,
            0.7119279503822327,
            0.5957570672035217,
            0.5618435144424438
          ],
          [
            -0.9146468043327332,
            0.1712133288383484,
            0.3662063777446747,
            -0.06679195165634155
          ],
          [
            0.15871155261993408,
            -0.6810659170150757,
            0.7148243188858032,
            1.0557212829589844
          ],
          [
            0.0,
            0.0,
            0.0,
            1.0
          ]
        ]
      },
      "bone_length_armature_space": 0.03044498523881661,
      "parent": "thumb_02_l",
      "has_children": false,
      "is_end_bone": true
    },
    "metacarpal_index_l": {
      "name": "metacarpal_index_l",
      "local": {
        "location": {
          "x": 0.0,
          "y": 0.0,
          "z": 0.0
        },
        "rotation_quaternion": {
          "w": 0.9987466931343079,
          "x": -0.04821208491921425,
          "y": -0.013228408992290497,
          "z": -0.0024112144019454718
        },
        "scale": {
          "x": 1.0,
          "y": 1.0,
          "z": 1.0
        },
        "matrix_basis": [
          [
            0.9996383786201477,
            0.006091922987252474,
            -0.026191160082817078,
            0.0
          ],
          [
            -0.0035408465191721916,
            0.995339572429657,
            0.09636711329221725,
            0.0
          ],
          [
            0.02665615826845169,
            -0.09623952955007553,
            0.9950011968612671,
            0.0
          ],
          [
            0.0,
            0.0,
            0.0,
            1.0
          ]
        ],
        "rotation_mode": "QUATERNION"
      },
      "armature_space": {
        "head": {
          "x": 0.5324158668518066,
          "y": -0.06352759152650833,
          "z": 0.18520444631576538
        },
        "tail": {
          "x": 0.6075633764266968,
          "y": -0.11641603708267212,
          "z": 0.1125066801905632
        }
      },
      "world_space": {
        "head": {
          "x": 0.5324158668518066,
          "y": -0.00028359144926071167,
          "z": 1.1350584030151367
        },
        "tail": {
          "x": 0.6075633764266968,
          "y": -0.0531720370054245,
          "z": 1.0623606443405151
        },
        "rotation_quaternion": {
          "w": 0.02703413926064968,
          "x": 0.5808746814727783,
          "y": 0.523048460483551,
          "z": -0.6231164336204529
        },
        "matrix": [
          [
            -0.32370930910110474,
            0.6413447856903076,
            -0.6956214308738708,
            0.5324158668518066
          ],
          [
            0.5739598274230957,
            -0.45137542486190796,
            -0.6832499504089355,
            -0.00028359144926071167
          ],
          [
            -0.7521898746490479,
            -0.620437741279602,
            -0.2219938486814499,
            1.1350584030151367
          ],
          [
            0.0,
            0.0,
            0.0,
            1.0
          ]
        ]
      },
      "bone_length_armature_space": 0.11717209913461514,
      "parent": "lowerarm_l",
      "has_children": true,
      "is_end_bone": false
    },
    "index_01_l": {
      "name": "index_01_l",
      "local": {
        "location": {
          "x": 0.0,
          "y": 0.0,
          "z": 0.0
        },
        "rotation_quaternion": {
          "w": 0.9946305751800537,
          "x": -0.10246789455413818,
          "y": -0.013977991417050362,
          "z": -0.003890272229909897
        },
        "scale": {
          "x": 1.0,
          "y": 1.0,
          "z": 1.0
        },
        "matrix_basis": [
          [
            0.9995789527893066,
            0.010603358037769794,
            -0.027008619159460068,
            0.0
          ],
          [
            -0.004874176811426878,
            0.9789704084396362,
            0.2039441615343094,
            0.0
          ],
          [
            0.02860313095152378,
            -0.2037266492843628,
            0.9786099195480347,
            0.0
          ],
          [
            0.0,
            0.0,
            0.0,
            1.0
          ]
        ],
        "rotation_mode": "QUATERNION"
      },
      "armature_space": {
        "head": {
          "x": 0.6075633764266968,
          "y": -0.11641603708267212,
          "z": 0.1125066801905632
        },
        "tail": {
          "x": 0.6271823644638062,
          "y": -0.11580058932304382,
          "z": 0.09182357043027878
        }
      },
      "world_space": {
        "head": {
          "x": 0.6075633764266968,
          "y": -0.0531720370054245,
          "z": 1.0623606443405151
        },
        "tail": {
          "x": 0.6271823644638062,
          "y": -0.052556589245796204,
          "z": 1.0416775941848755
        },
        "rotation_quaternion": {
          "w": 0.002568803960457444,
          "x": 0.4795227348804474,
          "y": 0.7146931886672974,
          "z": -0.5091809034347534
        },
        "matrix": [
          [
            -0.5401004552841187,
            0.688039243221283,
            -0.48465824127197266,
            0.6075633764266968
          ],
          [
            0.682809591293335,
            0.021583817899227142,
            -0.7302777171134949,
            -0.0531720370054245
          ],
          [
            -0.4920017123222351,
            -0.7253574728965759,
            -0.4814611077308655,
            1.0623606443405151
          ],
          [
            0.0,
            0.0,
            0.0,
            1.0
          ]
        ]
      },
      "bone_length_armature_space": 0.028514461013156925,
      "parent": "metacarpal_index_l",
      "has_children": true,
      "is_end_bone": false
    },
    "index_02_l": {
      "name": "index_02_l",
      "local": {
        "location": {
          "x": 0.0,
          "y": 0.0,
          "z": 0.0
        },
        "rotation_quaternion": {
          "w": 0.999866247177124,
          "x": 0.012903721071779728,
          "y": -0.010047219693660736,
          "z": -0.00015362189151346684
        },
        "scale": {
          "x": 1.0,
          "y": 1.0,
          "z": 1.0
        },
        "matrix_basis": [
          [
            0.999798059463501,
            4.7909648856148124e-05,
            -0.020095717161893845,
            0.0
          ],
          [
            -0.0005664957570843399,
            0.9996669292449951,
            -0.025800904259085655,
            0.0
          ],
          [
            0.02008778788149357,
            0.025807077065110207,
            0.9994651079177856,
            0.0
          ],
          [
            0.0,
            0.0,
            0.0,
            1.0
          ]
        ],
        "rotation_mode": "QUATERNION"
      },
      "armature_space": {
        "head": {
          "x": 0.6271826028823853,
          "y": -0.11580096930265427,
          "z": 0.09182325750589371
        },
        "tail": {
          "x": 0.6445260643959045,
          "y": -0.11456641554832458,
          "z": 0.0729612484574318
        }
      },
      "world_space": {
        "head": {
          "x": 0.6271826028823853,
          "y": -0.05255696922540665,
          "z": 1.0416772365570068
        },
        "tail": {
          "x": 0.6445260643959045,
          "y": -0.051322415471076965,
          "z": 1.022815227508545
        },
        "rotation_quaternion": {
          "w": 0.028282616287469864,
          "x": 0.4467538893222809,
          "y": 0.7233693599700928,
          "z": -0.5256880521774292
        },
        "matrix": [
          [
            -0.5992201566696167,
            0.6760720014572144,
            -0.42879125475883484,
            0.6271826028823853
          ],
          [
            0.6166029572486877,
            0.04812461882829666,
            -0.7858021855354309,
            -0.05255696922540665
          ],
          [
            -0.5106263756752014,
            -0.7352674007415771,
            -0.4457089900970459,
            1.0416772365570068
          ],
          [
            0.0,
            0.0,
            0.0,
            1.0
          ]
        ]
      },
      "bone_length_armature_space": 0.02565336544058685,
      "parent": "index_01_l",
      "has_children": true,
      "is_end_bone": false
    },
    "index_03_l": {
      "name": "index_03_l",
      "local": {
        "location": {
          "x": 0.0,
          "y": 0.0,
          "z": 0.0
        },
        "rotation_quaternion": {
          "w": 0.9991145730018616,
          "x": 0.04134169593453407,
          "y": -0.005320396274328232,
          "z": -0.005720700602978468
        },
        "scale": {
          "x": 1.0,
          "y": 1.0,
          "z": 1.0
        },
        "matrix_basis": [
          [
            0.9998779296875,
            0.010991361923515797,
            -0.011104377917945385,
            0.0
          ],
          [
            -0.01187117863446474,
            0.9965162873268127,
            -0.0825493112206459,
            0.0
          ],
          [
            0.010158363729715347,
            0.08267105370759964,
            0.9965251088142395,
            0.0
          ],
          [
            0.0,
            0.0,
            0.0,
            1.0
          ]
        ],
        "rotation_mode": "QUATERNION"
      },
      "armature_space": {
        "head": {
          "x": 0.6445261240005493,
          "y": -0.11456631869077682,
          "z": 0.07296133041381836
        },
        "tail": {
          "x": 0.6598917245864868,
          "y": -0.1151440218091011,
          "z": 0.04811570420861244
        }
      },
      "world_space": {
        "head": {
          "x": 0.6445261240005493,
          "y": -0.051322318613529205,
          "z": 1.0228153467178345
        },
        "tail": {
          "x": 0.6598917245864868,
          "y": -0.051900021731853485,
          "z": 0.9979697465896606
        },
        "rotation_quaternion": {
          "w": 0.05823497101664543,
          "x": -0.42480185627937317,
          "y": -0.6976557970046997,
          "z": 0.5739586353302002
        },
        "matrix": [
          [
            -0.632301926612854,
            0.5258821845054626,
            -0.5688955783843994,
            0.6445261240005493
          ],
          [
            0.6595821380615234,
            -0.019771777093410492,
            -0.7513725161552429,
            -0.051322318613529205
          ],
          [
            -0.406383752822876,
            -0.850333571434021,
            -0.3343636989593506,
            1.0228153467178345
          ],
          [
            0.0,
            0.0,
            0.0,
            1.0
          ]
        ]
      },
      "bone_length_armature_space": 0.02921883961341402,
      "parent": "index_02_l",
      "has_children": false,
      "is_end_bone": true
    },
    "metacarpal_pinky_l": {
      "name": "metacarpal_pinky_l",
      "local": {
        "location": {
          "x": 0.0,
          "y": 0.0,
          "z": 0.0
        },
        "rotation_quaternion": {
          "w": 0.9990236759185791,
          "x": -0.04347165301442146,
          "y": 0.0026691739913076162,
          "z": -0.007413498591631651
        },
        "scale": {
          "x": 1.0,
          "y": 1.0,
          "z": 1.0
        },
        "matrix_basis": [
          [
            0.9998758435249329,
            0.014580454677343369,
            0.00597769021987915,
            0.0
          ],
          [
            -0.015044587664306164,
            0.9961104989051819,
            0.08681884407997131,
            0.0
          ],
          [
            -0.004688581917434931,
            -0.08689799904823303,
            0.9962061643600464,
            0.0
          ],
          [
            0.0,
            0.0,
            0.0,
            1.0
          ]
        ],
        "rotation_mode": "QUATERNION"
      },
      "armature_space": {
        "head": {
          "x": 0.5324158668518066,
          "y": -0.06352759152650833,
          "z": 0.18520444631576538
        },
        "tail": {
          "x": 0.5886011719703674,
          "y": -0.05671676620841026,
          "z": 0.09779653698205948
        }
      },
      "world_space": {
        "head": {
          "x": 0.5324158668518066,
          "y": -0.00028359144926071167,
          "z": 1.1350584030151367
        },
        "tail": {
          "x": 0.5886011719703674,
          "y": 0.006527233868837357,
          "z": 1.0476505756378174
        },
        "rotation_quaternion": {
          "w": 0.6254381537437439,
          "x": -0.30223628878593445,
          "y": 0.3762066960334778,
          "z": -0.6131468415260315
        },
        "matrix": [
          [
            -0.03496386483311653,
            0.5395650267601013,
            0.8412177562713623,
            0.5324158668518066
          ],
          [
            -0.9943773746490479,
            0.06540645658969879,
            -0.08328216522932053,
            -0.00028359144926071167
          ],
          [
            -0.09995866566896439,
            -0.8394052982330322,
            0.534247875213623,
            1.1350584030151367
          ],
          [
            0.0,
            0.0,
            0.0,
            1.0
          ]
        ]
      },
      "bone_length_armature_space": 0.10413125474145042,
      "parent": "lowerarm_l",
      "has_children": true,
      "is_end_bone": false
    },
    "pinky_01_l": {
      "name": "pinky_01_l",
      "local": {
        "location": {
          "x": 0.0,
          "y": 0.0,
          "z": 0.0
        },
        "rotation_quaternion": {
          "w": 0.9632711410522461,
          "x": 0.2671886384487152,
          "y": 0.026807155460119247,
          "z": -0.0006965661305002868
        },
        "scale": {
          "x": 1.0,
          "y": 1.0,
          "z": 1.0
        },
        "matrix_basis": [
          [
            0.9985617995262146,
            0.015667099505662918,
            0.051272887736558914,
            0.0
          ],
          [
            0.012983170337975025,
            0.8572195172309875,
            -0.5147875547409058,
            0.0
          ],
          [
            -0.052017346024513245,
            0.5147128701210022,
            0.855783224105835,
            0.0
          ],
          [
            0.0,
            0.0,
            0.0,
            1.0
          ]
        ],
        "rotation_mode": "QUATERNION"
      },
      "armature_space": {
        "head": {
          "x": 0.5886011719703674,
