{
  "metadata": {
    "armature_name": "KIM_caucasian_male",
    "export_time": "2026-01-13T21:04:32.800647",
    "blender_version": "4.4.1",
    "bone_count": 56,
    "end_bone_count": 13,
    "spaces_included": [
      "LOCAL_CHANNELS",
      "ARMATURE_SPACE",
      "WORLD_SPACE"
    ],
    "note": "LOCAL matches Transform panel; replay pose via local.matrix_basis for best fidelity."
  },
  "bones": {
    "Root": {
      "name": "Root",
      "local": {
        "location": {
          "x": 0.0,
          "y": 0.0,
          "z": 0.0
        },
        "rotation_quaternion": {
          "w": 0.9996949434280396,
          "x": -0.004701659083366394,
          "y": -0.0010983009124174714,
          "z": -0.024221185594797134
        },
        "scale": {
          "x": 1.0,
          "y": 1.0,
          "z": 1.0
        },
        "matrix_basis": [
          [
            0.9988242387771606,
            0.04843791946768761,
            -0.0019681721460074186,
            0.0
          ],
          [
            -0.048417266458272934,
            0.9987824559211731,
            0.009453654289245605,
            0.0
          ],
          [
            0.0024236913304775953,
            -0.00934724509716034,
            0.9999533891677856,
            0.0
          ],
          [
            0.0,
            0.0,
            0.0,
            1.0
          ]
        ],
        "rotation_mode": "QUATERNION"
      },
      "armature_space": {
        "head": {
          "x": 0.0,
          "y": 0.07072800397872925,
          "z": -0.009595036506652832
        },
        "tail": {
          "x": 0.0034572985023260117,
          "y": 0.00017580389976501465,
          "z": 0.0006494345143437386
        }
      },
      "world_space": {
        "head": {
          "x": 0.0,
          "y": 0.13397200405597687,
          "z": 0.9402589797973633
        },
        "tail": {
          "x": 0.0034572985023260117,
          "y": 0.06341980397701263,
          "z": 0.9505034685134888
        },
        "rotation_quaternion": {
          "w": 0.07203808426856995,
          "x": 0.9971071481704712,
          "y": 0.024092169478535652,
          "z": -0.002727536717429757
        },
        "matrix": [
          [
            0.9988242387771606,
            0.04843791946768761,
            -0.0019681721460074186,
            0.0
          ],
          [
            0.047651972621679306,
            -0.988460123538971,
            -0.14379127323627472,
            0.13397200405597687
          ],
          [
            -0.008910426869988441,
            0.14352849125862122,
            -0.9896131753921509,
            0.9402589797973633
          ],
          [
            0.0,
            0.0,
            0.0,
            1.0
          ]
        ]
      },
      "bone_length_armature_space": 0.07137587024496744,
      "parent": null,
      "has_children": true,
      "is_end_bone": false
    },
    "spine_01": {
      "name": "spine_01",
      "local": {
        "location": {
          "x": 0.0,
          "y": 0.0,
          "z": 0.0
        },
        "rotation_quaternion": {
          "w": 0.9991163015365601,
          "x": -0.029951227828860283,
          "y": -0.02929859049618244,
          "z": 0.0033622945193201303
        },
        "scale": {
          "x": 1.0,
          "y": 1.0,
          "z": 1.0
        },
        "matrix_basis": [
          [
            0.9982605576515198,
            -0.004963588900864124,
            -0.058746807277202606,
            0.0
          ],
          [
            0.008473703637719154,
            0.9981832504272461,
            0.05965249985456467,
            0.0
          ],
          [
            0.05834398791193962,
            -0.060046542435884476,
            0.9964890480041504,
            0.0
          ],
          [
            0.0,
            0.0,
            0.0,
            1.0
          ]
        ],
        "rotation_mode": "QUATERNION"
      },
      "armature_space": {
        "head": {
          "x": 0.0034572985023260117,
          "y": 0.00017580389976501465,
          "z": 0.0006494345143437386
        },
        "tail": {
          "x": 0.002659738529473543,
          "y": 0.05669822916388512,
          "z": 0.48536911606788635
        }
      },
      "world_space": {
        "head": {
          "x": 0.0034572985023260117,
          "y": 0.06341980397701263,
          "z": 0.9505034685134888
        },
        "tail": {
          "x": 0.002659738529473543,
          "y": 0.11994223296642303,
          "z": 1.43522310256958
        },
        "rotation_quaternion": {
          "w": 0.746921956539154,
          "x": 0.6648908853530884,
          "y": -0.00442685279995203,
          "z": -0.002846623072400689
        },
        "matrix": [
          [
            0.9999445080757141,
            -0.0016343402676284313,
            -0.010398399084806442,
            0.0034572985023260117
          ],
          [
            -0.01013914868235588,
            0.11582434922456741,
            -0.9932180643081665,
            0.06341980397701263
          ],
          [
            0.002827656688168645,
            0.9932755827903748,
            0.11580125987529755,
            0.9505034685134888
          ],
          [
            0.0,
            0.0,
            0.0,
            1.0
          ]
        ]
      },
      "bone_length_armature_space": 0.4880047136761362,
      "parent": "Root",
      "has_children": true,
      "is_end_bone": false
    },
    "neck_01": {
      "name": "neck_01",
      "local": {
        "location": {
          "x": 0.0,
          "y": 0.0,
          "z": 0.0
        },
        "rotation_quaternion": {
          "w": 0.9960690140724182,
          "x": 0.06437033414840698,
          "y": -0.05533314496278763,
          "z": 0.025325333699584007
        },
        "scale": {
          "x": 1.0,
          "y": 1.0,
          "z": 1.0
        },
        "matrix_basis": [
          [
            0.9925937652587891,
            -0.05757518485188484,
            -0.10697086155414581,
            0.0
          ],
          [
            0.0433279350399971,
            0.9904301762580872,
            -0.13103725016117096,
            0.0
          ],
          [
            0.11349166184663773,
            0.12543192505836487,
            0.9855893850326538,
            0.0
          ],
          [
            0.0,
            0.0,
            0.0,
            1.0
          ]
        ],
        "rotation_mode": "QUATERNION"
      },
      "armature_space": {
        "head": {
          "x": 0.002179453382268548,
          "y": 0.030733466148376465,
          "z": 0.5621113181114197
        },
        "tail": {
          "x": -0.004415558651089668,
          "y": -0.009011566638946533,
          "z": 0.6563853025436401
        }
      },
      "world_space": {
        "head": {
          "x": 0.002179453382268548,
          "y": 0.09397746622562408,
          "z": 1.511965274810791
        },
        "tail": {
          "x": -0.004415558651089668,
          "y": 0.054232433438301086,
          "z": 1.6062393188476562
        },
        "rotation_quaternion": {
          "w": 0.55014568567276,
          "x": 0.8323898911476135,
          "y": -0.059175096452236176,
          "z": -0.03106939047574997
        },
        "matrix": [
          [
            0.9910659193992615,
            -0.06432818621397018,
            -0.11683373898267746,
            0.002179453382268548
          ],
          [
            -0.1326991319656372,
            -0.3876757025718689,
            -0.912194550037384,
            0.09397746622562408
          ],
          [
            0.013386191800236702,
            0.9195547103881836,
            -0.3927520513534546,
            1.511965274810791
          ],
          [
            0.0,
            0.0,
            0.0,
            1.0
          ]
        ]
      },
      "bone_length_armature_space": 0.10252193021488967,
      "parent": "spine_01",
      "has_children": true,
      "is_end_bone": false
    },
    "head": {
      "name": "head",
      "local": {
        "location": {
          "x": 0.0,
          "y": 0.0,
          "z": 0.0
        },
        "rotation_quaternion": {
          "w": 0.9912916421890259,
          "x": 0.029808133840560913,
          "y": -0.11509836465120316,
          "z": 0.05661056563258171
        },
        "scale": {
          "x": 1.0,
          "y": 1.0,
          "z": 1.0
        },
        "matrix_basis": [
          [
            0.9670951962471008,
            -0.11909689754247665,
            -0.2248171865940094,
            0.0
          ],
          [
            0.10537342727184296,
            0.9918134212493896,
            -0.07212867587804794,
            0.0
          ],
          [
            0.23156701028347015,
            0.04606553912162781,
            0.9717276692390442,
            0.0
          ],
          [
            0.0,
            0.0,
            0.0,
            1.0
          ]
        ],
        "rotation_mode": "QUATERNION"
      },
      "armature_space": {
        "head": {
          "x": -0.004415570758283138,
          "y": -0.009011678397655487,
          "z": 0.6563851833343506
        },
        "tail": {
          "x": -0.02650459110736847,
          "y": -0.018442830070853233,
          "z": 0.8096054196357727
        }
      },
      "world_space": {
        "head": {
          "x": -0.004415570758283138,
          "y": 0.05423232167959213,
          "z": 1.6062391996383667
        },
        "tail": {
          "x": -0.02650459110736847,
          "y": 0.04480116814374924,
          "z": 1.7594594955444336
        },
        "rotation_quaternion": {
          "w": 0.6625596880912781,
          "x": 0.723480224609375,
          "y": -0.17495431005954742,
          "z": -0.08355863392353058
        },
        "matrix": [
          [
            0.9248175621032715,
            -0.14242692291736603,
            -0.35274213552474976,
            -0.004415570758283138
          ],
          [
            -0.36387795209884644,
            -0.060810744762420654,
            -0.9294596314430237,
            0.05423232167959213
          ],
          [
            0.11093001067638397,
            0.9879425168037415,
            -0.10806642472743988,
            1.6062391996383667
          ],
          [
            0.0,
            0.0,
            0.0,
            1.0
          ]
        ]
      },
      "bone_length_armature_space": 0.15509130172377555,
      "parent": "neck_01",
      "has_children": false,
      "is_end_bone": true
    },
    "upperarm_l": {
      "name": "upperarm_l",
      "local": {
        "location": {
          "x": 0.0,
          "y": 0.0,
          "z": 0.0
        },
        "rotation_quaternion": {
          "w": 0.8256708979606628,
          "x": 0.43367162346839905,
          "y": 0.1820237934589386,
          "z": 0.31155073642730713
        },
        "scale": {
          "x": 1.0,
          "y": 1.0,
          "z": 1.0
        },
        "matrix_basis": [
          [
            0.7396069765090942,
            -0.3565996587276459,
            0.5708049535751343,
            0.0
          ],
          [
            0.6723538637161255,
            0.4297301173210144,
            -0.6027207970619202,
            0.0
          ],
          [
            -0.030362071469426155,
            0.8295593857765198,
            0.557592511177063,
            0.0
          ],
          [
            0.0,
            0.0,
            0.0,
            1.0
          ]
        ],
        "rotation_mode": "QUATERNION"
      },
      "armature_space": {
        "head": {
          "x": 0.15224780142307281,
          "y": 0.018260803073644638,
          "z": 0.4961489140987396
        },
        "tail": {
          "x": 0.27561748027801514,
          "y": -0.19123327732086182,
          "z": 0.6088427901268005
        }
      },
      "world_space": {
        "head": {
          "x": 0.15224780142307281,
          "y": 0.08150480687618256,
          "z": 1.4460029602050781
        },
        "tail": {
          "x": 0.27561748027801514,
          "y": -0.1279892772436142,
          "z": 1.5586967468261719
        },
        "rotation_quaternion": {
          "w": 0.304338663816452,
          "x": 0.857411801815033,
          "y": 0.12839916348457336,
          "z": -0.3946349024772644
        },
        "matrix": [
          [
            0.6555542349815369,
            0.4603872001171112,
            -0.598575234413147,
            0.15224780142307281
          ],
          [
            -0.020022835582494736,
            -0.7817835211753845,
            -0.6232286691665649,
            0.08150480687618256
          ],
          [
            -0.7548880577087402,
            0.42054760456085205,
            -0.5032873749732971,
            1.4460029602050781
          ],
          [
            0.0,
            0.0,
            0.0,
            1.0
          ]
        ]
      },
      "bone_length_armature_space": 0.26796969769479867,
      "parent": "spine_01",
      "has_children": true,
      "is_end_bone": false
    },
    "lowerarm_l": {
      "name": "lowerarm_l",
      "local": {
        "location": {
          "x": 0.0,
          "y": 0.0,
          "z": 0.0
        },
        "rotation_quaternion": {
          "w": 0.8677917718887329,
          "x": 0.4844515323638916,
          "y": -0.07327447086572647,
          "z": 0.08291524648666382
        },
        "scale": {
          "x": 1.0,
          "y": 1.0,
          "z": 1.0
        },
        "matrix_basis": [
          [
            0.9755118489265442,
            -0.21490219235420227,
            -0.046837128698825836,
            0.0
          ],
          [
            0.07291048020124435,
            0.5168635249137878,
            -0.8529572486877441,
            0.0
          ],
          [
            0.2075107991695404,
            0.828654944896698,
            0.5198751091957092,
            0.0
          ],
          [
            0.0,
            0.0,
            0.0,
            1.0
          ]
        ],
        "rotation_mode": "QUATERNION"
      },
      "armature_space": {
        "head": {
          "x": 0.27561742067337036,
          "y": -0.19123338162899017,
          "z": 0.6088429093360901
        },
        "tail": {
          "x": 0.12604588270187378,
          "y": -0.412997305393219,
          "z": 0.6131412386894226
        }
      },
      "world_space": {
        "head": {
          "x": 0.27561742067337036,
          "y": -0.12798938155174255,
          "z": 1.558696985244751
        },
        "tail": {
          "x": 0.12604588270187378,
          "y": -0.34975332021713257,
          "z": 1.562995195388794
        },
        "rotation_quaternion": {
          "w": 0.13266010582447052,
          "x": -0.8394206166267395,
          "y": 0.2606280744075775,
          "z": 0.458091139793396
        },
        "matrix": [
          [
            0.4444510340690613,
            -0.5590947866439819,
            -0.6999117136001587,
            0.27561742067337036
          ],
          [
            -0.31601306796073914,
            -0.8289481401443481,
            0.46149832010269165,
            -0.12798938155174255
          ],
          [
            -0.8382182121276855,
            0.016067087650299072,
            -0.5451114773750305,
            1.558696985244751
          ],
          [
            0.0,
            0.0,
            0.0,
            1.0
          ]
        ]
      },
      "bone_length_armature_space": 0.2675244981783056,
      "parent": "upperarm_l",
      "has_children": true,
      "is_end_bone": false
    },
    "metacarpal_thumb_l": {
      "name": "metacarpal_thumb_l",
      "local": {
        "location": {
          "x": 0.0,
          "y": 0.0,
          "z": 0.0
        },
        "rotation_quaternion": {
          "w": 0.9996454119682312,
          "x": -0.02457902394235134,
          "y": 0.010121440514922142,
          "z": -0.0015639038756489754
        },
        "scale": {
          "x": 1.0,
          "y": 1.0,
          "z": 1.0
        },
        "matrix_basis": [
          [
            0.9997901916503906,
            0.002629148308187723,
            0.020312581211328506,
            0.0
          ],
          [
            -0.003624249016866088,
            0.9987868666648865,
            0.04910895973443985,
            0.0
          ],
          [
            -0.02015882544219494,
            -0.04917227476835251,
            0.9985868334770203,
            0.0
          ],
          [
            0.0,
            0.0,
            0.0,
            1.0
          ]
        ],
        "rotation_mode": "QUATERNION"
      },
      "armature_space": {
        "head": {
          "x": 0.12604588270187378,
          "y": -0.412997305393219,
          "z": 0.6131412386894226
        },
        "tail": {
          "x": 0.08652830123901367,
          "y": -0.4344238340854645,
          "z": 0.5923360586166382
        }
      },
      "world_space": {
        "head": {
          "x": 0.12604588270187378,
          "y": -0.34975332021713257,
          "z": 1.562995195388794
        },
        "tail": {
          "x": 0.08652830123901367,
          "y": -0.37117981910705566,
          "z": 1.5421900749206543
        },
        "rotation_quaternion": {
          "w": 0.06407186388969421,
          "x": -0.7908763289451599,
          "y": 0.52878338098526,
          "z": -0.30132657289505005
        },
        "matrix": [
          [
            0.25917917490005493,
            -0.7977924346923828,
            0.5443832874298096,
            0.12604588270187378
          ],
          [
            -0.8750172853469849,
            -0.43256497383117676,
            -0.21732982993125916,
            -0.34975332021713257
          ],
          [
            0.4088672697544098,
            -0.42002084851264954,
            -0.8102002143859863,
            1.562995195388794
          ],
          [
            0.0,
            0.0,
            0.0,
            1.0
          ]
        ]
      },
      "bone_length_armature_space": 0.04953373485578133,
      "parent": "lowerarm_l",
      "has_children": true,
      "is_end_bone": false
    },
    "thumb_01_l": {
      "name": "thumb_01_l",
      "local": {
        "location": {
          "x": 0.0,
          "y": 0.0,
          "z": 0.0
        },
        "rotation_quaternion": {
          "w": 0.9982779622077942,
          "x": -0.05704712122678757,
          "y": 0.0055299848318099976,
          "z": -0.012504867278039455
        },
        "scale": {
          "x": 1.0,
          "y": 1.0,
          "z": 1.0
        },
        "matrix_basis": [
          [
            0.999626100063324,
            0.024335727095603943,
            0.012467657215893269,
            0.0
          ],
          [
            -0.025597605854272842,
            0.9931784868240356,
            0.11375946551561356,
            0.0
          ],
          [
            -0.009614191018044949,
            -0.11403606832027435,
            0.9934300780296326,
            0.0
          ],
          [
            0.0,
            0.0,
            0.0,
            1.0
          ]
        ],
        "rotation_mode": "QUATERNION"
      },
      "armature_space": {
        "head": {
          "x": 0.08652830123901367,
          "y": -0.4344238340854645,
          "z": 0.5923360586166382
        },
        "tail": {
          "x": 0.07958739995956421,
          "y": -0.44250184297561646,
          "z": 0.5600063800811768
        }
      },
      "world_space": {
        "head": {
          "x": 0.08652830123901367,
          "y": -0.37117981910705566,
          "z": 1.5421900749206543
        },
        "tail": {
          "x": 0.07958739995956421,
          "y": -0.37925785779953003,
          "z": 1.5098603963851929
        },
        "rotation_quaternion": {
          "w": 0.015163054689764977,
          "x": 0.1461714208126068,
          "y": -0.6173417568206787,
          "z": 0.7728474736213684
        },
        "matrix": [
          [
            -0.9568080902099609,
            -0.20391277968883514,
            0.20721355080604553,
            0.08652830123901367
          ],
          [
            -0.15703654289245605,
            -0.23731960356235504,
            -0.9586548209190369,
            -0.37117981910705566
          ],
          [
            0.24465949833393097,
            -0.9497960209846497,
            0.19504794478416443,
            1.5421900749206543
          ],
          [
            0.0,
            0.0,
            0.0,
            1.0
          ]
        ]
      },
      "bone_length_armature_space": 0.034038778084291385,
      "parent": "metacarpal_thumb_l",
      "has_children": true,
      "is_end_bone": false
    },
    "thumb_02_l": {
      "name": "thumb_02_l",
      "local": {
        "location": {
          "x": 0.0,
          "y": 0.0,
          "z": 0.0
        },
        "rotation_quaternion": {
          "w": 0.9987530708312988,
          "x": 0.04882431402802467,
          "y": -0.008476379327476025,
          "z": -0.00606546550989151
        },
        "scale": {
          "x": 1.0,
          "y": 1.0,
          "z": 1.0
        },
        "matrix_basis": [
          [
            0.9997827410697937,
            0.011288098059594631,
            -0.017523903399705887,
            0.0
          ],
          [
            -0.012943511828780174,
            0.9951587915420532,
            -0.09742403775453568,
            0.0
          ],
          [
            0.016339335590600967,
            0.09762969613075256,
            0.9950886964797974,
            0.0
          ],
          [
            0.0,
            0.0,
            0.0,
            1.0
          ]
        ],
        "rotation_mode": "QUATERNION"
      },
      "armature_space": {
        "head": {
          "x": 0.0795874297618866,
          "y": -0.44250181317329407,
          "z": 0.5600063800811768
        },
        "tail": {
          "x": 0.05610647797584534,
          "y": -0.4748597741127014,
          "z": 0.5561611652374268
        }
      },
      "world_space": {
        "head": {
          "x": 0.0795874297618866,
          "y": -0.37925779819488525,
          "z": 1.5098603963851929
        },
        "tail": {
          "x": 0.05610647797584534,
          "y": -0.411615788936615,
          "z": 1.5060151815414429
        },
        "rotation_quaternion": {
          "w": 0.3037511706352234,
          "x": 0.06128331646323204,
          "y": -0.07011525332927704,
          "z": 0.9481896758079529
        },
        "matrix": [
          [
            -0.8079591989517212,
            -0.584621012210846,
            0.07362063974142075,
            0.0795874297618866
          ],
          [
            0.5674336552619934,
            -0.8056381940841675,
            -0.17019447684288025,
            -0.37925779819488525
          ],
          [
            0.15881267189979553,
            -0.09573688358068466,
            0.9826634526252747,
            1.5098603963851929
          ],
          [
            0.0,
            0.0,
            0.0,
            1.0
          ]
        ]
      },
      "bone_length_armature_space": 0.04016439227527354,
      "parent": "thumb_01_l",
      "has_children": true,
      "is_end_bone": false
    },
    "thumb_03_l": {
      "name": "thumb_03_l",
      "local": {
        "location": {
          "x": 0.0,
          "y": 0.0,
          "z": 0.0
        },
        "rotation_quaternion": {
          "w": 0.9965409636497498,
          "x": 0.08258374035358429,
          "y": 0.00919951032847166,
          "z": 0.0012177813332527876
        },
        "scale": {
          "x": 1.0,
          "y": 1.0,
          "z": 1.0
        },
        "matrix_basis": [
          [
            0.9998277425765991,
            -0.0009076780406758189,
            0.018536515533924103,
            0.0
          ],
          [
            0.003946597687900066,
            0.9863569140434265,
            -0.1645737588405609,
            0.0
          ],
          [
            -0.018134240061044693,
            0.1646185666322708,
            0.9861906170845032,
            0.0
          ],
          [
            0.0,
            0.0,
            0.0,
            1.0
          ]
        ],
        "rotation_mode": "QUATERNION"
      },
      "armature_space": {
        "head": {
          "x": 0.05610644817352295,
          "y": -0.47485971450805664,
          "z": 0.556161105632782
        },
        "tail": {
          "x": 0.0433080829679966,
          "y": -0.5008572340011597,
          "z": 0.5655003786087036
        }
      },
      "world_space": {
        "head": {
          "x": 0.05610644817352295,
          "y": -0.4116157293319702,
          "z": 1.5060150623321533
        },
        "tail": {
          "x": 0.0433080829679966,
          "y": -0.43761324882507324,
          "z": 1.5153543949127197
        },
        "rotation_quaternion": {
          "w": 0.20430397987365723,
          "x": -0.0800914615392685,
          "y": 0.1769154667854309,
          "z": 0.9594509601593018
        },
        "matrix": [
          [
            -0.9036903977394104,
            -0.4203782081604004,
            -0.0813981294631958,
            0.05610644817352295
          ],
          [
            0.36370065808296204,
            -0.8539212942123413,
            0.37220999598503113,
            -0.4116157293319702
          ],
          [
            -0.2259777933359146,
            0.30675941705703735,
            0.9245795607566833,
            1.5060150623321533
          ],
          [
            0.0,
            0.0,
            0.0,
            1.0
          ]
        ]
      },
      "bone_length_armature_space": 0.03044488797092647,
      "parent": "thumb_02_l",
      "has_children": false,
      "is_end_bone": true
    },
    "metacarpal_index_l": {
      "name": "metacarpal_index_l",
      "local": {
        "location": {
          "x": 0.0,
          "y": 0.0,
          "z": 0.0
        },
        "rotation_quaternion": {
          "w": 0.9998277425765991,
          "x": -0.010201476514339447,
          "y": 0.007584422826766968,
          "z": 0.013527197763323784
        },
        "scale": {
          "x": 1.0,
          "y": 1.0,
          "z": 1.0
        },
        "matrix_basis": [
          [
            0.9995189905166626,
            -0.027204480022192,
            0.014890237711369991,
            0.0
          ],
          [
            0.026894990354776382,
            0.9994258880615234,
            0.020604630932211876,
            0.0
          ],
          [
            -0.015442227944731712,
            -0.020194247364997864,
            0.9996768236160278,
            0.0
          ],
          [
            0.0,
            0.0,
            0.0,
            1.0
          ]
        ],
        "rotation_mode": "QUATERNION"
      },
      "armature_space": {
        "head": {
          "x": 0.12604588270187378,
          "y": -0.412997305393219,
          "z": 0.6131412386894226
        },
        "tail": {
          "x": 0.038983747363090515,
          "y": -0.48878559470176697,
          "z": 0.5930030345916748
        }
      },
      "world_space": {
        "head": {
          "x": 0.12604588270187378,
          "y": -0.34975332021713257,
          "z": 1.562995195388794
        },
        "tail": {
          "x": 0.038983747363090515,
          "y": -0.42554157972335815,
          "z": 1.542857050895691
        },
        "rotation_quaternion": {
          "w": 0.08895645290613174,
          "x": -0.9073286652565002,
          "y": 0.41070660948753357,
          "z": -0.012711816467344761
        },
        "matrix": [
          [
            0.6623168587684631,
            -0.7430301904678345,
            0.0961383730173111,
            0.12604588270187378
          ],
          [
            -0.7475534081459045,
            -0.646813690662384,
            0.15098296105861664,
            -0.34975332021713257
          ],
          [
            -0.050002530217170715,
            -0.17186905443668365,
            -0.9838573336601257,
            1.562995195388794
          ],
          [
            0.0,
            0.0,
            0.0,
            1.0
          ]
        ]
      },
      "bone_length_armature_space": 0.1171717874106119,
      "parent": "lowerarm_l",
      "has_children": true,
      "is_end_bone": false
    },
    "index_01_l": {
      "name": "index_01_l",
      "local": {
        "location": {
          "x": 0.0,
          "y": 0.0,
          "z": 0.0
        },
        "rotation_quaternion": {
          "w": 0.9966158866882324,
          "x": -0.08176630735397339,
          "y": -0.007910074666142464,
          "z": 0.0029381399508565664
        },
        "scale": {
          "x": 1.0,
          "y": 1.0,
          "z": 1.0
        },
        "matrix_basis": [
          [
            0.9998576045036316,
            -0.004562838934361935,
            -0.016247093677520752,
            0.0
          ],
          [
            0.007149949204176664,
            0.9866112470626831,
            0.16293272376060486,
            0.0
          ],
          [
            0.015286130830645561,
            -0.16302567720413208,
            0.9865034222602844,
            0.0
          ],
          [
            0.0,
            0.0,
            0.0,
            1.0
          ]
        ],
        "rotation_mode": "QUATERNION"
      },
      "armature_space": {
        "head": {
          "x": 0.038983747363090515,
          "y": -0.48878559470176697,
          "z": 0.5930030345916748
        },
        "tail": {
          "x": 0.025292426347732544,
          "y": -0.5135731101036072,
          "z": 0.5963490009307861
        }
      },
      "world_space": {
        "head": {
          "x": 0.038983747363090515,
          "y": -0.42554157972335815,
          "z": 1.542857050895691
        },
        "tail": {
          "x": 0.025292426347732544,
          "y": -0.45032912492752075,
          "z": 1.5462030172348022
        },
        "rotation_quaternion": {
          "w": 0.05789730325341225,
          "x": 0.9667119979858398,
          "y": -0.24899430572986603,
          "z": -0.010850975289940834
        },
        "matrix": [
          [
            0.8757681250572205,
            -0.4801551103591919,
            -0.04981176182627678,
            0.038983747363090515
          ],
          [
            -0.4826680123806,
            -0.8692994713783264,
            -0.10653683543205261,
            -0.42554157972335815
          ],
          [
            0.00785232987254858,
            0.11734400689601898,
            -0.9930675625801086,
            1.542857050895691
          ],
          [
            0.0,
            0.0,
            0.0,
            1.0
          ]
        ]
      },
      "bone_length_armature_space": 0.02851435919225749,
      "parent": "metacarpal_index_l",
      "has_children": true,
      "is_end_bone": false
    },
    "index_02_l": {
      "name": "index_02_l",
      "local": {
        "location": {
          "x": 0.0,
          "y": 0.0,
          "z": 0.0
        },
        "rotation_quaternion": {
          "w": 0.9999409914016724,
          "x": 0.0014843354001641273,
          "y": 0.01069418154656887,
          "z": 0.0012522819451987743
        },
        "scale": {
          "x": 1.0,
          "y": 1.0,
          "z": 1.0
        },
        "matrix_basis": [
          [
            0.9997681379318237,
            -0.0024726686533540487,
            0.021390818059444427,
            0.0
          ],
          [
            0.002536163665354252,
            0.9999924302101135,
            -0.002941711340099573,
            0.0
          ],
          [
            -0.021383384242653847,
            0.002995279850438237,
            0.9997668862342834,
            0.0
          ],
          [
            0.0,
            0.0,
            0.0,
            1.0
          ]
        ],
        "rotation_mode": "QUATERNION"
      },
      "armature_space": {
        "head": {
          "x": 0.02529202029109001,
          "y": -0.5135733485221863,
          "z": 0.596348762512207
        },
        "tail": {
          "x": 0.013665096834301949,
          "y": -0.5361188054084778,
          "z": 0.6001705527305603
        }
      },
      "world_space": {
        "head": {
          "x": 0.02529202029109001,
          "y": -0.45032936334609985,
          "z": 1.5462027788162231
        },
        "tail": {
          "x": 0.013665096834301949,
          "y": -0.47287482023239136,
          "z": 1.5500245094299316
        },
        "rotation_quaternion": {
          "w": 0.06787538528442383,
          "x": 0.9685347676277161,
          "y": -0.23657076060771942,
          "z": -0.03698212653398514
        },
        "matrix": [
          [
            0.8853331804275513,
            -0.45323362946510315,
            -0.10375164449214935,
            0.02529202029109001
          ],
          [
            -0.4632743000984192,
            -0.8788543343544006,
            -0.1139819398522377,
            -0.45032936334609985
          ],
          [
            -0.039522990584373474,
            0.14897756278514862,
            -0.9880578517913818,
            1.5462027788162231
          ],
          [
            0.0,
            0.0,
            0.0,
            1.0
          ]
        ]
      },
      "bone_length_armature_space": 0.02565324667420248,
      "parent": "index_01_l",
      "has_children": true,
      "is_end_bone": false
    },
    "index_03_l": {
      "name": "index_03_l",
      "local": {
        "location": {
          "x": 0.0,
          "y": 0.0,
          "z": 0.0
        },
        "rotation_quaternion": {
          "w": 0.9999960660934448,
          "x": 0.002437611110508442,
          "y": -0.0005223559564910829,
          "z": 0.0013003266649320722
        },
        "scale": {
          "x": 1.0,
          "y": 1.0,
          "z": 1.0
        },
        "matrix_basis": [
          [
            0.9999960660934448,
            -0.0026031897868961096,
            -0.0010383684420958161,
            0.0
          ],
          [
            0.0025980963837355375,
            0.9999847412109375,
            -0.004876561462879181,
            0.0
          ],
          [
            0.0010510472347959876,
            0.0048738447949290276,
            0.9999875426292419,
            0.0
          ],
          [
            0.0,
            0.0,
            0.0,
            1.0
          ]
        ],
        "rotation_mode": "QUATERNION"
      },
      "armature_space": {
        "head": {
          "x": 0.013665094040334225,
          "y": -0.5361188054084778,
          "z": 0.6001706123352051
        },
        "tail": {
          "x": 0.0025383541360497475,
          "y": -0.5630927681922913,
          "z": 0.6016978025436401
        }
      },
      "world_space": {
        "head": {
          "x": 0.013665094040334225,
          "y": -0.47287482023239136,
          "z": 1.5500246286392212
        },
        "tail": {
          "x": 0.0025383541360497475,
          "y": -0.49984878301620483,
          "z": 1.5515518188476562
        },
        "rotation_quaternion": {
          "w": 0.027733774855732918,
          "x": 0.9805905818939209,
          "y": -0.19401872158050537,
          "z": 0.005469468887895346
        },
        "matrix": [
          [
            0.9246536493301392,
            -0.38080909848213196,
            -3.5080884117633104e-05,
            0.013665094040334225
          ],
          [
            -0.3802022933959961,
            -0.9231752157211304,
            -0.056513864547014236,
            -0.47287482023239136
          ],
          [
            0.021488312631845474,
            0.05226842686533928,
            -0.9984090924263,
            1.5500246286392212
          ],
          [
            0.0,
            0.0,
            0.0,
            1.0
          ]
        ]
      },
      "bone_length_armature_space": 0.02921868089643069,
      "parent": "index_02_l",
      "has_children": false,
      "is_end_bone": true
    },
    "metacarpal_pinky_l": {
      "name": "metacarpal_pinky_l",
      "local": {
        "location": {
          "x": 0.0,
          "y": 0.0,
          "z": 0.0
        },
        "rotation_quaternion": {
          "w": 0.9996495246887207,
          "x": -0.014611367136240005,
          "y": 0.014225026592612267,
          "z": 0.01688152179121971
        },
        "scale": {
          "x": 1.0,
          "y": 1.0,
          "z": 1.0
        },
        "matrix_basis": [
          [
            0.9990253448486328,
            -0.03416690602898598,
            0.027946757152676582,
            0.0
          ],
          [
            0.03333551809191704,
            0.9990030527114868,
            0.029692772775888443,
            0.0
          ],
          [
            -0.028933405876159668,
            -0.028732212260365486,
            0.999168336391449,
            0.0
          ],
          [
            0.0,
            0.0,
            0.0,
            1.0
          ]
        ],
        "rotation_mode": "QUATERNION"
      },
      "armature_space": {
        "head": {
          "x": 0.12604588270187378,
          "y": -0.412997305393219,
          "z": 0.6131412386894226
        },
        "tail": {
          "x": 0.09738954901695251,
          "y": -0.5113056302070618,
          "z": 0.6320489645004272
        }
      },
      "world_space": {
        "head": {
          "x": 0.12604588270187378,
          "y": -0.34975332021713257,
          "z": 1.562995195388794
        },
        "tail": {
          "x": 0.09738954901695251,
          "y": -0.44806164503097534,
          "z": 1.5819029808044434
        },
        "rotation_quaternion": {
          "w": 0.09157104790210724,
          "x": -0.3911806344985962,
          "y": 0.13989979028701782,
          "z": 0.9049975275993347
        },
        "matrix": [
          [
            -0.6771849393844604,
            -0.2751956880092621,
            -0.6824133992195129,
            0.12604588270187378
          ],
          [
            0.05629083141684532,
            -0.944085419178009,
            0.32485994696617126,
            -0.34975332021713257
          ],
          [
            -0.7336617708206177,
            0.18157698214054108,
            0.6548165678977966,
            1.562995195388794
          ],
          [
            0.0,
            0.0,
            0.0,
            1.0
          ]
        ]
      },
      "bone_length_armature_space": 0.10413075768158937,
      "parent": "lowerarm_l",
      "has_children": true,
      "is_end_bone": false
    },
    "pinky_01_l": {
      "name": "pinky_01_l",
      "local": {
        "location": {
          "x": 0.0,
          "y": 0.0,
          "z": 0.0
        },
        "rotation_quaternion": {
          "w": 0.9945157766342163,
          "x": -0.1023058369755745,
          "y": -0.01623382419347763,
          "z": -0.014440452679991722
        },
        "scale": {
          "x": 1.0,
          "y": 1.0,
          "z": 1.0
        },
        "matrix_basis": [
          [
            0.9990558624267578,
            0.032044146209955215,
            -0.0293349027633667,
            0.0
          ],
          [
            -0.025400886312127113,
            0.9786499738693237,
            0.2039583921432495,
            0.0
          ],
          [
            0.03524427488446236,
            -0.20302069187164307,
            0.9785399436950684,
            0.0
          ],
          [
            0.0,
            0.0,
            0.0,
            1.0
          ]
        ],
        "rotation_mode": "QUATERNION"
      },
      "armature_space": {
        "head": {
