{
  "metadata": {
    "armature_name": "KIM_caucasian_male",
    "export_time": "2026-01-13T20:55:11.263512",
    "blender_version": "4.4.1",
    "bone_count": 56,
    "end_bone_count": 13,
    "spaces_included": [
      "LOCAL_CHANNELS",
      "ARMATURE_SPACE",
      "WORLD_SPACE"
    ],
    "note": "LOCAL matches Transform panel; replay pose via local.matrix_basis for best fidelity."
  },
  "bones": {
    "Root": {
      "name": "Root",
      "local": {
        "location": {
          "x": 0.0,
          "y": 0.0,
          "z": 0.0
        },
        "rotation_quaternion": {
          "w": 0.999454140663147,
          "x": -0.014473360031843185,
          "y": -0.01961478963494301,
          "z": -0.02229921892285347
        },
        "scale": {
          "x": 1.0,
          "y": 1.0,
          "z": 1.0
        },
        "matrix_basis": [
          [
            0.9982360005378723,
            0.04514187574386597,
            -0.038562677800655365,
            0.0
          ],
          [
            -0.044006310403347015,
            0.9985865354537964,
            0.029805708676576614,
            0.0
          ],
          [
            0.03985365480184555,
            -0.028056129813194275,
            0.9988115429878235,
            0.0
          ],
          [
            0.0,
            0.0,
            0.0,
            1.0
          ]
        ],
        "rotation_mode": "QUATERNION"
      },
      "armature_space": {
        "head": {
          "x": 0.0,
          "y": 0.07072800397872925,
          "z": -0.009595036506652832
        },
        "tail": {
          "x": 0.0032220405992120504,
          "y": 0.0003691762685775757,
          "z": 0.001970806159079075
        }
      },
      "world_space": {
        "head": {
          "x": 0.0,
          "y": 0.13397200405597687,
          "z": 0.9402589797973633
        },
        "tail": {
          "x": 0.0032220405992120504,
          "y": 0.0636131763458252,
          "z": 0.9518248438835144
        },
        "rotation_quaternion": {
          "w": 0.0817713588476181,
          "x": 0.9962085485458374,
          "y": 0.020927153527736664,
          "z": -0.02107248269021511
        },
        "matrix": [
          [
            0.9982360005378723,
            0.04514187574386597,
            -0.038562677800655365,
            0.0
          ],
          [
            0.03824935853481293,
            -0.9857509136199951,
            -0.16380509734153748,
            0.13397200405597687
          ],
          [
            -0.045407943427562714,
            0.16204135119915009,
            -0.9857457876205444,
            0.9402589797973633
          ],
          [
            0.0,
            0.0,
            0.0,
            1.0
          ]
        ]
      },
      "bone_length_armature_space": 0.07137587018762696,
      "parent": null,
      "has_children": true,
      "is_end_bone": false
    },
    "spine_01": {
      "name": "spine_01",
      "local": {
        "location": {
          "x": 0.0,
          "y": 0.0,
          "z": 0.0
        },
        "rotation_quaternion": {
          "w": 0.9995933771133423,
          "x": 0.028018273413181305,
          "y": 0.0030099130235612392,
          "z": -0.0043734353967010975
        },
        "scale": {
          "x": 1.0,
          "y": 1.0,
          "z": 1.0
        },
        "matrix_basis": [
          [
            0.9999436140060425,
            0.008911979384720325,
            0.005772306118160486,
            0.0
          ],
          [
            -0.008574648760259151,
            0.9983916878700256,
            -0.05604008957743645,
            0.0
          ],
          [
            -0.0062624504789710045,
            0.05598743259906769,
            0.9984118342399597,
            0.0
          ],
          [
            0.0,
            0.0,
            0.0,
            1.0
          ]
        ],
        "rotation_mode": "QUATERNION"
      },
      "armature_space": {
        "head": {
          "x": 0.0032220405992120504,
          "y": 0.0003691762685775757,
          "z": 0.001970806159079075
        },
        "tail": {
          "x": 0.02934962883591652,
          "y": 0.010563557036221027,
          "z": 0.4891689121723175
        }
      },
      "world_space": {
        "head": {
          "x": 0.0032220405992120504,
          "y": 0.0636131763458252,
          "z": 0.9518248438835144
        },
        "tail": {
          "x": 0.02934962883591652,
          "y": 0.07380755990743637,
          "z": 1.4390228986740112
        },
        "rotation_quaternion": {
          "w": 0.713606595993042,
          "x": 0.6996740102767944,
          "y": 0.03479175642132759,
          "z": -0.0034012002870440483
        },
        "matrix": [
          [
            0.9975559711456299,
            0.053540006279945374,
            0.044895436614751816,
            0.0032220405992120504
          ],
          [
            0.04383115470409393,
            0.020890071988105774,
            -0.9988206028938293,
            0.0636131763458252
          ],
          [
            -0.05441506206989288,
            0.9983542561531067,
            0.018491502851247787,
            0.9518248438835144
          ],
          [
            0.0,
            0.0,
            0.0,
            1.0
          ]
        ]
      },
      "bone_length_armature_space": 0.48800468603984265,
      "parent": "Root",
      "has_children": true,
      "is_end_bone": false
    },
    "neck_01": {
      "name": "neck_01",
      "local": {
        "location": {
          "x": 0.0,
          "y": 0.0,
          "z": 0.0
        },
        "rotation_quaternion": {
          "w": 0.9981963038444519,
          "x": -0.03151068463921547,
          "y": 0.004122770857065916,
          "z": 0.0509333461523056
        },
        "scale": {
          "x": 1.0,
          "y": 1.0,
          "z": 1.0
        },
        "matrix_basis": [
          [
            0.9947776198387146,
            -0.10194277763366699,
            0.005020780023187399,
            0.0
          ],
          [
            0.10142312943935394,
            0.9928257465362549,
            0.06332767009735107,
            0.0
          ],
          [
            -0.011440558359026909,
            -0.06248772516846657,
            0.9979801774024963,
            0.0
          ],
          [
            0.0,
            0.0,
            0.0,
            1.0
          ]
        ],
        "rotation_mode": "QUATERNION"
      },
      "armature_space": {
        "head": {
          "x": 0.03482674062252045,
          "y": -0.022546440362930298,
          "z": 0.5629081726074219
        },
        "tail": {
          "x": 0.031053079292178154,
          "y": -0.05367322266101837,
          "z": 0.6605178117752075
        }
      },
      "world_space": {
        "head": {
          "x": 0.03482674062252045,
          "y": 0.04069755971431732,
          "z": 1.512762188911438
        },
        "tail": {
          "x": 0.031053079292178154,
          "y": 0.009570777416229248,
          "z": 1.6103718280792236
        },
        "rotation_quaternion": {
          "w": 0.5900444388389587,
          "x": 0.8070338368415833,
          "y": -0.006407933309674263,
          "z": 0.022426867857575417
        },
        "matrix": [
          [
            0.9989120364189148,
            -0.036808550357818604,
            0.028636321425437927,
            0.03482674062252045
          ],
          [
            0.01612265035510063,
            -0.30361273884773254,
            -0.9526593089103699,
            0.04069755971431732
          ],
          [
            0.043760672211647034,
            0.9520907402038574,
            -0.3026919662952423,
            1.512762188911438
          ],
          [
            0.0,
            0.0,
            0.0,
            1.0
          ]
        ]
      },
      "bone_length_armature_space": 0.10252199010004964,
      "parent": "spine_01",
      "has_children": true,
      "is_end_bone": false
    },
    "head": {
      "name": "head",
      "local": {
        "location": {
          "x": 0.0,
          "y": 0.0,
          "z": 0.0
        },
        "rotation_quaternion": {
          "w": 0.996274471282959,
          "x": -0.04401742294430733,
          "y": -0.040079694241285324,
          "z": 0.062397394329309464
        },
        "scale": {
          "x": 1.0,
          "y": 1.0,
          "z": 1.0
        },
        "matrix_basis": [
          [
            0.9890003800392151,
            -0.12080144882202148,
            -0.08535389602184296,
            0.0
          ],
          [
            0.1278582662343979,
            0.988338053226471,
            0.08270513266324997,
            0.0
          ],
          [
            0.07436760514974594,
            -0.09270860999822617,
            0.9929121732711792,
            0.0
          ],
          [
            0.0,
            0.0,
            0.0,
            1.0
          ]
        ],
        "rotation_mode": "QUATERNION"
      },
      "armature_space": {
        "head": {
          "x": 0.0310530848801136,
          "y": -0.05367334932088852,
          "z": 0.6605176329612732
        },
        "tail": {
          "x": 0.005245128646492958,
          "y": -0.03017418459057808,
          "z": 0.811630368232727
        }
      },
      "world_space": {
        "head": {
          "x": 0.0310530848801136,
          "y": 0.0095706507563591,
          "z": 1.6103715896606445
        },
        "tail": {
          "x": 0.005245128646492958,
          "y": 0.03306981548666954,
          "z": 1.7614843845367432
        },
        "rotation_quaternion": {
          "w": 0.7540685534477234,
          "x": 0.6502587199211121,
          "y": -0.08449792861938477,
          "z": 0.0374733991920948
        },
        "matrix": [
          [
            0.9829118251800537,
            -0.16640609502792358,
            -0.07869865000247955,
            0.0310530848801136
          ],
          [
            -0.05337488651275635,
            0.15151932835578918,
            -0.9870123863220215,
            0.0095706507563591
          ],
          [
            0.17617039382457733,
            0.974353551864624,
            0.14004822075366974,
            1.6103715896606445
          ],
          [
            0.0,
            0.0,
            0.0,
            1.0
          ]
        ]
      },
      "bone_length_armature_space": 0.1550913292388503,
      "parent": "neck_01",
      "has_children": false,
      "is_end_bone": true
    },
    "upperarm_l": {
      "name": "upperarm_l",
      "local": {
        "location": {
          "x": 0.0,
          "y": 0.0,
          "z": 0.0
        },
        "rotation_quaternion": {
          "w": 0.9503270387649536,
          "x": 0.0016721629071980715,
          "y": -0.2419213056564331,
          "z": 0.19583123922348022
        },
        "scale": {
          "x": 1.0,
          "y": 1.0,
          "z": 1.0
        },
        "matrix_basis": [
          [
            0.8062484264373779,
            -0.37301650643348694,
            -0.45915380120277405,
            0.0
          ],
          [
            0.371398389339447,
            0.9232946634292603,
            -0.0979297012090683,
            0.0
          ],
          [
            0.46046364307403564,
            -0.09157329797744751,
            0.8829425573348999,
            0.0
          ],
          [
            0.0,
            0.0,
            0.0,
            1.0
          ]
        ],
        "rotation_mode": "QUATERNION"
      },
      "armature_space": {
        "head": {
          "x": 0.18100501596927643,
          "y": -0.020561110228300095,
          "z": 0.4877077341079712
        },
        "tail": {
          "x": 0.43256527185440063,
          "y": 0.024087566882371902,
          "z": 0.5685263276100159
        }
      },
      "world_space": {
        "head": {
          "x": 0.18100501596927643,
          "y": 0.042682889848947525,
          "z": 1.4375617504119873
        },
        "tail": {
          "x": 0.43256527185440063,
          "y": 0.08733156323432922,
          "z": 1.5183804035186768
        },
        "rotation_quaternion": {
          "w": 0.701591968536377,
          "x": 0.42422401905059814,
          "y": 0.3017921447753906,
          "z": -0.48654311895370483
        },
        "matrix": [
          [
            0.34439364075660706,
            0.938764750957489,
            0.010661974549293518,
            0.18100501596927643
          ],
          [
            -0.42665666341781616,
            0.16661854088306427,
            -0.8889334201812744,
            0.042682889848947525
          ],
          [
            -0.8362820744514465,
            0.3015962243080139,
            0.45791497826576233,
            1.4375617504119873
          ],
          [
            0.0,
            0.0,
            0.0,
            1.0
          ]
        ]
      },
      "bone_length_armature_space": 0.26796962731637614,
      "parent": "spine_01",
      "has_children": true,
      "is_end_bone": false
    },
    "lowerarm_l": {
      "name": "lowerarm_l",
      "local": {
        "location": {
          "x": 0.0,
          "y": 0.0,
          "z": 0.0
        },
        "rotation_quaternion": {
          "w": 0.9399575591087341,
          "x": 0.33073690533638,
          "y": -0.053384605795145035,
          "z": -0.06513944268226624
        },
        "scale": {
          "x": 1.0,
          "y": 1.0,
          "z": 1.0
        },
        "matrix_basis": [
          [
            0.9858138561248779,
            0.08714410662651062,
            -0.14344656467437744,
            0.0
          ],
          [
            -0.15776914358139038,
            0.7727398872375488,
            -0.6148024201393127,
            0.0
          ],
          [
            0.05727049335837364,
            0.6287121772766113,
            0.7755263447761536,
            0.0
          ],
          [
            0.0,
            0.0,
            0.0,
            1.0
          ]
        ],
        "rotation_mode": "QUATERNION"
      },
      "armature_space": {
        "head": {
          "x": 0.4325653314590454,
          "y": 0.024087589234113693,
          "z": 0.5685264468193054
        },
        "tail": {
          "x": 0.6034178137779236,
          "y": -0.10999733209609985,
          "z": 0.7247324585914612
        }
      },
      "world_space": {
        "head": {
          "x": 0.4325653314590454,
          "y": 0.08733159303665161,
          "z": 1.5183804035186768
        },
        "tail": {
          "x": 0.6034178137779236,
          "y": -0.046753332018852234,
          "z": 1.674586534500122
        },
        "rotation_quaternion": {
          "w": 0.4990767538547516,
          "x": 0.6070455312728882,
          "y": 0.01782267726957798,
          "z": -0.61814284324646
        },
        "matrix": [
          [
            0.23516497015953064,
            0.6386423707008362,
            -0.7326889038085938,
            0.4325653314590454
          ],
          [
            -0.5953633785247803,
            -0.5012061595916748,
            -0.6279610991477966,
            0.08733159303665161
          ],
          [
            -0.7682766914367676,
            0.5838942527770996,
            0.2623595595359802,
            1.5183804035186768
          ],
          [
            0.0,
            0.0,
            0.0,
            1.0
          ]
        ]
      },
      "bone_length_armature_space": 0.26752505507068014,
      "parent": "upperarm_l",
      "has_children": true,
      "is_end_bone": false
    },
    "metacarpal_thumb_l": {
      "name": "metacarpal_thumb_l",
      "local": {
        "location": {
          "x": 0.0,
          "y": 0.0,
          "z": 0.0
        },
        "rotation_quaternion": {
          "w": 0.999529242515564,
          "x": -0.027406468987464905,
          "y": -0.010469653643667698,
          "z": 0.008972506038844585
        },
        "scale": {
          "x": 1.0,
          "y": 1.0,
          "z": 1.0
        },
        "matrix_basis": [
          [
            0.9996197819709778,
            -0.017362691462039948,
            -0.02142125926911831,
            0.0
          ],
          [
            0.01851043663918972,
            0.9983367323875427,
            0.054599255323410034,
            0.0
          ],
          [
            0.020437641069293022,
            -0.05497501417994499,
            0.9982785582542419,
            0.0
          ],
          [
            0.0,
            0.0,
            0.0,
            1.0
          ]
        ],
        "rotation_mode": "QUATERNION"
      },
      "armature_space": {
        "head": {
          "x": 0.6034178137779236,
          "y": -0.10999733209609985,
          "z": 0.7247324585914612
        },
        "tail": {
          "x": 0.6078732013702393,
          "y": -0.15206284821033478,
          "z": 0.7505052089691162
        }
      },
      "world_space": {
        "head": {
          "x": 0.6034178137779236,
          "y": -0.046753332018852234,
          "z": 1.674586534500122
        },
        "tail": {
          "x": 0.6078732013702393,
          "y": -0.08881884813308716,
          "z": 1.7003592252731323
        },
        "rotation_quaternion": {
          "w": 0.2675900459289551,
          "x": 0.9601331353187561,
          "y": 0.06148229539394379,
          "z": 0.05253468453884125
        },
        "matrix": [
          [
            0.9869199395179749,
            0.08994679898023605,
            0.13378480076789856,
            0.6034178137779236
          ],
          [
            0.14617806673049927,
            -0.8492307066917419,
            -0.5073845982551575,
            -0.046753332018852234
          ],
          [
            0.06797708570957184,
            0.5203072428703308,
            -0.8512776494026184,
            1.674586534500122
          ],
          [
            0.0,
            0.0,
            0.0,
            1.0
          ]
        ]
      },
      "bone_length_armature_space": 0.049533754318561544,
      "parent": "lowerarm_l",
      "has_children": true,
      "is_end_bone": false
    },
    "thumb_01_l": {
      "name": "thumb_01_l",
      "local": {
        "location": {
          "x": 0.0,
          "y": 0.0,
          "z": 0.0
        },
        "rotation_quaternion": {
          "w": 0.9963551163673401,
          "x": -0.08434849977493286,
          "y": 0.012482726015150547,
          "z": 0.0024797304067760706
        },
        "scale": {
          "x": 1.0,
          "y": 1.0,
          "z": 1.0
        },
        "matrix_basis": [
          [
            0.9996760487556458,
            -0.007047182414680719,
            0.02445613220334053,
            0.0
          ],
          [
            0.0028355857357382774,
            0.985758364200592,
            0.16814403235912323,
            0.0
          ],
          [
            -0.02529277838766575,
            -0.16802020370960236,
            0.98545902967453,
            0.0
          ],
          [
            0.0,
            0.0,
            0.0,
            1.0
          ]
        ],
        "rotation_mode": "QUATERNION"
      },
      "armature_space": {
        "head": {
          "x": 0.6078732013702393,
          "y": -0.15206284821033478,
          "z": 0.7505052089691162
        },
        "tail": {
          "x": 0.6034778952598572,
          "y": -0.18418624997138977,
          "z": 0.7401419878005981
        }
      },
      "world_space": {
        "head": {
          "x": 0.6078732013702393,
          "y": -0.08881884813308716,
          "z": 1.7003592252731323
        },
        "tail": {
          "x": 0.6034778952598572,
          "y": -0.12094224989414215,
          "z": 1.6899960041046143
        },
        "rotation_quaternion": {
          "w": 0.060449518263339996,
          "x": -0.6861577033996582,
          "y": 0.1564566195011139,
          "z": -0.707852303981781
        },
        "matrix": [
          [
            -0.05106762424111366,
            -0.12912681698799133,
            0.9903121590614319,
            0.6078732013702393
          ],
          [
            -0.30028587579727173,
            -0.9437349438667297,
            -0.1385384500026703,
            -0.08881884813308716
          ],
          [
            0.952487587928772,
            -0.3044548034667969,
            0.009419182315468788,
            1.7003592252731323
          ],
          [
            0.0,
            0.0,
            0.0,
            1.0
          ]
        ]
      },
      "bone_length_armature_space": 0.034038625783542366,
      "parent": "metacarpal_thumb_l",
      "has_children": true,
      "is_end_bone": false
    },
    "thumb_02_l": {
      "name": "thumb_02_l",
      "local": {
        "location": {
          "x": 0.0,
          "y": 0.0,
          "z": 0.0
        },
        "rotation_quaternion": {
          "w": 0.9978819489479065,
          "x": 0.06454791873693466,
          "y": -0.00771206384524703,
          "z": 0.0024217721074819565
        },
        "scale": {
          "x": 1.0,
          "y": 1.0,
          "z": 1.0
        },
        "matrix_basis": [
          [
            0.9998693466186523,
            -0.005828880704939365,
            -0.015078817494213581,
            0.0
          ],
          [
            0.0038376899901777506,
            0.9916554093360901,
            -0.1288597583770752,
            0.0
          ],
          [
            0.015704099088907242,
            0.12878505885601044,
            0.9915481805801392,
            0.0
          ],
          [
            0.0,
            0.0,
            0.0,
            1.0
          ]
        ],
        "rotation_mode": "QUATERNION"
      },
      "armature_space": {
        "head": {
          "x": 0.6034778356552124,
          "y": -0.18418622016906738,
          "z": 0.7401419878005981
        },
        "tail": {
          "x": 0.6262465715408325,
          "y": -0.2099362313747406,
          "z": 0.7609195113182068
        }
      },
      "world_space": {
        "head": {
          "x": 0.6034778356552124,
          "y": -0.12094222009181976,
          "z": 1.6899960041046143
        },
        "tail": {
          "x": 0.6262465715408325,
          "y": -0.14669223129749298,
          "z": 1.7107734680175781
        },
        "rotation_quaternion": {
          "w": 0.17644204199314117,
          "x": -0.35398533940315247,
          "y": -0.38511115312576294,
          "z": -0.833817720413208
        },
        "matrix": [
          [
            -0.687125563621521,
            0.5668885111808777,
            0.4544181227684021,
            0.6034778356552124
          ],
          [
            -0.02159467712044716,
            -0.6411152482032776,
            0.7671407461166382,
            -0.12094222009181976
          ],
          [
            0.726222813129425,
            0.5173119306564331,
            0.45277243852615356,
            1.6899960041046143
          ],
          [
            0.0,
            0.0,
            0.0,
            1.0
          ]
        ]
      },
      "bone_length_armature_space": 0.04016446075158995,
      "parent": "thumb_01_l",
      "has_children": true,
      "is_end_bone": false
    },
    "thumb_03_l": {
      "name": "thumb_03_l",
      "local": {
        "location": {
          "x": 0.0,
          "y": 0.0,
          "z": 0.0
        },
        "rotation_quaternion": {
          "w": 0.9981744885444641,
          "x": 0.05973739176988602,
          "y": 0.007715165615081787,
          "z": -0.0044288900680840015
        },
        "scale": {
          "x": 1.0,
          "y": 1.0,
          "z": 1.0
        },
        "matrix_basis": [
          [
            0.9998417496681213,
            0.009763377718627453,
            0.014873022213578224,
            0.0
          ],
          [
            -0.00791984237730503,
            0.9928236603736877,
            -0.11932501941919327,
            0.0
          ],
          [
            -0.015931304544210434,
            0.1191883385181427,
            0.9927438497543335,
            0.0
          ],
          [
            0.0,
            0.0,
            0.0,
            1.0
          ]
        ],
        "rotation_mode": "QUATERNION"
      },
      "armature_space": {
        "head": {
          "x": 0.6262465119361877,
          "y": -0.2099362462759018,
          "z": 0.7609195113182068
        },
        "tail": {
          "x": 0.6495147943496704,
          "y": -0.21914923191070557,
          "z": 0.7782573699951172
        }
      },
      "world_space": {
        "head": {
          "x": 0.6262465119361877,
          "y": -0.14669224619865417,
          "z": 1.7107734680175781
        },
        "tail": {
          "x": 0.6495147943496704,
          "y": -0.15590523183345795,
          "z": 1.7281113862991333
        },
        "rotation_quaternion": {
          "w": 0.3844723403453827,
          "x": -0.1772211790084839,
          "y": -0.44819027185440063,
          "z": -0.7873368859291077
        },
        "matrix": [
          [
            -0.6415465474128723,
            0.7642764449119568,
            -0.06557004153728485,
            0.6262465119361877
          ],
          [
            -0.446562796831131,
            -0.3026118278503418,
            0.8420260548591614,
            -0.14669224619865417
          ],
          [
            0.623702347278595,
            0.5694836974143982,
            0.5354417562484741,
            1.7107734680175781
          ],
          [
            0.0,
            0.0,
            0.0,
            1.0
          ]
        ]
      },
      "bone_length_armature_space": 0.030444924536042018,
      "parent": "thumb_02_l",
      "has_children": false,
      "is_end_bone": true
    },
    "metacarpal_index_l": {
      "name": "metacarpal_index_l",
      "local": {
        "location": {
          "x": 0.0,
          "y": 0.0,
          "z": 0.0
        },
        "rotation_quaternion": {
          "w": 0.9993415474891663,
          "x": -0.03174373507499695,
          "y": 0.013643575832247734,
          "z": 0.011080225929617882
        },
        "scale": {
          "x": 1.0,
          "y": 1.0,
          "z": 1.0
        },
        "matrix_basis": [
          [
            0.9993821382522583,
            -0.023012056946754456,
            0.026565728709101677,
            0.0
          ],
          [
            0.02127966471016407,
            0.9977391362190247,
            0.06374801695346832,
            0.0
          ],
          [
            -0.027972640469670296,
            -0.06314332038164139,
            0.9976123571395874,
            0.0
          ],
          [
            0.0,
            0.0,
            0.0,
            1.0
          ]
        ],
        "rotation_mode": "QUATERNION"
      },
      "armature_space": {
        "head": {
          "x": 0.6034178137779236,
          "y": -0.10999733209609985,
          "z": 0.7247324585914612
        },
        "tail": {
          "x": 0.6499456763267517,
          "y": -0.18643352389335632,
          "z": 0.8003760576248169
        }
      },
      "world_space": {
        "head": {
          "x": 0.6034178137779236,
          "y": -0.046753332018852234,
          "z": 1.674586534500122
        },
        "tail": {
          "x": 0.6499456763267517,
          "y": -0.1231895238161087,
          "z": 1.750230073928833
        },
        "rotation_quaternion": {
          "w": 0.39820218086242676,
          "x": 0.8805465698242188,
          "y": 0.12354487925767899,
          "z": -0.22540947794914246
        },
        "matrix": [
          [
            0.8678545355796814,
            0.397091269493103,
            -0.2985742688179016,
            0.6034178137779236
          ],
          [
            0.03805795684456825,
            -0.6523433327674866,
            -0.7569676637649536,
            -0.046753332018852234
          ],
          [
            -0.4953617453575134,
            0.6455786824226379,
            -0.5812563896179199,
            1.674586534500122
          ],
          [
            0.0,
            0.0,
            0.0,
            1.0
          ]
        ]
      },
      "bone_length_armature_space": 0.11717204349628811,
      "parent": "lowerarm_l",
      "has_children": true,
      "is_end_bone": false
    },
    "index_01_l": {
      "name": "index_01_l",
      "local": {
        "location": {
          "x": 0.0,
          "y": 0.0,
          "z": 0.0
        },
        "rotation_quaternion": {
          "w": 0.9914892315864563,
          "x": -0.12850536406040192,
          "y": 0.019618818536400795,
          "z": 0.007115114945918322
        },
        "scale": {
          "x": 1.0,
          "y": 1.0,
          "z": 1.0
        },
        "matrix_basis": [
          [
            0.9991289377212524,
            -0.019151367247104645,
            0.03707503527402878,
            0.0
          ],
          [
            0.009066873230040073,
            0.9668715000152588,
            0.2551025450229645,
            0.0
          ],
          [
            -0.040732353925704956,
            -0.254544198513031,
            0.966202974319458,
            0.0
          ],
          [
            0.0,
            0.0,
            0.0,
            1.0
          ]
        ],
        "rotation_mode": "QUATERNION"
      },
      "armature_space": {
        "head": {
          "x": 0.6499456763267517,
          "y": -0.18643352389335632,
          "z": 0.8003760576248169
        },
        "tail": {
          "x": 0.6705222129821777,
          "y": -0.19415594637393951,
          "z": 0.8185431361198425
        }
      },
      "world_space": {
        "head": {
          "x": 0.6499456763267517,
          "y": -0.1231895238161087,
          "z": 1.750230073928833
        },
        "tail": {
          "x": 0.6705222129821777,
          "y": -0.1309119462966919,
          "z": 1.7683970928192139
        },
        "rotation_quaternion": {
          "w": 0.5043342113494873,
          "x": 0.7692382335662842,
          "y": 0.33201488852500916,
          "z": -0.209011510014534
        },
        "matrix": [
          [
            0.69215989112854,
            0.7216206789016724,
            0.013335689902305603,
            0.6499456763267517
          ],
          [
            0.29997625946998596,
            -0.2708257734775543,
            -0.9146955013275146,
            -0.1231895238161087
          ],
          [
            -0.6564559936523438,
            0.637120246887207,
            -0.4039275348186493,
            1.750230073928833
          ],
          [
            0.0,
            0.0,
            0.0,
            1.0
          ]
        ]
      },
      "bone_length_armature_space": 0.028514424323865303,
      "parent": "metacarpal_index_l",
      "has_children": true,
      "is_end_bone": false
    },
    "index_02_l": {
      "name": "index_02_l",
      "local": {
        "location": {
          "x": 0.0,
          "y": 0.0,
          "z": 0.0
        },
        "rotation_quaternion": {
          "w": 0.9998863339424133,
          "x": 0.014035710133612156,
          "y": 0.002287953859195113,
          "z": 0.0050116912461817265
        },
        "scale": {
          "x": 1.0,
          "y": 1.0,
          "z": 1.0
        },
        "matrix_basis": [
          [
            0.9999393224716187,
            -0.009958016686141491,
            0.0047160726971924305,
            0.0
          ],
          [
            0.01008646935224533,
            0.999555766582489,
            -0.028045296669006348,
            0.0
          ],
          [
            -0.004434702452272177,
            0.02809116244316101,
            0.9995955228805542,
            0.0
          ],
          [
            0.0,
            0.0,
            0.0,
            1.0
          ]
        ],
        "rotation_mode": "QUATERNION"
      },
      "armature_space": {
        "head": {
          "x": 0.6705223321914673,
          "y": -0.19415640830993652,
          "z": 0.8185434341430664
        },
        "tail": {
          "x": 0.6893711090087891,
          "y": -0.2007850557565689,
          "z": 0.8346331715583801
        }
      },
      "world_space": {
        "head": {
          "x": 0.6705223321914673,
          "y": -0.1309124082326889,
          "z": 1.7683974504470825
        },
        "tail": {
          "x": 0.6893711090087891,
          "y": -0.1375410556793213,
          "z": 1.784487247467041
        },
        "rotation_quaternion": {
          "w": 0.5152120590209961,
          "x": 0.7573191523551941,
          "y": 0.3245912790298462,
          "z": -0.23593395948410034
        },
        "matrix": [
          [
            0.6779507398605347,
            0.7347506880760193,
            -0.02288610115647316,
            0.6705223321914673
          ],
          [
            0.24852889776229858,
            -0.25839388370513916,
            -0.9335235953330994,
            -0.1309124082326889
          ],
          [
            -0.6918254494667053,
            0.6271994113922119,
            -0.3577885329723358,
            1.7683974504470825
          ],
          [
            0.0,
            0.0,
            0.0,
            1.0
          ]
        ]
      },
      "bone_length_armature_space": 0.025653362553364152,
      "parent": "index_01_l",
      "has_children": true,
      "is_end_bone": false
    },
    "index_03_l": {
      "name": "index_03_l",
      "local": {
        "location": {
          "x": 0.0,
          "y": 0.0,
          "z": 0.0
        },
        "rotation_quaternion": {
          "w": 0.999867856502533,
          "x": 0.014647996984422207,
          "y": 0.0030342531390488148,
          "z": 0.0063719479367136955
        },
        "scale": {
          "x": 1.0,
          "y": 1.0,
          "z": 1.0
        },
        "matrix_basis": [
          [
            0.9999004006385803,
            -0.012653320096433163,
            0.006254376843571663,
            0.0
          ],
          [
            0.012831103056669235,
            0.9994896650314331,
            -0.029253454878926277,
            0.0
          ],
          [
            -0.005881031975150108,
            0.029330790042877197,
            0.9995524883270264,
            0.0
          ],
          [
            0.0,
            0.0,
            0.0,
            1.0
          ]
        ],
        "rotation_mode": "QUATERNION"
      },
      "armature_space": {
        "head": {
          "x": 0.6893710494041443,
          "y": -0.20078492164611816,
          "z": 0.8346332311630249
        },
        "tail": {
          "x": 0.7121272087097168,
          "y": -0.21089722216129303,
          "z": 0.8499182462692261
        }
      },
      "world_space": {
        "head": {
          "x": 0.6893710494041443,
          "y": -0.13754092156887054,
          "z": 1.784487247467041
        },
        "tail": {
          "x": 0.7121272087097168,
          "y": -0.1476532220840454,
          "z": 1.7997722625732422
        },
        "rotation_quaternion": {
          "w": 0.44639113545417786,
          "x": 0.7827063202857971,
          "y": 0.35733652114868164,
          "z": -0.2457975596189499
        },
        "matrix": [
          [
            0.6237877011299133,
            0.77882319688797,
            -0.06574910879135132,
            0.6893710494041443
          ],
          [
            0.3399374485015869,
            -0.34609031677246094,
            -0.8744508028030396,
            -0.13754092156887054
          ],
          [
            -0.7038024663925171,
            0.5231245160102844,
            -0.48064225912094116,
            1.784487247467041
          ],
          [
            0.0,
            0.0,
            0.0,
            1.0
          ]
        ]
      },
      "bone_length_armature_space": 0.029218710996383755,
      "parent": "index_02_l",
      "has_children": false,
      "is_end_bone": true
    },
    "metacarpal_pinky_l": {
      "name": "metacarpal_pinky_l",
      "local": {
        "location": {
          "x": 0.0,
          "y": 0.0,
          "z": 0.0
        },
        "rotation_quaternion": {
          "w": 0.9991574287414551,
          "x": -0.040102310478687286,
          "y": 0.006060500163584948,
          "z": 0.006290805526077747
        },
        "scale": {
          "x": 1.0,
          "y": 1.0,
          "z": 1.0
        },
        "matrix_basis": [
          [
            0.999847412109375,
            -0.01305709034204483,
            0.01160623598843813,
            0.0
          ],
          [
            0.012084930203855038,
            0.9967044591903687,
            0.08021329343318939,
            0.0
          ],
          [
            -0.012615338899195194,
            -0.08006079494953156,
            0.9967101216316223,
            0.0
          ],
          [
            0.0,
            0.0,
            0.0,
            1.0
          ]
        ],
        "rotation_mode": "QUATERNION"
      },
      "armature_space": {
        "head": {
          "x": 0.6034178137779236,
          "y": -0.10999733209609985,
          "z": 0.7247324585914612
        },
        "tail": {
          "x": 0.6933503746986389,
          "y": -0.14198538661003113,
          "z": 0.7663513422012329
        }
      },
      "world_space": {
        "head": {
          "x": 0.6034178137779236,
          "y": -0.046753332018852234,
          "z": 1.674586534500122
        },
        "tail": {
          "x": 0.6933503746986389,
          "y": -0.07874138653278351,
          "z": 1.716205358505249
        },
        "rotation_quaternion": {
          "w": 0.5427709221839905,
          "x": 0.029390349984169006,
          "y": -0.22760437428951263,
          "z": -0.8079184293746948
        },
        "matrix": [
          [
            -0.4090709686279297,
            0.8636503219604492,
            -0.2945654094219208,
            0.6034178137779236
          ],
          [
            -0.8904088139533997,
            -0.30719122290611267,
            0.3358660340309143,
            -0.046753332018852234
          ],
          [
            0.1995837241411209,
            0.39967915415763855,
            0.8946713805198669,
            1.674586534500122
          ],
          [
            0.0,
            0.0,
            0.0,
            1.0
          ]
        ]
      },
      "bone_length_armature_space": 0.10413084152949192,
      "parent": "lowerarm_l",
      "has_children": true,
      "is_end_bone": false
    },
    "pinky_01_l": {
      "name": "pinky_01_l",
      "local": {
        "location": {
          "x": 0.0,
          "y": 0.0,
          "z": 0.0
        },
        "rotation_quaternion": {
          "w": 0.9943141937255859,
          "x": -0.10617247223854065,
          "y": -0.0025033894926309586,
          "z": 0.007783499080687761
        },
        "scale": {
          "x": 1.0,
          "y": 1.0,
          "z": 1.0
        },
        "matrix_basis": [
          [
            0.9998663067817688,
            -0.014946904964745045,
            -0.006631098221987486,
            0.0
          ],
          [
            0.016010070219635963,
            0.977333664894104,
            0.21109862625598907,
            0.0
          ],
          [
            0.003325524739921093,
            -0.2111765593290329,
            0.9774422645568848,
            0.0
          ],
          [
            0.0,
            0.0,
            0.0,
            1.0
          ]
        ],
        "rotation_mode": "QUATERNION"
      },
      "armature_space": {
        "head": {
          "x": 0.6933503746986389,
          "y": -0.14198538661003113,
          "z": 0.7663513422012329
        },
        "tail": {
