{
  "metadata": {
    "armature_name": "KIM_caucasian_male",
    "export_time": "2026-01-13T20:24:37.620895",
    "blender_version": "4.4.1",
    "bone_count": 56,
    "end_bone_count": 13,
    "spaces_included": [
      "LOCAL_CHANNELS",
      "ARMATURE_SPACE",
      "WORLD_SPACE"
    ],
    "note": "LOCAL matches Transform panel; replay pose via local.matrix_basis for best fidelity."
  },
  "bones": {
    "Root": {
      "name": "Root",
      "local": {
        "location": {
          "x": 0.0,
          "y": 0.0,
          "z": 0.0
        },
        "rotation_quaternion": {
          "w": 0.9997422695159912,
          "x": 0.0036425134167075157,
          "y": 0.009745737537741661,
          "z": 0.020180465653538704
        },
        "scale": {
          "x": 1.0,
          "y": 1.0,
          "z": 1.0
        },
        "matrix_basis": [
          [
            0.9989955425262451,
            -0.04027952998876572,
            0.019633466377854347,
            0.0
          ],
          [
            0.04042152687907219,
            0.9991589784622192,
            -0.006889802403748035,
            0.0
          ],
          [
            -0.019339436665177345,
            0.007676496170461178,
            0.9997835159301758,
            0.0
          ],
          [
            0.0,
            0.0,
            0.0,
            1.0
          ]
        ],
        "rotation_mode": "QUATERNION"
      },
      "armature_space": {
        "head": {
          "x": 0.0,
          "y": 0.07072800397872925,
          "z": -0.009595036506652832
        },
        "tail": {
          "x": -0.0028749865014106035,
          "y": -1.4171004295349121e-05,
          "z": -0.0005510170012712479
        }
      },
      "world_space": {
        "head": {
          "x": 0.0,
          "y": 0.13397200405597687,
          "z": 0.9402589797973633
        },
        "tail": {
          "x": -0.0028749865014106035,
          "y": 0.06322982907295227,
          "z": 0.9493029713630676
        },
        "rotation_quaternion": {
          "w": 0.06371604651212692,
          "x": 0.9977164268493652,
          "y": -0.019478071480989456,
          "z": 0.01108311302959919
        },
        "matrix": [
          [
            0.9989955425262451,
            -0.04027952998876572,
            0.019633466377854347,
            0.0
          ],
          [
            -0.03745483234524727,
            -0.9911217093467712,
            -0.12757332623004913,
            0.13397200405597687
          ],
          [
            0.024597885087132454,
            0.12670975923538208,
            -0.9916418790817261,
            0.9402589797973633
          ],
          [
            0.0,
            0.0,
            0.0,
            1.0
          ]
        ]
      },
      "bone_length_armature_space": 0.07137587244939003,
      "parent": null,
      "has_children": true,
      "is_end_bone": false
    },
    "spine_01": {
      "name": "spine_01",
      "local": {
        "location": {
          "x": 0.0,
          "y": 0.0,
          "z": 0.0
        },
        "rotation_quaternion": {
          "w": 0.9997210502624512,
          "x": -0.0089659933000803,
          "y": 0.009294350631535053,
          "z": 0.019778983667492867
        },
        "scale": {
          "x": 1.0,
          "y": 1.0,
          "z": 1.0
        },
        "matrix_basis": [
          [
            0.9990448355674744,
            -0.039713598787784576,
            0.018228840082883835,
            0.0
          ],
          [
            0.0393802672624588,
            0.9990568161010742,
            0.018294649198651314,
            0.0
          ],
          [
            -0.01893819309771061,
            -0.017559319734573364,
            0.9996664524078369,
            0.0
          ],
          [
            0.0,
            0.0,
            0.0,
            1.0
          ]
        ],
        "rotation_mode": "QUATERNION"
      },
      "armature_space": {
        "head": {
          "x": -0.0028749865014106035,
          "y": -1.4171004295349121e-05,
          "z": -0.0005510170012712479
        },
        "tail": {
          "x": -0.033169325441122055,
          "y": 0.028716273605823517,
          "z": 0.48566436767578125
        }
      },
      "world_space": {
        "head": {
          "x": -0.0028749865014106035,
          "y": 0.06322982907295227,
          "z": 0.9493029713630676
        },
        "tail": {
          "x": -0.033169325441122055,
          "y": 0.09196027368307114,
          "z": 1.4355183839797974
        },
        "rotation_quaternion": {
          "w": 0.7270535826683044,
          "x": 0.6858006715774536,
          "y": -0.028804723173379898,
          "z": 0.015521428547799587
        },
        "matrix": [
          [
            0.9978588223457336,
            -0.062078408896923065,
            -0.020595524460077286,
            -0.0028749865014106035
          ],
          [
            -0.01693832315504551,
            0.05887371301651001,
            -0.9981217384338379,
            0.06322982907295227
          ],
          [
            0.0631747767329216,
            0.9963405132293701,
            0.057695627212524414,
            0.9493029713630676
          ],
          [
            0.0,
            0.0,
            0.0,
            1.0
          ]
        ]
      },
      "bone_length_armature_space": 0.4880047006065275,
      "parent": "Root",
      "has_children": true,
      "is_end_bone": false
    },
    "neck_01": {
      "name": "neck_01",
      "local": {
        "location": {
          "x": 0.0,
          "y": 0.0,
          "z": 0.0
        },
        "rotation_quaternion": {
          "w": 0.988288402557373,
          "x": -0.08556046336889267,
          "y": -0.0968380942940712,
          "z": 0.08116579800844193
        },
        "scale": {
          "x": 1.0,
          "y": 1.0,
          "z": 1.0
        },
        "matrix_basis": [
          [
            0.9680690169334412,
            -0.14385941624641418,
            -0.2052970975637436,
            0.0
          ],
          [
            0.1770014613866806,
            0.9721830487251282,
            0.15339694917201996,
            0.0
          ],
          [
            0.17751877009868622,
            -0.1848367154598236,
            0.9666035771369934,
            0.0
          ],
          [
            0.0,
            0.0,
            0.0,
            1.0
          ]
        ],
        "rotation_mode": "QUATERNION"
      },
      "armature_space": {
        "head": {
          "x": -0.03842887282371521,
          "y": -0.0015883855521678925,
          "z": 0.5606157779693604
        },
        "tail": {
          "x": -0.05970224738121033,
          "y": -0.015760378912091255,
          "z": 0.6599000096321106
        }
      },
      "world_space": {
        "head": {
          "x": -0.03842887282371521,
          "y": 0.06165561452507973,
          "z": 1.5104697942733765
        },
        "tail": {
          "x": -0.05970224738121033,
          "y": 0.047483623027801514,
          "z": 1.6097540855407715
        },
        "rotation_quaternion": {
          "w": 0.6391818523406982,
          "x": 0.7542686462402344,
          "y": -0.14942866563796997,
          "z": -0.014015605673193932
        },
        "matrix": [
          [
            0.954949140548706,
            -0.20750194787979126,
            -0.21216844022274017,
            -0.03842887282371521
          ],
          [
            -0.24333690106868744,
            -0.13823457062244415,
            -0.9600409269332886,
            0.06165561452507973
          ],
          [
            0.16988226771354675,
            0.9684250950813293,
            -0.18250204622745514,
            1.5104697942733765
          ],
          [
            0.0,
            0.0,
            0.0,
            1.0
          ]
        ]
      },
      "bone_length_armature_space": 0.1025219990377992,
      "parent": "spine_01",
      "has_children": true,
      "is_end_bone": false
    },
    "head": {
      "name": "head",
      "local": {
        "location": {
          "x": 0.0,
          "y": 0.0,
          "z": 0.0
        },
        "rotation_quaternion": {
          "w": 0.9658211469650269,
          "x": -0.06929673999547958,
          "y": -0.1915607452392578,
          "z": -0.16028758883476257
        },
        "scale": {
          "x": 1.0,
          "y": 1.0,
          "z": 1.0
        },
        "matrix_basis": [
          [
            0.875224769115448,
            0.3361673653125763,
            -0.3478120267391205,
            0.0
          ],
          [
            -0.2830692231655121,
            0.9390116930007935,
            0.19526612758636475,
            0.0
          ],
          [
            0.3922416567802429,
            -0.07244689017534256,
            0.9170048832893372,
            0.0
          ],
          [
            0.0,
            0.0,
            0.0,
            1.0
          ]
        ],
        "rotation_mode": "QUATERNION"
      },
      "armature_space": {
        "head": {
          "x": -0.05970226973295212,
          "y": -0.015760518610477448,
          "z": 0.6598999500274658
        },
        "tail": {
          "x": -0.023956947028636932,
          "y": 0.01381676085293293,
          "z": 0.8078889846801758
        }
      },
      "world_space": {
        "head": {
          "x": -0.05970226973295212,
          "y": 0.04748348146677017,
          "z": 1.609753966331482
        },
        "tail": {
          "x": -0.023956947028636932,
          "y": 0.0770607590675354,
          "z": 1.757743000984192
        },
        "rotation_quaternion": {
          "w": 0.7491670250892639,
          "x": 0.5646174550056458,
          "y": -0.1846727728843689,
          "z": -0.2930050790309906
        },
        "matrix": [
          [
            0.7600873708724976,
            0.2304808497428894,
            -0.6075742244720459,
            -0.05970226973295212
          ],
          [
            -0.6475595235824585,
            0.1907101571559906,
            -0.7377645373344421,
            0.04748348146677017
          ],
          [
            -0.05417107045650482,
            0.9542125463485718,
            0.29420772194862366,
            1.609753966331482
          ],
          [
            0.0,
            0.0,
            0.0,
            1.0
          ]
        ]
      },
      "bone_length_armature_space": 0.15509125699124374,
      "parent": "neck_01",
      "has_children": false,
      "is_end_bone": true
    },
    "upperarm_l": {
      "name": "upperarm_l",
      "local": {
        "location": {
          "x": 0.0,
          "y": 0.0,
          "z": 0.0
        },
        "rotation_quaternion": {
          "w": 0.878040611743927,
          "x": -0.18871548771858215,
          "y": 0.41167476773262024,
          "z": -0.15477482974529266
        },
        "scale": {
          "x": 1.0,
          "y": 1.0,
          "z": 1.0
        },
        "matrix_basis": [
          [
            0.6131373047828674,
            0.11641836166381836,
            0.7813511490821838,
            0.0
          ],
          [
            -0.42717596888542175,
            0.8808624148368835,
            0.2039659470319748,
            0.0
          ],
          [
            -0.6645175218582153,
            -0.4588335156440735,
            0.5898206830024719,
            0.0
          ],
          [
            0.0,
            0.0,
            0.0,
            1.0
          ]
        ],
        "rotation_mode": "QUATERNION"
      },
      "armature_space": {
        "head": {
          "x": 0.11535642296075821,
          "y": -0.011269040405750275,
          "z": 0.503314197063446
        },
        "tail": {
          "x": 0.3500126600265503,
          "y": 0.11542997509241104,
          "z": 0.4770190119743347
        }
      },
      "world_space": {
        "head": {
          "x": 0.11535642296075821,
          "y": 0.051974959671497345,
          "z": 1.4531681537628174
        },
        "tail": {
          "x": 0.3500126600265503,
          "y": 0.17867398262023926,
          "z": 1.426872968673706
        },
        "rotation_quaternion": {
          "w": 0.2765886187553406,
          "x": 0.46456393599510193,
          "y": 0.812345564365387,
          "z": -0.21857218444347382
        },
        "matrix": [
          [
            -0.4153576195240021,
            0.8756828904151917,
            0.24628782272338867,
            0.11535642296075821
          ],
          [
            0.633864164352417,
            0.4728114604949951,
            -0.6120995283126831,
            0.051974959671497345
          ],
          [
            -0.6524568796157837,
            -0.0981275662779808,
            -0.7514556646347046,
            1.4531681537628174
          ],
          [
            0.0,
            0.0,
            0.0,
            1.0
          ]
        ]
      },
      "bone_length_armature_space": 0.2679694588642434,
      "parent": "spine_01",
      "has_children": true,
      "is_end_bone": false
    },
    "lowerarm_l": {
      "name": "lowerarm_l",
      "local": {
        "location": {
          "x": 0.0,
          "y": 0.0,
          "z": 0.0
        },
        "rotation_quaternion": {
          "w": 0.9797632098197937,
          "x": 0.1634417474269867,
          "y": 0.10517772287130356,
          "z": -0.04783853888511658
        },
        "scale": {
          "x": 1.0,
          "y": 1.0,
          "z": 1.0
        },
        "matrix_basis": [
          [
            0.9732982516288757,
            0.1281217485666275,
            0.19046089053153992,
            0.0
          ],
          [
            -0.059360019862651825,
            0.9419965147972107,
            -0.3303315341472626,
            0.0
          ],
          [
            -0.22173616290092468,
            0.3102053105831146,
            0.9244489073753357,
            0.0
          ],
          [
            0.0,
            0.0,
            0.0,
            1.0
          ]
        ],
        "rotation_mode": "QUATERNION"
      },
      "armature_space": {
        "head": {
          "x": 0.35001280903816223,
          "y": 0.11542991548776627,
          "z": 0.4770190119743347
        },
        "tail": {
          "x": 0.5877774953842163,
          "y": 0.1616639792919159,
          "z": 0.3634413778781891
        }
      },
      "world_space": {
        "head": {
          "x": 0.35001280903816223,
          "y": 0.17867392301559448,
          "z": 1.426872968673706
        },
        "tail": {
          "x": 0.5877774953842163,
          "y": 0.2249079793691635,
          "z": 1.3132953643798828
        },
        "rotation_quaternion": {
          "w": 0.13112571835517883,
          "x": 0.5242633819580078,
          "y": 0.7544654607772827,
          "z": -0.3724728226661682
        },
        "matrix": [
          [
            -0.4159066379070282,
            0.8887587189674377,
            -0.19269047677516937,
            0.35001280903816223
          ],
          [
            0.6933973431587219,
            0.1728217899799347,
            -0.6995234489440918,
            0.17867392301559448
          ],
          [
            -0.5884100794792175,
            -0.42455047369003296,
            -0.6881461143493652,
            1.426872968673706
          ],
          [
            0.0,
            0.0,
            0.0,
            1.0
          ]
        ]
      },
      "bone_length_armature_space": 0.2675247944116861,
      "parent": "upperarm_l",
      "has_children": true,
      "is_end_bone": false
    },
    "metacarpal_thumb_l": {
      "name": "metacarpal_thumb_l",
      "local": {
        "location": {
          "x": 0.0,
          "y": 0.0,
          "z": 0.0
        },
        "rotation_quaternion": {
          "w": 0.999262273311615,
          "x": 0.03143182024359703,
          "y": -0.021275045350193977,
          "z": 0.00587070407345891
        },
        "scale": {
          "x": 1.0,
          "y": 1.0,
          "z": 1.0
        },
        "matrix_basis": [
          [
            0.999025821685791,
            -0.013070172630250454,
            -0.04214964807033539,
            0.0
          ],
          [
            0.010395319201052189,
            0.9979551434516907,
            -0.06306706368923187,
            0.0
          ],
          [
            0.04288775473833084,
            0.06256746500730515,
            0.9971188306808472,
            0.0
          ],
          [
            0.0,
            0.0,
            0.0,
            1.0
          ]
        ],
        "rotation_mode": "QUATERNION"
      },
      "armature_space": {
        "head": {
          "x": 0.5877774953842163,
          "y": 0.1616639792919159,
          "z": 0.3634413778781891
        },
        "tail": {
          "x": 0.6108765602111816,
          "y": 0.15597568452358246,
          "z": 0.31999385356903076
        }
      },
      "world_space": {
        "head": {
          "x": 0.5877774953842163,
          "y": 0.2249079793691635,
          "z": 1.3132953643798828
        },
        "tail": {
          "x": 0.6108765602111816,
          "y": 0.21921968460083008,
          "z": 1.2698478698730469
        },
        "rotation_quaternion": {
          "w": 0.5233268737792969,
          "x": -0.7349672317504883,
          "y": -0.4107433557510376,
          "z": 0.13130894303321838
        },
        "matrix": [
          [
            0.6280936002731323,
            0.466330885887146,
            -0.6229236125946045,
            0.5877774953842163
          ],
          [
            0.7412028312683105,
            -0.11483696103096008,
            0.6613857746124268,
            0.2249079793691635
          ],
          [
            0.23689231276512146,
            -0.8771312236785889,
            -0.4177766442298889,
            1.3132953643798828
          ],
          [
            0.0,
            0.0,
            0.0,
            1.0
          ]
        ]
      },
      "bone_length_armature_space": 0.04953393657060212,
      "parent": "lowerarm_l",
      "has_children": true,
      "is_end_bone": false
    },
    "thumb_01_l": {
      "name": "thumb_01_l",
      "local": {
        "location": {
          "x": 0.0,
          "y": 0.0,
          "z": 0.0
        },
        "rotation_quaternion": {
          "w": 0.9773005247116089,
          "x": 0.21097567677497864,
          "y": 0.004142224323004484,
          "z": 0.01886622980237007
        },
        "scale": {
          "x": 1.0,
          "y": 1.0,
          "z": 1.0
        },
        "matrix_basis": [
          [
            0.9992538094520569,
            -0.03512813523411751,
            0.016057027503848076,
            0.0
          ],
          [
            0.03862376883625984,
            0.910266637802124,
            -0.41221699118614197,
            0.0
          ],
          [
            -0.00013576481433119625,
            0.4125295877456665,
            0.9109442234039307,
            0.0
          ],
          [
            0.0,
            0.0,
            0.0,
            1.0
          ]
        ],
        "rotation_mode": "QUATERNION"
      },
      "armature_space": {
        "head": {
          "x": 0.6108765602111816,
          "y": 0.15597568452358246,
          "z": 0.31999385356903076
        },
        "tail": {
          "x": 0.6113771796226501,
          "y": 0.1776813566684723,
          "z": 0.2937784492969513
        }
      },
      "world_space": {
        "head": {
          "x": 0.6108765602111816,
          "y": 0.21921968460083008,
          "z": 1.2698478698730469
        },
        "tail": {
          "x": 0.6113771796226501,
          "y": 0.2409253567457199,
          "z": 1.243632435798645
        },
        "rotation_quaternion": {
          "w": 0.8476917147636414,
          "x": -0.3958066999912262,
          "y": 0.3166351616382599,
          "z": -0.1565183848142624
        },
        "matrix": [
          [
            0.7504885196685791,
            0.014706909656524658,
            0.6607196927070618,
            0.6108765602111816
          ],
          [
            -0.5160113573074341,
            0.6376784443855286,
            0.5719255208969116,
            0.21921968460083008
          ],
          [
            -0.4129186272621155,
            -0.7701675295829773,
            0.48616331815719604,
            1.2698478698730469
          ],
          [
            0.0,
            0.0,
            0.0,
            1.0
          ]
        ]
      },
      "bone_length_armature_space": 0.034038717155723736,
      "parent": "metacarpal_thumb_l",
      "has_children": true,
      "is_end_bone": false
    },
    "thumb_02_l": {
      "name": "thumb_02_l",
      "local": {
        "location": {
          "x": 0.0,
          "y": 0.0,
          "z": 0.0
        },
        "rotation_quaternion": {
          "w": 0.9266870021820068,
          "x": 0.3757984936237335,
          "y": -0.00015459443966392428,
          "z": -0.005182737484574318
        },
        "scale": {
          "x": 1.0,
          "y": 1.0,
          "z": 1.0
        },
        "matrix_basis": [
          [
            0.9999462366104126,
            0.009489358402788639,
            -0.004181851167231798,
            0.0
          ],
          [
            -0.009721743874251842,
            0.7174972891807556,
            -0.6964935660362244,
            0.0
          ],
          [
            -0.003608808619901538,
            0.6964967846870422,
            0.7175509333610535,
            0.0
          ],
          [
            0.0,
            0.0,
            0.0,
            1.0
          ]
        ],
        "rotation_mode": "QUATERNION"
      },
      "armature_space": {
        "head": {
          "x": 0.6113770604133606,
          "y": 0.1776813268661499,
          "z": 0.2937784492969513
        },
        "tail": {
          "x": 0.6498293876647949,
          "y": 0.17422498762607574,
          "z": 0.30485326051712036
        }
      },
      "world_space": {
        "head": {
          "x": 0.6113770604133606,
          "y": 0.24092532694339752,
          "z": 1.243632435798645
        },
        "tail": {
          "x": 0.6498293876647949,
          "y": 0.23746898770332336,
          "z": 1.2547073364257812
        },
        "rotation_quaternion": {
          "w": 0.668035626411438,
          "x": 0.3099011182785034,
          "y": 0.10343847423791885,
          "z": -0.6685733795166016
        },
        "matrix": [
          [
            0.08462191373109818,
            0.957373857498169,
            -0.2761783003807068,
            0.6113770604133606
          ],
          [
            -0.8291495442390442,
            -0.0860547423362732,
            -0.5523638725280762,
            0.24092532694339752
          ],
          [
            -0.5525897145271301,
            0.27573728561401367,
            0.7865291833877563,
            1.243632435798645
          ],
          [
            0.0,
            0.0,
            0.0,
            1.0
          ]
        ]
      },
      "bone_length_armature_space": 0.04016440191042366,
      "parent": "thumb_01_l",
      "has_children": true,
      "is_end_bone": false
    },
    "thumb_03_l": {
      "name": "thumb_03_l",
      "local": {
        "location": {
          "x": 0.0,
          "y": 0.0,
          "z": 0.0
        },
        "rotation_quaternion": {
          "w": 0.9850417375564575,
          "x": 0.17230607569217682,
          "y": -0.0018339212983846664,
          "z": -0.0002739039482548833
        },
        "scale": {
          "x": 1.0,
          "y": 1.0,
          "z": 1.0
        },
        "matrix_basis": [
          [
            0.9999931454658508,
            -9.237792255589738e-05,
            -0.0037073686253279448,
            0.0
          ],
          [
            -0.001171605195850134,
            0.9406210780143738,
            -0.33945634961128235,
            0.0
          ],
          [
            0.0035185874439775944,
            0.3394583463668823,
            0.9406145215034485,
            0.0
          ],
          [
            0.0,
            0.0,
            0.0,
            1.0
          ]
        ],
        "rotation_mode": "QUATERNION"
      },
      "armature_space": {
        "head": {
          "x": 0.6498293876647949,
          "y": 0.17422497272491455,
          "z": 0.3048531711101532
        },
        "tail": {
          "x": 0.6691817045211792,
          "y": 0.16314402222633362,
          "z": 0.3255799114704132
        }
      },
      "world_space": {
        "head": {
          "x": 0.6498293876647949,
          "y": 0.23746897280216217,
          "z": 1.2547072172164917
        },
        "tail": {
          "x": 0.6691817045211792,
          "y": 0.22638802230358124,
          "z": 1.275433897972107
        },
        "rotation_quaternion": {
          "w": 0.5636585354804993,
          "x": 0.6207985281944275,
          "y": 0.017485596239566803,
          "z": -0.5446031093597412
        },
        "matrix": [
          [
            0.40619948506355286,
            0.6356503367424011,
            -0.6564684510231018,
            0.6498293876647949
          ],
          [
            -0.5922335982322693,
            -0.36396780610084534,
            -0.7188791036605835,
            0.23746897280216217
          ],
          [
            -0.6958943009376526,
            0.6807956695556641,
            0.228611022233963,
            1.2547072172164917
          ],
          [
            0.0,
            0.0,
            0.0,
            1.0
          ]
        ]
      },
      "bone_length_armature_space": 0.03044498966007696,
      "parent": "thumb_02_l",
      "has_children": false,
      "is_end_bone": true
    },
    "metacarpal_index_l": {
      "name": "metacarpal_index_l",
      "local": {
        "location": {
          "x": 0.0,
          "y": 0.0,
          "z": 0.0
        },
        "rotation_quaternion": {
          "w": 0.9996221661567688,
          "x": -0.01907278038561344,
          "y": -0.01469268649816513,
          "z": 0.013261640444397926
        },
        "scale": {
          "x": 1.0,
          "y": 1.0,
          "z": 1.0
        },
        "matrix_basis": [
          [
            0.9992164969444275,
            -0.02595279924571514,
            -0.029880143702030182,
            0.0
          ],
          [
            0.02707372047007084,
            0.998920738697052,
            0.03774144873023033,
            0.0
          ],
          [
            0.02886839769780636,
            -0.038520846515893936,
            0.9988406896591187,
            0.0
          ],
          [
            0.0,
            0.0,
            0.0,
            1.0
          ]
        ],
        "rotation_mode": "QUATERNION"
      },
      "armature_space": {
        "head": {
          "x": 0.5877774953842163,
          "y": 0.1616639792919159,
          "z": 0.3634413778781891
        },
        "tail": {
          "x": 0.6799155473709106,
          "y": 0.1563577950000763,
          "z": 0.29124915599823
        }
      },
      "world_space": {
        "head": {
          "x": 0.5877774953842163,
          "y": 0.2249079793691635,
          "z": 1.3132953643798828
        },
        "tail": {
          "x": 0.6799155473709106,
          "y": 0.2196017950773239,
          "z": 1.241103172302246
        },
        "rotation_quaternion": {
          "w": 0.26210060715675354,
          "x": -0.6956763863563538,
          "y": -0.6392652988433838,
          "z": 0.19666634500026703
        },
        "matrix": [
          [
            0.1053214818239212,
            0.7863503694534302,
            -0.6087367534637451,
            0.5877774953842163
          ],
          [
            0.992536723613739,
            -0.045285556465387344,
            0.11322680860757828,
            0.2249079793691635
          ],
          [
            0.06147021800279617,
            -0.6161233186721802,
            -0.7852568030357361,
            1.3132953643798828
          ],
          [
            0.0,
            0.0,
            0.0,
            1.0
          ]
        ]
      },
      "bone_length_armature_space": 0.11717206668927697,
      "parent": "lowerarm_l",
      "has_children": true,
      "is_end_bone": false
    },
    "index_01_l": {
      "name": "index_01_l",
      "local": {
        "location": {
          "x": 0.0,
          "y": 0.0,
          "z": 0.0
        },
        "rotation_quaternion": {
          "w": 0.9748420715332031,
          "x": 0.22287176549434662,
          "y": 0.003176392987370491,
          "z": 0.0010211343178525567
        },
        "scale": {
          "x": 1.0,
          "y": 1.0,
          "z": 1.0
        },
        "matrix_basis": [
          [
            0.999977707862854,
            -0.0005750327836722136,
            0.006648126989603043,
            0.0
          ],
          [
            0.00340674608014524,
            0.9006542563438416,
            -0.4345230460166931,
            0.0
          ],
          [
            -0.005737799219787121,
            0.43453603982925415,
            0.9006361961364746,
            0.0
          ],
          [
            0.0,
            0.0,
            0.0,
            1.0
          ]
        ],
        "rotation_mode": "QUATERNION"
      },
      "armature_space": {
        "head": {
          "x": 0.6799155473709106,
          "y": 0.1563577950000763,
          "z": 0.29124915599823
        },
        "tail": {
          "x": 0.695479154586792,
          "y": 0.16565722227096558,
          "z": 0.26924070715904236
        }
      },
      "world_space": {
        "head": {
          "x": 0.6799155473709106,
          "y": 0.2196017950773239,
          "z": 1.241103172302246
        },
        "tail": {
          "x": 0.695479154586792,
          "y": 0.2289012223482132,
          "z": 1.2190947532653809
        },
        "rotation_quaternion": {
          "w": 0.38542065024375916,
          "x": -0.5195494294166565,
          "y": -0.7172987461090088,
          "z": 0.2588474452495575
        },
        "matrix": [
          [
            -0.16303686797618866,
            0.5458157062530518,
            -0.8218905925750732,
            0.6799155473709106
          ],
          [
            0.9448750019073486,
            0.3261314034461975,
            0.029150277376174927,
            0.2196017950773239
          ],
          [
            0.283957839012146,
            -0.7718366980552673,
            -0.5689032077789307,
            1.241103172302246
          ],
          [
            0.0,
            0.0,
            0.0,
            1.0
          ]
        ]
      },
      "bone_length_armature_space": 0.02851450572221793,
      "parent": "metacarpal_index_l",
      "has_children": true,
      "is_end_bone": false
    },
    "index_02_l": {
      "name": "index_02_l",
      "local": {
        "location": {
          "x": 0.0,
          "y": 0.0,
          "z": 0.0
        },
        "rotation_quaternion": {
          "w": 0.9208135604858398,
          "x": 0.38994407653808594,
          "y": 0.006090293638408184,
          "z": -0.003006284823641181
        },
        "scale": {
          "x": 1.0,
          "y": 1.0,
          "z": 1.0
        },
        "matrix_basis": [
          [
            0.9999077320098877,
            0.01028620358556509,
            0.008871483616530895,
            0.0
          ],
          [
            -0.0007867077947594225,
            0.6958691477775574,
            -0.7181681990623474,
            0.0
          ],
          [
            -0.013560615479946136,
            0.7180949449539185,
            0.6958130598068237,
            0.0
          ],
          [
            0.0,
            0.0,
            0.0,
            1.0
          ]
        ],
        "rotation_mode": "QUATERNION"
      },
      "armature_space": {
        "head": {
          "x": 0.695479154586792,
          "y": 0.1656571477651596,
          "z": 0.2692401707172394
        },
        "tail": {
          "x": 0.6910309791564941,
          "y": 0.17185187339782715,
          "z": 0.24474653601646423
        }
      },
      "world_space": {
        "head": {
          "x": 0.695479154586792,
          "y": 0.22890114784240723,
          "z": 1.219094157218933
        },
        "tail": {
          "x": 0.6910309791564941,
          "y": 0.23509587347507477,
          "z": 1.1946005821228027
        },
        "rotation_quaternion": {
          "w": 0.530963122844696,
          "x": -0.3270514905452728,
          "y": -0.582081139087677,
          "z": 0.5218209624290466
        },
        "matrix": [
          [
            -0.22223049402236938,
            -0.1733970046043396,
            -0.9594514966011047,
            0.695479154586792
          ],
          [
            0.9348767995834351,
            0.24147897958755493,
            -0.2601796090602875,
            0.22890114784240723
          ],
          [
            0.27680444717407227,
            -0.9547955989837646,
            0.10844123363494873,
            1.219094157218933
          ],
          [
            0.0,
            0.0,
            0.0,
            1.0
          ]
        ]
      },
      "bone_length_armature_space": 0.025653441188519782,
      "parent": "index_01_l",
      "has_children": true,
      "is_end_bone": false
    },
    "index_03_l": {
      "name": "index_03_l",
      "local": {
        "location": {
          "x": 0.0,
          "y": 0.0,
          "z": 0.0
        },
        "rotation_quaternion": {
          "w": 0.9686479568481445,
          "x": 0.24831826984882355,
          "y": -0.0033689183183014393,
          "z": -0.006923087406903505
        },
        "scale": {
          "x": 1.0,
          "y": 1.0,
          "z": 1.0
        },
        "matrix_basis": [
          [
            0.9998814463615417,
            0.011738941073417664,
            -0.009964849799871445,
            0.0
          ],
          [
            -0.015085197053849697,
            0.8765802383422852,
            -0.4810193181037903,
            0.0
          ],
          [
            0.00308833341114223,
            0.48111262917518616,
            0.8766533732414246,
            0.0
          ],
          [
            0.0,
            0.0,
            0.0,
            1.0
          ]
        ],
        "rotation_mode": "QUATERNION"
      },
      "armature_space": {
        "head": {
          "x": 0.6910310983657837,
          "y": 0.17185187339782715,
          "z": 0.24474652111530304
        },
        "tail": {
          "x": 0.6705227494239807,
          "y": 0.17681989073753357,
          "z": 0.22453603148460388
        }
      },
      "world_space": {
        "head": {
          "x": 0.6910310983657837,
          "y": 0.23509587347507477,
          "z": 1.1946005821228027
        },
        "tail": {
          "x": 0.6705227494239807,
          "y": 0.2400638908147812,
          "z": 1.1743900775909424
        },
        "rotation_quaternion": {
          "w": 0.6446366906166077,
          "x": -0.134146049618721,
          "y": -0.4116543233394623,
          "z": 0.6300706267356873
        },
        "matrix": [
          [
            -0.13289953768253326,
            -0.7018918395042419,
            -0.6997753381729126,
            0.6910310983657837
          ],
          [
            0.9227765202522278,
            0.170028954744339,
            -0.34579432010650635,
            0.23509587347507477
          ],
          [
            0.36169561743736267,
            -0.6916974186897278,
            0.6250967979431152,
            1.1946005821228027
          ],
          [
            0.0,
            0.0,
            0.0,
            1.0
          ]
        ]
      },
      "bone_length_armature_space": 0.029218785919296705,
      "parent": "index_02_l",
      "has_children": false,
      "is_end_bone": true
    },
    "metacarpal_pinky_l": {
      "name": "metacarpal_pinky_l",
      "local": {
        "location": {
          "x": 0.0,
          "y": 0.0,
          "z": 0.0
        },
        "rotation_quaternion": {
          "w": 0.9994658827781677,
          "x": 0.027203209698200226,
          "y": -0.013691588304936886,
          "z": 0.01185178104788065
        },
        "scale": {
          "x": 1.0,
          "y": 1.0,
          "z": 1.0
        },
        "matrix_basis": [
          [
            0.9993441700935364,
            -0.02443581260740757,
            -0.02672373689711094,
            0.0
          ],
          [
            0.022945990785956383,
            0.9982390403747559,
            -0.054701898247003555,
            0.0
          ],
          [
            0.028013363480567932,
            0.054052822291851044,
            0.9981450438499451,
            0.0
          ],
          [
            0.0,
            0.0,
            0.0,
            1.0
          ]
        ],
        "rotation_mode": "QUATERNION"
      },
      "armature_space": {
        "head": {
          "x": 0.5877774953842163,
          "y": 0.1616639792919159,
          "z": 0.3634413778781891
        },
        "tail": {
          "x": 0.6841368079185486,
          "y": 0.19760259985923767,
          "z": 0.3471158742904663
        }
      },
      "world_space": {
        "head": {
          "x": 0.5877774953842163,
          "y": 0.2249079793691635,
          "z": 1.3132953643798828
        },
        "tail": {
          "x": 0.6841368079185486,
          "y": 0.2608466148376465,
          "z": 1.2969698905944824
        },
        "rotation_quaternion": {
          "w": 0.6591532230377197,
          "x": 0.25884518027305603,
          "y": 0.4879378080368042,
          "z": -0.5103263854980469
        },
        "matrix": [
          [
            0.0029662707820534706,
            0.9253681302070618,
            0.37905821204185486,
            0.5877774953842163
          ],
          [
            -0.42016610503196716,
            0.34512972831726074,
            -0.839253306388855,
            0.2249079793691635
          ],
          [
            -0.9074493646621704,
            -0.15677884221076965,
            0.38983407616615295,
            1.3132953643798828
          ],
          [
            0.0,
            0.0,
            0.0,
            1.0
          ]
        ]
      },
      "bone_length_armature_space": 0.10413080254022564,
      "parent": "lowerarm_l",
      "has_children": true,
      "is_end_bone": false
    },
    "pinky_01_l": {
      "name": "pinky_01_l",
      "local": {
        "location": {
          "x": 0.0,
          "y": 0.0,
          "z": 0.0
        },
        "rotation_quaternion": {
          "w": 0.9379312992095947,
          "x": 0.34672409296035767,
          "y": -0.0074410028755664825,
          "z": -0.003468208247795701
        },
        "scale": {
          "x": 1.0,
          "y": 1.0,
          "z": 1.0
        },
        "matrix_basis": [
          [
            0.9998652338981628,
            0.0013459321344271302,
            -0.016363320872187614,
            0.0
          ],
          [
            -0.011665832251310349,
            0.7595407366752625,
            -0.6503551602363586,
            0.0
          ],
          [
            0.01155327633023262,
            0.6504583954811096,
            0.759454071521759,
            0.0
          ],
          [
            0.0,
            0.0,
            0.0,
            1.0
          ]
        ],
        "rotation_mode": "QUATERNION"
      },
      "armature_space": {
        "head": {
          "x": 0.6841368079185486,
          "y": 0.19760259985923767,
          "z": 0.3471158742904663
        },
        "tail": {
          "x": 0.693108320236206,
          "y": 0.21062323451042175,
