{
  "metadata": {
    "armature_name": "KIM_caucasian_male",
    "export_time": "2026-01-13T21:02:54.576430",
    "blender_version": "4.4.1",
    "bone_count": 56,
    "end_bone_count": 13,
    "spaces_included": [
      "LOCAL_CHANNELS",
      "ARMATURE_SPACE",
      "WORLD_SPACE"
    ],
    "note": "LOCAL matches Transform panel; replay pose via local.matrix_basis for best fidelity."
  },
  "bones": {
    "Root": {
      "name": "Root",
      "local": {
        "location": {
          "x": 0.0,
          "y": 0.0,
          "z": 0.0
        },
        "rotation_quaternion": {
          "w": 0.9995132088661194,
          "x": 0.004272839054465294,
          "y": 0.011694503016769886,
          "z": -0.028610555455088615
        },
        "scale": {
          "x": 1.0,
          "y": 1.0,
          "z": 1.0
        },
        "matrix_basis": [
          [
            0.9980893731117249,
            0.05729319527745247,
            0.02313312329351902,
            0.0
          ],
          [
            -0.05709331855177879,
            0.9983263611793518,
            -0.00921069085597992,
            0.0
          ],
          [
            -0.023622117936611176,
            0.007872345857322216,
            0.9996899366378784,
            0.0
          ],
          [
            0.0,
            0.0,
            0.0,
            1.0
          ]
        ],
        "rotation_mode": "QUATERNION"
      },
      "armature_space": {
        "head": {
          "x": 0.0,
          "y": 0.07072800397872925,
          "z": -0.009595036506652832
        },
        "tail": {
          "x": 0.0040893517434597015,
          "y": 4.284083843231201e-05,
          "z": -0.0005728593096137047
        }
      },
      "world_space": {
        "head": {
          "x": 0.0,
          "y": 0.13397200405597687,
          "z": 0.9402589797973633
        },
        "tail": {
          "x": 0.0040893517434597015,
          "y": 0.06328684091567993,
          "z": 0.9492811560630798
        },
        "rotation_quaternion": {
          "w": 0.06307172030210495,
          "x": 0.9975302815437317,
          "y": 0.02933339774608612,
          "z": 0.009740506298840046
        },
        "matrix": [
          [
            0.9980893731117249,
            0.05729319527745247,
            0.02313312329351902,
            0.0
          ],
          [
            0.05975060909986496,
            -0.990323007106781,
            -0.12526093423366547,
            0.13397200405597687
          ],
          [
            0.015732834115624428,
            0.12640374898910522,
            -0.99186110496521,
            0.9402589797973633
          ],
          [
            0.0,
            0.0,
            0.0,
            1.0
          ]
        ]
      },
      "bone_length_armature_space": 0.07137587049344282,
      "parent": null,
      "has_children": true,
      "is_end_bone": false
    },
    "spine_01": {
      "name": "spine_01",
      "local": {
        "location": {
          "x": 0.0,
          "y": 0.0,
          "z": 0.0
        },
        "rotation_quaternion": {
          "w": 0.9953902959823608,
          "x": 0.09358259290456772,
          "y": -0.01945270039141178,
          "z": 0.007886462844908237
        },
        "scale": {
          "x": 1.0,
          "y": 1.0,
          "z": 1.0
        },
        "matrix_basis": [
          [
            0.9991188049316406,
            -0.019341085106134415,
            -0.037249986082315445,
            0.0
          ],
          [
            0.0120593486353755,
            0.9823601841926575,
            -0.18660923838615417,
            0.0
          ],
          [
            0.04020212963223457,
            0.18599557876586914,
            0.9817277789115906,
            0.0
          ],
          [
            0.0,
            0.0,
            0.0,
            1.0
          ]
        ],
        "rotation_mode": "QUATERNION"
      },
      "armature_space": {
        "head": {
          "x": 0.0040893517434597015,
          "y": 4.284083843231201e-05,
          "z": -0.0005728593096137047
        },
        "tail": {
          "x": -0.008596977218985558,
          "y": -0.07300769537687302,
          "z": 0.4817662835121155
        }
      },
      "world_space": {
        "head": {
          "x": 0.0040893517434597015,
          "y": 0.06328684091567993,
          "z": 0.9492811560630798
        },
        "tail": {
          "x": -0.008596977218985558,
          "y": -0.009763695299625397,
          "z": 1.4316203594207764
        },
        "rotation_quaternion": {
          "w": 0.6520346999168396,
          "x": 0.75798100233078,
          "y": -0.001961127622053027,
          "z": 0.017655126750469208
        },
        "matrix": [
          [
            0.9993689656257629,
            -0.025996509939432144,
            0.024206869304180145,
            0.0040893517434597015
          ],
          [
            0.020050346851348877,
            -0.1496933400630951,
            -0.9885292053222656,
            0.06328684091567993
          ],
          [
            0.02932213991880417,
            0.9883974194526672,
            -0.1490795910358429,
            0.9492811560630798
          ],
          [
            0.0,
            0.0,
            0.0,
            1.0
          ]
        ]
      },
      "bone_length_armature_space": 0.4880044864896346,
      "parent": "Root",
      "has_children": true,
      "is_end_bone": false
    },
    "neck_01": {
      "name": "neck_01",
      "local": {
        "location": {
          "x": 0.0,
          "y": 0.0,
          "z": 0.0
        },
        "rotation_quaternion": {
          "w": 0.9900457859039307,
          "x": 0.05565381795167923,
          "y": -0.06274397671222687,
          "z": 0.11302769184112549
        },
        "scale": {
          "x": 1.0,
          "y": 1.0,
          "z": 1.0
        },
        "matrix_basis": [
          [
            0.9665758609771729,
            -0.23078906536102295,
            -0.11165797710418701,
            0.0
          ],
          [
            0.21682129800319672,
            0.968254804611206,
            -0.12438327074050903,
            0.0
          ],
          [
            0.13681966066360474,
            0.0960160419344902,
            0.9859316945075989,
            0.0
          ],
          [
            0.0,
            0.0,
            0.0,
            1.0
          ]
        ],
        "rotation_mode": "QUATERNION"
      },
      "armature_space": {
        "head": {
          "x": -0.00966089591383934,
          "y": -0.11825063824653625,
          "z": 0.5489650964736938
        },
        "tail": {
          "x": -0.03448181599378586,
          "y": -0.17815591394901276,
          "z": 0.6283752918243408
        }
      },
      "world_space": {
        "head": {
          "x": -0.00966089591383934,
          "y": -0.055006638169288635,
          "z": 1.49881911277771
        },
        "tail": {
          "x": -0.03448181599378586,
          "y": -0.11491191387176514,
          "z": 1.578229308128357
        },
        "rotation_quaternion": {
          "w": 0.43777403235435486,
          "x": 0.889854907989502,
          "y": -0.12725447118282318,
          "z": 0.01785018853843212
        },
        "matrix": [
          [
            0.9669753313064575,
            -0.2421049177646637,
            -0.07965004444122314,
            -0.00966089591383934
          ],
          [
            -0.21084800362586975,
            -0.584320068359375,
            -0.783653974533081,
            -0.055006638169288635
          ],
          [
            0.14318610727787018,
            0.7745726704597473,
            -0.6160753965377808,
            1.49881911277771
          ],
          [
            0.0,
            0.0,
            0.0,
            1.0
          ]
        ]
      },
      "bone_length_armature_space": 0.10252170103550982,
      "parent": "spine_01",
      "has_children": true,
      "is_end_bone": false
    },
    "head": {
      "name": "head",
      "local": {
        "location": {
          "x": 0.0,
          "y": 0.0,
          "z": 0.0
        },
        "rotation_quaternion": {
          "w": 0.9955019950866699,
          "x": -0.08586613088846207,
          "y": 0.02956106700003147,
          "z": 0.026999125257134438
        },
        "scale": {
          "x": 1.0,
          "y": 1.0,
          "z": 1.0
        },
        "matrix_basis": [
          [
            0.9967944025993347,
            -0.05883195623755455,
            0.05421958118677139,
            0.0
          ],
          [
            0.04867877811193466,
            0.9837961196899414,
            0.1725560575723648,
            0.0
          ],
          [
            -0.06349281966686249,
            -0.16936355829238892,
            0.9835063219070435,
            0.0
          ],
          [
            0.0,
            0.0,
            0.0,
            1.0
          ]
        ],
        "rotation_mode": "QUATERNION"
      },
      "armature_space": {
        "head": {
          "x": -0.03448180854320526,
          "y": -0.17815598845481873,
          "z": 0.6283751726150513
        },
        "tail": {
          "x": -0.0691143274307251,
          "y": -0.19136181473731995,
          "z": 0.7789722681045532
        }
      },
      "world_space": {
        "head": {
          "x": -0.03448180854320526,
          "y": -0.1149119883775711,
          "z": 1.5782291889190674
        },
        "tail": {
          "x": -0.0691143274307251,
          "y": -0.12811781466007233,
          "z": 1.7288262844085693
        },
        "rotation_quaternion": {
          "w": 0.6632802486419678,
          "x": 0.7362815141677856,
          "y": -0.13222858309745789,
          "z": 0.02155236341059208
        },
        "matrix": [
          [
            0.9641020894050598,
            -0.22330565750598907,
            -0.1436733901500702,
            -0.03448180854320526
          ],
          [
            -0.16612571477890015,
            -0.08514933288097382,
            -0.9824216365814209,
            -0.1149119883775711
          ],
          [
            0.20714785158634186,
            0.9710290431976318,
            -0.1191912293434143,
            1.5782291889190674
          ],
          [
            0.0,
            0.0,
            0.0,
            1.0
          ]
        ]
      },
      "bone_length_armature_space": 0.1550912330650809,
      "parent": "neck_01",
      "has_children": false,
      "is_end_bone": true
    },
    "upperarm_l": {
      "name": "upperarm_l",
      "local": {
        "location": {
          "x": 0.0,
          "y": 0.0,
          "z": 0.0
        },
        "rotation_quaternion": {
          "w": 0.9540079236030579,
          "x": -0.000544808863196522,
          "y": 0.21679478883743286,
          "z": 0.20704729855060577
        },
        "scale": {
          "x": 1.0,
          "y": 1.0,
          "z": 1.0
        },
        "matrix_basis": [
          [
            0.8202628493309021,
            -0.3952857553958893,
            0.41342228651046753,
            0.0
          ],
          [
            0.39481329917907715,
            0.9142622351646423,
            0.0908130556344986,
            0.0
          ],
          [
            -0.41387349367141724,
            0.08873404562473297,
            0.9059994220733643,
            0.0
          ],
          [
            0.0,
            0.0,
            0.0,
            1.0
          ]
        ],
        "rotation_mode": "QUATERNION"
      },
      "armature_space": {
        "head": {
          "x": 0.14206883311271667,
          "y": -0.10833507776260376,
          "z": 0.48646000027656555
        },
        "tail": {
          "x": 0.387807697057724,
          "y": -0.13482031226158142,
          "z": 0.5899912118911743
        }
      },
      "world_space": {
        "head": {
          "x": 0.14206883311271667,
          "y": -0.04509107768535614,
          "z": 1.4363139867782593
        },
        "tail": {
          "x": 0.387807697057724,
          "y": -0.0715763121843338,
          "z": 1.5398452281951904
        },
        "rotation_quaternion": {
          "w": 0.42099452018737793,
          "x": 0.7125275731086731,
          "y": 0.5228232145309448,
          "z": -0.2042645514011383
        },
        "matrix": [
          [
            0.36986225843429565,
            0.9170406460762024,
            0.14912554621696472,
            0.14206883311271667
          ],
          [
            0.5730651021003723,
            -0.09883676469326019,
            -0.8135280609130859,
            -0.04509107768535614
          ],
          [
            -0.7313037514686584,
            0.3863544762134552,
            -0.5620845556259155,
            1.4363139867782593
          ],
          [
            0.0,
            0.0,
            0.0,
            1.0
          ]
        ]
      },
      "bone_length_armature_space": 0.26796971528940144,
      "parent": "spine_01",
      "has_children": true,
      "is_end_bone": false
    },
    "lowerarm_l": {
      "name": "lowerarm_l",
      "local": {
        "location": {
          "x": 0.0,
          "y": 0.0,
          "z": 0.0
        },
        "rotation_quaternion": {
          "w": 0.9673604369163513,
          "x": 0.03888159990310669,
          "y": 0.02603478915989399,
          "z": 0.24904681742191315
        },
        "scale": {
          "x": 1.0,
          "y": 1.0,
          "z": 1.0
        },
        "matrix_basis": [
          [
            0.8745957612991333,
            -0.47981151938438416,
            0.06973672658205032,
            0.0
          ],
          [
            0.4838606119155884,
            0.8729277849197388,
            -0.062257278710603714,
            0.0
          ],
          [
            -0.031003372743725777,
            0.08819280564785004,
            0.995620846748352,
            0.0
          ],
          [
            0.0,
            0.0,
            0.0,
            1.0
          ]
        ],
        "rotation_mode": "QUATERNION"
      },
      "armature_space": {
        "head": {
          "x": 0.3878077268600464,
          "y": -0.13482043147087097,
          "z": 0.5899912714958191
        },
        "tail": {
          "x": 0.5414201617240906,
          "y": -0.2665281593799591,
          "z": 0.7649941444396973
        }
      },
      "world_space": {
        "head": {
          "x": 0.3878077268600464,
          "y": -0.07157643139362335,
          "z": 1.5398452281951904
        },
        "tail": {
          "x": 0.5414201617240906,
          "y": -0.2032841593027115,
          "z": 1.7148481607437134
        },
        "rotation_quaternion": {
          "w": 0.43274587392807007,
          "x": 0.8494194149971008,
          "y": 0.2580127716064453,
          "z": -0.15699408948421478
        },
        "matrix": [
          [
            0.8175642490386963,
            0.5741994976997375,
            -0.043398041278123856,
            0.3878077268600464
          ],
          [
            0.3024466633796692,
            -0.49232029914855957,
            -0.8161783218383789,
            -0.07157643139362335
          ],
          [
            -0.49001815915107727,
            0.6541565656661987,
            -0.576172947883606,
            1.5398452281951904
          ],
          [
            0.0,
            0.0,
            0.0,
            1.0
          ]
        ]
      },
      "bone_length_armature_space": 0.26752516298952156,
      "parent": "upperarm_l",
      "has_children": true,
      "is_end_bone": false
    },
    "metacarpal_thumb_l": {
      "name": "metacarpal_thumb_l",
      "local": {
        "location": {
          "x": 0.0,
          "y": 0.0,
          "z": 0.0
        },
        "rotation_quaternion": {
          "w": 0.9996384978294373,
          "x": -0.023542625829577446,
          "y": 0.008364496752619743,
          "z": -0.009938959963619709
        },
        "scale": {
          "x": 1.0,
          "y": 1.0,
          "z": 1.0
        },
        "matrix_basis": [
          [
            0.9996625185012817,
            0.019476888701319695,
            0.017190923914313316,
            0.0
          ],
          [
            -0.020264578983187675,
            0.9986939430236816,
            0.04690195992588997,
            0.0
          ],
          [
            -0.01625496707856655,
            -0.04723449796438217,
            0.9987515807151794,
            0.0
          ],
          [
            0.0,
            0.0,
            0.0,
            1.0
          ]
        ],
        "rotation_mode": "QUATERNION"
      },
      "armature_space": {
        "head": {
          "x": 0.5414201617240906,
          "y": -0.2665281593799591,
          "z": 0.7649941444396973
        },
        "tail": {
          "x": 0.5687054395675659,
          "y": -0.3073635697364807,
          "z": 0.7714414000511169
        }
      },
      "world_space": {
        "head": {
          "x": 0.5414201617240906,
          "y": -0.2032841593027115,
          "z": 1.7148481607437134
        },
        "tail": {
          "x": 0.5687054395675659,
          "y": -0.2441195696592331,
          "z": 1.7212953567504883
        },
        "rotation_quaternion": {
          "w": 0.08083450794219971,
          "x": -0.8343239426612854,
          "y": -0.28507331013679504,
          "z": -0.464868426322937
        },
        "matrix": [
          [
            0.4052606523036957,
            0.5508427023887634,
            0.7296134233474731,
            0.5414201617240906
          ],
          [
            0.40053290128707886,
            -0.8243972659111023,
            0.39992836117744446,
            -0.2032841593027115
          ],
          [
            0.8217949867248535,
            0.13015899062156677,
            -0.5547300577163696,
            1.7148481607437134
          ],
          [
            0.0,
            0.0,
            0.0,
            1.0
          ]
        ]
      },
      "bone_length_armature_space": 0.0495336678376589,
      "parent": "lowerarm_l",
      "has_children": true,
      "is_end_bone": false
    },
    "thumb_01_l": {
      "name": "thumb_01_l",
      "local": {
        "location": {
          "x": 0.0,
          "y": 0.0,
          "z": 0.0
        },
        "rotation_quaternion": {
          "w": 0.9997262954711914,
          "x": 0.017562784254550934,
          "y": 0.005217969883233309,
          "z": 0.0145493745803833
        },
        "scale": {
          "x": 1.0,
          "y": 1.0,
          "z": 1.0
        },
        "matrix_basis": [
          [
            0.9995221495628357,
            -0.028907500207424164,
            0.010944138281047344,
            0.0
          ],
          [
            0.029274068772792816,
            0.9989597201347351,
            -0.03496411815285683,
            0.0
          ],
          [
            -0.0099220285192132,
            0.03526779264211655,
            0.99932861328125,
            0.0
          ],
          [
            0.0,
            0.0,
            0.0,
            1.0
          ]
        ],
        "rotation_mode": "QUATERNION"
      },
      "armature_space": {
        "head": {
          "x": 0.5687054395675659,
          "y": -0.3073635697364807,
          "z": 0.7714414000511169
        },
        "tail": {
          "x": 0.5984833240509033,
          "y": -0.3161303699016571,
          "z": 0.7574753761291504
        }
      },
      "world_space": {
        "head": {
          "x": 0.5687054395675659,
          "y": -0.2441195696592331,
          "z": 1.7212953567504883
        },
        "tail": {
          "x": 0.5984833240509033,
          "y": -0.2528863549232483,
          "z": 1.7073293924331665
        },
        "rotation_quaternion": {
          "w": 0.6090730428695679,
          "x": -0.3178905248641968,
          "y": 0.015872951596975327,
          "z": -0.7264460325241089
        },
        "matrix": [
          [
            -0.055949583649635315,
            0.8748266696929932,
            0.4811941683292389,
            0.5687054395675659
          ],
          [
            -0.8950082659721375,
            -0.25755470991134644,
            0.36417824029922485,
            -0.2441195696592331
          ],
          [
            0.4425288736820221,
            -0.4103004038333893,
            0.7973930239677429,
            1.7212953567504883
          ],
          [
            0.0,
            0.0,
            0.0,
            1.0
          ]
        ]
      },
      "bone_length_armature_space": 0.03403864010518569,
      "parent": "metacarpal_thumb_l",
      "has_children": true,
      "is_end_bone": false
    },
    "thumb_02_l": {
      "name": "thumb_02_l",
      "local": {
        "location": {
          "x": 0.0,
          "y": 0.0,
          "z": 0.0
        },
        "rotation_quaternion": {
          "w": 0.9930903911590576,
          "x": 0.11626691371202469,
          "y": -0.011400844901800156,
          "z": -0.011115945875644684
        },
        "scale": {
          "x": 1.0,
          "y": 1.0,
          "z": 1.0
        },
        "matrix_basis": [
          [
            0.999492883682251,
            0.019427195191383362,
            -0.025228971615433693,
            0.0
          ],
          [
            -0.02472935989499092,
            0.9727168679237366,
            -0.2306736409664154,
            0.0
          ],
          [
            0.020059306174516678,
            0.2311805784702301,
            0.9727040529251099,
            0.0
          ],
          [
            0.0,
            0.0,
            0.0,
            1.0
          ]
        ],
        "rotation_mode": "QUATERNION"
      },
      "armature_space": {
        "head": {
          "x": 0.5984832644462585,
          "y": -0.3161303699016571,
          "z": 0.7574753165245056
        },
        "tail": {
          "x": 0.6194910407066345,
          "y": -0.3339961767196655,
          "z": 0.7866759300231934
        }
      },
      "world_space": {
        "head": {
          "x": 0.5984832644462585,
          "y": -0.2528863549232483,
          "z": 1.707329273223877
        },
        "tail": {
          "x": 0.6194910407066345,
          "y": -0.2707521915435791,
          "z": 1.7365299463272095
        },
        "rotation_quaternion": {
          "w": 0.4287046790122986,
          "x": 0.27285322546958923,
          "y": -0.3062736988067627,
          "z": -0.8049595355987549
        },
        "matrix": [
          [
            -0.4835255444049835,
            0.5230451226234436,
            -0.7018736600875854,
            0.5984832644462585
          ],
          [
            -0.8573161363601685,
            -0.4448167383670807,
            0.25912773609161377,
            -0.2528863549232483
          ],
          [
            -0.17667174339294434,
            0.7270269989967346,
            0.6635003089904785,
            1.707329273223877
          ],
          [
            0.0,
            0.0,
            0.0,
            1.0
          ]
        ]
      },
      "bone_length_armature_space": 0.0401645310393277,
      "parent": "thumb_01_l",
      "has_children": true,
      "is_end_bone": false
    },
    "thumb_03_l": {
      "name": "thumb_03_l",
      "local": {
        "location": {
          "x": 0.0,
          "y": 0.0,
          "z": 0.0
        },
        "rotation_quaternion": {
          "w": 0.9967451691627502,
          "x": 0.08049391210079193,
          "y": -0.004341897089034319,
          "z": 0.0009673230815678835
        },
        "scale": {
          "x": 1.0,
          "y": 1.0,
          "z": 1.0
        },
        "matrix_basis": [
          [
            0.9999604225158691,
            -0.002627341775223613,
            -0.008499803021550179,
            0.0
          ],
          [
            0.0012293566251173615,
            0.9870395660400391,
            -0.16047222912311554,
            0.0
          ],
          [
            0.008811256848275661,
            0.16045543551445007,
            0.987003743648529,
            0.0
          ],
          [
            0.0,
            0.0,
            0.0,
            1.0
          ]
        ],
        "rotation_mode": "QUATERNION"
      },
      "armature_space": {
        "head": {
          "x": 0.6194911003112793,
          "y": -0.3339962363243103,
          "z": 0.7866758108139038
        },
        "tail": {
          "x": 0.6265507936477661,
          "y": -0.3404042720794678,
          "z": 0.8155894875526428
        }
      },
      "world_space": {
        "head": {
          "x": 0.6194911003112793,
          "y": -0.2707522511482239,
          "z": 1.73652982711792
        },
        "tail": {
          "x": 0.6265507936477661,
          "y": -0.27716028690338135,
          "z": 1.7654435634613037
        },
        "rotation_quaternion": {
          "w": 0.4878998100757599,
          "x": 0.47061944007873535,
          "y": -0.39587002992630005,
          "z": -0.619482159614563
        },
        "matrix": [
          [
            -0.08094193041324615,
            0.23188377916812897,
            -0.9693700075149536,
            0.6194911003112793
          ],
          [
            -0.9770989418029785,
            -0.21048003435134888,
            0.031238090246915817,
            -0.2707522511482239
          ],
          [
            -0.1967918574810028,
            0.9497051239013672,
            0.24361200630664825,
            1.73652982711792
          ],
          [
            0.0,
            0.0,
            0.0,
            1.0
          ]
        ]
      },
      "bone_length_armature_space": 0.03044508023602606,
      "parent": "thumb_02_l",
      "has_children": false,
      "is_end_bone": true
    },
    "metacarpal_index_l": {
      "name": "metacarpal_index_l",
      "local": {
        "location": {
          "x": 0.0,
          "y": 0.0,
          "z": 0.0
        },
        "rotation_quaternion": {
          "w": 0.9998579025268555,
          "x": -0.006266925483942032,
          "y": 0.0058379708789289,
          "z": -0.01452129427343607
        },
        "scale": {
          "x": 1.0,
          "y": 1.0,
          "z": 1.0
        },
        "matrix_basis": [
          [
            0.9995101094245911,
            0.028965288773179054,
            0.011856290511786938,
            0.0
          ],
          [
            -0.029111633077263832,
            0.9994997382164001,
            0.012362520210444927,
            0.0
          ],
          [
            -0.011492274701595306,
            -0.012701619416475296,
            0.9998533129692078,
            0.0
          ],
          [
            0.0,
            0.0,
            0.0,
            1.0
          ]
        ],
        "rotation_mode": "QUATERNION"
      },
      "armature_space": {
        "head": {
          "x": 0.5414201617240906,
          "y": -0.2665281593799591,
          "z": 0.7649941444396973
        },
        "tail": {
          "x": 0.6100523471832275,
          "y": -0.3462028503417969,
          "z": 0.816673994064331
        }
      },
      "world_space": {
        "head": {
          "x": 0.5414201617240906,
          "y": -0.2032841593027115,
          "z": 1.7148481607437134
        },
        "tail": {
          "x": 0.6100523471832275,
          "y": -0.28295886516571045,
          "z": 1.7665280103683472
        },
        "rotation_quaternion": {
          "w": 0.15052248537540436,
          "x": 0.8857958912849426,
          "y": 0.37060996890068054,
          "z": 0.23528039455413818
        },
        "matrix": [
          [
            0.6145821213722229,
            0.5857402086257935,
            0.5283910036087036,
            0.5414201617240906
          ],
          [
            0.7274000644683838,
            -0.6799822449684143,
            -0.09226897358894348,
            -0.2032841593027115
          ],
          [
            0.3052535057067871,
            0.44106072187423706,
            -0.8439784049987793,
            1.7148481607437134
          ],
          [
            0.0,
            0.0,
            0.0,
            1.0
          ]
        ]
      },
      "bone_length_armature_space": 0.11717183882650063,
      "parent": "lowerarm_l",
      "has_children": true,
      "is_end_bone": false
    },
    "index_01_l": {
      "name": "index_01_l",
      "local": {
        "location": {
          "x": 0.0,
          "y": 0.0,
          "z": 0.0
        },
        "rotation_quaternion": {
          "w": 0.9978930950164795,
          "x": -0.06467072665691376,
          "y": -0.004115069285035133,
          "z": -0.003188468050211668
        },
        "scale": {
          "x": 1.0,
          "y": 1.0,
          "z": 1.0
        },
        "matrix_basis": [
          [
            0.9999458193778992,
            0.006895749364048243,
            -0.007800397463142872,
            0.0
          ],
          [
            -0.005831251386553049,
            0.9916150569915771,
            0.1290951818227768,
            0.0
          ],
          [
            0.00862519908696413,
            -0.12904269993305206,
            0.9916015267372131,
            0.0
          ],
          [
            0.0,
            0.0,
            0.0,
            1.0
          ]
        ],
        "rotation_mode": "QUATERNION"
      },
      "armature_space": {
        "head": {
          "x": 0.6100523471832275,
          "y": -0.3462028503417969,
          "z": 0.816673994064331
        },
        "tail": {
          "x": 0.627192497253418,
          "y": -0.35598093271255493,
          "z": 0.837257444858551
        }
      },
      "world_space": {
        "head": {
          "x": 0.6100523471832275,
          "y": -0.28295886516571045,
          "z": 1.7665280103683472
        },
        "tail": {
          "x": 0.627192497253418,
          "y": -0.2927369475364685,
          "z": 1.787111520767212
        },
        "rotation_quaternion": {
          "w": 0.2938240170478821,
          "x": 0.7730109691619873,
          "y": 0.4921463429927826,
          "z": 0.2718704640865326
        },
        "matrix": [
          [
            0.3677552044391632,
            0.6011055707931519,
            0.7095266580581665,
            0.6100523471832275
          ],
          [
            0.9206339716911316,
            -0.3429180085659027,
            -0.1866566389799118,
            -0.28295886516571045
          ],
          [
            0.13111084699630737,
            0.7218627333641052,
            -0.6795130968093872,
            1.7665280103683472
          ],
          [
            0.0,
            0.0,
            0.0,
            1.0
          ]
        ]
      },
      "bone_length_armature_space": 0.02851445417846049,
      "parent": "metacarpal_index_l",
      "has_children": true,
      "is_end_bone": false
    },
    "index_02_l": {
      "name": "index_02_l",
      "local": {
        "location": {
          "x": 0.0,
          "y": 0.0,
          "z": 0.0
        },
        "rotation_quaternion": {
          "w": 0.9819861650466919,
          "x": 0.1888599991798401,
          "y": -0.0058861481957137585,
          "z": -0.0008021314279176295
        },
        "scale": {
          "x": 1.0,
          "y": 1.0,
          "z": 1.0
        },
        "matrix_basis": [
          [
            0.9999294281005859,
            -0.0006479519652202725,
            -0.011863213032484055,
            0.0
          ],
          [
            -0.0037986799143254757,
            0.9286625385284424,
            -0.37090638279914856,
            0.0
          ],
          [
            0.011257250793278217,
            0.37092524766921997,
            0.9285945296287537,
            0.0
          ],
          [
            0.0,
            0.0,
            0.0,
            1.0
          ]
        ],
        "rotation_mode": "QUATERNION"
      },
      "armature_space": {
        "head": {
          "x": 0.6271928548812866,
          "y": -0.35598134994506836,
          "z": 0.837257444858551
        },
        "tail": {
          "x": 0.6478939652442932,
          "y": -0.3657799959182739,
          "z": 0.8488134741783142
        }
      },
      "world_space": {
        "head": {
          "x": 0.6271928548812866,
          "y": -0.29273736476898193,
          "z": 1.787111520767212
        },
        "tail": {
          "x": 0.6478939652442932,
          "y": -0.3025360107421875,
          "z": 1.7986674308776855
        },
        "rotation_quaternion": {
          "w": 0.17951786518096924,
          "x": 0.8177776336669922,
          "y": 0.5261088013648987,
          "z": 0.14907270669937134
        },
        "matrix": [
          [
            0.40197280049324036,
            0.8069577813148499,
            0.4327087998390198,
            0.6271928548812866
          ],
          [
            0.9140029549598694,
            -0.3819653391838074,
            -0.13675321638584137,
            -0.29273736476898193
          ],
          [
            0.05492687597870827,
            0.4504706859588623,
            -0.8911077976226807,
            1.787111520767212
          ],
          [
            0.0,
            0.0,
            0.0,
            1.0
          ]
        ]
      },
      "bone_length_armature_space": 0.025653289448688565,
      "parent": "index_01_l",
      "has_children": true,
      "is_end_bone": false
    },
    "index_03_l": {
      "name": "index_03_l",
      "local": {
        "location": {
          "x": 0.0,
          "y": 0.0,
          "z": 0.0
        },
        "rotation_quaternion": {
          "w": 0.975286602973938,
          "x": 0.22090134024620056,
          "y": -0.003926798701286316,
          "z": -0.0017874803161248565
        },
        "scale": {
          "x": 1.0,
          "y": 1.0,
          "z": 1.0
        },
        "matrix_basis": [
          [
            0.9999627470970154,
            0.0017517410451546311,
            -0.008449221961200237,
            0.0
          ],
          [
            -0.0052214814350008965,
            0.9023988246917725,
            -0.4308702051639557,
            0.0
          ],
          [
            0.006869794800877571,
            0.4308982789516449,
            0.9023743271827698,
            0.0
          ],
          [
            0.0,
            0.0,
            0.0,
            1.0
          ]
        ],
        "rotation_mode": "QUATERNION"
      },
      "armature_space": {
        "head": {
          "x": 0.6478939056396484,
          "y": -0.3657799959182739,
          "z": 0.8488135933876038
        },
        "tail": {
          "x": 0.6757744550704956,
          "y": -0.3743372857570648,
          "z": 0.8470301628112793
        }
      },
      "world_space": {
        "head": {
          "x": 0.6478939056396484,
          "y": -0.3025360107421875,
          "z": 1.7986676692962646
        },
        "tail": {
          "x": 0.6757744550704956,
          "y": -0.311093270778656,
          "z": 1.7968841791152954
        },
        "rotation_quaternion": {
          "w": 0.046950601041316986,
          "x": -0.8039194345474243,
          "y": -0.5927568078041077,
          "z": -0.012191538698971272
        },
        "matrix": [
          [
            0.2969815135002136,
            0.9542020559310913,
            -0.03605923056602478,
            0.6478939056396484
          ],
          [
            0.9519128203392029,
            -0.29287001490592957,
            0.08994146436452866,
            -0.3025360107421875
          ],
          [
            0.07526306062936783,
            -0.06103712320327759,
            -0.9953007698059082,
            1.7986676692962646
          ],
          [
            0.0,
            0.0,
            0.0,
            1.0
          ]
        ]
      },
      "bone_length_armature_space": 0.029218707101600985,
      "parent": "index_02_l",
      "has_children": false,
      "is_end_bone": true
    },
    "metacarpal_pinky_l": {
      "name": "metacarpal_pinky_l",
      "local": {
        "location": {
          "x": 0.0,
          "y": 0.0,
          "z": 0.0
        },
        "rotation_quaternion": {
          "w": 0.9998156428337097,
          "x": -0.014593511819839478,
          "y": 9.744195267558098e-05,
          "z": 0.012482762336730957
        },
        "scale": {
          "x": 1.0,
          "y": 1.0,
          "z": 1.0
        },
        "matrix_basis": [
          [
            0.9996883273124695,
            -0.02496376633644104,
            -0.00016948669508565217,
            0.0
          ],
          [
            0.02495807781815529,
            0.9992623925209045,
            0.029184075072407722,
            0.0
          ],
          [
            -0.0005591826629824936,
            -0.02917920984327793,
            0.9995740652084351,
            0.0
          ],
          [
            0.0,
            0.0,
            0.0,
            1.0
          ]
        ],
        "rotation_mode": "QUATERNION"
      },
      "armature_space": {
        "head": {
          "x": 0.5414201617240906,
          "y": -0.2665281593799591,
          "z": 0.7649941444396973
        },
        "tail": {
          "x": 0.6015443801879883,
          "y": -0.28562241792678833,
          "z": 0.8478421568870544
        }
      },
      "world_space": {
        "head": {
          "x": 0.5414201617240906,
          "y": -0.2032841593027115,
          "z": 1.7148481607437134
        },
        "tail": {
          "x": 0.6015443801879883,
          "y": -0.2223784178495407,
          "z": 1.7976961135864258
        },
        "rotation_quaternion": {
          "w": 0.6290996670722961,
          "x": 0.5336953997612,
          "y": -0.11202850937843323,
          "z": -0.5539426803588867
        },
        "matrix": [
          [
            0.36119043827056885,
            0.5773913264274597,
            -0.7322298288345337,
            0.5414201617240906
          ],
          [
            -0.8165508508682251,
            -0.1833679974079132,
            -0.5473767518997192,
            -0.2032841593027115
          ],
          [
            -0.4503220021724701,
            0.7956152558326721,
            0.4052410125732422,
            1.7148481607437134
          ],
          [
            0.0,
            0.0,
            0.0,
            1.0
          ]
        ]
      },
      "bone_length_armature_space": 0.1041311943886752,
      "parent": "lowerarm_l",
      "has_children": true,
      "is_end_bone": false
    },
    "pinky_01_l": {
      "name": "pinky_01_l",
      "local": {
        "location": {
          "x": 0.0,
          "y": 0.0,
          "z": 0.0
        },
        "rotation_quaternion": {
          "w": 0.9985339641571045,
          "x": 0.050972409546375275,
          "y": 0.01659463159739971,
          "z": -0.007521617226302624
        },
        "scale": {
          "x": 1.0,
          "y": 1.0,
          "z": 1.0
        },
        "matrix_basis": [
          [
            0.9993360638618469,
            0.016712917014956474,
            0.0323738157749176,
            0.0
          ],
          [
            -0.013329443521797657,
            0.994690477848053,
            -0.10204499959945679,
            0.0
          ],
          [
            -0.03390739485621452,
            0.10154572874307632,
            0.9942528605461121,
            0.0
          ],
          [
            0.0,
            0.0,
            0.0,
            1.0
          ]
        ],
        "rotation_mode": "QUATERNION"
      },
      "armature_space": {
        "head": {
          "x": 0.6015443801879883,
          "y": -0.28562241792678833,
          "z": 0.8478421568870544
        },
        "tail": {
          "x": 0.618722140789032,
