{
  "metadata": {
    "armature_name": "KIM_caucasian_male",
    "export_time": "2026-01-13T21:07:45.392405",
    "blender_version": "4.4.1",
    "bone_count": 56,
    "end_bone_count": 13,
    "spaces_included": [
      "LOCAL_CHANNELS",
      "ARMATURE_SPACE",
      "WORLD_SPACE"
    ],
    "note": "LOCAL matches Transform panel; replay pose via local.matrix_basis for best fidelity."
  },
  "bones": {
    "Root": {
      "name": "Root",
      "local": {
        "location": {
          "x": 0.0,
          "y": 0.0,
          "z": 0.0
        },
        "rotation_quaternion": {
          "w": 0.9996866583824158,
          "x": 0.00501346355304122,
          "y": -0.005618899129331112,
          "z": -0.023871373385190964
        },
        "scale": {
          "x": 1.0,
          "y": 1.0,
          "z": 1.0
        },
        "matrix_basis": [
          [
            0.9987971782684326,
            0.047671448439359665,
            -0.011473633348941803,
            0.0
          ],
          [
            -0.04778412729501724,
            0.9988100528717041,
            -0.00975552387535572,
            0.0
          ],
          [
            0.010994920507073402,
            0.010292046703398228,
            0.9998865723609924,
            0.0
          ],
          [
            0.0,
            0.0,
            0.0,
            1.0
          ]
        ],
        "rotation_mode": "QUATERNION"
      },
      "armature_space": {
        "head": {
          "x": 0.0,
          "y": 0.07072800397872925,
          "z": -0.009595036506652832
        },
        "tail": {
          "x": 0.003402590984478593,
          "y": -1.4588236808776855e-05,
          "z": -0.0007393583655357361
        }
      },
      "world_space": {
        "head": {
          "x": 0.0,
          "y": 0.13397200405597687,
          "z": 0.9402589797973633
        },
        "tail": {
          "x": 0.003402590984478593,
          "y": 0.06322941184043884,
          "z": 0.9491146802902222
        },
        "rotation_quaternion": {
          "w": 0.062344472855329514,
          "x": 0.997753381729126,
          "y": 0.023438608273863792,
          "z": -0.007214297074824572
        },
        "matrix": [
          [
            0.9987971782684326,
            0.047671448439359665,
            -0.011473633348941803,
            0.0
          ],
          [
            0.04587235674262047,
            -0.9911275506019592,
            -0.12474747747182846,
            0.13397200405597687
          ],
          [
            -0.017318803817033768,
            0.12407103180885315,
            -0.9921292066574097,
            0.9402589797973633
          ],
          [
            0.0,
            0.0,
            0.0,
            1.0
          ]
        ]
      },
      "bone_length_armature_space": 0.07137587222639931,
      "parent": null,
      "has_children": true,
      "is_end_bone": false
    },
    "spine_01": {
      "name": "spine_01",
      "local": {
        "location": {
          "x": 0.0,
          "y": 0.0,
          "z": 0.0
        },
        "rotation_quaternion": {
          "w": 0.9966844320297241,
          "x": -0.05335837975144386,
          "y": 0.052555810660123825,
          "z": -0.03179653733968735
        },
        "scale": {
          "x": 1.0,
          "y": 1.0,
          "z": 1.0
        },
        "matrix_basis": [
          [
            0.9924537539482117,
            0.0577736422419548,
            0.10815633833408356,
            0.0
          ],
          [
            -0.0689908117055893,
            0.9922837018966675,
            0.10302074998617172,
            0.0
          ],
          [
            -0.10136989504098892,
            -0.1097051203250885,
            0.9887815117835999,
            0.0
          ],
          [
            0.0,
            0.0,
            0.0,
            1.0
          ]
        ],
        "rotation_mode": "QUATERNION"
      },
      "armature_space": {
        "head": {
          "x": 0.003402590984478593,
          "y": -1.4588236808776855e-05,
          "z": -0.0007393583655357361
        },
        "tail": {
          "x": 0.03663916513323784,
          "y": 0.07267500460147858,
          "z": 0.48067525029182434
        }
      },
      "world_space": {
        "head": {
          "x": 0.003402590984478593,
          "y": 0.06322941184043884,
          "z": 0.9491146802902222
        },
        "tail": {
          "x": 0.03663916513323784,
          "y": 0.1359190046787262,
          "z": 1.430529236793518
        },
        "rotation_quaternion": {
          "w": 0.7535573244094849,
          "x": 0.6518333554267883,
          "y": 0.08141260594129562,
          "z": 0.025231873616576195
        },
        "matrix": [
          [
            0.9854707717895508,
            0.06810756027698517,
            0.15559162199497223,
            0.003402590984478593
          ],
          [
            0.14416174590587616,
            0.14895370602607727,
            -0.9782792329788208,
            0.06322941184043884
          ],
          [
            -0.08980464935302734,
            0.9865028858184814,
            0.13697108626365662,
            0.9491146802902222
          ],
          [
            0.0,
            0.0,
            0.0,
            1.0
          ]
        ]
      },
      "bone_length_armature_space": 0.4880045972531306,
      "parent": "Root",
      "has_children": true,
      "is_end_bone": false
    },
    "neck_01": {
      "name": "neck_01",
      "local": {
        "location": {
          "x": 0.0,
          "y": 0.0,
          "z": 0.0
        },
        "rotation_quaternion": {
          "w": 0.9912964105606079,
          "x": -0.12772779166698456,
          "y": -0.0026810141280293465,
          "z": -0.03178020939230919
        },
        "scale": {
          "x": 1.0,
          "y": 1.0,
          "z": 1.0
        },
        "matrix_basis": [
          [
            0.9979656338691711,
            0.06369209289550781,
            0.00280307256616652,
            0.0
          ],
          [
            -0.062322333455085754,
            0.9653512835502625,
            0.25340262055397034,
            0.0
          ],
          [
            0.013433791697025299,
            -0.25306180119514465,
            0.9673568606376648,
            0.0
          ],
          [
            0.0,
            0.0,
            0.0,
            1.0
          ]
        ],
        "rotation_mode": "QUATERNION"
      },
      "armature_space": {
        "head": {
          "x": 0.047021880745887756,
          "y": 0.04965401068329811,
          "z": 0.5576556921005249
        },
        "tail": {
          "x": 0.06252513080835342,
          "y": 0.052391648292541504,
          "z": 0.6589617729187012
        }
      },
      "world_space": {
        "head": {
          "x": 0.047021880745887756,
          "y": 0.11289800703525543,
          "z": 1.507509708404541
        },
        "tail": {
          "x": 0.06252513080835342,
          "y": 0.11563564836978912,
          "z": 1.6088157892227173
        },
        "rotation_quaternion": {
          "w": 0.7086390256881714,
          "x": 0.697597324848175,
          "y": 0.10574539750814438,
          "z": -0.0025996058247983456
        },
        "matrix": [
          [
            0.9776225090026855,
            0.15121974050998688,
            0.14624273777008057,
            0.047021880745887756
          ],
          [
            0.14384999871253967,
            0.0267031192779541,
            -0.9892393946647644,
            0.11289800703525543
          ],
          [
            -0.1534985601902008,
            0.9881463050842285,
            0.004351690411567688,
            1.507509708404541
          ],
          [
            0.0,
            0.0,
            0.0,
            1.0
          ]
        ]
      },
      "bone_length_armature_space": 0.10252203573579152,
      "parent": "spine_01",
      "has_children": true,
      "is_end_bone": false
    },
    "head": {
      "name": "head",
      "local": {
        "location": {
          "x": 0.0,
          "y": 0.0,
          "z": 0.0
        },
        "rotation_quaternion": {
          "w": 0.993637204170227,
          "x": -0.07615167647600174,
          "y": 0.0699002668261528,
          "z": -0.04472397640347481
        },
        "scale": {
          "x": 1.0,
          "y": 1.0,
          "z": 1.0
        },
        "matrix_basis": [
          [
            0.9862274527549744,
            0.0782327651977539,
            0.1457226276397705,
            0.0
          ],
          [
            -0.0995248556137085,
            0.9844014048576355,
            0.14508184790611267,
            0.0
          ],
          [
            -0.13209940493106842,
            -0.1575867086648941,
            0.9786297678947449,
            0.0
          ],
          [
            0.0,
            0.0,
            0.0,
            1.0
          ]
        ],
        "rotation_mode": "QUATERNION"
      },
      "armature_space": {
        "head": {
          "x": 0.06252513825893402,
          "y": 0.05239149555563927,
          "z": 0.6589617133140564
        },
        "tail": {
          "x": 0.08315811306238174,
          "y": 0.13480712473392487,
          "z": 0.7887121438980103
        }
      },
      "world_space": {
        "head": {
          "x": 0.06252513825893402,
          "y": 0.11563549935817719,
          "z": 1.6088156700134277
        },
        "tail": {
          "x": 0.08315811306238174,
          "y": 0.19805112481117249,
          "z": 1.7385661602020264
        },
        "rotation_quaternion": {
          "w": 0.8555629253387451,
          "x": 0.48334577679634094,
          "y": 0.1836133748292923,
          "z": 0.025982163846492767
        },
        "matrix": [
          [
            0.9312225580215454,
            0.13303853571414948,
            0.33930161595344543,
            0.06252513825893402
          ],
          [
            0.22195547819137573,
            0.5314044952392578,
            -0.8175240755081177,
            0.11563549935817719
          ],
          [
            -0.2890703082084656,
            0.8366127610206604,
            0.46532946825027466,
            1.6088156700134277
          ],
          [
            0.0,
            0.0,
            0.0,
            1.0
          ]
        ]
      },
      "bone_length_armature_space": 0.15509103311727773,
      "parent": "neck_01",
      "has_children": false,
      "is_end_bone": true
    },
    "upperarm_l": {
      "name": "upperarm_l",
      "local": {
        "location": {
          "x": 0.0,
          "y": 0.0,
          "z": 0.0
        },
        "rotation_quaternion": {
          "w": 0.9446184039115906,
          "x": 0.2622007131576538,
          "y": 0.16313929855823517,
          "z": 0.11105170845985413
        },
        "scale": {
          "x": 1.0,
          "y": 1.0,
          "z": 1.0
        },
        "matrix_basis": [
          [
            0.922106146812439,
            -0.12425249069929123,
            0.3664444386959076,
            0.0
          ],
          [
            0.2953534424304962,
            0.8378366231918335,
            -0.45912542939186096,
            0.0
          ],
          [
            -0.2499730885028839,
            0.5315930247306824,
            0.8092727065086365,
            0.0
          ],
          [
            0.0,
            0.0,
            0.0,
            1.0
          ]
        ],
        "rotation_mode": "QUATERNION"
      },
      "armature_space": {
        "head": {
          "x": 0.19076134264469147,
          "y": 0.05814756453037262,
          "z": 0.4783211648464203
        },
        "tail": {
          "x": 0.44054847955703735,
          "y": -0.036309219896793365,
          "z": 0.5005006194114685
        }
      },
      "world_space": {
        "head": {
          "x": 0.19076134264469147,
          "y": 0.12139156460762024,
          "z": 1.4281752109527588
        },
        "tail": {
          "x": 0.44054847955703735,
          "y": 0.026934780180454254,
          "z": 1.4503545761108398
        },
        "rotation_quaternion": {
          "w": 0.38114219903945923,
          "x": 0.6569110751152039,
          "y": 0.4224744439125061,
          "z": -0.4946856200695038
        },
        "matrix": [
          [
            0.15360216796398163,
            0.9321479201316833,
            -0.3278822898864746,
            0.19076134264469147
          ],
          [
            0.17796531319618225,
            -0.3524909019470215,
            -0.9187376499176025,
            0.12139156460762024
          ],
          [
            -0.9719812870025635,
            0.08276861906051636,
            -0.22003565728664398,
            1.4281752109527588
          ],
          [
            0.0,
            0.0,
            0.0,
            1.0
          ]
        ]
      },
      "bone_length_armature_space": 0.2679694489808461,
      "parent": "spine_01",
      "has_children": true,
      "is_end_bone": false
    },
    "lowerarm_l": {
      "name": "lowerarm_l",
      "local": {
        "location": {
          "x": 0.0,
          "y": 0.0,
          "z": 0.0
        },
        "rotation_quaternion": {
          "w": 0.8844261169433594,
          "x": 0.41807860136032104,
          "y": -0.12908463180065155,
          "z": 0.16228964924812317
        },
        "scale": {
          "x": 1.0,
          "y": 1.0,
          "z": 1.0
        },
        "matrix_basis": [
          [
            0.9139984846115112,
            -0.39500144124031067,
            -0.0926319807767868,
            0.0
          ],
          [
            0.17913135886192322,
            0.5977447032928467,
            -0.7814174890518188,
            0.0
          ],
          [
            0.36403128504753113,
            0.6976210474967957,
            0.617094874382019,
            0.0
          ],
          [
            0.0,
            0.0,
            0.0,
            1.0
          ]
        ],
        "rotation_mode": "QUATERNION"
      },
      "armature_space": {
        "head": {
          "x": 0.44054853916168213,
          "y": -0.036309320479631424,
          "z": 0.5005007386207581
        },
        "tail": {
          "x": 0.47836801409721375,
          "y": -0.27861106395721436,
          "z": 0.6074073314666748
        }
      },
      "world_space": {
        "head": {
          "x": 0.44054853916168213,
          "y": 0.026934679597616196,
          "z": 1.450354814529419
        },
        "tail": {
          "x": 0.47836801409721375,
          "y": -0.21536706387996674,
          "z": 1.557261347770691
        },
        "rotation_quaternion": {
          "w": 0.20049476623535156,
          "x": 0.7248498201370239,
          "y": -0.08332466334104538,
          "z": -0.6537978649139404
        },
        "matrix": [
          [
            0.1312112808227539,
            0.1413682997226715,
            -0.9812230467796326,
            0.44054853916168213
          ],
          [
            -0.382962167263031,
            -0.9057180285453796,
            -0.1817006766796112,
            0.026934679597616196
          ],
          [
            -0.9144047498703003,
            0.3996143341064453,
            -0.06470223516225815,
            1.450354814529419
          ],
          [
            0.0,
            0.0,
            0.0,
            1.0
          ]
        ]
      },
      "bone_length_armature_space": 0.26752470433414494,
      "parent": "upperarm_l",
      "has_children": true,
      "is_end_bone": false
    },
    "metacarpal_thumb_l": {
      "name": "metacarpal_thumb_l",
      "local": {
        "location": {
          "x": 0.0,
          "y": 0.0,
          "z": 0.0
        },
        "rotation_quaternion": {
          "w": 0.9993171691894531,
          "x": -0.029418017715215683,
          "y": -0.015483034774661064,
          "z": 0.016127966344356537
        },
        "scale": {
          "x": 1.0,
          "y": 1.0,
          "z": 1.0
        },
        "matrix_basis": [
          [
            0.9990003108978271,
            -0.03132294863462448,
            -0.03189383074641228,
            0.0
          ],
          [
            0.03314486891031265,
            0.9977489113807678,
            0.05829644203186035,
            0.0
          ],
          [
            0.02999601885676384,
            -0.059295281767845154,
            0.997789740562439,
            0.0
          ],
          [
            0.0,
            0.0,
            0.0,
            1.0
          ]
        ],
        "rotation_mode": "QUATERNION"
      },
      "armature_space": {
        "head": {
          "x": 0.47836801409721375,
          "y": -0.27861106395721436,
          "z": 0.6074073314666748
        },
        "tail": {
          "x": 0.4547213912010193,
          "y": -0.32140618562698364,
          "z": 0.6153445243835449
        }
      },
      "world_space": {
        "head": {
          "x": 0.47836801409721375,
          "y": -0.21536706387996674,
          "z": 1.557261347770691
        },
        "tail": {
          "x": 0.4547213912010193,
          "y": -0.2581622004508972,
          "z": 1.565198540687561
        },
        "rotation_quaternion": {
          "w": 0.10244861245155334,
          "x": 0.9623150825500488,
          "y": -0.23984161019325256,
          "z": 0.07700618356466293
        },
        "matrix": [
          [
            0.8730920553207397,
            -0.4773847460746765,
            0.09906527400016785,
            0.47836801409721375
          ],
          [
            -0.44582802057266235,
            -0.863960325717926,
            -0.234114870429039,
            -0.21536706387996674
          ],
          [
            0.19735227525234222,
            0.16023805737495422,
            -0.9671555161476135,
            1.557261347770691
          ],
          [
            0.0,
            0.0,
            0.0,
            1.0
          ]
        ]
      },
      "bone_length_armature_space": 0.04953366765404748,
      "parent": "lowerarm_l",
      "has_children": true,
      "is_end_bone": false
    },
    "thumb_01_l": {
      "name": "thumb_01_l",
      "local": {
        "location": {
          "x": 0.0,
          "y": 0.0,
          "z": 0.0
        },
        "rotation_quaternion": {
          "w": 0.9985687732696533,
          "x": -0.05270896479487419,
          "y": -0.0013360966695472598,
          "z": -0.008972539566457272
        },
        "scale": {
          "x": 1.0,
          "y": 1.0,
          "z": 1.0
        },
        "matrix_basis": [
          [
            0.9998354315757751,
            0.018060244619846344,
            -0.0017225022893399,
            0.0
          ],
          [
            -0.0177785474807024,
            0.9942825436592102,
            0.10529103130102158,
            0.0
          ],
          [
            0.0036142354365438223,
            -0.10524307936429977,
            0.994439959526062,
            0.0
          ],
          [
            0.0,
            0.0,
            0.0,
            1.0
          ]
        ],
        "rotation_mode": "QUATERNION"
      },
      "armature_space": {
        "head": {
          "x": 0.4547213912010193,
          "y": -0.32140618562698364,
          "z": 0.6153445243835449
        },
        "tail": {
          "x": 0.43970969319343567,
          "y": -0.3431376516819,
          "z": 0.5938730239868164
        }
      },
      "world_space": {
        "head": {
          "x": 0.4547213912010193,
          "y": -0.2581622004508972,
          "z": 1.565198540687561
        },
        "tail": {
          "x": 0.43970969319343567,
          "y": -0.2798936367034912,
          "z": 1.5437270402908325
        },
        "rotation_quaternion": {
          "w": 0.012353138066828251,
          "x": -0.539956271648407,
          "y": 0.42500606179237366,
          "z": -0.726405143737793
        },
        "matrix": [
          [
            -0.41659075021743774,
            -0.44102051854133606,
            0.7949547171592712,
            0.4547213912010193
          ],
          [
            -0.4769144356250763,
            -0.6384363770484924,
            -0.6041122078895569,
            -0.2581622004508972
          ],
          [
            0.7739587426185608,
            -0.6307981610298157,
            0.055637434124946594,
            1.565198540687561
          ],
          [
            0.0,
            0.0,
            0.0,
            1.0
          ]
        ]
      },
      "bone_length_armature_space": 0.0340386991017424,
      "parent": "metacarpal_thumb_l",
      "has_children": true,
      "is_end_bone": false
    },
    "thumb_02_l": {
      "name": "thumb_02_l",
      "local": {
        "location": {
          "x": 0.0,
          "y": 0.0,
          "z": 0.0
        },
        "rotation_quaternion": {
          "w": 0.9983026385307312,
          "x": 0.05771838501095772,
          "y": -0.007615106180310249,
          "z": -0.0015665414975956082
        },
        "scale": {
          "x": 1.0,
          "y": 1.0,
          "z": 1.0
        },
        "matrix_basis": [
          [
            0.9998791217803955,
            0.002248701872304082,
            -0.015385197475552559,
            0.0
          ],
          [
            -0.004006828181445599,
            0.9933322668075562,
            -0.11521697044372559,
            0.0
          ],
          [
            0.01502352487295866,
            0.11526469141244888,
            0.9932212233543396,
            0.0
          ],
          [
            0.0,
            0.0,
            0.0,
            1.0
          ]
        ],
        "rotation_mode": "QUATERNION"
      },
      "armature_space": {
        "head": {
          "x": 0.4397096633911133,
          "y": -0.34313759207725525,
          "z": 0.5938730239868164
        },
        "tail": {
          "x": 0.44242793321609497,
          "y": -0.38131970167160034,
          "z": 0.6060351729393005
        }
      },
      "world_space": {
        "head": {
          "x": 0.4397096633911133,
          "y": -0.27989357709884644,
          "z": 1.5437270402908325
        },
        "tail": {
          "x": 0.44242793321609497,
          "y": -0.3180757164955139,
          "z": 1.5558891296386719
        },
        "rotation_quaternion": {
          "w": 0.01789897307753563,
          "x": 0.32382646203041077,
          "y": 0.15606699883937836,
          "z": 0.9329840540885925
        },
        "matrix": [
          [
            -0.7896323204040527,
            0.06767821311950684,
            0.6098365783691406,
            0.4397096633911133
          ],
          [
            0.13447637856006622,
            -0.950645387172699,
            0.27962368726730347,
            -0.27989357709884644
          ],
          [
            0.5986670255661011,
            0.30280959606170654,
            0.7415646910667419,
            1.5437270402908325
          ],
          [
            0.0,
            0.0,
            0.0,
            1.0
          ]
        ]
      },
      "bone_length_armature_space": 0.04016441647636597,
      "parent": "thumb_01_l",
      "has_children": true,
      "is_end_bone": false
    },
    "thumb_03_l": {
      "name": "thumb_03_l",
      "local": {
        "location": {
          "x": 0.0,
          "y": 0.0,
          "z": 0.0
        },
        "rotation_quaternion": {
          "w": 0.9951791763305664,
          "x": 0.0980377048254013,
          "y": -1.42659991979599e-05,
          "z": -0.002678096294403076
        },
        "scale": {
          "x": 1.0,
          "y": 1.0,
          "z": 1.0
        },
        "matrix_basis": [
          [
            0.9999856352806091,
            0.005327573977410793,
            -0.0005535032832995057,
            0.0
          ],
          [
            -0.0053331684321165085,
            0.9807628989219666,
            -0.1951300948858261,
            0.0
          ],
          [
            -0.0004967143759131432,
            0.19513024389743805,
            0.9807772040367126,
            0.0
          ],
          [
            0.0,
            0.0,
            0.0,
            1.0
          ]
        ],
        "rotation_mode": "QUATERNION"
      },
      "armature_space": {
        "head": {
          "x": 0.4424278438091278,
          "y": -0.38131967186927795,
          "z": 0.6060351729393005
        },
        "tail": {
          "x": 0.4543073773384094,
          "y": -0.40379053354263306,
          "z": 0.6227931976318359
        }
      },
      "world_space": {
        "head": {
          "x": 0.4424278438091278,
          "y": -0.31807565689086914,
          "z": 1.5558891296386719
        },
        "tail": {
          "x": 0.4543073773384094,
          "y": -0.34054654836654663,
          "z": 1.572647213935852
        },
        "rotation_quaternion": {
          "w": 0.16145993769168854,
          "x": -0.1431693732738495,
          "y": -0.3238656520843506,
          "z": -0.9211646914482117
        },
        "matrix": [
          [
            -0.9068665504455566,
            0.3901980221271515,
            0.1591816246509552,
            0.4424278438091278
          ],
          [
            -0.20472759008407593,
            -0.738083004951477,
            0.6428996920585632,
            -0.31807565689086914
          ],
          [
            0.3683496415615082,
            0.5504384636878967,
            0.749233067035675,
            1.5558891296386719
          ],
          [
            0.0,
            0.0,
            0.0,
            1.0
          ]
        ]
      },
      "bone_length_armature_space": 0.030444939472759593,
      "parent": "thumb_02_l",
      "has_children": false,
      "is_end_bone": true
    },
    "metacarpal_index_l": {
      "name": "metacarpal_index_l",
      "local": {
        "location": {
          "x": 0.0,
          "y": 0.0,
          "z": 0.0
        },
        "rotation_quaternion": {
          "w": 0.9993920922279358,
          "x": -0.03379643335938454,
          "y": -0.005425912793725729,
          "z": 0.00662407698109746
        },
        "scale": {
          "x": 1.0,
          "y": 1.0,
          "z": 1.0
        },
        "matrix_basis": [
          [
            0.9998533725738525,
            -0.012873346917331219,
            -0.01129296887665987,
            0.0
          ],
          [
            0.013606852851808071,
            0.997627854347229,
            0.06747989356517792,
            0.0
          ],
          [
            0.010397488251328468,
            -0.06762365996837616,
            0.9976567029953003,
            0.0
          ],
          [
            0.0,
            0.0,
            0.0,
            1.0
          ]
        ],
        "rotation_mode": "QUATERNION"
      },
      "armature_space": {
        "head": {
          "x": 0.47836801409721375,
          "y": -0.27861106395721436,
          "z": 0.6074073314666748
        },
        "tail": {
          "x": 0.4621712565422058,
          "y": -0.3859308958053589,
          "z": 0.6515588760375977
        }
      },
      "world_space": {
        "head": {
          "x": 0.47836801409721375,
          "y": -0.21536706387996674,
          "z": 1.557261347770691
        },
        "tail": {
          "x": 0.4621712565422058,
          "y": -0.32268691062927246,
          "z": 1.6014128923416138
        },
        "rotation_quaternion": {
          "w": 0.17041131854057312,
          "x": 0.9511476755142212,
          "y": -0.11401962488889694,
          "z": -0.23081955313682556
        },
        "matrix": [
          [
            0.8674437999725342,
            -0.1382308006286621,
            -0.4779473543167114,
            0.47836801409721375
          ],
          [
            -0.29556772112846375,
            -0.9159191846847534,
            -0.2715367376804352,
            -0.21536706387996674
          ],
          [
            -0.4002295434474945,
            0.37681031227111816,
            -0.8353707790374756,
            1.557261347770691
          ],
          [
            0.0,
            0.0,
            0.0,
            1.0
          ]
        ]
      },
      "bone_length_armature_space": 0.1171718393232724,
      "parent": "lowerarm_l",
      "has_children": true,
      "is_end_bone": false
    },
    "index_01_l": {
      "name": "index_01_l",
      "local": {
        "location": {
          "x": 0.0,
          "y": 0.0,
          "z": 0.0
        },
        "rotation_quaternion": {
          "w": 0.9965821504592896,
          "x": -0.08242049813270569,
          "y": -0.002686495892703533,
          "z": 0.004866950213909149
        },
        "scale": {
          "x": 1.0,
          "y": 1.0,
          "z": 1.0
        },
        "matrix_basis": [
          [
            0.9999381899833679,
            -0.00925778690725565,
            -0.006156900431960821,
            0.0
          ],
          [
            0.010143476538360119,
            0.986366331577301,
            0.164251446723938,
            0.0
          ],
          [
            0.004552354570478201,
            -0.1643037497997284,
            0.9863992929458618,
            0.0
          ],
          [
            0.0,
            0.0,
            0.0,
            1.0
          ]
        ],
        "rotation_mode": "QUATERNION"
      },
      "armature_space": {
        "head": {
          "x": 0.4621712565422058,
          "y": -0.3859308958053589,
          "z": 0.6515588760375977
        },
        "tail": {
          "x": 0.4705806076526642,
          "y": -0.40987157821655273,
          "z": 0.6645664572715759
        }
      },
      "world_space": {
        "head": {
          "x": 0.4621712565422058,
          "y": -0.32268691062927246,
          "z": 1.6014128923416138
        },
        "tail": {
          "x": 0.4705806076526642,
          "y": -0.3466275930404663,
          "z": 1.6144204139709473
        },
        "rotation_quaternion": {
          "w": 0.2689833343029022,
          "x": 0.9278652667999268,
          "y": 0.08858621120452881,
          "z": -0.24262449145317078
        },
        "matrix": [
          [
            0.8665720820426941,
            0.2949160933494568,
            -0.40258869528770447,
            0.4621712565422058
          ],
          [
            0.03386857360601425,
            -0.8396009206771851,
            -0.5421472787857056,
            -0.32268691062927246
          ],
          [
            -0.49790525436401367,
            0.4561766982078552,
            -0.7375683784484863,
            1.6014128923416138
          ],
          [
            0.0,
            0.0,
            0.0,
            1.0
          ]
        ]
      },
      "bone_length_armature_space": 0.02851439357615126,
      "parent": "metacarpal_index_l",
      "has_children": true,
      "is_end_bone": false
    },
    "index_02_l": {
      "name": "index_02_l",
      "local": {
        "location": {
          "x": 0.0,
          "y": 0.0,
          "z": 0.0
        },
        "rotation_quaternion": {
          "w": 0.9971955418586731,
          "x": 0.07385899126529694,
          "y": -0.008627875708043575,
          "z": 0.008456580340862274
        },
        "scale": {
          "x": 1.0,
          "y": 1.0,
          "z": 1.0
        },
        "matrix_basis": [
          [
            0.9997081160545349,
            -0.018140221014618874,
            -0.015958169475197792,
            0.0
          ],
          [
            0.01559123583137989,
            0.9889466762542725,
            -0.14744964241981506,
            0.0
          ],
          [
            0.01845654658973217,
            0.14715778827667236,
            0.9889408349990845,
            0.0
          ],
          [
            0.0,
            0.0,
            0.0,
            1.0
          ]
        ],
        "rotation_mode": "QUATERNION"
      },
      "armature_space": {
        "head": {
          "x": 0.47058039903640747,
          "y": -0.4098720848560333,
          "z": 0.6645665168762207
        },
        "tail": {
          "x": 0.477017879486084,
          "y": -0.4328227639198303,
          "z": 0.6740489602088928
        }
      },
      "world_space": {
        "head": {
          "x": 0.47058039903640747,
          "y": -0.3466280698776245,
          "z": 1.6144205331802368
        },
        "tail": {
          "x": 0.477017879486084,
          "y": -0.3695787787437439,
          "z": 1.6239030361175537
        },
        "rotation_quaternion": {
          "w": 0.2194698005914688,
          "x": 0.9299744367599487,
          "y": 0.06714551150798798,
          "z": -0.28717952966690063
        },
        "matrix": [
          [
            0.82603919506073,
            0.250941663980484,
            -0.5046660900115967,
            0.47058039903640747
          ],
          [
            -0.0011670999228954315,
            -0.8946489691734314,
            -0.44676852226257324,
            -0.3466280698776245
          ],
          [
            -0.5636157989501953,
            0.3696387708187103,
            -0.7387275099754333,
            1.6144205331802368
          ],
          [
            0.0,
            0.0,
            0.0,
            1.0
          ]
        ]
      },
      "bone_length_armature_space": 0.02565329568847502,
      "parent": "index_01_l",
      "has_children": true,
      "is_end_bone": false
    },
    "index_03_l": {
      "name": "index_03_l",
      "local": {
        "location": {
          "x": 0.0,
          "y": 0.0,
          "z": 0.0
        },
        "rotation_quaternion": {
          "w": 0.9994359016418457,
          "x": 0.033330436795949936,
          "y": -0.0023575692903250456,
          "z": 0.0033862667623907328
        },
        "scale": {
          "x": 1.0,
          "y": 1.0,
          "z": 1.0
        },
        "matrix_basis": [
          [
            0.9999659657478333,
            -0.006925870664417744,
            -0.004486747086048126,
            0.0
          ],
          [
            0.006611555349081755,
            0.997755229473114,
            -0.0666392371058464,
            0.0
          ],
          [
            0.0049382103607058525,
            0.06660730391740799,
            0.9977670311927795,
            0.0
          ],
          [
            0.0,
            0.0,
            0.0,
            1.0
          ]
        ],
        "rotation_mode": "QUATERNION"
      },
      "armature_space": {
        "head": {
          "x": 0.47701790928840637,
          "y": -0.43282267451286316,
          "z": 0.6740490794181824
        },
        "tail": {
          "x": 0.4840812087059021,
          "y": -0.46056652069091797,
          "z": 0.6798903942108154
        }
      },
      "world_space": {
        "head": {
          "x": 0.47701790928840637,
          "y": -0.36957865953445435,
          "z": 1.6239030361175537
        },
        "tail": {
          "x": 0.4840812087059021,
          "y": -0.39732253551483154,
          "z": 1.6297444105148315
        },
        "rotation_quaternion": {
          "w": 0.13095059990882874,
          "x": 0.9494038224220276,
          "y": 0.08994371443986893,
          "z": -0.27091410756111145
        },
        "matrix": [
          [
            0.8370316028594971,
            0.24173873662948608,
            -0.49085721373558044,
            0.47701790928840637
          ],
          [
            0.09983311593532562,
            -0.9495241045951843,
            -0.2973846197128296,
            -0.36957865953445435
          ],
          [
            -0.5379738807678223,
            0.1999167948961258,
            -0.8189207315444946,
            1.6239030361175537
          ],
          [
            0.0,
            0.0,
            0.0,
            1.0
          ]
        ]
      },
      "bone_length_armature_space": 0.02921869524605024,
      "parent": "index_02_l",
      "has_children": false,
      "is_end_bone": true
    },
    "metacarpal_pinky_l": {
      "name": "metacarpal_pinky_l",
      "local": {
        "location": {
          "x": 0.0,
          "y": 0.0,
          "z": 0.0
        },
        "rotation_quaternion": {
          "w": 0.9995021820068359,
          "x": -0.0282660610973835,
          "y": 0.00998572539538145,
          "z": 0.0098373768851161
        },
        "scale": {
          "x": 1.0,
          "y": 1.0,
          "z": 1.0
        },
        "matrix_basis": [
          [
            0.9996070265769958,
            -0.02022947371006012,
            0.019405381754040718,
            0.0
          ],
          [
            0.01910044439136982,
            0.9982085227966309,
            0.0567004457116127,
            0.0
          ],
          [
            -0.020517636090517044,
            -0.056307513266801834,
            0.9982026219367981,
            0.0
          ],
          [
            0.0,
            0.0,
            0.0,
            1.0
          ]
        ],
        "rotation_mode": "QUATERNION"
      },
      "armature_space": {
        "head": {
          "x": 0.47836801409721375,
          "y": -0.27861106395721436,
          "z": 0.6074073314666748
        },
        "tail": {
          "x": 0.5272835493087769,
          "y": -0.3630939722061157,
          "z": 0.6436446309089661
        }
      },
      "world_space": {
        "head": {
          "x": 0.47836801409721375,
          "y": -0.21536706387996674,
          "z": 1.557261347770691
        },
        "tail": {
          "x": 0.5272835493087769,
          "y": -0.2998499870300293,
          "z": 1.593498706817627
        },
        "rotation_quaternion": {
          "w": 0.2721186876296997,
          "x": 0.14721687138080597,
          "y": -0.14245596528053284,
          "z": -0.9402047395706177
        },
        "matrix": [
          [
            -0.8085571527481079,
            0.46975091099739075,
            -0.35435807704925537,
            0.47836801409721375
          ],
          [
            -0.5536388158798218,
            -0.8113154172897339,
            0.18775439262390137,
            -0.21536706387996674
          ],
          [
            -0.1993001401424408,
            0.34799808263778687,
            0.9160736203193665,
            1.557261347770691
          ],
          [
            0.0,
            0.0,
            0.0,
            1.0
          ]
        ]
      },
      "bone_length_armature_space": 0.1041308471193497,
      "parent": "lowerarm_l",
      "has_children": true,
      "is_end_bone": false
    },
    "pinky_01_l": {
      "name": "pinky_01_l",
      "local": {
        "location": {
          "x": 0.0,
          "y": 0.0,
          "z": 0.0
        },
        "rotation_quaternion": {
          "w": 0.9926188588142395,
          "x": -0.11997485160827637,
          "y": -0.01740044355392456,
          "z": 0.00334866507910192
        },
        "scale": {
          "x": 1.0,
          "y": 1.0,
          "z": 1.0
        },
        "matrix_basis": [
          [
            0.9993720054626465,
            -0.0024726649280637503,
            -0.035347528755664825,
            0.0
          ],
          [
            0.010823127813637257,
            0.9711896181106567,
            0.2380620688199997,
            0.0
          ],
          [
            0.03374050557613373,
            -0.23829513788223267,
            0.9706065058708191,
            0.0
          ],
          [
            0.0,
            0.0,
            0.0,
            1.0
          ]
        ],
        "rotation_mode": "QUATERNION"
      },
      "armature_space": {
        "head": {
          "x": 0.5272835493087769,
          "y": -0.3630939722061157,
          "z": 0.6436446309089661
        },
        "tail": {
