{
  "metadata": {
    "armature_name": "KIM_caucasian_male",
    "export_time": "2026-01-13T21:02:12.664581",
    "blender_version": "4.4.1",
    "bone_count": 56,
    "end_bone_count": 13,
    "spaces_included": [
      "LOCAL_CHANNELS",
      "ARMATURE_SPACE",
      "WORLD_SPACE"
    ],
    "note": "LOCAL matches Transform panel; replay pose via local.matrix_basis for best fidelity."
  },
  "bones": {
    "Root": {
      "name": "Root",
      "local": {
        "location": {
          "x": 0.0,
          "y": 0.0,
          "z": 0.0
        },
        "rotation_quaternion": {
          "w": 0.9999202489852905,
          "x": -0.005257046315819025,
          "y": -0.0009763390407897532,
          "z": 0.011447631753981113
        },
        "scale": {
          "x": 1.0,
          "y": 1.0,
          "z": 1.0
        },
        "matrix_basis": [
          [
            0.9997360110282898,
            -0.02288317307829857,
            -0.0020728837698698044,
            0.0
          ],
          [
            0.022903703153133392,
            0.999682605266571,
            0.010490900836884975,
            0.0
          ],
          [
            0.0018321608658879995,
            -0.010535608045756817,
            0.9999428391456604,
            0.0
          ],
          [
            0.0,
            0.0,
            0.0,
            1.0
          ]
        ],
        "rotation_mode": "QUATERNION"
      },
      "armature_space": {
        "head": {
          "x": 0.0,
          "y": 0.07072800397872925,
          "z": -0.009595036506652832
        },
        "tail": {
          "x": -0.0016333063831552863,
          "y": 0.00012354552745819092,
          "z": 0.0007421225309371948
        }
      },
      "world_space": {
        "head": {
          "x": 0.0,
          "y": 0.13397200405597687,
          "z": 0.9402589797973633
        },
        "tail": {
          "x": -0.0016333063831552863,
          "y": 0.06336754560470581,
          "z": 0.9505961537361145
        },
        "rotation_quaternion": {
          "w": 0.0726073831319809,
          "x": 0.9972944855690002,
          "y": -0.011487399227917194,
          "z": -0.0002029177121585235
        },
        "matrix": [
          [
            0.9997360110282898,
            -0.02288317307829857,
            -0.0020728837698698044,
            0.0
          ],
          [
            -0.022942107170820236,
            -0.9891923069953918,
            -0.14481768012046814,
            0.13397200405597687
          ],
          [
            0.0012633942533284426,
            0.14482708275318146,
            -0.9894632697105408,
            0.9402589797973633
          ],
          [
            0.0,
            0.0,
            0.0,
            1.0
          ]
        ]
      },
      "bone_length_armature_space": 0.07137586645412496,
      "parent": null,
      "has_children": true,
      "is_end_bone": false
    },
    "spine_01": {
      "name": "spine_01",
      "local": {
        "location": {
          "x": 0.0,
          "y": 0.0,
          "z": 0.0
        },
        "rotation_quaternion": {
          "w": 0.9932603240013123,
          "x": 0.09371450543403625,
          "y": -0.03153637796640396,
          "z": 0.0604747049510479
        },
        "scale": {
          "x": 1.0,
          "y": 1.0,
          "z": 1.0
        },
        "matrix_basis": [
          [
            0.9906965494155884,
            -0.1260450780391693,
            -0.05131295323371887,
            0.0
          ],
          [
            0.1142234206199646,
            0.9751207828521729,
            -0.18998010456562042,
            0.0
          ],
          [
            0.07398238033056259,
            0.1823514997959137,
            0.9804461002349854,
            0.0
          ],
          [
            0.0,
            0.0,
            0.0,
            1.0
          ]
        ],
        "rotation_mode": "QUATERNION"
      },
      "armature_space": {
        "head": {
          "x": -0.0016333063831552863,
          "y": 0.00012354552745819092,
          "z": 0.0007421225309371948
        },
        "tail": {
          "x": -0.06514720618724823,
          "y": -0.060046371072530746,
          "z": 0.48083990812301636
        }
      },
      "world_space": {
        "head": {
          "x": -0.0016333063831552863,
          "y": 0.06336754560470581,
          "z": 0.9505961537361145
        },
        "tail": {
          "x": -0.06514720618724823,
          "y": 0.003197629004716873,
          "z": 1.4306938648223877
        },
        "rotation_quaternion": {
          "w": 0.6579919457435608,
          "x": 0.7492777705192566,
          "y": -0.07346493750810623,
          "z": 0.015243131667375565
        },
        "matrix": [
          [
            0.9887410402297974,
            -0.13015110790729523,
            -0.0738367810845375,
            -0.0016333063831552863
          ],
          [
            -0.09003232419490814,
            -0.12329869717359543,
            -0.9882770776748657,
            0.06336754560470581
          ],
          [
            0.11952213943004608,
            0.9838045239448547,
            -0.13363012671470642,
            0.9505961537361145
          ],
          [
            0.0,
            0.0,
            0.0,
            1.0
          ]
        ]
      },
      "bone_length_armature_space": 0.4880044135667162,
      "parent": "Root",
      "has_children": true,
      "is_end_bone": false
    },
    "neck_01": {
      "name": "neck_01",
      "local": {
        "location": {
          "x": 0.0,
          "y": 0.0,
          "z": 0.0
        },
        "rotation_quaternion": {
          "w": 0.9947746992111206,
          "x": 0.009597857482731342,
          "y": 0.06273572891950607,
          "z": -0.07997245341539383
        },
        "scale": {
          "x": 1.0,
          "y": 1.0,
          "z": 1.0
        },
        "matrix_basis": [
          [
            0.9793372750282288,
            0.16031339764595032,
            0.12328070402145386,
            0.0
          ],
          [
            -0.15790489315986633,
            0.9870246052742004,
            -0.029129672795534134,
            0.0
          ],
          [
            -0.12635095417499542,
            0.009061151184141636,
            0.9919441938400269,
            0.0
          ],
          [
            0.0,
            0.0,
            0.0,
            1.0
          ]
        ],
        "rotation_mode": "QUATERNION"
      },
      "armature_space": {
        "head": {
          "x": -0.07723736017942429,
          "y": -0.10334799438714981,
          "z": 0.548238217830658
        },
        "tail": {
          "x": -0.0760277509689331,
          "y": -0.15519140660762787,
          "z": 0.636677622795105
        }
      },
      "world_space": {
        "head": {
          "x": -0.07723736017942429,
          "y": -0.04010399430990219,
          "z": 1.4980921745300293
        },
        "tail": {
          "x": -0.0760277509689331,
          "y": -0.09194740653038025,
          "z": 1.586531639099121
        },
        "rotation_quaternion": {
          "w": 0.49615412950515747,
          "x": 0.8665968775749207,
          "y": 0.031447749584913254,
          "z": 0.043037526309490204
        },
        "matrix": [
          [
            0.9943175911903381,
            0.011798597872257233,
            0.10579814016819,
            -0.07723736017942429
          ],
          [
            0.09721151739358902,
            -0.5056840777397156,
            -0.8572244644165039,
            -0.04010399430990219
          ],
          [
            0.043386802077293396,
            0.8626435995101929,
            -0.5039618015289307,
            1.4980921745300293
          ],
          [
            0.0,
            0.0,
            0.0,
            1.0
          ]
        ]
      },
      "bone_length_armature_space": 0.10252185540995452,
      "parent": "spine_01",
      "has_children": true,
      "is_end_bone": false
    },
    "head": {
      "name": "head",
      "local": {
        "location": {
          "x": 0.0,
          "y": 0.0,
          "z": 0.0
        },
        "rotation_quaternion": {
          "w": 0.9788524508476257,
          "x": 0.04015941172838211,
          "y": -0.06219357252120972,
          "z": -0.19070160388946533
        },
        "scale": {
          "x": 1.0,
          "y": 1.0,
          "z": 1.0
        },
        "matrix_basis": [
          [
            0.9195297360420227,
            0.36834216117858887,
            -0.1370735913515091,
            0.0
          ],
          [
            -0.37833279371261597,
            0.9240402579307556,
            -0.05489945039153099,
            0.0
          ],
          [
            0.1064397320151329,
            0.10234110802412033,
            0.989038348197937,
            0.0
          ],
          [
            0.0,
            0.0,
            0.0,
            1.0
          ]
        ],
        "rotation_mode": "QUATERNION"
      },
      "armature_space": {
        "head": {
          "x": -0.07602773606777191,
          "y": -0.15519149601459503,
          "z": 0.6366774439811707
        },
        "tail": {
          "x": -0.021618150174617767,
          "y": -0.18857233226299286,
          "z": 0.7780230045318604
        }
      },
      "world_space": {
        "head": {
          "x": -0.07602773606777191,
          "y": -0.09194749593734741,
          "z": 1.586531400680542
        },
        "tail": {
          "x": -0.021618150174617767,
          "y": -0.12532833218574524,
          "z": 1.7278770208358765
        },
        "rotation_quaternion": {
          "w": 0.6131806969642639,
          "x": 0.7693399786949158,
          "y": 0.12803097069263458,
          "z": -0.12543325126171112
        },
        "matrix": [
          [
            0.9357490539550781,
            0.35082539916038513,
            -0.03598757088184357,
            -0.07602773606777191
          ],
          [
            0.0431741327047348,
            -0.2152349352836609,
            -0.9756075739860535,
            -0.09194749593734741
          ],
          [
            -0.3500160574913025,
            0.9113763570785522,
            -0.21655480563640594,
            1.586531400680542
          ],
          [
            0.0,
            0.0,
            0.0,
            1.0
          ]
        ]
      },
      "bone_length_armature_space": 0.15509110592795763,
      "parent": "neck_01",
      "has_children": false,
      "is_end_bone": true
    },
    "upperarm_l": {
      "name": "upperarm_l",
      "local": {
        "location": {
          "x": 0.0,
          "y": 0.0,
          "z": 0.0
        },
        "rotation_quaternion": {
          "w": 0.9717816114425659,
          "x": 0.1341094672679901,
          "y": 0.11167255789041519,
          "z": -0.1586960405111313
        },
        "scale": {
          "x": 1.0,
          "y": 1.0,
          "z": 1.0
        },
        "matrix_basis": [
          [
            0.9246895909309387,
            0.33838847279548645,
            0.17447739839553833,
            0.0
          ],
          [
            -0.2784830927848816,
            0.9136604070663452,
            -0.29609420895576477,
            0.0
          ],
          [
            -0.2596079707145691,
            0.22520624101161957,
            0.9390878081321716,
            0.0
          ],
          [
            0.0,
            0.0,
            0.0,
            1.0
          ]
        ],
        "rotation_mode": "QUATERNION"
      },
      "armature_space": {
        "head": {
          "x": 0.0795854926109314,
          "y": -0.11171795427799225,
          "z": 0.49962112307548523
        },
        "tail": {
          "x": 0.3307761251926422,
          "y": -0.16970257461071014,
          "z": 0.4264860451221466
        }
      },
      "world_space": {
        "head": {
          "x": 0.0795854926109314,
          "y": -0.04847395420074463,
          "z": 1.4494751691818237
        },
        "tail": {
          "x": 0.3307761251926422,
          "y": -0.10645857453346252,
          "z": 1.3763400316238403
        },
        "rotation_quaternion": {
          "w": 0.2600117027759552,
          "x": 0.5905611515045166,
          "y": 0.5693850517272949,
          "z": -0.5093448162078857
        },
        "matrix": [
          [
            -0.16726498305797577,
            0.9373854398727417,
            -0.3055010437965393,
            0.0795854926109314
          ],
          [
            0.407640665769577,
            -0.21638518571853638,
            -0.8871339559555054,
            -0.04847395420074463
          ],
          [
            -0.897698163986206,
            -0.27292320132255554,
            -0.3459259867668152,
            1.4494751691818237
          ],
          [
            0.0,
            0.0,
            0.0,
            1.0
          ]
        ]
      },
      "bone_length_armature_space": 0.26796956519219767,
      "parent": "spine_01",
      "has_children": true,
      "is_end_bone": false
    },
    "lowerarm_l": {
      "name": "lowerarm_l",
      "local": {
        "location": {
          "x": 0.0,
          "y": 0.0,
          "z": 0.0
        },
        "rotation_quaternion": {
          "w": 0.9395045042037964,
          "x": 0.32717278599739075,
          "y": -0.08805760741233826,
          "z": 0.050350453704595566
        },
        "scale": {
          "x": 1.0,
          "y": 1.0,
          "z": 1.0
        },
        "matrix_basis": [
          [
            0.9794213771820068,
            -0.15222905576229095,
            -0.13251444697380066,
            0.0
          ],
          [
            0.03698885068297386,
            0.780845582485199,
            -0.6236280798912048,
            0.0
          ],
          [
            0.1984076350927353,
            0.6058931350708008,
            0.7704076766967773,
            0.0
          ],
          [
            0.0,
            0.0,
            0.0,
            1.0
          ]
        ],
        "rotation_mode": "QUATERNION"
      },
      "armature_space": {
        "head": {
          "x": 0.3307762145996094,
          "y": -0.1697026789188385,
          "z": 0.4264861047267914
        },
        "tail": {
          "x": 0.46248239278793335,
          "y": -0.39864444732666016,
          "z": 0.38395926356315613
        }
      },
      "world_space": {
        "head": {
          "x": 0.3307762145996094,
          "y": -0.10645867884159088,
          "z": 1.3763401508331299
        },
        "tail": {
          "x": 0.46248239278793335,
          "y": -0.33540046215057373,
          "z": 1.3338133096694946
        },
        "rotation_quaternion": {
          "w": 0.14372433722019196,
          "x": 0.6159098148345947,
          "y": 0.2268354445695877,
          "z": -0.7406377196311951
        },
        "matrix": [
          [
            -0.19999700784683228,
            0.49231448769569397,
            -0.8471287488937378,
            0.3307762145996094
          ],
          [
            0.06652413308620453,
            -0.855778694152832,
            -0.5130472779273987,
            -0.10645867884159088
          ],
          [
            -0.9775422215461731,
            -0.1589643359184265,
            0.1384028047323227,
            1.3763401508331299
          ],
          [
            0.0,
            0.0,
            0.0,
            1.0
          ]
        ]
      },
      "bone_length_armature_space": 0.2675245444137979,
      "parent": "upperarm_l",
      "has_children": true,
      "is_end_bone": false
    },
    "metacarpal_thumb_l": {
      "name": "metacarpal_thumb_l",
      "local": {
        "location": {
          "x": 0.0,
          "y": 0.0,
          "z": 0.0
        },
        "rotation_quaternion": {
          "w": 0.9999843835830688,
          "x": 0.004118033219128847,
          "y": 0.002208469668403268,
          "z": -0.0030854169744998217
        },
        "scale": {
          "x": 1.0,
          "y": 1.0,
          "z": 1.0
        },
        "matrix_basis": [
          [
            0.9999712109565735,
            0.006188926752656698,
            0.0043914588168263435,
            0.0
          ],
          [
            -0.006152548361569643,
            0.9999470710754395,
            -0.008249565958976746,
            0.0
          ],
          [
            -0.004442282021045685,
            0.008222309872508049,
            0.9999563097953796,
            0.0
          ],
          [
            0.0,
            0.0,
            0.0,
            1.0
          ]
        ],
        "rotation_mode": "QUATERNION"
      },
      "armature_space": {
        "head": {
          "x": 0.46248239278793335,
          "y": -0.39864444732666016,
          "z": 0.38395926356315613
        },
        "tail": {
          "x": 0.4554142951965332,
          "y": -0.44631004333496094,
          "z": 0.3724866807460785
        }
      },
      "world_space": {
        "head": {
          "x": 0.46248239278793335,
          "y": -0.33540046215057373,
          "z": 1.3338133096694946
        },
        "tail": {
          "x": 0.4554142951965332,
          "y": -0.3830660581588745,
          "z": 1.322340726852417
        },
        "rotation_quaternion": {
          "w": 0.1252909153699875,
          "x": -0.9821054935455322,
          "y": 0.05620366707444191,
          "z": 0.12888814508914948
        },
        "matrix": [
          [
            0.9604578018188477,
            -0.1426929384469986,
            -0.23907966911792755,
            0.46248239278793335
          ],
          [
            -0.07809887826442719,
            -0.9622867107391357,
            0.26058530807495117,
            -0.33540046215057373
          ],
          [
            -0.2672487795352936,
            -0.23161189258098602,
            -0.9353864192962646,
            1.3338133096694946
          ],
          [
            0.0,
            0.0,
            0.0,
            1.0
          ]
        ]
      },
      "bone_length_armature_space": 0.04953369868436761,
      "parent": "lowerarm_l",
      "has_children": true,
      "is_end_bone": false
    },
    "thumb_01_l": {
      "name": "thumb_01_l",
      "local": {
        "location": {
          "x": 0.0,
          "y": 0.0,
          "z": 0.0
        },
        "rotation_quaternion": {
          "w": 0.9745054841041565,
          "x": 0.22354558110237122,
          "y": 0.007437850348651409,
          "z": -0.017640843987464905
        },
        "scale": {
          "x": 1.0,
          "y": 1.0,
          "z": 1.0
        },
        "matrix_basis": [
          [
            0.9992669820785522,
            0.03770759701728821,
            0.006609386298805475,
            0.0
          ],
          [
            -0.031056800857186317,
            0.899432361125946,
            -0.4359551966190338,
            0.0
          ],
          [
            -0.022383516654372215,
            0.4354303777217865,
            0.8999441266059875,
            0.0
          ],
          [
            0.0,
            0.0,
            0.0,
            1.0
          ]
        ],
        "rotation_mode": "QUATERNION"
      },
      "armature_space": {
        "head": {
          "x": 0.4554142951965332,
          "y": -0.44631004333496094,
          "z": 0.3724866807460785
        },
        "tail": {
          "x": 0.45725017786026,
          "y": -0.46270114183425903,
          "z": 0.34271085262298584
        }
      },
      "world_space": {
        "head": {
          "x": 0.4554142951965332,
          "y": -0.3830660581588745,
          "z": 1.322340726852417
        },
        "tail": {
          "x": 0.45725017786026,
          "y": -0.3994571566581726,
          "z": 1.292564868927002
        },
        "rotation_quaternion": {
          "w": 0.38287100195884705,
          "x": -0.6110843420028687,
          "y": 0.3356150686740875,
          "z": -0.606092631816864
        },
        "matrix": [
          [
            0.040027081966400146,
            0.053935080766677856,
            0.9977417588233948,
            0.4554142951965332
          ],
          [
            -0.8742886781692505,
            -0.48154470324516296,
            0.061105504631996155,
            -0.3830660581588745
          ],
          [
            0.48375552892684937,
            -0.8747669458389282,
            0.027880340814590454,
            1.322340726852417
          ],
          [
            0.0,
            0.0,
            0.0,
            1.0
          ]
        ]
      },
      "bone_length_armature_space": 0.03403877960395551,
      "parent": "metacarpal_thumb_l",
      "has_children": true,
      "is_end_bone": false
    },
    "thumb_02_l": {
      "name": "thumb_02_l",
      "local": {
        "location": {
          "x": 0.0,
          "y": 0.0,
          "z": 0.0
        },
        "rotation_quaternion": {
          "w": 0.9223203659057617,
          "x": 0.38636013865470886,
          "y": 0.0062454575672745705,
          "z": 0.003487246809527278
        },
        "scale": {
          "x": 1.0,
          "y": 1.0,
          "z": 1.0
        },
        "matrix_basis": [
          [
            0.9998976588249207,
            -0.0016067258547991514,
            0.014215291477739811,
            0.0
          ],
          [
            0.011258709244430065,
            0.7014273405075073,
            -0.7126520872116089,
            0.0
          ],
          [
            -0.008825958706438541,
            0.7127392292022705,
            0.7013736963272095,
            0.0
          ],
          [
            0.0,
            0.0,
            0.0,
            1.0
          ]
        ],
        "rotation_mode": "QUATERNION"
      },
      "armature_space": {
        "head": {
          "x": 0.45725011825561523,
          "y": -0.46270111203193665,
          "z": 0.34271085262298584
        },
        "tail": {
          "x": 0.4866134226322174,
          "y": -0.4779376983642578,
          "z": 0.3654886484146118
        }
      },
      "world_space": {
        "head": {
          "x": 0.45725011825561523,
          "y": -0.39945709705352783,
          "z": 1.292564868927002
        },
        "tail": {
          "x": 0.4866134226322174,
          "y": -0.4146937131881714,
          "z": 1.315342664718628
        },
        "rotation_quaternion": {
          "w": 0.41351622343063354,
          "x": -0.061832528561353683,
          "y": -0.3732641339302063,
          "z": -0.8281636238098145
        },
        "matrix": [
          [
            -0.6503612399101257,
            0.731078028678894,
            -0.20628845691680908,
            0.45725011825561523
          ],
          [
            -0.638759970664978,
            -0.37935519218444824,
            0.6693844199180603,
            -0.39945709705352783
          ],
          [
            0.4111177325248718,
            0.5671142339706421,
            0.7137069702148438,
            1.292564868927002
          ],
          [
            0.0,
            0.0,
            0.0,
            1.0
          ]
        ]
      },
      "bone_length_armature_space": 0.04016447687430355,
      "parent": "thumb_01_l",
      "has_children": true,
      "is_end_bone": false
    },
    "thumb_03_l": {
      "name": "thumb_03_l",
      "local": {
        "location": {
          "x": 0.0,
          "y": 0.0,
          "z": 0.0
        },
        "rotation_quaternion": {
          "w": 0.9810906648635864,
          "x": 0.19353249669075012,
          "y": -0.0024188756942749023,
          "z": 0.0007392275147140026
        },
        "scale": {
          "x": 1.0,
          "y": 1.0,
          "z": 1.0
        },
        "matrix_basis": [
          [
            0.9999871850013733,
            -0.0023867604322731495,
            -0.004460143856704235,
            0.0
          ],
          [
            0.0005142363370396197,
            0.9250892400741577,
            -0.3797494173049927,
            0.0
          ],
          [
            0.0050324019975960255,
            0.37974226474761963,
            0.9250786304473877,
            0.0
          ],
          [
            0.0,
            0.0,
            0.0,
            1.0
          ]
        ],
        "rotation_mode": "QUATERNION"
      },
      "armature_space": {
        "head": {
          "x": 0.48661336302757263,
          "y": -0.4779377281665802,
          "z": 0.36548858880996704
        },
        "tail": {
          "x": 0.5008832812309265,
          "y": -0.47503653168678284,
          "z": 0.39222532510757446
        }
      },
      "world_space": {
        "head": {
          "x": 0.48661336302757263,
          "y": -0.4146937131881714,
          "z": 1.315342664718628
        },
        "tail": {
          "x": 0.5008832812309265,
          "y": -0.411792516708374,
          "z": 1.3420794010162354
        },
        "rotation_quaternion": {
          "w": 0.5342601537704468,
          "x": 0.20923393964767456,
          "y": -0.5120660662651062,
          "z": -0.6391992568969727
        },
        "matrix": [
          [
            -0.34157130122184753,
            0.46871381998062134,
            -0.814638614654541,
            0.48661336302757263
          ],
          [
            -0.8972817659378052,
            0.0952930822968483,
            0.43105098605155945,
            -0.4146937131881714
          ],
          [
            0.2796698808670044,
            0.8782013058662415,
            0.3880220651626587,
            1.315342664718628
          ],
          [
            0.0,
            0.0,
            0.0,
            1.0
          ]
        ]
      },
      "bone_length_armature_space": 0.030445041714394622,
      "parent": "thumb_02_l",
      "has_children": false,
      "is_end_bone": true
    },
    "metacarpal_index_l": {
      "name": "metacarpal_index_l",
      "local": {
        "location": {
          "x": 0.0,
          "y": 0.0,
          "z": 0.0
        },
        "rotation_quaternion": {
          "w": 0.9998168349266052,
          "x": -0.01769540086388588,
          "y": -0.0030939485877752304,
          "z": 0.006605121307075024
        },
        "scale": {
          "x": 1.0,
          "y": 1.0,
          "z": 1.0
        },
        "matrix_basis": [
          [
            0.9998936057090759,
            -0.013098325580358505,
            -0.006420524325221777,
            0.0
          ],
          [
            0.013317320495843887,
            0.9992864727973938,
            0.03534344583749771,
            0.0
          ],
          [
            0.005953003186732531,
            -0.03542518988251686,
            0.9993546009063721,
            0.0
          ],
          [
            0.0,
            0.0,
            0.0,
            1.0
          ]
        ],
        "rotation_mode": "QUATERNION"
      },
      "armature_space": {
        "head": {
          "x": 0.46248239278793335,
          "y": -0.39864444732666016,
          "z": 0.38395926356315613
        },
        "tail": {
          "x": 0.4878788888454437,
          "y": -0.5120941400527954,
          "z": 0.36935099959373474
        }
      },
      "world_space": {
        "head": {
          "x": 0.46248239278793335,
          "y": -0.33540046215057373,
          "z": 1.3338133096694946
        },
        "tail": {
          "x": 0.4878788888454437,
          "y": -0.448850154876709,
          "z": 1.3192050457000732
        },
        "rotation_quaternion": {
          "w": 0.01371731422841549,
          "x": -0.908646821975708,
          "y": -0.12527796626091003,
          "z": 0.39809322357177734
        },
        "matrix": [
          [
            0.6516541242599487,
            0.2167460024356842,
            -0.7268889546394348,
            0.46248239278793335
          ],
          [
            0.23858855664730072,
            -0.9682344794273376,
            -0.0748174786567688,
            -0.33540046215057373
          ],
          [
            -0.7200202345848083,
            -0.12467405200004578,
            -0.6826720237731934,
            1.3338133096694946
          ],
          [
            0.0,
            0.0,
            0.0,
            1.0
          ]
        ]
      },
      "bone_length_armature_space": 0.1171717361809902,
      "parent": "lowerarm_l",
      "has_children": true,
      "is_end_bone": false
    },
    "index_01_l": {
      "name": "index_01_l",
      "local": {
        "location": {
          "x": 0.0,
          "y": 0.0,
          "z": 0.0
        },
        "rotation_quaternion": {
          "w": 0.9666644930839539,
          "x": 0.25602641701698303,
          "y": 0.0017675148556008935,
          "z": -0.002679008524864912
        },
        "scale": {
          "x": 1.0,
          "y": 1.0,
          "z": 1.0
        },
        "matrix_basis": [
          [
            0.9999793767929077,
            0.006084465887397528,
            0.0020453936886042356,
            0.0
          ],
          [
            -0.0042743440717458725,
            0.8688865900039673,
            -0.49499276280403137,
            0.0
          ],
          [
            -0.0047889817506074905,
            0.4949738085269928,
            0.8688946962356567,
            0.0
          ],
          [
            0.0,
            0.0,
            0.0,
            1.0
          ]
        ],
        "rotation_mode": "QUATERNION"
      },
      "armature_space": {
        "head": {
          "x": 0.4878788888454437,
          "y": -0.5120941400527954,
          "z": 0.36935099959373474
        },
        "tail": {
          "x": 0.49163663387298584,
          "y": -0.5345257520675659,
          "z": 0.35215285420417786
        }
      },
      "world_space": {
        "head": {
          "x": 0.4878788888454437,
          "y": -0.448850154876709,
          "z": 1.3192050457000732
        },
        "tail": {
          "x": 0.49163663387298584,
          "y": -0.4712817668914795,
          "z": 1.3020068407058716
        },
        "rotation_quaternion": {
          "w": 0.25236207246780396,
          "x": -0.8415762782096863,
          "y": -0.20730391144752502,
          "z": 0.43021833896636963
        },
        "matrix": [
          [
            0.5438745617866516,
            0.13178423047065735,
            -0.8287538290023804,
            0.4878788888454437
          ],
          [
            0.5660659074783325,
            -0.786677360534668,
            0.24639037251472473,
            -0.448850154876709
          ],
          [
            -0.6194953918457031,
            -0.6031397581100464,
            -0.5024557113647461,
            1.3192050457000732
          ],
          [
            0.0,
            0.0,
            0.0,
            1.0
          ]
        ]
      },
      "bone_length_armature_space": 0.028514453923293145,
      "parent": "metacarpal_index_l",
      "has_children": true,
      "is_end_bone": false
    },
    "index_02_l": {
      "name": "index_02_l",
      "local": {
        "location": {
          "x": 0.0,
          "y": 0.0,
          "z": 0.0
        },
        "rotation_quaternion": {
          "w": 0.9202179908752441,
          "x": 0.39136093854904175,
          "y": -0.0024972259998321533,
          "z": -0.005413893144577742
        },
        "scale": {
          "x": 1.0,
          "y": 1.0,
          "z": 1.0
        },
        "matrix_basis": [
          [
            0.999928891658783,
            0.0080092903226614,
            -0.008833557367324829,
            0.0
          ],
          [
            -0.01191855687648058,
            0.6936146020889282,
            -0.7202476859092712,
            0.0
          ],
          [
            0.00035841198405250907,
            0.7203018069267273,
            0.6936607360839844,
            0.0
          ],
          [
            0.0,
            0.0,
            0.0,
            1.0
          ]
        ],
        "rotation_mode": "QUATERNION"
      },
      "armature_space": {
        "head": {
          "x": 0.4916362762451172,
          "y": -0.5345261096954346,
          "z": 0.35215261578559875
        },
        "tail": {
          "x": 0.47905445098876953,
          "y": -0.5448921918869019,
          "z": 0.3323450982570648
        }
      },
      "world_space": {
        "head": {
          "x": 0.4916362762451172,
          "y": -0.47128212451934814,
          "z": 1.3020066022872925
        },
        "tail": {
          "x": 0.47905445098876953,
          "y": -0.48164820671081543,
          "z": 1.2821991443634033
        },
        "rotation_quaternion": {
          "w": 0.5439282655715942,
          "x": -0.6670339107513428,
          "y": -0.04583568498492241,
          "z": 0.5070571303367615
        },
        "matrix": [
          [
            0.48158034682273865,
            -0.4904572367668152,
            -0.7263137102127075,
            0.4916362762451172
          ],
          [
            0.612756073474884,
            -0.4040837287902832,
            0.679151177406311,
            -0.47128212451934814
          ],
          [
            -0.6265900731086731,
            -0.7721249461174011,
            0.10593315958976746,
            1.3020066022872925
          ],
          [
            0.0,
            0.0,
            0.0,
            1.0
          ]
        ]
      },
      "bone_length_armature_space": 0.025653376380122238,
      "parent": "index_01_l",
      "has_children": true,
      "is_end_bone": false
    },
    "index_03_l": {
      "name": "index_03_l",
      "local": {
        "location": {
          "x": 0.0,
          "y": 0.0,
          "z": 0.0
        },
        "rotation_quaternion": {
          "w": 0.965983510017395,
          "x": 0.2585134208202362,
          "y": -0.006520249415189028,
          "z": -0.0020633614622056484
        },
        "scale": {
          "x": 1.0,
          "y": 1.0,
          "z": 1.0
        },
        "matrix_basis": [
          [
            0.9999064803123474,
            0.0006152023561298847,
            -0.013663720339536667,
            0.0
          ],
          [
            -0.007357490248978138,
            0.8663331270217896,
            -0.49941250681877136,
            0.0
          ],
          [
            0.011530093848705292,
            0.49946630001068115,
            0.866256594657898,
            0.0
          ],
          [
            0.0,
            0.0,
            0.0,
            1.0
          ]
        ],
        "rotation_mode": "QUATERNION"
      },
      "armature_space": {
        "head": {
          "x": 0.4790545403957367,
          "y": -0.5448923110961914,
          "z": 0.33234506845474243
        },
        "tail": {
          "x": 0.45685476064682007,
          "y": -0.5411062240600586,
          "z": 0.3137286603450775
        }
      },
      "world_space": {
        "head": {
          "x": 0.4790545403957367,
          "y": -0.481648325920105,
          "z": 1.2821991443634033
        },
        "tail": {
          "x": 0.45685476064682007,
          "y": -0.47786223888397217,
          "z": 1.263582706451416
        },
        "rotation_quaternion": {
          "w": 0.7469918727874756,
          "x": -0.47677522897720337,
          "y": 0.08241783827543259,
          "z": 0.45595601201057434
        },
        "matrix": [
          [
            0.570621132850647,
            -0.7597805261611938,
            -0.311648428440094,
            0.4790545403957367
          ],
          [
            0.6026036739349365,
            0.12957733869552612,
            0.7874506711959839,
            -0.481648325920105
          ],
          [
            -0.5579105019569397,
            -0.6371409893035889,
            0.531790554523468,
            1.2821991443634033
          ],
          [
            0.0,
            0.0,
            0.0,
            1.0
          ]
        ]
      },
      "bone_length_armature_space": 0.029218749905274035,
      "parent": "index_02_l",
      "has_children": false,
      "is_end_bone": true
    },
    "metacarpal_pinky_l": {
      "name": "metacarpal_pinky_l",
      "local": {
        "location": {
          "x": 0.0,
          "y": 0.0,
          "z": 0.0
        },
        "rotation_quaternion": {
          "w": 0.9989184141159058,
          "x": -0.04026910290122032,
          "y": 0.019988546147942543,
          "z": 0.01186838187277317
        },
        "scale": {
          "x": 1.0,
          "y": 1.0,
          "z": 1.0
        },
        "matrix_basis": [
          [
            0.9989191889762878,
            -0.025320932269096375,
            0.03897799551486969,
            0.0
          ],
          [
            0.022101249545812607,
            0.996475100517273,
            0.08092556148767471,
            0.0
          ],
          [
            -0.04088971018791199,
            -0.0799766331911087,
            0.9959577322006226,
            0.0
          ],
          [
            0.0,
            0.0,
            0.0,
            1.0
          ]
        ],
        "rotation_mode": "QUATERNION"
      },
      "armature_space": {
        "head": {
          "x": 0.46248239278793335,
          "y": -0.39864444732666016,
          "z": 0.38395926356315613
        },
        "tail": {
          "x": 0.5393862128257751,
          "y": -0.4629567563533783,
          "z": 0.3557997941970825
        }
      },
      "world_space": {
        "head": {
          "x": 0.46248239278793335,
          "y": -0.33540046215057373,
          "z": 1.3338133096694946
        },
        "tail": {
          "x": 0.5393862128257751,
          "y": -0.3997127413749695,
          "z": 1.3056538105010986
        },
        "rotation_quaternion": {
          "w": 0.4019312560558319,
          "x": 0.048298243433237076,
          "y": 0.1721789687871933,
          "z": -0.898038387298584
        },
        "matrix": [
          [
            -0.6722368001937866,
            0.7385311722755432,
            0.051662057638168335,
            0.46248239278793335
          ],
          [
            -0.7052683234214783,
            -0.6176109910011292,
            -0.3480711579322815,
            -0.33540046215057373
          ],
          [
            -0.22515660524368286,
            -0.2704242467880249,
            0.9360496997833252,
            1.3338133096694946
          ],
          [
            0.0,
            0.0,
            0.0,
            1.0
          ]
        ]
      },
      "bone_length_armature_space": 0.10413081385969154,
      "parent": "lowerarm_l",
      "has_children": true,
      "is_end_bone": false
    },
    "pinky_01_l": {
      "name": "pinky_01_l",
      "local": {
        "location": {
          "x": 0.0,
          "y": 0.0,
          "z": 0.0
        },
        "rotation_quaternion": {
          "w": 0.9474203586578369,
          "x": 0.31953123211860657,
          "y": -0.011484646238386631,
          "z": -0.01274811290204525
        },
        "scale": {
          "x": 1.0,
          "y": 1.0,
          "z": 1.0
        },
        "matrix_basis": [
          [
            0.9994111657142639,
            0.016816237941384315,
            -0.02990841493010521,
            0.0
          ],
          [
            -0.031495049595832825,
            0.7954745292663574,
            -0.6051679849624634,
            0.0
          ],
          [
            0.013614734634757042,
            0.6057536005973816,
            0.7955358028411865,
            0.0
          ],
          [
            0.0,
            0.0,
            0.0,
            1.0
          ]
        ],
        "rotation_mode": "QUATERNION"
      },
      "armature_space": {
        "head": {
          "x": 0.5393862128257751,
          "y": -0.4629567563533783,
          "z": 0.3557997941970825
