{
  "metadata": {
    "armature_name": "KIM_caucasian_male",
    "export_time": "2026-01-13T21:04:29.019263",
    "blender_version": "4.4.1",
    "bone_count": 56,
    "end_bone_count": 13,
    "spaces_included": [
      "LOCAL_CHANNELS",
      "ARMATURE_SPACE",
      "WORLD_SPACE"
    ],
    "note": "LOCAL matches Transform panel; replay pose via local.matrix_basis for best fidelity."
  },
  "bones": {
    "Root": {
      "name": "Root",
      "local": {
        "location": {
          "x": 0.0,
          "y": 0.0,
          "z": 0.0
        },
        "rotation_quaternion": {
          "w": 0.9999004006385803,
          "x": -0.009481952525675297,
          "y": 0.002124388702213764,
          "z": 0.0102406470105052
        },
        "scale": {
          "x": 1.0,
          "y": 1.0,
          "z": 1.0
        },
        "matrix_basis": [
          [
            0.9997812509536743,
            -0.020519541576504707,
            0.004054151475429535,
            0.0
          ],
          [
            0.020438967272639275,
            0.999610424041748,
            0.01900552585721016,
            0.0
          ],
          [
            -0.004442556761205196,
            -0.018918506801128387,
            0.9998111724853516,
            0.0
          ],
          [
            0.0,
            0.0,
            0.0,
            1.0
          ]
        ],
        "rotation_mode": "QUATERNION"
      },
      "armature_space": {
        "head": {
          "x": 0.0,
          "y": 0.07072800397872925,
          "z": -0.009595036506652832
        },
        "tail": {
          "x": -0.0014646000927314162,
          "y": 0.00020907819271087646,
          "z": 0.0013343393802642822
        }
      },
      "world_space": {
        "head": {
          "x": 0.0,
          "y": 0.13397200405597687,
          "z": 0.9402589797973633
        },
        "tail": {
          "x": -0.0014646000927314162,
          "y": 0.0634530782699585,
          "z": 0.951188325881958
        },
        "rotation_quaternion": {
          "w": 0.07682135701179504,
          "x": 0.9969900250434875,
          "y": -0.010074267163872719,
          "z": 0.002809454221278429
        },
        "matrix": [
          [
            0.9997812509536743,
            -0.020519541576504707,
            0.004054151475429535,
            0.0
          ],
          [
            -0.019656233489513397,
            -0.9879938960075378,
            -0.15323732793331146,
            0.13397200405597687
          ],
          [
            0.0071498677134513855,
            0.15312424302101135,
            -0.9881882071495056,
            0.9402589797973633
          ],
          [
            0.0,
            0.0,
            0.0,
            1.0
          ]
        ]
      },
      "bone_length_armature_space": 0.07137587269308704,
      "parent": null,
      "has_children": true,
      "is_end_bone": false
    },
    "spine_01": {
      "name": "spine_01",
      "local": {
        "location": {
          "x": 0.0,
          "y": 0.0,
          "z": 0.0
        },
        "rotation_quaternion": {
          "w": 0.9935436248779297,
          "x": 0.10660234838724136,
          "y": -0.02922113612294197,
          "z": -0.025559375062584877
        },
        "scale": {
          "x": 1.0,
          "y": 1.0,
          "z": 1.0
        },
        "matrix_basis": [
          [
            0.996985673904419,
            0.04455862566828728,
            -0.0635143294930458,
            0.0
          ],
          [
            -0.057018790394067764,
            0.9759653210639954,
            -0.2103344202041626,
            0.0
          ],
          [
            0.05261556804180145,
            0.21332190930843353,
            0.9755641222000122,
            0.0
          ],
          [
            0.0,
            0.0,
            0.0,
            1.0
          ]
        ],
        "rotation_mode": "QUATERNION"
      },
      "armature_space": {
        "head": {
          "x": -0.0014646000927314162,
          "y": 0.00020907819271087646,
          "z": 0.0013343393802642822
        },
        "tail": {
          "x": 0.015401499345898628,
          "y": -0.07276879251003265,
          "z": 0.48355647921562195
        }
      },
      "world_space": {
        "head": {
          "x": -0.0014646000927314162,
          "y": 0.0634530782699585,
          "z": 0.951188325881958
        },
        "tail": {
          "x": 0.015401499345898628,
          "y": -0.009524792432785034,
          "z": 1.4334105253219604
        },
        "rotation_quaternion": {
          "w": 0.6519522070884705,
          "x": 0.7569546699523926,
          "y": -0.01363195851445198,
          "z": -0.04233373701572418
        },
        "matrix": [
          [
            0.9960440993309021,
            0.03456159308552742,
            -0.08186393976211548,
            -0.0014646000927314162
          ],
          [
            -0.07583645731210709,
            -0.14954444766044617,
            -0.9858424663543701,
            0.0634530782699585
          ],
          [
            -0.04631497338414192,
            0.9881576299667358,
            -0.1463337540626526,
            0.951188325881958
          ],
          [
            0.0,
            0.0,
            0.0,
            1.0
          ]
        ]
      },
      "bone_length_armature_space": 0.4880045371674036,
      "parent": "Root",
      "has_children": true,
      "is_end_bone": false
    },
    "neck_01": {
      "name": "neck_01",
      "local": {
        "location": {
          "x": 0.0,
          "y": 0.0,
          "z": 0.0
        },
        "rotation_quaternion": {
          "w": 0.9903488159179688,
          "x": 0.024713987484574318,
          "y": 0.03999486193060875,
          "z": 0.1303802877664566
        },
        "scale": {
          "x": 1.0,
          "y": 1.0,
          "z": 1.0
        },
        "matrix_basis": [
          [
            0.9628027677536011,
            -0.25626707077026367,
            0.08566216379404068,
            0.0
          ],
          [
            0.26022079586982727,
            0.9647803902626038,
            -0.03852185234427452,
            0.0
          ],
          [
            -0.0727732926607132,
            0.05938002094626427,
            0.9955792427062988,
            0.0
          ],
          [
            0.0,
            0.0,
            0.0,
            1.0
          ]
        ],
        "rotation_mode": "QUATERNION"
      },
      "armature_space": {
        "head": {
          "x": 0.015092968940734863,
          "y": -0.11790765821933746,
          "z": 0.5508329272270203
        },
        "tail": {
          "x": -0.011537263169884682,
          "y": -0.17180776596069336,
          "z": 0.6338770389556885
        }
      },
      "world_space": {
        "head": {
          "x": 0.015092968940734863,
          "y": -0.054663658142089844,
          "z": 1.5006868839263916
        },
        "tail": {
          "x": -0.011537263169884682,
          "y": -0.10856376588344574,
          "z": 1.5837310552597046
        },
        "rotation_quaternion": {
          "w": 0.4728587865829468,
          "x": 0.8713414669036865,
          "y": -0.11632587760686874,
          "z": 0.06030735746026039
        },
        "matrix": [
          [
            0.9656625986099243,
            -0.2597530782222748,
            -0.004915840923786163,
            0.015092968940734863
          ],
          [
            -0.14568625390529633,
            -0.5257452726364136,
            -0.8380737900733948,
            -0.054663658142089844
          ],
          [
            0.21510908007621765,
            0.8100177049636841,
            -0.5455396175384521,
            1.5006868839263916
          ],
          [
            0.0,
            0.0,
            0.0,
            1.0
          ]
        ]
      },
      "bone_length_armature_space": 0.10252177995403801,
      "parent": "spine_01",
      "has_children": true,
      "is_end_bone": false
    },
    "head": {
      "name": "head",
      "local": {
        "location": {
          "x": 0.0,
          "y": 0.0,
          "z": 0.0
        },
        "rotation_quaternion": {
          "w": 0.9777864217758179,
          "x": -0.0027390054892748594,
          "y": -0.0782105103135109,
          "z": -0.19444622099399567
        },
        "scale": {
          "x": 1.0,
          "y": 1.0,
          "z": 1.0
        },
        "matrix_basis": [
          [
            0.912147581577301,
            0.38068220019340515,
            -0.1518811732530594,
            0.0
          ],
          [
            -0.37982532382011414,
            0.9243663549423218,
            0.03577180206775665,
            0.0
          ],
          [
            0.154011532664299,
            0.025059152394533157,
            0.9877512454986572,
            0.0
          ],
          [
            0.0,
            0.0,
            0.0,
            1.0
          ]
        ],
        "rotation_mode": "QUATERNION"
      },
      "armature_space": {
        "head": {
          "x": -0.011537245474755764,
          "y": -0.17180785536766052,
          "z": 0.6338769197463989
        },
        "tail": {
          "x": 0.010502391494810581,
          "y": -0.21119026839733124,
          "z": 0.7822567224502563
        }
      },
      "world_space": {
        "head": {
          "x": -0.011537245474755764,
          "y": -0.1085638552904129,
          "z": 1.583730936050415
        },
        "tail": {
          "x": 0.010502391494810581,
          "y": -0.14794626832008362,
          "z": 1.7321107387542725
        },
        "rotation_quaternion": {
          "w": 0.6103266477584839,
          "x": 0.7782496809959412,
          "y": -0.023136984556913376,
          "z": -0.1459229737520218
        },
        "matrix": [
          [
            0.9563427567481995,
            0.1421085000038147,
            -0.25537028908729553,
            -0.011537245474755764
          ],
          [
            -0.2141331136226654,
            -0.25393226742744446,
            -0.9432209134101868,
            -0.1085638552904129
          ],
          [
            -0.19888809323310852,
            0.9567321538925171,
            -0.21241848170757294,
            1.583730936050415
          ],
          [
            0.0,
            0.0,
            0.0,
            1.0
          ]
        ]
      },
      "bone_length_armature_space": 0.15509121927235006,
      "parent": "neck_01",
      "has_children": false,
      "is_end_bone": true
    },
    "upperarm_l": {
      "name": "upperarm_l",
      "local": {
        "location": {
          "x": 0.0,
          "y": 0.0,
          "z": 0.0
        },
        "rotation_quaternion": {
          "w": 0.8486496210098267,
          "x": 0.1640680879354477,
          "y": 0.5028669238090515,
          "z": 0.0005611947854049504
        },
        "scale": {
          "x": 1.0,
          "y": 1.0,
          "z": 1.0
        },
        "matrix_basis": [
          [
            0.4942490756511688,
            0.16405631601810455,
            0.853699803352356,
            0.0
          ],
          [
            0.1659613400697708,
            0.9461627006530762,
            -0.27790823578834534,
            0.0
          ],
          [
            -0.8533315062522888,
            0.2790370583534241,
            0.4404130280017853,
            0.0
          ],
          [
            0.0,
            0.0,
            0.0,
            1.0
          ]
        ],
        "rotation_mode": "QUATERNION"
      },
      "armature_space": {
        "head": {
          "x": 0.16191571950912476,
          "y": -0.12237656861543655,
          "z": 0.4770071506500244
        },
        "tail": {
          "x": 0.4090835452079773,
          "y": -0.1968632936477661,
          "z": 0.40512174367904663
        }
      },
      "world_space": {
        "head": {
          "x": 0.16191571950912476,
          "y": -0.059132568538188934,
          "z": 1.4268611669540405
        },
        "tail": {
          "x": 0.4090835452079773,
          "y": -0.1336192935705185,
          "z": 1.354975700378418
        },
        "rotation_quaternion": {
          "w": 0.0021149269305169582,
          "x": 0.7667708992958069,
          "y": 0.600842297077179,
          "z": -0.225934699177742
        },
        "matrix": [
          [
            0.17588302493095398,
            0.9223731756210327,
            -0.34393754601478577,
            0.16191571950912476
          ],
          [
            0.9204607605934143,
            -0.277967244386673,
            -0.2747478485107422,
            -0.059132568538188934
          ],
          [
            -0.34902501106262207,
            -0.2682597041130066,
            -0.8979045152664185,
            1.4268611669540405
          ],
          [
            0.0,
            0.0,
            0.0,
            1.0
          ]
        ]
      },
      "bone_length_armature_space": 0.2679696203654198,
      "parent": "spine_01",
      "has_children": true,
      "is_end_bone": false
    },
    "lowerarm_l": {
      "name": "lowerarm_l",
      "local": {
        "location": {
          "x": 0.0,
          "y": 0.0,
          "z": 0.0
        },
        "rotation_quaternion": {
          "w": 0.940593957901001,
          "x": 0.25426578521728516,
          "y": 0.11090123653411865,
          "z": -0.19578763842582703
        },
        "scale": {
          "x": 1.0,
          "y": 1.0,
          "z": 1.0
        },
        "matrix_basis": [
          [
            0.8987362384796143,
            0.42471012473106384,
            0.10906187444925308,
            0.0
          ],
          [
            -0.3119165599346161,
            0.7940322160720825,
            -0.521747887134552,
            0.0
          ],
          [
            -0.308190256357193,
            0.4348955452442169,
            0.8460996747016907,
            0.0
          ],
          [
            0.0,
            0.0,
            0.0,
            1.0
          ]
        ],
        "rotation_mode": "QUATERNION"
      },
      "armature_space": {
        "head": {
          "x": 0.40908360481262207,
          "y": -0.19686344265937805,
          "z": 0.40512171387672424
        },
        "tail": {
          "x": 0.5564367175102234,
          "y": -0.22085219621658325,
          "z": 0.1831270009279251
        }
      },
      "world_space": {
        "head": {
          "x": 0.40908360481262207,
          "y": -0.13361944258213043,
          "z": 1.354975700378418
        },
        "tail": {
          "x": 0.5564367175102234,
          "y": -0.15760819613933563,
          "z": 1.1329810619354248
        },
        "rotation_quaternion": {
          "w": 0.31361258029937744,
          "x": -0.647295355796814,
          "y": -0.5973371863365173,
          "z": 0.35474511981010437
        },
        "matrix": [
          [
            0.034684911370277405,
            0.5508023500442505,
            -0.8339146971702576,
            0.40908360481262207
          ],
          [
            0.9958123564720154,
            -0.0896693766117096,
            -0.017808228731155396,
            -0.13361944258213043
          ],
          [
            -0.08458516001701355,
            -0.8298108577728271,
            -0.5516099333763123,
            1.354975700378418
          ],
          [
            0.0,
            0.0,
            0.0,
            1.0
          ]
        ]
      },
      "bone_length_armature_space": 0.2675257997315575,
      "parent": "upperarm_l",
      "has_children": true,
      "is_end_bone": false
    },
    "metacarpal_thumb_l": {
      "name": "metacarpal_thumb_l",
      "local": {
        "location": {
          "x": 0.0,
          "y": 0.0,
          "z": 0.0
        },
        "rotation_quaternion": {
          "w": 0.9998265504837036,
          "x": -0.009879734367132187,
          "y": 0.013109490275382996,
          "z": -0.00879789050668478
        },
        "scale": {
          "x": 1.0,
          "y": 1.0,
          "z": 1.0
        },
        "matrix_basis": [
          [
            0.9995014667510986,
            0.01733369193971157,
            0.026388274505734444,
            0.0
          ],
          [
            -0.01785176619887352,
            0.9996500015258789,
            0.019525369629263878,
            0.0
          ],
          [
            -0.026040591299533844,
            -0.0199867133051157,
            0.9994610548019409,
            0.0
          ],
          [
            0.0,
            0.0,
            0.0,
            1.0
          ]
        ],
        "rotation_mode": "QUATERNION"
      },
      "armature_space": {
        "head": {
          "x": 0.5564367175102234,
          "y": -0.22085219621658325,
          "z": 0.1831270009279251
        },
        "tail": {
          "x": 0.5548465847969055,
          "y": -0.21683137118816376,
          "z": 0.13378207385540009
        }
      },
      "world_space": {
        "head": {
          "x": 0.5564367175102234,
          "y": -0.15760819613933563,
          "z": 1.1329810619354248
        },
        "tail": {
          "x": 0.5548465847969055,
          "y": -0.15358737111091614,
          "z": 1.0836360454559326
        },
        "rotation_quaternion": {
          "w": 0.7351692318916321,
          "x": -0.6776935458183289,
          "y": 0.010642009787261486,
          "z": 0.012023010291159153
        },
        "matrix": [
          [
            0.9994844198226929,
            -0.03210193291306496,
            -0.0006486251950263977,
            0.5564367175102234
          ],
          [
            0.003254067152738571,
            0.08117346465587616,
            0.9966946244239807,
            -0.15760819613933563
          ],
          [
            -0.03194333240389824,
            -0.9961897134780884,
            0.08123752474784851,
            1.1329810619354248
          ],
          [
            0.0,
            0.0,
            0.0,
            1.0
          ]
        ]
      },
      "bone_length_armature_space": 0.04953400319818934,
      "parent": "lowerarm_l",
      "has_children": true,
      "is_end_bone": false
    },
    "thumb_01_l": {
      "name": "thumb_01_l",
      "local": {
        "location": {
          "x": 0.0,
          "y": 0.0,
          "z": 0.0
        },
        "rotation_quaternion": {
          "w": 0.9992838501930237,
          "x": -0.037465598434209824,
          "y": -0.004708811640739441,
          "z": -0.0024664581287652254
        },
        "scale": {
          "x": 1.0,
          "y": 1.0,
          "z": 1.0
        },
        "matrix_basis": [
          [
            0.9999434947967529,
            0.005282220430672169,
            -0.009226064197719097,
            0.0
          ],
          [
            -0.004576546605676413,
            0.9971804618835449,
            0.07490076124668121,
            0.0
          ],
          [
            0.009595693089067936,
            -0.0748543068766594,
            0.997148334980011,
            0.0
          ],
          [
            0.0,
            0.0,
            0.0,
            1.0
          ]
        ],
        "rotation_mode": "QUATERNION"
      },
      "armature_space": {
        "head": {
          "x": 0.5548465847969055,
          "y": -0.21683137118816376,
          "z": 0.13378207385540009
        },
        "tail": {
          "x": 0.5474782586097717,
          "y": -0.19030290842056274,
          "z": 0.11376762390136719
        }
      },
      "world_space": {
        "head": {
          "x": 0.5548465847969055,
          "y": -0.15358737111091614,
          "z": 1.0836360454559326
        },
        "tail": {
          "x": 0.5474782586097717,
          "y": -0.12705890834331512,
          "z": 1.0636216402053833
        },
        "rotation_quaternion": {
          "w": 0.6358537077903748,
          "x": -0.2948720157146454,
          "y": 0.6966869831085205,
          "z": -0.1528654247522354
        },
        "matrix": [
          [
            -0.0174814872443676,
            -0.2164699137210846,
            0.976132869720459,
            0.5548465847969055
          ],
          [
            -0.6052676439285278,
            0.7793644070625305,
            0.16199441254138947,
            -0.15358737111091614
          ],
          [
            -0.7958360910415649,
            -0.5879930853843689,
            -0.14464755356311798,
            1.0836360454559326
          ],
          [
            0.0,
            0.0,
            0.0,
            1.0
          ]
        ]
      },
      "bone_length_armature_space": 0.034038650739536346,
      "parent": "metacarpal_thumb_l",
      "has_children": true,
      "is_end_bone": false
    },
    "thumb_02_l": {
      "name": "thumb_02_l",
      "local": {
        "location": {
          "x": 0.0,
          "y": 0.0,
          "z": 0.0
        },
        "rotation_quaternion": {
          "w": 0.9969800710678101,
          "x": 0.07657444477081299,
          "y": 0.012926546856760979,
          "z": 0.0001734204706735909
        },
        "scale": {
          "x": 1.0,
          "y": 1.0,
          "z": 1.0
        },
        "matrix_basis": [
          [
            0.9996657371520996,
            0.0016338927671313286,
            0.025801578536629677,
            0.0
          ],
          [
            0.0023254798725247383,
            0.9882726669311523,
            -0.15268190205097198,
            0.0
          ],
          [
            -0.02574845962226391,
            0.15269087255001068,
            0.9879385232925415,
            0.0
          ],
          [
            0.0,
            0.0,
            0.0,
            1.0
          ]
        ],
        "rotation_mode": "QUATERNION"
      },
      "armature_space": {
        "head": {
          "x": 0.547478199005127,
          "y": -0.19030292332172394,
          "z": 0.11376766115427017
        },
        "tail": {
          "x": 0.569753885269165,
          "y": -0.19122003018856049,
          "z": 0.08035887777805328
        }
      },
      "world_space": {
        "head": {
          "x": 0.547478199005127,
          "y": -0.12705892324447632,
          "z": 1.0636216402053833
        },
        "tail": {
          "x": 0.569753885269165,
          "y": -0.12797603011131287,
          "z": 1.0302128791809082
        },
        "rotation_quaternion": {
          "w": 0.40656769275665283,
          "x": -0.02337164804339409,
          "y": 0.5685819983482361,
          "z": -0.7147524356842041
        },
        "matrix": [
          [
            -0.6683110594749451,
            0.5546132922172546,
            0.4957464933395386,
            0.547478199005127
          ],
          [
            -0.6077705025672913,
            -0.02283366024494171,
            -0.7937842607498169,
            -0.12705892324447632
          ],
          [
            -0.4289271831512451,
            -0.8318007588386536,
            0.35233932733535767,
            1.0636216402053833
          ],
          [
            0.0,
            0.0,
            0.0,
            1.0
          ]
        ]
      },
      "bone_length_armature_space": 0.040164587726275944,
      "parent": "thumb_01_l",
      "has_children": true,
      "is_end_bone": false
    },
    "thumb_03_l": {
      "name": "thumb_03_l",
      "local": {
        "location": {
          "x": 0.0,
          "y": 0.0,
          "z": 0.0
        },
        "rotation_quaternion": {
          "w": 0.9983093738555908,
          "x": 0.05767815560102463,
          "y": 0.007071124389767647,
          "z": 0.001280725235119462
        },
        "scale": {
          "x": 1.0,
          "y": 1.0,
          "z": 1.0
        },
        "matrix_basis": [
          [
            0.9998967051506042,
            -0.0017414211761206388,
            0.014266079291701317,
            0.0
          ],
          [
            0.0033728189300745726,
            0.99334317445755,
            -0.11514317244291306,
            0.0
          ],
          [
            -0.013970599509775639,
            0.1151793971657753,
            0.9932464361190796,
            0.0
          ],
          [
            0.0,
            0.0,
            0.0,
            1.0
          ]
        ],
        "rotation_mode": "QUATERNION"
      },
      "armature_space": {
        "head": {
          "x": 0.5697537660598755,
          "y": -0.1912200152873993,
          "z": 0.08035887777805328
        },
        "tail": {
          "x": 0.593311071395874,
          "y": -0.19871565699577332,
          "z": 0.06258907914161682
        }
      },
      "world_space": {
        "head": {
          "x": 0.5697537660598755,
          "y": -0.12797601521015167,
          "z": 1.0302128791809082
        },
        "tail": {
          "x": 0.593311071395874,
          "y": -0.1354716569185257,
          "z": 1.0124430656433105
        },
        "rotation_quaternion": {
          "w": 0.35079753398895264,
          "x": 0.2455494999885559,
          "y": 0.5038248896598816,
          "z": -0.7502046227455139
        },
        "matrix": [
          [
            -0.6332926750183105,
            0.7737681865692139,
            -0.014942221343517303,
            0.5697537660598755
          ],
          [
            -0.2789149880409241,
            -0.2462034523487091,
            -0.9282188415527344,
            -0.12797601521015167
          ],
          [
            -0.7219103574752808,
            -0.583670973777771,
            0.37173616886138916,
            1.0302128791809082
          ],
          [
            0.0,
            0.0,
            0.0,
            1.0
          ]
        ]
      },
      "bone_length_armature_space": 0.0304449838048942,
      "parent": "thumb_02_l",
      "has_children": false,
      "is_end_bone": true
    },
    "metacarpal_index_l": {
      "name": "metacarpal_index_l",
      "local": {
        "location": {
          "x": 0.0,
          "y": 0.0,
          "z": 0.0
        },
        "rotation_quaternion": {
          "w": 0.9990174174308777,
          "x": -0.0427444651722908,
          "y": 0.008121362887322903,
          "z": 0.00844330620020628
        },
        "scale": {
          "x": 1.0,
          "y": 1.0,
          "z": 1.0
        },
        "matrix_basis": [
          [
            0.9997255206108093,
            -0.017564306035637856,
            0.015504957176744938,
            0.0
          ],
          [
            0.016175733879208565,
            0.9962032437324524,
            0.08554207533597946,
            0.0
          ],
          [
            -0.016948575153946877,
            -0.08526778966188431,
            0.9962139129638672,
            0.0
          ],
          [
            0.0,
            0.0,
            0.0,
            1.0
          ]
        ],
        "rotation_mode": "QUATERNION"
      },
      "armature_space": {
        "head": {
          "x": 0.5564367175102234,
          "y": -0.22085219621658325,
          "z": 0.1831270009279251
        },
        "tail": {
          "x": 0.591898500919342,
          "y": -0.234914168715477,
          "z": 0.07233840972185135
        }
      },
      "world_space": {
        "head": {
          "x": 0.5564367175102234,
          "y": -0.15760819613933563,
          "z": 1.1329810619354248
        },
        "tail": {
          "x": 0.591898500919342,
          "y": -0.17167016863822937,
          "z": 1.0221924781799316
        },
        "rotation_quaternion": {
          "w": 0.5957775712013245,
          "x": -0.7404375076293945,
          "y": -0.2916215658187866,
          "z": 0.10843568295240402
        },
        "matrix": [
          [
            0.8063961267471313,
            0.30264812707901,
            -0.5080643892288208,
            0.5564367175102234
          ],
          [
            0.5610637664794922,
            -0.12001170217990875,
            0.8190266489982605,
            -0.15760819613933563
          ],
          [
            0.18690508604049683,
            -0.945523202419281,
            -0.26658308506011963,
            1.1329810619354248
          ],
          [
            0.0,
            0.0,
            0.0,
            1.0
          ]
        ]
      },
      "bone_length_armature_space": 0.11717247450634315,
      "parent": "lowerarm_l",
      "has_children": true,
      "is_end_bone": false
    },
    "index_01_l": {
      "name": "index_01_l",
      "local": {
        "location": {
          "x": 0.0,
          "y": 0.0,
          "z": 0.0
        },
        "rotation_quaternion": {
          "w": 0.9933419227600098,
          "x": -0.11462128162384033,
          "y": 0.0009336941875517368,
          "z": -0.011526349931955338
        },
        "scale": {
          "x": 1.0,
          "y": 1.0,
          "z": 1.0
        },
        "matrix_basis": [
          [
            0.9997325539588928,
            0.02268517017364502,
            0.0044972850009799,
            0.0
          ],
          [
            -0.023113256320357323,
            0.9734582304954529,
            0.22769472002983093,
            0.0
          ],
          [
            0.0007873748545534909,
            -0.22773776948451996,
            0.9737221598625183,
            0.0
          ],
          [
            0.0,
            0.0,
            0.0,
            1.0
          ]
        ],
        "rotation_mode": "QUATERNION"
      },
      "armature_space": {
        "head": {
          "x": 0.591898500919342,
          "y": -0.234914168715477,
          "z": 0.07233840972185135
        },
        "tail": {
          "x": 0.6124458909034729,
          "y": -0.24069920182228088,
          "z": 0.053433068096637726
        }
      },
      "world_space": {
        "head": {
          "x": 0.591898500919342,
          "y": -0.17167016863822937,
          "z": 1.0221924781799316
        },
        "tail": {
          "x": 0.6124458909034729,
          "y": -0.17745520174503326,
          "z": 1.0032870769500732
        },
        "rotation_quaternion": {
          "w": 0.47546136379241943,
          "x": -0.7709234356880188,
          "y": -0.41532570123672485,
          "z": -0.08437004685401917
        },
        "matrix": [
          [
            0.6407712697982788,
            0.7205983400344849,
            -0.26485931873321533,
            0.591898500919342
          ],
          [
            0.5601418614387512,
            -0.2028813660144806,
            0.8031688332557678,
            -0.17167016863822937
          ],
          [
            0.525031328201294,
            -0.6630111336708069,
            -0.53364098072052,
            1.0221924781799316
          ],
          [
            0.0,
            0.0,
            0.0,
            1.0
          ]
        ]
      },
      "bone_length_armature_space": 0.028514448883737557,
      "parent": "metacarpal_index_l",
      "has_children": true,
      "is_end_bone": false
    },
    "index_02_l": {
      "name": "index_02_l",
      "local": {
        "location": {
          "x": 0.0,
          "y": 0.0,
          "z": 0.0
        },
        "rotation_quaternion": {
          "w": 0.9996814727783203,
          "x": 0.023823337629437447,
          "y": -0.005795920733362436,
          "z": -0.005993219558149576
        },
        "scale": {
          "x": 1.0,
          "y": 1.0,
          "z": 1.0
        },
        "matrix_basis": [
          [
            0.9998610019683838,
            0.011706464923918247,
            -0.011873706243932247,
            0.0
          ],
          [
            -0.012258777394890785,
            0.9987930655479431,
            -0.04756202548742294,
            0.0
          ],
          [
            0.011302592232823372,
            0.047700971364974976,
            0.9987977147102356,
            0.0
          ],
          [
            0.0,
            0.0,
            0.0,
            1.0
          ]
        ],
        "rotation_mode": "QUATERNION"
      },
      "armature_space": {
        "head": {
          "x": 0.6124459505081177,
          "y": -0.2406991571187973,
          "z": 0.05343251675367355
        },
        "tail": {
          "x": 0.6314730644226074,
          "y": -0.24504472315311432,
          "z": 0.036783844232559204
        }
      },
      "world_space": {
        "head": {
          "x": 0.6124459505081177,
          "y": -0.17745515704154968,
          "z": 1.0032864809036255
        },
        "tail": {
          "x": 0.6314730644226074,
          "y": -0.1818007230758667,
          "z": 0.9866378307342529
        },
        "rotation_quaternion": {
          "w": 0.46184495091438293,
          "x": -0.7621995210647583,
          "y": -0.4494446814060211,
          "z": -0.06124449148774147
        },
        "matrix": [
          [
            0.5884956121444702,
            0.7417041659355164,
            -0.3217889666557312,
            0.6124459505081177
          ],
          [
            0.6285646557807922,
            -0.16939638555049896,
            0.7590858936309814,
            -0.17745515704154968
          ],
          [
            0.5085113644599915,
            -0.6489884853363037,
            -0.5659014582633972,
            1.0032864809036255
          ],
          [
            0.0,
            0.0,
            0.0,
            1.0
          ]
        ]
      },
      "bone_length_armature_space": 0.02565332965274059,
      "parent": "index_01_l",
      "has_children": true,
      "is_end_bone": false
    },
    "index_03_l": {
      "name": "index_03_l",
      "local": {
        "location": {
          "x": 0.0,
          "y": 0.0,
          "z": 0.0
        },
        "rotation_quaternion": {
          "w": 0.9979902505874634,
          "x": 0.06290807574987411,
          "y": -0.0063747381791472435,
          "z": 0.004186097998172045
        },
        "scale": {
          "x": 1.0,
          "y": 1.0,
          "z": 1.0
        },
        "matrix_basis": [
          [
            0.9998836517333984,
            -0.009157414548099041,
            -0.01219717413187027,
            0.0
          ],
          [
            0.007553325034677982,
            0.9920501112937927,
            -0.1256166696548462,
            0.0
          ],
          [
            0.013250531628727913,
            0.12550991773605347,
            0.992003858089447,
            0.0
          ],
          [
            0.0,
            0.0,
            0.0,
            1.0
          ]
        ],
        "rotation_mode": "QUATERNION"
      },
      "armature_space": {
        "head": {
          "x": 0.6314731240272522,
          "y": -0.24504484236240387,
          "z": 0.03678391873836517
        },
        "tail": {
          "x": 0.6520962715148926,
          "y": -0.24350236356258392,
          "z": 0.01614309847354889
        }
      },
      "world_space": {
        "head": {
          "x": 0.6314731240272522,
          "y": -0.18180084228515625,
          "z": 0.9866379499435425
        },
        "tail": {
          "x": 0.6520962715148926,
          "y": -0.1802583634853363,
          "z": 0.9659970998764038
        },
        "rotation_quaternion": {
          "w": 0.5502761602401733,
          "x": -0.6862497329711914,
          "y": -0.47285422682762146,
          "z": -0.051636483520269394
        },
        "matrix": [
          [
            0.5474829077720642,
            0.70582115650177,
            -0.44953233003616333,
            0.6314731240272522
          ],
          [
            0.5921666026115417,
            0.05279097333550453,
            0.8040844798088074,
            -0.18180084228515625
          ],
          [
            0.5912756323814392,
            -0.7064254283905029,
            -0.3890635669231415,
            0.9866379499435425
          ],
          [
            0.0,
            0.0,
            0.0,
            1.0
          ]
        ]
      },
      "bone_length_armature_space": 0.029218776783505183,
      "parent": "index_02_l",
      "has_children": false,
      "is_end_bone": true
    },
    "metacarpal_pinky_l": {
      "name": "metacarpal_pinky_l",
      "local": {
        "location": {
          "x": 0.0,
          "y": 0.0,
          "z": 0.0
        },
        "rotation_quaternion": {
          "w": 0.9998785853385925,
          "x": -0.015231624245643616,
          "y": -0.0020073517225682735,
          "z": 0.0026205647736787796
        },
        "scale": {
          "x": 1.0,
          "y": 1.0,
          "z": 1.0
        },
        "matrix_basis": [
          [
            0.9999781847000122,
            -0.0051793428137898445,
            -0.0040940470062196255,
            0.0
          ],
          [
            0.005301643628627062,
            0.9995222687721252,
            0.030449029058218002,
            0.0
          ],
          [
            0.003934385254979134,
            -0.030470071360468864,
            0.9995279312133789,
            0.0
          ],
          [
            0.0,
            0.0,
            0.0,
            1.0
          ]
        ],
        "rotation_mode": "QUATERNION"
      },
      "armature_space": {
        "head": {
          "x": 0.5564367175102234,
          "y": -0.22085219621658325,
          "z": 0.1831270009279251
        },
        "tail": {
          "x": 0.6383830308914185,
          "y": -0.22566743195056915,
          "z": 0.11905761063098907
        }
      },
      "world_space": {
        "head": {
          "x": 0.5564367175102234,
          "y": -0.15760819613933563,
          "z": 1.1329810619354248
        },
        "tail": {
          "x": 0.6383830308914185,
          "y": -0.16242343187332153,
          "z": 1.0689116716384888
        },
        "rotation_quaternion": {
          "w": 0.23177778720855713,
          "x": 0.38721802830696106,
          "y": 0.6505058407783508,
          "z": -0.610887348651886
        },
        "matrix": [
          [
            -0.5926812291145325,
            0.7869560122489929,
            -0.17154940962791443,
            0.5564367175102234
          ],
          [
            0.22059808671474457,
            -0.04624226689338684,
            -0.9742679595947266,
            -0.15760819613933563
          ],
          [
            -0.7746441960334778,
            -0.6152782440185547,
            -0.14619602262973785,
            1.1329810619354248
          ],
          [
            0.0,
            0.0,
            0.0,
            1.0
          ]
        ]
      },
      "bone_length_armature_space": 0.10413102906032208,
      "parent": "lowerarm_l",
      "has_children": true,
      "is_end_bone": false
    },
    "pinky_01_l": {
      "name": "pinky_01_l",
      "local": {
        "location": {
          "x": 0.0,
          "y": 0.0,
          "z": 0.0
        },
        "rotation_quaternion": {
          "w": 0.9621331691741943,
          "x": 0.27223867177963257,
          "y": -0.012576051987707615,
          "z": -0.005261946935206652
        },
        "scale": {
          "x": 1.0,
          "y": 1.0,
          "z": 1.0
        },
        "matrix_basis": [
          [
            0.9996283054351807,
            0.0032780119217932224,
            -0.02706468477845192,
            0.0
          ],
          [
            -0.01697276346385479,
            0.8517168164253235,
            -0.5237273573875427,
            0.0
          ],
          [
            0.021334663033485413,
            0.5239920616149902,
            0.8514558672904968,
            0.0
          ],
          [
            0.0,
            0.0,
            0.0,
            1.0
          ]
        ],
        "rotation_mode": "QUATERNION"
      },
      "armature_space": {
        "head": {
          "x": 0.6383830308914185,
          "y": -0.22566743195056915,
