{
  "metadata": {
    "armature_name": "KIM_caucasian_male",
    "export_time": "2026-01-13T21:12:43.843773",
    "blender_version": "4.4.1",
    "bone_count": 56,
    "end_bone_count": 13,
    "spaces_included": [
      "LOCAL_CHANNELS",
      "ARMATURE_SPACE",
      "WORLD_SPACE"
    ],
    "note": "LOCAL matches Transform panel; replay pose via local.matrix_basis for best fidelity."
  },
  "bones": {
    "Root": {
      "name": "Root",
      "local": {
        "location": {
          "x": 0.0,
          "y": 0.0,
          "z": 0.0
        },
        "rotation_quaternion": {
          "w": 0.9994271993637085,
          "x": 0.018609710037708282,
          "y": 0.0038800521288067102,
          "z": 0.028001196682453156
        },
        "scale": {
          "x": 1.0,
          "y": 1.0,
          "z": 1.0
        },
        "matrix_basis": [
          [
            0.9984017610549927,
            -0.05582590028643608,
            0.008797847665846348,
            0.0
          ],
          [
            0.05611472949385643,
            0.9977391958236694,
            -0.03698080778121948,
            0.0
          ],
          [
            -0.006713470909744501,
            0.03741539269685745,
            0.9992772340774536,
            0.0
          ],
          [
            0.0,
            0.0,
            0.0,
            1.0
          ]
        ],
        "rotation_mode": "QUATERNION"
      },
      "armature_space": {
        "head": {
          "x": 0.0,
          "y": 0.07072800397872925,
          "z": -0.009595036506652832
        },
        "tail": {
          "x": -0.0039846221916377544,
          "y": -0.00019909441471099854,
          "z": -0.0026680277660489082
        }
      },
      "world_space": {
        "head": {
          "x": 0.0,
          "y": 0.13397200405597687,
          "z": 0.9402589797973633
        },
        "tail": {
          "x": -0.0039846221916377544,
          "y": 0.06304490566253662,
          "z": 0.9471859931945801
        },
        "rotation_quaternion": {
          "w": 0.048761624842882156,
          "x": 0.9984103441238403,
          "y": -0.02767619676887989,
          "z": 0.005757615901529789
        },
        "matrix": [
          [
            0.9984017610549927,
            -0.05582590028643608,
            0.008797847665846348,
            0.0
          ],
          [
            -0.05470289662480354,
            -0.9937126040458679,
            -0.09768739342689514,
            0.13397200405597687
          ],
          [
            0.014196067117154598,
            0.09704972803592682,
            -0.9951853156089783,
            0.9402589797973633
          ],
          [
            0.0,
            0.0,
            0.0,
            1.0
          ]
        ]
      },
      "bone_length_armature_space": 0.07137586498875723,
      "parent": null,
      "has_children": true,
      "is_end_bone": false
    },
    "spine_01": {
      "name": "spine_01",
      "local": {
        "location": {
          "x": 0.0,
          "y": 0.0,
          "z": 0.0
        },
        "rotation_quaternion": {
          "w": 0.9986371994018555,
          "x": -0.040395528078079224,
          "y": 0.03277982398867607,
          "z": 0.004195797257125378
        },
        "scale": {
          "x": 1.0,
          "y": 1.0,
          "z": 1.0
        },
        "matrix_basis": [
          [
            0.997815728187561,
            -0.011028475128114223,
            0.06513132154941559,
            0.0
          ],
          [
            0.005731842014938593,
            0.996701180934906,
            0.08095602691173553,
            0.0
          ],
          [
            -0.06580928713083267,
            -0.08040587604045868,
            0.9945873618125916,
            0.0
          ],
          [
            0.0,
            0.0,
            0.0,
            1.0
          ]
        ],
        "rotation_mode": "QUATERNION"
      },
      "armature_space": {
        "head": {
          "x": -0.0039846221916377544,
          "y": -0.00019909441471099854,
          "z": -0.0026680277660489082
        },
        "tail": {
          "x": -0.013857532292604446,
          "y": 0.04408460855484009,
          "z": 0.4832229018211365
        }
      },
      "world_space": {
        "head": {
          "x": -0.0039846221916377544,
          "y": 0.06304490566253662,
          "z": 0.9471859931945801
        },
        "tail": {
          "x": -0.013857532292604446,
          "y": 0.10732860863208771,
          "z": 1.4330768585205078
        },
        "rotation_quaternion": {
          "w": 0.7384856343269348,
          "x": 0.6741770505905151,
          "y": -0.003356177592650056,
          "z": 0.010633924975991249
        },
        "matrix": [
          [
            0.9997513294219971,
            -0.020231323316693306,
            0.009381450712680817,
            -0.0039846221916377544
          ],
          [
            0.0111808180809021,
            0.09074506163597107,
            -0.9958113431930542,
            0.06304490566253662
          ],
          [
            0.019295407459139824,
            0.9956756234169006,
            0.09094841778278351,
            0.9471859931945801
          ],
          [
            0.0,
            0.0,
            0.0,
            1.0
          ]
        ]
      },
      "bone_length_armature_space": 0.4880046211383232,
      "parent": "Root",
      "has_children": true,
      "is_end_bone": false
    },
    "neck_01": {
      "name": "neck_01",
      "local": {
        "location": {
          "x": 0.0,
          "y": 0.0,
          "z": 0.0
        },
        "rotation_quaternion": {
          "w": 0.9921016097068787,
          "x": -0.10449305921792984,
          "y": -0.041677359491586685,
          "z": 0.05548527464270592
        },
        "scale": {
          "x": 1.0,
          "y": 1.0,
          "z": 1.0
        },
        "matrix_basis": [
          [
            0.9903687834739685,
            -0.10138407349586487,
            -0.09429199993610382,
            0.0
          ],
          [
            0.11880405247211456,
            0.9720051884651184,
            0.20271050930023193,
            0.0
          ],
          [
            0.07110069692134857,
            -0.21196042001247406,
            0.9746884107589722,
            0.0
          ],
          [
            0.0,
            0.0,
            0.0,
            1.0
          ]
        ],
        "rotation_mode": "QUATERNION"
      },
      "armature_space": {
        "head": {
          "x": -0.01501348614692688,
          "y": 0.01619364321231842,
          "z": 0.5592788457870483
        },
        "tail": {
          "x": -0.027232700958848,
          "y": 0.007527205161750317,
          "z": 0.6607005000114441
        }
      },
      "world_space": {
        "head": {
          "x": -0.01501348614692688,
          "y": 0.07943764328956604,
          "z": 1.5091328620910645
        },
        "tail": {
          "x": -0.027232700958848,
          "y": 0.07077120244503021,
          "z": 1.6105544567108154
        },
        "rotation_quaternion": {
          "w": 0.6726952195167542,
          "x": 0.736325740814209,
          "y": -0.0722106471657753,
          "z": 0.009548043832182884
        },
        "matrix": [
          [
            0.9893889427185059,
            -0.11918704211711884,
            -0.08309131860733032,
            -0.01501348614692688
          ],
          [
            -0.09349599480628967,
            -0.08453302085399628,
            -0.9920246601104736,
            0.07943764328956604
          ],
          [
            0.11121319234371185,
            0.9892734885215759,
            -0.09478117525577545,
            1.5091328620910645
          ],
          [
            0.0,
            0.0,
            0.0,
            1.0
          ]
        ]
      },
      "bone_length_armature_space": 0.10252203679368353,
      "parent": "spine_01",
      "has_children": true,
      "is_end_bone": false
    },
    "head": {
      "name": "head",
      "local": {
        "location": {
          "x": 0.0,
          "y": 0.0,
          "z": 0.0
        },
        "rotation_quaternion": {
          "w": 0.9780498147010803,
          "x": -0.04692710563540459,
          "y": 0.08602786809206009,
          "z": -0.1838902235031128
        },
        "scale": {
          "x": 1.0,
          "y": 1.0,
          "z": 1.0
        },
        "matrix_basis": [
          [
            0.9175671935081482,
            0.3516335189342499,
            0.18553794920444489,
            0.0
          ],
          [
            -0.3677816689014435,
            0.927964448928833,
            0.06015472486615181,
            0.0
          ],
          [
            -0.15102021396160126,
            -0.12343346327543259,
            0.9807941317558289,
            0.0
          ],
          [
            0.0,
            0.0,
            0.0,
            1.0
          ]
        ],
        "rotation_mode": "QUATERNION"
      },
      "armature_space": {
        "head": {
          "x": -0.027232706546783447,
          "y": 0.007527056150138378,
          "z": 0.6607004404067993
        },
        "tail": {
          "x": 0.01730569824576378,
          "y": 0.06084374710917473,
          "z": 0.7993615865707397
        }
      },
      "world_space": {
        "head": {
          "x": -0.027232706546783447,
          "y": 0.07077105343341827,
          "z": 1.6105544567108154
        },
        "tail": {
          "x": 0.01730569824576378,
          "y": 0.12408775091171265,
          "z": 1.7492156028747559
        },
        "rotation_quaternion": {
          "w": 0.8127297759056091,
          "x": 0.5635141730308533,
          "y": 0.10658055543899536,
          "z": -0.10277583450078964
        },
        "matrix": [
          [
            0.9561557173728943,
            0.2871774137020111,
            0.05740974098443985,
            -0.027232706546783447
          ],
          [
            -0.04694025218486786,
            0.3437785506248474,
            -0.9378769993782043,
            0.07077105343341827
          ],
          [
            -0.2890752851963043,
            0.8940678238868713,
            0.3421873450279236,
            1.6105544567108154
          ],
          [
            0.0,
            0.0,
            0.0,
            1.0
          ]
        ]
      },
      "bone_length_armature_space": 0.155091112683586,
      "parent": "neck_01",
      "has_children": false,
      "is_end_bone": true
    },
    "upperarm_l": {
      "name": "upperarm_l",
      "local": {
        "location": {
          "x": 0.0,
          "y": 0.0,
          "z": 0.0
        },
        "rotation_quaternion": {
          "w": 0.9995099306106567,
          "x": 0.022406551986932755,
          "y": 0.007004995830357075,
          "z": -0.020710447803139687
        },
        "scale": {
          "x": 1.0,
          "y": 1.0,
          "z": 1.0
        },
        "matrix_basis": [
          [
            0.9990440011024475,
            0.041714511811733246,
            0.01307502668350935,
            0.0
          ],
          [
            -0.04108668118715286,
            0.9981380701065063,
            -0.04508129507303238,
            0.0
          ],
          [
            -0.014931225217878819,
            0.044500987976789474,
            0.9988977313041687,
            0.0
          ],
          [
            0.0,
            0.0,
            0.0,
            1.0
          ]
        ],
        "rotation_mode": "QUATERNION"
      },
      "armature_space": {
        "head": {
          "x": 0.13633882999420166,
          "y": 0.008596226572990417,
          "z": 0.4955461025238037
        },
        "tail": {
          "x": 0.40403974056243896,
          "y": 0.008844291791319847,
          "z": 0.4835548996925354
        }
      },
      "world_space": {
        "head": {
          "x": 0.13633882999420166,
          "y": 0.07184022665023804,
          "z": 1.4454001188278198
        },
        "tail": {
          "x": 0.40403974056243896,
          "y": 0.07208829373121262,
          "z": 1.4334089756011963
        },
        "rotation_quaternion": {
          "w": 0.5025832653045654,
          "x": 0.4744407832622528,
          "y": 0.4978686571121216,
          "z": -0.5238730311393738
        },
        "matrix": [
          [
            -0.044632237404584885,
            0.9989979267120361,
            0.0033470839262008667,
            0.13633882999420166
          ],
          [
            -0.05416197329759598,
            0.0009257234632968903,
            -0.998531699180603,
            0.07184022665023804
          ],
          [
            -0.9975411891937256,
            -0.044748347252607346,
            0.05406584218144417,
            1.4454001188278198
          ],
          [
            0.0,
            0.0,
            0.0,
            1.0
          ]
        ]
      },
      "bone_length_armature_space": 0.26796944794216876,
      "parent": "spine_01",
      "has_children": true,
      "is_end_bone": false
    },
    "lowerarm_l": {
      "name": "lowerarm_l",
      "local": {
        "location": {
          "x": 0.0,
          "y": 0.0,
          "z": 0.0
        },
        "rotation_quaternion": {
          "w": 0.9226946234703064,
          "x": 0.21898117661476135,
          "y": 0.13082151114940643,
          "z": -0.2890806794166565
        },
        "scale": {
          "x": 1.0,
          "y": 1.0,
          "z": 1.0
        },
        "matrix_basis": [
          [
            0.7986361980438232,
            0.5907613039016724,
            0.11481015384197235,
            0.0
          ],
          [
            -0.47617149353027344,
            0.7369592189788818,
            -0.4797414541244507,
            0.0
          ],
          [
            -0.3680230677127838,
            0.32846957445144653,
            0.8698659539222717,
            0.0
          ],
          [
            0.0,
            0.0,
            0.0,
            1.0
          ]
        ],
        "rotation_mode": "QUATERNION"
      },
      "armature_space": {
        "head": {
          "x": 0.40403982996940613,
          "y": 0.008844248950481415,
          "z": 0.48355501890182495
        },
        "tail": {
          "x": 0.5914267301559448,
          "y": -0.12971922755241394,
          "z": 0.3521932065486908
        }
      },
      "world_space": {
        "head": {
          "x": 0.40403982996940613,
          "y": 0.07208824902772903,
          "z": 1.4334089756011963
        },
        "tail": {
          "x": 0.5914267301559448,
          "y": -0.06647522747516632,
          "z": 1.3020472526550293
        },
        "rotation_quaternion": {
          "w": 0.15869452059268951,
          "x": 0.5134239792823792,
          "y": 0.46458977460861206,
          "z": -0.7038239240646362
        },
        "matrix": [
          [
            -0.42242491245269775,
            0.700447678565979,
            -0.5752651691436768,
            0.40403982996940613
          ],
          [
            0.2536748945713043,
            -0.5179468989372253,
            -0.8169333338737488,
            0.07208824902772903
          ],
          [
            -0.8701817989349365,
            -0.49102726578712463,
            0.04110722243785858,
            1.4334089756011963
          ],
          [
            0.0,
            0.0,
            0.0,
            1.0
          ]
        ]
      },
      "bone_length_armature_space": 0.26752497848308887,
      "parent": "upperarm_l",
      "has_children": true,
      "is_end_bone": false
    },
    "metacarpal_thumb_l": {
      "name": "metacarpal_thumb_l",
      "local": {
        "location": {
          "x": 0.0,
          "y": 0.0,
          "z": 0.0
        },
        "rotation_quaternion": {
          "w": 0.9986121654510498,
          "x": -0.05108749493956566,
          "y": 0.005724750459194183,
          "z": 0.011448374949395657
        },
        "scale": {
          "x": 1.0,
          "y": 1.0,
          "z": 1.0
        },
        "matrix_basis": [
          [
            0.9996723532676697,
            -0.02344989962875843,
            0.010263873264193535,
            0.0
          ],
          [
            0.022280046716332436,
            0.994517982006073,
            0.10216426849365234,
            0.0
          ],
          [
            -0.01260334812104702,
            -0.10190211236476898,
            0.994714617729187,
            0.0
          ],
          [
            0.0,
            0.0,
            0.0,
            1.0
          ]
        ],
        "rotation_mode": "QUATERNION"
      },
      "armature_space": {
        "head": {
          "x": 0.5914267301559448,
          "y": -0.12971922755241394,
          "z": 0.3521932065486908
        },
        "tail": {
          "x": 0.599781334400177,
          "y": -0.17360526323318481,
          "z": 0.3307967782020569
        }
      },
      "world_space": {
        "head": {
          "x": 0.5914267301559448,
          "y": -0.06647522747516632,
          "z": 1.3020472526550293
        },
        "tail": {
          "x": 0.599781334400177,
          "y": -0.1103612631559372,
          "z": 1.2806508541107178
        },
        "rotation_quaternion": {
          "w": 0.1952667534351349,
          "x": -0.9430339932441711,
          "y": -0.13740059733390808,
          "z": 0.2316870391368866
        },
        "matrix": [
          [
            0.8548842668533325,
            0.16866575181484222,
            -0.49063703417778015,
            0.5914267301559448
          ],
          [
            0.3496285080909729,
            -0.8859840631484985,
            0.30461758375167847,
            -0.06647522747516632
          ],
          [
            -0.3833204507827759,
            -0.4319571554660797,
            -0.816389799118042,
            1.3020472526550293
          ],
          [
            0.0,
            0.0,
            0.0,
            1.0
          ]
        ]
      },
      "bone_length_armature_space": 0.04953373324000301,
      "parent": "lowerarm_l",
      "has_children": true,
      "is_end_bone": false
    },
    "thumb_01_l": {
      "name": "thumb_01_l",
      "local": {
        "location": {
          "x": 0.0,
          "y": 0.0,
          "z": 0.0
        },
        "rotation_quaternion": {
          "w": 0.9986367225646973,
          "x": 0.04572395607829094,
          "y": -0.025123421102762222,
          "z": -0.001723726512864232
        },
        "scale": {
          "x": 1.0,
          "y": 1.0,
          "z": 1.0
        },
        "matrix_basis": [
          [
            0.9987316727638245,
            0.00114526879042387,
            -0.050335973501205444,
            0.0
          ],
          [
            -0.005740237422287464,
            0.995812714099884,
            -0.09123662859201431,
            0.0
          ],
          [
            0.05002070963382721,
            0.09140985459089279,
            0.9945562481880188,
            0.0
          ],
          [
            0.0,
            0.0,
            0.0,
            1.0
          ]
        ],
        "rotation_mode": "QUATERNION"
      },
      "armature_space": {
        "head": {
          "x": 0.599781334400177,
          "y": -0.17360526323318481,
          "z": 0.3307967782020569
        },
        "tail": {
          "x": 0.5902866125106812,
          "y": -0.18631137907505035,
          "z": 0.30067962408065796
        }
      },
      "world_space": {
        "head": {
          "x": 0.599781334400177,
          "y": -0.1103612631559372,
          "z": 1.2806508541107178
        },
        "tail": {
          "x": 0.5902866125106812,
          "y": -0.12306737899780273,
          "z": 1.2505335807800293
        },
        "rotation_quaternion": {
          "w": 0.41783830523490906,
          "x": -0.7556999325752258,
          "y": 0.37251612544059753,
          "z": -0.339942067861557
        },
        "matrix": [
          [
            0.49134138226509094,
            -0.2789401710033417,
            0.8250916004180908,
            0.599781334400177
          ],
          [
            -0.8471027612686157,
            -0.37328556180000305,
            0.37825191020965576,
            -0.1103612631559372
          ],
          [
            0.20248593389987946,
            -0.8847947716712952,
            -0.4197043478488922,
            1.2806508541107178
          ],
          [
            0.0,
            0.0,
            0.0,
            1.0
          ]
        ]
      },
      "bone_length_armature_space": 0.034038773702314444,
      "parent": "metacarpal_thumb_l",
      "has_children": true,
      "is_end_bone": false
    },
    "thumb_02_l": {
      "name": "thumb_02_l",
      "local": {
        "location": {
          "x": 0.0,
          "y": 0.0,
          "z": 0.0
        },
        "rotation_quaternion": {
          "w": 0.9937511682510376,
          "x": 0.111431784927845,
          "y": 0.005411595571786165,
          "z": -0.0035303370095789433
        },
        "scale": {
          "x": 1.0,
          "y": 1.0,
          "z": 1.0
        },
        "matrix_basis": [
          [
            0.9999164938926697,
            0.008222600445151329,
            0.009968775324523449,
            0.0
          ],
          [
            -0.005810505710542202,
            0.9751409888267517,
            -0.2215091437101364,
            0.0
          ],
          [
            -0.011542342603206635,
            0.22143273055553436,
            0.9751073718070984,
            0.0
          ],
          [
            0.0,
            0.0,
            0.0,
            1.0
          ]
        ],
        "rotation_mode": "QUATERNION"
      },
      "armature_space": {
        "head": {
          "x": 0.5902865529060364,
          "y": -0.18631134927272797,
          "z": 0.30067965388298035
        },
        "tail": {
          "x": 0.6228926181793213,
          "y": -0.203513041138649,
          "z": 0.2847382128238678
        }
      },
      "world_space": {
        "head": {
          "x": 0.5902865529060364,
          "y": -0.12306734919548035,
          "z": 1.2505336999893188
        },
        "tail": {
          "x": 0.6228926181793213,
          "y": -0.14026904106140137,
          "z": 1.2345921993255615
        },
        "rotation_quaternion": {
          "w": 0.5343917608261108,
          "x": -0.3470762073993683,
          "y": 0.016841957345604897,
          "z": -0.7705063223838806
        },
        "matrix": [
          [
            -0.18792550265789032,
            0.8118151426315308,
            0.5528475642204285,
            0.5902865529060364
          ],
          [
            -0.8351949453353882,
            -0.42828190326690674,
            0.3449982702732086,
            -0.12306734919548035
          ],
          [
            0.5168524384498596,
            -0.3969046175479889,
            0.7585145235061646,
            1.2505336999893188
          ],
          [
            0.0,
            0.0,
            0.0,
            1.0
          ]
        ]
      },
      "bone_length_armature_space": 0.04016445241849948,
      "parent": "thumb_01_l",
      "has_children": true,
      "is_end_bone": false
    },
    "thumb_03_l": {
      "name": "thumb_03_l",
      "local": {
        "location": {
          "x": 0.0,
          "y": 0.0,
          "z": 0.0
        },
        "rotation_quaternion": {
          "w": 0.9970965385437012,
          "x": 0.07589482516050339,
          "y": -0.005758382845669985,
          "z": -0.002342785010114312
        },
        "scale": {
          "x": 1.0,
          "y": 1.0,
          "z": 1.0
        },
        "matrix_basis": [
          [
            0.9999226927757263,
            0.003797902725636959,
            -0.011838938109576702,
            0.0
          ],
          [
            -0.005546028725802898,
            0.9884689450263977,
            -0.15132194757461548,
            0.0
          ],
          [
            0.011127716861665249,
            0.1513759195804596,
            0.9884136319160461,
            0.0
          ],
          [
            0.0,
            0.0,
            0.0,
            1.0
          ]
        ],
        "rotation_mode": "QUATERNION"
      },
      "armature_space": {
        "head": {
          "x": 0.6228924989700317,
          "y": -0.20351308584213257,
          "z": 0.2847382128238678
        },
        "tail": {
          "x": 0.6527231335639954,
          "y": -0.20867253839969635,
          "z": 0.28151264786720276
        }
      },
      "world_space": {
        "head": {
          "x": 0.6228924989700317,
          "y": -0.14026908576488495,
          "z": 1.2345921993255615
        },
        "tail": {
          "x": 0.6527231335639954,
          "y": -0.14542853832244873,
          "z": 1.2313666343688965
        },
        "rotation_quaternion": {
          "w": 0.6444103121757507,
          "x": -0.08343493193387985,
          "y": -0.0010430110851302743,
          "z": -0.7601138353347778
        },
        "matrix": [
          [
            -0.15554800629615784,
            0.979824423789978,
            0.12549546360969543,
            0.6228924989700317
          ],
          [
            -0.9794759154319763,
            -0.1694684624671936,
            0.10911934077739716,
            -0.14026908576488495
          ],
          [
            0.12818551063537598,
            -0.10594736039638519,
            0.9860820770263672,
            1.2345921993255615
          ],
          [
            0.0,
            0.0,
            0.0,
            1.0
          ]
        ]
      },
      "bone_length_armature_space": 0.03044488475952738,
      "parent": "thumb_02_l",
      "has_children": false,
      "is_end_bone": true
    },
    "metacarpal_index_l": {
      "name": "metacarpal_index_l",
      "local": {
        "location": {
          "x": 0.0,
          "y": 0.0,
          "z": 0.0
        },
        "rotation_quaternion": {
          "w": 0.999967098236084,
          "x": -0.005877949297428131,
          "y": 0.003761949483305216,
          "z": 0.0041441963985562325
        },
        "scale": {
          "x": 1.0,
          "y": 1.0,
          "z": 1.0
        },
        "matrix_basis": [
          [
            0.9999373555183411,
            -0.008332345634698868,
            0.007474932819604874,
            0.0
          ],
          [
            0.008243895135819912,
            0.9998965263366699,
            0.011786692775785923,
            0.0
          ],
          [
            -0.0075723701156675816,
            -0.01172433141618967,
            0.999902606010437,
            0.0
          ],
          [
            0.0,
            0.0,
            0.0,
            1.0
          ]
        ],
        "rotation_mode": "QUATERNION"
      },
      "armature_space": {
        "head": {
          "x": 0.5914267301559448,
          "y": -0.12971922755241394,
          "z": 0.3521932065486908
        },
        "tail": {
          "x": 0.6471630930900574,
          "y": -0.2156144082546234,
          "z": 0.295230507850647
        }
      },
      "world_space": {
        "head": {
          "x": 0.5914267301559448,
          "y": -0.06647522747516632,
          "z": 1.3020472526550293
        },
        "tail": {
          "x": 0.6471630930900574,
          "y": -0.1523704081773758,
          "z": 1.245084524154663
        },
        "rotation_quaternion": {
          "w": 0.10868504643440247,
          "x": -0.8194956183433533,
          "y": -0.34878623485565186,
          "z": 0.44154593348503113
        },
        "matrix": [
          [
            0.36676985025405884,
            0.47568073868751526,
            -0.7995045185089111,
            0.5914267301559448
          ],
          [
            0.6676366329193115,
            -0.7330707907676697,
            -0.12987880408763885,
            -0.06647522747516632
          ],
          [
            -0.6478783488273621,
            -0.4861469864845276,
            -0.5864545106887817,
            1.3020472526550293
          ],
          [
            0.0,
            0.0,
            0.0,
            1.0
          ]
        ]
      },
      "bone_length_armature_space": 0.11717198189668095,
      "parent": "lowerarm_l",
      "has_children": true,
      "is_end_bone": false
    },
    "index_01_l": {
      "name": "index_01_l",
      "local": {
        "location": {
          "x": 0.0,
          "y": 0.0,
          "z": 0.0
        },
        "rotation_quaternion": {
          "w": 0.9992359280586243,
          "x": -0.03215574473142624,
          "y": -0.021349528804421425,
          "z": 0.006138836964964867
        },
        "scale": {
          "x": 1.0,
          "y": 1.0,
          "z": 1.0
        },
        "matrix_basis": [
          [
            0.9990130066871643,
            -0.010895272716879845,
            -0.04306123033165932,
            0.0
          ],
          [
            0.013641312718391418,
            0.997856616973877,
            0.06400022655725479,
            0.0
          ],
          [
            0.04227163642644882,
            -0.06452447175979614,
            0.997020423412323,
            0.0
          ],
          [
            0.0,
            0.0,
            0.0,
            1.0
          ]
        ],
        "rotation_mode": "QUATERNION"
      },
      "armature_space": {
        "head": {
          "x": 0.6471630930900574,
          "y": -0.2156144082546234,
          "z": 0.295230507850647
        },
        "tail": {
          "x": 0.667617678642273,
          "y": -0.22791773080825806,
          "z": 0.2796320617198944
        }
      },
      "world_space": {
        "head": {
          "x": 0.6471630930900574,
          "y": -0.1523704081773758,
          "z": 1.245084524154663
        },
        "tail": {
          "x": 0.667617678642273,
          "y": -0.16467373073101044,
          "z": 1.229486107826233
        },
        "rotation_quaternion": {
          "w": 0.09969957917928696,
          "x": -0.7567899823188782,
          "y": -0.5237561464309692,
          "z": 0.3781646490097046
        },
        "matrix": [
          [
            0.1653401106595993,
            0.7173426747322083,
            -0.6768174767494202,
            0.6471630930900574
          ],
          [
            0.868152379989624,
            -0.43147772550582886,
            -0.24523162841796875,
            -0.1523704081773758
          ],
          [
            -0.46794945001602173,
            -0.5470383763313293,
            -0.6941084265708923,
            1.245084524154663
          ],
          [
            0.0,
            0.0,
            0.0,
            1.0
          ]
        ]
      },
      "bone_length_armature_space": 0.02851444052700418,
      "parent": "metacarpal_index_l",
      "has_children": true,
      "is_end_bone": false
    },
    "index_02_l": {
      "name": "index_02_l",
      "local": {
        "location": {
          "x": 0.0,
          "y": 0.0,
          "z": 0.0
        },
        "rotation_quaternion": {
          "w": 0.9770805835723877,
          "x": 0.212856724858284,
          "y": 0.002166557591408491,
          "z": -0.0009303572587668896
        },
        "scale": {
          "x": 1.0,
          "y": 1.0,
          "z": 1.0
        },
        "matrix_basis": [
          [
            0.999988853931427,
            0.002740400843322277,
            0.0038377370219677687,
            0.0
          ],
          [
            -0.0008957353420555592,
            0.9093822836875916,
            -0.4159603714942932,
            0.0
          ],
          [
            -0.00462986808270216,
            0.41595232486724854,
            0.9093746542930603,
            0.0
          ],
          [
            0.0,
            0.0,
            0.0,
            1.0
          ]
        ],
        "rotation_mode": "QUATERNION"
      },
      "armature_space": {
        "head": {
          "x": 0.667617678642273,
          "y": -0.22791816294193268,
          "z": 0.27963173389434814
        },
        "tail": {
          "x": 0.6779699921607971,
          "y": -0.24046343564987183,
          "z": 0.25979384779930115
        }
      },
      "world_space": {
        "head": {
          "x": 0.667617678642273,
          "y": -0.16467416286468506,
          "z": 1.2294857501983643
        },
        "tail": {
          "x": 0.6779699921607971,
          "y": -0.1772194355726242,
          "z": 1.2096478939056396
        },
        "rotation_quaternion": {
          "w": 0.2315477877855301,
          "x": -0.7052686810493469,
          "y": -0.44929832220077515,
          "z": 0.49710434675216675
        },
        "matrix": [
          [
            0.10203558951616287,
            0.4035476744174957,
            -0.9092512130737305,
            0.667617678642273
          ],
          [
            0.8639591932296753,
            -0.48903220891952515,
            -0.12009155750274658,
            -0.16467416286468506
          ],
          [
            -0.49311867356300354,
            -0.773308277130127,
            -0.398550420999527,
            1.2294857501983643
          ],
          [
            0.0,
            0.0,
            0.0,
            1.0
          ]
        ]
      },
      "bone_length_armature_space": 0.02565338176901055,
      "parent": "index_01_l",
      "has_children": true,
      "is_end_bone": false
    },
    "index_03_l": {
      "name": "index_03_l",
      "local": {
        "location": {
          "x": 0.0,
          "y": 0.0,
          "z": 0.0
        },
        "rotation_quaternion": {
          "w": 0.9721230268478394,
          "x": 0.23441967368125916,
          "y": -0.004926081746816635,
          "z": 6.164319347590208e-05
        },
        "scale": {
          "x": 1.0,
          "y": 1.0,
          "z": 1.0
        },
        "matrix_basis": [
          [
            0.9999514818191528,
            -0.0024293905589729548,
            -0.009548613801598549,
            0.0
          ],
          [
            -0.002189691411331296,
            0.8900948166847229,
            -0.4557701349258423,
            0.0
          ],
          [
            0.009606415405869484,
            0.4557689130306244,
            0.8900462985038757,
            0.0
          ],
          [
            0.0,
            0.0,
            0.0,
            1.0
          ]
        ],
        "rotation_mode": "QUATERNION"
      },
      "armature_space": {
        "head": {
          "x": 0.6779701113700867,
          "y": -0.24046343564987183,
          "z": 0.2597939372062683
        },
        "tail": {
          "x": 0.6740872263908386,
          "y": -0.251583069562912,
          "z": 0.23305410146713257
        }
      },
      "world_space": {
        "head": {
          "x": 0.6779701113700867,
          "y": -0.1772194355726242,
          "z": 1.2096478939056396
        },
        "tail": {
          "x": 0.6740872263908386,
          "y": -0.18833906948566437,
          "z": 1.182908058166504
        },
        "rotation_quaternion": {
          "w": 0.4523037075996399,
          "x": -0.5986754298210144,
          "y": -0.32424992322921753,
          "z": 0.5760825276374817
        },
        "matrix": [
          [
            0.12598122656345367,
            -0.13289007544517517,
            -0.983091413974762,
            0.6779701113700867
          ],
          [
            0.9093695282936096,
            -0.3805662989616394,
            0.16797706484794617,
            -0.1772194355726242
          ],
          [
            -0.3964560627937317,
            -0.915162205696106,
            0.0729026198387146,
            1.2096478939056396
          ],
          [
            0.0,
            0.0,
            0.0,
            1.0
          ]
        ]
      },
      "bone_length_armature_space": 0.02921886177582672,
      "parent": "index_02_l",
      "has_children": false,
      "is_end_bone": true
    },
    "metacarpal_pinky_l": {
      "name": "metacarpal_pinky_l",
      "local": {
        "location": {
          "x": 0.0,
          "y": 0.0,
          "z": 0.0
        },
        "rotation_quaternion": {
          "w": 0.9998431205749512,
          "x": -0.008068360388278961,
          "y": 0.012474246323108673,
          "z": -0.009653398767113686
        },
        "scale": {
          "x": 1.0,
          "y": 1.0,
          "z": 1.0
        },
        "matrix_basis": [
          [
            0.999502420425415,
            0.01910247467458248,
            0.025100352242588997,
            0.0
          ],
          [
            -0.019505061209201813,
            0.9996834397315979,
            0.015893351286649704,
            0.0
          ],
          [
            -0.024788804352283478,
            -0.01637502759695053,
            0.9995585680007935,
            0.0
          ],
          [
            0.0,
            0.0,
            0.0,
            1.0
          ]
        ],
        "rotation_mode": "QUATERNION"
      },
      "armature_space": {
        "head": {
          "x": 0.5914267301559448,
          "y": -0.12971922755241394,
          "z": 0.3521932065486908
        },
        "tail": {
          "x": 0.677430272102356,
          "y": -0.1559322476387024,
          "z": 0.2996619939804077
        }
      },
      "world_space": {
        "head": {
          "x": 0.5914267301559448,
          "y": -0.06647522747516632,
          "z": 1.3020472526550293
        },
        "tail": {
          "x": 0.677430272102356,
          "y": -0.09268824756145477,
          "z": 1.2495160102844238
        },
        "rotation_quaternion": {
          "w": 0.5186927914619446,
          "x": 0.008125673979520798,
          "y": 0.32417798042297363,
          "z": -0.7910754680633545
        },
        "matrix": [
          [
            -0.46178197860717773,
            0.825918436050415,
            0.3234436810016632,
            0.5914267301559448
          ],
          [
            -0.8153836131095886,
            -0.2517317831516266,
            -0.5213258862495422,
            -0.06647522747516632
          ],
          [
            -0.3491548001766205,
            -0.5044733881950378,
            0.7896907329559326,
            1.3020472526550293
          ],
          [
            0.0,
            0.0,
            0.0,
            1.0
          ]
        ]
      },
      "bone_length_armature_space": 0.10413097428853287,
      "parent": "lowerarm_l",
      "has_children": true,
      "is_end_bone": false
    },
    "pinky_01_l": {
      "name": "pinky_01_l",
      "local": {
        "location": {
          "x": 0.0,
          "y": 0.0,
          "z": 0.0
        },
        "rotation_quaternion": {
          "w": 0.9993429780006409,
          "x": 0.034950338304042816,
          "y": -0.009082553908228874,
          "z": -0.0031090383417904377
        },
        "scale": {
          "x": 1.0,
          "y": 1.0,
          "z": 1.0
        },
        "matrix_basis": [
          [
            0.9998157024383545,
            0.005579114425927401,
            -0.018370496109128,
            0.0
          ],
          [
            -0.006848867982625961,
            0.9975376129150391,
            -0.06979827582836151,
            0.0
          ],
          [
            0.017935849726200104,
            0.06991122663021088,
            0.997391939163208,
            0.0
          ],
          [
            0.0,
            0.0,
            0.0,
            1.0
          ]
        ],
        "rotation_mode": "QUATERNION"
      },
      "armature_space": {
        "head": {
          "x": 0.677430272102356,
          "y": -0.1559322476387024,
          "z": 0.2996619939804077
        },
