{
  "metadata": {
    "armature_name": "KIM_caucasian_male",
    "export_time": "2026-01-13T19:11:37.589680",
    "blender_version": "4.4.1",
    "bone_count": 56,
    "end_bone_count": 13,
    "spaces_included": [
      "LOCAL_CHANNELS",
      "ARMATURE_SPACE",
      "WORLD_SPACE"
    ],
    "note": "LOCAL matches Transform panel; replay pose via local.matrix_basis for best fidelity."
  },
  "bones": {
    "Root": {
      "name": "Root",
      "local": {
        "location": {
          "x": 0.0,
          "y": 0.0,
          "z": 0.0
        },
        "rotation_quaternion": {
          "w": 0.9997660517692566,
          "x": -0.018612882122397423,
          "y": 0.010471826419234276,
          "z": 0.003454504767432809
        },
        "scale": {
          "x": 1.0,
          "y": 1.0,
          "z": 1.0
        },
        "matrix_basis": [
          [
            0.9997568130493164,
            -0.007297215051949024,
            0.02081015706062317,
            0.0
          ],
          [
            0.006517571397125721,
            0.9992832541465759,
            0.03728940710425377,
            0.0
          ],
          [
            -0.02106734924018383,
            -0.03714470565319061,
            0.9990878105163574,
            0.0
          ],
          [
            0.0,
            0.0,
            0.0,
            1.0
          ]
        ],
        "rotation_mode": "QUATERNION"
      },
      "armature_space": {
        "head": {
          "x": 0.0,
          "y": 0.07072800397872925,
          "z": -0.009595036506652832
        },
        "tail": {
          "x": -0.000520845060236752,
          "y": 0.00040709972381591797,
          "z": 0.002620311453938484
        }
      },
      "world_space": {
        "head": {
          "x": 0.0,
          "y": 0.13397200405597687,
          "z": 0.9402589797973633
        },
        "tail": {
          "x": -0.000520845060236752,
          "y": 0.06365109980106354,
          "z": 0.9524743556976318
        },
        "rotation_quaternion": {
          "w": 0.0859224945306778,
          "x": 0.9962407946586609,
          "y": -0.0027411922346800566,
          "z": 0.010680760256946087
        },
        "matrix": [
          [
            0.9997568130493164,
            -0.007297215051949024,
            0.02081015706062317,
            0.0
          ],
          [
            -0.0036263351794332266,
            -0.9852195382118225,
            -0.17125800251960754,
            0.13397200405597687
          ],
          [
            0.021752428263425827,
            0.1711411476135254,
            -0.985013484954834,
            0.9402589797973633
          ],
          [
            0.0,
            0.0,
            0.0,
            1.0
          ]
        ]
      },
      "bone_length_armature_space": 0.07137587485808798,
      "parent": null,
      "has_children": true,
      "is_end_bone": false
    },
    "spine_01": {
      "name": "spine_01",
      "local": {
        "location": {
          "x": 0.0,
          "y": 0.0,
          "z": 0.0
        },
        "rotation_quaternion": {
          "w": 0.9967777729034424,
          "x": 0.06245797500014305,
          "y": 0.036835238337516785,
          "z": -0.03429717198014259
        },
        "scale": {
          "x": 1.0,
          "y": 1.0,
          "z": 1.0
        },
        "matrix_basis": [
          [
            0.9949337244033813,
            0.07297462970018387,
            0.06914883106946945,
            0.0
          ],
          [
            -0.06377200782299042,
            0.9898453950881958,
            -0.12704013288021088,
            0.0
          ],
          [
            -0.0777173563838005,
            0.1219867542386055,
            0.9894843101501465,
            0.0
          ],
          [
            0.0,
            0.0,
            0.0,
            1.0
          ]
        ],
        "rotation_mode": "QUATERNION"
      },
      "armature_space": {
        "head": {
          "x": -0.000520845060236752,
          "y": 0.00040709972381591797,
          "z": 0.002620311453938484
        },
        "tail": {
          "x": 0.024435093626379967,
          "y": -0.018501508980989456,
          "z": 0.48961949348449707
        }
      },
      "world_space": {
        "head": {
          "x": -0.000520845060236752,
          "y": 0.06365109980106354,
          "z": 0.9524743556976318
        },
        "tail": {
          "x": 0.024435093626379967,
          "y": 0.04474249109625816,
          "z": 1.4394735097885132
        },
        "rotation_quaternion": {
          "w": 0.6920289993286133,
          "x": 0.7206487059593201,
          "y": 0.04149779677391052,
          "z": 0.006265358999371529
        },
        "matrix": [
          [
            0.9964773654937744,
            0.051139090210199356,
            0.06646595150232315,
            -0.000520845060236752
          ],
          [
            0.06848260760307312,
            -0.03874704986810684,
            -0.9968996047973633,
            0.06365109980106354
          ],
          [
            -0.04840546101331711,
            0.9979466199874878,
            -0.04211393743753433,
            0.9524743556976318
          ],
          [
            0.0,
            0.0,
            0.0,
            1.0
          ]
        ]
      },
      "bone_length_armature_space": 0.48800465385000213,
      "parent": "Root",
      "has_children": true,
      "is_end_bone": false
    },
    "neck_01": {
      "name": "neck_01",
      "local": {
        "location": {
          "x": 0.0,
          "y": 0.0,
          "z": 0.0
        },
        "rotation_quaternion": {
          "w": 0.9873301386833191,
          "x": -0.07951956242322922,
          "y": -0.0571826696395874,
          "z": -0.12484455108642578
        },
        "scale": {
          "x": 1.0,
          "y": 1.0,
          "z": 1.0
        },
        "matrix_basis": [
          [
            0.962287962436676,
            0.2556198537349701,
            -0.0930611789226532,
            0.0
          ],
          [
            -0.23743128776550293,
            0.9561809301376343,
            0.17130200564861298,
            0.0
          ],
          [
            0.13277152180671692,
            -0.1427462249994278,
            0.9808135628700256,
            0.0
          ],
          [
            0.0,
            0.0,
            0.0,
            1.0
          ]
        ],
        "rotation_mode": "QUATERNION"
      },
      "armature_space": {
        "head": {
          "x": 0.030484488233923912,
          "y": -0.05591142550110817,
          "z": 0.5612270832061768
        },
        "tail": {
          "x": 0.06312305480241776,
          "y": -0.08151590824127197,
          "z": 0.6549814343452454
        }
      },
      "world_space": {
        "head": {
          "x": 0.030484488233923912,
          "y": 0.00733257457613945,
          "z": 1.5110810995101929
        },
        "tail": {
          "x": 0.06312305480241776,
          "y": -0.018271908164024353,
          "z": 1.6048355102539062
        },
        "rotation_quaternion": {
          "w": 0.6015274524688721,
          "x": 0.7821197509765625,
          "y": 0.11528521031141281,
          "z": -0.11472861468791962
        },
        "matrix": [
          [
            0.9470933675765991,
            0.31835874915122986,
            -0.04076696187257767,
            0.030484488233923912
          ],
          [
            0.04231052100658417,
            -0.24974782764911652,
            -0.9673862457275391,
            0.00733257457613945
          ],
          [
            -0.3181594908237457,
            0.9144861698150635,
            -0.2500072121620178,
            1.5110810995101929
          ],
          [
            0.0,
            0.0,
            0.0,
            1.0
          ]
        ]
      },
      "bone_length_armature_space": 0.10252191820325571,
      "parent": "spine_01",
      "has_children": true,
      "is_end_bone": false
    },
    "head": {
      "name": "head",
      "local": {
        "location": {
          "x": 0.0,
          "y": 0.0,
          "z": 0.0
        },
        "rotation_quaternion": {
          "w": 0.9851838946342468,
          "x": -0.018856052309274673,
          "y": -0.15999607741832733,
          "z": 0.05880815535783768
        },
        "scale": {
          "x": 1.0,
          "y": 1.0,
          "z": 1.0
        },
        "matrix_basis": [
          [
            0.9418857097625732,
            -0.10983990877866745,
            -0.31746891140937805,
            0.0
          ],
          [
            0.12190748751163483,
            0.9923720955848694,
            0.018335210159420967,
            0.0
          ],
          [
            0.3130333423614502,
            -0.05597150698304176,
            0.9480913877487183,
            0.0
          ],
          [
            0.0,
            0.0,
            0.0,
            1.0
          ]
        ],
        "rotation_mode": "QUATERNION"
      },
      "armature_space": {
        "head": {
          "x": 0.06312302500009537,
          "y": -0.08151603490114212,
          "z": 0.6549813151359558
        },
        "tail": {
          "x": 0.0941980630159378,
          "y": -0.05559229105710983,
          "z": 0.804699718952179
        }
      },
      "world_space": {
        "head": {
          "x": 0.06312302500009537,
          "y": -0.0182720348238945,
          "z": 1.6048352718353271
        },
        "tail": {
          "x": 0.0941980630159378,
          "y": 0.007651709020137787,
          "z": 1.7545537948608398
        },
        "rotation_quaternion": {
          "w": 0.7635606527328491,
          "x": 0.6275137662887573,
          "y": -0.0234775822609663,
          "z": -0.15050038695335388
        },
        "matrix": [
          [
            0.9535965919494629,
            0.20036748051643372,
            -0.22473642230033875,
            0.06312302500009537
          ],
          [
            -0.2592986524105072,
            0.16715265810489655,
            -0.9512226581573486,
            -0.0182720348238945
          ],
          [
            -0.1530301570892334,
            0.9653633832931519,
            0.2113516479730606,
            1.6048352718353271
          ],
          [
            0.0,
            0.0,
            0.0,
            1.0
          ]
        ]
      },
      "bone_length_armature_space": 0.15509126093202316,
      "parent": "neck_01",
      "has_children": false,
      "is_end_bone": true
    },
    "upperarm_l": {
      "name": "upperarm_l",
      "local": {
        "location": {
          "x": 0.0,
          "y": 0.0,
          "z": 0.0
        },
        "rotation_quaternion": {
          "w": 0.8988869786262512,
          "x": 0.08026677370071411,
          "y": 0.4146002233028412,
          "z": 0.11690296232700348
        },
        "scale": {
          "x": 1.0,
          "y": 1.0,
          "z": 1.0
        },
        "matrix_basis": [
          [
            0.6288806796073914,
            -0.14360785484313965,
            0.76412433385849,
            0.0
          ],
          [
            0.27672234177589417,
            0.9597818851470947,
            -0.04736552760004997,
            0.0
          ],
          [
            -0.726590633392334,
            0.24123750627040863,
            0.6433277726173401,
            0.0
          ],
          [
            0.0,
            0.0,
            0.0,
            1.0
          ]
        ],
        "rotation_mode": "QUATERNION"
      },
      "armature_space": {
        "head": {
          "x": 0.17673112452030182,
          "y": -0.04621417075395584,
          "z": 0.4867621958255768
        },
        "tail": {
          "x": 0.4414036273956299,
          "y": -0.08485348522663116,
          "z": 0.502982497215271
        }
      },
      "world_space": {
        "head": {
          "x": 0.17673112452030182,
          "y": 0.01702982932329178,
          "z": 1.4366161823272705
        },
        "tail": {
          "x": 0.4414036273956299,
          "y": -0.021609485149383545,
          "z": 1.452836513519287
        },
        "rotation_quaternion": {
          "w": 0.22696074843406677,
          "x": 0.7241097688674927,
          "y": 0.6135073304176331,
          "z": -0.2185470163822174
        },
        "matrix": [
          [
            0.15169116854667664,
            0.987696647644043,
            -0.03801722824573517,
            0.17673112452030182
          ],
          [
            0.7892901301383972,
            -0.14419297873973846,
            -0.5968498587608337,
            0.01702982932329178
          ],
          [
            -0.5949917435646057,
            0.06053049862384796,
            -0.8014580607414246,
            1.4366161823272705
          ],
          [
            0.0,
            0.0,
            0.0,
            1.0
          ]
        ]
      },
      "bone_length_armature_space": 0.26796947249464237,
      "parent": "spine_01",
      "has_children": true,
      "is_end_bone": false
    },
    "lowerarm_l": {
      "name": "lowerarm_l",
      "local": {
        "location": {
          "x": 0.0,
          "y": 0.0,
          "z": 0.0
        },
        "rotation_quaternion": {
          "w": 0.9395073652267456,
          "x": 0.27871495485305786,
          "y": -0.16708563268184662,
          "z": 0.10828801989555359
        },
        "scale": {
          "x": 1.0,
          "y": 1.0,
          "z": 1.0
        },
        "matrix_basis": [
          [
            0.9207121729850769,
            -0.29661330580711365,
            -0.253593385219574,
            0.0
          ],
          [
            0.11033625900745392,
            0.8211833834648132,
            -0.5598962306976318,
            0.0
          ],
          [
            0.3743193447589874,
            0.48752275109291077,
            0.7888007164001465,
            0.0
          ],
          [
            0.0,
            0.0,
            0.0,
            1.0
          ]
        ],
        "rotation_mode": "QUATERNION"
      },
      "armature_space": {
        "head": {
          "x": 0.44140368700027466,
          "y": -0.08485361933708191,
          "z": 0.5029825568199158
        },
        "tail": {
          "x": 0.6137630343437195,
          "y": -0.286357045173645,
          "z": 0.46751391887664795
        }
      },
      "world_space": {
        "head": {
          "x": 0.44140368700027466,
          "y": -0.02160961925983429,
          "z": 1.452836513519287
        },
        "tail": {
          "x": 0.6137630343437195,
          "y": -0.2231130450963974,
          "z": 1.417367935180664
        },
        "rotation_quaternion": {
          "w": 0.1381475031375885,
          "x": 0.768944263458252,
          "y": 0.3229663670063019,
          "z": -0.534165620803833
        },
        "matrix": [
          [
            0.2207188904285431,
            0.6442750096321106,
            -0.7322518825531006,
            0.44140368700027466
          ],
          [
            0.3490988612174988,
            -0.7532148361206055,
            -0.5574922561645508,
            -0.02160961925983429
          ],
          [
            -0.9107272624969482,
            -0.13258096575737,
            -0.39116770029067993,
            1.452836513519287
          ],
          [
            0.0,
            0.0,
            0.0,
            1.0
          ]
        ]
      },
      "bone_length_armature_space": 0.26752457683303243,
      "parent": "upperarm_l",
      "has_children": true,
      "is_end_bone": false
    },
    "metacarpal_thumb_l": {
      "name": "metacarpal_thumb_l",
      "local": {
        "location": {
          "x": 0.0,
          "y": 0.0,
          "z": 0.0
        },
        "rotation_quaternion": {
          "w": 0.9995739459991455,
          "x": -0.025538252666592598,
          "y": -0.012493734247982502,
          "z": 0.006606187205761671
        },
        "scale": {
          "x": 1.0,
          "y": 1.0,
          "z": 1.0
        },
        "matrix_basis": [
          [
            0.9996005296707153,
            -0.012568608857691288,
            -0.025314243510365486,
            0.0
          ],
          [
            0.01384488120675087,
            0.9986082911491394,
            0.050889670848846436,
            0.0
          ],
          [
            0.024639401584863663,
            -0.051219817250967026,
            0.9983834028244019,
            0.0
          ],
          [
            0.0,
            0.0,
            0.0,
            1.0
          ]
        ],
        "rotation_mode": "QUATERNION"
      },
      "armature_space": {
        "head": {
          "x": 0.6137630343437195,
          "y": -0.286357045173645,
          "z": 0.46751391887664795
        },
        "tail": {
          "x": 0.6186202764511108,
          "y": -0.3301033079624176,
          "z": 0.44479241967201233
        }
      },
      "world_space": {
        "head": {
          "x": 0.6137630343437195,
          "y": -0.2231130450963974,
          "z": 1.417367935180664
        },
        "tail": {
          "x": 0.6186202764511108,
          "y": -0.2668592929840088,
          "z": 1.394646406173706
        },
        "rotation_quaternion": {
          "w": 0.23930148780345917,
          "x": -0.9680019021034241,
          "y": -0.033968985080718994,
          "z": -0.0674775242805481
        },
        "matrix": [
          [
            0.988585889339447,
            0.0980590283870697,
            0.11437883973121643,
            0.6137630343437195
          ],
          [
            0.03346933797001839,
            -0.8831620812416077,
            0.4678724706172943,
            -0.2231130450963974
          ],
          [
            0.14689524471759796,
            -0.45870792865753174,
            -0.8763689994812012,
            1.417367935180664
          ],
          [
            0.0,
            0.0,
            0.0,
            1.0
          ]
        ]
      },
      "bone_length_armature_space": 0.04953377464430592,
      "parent": "lowerarm_l",
      "has_children": true,
      "is_end_bone": false
    },
    "thumb_01_l": {
      "name": "thumb_01_l",
      "local": {
        "location": {
          "x": 0.0,
          "y": 0.0,
          "z": 0.0
        },
        "rotation_quaternion": {
          "w": 0.966881275177002,
          "x": 0.25431445240974426,
          "y": -0.016245247796177864,
          "z": 0.014173430390655994
        },
        "scale": {
          "x": 1.0,
          "y": 1.0,
          "z": 1.0
        },
        "matrix_basis": [
          [
            0.999070405960083,
            -0.03567085042595863,
            -0.024205435067415237,
            0.0
          ],
          [
            0.019145246595144272,
            0.8702465295791626,
            -0.49224427342414856,
            0.0
          ],
          [
            0.038623467087745667,
            0.4913232624530792,
            0.8701205253601074,
            0.0
          ],
          [
            0.0,
            0.0,
            0.0,
            1.0
          ]
        ],
        "rotation_mode": "QUATERNION"
      },
      "armature_space": {
        "head": {
          "x": 0.6186202764511108,
          "y": -0.3301033079624176,
          "z": 0.44479241967201233
        },
        "tail": {
          "x": 0.6362290382385254,
          "y": -0.3360331952571869,
          "z": 0.4162721633911133
        }
      },
      "world_space": {
        "head": {
          "x": 0.6186202764511108,
          "y": -0.2668592929840088,
          "z": 1.394646406173706
        },
        "tail": {
          "x": 0.6362290382385254,
          "y": -0.2727891802787781,
          "z": 1.3661261796951294
        },
        "rotation_quaternion": {
          "w": 0.5823376178741455,
          "x": -0.4207051694393158,
          "y": 0.27161863446235657,
          "z": -0.6404010653495789
        },
        "matrix": [
          [
            0.03222276270389557,
            0.5173174142837524,
            0.855186939239502,
            0.6186202764511108
          ],
          [
            -0.9744017124176025,
            -0.17421114444732666,
            0.14209796488285065,
            -0.2668592929840088
          ],
          [
            0.22249330580234528,
            -0.8378802537918091,
            0.4984649121761322,
            1.394646406173706
          ],
          [
            0.0,
            0.0,
            0.0,
            1.0
          ]
        ]
      },
      "bone_length_armature_space": 0.03403875847226825,
      "parent": "metacarpal_thumb_l",
      "has_children": true,
      "is_end_bone": false
    },
    "thumb_02_l": {
      "name": "thumb_02_l",
      "local": {
        "location": {
          "x": 0.0,
          "y": 0.0,
          "z": 0.0
        },
        "rotation_quaternion": {
          "w": 0.9103103876113892,
          "x": 0.41372695565223694,
          "y": 0.011268838308751583,
          "z": -0.006187107879668474
        },
        "scale": {
          "x": 1.0,
          "y": 1.0,
          "z": 1.0
        },
        "matrix_basis": [
          [
            0.9996694922447205,
            0.020588820800185204,
            0.015396734699606895,
            0.0
          ],
          [
            -0.0019399328157305717,
            0.657583475112915,
            -0.7533793449401855,
            0.0
          ],
          [
            -0.02563582733273506,
            0.7531004548072815,
            0.6574060320854187,
            0.0
          ],
          [
            0.0,
            0.0,
            0.0,
            1.0
          ]
        ],
        "rotation_mode": "QUATERNION"
      },
      "armature_space": {
        "head": {
          "x": 0.6362289786338806,
          "y": -0.3360331654548645,
          "z": 0.4162721335887909
        },
        "tail": {
          "x": 0.654096245765686,
          "y": -0.35456612706184387,
          "z": 0.44710201025009155
        }
      },
      "world_space": {
        "head": {
          "x": 0.6362289786338806,
          "y": -0.2727891802787781,
          "z": 1.3661261796951294
        },
        "tail": {
          "x": 0.654096245765686,
          "y": -0.29132211208343506,
          "z": 1.396955966949463
        },
        "rotation_quaternion": {
          "w": 0.3740121126174927,
          "x": 0.23592616617679596,
          "y": -0.35972335934638977,
          "z": -0.8216161131858826
        },
        "matrix": [
          [
            -0.6089067459106445,
            0.44485339522361755,
            -0.6567637324333191,
            0.6362289786338806
          ],
          [
            -0.7843257784843445,
            -0.46142759919166565,
            0.4146297574043274,
            -0.2727891802787781
          ],
          [
            -0.11860112100839615,
            0.767592191696167,
            0.629880964756012,
            1.3661261796951294
          ],
          [
            0.0,
            0.0,
            0.0,
            1.0
          ]
        ]
      },
      "bone_length_armature_space": 0.0401645513285487,
      "parent": "thumb_01_l",
      "has_children": true,
      "is_end_bone": false
    },
    "thumb_03_l": {
      "name": "thumb_03_l",
      "local": {
        "location": {
          "x": 0.0,
          "y": 0.0,
          "z": 0.0
        },
        "rotation_quaternion": {
          "w": 0.9863033890724182,
          "x": 0.16455918550491333,
          "y": 0.009530437178909779,
          "z": -0.005927720572799444
        },
        "scale": {
          "x": 1.0,
          "y": 1.0,
          "z": 1.0
        },
        "matrix_basis": [
          [
            0.9997480511665344,
            0.014829703606665134,
            0.016848882660269737,
            0.0
          ],
          [
            -0.008556419983506203,
            0.945770263671875,
            -0.3247235417366028,
            0.0
          ],
          [
            -0.020750727504491806,
            0.3244975805282593,
            0.9456588625907898,
            0.0
          ],
          [
            0.0,
            0.0,
            0.0,
            1.0
          ]
        ],
        "rotation_mode": "QUATERNION"
      },
      "armature_space": {
        "head": {
          "x": 0.654096245765686,
          "y": -0.35456618666648865,
          "z": 0.4471019506454468
        },
        "tail": {
          "x": 0.6548395752906799,
          "y": -0.35916224122047424,
          "z": 0.47718894481658936
        }
      },
      "world_space": {
        "head": {
          "x": 0.654096245765686,
          "y": -0.29132217168807983,
          "z": 1.396955966949463
        },
        "tail": {
          "x": 0.6548395752906799,
          "y": -0.29591822624206543,
          "z": 1.4270429611206055
        },
        "rotation_quaternion": {
          "w": 0.41771677136421204,
          "x": 0.47182416915893555,
          "y": -0.5000307559967041,
          "z": -0.5940234661102295
        },
        "matrix": [
          [
            -0.20579025149345398,
            0.024415433406829834,
            -0.9782917499542236,
            0.654096245765686
          ],
          [
            -0.9681203365325928,
            -0.15096348524093628,
            0.19988319277763367,
            -0.29132217168807983
          ],
          [
            -0.14280809462070465,
            0.9882445335388184,
            0.0547044575214386,
            1.396955966949463
          ],
          [
            0.0,
            0.0,
            0.0,
            1.0
          ]
        ]
      },
      "bone_length_armature_space": 0.030445089299767514,
      "parent": "thumb_02_l",
      "has_children": false,
      "is_end_bone": true
    },
    "metacarpal_index_l": {
      "name": "metacarpal_index_l",
      "local": {
        "location": {
          "x": 0.0,
          "y": 0.0,
          "z": 0.0
        },
        "rotation_quaternion": {
          "w": 0.9983105063438416,
          "x": -0.0568808987736702,
          "y": -0.008493417873978615,
          "z": 0.008285565301775932
        },
        "scale": {
          "x": 1.0,
          "y": 1.0,
          "z": 1.0
        },
        "matrix_basis": [
          [
            0.999718427658081,
            -0.015576907433569431,
            -0.01790071651339531,
            0.0
          ],
          [
            0.01750935986638069,
            0.9933918118476868,
            0.11342885345220566,
            0.0
          ],
          [
            0.01601555570960045,
            -0.11371034383773804,
            0.993384838104248,
            0.0
          ],
          [
            0.0,
            0.0,
            0.0,
            1.0
          ]
        ],
        "rotation_mode": "QUATERNION"
      },
      "armature_space": {
        "head": {
          "x": 0.6137630343437195,
          "y": -0.286357045173645,
          "z": 0.46751391887664795
        },
        "tail": {
          "x": 0.6636242866516113,
          "y": -0.39025503396987915,
          "z": 0.446340948343277
        }
      },
      "world_space": {
        "head": {
          "x": 0.6137630343437195,
          "y": -0.2231130450963974,
          "z": 1.417367935180664
        },
        "tail": {
          "x": 0.6636242866516113,
          "y": -0.3270110487937927,
          "z": 1.3961949348449707
        },
        "rotation_quaternion": {
          "w": 0.056367892771959305,
          "x": -0.9584789872169495,
          "y": -0.23122510313987732,
          "z": 0.1570848822593689
        },
        "matrix": [
          [
            0.8437182903289795,
            0.425540030002594,
            -0.3271925449371338,
            0.6137630343437195
          ],
          [
            0.46095800399780273,
            -0.8867153525352478,
            0.03540986776351929,
            -0.2231130450963974
          ],
          [
            -0.2750598192214966,
            -0.18070021271705627,
            -0.944300651550293,
            1.417367935180664
          ],
          [
            0.0,
            0.0,
            0.0,
            1.0
          ]
        ]
      },
      "bone_length_armature_space": 0.11717180305892826,
      "parent": "lowerarm_l",
      "has_children": true,
      "is_end_bone": false
    },
    "index_01_l": {
      "name": "index_01_l",
      "local": {
        "location": {
          "x": 0.0,
          "y": 0.0,
          "z": 0.0
        },
        "rotation_quaternion": {
          "w": 0.9427124261856079,
          "x": 0.33312535285949707,
          "y": 0.006130730267614126,
          "z": 0.016832692548632622
        },
        "scale": {
          "x": 1.0,
          "y": 1.0,
          "z": 1.0
        },
        "matrix_basis": [
          [
            0.9993581771850586,
            -0.02765217423439026,
            0.022773824632167816,
            0.0
          ],
          [
            0.03582138195633888,
            0.7774882912635803,
            -0.6278764009475708,
            0.0
          ],
          [
            -0.000344237923854962,
            0.6282892227172852,
            0.777979850769043,
            0.0
          ],
          [
            0.0,
            0.0,
            0.0,
            1.0
          ]
        ],
        "rotation_mode": "QUATERNION"
      },
      "armature_space": {
        "head": {
          "x": 0.6636242866516113,
          "y": -0.39025503396987915,
          "z": 0.446340948343277
        },
        "tail": {
          "x": 0.6752484440803528,
          "y": -0.4065307676792145,
          "z": 0.426017165184021
        }
      },
      "world_space": {
        "head": {
          "x": 0.6636242866516113,
          "y": -0.3270110487937927,
          "z": 1.3961949348449707
        },
        "tail": {
          "x": 0.6752484440803528,
          "y": -0.34328675270080566,
          "z": 1.375871181488037
        },
        "rotation_quaternion": {
          "w": 0.3261919617652893,
          "x": -0.854104220867157,
          "y": -0.3289433717727661,
          "z": 0.2364342212677002
        },
        "matrix": [
          [
            0.6717893481254578,
            0.4076586961746216,
            -0.6184767484664917,
            0.6636242866516113
          ],
          [
            0.7161504030227661,
            -0.5707903504371643,
            0.4016555845737457,
            -0.3270110487937927
          ],
          [
            -0.18928274512290955,
            -0.7127559185028076,
            -0.6754000782966614,
            1.3961949348449707
          ],
          [
            0.0,
            0.0,
            0.0,
            1.0
          ]
        ]
      },
      "bone_length_armature_space": 0.028514500236129368,
      "parent": "metacarpal_index_l",
      "has_children": true,
      "is_end_bone": false
    },
    "index_02_l": {
      "name": "index_02_l",
      "local": {
        "location": {
          "x": 0.0,
          "y": 0.0,
          "z": 0.0
        },
        "rotation_quaternion": {
          "w": 0.9042328596115112,
          "x": 0.42688557505607605,
          "y": 0.00356567045673728,
          "z": 0.010905678384006023
        },
        "scale": {
          "x": 1.0,
          "y": 1.0,
          "z": 1.0
        },
        "matrix_basis": [
          [
            0.9997367262840271,
            -0.016678279265761375,
            0.01575934700667858,
            0.0
          ],
          [
            0.02276681177318096,
            0.635299563407898,
            -0.7719301581382751,
            0.0
          ],
          [
            0.002862560795620084,
            0.7720857262611389,
            0.6355119943618774,
            0.0
          ],
          [
            0.0,
            0.0,
            0.0,
            1.0
          ]
        ],
        "rotation_mode": "QUATERNION"
      },
      "armature_space": {
        "head": {
          "x": 0.6752482652664185,
          "y": -0.40653103590011597,
          "z": 0.4260167181491852
        },
        "tail": {
          "x": 0.6695254445075989,
          "y": -0.4094103276729584,
          "z": 0.4011760652065277
        }
      },
      "world_space": {
        "head": {
          "x": 0.6752482652664185,
          "y": -0.34328705072402954,
          "z": 1.375870704650879
        },
        "tail": {
          "x": 0.6695254445075989,
          "y": -0.34616631269454956,
          "z": 1.3510301113128662
        },
        "rotation_quaternion": {
          "w": 0.6343363523483276,
          "x": -0.6407042145729065,
          "y": -0.203712597489357,
          "z": 0.38159775733947754
        },
        "matrix": [
          [
            0.6257672309875488,
            -0.22308349609375,
            -0.7474284172058105,
            0.6752482652664185
          ],
          [
            0.7451626062393188,
            -0.11223861575126648,
            0.6573699712753296,
            -0.34328705072402954
          ],
          [
            -0.23053956031799316,
            -0.9683232307434082,
            0.09599959850311279,
            1.375870704650879
          ],
          [
            0.0,
            0.0,
            0.0,
            1.0
          ]
        ]
      },
      "bone_length_armature_space": 0.025653440621269747,
      "parent": "index_01_l",
      "has_children": true,
      "is_end_bone": false
    },
    "index_03_l": {
      "name": "index_03_l",
      "local": {
        "location": {
          "x": 0.0,
          "y": 0.0,
          "z": 0.0
        },
        "rotation_quaternion": {
          "w": 0.9312829971313477,
          "x": 0.36424562335014343,
          "y": 0.006077509373426437,
          "z": 0.0005551624344661832
        },
        "scale": {
          "x": 1.0,
          "y": 1.0,
          "z": 1.0
        },
        "matrix_basis": [
          [
            0.9999254941940308,
            0.0033933857921510935,
            0.011724193580448627,
            0.0
          ],
          [
            0.005461439024657011,
            0.734649658203125,
            -0.6784247756004333,
            0.0
          ],
          [
            -0.010915331542491913,
            0.6784382462501526,
            0.734576404094696,
            0.0
          ],
          [
            0.0,
            0.0,
            0.0,
            1.0
          ]
        ],
        "rotation_mode": "QUATERNION"
      },
      "armature_space": {
        "head": {
          "x": 0.6695255637168884,
          "y": -0.40941041707992554,
          "z": 0.4011760950088501
        },
        "tail": {
          "x": 0.6511829495429993,
          "y": -0.39489272236824036,
          "z": 0.38366836309432983
        }
      },
      "world_space": {
        "head": {
          "x": 0.6695255637168884,
          "y": -0.3461664319038391,
          "z": 1.3510301113128662
        },
        "tail": {
          "x": 0.6511829495429993,
          "y": -0.33164870738983154,
          "z": 1.3335223197937012
        },
        "rotation_quaternion": {
          "w": 0.8636735081672668,
          "x": -0.3247579038143158,
          "y": -0.05000007525086403,
          "z": 0.3822309076786041
        },
        "matrix": [
          [
            0.7027983665466309,
            -0.6277697086334229,
            -0.33463379740715027,
            0.6695255637168884
          ],
          [
            0.6927220821380615,
            0.4968630075454712,
            0.5227459073066711,
            -0.3461664319038391
          ],
          [
            -0.16189727187156677,
            -0.5991969704627991,
            0.784070611000061,
            1.3510301113128662
          ],
          [
            0.0,
            0.0,
            0.0,
            1.0
          ]
        ]
      },
      "bone_length_armature_space": 0.029218754574337386,
      "parent": "index_02_l",
      "has_children": false,
      "is_end_bone": true
    },
    "metacarpal_pinky_l": {
      "name": "metacarpal_pinky_l",
      "local": {
        "location": {
          "x": 0.0,
          "y": 0.0,
          "z": 0.0
        },
        "rotation_quaternion": {
          "w": 0.9995009899139404,
          "x": 0.030903242528438568,
          "y": 0.0010448428802192211,
          "z": -0.006457213312387466
        },
        "scale": {
          "x": 1.0,
          "y": 1.0,
          "z": 1.0
        },
        "matrix_basis": [
          [
            0.9999144077301025,
            0.012972560711205006,
            0.0016895453445613384,
            0.0
          ],
          [
            -0.012843403965234756,
            0.9980065822601318,
            -0.0617891363799572,
            0.0
          ],
          [
            -0.0024877407122403383,
            0.06176215037703514,
            0.9980878233909607,
            0.0
          ],
          [
            0.0,
            0.0,
            0.0,
            1.0
          ]
        ],
        "rotation_mode": "QUATERNION"
      },
      "armature_space": {
        "head": {
          "x": 0.6137630343437195,
          "y": -0.286357045173645,
          "z": 0.46751391887664795
        },
        "tail": {
          "x": 0.6980059742927551,
          "y": -0.3475014865398407,
          "z": 0.47028881311416626
        }
      },
      "world_space": {
        "head": {
          "x": 0.6137630343437195,
          "y": -0.2231130450963974,
          "z": 1.417367935180664
        },
        "tail": {
          "x": 0.6980059742927551,
          "y": -0.2842574715614319,
          "z": 1.4201428890228271
        },
        "rotation_quaternion": {
          "w": 0.4307049810886383,
          "x": 0.3111115097999573,
          "y": 0.1445617377758026,
          "z": -0.8347483277320862
        },
        "matrix": [
          [
            -0.4354051947593689,
            0.8090111017227173,
            -0.3948712646961212,
            0.6137630343437195
          ],
          [
            -0.6291117072105408,
            -0.5871890187263489,
            -0.5093406438827515,
            -0.2231130450963974
          ],
          [
            -0.6439313292503357,
            0.02664817124605179,
            0.7646281719207764,
            1.417367935180664
          ],
          [
            0.0,
            0.0,
            0.0,
            1.0
          ]
        ]
      },
      "bone_length_armature_space": 0.1041307631710088,
      "parent": "lowerarm_l",
      "has_children": true,
      "is_end_bone": false
    },
    "pinky_01_l": {
      "name": "pinky_01_l",
      "local": {
        "location": {
          "x": 0.0,
          "y": 0.0,
          "z": 0.0
        },
        "rotation_quaternion": {
          "w": 0.951778769493103,
          "x": 0.3064352571964264,
          "y": 0.014646079391241074,
          "z": 0.00041192350909113884
        },
        "scale": {
          "x": 1.0,
          "y": 1.0,
          "z": 1.0
        },
        "matrix_basis": [
          [
            0.9995706677436829,
            0.008192029781639576,
            0.028132110834121704,
            0.0
          ],
          [
            0.009760269895195961,
            0.8121945261955261,
            -0.5833050608634949,
            0.0
          ],
          [
            -0.02762719988822937,
            0.5833292007446289,
            0.8117658495903015,
            0.0
          ],
          [
            0.0,
            0.0,
            0.0,
            1.0
          ]
        ],
        "rotation_mode": "QUATERNION"
      },
      "armature_space": {
        "head": {
          "x": 0.6980059742927551,
          "y": -0.3475014865398407,
          "z": 0.47028881311416626
        },
        "tail": {
          "x": 0.7125455737113953,
          "y": -0.3569672107696533,
