{
  "metadata": {
    "armature_name": "KIM_caucasian_male",
    "export_time": "2026-01-13T19:11:45.353040",
    "blender_version": "4.4.1",
    "bone_count": 56,
    "end_bone_count": 13,
    "spaces_included": [
      "LOCAL_CHANNELS",
      "ARMATURE_SPACE",
      "WORLD_SPACE"
    ],
    "note": "LOCAL matches Transform panel; replay pose via local.matrix_basis for best fidelity."
  },
  "bones": {
    "Root": {
      "name": "Root",
      "local": {
        "location": {
          "x": 0.0,
          "y": 0.0,
          "z": 0.0
        },
        "rotation_quaternion": {
          "w": 0.9996934533119202,
          "x": 0.007480175234377384,
          "y": 0.014508129097521305,
          "z": -0.018617231398820877
        },
        "scale": {
          "x": 1.0,
          "y": 1.0,
          "z": 1.0
        },
        "matrix_basis": [
          [
            0.9988858103752136,
            0.03744009509682655,
            0.028728842735290527,
            0.0
          ],
          [
            -0.03700600191950798,
            0.9991949200630188,
            -0.015495967119932175,
            0.0
          ],
          [
            -0.029285883530974388,
            0.014415562152862549,
            0.999467134475708,
            0.0
          ],
          [
            0.0,
            0.0,
            0.0,
            1.0
          ]
        ],
        "rotation_mode": "QUATERNION"
      },
      "armature_space": {
        "head": {
          "x": 0.0,
          "y": 0.07072800397872925,
          "z": -0.009595036506652832
        },
        "tail": {
          "x": 0.0026723193004727364,
          "y": -8.137524127960205e-05,
          "z": -0.0010273167863488197
        }
      },
      "world_space": {
        "head": {
          "x": 0.0,
          "y": 0.13397200405597687,
          "z": 0.9402589797973633
        },
        "tail": {
          "x": 0.0026723193004727364,
          "y": 0.06316262483596802,
          "z": 0.9488266706466675
        },
        "rotation_quaternion": {
          "w": 0.05988382175564766,
          "x": 0.9979262948036194,
          "y": 0.0195523202419281,
          "z": 0.013220968656241894
        },
        "matrix": [
          [
            0.9988858103752136,
            0.03744009509682655,
            0.028728842735290527,
            0.0
          ],
          [
            0.04060699790716171,
            -0.9920632839202881,
            -0.11900275200605392,
            0.13397200405597687
          ],
          [
            0.024045560508966446,
            0.12003664672374725,
            -0.9924852848052979,
            0.9402589797973633
          ],
          [
            0.0,
            0.0,
            0.0,
            1.0
          ]
        ]
      },
      "bone_length_armature_space": 0.07137587435436789,
      "parent": null,
      "has_children": true,
      "is_end_bone": false
    },
    "spine_01": {
      "name": "spine_01",
      "local": {
        "location": {
          "x": 0.0,
          "y": 0.0,
          "z": 0.0
        },
        "rotation_quaternion": {
          "w": 0.9974433779716492,
          "x": -0.0018552030669525266,
          "y": -0.040079157799482346,
          "z": 0.05913468450307846
        },
        "scale": {
          "x": 1.0,
          "y": 1.0,
          "z": 1.0
        },
        "matrix_basis": [
          [
            0.9897934794425964,
            -0.11781828850507736,
            -0.08017279207706451,
            0.0
          ],
          [
            0.11811570823192596,
            0.9929993152618408,
            -0.0010392166441306472,
            0.0
          ],
          [
            0.0797339677810669,
            -0.008441057056188583,
            0.9967804551124573,
            0.0
          ],
          [
            0.0,
            0.0,
            0.0,
            1.0
          ]
        ],
        "rotation_mode": "QUATERNION"
      },
      "armature_space": {
        "head": {
          "x": 0.0026723193004727364,
          "y": -8.137524127960205e-05,
          "z": -0.0010273167863488197
        },
        "tail": {
          "x": -0.06719470769166946,
          "y": 0.016851039603352547,
          "z": 0.4816531240940094
        }
      },
      "world_space": {
        "head": {
          "x": 0.0026723193004727364,
          "y": 0.06316262483596802,
          "z": 0.9488266706466675
        },
        "tail": {
          "x": -0.06719470769166946,
          "y": 0.08009503781795502,
          "z": 1.4315071105957031
        },
        "rotation_quaternion": {
          "w": 0.7163737416267395,
          "x": 0.6937190294265747,
          "y": -0.06447635591030121,
          "z": 0.03748941048979759
        },
        "matrix": [
          [
            0.9888747334480286,
            -0.14316977560520172,
            -0.040363166481256485,
            0.0026723193004727364
          ],
          [
            -0.03574308380484581,
            0.034697484225034714,
            -0.9987586140632629,
            0.06316262483596802
          ],
          [
            0.14439351856708527,
            0.9890967607498169,
            0.029193418100476265,
            0.9488266706466675
          ],
          [
            0.0,
            0.0,
            0.0,
            1.0
          ]
        ]
      },
      "bone_length_armature_space": 0.48800461985609694,
      "parent": "Root",
      "has_children": true,
      "is_end_bone": false
    },
    "neck_01": {
      "name": "neck_01",
      "local": {
        "location": {
          "x": 0.0,
          "y": 0.0,
          "z": 0.0
        },
        "rotation_quaternion": {
          "w": 0.9826576709747314,
          "x": -0.08421368896961212,
          "y": 0.13381879031658173,
          "z": 0.09687449783086777
        },
        "scale": {
          "x": 1.0,
          "y": 1.0,
          "z": 1.0
        },
        "matrix_basis": [
          [
            0.945415735244751,
            -0.2129276841878891,
            0.24667979776859283,
            0.0
          ],
          [
            0.16785018146038055,
            0.9670467972755432,
            0.19143371284008026,
            0.0
          ],
          [
            -0.2793124318122864,
            -0.1395791918039322,
            0.9500011801719666,
            0.0
          ],
          [
            0.0,
            0.0,
            0.0,
            1.0
          ]
        ],
        "rotation_mode": "QUATERNION"
      },
      "armature_space": {
        "head": {
          "x": -0.07907719165086746,
          "y": -0.015245851129293442,
          "z": 0.5550856590270996
        },
        "tail": {
          "x": -0.11553428322076797,
          "y": -0.03545729070901871,
          "z": 0.6487506031990051
        }
      },
      "world_space": {
        "head": {
          "x": -0.07907719165086746,
          "y": 0.04799814894795418,
          "z": 1.5049396753311157
        },
        "tail": {
          "x": -0.11553428322076797,
          "y": 0.027786709368228912,
          "z": 1.598604679107666
        },
        "rotation_quaternion": {
          "w": 0.63045334815979,
          "x": 0.7452839612960815,
          "y": -0.0629037469625473,
          "z": 0.20766222476959229
        },
        "matrix": [
          [
            0.9058395624160767,
            -0.3556049168109894,
            0.2302170991897583,
            -0.07907719165086746
          ],
          [
            0.16807839274406433,
            -0.19714373350143433,
            -0.9658594727516174,
            0.04799814894795418
          ],
          [
            0.3888530731201172,
            0.9136142134666443,
            -0.11881282925605774,
            1.5049396753311157
          ],
          [
            0.0,
            0.0,
            0.0,
            1.0
          ]
        ]
      },
      "bone_length_armature_space": 0.10252191877101392,
      "parent": "spine_01",
      "has_children": true,
      "is_end_bone": false
    },
    "head": {
      "name": "head",
      "local": {
        "location": {
          "x": 0.0,
          "y": 0.0,
          "z": 0.0
        },
        "rotation_quaternion": {
          "w": 0.9746837615966797,
          "x": -0.07122166454792023,
          "y": 0.14560824632644653,
          "z": 0.15400438010692596
        },
        "scale": {
          "x": 1.0,
          "y": 1.0,
          "z": 1.0
        },
        "matrix_basis": [
          [
            0.9101617932319641,
            -0.32095205783843994,
            0.26190710067749023,
            0.0
          ],
          [
            0.27947020530700684,
            0.942420244216919,
            0.1836858093738556,
            0.0
          ],
          [
            -0.30578088760375977,
            -0.0939885824918747,
            0.9474514126777649,
            0.0
          ],
          [
            0.0,
            0.0,
            0.0,
            1.0
          ]
        ],
        "rotation_mode": "QUATERNION"
      },
      "armature_space": {
        "head": {
          "x": -0.1155342161655426,
          "y": -0.03545742481946945,
          "z": 0.6487505435943604
        },
        "tail": {
          "x": -0.22254636883735657,
          "y": -0.00535832904279232,
          "z": 0.7568967342376709
        }
      },
      "world_space": {
        "head": {
          "x": -0.1155342161655426,
          "y": 0.027786575257778168,
          "z": 1.5986045598983765
        },
        "tail": {
          "x": -0.22254636883735657,
          "y": 0.05788566917181015,
          "z": 1.706750750541687
        },
        "rotation_quaternion": {
          "w": 0.7665314674377441,
          "x": 0.5038577914237976,
          "y": -0.09729962050914764,
          "z": 0.38612160086631775
        },
        "matrix": [
          [
            0.682884693145752,
            -0.6899994015693665,
            0.23993653059005737,
            -0.1155342161655426
          ],
          [
            0.49390122294425964,
            0.19407476484775543,
            -0.8475830554962158,
            0.027786575257778168
          ],
          [
            0.5382702946662903,
            0.6973114013671875,
            0.47332459688186646,
            1.5986045598983765
          ],
          [
            0.0,
            0.0,
            0.0,
            1.0
          ]
        ]
      },
      "bone_length_armature_space": 0.15509079554404842,
      "parent": "neck_01",
      "has_children": false,
      "is_end_bone": true
    },
    "upperarm_l": {
      "name": "upperarm_l",
      "local": {
        "location": {
          "x": 0.0,
          "y": 0.0,
          "z": 0.0
        },
        "rotation_quaternion": {
          "w": 0.8524136543273926,
          "x": 0.007725208066403866,
          "y": 0.5128790140151978,
          "z": -0.10142223536968231
        },
        "scale": {
          "x": 1.0,
          "y": 1.0,
          "z": 1.0
        },
        "matrix_basis": [
          [
            0.45333728194236755,
            0.18083159625530243,
            0.8728031516075134,
            0.0
          ],
          [
            -0.16498319804668427,
            0.9793077111244202,
            -0.11720481514930725,
            0.0
          ],
          [
            -0.8759371638298035,
            -0.09086452424526215,
            0.47379088401794434,
            0.0
          ],
          [
            0.0,
            0.0,
            0.0,
            1.0
          ]
        ],
        "rotation_mode": "QUATERNION"
      },
      "armature_space": {
        "head": {
          "x": 0.07874741405248642,
          "y": -0.02612442523241043,
          "z": 0.5103628635406494
        },
        "tail": {
          "x": 0.3450798988342285,
          "y": -0.0015690233558416367,
          "z": 0.4938804507255554
        }
      },
      "world_space": {
        "head": {
          "x": 0.07874741405248642,
          "y": 0.03711957484483719,
          "z": 1.4602168798446655
        },
        "tail": {
          "x": 0.3450798988342285,
          "y": 0.061674974858760834,
          "z": 1.4437344074249268
        },
        "rotation_quaternion": {
          "w": 0.1627923846244812,
          "x": 0.6469382047653198,
          "y": 0.7206365466117859,
          "z": -0.18881891667842865
        },
        "matrix": [
          [
            -0.10993856936693192,
            0.9938912391662598,
            -0.00968235358595848,
            0.07874741405248642
          ],
          [
            0.8709383010864258,
            0.0916350856423378,
            -0.4827732443809509,
            0.03711957484483719
          ],
          [
            -0.47893932461738586,
            -0.06150853633880615,
            -0.8756985664367676,
            1.4602168798446655
          ],
          [
            0.0,
            0.0,
            0.0,
            1.0
          ]
        ]
      },
      "bone_length_armature_space": 0.2679694562576332,
      "parent": "spine_01",
      "has_children": true,
      "is_end_bone": false
    },
    "lowerarm_l": {
      "name": "lowerarm_l",
      "local": {
        "location": {
          "x": 0.0,
          "y": 0.0,
          "z": 0.0
        },
        "rotation_quaternion": {
          "w": 0.9681441783905029,
          "x": 0.025036299601197243,
          "y": 0.028959909453988075,
          "z": 0.24744972586631775
        },
        "scale": {
          "x": 1.0,
          "y": 1.0,
          "z": 1.0
        },
        "matrix_basis": [
          [
            0.8758599162101746,
            -0.4776839315891266,
            0.06846518814563751,
            0.0
          ],
          [
            0.48058411478996277,
            0.8762836456298828,
            -0.03414525091648102,
            0.0
          ],
          [
            -0.04368428513407707,
            0.06280973553657532,
            0.9970690011978149,
            0.0
          ],
          [
            0.0,
            0.0,
            0.0,
            1.0
          ]
        ],
        "rotation_mode": "QUATERNION"
      },
      "armature_space": {
        "head": {
          "x": 0.3450799882411957,
          "y": -0.0015691444277763367,
          "z": 0.4938804507255554
        },
        "tail": {
          "x": 0.5827003717422485,
          "y": -0.11975125968456268,
          "z": 0.5276278853416443
        }
      },
      "world_space": {
        "head": {
          "x": 0.3450799882411957,
          "y": 0.06167485564947128,
          "z": 1.4437344074249268
        },
        "tail": {
          "x": 0.5827003717422485,
          "y": -0.056507259607315063,
          "z": 1.4774818420410156
        },
        "rotation_quaternion": {
          "w": 0.20510387420654297,
          "x": 0.821027398109436,
          "y": 0.48687872290611267,
          "z": -0.2163231074810028
        },
        "matrix": [
          [
            0.4323064088821411,
            0.8882192373275757,
            -0.15549130737781525,
            0.3450799882411957
          ],
          [
            0.7107444405555725,
            -0.44176188111305237,
            -0.54743891954422,
            0.06167485564947128
          ],
          [
            -0.5549390316009521,
            0.12614718079566956,
            -0.8222795724868774,
            1.4437344074249268
          ],
          [
            0.0,
            0.0,
            0.0,
            1.0
          ]
        ]
      },
      "bone_length_armature_space": 0.26752448088078995,
      "parent": "upperarm_l",
      "has_children": true,
      "is_end_bone": false
    },
    "metacarpal_thumb_l": {
      "name": "metacarpal_thumb_l",
      "local": {
        "location": {
          "x": 0.0,
          "y": 0.0,
          "z": 0.0
        },
        "rotation_quaternion": {
          "w": 0.9997947812080383,
          "x": -0.02018588036298752,
          "y": 0.0014702447224408388,
          "z": -0.000909660360775888
        },
        "scale": {
          "x": 1.0,
          "y": 1.0,
          "z": 1.0
        },
        "matrix_basis": [
          [
            0.9999940395355225,
            0.0017595910467207432,
            0.0029766105581074953,
            0.0
          ],
          [
            -0.0018783037085086107,
            0.9991834163665771,
            0.04036080092191696,
            0.0
          ],
          [
            -0.0029031613375991583,
            -0.04036615043878555,
            0.9991807341575623,
            0.0
          ],
          [
            0.0,
            0.0,
            0.0,
            1.0
          ]
        ],
        "rotation_mode": "QUATERNION"
      },
      "armature_space": {
        "head": {
          "x": 0.5827003717422485,
          "y": -0.11975125968456268,
          "z": 0.5276278853416443
        },
        "tail": {
          "x": 0.6162506341934204,
          "y": -0.1480909287929535,
          "z": 0.504718542098999
        }
      },
      "world_space": {
        "head": {
          "x": 0.5827003717422485,
          "y": -0.056507259607315063,
          "z": 1.4774818420410156
        },
        "tail": {
          "x": 0.6162506341934204,
          "y": -0.08484692871570587,
          "z": 1.4545725584030151
        },
        "rotation_quaternion": {
          "w": 0.37412866950035095,
          "x": -0.8349224328994751,
          "y": -0.27196168899536133,
          "z": -0.29827702045440674
        },
        "matrix": [
          [
            0.6741353869438171,
            0.6773219108581543,
            0.2945778965950012,
            0.5827003717422485
          ],
          [
            0.23094786703586578,
            -0.5721295475959778,
            0.7869760990142822,
            -0.056507259607315063
          ],
          [
            0.7015780806541443,
            -0.4625000059604645,
            -0.5421218276023865,
            1.4774818420410156
          ],
          [
            0.0,
            0.0,
            0.0,
            1.0
          ]
        ]
      },
      "bone_length_armature_space": 0.04953377569088874,
      "parent": "lowerarm_l",
      "has_children": true,
      "is_end_bone": false
    },
    "thumb_01_l": {
      "name": "thumb_01_l",
      "local": {
        "location": {
          "x": 0.0,
          "y": 0.0,
          "z": 0.0
        },
        "rotation_quaternion": {
          "w": 0.9994558095932007,
          "x": -0.0315140075981617,
          "y": 0.0010132553288713098,
          "z": 0.009698954410851002
        },
        "scale": {
          "x": 1.0,
          "y": 1.0,
          "z": 1.0
        },
        "matrix_basis": [
          [
            0.9998098015785217,
            -0.019451215863227844,
            0.0014141020365059376,
            0.0
          ],
          [
            0.01932348869740963,
            0.9978256225585938,
            0.06301336735486984,
            0.0
          ],
          [
            -0.0026367136742919683,
            -0.06297405809164047,
            0.9980117082595825,
            0.0
          ],
          [
            0.0,
            0.0,
            0.0,
            1.0
          ]
        ],
        "rotation_mode": "QUATERNION"
      },
      "armature_space": {
        "head": {
          "x": 0.6162506341934204,
          "y": -0.1480909287929535,
          "z": 0.504718542098999
        },
        "tail": {
          "x": 0.634268045425415,
          "y": -0.14195974171161652,
          "z": 0.47649767994880676
        }
      },
      "world_space": {
        "head": {
          "x": 0.6162506341934204,
          "y": -0.08484692871570587,
          "z": 1.4545725584030151
        },
        "tail": {
          "x": 0.634268045425415,
          "y": -0.0787157416343689,
          "z": 1.4263516664505005
        },
        "rotation_quaternion": {
          "w": 0.7168197631835938,
          "x": -0.37974992394447327,
          "y": 0.2761023938655853,
          "z": -0.5154872536659241
        },
        "matrix": [
          [
            0.3160783648490906,
            0.5293236374855042,
            0.7873441576957703,
            0.6162506341934204
          ],
          [
            -0.948723316192627,
            0.18012462556362152,
            0.259768009185791,
            -0.08484692871570587
          ],
          [
            -0.004319570027291775,
            -0.8290844559669495,
            0.5591193437576294,
            1.4545725584030151
          ],
          [
            0.0,
            0.0,
            0.0,
            1.0
          ]
        ]
      },
      "bone_length_armature_space": 0.03403873693643691,
      "parent": "metacarpal_thumb_l",
      "has_children": true,
      "is_end_bone": false
    },
    "thumb_02_l": {
      "name": "thumb_02_l",
      "local": {
        "location": {
          "x": 0.0,
          "y": 0.0,
          "z": 0.0
        },
        "rotation_quaternion": {
          "w": 0.9969426393508911,
          "x": 0.07708902657032013,
          "y": -0.007837550714612007,
          "z": 0.010060490109026432
        },
        "scale": {
          "x": 1.0,
          "y": 1.0,
          "z": 1.0
        },
        "matrix_basis": [
          [
            0.9996747374534607,
            -0.021267840638756752,
            -0.014076069928705692,
            0.0
          ],
          [
            0.018851084634661674,
            0.987912118434906,
            -0.15386436879634857,
            0.0
          ],
          [
            0.017178284004330635,
            0.1535489708185196,
            0.9879916906356812,
            0.0
          ],
          [
            0.0,
            0.0,
            0.0,
            1.0
          ]
        ],
        "rotation_mode": "QUATERNION"
      },
      "armature_space": {
        "head": {
          "x": 0.6342679858207703,
          "y": -0.14195972681045532,
          "z": 0.47649770975112915
        },
        "tail": {
          "x": 0.6713139414787292,
          "y": -0.15712720155715942,
          "z": 0.47977229952812195
        }
      },
      "world_space": {
        "head": {
          "x": 0.6342679858207703,
          "y": -0.0787157267332077,
          "z": 1.42635178565979
        },
        "tail": {
          "x": 0.6713139414787292,
          "y": -0.0938832014799118,
          "z": 1.4296263456344604
        },
        "rotation_quaternion": {
          "w": 0.5558619499206543,
          "x": 0.1423298716545105,
          "y": 0.046903096139431,
          "z": -0.8176551461219788
        },
        "matrix": [
          [
            -0.3415193557739258,
            0.9223582744598389,
            -0.1806088238954544,
            0.6342679858207703
          ],
          [
            -0.8956555128097534,
            -0.3776347041130066,
            -0.2349330186843872,
            -0.0787157267332077
          ],
          [
            -0.28489941358566284,
            0.0815293937921524,
            0.9550912380218506,
            1.42635178565979
          ],
          [
            0.0,
            0.0,
            0.0,
            1.0
          ]
        ]
      },
      "bone_length_armature_space": 0.040164388595574,
      "parent": "thumb_01_l",
      "has_children": true,
      "is_end_bone": false
    },
    "thumb_03_l": {
      "name": "thumb_03_l",
      "local": {
        "location": {
          "x": 0.0,
          "y": 0.0,
          "z": 0.0
        },
        "rotation_quaternion": {
          "w": 0.9990960359573364,
          "x": 0.041652895510196686,
          "y": -0.0066957054659724236,
          "z": -0.005227123852819204
        },
        "scale": {
          "x": 1.0,
          "y": 1.0,
          "z": 1.0
        },
        "matrix_basis": [
          [
            0.9998556971549988,
            0.009887006133794785,
            -0.013814755715429783,
            0.0
          ],
          [
            -0.011002588085830212,
            0.9964753985404968,
            -0.08316048979759216,
            0.0
          ],
          [
            0.012943855486810207,
            0.08330048620700836,
            0.9964404106140137,
            0.0
          ],
          [
            0.0,
            0.0,
            0.0,
            1.0
          ]
        ],
        "rotation_mode": "QUATERNION"
      },
      "armature_space": {
        "head": {
          "x": 0.6713138818740845,
          "y": -0.15712721645832062,
          "z": 0.4797722101211548
        },
        "tail": {
          "x": 0.6968555450439453,
          "y": -0.16703324019908905,
          "z": 0.4930533468723297
        }
      },
      "world_space": {
        "head": {
          "x": 0.6713138818740845,
          "y": -0.093883216381073,
          "z": 1.429626226425171
        },
        "tail": {
          "x": 0.6968555450439453,
          "y": -0.10378924012184143,
          "z": 1.4429073333740234
        },
        "rotation_quaternion": {
          "w": 0.5807684659957886,
          "x": 0.3809744715690613,
          "y": 0.004366086330264807,
          "z": -0.7194077372550964
        },
        "matrix": [
          [
            -0.035131316632032394,
            0.8389469981193542,
            -0.5430778861045837,
            0.6713138818740845
          ],
          [
            -0.8322919607162476,
            -0.32537540793418884,
            -0.4487999975681305,
            -0.093883216381073
          ],
          [
            -0.5532281994819641,
            0.43623510003089905,
            0.7096841335296631,
            1.429626226425171
          ],
          [
            0.0,
            0.0,
            0.0,
            1.0
          ]
        ]
      },
      "bone_length_armature_space": 0.030444941504152615,
      "parent": "thumb_02_l",
      "has_children": false,
      "is_end_bone": true
    },
    "metacarpal_index_l": {
      "name": "metacarpal_index_l",
      "local": {
        "location": {
          "x": 0.0,
          "y": 0.0,
          "z": 0.0
        },
        "rotation_quaternion": {
          "w": 0.9990314841270447,
          "x": -0.040540989488363266,
          "y": -0.01684744283556938,
          "z": -0.002933759707957506
        },
        "scale": {
          "x": 1.0,
          "y": 1.0,
          "z": 1.0
        },
        "matrix_basis": [
          [
            0.9994150996208191,
            0.0072278608568012714,
            -0.03342437744140625,
            0.0
          ],
          [
            -0.004495812579989433,
            0.9966956377029419,
            0.08110230416059494,
            0.0
          ],
          [
            0.033900126814842224,
            -0.08090459555387497,
            0.9961451888084412,
            0.0
          ],
          [
            0.0,
            0.0,
            0.0,
            1.0
          ]
        ],
        "rotation_mode": "QUATERNION"
      },
      "armature_space": {
        "head": {
          "x": 0.5827003717422485,
          "y": -0.11975125968456268,
          "z": 0.5276278853416443
        },
        "tail": {
          "x": 0.6781492829322815,
          "y": -0.18704408407211304,
          "z": 0.5181199908256531
        }
      },
      "world_space": {
        "head": {
          "x": 0.5827003717422485,
          "y": -0.056507259607315063,
          "z": 1.4774818420410156
        },
        "tail": {
          "x": 0.6781492829322815,
          "y": -0.12380008399486542,
          "z": 1.4679739475250244
        },
        "rotation_quaternion": {
          "w": 0.10931336134672165,
          "x": -0.8785451054573059,
          "y": -0.4482139050960541,
          "z": -0.12374716997146606
        },
        "matrix": [
          [
            0.5675816535949707,
            0.8146068453788757,
            0.11944225430488586,
            0.5827003717422485
          ],
          [
            0.760498583316803,
            -0.5743093490600586,
            0.30300384759902954,
            -0.056507259607315063
          ],
          [
            0.3154286742210388,
            -0.08114488422870636,
            -0.9454810619354248,
            1.4774818420410156
          ],
          [
            0.0,
            0.0,
            0.0,
            1.0
          ]
        ]
      },
      "bone_length_armature_space": 0.11717174869343927,
      "parent": "lowerarm_l",
      "has_children": true,
      "is_end_bone": false
    },
    "index_01_l": {
      "name": "index_01_l",
      "local": {
        "location": {
          "x": 0.0,
          "y": 0.0,
          "z": 0.0
        },
        "rotation_quaternion": {
          "w": 0.997572660446167,
          "x": -0.0670880451798439,
          "y": -0.01727937161922455,
          "z": 0.00703135970979929
        },
        "scale": {
          "x": 1.0,
          "y": 1.0,
          "z": 1.0
        },
        "matrix_basis": [
          [
            0.999303936958313,
            -0.011710105463862419,
            -0.035418298095464706,
            0.0
          ],
          [
            0.016347063705325127,
            0.9908995032310486,
            0.1336074024438858,
            0.0
          ],
          [
            0.033531416207551956,
            -0.13409338891506195,
            0.9904012084007263,
            0.0
          ],
          [
            0.0,
            0.0,
            0.0,
            1.0
          ]
        ],
        "rotation_mode": "QUATERNION"
      },
      "armature_space": {
        "head": {
          "x": 0.6781492829322815,
          "y": -0.18704408407211304,
          "z": 0.5181199908256531
        },
        "tail": {
          "x": 0.7035760879516602,
          "y": -0.19722381234169006,
          "z": 0.5260522961616516
        }
      },
      "world_space": {
        "head": {
          "x": 0.6781492829322815,
          "y": -0.12380008399486542,
          "z": 1.4679739475250244
        },
        "tail": {
          "x": 0.7035760879516602,
          "y": -0.13397981226444244,
          "z": 1.4759063720703125
        },
        "rotation_quaternion": {
          "w": 0.025512805208563805,
          "x": 0.7965778112411499,
          "y": 0.5664334893226624,
          "z": 0.20968104898929596
        },
        "matrix": [
          [
            0.27037328481674194,
            0.8917180299758911,
            0.36295580863952637,
            0.6781492829322815
          ],
          [
            0.9131160378456116,
            -0.35700368881225586,
            0.19689622521400452,
            -0.12380008399486542
          ],
          [
            0.3051554262638092,
            0.2781868577003479,
            -0.910772442817688,
            1.4679739475250244
          ],
          [
            0.0,
            0.0,
            0.0,
            1.0
          ]
        ]
      },
      "bone_length_armature_space": 0.028514394979574614,
      "parent": "metacarpal_index_l",
      "has_children": true,
      "is_end_bone": false
    },
    "index_02_l": {
      "name": "index_02_l",
      "local": {
        "location": {
          "x": 0.0,
          "y": 0.0,
          "z": 0.0
        },
        "rotation_quaternion": {
          "w": 0.9972227811813354,
          "x": 0.07388467341661453,
          "y": 0.009314185008406639,
          "z": -0.0011242717737331986
        },
        "scale": {
          "x": 1.0,
          "y": 1.0,
          "z": 1.0
        },
        "matrix_basis": [
          [
            0.9998239874839783,
            0.0036186499055474997,
            0.01841050200164318,
            0.0
          ],
          [
            -0.0008659478044137359,
            0.9890795946121216,
            -0.14737990498542786,
            0.0
          ],
          [
            -0.018742768093943596,
            0.14733801782131195,
            0.988908588886261,
            0.0
          ],
          [
            0.0,
            0.0,
            0.0,
            1.0
          ]
        ],
        "rotation_mode": "QUATERNION"
      },
      "armature_space": {
        "head": {
          "x": 0.7035764455795288,
          "y": -0.19722411036491394,
          "z": 0.5260520577430725
        },
        "tail": {
          "x": 0.7275224328041077,
          "y": -0.20516908168792725,
          "z": 0.5306949615478516
        }
      },
      "world_space": {
        "head": {
          "x": 0.7035764455795288,
          "y": -0.13398011028766632,
          "z": 1.4759061336517334
        },
        "tail": {
          "x": 0.7275224328041077,
          "y": -0.14192508161067963,
          "z": 1.4805489778518677
        },
        "rotation_quaternion": {
          "w": 0.0026106711011379957,
          "x": -0.7937425374984741,
          "y": -0.5874860882759094,
          "z": -0.15756317973136902
        },
        "matrix": [
          [
            0.26006749272346497,
            0.9334482550621033,
            0.24706044793128967,
            0.7035764455795288
          ],
          [
            0.9318029284477234,
            -0.3097060024738312,
            0.18927758932113647,
            -0.13398011028766632
          ],
          [
            0.2531995475292206,
            0.18098761141300201,
            -0.9503408074378967,
            1.4759061336517334
          ],
          [
            0.0,
            0.0,
            0.0,
            1.0
          ]
        ]
      },
      "bone_length_armature_space": 0.025653253782607306,
      "parent": "index_01_l",
      "has_children": true,
      "is_end_bone": false
    },
    "index_03_l": {
      "name": "index_03_l",
      "local": {
        "location": {
          "x": 0.0,
          "y": 0.0,
          "z": 0.0
        },
        "rotation_quaternion": {
          "w": 0.9999799728393555,
          "x": 0.00509584229439497,
          "y": 0.0030392648186534643,
          "z": -0.002192663960158825
        },
        "scale": {
          "x": 1.0,
          "y": 1.0,
          "z": 1.0
        },
        "matrix_basis": [
          [
            0.9999719262123108,
            0.004416215233504772,
            0.006056061014533043,
            0.0
          ],
          [
            -0.0043542650528252125,
            0.999938428401947,
            -0.010204808786511421,
            0.0
          ],
          [
            -0.006100754719227552,
            0.010178152471780777,
            0.9999296069145203,
            0.0
          ],
          [
            0.0,
            0.0,
            0.0,
            1.0
          ]
        ],
        "rotation_mode": "QUATERNION"
      },
      "armature_space": {
        "head": {
          "x": 0.7275223731994629,
          "y": -0.20516912639141083,
          "z": 0.5306950807571411
        },
        "tail": {
          "x": 0.7559738159179688,
          "y": -0.2109837830066681,
          "z": 0.5339257717132568
        }
      },
      "world_space": {
        "head": {
          "x": 0.7275223731994629,
          "y": -0.1419251263141632,
          "z": 1.4805490970611572
        },
        "tail": {
          "x": 0.7559738159179688,
          "y": -0.14773978292942047,
          "z": 1.483779788017273
        },
        "rotation_quaternion": {
          "w": 0.058348413556814194,
          "x": -0.7580002546310425,
          "y": -0.6301528215408325,
          "z": -0.1579199582338333
        },
        "matrix": [
          [
            0.15593719482421875,
            0.9737407565116882,
            0.16586798429489136,
            0.7275223731994629
          ],
          [
            0.936883270740509,
            -0.19900496304035187,
            0.2874840795993805,
            -0.1419251263141632
          ],
          [
            0.3129465579986572,
            0.11057000607252121,
            -0.9433200359344482,
            1.4805490970611572
          ],
          [
            0.0,
            0.0,
            0.0,
            1.0
          ]
        ]
      },
      "bone_length_armature_space": 0.02921869547950386,
      "parent": "index_02_l",
      "has_children": false,
      "is_end_bone": true
    },
    "metacarpal_pinky_l": {
      "name": "metacarpal_pinky_l",
      "local": {
        "location": {
          "x": 0.0,
          "y": 0.0,
          "z": 0.0
        },
        "rotation_quaternion": {
          "w": 0.9980056285858154,
          "x": -0.062447816133499146,
          "y": 0.009100032970309258,
          "z": 0.001545407809317112
        },
        "scale": {
          "x": 1.0,
          "y": 1.0,
          "z": 1.0
        },
        "matrix_basis": [
          [
            0.9998295903205872,
            -0.004221205599606037,
            0.017970753833651543,
            0.0
          ],
          [
            0.0019480970222502947,
            0.9921957850456238,
            0.12467467039823532,
            0.0
          ],
          [
            -0.01835678331553936,
            -0.12461841851472855,
            0.992034912109375,
            0.0
          ],
          [
            0.0,
            0.0,
            0.0,
            1.0
          ]
        ],
        "rotation_mode": "QUATERNION"
      },
      "armature_space": {
        "head": {
          "x": 0.5827003717422485,
          "y": -0.11975125968456268,
          "z": 0.5276278853416443
        },
        "tail": {
          "x": 0.6800698637962341,
          "y": -0.13428980112075806,
          "z": 0.5615549087524414
        }
      },
      "world_space": {
        "head": {
          "x": 0.5827003717422485,
          "y": -0.056507259607315063,
          "z": 1.4774818420410156
        },
        "tail": {
          "x": 0.6800698637962341,
          "y": -0.07104580104351044,
          "z": 1.5114089250564575
        },
        "rotation_quaternion": {
          "w": 0.6051622629165649,
          "x": 0.5040416121482849,
          "y": 0.25292322039604187,
          "z": -0.5619168281555176
        },
        "matrix": [
          [
            0.24055689573287964,
            0.9350694417953491,
            -0.2603411376476288,
            0.5827003717422485
          ],
          [
            -0.425136536359787,
            -0.1396181583404541,
            -0.8942965269088745,
            -0.056507259607315063
          ],
          [
            -0.8725839853286743,
            0.32581183314323425,
            0.3639476001262665,
            1.4774818420410156
          ],
          [
            0.0,
            0.0,
            0.0,
            1.0
          ]
        ]
      },
      "bone_length_armature_space": 0.10413083230622594,
      "parent": "lowerarm_l",
      "has_children": true,
      "is_end_bone": false
    },
    "pinky_01_l": {
      "name": "pinky_01_l",
      "local": {
        "location": {
          "x": 0.0,
          "y": 0.0,
          "z": 0.0
        },
        "rotation_quaternion": {
          "w": 0.958602786064148,
          "x": 0.28449276089668274,
          "y": -0.007730752695351839,
          "z": 0.009215012192726135
        },
        "scale": {
          "x": 1.0,
          "y": 1.0,
          "z": 1.0
        },
        "matrix_basis": [
          [
            0.9997106194496155,
            -0.02206575870513916,
            -0.00957823358476162,
            0.0
          ],
          [
            0.013268386013805866,
            0.8379579186439514,
            -0.5455735921859741,
            0.0
          ],
          [
            0.02006465010344982,
            0.545288622379303,
            0.8380082249641418,
            0.0
          ],
          [
            0.0,
            0.0,
            0.0,
            1.0
          ]
        ],
        "rotation_mode": "QUATERNION"
      },
      "armature_space": {
        "head": {
          "x": 0.6800698637962341,
          "y": -0.13428980112075806,
          "z": 0.5615549087524414
        },
