{
  "metadata": {
    "armature_name": "KIM_caucasian_male",
    "export_time": "2026-01-13T21:08:24.949041",
    "blender_version": "4.4.1",
    "bone_count": 56,
    "end_bone_count": 13,
    "spaces_included": [
      "LOCAL_CHANNELS",
      "ARMATURE_SPACE",
      "WORLD_SPACE"
    ],
    "note": "LOCAL matches Transform panel; replay pose via local.matrix_basis for best fidelity."
  },
  "bones": {
    "Root": {
      "name": "Root",
      "local": {
        "location": {
          "x": 0.0,
          "y": 0.0,
          "z": 0.0
        },
        "rotation_quaternion": {
          "w": 0.9995105266571045,
          "x": -0.001467547146603465,
          "y": -0.0062845852226018906,
          "z": 0.03061227686703205
        },
        "scale": {
          "x": 1.0,
          "y": 1.0,
          "z": 1.0
        },
        "matrix_basis": [
          [
            0.9980467557907104,
            -0.06117613986134529,
            -0.012652868404984474,
            0.0
          ],
          [
            0.06121303141117096,
            0.998121440410614,
            0.0025488866958767176,
            0.0
          ],
          [
            0.012473167851567268,
            -0.0033184285275638103,
            0.999916672706604,
            0.0
          ],
          [
            0.0,
            0.0,
            0.0,
            1.0
          ]
        ],
        "rotation_mode": "QUATERNION"
      },
      "armature_space": {
        "head": {
          "x": 0.0,
          "y": 0.07072800397872925,
          "z": -0.009595036506652832
        },
        "tail": {
          "x": -0.004366500303149223,
          "y": 0.00016470998525619507,
          "z": 0.00021668244153261185
        }
      },
      "world_space": {
        "head": {
          "x": 0.0,
          "y": 0.13397200405597687,
          "z": 0.9402589797973633
        },
        "tail": {
          "x": -0.004366500303149223,
          "y": 0.06340871006250381,
          "z": 0.9500706791877747
        },
        "rotation_quaternion": {
          "w": 0.06879889219999313,
          "x": 0.9971410632133484,
          "y": -0.03096611797809601,
          "z": -0.004208024125546217
        },
        "matrix": [
          [
            0.9980467557907104,
            -0.06117613986134529,
            -0.012652868404984474,
            0.0
          ],
          [
            -0.062334176152944565,
            -0.9886155724525452,
            -0.1369442343711853,
            0.13397200405597687
          ],
          [
            -0.004131190478801727,
            0.1374654918909073,
            -0.9905049800872803,
            0.9402589797973633
          ],
          [
            0.0,
            0.0,
            0.0,
            1.0
          ]
        ]
      },
      "bone_length_armature_space": 0.07137586753722283,
      "parent": null,
      "has_children": true,
      "is_end_bone": false
    },
    "spine_01": {
      "name": "spine_01",
      "local": {
        "location": {
          "x": 0.0,
          "y": 0.0,
          "z": 0.0
        },
        "rotation_quaternion": {
          "w": 0.9994839429855347,
          "x": -0.024768350645899773,
          "y": -0.02045719511806965,
          "z": -0.00016460914048366249
        },
        "scale": {
          "x": 1.0,
          "y": 1.0,
          "z": 1.0
        },
        "matrix_basis": [
          [
            0.9991629719734192,
            0.001342430361546576,
            -0.04088512063026428,
            0.0
          ],
          [
            0.000684333557728678,
            0.9987729787826538,
            0.04951787367463112,
            0.0
          ],
          [
            0.04090142995119095,
            -0.04950440302491188,
            0.9979360699653625,
            0.0
          ],
          [
            0.0,
            0.0,
            0.0,
            1.0
          ]
        ],
        "rotation_mode": "QUATERNION"
      },
      "armature_space": {
        "head": {
          "x": -0.004366500303149223,
          "y": 0.00016470998525619507,
          "z": 0.00021668244153261185
        },
        "tail": {
          "x": 0.0013065203092992306,
          "y": 0.04830554872751236,
          "z": 0.4858079254627228
        }
      },
      "world_space": {
        "head": {
          "x": -0.004366500303149223,
          "y": 0.06340871006250381,
          "z": 0.9500706791877747
        },
        "tail": {
          "x": 0.0013065203092992306,
          "y": 0.11154954880475998,
          "z": 1.4356619119644165
        },
        "rotation_quaternion": {
          "w": 0.7403796911239624,
          "x": 0.6702067852020264,
          "y": -0.03409203886985779,
          "z": -0.038711510598659515
        },
        "matrix": [
          [
            0.994678258895874,
            0.011625013314187527,
            -0.10237159579992294,
            -0.004366500303149223
          ],
          [
            -0.10301992297172546,
            0.09864901006221771,
            -0.9897753596305847,
            0.06340871006250381
          ],
          [
            -0.001407400704920292,
            0.9950615167617798,
            0.09932143986225128,
            0.9500706791877747
          ],
          [
            0.0,
            0.0,
            0.0,
            1.0
          ]
        ]
      },
      "bone_length_armature_space": 0.4880046866213173,
      "parent": "Root",
      "has_children": true,
      "is_end_bone": false
    },
    "neck_01": {
      "name": "neck_01",
      "local": {
        "location": {
          "x": 0.0,
          "y": 0.0,
          "z": 0.0
        },
        "rotation_quaternion": {
          "w": 0.9860247373580933,
          "x": 0.027257969602942467,
          "y": -0.0776425376534462,
          "z": -0.14485864341259003
        },
        "scale": {
          "x": 1.0,
          "y": 1.0,
          "z": 1.0
        },
        "matrix_basis": [
          [
            0.9459752440452576,
            0.28143566846847534,
            -0.16101202368736267,
            0.0
          ],
          [
            -0.28990116715431213,
            0.9565459489822388,
            -0.031259678304195404,
            0.0
          ],
          [
            0.14521782100200653,
            0.07624845206737518,
            0.9864572882652283,
            0.0
          ],
          [
            0.0,
            0.0,
            0.0,
            1.0
          ]
        ],
        "rotation_mode": "QUATERNION"
      },
      "armature_space": {
        "head": {
          "x": -0.0013926057144999504,
          "y": 0.021202631294727325,
          "z": 0.5621093511581421
        },
        "tail": {
          "x": 0.023754294961690903,
          "y": -0.01719212532043457,
          "z": 0.6537838578224182
        }
      },
      "world_space": {
        "head": {
          "x": -0.0013926057144999504,
          "y": 0.08444663137197495,
          "z": 1.5119633674621582
        },
        "tail": {
          "x": 0.023754294961690903,
          "y": 0.04605187475681305,
          "z": 1.603637933731079
        },
        "rotation_quaternion": {
          "w": 0.5585403442382812,
          "x": 0.809429943561554,
          "y": 0.027932563796639442,
          "z": -0.17909690737724304
        },
        "matrix": [
          [
            0.9342885613441467,
            0.2452845573425293,
            -0.25872862339019775,
            -0.0013926057144999504
          ],
          [
            -0.15484556555747986,
            -0.37450501322746277,
            -0.9142040610313416,
            0.08444663137197495
          ],
          [
            -0.3211376667022705,
            0.8941991329193115,
            -0.3119175434112549,
            1.5119633674621582
          ],
          [
            0.0,
            0.0,
            0.0,
            1.0
          ]
        ]
      },
      "bone_length_armature_space": 0.10252189464128723,
      "parent": "spine_01",
      "has_children": true,
      "is_end_bone": false
    },
    "head": {
      "name": "head",
      "local": {
        "location": {
          "x": 0.0,
          "y": 0.0,
          "z": 0.0
        },
        "rotation_quaternion": {
          "w": 0.9657161831855774,
          "x": -0.16688711941242218,
          "y": 0.013450734317302704,
          "z": -0.19839371740818024
        },
        "scale": {
          "x": 1.0,
          "y": 1.0,
          "z": 1.0
        },
        "matrix_basis": [
          [
            0.9209180474281311,
            0.3786945343017578,
            0.09219789505004883,
            0.0
          ],
          [
            -0.387673556804657,
            0.865577220916748,
            0.3169941008090973,
            0.0
          ],
          [
            0.04023952782154083,
            -0.32766827940940857,
            0.9439355134963989,
            0.0
          ],
          [
            0.0,
            0.0,
            0.0,
            1.0
          ]
        ],
        "rotation_mode": "QUATERNION"
      },
      "armature_space": {
        "head": {
          "x": 0.023754237219691277,
          "y": -0.017192237079143524,
          "z": 0.6537837386131287
        },
        "tail": {
          "x": 0.12968480587005615,
          "y": 0.021213993430137634,
          "z": 0.7603521347045898
        }
      },
      "world_space": {
        "head": {
          "x": 0.023754237219691277,
          "y": 0.046051762998104095,
          "z": 1.6036376953125
        },
        "tail": {
          "x": 0.12968480587005615,
          "y": 0.08445799350738525,
          "z": 1.710206151008606
        },
        "rotation_quaternion": {
          "w": 0.754805862903595,
          "x": 0.5430269241333008,
          "y": 0.23256562650203705,
          "z": -0.28513720631599426
        },
        "matrix": [
          [
            0.729219913482666,
            0.6830255389213562,
            0.04140777885913849,
            0.023754237219691277
          ],
          [
            -0.17787079513072968,
            0.24763800203800201,
            -0.9523851871490479,
            0.046051762998104095
          ],
          [
            -0.6607623100280762,
            0.687138020992279,
            0.30207404494285583,
            1.6036376953125
          ],
          [
            0.0,
            0.0,
            0.0,
            1.0
          ]
        ]
      },
      "bone_length_armature_space": 0.15509076927210497,
      "parent": "neck_01",
      "has_children": false,
      "is_end_bone": true
    },
    "upperarm_l": {
      "name": "upperarm_l",
      "local": {
        "location": {
          "x": 0.0,
          "y": 0.0,
          "z": 0.0
        },
        "rotation_quaternion": {
          "w": 0.7602275013923645,
          "x": 0.5417219400405884,
          "y": -0.337077796459198,
          "z": 0.12235303223133087
        },
        "scale": {
          "x": 1.0,
          "y": 1.0,
          "z": 1.0
        },
        "matrix_basis": [
          [
            0.7428165674209595,
            -0.551237165927887,
            -0.3799489736557007,
            0.0
          ],
          [
            -0.1791725903749466,
            0.3831341564655304,
            -0.9061487913131714,
            0.0
          ],
          [
            0.6450742483139038,
            0.7411788702011108,
            0.18583180010318756,
            0.0
          ],
          [
            0.0,
            0.0,
            0.0,
            1.0
          ]
        ],
        "rotation_mode": "QUATERNION"
      },
      "armature_space": {
        "head": {
          "x": 0.146701380610466,
          "y": -0.004036854952573776,
          "z": 0.4953390955924988
        },
        "tail": {
          "x": 0.24107906222343445,
          "y": -0.19778010249137878,
          "z": 0.654600977897644
        }
      },
      "world_space": {
        "head": {
          "x": 0.146701380610466,
          "y": 0.05920714512467384,
          "z": 1.4451930522918701
        },
        "tail": {
          "x": 0.24107906222343445,
          "y": -0.13453610241413116,
          "z": 1.6044549942016602
        },
        "rotation_quaternion": {
          "w": 0.3355395495891571,
          "x": 0.5152751207351685,
          "y": -0.1609669029712677,
          "z": -0.7720066905021667
        },
        "matrix": [
          [
            -0.24380908906459808,
            0.35219573974609375,
            -0.9036123752593994,
            0.146701380610466
          ],
          [
            -0.6839630007743835,
            -0.7230049967765808,
            -0.09725720435380936,
            0.05920714512467384
          ],
          [
            -0.6875750422477722,
            0.5943286418914795,
            0.41716697812080383,
            1.4451930522918701
          ],
          [
            0.0,
            0.0,
            0.0,
            1.0
          ]
        ]
      },
      "bone_length_armature_space": 0.267970034815875,
      "parent": "spine_01",
      "has_children": true,
      "is_end_bone": false
    },
    "lowerarm_l": {
      "name": "lowerarm_l",
      "local": {
        "location": {
          "x": 0.0,
          "y": 0.0,
          "z": 0.0
        },
        "rotation_quaternion": {
          "w": 0.9744565486907959,
          "x": 0.20713689923286438,
          "y": -0.08542685955762863,
          "z": -0.01520291343331337
        },
        "scale": {
          "x": 1.0,
          "y": 1.0,
          "z": 1.0
        },
        "matrix_basis": [
          [
            0.9849422574043274,
            -0.005760952364653349,
            -0.17278769612312317,
            0.0
          ],
          [
            -0.06501926481723785,
            0.9137263298034668,
            -0.40109434723854065,
            0.0
          ],
          [
            0.1601913571357727,
            0.406289279460907,
            0.8995931148529053,
            0.0
          ],
          [
            0.0,
            0.0,
            0.0,
            1.0
          ]
        ],
        "rotation_mode": "QUATERNION"
      },
      "armature_space": {
        "head": {
          "x": 0.24107909202575684,
          "y": -0.1977800726890564,
          "z": 0.6546011567115784
        },
        "tail": {
          "x": 0.20796003937721252,
          "y": -0.35310858488082886,
          "z": 0.8698827028274536
        }
      },
      "world_space": {
        "head": {
          "x": 0.24107909202575684,
          "y": -0.13453607261180878,
          "z": 1.6044552326202393
        },
        "tail": {
          "x": 0.20796003937721252,
          "y": -0.28986459970474243,
          "z": 1.8197367191314697
        },
        "rotation_quaternion": {
          "w": 0.17665307223796844,
          "x": 0.4636715054512024,
          "y": -0.422477126121521,
          "z": -0.7584956288337708
        },
        "matrix": [
          [
            -0.5076060891151428,
            -0.1237981915473938,
            -0.852648913860321,
            0.24107909202575684
          ],
          [
            -0.6597621440887451,
            -0.5806142091751099,
            0.4770759642124176,
            -0.13453607261180878
          ],
          [
            -0.5541253685951233,
            0.8047171235084534,
            0.2130480408668518,
            1.6044552326202393
          ],
          [
            0.0,
            0.0,
            0.0,
            1.0
          ]
        ]
      },
      "bone_length_armature_space": 0.2675256277362928,
      "parent": "upperarm_l",
      "has_children": true,
      "is_end_bone": false
    },
    "metacarpal_thumb_l": {
      "name": "metacarpal_thumb_l",
      "local": {
        "location": {
          "x": 0.0,
          "y": 0.0,
          "z": 0.0
        },
        "rotation_quaternion": {
          "w": 0.9992676973342896,
          "x": -0.036083389073610306,
          "y": 0.012182021513581276,
          "z": 0.00369933620095253
        },
        "scale": {
          "x": 1.0,
          "y": 1.0,
          "z": 1.0
        },
        "matrix_basis": [
          [
            0.9996758103370667,
            -0.008272391743957996,
            0.024079231545329094,
            0.0
          ],
          [
            0.006514117121696472,
            0.9973686337471008,
            0.07220406085252762,
            0.0
          ],
          [
            -0.024613169953227043,
            -0.07202380150556564,
            0.9970991611480713,
            0.0
          ],
          [
            0.0,
            0.0,
            0.0,
            1.0
          ]
        ],
        "rotation_mode": "QUATERNION"
      },
      "armature_space": {
        "head": {
          "x": 0.20796003937721252,
          "y": -0.35310858488082886,
          "z": 0.8698827028274536
        },
        "tail": {
          "x": 0.1750936359167099,
          "y": -0.36547747254371643,
          "z": 0.9048171043395996
        }
      },
      "world_space": {
        "head": {
          "x": 0.20796003937721252,
          "y": -0.28986459970474243,
          "z": 1.8197367191314697
        },
        "tail": {
          "x": 0.1750936359167099,
          "y": -0.3022334575653076,
          "z": 1.8546711206436157
        },
        "rotation_quaternion": {
          "w": 0.41428735852241516,
          "x": 0.7883702516555786,
          "y": -0.4511229991912842,
          "z": -0.05767449736595154
        },
        "matrix": [
          [
            0.5863217711448669,
            -0.6635164618492126,
            -0.46472859382629395,
            0.20796003937721252
          ],
          [
            -0.7590932846069336,
            -0.24970677495002747,
            -0.6011857390403748,
            -0.28986459970474243
          ],
          [
            0.282851904630661,
            0.7052652835845947,
            -0.6500842571258545,
            1.8197367191314697
          ],
          [
            0.0,
            0.0,
            0.0,
            1.0
          ]
        ]
      },
      "bone_length_armature_space": 0.049533849429018985,
      "parent": "lowerarm_l",
      "has_children": true,
      "is_end_bone": false
    },
    "thumb_01_l": {
      "name": "thumb_01_l",
      "local": {
        "location": {
          "x": 0.0,
          "y": 0.0,
          "z": 0.0
        },
        "rotation_quaternion": {
          "w": 0.9826090335845947,
          "x": 0.1849328577518463,
          "y": 0.014979749917984009,
          "z": -0.007425564806908369
        },
        "scale": {
          "x": 1.0,
          "y": 1.0,
          "z": 1.0
        },
        "matrix_basis": [
          [
            0.9994409084320068,
            0.020133350044488907,
            0.026692014187574387,
            0.0
          ],
          [
            -0.009052358567714691,
            0.9314894080162048,
            -0.36365586519241333,
            0.0
          ],
          [
            -0.03218493610620499,
            0.36321091651916504,
            0.9311509132385254,
            0.0
          ],
          [
            0.0,
            0.0,
            0.0,
            1.0
          ]
        ],
        "rotation_mode": "QUATERNION"
      },
      "armature_space": {
        "head": {
          "x": 0.1750936359167099,
          "y": -0.36547747254371643,
          "z": 0.9048171043395996
        },
        "tail": {
          "x": 0.1539088487625122,
          "y": -0.3919980227947235,
          "z": 0.9073647260665894
        }
      },
      "world_space": {
        "head": {
          "x": 0.1750936359167099,
          "y": -0.3022334575653076,
          "z": 1.8546711206436157
        },
        "tail": {
          "x": 0.1539088487625122,
          "y": -0.3287540078163147,
          "z": 1.8572187423706055
        },
        "rotation_quaternion": {
          "w": 0.28801819682121277,
          "x": 0.5647148489952087,
          "y": -0.1657688170671463,
          "z": 0.7554226517677307
        },
        "matrix": [
          [
            -0.19628497958183289,
            -0.6223759055137634,
            0.757707417011261,
            0.1750936359167099
          ],
          [
            0.2479274570941925,
            -0.7791320085525513,
            -0.575748085975647,
            -0.3022334575653076
          ],
          [
            0.948692262172699,
            0.07484571635723114,
            0.30723750591278076,
            1.8546711206436157
          ],
          [
            0.0,
            0.0,
            0.0,
            1.0
          ]
        ]
      },
      "bone_length_armature_space": 0.03403858351996373,
      "parent": "metacarpal_thumb_l",
      "has_children": true,
      "is_end_bone": false
    },
    "thumb_02_l": {
      "name": "thumb_02_l",
      "local": {
        "location": {
          "x": 0.0,
          "y": 0.0,
          "z": 0.0
        },
        "rotation_quaternion": {
          "w": 0.943915843963623,
          "x": 0.32999566197395325,
          "y": -0.004250492434948683,
          "z": -0.01038343459367752
        },
        "scale": {
          "x": 1.0,
          "y": 1.0,
          "z": 1.0
        },
        "matrix_basis": [
          [
            0.9997482299804688,
            0.016796888783574104,
            -0.014877190813422203,
            0.0
          ],
          [
            -0.022407464683055878,
            0.781990110874176,
            -0.6228879690170288,
            0.0
          ],
          [
            0.0011712375562638044,
            0.6230645179748535,
            0.7821695804595947,
            0.0
          ],
          [
            0.0,
            0.0,
            0.0,
            1.0
          ]
        ],
        "rotation_mode": "QUATERNION"
      },
      "armature_space": {
        "head": {
          "x": 0.153908833861351,
          "y": -0.3919979929924011,
          "z": 0.9073647260665894
        },
        "tail": {
          "x": 0.1744813323020935,
          "y": -0.39697057008743286,
          "z": 0.9415003657341003
        }
      },
      "world_space": {
        "head": {
          "x": 0.153908833861351,
          "y": -0.3287540078163147,
          "z": 1.8572187423706055
        },
        "tail": {
          "x": 0.1744813323020935,
          "y": -0.33372658491134644,
          "z": 1.8913543224334717
        },
        "rotation_quaternion": {
          "w": 0.06247849017381668,
          "x": 0.44580328464508057,
          "y": 0.6589339375495911,
          "z": 0.6026291847229004
        },
        "matrix": [
          [
            -0.5947092771530151,
            0.5122070908546448,
            0.6196490526199341,
            0.153908833861351
          ],
          [
            0.6628153920173645,
            -0.12380591034889221,
            0.7384769916534424,
            -0.3287540078163147
          ],
          [
            0.4549729526042938,
            0.8498975038528442,
            -0.26587146520614624,
            1.8572187423706055
          ],
          [
            0.0,
            0.0,
            0.0,
            1.0
          ]
        ]
      },
      "bone_length_armature_space": 0.0401646132377825,
      "parent": "thumb_01_l",
      "has_children": true,
      "is_end_bone": false
    },
    "thumb_03_l": {
      "name": "thumb_03_l",
      "local": {
        "location": {
          "x": 0.0,
          "y": 0.0,
          "z": 0.0
        },
        "rotation_quaternion": {
          "w": 0.9767121076583862,
          "x": 0.21448004245758057,
          "y": 0.003972718492150307,
          "z": 0.004003423266112804
        },
        "scale": {
          "x": 1.0,
          "y": 1.0,
          "z": 1.0
        },
        "matrix_basis": [
          [
            0.9999364018440247,
            -0.006116246338933706,
            0.009477713145315647,
            0.0
          ],
          [
            0.009524521417915821,
            0.9079645872116089,
            -0.41893869638442993,
            0.0
          ],
          [
            -0.0060430956073105335,
            0.41900232434272766,
            0.9079650640487671,
            0.0
          ],
          [
            0.0,
            0.0,
            0.0,
            1.0
          ]
        ],
        "rotation_mode": "QUATERNION"
      },
      "armature_space": {
        "head": {
          "x": 0.17448122799396515,
          "y": -0.39697059988975525,
          "z": 0.9415003657341003
        },
        "tail": {
          "x": 0.1982714980840683,
          "y": -0.38563889265060425,
          "z": 0.9567486643791199
        }
      },
      "world_space": {
        "head": {
          "x": 0.17448122799396515,
          "y": -0.33372658491134644,
          "z": 1.8913543224334717
        },
        "tail": {
          "x": 0.1982714980840683,
          "y": -0.3223949074745178,
          "z": 1.9066026210784912
        },
        "rotation_quaternion": {
          "w": 0.26508238911628723,
          "x": -0.35013365745544434,
          "y": -0.7847502827644348,
          "z": -0.43738389015197754
        },
        "matrix": [
          [
            -0.614275336265564,
            0.7814209461212158,
            -0.10976000130176544,
            0.17448122799396515
          ],
          [
            0.31765201687812805,
            0.3722034990787506,
            0.8721022009849548,
            -0.33372658491134644
          ],
          [
            0.7223370671272278,
            0.5008489489555359,
            -0.47685784101486206,
            1.8913543224334717
          ],
          [
            0.0,
            0.0,
            0.0,
            1.0
          ]
        ]
      },
      "bone_length_armature_space": 0.030444952856052313,
      "parent": "thumb_02_l",
      "has_children": false,
      "is_end_bone": true
    },
    "metacarpal_index_l": {
      "name": "metacarpal_index_l",
      "local": {
        "location": {
          "x": 0.0,
          "y": 0.0,
          "z": 0.0
        },
        "rotation_quaternion": {
          "w": 0.9995585083961487,
          "x": -0.02634100802242756,
          "y": 0.007582554593682289,
          "z": 0.011473254300653934
        },
        "scale": {
          "x": 1.0,
          "y": 1.0,
          "z": 1.0
        },
        "matrix_basis": [
          [
            0.9996217489242554,
            -0.023335842415690422,
            0.014553979970514774,
            0.0
          ],
          [
            0.02253691293299198,
            0.9983490109443665,
            0.052832748740911484,
            0.0
          ],
          [
            -0.015762848779559135,
            -0.05248476564884186,
            0.9984973073005676,
            0.0
          ],
          [
            0.0,
            0.0,
            0.0,
            1.0
          ]
        ],
        "rotation_mode": "QUATERNION"
      },
      "armature_space": {
        "head": {
          "x": 0.20796003937721252,
          "y": -0.35310858488082886,
          "z": 0.8698827028274536
        },
        "tail": {
          "x": 0.1650344878435135,
          "y": -0.4012303650379181,
          "z": 0.9677143692970276
        }
      },
      "world_space": {
        "head": {
          "x": 0.20796003937721252,
          "y": -0.28986459970474243,
          "z": 1.8197367191314697
        },
        "tail": {
          "x": 0.1650344878435135,
          "y": -0.3379863500595093,
          "z": 1.9175684452056885
        },
        "rotation_quaternion": {
          "w": 0.34153756499290466,
          "x": 0.7461771368980408,
          "y": -0.4219058156013489,
          "z": -0.3854442536830902
        },
        "matrix": [
          [
            0.3468555808067322,
            -0.36634737253189087,
            -0.8634123206138611,
            0.20796003937721252
          ],
          [
            -0.8929210305213928,
            -0.4106943607330322,
            -0.1844516545534134,
            -0.28986459970474243
          ],
          [
            -0.2870280146598816,
            0.8349425792694092,
            -0.46957409381866455,
            1.8197367191314697
          ],
          [
            0.0,
            0.0,
            0.0,
            1.0
          ]
        ]
      },
      "bone_length_armature_space": 0.11717228343638471,
      "parent": "lowerarm_l",
      "has_children": true,
      "is_end_bone": false
    },
    "index_01_l": {
      "name": "index_01_l",
      "local": {
        "location": {
          "x": 0.0,
          "y": 0.0,
          "z": 0.0
        },
        "rotation_quaternion": {
          "w": 0.9739100933074951,
          "x": 0.22630026936531067,
          "y": -0.006877303589135408,
          "z": -0.015496082603931427
        },
        "scale": {
          "x": 1.0,
          "y": 1.0,
          "z": 1.0
        },
        "matrix_basis": [
          [
            0.9994251728057861,
            0.0270709116011858,
            -0.02040928602218628,
            0.0
          ],
          [
            -0.03329625353217125,
            0.8970960974693298,
            -0.4405790865421295,
            0.0
          ],
          [
            0.006382215302437544,
            0.4410053789615631,
            0.8974817991256714,
            0.0
          ],
          [
            0.0,
            0.0,
            0.0,
            1.0
          ]
        ],
        "rotation_mode": "QUATERNION"
      },
      "armature_space": {
        "head": {
          "x": 0.1650344878435135,
          "y": -0.4012303650379181,
          "z": 0.9677143692970276
        },
        "tail": {
          "x": 0.15160039067268372,
          "y": -0.42231449484825134,
          "z": 0.9814277291297913
        }
      },
      "world_space": {
        "head": {
          "x": 0.1650344878435135,
          "y": -0.3379863500595093,
          "z": 1.9175684452056885
        },
        "tail": {
          "x": 0.15160039067268372,
          "y": -0.35907047986984253,
          "z": 1.9312818050384521
        },
        "rotation_quaternion": {
          "w": 0.1266169250011444,
          "x": 0.8448339700698853,
          "y": -0.33801957964897156,
          "z": -0.3949258625507355
        },
        "matrix": [
          [
            0.4595521092414856,
            -0.4711340665817261,
            -0.752890944480896,
            0.1650344878435135
          ],
          [
            -0.6711502075195312,
            -0.7394212484359741,
            0.05304637551307678,
            -0.3379863500595093
          ],
          [
            -0.5817001461982727,
            0.4809280037879944,
            -0.6560086011886597,
            1.9175684452056885
          ],
          [
            0.0,
            0.0,
            0.0,
            1.0
          ]
        ]
      },
      "bone_length_armature_space": 0.028514412458568793,
      "parent": "metacarpal_index_l",
      "has_children": true,
      "is_end_bone": false
    },
    "index_02_l": {
      "name": "index_02_l",
      "local": {
        "location": {
          "x": 0.0,
          "y": 0.0,
          "z": 0.0
        },
        "rotation_quaternion": {
          "w": 0.9118796586990356,
          "x": 0.4103827178478241,
          "y": -0.006060812156647444,
          "z": -0.004984737373888493
        },
        "scale": {
          "x": 1.0,
          "y": 1.0,
          "z": 1.0
        },
        "matrix_basis": [
          [
            0.999876856803894,
            0.004116456024348736,
            -0.015144762583076954,
            0.0
          ],
          [
            -0.014065466821193695,
            0.6631223559379578,
            -0.7483788728713989,
            0.0
          ],
          [
            0.00696216244250536,
            0.7484997510910034,
            0.6630985736846924,
            0.0
          ],
          [
            0.0,
            0.0,
            0.0,
            1.0
          ]
        ],
        "rotation_mode": "QUATERNION"
      },
      "armature_space": {
        "head": {
          "x": 0.15159986913204193,
          "y": -0.4223145842552185,
          "z": 0.9814278483390808
        },
        "tail": {
          "x": 0.1290050446987152,
          "y": -0.4340006411075592,
          "z": 0.9781112670898438
        }
      },
      "world_space": {
        "head": {
          "x": 0.15159986913204193,
          "y": -0.3590705990791321,
          "z": 1.9312818050384521
        },
        "tail": {
          "x": 0.1290050446987152,
          "y": -0.3707566261291504,
          "z": 1.9279652833938599
        },
        "rotation_quaternion": {
          "w": 0.23278680443763733,
          "x": -0.8106616735458374,
          "y": 0.4669475853443146,
          "z": 0.26570287346839905
        },
        "matrix": [
          [
            0.4227235019207001,
            -0.8807779550552368,
            -0.213390052318573,
            0.15159986913204193
          ],
          [
            -0.6333698630332947,
            -0.45553916692733765,
            0.6255614161491394,
            -0.3590705990791321
          ],
          [
            -0.6481931805610657,
            -0.12928587198257446,
            -0.7504297494888306,
            1.9312818050384521
          ],
          [
            0.0,
            0.0,
            0.0,
            1.0
          ]
        ]
      },
      "bone_length_armature_space": 0.025653258923347723,
      "parent": "index_01_l",
      "has_children": true,
      "is_end_bone": false
    },
    "index_03_l": {
      "name": "index_03_l",
      "local": {
        "location": {
          "x": 0.0,
          "y": 0.0,
          "z": 0.0
        },
        "rotation_quaternion": {
          "w": 0.9610992074012756,
          "x": 0.27608031034469604,
          "y": 0.007730265147984028,
          "z": 0.002878042869269848
        },
        "scale": {
          "x": 1.0,
          "y": 1.0,
          "z": 1.0
        },
        "matrix_basis": [
          [
            0.9998639225959778,
            -0.0012638213811442256,
            0.0164482444524765,
            0.0
          ],
          [
            0.009800517000257969,
            0.8475427627563477,
            -0.5306366682052612,
            0.0
          ],
          [
            -0.013269961811602116,
            0.5307256579399109,
            0.8474398255348206,
            0.0
          ],
          [
            0.0,
            0.0,
            0.0,
            1.0
          ]
        ],
        "rotation_mode": "QUATERNION"
      },
      "armature_space": {
        "head": {
          "x": 0.1290050595998764,
          "y": -0.43400073051452637,
          "z": 0.9781113862991333
        },
        "tail": {
          "x": 0.10627514868974686,
          "y": -0.4355839490890503,
          "z": 0.9598198533058167
        }
      },
      "world_space": {
        "head": {
          "x": 0.1290050595998764,
          "y": -0.37075674533843994,
          "z": 1.9279654026031494
        },
        "tail": {
          "x": 0.10627514868974686,
          "y": -0.37233996391296387,
          "z": 1.9096739292144775
        },
        "rotation_quaternion": {
          "w": 0.4784330129623413,
          "x": -0.7229547500610352,
          "y": 0.4939724802970886,
          "z": 0.06655505299568176
        },
        "matrix": [
          [
            0.5031214356422424,
            -0.7779239416122437,
            0.3764353394508362,
            0.1290050595998764
          ],
          [
            -0.6505580544471741,
            -0.054185062646865845,
            0.757521390914917,
            -0.37075674533843994
          ],
          [
            -0.5689013004302979,
            -0.626022458076477,
            -0.5333491563796997,
            1.9279654026031494
          ],
          [
            0.0,
            0.0,
            0.0,
            1.0
          ]
        ]
      },
      "bone_length_armature_space": 0.029218754558773843,
      "parent": "index_02_l",
      "has_children": false,
      "is_end_bone": true
    },
    "metacarpal_pinky_l": {
      "name": "metacarpal_pinky_l",
      "local": {
        "location": {
          "x": 0.0,
          "y": 0.0,
          "z": 0.0
        },
        "rotation_quaternion": {
          "w": 0.9982566833496094,
          "x": -0.05792197585105896,
          "y": -0.004468023311346769,
          "z": -0.010428543202579021
        },
        "scale": {
          "x": 1.0,
          "y": 1.0,
          "z": 1.0
        },
        "matrix_basis": [
          [
            0.9997425675392151,
            0.021338319405913353,
            -0.007712384685873985,
            0.0
          ],
          [
            -0.020303132012486458,
            0.9930725693702698,
            0.11573518812656403,
            0.0
          ],
          [
            0.010128552094101906,
            -0.11554881185293198,
            0.9932501912117004,
            0.0
          ],
          [
            0.0,
            0.0,
            0.0,
            1.0
          ]
        ],
        "rotation_mode": "QUATERNION"
      },
      "armature_space": {
        "head": {
          "x": 0.20796003937721252,
          "y": -0.35310858488082886,
          "z": 0.8698827028274536
        },
        "tail": {
          "x": 0.2169901579618454,
          "y": -0.43395698070526123,
          "z": 0.9348847270011902
        }
      },
      "world_space": {
        "head": {
          "x": 0.20796003937721252,
          "y": -0.28986459970474243,
          "z": 1.8197367191314697
        },
        "tail": {
          "x": 0.2169901579618454,
          "y": -0.3707129955291748,
          "z": 1.8847386837005615
        },
        "rotation_quaternion": {
          "w": 0.007141290698200464,
          "x": 0.14958886802196503,
          "y": 0.3342796564102173,
          "z": 0.9304995536804199
        },
        "matrix": [
          [
            -0.9551445841789246,
            0.0867190808057785,
            0.2831586003303528,
            0.20796003937721252
          ],
          [
            0.11329882591962814,
            -0.776412308216095,
            0.6199579238891602,
            -0.28986459970474243
          ],
          [
            0.27361226081848145,
            0.6242344379425049,
            0.7317661643028259,
            1.8197367191314697
          ],
          [
            0.0,
            0.0,
            0.0,
            1.0
          ]
        ]
      },
      "bone_length_armature_space": 0.10413102173238066,
      "parent": "lowerarm_l",
      "has_children": true,
      "is_end_bone": false
    },
    "pinky_01_l": {
      "name": "pinky_01_l",
      "local": {
        "location": {
          "x": 0.0,
          "y": 0.0,
          "z": 0.0
        },
        "rotation_quaternion": {
          "w": 0.9439352750778198,
          "x": 0.33003538846969604,
          "y": -0.0030438669491559267,
          "z": 0.007327352650463581
        },
        "scale": {
          "x": 1.0,
          "y": 1.0,
          "z": 1.0
        },
        "matrix_basis": [
          [
            0.9998741149902344,
            -0.015842260792851448,
            -0.000909855414647609,
            0.0
          ],
          [
            0.011823926120996475,
            0.7820459008216858,
            -0.6231086850166321,
            0.0
          ],
          [
            0.010582998394966125,
            0.6230194568634033,
            0.7821347713470459,
            0.0
          ],
          [
            0.0,
            0.0,
            0.0,
            1.0
          ]
        ],
        "rotation_mode": "QUATERNION"
      },
      "armature_space": {
        "head": {
          "x": 0.2169901579618454,
          "y": -0.43395698070526123,
          "z": 0.9348847270011902
        },
        "tail": {
