{
  "metadata": {
    "armature_name": "KIM_caucasian_male",
    "export_time": "2026-01-13T21:04:34.396224",
    "blender_version": "4.4.1",
    "bone_count": 56,
    "end_bone_count": 13,
    "spaces_included": [
      "LOCAL_CHANNELS",
      "ARMATURE_SPACE",
      "WORLD_SPACE"
    ],
    "note": "LOCAL matches Transform panel; replay pose via local.matrix_basis for best fidelity."
  },
  "bones": {
    "Root": {
      "name": "Root",
      "local": {
        "location": {
          "x": 0.0,
          "y": 0.0,
          "z": 0.0
        },
        "rotation_quaternion": {
          "w": 0.999821662902832,
          "x": 0.012794995680451393,
          "y": -0.0015587442321702838,
          "z": 0.013799021020531654
        },
        "scale": {
          "x": 1.0,
          "y": 1.0,
          "z": 1.0
        },
        "matrix_basis": [
          [
            0.9996142983436584,
            -0.027633007615804672,
            -0.002763815689831972,
            0.0
          ],
          [
            0.02755323238670826,
            0.9992917776107788,
            -0.02562844567000866,
            0.0
          ],
          [
            0.003470049239695072,
            0.02554241009056568,
            0.9996677041053772,
            0.0
          ],
          [
            0.0,
            0.0,
            0.0,
            1.0
          ]
        ],
        "rotation_mode": "QUATERNION"
      },
      "armature_space": {
        "head": {
          "x": 0.0,
          "y": 0.07072800397872925,
          "z": -0.009595036506652832
        },
        "tail": {
          "x": -0.0019723300356417894,
          "y": -0.0001949891448020935,
          "z": -0.0018133721314370632
        }
      },
      "world_space": {
        "head": {
          "x": 0.0,
          "y": 0.13397200405597687,
          "z": 0.9402589797973633
        },
        "tail": {
          "x": -0.0019723300356417894,
          "y": 0.06304901093244553,
          "z": 0.9480406641960144
        },
        "rotation_quaternion": {
          "w": 0.05458971858024597,
          "x": 0.9984123110771179,
          "y": -0.013872682116925716,
          "z": -0.0006255933549255133
        },
        "matrix": [
          [
            0.9996142983436584,
            -0.027633007615804672,
            -0.002763815689831972,
            0.0
          ],
          [
            -0.02776961401104927,
            -0.9936550259590149,
            -0.10898920148611069,
            0.13397200405597687
          ],
          [
            0.0002653959672898054,
            0.10902374237775803,
            -0.994046151638031,
            0.9402589797973633
          ],
          [
            0.0,
            0.0,
            0.0,
            1.0
          ]
        ]
      },
      "bone_length_armature_space": 0.07137587324897104,
      "parent": null,
      "has_children": true,
      "is_end_bone": false
    },
    "spine_01": {
      "name": "spine_01",
      "local": {
        "location": {
          "x": 0.0,
          "y": 0.0,
          "z": 0.0
        },
        "rotation_quaternion": {
          "w": 0.995917558670044,
          "x": 0.08826176077127457,
          "y": 0.01406060066074133,
          "z": -0.012668618932366371
        },
        "scale": {
          "x": 1.0,
          "y": 1.0,
          "z": 1.0
        },
        "matrix_basis": [
          [
            0.9992836117744446,
            0.02771582640707493,
            0.025770088657736778,
            0.0
          ],
          [
            -0.02275177277624607,
            0.9840987324714661,
            -0.17615912854671478,
            0.0
          ],
          [
            -0.030242707580327988,
            0.17544661462306976,
            0.9840243458747864,
            0.0
          ],
          [
            0.0,
            0.0,
            0.0,
            1.0
          ]
        ],
        "rotation_mode": "QUATERNION"
      },
      "armature_space": {
        "head": {
          "x": -0.0019723300356417894,
          "y": -0.0001949891448020935,
          "z": -0.0018133721314370632
        },
        "tail": {
          "x": 0.009325038641691208,
          "y": -0.07597661763429642,
          "z": 0.4801388084888458
        }
      },
      "world_space": {
        "head": {
          "x": -0.0019723300356417894,
          "y": 0.06304901093244553,
          "z": 0.9480406641960144
        },
        "tail": {
          "x": 0.009325038641691208,
          "y": -0.012732617557048798,
          "z": 1.4299927949905396
        },
        "rotation_quaternion": {
          "w": 0.6498357653617859,
          "x": 0.7599861025810242,
          "y": 0.008270991034805775,
          "z": -0.008139440789818764
        },
        "matrix": [
          [
            0.9997307062149048,
            0.023150287568569183,
            -0.0016220007091760635,
            -0.0019723300356417894
          ],
          [
            0.0019932202994823456,
            -0.15528982877731323,
            -0.9878670573234558,
            0.06304901093244553
          ],
          [
            -0.02312144637107849,
            0.9876044392585754,
            -0.15529611706733704,
            0.9480406641960144
          ],
          [
            0.0,
            0.0,
            0.0,
            1.0
          ]
        ]
      },
      "bone_length_armature_space": 0.4880045089733292,
      "parent": "Root",
      "has_children": true,
      "is_end_bone": false
    },
    "neck_01": {
      "name": "neck_01",
      "local": {
        "location": {
          "x": 0.0,
          "y": 0.0,
          "z": 0.0
        },
        "rotation_quaternion": {
          "w": 0.9987812638282776,
          "x": 0.03436180204153061,
          "y": 0.012499682605266571,
          "z": 0.03315167874097824
        },
        "scale": {
          "x": 1.0,
          "y": 1.0,
          "z": 1.0
        },
        "matrix_basis": [
          [
            0.9974894523620605,
            -0.06536352634429932,
            0.027247199788689613,
            0.0
          ],
          [
            0.06708157807588577,
            0.9954404830932617,
            -0.06781107932329178,
            0.0
          ],
          [
            -0.02269059419631958,
            0.06946861743927002,
            0.9973260760307312,
            0.0
          ],
          [
            0.0,
            0.0,
            0.0,
            1.0
          ]
        ],
        "rotation_mode": "QUATERNION"
      },
      "armature_space": {
        "head": {
          "x": 0.01096381526440382,
          "y": -0.12160636484622955,
          "z": 0.547063946723938
        },
        "tail": {
          "x": 0.006301420275121927,
          "y": -0.18065744638442993,
          "z": 0.6307415962219238
        }
      },
      "world_space": {
        "head": {
          "x": 0.01096381526440382,
          "y": -0.058362364768981934,
          "z": 1.496917963027954
        },
        "tail": {
          "x": 0.006301420275121927,
          "y": -0.11741344630718231,
          "z": 1.58059561252594
        },
        "rotation_quaternion": {
          "w": 0.46012642979621887,
          "x": 0.8875350952148438,
          "y": -0.017010731622576714,
          "z": 0.01660633645951748
        },
        "matrix": [
          [
            0.998869776725769,
            -0.04547731205821037,
            0.013823051936924458,
            0.01096381526440382
          ],
          [
            -0.014913365244865417,
            -0.5759882926940918,
            -0.8173221945762634,
            -0.058362364768981934
          ],
          [
            0.04513181746006012,
            0.8161971569061279,
            -0.5760202407836914,
            1.496917963027954
          ],
          [
            0.0,
            0.0,
            0.0,
            1.0
          ]
        ]
      },
      "bone_length_armature_space": 0.10252178896721137,
      "parent": "spine_01",
      "has_children": true,
      "is_end_bone": false
    },
    "head": {
      "name": "head",
      "local": {
        "location": {
          "x": 0.0,
          "y": 0.0,
          "z": 0.0
        },
        "rotation_quaternion": {
          "w": 0.9935227632522583,
          "x": -0.040555935353040695,
          "y": 0.10613586753606796,
          "z": 0.001712224562652409
        },
        "scale": {
          "x": 1.0,
          "y": 1.0,
          "z": 1.0
        },
        "matrix_basis": [
          [
            0.977464497089386,
            -0.012011147104203701,
            0.21075792610645294,
            0.0
          ],
          [
            -0.005206610541790724,
            0.9967045783996582,
            0.08094994723796844,
            0.0
          ],
          [
            -0.21103568375110626,
            -0.08022303134202957,
            0.9741807579994202,
            0.0
          ],
          [
            0.0,
            0.0,
            0.0,
            1.0
          ]
        ],
        "rotation_mode": "QUATERNION"
      },
      "armature_space": {
        "head": {
          "x": 0.006301426328718662,
          "y": -0.1806575357913971,
          "z": 0.6307413578033447
        },
        "tail": {
          "x": -0.0029017310589551926,
          "y": -0.2058933973312378,
          "z": 0.7834886908531189
        }
      },
      "world_space": {
        "head": {
          "x": 0.006301426328718662,
          "y": -0.11741353571414948,
          "z": 1.5805953741073608
        },
        "tail": {
          "x": -0.0029017310589551926,
          "y": -0.14264939725399017,
          "z": 1.7333426475524902
        },
        "rotation_quaternion": {
          "w": 0.6456168293952942,
          "x": 0.7564086318016052,
          "y": 0.04266350343823433,
          "z": 0.0959414392709732
        },
        "matrix": [
          [
            0.9779502749443054,
            -0.059340670704841614,
            0.20022991299629211,
            0.006301426328718662
          ],
          [
            0.1884244680404663,
            -0.1627173125743866,
            -0.9685142040252686,
            -0.11741353571414948
          ],
          [
            0.09005393087863922,
            0.9848935008049011,
            -0.14795011281967163,
            1.5805953741073608
          ],
          [
            0.0,
            0.0,
            0.0,
            1.0
          ]
        ]
      },
      "bone_length_armature_space": 0.1550912476788063,
      "parent": "neck_01",
      "has_children": false,
      "is_end_bone": true
    },
    "upperarm_l": {
      "name": "upperarm_l",
      "local": {
        "location": {
          "x": 0.0,
          "y": 0.0,
          "z": 0.0
        },
        "rotation_quaternion": {
          "w": 0.9967202544212341,
          "x": 0.030396291986107826,
          "y": -0.07488147169351578,
          "z": -0.004196445923298597
        },
        "scale": {
          "x": 1.0,
          "y": 1.0,
          "z": 1.0
        },
        "matrix_basis": [
          [
            0.9887503385543823,
            0.0038131270557641983,
            -0.14952687919139862,
            0.0
          ],
          [
            -0.012917603366076946,
            0.9981169104576111,
            -0.059964727610349655,
            0.0
          ],
          [
            0.14901664853096008,
            0.06122167035937309,
            0.9869376420974731,
            0.0
          ],
          [
            0.0,
            0.0,
            0.0,
            1.0
          ]
        ],
        "rotation_mode": "QUATERNION"
      },
      "armature_space": {
        "head": {
          "x": 0.15936237573623657,
          "y": -0.11402113735675812,
          "z": 0.47672581672668457
        },
        "tail": {
          "x": 0.4269172251224518,
          "y": -0.11817629635334015,
          "z": 0.46241629123687744
        }
      },
      "world_space": {
        "head": {
          "x": 0.15936237573623657,
          "y": -0.0507771372795105,
          "z": 1.4265798330307007
        },
        "tail": {
          "x": 0.4269172251224518,
          "y": -0.05493229627609253,
          "z": 1.4122703075408936
        },
        "rotation_quaternion": {
          "w": 0.47505131363868713,
          "x": 0.4978606104850769,
          "y": 0.5163074731826782,
          "z": -0.5097918510437012
        },
        "matrix": [
          [
            -0.052921589463949203,
            0.9984528422355652,
            -0.01706579327583313,
            0.15936237573623657
          ],
          [
            0.02974376082420349,
            -0.015506085008382797,
            -0.9994374513626099,
            -0.0507771372795105
          ],
          [
            -0.9981626868247986,
            -0.05339984968304634,
            -0.02887822687625885,
            1.4265798330307007
          ],
          [
            0.0,
            0.0,
            0.0,
            1.0
          ]
        ]
      },
      "bone_length_armature_space": 0.26796944503020237,
      "parent": "spine_01",
      "has_children": true,
      "is_end_bone": false
    },
    "lowerarm_l": {
      "name": "lowerarm_l",
      "local": {
        "location": {
          "x": 0.0,
          "y": 0.0,
          "z": 0.0
        },
        "rotation_quaternion": {
          "w": 0.9251276254653931,
          "x": 0.2806675434112549,
          "y": -0.1560583859682083,
          "z": 0.2025102972984314
        },
        "scale": {
          "x": 1.0,
          "y": 1.0,
          "z": 1.0
        },
        "matrix_basis": [
          [
            0.8692707419395447,
            -0.4622967839241028,
            -0.17507171630859375,
            0.0
          ],
          [
            0.28709468245506287,
            0.760430634021759,
            -0.5825134515762329,
            0.0
          ],
          [
            0.4024239778518677,
            0.4560997486114502,
            0.7937430143356323,
            0.0
          ],
          [
            0.0,
            0.0,
            0.0,
            1.0
          ]
        ],
        "rotation_mode": "QUATERNION"
      },
      "armature_space": {
        "head": {
          "x": 0.42691731452941895,
          "y": -0.11817634850740433,
          "z": 0.462416410446167
        },
        "tail": {
          "x": 0.6123016476631165,
          "y": -0.25107336044311523,
          "z": 0.6022042036056519
        }
      },
      "world_space": {
        "head": {
          "x": 0.42691731452941895,
          "y": -0.05493234843015671,
          "z": 1.412270426750183
        },
        "tail": {
          "x": 0.6123016476631165,
          "y": -0.18782936036586761,
          "z": 1.552058219909668
        },
        "rotation_quaternion": {
          "w": 0.49734145402908325,
          "x": 0.606354296207428,
          "y": 0.06532184779644012,
          "z": -0.617024302482605
        },
        "matrix": [
          [
            0.23002958297729492,
            0.6929621696472168,
            -0.6832932233810425,
            0.42691731452941895
          ],
          [
            -0.5345274209976196,
            -0.49676579236984253,
            -0.6837431192398071,
            -0.05493234843015671
          ],
          [
            -0.8132508993148804,
            0.5225232839584351,
            0.2561376690864563,
            1.412270426750183
          ],
          [
            0.0,
            0.0,
            0.0,
            1.0
          ]
        ]
      },
      "bone_length_armature_space": 0.2675249471517952,
      "parent": "upperarm_l",
      "has_children": true,
      "is_end_bone": false
    },
    "metacarpal_thumb_l": {
      "name": "metacarpal_thumb_l",
      "local": {
        "location": {
          "x": 0.0,
          "y": 0.0,
          "z": 0.0
        },
        "rotation_quaternion": {
          "w": 0.9993919134140015,
          "x": -0.03314032778143883,
          "y": 0.010807832702994347,
          "z": -0.0008409667061641812
        },
        "scale": {
          "x": 1.0,
          "y": 1.0,
          "z": 1.0
        },
        "matrix_basis": [
          [
            0.9997649788856506,
            0.0009645604295656085,
            0.021658260375261307,
            0.0
          ],
          [
            -0.0023972608614712954,
            0.9978020191192627,
            0.0662221759557724,
            0.0
          ],
          [
            -0.021546781063079834,
            -0.06625852733850479,
            0.9975697994232178,
            0.0
          ],
          [
            0.0,
            0.0,
            0.0,
            1.0
          ]
        ],
        "rotation_mode": "QUATERNION"
      },
      "armature_space": {
        "head": {
          "x": 0.6123016476631165,
          "y": -0.25107336044311523,
          "z": 0.6022042036056519
        },
        "tail": {
          "x": 0.6211254000663757,
          "y": -0.29380422830581665,
          "z": 0.6256521344184875
        }
      },
      "world_space": {
        "head": {
          "x": 0.6123016476631165,
          "y": -0.18782936036586761,
          "z": 1.552058219909668
        },
        "tail": {
          "x": 0.6211254000663757,
          "y": -0.23056022822856903,
          "z": 1.5755062103271484
        },
        "rotation_quaternion": {
          "w": 0.23920097947120667,
          "x": 0.9632756114006042,
          "y": 0.10701049119234085,
          "z": 0.05858089029788971
        },
        "matrix": [
          [
            0.9702339768409729,
            0.1781359612941742,
            0.16405333578586578,
            0.6123016476631165
          ],
          [
            0.23418666422367096,
            -0.862663209438324,
            -0.4482957422733307,
            -0.18782936036586761
          ],
          [
            0.06166578829288483,
            0.47337329387664795,
            -0.8787086606025696,
            1.552058219909668
          ],
          [
            0.0,
            0.0,
            0.0,
            1.0
          ]
        ]
      },
      "bone_length_armature_space": 0.04953373727944872,
      "parent": "lowerarm_l",
      "has_children": true,
      "is_end_bone": false
    },
    "thumb_01_l": {
      "name": "thumb_01_l",
      "local": {
        "location": {
          "x": 0.0,
          "y": 0.0,
          "z": 0.0
        },
        "rotation_quaternion": {
          "w": 0.9952210187911987,
          "x": -0.09653222560882568,
          "y": -0.014020446687936783,
          "z": 0.004485479090362787
        },
        "scale": {
          "x": 1.0,
          "y": 1.0,
          "z": 1.0
        },
        "matrix_basis": [
          [
            0.9995666146278381,
            -0.006221236195415258,
            -0.028772873803973198,
            0.0
          ],
          [
            0.01163493562489748,
            0.9813228249549866,
            0.19201602041721344,
            0.0
          ],
          [
            0.02704090066254139,
            -0.19226758182048798,
            0.9809699058532715,
            0.0
          ],
          [
            0.0,
            0.0,
            0.0,
            1.0
          ]
        ],
        "rotation_mode": "QUATERNION"
      },
      "armature_space": {
        "head": {
          "x": 0.6211254000663757,
          "y": -0.29380422830581665,
          "z": 0.6256521344184875
        },
        "tail": {
          "x": 0.6186937093734741,
          "y": -0.325592964887619,
          "z": 0.6137277483940125
        }
      },
      "world_space": {
        "head": {
          "x": 0.6211254000663757,
          "y": -0.23056022822856903,
          "z": 1.5755062103271484
        },
        "tail": {
          "x": 0.6186937093734741,
          "y": -0.2623489499092102,
          "z": 1.5635817050933838
        },
        "rotation_quaternion": {
          "w": 0.10486232489347458,
          "x": -0.7162707448005676,
          "y": 0.1485004723072052,
          "z": -0.6737266778945923
        },
        "matrix": [
          [
            0.048080191016197205,
            -0.07143854349851608,
            0.9962855577468872,
            0.6211254000663757
          ],
          [
            -0.35402992367744446,
            -0.933903157711029,
            -0.04988008737564087,
            -0.23056022822856903
          ],
          [
            0.934003472328186,
            -0.35031992197036743,
            -0.07019415497779846,
            1.5755062103271484
          ],
          [
            0.0,
            0.0,
            0.0,
            1.0
          ]
        ]
      },
      "bone_length_armature_space": 0.03403862311159332,
      "parent": "metacarpal_thumb_l",
      "has_children": true,
      "is_end_bone": false
    },
    "thumb_02_l": {
      "name": "thumb_02_l",
      "local": {
        "location": {
          "x": 0.0,
          "y": 0.0,
          "z": 0.0
        },
        "rotation_quaternion": {
          "w": 0.9969786405563354,
          "x": 0.07751156389713287,
          "y": -0.0011347016552463174,
          "z": -0.004944245330989361
        },
        "scale": {
          "x": 1.0,
          "y": 1.0,
          "z": 1.0
        },
        "matrix_basis": [
          [
            0.9999485611915588,
            0.009682709351181984,
            -0.003029019106179476,
            0.0
          ],
          [
            -0.010034519247710705,
            0.9879350066184998,
            -0.15454353392124176,
            0.0
          ],
          [
            0.0014960742555558681,
            0.1545659750699997,
            0.9879813194274902,
            0.0
          ],
          [
            0.0,
            0.0,
            0.0,
            1.0
          ]
        ],
        "rotation_mode": "QUATERNION"
      },
      "armature_space": {
        "head": {
          "x": 0.6186936497688293,
          "y": -0.32559293508529663,
          "z": 0.6137276887893677
        },
        "tail": {
          "x": 0.6451256275177002,
          "y": -0.3495374619960785,
          "z": 0.6321991086006165
        }
      },
      "world_space": {
        "head": {
          "x": 0.6186936497688293,
          "y": -0.2623489499092102,
          "z": 1.5635817050933838
        },
        "tail": {
          "x": 0.6451256275177002,
          "y": -0.2862934470176697,
          "z": 1.5820531845092773
        },
        "rotation_quaternion": {
          "w": 0.2373247742652893,
          "x": -0.35154080390930176,
          "y": -0.38156965374946594,
          "z": -0.8212798833847046
        },
        "matrix": [
          [
            -0.6401923894882202,
            0.6580950021743774,
            0.3963141143321991,
            0.6186936497688293
          ],
          [
            -0.12154670804738998,
            -0.5961630344390869,
            0.7936095595359802,
            -0.2623489499092102
          ],
          [
            0.7585433721542358,
            0.45989465713500977,
            0.46165210008621216,
            1.5635817050933838
          ],
          [
            0.0,
            0.0,
            0.0,
            1.0
          ]
        ]
      },
      "bone_length_armature_space": 0.04016445169388284,
      "parent": "thumb_01_l",
      "has_children": true,
      "is_end_bone": false
    },
    "thumb_03_l": {
      "name": "thumb_03_l",
      "local": {
        "location": {
          "x": 0.0,
          "y": 0.0,
          "z": 0.0
        },
        "rotation_quaternion": {
          "w": 0.997942328453064,
          "x": 0.06342512369155884,
          "y": -0.00642698910087347,
          "z": 0.006861364934593439
        },
        "scale": {
          "x": 1.0,
          "y": 1.0,
          "z": 1.0
        },
        "matrix_basis": [
          [
            0.9998232126235962,
            -0.014509757980704308,
            -0.011957162991166115,
            0.0
          ],
          [
            0.012879228219389915,
            0.9918603301048279,
            -0.12667742371559143,
            0.0
          ],
          [
            0.013697895221412182,
            0.12650103867053986,
            0.9918718934059143,
            0.0
          ],
          [
            0.0,
            0.0,
            0.0,
            1.0
          ]
        ],
        "rotation_mode": "QUATERNION"
      },
      "armature_space": {
        "head": {
          "x": 0.6451255679130554,
          "y": -0.34953752160072327,
          "z": 0.6321991086006165
        },
        "tail": {
          "x": 0.6705222725868225,
          "y": -0.356296181678772,
          "z": 0.6475685834884644
        }
      },
      "world_space": {
        "head": {
          "x": 0.6451255679130554,
          "y": -0.28629350662231445,
          "z": 1.5820531845092773
        },
        "tail": {
          "x": 0.6705222725868225,
          "y": -0.29305219650268555,
          "z": 1.5974225997924805
        },
        "rotation_quaternion": {
          "w": 0.4447213113307953,
          "x": -0.18030224740505219,
          "y": -0.43729159235954285,
          "z": -0.7605854868888855
        },
        "matrix": [
          [
            -0.5394271612167358,
            0.8341867923736572,
            -0.11467740684747696,
            0.6451255679130554
          ],
          [
            -0.5188096165657043,
            -0.22199654579162598,
            0.8255630135536194,
            -0.28629350662231445
          ],
          [
            0.6632198095321655,
            0.5048299431800842,
            0.5525397062301636,
            1.5820531845092773
          ],
          [
            0.0,
            0.0,
            0.0,
            1.0
          ]
        ]
      },
      "bone_length_armature_space": 0.03044491545451415,
      "parent": "thumb_02_l",
      "has_children": false,
      "is_end_bone": true
    },
    "metacarpal_index_l": {
      "name": "metacarpal_index_l",
      "local": {
        "location": {
          "x": 0.0,
          "y": 0.0,
          "z": 0.0
        },
        "rotation_quaternion": {
          "w": 0.9998002648353577,
          "x": -0.016147492453455925,
          "y": -0.010593265295028687,
          "z": -0.005151781253516674
        },
        "scale": {
          "x": 1.0,
          "y": 1.0,
          "z": 1.0
        },
        "matrix_basis": [
          [
            0.9997224807739258,
            0.010643613524734974,
            -0.021015921607613564,
            0.0
          ],
          [
            -0.009959395043551922,
            0.9994254112243652,
            0.03239768370985985,
            0.0
          ],
          [
            0.021348675712943077,
            -0.03217938542366028,
            0.9992541074752808,
            0.0
          ],
          [
            0.0,
            0.0,
            0.0,
            1.0
          ]
        ],
        "rotation_mode": "QUATERNION"
      },
      "armature_space": {
        "head": {
          "x": 0.6123016476631165,
          "y": -0.25107336044311523,
          "z": 0.6022042036056519
        },
        "tail": {
          "x": 0.6687067151069641,
          "y": -0.33121877908706665,
          "z": 0.6664260625839233
        }
      },
      "world_space": {
        "head": {
          "x": 0.6123016476631165,
          "y": -0.18782936036586761,
          "z": 1.552058219909668
        },
        "tail": {
          "x": 0.6687067151069641,
          "y": -0.2679747939109802,
          "z": 1.6162800788879395
        },
        "rotation_quaternion": {
          "w": 0.3608614504337311,
          "x": 0.8798105716705322,
          "y": 0.16667117178440094,
          "z": -0.26064008474349976
        },
        "matrix": [
          [
            0.8085750937461853,
            0.4813881516456604,
            -0.33833637833595276,
            0.6123016476631165
          ],
          [
            0.10516919195652008,
            -0.6839994788169861,
            -0.7218620181083679,
            -0.18782936036586761
          ],
          [
            -0.5789216756820679,
            0.5481002330780029,
            -0.6036970615386963,
            1.552058219909668
          ],
          [
            0.0,
            0.0,
            0.0,
            1.0
          ]
        ]
      },
      "bone_length_armature_space": 0.1171719540774929,
      "parent": "lowerarm_l",
      "has_children": true,
      "is_end_bone": false
    },
    "index_01_l": {
      "name": "index_01_l",
      "local": {
        "location": {
          "x": 0.0,
          "y": 0.0,
          "z": 0.0
        },
        "rotation_quaternion": {
          "w": 0.9909113645553589,
          "x": -0.13363225758075714,
          "y": 0.014227957464754581,
          "z": 0.005900077521800995
        },
        "scale": {
          "x": 1.0,
          "y": 1.0,
          "z": 1.0
        },
        "matrix_basis": [
          [
            0.9995254874229431,
            -0.015495535917580128,
            0.0266204085201025,
            0.0
          ],
          [
            0.007890279404819012,
            0.9642152190208435,
            0.2650033235549927,
            0.0
          ],
          [
            -0.029774170368909836,
            -0.2646675407886505,
            0.9638799428939819,
            0.0
          ],
          [
            0.0,
            0.0,
            0.0,
            1.0
          ]
        ],
        "rotation_mode": "QUATERNION"
      },
      "armature_space": {
        "head": {
          "x": 0.6687067151069641,
          "y": -0.33121877908706665,
          "z": 0.6664260625839233
        },
        "tail": {
          "x": 0.691379725933075,
          "y": -0.33923423290252686,
          "z": 0.6817479133605957
        }
      },
      "world_space": {
        "head": {
          "x": 0.6687067151069641,
          "y": -0.2679747939109802,
          "z": 1.6162800788879395
        },
        "tail": {
          "x": 0.691379725933075,
          "y": -0.27599024772644043,
          "z": 1.6316019296646118
        },
        "rotation_quaternion": {
          "w": 0.46513789892196655,
          "x": 0.7660638093948364,
          "y": 0.3782792389392853,
          "z": -0.23172788321971893
        },
        "matrix": [
          [
            0.6064132452011108,
            0.7951433658599854,
            -0.0031308531761169434,
            0.6687067151069641
          ],
          [
            0.3640034794807434,
            -0.28110212087631226,
            -0.8879660367965698,
            -0.2679747939109802
          ],
          [
            -0.7069449424743652,
            0.537338137626648,
            -0.4599030315876007,
            1.6162800788879395
          ],
          [
            0.0,
            0.0,
            0.0,
            1.0
          ]
        ]
      },
      "bone_length_armature_space": 0.028514418199841914,
      "parent": "metacarpal_index_l",
      "has_children": true,
      "is_end_bone": false
    },
    "index_02_l": {
      "name": "index_02_l",
      "local": {
        "location": {
          "x": 0.0,
          "y": 0.0,
          "z": 0.0
        },
        "rotation_quaternion": {
          "w": 0.9990077018737793,
          "x": 0.04398224875330925,
          "y": -0.0009010958019644022,
          "z": 0.0069532254710793495
        },
        "scale": {
          "x": 1.0,
          "y": 1.0,
          "z": 1.0
        },
        "matrix_basis": [
          [
            0.9999016523361206,
            -0.013971916399896145,
            -0.0011887663276866078,
            0.0
          ],
          [
            0.013813387602567673,
            0.9960344433784485,
            -0.08788973838090897,
            0.0
          ],
          [
            0.002412040252238512,
            0.08786468207836151,
            0.9961295127868652,
            0.0
          ],
          [
            0.0,
            0.0,
            0.0,
            1.0
          ]
        ],
        "rotation_mode": "QUATERNION"
      },
      "armature_space": {
        "head": {
          "x": 0.6913799047470093,
          "y": -0.33923467993736267,
          "z": 0.6817481517791748
        },
        "tail": {
          "x": 0.7119209170341492,
          "y": -0.34752047061920166,
          "z": 0.6946905255317688
        }
      },
      "world_space": {
        "head": {
          "x": 0.6913799047470093,
          "y": -0.27599066495895386,
          "z": 1.631602168083191
        },
        "tail": {
          "x": 0.7119209170341492,
          "y": -0.28427648544311523,
          "z": 1.6445446014404297
        },
        "rotation_quaternion": {
          "w": 0.4562196731567383,
          "x": 0.7670175433158875,
          "y": 0.3610648214817047,
          "z": -0.27051812410354614
        },
        "matrix": [
          [
            0.5929037928581238,
            0.800717830657959,
            -0.0855330377817154,
            0.6913799047470093
          ],
          [
            0.3070567548274994,
            -0.3229910433292389,
            -0.8952059149742126,
            -0.27599066495895386
          ],
          [
            -0.7444385290145874,
            0.5045105814933777,
            -0.4373723566532135,
            1.631602168083191
          ],
          [
            0.0,
            0.0,
            0.0,
            1.0
          ]
        ]
      },
      "bone_length_armature_space": 0.0256533148332649,
      "parent": "index_01_l",
      "has_children": true,
      "is_end_bone": false
    },
    "index_03_l": {
      "name": "index_03_l",
      "local": {
        "location": {
          "x": 0.0,
          "y": 0.0,
          "z": 0.0
        },
        "rotation_quaternion": {
          "w": 0.9999067783355713,
          "x": 0.011106962338089943,
          "y": -0.006518605165183544,
          "z": 0.004539314657449722
        },
        "scale": {
          "x": 1.0,
          "y": 1.0,
          "z": 1.0
        },
        "matrix_basis": [
          [
            0.9998738169670105,
            -0.009222586639225483,
            -0.012935158796608448,
            0.0
          ],
          [
            0.008932978846132755,
            0.9997120499610901,
            -0.022271033376455307,
            0.0
          ],
          [
            0.013136831112205982,
            0.022152673453092575,
            0.999668300151825,
            0.0
          ],
          [
            0.0,
            0.0,
            0.0,
            1.0
          ]
        ],
        "rotation_mode": "QUATERNION"
      },
      "armature_space": {
        "head": {
          "x": 0.7119209170341492,
          "y": -0.3475203514099121,
          "z": 0.6946905851364136
        },
        "tail": {
          "x": 0.7362533807754517,
          "y": -0.3590182065963745,
          "z": 0.706068754196167
        }
      },
      "world_space": {
        "head": {
          "x": 0.7119209170341492,
          "y": -0.2842763662338257,
          "z": 1.6445446014404297
        },
        "tail": {
          "x": 0.7362533807754517,
          "y": -0.2957742214202881,
          "z": 1.655922770500183
        },
        "rotation_quaternion": {
          "w": 0.39038100838661194,
          "x": 0.7839540243148804,
          "y": 0.38839057087898254,
          "z": -0.28665611147880554
        },
        "matrix": [
          [
            0.5339615941047668,
            0.8327712416648865,
            -0.14620833098888397,
            0.7119209170341492
          ],
          [
            0.3851519823074341,
            -0.3935099244117737,
            -0.8347505927085876,
            -0.2842763662338257
          ],
          [
            -0.7526955008506775,
            0.38941463828086853,
            -0.5308671593666077,
            1.6445446014404297
          ],
          [
            0.0,
            0.0,
            0.0,
            1.0
          ]
        ]
      },
      "bone_length_armature_space": 0.029218695557321733,
      "parent": "index_02_l",
      "has_children": false,
      "is_end_bone": true
    },
    "metacarpal_pinky_l": {
      "name": "metacarpal_pinky_l",
      "local": {
        "location": {
          "x": 0.0,
          "y": 0.0,
          "z": 0.0
        },
        "rotation_quaternion": {
          "w": 0.9997838139533997,
          "x": -0.01164965983480215,
          "y": -0.016288895159959793,
          "z": 0.005603123921900988
        },
        "scale": {
          "x": 1.0,
          "y": 1.0,
          "z": 1.0
        },
        "matrix_basis": [
          [
            0.9994065761566162,
            -0.01082430500537157,
            -0.032701294869184494,
            0.0
          ],
          [
            0.011583345010876656,
            0.9996657967567444,
            0.023111745715141296,
            0.0
          ],
          [
            0.032440196722745895,
            -0.023476820439100266,
            0.9991979002952576,
            0.0
          ],
          [
            0.0,
            0.0,
            0.0,
            1.0
          ]
        ],
        "rotation_mode": "QUATERNION"
      },
      "armature_space": {
        "head": {
          "x": 0.6123016476631165,
          "y": -0.25107336044311523,
          "z": 0.6022042036056519
        },
        "tail": {
          "x": 0.7039867043495178,
          "y": -0.27872002124786377,
          "z": 0.6431034207344055
        }
      },
      "world_space": {
        "head": {
          "x": 0.6123016476631165,
          "y": -0.18782936036586761,
          "z": 1.552058219909668
        },
        "tail": {
          "x": 0.7039867043495178,
          "y": -0.21547602117061615,
          "z": 1.5929574966430664
        },
        "rotation_quaternion": {
          "w": 0.5628052949905396,
          "x": 0.031567081809043884,
          "y": -0.22472268342971802,
          "z": -0.7948293089866638
        },
        "matrix": [
          [
            -0.3645067512989044,
            0.8804802298545837,
            -0.30313223600387573,
            0.6123016476631165
          ],
          [
            -0.9088566303253174,
            -0.265499472618103,
            0.3216989040374756,
            -0.18782936036586761
          ],
          [
            0.20276877284049988,
            0.39276766777038574,
            0.8970131278038025,
            1.552058219909668
          ],
          [
            0.0,
            0.0,
            0.0,
            1.0
          ]
        ]
      },
      "bone_length_armature_space": 0.10413084544239239,
      "parent": "lowerarm_l",
      "has_children": true,
      "is_end_bone": false
    },
    "pinky_01_l": {
      "name": "pinky_01_l",
      "local": {
        "location": {
          "x": 0.0,
          "y": 0.0,
          "z": 0.0
        },
        "rotation_quaternion": {
          "w": 0.9932210445404053,
          "x": -0.11588061600923538,
          "y": 0.001825821353122592,
          "z": 0.008968379348516464
        },
        "scale": {
          "x": 1.0,
          "y": 1.0,
          "z": 1.0
        },
        "matrix_basis": [
          [
            0.9998324513435364,
            -0.01823832094669342,
            0.0015483656898140907,
            0.0
          ],
          [
            0.017392011359333992,
            0.9729825258255005,
            0.2302228808403015,
            0.0
          ],
          [
            -0.005705411080271006,
            -0.23015739023685455,
            0.9731367230415344,
            0.0
          ],
          [
            0.0,
            0.0,
            0.0,
            1.0
          ]
        ],
        "rotation_mode": "QUATERNION"
      },
      "armature_space": {
        "head": {
          "x": 0.7039867043495178,
          "y": -0.27872002124786377,
