{
  "metadata": {
    "armature_name": "KIM_caucasian_male",
    "export_time": "2026-01-13T21:12:46.300656",
    "blender_version": "4.4.1",
    "bone_count": 56,
    "end_bone_count": 13,
    "spaces_included": [
      "LOCAL_CHANNELS",
      "ARMATURE_SPACE",
      "WORLD_SPACE"
    ],
    "note": "LOCAL matches Transform panel; replay pose via local.matrix_basis for best fidelity."
  },
  "bones": {
    "Root": {
      "name": "Root",
      "local": {
        "location": {
          "x": 0.0,
          "y": 0.0,
          "z": 0.0
        },
        "rotation_quaternion": {
          "w": 0.9995849132537842,
          "x": -0.01802038960158825,
          "y": 0.011647816747426987,
          "z": -0.019228501245379448
        },
        "scale": {
          "x": 1.0,
          "y": 1.0,
          "z": 1.0
        },
        "matrix_basis": [
          [
            0.9989891648292542,
            0.03802124410867691,
            0.023978974670171738,
            0.0
          ],
          [
            -0.03886083513498306,
            0.9986110329627991,
            0.03557787835597992,
            0.0
          ],
          [
            -0.022592954337596893,
            -0.03647375851869583,
            0.999079167842865,
            0.0
          ],
          [
            0.0,
            0.0,
            0.0,
            1.0
          ]
        ],
        "rotation_mode": "QUATERNION"
      },
      "armature_space": {
        "head": {
          "x": 0.0,
          "y": 0.07072800397872925,
          "z": -0.009595036506652832
        },
        "tail": {
          "x": 0.0027137992437928915,
          "y": 0.00044820457696914673,
          "z": 0.002566407434642315
        }
      },
      "world_space": {
        "head": {
          "x": 0.0,
          "y": 0.13397200405597687,
          "z": 0.9402589797973633
        },
        "tail": {
          "x": 0.0027137992437928915,
          "y": 0.06369220465421677,
          "z": 0.9524204134941101
        },
        "rotation_quaternion": {
          "w": 0.0853191614151001,
          "x": 0.996100127696991,
          "y": 0.019969511777162552,
          "z": 0.010325971990823746
        },
        "matrix": [
          [
            0.9989891648292542,
            0.03802124410867691,
            0.023978974670171738,
            0.0
          ],
          [
            0.041545264422893524,
            -0.9846436977386475,
            -0.16956084966659546,
            0.13397200405597687
          ],
          [
            0.017163991928100586,
            0.1703859269618988,
            -0.9852349758148193,
            0.9402589797973633
          ],
          [
            0.0,
            0.0,
            0.0,
            1.0
          ]
        ]
      },
      "bone_length_armature_space": 0.0713758755298475,
      "parent": null,
      "has_children": true,
      "is_end_bone": false
    },
    "spine_01": {
      "name": "spine_01",
      "local": {
        "location": {
          "x": 0.0,
          "y": 0.0,
          "z": 0.0
        },
        "rotation_quaternion": {
          "w": 0.9972548484802246,
          "x": 0.032468266785144806,
          "y": 0.012000679969787598,
          "z": 0.06545763462781906
        },
        "scale": {
          "x": 1.0,
          "y": 1.0,
          "z": 1.0
        },
        "matrix_basis": [
          [
            0.9911425709724426,
            -0.12977659702301025,
            0.028186064213514328,
            0.0
          ],
          [
            0.13133516907691956,
            0.9893222451210022,
            -0.06318720430135727,
            0.0
          ],
          [
            -0.01968488097190857,
            0.06632934510707855,
            0.9976035952568054,
            0.0
          ],
          [
            0.0,
            0.0,
            0.0,
            1.0
          ]
        ],
        "rotation_mode": "QUATERNION"
      },
      "armature_space": {
        "head": {
          "x": 0.0027137992437928915,
          "y": 0.00044820457696914673,
          "z": 0.002566407434642315
        },
        "tail": {
          "x": -0.06917626410722733,
          "y": 0.005312738008797169,
          "z": 0.485222190618515
        }
      },
      "world_space": {
        "head": {
          "x": 0.0027137992437928915,
          "y": 0.06369220465421677,
          "z": 0.9524204134941101
        },
        "tail": {
          "x": -0.06917626410722733,
          "y": 0.06855674088001251,
          "z": 1.4350762367248535
        },
        "rotation_quaternion": {
          "w": 0.7101063132286072,
          "x": 0.6993404030799866,
          "y": -0.027072342112660408,
          "z": 0.07706581056118011
        },
        "matrix": [
          [
            0.9866557717323303,
            -0.14731533825397491,
            0.0693429559469223,
            0.0027137992437928915
          ],
          [
            0.07158532738685608,
            0.009968280792236328,
            -0.9973847270011902,
            0.06369220465421677
          ],
          [
            0.14623992145061493,
            0.9890462756156921,
            0.02038012072443962,
            0.9524204134941101
          ],
          [
            0.0,
            0.0,
            0.0,
            1.0
          ]
        ]
      },
      "bone_length_armature_space": 0.48800457286287374,
      "parent": "Root",
      "has_children": true,
      "is_end_bone": false
    },
    "neck_01": {
      "name": "neck_01",
      "local": {
        "location": {
          "x": 0.0,
          "y": 0.0,
          "z": 0.0
        },
        "rotation_quaternion": {
          "w": 0.9842350482940674,
          "x": -0.13632380962371826,
          "y": -0.09641619771718979,
          "z": 0.05832045152783394
        },
        "scale": {
          "x": 1.0,
          "y": 1.0,
          "z": 1.0
        },
        "matrix_basis": [
          [
            0.9746052622795105,
            -0.08851441740989685,
            -0.2056933343410492,
            0.0
          ],
          [
            0.14108970761299133,
            0.9560291171073914,
            0.2571032643318176,
            0.0
          ],
          [
            0.17389146983623505,
            -0.27959540486335754,
            0.9442394971847534,
            0.0
          ],
          [
            0.0,
            0.0,
            0.0,
            1.0
          ]
        ],
        "rotation_mode": "QUATERNION"
      },
      "armature_space": {
        "head": {
          "x": -0.07755762338638306,
          "y": -0.028547141700983047,
          "z": 0.5583454370498657
        },
        "tail": {
          "x": -0.10068093240261078,
          "y": -0.03885813429951668,
          "z": 0.6576920747756958
        }
      },
      "world_space": {
        "head": {
          "x": -0.07755762338638306,
          "y": 0.03469685837626457,
          "z": 1.5081994533538818
        },
        "tail": {
          "x": -0.10068093240261078,
          "y": 0.024385865777730942,
          "z": 1.607546091079712
        },
        "rotation_quaternion": {
          "w": 0.6588512659072876,
          "x": 0.7411848902702332,
          "y": -0.12501071393489838,
          "z": 0.03053353726863861
        },
        "matrix": [
          [
            0.9668797850608826,
            -0.22554634511470795,
            -0.11946628242731094,
            -0.07755762338638306
          ],
          [
            -0.14507931470870972,
            -0.10057410597801208,
            -0.9842952489852905,
            0.03469685837626457
          ],
          [
            0.2099902629852295,
            0.9690338373184204,
            -0.12996701896190643,
            1.5081994533538818
          ],
          [
            0.0,
            0.0,
            0.0,
            1.0
          ]
        ]
      },
      "bone_length_armature_space": 0.10252198938591676,
      "parent": "spine_01",
      "has_children": true,
      "is_end_bone": false
    },
    "head": {
      "name": "head",
      "local": {
        "location": {
          "x": 0.0,
          "y": 0.0,
          "z": 0.0
        },
        "rotation_quaternion": {
          "w": 0.9883248805999756,
          "x": -0.10608907043933868,
          "y": -0.023125311359763145,
          "z": 0.10688450932502747
        },
        "scale": {
          "x": 1.0,
          "y": 1.0,
          "z": 1.0
        },
        "matrix_basis": [
          [
            0.9760818481445312,
            -0.20636655390262604,
            -0.06838919967412949,
            0.0
          ],
          [
            0.21617992222309113,
            0.9546416401863098,
            0.2047574669122696,
            0.0
          ],
          [
            0.023032084107398987,
            -0.2146444171667099,
            0.9764206409454346,
            0.0
          ],
          [
            0.0,
            0.0,
            0.0,
            1.0
          ]
        ],
        "rotation_mode": "QUATERNION"
      },
      "armature_space": {
        "head": {
          "x": -0.10068093240261078,
          "y": -0.03885827958583832,
          "z": 0.657692015171051
        },
        "tail": {
          "x": -0.14991620182991028,
          "y": 0.036429546773433685,
          "z": 0.7840282917022705
        }
      },
      "world_space": {
        "head": {
          "x": -0.10068093240261078,
          "y": 0.024385720491409302,
          "z": 1.607546091079712
        },
        "tail": {
          "x": -0.14991620182991028,
          "y": 0.0996735468506813,
          "z": 1.7338823080062866
        },
        "rotation_quaternion": {
          "w": 0.8353143334388733,
          "x": 0.5033942461013794,
          "y": -0.21206645667552948,
          "z": 0.06222575157880783
        },
        "matrix": [
          [
            0.9023119807243347,
            -0.31746214628219604,
            -0.29163479804992676,
            -0.10068093240261078
          ],
          [
            -0.10954830050468445,
            0.48544538021087646,
            -0.8673766851425171,
            0.024385720491409302
          ],
          [
            0.4169347882270813,
            0.8145986795425415,
            0.4032477140426636,
            1.607546091079712
          ],
          [
            0.0,
            0.0,
            0.0,
            1.0
          ]
        ]
      },
      "bone_length_armature_space": 0.15509101885538798,
      "parent": "neck_01",
      "has_children": false,
      "is_end_bone": true
    },
    "upperarm_l": {
      "name": "upperarm_l",
      "local": {
        "location": {
          "x": 0.0,
          "y": 0.0,
          "z": 0.0
        },
        "rotation_quaternion": {
          "w": 0.858618974685669,
          "x": 0.24750514328479767,
          "y": 0.33943918347358704,
          "z": 0.293761283159256
        },
        "scale": {
          "x": 1.0,
          "y": 1.0,
          "z": 1.0
        },
        "matrix_basis": [
          [
            0.5969706773757935,
            -0.3364321291446686,
            0.7283127307891846,
            0.0
          ],
          [
            0.6724839210510254,
            0.70489102602005,
            -0.22559703886508942,
            0.0
          ],
          [
            -0.4374829828739166,
            0.6244534254074097,
            0.6470444798469543,
            0.0
          ],
          [
            0.0,
            0.0,
            0.0,
            1.0
          ]
        ],
        "rotation_mode": "QUATERNION"
      },
      "armature_space": {
        "head": {
          "x": 0.08056262880563736,
          "y": -0.021660074591636658,
          "z": 0.513874888420105
        },
        "tail": {
          "x": 0.2743273377418518,
          "y": -0.16822326183319092,
          "z": 0.6269334554672241
        }
      },
      "world_space": {
        "head": {
          "x": 0.08056262880563736,
          "y": 0.04158392548561096,
          "z": 1.463728904724121
        },
        "tail": {
          "x": 0.2743273377418518,
          "y": -0.1049792617559433,
          "z": 1.5767874717712402
        },
        "rotation_quaternion": {
          "w": 0.3128340244293213,
          "x": 0.863806962966919,
          "y": 0.3586982786655426,
          "z": -0.1652514785528183
        },
        "matrix": [
          [
            0.6880546808242798,
            0.7230851054191589,
            -0.061063140630722046,
            0.08056262880563736
          ],
          [
            0.5163005590438843,
            -0.5469399690628052,
            -0.6590073704719543,
            0.04158392548561096
          ],
          [
            -0.5099193453788757,
            0.42190852761268616,
            -0.7496595978736877,
            1.463728904724121
          ],
          [
            0.0,
            0.0,
            0.0,
            1.0
          ]
        ]
      },
      "bone_length_armature_space": 0.2679697202853995,
      "parent": "spine_01",
      "has_children": true,
      "is_end_bone": false
    },
    "lowerarm_l": {
      "name": "lowerarm_l",
      "local": {
        "location": {
          "x": 0.0,
          "y": 0.0,
          "z": 0.0
        },
        "rotation_quaternion": {
          "w": 0.8179677128791809,
          "x": 0.48035499453544617,
          "y": 0.22679202258586884,
          "z": -0.22080212831497192
        },
        "scale": {
          "x": 1.0,
          "y": 1.0,
          "z": 1.0
        },
        "matrix_basis": [
          [
            0.7996236085891724,
            0.5790993571281433,
            0.15889029204845428,
            0.0
          ],
          [
            -0.14333666861057281,
            0.4410110116004944,
            -0.885982096195221,
            0.0
          ],
          [
            -0.5831438899040222,
            0.6856774091720581,
            0.43564891815185547,
            0.0
          ],
          [
            0.0,
            0.0,
            0.0,
            1.0
          ]
        ],
        "rotation_mode": "QUATERNION"
      },
      "armature_space": {
        "head": {
          "x": 0.2743273079395294,
          "y": -0.16822341084480286,
          "z": 0.6269335150718689
        },
        "tail": {
          "x": 0.4175604283809662,
          "y": -0.304948091506958,
          "z": 0.447043240070343
        }
      },
      "world_space": {
        "head": {
          "x": 0.2743273079395294,
          "y": -0.10497941076755524,
          "z": 1.5767874717712402
        },
        "tail": {
          "x": 0.4175604283809662,
          "y": -0.2417040914297104,
          "z": 1.396897315979004
        },
        "rotation_quaternion": {
          "w": 0.3047291040420532,
          "x": -0.8454676270484924,
          "y": -0.3893628418445587,
          "z": 0.20179542899131775
        },
        "matrix": [
          [
            0.6153491139411926,
            0.5354019403457642,
            -0.5785241723060608,
            0.2743273079395294
          ],
          [
            0.7813740968704224,
            -0.5110735893249512,
            0.3581323027610779,
            -0.10497941076755524
          ],
          [
            -0.10392367839813232,
            -0.6724254488945007,
            -0.7328426837921143,
            1.5767874717712402
          ],
          [
            0.0,
            0.0,
            0.0,
            1.0
          ]
        ]
      },
      "bone_length_armature_space": 0.2675254728207921,
      "parent": "upperarm_l",
      "has_children": true,
      "is_end_bone": false
    },
    "metacarpal_thumb_l": {
      "name": "metacarpal_thumb_l",
      "local": {
        "location": {
          "x": 0.0,
          "y": 0.0,
          "z": 0.0
        },
        "rotation_quaternion": {
          "w": 0.999805212020874,
          "x": -0.016249965876340866,
          "y": 0.011133801192045212,
          "z": 0.0012858074624091387
        },
        "scale": {
          "x": 1.0,
          "y": 1.0,
          "z": 1.0
        },
        "matrix_basis": [
          [
            0.9997487664222717,
            -0.0029329617973417044,
            0.022221475839614868,
            0.0
          ],
          [
            0.0022092661820352077,
            0.9994685649871826,
            0.032522231340408325,
            0.0
          ],
          [
            -0.02230505272746086,
            -0.03246496990323067,
            0.9992239475250244,
            0.0
          ],
          [
            0.0,
            0.0,
            0.0,
            1.0
          ]
        ],
        "rotation_mode": "QUATERNION"
      },
      "armature_space": {
        "head": {
          "x": 0.4175604283809662,
          "y": -0.304948091506958,
          "z": 0.447043240070343
        },
        "tail": {
          "x": 0.426189124584198,
          "y": -0.3086833953857422,
          "z": 0.39840981364250183
        }
      },
      "world_space": {
        "head": {
          "x": 0.4175604283809662,
          "y": -0.2417040914297104,
          "z": 1.396897315979004
        },
        "tail": {
          "x": 0.426189124584198,
          "y": -0.24543939530849457,
          "z": 1.3482638597488403
        },
        "rotation_quaternion": {
          "w": 0.6655122637748718,
          "x": -0.6804698705673218,
          "y": 0.1392441987991333,
          "z": -0.2732493579387665
        },
        "matrix": [
          [
            0.8118909597396851,
            0.17419858276844025,
            0.5572144389152527,
            0.4175604283809662
          ],
          [
            -0.5532057285308838,
            -0.07540968805551529,
            0.8296247124671936,
            -0.2417040914297104
          ],
          [
            0.18653960525989532,
            -0.9818258285522461,
            0.035144295543432236,
            1.396897315979004
          ],
          [
            0.0,
            0.0,
            0.0,
            1.0
          ]
        ]
      },
      "bone_length_armature_space": 0.0495339983279292,
      "parent": "lowerarm_l",
      "has_children": true,
      "is_end_bone": false
    },
    "thumb_01_l": {
      "name": "thumb_01_l",
      "local": {
        "location": {
          "x": 0.0,
          "y": 0.0,
          "z": 0.0
        },
        "rotation_quaternion": {
          "w": 0.9995720982551575,
          "x": -0.002039937302470207,
          "y": -0.024406349286437035,
          "z": -0.01599494181573391
        },
        "scale": {
          "x": 1.0,
          "y": 1.0,
          "z": 1.0
        },
        "matrix_basis": [
          [
            0.9982969760894775,
            0.03207577019929886,
            -0.048726554960012436,
            0.0
          ],
          [
            -0.03187661990523338,
            0.9994800090789795,
            0.004858884960412979,
            0.0
          ],
          [
            0.04885707050561905,
            -0.0032973724883049726,
            0.9988003373146057,
            0.0
          ],
          [
            0.0,
            0.0,
            0.0,
            1.0
          ]
        ],
        "rotation_mode": "QUATERNION"
      },
      "armature_space": {
        "head": {
          "x": 0.426189124584198,
          "y": -0.3086833953857422,
          "z": 0.39840981364250183
        },
        "tail": {
          "x": 0.4404468834400177,
          "y": -0.2877824306488037,
          "z": 0.37563928961753845
        }
      },
      "world_space": {
        "head": {
          "x": 0.426189124584198,
          "y": -0.24543939530849457,
          "z": 1.3482638597488403
        },
        "tail": {
          "x": 0.4404468834400177,
          "y": -0.2245384305715561,
          "z": 1.325493335723877
        },
        "rotation_quaternion": {
          "w": 0.6202765107154846,
          "x": -0.08844095468521118,
          "y": 0.6498283743858337,
          "z": -0.4303003251552582
        },
        "matrix": [
          [
            -0.21487054228782654,
            0.41887080669403076,
            0.8822574019432068,
            0.426189124584198
          ],
          [
            -0.6487540006637573,
            0.6140375137329102,
            -0.44952937960624695,
            -0.24543939530849457
          ],
          [
            -0.7300392985343933,
            -0.6689625978469849,
            0.13980606198310852,
            1.3482638597488403
          ],
          [
            0.0,
            0.0,
            0.0,
            1.0
          ]
        ]
      },
      "bone_length_armature_space": 0.03403866639714207,
      "parent": "metacarpal_thumb_l",
      "has_children": true,
      "is_end_bone": false
    },
    "thumb_02_l": {
      "name": "thumb_02_l",
      "local": {
        "location": {
          "x": 0.0,
          "y": 0.0,
          "z": 0.0
        },
        "rotation_quaternion": {
          "w": 0.9970947504043579,
          "x": 0.07600034028291702,
          "y": -0.004103638231754303,
          "z": 0.003052685409784317
        },
        "scale": {
          "x": 1.0,
          "y": 1.0,
          "z": 1.0
        },
        "matrix_basis": [
          [
            0.9999476671218872,
            -0.006711388938128948,
            -0.007719422224909067,
            0.0
          ],
          [
            0.005463877227157354,
            0.9884292483329773,
            -0.15158413350582123,
            0.0
          ],
          [
            0.008647442795336246,
            0.15153402090072632,
            0.9884142279624939,
            0.0
          ],
          [
            0.0,
            0.0,
            0.0,
            1.0
          ]
        ],
        "rotation_mode": "QUATERNION"
      },
      "armature_space": {
        "head": {
          "x": 0.4404468536376953,
          "y": -0.2877824008464813,
          "z": 0.37563931941986084
        },
        "tail": {
          "x": 0.46419721841812134,
          "y": -0.30824095010757446,
          "z": 0.35052841901779175
        }
      },
      "world_space": {
        "head": {
          "x": 0.4404468536376953,
          "y": -0.2245384007692337,
          "z": 1.325493335723877
        },
        "tail": {
          "x": 0.46419721841812134,
          "y": -0.24499695003032684,
          "z": 1.300382375717163
        },
        "rotation_quaternion": {
          "w": 0.245448499917984,
          "x": 0.20572377741336823,
          "y": 0.4301978647708893,
          "z": -0.8440157175064087
        },
        "matrix": [
          [
            -0.7948655486106873,
            0.5913290977478027,
            -0.13608382642269135,
            0.4404468536376953
          ],
          [
            -0.2373230755329132,
            -0.5093700289726257,
            -0.8271762132644653,
            -0.2245384007692337
          ],
          [
            -0.5584542751312256,
            -0.6252026557922363,
            0.5452196598052979,
            1.325493335723877
          ],
          [
            0.0,
            0.0,
            0.0,
            1.0
          ]
        ]
      },
      "bone_length_armature_space": 0.04016452886548198,
      "parent": "thumb_01_l",
      "has_children": true,
      "is_end_bone": false
    },
    "thumb_03_l": {
      "name": "thumb_03_l",
      "local": {
        "location": {
          "x": 0.0,
          "y": 0.0,
          "z": 0.0
        },
        "rotation_quaternion": {
          "w": 0.9991390109062195,
          "x": 0.041109926998615265,
          "y": 0.0024714889004826546,
          "z": 0.005020892713218927
        },
        "scale": {
          "x": 1.0,
          "y": 1.0,
          "z": 1.0
        },
        "matrix_basis": [
          [
            0.9999373555183411,
            -0.009829933755099773,
            0.005351539235562086,
            0.0
          ],
          [
            0.01023634523153305,
            0.9965695142745972,
            -0.0821242481470108,
            0.0
          ],
          [
            -0.004525905009359121,
            0.08217388391494751,
            0.9966077208518982,
            0.0
          ],
          [
            0.0,
            0.0,
            0.0,
            1.0
          ]
        ],
        "rotation_mode": "QUATERNION"
      },
      "armature_space": {
        "head": {
          "x": 0.46419715881347656,
          "y": -0.3082408905029297,
          "z": 0.35052838921546936
        },
        "tail": {
          "x": 0.4827919602394104,
          "y": -0.33037421107292175,
          "z": 0.3409762978553772
        }
      },
      "world_space": {
        "head": {
          "x": 0.46419715881347656,
          "y": -0.24499689042568207,
          "z": 1.300382375717163
        },
        "tail": {
          "x": 0.4827919602394104,
          "y": -0.26713019609451294,
          "z": 1.290830373764038
        },
        "rotation_quaternion": {
          "w": 0.2081412822008133,
          "x": 0.4437123239040375,
          "y": 0.3052530288696289,
          "z": -0.8164663314819336
        },
        "matrix": [
          [
            -0.5195936560630798,
            0.610769510269165,
            -0.5974806547164917,
            0.46419715881347656
          ],
          [
            -0.06899303942918777,
            -0.7269963622093201,
            -0.6831667423248291,
            -0.24499689042568207
          ],
          [
            -0.851629376411438,
            -0.31374984979629517,
            0.4198838174343109,
            1.300382375717163
          ],
          [
            0.0,
            0.0,
            0.0,
            1.0
          ]
        ]
      },
      "bone_length_armature_space": 0.030444916888439786,
      "parent": "thumb_02_l",
      "has_children": false,
      "is_end_bone": true
    },
    "metacarpal_index_l": {
      "name": "metacarpal_index_l",
      "local": {
        "location": {
          "x": 0.0,
          "y": 0.0,
          "z": 0.0
        },
        "rotation_quaternion": {
          "w": 0.9998418092727661,
          "x": 0.013388540595769882,
          "y": -0.011697717942297459,
          "z": 0.0007013804861344397
        },
        "scale": {
          "x": 1.0,
          "y": 1.0,
          "z": 1.0
        },
        "matrix_basis": [
          [
            0.999725341796875,
            -0.0017157697584480047,
            -0.0233729537576437,
            0.0
          ],
          [
            0.001089308294467628,
            0.9996405243873596,
            -0.02678925357758999,
            0.0
          ],
          [
            0.02341051585972309,
            0.02675643563270569,
            0.9993678331375122,
            0.0
          ],
          [
            0.0,
            0.0,
            0.0,
            1.0
          ]
        ],
        "rotation_mode": "QUATERNION"
      },
      "armature_space": {
        "head": {
          "x": 0.4175604283809662,
          "y": -0.304948091506958,
          "z": 0.447043240070343
        },
        "tail": {
          "x": 0.4601832330226898,
          "y": -0.34152114391326904,
          "z": 0.3442080020904541
        }
      },
      "world_space": {
        "head": {
          "x": 0.4175604283809662,
          "y": -0.2417040914297104,
          "z": 1.396897315979004
        },
        "tail": {
          "x": 0.4601832330226898,
          "y": -0.2782771587371826,
          "z": 1.2940620183944702
        },
        "rotation_quaternion": {
          "w": 0.5694223046302795,
          "x": -0.8007258772850037,
          "y": -0.14033062756061554,
          "z": -0.12208045274019241
        },
        "matrix": [
          [
            0.93080735206604,
            0.36376363039016724,
            0.03568945452570915,
            0.4175604283809662
          ],
          [
            0.08570413291454315,
            -0.31213194131851196,
            0.9461654424667358,
            -0.2417040914297104
          ],
          [
            0.3553228974342346,
            -0.8776453733444214,
            -0.32171207666397095,
            1.396897315979004
          ],
          [
            0.0,
            0.0,
            0.0,
            1.0
          ]
        ]
      },
      "bone_length_armature_space": 0.11717242650602215,
      "parent": "lowerarm_l",
      "has_children": true,
      "is_end_bone": false
    },
    "index_01_l": {
      "name": "index_01_l",
      "local": {
        "location": {
          "x": 0.0,
          "y": 0.0,
          "z": 0.0
        },
        "rotation_quaternion": {
          "w": 0.993990421295166,
          "x": -0.1076773926615715,
          "y": -0.01625099778175354,
          "z": -0.011159669607877731
        },
        "scale": {
          "x": 1.0,
          "y": 1.0,
          "z": 1.0
        },
        "matrix_basis": [
          [
            0.9992227554321289,
            0.025684939697384834,
            -0.029903383925557137,
            0.0
          ],
          [
            -0.0186854787170887,
            0.9765620827674866,
            0.2144232988357544,
            0.0
          ],
          [
            0.03470996022224426,
            -0.2136978805065155,
            0.9762829542160034,
            0.0
          ],
          [
            0.0,
            0.0,
            0.0,
            1.0
          ]
        ],
        "rotation_mode": "QUATERNION"
      },
      "armature_space": {
        "head": {
          "x": 0.4601832330226898,
          "y": -0.34152114391326904,
          "z": 0.3442080020904541
        },
        "tail": {
          "x": 0.47812551259994507,
          "y": -0.3576679229736328,
          "z": 0.32902806997299194
        }
      },
      "world_space": {
        "head": {
          "x": 0.4601832330226898,
          "y": -0.2782771587371826,
          "z": 1.2940620183944702
        },
        "tail": {
          "x": 0.47812551259994507,
          "y": -0.2944239377975464,
          "z": 1.2788820266723633
        },
        "rotation_quaternion": {
          "w": 0.3926037847995758,
          "x": -0.8452247977256775,
          "y": -0.2504567503929138,
          "z": -0.26216164231300354
        },
        "matrix": [
          [
            0.7370855808258057,
            0.6292361617088318,
            0.24650922417640686,
            0.4601832330226898
          ],
          [
            0.21753528714179993,
            -0.5662678480148315,
            0.7949966192245483,
            -0.2782771587371826
          ],
          [
            0.6398354768753052,
            -0.5323603749275208,
            -0.5542719960212708,
            1.2940620183944702
          ],
          [
            0.0,
            0.0,
            0.0,
            1.0
          ]
        ]
      },
      "bone_length_armature_space": 0.028514456092215527,
      "parent": "metacarpal_index_l",
      "has_children": true,
      "is_end_bone": false
    },
    "index_02_l": {
      "name": "index_02_l",
      "local": {
        "location": {
          "x": 0.0,
          "y": 0.0,
          "z": 0.0
        },
        "rotation_quaternion": {
          "w": 0.9991682171821594,
          "x": 0.04038608446717262,
          "y": 0.0039582690224051476,
          "z": -0.0040160007774829865
        },
        "scale": {
          "x": 1.0,
          "y": 1.0,
          "z": 1.0
        },
        "matrix_basis": [
          [
            0.9999364018440247,
            0.008345038630068302,
            0.007585572078824043,
            0.0
          ],
          [
            -0.007705602794885635,
            0.9967056512832642,
            -0.08073677867650986,
            0.0
          ],
          [
            -0.00823433417826891,
            0.08067318797111511,
            0.9967066049575806,
            0.0
          ],
          [
            0.0,
            0.0,
            0.0,
            1.0
          ]
        ],
        "rotation_mode": "QUATERNION"
      },
      "armature_space": {
        "head": {
          "x": 0.478125661611557,
          "y": -0.3576679527759552,
          "z": 0.32902753353118896
        },
        "tail": {
          "x": 0.4951796531677246,
          "y": -0.3710307478904724,
          "z": 0.31529107689857483
        }
      },
      "world_space": {
        "head": {
          "x": 0.478125661611557,
          "y": -0.2944239377975464,
          "z": 1.278881549835205
        },
        "tail": {
          "x": 0.4951796531677246,
          "y": -0.307786762714386,
          "z": 1.2651450634002686
        },
        "rotation_quaternion": {
          "w": 0.39950335025787354,
          "x": -0.8388381600379944,
          "y": -0.28274866938591003,
          "z": -0.23832914233207703
        },
        "matrix": [
          [
            0.7265047430992126,
            0.6647878885269165,
            0.17391960322856903,
            0.478125661611557
          ],
          [
            0.28393635153770447,
            -0.5209006667137146,
            0.8050113320350647,
            -0.2944239377975464
          ],
          [
            0.6257611513137817,
            -0.5354666113853455,
            -0.5671974420547485,
            1.278881549835205
          ],
          [
            0.0,
            0.0,
            0.0,
            1.0
          ]
        ]
      },
      "bone_length_armature_space": 0.025653326603758252,
      "parent": "index_01_l",
      "has_children": true,
      "is_end_bone": false
    },
    "index_03_l": {
      "name": "index_03_l",
      "local": {
        "location": {
          "x": 0.0,
          "y": 0.0,
          "z": 0.0
        },
        "rotation_quaternion": {
          "w": 0.9996098875999451,
          "x": 0.026817183941602707,
          "y": 0.005407098215073347,
          "z": -0.005626354832202196
        },
        "scale": {
          "x": 1.0,
          "y": 1.0,
          "z": 1.0
        },
        "matrix_basis": [
          [
            0.9998782277107239,
            0.011538325808942318,
            0.010508211329579353,
            0.0
          ],
          [
            -0.010958313941955566,
            0.9984983801841736,
            -0.05367428809404373,
            0.0
          ],
          [
            -0.011111743748188019,
            0.05355260148644447,
            0.9985032081604004,
            0.0
          ],
          [
            0.0,
            0.0,
            0.0,
            1.0
          ]
        ],
        "rotation_mode": "QUATERNION"
      },
      "armature_space": {
        "head": {
          "x": 0.49517959356307983,
          "y": -0.37103086709976196,
          "z": 0.3152911365032196
        },
        "tail": {
          "x": 0.517257571220398,
          "y": -0.38183900713920593,
          "z": 0.2994961142539978
        }
      },
      "world_space": {
        "head": {
          "x": 0.49517959356307983,
          "y": -0.30778688192367554,
          "z": 1.265145182609558
        },
        "tail": {
          "x": 0.517257571220398,
          "y": -0.3185949921607971,
          "z": 1.2493500709533691
        },
        "rotation_quaternion": {
          "w": 0.45780688524246216,
          "x": -0.7822021245956421,
          "y": -0.32474663853645325,
          "z": -0.2703930139541626
        },
        "matrix": [
          [
            0.6428543329238892,
            0.755611002445221,
            0.12566012144088745,
            0.49517959356307983
          ],
          [
            0.26046207547187805,
            -0.3699054718017578,
            0.8918127417564392,
            -0.30778688192367554
          ],
          [
            0.7203510403633118,
            -0.5405800342559814,
            -0.43460556864738464,
            1.265145182609558
          ],
          [
            0.0,
            0.0,
            0.0,
            1.0
          ]
        ]
      },
      "bone_length_armature_space": 0.0292187560684375,
      "parent": "index_02_l",
      "has_children": false,
      "is_end_bone": true
    },
    "metacarpal_pinky_l": {
      "name": "metacarpal_pinky_l",
      "local": {
        "location": {
          "x": 0.0,
          "y": 0.0,
          "z": 0.0
        },
        "rotation_quaternion": {
          "w": 0.9981417655944824,
          "x": -0.05627283453941345,
          "y": 0.01648331619799137,
          "z": -0.016574770212173462
        },
        "scale": {
          "x": 1.0,
          "y": 1.0,
          "z": 1.0
        },
        "matrix_basis": [
          [
            0.9989071488380432,
            0.031232815235853195,
            0.03477079048752785,
            0.0
          ],
          [
            -0.03494306653738022,
            0.9931172728538513,
            0.11179012060165405,
            0.0
          ],
          [
            -0.031039953231811523,
            -0.11288294941186905,
            0.9931233525276184,
            0.0
          ],
          [
            0.0,
            0.0,
            0.0,
            1.0
          ]
        ],
        "rotation_mode": "QUATERNION"
      },
      "armature_space": {
        "head": {
          "x": 0.4175604283809662,
          "y": -0.304948091506958,
          "z": 0.447043240070343
        },
        "tail": {
          "x": 0.4962896406650543,
          "y": -0.35655564069747925,
          "z": 0.4025278389453888
        }
      },
      "world_space": {
        "head": {
          "x": 0.4175604283809662,
          "y": -0.2417040914297104,
          "z": 1.396897315979004
        },
        "tail": {
          "x": 0.4962896406650543,
          "y": -0.2933116555213928,
          "z": 1.3523818254470825
        },
        "rotation_quaternion": {
          "w": 0.1329149454832077,
          "x": 0.6132646203041077,
          "y": 0.4842833876609802,
          "z": -0.60968017578125
        },
        "matrix": [
          [
            -0.21248218417167664,
            0.7560610771179199,
            -0.6190500855445862,
            0.4175604283809662
          ],
          [
            0.4319157004356384,
            -0.4956032633781433,
            -0.7535427808761597,
            -0.2417040914297104
          ],
          [
            -0.8765332698822021,
            -0.4274953007698059,
            -0.22125017642974854,
            1.396897315979004
          ],
          [
            0.0,
            0.0,
            0.0,
            1.0
          ]
        ]
      },
      "bone_length_armature_space": 0.10413092146442948,
      "parent": "lowerarm_l",
      "has_children": true,
      "is_end_bone": false
    },
    "pinky_01_l": {
      "name": "pinky_01_l",
      "local": {
        "location": {
          "x": 0.0,
          "y": 0.0,
          "z": 0.0
        },
        "rotation_quaternion": {
          "w": 0.9625271558761597,
          "x": 0.27032577991485596,
          "y": 0.011403718031942844,
          "z": -0.01831916719675064
        },
        "scale": {
          "x": 1.0,
          "y": 1.0,
          "z": 1.0
        },
        "matrix_basis": [
          [
            0.9990687370300293,
            0.04143083095550537,
            0.012048490345478058,
            0.0
          ],
          [
            -0.029099954292178154,
            0.8531767725944519,
            -0.5208096504211426,
            0.0
          ],
          [
            -0.03185706213116646,
            0.5199739933013916,
            0.8535878658294678,
            0.0
          ],
          [
            0.0,
            0.0,
            0.0,
            1.0
          ]
        ],
        "rotation_mode": "QUATERNION"
      },
      "armature_space": {
        "head": {
          "x": 0.4962896406650543,
          "y": -0.35655564069747925,
          "z": 0.4025278389453888
        },
        "tail": {
          "x": 0.51553875207901,
