{
  "metadata": {
    "armature_name": "KIM_caucasian_male",
    "export_time": "2026-01-13T19:11:16.279214",
    "blender_version": "4.4.1",
    "bone_count": 56,
    "end_bone_count": 13,
    "spaces_included": [
      "LOCAL_CHANNELS",
      "ARMATURE_SPACE",
      "WORLD_SPACE"
    ],
    "note": "LOCAL matches Transform panel; replay pose via local.matrix_basis for best fidelity."
  },
  "bones": {
    "Root": {
      "name": "Root",
      "local": {
        "location": {
          "x": 0.0,
          "y": 0.0,
          "z": 0.0
        },
        "rotation_quaternion": {
          "w": 0.9994426369667053,
          "x": -0.006598243489861488,
          "y": -0.017286449670791626,
          "z": 0.027789194136857986
        },
        "scale": {
          "x": 1.0,
          "y": 1.0,
          "z": 1.0
        },
        "matrix_basis": [
          [
            0.9978578686714172,
            -0.05531929060816765,
            -0.0349203497171402,
            0.0
          ],
          [
            0.05577553063631058,
            0.9983684420585632,
            0.012228379026055336,
            0.0
          ],
          [
            0.03418691083788872,
            -0.014149884693324566,
            0.9993152618408203,
            0.0
          ],
          [
            0.0,
            0.0,
            0.0,
            1.0
          ]
        ],
        "rotation_mode": "QUATERNION"
      },
      "armature_space": {
        "head": {
          "x": 0.0,
          "y": 0.07072800397872925,
          "z": -0.009595036506652832
        },
        "tail": {
          "x": -0.003948462661355734,
          "y": 0.00025116652250289917,
          "z": 0.0009851446375250816
        }
      },
      "world_space": {
        "head": {
          "x": 0.0,
          "y": 0.13397200405597687,
          "z": 0.9402589797973633
        },
        "tail": {
          "x": -0.003948462661355734,
          "y": 0.06349516659975052,
          "z": 0.9508391618728638
        },
        "rotation_quaternion": {
          "w": 0.07391335815191269,
          "x": 0.9967275857925415,
          "y": -0.028890615329146385,
          "z": -0.015375080518424511
        },
        "matrix": [
          [
            0.9978578686714172,
            -0.05531929060816765,
            -0.0349203497171402,
            0.0
          ],
          [
            -0.05986499786376953,
            -0.9874042272567749,
            -0.14645503461360931,
            0.13397200405597687
          ],
          [
            -0.02637895569205284,
            0.14823190867900848,
            -0.9886078238487244,
            0.9402589797973633
          ],
          [
            0.0,
            0.0,
            0.0,
            1.0
          ]
        ]
      },
      "bone_length_armature_space": 0.07137587190784114,
      "parent": null,
      "has_children": true,
      "is_end_bone": false
    },
    "spine_01": {
      "name": "spine_01",
      "local": {
        "location": {
          "x": 0.0,
          "y": 0.0,
          "z": 0.0
        },
        "rotation_quaternion": {
          "w": 0.9971976280212402,
          "x": 0.029516344889998436,
          "y": -0.01976371929049492,
          "z": -0.06584113836288452
        },
        "scale": {
          "x": 1.0,
          "y": 1.0,
          "z": 1.0
        },
        "matrix_basis": [
          [
            0.9905486702919006,
            0.1301465481519699,
            -0.04330344870686531,
            0.0
          ],
          [
            -0.1324799656867981,
            0.9895874857902527,
            -0.056264728307724,
            0.0
          ],
          [
            0.03552988916635513,
            0.06146978959441185,
            0.99747633934021,
            0.0
          ],
          [
            0.0,
            0.0,
            0.0,
            1.0
          ]
        ],
        "rotation_mode": "QUATERNION"
      },
      "armature_space": {
        "head": {
          "x": -0.003948462661355734,
          "y": 0.00025116652250289917,
          "z": 0.0009851446375250816
        },
        "tail": {
          "x": 0.07213030010461807,
          "y": -0.0049370755441486835,
          "z": 0.4829951226711273
        }
      },
      "world_space": {
        "head": {
          "x": -0.003948462661355734,
          "y": 0.06349516659975052,
          "z": 0.9508391618728638
        },
        "tail": {
          "x": 0.07213030010461807,
          "y": 0.05830692499876022,
          "z": 1.4328491687774658
        },
        "rotation_quaternion": {
          "w": 0.7030829191207886,
          "x": 0.7048919200897217,
          "y": 0.01893085055053234,
          "z": -0.0918884426355362
        },
        "matrix": [
          [
            0.9823961853981018,
            0.15589872002601624,
            -0.10292396694421768,
            -0.003948462661355734
          ],
          [
            -0.10252311825752258,
            -0.010631617158651352,
            -0.9946737885475159,
            0.06349516659975052
          ],
          [
            -0.15616381168365479,
            0.9877228736877441,
            0.005537860095500946,
            0.9508391618728638
          ],
          [
            0.0,
            0.0,
            0.0,
            1.0
          ]
        ]
      },
      "bone_length_armature_space": 0.48800462261437444,
      "parent": "Root",
      "has_children": true,
      "is_end_bone": false
    },
    "neck_01": {
      "name": "neck_01",
      "local": {
        "location": {
          "x": 0.0,
          "y": 0.0,
          "z": 0.0
        },
        "rotation_quaternion": {
          "w": 0.9918809533119202,
          "x": -0.10706645250320435,
          "y": 0.03197786957025528,
          "z": -0.060716934502124786
        },
        "scale": {
          "x": 1.0,
          "y": 1.0,
          "z": 1.0
        },
        "matrix_basis": [
          [
            0.990581750869751,
            0.11360042542219162,
            0.07643797248601913,
            0.0
          ],
          [
            -0.12729544937610626,
            0.9697004556655884,
            0.20851115882396698,
            0.0
          ],
          [
            -0.050434984266757965,
            -0.21627753973007202,
            0.975028395652771,
            0.0
          ],
          [
            0.0,
            0.0,
            0.0,
            1.0
          ]
        ],
        "rotation_mode": "QUATERNION"
      },
      "armature_space": {
        "head": {
          "x": 0.07997552305459976,
          "y": -0.040211234241724014,
          "z": 0.555506706237793
        },
        "tail": {
          "x": 0.10532552003860474,
          "y": -0.05966036021709442,
          "z": 0.6529226303100586
        }
      },
      "world_space": {
        "head": {
          "x": 0.07997552305459976,
          "y": 0.023032765835523605,
          "z": 1.505360722541809
        },
        "tail": {
          "x": 0.10532552003860474,
          "y": 0.0035836398601531982,
          "z": 1.6027766466140747
        },
        "rotation_quaternion": {
          "w": 0.6316688060760498,
          "x": 0.7646436095237732,
          "y": 0.07836038619279861,
          "z": -0.10086767375469208
        },
        "matrix": [
          [
            0.9673707485198975,
            0.24726559221744537,
            -0.055258579552173615,
            0.07997552305459976
          ],
          [
            -0.007592931389808655,
            -0.18970805406570435,
            -0.9818113446235657,
            0.023032765835523605
          ],
          [
            -0.25325292348861694,
            0.9502016305923462,
            -0.18164284527301788,
            1.505360722541809
          ],
          [
            0.0,
            0.0,
            0.0,
            1.0
          ]
        ]
      },
      "bone_length_armature_space": 0.10252196404972104,
      "parent": "spine_01",
      "has_children": true,
      "is_end_bone": false
    },
    "head": {
      "name": "head",
      "local": {
        "location": {
          "x": 0.0,
          "y": 0.0,
          "z": 0.0
        },
        "rotation_quaternion": {
          "w": 0.9809061884880066,
          "x": -0.12536951899528503,
          "y": -0.1440647691488266,
          "z": 0.03675597533583641
        },
        "scale": {
          "x": 1.0,
          "y": 1.0,
          "z": 1.0
        },
        "matrix_basis": [
          [
            0.9557886719703674,
            -0.03598566725850105,
            -0.2918442189693451,
            0.0
          ],
          [
            0.10823098570108414,
            0.9658629894256592,
            0.2353609949350357,
            0.0
          ],
          [
            0.27341189980506897,
            -0.2565419673919678,
            0.9270556569099426,
            0.0
          ],
          [
            0.0,
            0.0,
            0.0,
            1.0
          ]
        ],
        "rotation_mode": "QUATERNION"
      },
      "armature_space": {
        "head": {
          "x": 0.10532549768686295,
          "y": -0.059660494327545166,
          "z": 0.6529225707054138
        },
        "tail": {
          "x": 0.13597001135349274,
          "y": 0.006218433380126953,
          "z": 0.7899413704872131
        }
      },
      "world_space": {
        "head": {
          "x": 0.10532549768686295,
          "y": 0.0035835057497024536,
          "z": 1.6027765274047852
        },
        "tail": {
          "x": 0.13597001135349274,
          "y": 0.06946243345737457,
          "z": 1.739795446395874
        },
        "rotation_quaternion": {
          "w": 0.8435000777244568,
          "x": 0.5188820362091064,
          "y": -0.02994377724826336,
          "z": -0.13554586470127106
        },
        "matrix": [
          [
            0.9614611864089966,
            0.19759154319763184,
            -0.19118057191371918,
            0.10532549768686295
          ],
          [
            -0.25974130630493164,
            0.4247781038284302,
            -0.8672360777854919,
            0.0035835057497024536
          ],
          [
            -0.09015002846717834,
            0.8834779858589172,
            0.45973271131515503,
            1.6027765274047852
          ],
          [
            0.0,
            0.0,
            0.0,
            1.0
          ]
        ]
      },
      "bone_length_armature_space": 0.15509117010641518,
      "parent": "neck_01",
      "has_children": false,
      "is_end_bone": true
    },
    "upperarm_l": {
      "name": "upperarm_l",
      "local": {
        "location": {
          "x": 0.0,
          "y": 0.0,
          "z": 0.0
        },
        "rotation_quaternion": {
          "w": 0.9452592134475708,
          "x": 0.03901539370417595,
          "y": -0.07186555862426758,
          "z": -0.31590840220451355
        },
        "scale": {
          "x": 1.0,
          "y": 1.0,
          "z": 1.0
        },
        "matrix_basis": [
          [
            0.7900744676589966,
            0.5916229486465454,
            -0.1605137437582016,
            0.0
          ],
          [
            -0.602838397026062,
            0.7973593473434448,
            -0.028353452682495117,
            0.0
          ],
          [
            0.1112125813961029,
            0.11916518956422806,
            0.9866262674331665,
            0.0
          ],
          [
            0.0,
            0.0,
            0.0,
            1.0
          ]
        ],
        "rotation_mode": "QUATERNION"
      },
      "armature_space": {
        "head": {
          "x": 0.21652911603450775,
          "y": -0.05804731696844101,
          "z": 0.4657171964645386
        },
        "tail": {
          "x": 0.3962847590446472,
          "y": -0.09757916629314423,
          "z": 0.27095240354537964
        }
      },
      "world_space": {
        "head": {
          "x": 0.21652911603450775,
          "y": 0.00519668310880661,
          "z": 1.4155712127685547
        },
        "tail": {
          "x": 0.3962847590446472,
          "y": -0.034335166215896606,
          "z": 1.220806360244751
        },
        "rotation_quaternion": {
          "w": 0.25110316276550293,
          "x": 0.2601313889026642,
          "y": 0.6026492118835449,
          "z": -0.7114019393920898
        },
        "matrix": [
          [
            -0.7385578155517578,
            0.6708065271377563,
            -0.06746015697717667,
            0.21652911603450775
          ],
          [
            -0.04373808205127716,
            -0.14752371609210968,
            -0.988090991973877,
            0.00519668310880661
          ],
          [
            -0.6727747321128845,
            -0.7268171310424805,
            0.13829465210437775,
            1.4155712127685547
          ],
          [
            0.0,
            0.0,
            0.0,
            1.0
          ]
        ]
      },
      "bone_length_armature_space": 0.2679704872786118,
      "parent": "spine_01",
      "has_children": true,
      "is_end_bone": false
    },
    "lowerarm_l": {
      "name": "lowerarm_l",
      "local": {
        "location": {
          "x": 0.0,
          "y": 0.0,
          "z": 0.0
        },
        "rotation_quaternion": {
          "w": 0.8436263799667358,
          "x": 0.4256807863712311,
          "y": 0.26861533522605896,
          "z": -0.18691293895244598
        },
        "scale": {
          "x": 1.0,
          "y": 1.0,
          "z": 1.0
        },
        "matrix_basis": [
          [
            0.7858186960220337,
            0.5440581440925598,
            0.29409146308898926,
            0.0
          ],
          [
            -0.08668059855699539,
            0.5677188634872437,
            -0.8186464309692383,
            0.0
          ],
          [
            -0.6123524308204651,
            0.6178157329559326,
            0.49328333139419556,
            0.0
          ],
          [
            0.0,
            0.0,
            0.0,
            1.0
          ]
        ],
        "rotation_mode": "QUATERNION"
      },
      "armature_space": {
        "head": {
          "x": 0.39628490805625916,
          "y": -0.097579225897789,
          "z": 0.270952433347702
        },
        "tail": {
          "x": 0.39355334639549255,
          "y": -0.3212805390357971,
          "z": 0.12425550818443298
        }
      },
      "world_space": {
        "head": {
          "x": 0.39628490805625916,
          "y": -0.03433522582054138,
          "z": 1.2208064794540405
        },
        "tail": {
          "x": 0.39355334639549255,
          "y": -0.2580365538597107,
          "z": 1.0741095542907715
        },
        "rotation_quaternion": {
          "w": 0.13484209775924683,
          "x": -0.43564343452453613,
          "y": -0.25243404507637024,
          "z": 0.8534104824066162
        },
        "matrix": [
          [
            -0.5840651988983154,
            -0.01021050289273262,
            -0.8116425275802612,
            0.39628490805625916
          ],
          [
            0.45009368658065796,
            -0.8361901044845581,
            -0.3133721649646759,
            -0.03433522582054138
          ],
          [
            -0.6754920482635498,
            -0.5483495593070984,
            0.4929882884025574,
            1.2208064794540405
          ],
          [
            0.0,
            0.0,
            0.0,
            1.0
          ]
        ]
      },
      "bone_length_armature_space": 0.26752519370885114,
      "parent": "upperarm_l",
      "has_children": true,
      "is_end_bone": false
    },
    "metacarpal_thumb_l": {
      "name": "metacarpal_thumb_l",
      "local": {
        "location": {
          "x": 0.0,
          "y": 0.0,
          "z": 0.0
        },
        "rotation_quaternion": {
          "w": 0.9998915195465088,
          "x": -0.008348810486495495,
          "y": -0.008583457209169865,
          "z": -0.008584274910390377
        },
        "scale": {
          "x": 1.0,
          "y": 1.0,
          "z": 1.0
        },
        "matrix_basis": [
          [
            0.9997052550315857,
            0.01731001026928425,
            -0.01702171564102173,
            0.0
          ],
          [
            -0.017023364081978798,
            0.9997132420539856,
            0.016843175515532494,
            0.0
          ],
          [
            0.017308389768004417,
            -0.01654844358563423,
            0.9997132420539856,
            0.0
          ],
          [
            0.0,
            0.0,
            0.0,
            1.0
          ]
        ],
        "rotation_mode": "QUATERNION"
      },
      "armature_space": {
        "head": {
          "x": 0.39355334639549255,
          "y": -0.3212805390357971,
          "z": 0.12425550818443298
        },
        "tail": {
          "x": 0.36520108580589294,
          "y": -0.35964977741241455,
          "z": 0.11093112826347351
        }
      },
      "world_space": {
        "head": {
          "x": 0.39355334639549255,
          "y": -0.2580365538597107,
          "z": 1.0741095542907715
        },
        "tail": {
          "x": 0.36520108580589294,
          "y": -0.2964057922363281,
          "z": 1.060785174369812
        },
        "rotation_quaternion": {
          "w": 0.254159152507782,
          "x": -0.8602787852287292,
          "y": 0.21931390464305878,
          "z": 0.38369885087013245
        },
        "matrix": [
          [
            0.6093533039093018,
            -0.5723835825920105,
            -0.5486942529678345,
            0.39355334639549255
          ],
          [
            -0.18230223655700684,
            -0.7746091485023499,
            0.605596125125885,
            -0.2580365538597107
          ],
          [
            -0.7716625332832336,
            -0.2689964175224304,
            -0.5763610601425171,
            1.0741095542907715
          ],
          [
            0.0,
            0.0,
            0.0,
            1.0
          ]
        ]
      },
      "bone_length_armature_space": 0.04953370782820972,
      "parent": "lowerarm_l",
      "has_children": true,
      "is_end_bone": false
    },
    "thumb_01_l": {
      "name": "thumb_01_l",
      "local": {
        "location": {
          "x": 0.0,
          "y": 0.0,
          "z": 0.0
        },
        "rotation_quaternion": {
          "w": 0.9874482750892639,
          "x": 0.15681545436382294,
          "y": -0.005652960389852524,
          "z": 0.01797216385602951
        },
        "scale": {
          "x": 1.0,
          "y": 1.0,
          "z": 1.0
        },
        "matrix_basis": [
          [
            0.9992901086807251,
            -0.03726610913872719,
            -0.005527385976165533,
            0.0
          ],
          [
            0.0337202213704586,
            0.9501718282699585,
            -0.3098974823951721,
            0.0
          ],
          [
            0.016800638288259506,
            0.3094910979270935,
            0.950753927230835,
            0.0
          ],
          [
            0.0,
            0.0,
            0.0,
            1.0
          ]
        ],
        "rotation_mode": "QUATERNION"
      },
      "armature_space": {
        "head": {
          "x": 0.36520108580589294,
          "y": -0.35964977741241455,
          "z": 0.11093112826347351
        },
        "tail": {
          "x": 0.34288233518600464,
          "y": -0.3617396950721741,
          "z": 0.08531590551137924
        }
      },
      "world_space": {
        "head": {
          "x": 0.36520108580589294,
          "y": -0.2964057922363281,
          "z": 1.060785174369812
        },
        "tail": {
          "x": 0.34288233518600464,
          "y": -0.29849570989608765,
          "z": 1.0351699590682983
        },
        "rotation_quaternion": {
          "w": 0.23096045851707458,
          "x": -0.6357223987579346,
          "y": 0.6449489593505859,
          "z": -0.3557460308074951
        },
        "matrix": [
          [
            -0.08502483367919922,
            -0.65569007396698,
            0.7502274513244629,
            0.36520108580589294
          ],
          [
            -0.9843438863754272,
            -0.061398182064294815,
            -0.16521915793418884,
            -0.2964057922363281
          ],
          [
            0.15439532697200775,
            -0.7525351047515869,
            -0.640208899974823,
            1.060785174369812
          ],
          [
            0.0,
            0.0,
            0.0,
            1.0
          ]
        ]
      },
      "bone_length_armature_space": 0.034038713189559935,
      "parent": "metacarpal_thumb_l",
      "has_children": true,
      "is_end_bone": false
    },
    "thumb_02_l": {
      "name": "thumb_02_l",
      "local": {
        "location": {
          "x": 0.0,
          "y": 0.0,
          "z": 0.0
        },
        "rotation_quaternion": {
          "w": 0.9243021011352539,
          "x": 0.38157927989959717,
          "y": -0.0075865741819143295,
          "z": 0.00230068014934659
        },
        "scale": {
          "x": 1.0,
          "y": 1.0,
          "z": 1.0
        },
        "matrix_basis": [
          [
            0.9998742938041687,
            -0.010042806155979633,
            -0.012268789112567902,
            0.0
          ],
          [
            -0.0015367120504379272,
            0.7087839245796204,
            -0.7054239511489868,
            0.0
          ],
          [
            0.015780355781316757,
            0.7053541541099548,
            0.7086793780326843,
            0.0
          ],
          [
            0.0,
            0.0,
            0.0,
            1.0
          ]
        ],
        "rotation_mode": "QUATERNION"
      },
      "armature_space": {
        "head": {
          "x": 0.34288230538368225,
          "y": -0.3617396354675293,
          "z": 0.08531594276428223
        },
        "tail": {
          "x": 0.3696249723434448,
          "y": -0.39090657234191895,
          "z": 0.07843845337629318
        }
      },
      "world_space": {
        "head": {
          "x": 0.34288230538368225,
          "y": -0.29849565029144287,
          "z": 1.0351699590682983
        },
        "tail": {
          "x": 0.3696249723434448,
          "y": -0.3276625871658325,
          "z": 1.0282924175262451
        },
        "rotation_quaternion": {
          "w": 0.3669337332248688,
          "x": -0.3451964259147644,
          "y": -0.047590695321559906,
          "z": -0.8625162243843079
        },
        "matrix": [
          [
            -0.4923974275588989,
            0.6658301949501038,
            0.560548722743988,
            0.34288230538368225
          ],
          [
            -0.6001162528991699,
            -0.726188600063324,
            0.33542579412460327,
            -0.29849565029144287
          ],
          [
            0.6304047107696533,
            -0.17123350501060486,
            0.7571547031402588,
            1.0351699590682983
          ],
          [
            0.0,
            0.0,
            0.0,
            1.0
          ]
        ]
      },
      "bone_length_armature_space": 0.04016441578005404,
      "parent": "thumb_01_l",
      "has_children": true,
      "is_end_bone": false
    },
    "thumb_03_l": {
      "name": "thumb_03_l",
      "local": {
        "location": {
          "x": 0.0,
          "y": 0.0,
          "z": 0.0
        },
        "rotation_quaternion": {
          "w": 0.9802942872047424,
          "x": 0.19748863577842712,
          "y": 0.004425386432558298,
          "z": -0.0013845997164025903
        },
        "scale": {
          "x": 1.0,
          "y": 1.0,
          "z": 1.0
        },
        "matrix_basis": [
          [
            0.9999570250511169,
            0.004462557379156351,
            0.008129476569592953,
            0.0
          ],
          [
            -0.0009667033446021378,
            0.9219926595687866,
            -0.38720622658729553,
            0.0
          ],
          [
            -0.00922324787825346,
            0.38718169927597046,
            0.9219573140144348,
            0.0
          ],
          [
            0.0,
            0.0,
            0.0,
            1.0
          ]
        ],
        "rotation_mode": "QUATERNION"
      },
      "armature_space": {
        "head": {
          "x": 0.36962488293647766,
          "y": -0.39090660214424133,
          "z": 0.07843844592571259
        },
        "tail": {
          "x": 0.39600223302841187,
          "y": -0.4026243984699249,
          "z": 0.0881246030330658
        }
      },
      "world_space": {
        "head": {
          "x": 0.36962488293647766,
          "y": -0.3276625871658325,
          "z": 1.0282924175262451
        },
        "tail": {
          "x": 0.39600223302841187,
          "y": -0.3393803834915161,
          "z": 1.0379786491394043
        },
        "rotation_quaternion": {
          "w": 0.5131322741508484,
          "x": -0.030894236639142036,
          "y": -0.2103622853755951,
          "z": -0.8315579891204834
        },
        "matrix": [
          [
            -0.4714811146259308,
            0.8663963675498962,
            -0.16450802981853485,
            0.36962488293647766
          ],
          [
            -0.8404008150100708,
            -0.38488537073135376,
            0.38156217336654663,
            -0.3276625871658325
          ],
          [
            0.26726841926574707,
            0.318153977394104,
            0.9095932841300964,
            1.0282924175262451
          ],
          [
            0.0,
            0.0,
            0.0,
            1.0
          ]
        ]
      },
      "bone_length_armature_space": 0.030444917485908777,
      "parent": "thumb_02_l",
      "has_children": false,
      "is_end_bone": true
    },
    "metacarpal_index_l": {
      "name": "metacarpal_index_l",
      "local": {
        "location": {
          "x": 0.0,
          "y": 0.0,
          "z": 0.0
        },
        "rotation_quaternion": {
          "w": 0.9998784065246582,
          "x": -0.0009732586331665516,
          "y": -0.01512670237571001,
          "z": -0.0036706100217998028
        },
        "scale": {
          "x": 1.0,
          "y": 1.0,
          "z": 1.0
        },
        "matrix_basis": [
          [
            0.9995154142379761,
            0.007369771599769592,
            -0.03024258092045784,
            0.0
          ],
          [
            -0.007310883142054081,
            0.9999711513519287,
            0.0020573290530592203,
            0.0
          ],
          [
            0.03025687113404274,
            -0.0018352321349084377,
            0.9995404481887817,
            0.0
          ],
          [
            0.0,
            0.0,
            0.0,
            1.0
          ]
        ],
        "rotation_mode": "QUATERNION"
      },
      "armature_space": {
        "head": {
          "x": 0.39355334639549255,
          "y": -0.3212805390357971,
          "z": 0.12425550818443298
        },
        "tail": {
          "x": 0.36038854718208313,
          "y": -0.42279353737831116,
          "z": 0.07604272663593292
        }
      },
      "world_space": {
        "head": {
          "x": 0.39355334639549255,
          "y": -0.2580365538597107,
          "z": 1.0741095542907715
        },
        "tail": {
          "x": 0.36038854718208313,
          "y": -0.35954952239990234,
          "z": 1.0258967876434326
        },
        "rotation_quaternion": {
          "w": 0.2577645182609558,
          "x": -0.7524722218513489,
          "y": -0.019435172900557518,
          "z": 0.6057765483856201
        },
        "matrix": [
          [
            0.26531487703323364,
            -0.28304439783096313,
            -0.9216799139976501,
            0.39355334639549255
          ],
          [
            0.3415435552597046,
            -0.8663607239723206,
            0.3643728196620941,
            -0.2580365538597107
          ],
          [
            -0.9016467928886414,
            -0.41147106885910034,
            -0.13318702578544617,
            1.0741095542907715
          ],
          [
            0.0,
            0.0,
            0.0,
            1.0
          ]
        ]
      },
      "bone_length_armature_space": 0.11717194662592355,
      "parent": "lowerarm_l",
      "has_children": true,
      "is_end_bone": false
    },
    "index_01_l": {
      "name": "index_01_l",
      "local": {
        "location": {
          "x": 0.0,
          "y": 0.0,
          "z": 0.0
        },
        "rotation_quaternion": {
          "w": 0.9749215245246887,
          "x": 0.22209645807743073,
          "y": 0.013292648829519749,
          "z": 0.00495372386649251
        },
        "scale": {
          "x": 1.0,
          "y": 1.0,
          "z": 1.0
        },
        "matrix_basis": [
          [
            0.9995975494384766,
            -0.003754483535885811,
            0.028118988499045372,
            0.0
          ],
          [
            0.015563484281301498,
            0.9012972712516785,
            -0.43292152881622314,
            0.0
          ],
          [
            -0.02371816895902157,
            0.4331849217414856,
            0.9009929299354553,
            0.0
          ],
          [
            0.0,
            0.0,
            0.0,
            1.0
          ]
        ],
        "rotation_mode": "QUATERNION"
      },
      "armature_space": {
        "head": {
          "x": 0.36038854718208313,
          "y": -0.42279353737831116,
          "z": 0.07604272663593292
        },
        "tail": {
          "x": 0.3475663661956787,
          "y": -0.4383804202079773,
          "z": 0.05590032786130905
        }
      },
      "world_space": {
        "head": {
          "x": 0.36038854718208313,
          "y": -0.35954952239990234,
          "z": 1.0258967876434326
        },
        "tail": {
          "x": 0.3475663661956787,
          "y": -0.37513643503189087,
          "z": 1.0057543516159058
        },
        "rotation_quaternion": {
          "w": 0.4729195833206177,
          "x": -0.6822670102119446,
          "y": -0.055039387196302414,
          "z": 0.5548238754272461
        },
        "matrix": [
          [
            0.378282755613327,
            -0.4496743679046631,
            -0.8091322779655457,
            0.36038854718208313
          ],
          [
            0.5998772978782654,
            -0.5466330051422119,
            0.5842431783676147,
            -0.35954952239990234
          ],
          [
            -0.7050217986106873,
            -0.7063946723937988,
            0.06296861171722412,
            1.0258967876434326
          ],
          [
            0.0,
            0.0,
            0.0,
            1.0
          ]
        ]
      },
      "bone_length_armature_space": 0.028514478036597422,
      "parent": "metacarpal_index_l",
      "has_children": true,
      "is_end_bone": false
    },
    "index_02_l": {
      "name": "index_02_l",
      "local": {
        "location": {
          "x": 0.0,
          "y": 0.0,
          "z": 0.0
        },
        "rotation_quaternion": {
          "w": 0.9032907485961914,
          "x": 0.42894548177719116,
          "y": 0.008364374749362469,
          "z": -0.0013655649963766336
        },
        "scale": {
          "x": 1.0,
          "y": 1.0,
          "z": 1.0
        },
        "matrix_basis": [
          [
            0.9998563528060913,
            0.009642725810408592,
            0.013939418829977512,
            0.0
          ],
          [
            0.0047087171114981174,
            0.6320078372955322,
            -0.7749478220939636,
            0.0
          ],
          [
            -0.016282429918646812,
            0.7749021053314209,
            0.6318716406822205,
            0.0
          ],
          [
            0.0,
            0.0,
            0.0,
            1.0
          ]
        ],
        "rotation_mode": "QUATERNION"
      },
      "armature_space": {
        "head": {
          "x": 0.34756582975387573,
          "y": -0.4383805990219116,
          "z": 0.055900245904922485
        },
        "tail": {
          "x": 0.32415640354156494,
          "y": -0.4366856515407562,
          "z": 0.045545659959316254
        }
      },
      "world_space": {
        "head": {
          "x": 0.34756582975387573,
          "y": -0.3751366138458252,
          "z": 1.0057542324066162
        },
        "tail": {
          "x": 0.32415640354156494,
          "y": -0.3734416365623474,
          "z": 0.9953996539115906
        },
        "rotation_quaternion": {
          "w": 0.7111798524856567,
          "x": -0.41059109568595886,
          "y": 0.1651061475276947,
          "z": 0.5462400317192078
        },
        "matrix": [
          [
            0.34872186183929443,
            -0.9125321507453918,
            -0.21372485160827637,
            0.34756582975387573
          ],
          [
            0.6413692831993103,
            0.06607115268707275,
            0.7643824815750122,
            -0.3751366138458252
          ],
          [
            -0.683406412601471,
            -0.4036361575126648,
            0.6083155870437622,
            1.0057542324066162
          ],
          [
            0.0,
            0.0,
            0.0,
            1.0
          ]
        ]
      },
      "bone_length_armature_space": 0.02565329527633008,
      "parent": "index_01_l",
      "has_children": true,
      "is_end_bone": false
    },
    "index_03_l": {
      "name": "index_03_l",
      "local": {
        "location": {
          "x": 0.0,
          "y": 0.0,
          "z": 0.0
        },
        "rotation_quaternion": {
          "w": 0.9702717065811157,
          "x": 0.24201811850070953,
          "y": 0.00017375132301822305,
          "z": -0.00011797604383900762
        },
        "scale": {
          "x": 1.0,
          "y": 1.0,
          "z": 1.0
        },
        "matrix_basis": [
          [
            0.9999999403953552,
            0.00031303957803174853,
            0.00028006729553453624,
            0.0
          ],
          [
            -0.0001448356924811378,
            0.8828544616699219,
            -0.469646692276001,
            0.0
          ],
          [
            -0.00039427666342817247,
            0.4696466326713562,
            0.8828544020652771,
            0.0
          ],
          [
            0.0,
            0.0,
            0.0,
            1.0
          ]
        ],
        "rotation_mode": "QUATERNION"
      },
      "armature_space": {
        "head": {
          "x": 0.32415643334388733,
          "y": -0.43668580055236816,
          "z": 0.04554559662938118
        },
        "tail": {
          "x": 0.2997294068336487,
          "y": -0.42082878947257996,
          "z": 0.043177615851163864
        }
      },
      "world_space": {
        "head": {
          "x": 0.32415643334388733,
          "y": -0.37344181537628174,
          "z": 0.9953995943069458
        },
        "tail": {
          "x": 0.2997294068336487,
          "y": -0.35758477449417114,
          "z": 0.9930316209793091
        },
        "rotation_quaternion": {
          "w": 0.8216843008995056,
          "x": -0.21123291552066803,
          "y": 0.31013938784599304,
          "z": 0.42898619174957275
        },
        "matrix": [
          [
            0.43956804275512695,
            -0.8360068202018738,
            0.3284398317337036,
            0.32415643334388733
          ],
          [
            0.5739593505859375,
            0.5427015423774719,
            0.6132259964942932,
            -0.37344181537628174
          ],
          [
            -0.6909099221229553,
            -0.08104342222213745,
            0.718393862247467,
            0.9953995943069458
          ],
          [
            0.0,
            0.0,
            0.0,
            1.0
          ]
        ]
      },
      "bone_length_armature_space": 0.02921868883385669,
      "parent": "index_02_l",
      "has_children": false,
      "is_end_bone": true
    },
    "metacarpal_pinky_l": {
      "name": "metacarpal_pinky_l",
      "local": {
        "location": {
          "x": 0.0,
          "y": 0.0,
          "z": 0.0
        },
        "rotation_quaternion": {
          "w": 0.9998037815093994,
          "x": 0.003220813348889351,
          "y": -0.009945155121386051,
          "z": 0.016826068982481956
        },
        "scale": {
          "x": 1.0,
          "y": 1.0,
          "z": 1.0
        },
        "matrix_basis": [
          [
            0.9992359280586243,
            -0.03370959684252739,
            -0.019778020679950714,
            0.0
          ],
          [
            0.03358147293329239,
            0.999413013458252,
            -0.006775038316845894,
            0.0
          ],
          [
            0.019994795322418213,
            0.006105687003582716,
            0.9997814297676086,
            0.0
          ],
          [
            0.0,
            0.0,
            0.0,
            1.0
          ]
        ],
        "rotation_mode": "QUATERNION"
      },
      "armature_space": {
        "head": {
          "x": 0.39355334639549255,
          "y": -0.3212805390357971,
          "z": 0.12425550818443298
        },
        "tail": {
          "x": 0.42127129435539246,
          "y": -0.3929692208766937,
          "z": 0.05400065332651138
        }
      },
      "world_space": {
        "head": {
          "x": 0.39355334639549255,
          "y": -0.2580365538597107,
          "z": 1.0741095542907715
        },
        "tail": {
          "x": 0.42127129435539246,
          "y": -0.3297252058982849,
          "z": 1.0038546323776245
        },
        "rotation_quaternion": {
          "w": 0.19557243585586548,
          "x": -0.13061673939228058,
          "y": 0.3428225517272949,
          "z": -0.9094853401184082
        },
        "matrix": [
          [
            -0.8893810510635376,
            0.2661840617656708,
            0.37168174982070923,
            0.39355334639549255
          ],
          [
            -0.44529780745506287,
            -0.6884486079216003,
            -0.5724933743476868,
            -0.2580365538597107
          ],
          [
            0.10349543392658234,
            -0.674679160118103,
            0.7308289408683777,
            1.0741095542907715
          ],
          [
            0.0,
            0.0,
            0.0,
            1.0
          ]
        ]
      },
      "bone_length_armature_space": 0.10413115008919188,
      "parent": "lowerarm_l",
      "has_children": true,
      "is_end_bone": false
    },
    "pinky_01_l": {
      "name": "pinky_01_l",
      "local": {
        "location": {
          "x": 0.0,
          "y": 0.0,
          "z": 0.0
        },
        "rotation_quaternion": {
          "w": 0.9476820230484009,
          "x": 0.3188251256942749,
          "y": -0.015297137200832367,
          "z": 0.003927288576960564
        },
        "scale": {
          "x": 1.0,
          "y": 1.0,
          "z": 1.0
        },
        "matrix_basis": [
          [
            0.9995011687278748,
            -0.01719786413013935,
            -0.02648940682411194,
            0.0
          ],
          [
            -0.002310581738129258,
            0.7966702580451965,
            -0.6044098138809204,
            0.0
          ],
          [
            0.031497880816459656,
            0.6041695475578308,
            0.796233057975769,
            0.0
          ],
          [
            0.0,
            0.0,
            0.0,
            1.0
          ]
        ],
        "rotation_mode": "QUATERNION"
      },
      "armature_space": {
        "head": {
          "x": 0.42127129435539246,
          "y": -0.3929692208766937,
