{
  "metadata": {
    "armature_name": "KIM_caucasian_male",
    "export_time": "2026-01-13T21:16:20.701633",
    "blender_version": "4.4.1",
    "bone_count": 56,
    "end_bone_count": 13,
    "spaces_included": [
      "LOCAL_CHANNELS",
      "ARMATURE_SPACE",
      "WORLD_SPACE"
    ],
    "note": "LOCAL matches Transform panel; replay pose via local.matrix_basis for best fidelity."
  },
  "bones": {
    "Root": {
      "name": "Root",
      "local": {
        "location": {
          "x": 0.0,
          "y": 0.0,
          "z": 0.0
        },
        "rotation_quaternion": {
          "w": 0.9996389746665955,
          "x": -0.00900519359856844,
          "y": 0.011547885835170746,
          "z": 0.022530481219291687
        },
        "scale": {
          "x": 1.0,
          "y": 1.0,
          "z": 1.0
        },
        "matrix_basis": [
          [
            0.9987180233001709,
            -0.04525267705321312,
            0.022681651636958122,
            0.0
          ],
          [
            0.04483671113848686,
            0.9988225698471069,
            0.01852424442768097,
            0.0
          ],
          [
            -0.023493215441703796,
            -0.017483526840806007,
            0.9995710849761963,
            0.0
          ],
          [
            0.0,
            0.0,
            0.0,
            1.0
          ]
        ],
        "rotation_mode": "QUATERNION"
      },
      "armature_space": {
        "head": {
          "x": 0.0,
          "y": 0.07072800397872925,
          "z": -0.009595036506652832
        },
        "tail": {
          "x": -0.0032299491576850414,
          "y": 0.00025103986263275146,
          "z": 0.0012252861633896828
        }
      },
      "world_space": {
        "head": {
          "x": 0.0,
          "y": 0.13397200405597687,
          "z": 0.9402589797973633
        },
        "tail": {
          "x": -0.0032299491576850414,
          "y": 0.06349503993988037,
          "z": 0.9510793089866638
        },
        "rotation_quaternion": {
          "w": 0.07632806152105331,
          "x": 0.9967613220214844,
          "y": -0.02170134149491787,
          "z": 0.0130394846200943
        },
        "matrix": [
          [
            0.9987180233001709,
            -0.04525267705321312,
            0.022681651636958122,
            0.0
          ],
          [
            -0.041271548718214035,
            -0.9874060750007629,
            -0.1527281403541565,
            0.13397200405597687
          ],
          [
            0.029307521879673004,
            0.15159636735916138,
            -0.9880149364471436,
            0.9402589797973633
          ],
          [
            0.0,
            0.0,
            0.0,
            1.0
          ]
        ]
      },
      "bone_length_armature_space": 0.07137586860757836,
      "parent": null,
      "has_children": true,
      "is_end_bone": false
    },
    "spine_01": {
      "name": "spine_01",
      "local": {
        "location": {
          "x": 0.0,
          "y": 0.0,
          "z": 0.0
        },
        "rotation_quaternion": {
          "w": 0.9970094561576843,
          "x": -0.02736000344157219,
          "y": 0.04618721082806587,
          "z": 0.05559125170111656
        },
        "scale": {
          "x": 1.0,
          "y": 1.0,
          "z": 1.0
        },
        "matrix_basis": [
          [
            0.9895527362823486,
            -0.11337736994028091,
            0.08905621618032455,
            0.0
          ],
          [
            0.1083226427435875,
            0.9923220872879028,
            0.059691574424505234,
            0.0
          ],
          [
            -0.09514012187719345,
            -0.04942115396261215,
            0.9942363500595093,
            0.0
          ],
          [
            0.0,
            0.0,
            0.0,
            1.0
          ]
        ],
        "rotation_mode": "QUATERNION"
      },
      "armature_space": {
        "head": {
          "x": -0.0032299491576850414,
          "y": 0.00025103986263275146,
          "z": 0.0012252861633896828
        },
        "tail": {
          "x": -0.07031711935997009,
          "y": 0.058189794421195984,
          "z": 0.481111615896225
        }
      },
      "world_space": {
        "head": {
          "x": -0.0032299491576850414,
          "y": 0.06349503993988037,
          "z": 0.9510793089866638
        },
        "tail": {
          "x": -0.07031711935997009,
          "y": 0.1214337944984436,
          "z": 1.4309656620025635
        },
        "rotation_quaternion": {
          "w": 0.7473466992378235,
          "x": 0.6604734063148499,
          "y": -0.028914067894220352,
          "z": 0.06642124801874161
        },
        "matrix": [
          [
            0.9895043969154358,
            -0.13747337460517883,
            0.04452212154865265,
            -0.0032299491576850414
          ],
          [
            0.061086367815732956,
            0.11872665584087372,
            -0.991046130657196,
            0.06349503993988037
          ],
          [
            0.1309574693441391,
            0.9833711385726929,
            0.1258782595396042,
            0.9510793089866638
          ],
          [
            0.0,
            0.0,
            0.0,
            1.0
          ]
        ]
      },
      "bone_length_armature_space": 0.4880045881880884,
      "parent": "Root",
      "has_children": true,
      "is_end_bone": false
    },
    "neck_01": {
      "name": "neck_01",
      "local": {
        "location": {
          "x": 0.0,
          "y": 0.0,
          "z": 0.0
        },
        "rotation_quaternion": {
          "w": 0.9753154516220093,
          "x": -0.16462735831737518,
          "y": -0.08049024641513824,
          "z": 0.12320325523614883
        },
        "scale": {
          "x": 1.0,
          "y": 1.0,
          "z": 1.0
        },
        "matrix_basis": [
          [
            0.9566845297813416,
            -0.21382229030132294,
            -0.1975720077753067,
            0.0
          ],
          [
            0.2668258845806122,
            0.9154375791549683,
            0.30129387974739075,
            0.0
          ],
          [
            0.116441510617733,
            -0.3409605324268341,
            0.9328383207321167,
            0.0
          ],
          [
            0.0,
            0.0,
            0.0,
            1.0
          ]
        ],
        "rotation_mode": "QUATERNION"
      },
      "armature_space": {
        "head": {
          "x": -0.07883866876363754,
          "y": 0.032512858510017395,
          "z": 0.5574780702590942
        },
        "tail": {
          "x": -0.11408581584692001,
          "y": 0.039808474481105804,
          "z": 0.6534737348556519
        }
      },
      "world_space": {
        "head": {
          "x": -0.07883866876363754,
          "y": 0.09575685858726501,
          "z": 1.5073320865631104
        },
        "tail": {
          "x": -0.11408581584692001,
          "y": 0.10305247455835342,
          "z": 1.603327751159668
        },
        "rotation_quaternion": {
          "w": 0.7109542489051819,
          "x": 0.6771792769432068,
          "y": -0.173564150929451,
          "z": 0.07647119462490082
        },
        "matrix": [
          [
            0.9280557036399841,
            -0.3438030481338501,
            -0.14322122931480408,
            -0.07883866876363754
          ],
          [
            -0.12633085250854492,
            0.07116192579269409,
            -0.9894325733184814,
            0.09575685858726501
          ],
          [
            0.3503640294075012,
            0.9363481998443604,
            0.02260853350162506,
            1.5073320865631104
          ],
          [
            0.0,
            0.0,
            0.0,
            1.0
          ]
        ]
      },
      "bone_length_armature_space": 0.1025219738258029,
      "parent": "spine_01",
      "has_children": true,
      "is_end_bone": false
    },
    "head": {
      "name": "head",
      "local": {
        "location": {
          "x": 0.0,
          "y": 0.0,
          "z": 0.0
        },
        "rotation_quaternion": {
          "w": 0.984795093536377,
          "x": -0.09327387064695358,
          "y": -0.09142116457223892,
          "z": 0.11454585939645767
        },
        "scale": {
          "x": 1.0,
          "y": 1.0,
          "z": 1.0
        },
        "matrix_basis": [
          [
            0.9570428133010864,
            -0.2085539847612381,
            -0.20143049955368042,
            0.0
          ],
          [
            0.24266281723976135,
            0.9563584327697754,
            0.1627674698829651,
            0.0
          ],
          [
            0.15869395434856415,
            -0.20465512573719025,
            0.9658843278884888,
            0.0
          ],
          [
            0.0,
            0.0,
            0.0,
            1.0
          ]
        ],
        "rotation_mode": "QUATERNION"
      },
      "armature_space": {
        "head": {
          "x": -0.11408580839633942,
          "y": 0.03980831801891327,
          "z": 0.6534736752510071
        },
        "tail": {
          "x": -0.1757531464099884,
          "y": 0.1353299617767334,
          "z": 0.7589530944824219
        }
      },
      "world_space": {
        "head": {
          "x": -0.11408580839633942,
          "y": 0.10305231809616089,
          "z": 1.603327751159668
        },
        "tail": {
          "x": -0.1757531464099884,
          "y": 0.19857396185398102,
          "z": 1.708807110786438
        },
        "rotation_quaternion": {
          "w": 0.8385363817214966,
          "x": 0.4325907826423645,
          "y": -0.3237457275390625,
          "z": 0.07007680088281631
        },
        "matrix": [
          [
            0.7805567979812622,
            -0.39762231707572937,
            -0.4823150634765625,
            -0.11408580839633942
          ],
          [
            -0.16257330775260925,
            0.6159102320671082,
            -0.7708598375320435,
            0.10305231809616089
          ],
          [
            0.603577733039856,
            0.6801166534423828,
            0.4161122441291809,
            1.603327751159668
          ],
          [
            0.0,
            0.0,
            0.0,
            1.0
          ]
        ]
      },
      "bone_length_armature_space": 0.1550907899143466,
      "parent": "neck_01",
      "has_children": false,
      "is_end_bone": true
    },
    "upperarm_l": {
      "name": "upperarm_l",
      "local": {
        "location": {
          "x": 0.0,
          "y": 0.0,
          "z": 0.0
        },
        "rotation_quaternion": {
          "w": -0.7278823256492615,
          "x": 0.4278146028518677,
          "y": -0.004343310836702585,
          "z": 0.5358573794364929
        },
        "scale": {
          "x": 1.0,
          "y": 1.0,
          "z": 1.0
        },
        "matrix_basis": [
          [
            0.42567601799964905,
            0.7763659954071045,
            0.4648180603981018,
            0.0
          ],
          [
            -0.7837985157966614,
            0.0596630685031414,
            0.6181426048278809,
            0.0
          ],
          [
            0.4521723985671997,
            -0.6274521946907043,
            0.6339116096496582,
            0.0
          ],
          [
            0.0,
            0.0,
            0.0,
            1.0
          ]
        ],
        "rotation_mode": "QUATERNION"
      },
      "armature_space": {
        "head": {
          "x": 0.07896826416254044,
          "y": 0.03053589165210724,
          "z": 0.511432945728302
        },
        "tail": {
          "x": 0.10397326946258545,
          "y": 0.17860105633735657,
          "z": 0.2894876301288605
        }
      },
      "world_space": {
        "head": {
          "x": 0.07896826416254044,
          "y": 0.09377989172935486,
          "z": 1.461287021636963
        },
        "tail": {
          "x": 0.10397326946258545,
          "y": 0.2418450564146042,
          "z": 1.2393416166305542
        },
        "rotation_quaternion": {
          "w": 0.3661993741989136,
          "x": -0.14719347655773163,
          "y": 0.801355242729187,
          "z": -0.44951292872428894
        },
        "matrix": [
          [
            -0.6884651780128479,
            0.09331290423870087,
            0.719241738319397,
            0.07896826416254044
          ],
          [
            -0.565130889415741,
            0.5525450110435486,
            -0.6126347780227661,
            0.09377989172935486
          ],
          [
            -0.45458370447158813,
            -0.8282486200332642,
            -0.32767677307128906,
            1.461287021636963
          ],
          [
            0.0,
            0.0,
            0.0,
            1.0
          ]
        ]
      },
      "bone_length_armature_space": 0.26797064193684683,
      "parent": "spine_01",
      "has_children": true,
      "is_end_bone": false
    },
    "lowerarm_l": {
      "name": "lowerarm_l",
      "local": {
        "location": {
          "x": 0.0,
          "y": 0.0,
          "z": 0.0
        },
        "rotation_quaternion": {
          "w": 0.9545203447341919,
          "x": 0.22695690393447876,
          "y": -0.024502074345946312,
          "z": 0.19178442656993866
        },
        "scale": {
          "x": 1.0,
          "y": 1.0,
          "z": 1.0
        },
        "matrix_basis": [
          [
            0.9252367615699768,
            -0.37724611163139343,
            0.04027814418077469,
            0.0
          ],
          [
            0.35500243306159973,
            0.8234186172485352,
            -0.44266819953918457,
            0.0
          ],
          [
            0.1338290572166443,
            0.4238717257976532,
            0.8957804441452026,
            0.0
          ],
          [
            0.0,
            0.0,
            0.0,
            1.0
          ]
        ],
        "rotation_mode": "QUATERNION"
      },
      "armature_space": {
        "head": {
          "x": 0.1039733961224556,
          "y": 0.17860116064548492,
          "z": 0.2894876003265381
        },
        "tail": {
          "x": 0.30059996247291565,
          "y": 0.2873561382293701,
          "z": 0.14429818093776703
        }
      },
      "world_space": {
        "head": {
          "x": 0.1039733961224556,
          "y": 0.24184516072273254,
          "z": 1.2393416166305542
        },
        "tail": {
          "x": 0.30059996247291565,
          "y": 0.35060012340545654,
          "z": 1.0941522121429443
        },
        "rotation_quaternion": {
          "w": 0.5625981688499451,
          "x": 0.10788997262716293,
          "y": 0.6218899488449097,
          "z": -0.5339438915252686
        },
        "matrix": [
          [
            -0.3436872959136963,
            0.7349853515625,
            0.5845304727554321,
            0.1039733961224556
          ],
          [
            -0.46660009026527405,
            0.40652352571487427,
            -0.7855082750320435,
            0.24184516072273254
          ],
          [
            -0.8149683475494385,
            -0.542714536190033,
            0.20322787761688232,
            1.2393416166305542
          ],
          [
            0.0,
            0.0,
            0.0,
            1.0
          ]
        ]
      },
      "bone_length_armature_space": 0.26752499066747987,
      "parent": "upperarm_l",
      "has_children": true,
      "is_end_bone": false
    },
    "metacarpal_thumb_l": {
      "name": "metacarpal_thumb_l",
      "local": {
        "location": {
          "x": 0.0,
          "y": 0.0,
          "z": 0.0
        },
        "rotation_quaternion": {
          "w": 0.9997014999389648,
          "x": -0.011042529717087746,
          "y": -0.012763960286974907,
          "z": 0.01767030917108059
        },
        "scale": {
          "x": 1.0,
          "y": 1.0,
          "z": 1.0
        },
        "matrix_basis": [
          [
            0.9990496635437012,
            -0.03504817560315132,
            -0.025910550728440285,
            0.0
          ],
          [
            0.03561196103692055,
            0.9991316199302673,
            0.021627381443977356,
            0.0
          ],
          [
            0.025130050256848335,
            -0.02252955362200737,
            0.9994302988052368,
            0.0
          ],
          [
            0.0,
            0.0,
            0.0,
            1.0
          ]
        ],
        "rotation_mode": "QUATERNION"
      },
      "armature_space": {
        "head": {
          "x": 0.30059996247291565,
          "y": 0.2873561382293701,
          "z": 0.14429818093776703
        },
        "tail": {
          "x": 0.3438479006290436,
          "y": 0.2752317488193512,
          "z": 0.12341263890266418
        }
      },
      "world_space": {
        "head": {
          "x": 0.30059996247291565,
          "y": 0.35060012340545654,
          "z": 1.0941522121429443
        },
        "tail": {
          "x": 0.3438479006290436,
          "y": 0.33847576379776,
          "z": 1.073266625404358
        },
        "rotation_quaternion": {
          "w": 0.03546565771102905,
          "x": 0.6894277930259705,
          "y": 0.6134782433509827,
          "z": -0.38350486755371094
        },
        "matrix": [
          [
            -0.046865224838256836,
            0.8731018900871277,
            -0.4852800667285919,
            0.30059996247291565
          ],
          [
            0.818694531917572,
            -0.24477079510688782,
            -0.5194485783576965,
            0.35060012340545654
          ],
          [
            -0.5723171830177307,
            -0.4216432571411133,
            -0.7033377885818481,
            1.0941522121429443
          ],
          [
            0.0,
            0.0,
            0.0,
            1.0
          ]
        ]
      },
      "bone_length_armature_space": 0.0495337347088924,
      "parent": "lowerarm_l",
      "has_children": true,
      "is_end_bone": false
    },
    "thumb_01_l": {
      "name": "thumb_01_l",
      "local": {
        "location": {
          "x": 0.0,
          "y": 0.0,
          "z": 0.0
        },
        "rotation_quaternion": {
          "w": 0.9988301396369934,
          "x": 0.04394117370247841,
          "y": 0.013319622725248337,
          "z": -0.015172588638961315
        },
        "scale": {
          "x": 1.0,
          "y": 1.0,
          "z": 1.0
        },
        "matrix_basis": [
          [
            0.999184787273407,
            0.03148023784160614,
            0.02527467906475067,
            0.0
          ],
          [
            -0.029139118269085884,
            0.9956779479980469,
            -0.08818372339010239,
            0.0
          ],
          [
            -0.02794148400425911,
            0.08737535029649734,
            0.9957835078239441,
            0.0
          ],
          [
            0.0,
            0.0,
            0.0,
            1.0
          ]
        ],
        "rotation_mode": "QUATERNION"
      },
      "armature_space": {
        "head": {
          "x": 0.3438479006290436,
          "y": 0.2752317488193512,
          "z": 0.12341263890266418
        },
        "tail": {
          "x": 0.3523782193660736,
          "y": 0.2557372748851776,
          "z": 0.09684509038925171
        }
      },
      "world_space": {
        "head": {
          "x": 0.3438479006290436,
          "y": 0.33847576379776,
          "z": 1.073266625404358
        },
        "tail": {
          "x": 0.3523782193660736,
          "y": 0.3189812898635864,
          "z": 1.046699047088623
        },
        "rotation_quaternion": {
          "w": 0.4476220905780792,
          "x": -0.8852388262748718,
          "y": -0.11522123217582703,
          "z": -0.0520646870136261
        },
        "matrix": [
          [
            0.9680265784263611,
            0.2506074905395508,
            -0.010972805321216583,
            0.3438479006290436
          ],
          [
            0.15738700330257416,
            -0.5727174282073975,
            0.8045026659965515,
            0.33847576379776
          ],
          [
            0.19533155858516693,
            -0.7805128693580627,
            -0.5938514471054077,
            1.073266625404358
          ],
          [
            0.0,
            0.0,
            0.0,
            1.0
          ]
        ]
      },
      "bone_length_armature_space": 0.03403873511951751,
      "parent": "metacarpal_thumb_l",
      "has_children": true,
      "is_end_bone": false
    },
    "thumb_02_l": {
      "name": "thumb_02_l",
      "local": {
        "location": {
          "x": 0.0,
          "y": 0.0,
          "z": 0.0
        },
        "rotation_quaternion": {
          "w": 0.9923655390739441,
          "x": 0.12304854393005371,
          "y": 0.008338671177625656,
          "z": 0.00034501508343964815
        },
        "scale": {
          "x": 1.0,
          "y": 1.0,
          "z": 1.0
        },
        "matrix_basis": [
          [
            0.9998607039451599,
            0.0013673605863004923,
            0.016634926199913025,
            0.0
          ],
          [
            0.00273688486777246,
            0.9697178602218628,
            -0.24421250820159912,
            0.0
          ],
          [
            -0.016465112566947937,
            0.24422402679920197,
            0.9695790410041809,
            0.0
          ],
          [
            0.0,
            0.0,
            0.0,
            1.0
          ]
        ],
        "rotation_mode": "QUATERNION"
      },
      "armature_space": {
        "head": {
          "x": 0.3523781895637512,
          "y": 0.2557372450828552,
          "z": 0.0968451276421547
        },
        "tail": {
          "x": 0.3811262845993042,
          "y": 0.2761280834674835,
          "z": 0.07758520543575287
        }
      },
      "world_space": {
        "head": {
          "x": 0.3523781895637512,
          "y": 0.31898123025894165,
          "z": 1.0466991662979126
        },
        "tail": {
          "x": 0.3811262845993042,
          "y": 0.33937209844589233,
          "z": 1.0274392366409302
        },
        "rotation_quaternion": {
          "w": 0.8398658633232117,
          "x": -0.3716384470462799,
          "y": -0.2201545685529709,
          "z": -0.3286980092525482
        },
        "matrix": [
          [
            0.6869789361953735,
            0.7157605886459351,
            -0.1254853904247284,
            0.3523781895637512
          ],
          [
            -0.38849008083343506,
            0.5076841115951538,
            0.7689815163612366,
            0.31898123025894165
          ],
          [
            0.6141176223754883,
            -0.47952720522880554,
            0.6268392205238342,
            1.0466991662979126
          ],
          [
            0.0,
            0.0,
            0.0,
            1.0
          ]
        ]
      },
      "bone_length_armature_space": 0.0401644603892817,
      "parent": "thumb_01_l",
      "has_children": true,
      "is_end_bone": false
    },
    "thumb_03_l": {
      "name": "thumb_03_l",
      "local": {
        "location": {
          "x": 0.0,
          "y": 0.0,
          "z": 0.0
        },
        "rotation_quaternion": {
          "w": 0.995758593082428,
          "x": 0.09169184416532516,
          "y": 0.007548718247562647,
          "z": 0.0006602770881727338
        },
        "scale": {
          "x": 1.0,
          "y": 1.0,
          "z": 1.0
        },
        "matrix_basis": [
          [
            0.9998851418495178,
            6.93586262059398e-05,
            0.015154486522078514,
            0.0
          ],
          [
            0.0026992650236934423,
            0.9831843376159668,
            -0.18259590864181519,
            0.0
          ],
          [
            -0.01491231843829155,
            0.18261584639549255,
            0.9830712676048279,
            0.0
          ],
          [
            0.0,
            0.0,
            0.0,
            1.0
          ]
        ],
        "rotation_mode": "QUATERNION"
      },
      "armature_space": {
        "head": {
          "x": 0.3811262845993042,
          "y": 0.27612796425819397,
          "z": 0.07758522033691406
        },
        "tail": {
          "x": 0.3972143530845642,
          "y": 0.3011361360549927,
          "z": 0.07105395197868347
        }
      },
      "world_space": {
        "head": {
          "x": 0.3811262845993042,
          "y": 0.3393719792366028,
          "z": 1.0274392366409302
        },
        "tail": {
          "x": 0.3972143530845642,
          "y": 0.3643801212310791,
          "z": 1.020907998085022
        },
        "rotation_quaternion": {
          "w": 0.9513860940933228,
          "x": -0.13371916115283966,
          "y": -0.07467786222696304,
          "z": -0.2672208547592163
        },
        "matrix": [
          [
            0.8460325002670288,
            0.5284320712089539,
            -0.07062942534685135,
            0.3811262845993042
          ],
          [
            -0.48848891258239746,
            0.8214243054389954,
            0.2943486273288727,
            0.3393719792366028
          ],
          [
            0.2135610282421112,
            -0.21452751755714417,
            0.9530917406082153,
            1.0274392366409302
          ],
          [
            0.0,
            0.0,
            0.0,
            1.0
          ]
        ]
      },
      "bone_length_armature_space": 0.030444902369939634,
      "parent": "thumb_02_l",
      "has_children": false,
      "is_end_bone": true
    },
    "metacarpal_index_l": {
      "name": "metacarpal_index_l",
      "local": {
        "location": {
          "x": 0.0,
          "y": 0.0,
          "z": 0.0
        },
        "rotation_quaternion": {
          "w": 0.9989417791366577,
          "x": -0.041089411824941635,
          "y": -0.012304665520787239,
          "z": -0.016599928960204124
        },
        "scale": {
          "x": 1.0,
          "y": 1.0,
          "z": 1.0
        },
        "matrix_basis": [
          [
            0.9991461038589478,
            0.03417590633034706,
            -0.02321912720799446,
            0.0
          ],
          [
            -0.03215354308485985,
            0.9960722327232361,
            0.08250037580728531,
            0.0
          ],
          [
            0.0259474515914917,
            -0.08168334513902664,
            0.9963204860687256,
            0.0
          ],
          [
            0.0,
            0.0,
            0.0,
            1.0
          ]
        ],
        "rotation_mode": "QUATERNION"
      },
      "armature_space": {
        "head": {
          "x": 0.30059996247291565,
          "y": 0.2873561382293701,
          "z": 0.14429818093776703
        },
        "tail": {
          "x": 0.4001322090625763,
          "y": 0.31203213334083557,
          "z": 0.08760876953601837
        }
      },
      "world_space": {
        "head": {
          "x": 0.30059996247291565,
          "y": 0.35060012340545654,
          "z": 1.0941522121429443
        },
        "tail": {
          "x": 0.4001322090625763,
          "y": 0.3752761483192444,
          "z": 1.037462830543518
        },
        "rotation_quaternion": {
          "w": 0.24027596414089203,
          "x": 0.4232036769390106,
          "y": 0.7399773001670837,
          "z": -0.4643271565437317
        },
        "matrix": [
          [
            -0.5263314247131348,
            0.8494561314582825,
            -0.03741415590047836,
            0.30059996247291565
          ],
          [
            0.4031911790370941,
            0.2105967104434967,
            -0.890553891658783,
            0.35060012340545654
          ],
          [
            -0.7486118078231812,
            -0.4838147759437561,
            -0.45334070920944214,
            1.0941522121429443
          ],
          [
            0.0,
            0.0,
            0.0,
            1.0
          ]
        ]
      },
      "bone_length_armature_space": 0.11717193520018296,
      "parent": "lowerarm_l",
      "has_children": true,
      "is_end_bone": false
    },
    "index_01_l": {
      "name": "index_01_l",
      "local": {
        "location": {
          "x": 0.0,
          "y": 0.0,
          "z": 0.0
        },
        "rotation_quaternion": {
          "w": 0.998577356338501,
          "x": -0.04917788878083229,
          "y": -0.009801719337701797,
          "z": 0.0181313157081604
        },
        "scale": {
          "x": 1.0,
          "y": 1.0,
          "z": 1.0
        },
        "matrix_basis": [
          [
            0.9991503357887268,
            -0.03524698689579964,
            -0.021358869969844818,
            0.0
          ],
          [
            0.037175096571445465,
            0.9945055842399597,
            0.0978604182600975,
            0.0
          ],
          [
            0.01779223047196865,
            -0.0985712856054306,
            0.9949709177017212,
            0.0
          ],
          [
            0.0,
            0.0,
            0.0,
            1.0
          ]
        ],
        "rotation_mode": "QUATERNION"
      },
      "armature_space": {
        "head": {
          "x": 0.4001322090625763,
          "y": 0.31203213334083557,
          "z": 0.08760876953601837
        },
        "tail": {
          "x": 0.41821974515914917,
          "y": 0.3269079625606537,
          "z": 0.07134154438972473
        }
      },
      "world_space": {
        "head": {
          "x": 0.4001322090625763,
          "y": 0.3752761483192444,
          "z": 1.037462830543518
        },
        "tail": {
          "x": 0.41821974515914917,
          "y": 0.3901519775390625,
          "z": 1.0211955308914185
        },
        "rotation_quaternion": {
          "w": 0.19855181872844696,
          "x": 0.2796275317668915,
          "y": 0.8493678569793701,
          "z": -0.401198148727417
        },
        "matrix": [
          [
            -0.7647712230682373,
            0.6343309879302979,
            0.11291356384754181,
            0.4001322090625763
          ],
          [
            0.3156975507736206,
            0.5216963887214661,
            -0.7925706505775452,
            0.3752761483192444
          ],
          [
            -0.5616620779037476,
            -0.5704922080039978,
            -0.5992399454116821,
            1.037462830543518
          ],
          [
            0.0,
            0.0,
            0.0,
            1.0
          ]
        ]
      },
      "bone_length_armature_space": 0.02851441501024588,
      "parent": "metacarpal_index_l",
      "has_children": true,
      "is_end_bone": false
    },
    "index_02_l": {
      "name": "index_02_l",
      "local": {
        "location": {
          "x": 0.0,
          "y": 0.0,
          "z": 0.0
        },
        "rotation_quaternion": {
          "w": 0.9883612394332886,
          "x": 0.1518711894750595,
          "y": 0.0031384206376969814,
          "z": -0.008212076500058174
        },
        "scale": {
          "x": 1.0,
          "y": 1.0,
          "z": 1.0
        },
        "matrix_basis": [
          [
            0.9998454451560974,
            0.01718626730144024,
            0.0037094310391694307,
            0.0
          ],
          [
            -0.015279725193977356,
            0.9537354111671448,
            -0.30025872588157654,
            0.0
          ],
          [
            -0.008698142133653164,
            0.3001556396484375,
            0.9538505673408508,
            0.0
          ],
          [
            0.0,
            0.0,
            0.0,
            1.0
          ]
        ],
        "rotation_mode": "QUATERNION"
      },
      "armature_space": {
        "head": {
          "x": 0.4182202219963074,
          "y": 0.3269078731536865,
          "z": 0.07134127616882324
        },
        "tail": {
          "x": 0.4341322183609009,
          "y": 0.3345808684825897,
          "z": 0.05273941904306412
        }
      },
      "world_space": {
        "head": {
          "x": 0.4182202219963074,
          "y": 0.39015185832977295,
          "z": 1.0211952924728394
        },
        "tail": {
          "x": 0.4341322183609009,
          "y": 0.39782488346099854,
          "z": 1.0025933980941772
        },
        "rotation_quaternion": {
          "w": 0.17861393094062805,
          "x": 0.27554214000701904,
          "y": 0.7859066128730774,
          "z": -0.5239507555961609
        },
        "matrix": [
          [
            -0.7843469381332397,
            0.6202711462974548,
            -0.007995054125785828,
            0.4182202219963074
          ],
          [
            0.2459334135055542,
            0.29910391569137573,
            -0.9219836592674255,
            0.39015185832977295
          ],
          [
            -0.5694919228553772,
            -0.7251261472702026,
            -0.3871501684188843,
            1.0211952924728394
          ],
          [
            0.0,
            0.0,
            0.0,
            1.0
          ]
        ]
      },
      "bone_length_armature_space": 0.025653373543864776,
      "parent": "index_01_l",
      "has_children": true,
      "is_end_bone": false
    },
    "index_03_l": {
      "name": "index_03_l",
      "local": {
        "location": {
          "x": 0.0,
          "y": 0.0,
          "z": 0.0
        },
        "rotation_quaternion": {
          "w": 0.9696163535118103,
          "x": 0.24457645416259766,
          "y": 0.0016737026162445545,
          "z": -0.004877910483628511
        },
        "scale": {
          "x": 1.0,
          "y": 1.0,
          "z": 1.0
        },
        "matrix_basis": [
          [
            0.9999468326568604,
            0.010278100147843361,
            0.0008596547413617373,
            0.0
          ],
          [
            -0.008640707470476627,
            0.8803171515464783,
            -0.47430700063705444,
            0.0
          ],
          [
            -0.005631742998957634,
            0.47427433729171753,
            0.8803591132164001,
            0.0
          ],
          [
            0.0,
            0.0,
            0.0,
            1.0
          ]
        ],
        "rotation_mode": "QUATERNION"
      },
      "armature_space": {
        "head": {
          "x": 0.4341322183609009,
          "y": 0.3345809876918793,
          "z": 0.052739497274160385
        },
        "tail": {
          "x": 0.4462105631828308,
          "y": 0.32793211936950684,
          "z": 0.026978135108947754
        }
      },
      "world_space": {
        "head": {
          "x": 0.4341322183609009,
          "y": 0.3978250026702881,
          "z": 1.0025935173034668
        },
        "tail": {
          "x": 0.4462105631828308,
          "y": 0.39117610454559326,
          "z": 0.9768321514129639
        },
        "rotation_quaternion": {
          "w": 0.041710659861564636,
          "x": 0.2842227816581726,
          "y": 0.6200671195983887,
          "z": -0.7300646305084229
        },
        "matrix": [
          [
            -0.834956169128418,
            0.4133772552013397,
            -0.3632736802101135,
            0.4341322183609009
          ],
          [
            0.29156923294067383,
            -0.22755540907382965,
            -0.929088830947876,
            0.3978250026702881
          ],
          [
            -0.4667317569255829,
            -0.8816742897033691,
            0.06947046518325806,
            1.0025935173034668
          ],
          [
            0.0,
            0.0,
            0.0,
            1.0
          ]
        ]
      },
      "bone_length_armature_space": 0.029218857604812132,
      "parent": "index_02_l",
      "has_children": false,
      "is_end_bone": true
    },
    "metacarpal_pinky_l": {
      "name": "metacarpal_pinky_l",
      "local": {
        "location": {
          "x": 0.0,
          "y": 0.0,
          "z": 0.0
        },
        "rotation_quaternion": {
          "w": 0.9996357560157776,
          "x": -0.02300800196826458,
          "y": 0.005983956158161163,
          "z": -0.01277933083474636
        },
        "scale": {
          "x": 1.0,
          "y": 1.0,
          "z": 1.0
        },
        "matrix_basis": [
          [
            0.9996017813682556,
            0.025273993611335754,
            0.012551606632769108,
            0.0
          ],
          [
            -0.025824710726737976,
            0.9986146688461304,
            0.045846302062273026,
            0.0
          ],
          [
            -0.011375498957931995,
            -0.04615218564867973,
            0.9988696575164795,
            0.0
          ],
          [
            0.0,
            0.0,
            0.0,
            1.0
          ]
        ],
        "rotation_mode": "QUATERNION"
      },
      "armature_space": {
        "head": {
          "x": 0.30059996247291565,
          "y": 0.2873561382293701,
          "z": 0.14429818093776703
        },
        "tail": {
          "x": 0.353890985250473,
          "y": 0.3488933742046356,
          "z": 0.07936356216669083
        }
      },
      "world_space": {
        "head": {
          "x": 0.30059996247291565,
          "y": 0.35060012340545654,
          "z": 1.0941522121429443
        },
        "tail": {
          "x": 0.353890985250473,
          "y": 0.41213738918304443,
          "z": 1.0292176008224487
        },
        "rotation_quaternion": {
          "w": 0.8644896745681763,
          "x": -0.26826348900794983,
          "y": 0.21940499544143677,
          "z": -0.36407962441444397
        },
        "matrix": [
          [
            0.6386144161224365,
            0.5117701888084412,
            0.5746854543685913,
            0.30059996247291565
          ],
          [
            -0.7472034692764282,
            0.590961217880249,
            0.30405929684638977,
            0.35060012340545654
          ],
          [
            -0.18401028215885162,
            -0.6235873103141785,
            0.7597981691360474,
            1.0941522121429443
          ],
          [
            0.0,
            0.0,
            0.0,
            1.0
          ]
        ]
      },
      "bone_length_armature_space": 0.10413101984580686,
      "parent": "lowerarm_l",
      "has_children": true,
      "is_end_bone": false
    },
    "pinky_01_l": {
      "name": "pinky_01_l",
      "local": {
        "location": {
          "x": 0.0,
          "y": 0.0,
          "z": 0.0
        },
        "rotation_quaternion": {
          "w": 0.9983227252960205,
          "x": 0.05750054493546486,
          "y": -0.005578308831900358,
          "z": 0.00378103437833488
        },
        "scale": {
          "x": 1.0,
          "y": 1.0,
          "z": 1.0
        },
        "matrix_basis": [
          [
            0.9999091625213623,
            -0.008190896362066269,
            -0.01070308219641447,
            0.0
          ],
          [
            0.006907873321324587,
            0.9933587908744812,
            -0.11485038697719574,
            0.0
          ],
          [
            0.011572727933526039,
            0.11476601660251617,
            0.9933251142501831,
            0.0
          ],
          [
            0.0,
            0.0,
            0.0,
            1.0
          ]
        ],
        "rotation_mode": "QUATERNION"
      },
      "armature_space": {
        "head": {
          "x": 0.353890985250473,
          "y": 0.3488933742046356,
          "z": 0.07936356216669083
        },
        "tail": {
          "x": 0.3679358661174774,
          "y": 0.35610252618789673,
