{
  "metadata": {
    "armature_name": "KIM_caucasian_male",
    "export_time": "2026-01-13T20:25:57.947950",
    "blender_version": "4.4.1",
    "bone_count": 56,
    "end_bone_count": 13,
    "spaces_included": [
      "LOCAL_CHANNELS",
      "ARMATURE_SPACE",
      "WORLD_SPACE"
    ],
    "note": "LOCAL matches Transform panel; replay pose via local.matrix_basis for best fidelity."
  },
  "bones": {
    "Root": {
      "name": "Root",
      "local": {
        "location": {
          "x": 0.0,
          "y": 0.0,
          "z": 0.0
        },
        "rotation_quaternion": {
          "w": 0.9999542236328125,
          "x": 0.009095746092498302,
          "y": -0.0007329261861741543,
          "z": 0.002888498129323125
        },
        "scale": {
          "x": 1.0,
          "y": 1.0,
          "z": 1.0
        },
        "matrix_basis": [
          [
            0.9999822378158569,
            -0.0057900650426745415,
            -0.0014132391661405563,
            0.0
          ],
          [
            0.005763398949056864,
            0.9998178482055664,
            -0.0181948933750391,
            0.0
          ],
          [
            0.0015183313516899943,
            0.018186425790190697,
            0.9998334646224976,
            0.0
          ],
          [
            0.0,
            0.0,
            0.0,
            1.0
          ]
        ],
        "rotation_mode": "QUATERNION"
      },
      "armature_space": {
        "head": {
          "x": 0.0,
          "y": 0.07072800397872925,
          "z": -0.009595036506652832
        },
        "tail": {
          "x": -0.00041327092912979424,
          "y": -0.00016161799430847168,
          "z": -0.0012880461290478706
        }
      },
      "world_space": {
        "head": {
          "x": 0.0,
          "y": 0.13397200405597687,
          "z": 0.9402589797973633
        },
        "tail": {
          "x": -0.00041327092912979424,
          "y": 0.06308238208293915,
          "z": 0.9485659599304199
        },
        "rotation_quaternion": {
          "w": 0.058289483189582825,
          "x": 0.9982953071594238,
          "y": -0.0029313114937394857,
          "z": -0.0005366692785173655
        },
        "matrix": [
          [
            0.9999822378158569,
            -0.0057900650426745415,
            -0.0014132391661405563,
            0.0
          ],
          [
            -0.005915194284170866,
            -0.9931874871253967,
            -0.1163775697350502,
            0.13397200405597687
          ],
          [
            -0.000729788385797292,
            0.11638373136520386,
            -0.9932110905647278,
            0.9402589797973633
          ],
          [
            0.0,
            0.0,
            0.0,
            1.0
          ]
        ]
      },
      "bone_length_armature_space": 0.07137587313578335,
      "parent": null,
      "has_children": true,
      "is_end_bone": false
    },
    "spine_01": {
      "name": "spine_01",
      "local": {
        "location": {
          "x": 0.0,
          "y": 0.0,
          "z": 0.0
        },
        "rotation_quaternion": {
          "w": 0.9947496652603149,
          "x": 0.09249980002641678,
          "y": -0.014697580598294735,
          "z": 0.04124356433749199
        },
        "scale": {
          "x": 1.0,
          "y": 1.0,
          "z": 1.0
        },
        "matrix_basis": [
          [
            0.9961658716201782,
            -0.08477309346199036,
            -0.02161078341305256,
            0.0
          ],
          [
            0.07933499664068222,
            0.9794855117797852,
            -0.18524065613746643,
            0.0
          ],
          [
            0.03687087073922157,
            0.18281592428684235,
            0.9824555516242981,
            0.0
          ],
          [
            0.0,
            0.0,
            0.0,
            1.0
          ]
        ],
        "rotation_mode": "QUATERNION"
      },
      "armature_space": {
        "head": {
          "x": -0.00041327092912979424,
          "y": -0.00016161799430847168,
          "z": -0.0012880461290478706
        },
        "tail": {
          "x": -0.04187812656164169,
          "y": -0.07544351369142532,
          "z": 0.47908854484558105
        }
      },
      "world_space": {
        "head": {
          "x": -0.00041327092912979424,
          "y": 0.06308238208293915,
          "z": 0.9485659599304199
        },
        "tail": {
          "x": -0.04187812656164169,
          "y": -0.012199513614177704,
          "z": 1.4289425611495972
        },
        "rotation_quaternion": {
          "w": 0.6489697694778442,
          "x": 0.7594994306564331,
          "y": -0.041293758898973465,
          "z": 0.017137560993433
        },
        "matrix": [
          [
            0.996002197265625,
            -0.08496874570846558,
            -0.02756539173424244,
            -0.00041327092912979424
          ],
          [
            -0.04048215597867966,
            -0.15426579117774963,
            -0.9871998429298401,
            0.06308238208293915
          ],
          [
            0.07962924987077713,
            0.9843758344650269,
            -0.15709079802036285,
            0.9485659599304199
          ],
          [
            0.0,
            0.0,
            0.0,
            1.0
          ]
        ]
      },
      "bone_length_armature_space": 0.48800448250876816,
      "parent": "Root",
      "has_children": true,
      "is_end_bone": false
    },
    "neck_01": {
      "name": "neck_01",
      "local": {
        "location": {
          "x": 0.0,
          "y": 0.0,
          "z": 0.0
        },
        "rotation_quaternion": {
          "w": 0.98920077085495,
          "x": -0.12585251033306122,
          "y": -0.07439486682415009,
          "z": 0.010411757044494152
        },
        "scale": {
          "x": 1.0,
          "y": 1.0,
          "z": 1.0
        },
        "matrix_basis": [
          [
            0.9887139797210693,
            -0.0018730746814981103,
            -0.14980360865592957,
            0.0
          ],
          [
            0.03932419791817665,
            0.9681054949760437,
            0.24743764102458954,
            0.0
          ],
          [
            0.144562229514122,
            -0.2505359649658203,
            0.957253098487854,
            0.0
          ],
          [
            0.0,
            0.0,
            0.0,
            1.0
          ]
        ],
        "rotation_mode": "QUATERNION"
      },
      "armature_space": {
        "head": {
          "x": -0.04905538260936737,
          "y": -0.12097513675689697,
          "z": 0.5457150340080261
        },
        "tail": {
          "x": -0.05821659788489342,
          "y": -0.15040504932403564,
          "z": 0.6434938907623291
        }
      },
      "world_space": {
        "head": {
          "x": -0.04905538260936737,
          "y": -0.05773113667964935,
          "z": 1.4955689907073975
        },
        "tail": {
          "x": -0.05821659788489342,
          "y": -0.08716104924678802,
          "z": 1.5933479070663452
        },
        "rotation_quaternion": {
          "w": 0.590863049030304,
          "x": 0.8011741638183594,
          "y": -0.0857323631644249,
          "z": -0.040630511939525604
        },
        "matrix": [
          [
            0.9819981455802917,
            -0.0893590971827507,
            -0.16641674935817719,
            -0.04905538260936737
          ],
          [
            -0.18538765609264374,
            -0.28706133365631104,
            -0.9398019909858704,
            -0.05773113667964935
          ],
          [
            0.03620810806751251,
            0.9537416100502014,
            -0.29846274852752686,
            1.4955689907073975
          ],
          [
            0.0,
            0.0,
            0.0,
            1.0
          ]
        ]
      },
      "bone_length_armature_space": 0.10252196241741689,
      "parent": "spine_01",
      "has_children": true,
      "is_end_bone": false
    },
    "head": {
      "name": "head",
      "local": {
        "location": {
          "x": 0.0,
          "y": 0.0,
          "z": 0.0
        },
        "rotation_quaternion": {
          "w": 0.9738974571228027,
          "x": 0.004320107866078615,
          "y": -0.027858801186084747,
          "z": -0.2252308875322342
        },
        "scale": {
          "x": 1.0,
          "y": 1.0,
          "z": 1.0
        },
        "matrix_basis": [
          [
            0.8969898819923401,
            0.43846288323402405,
            -0.056209273636341095,
            0.0
          ],
          [
            -0.4389442801475525,
            0.8985047936439514,
            0.004134641028940678,
            0.0
          ],
          [
            0.05231718719005585,
            0.020964009687304497,
            0.9984104633331299,
            0.0
          ],
          [
            0.0,
            0.0,
            0.0,
            1.0
          ]
        ],
        "rotation_mode": "QUATERNION"
      },
      "armature_space": {
        "head": {
          "x": -0.05821661651134491,
          "y": -0.1504051685333252,
          "z": 0.6434937715530396
        },
        "tail": {
          "x": 0.004588648676872253,
          "y": -0.15633182227611542,
          "z": 0.7851752042770386
        }
      },
      "world_space": {
        "head": {
          "x": -0.05821661651134491,
          "y": -0.08716116845607758,
          "z": 1.5933477878570557
        },
        "tail": {
          "x": 0.004588648676872253,
          "y": -0.0930878221988678,
          "z": 1.7350292205810547
        },
        "rotation_quaternion": {
          "w": 0.6911766529083252,
          "x": 0.680199384689331,
          "y": 0.0562799870967865,
          "z": -0.23756326735019684
        },
        "matrix": [
          [
            0.8807919025421143,
            0.4049595892429352,
            -0.24538415670394897,
            -0.05821661651134491
          ],
          [
            -0.2518359422683716,
            -0.03821423649787903,
            -0.9670155048370361,
            -0.08716116845607758
          ],
          [
            -0.4009823203086853,
            0.9135420918464661,
            0.06832411885261536,
            1.5933477878570557
          ],
          [
            0.0,
            0.0,
            0.0,
            1.0
          ]
        ]
      },
      "bone_length_armature_space": 0.15509111695276767,
      "parent": "neck_01",
      "has_children": false,
      "is_end_bone": true
    },
    "upperarm_l": {
      "name": "upperarm_l",
      "local": {
        "location": {
          "x": 0.0,
          "y": 0.0,
          "z": 0.0
        },
        "rotation_quaternion": {
          "w": 0.8985862731933594,
          "x": 0.41268885135650635,
          "y": -0.06450530141592026,
          "z": 0.13442359864711761
        },
        "scale": {
          "x": 1.0,
          "y": 1.0,
          "z": 1.0
        },
        "matrix_basis": [
          [
            0.9555387496948242,
            -0.29482364654541016,
            -0.0049769156612455845,
            0.0
          ],
          [
            0.1883411705493927,
            0.6232364177703857,
            -0.7590151429176331,
            0.0
          ],
          [
            0.2268773913383484,
            0.7243310213088989,
            0.6510539650917053,
            0.0
          ],
          [
            0.0,
            0.0,
            0.0,
            1.0
          ]
        ],
        "rotation_mode": "QUATERNION"
      },
      "armature_space": {
        "head": {
          "x": 0.10596760362386703,
          "y": -0.11982792615890503,
          "z": 0.491000771522522
        },
        "tail": {
          "x": 0.27019768953323364,
          "y": -0.3246557116508484,
          "z": 0.5446822643280029
        }
      },
      "world_space": {
        "head": {
          "x": 0.10596760362386703,
          "y": -0.05658392608165741,
          "z": 1.440854787826538
        },
        "tail": {
          "x": 0.27019768953323364,
          "y": -0.26141172647476196,
          "z": 1.494536280632019
        },
        "rotation_quaternion": {
          "w": 0.2857937216758728,
          "x": 0.7374135255813599,
          "y": 0.19009770452976227,
          "z": -0.5817269086837769
        },
        "matrix": [
          [
            0.25091353058815,
            0.6128687262535095,
            -0.7492892146110535,
            0.10596760362386703
          ],
          [
            -0.05214637517929077,
            -0.7643700242042542,
            -0.6426660418510437,
            -0.05658392608165741
          ],
          [
            -0.9666107892990112,
            0.20032694935798645,
            -0.15983353555202484,
            1.440854787826538
          ],
          [
            0.0,
            0.0,
            0.0,
            1.0
          ]
        ]
      },
      "bone_length_armature_space": 0.2679694800429506,
      "parent": "spine_01",
      "has_children": true,
      "is_end_bone": false
    },
    "lowerarm_l": {
      "name": "lowerarm_l",
      "local": {
        "location": {
          "x": 0.0,
          "y": 0.0,
          "z": 0.0
        },
        "rotation_quaternion": {
          "w": 0.9941398501396179,
          "x": 0.10099999606609344,
          "y": 0.03612368553876877,
          "z": -0.013426100835204124
        },
        "scale": {
          "x": 1.0,
          "y": 1.0,
          "z": 1.0
        },
        "matrix_basis": [
          [
            0.9970296621322632,
            0.03399182856082916,
            0.06911192089319229,
            0.0
          ],
          [
            -0.019397860392928123,
            0.9792374968528748,
            -0.20178623497486115,
            0.0
          ],
          [
            -0.07453606277704239,
            0.19984623789787292,
            0.9769881367683411,
            0.0
          ],
          [
            0.0,
            0.0,
            0.0,
            1.0
          ]
        ],
        "rotation_mode": "QUATERNION"
      },
      "armature_space": {
        "head": {
          "x": 0.27019768953323364,
          "y": -0.32465583086013794,
          "z": 0.5446823835372925
        },
        "tail": {
          "x": 0.35822340846061707,
          "y": -0.571518063545227,
          "z": 0.598347008228302
        }
      },
      "world_space": {
        "head": {
          "x": 0.27019768953323364,
          "y": -0.2614118456840515,
          "z": 1.4945363998413086
        },
        "tail": {
          "x": 0.35822340846061707,
          "y": -0.5082740783691406,
          "z": 1.548201084136963
        },
        "rotation_quaternion": {
          "w": 0.1852239966392517,
          "x": 0.7607424259185791,
          "y": 0.06564854085445404,
          "z": -0.6185896992683411
        },
        "matrix": [
          [
            0.22607435286045074,
            0.32903796434402466,
            -0.9168556928634644,
            0.27019768953323364
          ],
          [
            -0.1292722225189209,
            -0.9227649569511414,
            -0.363034188747406,
            -0.2614118456840515
          ],
          [
            -0.9655011892318726,
            0.2005971372127533,
            -0.16607941687107086,
            1.4945363998413086
          ],
          [
            0.0,
            0.0,
            0.0,
            1.0
          ]
        ]
      },
      "bone_length_armature_space": 0.26752454332590403,
      "parent": "upperarm_l",
      "has_children": true,
      "is_end_bone": false
    },
    "metacarpal_thumb_l": {
      "name": "metacarpal_thumb_l",
      "local": {
        "location": {
          "x": 0.0,
          "y": 0.0,
          "z": 0.0
        },
        "rotation_quaternion": {
          "w": 0.9992347955703735,
          "x": -0.035606931895017624,
          "y": -0.01413918286561966,
          "z": -0.007883352227509022
        },
        "scale": {
          "x": 1.0,
          "y": 1.0,
          "z": 1.0
        },
        "matrix_basis": [
          [
            0.99947589635849,
            0.016761545091867447,
            -0.027695322409272194,
            0.0
          ],
          [
            -0.014747734181582928,
            0.9973400235176086,
            0.0713822990655899,
            0.0
          ],
          [
            0.028818130493164062,
            -0.07093644142150879,
            0.997064471244812,
            0.0
          ],
          [
            0.0,
            0.0,
            0.0,
            1.0
          ]
        ],
        "rotation_mode": "QUATERNION"
      },
      "armature_space": {
        "head": {
          "x": 0.35822340846061707,
          "y": -0.571518063545227,
          "z": 0.598347008228302
        },
        "tail": {
          "x": 0.34649619460105896,
          "y": -0.6195961236953735,
          "z": 0.5962125658988953
        }
      },
      "world_space": {
        "head": {
          "x": 0.35822340846061707,
          "y": -0.5082740783691406,
          "z": 1.548201084136963
        },
        "tail": {
          "x": 0.34649619460105896,
          "y": -0.5563521385192871,
          "z": 1.5460665225982666
        },
        "rotation_quaternion": {
          "w": 0.011859013698995113,
          "x": -0.9892877340316772,
          "y": 0.12063295394182205,
          "z": -0.08134420961141586
        },
        "matrix": [
          [
            0.957661509513855,
            -0.23675215244293213,
            0.16380691528320312,
            0.35822340846061707
          ],
          [
            -0.24061067402362823,
            -0.9706141948699951,
            0.003837764263153076,
            -0.5082740783691406
          ],
          [
            0.15808549523353577,
            -0.04309017211198807,
            -0.9864919185638428,
            1.548201084136963
          ],
          [
            0.0,
            0.0,
            0.0,
            1.0
          ]
        ]
      },
      "bone_length_armature_space": 0.04953365703671603,
      "parent": "lowerarm_l",
      "has_children": true,
      "is_end_bone": false
    },
    "thumb_01_l": {
      "name": "thumb_01_l",
      "local": {
        "location": {
          "x": 0.0,
          "y": 0.0,
          "z": 0.0
        },
        "rotation_quaternion": {
          "w": 0.9998510479927063,
          "x": 0.010855995118618011,
          "y": -0.005163590889424086,
          "z": -0.012388446368277073
        },
        "scale": {
          "x": 1.0,
          "y": 1.0,
          "z": 1.0
        },
        "matrix_basis": [
          [
            0.9996397495269775,
            0.024661090224981308,
            -0.010594621300697327,
            0.0
          ],
          [
            -0.02488531358540058,
            0.9994573593139648,
            -0.02158081904053688,
            0.0
          ],
          [
            0.010056666098535061,
            0.021836694329977036,
            0.9997109770774841,
            0.0
          ],
          [
            0.0,
            0.0,
            0.0,
            1.0
          ]
        ],
        "rotation_mode": "QUATERNION"
      },
      "armature_space": {
        "head": {
          "x": 0.34649619460105896,
          "y": -0.6195961236953735,
          "z": 0.5962125658988953
        },
        "tail": {
          "x": 0.3418259024620056,
          "y": -0.6411533951759338,
          "z": 0.5702875256538391
        }
      },
      "world_space": {
        "head": {
          "x": 0.34649619460105896,
          "y": -0.5563521385192871,
          "z": 1.5460665225982666
        },
        "tail": {
          "x": 0.3418259024620056,
          "y": -0.5779094099998474,
          "z": 1.5201416015625
        },
        "rotation_quaternion": {
          "w": 0.20458261668682098,
          "x": -0.5656862854957581,
          "y": 0.3761480152606964,
          "z": -0.7047394514083862
        },
        "matrix": [
          [
            -0.2762915790081024,
            -0.13720597326755524,
            0.951229453086853,
            0.34649619460105896
          ],
          [
            -0.7139177322387695,
            -0.6333184242248535,
            -0.29871296882629395,
            -0.5563521385192871
          ],
          [
            0.6434201598167419,
            -0.7616373896598816,
            0.07702693343162537,
            1.5460665225982666
          ],
          [
            0.0,
            0.0,
            0.0,
            1.0
          ]
        ]
      },
      "bone_length_armature_space": 0.034038732821648716,
      "parent": "metacarpal_thumb_l",
      "has_children": true,
      "is_end_bone": false
    },
    "thumb_02_l": {
      "name": "thumb_02_l",
      "local": {
        "location": {
          "x": 0.0,
          "y": 0.0,
          "z": 0.0
        },
        "rotation_quaternion": {
          "w": 0.9927639961242676,
          "x": 0.11973974108695984,
          "y": -0.007099825423210859,
          "z": 0.0056393938139081
        },
        "scale": {
          "x": 1.0,
          "y": 1.0,
          "z": 1.0
        },
        "matrix_basis": [
          [
            0.9998355507850647,
            -0.012897436507046223,
            -0.012746383436024189,
            0.0
          ],
          [
            0.00949691142886877,
            0.971261203289032,
            -0.23782669007778168,
            0.0
          ],
          [
            0.015447420999407768,
            0.2376665323972702,
            0.9712239503860474,
            0.0
          ],
          [
            0.0,
            0.0,
            0.0,
            1.0
          ]
        ],
        "rotation_mode": "QUATERNION"
      },
      "armature_space": {
        "head": {
          "x": 0.3418258726596832,
          "y": -0.6411533355712891,
          "z": 0.5702875256538391
        },
        "tail": {
          "x": 0.35940656065940857,
          "y": -0.6755098700523376,
          "z": 0.5814107656478882
        }
      },
      "world_space": {
        "head": {
          "x": 0.3418258726596832,
          "y": -0.5779093503952026,
          "z": 1.5201416015625
        },
        "tail": {
          "x": 0.35940656065940857,
          "y": -0.6122658848762512,
          "z": 1.5312647819519043
        },
        "rotation_quaternion": {
          "w": 0.18594712018966675,
          "x": -0.2318127304315567,
          "y": -0.1942279040813446,
          "z": -0.9348593950271606
        },
        "matrix": [
          [
            -0.8233731389045715,
            0.43771815299987793,
            0.3611918091773987,
            0.3418258726596832
          ],
          [
            -0.25762003660202026,
            -0.8553981184959412,
            0.44936197996139526,
            -0.5779093503952026
          ],
          [
            0.5056600570678711,
            0.2769434154033661,
            0.8170828223228455,
            1.5201416015625
          ],
          [
            0.0,
            0.0,
            0.0,
            1.0
          ]
        ]
      },
      "bone_length_armature_space": 0.04016439408681781,
      "parent": "thumb_01_l",
      "has_children": true,
      "is_end_bone": false
    },
    "thumb_03_l": {
      "name": "thumb_03_l",
      "local": {
        "location": {
          "x": 0.0,
          "y": 0.0,
          "z": 0.0
        },
        "rotation_quaternion": {
          "w": 0.9987143278121948,
          "x": 0.050576843321323395,
          "y": -0.0008025896386243403,
          "z": 0.0033585908822715282
        },
        "scale": {
          "x": 1.0,
          "y": 1.0,
          "z": 1.0
        },
        "matrix_basis": [
          [
            0.9999761581420898,
            -0.00678973039612174,
            -0.0012633816804736853,
            0.0
          ],
          [
            0.006627360824495554,
            0.9948614239692688,
            -0.10102903097867966,
            0.0
          ],
          [
            0.001942849368788302,
            0.10101824253797531,
            0.9948827028274536,
            0.0
          ],
          [
            0.0,
            0.0,
            0.0,
            1.0
          ]
        ],
        "rotation_mode": "QUATERNION"
      },
      "armature_space": {
        "head": {
          "x": 0.3594064712524414,
          "y": -0.6755098700523376,
          "z": 0.5814107656478882
        },
        "tail": {
          "x": 0.37889137864112854,
          "y": -0.6935895681381226,
          "z": 0.5962551832199097
        }
      },
      "world_space": {
        "head": {
          "x": 0.3594064712524414,
          "y": -0.6122658848762512,
          "z": 1.5312647819519043
        },
        "tail": {
          "x": 0.37889137864112854,
          "y": -0.6303455829620361,
          "z": 1.5461091995239258
        },
        "rotation_quaternion": {
          "w": 0.3479773700237274,
          "x": -0.033455487340688705,
          "y": -0.28633272647857666,
          "z": -0.8920797109603882
        },
        "matrix": [
          [
            -0.7555846571922302,
            0.6400060057640076,
            -0.13958600163459778,
            0.3594064712524414
          ],
          [
            -0.6016890406608582,
            -0.5938501954078674,
            0.5341466665267944,
            -0.6122658848762512
          ],
          [
            0.2589651644229889,
            0.48758310079574585,
            0.833794891834259,
            1.5312647819519043
          ],
          [
            0.0,
            0.0,
            0.0,
            1.0
          ]
        ]
      },
      "bone_length_armature_space": 0.030444931108198653,
      "parent": "thumb_02_l",
      "has_children": false,
      "is_end_bone": true
    },
    "metacarpal_index_l": {
      "name": "metacarpal_index_l",
      "local": {
        "location": {
          "x": 0.0,
          "y": 0.0,
          "z": 0.0
        },
        "rotation_quaternion": {
          "w": 0.999879002571106,
          "x": -0.008432788774371147,
          "y": 0.007719330955296755,
          "z": 0.010554150678217411
        },
        "scale": {
          "x": 1.0,
          "y": 1.0,
          "z": 1.0
        },
        "matrix_basis": [
          [
            0.9996580481529236,
            -0.021235939115285873,
            0.015258791856467724,
            0.0
          ],
          [
            0.02097555622458458,
            0.9996349811553955,
            0.017026478424668312,
            0.0
          ],
          [
            -0.015614795498549938,
            -0.01670059561729431,
            0.9997385740280151,
            0.0
          ],
          [
            0.0,
            0.0,
            0.0,
            1.0
          ]
        ],
        "rotation_mode": "QUATERNION"
      },
      "armature_space": {
        "head": {
          "x": 0.35822340846061707,
          "y": -0.571518063545227,
          "z": 0.598347008228302
        },
        "tail": {
          "x": 0.36190810799598694,
          "y": -0.6878557801246643,
          "z": 0.6118072867393494
        }
      },
      "world_space": {
        "head": {
          "x": 0.35822340846061707,
          "y": -0.5082740783691406,
          "z": 1.548201084136963
        },
        "tail": {
          "x": 0.36190810799598694,
          "y": -0.6246117949485779,
          "z": 1.5616612434387207
        },
        "rotation_quaternion": {
          "w": 0.05948841571807861,
          "x": 0.9799028038978577,
          "y": 0.004490346182137728,
          "z": -0.19034619629383087
        },
        "matrix": [
          [
            0.9274963736534119,
            0.03144697844982147,
            -0.37250715494155884,
            0.35822340846061707
          ],
          [
            -0.013846585527062416,
            -0.9928819537162781,
            -0.11829562485218048,
            -0.5082740783691406
          ],
          [
            -0.37357839941978455,
            0.11487650871276855,
            -0.9204654693603516,
            1.548201084136963
          ],
          [
            0.0,
            0.0,
            0.0,
            1.0
          ]
        ]
      },
      "bone_length_armature_space": 0.11717175450334459,
      "parent": "lowerarm_l",
      "has_children": true,
      "is_end_bone": false
    },
    "index_01_l": {
      "name": "index_01_l",
      "local": {
        "location": {
          "x": 0.0,
          "y": 0.0,
          "z": 0.0
        },
        "rotation_quaternion": {
          "w": 0.9980045557022095,
          "x": -0.06214645877480507,
          "y": -0.009453900158405304,
          "z": -0.005944747943431139
        },
        "scale": {
          "x": 1.0,
          "y": 1.0,
          "z": 1.0
        },
        "matrix_basis": [
          [
            0.999750554561615,
            0.013040823861956596,
            -0.018131181597709656,
            0.0
          ],
          [
            -0.010690717957913876,
            0.9922049641609192,
            0.12415730208158493,
            0.0
          ],
          [
            0.019608961418271065,
            -0.12393249571323395,
            0.9920969009399414,
            0.0
          ],
          [
            0.0,
            0.0,
            0.0,
            1.0
          ]
        ],
        "rotation_mode": "QUATERNION"
      },
      "armature_space": {
        "head": {
          "x": 0.36190810799598694,
          "y": -0.6878557801246643,
          "z": 0.6118072867393494
        },
        "tail": {
          "x": 0.3745928108692169,
          "y": -0.7126883864402771,
          "z": 0.617766261100769
        }
      },
      "world_space": {
        "head": {
          "x": 0.36190810799598694,
          "y": -0.6246117949485779,
          "z": 1.5616612434387207
        },
        "tail": {
          "x": 0.3745928108692169,
          "y": -0.6494444012641907,
          "z": 1.5676202774047852
        },
        "rotation_quaternion": {
          "w": 0.14848536252975464,
          "x": 0.9506863951683044,
          "y": 0.20618373155593872,
          "z": -0.1778649389743805
        },
        "matrix": [
          [
            0.8517047762870789,
            0.4448529779911041,
            -0.27695655822753906,
            0.36190810799598694
          ],
          [
            0.3392115533351898,
            -0.8708805441856384,
            -0.3556724786758423,
            -0.6246117949485779
          ],
          [
            -0.39942049980163574,
            0.20898163318634033,
            -0.8926388621330261,
            1.5616612434387207
          ],
          [
            0.0,
            0.0,
            0.0,
            1.0
          ]
        ]
      },
      "bone_length_armature_space": 0.028514372333416593,
      "parent": "metacarpal_index_l",
      "has_children": true,
      "is_end_bone": false
    },
    "index_02_l": {
      "name": "index_02_l",
      "local": {
        "location": {
          "x": 0.0,
          "y": 0.0,
          "z": 0.0
        },
        "rotation_quaternion": {
          "w": 0.9887704849243164,
          "x": 0.14938117563724518,
          "y": -0.0011383786331862211,
          "z": 0.004124451894313097
        },
        "scale": {
          "x": 1.0,
          "y": 1.0,
          "z": 1.0
        },
        "matrix_basis": [
          [
            0.9999634027481079,
            -0.008496377617120743,
            -0.001018959446810186,
            0.0
          ],
          [
            0.007816167548298836,
            0.9553365111351013,
            -0.29541677236557007,
            0.0
          ],
          [
            0.003483421402052045,
            0.2953979969024658,
            0.955367922782898,
            0.0
          ],
          [
            0.0,
            0.0,
            0.0,
            1.0
          ]
        ],
        "rotation_mode": "QUATERNION"
      },
      "armature_space": {
        "head": {
          "x": 0.37459269165992737,
          "y": -0.7126889228820801,
          "z": 0.6177661418914795
        },
        "tail": {
          "x": 0.3837999701499939,
          "y": -0.7366188168525696,
          "z": 0.6169434189796448
        }
      },
      "world_space": {
        "head": {
          "x": 0.37459269165992737,
          "y": -0.6494449377059937,
          "z": 1.5676201581954956
        },
        "tail": {
          "x": 0.3837999701499939,
          "y": -0.6733748316764832,
          "z": 1.5667974948883057
        },
        "rotation_quaternion": {
          "w": 0.028384320437908173,
          "x": 0.9537966847419739,
          "y": 0.1810644119977951,
          "z": -0.2380799651145935
        },
        "matrix": [
          [
            0.8210672736167908,
            0.3589130640029907,
            -0.44388073682785034,
            0.37459269165992737
          ],
          [
            0.3318817615509033,
            -0.9328199625015259,
            -0.14036239683628082,
            -0.6494449377059937
          ],
          [
            -0.4644416868686676,
            -0.032070159912109375,
            -0.8850308060646057,
            1.5676201581954956
          ],
          [
            0.0,
            0.0,
            0.0,
            1.0
          ]
        ]
      },
      "bone_length_armature_space": 0.025653277780106554,
      "parent": "index_01_l",
      "has_children": true,
      "is_end_bone": false
    },
    "index_03_l": {
      "name": "index_03_l",
      "local": {
        "location": {
          "x": 0.0,
          "y": 0.0,
          "z": 0.0
        },
        "rotation_quaternion": {
          "w": 0.9749799370765686,
          "x": 0.2222495824098587,
          "y": 0.0031934273429214954,
          "z": 0.0030193235725164413
        },
        "scale": {
          "x": 1.0,
          "y": 1.0,
          "z": 1.0
        },
        "matrix_basis": [
          [
            0.9999613761901855,
            -0.004468083847314119,
            0.007569142151623964,
            0.0
          ],
          [
            0.007307035382837057,
            0.9011920094490051,
            -0.43335849046707153,
            0.0
          ],
          [
            -0.004884968511760235,
            0.4333970546722412,
            0.9011898636817932,
            0.0
          ],
          [
            0.0,
            0.0,
            0.0,
            1.0
          ]
        ],
        "rotation_mode": "QUATERNION"
      },
      "armature_space": {
        "head": {
          "x": 0.38380002975463867,
          "y": -0.7366188168525696,
          "z": 0.6169435977935791
        },
        "tail": {
          "x": 0.3886862099170685,
          "y": -0.7609411478042603,
          "z": 0.6015070676803589
        }
      },
      "world_space": {
        "head": {
          "x": 0.38380002975463867,
          "y": -0.6733748316764832,
          "z": 1.5667976140975952
        },
        "tail": {
          "x": 0.3886862099170685,
          "y": -0.6976971626281738,
          "z": 1.551361083984375
        },
        "rotation_quaternion": {
          "w": 0.24324464797973633,
          "x": -0.9234380125999451,
          "y": -0.15690991282463074,
          "z": 0.25193965435028076
        },
        "matrix": [
          [
            0.8238113522529602,
            0.1672278791666031,
            -0.5416362881660461,
            0.38380002975463867
          ],
          [
            0.4123592972755432,
            -0.8324231505393982,
            0.3701780140399933,
            -0.6733748316764832
          ],
          [
            -0.388968825340271,
            -0.5283100605010986,
            -0.7547222971916199,
            1.5667976140975952
          ],
          [
            0.0,
            0.0,
            0.0,
            1.0
          ]
        ]
      },
      "bone_length_armature_space": 0.029218778666692424,
      "parent": "index_02_l",
      "has_children": false,
      "is_end_bone": true
    },
    "metacarpal_pinky_l": {
      "name": "metacarpal_pinky_l",
      "local": {
        "location": {
          "x": 0.0,
          "y": 0.0,
          "z": 0.0
        },
        "rotation_quaternion": {
          "w": 0.9999507665634155,
          "x": -0.009582980535924435,
          "y": -0.0016333656385540962,
          "z": 0.0019905120134353638
        },
        "scale": {
          "x": 1.0,
          "y": 1.0,
          "z": 1.0
        },
        "matrix_basis": [
          [
            0.9999867677688599,
            -0.003949522972106934,
            -0.0033047206234186888,
            0.0
          ],
          [
            0.004012132994830608,
            0.9998084306716919,
            0.019158514216542244,
            0.0
          ],
          [
            0.00322842039167881,
            -0.019171519204974174,
            0.9998109936714172,
            0.0
          ],
          [
            0.0,
            0.0,
            0.0,
            1.0
          ]
        ],
        "rotation_mode": "QUATERNION"
      },
      "armature_space": {
        "head": {
          "x": 0.35822340846061707,
          "y": -0.571518063545227,
          "z": 0.598347008228302
        },
        "tail": {
          "x": 0.42110028862953186,
          "y": -0.651286244392395,
          "z": 0.6212979555130005
        }
      },
      "world_space": {
        "head": {
          "x": 0.35822340846061707,
          "y": -0.5082740783691406,
          "z": 1.548201084136963
        },
        "tail": {
          "x": 0.42110028862953186,
          "y": -0.5880422592163086,
          "z": 1.5711519718170166
        },
        "rotation_quaternion": {
          "w": 0.33921873569488525,
          "x": 0.20673753321170807,
          "y": -0.04371627792716026,
          "z": -0.9166675209999084
        },
        "matrix": [
          [
            -0.6843803524971008,
            0.6038262844085693,
            -0.4086776077747345,
            0.35822340846061707
          ],
          [
            -0.6399775147438049,
            -0.7660388946533203,
            -0.06011253222823143,
            -0.5082740783691406
          ],
          [
            -0.34936338663101196,
            0.22040535509586334,
            0.9107034802436829,
            1.548201084136963
          ],
          [
            0.0,
            0.0,
            0.0,
            1.0
          ]
        ]
      },
      "bone_length_armature_space": 0.1041307378375759,
      "parent": "lowerarm_l",
      "has_children": true,
      "is_end_bone": false
    },
    "pinky_01_l": {
      "name": "pinky_01_l",
      "local": {
        "location": {
          "x": 0.0,
          "y": 0.0,
          "z": 0.0
        },
        "rotation_quaternion": {
          "w": 0.999607503414154,
          "x": 0.017206020653247833,
          "y": -0.021696798503398895,
          "z": -0.004251223988831043
        },
        "scale": {
          "x": 1.0,
          "y": 1.0,
          "z": 1.0
        },
        "matrix_basis": [
          [
            0.999022364616394,
            0.0077524795196950436,
            -0.04352285712957382,
            0.0
          ],
          [
            -0.009245742112398148,
            0.9993717670440674,
            -0.03421405702829361,
            0.0
          ],
          [
            0.04323027282953262,
            0.03458300977945328,
            0.998466432094574,
            0.0
          ],
          [
            0.0,
            0.0,
            0.0,
            1.0
          ]
        ],
        "rotation_mode": "QUATERNION"
      },
      "armature_space": {
        "head": {
          "x": 0.42110028862953186,
          "y": -0.651286244392395,
