{
  "metadata": {
    "armature_name": "KIM_caucasian_male",
    "export_time": "2026-01-13T21:02:29.344924",
    "blender_version": "4.4.1",
    "bone_count": 56,
    "end_bone_count": 13,
    "spaces_included": [
      "LOCAL_CHANNELS",
      "ARMATURE_SPACE",
      "WORLD_SPACE"
    ],
    "note": "LOCAL matches Transform panel; replay pose via local.matrix_basis for best fidelity."
  },
  "bones": {
    "Root": {
      "name": "Root",
      "local": {
        "location": {
          "x": 0.0,
          "y": 0.0,
          "z": 0.0
        },
        "rotation_quaternion": {
          "w": 0.9997658133506775,
          "x": 0.009934029541909695,
          "y": -0.019190089777112007,
          "z": 0.0011977731483057141
        },
        "scale": {
          "x": 1.0,
          "y": 1.0,
          "z": 1.0
        },
        "matrix_basis": [
          [
            0.9992606043815613,
            -0.0027762551326304674,
            -0.03834739327430725,
            0.0
          ],
          [
            0.002013715449720621,
            0.9997997879981995,
            -0.01990937627851963,
            0.0
          ],
          [
            0.0383949875831604,
            0.01981743611395359,
            0.9990661144256592,
            0.0
          ],
          [
            0.0,
            0.0,
            0.0,
            1.0
          ]
        ],
        "rotation_mode": "QUATERNION"
      },
      "armature_space": {
        "head": {
          "x": 0.0,
          "y": 0.07072800397872925,
          "z": -0.009595036506652832
        },
        "tail": {
          "x": -0.0001981576206162572,
          "y": -0.00017598271369934082,
          "z": -0.00140357855707407
        }
      },
      "world_space": {
        "head": {
          "x": 0.0,
          "y": 0.13397200405597687,
          "z": 0.9402589797973633
        },
        "tail": {
          "x": -0.0001981576206162572,
          "y": 0.06306801736354828,
          "z": 0.9484504461288452
        },
        "rotation_quaternion": {
          "w": 0.057440415024757385,
          "x": 0.9981638193130493,
          "y": -0.0024878480471670628,
          "z": -0.019065802916884422
        },
        "matrix": [
          [
            0.9992606043815613,
            -0.0027762551326304674,
            -0.03834739327430725,
            0.0
          ],
          [
            -0.007156863808631897,
            -0.9933887720108032,
            -0.11457549035549164,
            0.13397200405597687
          ],
          [
            -0.037776049226522446,
            0.11476508527994156,
            -0.9926812052726746,
            0.9402589797973633
          ],
          [
            0.0,
            0.0,
            0.0,
            1.0
          ]
        ]
      },
      "bone_length_armature_space": 0.07137586728180387,
      "parent": null,
      "has_children": true,
      "is_end_bone": false
    },
    "spine_01": {
      "name": "spine_01",
      "local": {
        "location": {
          "x": 0.0,
          "y": 0.0,
          "z": 0.0
        },
        "rotation_quaternion": {
          "w": 0.9980207681655884,
          "x": -1.2386576599965338e-06,
          "y": 0.04069691523909569,
          "z": 0.04794083908200264
        },
        "scale": {
          "x": 1.0,
          "y": 1.0,
          "z": 1.0
        },
        "matrix_basis": [
          [
            0.9920908808708191,
            -0.09569200873374939,
            0.08123261481523514,
            0.0
          ],
          [
            0.09569180756807327,
            0.9954033493995667,
            0.003904561046510935,
            0.0
          ],
          [
            -0.08123285323381424,
            0.003899616189301014,
            0.9966875314712524,
            0.0
          ],
          [
            0.0,
            0.0,
            0.0,
            1.0
          ]
        ],
        "rotation_mode": "QUATERNION"
      },
      "armature_space": {
        "head": {
          "x": -0.0001981576206162572,
          "y": -0.00017598271369934082,
          "z": -0.00140357855707407
        },
        "tail": {
          "x": -0.02843642234802246,
          "y": 0.011247042566537857,
          "z": 0.4856494665145874
        }
      },
      "world_space": {
        "head": {
          "x": -0.0001981576206162572,
          "y": 0.06306801736354828,
          "z": 0.9484504461288452
        },
        "tail": {
          "x": -0.02843642234802246,
          "y": 0.07449103891849518,
          "z": 1.4355034828186035
        },
        "rotation_quaternion": {
          "w": 0.7153028845787048,
          "x": 0.6971985697746277,
          "y": 0.006739480420947075,
          "z": 0.0470169335603714
        },
        "matrix": [
          [
            0.9954879283905029,
            -0.05786515027284622,
            0.07520220428705215,
            -0.0001981576206162572
          ],
          [
            0.0766606405377388,
            0.02340777963399887,
            -0.9967824816703796,
            0.06306801736354828
          ],
          [
            0.05591912567615509,
            0.9980570077896118,
            0.02773742564022541,
            0.9484504461288452
          ],
          [
            0.0,
            0.0,
            0.0,
            1.0
          ]
        ]
      },
      "bone_length_armature_space": 0.4880046567126467,
      "parent": "Root",
      "has_children": true,
      "is_end_bone": false
    },
    "neck_01": {
      "name": "neck_01",
      "local": {
        "location": {
          "x": 0.0,
          "y": 0.0,
          "z": 0.0
        },
        "rotation_quaternion": {
          "w": 0.9903329610824585,
          "x": -0.04862270876765251,
          "y": -0.0812835618853569,
          "z": 0.10133834183216095
        },
        "scale": {
          "x": 1.0,
          "y": 1.0,
          "z": 1.0
        },
        "matrix_basis": [
          [
            0.966247022151947,
            -0.1928129494190216,
            -0.17085027694702148,
            0.0
          ],
          [
            0.20862185955047607,
            0.9747327566146851,
            0.07983105629682541,
            0.0
          ],
          [
            0.15114089846611023,
            -0.11277962476015091,
            0.9820576310157776,
            0.0
          ],
          [
            0.0,
            0.0,
            0.0,
            1.0
          ]
        ],
        "rotation_mode": "QUATERNION"
      },
      "armature_space": {
        "head": {
          "x": -0.030065173283219337,
          "y": -0.021607933565974236,
          "z": 0.559687614440918
        },
        "tail": {
          "x": -0.05327899754047394,
          "y": -0.048003751784563065,
          "z": 0.6559950709342957
        }
      },
      "world_space": {
        "head": {
          "x": -0.030065173283219337,
          "y": 0.041636064648628235,
          "z": 1.509541630744934
        },
        "tail": {
          "x": -0.05327899754047394,
          "y": 0.015240248292684555,
          "z": 1.605849027633667
        },
        "rotation_quaternion": {
          "w": 0.598076343536377,
          "x": 0.7921543717384338,
          "y": -0.11649560928344727,
          "z": 0.03499884903430939
        },
        "matrix": [
          [
            0.9704076051712036,
            -0.22642917931079865,
            -0.08389875292778015,
            -0.030065173283219337
          ],
          [
            -0.14270223677158356,
            -0.257466584444046,
            -0.9556921124458313,
            0.041636064648628235
          ],
          [
            0.19479668140411377,
            0.9393895268440247,
            -0.28216230869293213,
            1.509541630744934
          ],
          [
            0.0,
            0.0,
            0.0,
            1.0
          ]
        ]
      },
      "bone_length_armature_space": 0.10252193495212159,
      "parent": "spine_01",
      "has_children": true,
      "is_end_bone": false
    },
    "head": {
      "name": "head",
      "local": {
        "location": {
          "x": 0.0,
          "y": 0.0,
          "z": 0.0
        },
        "rotation_quaternion": {
          "w": 0.9869015216827393,
          "x": -0.05491042137145996,
          "y": 0.11841288954019547,
          "z": 0.09480808675289154
        },
        "scale": {
          "x": 1.0,
          "y": 1.0,
          "z": 1.0
        },
        "matrix_basis": [
          [
            0.9539796113967896,
            -0.2001366913318634,
            0.22331181168556213,
            0.0
          ],
          [
            0.17412829399108887,
            0.9759925603866577,
            0.13083535432815552,
            0.0
          ],
          [
            -0.24413563311100006,
            -0.08592935651540756,
            0.965926468372345,
            0.0
          ],
          [
            0.0,
            0.0,
            0.0,
            1.0
          ]
        ],
        "rotation_mode": "QUATERNION"
      },
      "armature_space": {
        "head": {
          "x": -0.05327899008989334,
          "y": -0.04800388216972351,
          "z": 0.6559949517250061
        },
        "tail": {
          "x": -0.10866644978523254,
          "y": -0.014402922242879868,
          "z": 0.796907901763916
        }
      },
      "world_space": {
        "head": {
          "x": -0.05327899008989334,
          "y": 0.015240117907524109,
          "z": 1.605849027633667
        },
        "tail": {
          "x": -0.10866644978523254,
          "y": 0.04884107783436775,
          "z": 1.7467619180679321
        },
        "rotation_quaternion": {
          "w": 0.7737863063812256,
          "x": 0.6065860986709595,
          "y": -0.09788495302200317,
          "z": 0.15403419733047485
        },
        "matrix": [
          [
            0.9333838820457458,
            -0.35713061690330505,
            0.03538769483566284,
            -0.05327899008989334
          ],
          [
            0.11962997168302536,
            0.21665430068969727,
            -0.9688910841941833,
            0.015240117907524109
          ],
          [
            0.3383561968803406,
            0.9085872173309326,
            0.24494589865207672,
            1.605849027633667
          ],
          [
            0.0,
            0.0,
            0.0,
            1.0
          ]
        ]
      },
      "bone_length_armature_space": 0.15509112056515204,
      "parent": "neck_01",
      "has_children": false,
      "is_end_bone": true
    },
    "upperarm_l": {
      "name": "upperarm_l",
      "local": {
        "location": {
          "x": 0.0,
          "y": 0.0,
          "z": 0.0
        },
        "rotation_quaternion": {
          "w": 0.9524195194244385,
          "x": 0.0841798409819603,
          "y": 0.06440453976392746,
          "z": -0.28576749563217163
        },
        "scale": {
          "x": 1.0,
          "y": 1.0,
          "z": 1.0
        },
        "matrix_basis": [
          [
            0.8283779621124268,
            0.5551841855049133,
            0.07456855475902557,
            0.0
          ],
          [
            -0.5334979295730591,
            0.8225013613700867,
            -0.19715850055217743,
            0.0
          ],
          [
            -0.17079201340675354,
            0.12353959679603577,
            0.9775316119194031,
            0.0
          ],
          [
            0.0,
            0.0,
            0.0,
            1.0
          ]
        ],
        "rotation_mode": "QUATERNION"
      },
      "armature_space": {
        "head": {
          "x": 0.12338683754205704,
          "y": -0.014860885217785835,
          "z": 0.5010867714881897
        },
        "tail": {
          "x": 0.3509625494480133,
          "y": -0.022572292014956474,
          "z": 0.35981494188308716
        }
      },
      "world_space": {
        "head": {
          "x": 0.12338683754205704,
          "y": 0.048383116722106934,
          "z": 1.4509408473968506
        },
        "tail": {
          "x": 0.3509625494480133,
          "y": 0.040671706199645996,
          "z": 1.309669017791748
        },
        "rotation_quaternion": {
          "w": 0.3055614233016968,
          "x": 0.3817834258079529,
          "y": 0.6262933015823364,
          "z": -0.6071493625640869
        },
        "matrix": [
          [
            -0.5217465162277222,
            0.8492599725723267,
            -0.08085789531469345,
            0.12338683754205704
          ],
          [
            0.10717691481113434,
            -0.028777189552783966,
            -0.9938235282897949,
            0.048383116722106934
          ],
          [
            -0.8463471531867981,
            -0.5271937847137451,
            -0.07600811123847961,
            1.4509408473968506
          ],
          [
            0.0,
            0.0,
            0.0,
            1.0
          ]
        ]
      },
      "bone_length_armature_space": 0.2679699668880215,
      "parent": "spine_01",
      "has_children": true,
      "is_end_bone": false
    },
    "lowerarm_l": {
      "name": "lowerarm_l",
      "local": {
        "location": {
          "x": 0.0,
          "y": 0.0,
          "z": 0.0
        },
        "rotation_quaternion": {
          "w": 0.9526864290237427,
          "x": 0.044538889080286026,
          "y": 0.053726598620414734,
          "z": -0.29583507776260376
        },
        "scale": {
          "x": 1.0,
          "y": 1.0,
          "z": 1.0
        },
        "matrix_basis": [
          [
            0.8191901445388794,
            0.5684619545936584,
            0.0760168731212616,
            0.0
          ],
          [
            -0.5588902831077576,
            0.8209958076477051,
            -0.11665161699056625,
            0.0
          ],
          [
            -0.12872153520584106,
            0.05307476595044136,
            0.9902594685554504,
            0.0
          ],
          [
            0.0,
            0.0,
            0.0,
            1.0
          ]
        ],
        "rotation_mode": "QUATERNION"
      },
      "armature_space": {
        "head": {
          "x": 0.35096266865730286,
          "y": -0.022572357207536697,
          "z": 0.35981500148773193
        },
        "tail": {
          "x": 0.46704843640327454,
          "y": -0.07563041150569916,
          "z": 0.12469996511936188
        }
      },
      "world_space": {
        "head": {
          "x": 0.35096266865730286,
          "y": 0.04067164286971092,
          "z": 1.309669017791748
        },
        "tail": {
          "x": 0.46704843640327454,
          "y": -0.012386411428451538,
          "z": 1.0745539665222168
        },
        "rotation_quaternion": {
          "w": 0.0865069031715393,
          "x": 0.24464190006256104,
          "y": 0.6271781325340271,
          "z": -0.7343804240226746
        },
        "matrix": [
          [
            -0.8653343319892883,
            0.4339258074760437,
            -0.2508081793785095,
            0.35096266865730286
          ],
          [
            0.17980757355690002,
            -0.19832971692085266,
            -0.9635013937950134,
            0.04067164286971092
          ],
          [
            -0.46783387660980225,
            -0.8788542747497559,
            0.0935981422662735,
            1.309669017791748
          ],
          [
            0.0,
            0.0,
            0.0,
            1.0
          ]
        ]
      },
      "bone_length_armature_space": 0.26752596541696094,
      "parent": "upperarm_l",
      "has_children": true,
      "is_end_bone": false
    },
    "metacarpal_thumb_l": {
      "name": "metacarpal_thumb_l",
      "local": {
        "location": {
          "x": 0.0,
          "y": 0.0,
          "z": 0.0
        },
        "rotation_quaternion": {
          "w": 0.9998423457145691,
          "x": -0.006186859216541052,
          "y": -0.015830762684345245,
          "z": -0.0051478915847837925
        },
        "scale": {
          "x": 1.0,
          "y": 1.0,
          "z": 1.0
        },
        "matrix_basis": [
          [
            0.9994457960128784,
            0.010490044951438904,
            -0.03159283474087715,
            0.0
          ],
          [
            -0.010098274797201157,
            0.9998704195022583,
            0.01253475807607174,
            0.0
          ],
          [
            0.03172023221850395,
            -0.012208777479827404,
            0.9994221925735474,
            0.0
          ],
          [
            0.0,
            0.0,
            0.0,
            1.0
          ]
        ],
        "rotation_mode": "QUATERNION"
      },
      "armature_space": {
        "head": {
          "x": 0.46704843640327454,
          "y": -0.07563041150569916,
          "z": 0.12469996511936188
        },
        "tail": {
          "x": 0.46962204575538635,
          "y": -0.1096138209104538,
          "z": 0.08875405788421631
        }
      },
      "world_space": {
        "head": {
          "x": 0.46704843640327454,
          "y": -0.012386411428451538,
          "z": 1.0745539665222168
        },
        "tail": {
          "x": 0.46962204575538635,
          "y": -0.04636982083320618,
          "z": 1.0386080741882324
        },
        "rotation_quaternion": {
          "w": 0.3135952055454254,
          "x": -0.7649697065353394,
          "y": -0.24212567508220673,
          "z": 0.5077937841415405
        },
        "matrix": [
          [
            0.3670419454574585,
            0.051956623792648315,
            -0.9287521243095398,
            0.46704843640327454
          ],
          [
            0.6889210939407349,
            -0.6860669255256653,
            0.23388062417507172,
            -0.012386411428451538
          ],
          [
            -0.6250383257865906,
            -0.7256863713264465,
            -0.28761109709739685,
            1.0745539665222168
          ],
          [
            0.0,
            0.0,
            0.0,
            1.0
          ]
        ]
      },
      "bone_length_armature_space": 0.049533865155276836,
      "parent": "lowerarm_l",
      "has_children": true,
      "is_end_bone": false
    },
    "thumb_01_l": {
      "name": "thumb_01_l",
      "local": {
        "location": {
          "x": 0.0,
          "y": 0.0,
          "z": 0.0
        },
        "rotation_quaternion": {
          "w": 0.9611592292785645,
          "x": 0.2756175994873047,
          "y": 0.014018729329109192,
          "z": 0.0033924132585525513
        },
        "scale": {
          "x": 1.0,
          "y": 1.0,
          "z": 1.0
        },
        "matrix_basis": [
          [
            0.9995839595794678,
            0.0012063183821737766,
            0.028818480670452118,
            0.0
          ],
          [
            0.014248915947973728,
            0.8480468392372131,
            -0.5297296643257141,
            0.0
          ],
          [
            -0.025078443810343742,
            0.5299199223518372,
            0.8476768136024475,
            0.0
          ],
          [
            0.0,
            0.0,
            0.0,
            1.0
          ]
        ],
        "rotation_mode": "QUATERNION"
      },
      "armature_space": {
        "head": {
          "x": 0.46962204575538635,
          "y": -0.1096138209104538,
          "z": 0.08875405788421631
        },
        "tail": {
          "x": 0.4546632766723633,
          "y": -0.10844681411981583,
          "z": 0.058200638741254807
        }
      },
      "world_space": {
        "head": {
          "x": 0.46962204575538635,
          "y": -0.04636982083320618,
          "z": 1.0386080741882324
        },
        "tail": {
          "x": 0.4546632766723633,
          "y": -0.04520281404256821,
          "z": 1.0080546140670776
        },
        "rotation_quaternion": {
          "w": 0.5894931554794312,
          "x": -0.6865968108177185,
          "y": 0.4118737578392029,
          "z": -0.10697109997272491
        },
        "matrix": [
          [
            0.6378321647644043,
            -0.43946486711502075,
            0.6324876546859741,
            0.46962204575538635
          ],
          [
            -0.6917020082473755,
            0.034284889698028564,
            0.7213688492774963,
            -0.04636982083320618
          ],
          [
            -0.3387039005756378,
            -0.8976114988327026,
            -0.28211233019828796,
            1.0386080741882324
          ],
          [
            0.0,
            0.0,
            0.0,
            1.0
          ]
        ]
      },
      "bone_length_armature_space": 0.03403877335830251,
      "parent": "metacarpal_thumb_l",
      "has_children": true,
      "is_end_bone": false
    },
    "thumb_02_l": {
      "name": "thumb_02_l",
      "local": {
        "location": {
          "x": 0.0,
          "y": 0.0,
          "z": 0.0
        },
        "rotation_quaternion": {
          "w": 0.8978650569915771,
          "x": 0.44012582302093506,
          "y": -0.0060800290666520596,
          "z": -0.009529457427561283
        },
        "scale": {
          "x": 1.0,
          "y": 1.0,
          "z": 1.0
        },
        "matrix_basis": [
          [
            0.9997444748878479,
            0.011760378256440163,
            -0.01930641196668148,
            0.0
          ],
          [
            -0.022464288398623466,
            0.6123968958854675,
            -0.7902312874794006,
            0.0
          ],
          [
            0.002529770601540804,
            0.7904630899429321,
            0.6125046014785767,
            0.0
          ],
          [
            0.0,
            0.0,
            0.0,
            1.0
          ]
        ],
        "rotation_mode": "QUATERNION"
      },
      "armature_space": {
        "head": {
          "x": 0.4546632468700409,
          "y": -0.10844682157039642,
          "z": 0.05820067971944809
        },
        "tail": {
          "x": 0.49468421936035156,
          "y": -0.1058780625462532,
          "z": 0.055986542254686356
        }
      },
      "world_space": {
        "head": {
          "x": 0.4546632468700409,
          "y": -0.045202821493148804,
          "z": 1.0080547332763672
        },
        "tail": {
          "x": 0.49468421936035156,
          "y": -0.042634062469005585,
          "z": 1.005840539932251
        },
        "rotation_quaternion": {
          "w": 0.7293668389320374,
          "x": -0.039123695343732834,
          "y": -0.0014236028073355556,
          "z": -0.683001697063446
        },
        "matrix": [
          [
            0.06701324135065079,
            0.9964289665222168,
            0.05136647820472717,
            0.4546632468700409
          ],
          [
            -0.9962063431739807,
            0.06395608931779861,
            0.05901564657688141,
            -0.045202821493148804
          ],
          [
            0.05551943928003311,
            -0.05512687563896179,
            0.9969416856765747,
            1.0080547332763672
          ],
          [
            0.0,
            0.0,
            0.0,
            1.0
          ]
        ]
      },
      "bone_length_armature_space": 0.040164401282044376,
      "parent": "thumb_01_l",
      "has_children": true,
      "is_end_bone": false
    },
    "thumb_03_l": {
      "name": "thumb_03_l",
      "local": {
        "location": {
          "x": 0.0,
          "y": 0.0,
          "z": 0.0
        },
        "rotation_quaternion": {
          "w": 0.9864212274551392,
          "x": 0.16411954164505005,
          "y": 0.0026337243616580963,
          "z": 0.005577445030212402
        },
        "scale": {
          "x": 1.0,
          "y": 1.0,
          "z": 1.0
        },
        "matrix_basis": [
          [
            0.9999238848686218,
            -0.010138928890228271,
            0.007026658859103918,
            0.0
          ],
          [
            0.01186791155487299,
            0.9460673332214355,
            -0.32375261187553406,
            0.0
          ],
          [
            -0.003365187905728817,
            0.3238113820552826,
            0.9461156725883484,
            0.0
          ],
          [
            0.0,
            0.0,
            0.0,
            1.0
          ]
        ],
        "rotation_mode": "QUATERNION"
      },
      "armature_space": {
        "head": {
          "x": 0.4946841895580292,
          "y": -0.10587812215089798,
          "z": 0.05598648265004158
        },
        "tail": {
          "x": 0.5207499265670776,
          "y": -0.10215254873037338,
          "z": 0.07127020508050919
        }
      },
      "world_space": {
        "head": {
          "x": 0.4946841895580292,
          "y": -0.04263412207365036,
          "z": 1.005840539932251
        },
        "tail": {
          "x": 0.5207499265670776,
          "y": -0.03890854865312576,
          "z": 1.021124243736267
        },
        "rotation_quaternion": {
          "w": 0.7480581402778625,
          "x": 0.30412131547927856,
          "y": -0.03993881866335869,
          "z": -0.5884931087493896
        },
        "matrix": [
          [
            0.30415967106819153,
            0.8561611771583557,
            -0.4177018404006958,
            0.4946841895580292
          ],
          [
            -0.9047480225563049,
            0.12237110733985901,
            -0.4079909324645996,
            -0.04263412207365036
          ],
          [
            -0.2981940507888794,
            0.5020127892494202,
            0.8118360042572021,
            1.005840539932251
          ],
          [
            0.0,
            0.0,
            0.0,
            1.0
          ]
        ]
      },
      "bone_length_armature_space": 0.030444945507191415,
      "parent": "thumb_02_l",
      "has_children": false,
      "is_end_bone": true
    },
    "metacarpal_index_l": {
      "name": "metacarpal_index_l",
      "local": {
        "location": {
          "x": 0.0,
          "y": 0.0,
          "z": 0.0
        },
        "rotation_quaternion": {
          "w": 0.9980964660644531,
          "x": -0.060780394822359085,
          "y": 0.01044677197933197,
          "z": 0.00043987855315208435
        },
        "scale": {
          "x": 1.0,
          "y": 1.0,
          "z": 1.0
        },
        "matrix_basis": [
          [
            0.9997813701629639,
            -0.0021480002906173468,
            0.02080029994249344,
            0.0
          ],
          [
            -0.0003918354050256312,
            0.9926111102104187,
            0.12133858352899551,
            0.0
          ],
          [
            -0.020907243713736534,
            -0.1213202029466629,
            0.9923931956291199,
            0.0
          ],
          [
            0.0,
            0.0,
            0.0,
            1.0
          ]
        ],
        "rotation_mode": "QUATERNION"
      },
      "armature_space": {
        "head": {
          "x": 0.46704843640327454,
          "y": -0.07563041150569916,
          "z": 0.12469996511936188
        },
        "tail": {
          "x": 0.514361560344696,
          "y": -0.1261405646800995,
          "z": 0.030150823295116425
        }
      },
      "world_space": {
        "head": {
          "x": 0.46704843640327454,
          "y": -0.012386411428451538,
          "z": 1.0745539665222168
        },
        "tail": {
          "x": 0.514361560344696,
          "y": -0.06289656460285187,
          "z": 0.9800048470497131
        },
        "rotation_quaternion": {
          "w": 0.177885964512825,
          "x": -0.6091707348823547,
          "y": -0.5028088092803955,
          "z": 0.58689945936203
        },
        "matrix": [
          [
            -0.1945362538099289,
            0.4037931561470032,
            -0.8939276337623596,
            0.46704843640327454
          ],
          [
            0.8213954567909241,
            -0.4310779571533203,
            -0.3734726309776306,
            -0.012386411428451538
          ],
          [
            -0.5361610651016235,
            -0.8069279193878174,
            -0.2478155791759491,
            1.0745539665222168
          ],
          [
            0.0,
            0.0,
            0.0,
            1.0
          ]
        ]
      },
      "bone_length_armature_space": 0.11717229684917065,
      "parent": "lowerarm_l",
      "has_children": true,
      "is_end_bone": false
    },
    "index_01_l": {
      "name": "index_01_l",
      "local": {
        "location": {
          "x": 0.0,
          "y": 0.0,
          "z": 0.0
        },
        "rotation_quaternion": {
          "w": 0.9531338214874268,
          "x": 0.3022720217704773,
          "y": 0.008344762027263641,
          "z": -0.00990228820592165
        },
        "scale": {
          "x": 1.0,
          "y": 1.0,
          "z": 1.0
        },
        "matrix_basis": [
          [
            0.9996646046638489,
            0.023921187967061996,
            0.009920980781316757,
            0.0
          ],
          [
            -0.013831635005772114,
            0.8170671463012695,
            -0.5763766169548035,
            0.0
          ],
          [
            -0.02189371921122074,
            0.5760461091995239,
            0.8171240091323853,
            0.0
          ],
          [
            0.0,
            0.0,
            0.0,
            1.0
          ]
        ],
        "rotation_mode": "QUATERNION"
      },
      "armature_space": {
        "head": {
          "x": 0.514361560344696,
          "y": -0.1261405646800995,
          "z": 0.030150823295116425
        },
        "tail": {
          "x": 0.5101771950721741,
          "y": -0.13328196108341217,
          "z": 0.002863990142941475
        }
      },
      "world_space": {
        "head": {
          "x": 0.514361560344696,
          "y": -0.06289656460285187,
          "z": 0.9800048470497131
        },
        "tail": {
          "x": 0.5101771950721741,
          "y": -0.07003796100616455,
          "z": 0.9527180194854736
        },
        "rotation_quaternion": {
          "w": 0.40650811791419983,
          "x": -0.4293687641620636,
          "y": -0.45774078369140625,
          "z": 0.6639781594276428
        },
        "matrix": [
          [
            -0.3007868826389313,
            -0.14674675464630127,
            -0.9423336386680603,
            0.514361560344696
          ],
          [
            0.9329046010971069,
            -0.25044912099838257,
            -0.25877559185028076,
            -0.06289656460285187
          ],
          [
            -0.19803260266780853,
            -0.956950306892395,
            0.21223366260528564,
            0.9800048470497131
          ],
          [
            0.0,
            0.0,
            0.0,
            1.0
          ]
        ]
      },
      "bone_length_armature_space": 0.02851455289615685,
      "parent": "metacarpal_index_l",
      "has_children": true,
      "is_end_bone": false
    },
    "index_02_l": {
      "name": "index_02_l",
      "local": {
        "location": {
          "x": 0.0,
          "y": 0.0,
          "z": 0.0
        },
        "rotation_quaternion": {
          "w": 0.9050402045249939,
          "x": 0.4252643883228302,
          "y": -0.006353313103318214,
          "z": -0.0034842584282159805
        },
        "scale": {
          "x": 1.0,
          "y": 1.0,
          "z": 1.0
        },
        "matrix_basis": [
          [
            0.9998949766159058,
            0.0009031122899614275,
            -0.014463469386100769,
            0.0
          ],
          [
            -0.011710463091731071,
            0.6382761001586914,
            -0.7697184681892395,
            0.0
          ],
          [
            0.008536545559763908,
            0.7698070406913757,
            0.6382196545600891,
            0.0
          ],
          [
            0.0,
            0.0,
            0.0,
            1.0
          ]
        ],
        "rotation_mode": "QUATERNION"
      },
      "armature_space": {
        "head": {
          "x": 0.5101768970489502,
          "y": -0.1332823634147644,
          "z": 0.0028637368232011795
        },
        "tail": {
          "x": 0.4898703098297119,
          "y": -0.14320772886276245,
          "z": -0.00926978886127472
        }
      },
      "world_space": {
        "head": {
          "x": 0.5101768970489502,
          "y": -0.07003836333751678,
          "z": 0.9527177810668945
        },
        "tail": {
          "x": 0.4898703098297119,
          "y": -0.07996372878551483,
          "z": 0.9405842423439026
        },
        "rotation_quaternion": {
          "w": 0.5287134051322937,
          "x": -0.19569075107574463,
          "y": -0.16434642672538757,
          "z": 0.8094180822372437
        },
        "matrix": [
          [
            -0.36433324217796326,
            -0.7915786504745483,
            -0.4905758798122406,
            0.5101768970489502
          ],
          [
            0.9202228784561157,
            -0.3869047164916992,
            -0.05911904573440552,
            -0.07003836333751678
          ],
          [
            -0.14300884306430817,
            -0.47298169136047363,
            0.8693966865539551,
            0.9527177810668945
          ],
          [
            0.0,
            0.0,
            0.0,
            1.0
          ]
        ]
      },
      "bone_length_armature_space": 0.025653319371287075,
      "parent": "index_01_l",
      "has_children": true,
      "is_end_bone": false
    },
    "index_03_l": {
      "name": "index_03_l",
      "local": {
        "location": {
          "x": 0.0,
          "y": 0.0,
          "z": 0.0
        },
        "rotation_quaternion": {
          "w": 0.9343327283859253,
          "x": 0.3563879132270813,
          "y": -0.0022866488434374332,
          "z": -0.002180911600589752
        },
        "scale": {
          "x": 1.0,
          "y": 1.0,
          "z": 1.0
        },
        "matrix_basis": [
          [
            0.9999800324440002,
            0.0024455261882394552,
            -0.0058274827897548676,
            0.0
          ],
          [
            -0.005705262068659067,
            0.7459657788276672,
            -0.6659598350524902,
            0.0
          ],
          [
            0.002718480536714196,
            0.6659797430038452,
            0.7459648251533508,
            0.0
          ],
          [
            0.0,
            0.0,
            0.0,
            1.0
          ]
        ],
        "rotation_mode": "QUATERNION"
      },
      "armature_space": {
        "head": {
          "x": 0.4898703992366791,
          "y": -0.14320774376392365,
          "z": -0.009269902482628822
        },
        "tail": {
          "x": 0.4625700116157532,
          "y": -0.14903005957603455,
          "z": -0.0006372882053256035
        }
      },
      "world_space": {
        "head": {
          "x": 0.4898703992366791,
          "y": -0.07996374368667603,
          "z": 0.940584123134613
        },
        "tail": {
          "x": 0.4625700116157532,
          "y": -0.08578605949878693,
          "z": 0.9492167234420776
        },
        "rotation_quaternion": {
          "w": 0.6097857356071472,
          "x": 0.027906721457839012,
          "y": 0.16890190541744232,
          "z": 0.7738571763038635
        },
        "matrix": [
          [
            -0.25476470589637756,
            -0.9343469142913818,
            0.24918043613433838,
            0.4898703992366791
          ],
          [
            0.953201413154602,
            -0.19926680624485016,
            0.2273768186569214,
            -0.07996374368667603
          ],
          [
            -0.16279563307762146,
            0.2954484522342682,
            0.9413934350013733,
            0.940584123134613
          ],
          [
            0.0,
            0.0,
            0.0,
            1.0
          ]
        ]
      },
      "bone_length_armature_space": 0.02921870190725952,
      "parent": "index_02_l",
      "has_children": false,
      "is_end_bone": true
    },
    "metacarpal_pinky_l": {
      "name": "metacarpal_pinky_l",
      "local": {
        "location": {
          "x": 0.0,
          "y": 0.0,
          "z": 0.0
        },
        "rotation_quaternion": {
          "w": 0.999944806098938,
          "x": -0.006165284663438797,
          "y": 0.008383842185139656,
          "z": -0.0014590509235858917
        },
        "scale": {
          "x": 1.0,
          "y": 1.0,
          "z": 1.0
        },
        "matrix_basis": [
          [
            0.9998551607131958,
            0.002814563224092126,
            0.016784749925136566,
            0.0
          ],
          [
            -0.003021318232640624,
            0.9999197125434875,
            0.012305423617362976,
            0.0
          ],
          [
            -0.016748767346143723,
            -0.012354353442788124,
            0.9997833967208862,
            0.0
          ],
          [
            0.0,
            0.0,
            0.0,
            1.0
          ]
        ],
        "rotation_mode": "QUATERNION"
      },
      "armature_space": {
        "head": {
          "x": 0.46704843640327454,
          "y": -0.07563041150569916,
          "z": 0.12469996511936188
        },
        "tail": {
          "x": 0.5164085626602173,
          "y": -0.0644412711262703,
          "z": 0.03369606286287308
        }
      },
      "world_space": {
        "head": {
          "x": 0.46704843640327454,
          "y": -0.012386411428451538,
          "z": 1.0745539665222168
        },
        "tail": {
          "x": 0.5164085626602173,
          "y": -0.0011972710490226746,
          "z": 0.9835500717163086
        },
        "rotation_quaternion": {
          "w": 0.5336370468139648,
          "x": -0.19913305342197418,
          "y": 0.5186108350753784,
          "z": -0.6376678943634033
        },
        "matrix": [
          [
            -0.35115155577659607,
            0.4740206301212311,
            0.8074631690979004,
            0.46704843640327454
          ],
          [
            -0.8871133327484131,
            0.10745275765657425,
            -0.44887009263038635,
            -0.012386411428451538
          ],
          [
            -0.299540638923645,
            -0.8739386796951294,
            0.38277995586395264,
            1.0745539665222168
          ],
          [
            0.0,
            0.0,
            0.0,
            1.0
          ]
        ]
      },
      "bone_length_armature_space": 0.10413130877069246,
      "parent": "lowerarm_l",
      "has_children": true,
      "is_end_bone": false
    },
    "pinky_01_l": {
      "name": "pinky_01_l",
      "local": {
        "location": {
          "x": 0.0,
          "y": 0.0,
          "z": 0.0
        },
        "rotation_quaternion": {
          "w": 0.9457904696464539,
          "x": 0.32420942187309265,
          "y": 0.0017014718614518642,
          "z": 0.019129373133182526
        },
        "scale": {
          "x": 1.0,
          "y": 1.0,
          "z": 1.0
        },
        "matrix_basis": [
          [
            0.9992623329162598,
            -0.035081490874290466,
            0.015622317790985107,
            0.0
          ],
          [
            0.03728802502155304,
            0.7890446186065674,
            -0.6132032871246338,
            0.0
          ],
          [
            0.009185374714434147,
            0.6133334636688232,
            0.7897707223892212,
            0.0
          ],
          [
            0.0,
            0.0,
            0.0,
            1.0
          ]
        ],
        "rotation_mode": "QUATERNION"
      },
      "armature_space": {
        "head": {
          "x": 0.5164085626602173,
