{
  "metadata": {
    "armature_name": "KIM_caucasian_male",
    "export_time": "2026-01-13T21:07:51.948742",
    "blender_version": "4.4.1",
    "bone_count": 56,
    "end_bone_count": 13,
    "spaces_included": [
      "LOCAL_CHANNELS",
      "ARMATURE_SPACE",
      "WORLD_SPACE"
    ],
    "note": "LOCAL matches Transform panel; replay pose via local.matrix_basis for best fidelity."
  },
  "bones": {
    "Root": {
      "name": "Root",
      "local": {
        "location": {
          "x": 0.0,
          "y": 0.0,
          "z": 0.0
        },
        "rotation_quaternion": {
          "w": 0.9996027946472168,
          "x": -0.017312506213784218,
          "y": -0.001038350397720933,
          "z": -0.0222141332924366
        },
        "scale": {
          "x": 1.0,
          "y": 1.0,
          "z": 1.0
        },
        "matrix_basis": [
          [
            0.9990109205245972,
            0.04444657266139984,
            -0.0013067112304270267,
            0.0
          ],
          [
            -0.04437466710805893,
            0.998413622379303,
            0.03465739265084267,
            0.0
          ],
          [
            0.0028450405225157738,
            -0.03456512838602066,
            0.999398410320282,
            0.0
          ],
          [
            0.0,
            0.0,
            0.0,
            1.0
          ]
        ],
        "rotation_mode": "QUATERNION"
      },
      "armature_space": {
        "head": {
          "x": 0.0,
          "y": 0.07072800397872925,
          "z": -0.009595036506652832
        },
        "tail": {
          "x": 0.003172412747517228,
          "y": 0.0004438534379005432,
          "z": 0.002429518848657608
        }
      },
      "world_space": {
        "head": {
          "x": 0.0,
          "y": 0.13397200405597687,
          "z": 0.9402589797973633
        },
        "tail": {
          "x": 0.003172412747517228,
          "y": 0.06368785351514816,
          "z": 0.9522835612297058
        },
        "rotation_quaternion": {
          "w": 0.08461408317089081,
          "x": 0.9961656332015991,
          "y": 0.022093717008829117,
          "z": -0.00253251357935369
        },
        "matrix": [
          [
            0.9990109205245972,
            0.04444657266139984,
            -0.0013067112304270267,
            0.0
          ],
          [
            0.043589428067207336,
            -0.9847046136856079,
            -0.16869163513183594,
            0.13397200405597687
          ],
          [
            -0.008784509263932705,
            0.16846807301044464,
            -0.9856750965118408,
            0.9402589797973633
          ],
          [
            0.0,
            0.0,
            0.0,
            1.0
          ]
        ]
      },
      "bone_length_armature_space": 0.07137587634217081,
      "parent": null,
      "has_children": true,
      "is_end_bone": false
    },
    "spine_01": {
      "name": "spine_01",
      "local": {
        "location": {
          "x": 0.0,
          "y": 0.0,
          "z": 0.0
        },
        "rotation_quaternion": {
          "w": 0.9963486194610596,
          "x": 0.070936419069767,
          "y": -0.0414266511797905,
          "z": 0.023267511278390884
        },
        "scale": {
          "x": 1.0,
          "y": 1.0,
          "z": 1.0
        },
        "matrix_basis": [
          [
            0.9954848885536194,
            -0.05224242061376572,
            -0.07924974709749222,
            0.0
          ],
          [
            0.04048778861761093,
            0.9888532757759094,
            -0.14328259229660034,
            0.0
          ],
          [
            0.08585180342197418,
            0.13942702114582062,
            0.9865037202835083,
            0.0
          ],
          [
            0.0,
            0.0,
            0.0,
            1.0
          ]
        ],
        "rotation_mode": "QUATERNION"
      },
      "armature_space": {
        "head": {
          "x": 0.003172412747517228,
          "y": 0.0004438534379005432,
          "z": 0.002429518848657608
        },
        "tail": {
          "x": -0.016777213662862778,
          "y": -0.029129834845662117,
          "z": 0.4891285002231598
        }
      },
      "world_space": {
        "head": {
          "x": 0.003172412747517228,
          "y": 0.06368785351514816,
          "z": 0.9522835612297058
        },
        "tail": {
          "x": -0.016777213662862778,
          "y": 0.03411416709423065,
          "z": 1.4389824867248535
        },
        "rotation_quaternion": {
          "w": 0.6847997903823853,
          "x": 0.728217363357544,
          "y": -0.027353107929229736,
          "z": 0.000760979310143739
        },
        "matrix": [
          [
            0.9985024333000183,
            -0.04088027775287628,
            -0.03635476157069206,
            0.003172412747517228
          ],
          [
            -0.038796037435531616,
            -0.06060166656970978,
            -0.997407853603363,
            0.06368785351514816
          ],
          [
            0.03857139125466347,
            0.9973315000534058,
            -0.06209825724363327,
            0.9522835612297058
          ],
          [
            0.0,
            0.0,
            0.0,
            1.0
          ]
        ]
      },
      "bone_length_armature_space": 0.48800460777931426,
      "parent": "Root",
      "has_children": true,
      "is_end_bone": false
    },
    "neck_01": {
      "name": "neck_01",
      "local": {
        "location": {
          "x": 0.0,
          "y": 0.0,
          "z": 0.0
        },
        "rotation_quaternion": {
          "w": 0.9917014837265015,
          "x": -0.09538377076387405,
          "y": 0.04953080043196678,
          "z": -0.07054733484983444
        },
        "scale": {
          "x": 1.0,
          "y": 1.0,
          "z": 1.0
        },
        "matrix_basis": [
          [
            0.9851395487785339,
            0.13047492504119873,
            0.11169768124818802,
            0.0
          ],
          [
            -0.1493726670742035,
            0.9718500375747681,
            0.18219591677188873,
            0.0
          ],
          [
            -0.08478139340877533,
            -0.19617298245429993,
            0.9768972992897034,
            0.0
          ],
          [
            0.0,
            0.0,
            0.0,
            1.0
          ]
        ],
        "rotation_mode": "QUATERNION"
      },
      "armature_space": {
        "head": {
          "x": -0.021031202748417854,
          "y": -0.06815753877162933,
          "z": 0.5599979758262634
        },
        "tail": {
          "x": -0.012420035898685455,
          "y": -0.09394487738609314,
          "z": 0.6588494777679443
        }
      },
      "world_space": {
        "head": {
          "x": -0.021031202748417854,
          "y": -0.004913538694381714,
          "z": 1.5098519325256348
        },
        "tail": {
          "x": -0.012420035898685455,
          "y": -0.03070087730884552,
          "z": 1.6087034940719604
        },
        "rotation_quaternion": {
          "w": 0.6089320182800293,
          "x": 0.7910211682319641,
          "y": 0.05861607566475868,
          "z": 0.007175937760621309
        },
        "matrix": [
          [
            0.9930253028869629,
            0.08399389684200287,
            0.08273947238922119,
            -0.021031202748417854
          ],
          [
            0.10147286206483841,
            -0.2515314221382141,
            -0.9625152349472046,
            -0.004913538694381714
          ],
          [
            -0.06003412976861,
            0.9642041921615601,
            -0.25830283761024475,
            1.5098519325256348
          ],
          [
            0.0,
            0.0,
            0.0,
            1.0
          ]
        ]
      },
      "bone_length_armature_space": 0.10252198803749193,
      "parent": "spine_01",
      "has_children": true,
      "is_end_bone": false
    },
    "head": {
      "name": "head",
      "local": {
        "location": {
          "x": 0.0,
          "y": 0.0,
          "z": 0.0
        },
        "rotation_quaternion": {
          "w": 0.9899064898490906,
          "x": -0.020123526453971863,
          "y": 0.043844904750585556,
          "z": -0.13325923681259155
        },
        "scale": {
          "x": 1.0,
          "y": 1.0,
          "z": 1.0
        },
        "matrix_basis": [
          [
            0.9606391787528992,
            0.26206374168395996,
            0.09216800332069397,
            0.0
          ],
          [
            -0.2655929923057556,
            0.9636740684509277,
            0.028155341744422913,
            0.0
          ],
          [
            -0.08144141733646393,
            -0.05152629688382149,
            0.9953453540802002,
            0.0
          ],
          [
            0.0,
            0.0,
            0.0,
            1.0
          ]
        ],
        "rotation_mode": "QUATERNION"
      },
      "armature_space": {
        "head": {
          "x": -0.012420029379427433,
          "y": -0.09394501149654388,
          "z": 0.6588493585586548
        },
        "tail": {
          "x": 0.03425966203212738,
          "y": -0.06509526073932648,
          "z": 0.8039079308509827
        }
      },
      "world_space": {
        "head": {
          "x": -0.012420029379427433,
          "y": -0.030701011419296265,
          "z": 1.608703374862671
        },
        "tail": {
          "x": 0.03425966203212738,
          "y": -0.0018512606620788574,
          "z": 1.7537620067596436
        },
        "rotation_quaternion": {
          "w": 0.7498313784599304,
          "x": 0.635837733745575,
          "y": 0.17539076507091522,
          "z": -0.051974374800920486
        },
        "matrix": [
          [
            0.9330739378929138,
            0.30098411440849304,
            0.1969309151172638,
            -0.012420029379427433
          ],
          [
            0.1450941562652588,
            0.1860191375017166,
            -0.971774160861969,
            -0.030701011419296265
          ],
          [
            -0.3291236162185669,
            0.9353172779083252,
            0.1298985779285431,
            1.608703374862671
          ],
          [
            0.0,
            0.0,
            0.0,
            1.0
          ]
        ]
      },
      "bone_length_armature_space": 0.15509123447250237,
      "parent": "neck_01",
      "has_children": false,
      "is_end_bone": true
    },
    "upperarm_l": {
      "name": "upperarm_l",
      "local": {
        "location": {
          "x": 0.0,
          "y": 0.0,
          "z": 0.0
        },
        "rotation_quaternion": {
          "w": 0.9764959812164307,
          "x": 0.1382354199886322,
          "y": 0.10998829454183578,
          "z": 0.12348781526088715
        },
        "scale": {
          "x": 1.0,
          "y": 1.0,
          "z": 1.0
        },
        "matrix_basis": [
          [
            0.945306658744812,
            -0.210762158036232,
            0.24894703924655914,
            0.0
          ],
          [
            0.2715792655944824,
            0.9312834739685059,
            -0.2428082376718521,
            0.0
          ],
          [
            -0.18066547811031342,
            0.2971370816230774,
            0.9375870823860168,
            0.0
          ],
          [
            0.0,
            0.0,
            0.0,
            1.0
          ]
        ],
        "rotation_mode": "QUATERNION"
      },
      "armature_space": {
        "head": {
          "x": 0.13137570023536682,
          "y": -0.07308490574359894,
          "z": 0.4985572397708893
        },
        "tail": {
          "x": 0.3800767958164215,
          "y": -0.15683266520500183,
          "z": 0.5527949333190918
        }
      },
      "world_space": {
        "head": {
          "x": 0.13137570023536682,
          "y": -0.009840905666351318,
          "z": 1.448411226272583
        },
        "tail": {
          "x": 0.3800767958164215,
          "y": -0.09358866512775421,
          "z": 1.502648949623108
        },
        "rotation_quaternion": {
          "w": 0.40115147829055786,
          "x": 0.6953251361846924,
          "y": 0.4275667369365692,
          "z": -0.41567695140838623
        },
        "matrix": [
          [
            0.2887980043888092,
            0.9280950427055359,
            -0.23502209782600403,
            0.13137570023536682
          ],
          [
            0.26109766960144043,
            -0.3125273287296295,
            -0.9133208394050598,
            -0.009840905666351318
          ],
          [
            -0.9211055040359497,
            0.20240257680416107,
            -0.33258384466171265,
            1.448411226272583
          ],
          [
            0.0,
            0.0,
            0.0,
            1.0
          ]
        ]
      },
      "bone_length_armature_space": 0.2679694948137403,
      "parent": "spine_01",
      "has_children": true,
      "is_end_bone": false
    },
    "lowerarm_l": {
      "name": "lowerarm_l",
      "local": {
        "location": {
          "x": 0.0,
          "y": 0.0,
          "z": 0.0
        },
        "rotation_quaternion": {
          "w": 0.9765044450759888,
          "x": 0.07675538957118988,
          "y": -0.03933301195502281,
          "z": -0.19748614728450775
        },
        "scale": {
          "x": 1.0,
          "y": 1.0,
          "z": 1.0
        },
        "matrix_basis": [
          [
            0.9189042448997498,
            0.3796541690826416,
            -0.10713397711515427,
            0.0
          ],
          [
            -0.39173024892807007,
            0.9102156758308411,
            -0.13436850905418396,
            0.0
          ],
          [
            0.04650146886706352,
            0.1654394119977951,
            0.9851230382919312,
            0.0
          ],
          [
            0.0,
            0.0,
            0.0,
            1.0
          ]
        ],
        "rotation_mode": "QUATERNION"
      },
      "armature_space": {
        "head": {
          "x": 0.3800768256187439,
          "y": -0.15683278441429138,
          "z": 0.5527950525283813
        },
        "tail": {
          "x": 0.6059483289718628,
          "y": -0.2908855378627777,
          "z": 0.5019884705543518
        }
      },
      "world_space": {
        "head": {
          "x": 0.3800768256187439,
          "y": -0.09358878433704376,
          "z": 1.5026490688323975
        },
        "tail": {
          "x": 0.6059483289718628,
          "y": -0.2276415377855301,
          "z": 1.4518425464630127
        },
        "rotation_quaternion": {
          "w": 0.25714540481567383,
          "x": 0.6267080307006836,
          "y": 0.4281731843948364,
          "z": -0.598147988319397
        },
        "matrix": [
          [
            -0.08222781121730804,
            0.8443022966384888,
            -0.5295207500457764,
            0.3800768256187439
          ],
          [
            0.22905641794204712,
            -0.5010859370231628,
            -0.8345336318016052,
            -0.09358878433704376
          ],
          [
            -0.9699405431747437,
            -0.18991383910179138,
            -0.15219148993492126,
            1.5026490688323975
          ],
          [
            0.0,
            0.0,
            0.0,
            1.0
          ]
        ]
      },
      "bone_length_armature_space": 0.2675245524642122,
      "parent": "upperarm_l",
      "has_children": true,
      "is_end_bone": false
    },
    "metacarpal_thumb_l": {
      "name": "metacarpal_thumb_l",
      "local": {
        "location": {
          "x": 0.0,
          "y": 0.0,
          "z": 0.0
        },
        "rotation_quaternion": {
          "w": 0.9996879696846008,
          "x": -0.010743754915893078,
          "y": 0.02019648626446724,
          "z": 0.010032670572400093
        },
        "scale": {
          "x": 1.0,
          "y": 1.0,
          "z": 1.0
        },
        "matrix_basis": [
          [
            0.9989829063415527,
            -0.020493052899837494,
            0.04016479104757309,
            0.0
          ],
          [
            0.019625108689069748,
            0.9995678067207336,
            0.021886054426431656,
            0.0
          ],
          [
            -0.040595944970846176,
            -0.021075556054711342,
            0.9989533424377441,
            0.0
          ],
          [
            0.0,
            0.0,
            0.0,
            1.0
          ]
        ],
        "rotation_mode": "QUATERNION"
      },
      "armature_space": {
        "head": {
          "x": 0.6059483289718628,
          "y": -0.2908855378627777,
          "z": 0.5019884705543518
        },
        "tail": {
          "x": 0.6220230460166931,
          "y": -0.33344265818595886,
          "z": 0.4823903739452362
        }
      },
      "world_space": {
        "head": {
          "x": 0.6059483289718628,
          "y": -0.2276415377855301,
          "z": 1.4518425464630127
        },
        "tail": {
          "x": 0.6220230460166931,
          "y": -0.27019864320755005,
          "z": 1.4322444200515747
        },
        "rotation_quaternion": {
          "w": 0.1960868537425995,
          "x": -0.9628233313560486,
          "y": -0.17880778014659882,
          "z": 0.05048679560422897
        },
        "matrix": [
          [
            0.9309576153755188,
            0.3245210647583008,
            -0.1673438996076584,
            0.6059483289718628
          ],
          [
            0.36412063241004944,
            -0.8591556549072266,
            0.3595385253429413,
            -0.2276415377855301
          ],
          [
            -0.027096491307020187,
            -0.39565202593803406,
            -0.9180083274841309,
            1.4518425464630127
          ],
          [
            0.0,
            0.0,
            0.0,
            1.0
          ]
        ]
      },
      "bone_length_armature_space": 0.04953372956777935,
      "parent": "lowerarm_l",
      "has_children": true,
      "is_end_bone": false
    },
    "thumb_01_l": {
      "name": "thumb_01_l",
      "local": {
        "location": {
          "x": 0.0,
          "y": 0.0,
          "z": 0.0
        },
        "rotation_quaternion": {
          "w": 0.9990783929824829,
          "x": -0.04031610116362572,
          "y": -0.01187635213136673,
          "z": 0.008725466206669807
        },
        "scale": {
          "x": 1.0,
          "y": 1.0,
          "z": 1.0
        },
        "matrix_basis": [
          [
            0.9995656609535217,
            -0.016477232798933983,
            -0.024434367194771767,
            0.0
          ],
          [
            0.018392466008663177,
            0.9965969324111938,
            0.08035063743591309,
            0.0
          ],
          [
            0.02302725985646248,
            -0.08076514303684235,
            0.996467113494873,
            0.0
          ],
          [
            0.0,
            0.0,
            0.0,
            1.0
          ]
        ],
        "rotation_mode": "QUATERNION"
      },
      "armature_space": {
        "head": {
          "x": 0.6220230460166931,
          "y": -0.33344265818595886,
          "z": 0.4823903739452362
        },
        "tail": {
          "x": 0.6184878945350647,
          "y": -0.3455239534378052,
          "z": 0.4507646858692169
        }
      },
      "world_space": {
        "head": {
          "x": 0.6220230460166931,
          "y": -0.27019864320755005,
          "z": 1.4322444200515747
        },
        "tail": {
          "x": 0.6184878945350647,
          "y": -0.28227996826171875,
          "z": 1.4006186723709106
        },
        "rotation_quaternion": {
          "w": 0.4451945722103119,
          "x": -0.6979919672012329,
          "y": 0.35261473059654236,
          "z": -0.4362017810344696
        },
        "matrix": [
          [
            0.37078195810317993,
            -0.10385648906230927,
            0.9228947758674622,
            0.6220230460166931
          ],
          [
            -0.8806337118148804,
            -0.35492971539497375,
            0.3138619661331177,
            -0.27019864320755005
          ],
          [
            0.29496729373931885,
            -0.9291133880615234,
            -0.22306236624717712,
            1.4322444200515747
          ],
          [
            0.0,
            0.0,
            0.0,
            1.0
          ]
        ]
      },
      "bone_length_armature_space": 0.03403878794373744,
      "parent": "metacarpal_thumb_l",
      "has_children": true,
      "is_end_bone": false
    },
    "thumb_02_l": {
      "name": "thumb_02_l",
      "local": {
        "location": {
          "x": 0.0,
          "y": 0.0,
          "z": 0.0
        },
        "rotation_quaternion": {
          "w": 0.9968132376670837,
          "x": 0.07964982092380524,
          "y": -0.002429492771625519,
          "z": 0.0036669340915977955
        },
        "scale": {
          "x": 1.0,
          "y": 1.0,
          "z": 1.0
        },
        "matrix_basis": [
          [
            0.9999613165855408,
            -0.0076975142583251,
            -0.004259360022842884,
            0.0
          ],
          [
            0.0069234794937074184,
            0.9872848987579346,
            -0.1588098108768463,
            0.0
          ],
          [
            0.00542764225974679,
            0.15877416729927063,
            0.9872999787330627,
            0.0
          ],
          [
            0.0,
            0.0,
            0.0,
            1.0
          ]
        ],
        "rotation_mode": "QUATERNION"
      },
      "armature_space": {
        "head": {
          "x": 0.6184878349304199,
          "y": -0.3455239236354828,
          "z": 0.4507646858692169
        },
        "tail": {
          "x": 0.6515744924545288,
          "y": -0.3654194474220276,
          "z": 0.4396911859512329
        }
      },
      "world_space": {
        "head": {
          "x": 0.6184878349304199,
          "y": -0.282279908657074,
          "z": 1.4006186723709106
        },
        "tail": {
          "x": 0.6515744924545288,
          "y": -0.30217546224594116,
          "z": 1.389545202255249
        },
        "rotation_quaternion": {
          "w": 0.502308189868927,
          "x": -0.2795330286026001,
          "y": -0.0031288147438317537,
          "z": -0.8182530403137207
        },
        "matrix": [
          [
            -0.3390946090221405,
            0.8237806558609009,
            0.45431315898895264,
            0.6184878349304199
          ],
          [
            -0.8202810287475586,
            -0.4953523874282837,
            0.2859461009502411,
            -0.282279908657074
          ],
          [
            0.46060439944267273,
            -0.27570414543151855,
            0.8437090516090393,
            1.4006186723709106
          ],
          [
            0.0,
            0.0,
            0.0,
            1.0
          ]
        ]
      },
      "bone_length_armature_space": 0.04016442723806343,
      "parent": "thumb_01_l",
      "has_children": true,
      "is_end_bone": false
    },
    "thumb_03_l": {
      "name": "thumb_03_l",
      "local": {
        "location": {
          "x": 0.0,
          "y": 0.0,
          "z": 0.0
        },
        "rotation_quaternion": {
          "w": 0.9988605380058289,
          "x": 0.04608197510242462,
          "y": 0.00961649976670742,
          "z": 0.007845055311918259
        },
        "scale": {
          "x": 1.0,
          "y": 1.0,
          "z": 1.0
        },
        "matrix_basis": [
          [
            0.9996919631958008,
            -0.01478593796491623,
            0.019934115931391716,
            0.0
          ],
          [
            0.01655852608382702,
            0.9956297874450684,
            -0.0919080525636673,
            0.0
          ],
          [
            -0.018488053232431412,
            0.0922098159790039,
            0.9955679774284363,
            0.0
          ],
          [
            0.0,
            0.0,
            0.0,
            1.0
          ]
        ],
        "rotation_mode": "QUATERNION"
      },
      "armature_space": {
        "head": {
          "x": 0.651574432849884,
          "y": -0.36541950702667236,
          "z": 0.4396911859512329
        },
        "tail": {
          "x": 0.681111216545105,
          "y": -0.37278273701667786,
          "z": 0.43918734788894653
        }
      },
      "world_space": {
        "head": {
          "x": 0.651574432849884,
          "y": -0.30217552185058594,
          "z": 1.389545202255249
        },
        "tail": {
          "x": 0.681111216545105,
          "y": -0.30953872203826904,
          "z": 1.3890414237976074
        },
        "rotation_quaternion": {
          "w": 0.6156391501426697,
          "x": -0.023449160158634186,
          "y": -0.007822860963642597,
          "z": -0.787640392780304
        },
        "matrix": [
          [
            -0.24087733030319214,
            0.9701714515686035,
            0.02730701118707657,
            0.651574432849884
          ],
          [
            -0.9694376587867737,
            -0.2418544739484787,
            0.041196323931217194,
            -0.30217552185058594
          ],
          [
            0.04657120257616043,
            -0.016549624502658844,
            0.9987850785255432,
            1.389545202255249
          ],
          [
            0.0,
            0.0,
            0.0,
            1.0
          ]
        ]
      },
      "bone_length_armature_space": 0.0304449110645168,
      "parent": "thumb_02_l",
      "has_children": false,
      "is_end_bone": true
    },
    "metacarpal_index_l": {
      "name": "metacarpal_index_l",
      "local": {
        "location": {
          "x": 0.0,
          "y": 0.0,
          "z": 0.0
        },
        "rotation_quaternion": {
          "w": 0.997952938079834,
          "x": -0.06383181363344193,
          "y": 0.00027172607951797545,
          "z": -0.003943022806197405
        },
        "scale": {
          "x": 1.0,
          "y": 1.0,
          "z": 1.0
        },
        "matrix_basis": [
          [
            0.9999687671661377,
            0.007835213094949722,
            0.0010457203024998307,
            0.0
          ],
          [
            -0.007904591970145702,
            0.9918199181556702,
            0.12740014493465424,
            0.0
          ],
          [
            -3.89590859413147e-05,
            -0.12740443646907806,
            0.9918508529663086,
            0.0
          ],
          [
            0.0,
            0.0,
            0.0,
            1.0
          ]
        ],
        "rotation_mode": "QUATERNION"
      },
      "armature_space": {
        "head": {
          "x": 0.6059483289718628,
          "y": -0.2908855378627777,
          "z": 0.5019884705543518
        },
        "tail": {
          "x": 0.6885419487953186,
          "y": -0.37151098251342773,
          "z": 0.4818127155303955
        }
      },
      "world_space": {
        "head": {
          "x": 0.6059483289718628,
          "y": -0.2276415377855301,
          "z": 1.4518425464630127
        },
        "tail": {
          "x": 0.6885419487953186,
          "y": -0.3082669973373413,
          "z": 1.4316667318344116
        },
        "rotation_quaternion": {
          "w": 0.021899892017245293,
          "x": 0.8790158629417419,
          "y": 0.3942994177341461,
          "z": -0.2671695649623871
        },
        "matrix": [
          [
            0.5462961196899414,
            0.7048937082290649,
            -0.4524216651916504,
            0.6059483289718628
          ],
          [
            0.6814889311790466,
            -0.6880962252616882,
            -0.24919220805168152,
            -0.2276415377855301
          ],
          [
            -0.48696640133857727,
            -0.17218953371047974,
            -0.8562877178192139,
            1.4518425464630127
          ],
          [
            0.0,
            0.0,
            0.0,
            1.0
          ]
        ]
      },
      "bone_length_armature_space": 0.11717179523477034,
      "parent": "lowerarm_l",
      "has_children": true,
      "is_end_bone": false
    },
    "index_01_l": {
      "name": "index_01_l",
      "local": {
        "location": {
          "x": 0.0,
          "y": 0.0,
          "z": 0.0
        },
        "rotation_quaternion": {
          "w": 0.9943540096282959,
          "x": -0.10356147587299347,
          "y": 0.022457601502537727,
          "z": 0.00555704440921545
        },
        "scale": {
          "x": 1.0,
          "y": 1.0,
          "z": 1.0
        },
        "matrix_basis": [
          [
            0.9989295601844788,
            -0.01570282317698002,
            0.043510619550943375,
            0.0
          ],
          [
            0.006399854086339474,
            0.9784882664680481,
            0.2062031328678131,
            0.0
          ],
          [
            -0.04581260308623314,
            -0.2057039439678192,
            0.9775413274765015,
            0.0
          ],
          [
            0.0,
            0.0,
            0.0,
            1.0
          ]
        ],
        "rotation_mode": "QUATERNION"
      },
      "armature_space": {
        "head": {
          "x": 0.6885419487953186,
          "y": -0.37151098251342773,
          "z": 0.4818127155303955
        },
        "tail": {
          "x": 0.7155736684799194,
          "y": -0.38057076930999756,
          "z": 0.4812876880168915
        }
      },
      "world_space": {
        "head": {
          "x": 0.6885419487953186,
          "y": -0.3082669973373413,
          "z": 1.4316667318344116
        },
        "tail": {
          "x": 0.7155736684799194,
          "y": -0.31732678413391113,
          "z": 1.43114173412323
        },
        "rotation_quaternion": {
          "w": 0.09566512703895569,
          "x": 0.7980093359947205,
          "y": 0.5761809945106506,
          "z": -0.1484750658273697
        },
        "matrix": [
          [
            0.29194098711013794,
            0.9480035305023193,
            -0.12672683596611023,
            0.6885419487953186
          ],
          [
            0.8911877870559692,
            -0.3177267014980316,
            -0.32378149032592773,
            -0.3082669973373413
          ],
          [
            -0.3472120463848114,
            -0.018412858247756958,
            -0.9376133680343628,
            1.4316667318344116
          ],
          [
            0.0,
            0.0,
            0.0,
            1.0
          ]
        ]
      },
      "bone_length_armature_space": 0.028514369664617515,
      "parent": "metacarpal_index_l",
      "has_children": true,
      "is_end_bone": false
    },
    "index_02_l": {
      "name": "index_02_l",
      "local": {
        "location": {
          "x": 0.0,
          "y": 0.0,
          "z": 0.0
        },
        "rotation_quaternion": {
          "w": 0.9990186095237732,
          "x": 0.04245075583457947,
          "y": -0.007531238254159689,
          "z": -0.010158012621104717
        },
        "scale": {
          "x": 1.0,
          "y": 1.0,
          "z": 1.0
        },
        "matrix_basis": [
          [
            0.9996801614761353,
            0.019656673073768616,
            -0.01591012440621853,
            0.0
          ],
          [
            -0.020935500040650368,
            0.9961894750595093,
            -0.08466518670320511,
            0.0
          ],
          [
            0.014185263775289059,
            0.08497119694948196,
            0.9962823987007141,
            0.0
          ],
          [
            0.0,
            0.0,
            0.0,
            1.0
          ]
        ],
        "rotation_mode": "QUATERNION"
      },
      "armature_space": {
        "head": {
          "x": 0.7155739068984985,
          "y": -0.380571186542511,
          "z": 0.4812874495983124
        },
        "tail": {
          "x": 0.7400059700012207,
          "y": -0.38810089230537415,
          "z": 0.47917357087135315
        }
      },
      "world_space": {
        "head": {
          "x": 0.7155739068984985,
          "y": -0.31732720136642456,
          "z": 1.4311414957046509
        },
        "tail": {
          "x": 0.7400059700012207,
          "y": -0.32485687732696533,
          "z": 1.4290275573730469
        },
        "rotation_quaternion": {
          "w": 0.09582357108592987,
          "x": 0.7795616388320923,
          "y": 0.5865646004676819,
          "z": -0.197594553232193
        },
        "matrix": [
          [
            0.2337963879108429,
            0.9523951411247253,
            -0.19565913081169128,
            0.7155739068984985
          ],
          [
            0.8766577839851379,
            -0.2935187816619873,
            -0.3812061548233032,
            -0.31732720136642456
          ],
          [
            -0.42049065232276917,
            -0.08240245282649994,
            -0.9035549163818359,
            1.4311414957046509
          ],
          [
            0.0,
            0.0,
            0.0,
            1.0
          ]
        ]
      },
      "bone_length_armature_space": 0.025653278272021816,
      "parent": "index_01_l",
      "has_children": true,
      "is_end_bone": false
    },
    "index_03_l": {
      "name": "index_03_l",
      "local": {
        "location": {
          "x": 0.0,
          "y": 0.0,
          "z": 0.0
        },
        "rotation_quaternion": {
          "w": 0.9986200928688049,
          "x": 0.052452847361564636,
          "y": 0.0007006135419942439,
          "z": 0.002514842664822936
        },
        "scale": {
          "x": 1.0,
          "y": 1.0,
          "z": 1.0
        },
        "matrix_basis": [
          [
            0.9999863505363464,
            -0.004949246533215046,
            0.0016631148755550385,
            0.0
          ],
          [
            0.005096243228763342,
            0.9944847226142883,
            -0.1047574132680893,
            0.0
          ],
          [
            -0.0011354722082614899,
            0.10476446151733398,
            0.9944964051246643,
            0.0
          ],
          [
            0.0,
            0.0,
            0.0,
            1.0
          ]
        ],
        "rotation_mode": "QUATERNION"
      },
      "armature_space": {
        "head": {
          "x": 0.7400059103965759,
          "y": -0.38810086250305176,
          "z": 0.4791736900806427
        },
        "tail": {
          "x": 0.7667279243469238,
          "y": -0.3962533473968506,
          "z": 0.47061774134635925
        }
      },
      "world_space": {
        "head": {
          "x": 0.7400059103965759,
          "y": -0.32485687732696533,
          "z": 1.4290276765823364
        },
        "tail": {
          "x": 0.7667279243469238,
          "y": -0.33300936222076416,
          "z": 1.4204717874526978
        },
        "rotation_quaternion": {
          "w": 0.00963623821735382,
          "x": -0.7654218077659607,
          "y": -0.6003320217132568,
          "z": 0.23159882426261902
        },
        "matrix": [
          [
            0.17192570865154266,
            0.9145515561103821,
            -0.3661101758480072,
            0.7400059103965759
          ],
          [
            0.9234775900840759,
            -0.2790163457393646,
            -0.26332321763038635,
            -0.32485687732696533
          ],
          [
            -0.3429749310016632,
            -0.29282501339912415,
            -0.8925445079803467,
            1.4290276765823364
          ],
          [
            0.0,
            0.0,
            0.0,
            1.0
          ]
        ]
      },
      "bone_length_armature_space": 0.0292187149806565,
      "parent": "index_02_l",
      "has_children": false,
      "is_end_bone": true
    },
    "metacarpal_pinky_l": {
      "name": "metacarpal_pinky_l",
      "local": {
        "location": {
          "x": 0.0,
          "y": 0.0,
          "z": 0.0
        },
        "rotation_quaternion": {
          "w": 0.998393714427948,
          "x": -0.0563628114759922,
          "y": 0.005389697849750519,
          "z": -0.0021023412700742483
        },
        "scale": {
          "x": 1.0,
          "y": 1.0,
          "z": 1.0
        },
        "matrix_basis": [
          [
            0.9999330639839172,
            0.003590371459722519,
            0.01099906861782074,
            0.0
          ],
          [
            -0.0048054857179522514,
            0.9936376214027405,
            0.11252189427614212,
            0.0
          ],
          [
            -0.010525093413889408,
            -0.11256721615791321,
            0.993588387966156,
            0.0
          ],
          [
            0.0,
            0.0,
            0.0,
            1.0
          ]
        ],
        "rotation_mode": "QUATERNION"
      },
      "armature_space": {
        "head": {
          "x": 0.6059483289718628,
          "y": -0.2908855378627777,
          "z": 0.5019884705543518
        },
        "tail": {
          "x": 0.7054688334465027,
          "y": -0.3086714446544647,
          "z": 0.4770374000072479
        }
      },
      "world_space": {
        "head": {
          "x": 0.6059483289718628,
          "y": -0.2276415377855301,
          "z": 1.4518425464630127
        },
        "tail": {
          "x": 0.7054688334465027,
          "y": -0.2454274445772171,
          "z": 1.4268914461135864
        },
        "rotation_quaternion": {
          "w": 0.5947238206863403,
          "x": 0.11258354038000107,
          "y": 0.2467811554670334,
          "z": -0.7567876577377319
        },
        "matrix": [
          [
            -0.26725611090660095,
            0.9557262659072876,
            0.12313202023506165,
            0.6059483289718628
          ],
          [
            -0.8445936441421509,
            -0.17080360651016235,
            -0.5074329972267151,
            -0.2276415377855301
          ],
          [
            -0.4639395475387573,
            -0.23961292207241058,
            0.8528540134429932,
            1.4518425464630127
          ],
          [
            0.0,
            0.0,
            0.0,
            1.0
          ]
        ]
      },
      "bone_length_armature_space": 0.10413080701211355,
      "parent": "lowerarm_l",
      "has_children": true,
      "is_end_bone": false
    },
    "pinky_01_l": {
      "name": "pinky_01_l",
      "local": {
        "location": {
          "x": 0.0,
          "y": 0.0,
          "z": 0.0
        },
        "rotation_quaternion": {
          "w": 0.962982177734375,
          "x": 0.26871007680892944,
          "y": 0.00938200019299984,
          "z": 0.01929275505244732
        },
        "scale": {
          "x": 1.0,
          "y": 1.0,
          "z": 1.0
        },
        "matrix_basis": [
          [
            0.9990795254707336,
            -0.03211508318781853,
            0.028437713161110878,
            0.0
          ],
          [
            0.042199235409498215,
            0.8548453450202942,
            -0.5171639919281006,
            0.0
          ],
          [
            -0.007701082620769739,
            0.5178880095481873,
            0.8554137349128723,
            0.0
          ],
          [
            0.0,
            0.0,
            0.0,
            1.0
          ]
        ],
        "rotation_mode": "QUATERNION"
      },
      "armature_space": {
        "head": {
          "x": 0.7054688334465027,
          "y": -0.3086714446544647,
          "z": 0.4770374000072479
        },
        "tail": {
