{
  "metadata": {
    "armature_name": "KIM_caucasian_male",
    "export_time": "2026-01-13T21:16:36.984849",
    "blender_version": "4.4.1",
    "bone_count": 56,
    "end_bone_count": 13,
    "spaces_included": [
      "LOCAL_CHANNELS",
      "ARMATURE_SPACE",
      "WORLD_SPACE"
    ],
    "note": "LOCAL matches Transform panel; replay pose via local.matrix_basis for best fidelity."
  },
  "bones": {
    "Root": {
      "name": "Root",
      "local": {
        "location": {
          "x": 0.0,
          "y": 0.0,
          "z": 0.0
        },
        "rotation_quaternion": {
          "w": 0.9997838735580444,
          "x": -0.0032111345790326595,
          "y": -0.018075495958328247,
          "z": -0.009756188839673996
        },
        "scale": {
          "x": 1.0,
          "y": 1.0,
          "z": 1.0
        },
        "matrix_basis": [
          [
            0.9991561770439148,
            0.019624246284365654,
            -0.03608052060008049,
            0.0
          ],
          [
            -0.019392075017094612,
            0.9997889995574951,
            0.006773577071726322,
            0.0
          ],
          [
            0.03620583564043045,
            -0.0060681854374706745,
            0.9993259310722351,
            0.0
          ],
          [
            0.0,
            0.0,
            0.0,
            1.0
          ]
        ],
        "rotation_mode": "QUATERNION"
      },
      "armature_space": {
        "head": {
          "x": 0.0,
          "y": 0.07072800397872925,
          "z": -0.009595036506652832
        },
        "tail": {
          "x": 0.0014006976271048188,
          "y": 7.314980030059814e-05,
          "z": 0.0004271687939763069
        }
      },
      "world_space": {
        "head": {
          "x": 0.0,
          "y": 0.13397200405597687,
          "z": 0.9402589797973633
        },
        "tail": {
          "x": 0.0014006976271048188,
          "y": 0.06331714987754822,
          "z": 0.9502812027931213
        },
        "rotation_quaternion": {
          "w": 0.07055693864822388,
          "x": 0.9972962737083435,
          "y": 0.00851631723344326,
          "z": -0.018691686913371086
        },
        "matrix": [
          [
            0.9991561770439148,
            0.019624246284365654,
            -0.03608052060008049,
            0.0
          ],
          [
            0.01434891764074564,
            -0.9898983240127563,
            -0.14105117321014404,
            0.13397200405597687
          ],
          [
            -0.038484327495098114,
            0.14041447639465332,
            -0.9893516898155212,
            0.9402589797973633
          ],
          [
            0.0,
            0.0,
            0.0,
            1.0
          ]
        ]
      },
      "bone_length_armature_space": 0.07137587044884468,
      "parent": null,
      "has_children": true,
      "is_end_bone": false
    },
    "spine_01": {
      "name": "spine_01",
      "local": {
        "location": {
          "x": 0.0,
          "y": 0.0,
          "z": 0.0
        },
        "rotation_quaternion": {
          "w": 0.9971756339073181,
          "x": -0.05276057496666908,
          "y": -0.030330009758472443,
          "z": 0.04401393234729767
        },
        "scale": {
          "x": 1.0,
          "y": 1.0,
          "z": 1.0
        },
        "matrix_basis": [
          [
            0.9942857027053833,
            -0.08457878232002258,
            -0.06513309478759766,
            0.0
          ],
          [
            0.09097970277070999,
            0.9905582070350647,
            0.10255323350429535,
            0.0
          ],
          [
            0.05584429204463959,
            -0.10789300501346588,
            0.9925928115844727,
            0.0
          ],
          [
            0.0,
            0.0,
            0.0,
            1.0
          ]
        ],
        "rotation_mode": "QUATERNION"
      },
      "armature_space": {
        "head": {
          "x": 0.0014006976271048188,
          "y": 7.314980030059814e-05,
          "z": 0.0004271687939763069
        },
        "tail": {
          "x": -0.022493183612823486,
          "y": 0.07787706702947617,
          "z": 0.48159676790237427
        }
      },
      "world_space": {
        "head": {
          "x": 0.0014006976271048188,
          "y": 0.06331714987754822,
          "z": 0.9502812027931213
        },
        "tail": {
          "x": -0.022493183612823486,
          "y": 0.1411210596561432,
          "z": 1.4314508438110352
        },
        "rotation_quaternion": {
          "w": 0.7606754899024963,
          "x": 0.6482799649238586,
          "y": -0.03300829231739044,
          "z": 0.004052662290632725
        },
        "matrix": [
          [
            0.9977880120277405,
            -0.04896274954080582,
            -0.04496234655380249,
            0.0014006976271048188
          ],
          [
            -0.03663136065006256,
            0.15943385660648346,
            -0.9865288138389587,
            0.06331714987754822
          ],
          [
            0.05547204613685608,
            0.9860008358955383,
            0.1572878062725067,
            0.9502812027931213
          ],
          [
            0.0,
            0.0,
            0.0,
            1.0
          ]
        ]
      },
      "bone_length_armature_space": 0.4880046786595876,
      "parent": "Root",
      "has_children": true,
      "is_end_bone": false
    },
    "neck_01": {
      "name": "neck_01",
      "local": {
        "location": {
          "x": 0.0,
          "y": 0.0,
          "z": 0.0
        },
        "rotation_quaternion": {
          "w": 0.9902961254119873,
          "x": -0.13408540189266205,
          "y": -0.010759741067886353,
          "z": 0.034915391355752945
        },
        "scale": {
          "x": 1.0,
          "y": 1.0,
          "z": 1.0
        },
        "matrix_basis": [
          [
            0.9973303079605103,
            -0.0662677064538002,
            -0.030673949047923088,
            0.0
          ],
          [
            0.07203859835863113,
            0.9616040587425232,
            0.26481714844703674,
            0.0
          ],
          [
            0.011947371065616608,
            -0.2663198709487915,
            0.9638106822967529,
            0.0
          ],
          [
            0.0,
            0.0,
            0.0,
            1.0
          ]
        ],
        "rotation_mode": "QUATERNION"
      },
      "armature_space": {
        "head": {
          "x": -0.027637474238872528,
          "y": 0.05533731356263161,
          "z": 0.5592450499534607
        },
        "tail": {
          "x": -0.039889857172966,
          "y": 0.05975727736949921,
          "z": 0.6609363555908203
        }
      },
      "world_space": {
        "head": {
          "x": -0.027637474238872528,
          "y": 0.11858130991458893,
          "z": 1.509099006652832
        },
        "tail": {
          "x": -0.039889857172966,
          "y": 0.12300127744674683,
          "z": 1.6107903718948364
        },
        "rotation_quaternion": {
          "w": 0.7190592885017395,
          "x": 0.6914483904838562,
          "y": -0.06715510040521622,
          "z": 0.018525591120123863
        },
        "matrix": [
          [
            0.9902939796447754,
            -0.11951054632663727,
            -0.07095722109079361,
            -0.027637474238872528
          ],
          [
            -0.06622571498155594,
            0.043112605810165405,
            -0.9968730211257935,
            0.11858130991458893
          ],
          [
            0.12219677865505219,
            0.99190354347229,
            0.034778788685798645,
            1.509099006652832
          ],
          [
            0.0,
            0.0,
            0.0,
            1.0
          ]
        ]
      },
      "bone_length_armature_space": 0.10252208925801666,
      "parent": "spine_01",
      "has_children": true,
      "is_end_bone": false
    },
    "head": {
      "name": "head",
      "local": {
        "location": {
          "x": 0.0,
          "y": 0.0,
          "z": 0.0
        },
        "rotation_quaternion": {
          "w": 0.9891899824142456,
          "x": -0.04101450741291046,
          "y": 0.13464395701885223,
          "z": -0.04113507270812988
        },
        "scale": {
          "x": 1.0,
          "y": 1.0,
          "z": 1.0
        },
        "matrix_basis": [
          [
            0.9603578448295593,
            0.07033609598875046,
            0.2697511911392212,
            0.0
          ],
          [
            -0.09242551773786545,
            0.9932514429092407,
            0.07006510347127914,
            0.0
          ],
          [
            -0.2630026340484619,
            -0.09221945703029633,
            0.9603776335716248,
            0.0
          ],
          [
            0.0,
            0.0,
            0.0,
            1.0
          ]
        ],
        "rotation_mode": "QUATERNION"
      },
      "armature_space": {
        "head": {
          "x": -0.039889857172966,
          "y": 0.05975711718201637,
          "z": 0.6609362363815308
        },
        "tail": {
          "x": -0.04079429432749748,
          "y": 0.13378624618053436,
          "z": 0.7972158789634705
        }
      },
      "world_space": {
        "head": {
          "x": -0.039889857172966,
          "y": 0.1230011135339737,
          "z": 1.6107902526855469
        },
        "tail": {
          "x": -0.04079429432749748,
          "y": 0.19703024625778198,
          "z": 1.7470698356628418
        },
        "rotation_quaternion": {
          "w": 0.857032835483551,
          "x": 0.5095027685165405,
          "y": 0.06449264287948608,
          "z": 0.041742827743291855
        },
        "matrix": [
          [
            0.9881965517997742,
            -0.005831685848534107,
            0.15308070182800293,
            -0.039889857172966
          ],
          [
            0.13726824522018433,
            0.47732943296432495,
            -0.8679368495941162,
            0.1230011135339737
          ],
          [
            -0.06800873577594757,
            0.878711998462677,
            0.47249823808670044,
            1.6107902526855469
          ],
          [
            0.0,
            0.0,
            0.0,
            1.0
          ]
        ]
      },
      "bone_length_armature_space": 0.15509116921431487,
      "parent": "neck_01",
      "has_children": false,
      "is_end_bone": true
    },
    "upperarm_l": {
      "name": "upperarm_l",
      "local": {
        "location": {
          "x": 0.0,
          "y": 0.0,
          "z": 0.0
        },
        "rotation_quaternion": {
          "w": 0.9474180936813354,
          "x": -0.13403412699699402,
          "y": -0.14128580689430237,
          "z": 0.2539139688014984
        },
        "scale": {
          "x": 1.0,
          "y": 1.0,
          "z": 1.0
        },
        "matrix_basis": [
          [
            0.8311320543289185,
            -0.4432511329650879,
            -0.33577972650527954,
            0.0
          ],
          [
            0.5189996361732483,
            0.8351250886917114,
            0.182223841547966,
            0.0
          ],
          [
            0.1996471881866455,
            -0.3257215917110443,
            0.9241463541984558,
            0.0
          ],
          [
            0.0,
            0.0,
            0.0,
            1.0
          ]
        ],
        "rotation_mode": "QUATERNION"
      },
      "armature_space": {
        "head": {
          "x": 0.1251780241727829,
          "y": 0.03598124906420708,
          "z": 0.5018005967140198
        },
        "tail": {
          "x": 0.3461034297943115,
          "y": 0.13816185295581818,
          "z": 0.6138671040534973
        }
      },
      "world_space": {
        "head": {
          "x": 0.1251780241727829,
          "y": 0.099225252866745,
          "z": 1.4516546726226807
        },
        "tail": {
          "x": 0.3461034297943115,
          "y": 0.2014058530330658,
          "z": 1.5637211799621582
        },
        "rotation_quaternion": {
          "w": 0.7719917893409729,
          "x": 0.41738465428352356,
          "y": 0.3077106773853302,
          "z": -0.36760419607162476
        },
        "matrix": [
          [
            0.5403622984886169,
            0.8244426250457764,
            0.1682344228029251,
            0.1251780241727829
          ],
          [
            -0.3107098340988159,
            0.38131439685821533,
            -0.8706658482551575,
            0.099225252866745
          ],
          [
            -0.7819701433181763,
            0.41820627450942993,
            0.46221280097961426,
            1.4516546726226807
          ],
          [
            0.0,
            0.0,
            0.0,
            1.0
          ]
        ]
      },
      "bone_length_armature_space": 0.2679697950081426,
      "parent": "spine_01",
      "has_children": true,
      "is_end_bone": false
    },
    "lowerarm_l": {
      "name": "lowerarm_l",
      "local": {
        "location": {
          "x": 0.0,
          "y": 0.0,
          "z": 0.0
        },
        "rotation_quaternion": {
          "w": 0.9910565614700317,
          "x": 0.05956629663705826,
          "y": 0.08264128863811493,
          "z": -0.08619380742311478
        },
        "scale": {
          "x": 1.0,
          "y": 1.0,
          "z": 1.0
        },
        "matrix_basis": [
          [
            0.9714820981025696,
            0.18069115281105042,
            0.1535358875989914,
            0.0
          ],
          [
            -0.16100060939788818,
            0.9780449867248535,
            -0.13231347501277924,
            0.0
          ],
          [
            -0.17407287657260895,
            0.10382080078125,
            0.9792445302009583,
            0.0
          ],
          [
            0.0,
            0.0,
            0.0,
            1.0
          ]
        ],
        "rotation_mode": "QUATERNION"
      },
      "armature_space": {
        "head": {
          "x": 0.3461034893989563,
          "y": 0.13816188275814056,
          "z": 0.6138672232627869
        },
        "tail": {
          "x": 0.5837022662162781,
          "y": 0.1726612150669098,
          "z": 0.7318763732910156
        }
      },
      "world_space": {
        "head": {
          "x": 0.3461034893989563,
          "y": 0.20140588283538818,
          "z": 1.5637211799621582
        },
        "tail": {
          "x": 0.5837022662162781,
          "y": 0.2359052151441574,
          "z": 1.6817303895950317
        },
        "rotation_quaternion": {
          "w": 0.691385805606842,
          "x": 0.5014667510986328,
          "y": 0.2940482497215271,
          "z": -0.4290132224559784
        },
        "matrix": [
          [
            0.45896580815315247,
            0.888138473033905,
            -0.02367108315229416,
            0.3461034893989563
          ],
          [
            -0.29831942915916443,
            0.12895768880844116,
            -0.9457143545150757,
            0.20140588283538818
          ],
          [
            -0.8368790149688721,
            0.4411153495311737,
            0.3241375684738159,
            1.5637211799621582
          ],
          [
            0.0,
            0.0,
            0.0,
            1.0
          ]
        ]
      },
      "bone_length_armature_space": 0.2675248457602225,
      "parent": "upperarm_l",
      "has_children": true,
      "is_end_bone": false
    },
    "metacarpal_thumb_l": {
      "name": "metacarpal_thumb_l",
      "local": {
        "location": {
          "x": 0.0,
          "y": 0.0,
          "z": 0.0
        },
        "rotation_quaternion": {
          "w": 0.9998642802238464,
          "x": -0.007316066883504391,
          "y": -0.012455049902200699,
          "z": 0.007934424094855785
        },
        "scale": {
          "x": 1.0,
          "y": 1.0,
          "z": 1.0
        },
        "matrix_basis": [
          [
            0.9995638132095337,
            -0.015684450045228004,
            -0.02502281591296196,
            0.0
          ],
          [
            0.016048938035964966,
            0.9997670650482178,
            0.014432501047849655,
            0.0
          ],
          [
            0.024790622293949127,
            -0.014827795326709747,
            0.9995827078819275,
            0.0
          ],
          [
            0.0,
            0.0,
            0.0,
            1.0
          ]
        ],
        "rotation_mode": "QUATERNION"
      },
      "armature_space": {
        "head": {
          "x": 0.5837022662162781,
          "y": 0.1726612150669098,
          "z": 0.7318763732910156
        },
        "tail": {
          "x": 0.6211665272712708,
          "y": 0.14702191948890686,
          "z": 0.7516916394233704
        }
      },
      "world_space": {
        "head": {
          "x": 0.5837022662162781,
          "y": 0.2359052151441574,
          "z": 1.6817303895950317
        },
        "tail": {
          "x": 0.6211665272712708,
          "y": 0.21026591956615448,
          "z": 1.7015457153320312
        },
        "rotation_quaternion": {
          "w": 0.199965700507164,
          "x": 0.869131863117218,
          "y": 0.4485609233379364,
          "z": 0.05845395848155022
        },
        "matrix": [
          [
            0.5907520651817322,
            0.7563392519950867,
            0.2810027003288269,
            0.5837022662162781
          ],
          [
            0.8030949831008911,
            -0.517613410949707,
            -0.2951521873474121,
            0.2359052151441574
          ],
          [
            -0.07778424024581909,
            0.40003594756126404,
            -0.9132004976272583,
            1.6817303895950317
          ],
          [
            0.0,
            0.0,
            0.0,
            1.0
          ]
        ]
      },
      "bone_length_armature_space": 0.04953371693532789,
      "parent": "lowerarm_l",
      "has_children": true,
      "is_end_bone": false
    },
    "thumb_01_l": {
      "name": "thumb_01_l",
      "local": {
        "location": {
          "x": 0.0,
          "y": 0.0,
          "z": 0.0
        },
        "rotation_quaternion": {
          "w": 0.9690247774124146,
          "x": 0.24652628600597382,
          "y": 0.014020772650837898,
          "z": -0.004389655310660601
        },
        "scale": {
          "x": 1.0,
          "y": 1.0,
          "z": 1.0
        },
        "matrix_basis": [
          [
            0.9995682835578918,
            0.015420347452163696,
            0.02500862069427967,
            0.0
          ],
          [
            -0.0015943915350362659,
            0.878411054611206,
            -0.47790324687957764,
            0.0
          ],
          [
            -0.029337283223867416,
            0.4776570796966553,
            0.8780564069747925,
            0.0
          ],
          [
            0.0,
            0.0,
            0.0,
            1.0
          ]
        ],
        "rotation_mode": "QUATERNION"
      },
      "armature_space": {
        "head": {
          "x": 0.6211665272712708,
          "y": 0.14702191948890686,
          "z": 0.7516916394233704
        },
        "tail": {
          "x": 0.6513449549674988,
          "y": 0.13909181952476501,
          "z": 0.7380899786949158
        }
      },
      "world_space": {
        "head": {
          "x": 0.6211665272712708,
          "y": 0.21026591956615448,
          "z": 1.7015457153320312
        },
        "tail": {
          "x": 0.6513449549674988,
          "y": 0.20233581960201263,
          "z": 1.687943935394287
        },
        "rotation_quaternion": {
          "w": 0.5540845394134521,
          "x": -0.6083670854568481,
          "y": -0.2765926122665405,
          "z": -0.4963630437850952
        },
        "matrix": [
          [
            0.3542384207248688,
            0.8865943551063538,
            0.29743143916130066,
            0.6211665272712708
          ],
          [
            -0.21351705491542816,
            -0.23297369480133057,
            0.948753833770752,
            0.21026591956615448
          ],
          [
            0.9104596972465515,
            -0.3995950520038605,
            0.10677655786275864,
            1.7015457153320312
          ],
          [
            0.0,
            0.0,
            0.0,
            1.0
          ]
        ]
      },
      "bone_length_armature_space": 0.03403864213586597,
      "parent": "metacarpal_thumb_l",
      "has_children": true,
      "is_end_bone": false
    },
    "thumb_02_l": {
      "name": "thumb_02_l",
      "local": {
        "location": {
          "x": 0.0,
          "y": 0.0,
          "z": 0.0
        },
        "rotation_quaternion": {
          "w": 0.9030712842941284,
          "x": 0.429419606924057,
          "y": -0.003507518908008933,
          "z": 0.0069870599545538425
        },
        "scale": {
          "x": 1.0,
          "y": 1.0,
          "z": 1.0
        },
        "matrix_basis": [
          [
            0.9998777508735657,
            -0.01563202030956745,
            -0.0003343181451782584,
            0.0
          ],
          [
            0.009607231244444847,
            0.6310999393463135,
            -0.7756420373916626,
            0.0
          ],
          [
            0.012335840612649918,
            0.7755439877510071,
            0.6311730146408081,
            0.0
          ],
          [
            0.0,
            0.0,
            0.0,
            1.0
          ]
        ],
        "rotation_mode": "QUATERNION"
      },
      "armature_space": {
        "head": {
          "x": 0.651344895362854,
          "y": 0.13909178972244263,
          "z": 0.7380899786949158
        },
        "tail": {
          "x": 0.6555293798446655,
          "y": 0.16461342573165894,
          "z": 0.7688199281692505
        }
      },
      "world_space": {
        "head": {
          "x": 0.651344895362854,
          "y": 0.20233578979969025,
          "z": 1.687943935394287
        },
        "tail": {
          "x": 0.6555293798446655,
          "y": 0.22785742580890656,
          "z": 1.7186739444732666
        },
        "rotation_quaternion": {
          "w": 0.6446748375892639,
          "x": 0.2612018287181854,
          "y": -0.634120762348175,
          "z": -0.3377261459827423
        },
        "matrix": [
          [
            -0.03233487159013748,
            0.10418349504470825,
            -0.9940322637557983,
            0.651344895362854
          ],
          [
            -0.7667140364646912,
            0.635429322719574,
            0.09153908491134644,
            0.20233578979969025
          ],
          [
            0.6411778330802917,
            0.7651044726371765,
            0.05933311581611633,
            1.687943935394287
          ],
          [
            0.0,
            0.0,
            0.0,
            1.0
          ]
        ]
      },
      "bone_length_armature_space": 0.04016458137740965,
      "parent": "thumb_01_l",
      "has_children": true,
      "is_end_bone": false
    },
    "thumb_03_l": {
      "name": "thumb_03_l",
      "local": {
        "location": {
          "x": 0.0,
          "y": 0.0,
          "z": 0.0
        },
        "rotation_quaternion": {
          "w": 0.989382803440094,
          "x": 0.14530779421329498,
          "y": -0.0003815920208580792,
          "z": 0.0026989958714693785
        },
        "scale": {
          "x": 1.0,
          "y": 1.0,
          "z": 1.0
        },
        "matrix_basis": [
          [
            0.9999851584434509,
            -0.00545157678425312,
            2.9289107260410674e-05,
            0.0
          ],
          [
            0.005229783710092306,
            0.9577566981315613,
            -0.28753212094306946,
            0.0
          ],
          [
            0.0015394514193758368,
            0.28752800822257996,
            0.9577710032463074,
            0.0
          ],
          [
            0.0,
            0.0,
            0.0,
            1.0
          ]
        ],
        "rotation_mode": "QUATERNION"
      },
      "armature_space": {
        "head": {
          "x": 0.6555294394493103,
          "y": 0.16461336612701416,
          "z": 0.7688199281692505
        },
        "tail": {
          "x": 0.6425283551216125,
          "y": 0.18368282914161682,
          "z": 0.7886750102043152
        }
      },
      "world_space": {
        "head": {
          "x": 0.6555294394493103,
          "y": 0.22785736620426178,
          "z": 1.7186739444732666
        },
        "tail": {
          "x": 0.6425283551216125,
          "y": 0.24692682921886444,
          "z": 1.7385289669036865
        },
        "rotation_quaternion": {
          "w": 0.692432701587677,
          "x": 0.42934268712997437,
          "y": -0.5776835680007935,
          "z": -0.04983479902148247
        },
        "matrix": [
          [
            0.327596515417099,
            -0.4270375967025757,
            -0.842804491519928,
            0.6555294394493103
          ],
          [
            -0.5650628209114075,
            0.6263604164123535,
            -0.5370072722434998,
            0.22785736620426178
          ],
          [
            0.757226288318634,
            0.6521645784378052,
            -0.03611034154891968,
            1.7186739444732666
          ],
          [
            0.0,
            0.0,
            0.0,
            1.0
          ]
        ]
      },
      "bone_length_armature_space": 0.030444981295529812,
      "parent": "thumb_02_l",
      "has_children": false,
      "is_end_bone": true
    },
    "metacarpal_index_l": {
      "name": "metacarpal_index_l",
      "local": {
        "location": {
          "x": 0.0,
          "y": 0.0,
          "z": 0.0
        },
        "rotation_quaternion": {
          "w": 0.9998387098312378,
          "x": -0.015850963070988655,
          "y": -0.008356353268027306,
          "z": -0.0012143977219238877
        },
        "scale": {
          "x": 1.0,
          "y": 1.0,
          "z": 1.0
        },
        "matrix_basis": [
          [
            0.9998573660850525,
            0.002693316200748086,
            -0.01667151227593422,
            0.0
          ],
          [
            -0.0021634912118315697,
            0.9994945526123047,
            0.03171711042523384,
            0.0
          ],
          [
            0.01674851030111313,
            -0.0316765159368515,
            0.9993578195571899,
            0.0
          ],
          [
            0.0,
            0.0,
            0.0,
            1.0
          ]
        ],
        "rotation_mode": "QUATERNION"
      },
      "armature_space": {
        "head": {
          "x": 0.5837022662162781,
          "y": 0.1726612150669098,
          "z": 0.7318763732910156
        },
        "tail": {
          "x": 0.6840198636054993,
          "y": 0.15456153452396393,
          "z": 0.7896522283554077
        }
      },
      "world_space": {
        "head": {
          "x": 0.5837022662162781,
          "y": 0.2359052151441574,
          "z": 1.6817303895950317
        },
        "tail": {
          "x": 0.6840198636054993,
          "y": 0.21780553460121155,
          "z": 1.7395062446594238
        },
        "rotation_quaternion": {
          "w": 0.4349242150783539,
          "x": 0.7430371046066284,
          "y": 0.4833263158798218,
          "z": -0.15853291749954224
        },
        "matrix": [
          [
            0.4825246036052704,
            0.8561584949493408,
            0.1848313808441162,
            0.5837022662162781
          ],
          [
            0.5803609490394592,
            -0.15447144210338593,
            -0.7995747327804565,
            0.2359052151441574
          ],
          [
            -0.6560156345367432,
            0.4930867850780487,
            -0.5714221000671387,
            1.6817303895950317
          ],
          [
            0.0,
            0.0,
            0.0,
            1.0
          ]
        ]
      },
      "bone_length_armature_space": 0.1171719596661696,
      "parent": "lowerarm_l",
      "has_children": true,
      "is_end_bone": false
    },
    "index_01_l": {
      "name": "index_01_l",
      "local": {
        "location": {
          "x": 0.0,
          "y": 0.0,
          "z": 0.0
        },
        "rotation_quaternion": {
          "w": 0.9486469626426697,
          "x": 0.3162652552127838,
          "y": -0.001274595153518021,
          "z": 0.00662046205252409
        },
        "scale": {
          "x": 1.0,
          "y": 1.0,
          "z": 1.0
        },
        "matrix_basis": [
          [
            0.9999091029167175,
            -0.013367182575166225,
            0.0017693625995889306,
            0.0
          ],
          [
            0.01175474189221859,
            0.7998648881912231,
            -0.6000650525093079,
            0.0
          ],
          [
            0.006605925969779491,
            0.6000312566757202,
            0.7999493479728699,
            0.0
          ],
          [
            0.0,
            0.0,
            0.0,
            1.0
          ]
        ],
        "rotation_mode": "QUATERNION"
      },
      "armature_space": {
        "head": {
          "x": 0.6840198636054993,
          "y": 0.15456153452396393,
          "z": 0.7896522283554077
        },
        "tail": {
          "x": 0.710709273815155,
          "y": 0.14471767842769623,
          "z": 0.7876920104026794
        }
      },
      "world_space": {
        "head": {
          "x": 0.6840198636054993,
          "y": 0.21780553460121155,
          "z": 1.7395062446594238
        },
        "tail": {
          "x": 0.710709273815155,
          "y": 0.20796167850494385,
          "z": 1.7375459671020508
        },
        "rotation_quaternion": {
          "w": 0.22275349497795105,
          "x": 0.7300119400024414,
          "y": 0.5270362496376038,
          "z": -0.37375974655151367
        },
        "matrix": [
          [
            0.16507147252559662,
            0.9359991550445557,
            -0.31089726090431213,
            0.6840198636054993
          ],
          [
            0.6029725670814514,
            -0.3452245891094208,
            -0.7191969156265259,
            0.21780553460121155
          ],
          [
            -0.7805020213127136,
            -0.06874445080757141,
            -0.62137371301651,
            1.7395062446594238
          ],
          [
            0.0,
            0.0,
            0.0,
            1.0
          ]
        ]
      },
      "bone_length_armature_space": 0.02851435758948221,
      "parent": "metacarpal_index_l",
      "has_children": true,
      "is_end_bone": false
    },
    "index_02_l": {
      "name": "index_02_l",
      "local": {
        "location": {
          "x": 0.0,
          "y": 0.0,
          "z": 0.0
        },
        "rotation_quaternion": {
          "w": 0.8808902502059937,
          "x": 0.47327619791030884,
          "y": -0.006122147664427757,
          "z": -0.002164309611544013
        },
        "scale": {
          "x": 1.0,
          "y": 1.0,
          "z": 1.0
        },
        "matrix_basis": [
          [
            0.9999156594276428,
            -0.0019818951841443777,
            -0.012834512628614902,
            0.0
          ],
          [
            -0.009607971645891666,
            0.5520099401473999,
            -0.8337822556495667,
            0.0
          ],
          [
            0.008737248368561268,
            0.8338353037834167,
            0.5519443154335022,
            0.0
          ],
          [
            0.0,
            0.0,
            0.0,
            1.0
          ]
        ],
        "rotation_mode": "QUATERNION"
      },
      "armature_space": {
        "head": {
          "x": 0.7107095122337341,
          "y": 0.14471717178821564,
          "z": 0.7876920104026794
        },
        "tail": {
          "x": 0.7180389761924744,
          "y": 0.12397493422031403,
          "z": 0.7744960784912109
        }
      },
      "world_space": {
        "head": {
          "x": 0.7107095122337341,
          "y": 0.20796117186546326,
          "z": 1.7375459671020508
        },
        "tail": {
          "x": 0.7180389761924744,
          "y": 0.18721893429756165,
          "z": 1.724350094795227
        },
        "rotation_quaternion": {
          "w": 0.11361690610647202,
          "x": -0.7347620725631714,
          "y": -0.28776782751083374,
          "z": 0.6036601662635803
        },
        "matrix": [
          [
            0.1055680438876152,
            0.285712867975235,
            -0.9524828791618347,
            0.7107095122337341
          ],
          [
            0.5600539445877075,
            -0.8085612058639526,
            -0.1804679036140442,
            0.20796117186546326
          ],
          [
            -0.8217077851295471,
            -0.5143947601318359,
            -0.24537482857704163,
            1.7375459671020508
          ],
          [
            0.0,
            0.0,
            0.0,
            1.0
          ]
        ]
      },
      "bone_length_armature_space": 0.025653344188581634,
      "parent": "index_01_l",
      "has_children": true,
      "is_end_bone": false
    },
    "index_03_l": {
      "name": "index_03_l",
      "local": {
        "location": {
          "x": 0.0,
          "y": 0.0,
          "z": 0.0
        },
        "rotation_quaternion": {
          "w": 0.9294940233230591,
          "x": 0.3687361180782318,
          "y": 0.007117946166545153,
          "z": -0.004892471246421337
        },
        "scale": {
          "x": 1.0,
          "y": 1.0,
          "z": 1.0
        },
        "matrix_basis": [
          [
            0.9998508095741272,
            0.014344333671033382,
            0.009624115191400051,
            0.0
          ],
          [
            -0.003845757804811001,
            0.7280194759368896,
            -0.6855456829071045,
            0.0
          ],
          [
            -0.016840238124132156,
            0.6854063868522644,
            0.7279660105705261,
            0.0
          ],
          [
            0.0,
            0.0,
            0.0,
            1.0
          ]
        ],
        "rotation_mode": "QUATERNION"
      },
      "armature_space": {
        "head": {
          "x": 0.7180390954017639,
          "y": 0.12397495657205582,
          "z": 0.7744961977005005
        },
        "tail": {
          "x": 0.7032067775726318,
          "y": 0.10661347955465317,
          "z": 0.7562665939331055
        }
      },
      "world_space": {
        "head": {
          "x": 0.7180390954017639,
          "y": 0.18721896409988403,
          "z": 1.7243502140045166
        },
        "tail": {
          "x": 0.7032067775726318,
          "y": 0.1698574721813202,
          "z": 1.7061206102371216
        },
        "rotation_quaternion": {
          "w": 0.4471694231033325,
          "x": -0.6196303367614746,
          "y": -0.0542486198246479,
          "z": 0.642771303653717
        },
        "matrix": [
          [
            0.1678055077791214,
            -0.507630467414856,
            -0.8450756072998047,
            0.7180390954017639
          ],
          [
            0.642083466053009,
            -0.5941909551620483,
            0.4844236373901367,
            0.18721896409988403
          ],
          [
            -0.7480487823486328,
            -0.623903214931488,
            0.22623486816883087,
            1.7243502140045166
          ],
          [
            0.0,
            0.0,
            0.0,
            1.0
          ]
        ]
      },
      "bone_length_armature_space": 0.02921877823091357,
      "parent": "index_02_l",
      "has_children": false,
      "is_end_bone": true
    },
    "metacarpal_pinky_l": {
      "name": "metacarpal_pinky_l",
      "local": {
        "location": {
          "x": 0.0,
          "y": 0.0,
          "z": 0.0
        },
        "rotation_quaternion": {
          "w": 0.9998880624771118,
          "x": -0.01321813277900219,
          "y": -0.006494129076600075,
          "z": 0.002667365362867713
        },
        "scale": {
          "x": 1.0,
          "y": 1.0,
          "z": 1.0
        },
        "matrix_basis": [
          [
            0.9999014139175415,
            -0.005162453278899193,
            -0.013057319447398186,
            0.0
          ],
          [
            0.005505814217031002,
            0.9996363520622253,
            0.026398662477731705,
            0.0
          ],
          [
            0.012916289269924164,
            -0.026467951014637947,
            0.9995661973953247,
            0.0
          ],
          [
            0.0,
            0.0,
            0.0,
            1.0
          ]
        ],
        "rotation_mode": "QUATERNION"
      },
      "armature_space": {
        "head": {
          "x": 0.5837022662162781,
          "y": 0.1726612150669098,
          "z": 0.7318763732910156
        },
        "tail": {
          "x": 0.6736166477203369,
          "y": 0.2155100703239441,
          "z": 0.7622509002685547
        }
      },
      "world_space": {
        "head": {
          "x": 0.5837022662162781,
          "y": 0.2359052151441574,
          "z": 1.6817303895950317
        },
        "tail": {
          "x": 0.6736166477203369,
          "y": 0.2787540555000305,
          "z": 1.7121049165725708
        },
        "rotation_quaternion": {
          "w": 0.8221065998077393,
          "x": 0.06413710117340088,
          "y": -0.17287665605545044,
          "z": -0.5386472344398499
        },
        "matrix": [
          [
            0.35994476079940796,
            0.8634756207466125,
            -0.3533404469490051,
            0.5837022662162781
          ],
          [
            -0.9078265428543091,
            0.41149091720581055,
            0.08078605681657791,
            0.2359052151441574
          ],
          [
            0.21515390276908875,
            0.29169580340385437,
            0.9320068359375,
            1.6817303895950317
          ],
          [
            0.0,
            0.0,
            0.0,
            1.0
          ]
        ]
      },
      "bone_length_armature_space": 0.1041308426474635,
      "parent": "lowerarm_l",
      "has_children": true,
      "is_end_bone": false
    },
    "pinky_01_l": {
      "name": "pinky_01_l",
      "local": {
        "location": {
          "x": 0.0,
          "y": 0.0,
          "z": 0.0
        },
        "rotation_quaternion": {
          "w": 0.9519299268722534,
          "x": 0.30573317408561707,
          "y": -0.018591053783893585,
          "z": 0.0033360193483531475
        },
        "scale": {
          "x": 1.0,
          "y": 1.0,
          "z": 1.0
        },
        "matrix_basis": [
          [
            0.9992864727973938,
            -0.017719117924571037,
            -0.03335489705204964,
            0.0
          ],
          [
            -0.00501649035140872,
            0.8130322098731995,
            -0.5821971297264099,
            0.0
          ],
          [
            0.03743462264537811,
            0.5819490551948547,
            0.8123632073402405,
            0.0
          ],
          [
            0.0,
            0.0,
            0.0,
            1.0
          ]
        ],
        "rotation_mode": "QUATERNION"
      },
      "armature_space": {
        "head": {
          "x": 0.6736166477203369,
          "y": 0.2155100703239441,
          "z": 0.7622509002685547
        },
        "tail": {
          "x": 0.696266770362854,
          "y": 0.21210788190364838,
          "z": 0.7575935125350952
        }
