{
  "metadata": {
    "armature_name": "KIM_caucasian_male",
    "export_time": "2026-01-13T21:12:53.542724",
    "blender_version": "4.4.1",
    "bone_count": 56,
    "end_bone_count": 13,
    "spaces_included": [
      "LOCAL_CHANNELS",
      "ARMATURE_SPACE",
      "WORLD_SPACE"
    ],
    "note": "LOCAL matches Transform panel; replay pose via local.matrix_basis for best fidelity."
  },
  "bones": {
    "Root": {
      "name": "Root",
      "local": {
        "location": {
          "x": 0.0,
          "y": 0.0,
          "z": 0.0
        },
        "rotation_quaternion": {
          "w": 0.9996839761734009,
          "x": 0.00991151761263609,
          "y": -0.015252708457410336,
          "z": 0.017351597547531128
        },
        "scale": {
          "x": 1.0,
          "y": 1.0,
          "z": 1.0
        },
        "matrix_basis": [
          [
            0.9989325404167175,
            -0.03499458357691765,
            -0.030151814222335815,
            0.0
          ],
          [
            0.03438987210392952,
            0.9992013573646545,
            -0.020346088334918022,
            0.0
          ],
          [
            0.030839737504720688,
            0.01928745210170746,
            0.9993382096290588,
            0.0
          ],
          [
            0.0,
            0.0,
            0.0,
            1.0
          ]
        ],
        "rotation_mode": "QUATERNION"
      },
      "armature_space": {
        "head": {
          "x": 0.0,
          "y": 0.07072800397872925,
          "z": -0.009595036506652832
        },
        "tail": {
          "x": -0.0024977687280625105,
          "y": -0.0001285746693611145,
          "z": -0.0013718362897634506
        }
      },
      "world_space": {
        "head": {
          "x": 0.0,
          "y": 0.13397200405597687,
          "z": 0.9402589797973633
        },
        "tail": {
          "x": -0.0024977687280625105,
          "y": 0.0631154254078865,
          "z": 0.9484821557998657
        },
        "rotation_quaternion": {
          "w": 0.05745735764503479,
          "x": 0.9980806708335876,
          "y": -0.018339717760682106,
          "z": -0.014049116522073746
        },
        "matrix": [
          [
            0.9989325404167175,
            -0.03499458357691765,
            -0.030151814222335815,
            0.0
          ],
          [
            -0.038223497569561005,
            -0.992724597454071,
            -0.11417932063341141,
            0.13397200405597687
          ],
          [
            -0.02593700774013996,
            0.11520981043577194,
            -0.9930095672607422,
            0.9402589797973633
          ],
          [
            0.0,
            0.0,
            0.0,
            1.0
          ]
        ]
      },
      "bone_length_armature_space": 0.07137586866173325,
      "parent": null,
      "has_children": true,
      "is_end_bone": false
    },
    "spine_01": {
      "name": "spine_01",
      "local": {
        "location": {
          "x": 0.0,
          "y": 0.0,
          "z": 0.0
        },
        "rotation_quaternion": {
          "w": 0.9961864948272705,
          "x": -0.030099909752607346,
          "y": 0.03141457214951515,
          "z": -0.07562939822673798
        },
        "scale": {
          "x": 1.0,
          "y": 1.0,
          "z": 1.0
        },
        "matrix_basis": [
          [
            0.9865866303443909,
            0.14879082143306732,
            0.06714241951704025,
            0.0
          ],
          [
            -0.1525731235742569,
            0.9867483973503113,
            0.055218517780303955,
            0.0
          ],
          [
            -0.058036670088768005,
            -0.06472197920084,
            0.9962142109870911,
            0.0
          ],
          [
            0.0,
            0.0,
            0.0,
            1.0
          ]
        ],
        "rotation_mode": "QUATERNION"
      },
      "armature_space": {
        "head": {
          "x": -0.0024977687280625105,
          "y": -0.0001285746693611145,
          "z": -0.0013718362897634506
        },
        "tail": {
          "x": 0.08420006930828094,
          "y": 0.041362565010786057,
          "z": 0.4770740568637848
        }
      },
      "world_space": {
        "head": {
          "x": -0.0024977687280625105,
          "y": 0.0631154254078865,
          "z": 0.9484821557998657
        },
        "tail": {
          "x": 0.08420006930828094,
          "y": 0.10460656881332397,
          "z": 1.4269280433654785
        },
        "rotation_quaternion": {
          "w": 0.7330353260040283,
          "x": 0.674135148525238,
          "y": 0.07190487533807755,
          "z": -0.055053193122148514
        },
        "matrix": [
          [
            0.9835976958274841,
            0.1776590645313263,
            0.031189914792776108,
            -0.0024977687280625105
          ],
          [
            0.01623409613966942,
            0.08502261340618134,
            -0.9962468147277832,
            0.0631154254078865
          ],
          [
            -0.1796453893184662,
            0.9804194569587708,
            0.08074356615543365,
            0.9484821557998657
          ],
          [
            0.0,
            0.0,
            0.0,
            1.0
          ]
        ]
      },
      "bone_length_armature_space": 0.4880046015470979,
      "parent": "Root",
      "has_children": true,
      "is_end_bone": false
    },
    "neck_01": {
      "name": "neck_01",
      "local": {
        "location": {
          "x": 0.0,
          "y": 0.0,
          "z": 0.0
        },
        "rotation_quaternion": {
          "w": 0.9939540028572083,
          "x": 0.003084546886384487,
          "y": 0.07009804248809814,
          "z": -0.0844525471329689
        },
        "scale": {
          "x": 1.0,
          "y": 1.0,
          "z": 1.0
        },
        "matrix_basis": [
          [
            0.9759080410003662,
            0.1683163344860077,
            0.13882745802402496,
            0.0
          ],
          [
            -0.16745145618915558,
            0.9857165217399597,
            -0.017971711233258247,
            0.0
          ],
          [
            -0.13986945152282715,
            -0.005708121228963137,
            0.9901534914970398,
            0.0
          ],
          [
            0.0,
            0.0,
            0.0,
            1.0
          ]
        ],
        "rotation_mode": "QUATERNION"
      },
      "armature_space": {
        "head": {
          "x": 0.09828967601060867,
          "y": 0.013037510216236115,
          "z": 0.5516590476036072
        },
        "tail": {
          "x": 0.13309016823768616,
          "y": -0.01645243726670742,
          "z": 0.6434741020202637
        }
      },
      "world_space": {
        "head": {
          "x": 0.09828967601060867,
          "y": 0.07628151029348373,
          "z": 1.5015130043029785
        },
        "tail": {
          "x": 0.13309016823768616,
          "y": 0.04679156094789505,
          "z": 1.5933281183242798
        },
        "rotation_quaternion": {
          "w": 0.5726997256278992,
          "x": 0.8000018000602722,
          "y": 0.16790273785591125,
          "z": -0.06181337684392929
        },
        "matrix": [
          [
            0.9359752535820007,
            0.3394463062286377,
            0.09341572225093842,
            0.09828967601060867
          ],
          [
            0.19784557819366455,
            -0.28764691948890686,
            -0.9370787739753723,
            0.07628151029348373
          ],
          [
            -0.291219025850296,
            0.8955705165863037,
            -0.33639153838157654,
            1.5015130043029785
          ],
          [
            0.0,
            0.0,
            0.0,
            1.0
          ]
        ]
      },
      "bone_length_armature_space": 0.10252187789241478,
      "parent": "spine_01",
      "has_children": true,
      "is_end_bone": false
    },
    "head": {
      "name": "head",
      "local": {
        "location": {
          "x": 0.0,
          "y": 0.0,
          "z": 0.0
        },
        "rotation_quaternion": {
          "w": 0.9876573085784912,
          "x": -0.044220127165317535,
          "y": -0.019773034378886223,
          "z": -0.1489526331424713
        },
        "scale": {
          "x": 1.0,
          "y": 1.0,
          "z": 1.0
        },
        "matrix_basis": [
          [
            0.9548442959785461,
            0.29597705602645874,
            -0.025884555652737617,
            0.0
          ],
          [
            -0.29247957468032837,
            0.9517154097557068,
            0.09323915094137192,
            0.0
          ],
          [
            0.05223137140274048,
            -0.08145817369222641,
            0.995307207107544,
            0.0
          ],
          [
            0.0,
            0.0,
            0.0,
            1.0
          ]
        ],
        "rotation_mode": "QUATERNION"
      },
      "armature_space": {
        "head": {
          "x": 0.13309015333652496,
          "y": -0.01645256206393242,
          "z": 0.6434739828109741
        },
        "tail": {
          "x": 0.2151193618774414,
          "y": 0.015251412987709045,
          "z": 0.7712209224700928
        }
      },
      "world_space": {
        "head": {
          "x": 0.13309015333652496,
          "y": 0.0467914380133152,
          "z": 1.5933279991149902
        },
        "tail": {
          "x": 0.2151193618774414,
          "y": 0.07849541306495667,
          "z": 1.7210749387741089
        },
        "rotation_quaternion": {
          "w": 0.7305572628974915,
          "x": 0.6145509481430054,
          "y": 0.2617187798023224,
          "z": -0.1418328583240509
        },
        "matrix": [
          [
            0.8227739930152893,
            0.5289129018783569,
            0.20807236433029175,
            0.13309015333652496
          ],
          [
            0.11444195359945297,
            0.20442280173301697,
            -0.9721700549125671,
            0.0467914380133152
          ],
          [
            -0.5567318201065063,
            0.8236945271492004,
            0.10766389220952988,
            1.5933279991149902
          ],
          [
            0.0,
            0.0,
            0.0,
            1.0
          ]
        ]
      },
      "bone_length_armature_space": 0.1550909850772228,
      "parent": "neck_01",
      "has_children": false,
      "is_end_bone": true
    },
    "upperarm_l": {
      "name": "upperarm_l",
      "local": {
        "location": {
          "x": 0.0,
          "y": 0.0,
          "z": 0.0
        },
        "rotation_quaternion": {
          "w": 0.7868249416351318,
          "x": 0.28992900252342224,
          "y": 0.4650338590145111,
          "z": 0.283886194229126
        },
        "scale": {
          "x": 1.0,
          "y": 1.0,
          "z": 1.0
        },
        "matrix_basis": [
          [
            0.406304270029068,
            -0.17708386480808258,
            0.8964141607284546,
            0.0
          ],
          [
            0.7163910865783691,
            0.6706995964050293,
            -0.19221335649490356,
            0.0
          ],
          [
            -0.5671867728233337,
            0.720280110836029,
            0.39936935901641846,
            0.0
          ],
          [
            0.0,
            0.0,
            0.0,
            1.0
          ]
        ],
        "rotation_mode": "QUATERNION"
      },
      "armature_space": {
        "head": {
          "x": 0.23398874700069427,
          "y": 0.006581287831068039,
          "z": 0.45907798409461975
        },
        "tail": {
          "x": 0.43169113993644714,
          "y": -0.1732824444770813,
          "z": 0.47832417488098145
        }
      },
      "world_space": {
        "head": {
          "x": 0.23398874700069427,
          "y": 0.06982529163360596,
          "z": 1.4089319705963135
        },
        "tail": {
          "x": 0.43169113993644714,
          "y": -0.11003844439983368,
          "z": 1.4281781911849976
        },
        "rotation_quaternion": {
          "w": 0.1527288258075714,
          "x": 0.8761608600616455,
          "y": 0.3755909204483032,
          "z": -0.26066768169403076
        },
        "matrix": [
          [
            0.5819674134254456,
            0.7377796769142151,
            -0.34204548597335815,
            0.23398874700069427
          ],
          [
            0.5785332918167114,
            -0.6712099313735962,
            -0.46344009041786194,
            0.06982529163360596
          ],
          [
            -0.5715044736862183,
            0.07182233035564423,
            -0.8174586892127991,
            1.4089319705963135
          ],
          [
            0.0,
            0.0,
            0.0,
            1.0
          ]
        ]
      },
      "bone_length_armature_space": 0.2679694352961416,
      "parent": "spine_01",
      "has_children": true,
      "is_end_bone": false
    },
    "lowerarm_l": {
      "name": "lowerarm_l",
      "local": {
        "location": {
          "x": 0.0,
          "y": 0.0,
          "z": 0.0
        },
        "rotation_quaternion": {
          "w": 0.9793128371238708,
          "x": 0.18110741674900055,
          "y": 0.0133846839889884,
          "z": 0.0892607569694519
        },
        "scale": {
          "x": 1.0,
          "y": 1.0,
          "z": 1.0
        },
        "matrix_basis": [
          [
            0.9837067127227783,
            -0.1699802726507187,
            0.05854715406894684,
            0.0
          ],
          [
            0.17967654764652252,
            0.918465256690979,
            -0.3523321747779846,
            0.0
          ],
          [
            0.006115984637290239,
            0.3571110963821411,
            0.9340419173240662,
            0.0
          ],
          [
            0.0,
            0.0,
            0.0,
            1.0
          ]
        ],
        "rotation_mode": "QUATERNION"
      },
      "armature_space": {
        "head": {
          "x": 0.43169111013412476,
          "y": -0.17328260838985443,
          "z": 0.47832420468330383
        },
        "tail": {
          "x": 0.5172441005706787,
          "y": -0.42432302236557007,
          "z": 0.44327017664909363
        }
      },
      "world_space": {
        "head": {
          "x": 0.43169111013412476,
          "y": -0.11003860831260681,
          "z": 1.4281781911849976
        },
        "tail": {
          "x": 0.5172441005706787,
          "y": -0.36107903718948364,
          "z": 1.3931242227554321
        },
        "rotation_quaternion": {
          "w": 0.0013591354945674539,
          "x": -0.9138360023498535,
          "y": -0.17551814019680023,
          "z": 0.36619043350219727
        },
        "matrix": [
          [
            0.6701955795288086,
            0.31979501247406006,
            -0.6697529554367065,
            0.43169111013412476
          ],
          [
            0.3217851221561432,
            -0.9383829832077026,
            -0.1260634958744049,
            -0.11003860831260681
          ],
          [
            -0.6688035726547241,
            -0.1310311257839203,
            -0.7318108677864075,
            1.4281781911849976
          ],
          [
            0.0,
            0.0,
            0.0,
            1.0
          ]
        ]
      },
      "bone_length_armature_space": 0.2675245394094862,
      "parent": "upperarm_l",
      "has_children": true,
      "is_end_bone": false
    },
    "metacarpal_thumb_l": {
      "name": "metacarpal_thumb_l",
      "local": {
        "location": {
          "x": 0.0,
          "y": 0.0,
          "z": 0.0
        },
        "rotation_quaternion": {
          "w": 0.9999459981918335,
          "x": -0.00838885735720396,
          "y": 0.0009800951229408383,
          "z": 0.006064955145120621
        },
        "scale": {
          "x": 1.0,
          "y": 1.0,
          "z": 1.0
        },
        "matrix_basis": [
          [
            0.9999245405197144,
            -0.012145699001848698,
            0.0018583283526822925,
            0.0
          ],
          [
            0.012112811207771301,
            0.9997856616973877,
            0.016788696870207787,
            0.0
          ],
          [
            -0.0020618403796106577,
            -0.016764920204877853,
            0.9998573064804077,
            0.0
          ],
          [
            0.0,
            0.0,
            0.0,
            1.0
          ]
        ],
        "rotation_mode": "QUATERNION"
      },
      "armature_space": {
        "head": {
          "x": 0.5172441005706787,
          "y": -0.42432302236557007,
          "z": 0.44327017664909363
        },
        "tail": {
          "x": 0.5152865648269653,
          "y": -0.4618653655052185,
          "z": 0.4110158383846283
        }
      },
      "world_space": {
        "head": {
          "x": 0.5172441005706787,
          "y": -0.36107903718948364,
          "z": 1.3931242227554321
        },
        "tail": {
          "x": 0.5152865648269653,
          "y": -0.3986213803291321,
          "z": 1.3608698844909668
        },
        "rotation_quaternion": {
          "w": 0.32093125581741333,
          "x": -0.8851625919342041,
          "y": 0.13433463871479034,
          "z": -0.30894097685813904
        },
        "matrix": [
          [
            0.7730196714401245,
            -0.039519451558589935,
            0.6331498622894287,
            0.5172441005706787
          ],
          [
            -0.4361134171485901,
            -0.7579153776168823,
            0.4851488471031189,
            -0.36107903718948364
          ],
          [
            0.46070438623428345,
            -0.6511600613594055,
            -0.6031222343444824,
            1.3931242227554321
          ],
          [
            0.0,
            0.0,
            0.0,
            1.0
          ]
        ]
      },
      "bone_length_armature_space": 0.04953384521974247,
      "parent": "lowerarm_l",
      "has_children": true,
      "is_end_bone": false
    },
    "thumb_01_l": {
      "name": "thumb_01_l",
      "local": {
        "location": {
          "x": 0.0,
          "y": 0.0,
          "z": 0.0
        },
        "rotation_quaternion": {
          "w": 0.9992783069610596,
          "x": -0.03795350715517998,
          "y": -0.000486630538944155,
          "z": -0.0015340852551162243
        },
        "scale": {
          "x": 1.0,
          "y": 1.0,
          "z": 1.0
        },
        "matrix_basis": [
          [
            0.9999948143959045,
            0.0031028948724269867,
            -0.0008561108261346817,
            0.0
          ],
          [
            -0.00302901747636497,
            0.997114360332489,
            0.07585372775793076,
            0.0
          ],
          [
            0.0010890065459534526,
            -0.07585074007511139,
            0.9971185922622681,
            0.0
          ],
          [
            0.0,
            0.0,
            0.0,
            1.0
          ]
        ],
        "rotation_mode": "QUATERNION"
      },
      "armature_space": {
        "head": {
          "x": 0.5152865648269653,
          "y": -0.4618653655052185,
          "z": 0.4110158383846283
        },
        "tail": {
          "x": 0.5249918699264526,
          "y": -0.4637700915336609,
          "z": 0.3784456253051758
        }
      },
      "world_space": {
        "head": {
          "x": 0.5152865648269653,
          "y": -0.3986213803291321,
          "z": 1.3608698844909668
        },
        "tail": {
          "x": 0.5249918699264526,
          "y": -0.40052610635757446,
          "z": 1.328299641609192
        },
        "rotation_quaternion": {
          "w": 0.4382457137107849,
          "x": -0.28438740968704224,
          "y": 0.5291137099266052,
          "z": -0.6686578989028931
        },
        "matrix": [
          [
            -0.45412713289260864,
            0.28512606024742126,
            0.84408038854599,
            0.5152865648269653
          ],
          [
            -0.8870202898979187,
            -0.05595812201499939,
            -0.4583270847797394,
            -0.3986213803291321
          ],
          [
            -0.08344929665327072,
            -0.9568620324134827,
            0.27832654118537903,
            1.3608698844909668
          ],
          [
            0.0,
            0.0,
            0.0,
            1.0
          ]
        ]
      },
      "bone_length_armature_space": 0.034038797208675003,
      "parent": "metacarpal_thumb_l",
      "has_children": true,
      "is_end_bone": false
    },
    "thumb_02_l": {
      "name": "thumb_02_l",
      "local": {
        "location": {
          "x": 0.0,
          "y": 0.0,
          "z": 0.0
        },
        "rotation_quaternion": {
          "w": 0.9978036284446716,
          "x": 0.06581990420818329,
          "y": 0.007454608101397753,
          "z": 0.0004156848881393671
        },
        "scale": {
          "x": 1.0,
          "y": 1.0,
          "z": 1.0
        },
        "matrix_basis": [
          [
            0.99988853931427,
            0.00015177940076682717,
            0.014931190758943558,
            0.0
          ],
          [
            0.0018108669901266694,
            0.9913351535797119,
            -0.1313444823026657,
            0.0
          ],
          [
            -0.014821749180555344,
            0.131356880068779,
            0.9912243485450745,
            0.0
          ],
          [
            0.0,
            0.0,
            0.0,
            1.0
          ]
        ],
        "rotation_mode": "QUATERNION"
      },
      "armature_space": {
        "head": {
          "x": 0.5249918103218079,
          "y": -0.4637700319290161,
          "z": 0.3784456253051758
        },
        "tail": {
          "x": 0.5392866134643555,
          "y": -0.500159502029419,
          "z": 0.36924514174461365
        }
      },
      "world_space": {
        "head": {
          "x": 0.5249918103218079,
          "y": -0.4005260467529297,
          "z": 1.328299641609192
        },
        "tail": {
          "x": 0.5392866134643555,
          "y": -0.4369155168533325,
          "z": 1.3190991878509521
        },
        "rotation_quaternion": {
          "w": 0.17430514097213745,
          "x": 0.06323842704296112,
          "y": 0.12888623774051666,
          "z": -0.974169909954071
        },
        "matrix": [
          [
            -0.9312373399734497,
            0.35590681433677673,
            -0.07827827334403992,
            0.5249918103218079
          ],
          [
            -0.3233047127723694,
            -0.9060121774673462,
            -0.2731594443321228,
            -0.4005260467529297
          ],
          [
            -0.1681421548128128,
            -0.2290707528591156,
            0.9587851762771606,
            1.328299641609192
          ],
          [
            0.0,
            0.0,
            0.0,
            1.0
          ]
        ]
      },
      "bone_length_armature_space": 0.04016446002697345,
      "parent": "thumb_01_l",
      "has_children": true,
      "is_end_bone": false
    },
    "thumb_03_l": {
      "name": "thumb_03_l",
      "local": {
        "location": {
          "x": 0.0,
          "y": 0.0,
          "z": 0.0
        },
        "rotation_quaternion": {
          "w": 0.9990435242652893,
          "x": 0.0432608462870121,
          "y": -0.004857860971242189,
          "z": -0.004122552461922169
        },
        "scale": {
          "x": 1.0,
          "y": 1.0,
          "z": 1.0
        },
        "matrix_basis": [
          [
            0.9999188184738159,
            0.007816907949745655,
            -0.010063119232654572,
            0.0
          ],
          [
            -0.008657529018819332,
            0.9962230324745178,
            -0.0863988846540451,
            0.0
          ],
          [
            0.00934973917901516,
            0.08647899329662323,
            0.9962098002433777,
            0.0
          ],
          [
            0.0,
            0.0,
            0.0,
            1.0
          ]
        ],
        "rotation_mode": "QUATERNION"
      },
      "armature_space": {
        "head": {
          "x": 0.5392865538597107,
          "y": -0.5001594424247742,
          "z": 0.36924508213996887
        },
        "tail": {
          "x": 0.5519526600837708,
          "y": -0.5275248885154724,
          "z": 0.3734394311904907
        }
      },
      "world_space": {
        "head": {
          "x": 0.5392865538597107,
          "y": -0.43691545724868774,
          "z": 1.3190990686416626
        },
        "tail": {
          "x": 0.5519526600837708,
          "y": -0.464280903339386,
          "z": 1.3232934474945068
        },
        "rotation_quaternion": {
          "w": 0.22481103241443634,
          "x": 0.2823639512062073,
          "y": -0.005796675570309162,
          "z": -0.9325754642486572
        },
        "matrix": [
          [
            -0.7394612431526184,
            0.41603362560272217,
            -0.5292572975158691,
            0.5392865538597107
          ],
          [
            -0.42258045077323914,
            -0.8988526463508606,
            -0.11614593118429184,
            -0.43691545724868774
          ],
          [
            -0.5240492224693298,
            0.13776874542236328,
            0.8404799103736877,
            1.3190990686416626
          ],
          [
            0.0,
            0.0,
            0.0,
            1.0
          ]
        ]
      },
      "bone_length_armature_space": 0.03044487560330392,
      "parent": "thumb_02_l",
      "has_children": false,
      "is_end_bone": true
    },
    "metacarpal_index_l": {
      "name": "metacarpal_index_l",
      "local": {
        "location": {
          "x": 0.0,
          "y": 0.0,
          "z": 0.0
        },
        "rotation_quaternion": {
          "w": 0.998925507068634,
          "x": -0.0423552468419075,
          "y": -0.01812952756881714,
          "z": 0.005018570460379124
        },
        "scale": {
          "x": 1.0,
          "y": 1.0,
          "z": 1.0
        },
        "matrix_basis": [
          [
            0.999292254447937,
            -0.008490595035254955,
            -0.03664522245526314,
            0.0
          ],
          [
            0.011562117375433445,
            0.9963616728782654,
            0.08443750441074371,
            0.0
          ],
          [
            0.03579496964812279,
            -0.08480144292116165,
            0.9957547187805176,
            0.0
          ],
          [
            0.0,
            0.0,
            0.0,
            1.0
          ]
        ],
        "rotation_mode": "QUATERNION"
      },
      "armature_space": {
        "head": {
          "x": 0.5172441005706787,
          "y": -0.42432302236557007,
          "z": 0.44327017664909363
        },
        "tail": {
          "x": 0.5307777523994446,
          "y": -0.535115122795105,
          "z": 0.4076163172721863
        }
      },
      "world_space": {
        "head": {
          "x": 0.5172441005706787,
          "y": -0.36107903718948364,
          "z": 1.3931242227554321
        },
        "tail": {
          "x": 0.5307777523994446,
          "y": -0.47187113761901855,
          "z": 1.3574702739715576
        },
        "rotation_quaternion": {
          "w": 0.15705294907093048,
          "x": -0.9849998354911804,
          "y": -0.05057644098997116,
          "z": -0.05051489174365997
        },
        "matrix": [
          [
            0.989780604839325,
            0.1155024841427803,
            0.08362770825624466,
            0.5172441005706787
          ],
          [
            0.0837687999010086,
            -0.9455530643463135,
            0.31450358033180237,
            -0.36107903718948364
          ],
          [
            0.11540146172046661,
            -0.3042871952056885,
            -0.945572018623352,
            1.3931242227554321
          ],
          [
            0.0,
            0.0,
            0.0,
            1.0
          ]
        ]
      },
      "bone_length_armature_space": 0.11717186819812742,
      "parent": "lowerarm_l",
      "has_children": true,
      "is_end_bone": false
    },
    "index_01_l": {
      "name": "index_01_l",
      "local": {
        "location": {
          "x": 0.0,
          "y": 0.0,
          "z": 0.0
        },
        "rotation_quaternion": {
          "w": 0.9916316270828247,
          "x": -0.1266493946313858,
          "y": -0.023609766736626625,
          "z": 0.008321844041347504
        },
        "scale": {
          "x": 1.0,
          "y": 1.0,
          "z": 1.0
        },
        "matrix_basis": [
          [
            0.9987466335296631,
            -0.010524081997573376,
            -0.04893229529261589,
            0.0
          ],
          [
            0.022484732791781425,
            0.9677813649177551,
            0.2507861256599426,
            0.0
          ],
          [
            0.04471646994352341,
            -0.25157204270362854,
            0.9668050408363342,
            0.0
          ],
          [
            0.0,
            0.0,
            0.0,
            1.0
          ]
        ],
        "rotation_mode": "QUATERNION"
      },
      "armature_space": {
        "head": {
          "x": 0.5307777523994446,
          "y": -0.535115122795105,
          "z": 0.4076163172721863
        },
        "tail": {
          "x": 0.5414692163467407,
          "y": -0.5612977743148804,
          "z": 0.41125354170799255
        }
      },
      "world_space": {
        "head": {
          "x": 0.5307777523994446,
          "y": -0.47187113761901855,
          "z": 1.3574702739715576
        },
        "tail": {
          "x": 0.5414692163467407,
          "y": -0.49805378913879395,
          "z": 1.361107587814331
        },
        "rotation_quaternion": {
          "w": 0.0451340451836586,
          "x": 0.9741724133491516,
          "y": 0.1971023976802826,
          "z": 0.10050706565380096
        },
        "matrix": [
          [
            0.9020980000495911,
            0.3749507963657379,
            0.213614359498024,
            0.5307777523994446
          ],
          [
            0.3930962383747101,
            -0.9182272553443909,
            -0.048316434025764465,
            -0.47187113761901855
          ],
          [
            0.1780320256948471,
            0.12755727767944336,
            -0.9757297039031982,
            1.3574702739715576
          ],
          [
            0.0,
            0.0,
            0.0,
            1.0
          ]
        ]
      },
      "bone_length_armature_space": 0.02851434804459472,
      "parent": "metacarpal_index_l",
      "has_children": true,
      "is_end_bone": false
    },
    "index_02_l": {
      "name": "index_02_l",
      "local": {
        "location": {
          "x": 0.0,
          "y": 0.0,
          "z": 0.0
        },
        "rotation_quaternion": {
          "w": 0.9981781840324402,
          "x": 0.059993695467710495,
          "y": -0.0061743478290736675,
          "z": -0.0017365110106766224
        },
        "scale": {
          "x": 1.0,
          "y": 1.0,
          "z": 1.0
        },
        "matrix_basis": [
          [
            0.99991774559021,
            0.002725851023569703,
            -0.012534557841718197,
            0.0
          ],
          [
            -0.004207538906484842,
            0.992795467376709,
            -0.1197473555803299,
            0.0
          ],
          [
            0.01211783941835165,
            0.11979024112224579,
            0.9927252531051636,
            0.0
          ],
          [
            0.0,
            0.0,
            0.0,
            1.0
          ]
        ],
        "rotation_mode": "QUATERNION"
      },
      "armature_space": {
        "head": {
          "x": 0.5414692163467407,
          "y": -0.5612982511520386,
          "z": 0.4112532436847687
        },
        "tail": {
          "x": 0.5521147847175598,
          "y": -0.58460533618927,
          "z": 0.4124946594238281
        }
      },
      "world_space": {
        "head": {
          "x": 0.5414692163467407,
          "y": -0.49805426597595215,
          "z": 1.3611072301864624
        },
        "tail": {
          "x": 0.5521147847175598,
          "y": -0.5213613510131836,
          "z": 1.3623486757278442
        },
        "rotation_quaternion": {
          "w": 0.01329158153384924,
          "x": 0.9754499197006226,
          "y": 0.21342873573303223,
          "z": 0.05262105539441109
        },
        "matrix": [
          [
            0.9033584594726562,
            0.41497915983200073,
            0.10833185911178589,
            0.5414692163467407
          ],
          [
            0.4177771210670471,
            -0.9085431098937988,
            -0.003469124436378479,
            -0.49805426597595215
          ],
          [
            0.09698577970266342,
            0.04839199036359787,
            -0.9941160678863525,
            1.3611072301864624
          ],
          [
            0.0,
            0.0,
            0.0,
            1.0
          ]
        ]
      },
      "bone_length_armature_space": 0.025653253990895946,
      "parent": "index_01_l",
      "has_children": true,
      "is_end_bone": false
    },
    "index_03_l": {
      "name": "index_03_l",
      "local": {
        "location": {
          "x": 0.0,
          "y": 0.0,
          "z": 0.0
        },
        "rotation_quaternion": {
          "w": 0.999297022819519,
          "x": 0.03684478625655174,
          "y": 0.006554553285241127,
          "z": -0.0022255743388086557
        },
        "scale": {
          "x": 1.0,
          "y": 1.0,
          "z": 1.0
        },
        "matrix_basis": [
          [
            0.9999041557312012,
            0.004931021947413683,
            0.012935889884829521,
            0.0
          ],
          [
            -0.003965017385780811,
            0.9972749948501587,
            -0.07366694509983063,
            0.0
          ],
          [
            -0.013263892382383347,
            0.07360859215259552,
            0.9971989989280701,
            0.0
          ],
          [
            0.0,
            0.0,
            0.0,
            1.0
          ]
        ],
        "rotation_mode": "QUATERNION"
      },
      "armature_space": {
        "head": {
          "x": 0.5521147847175598,
          "y": -0.58460533618927,
          "z": 0.41249480843544006
        },
        "tail": {
          "x": 0.5671769380569458,
          "y": -0.6094632744789124,
          "z": 0.4095037877559662
        }
      },
      "world_space": {
        "head": {
          "x": 0.5521147847175598,
          "y": -0.5213613510131836,
          "z": 1.3623487949371338
        },
        "tail": {
          "x": 0.5671769380569458,
          "y": -0.5462192893028259,
          "z": 1.3593578338623047
        },
        "rotation_quaternion": {
          "w": 0.07358314096927643,
          "x": -0.9591365456581116,
          "y": -0.263074666261673,
          "z": -0.07371852546930313
        },
        "matrix": [
          [
            0.8507146835327148,
            0.5154978036880493,
            0.1026960015296936,
            0.5521147847175598
          ],
          [
            0.49380043148994446,
            -0.8507544994354248,
            0.17993924021720886,
            -0.5213613510131836
          ],
          [
            0.1801292896270752,
            -0.1023670956492424,
            -0.9783093333244324,
            1.3623487949371338
          ],
          [
            0.0,
            0.0,
            0.0,
            1.0
          ]
        ]
      },
      "bone_length_armature_space": 0.029218688709348066,
      "parent": "index_02_l",
      "has_children": false,
      "is_end_bone": true
    },
    "metacarpal_pinky_l": {
      "name": "metacarpal_pinky_l",
      "local": {
        "location": {
          "x": 0.0,
          "y": 0.0,
          "z": 0.0
        },
        "rotation_quaternion": {
          "w": 0.9998120069503784,
          "x": -2.4225566448876634e-05,
          "y": -0.013894172385334969,
          "z": 0.013524029403924942
        },
        "scale": {
          "x": 1.0,
          "y": 1.0,
          "z": 1.0
        },
        "matrix_basis": [
          [
            0.9992480874061584,
            -0.02704230137169361,
            -0.027783775702118874,
            0.0
          ],
          [
            0.027043648064136505,
            0.9996342062950134,
            -0.0003273683541920036,
            0.0
          ],
          [
            0.027782466262578964,
            -0.00042425241554155946,
            0.999613881111145,
            0.0
          ],
          [
            0.0,
            0.0,
            0.0,
            1.0
          ]
        ],
        "rotation_mode": "QUATERNION"
      },
      "armature_space": {
        "head": {
          "x": 0.5172441005706787,
          "y": -0.42432302236557007,
          "z": 0.44327017664909363
        },
        "tail": {
          "x": 0.5715014338493347,
          "y": -0.512352705001831,
          "z": 0.45552313327789307
        }
      },
      "world_space": {
        "head": {
          "x": 0.5172441005706787,
          "y": -0.36107903718948364,
          "z": 1.3931242227554321
        },
        "tail": {
          "x": 0.5715014338493347,
          "y": -0.44910871982574463,
          "z": 1.4053771495819092
        },
        "rotation_quaternion": {
          "w": 0.2628028988838196,
          "x": 0.5060011148452759,
          "y": 0.0908089429140091,
          "z": -0.816487193107605
        },
        "matrix": [
          [
            -0.34979480504989624,
            0.521050214767456,
            -0.7785565257072449,
            0.5172441005706787
          ],
          [
            -0.3372524082660675,
            -0.8453761339187622,
            -0.41424673795700073,
            -0.36107903718948364
          ],
          [
            -0.8740230798721313,
            0.11766882985830307,
            0.47143638134002686,
            1.3931242227554321
          ],
          [
            0.0,
            0.0,
            0.0,
            1.0
          ]
        ]
      },
      "bone_length_armature_space": 0.1041307746607951,
      "parent": "lowerarm_l",
      "has_children": true,
      "is_end_bone": false
    },
    "pinky_01_l": {
      "name": "pinky_01_l",
      "local": {
        "location": {
          "x": 0.0,
          "y": 0.0,
          "z": 0.0
        },
        "rotation_quaternion": {
          "w": 0.9594169855117798,
          "x": 0.28133413195610046,
          "y": 0.015315631404519081,
          "z": 0.01165347546339035
        },
        "scale": {
          "x": 1.0,
          "y": 1.0,
          "z": 1.0
        },
        "matrix_basis": [
          [
            0.9992592334747314,
            -0.013743464834988117,
            0.03594519570469856,
            0.0
          ],
          [
            0.030978703871369362,
            0.8414306044578552,
            -0.5394765138626099,
            0.0
          ],
          [
            -0.022831112146377563,
            0.5401904582977295,
            0.8412330746650696,
            0.0
          ],
          [
            0.0,
            0.0,
            0.0,
            1.0
          ]
        ],
        "rotation_mode": "QUATERNION"
      },
      "armature_space": {
        "head": {
          "x": 0.5715014338493347,
          "y": -0.512352705001831,
          "z": 0.45552313327789307
        },
        "tail": {
