{
  "metadata": {
    "armature_name": "KIM_caucasian_male",
    "export_time": "2026-01-13T21:02:19.103181",
    "blender_version": "4.4.1",
    "bone_count": 56,
    "end_bone_count": 13,
    "spaces_included": [
      "LOCAL_CHANNELS",
      "ARMATURE_SPACE",
      "WORLD_SPACE"
    ],
    "note": "LOCAL matches Transform panel; replay pose via local.matrix_basis for best fidelity."
  },
  "bones": {
    "Root": {
      "name": "Root",
      "local": {
        "location": {
          "x": 0.0,
          "y": 0.0,
          "z": 0.0
        },
        "rotation_quaternion": {
          "w": 0.9995710849761963,
          "x": -0.010063924826681614,
          "y": -0.013780207373201847,
          "z": -0.023801831528544426
        },
        "scale": {
          "x": 1.0,
          "y": 1.0,
          "z": 1.0
        },
        "matrix_basis": [
          [
            0.9984871745109558,
            0.047860611230134964,
            -0.027069514617323875,
            0.0
          ],
          [
            -0.047305878251791,
            0.998664379119873,
            0.02077520452439785,
            0.0
          ],
          [
            0.028027674183249474,
            -0.019463228061795235,
            0.9994176626205444,
            0.0
          ],
          [
            0.0,
            0.0,
            0.0,
            1.0
          ]
        ],
        "rotation_mode": "QUATERNION"
      },
      "armature_space": {
        "head": {
          "x": 0.0,
          "y": 0.07072800397872925,
          "z": -0.009595036506652832
        },
        "tail": {
          "x": 0.0034160928335040808,
          "y": 0.0002812221646308899,
          "z": 0.0013637896627187729
        }
      },
      "world_space": {
        "head": {
          "x": 0.0,
          "y": 0.13397200405597687,
          "z": 0.9402589797973633
        },
        "tail": {
          "x": 0.0034160928335040808,
          "y": 0.06352522224187851,
          "z": 0.9512178301811218
        },
        "rotation_quaternion": {
          "w": 0.07737983763217926,
          "x": 0.9966223835945129,
          "y": 0.02281942032277584,
          "z": -0.015352386049926281
        },
        "matrix": [
          [
            0.9984871745109558,
            0.047860611230134964,
            -0.027069514617323875,
            0.0
          ],
          [
            0.0431087389588356,
            -0.9869831800460815,
            -0.15493804216384888,
            0.13397200405597687
          ],
          [
            -0.034132786095142365,
            0.153536856174469,
            -0.9875603914260864,
            0.9402589797973633
          ],
          [
            0.0,
            0.0,
            0.0,
            1.0
          ]
        ]
      },
      "bone_length_armature_space": 0.07137586714221067,
      "parent": null,
      "has_children": true,
      "is_end_bone": false
    },
    "spine_01": {
      "name": "spine_01",
      "local": {
        "location": {
          "x": 0.0,
          "y": 0.0,
          "z": 0.0
        },
        "rotation_quaternion": {
          "w": 0.9977320432662964,
          "x": -0.05436445027589798,
          "y": -0.013167697936296463,
          "z": -0.03744232654571533
        },
        "scale": {
          "x": 1.0,
          "y": 1.0,
          "z": 1.0
        },
        "matrix_basis": [
          [
            0.9968493580818176,
            0.07614652812480927,
            -0.022204605862498283,
            0.0
          ],
          [
            -0.0732831060886383,
            0.9912851452827454,
            0.10946836322546005,
            0.0
          ],
          [
            0.03034673072397709,
            -0.1074962466955185,
            0.9937422275543213,
            0.0
          ],
          [
            0.0,
            0.0,
            0.0,
            1.0
          ]
        ],
        "rotation_mode": "QUATERNION"
      },
      "armature_space": {
        "head": {
          "x": 0.0034160928335040808,
          "y": 0.0002812221646308899,
          "z": 0.0013637896627187729
        },
        "tail": {
          "x": 0.05322420969605446,
          "y": 0.0868324264883995,
          "z": 0.47904208302497864
        }
      },
      "world_space": {
        "head": {
          "x": 0.0034160928335040808,
          "y": 0.06352522224187851,
          "z": 0.9512178301811218
        },
        "tail": {
          "x": 0.05322420969605446,
          "y": 0.15007641911506653,
          "z": 1.4288960695266724
        },
        "rotation_quaternion": {
          "w": 0.7660558223724365,
          "x": 0.6406044960021973,
          "y": 0.04286666586995125,
          "z": -0.03077084943652153
        },
        "matrix": [
          [
            0.9944312572479248,
            0.1020655632019043,
            0.02625199593603611,
            0.0034160928335040808
          ],
          [
            0.007776100188493729,
            0.17735858261585236,
            -0.9841156005859375,
            0.06352522224187851
          ],
          [
            -0.10510104894638062,
            0.9788464903831482,
            0.1755775511264801,
            0.9512178301811218
          ],
          [
            0.0,
            0.0,
            0.0,
            1.0
          ]
        ]
      },
      "bone_length_armature_space": 0.48800463470606636,
      "parent": "Root",
      "has_children": true,
      "is_end_bone": false
    },
    "neck_01": {
      "name": "neck_01",
      "local": {
        "location": {
          "x": 0.0,
          "y": 0.0,
          "z": 0.0
        },
        "rotation_quaternion": {
          "w": 0.995756208896637,
          "x": 0.039816875010728836,
          "y": 0.04825997352600098,
          "z": 0.06749238818883896
        },
        "scale": {
          "x": 1.0,
          "y": 1.0,
          "z": 1.0
        },
        "matrix_basis": [
          [
            0.9862315058708191,
            -0.13056880235671997,
            0.1014850065112114,
            0.0
          ],
          [
            0.1382550448179245,
            0.9877187609672546,
            -0.07278143614530563,
            0.0
          ],
          [
            -0.09073566645383835,
            0.08581016212701797,
            0.9921711683273315,
            0.0
          ],
          [
            0.0,
            0.0,
            0.0,
            1.0
          ]
        ],
        "rotation_mode": "QUATERNION"
      },
      "armature_space": {
        "head": {
          "x": 0.061607725918293,
          "y": 0.06568878889083862,
          "z": 0.5568008422851562
        },
        "tail": {
          "x": 0.05872422456741333,
          "y": 0.0357607826590538,
          "z": 0.6548148989677429
        }
      },
      "world_space": {
        "head": {
          "x": 0.061607725918293,
          "y": 0.12893278896808624,
          "z": 1.5066548585891724
        },
        "tail": {
          "x": 0.05872422456741333,
          "y": 0.09900478273630142,
          "z": 1.6046688556671143
        },
        "rotation_quaternion": {
          "w": 0.5948975086212158,
          "x": 0.8027487397193909,
          "y": 0.01170047651976347,
          "z": 0.03942776843905449
        },
        "matrix": [
          [
            0.9966171979904175,
            -0.028125861659646034,
            0.07722212374210358,
            0.061607725918293
          ],
          [
            0.0656958669424057,
            -0.2919197678565979,
            -0.9541840553283691,
            0.12893278896808624
          ],
          [
            0.04938032478094101,
            0.9560356140136719,
            -0.2890873849391937,
            1.5066548585891724
          ],
          [
            0.0,
            0.0,
            0.0,
            1.0
          ]
        ]
      },
      "bone_length_armature_space": 0.10252197565770925,
      "parent": "spine_01",
      "has_children": true,
      "is_end_bone": false
    },
    "head": {
      "name": "head",
      "local": {
        "location": {
          "x": 0.0,
          "y": 0.0,
          "z": 0.0
        },
        "rotation_quaternion": {
          "w": 0.9877511262893677,
          "x": -0.06964437663555145,
          "y": -0.12745460867881775,
          "z": 0.05703393742442131
        },
        "scale": {
          "x": 1.0,
          "y": 1.0,
          "z": 1.0
        },
        "matrix_basis": [
          [
            0.961004912853241,
            -0.0949176773428917,
            -0.2597310543060303,
            0.0
          ],
          [
            0.1304236650466919,
            0.9837935566902161,
            0.12304414808750153,
            0.0
          ],
          [
            0.24384267628192902,
            -0.15212109684944153,
            0.9578099846839905,
            0.0
          ],
          [
            0.0,
            0.0,
            0.0,
            1.0
          ]
        ],
        "rotation_mode": "QUATERNION"
      },
      "armature_space": {
        "head": {
          "x": 0.058724239468574524,
          "y": 0.035760655999183655,
          "z": 0.6548147797584534
        },
        "tail": {
          "x": 0.03430686518549919,
          "y": 0.06941570341587067,
          "z": 0.8042284250259399
        }
      },
      "world_space": {
        "head": {
          "x": 0.058724239468574524,
          "y": 0.09900465607643127,
          "z": 1.6046688556671143
        },
        "tail": {
          "x": 0.03430686518549919,
          "y": 0.1326597034931183,
          "z": 1.754082441329956
        },
        "rotation_quaternion": {
          "w": 0.7688142657279968,
          "x": 0.6256784200668335,
          "y": -0.13200722634792328,
          "z": -0.00503909308463335
        },
        "matrix": [
          [
            0.9650977849960327,
            -0.15743981301784515,
            -0.2092828005552292,
            0.058724239468574524
          ],
          [
            -0.17293530702590942,
            0.21700304746627808,
            -0.9607306718826294,
            0.09900465607643127
          ],
          [
            0.1966734528541565,
            0.9633981585502625,
            0.18220257759094238,
            1.6046688556671143
          ],
          [
            0.0,
            0.0,
            0.0,
            1.0
          ]
        ]
      },
      "bone_length_armature_space": 0.15509128795450783,
      "parent": "neck_01",
      "has_children": false,
      "is_end_bone": true
    },
    "upperarm_l": {
      "name": "upperarm_l",
      "local": {
        "location": {
          "x": 0.0,
          "y": 0.0,
          "z": 0.0
        },
        "rotation_quaternion": {
          "w": 0.8853281736373901,
          "x": -0.0419582724571228,
          "y": 0.4615228772163391,
          "z": 0.03781748190522194
        },
        "scale": {
          "x": 1.0,
          "y": 1.0,
          "z": 1.0
        },
        "matrix_basis": [
          [
            0.5711329579353333,
            -0.10569117218255997,
            0.8140249252319336,
            0.0
          ],
          [
            0.028232358396053314,
            0.9936186671257019,
            0.10920094698667526,
            0.0
          ],
          [
            -0.8203719258308411,
            -0.03938641399145126,
            0.5704723000526428,
            0.0
          ],
          [
            0.0,
            0.0,
            0.0,
            1.0
          ]
        ],
        "rotation_mode": "QUATERNION"
      },
      "armature_space": {
        "head": {
          "x": 0.20399653911590576,
          "y": 0.05179686099290848,
          "z": 0.4758095145225525
        },
        "tail": {
          "x": 0.47053295373916626,
          "y": 0.07786552608013153,
          "z": 0.46651503443717957
        }
      },
      "world_space": {
        "head": {
          "x": 0.20399653911590576,
          "y": 0.1150408610701561,
          "z": 1.4256634712219238
        },
        "tail": {
          "x": 0.47053295373916626,
          "y": 0.14110952615737915,
          "z": 1.416369080543518
        },
        "rotation_quaternion": {
          "w": 0.2618245482444763,
          "x": 0.6198017001152039,
          "y": 0.69288569688797,
          "z": -0.25923603773117065
        },
        "matrix": [
          [
            -0.09458647668361664,
            0.9946523308753967,
            0.0414760448038578,
            0.20399653911590576
          ],
          [
            0.7231546640396118,
            0.09728223085403442,
            -0.6838009357452393,
            0.1150408610701561
          ],
          [
            -0.6841831207275391,
            -0.03468490391969681,
            -0.7284947633743286,
            1.4256634712219238
          ],
          [
            0.0,
            0.0,
            0.0,
            1.0
          ]
        ]
      },
      "bone_length_armature_space": 0.26796944078088436,
      "parent": "spine_01",
      "has_children": true,
      "is_end_bone": false
    },
    "lowerarm_l": {
      "name": "lowerarm_l",
      "local": {
        "location": {
          "x": 0.0,
          "y": 0.0,
          "z": 0.0
        },
        "rotation_quaternion": {
          "w": 0.9135059118270874,
          "x": 0.2881660759449005,
          "y": 0.1220354214310646,
          "z": -0.2599513530731201
        },
        "scale": {
          "x": 1.0,
          "y": 1.0,
          "z": 1.0
        },
        "matrix_basis": [
          [
            0.8350653052330017,
            0.5452671051025391,
            0.07314183562994003,
            0.0
          ],
          [
            -0.40460124611854553,
            0.6987712383270264,
            -0.5899294018745422,
            0.0
          ],
          [
            -0.3727784752845764,
            0.46303626894950867,
            0.8041353225708008,
            0.0
          ],
          [
            0.0,
            0.0,
            0.0,
            1.0
          ]
        ],
        "rotation_mode": "QUATERNION"
      },
      "armature_space": {
        "head": {
          "x": 0.4705330431461334,
          "y": 0.07786541432142258,
          "z": 0.46651506423950195
        },
        "tail": {
          "x": 0.6433108448982239,
          "y": 0.06519681960344315,
          "z": 0.2626590132713318
        }
      },
      "world_space": {
        "head": {
          "x": 0.4705330431461334,
          "y": 0.1411094069480896,
          "z": 1.416369080543518
        },
        "tail": {
          "x": 0.6433108448982239,
          "y": 0.12844082713127136,
          "z": 1.2125129699707031
        },
        "rotation_quaternion": {
          "w": 0.09213413298130035,
          "x": -0.5373979806900024,
          "y": -0.683984637260437,
          "z": 0.48464396595954895
        },
        "matrix": [
          [
            -0.40542614459991455,
            0.6458391547203064,
            -0.6469323039054871,
            0.4705330431461334
          ],
          [
            0.8244503736495972,
            -0.04735490679740906,
            -0.5639498233795166,
            0.1411094069480896
          ],
          [
            -0.3948582410812378,
            -0.7620089054107666,
            -0.5132675170898438,
            1.416369080543518
          ],
          [
            0.0,
            0.0,
            0.0,
            1.0
          ]
        ]
      },
      "bone_length_armature_space": 0.2675256092149745,
      "parent": "upperarm_l",
      "has_children": true,
      "is_end_bone": false
    },
    "metacarpal_thumb_l": {
      "name": "metacarpal_thumb_l",
      "local": {
        "location": {
          "x": 0.0,
          "y": 0.0,
          "z": 0.0
        },
        "rotation_quaternion": {
          "w": 0.999833345413208,
          "x": -0.017894815653562546,
          "y": -0.003628643462434411,
          "z": -0.00019278706167824566
        },
        "scale": {
          "x": 1.0,
          "y": 1.0,
          "z": 1.0
        },
        "matrix_basis": [
          [
            0.9999735951423645,
            0.000515377672854811,
            -0.007249177899211645,
            0.0
          ],
          [
            -0.00025564205134287477,
            0.9993594884872437,
            0.03578506410121918,
            0.0
          ],
          [
            0.007262977305799723,
            -0.03578226640820503,
            0.9993332028388977,
            0.0
          ],
          [
            0.0,
            0.0,
            0.0,
            1.0
          ]
        ],
        "rotation_mode": "QUATERNION"
      },
      "armature_space": {
        "head": {
          "x": 0.6433108448982239,
          "y": 0.06519681960344315,
          "z": 0.2626590132713318
        },
        "tail": {
          "x": 0.646895706653595,
          "y": 0.05289232358336449,
          "z": 0.21481169760227203
        }
      },
      "world_space": {
        "head": {
          "x": 0.6433108448982239,
          "y": 0.12844082713127136,
          "z": 1.2125129699707031
        },
        "tail": {
          "x": 0.646895706653595,
          "y": 0.1161363273859024,
          "z": 1.164665699005127
        },
        "rotation_quaternion": {
          "w": 0.5850754380226135,
          "x": -0.7695592045783997,
          "y": -0.18298499286174774,
          "z": 0.17883460223674774
        },
        "matrix": [
          [
            0.8690692782402039,
            0.07237230241298676,
            -0.48936784267425537,
            0.6433108448982239
          ],
          [
            0.49089932441711426,
            -0.24840672314167023,
            0.8350521922111511,
            0.12844082713127136
          ],
          [
            -0.06112755835056305,
            -0.9659553170204163,
            -0.2514111399650574,
            1.2125129699707031
          ],
          [
            0.0,
            0.0,
            0.0,
            1.0
          ]
        ]
      },
      "bone_length_armature_space": 0.04953400220210413,
      "parent": "lowerarm_l",
      "has_children": true,
      "is_end_bone": false
    },
    "thumb_01_l": {
      "name": "thumb_01_l",
      "local": {
        "location": {
          "x": 0.0,
          "y": 0.0,
          "z": 0.0
        },
        "rotation_quaternion": {
          "w": 0.9621379375457764,
          "x": 0.2721046805381775,
          "y": -0.007398816756904125,
          "z": 0.013961186632514
        },
        "scale": {
          "x": 1.0,
          "y": 1.0,
          "z": 1.0
        },
        "matrix_basis": [
          [
            0.9995006918907166,
            -0.030891679227352142,
            -0.006639556027948856,
            0.0
          ],
          [
            0.022838668897747993,
            0.8515282273292542,
            -0.5238110423088074,
            0.0
          ],
          [
            0.021835172548890114,
            0.5233978629112244,
            0.8518086075782776,
            0.0
          ],
          [
            0.0,
            0.0,
            0.0,
            1.0
          ]
        ],
        "rotation_mode": "QUATERNION"
      },
      "armature_space": {
        "head": {
          "x": 0.646895706653595,
          "y": 0.05289232358336449,
          "z": 0.21481169760227203
        },
        "tail": {
          "x": 0.6490330696105957,
          "y": 0.07475677877664566,
          "z": 0.1888114959001541
        }
      },
      "world_space": {
        "head": {
          "x": 0.646895706653595,
          "y": 0.1161363273859024,
          "z": 1.164665699005127
        },
        "tail": {
          "x": 0.6490330696105957,
          "y": 0.13800078630447388,
          "z": 1.1386655569076538
        },
        "rotation_quaternion": {
          "w": 0.7613919377326965,
          "x": -0.33533117175102234,
          "y": 0.49137967824935913,
          "z": -0.2576459050178528
        },
        "matrix": [
          [
            0.3843299150466919,
            0.0627916157245636,
            0.921057939529419,
            0.646895706653595
          ],
          [
            -0.7218891382217407,
            0.6423434019088745,
            0.25743213295936584,
            0.1161363273859024
          ],
          [
            -0.5754753947257996,
            -0.7638453245162964,
            0.29220256209373474,
            1.164665699005127
          ],
          [
            0.0,
            0.0,
            0.0,
            1.0
          ]
        ]
      },
      "bone_length_armature_space": 0.03403870179372505,
      "parent": "metacarpal_thumb_l",
      "has_children": true,
      "is_end_bone": false
    },
    "thumb_02_l": {
      "name": "thumb_02_l",
      "local": {
        "location": {
          "x": 0.0,
          "y": 0.0,
          "z": 0.0
        },
        "rotation_quaternion": {
          "w": 0.8793883919715881,
          "x": 0.47606825828552246,
          "y": -0.005548639688640833,
          "z": 0.002075317781418562
        },
        "scale": {
          "x": 1.0,
          "y": 1.0,
          "z": 1.0
        },
        "matrix_basis": [
          [
            0.9999297857284546,
            -0.008933083154261112,
            -0.007782832719385624,
            0.0
          ],
          [
            -0.0016330417711287737,
            0.546709418296814,
            -0.8373208045959473,
            0.0
          ],
          [
            0.011734804138541222,
            0.8372747898101807,
            0.5466564297676086,
            0.0
          ],
          [
            0.0,
            0.0,
            0.0,
            1.0
          ]
        ],
        "rotation_mode": "QUATERNION"
      },
      "armature_space": {
        "head": {
          "x": 0.6490329504013062,
          "y": 0.07475678622722626,
          "z": 0.1888115108013153
        },
        "tail": {
          "x": 0.6820006966590881,
          "y": 0.05364545062184334,
          "z": 0.197790265083313
        }
      },
      "world_space": {
        "head": {
          "x": 0.6490329504013062,
          "y": 0.13800078630447388,
          "z": 1.1386655569076538
        },
        "tail": {
          "x": 0.6820006966590881,
          "y": 0.11688944697380066,
          "z": 1.147644281387329
        },
        "rotation_quaternion": {
          "w": 0.4852798879146576,
          "x": 0.2998505234718323,
          "y": 0.041126467287540436,
          "z": -0.8203059434890747
        },
        "matrix": [
          [
            -0.34918564558029175,
            0.8208205699920654,
            -0.452021062374115,
            0.6490329504013062
          ],
          [
            -0.771492600440979,
            -0.5256230235099792,
            -0.3584967255592346,
            0.13800078630447388
          ],
          [
            -0.5318584442138672,
            0.22355014085769653,
            0.8168022036552429,
            1.1386655569076538
          ],
          [
            0.0,
            0.0,
            0.0,
            1.0
          ]
        ]
      },
      "bone_length_armature_space": 0.04016439743817448,
      "parent": "thumb_01_l",
      "has_children": true,
      "is_end_bone": false
    },
    "thumb_03_l": {
      "name": "thumb_03_l",
      "local": {
        "location": {
          "x": 0.0,
          "y": 0.0,
          "z": 0.0
        },
        "rotation_quaternion": {
          "w": 0.9927613735198975,
          "x": 0.12007792294025421,
          "y": 0.0025033873971551657,
          "z": 0.00012437500117812306
        },
        "scale": {
          "x": 1.0,
          "y": 1.0,
          "z": 1.0
        },
        "matrix_basis": [
          [
            0.9999874234199524,
            0.00035425371606834233,
            0.005000402219593525,
            0.0
          ],
          [
            0.0008481525001116097,
            0.9711625576019287,
            -0.23841682076454163,
            0.0
          ],
          [
            -0.00494066346436739,
            0.2384180724620819,
            0.9711500406265259,
            0.0
          ],
          [
            0.0,
            0.0,
            0.0,
            1.0
          ]
        ],
        "rotation_mode": "QUATERNION"
      },
      "armature_space": {
        "head": {
          "x": 0.6820006370544434,
          "y": 0.053645454347133636,
          "z": 0.19779019057750702
        },
        "tail": {
          "x": 0.6979987621307373,
          "y": 0.035916056483983994,
          "z": 0.21667468547821045
        }
      },
      "world_space": {
        "head": {
          "x": 0.6820006370544434,
          "y": 0.11688945442438126,
          "z": 1.1476441621780396
        },
        "tail": {
          "x": 0.6979987621307373,
          "y": 0.09916006028652191,
          "z": 1.1665287017822266
        },
        "rotation_quaternion": {
          "w": 0.44964924454689026,
          "x": 0.5652570128440857,
          "y": -0.0815015509724617,
          "z": -0.6867733001708984
        },
        "matrix": [
          [
            0.04340076074004173,
            0.5254784226417542,
            -0.8496992588043213,
            0.6820006370544434
          ],
          [
            -0.7097535133361816,
            -0.5823440551757812,
            -0.3963909447193146,
            0.11688945442438126
          ],
          [
            -0.7031174302101135,
            0.6202844381332397,
            0.3476880192756653,
            1.1476441621780396
          ],
          [
            0.0,
            0.0,
            0.0,
            1.0
          ]
        ]
      },
      "bone_length_armature_space": 0.030444961937569022,
      "parent": "thumb_02_l",
      "has_children": false,
      "is_end_bone": true
    },
    "metacarpal_index_l": {
      "name": "metacarpal_index_l",
      "local": {
        "location": {
          "x": 0.0,
          "y": 0.0,
          "z": 0.0
        },
        "rotation_quaternion": {
          "w": 0.9998746514320374,
          "x": -0.008403065614402294,
          "y": -0.00025147644919343293,
          "z": -0.013423173688352108
        },
        "scale": {
          "x": 1.0,
          "y": 1.0,
          "z": 1.0
        },
        "matrix_basis": [
          [
            0.9996395111083984,
            0.02684720791876316,
            -0.00027729824068956077,
            0.0
          ],
          [
            -0.02683875523507595,
            0.9994984269142151,
            0.01681077666580677,
            0.0
          ],
          [
            0.0007284814491868019,
            -0.016797272488474846,
            0.9998586773872375,
            0.0
          ],
          [
            0.0,
            0.0,
            0.0,
            1.0
          ]
        ],
        "rotation_mode": "QUATERNION"
      },
      "armature_space": {
        "head": {
          "x": 0.6433108448982239,
          "y": 0.06519681960344315,
          "z": 0.2626590132713318
        },
        "tail": {
          "x": 0.6926297545433044,
          "y": 0.04678245261311531,
          "z": 0.15797889232635498
        }
      },
      "world_space": {
        "head": {
          "x": 0.6433108448982239,
          "y": 0.12844082713127136,
          "z": 1.2125129699707031
        },
        "tail": {
          "x": 0.6926297545433044,
          "y": 0.11002644896507263,
          "z": 1.107832908630371
        },
        "rotation_quaternion": {
          "w": 0.4454540014266968,
          "x": -0.7079906463623047,
          "y": -0.4722200632095337,
          "z": 0.2780795693397522
        },
        "matrix": [
          [
            0.3993576169013977,
            0.4209114611148834,
            -0.8144611716270447,
            0.6433108448982239
          ],
          [
            0.9163992404937744,
            -0.1571570783853531,
            0.3681229054927826,
            0.12844082713127136
          ],
          [
            0.0269499272108078,
            -0.8933905363082886,
            -0.44848769903182983,
            1.2125129699707031
          ],
          [
            0.0,
            0.0,
            0.0,
            1.0
          ]
        ]
      },
      "bone_length_armature_space": 0.11717239992886312,
      "parent": "lowerarm_l",
      "has_children": true,
      "is_end_bone": false
    },
    "index_01_l": {
      "name": "index_01_l",
      "local": {
        "location": {
          "x": 0.0,
          "y": 0.0,
          "z": 0.0
        },
        "rotation_quaternion": {
          "w": 0.9434252977371216,
          "x": 0.3305032551288605,
          "y": -0.011323356069624424,
          "z": -0.02425163984298706
        },
        "scale": {
          "x": 1.0,
          "y": 1.0,
          "z": 1.0
        },
        "matrix_basis": [
          [
            0.9985672831535339,
            0.038274407386779785,
            -0.03739597275853157,
            0.0
          ],
          [
            -0.053244031965732574,
            0.7803589105606079,
            -0.6230610609054565,
            0.0
          ],
          [
            0.005334989167749882,
            0.6241594552993774,
            0.7812787890434265,
            0.0
          ],
          [
            0.0,
            0.0,
            0.0,
            1.0
          ]
        ],
        "rotation_mode": "QUATERNION"
      },
      "armature_space": {
        "head": {
          "x": 0.6926297545433044,
          "y": 0.04678245261311531,
          "z": 0.15797889232635498
        },
        "tail": {
          "x": 0.694004237651825,
          "y": 0.05752090364694595,
          "z": 0.13159945607185364
        }
      },
      "world_space": {
        "head": {
          "x": 0.6926297545433044,
          "y": 0.11002644896507263,
          "z": 1.107832908630371
        },
        "tail": {
          "x": 0.694004237651825,
          "y": 0.12076490372419357,
          "z": 1.0814534425735474
        },
        "rotation_quaternion": {
          "w": 0.6335887312889099,
          "x": -0.44454944133758545,
          "y": -0.5355970859527588,
          "z": 0.33775267004966736
        },
        "matrix": [
          [
            0.1981196105480194,
            0.04820370674133301,
            -0.9789918661117554,
            0.6926297545433044
          ],
          [
            0.9041914343833923,
            0.37659788131713867,
            0.20152515172958374,
            0.11002644896507263
          ],
          [
            0.37840402126312256,
            -0.9251281023025513,
            0.031026363372802734,
            1.107832908630371
          ],
          [
            0.0,
            0.0,
            0.0,
            1.0
          ]
        ]
      },
      "bone_length_armature_space": 0.02851452641465004,
      "parent": "metacarpal_index_l",
      "has_children": true,
      "is_end_bone": false
    },
    "index_02_l": {
      "name": "index_02_l",
      "local": {
        "location": {
          "x": 0.0,
          "y": 0.0,
          "z": 0.0
        },
        "rotation_quaternion": {
          "w": 0.8973760604858398,
          "x": 0.4411342740058899,
          "y": 0.01078658178448677,
          "z": 0.0006383868749253452
        },
        "scale": {
          "x": 1.0,
          "y": 1.0,
          "z": 1.0
        },
        "matrix_basis": [
          [
            0.99976646900177,
            0.008370915427803993,
            0.019922468811273575,
            0.0
          ],
          [
            0.010662407614290714,
            0.6108002662658691,
            -0.7917128801345825,
            0.0
          ],
          [
            -0.018796011805534363,
            0.7917404174804688,
            0.6105684041976929,
            0.0
          ],
          [
            0.0,
            0.0,
            0.0,
            1.0
          ]
        ],
        "rotation_mode": "QUATERNION"
      },
      "armature_space": {
        "head": {
          "x": 0.6940039396286011,
          "y": 0.057520896196365356,
          "z": 0.13159902393817902
        },
        "tail": {
          "x": 0.6753592491149902,
          "y": 0.06711097061634064,
          "z": 0.11681728065013885
        }
      },
      "world_space": {
        "head": {
          "x": 0.6940039396286011,
          "y": 0.12076489627361298,
          "z": 1.0814530849456787
        },
        "tail": {
          "x": 0.6753592491149902,
          "y": 0.13035497069358826,
          "z": 1.0666712522506714
        },
        "rotation_quaternion": {
          "w": 0.7482504844665527,
          "x": -0.1252712607383728,
          "y": -0.35642561316490173,
          "z": 0.5453339219093323
        },
        "matrix": [
          [
            0.15114162862300873,
            -0.7267948389053345,
            -0.6700190305709839,
            0.6940039396286011
          ],
          [
            0.9053929448127747,
            0.373834490776062,
            -0.20127540826797485,
            0.12076489627361298
          ],
          [
            0.396765798330307,
            -0.5762129426002502,
            0.7145414352416992,
            1.0814530849456787
          ],
          [
            0.0,
            0.0,
            0.0,
            1.0
          ]
        ]
      },
      "bone_length_armature_space": 0.02565334163594673,
      "parent": "index_01_l",
      "has_children": true,
      "is_end_bone": false
    },
    "index_03_l": {
      "name": "index_03_l",
      "local": {
        "location": {
          "x": 0.0,
          "y": 0.0,
          "z": 0.0
        },
        "rotation_quaternion": {
          "w": 0.9315574169158936,
          "x": 0.3635421097278595,
          "y": 0.005875245667994022,
          "z": 0.0018675326136872172
        },
        "scale": {
          "x": 1.0,
          "y": 1.0,
          "z": 1.0
        },
        "matrix_basis": [
          [
            0.9999240040779114,
            0.000792370701674372,
            0.012304110452532768,
            0.0
          ],
          [
            0.007751225959509611,
            0.7356672883033752,
            -0.6772987246513367,
            0.0
          ],
          [
            -0.00958840362727642,
            0.6773426532745361,
            0.7356052398681641,
            0.0
          ],
          [
            0.0,
            0.0,
            0.0,
            1.0
          ]
        ],
        "rotation_mode": "QUATERNION"
      },
      "armature_space": {
        "head": {
          "x": 0.6753594279289246,
          "y": 0.06711097061634064,
          "z": 0.1168171688914299
        },
        "tail": {
          "x": 0.647280752658844,
          "y": 0.07303512096405029,
          "z": 0.12231480330228806
        }
      },
      "world_space": {
        "head": {
          "x": 0.6753594279289246,
          "y": 0.13035497069358826,
          "z": 1.0666711330413818
        },
        "tail": {
          "x": 0.647280752658844,
          "y": 0.1362791210412979,
          "z": 1.0721688270568848
        },
        "rotation_quaternion": {
          "w": 0.7698521018028259,
          "x": 0.1949748545885086,
          "y": -0.09329774975776672,
          "z": 0.600506603717804
        },
        "matrix": [
          [
            0.2613741159439087,
            -0.9609838724136353,
            0.09051868319511414,
            0.6753594279289246
          ],
          [
            0.8882219791412354,
            0.20275217294692993,
            -0.4122544527053833,
            0.13035497069358826
          ],
          [
            0.37782052159309387,
            0.1881546974182129,
            0.906566858291626,
            1.0666711330413818
          ],
          [
            0.0,
            0.0,
            0.0,
            1.0
          ]
        ]
      },
      "bone_length_armature_space": 0.029218684756198897,
      "parent": "index_02_l",
      "has_children": false,
      "is_end_bone": true
    },
    "metacarpal_pinky_l": {
      "name": "metacarpal_pinky_l",
      "local": {
        "location": {
          "x": 0.0,
          "y": 0.0,
          "z": 0.0
        },
        "rotation_quaternion": {
          "w": 0.9994908571243286,
          "x": -0.02957986481487751,
          "y": -0.0030564393382519484,
          "z": 0.011569805443286896
        },
        "scale": {
          "x": 1.0,
          "y": 1.0,
          "z": 1.0
        },
        "matrix_basis": [
          [
            0.9997135996818542,
            -0.02294701151549816,
            -0.006794232875108719,
            0.0
          ],
          [
            0.02330864779651165,
            0.9979823231697083,
            0.05905888229608536,
            0.0
          ],
          [
            0.005425299983471632,
            -0.059200335294008255,
            0.9982313513755798,
            0.0
          ],
          [
            0.0,
            0.0,
            0.0,
            1.0
          ]
        ],
        "rotation_mode": "QUATERNION"
      },
      "armature_space": {
        "head": {
          "x": 0.6433108448982239,
          "y": 0.06519681960344315,
          "z": 0.2626590132713318
        },
        "tail": {
          "x": 0.7269404530525208,
          "y": 0.08530902117490768,
          "z": 0.2039662003517151
        }
      },
      "world_space": {
        "head": {
          "x": 0.6433108448982239,
          "y": 0.12844082713127136,
          "z": 1.2125129699707031
        },
        "tail": {
          "x": 0.7269404530525208,
          "y": 0.1485530138015747,
          "z": 1.153820276260376
        },
        "rotation_quaternion": {
          "w": 0.46212905645370483,
          "x": 0.1982642561197281,
          "y": 0.6188772320747375,
          "z": -0.6034227609634399
        },
        "matrix": [
          [
            -0.49425455927848816,
            0.8031211495399475,
            0.33272916078567505,
            0.6433108448982239
          ],
          [
            -0.3123196065425873,
            0.19314372539520264,
            -0.9301356077194214,
            0.12844082713127136
          ],
          [
            -0.811282217502594,
            -0.5636453032493591,
            0.15536846220493317,
            1.2125129699707031
          ],
          [
            0.0,
            0.0,
            0.0,
            1.0
          ]
        ]
      },
      "bone_length_armature_space": 0.10413096632299518,
      "parent": "lowerarm_l",
      "has_children": true,
      "is_end_bone": false
    },
    "pinky_01_l": {
      "name": "pinky_01_l",
      "local": {
        "location": {
          "x": 0.0,
          "y": 0.0,
          "z": 0.0
        },
        "rotation_quaternion": {
          "w": 0.9544004201889038,
          "x": 0.29812875390052795,
          "y": -0.008294864557683468,
          "z": 0.013053134083747864
        },
        "scale": {
          "x": 1.0,
          "y": 1.0,
          "z": 1.0
        },
        "matrix_basis": [
          [
            0.9995216131210327,
            -0.029861709102988243,
            -0.008050215430557728,
            0.0
          ],
          [
            0.019969958811998367,
            0.8218977451324463,
            -0.569284975528717,
            0.0
          ],
          [
            0.02361627295613289,
            0.568851888179779,
            0.8221008777618408,
            0.0
          ],
          [
            0.0,
            0.0,
            0.0,
            1.0
          ]
        ],
        "rotation_mode": "QUATERNION"
      },
      "armature_space": {
        "head": {
          "x": 0.7269404530525208,
          "y": 0.08530902117490768,
          "z": 0.2039662003517151
        },
        "tail": {
          "x": 0.7313557267189026,
          "y": 0.0967065840959549,
          "z": 0.18404383957386017
