{
  "metadata": {
    "armature_name": "KIM_caucasian_male",
    "export_time": "2026-01-13T21:02:23.404566",
    "blender_version": "4.4.1",
    "bone_count": 56,
    "end_bone_count": 13,
    "spaces_included": [
      "LOCAL_CHANNELS",
      "ARMATURE_SPACE",
      "WORLD_SPACE"
    ],
    "note": "LOCAL matches Transform panel; replay pose via local.matrix_basis for best fidelity."
  },
  "bones": {
    "Root": {
      "name": "Root",
      "local": {
        "location": {
          "x": 0.0,
          "y": 0.0,
          "z": 0.0
        },
        "rotation_quaternion": {
          "w": 0.9995706081390381,
          "x": 0.019353430718183517,
          "y": -0.018478773534297943,
          "z": -0.01194064226001501
        },
        "scale": {
          "x": 1.0,
          "y": 1.0,
          "z": 1.0
        },
        "matrix_basis": [
          [
            0.9990319013595581,
            0.023155774921178818,
            -0.03740386292338371,
            0.0
          ],
          [
            -0.024586284533143044,
            0.9989657402038574,
            -0.0382489450275898,
            0.0
          ],
          [
            0.036479491740465164,
            0.039131537079811096,
            0.9985679388046265,
            0.0
          ],
          [
            0.0,
            0.0,
            0.0,
            1.0
          ]
        ],
        "rotation_mode": "QUATERNION"
      },
      "armature_space": {
        "head": {
          "x": 0.0,
          "y": 0.07072800397872925,
          "z": -0.009595036506652832
        },
        "tail": {
          "x": 0.0016527635743841529,
          "y": -0.0003023222088813782,
          "z": -0.002777638379484415
        }
      },
      "world_space": {
        "head": {
          "x": 0.0,
          "y": 0.13397200405597687,
          "z": 0.9402589797973633
        },
        "tail": {
          "x": 0.0016527635743841529,
          "y": 0.06294167786836624,
          "z": 0.9470763802528381
        },
        "rotation_quaternion": {
          "w": 0.04802926257252693,
          "x": 0.9986036419868469,
          "y": 0.010668639093637466,
          "z": -0.0192412082105875
        },
        "matrix": [
          [
            0.9990319013595581,
            0.023155774921178818,
            -0.03740386292338371,
            0.0
          ],
          [
            0.01945919170975685,
            -0.9951587915420532,
            -0.09633541852235794,
            0.13397200405597687
          ],
          [
            -0.03945375606417656,
            0.09551404416561127,
            -0.9946529269218445,
            0.9402589797973633
          ],
          [
            0.0,
            0.0,
            0.0,
            1.0
          ]
        ]
      },
      "bone_length_armature_space": 0.07137587743960365,
      "parent": null,
      "has_children": true,
      "is_end_bone": false
    },
    "spine_01": {
      "name": "spine_01",
      "local": {
        "location": {
          "x": 0.0,
          "y": 0.0,
          "z": 0.0
        },
        "rotation_quaternion": {
          "w": 0.9980593919754028,
          "x": -0.012613589875400066,
          "y": 0.03814157471060753,
          "z": 0.04757809638977051
        },
        "scale": {
          "x": 1.0,
          "y": 1.0,
          "z": 1.0
        },
        "matrix_basis": [
          [
            0.9925630688667297,
            -0.09593373537063599,
            0.07493485510349274,
            0.0
          ],
          [
            0.09400932490825653,
            0.9951544404029846,
            0.028807630762457848,
            0.0
          ],
          [
            -0.07733537256717682,
            -0.021548816934227943,
            0.9967722296714783,
            0.0
          ],
          [
            0.0,
            0.0,
            0.0,
            1.0
          ]
        ],
        "rotation_mode": "QUATERNION"
      },
      "armature_space": {
        "head": {
          "x": 0.0016527635743841529,
          "y": -0.0003023222088813782,
          "z": -0.002777638379484415
        },
        "tail": {
          "x": -0.026242151856422424,
          "y": 0.013388697989284992,
          "z": 0.4842367172241211
        }
      },
      "world_space": {
        "head": {
          "x": 0.0016527635743841529,
          "y": 0.06294167786836624,
          "z": 0.9470763802528381
        },
        "tail": {
          "x": -0.026242151856422424,
          "y": 0.07663270086050034,
          "z": 1.4340907335281372
        },
        "rotation_quaternion": {
          "w": 0.7168108820915222,
          "x": 0.6950293183326721,
          "y": 0.014482085593044758,
          "z": 0.05391419306397438
        },
        "matrix": [
          [
            0.9937670230865479,
            -0.057161569595336914,
            0.09570612758398056,
            0.0016527635743841529
          ],
          [
            0.09742392599582672,
            0.028055299073457718,
            -0.9948475956916809,
            0.06294167786836624
          ],
          [
            0.05418245494365692,
            0.9979777336120605,
            0.03344867378473282,
            0.9470763802528381
          ],
          [
            0.0,
            0.0,
            0.0,
            1.0
          ]
        ]
      },
      "bone_length_armature_space": 0.4880046569512004,
      "parent": "Root",
      "has_children": true,
      "is_end_bone": false
    },
    "neck_01": {
      "name": "neck_01",
      "local": {
        "location": {
          "x": 0.0,
          "y": 0.0,
          "z": 0.0
        },
        "rotation_quaternion": {
          "w": 0.9856545925140381,
          "x": -0.12966232001781464,
          "y": 0.03272369131445885,
          "z": -0.10296604782342911
        },
        "scale": {
          "x": 1.0,
          "y": 1.0,
          "z": 1.0
        },
        "matrix_basis": [
          [
            0.9766542911529541,
            0.19449186325073242,
            0.09121014922857285,
            0.0
          ],
          [
            -0.21146397292613983,
            0.9451713562011719,
            0.24886566400527954,
            0.0
          ],
          [
            -0.037806879729032516,
            -0.2623433768749237,
            0.9642336964607239,
            0.0
          ],
          [
            0.0,
            0.0,
            0.0,
            1.0
          ]
        ],
        "rotation_mode": "QUATERNION"
      },
      "armature_space": {
        "head": {
          "x": -0.02710830420255661,
          "y": -0.019058888778090477,
          "z": 0.5584671497344971
        },
        "tail": {
          "x": -0.011808300390839577,
          "y": -0.026214387267827988,
          "z": 0.6595882177352905
        }
      },
      "world_space": {
        "head": {
          "x": -0.02710830420255661,
          "y": 0.04418510943651199,
          "z": 1.5083211660385132
        },
        "tail": {
          "x": -0.011808300390839577,
          "y": 0.03702961280941963,
          "z": 1.6094422340393066
        },
        "rotation_quaternion": {
          "w": 0.6712509393692017,
          "x": 0.7310909032821655,
          "y": 0.12051703780889511,
          "z": 0.02009730227291584
        },
        "matrix": [
          [
            0.9701432585716248,
            0.149237260222435,
            0.19118116796016693,
            -0.02710830420255661
          ],
          [
            0.2031993865966797,
            -0.06979520618915558,
            -0.976646900177002,
            0.04418510943651199
          ],
          [
            -0.13240927457809448,
            0.9863419532775879,
            -0.09803786873817444,
            1.5083211660385132
          ],
          [
            0.0,
            0.0,
            0.0,
            1.0
          ]
        ]
      },
      "bone_length_armature_space": 0.10252200469763426,
      "parent": "spine_01",
      "has_children": true,
      "is_end_bone": false
    },
    "head": {
      "name": "head",
      "local": {
        "location": {
          "x": 0.0,
          "y": 0.0,
          "z": 0.0
        },
        "rotation_quaternion": {
          "w": 0.9749882221221924,
          "x": -0.04522290080785751,
          "y": 0.13706527650356293,
          "z": -0.1690150946378708
        },
        "scale": {
          "x": 1.0,
          "y": 1.0,
          "z": 1.0
        },
        "matrix_basis": [
          [
            0.9052940011024475,
            0.31717848777770996,
            0.2825607657432556,
            0.0
          ],
          [
            -0.3419724404811859,
            0.9387775659561157,
            0.04185139015316963,
            0.0
          ],
          [
            -0.25198736786842346,
            -0.13451579213142395,
            0.9583359956741333,
            0.0
          ],
          [
            0.0,
            0.0,
            0.0,
            1.0
          ]
        ],
        "rotation_mode": "QUATERNION"
      },
      "armature_space": {
        "head": {
          "x": -0.011808281764388084,
          "y": -0.026214534416794777,
          "z": 0.6595881581306458
        },
        "tail": {
          "x": 0.04127486050128937,
          "y": 0.04509766399860382,
          "z": 0.7866706848144531
        }
      },
      "world_space": {
        "head": {
          "x": -0.011808281764388084,
          "y": 0.03702946752309799,
          "z": 1.6094422340393066
        },
        "tail": {
          "x": 0.04127486050128937,
          "y": 0.10834166407585144,
          "z": 1.7365247011184692
        },
        "rotation_quaternion": {
          "w": 0.7928854823112488,
          "x": 0.5196554660797119,
          "y": 0.31817832589149475,
          "z": -0.007306827697902918
        },
        "matrix": [
          [
            0.7974191904067993,
            0.34227266907691956,
            0.4969627261161804,
            -0.011808281764388084
          ],
          [
            0.31909751892089844,
            0.45981109142303467,
            -0.8287044763565063,
            0.03702946752309799
          ],
          [
            -0.5121550559997559,
            0.819410502910614,
            0.2574448883533478,
            1.6094422340393066
          ],
          [
            0.0,
            0.0,
            0.0,
            1.0
          ]
        ]
      },
      "bone_length_armature_space": 0.15509099708723795,
      "parent": "neck_01",
      "has_children": false,
      "is_end_bone": true
    },
    "upperarm_l": {
      "name": "upperarm_l",
      "local": {
        "location": {
          "x": 0.0,
          "y": 0.0,
          "z": 0.0
        },
        "rotation_quaternion": {
          "w": 0.8404278755187988,
          "x": 0.015972765162587166,
          "y": 0.5390140414237976,
          "z": 0.053757455199956894
        },
        "scale": {
          "x": 1.0,
          "y": 1.0,
          "z": 1.0
        },
        "matrix_basis": [
          [
            0.4131479859352112,
            -0.07313943654298782,
            0.9077221751213074,
            0.0
          ],
          [
            0.1075776144862175,
            0.9937100410461426,
            0.031104132533073425,
            0.0
          ],
          [
            -0.9042875170707703,
            0.08479996025562286,
            0.41841745376586914,
            0.0
          ],
          [
            0.0,
            0.0,
            0.0,
            1.0
          ]
        ],
        "rotation_mode": "QUATERNION"
      },
      "armature_space": {
        "head": {
          "x": 0.12610368430614471,
          "y": -0.009503528475761414,
          "z": 0.49962934851646423
        },
        "tail": {
          "x": 0.39224451780319214,
          "y": 0.004233397543430328,
          "z": 0.5277003049850464
        }
      },
      "world_space": {
        "head": {
          "x": 0.12610368430614471,
          "y": 0.053740471601486206,
          "z": 1.4494833946228027
        },
        "tail": {
          "x": 0.39224451780319214,
          "y": 0.06747739762067795,
          "z": 1.4775543212890625
        },
        "rotation_quaternion": {
          "w": 0.1916137933731079,
          "x": 0.6796830296516418,
          "y": 0.6992256045341492,
          "z": -0.1113501787185669
        },
        "matrix": [
          [
            -0.002629905939102173,
            0.9931761622428894,
            0.11659455299377441,
            0.12610368430614471
          ],
          [
            0.9078307151794434,
            0.05126303434371948,
            -0.41619226336479187,
            0.053740471601486206
          ],
          [
            -0.41933128237724304,
            0.10475430637598038,
            -0.9017772674560547,
            1.4494833946228027
          ],
          [
            0.0,
            0.0,
            0.0,
            1.0
          ]
        ]
      },
      "bone_length_armature_space": 0.26796943011007285,
      "parent": "spine_01",
      "has_children": true,
      "is_end_bone": false
    },
    "lowerarm_l": {
      "name": "lowerarm_l",
      "local": {
        "location": {
          "x": 0.0,
          "y": 0.0,
          "z": 0.0
        },
        "rotation_quaternion": {
          "w": 0.9965552091598511,
          "x": 0.0355679951608181,
          "y": -0.060925137251615524,
          "z": -0.043597009032964706
        },
        "scale": {
          "x": 1.0,
          "y": 1.0,
          "z": 1.0
        },
        "matrix_basis": [
          [
            0.988774836063385,
            0.08255968242883682,
            -0.12453184276819229,
            0.0
          ],
          [
            -0.09122762084007263,
            0.9936684370040894,
            -0.0655786320567131,
            0.0
          ],
          [
            0.11832921206951141,
            0.07620324939489365,
            0.9900460839271545,
            0.0
          ],
          [
            0.0,
            0.0,
            0.0,
            1.0
          ]
        ],
        "rotation_mode": "QUATERNION"
      },
      "armature_space": {
        "head": {
          "x": 0.3922446370124817,
          "y": 0.004233271814882755,
          "z": 0.5277003049850464
        },
        "tail": {
          "x": 0.6587769389152527,
          "y": -0.00462915375828743,
          "z": 0.5064554214477539
        }
      },
      "world_space": {
        "head": {
          "x": 0.3922446370124817,
          "y": 0.0674772709608078,
          "z": 1.4775543212890625
        },
        "tail": {
          "x": 0.6587769389152527,
          "y": 0.05861484631896019,
          "z": 1.45630943775177
        },
        "rotation_quaternion": {
          "w": 0.20816637575626373,
          "x": 0.6664908528327942,
          "y": 0.6634014844894409,
          "z": -0.2689893841743469
        },
        "matrix": [
          [
            -0.024914812296628952,
            0.9962912201881409,
            -0.082358717918396,
            0.3922446370124817
          ],
          [
            0.7723124027252197,
            -0.03312753140926361,
            -0.634378969669342,
            0.0674772709608078
          ],
          [
            -0.6347581744194031,
            -0.07941275089979172,
            -0.7686286568641663,
            1.4775543212890625
          ],
          [
            0.0,
            0.0,
            0.0,
            1.0
          ]
        ]
      },
      "bone_length_armature_space": 0.26752449555376123,
      "parent": "upperarm_l",
      "has_children": true,
      "is_end_bone": false
    },
    "metacarpal_thumb_l": {
      "name": "metacarpal_thumb_l",
      "local": {
        "location": {
          "x": 0.0,
          "y": 0.0,
          "z": 0.0
        },
        "rotation_quaternion": {
          "w": 0.9997147917747498,
          "x": -0.016602782532572746,
          "y": -0.0015936223790049553,
          "z": 0.01709304004907608
        },
        "scale": {
          "x": 1.0,
          "y": 1.0,
          "z": 1.0
        },
        "matrix_basis": [
          [
            0.9994105696678162,
            -0.034123413264751434,
            -0.003753919852897525,
            0.0
          ],
          [
            0.03422924876213074,
            0.9988643527030945,
            0.0331416130065918,
            0.0
          ],
          [
            0.002618751721456647,
            -0.03325057402253151,
            0.9994435906410217,
            0.0
          ],
          [
            0.0,
            0.0,
            0.0,
            1.0
          ]
        ],
        "rotation_mode": "QUATERNION"
      },
      "armature_space": {
        "head": {
          "x": 0.6587769389152527,
          "y": -0.00462915375828743,
          "z": 0.5064554214477539
        },
        "tail": {
          "x": 0.6942465305328369,
          "y": -0.01964005082845688,
          "z": 0.4753076732158661
        }
      },
      "world_space": {
        "head": {
          "x": 0.6587769389152527,
          "y": 0.05861484631896019,
          "z": 1.45630943775177
        },
        "tail": {
          "x": 0.6942465305328369,
          "y": 0.04360394924879074,
          "z": 1.4251617193222046
        },
        "rotation_quaternion": {
          "w": 0.4415419101715088,
          "x": -0.8009330034255981,
          "y": -0.3918142318725586,
          "z": -0.10014425218105316
        },
        "matrix": [
          [
            0.6729044914245605,
            0.716069757938385,
            -0.1855892837047577,
            0.6587769389152527
          ],
          [
            0.5392006635665894,
            -0.3030443489551544,
            0.7857654094696045,
            0.05861484631896019
          ],
          [
            0.506425142288208,
            -0.6288195848464966,
            -0.5900285840034485,
            1.45630943775177
          ],
          [
            0.0,
            0.0,
            0.0,
            1.0
          ]
        ]
      },
      "bone_length_armature_space": 0.04953383855926167,
      "parent": "lowerarm_l",
      "has_children": true,
      "is_end_bone": false
    },
    "thumb_01_l": {
      "name": "thumb_01_l",
      "local": {
        "location": {
          "x": 0.0,
          "y": 0.0,
          "z": 0.0
        },
        "rotation_quaternion": {
          "w": 0.9833816289901733,
          "x": 0.18118806183338165,
          "y": 0.005781929474323988,
          "z": -0.009911403991281986
        },
        "scale": {
          "x": 1.0,
          "y": 1.0,
          "z": 1.0
        },
        "matrix_basis": [
          [
            0.9997366666793823,
            0.02158861793577671,
            0.007780030369758606,
            0.0
          ],
          [
            -0.017398152500391006,
            0.9341452717781067,
            -0.35646864771842957,
            0.0
          ],
          [
            -0.014963342808187008,
            0.3562394082546234,
            0.9342749118804932,
            0.0
          ],
          [
            0.0,
            0.0,
            0.0,
            1.0
          ]
        ],
        "rotation_mode": "QUATERNION"
      },
      "armature_space": {
        "head": {
          "x": 0.6942465305328369,
          "y": -0.01964005082845688,
          "z": 0.4753076732158661
        },
        "tail": {
          "x": 0.7114216685295105,
          "y": -0.0030882935971021652,
          "z": 0.45102420449256897
        }
      },
      "world_space": {
        "head": {
          "x": 0.6942465305328369,
          "y": 0.04360394924879074,
          "z": 1.4251617193222046
        },
        "tail": {
          "x": 0.7114216685295105,
          "y": 0.060155704617500305,
          "z": 1.4008781909942627
        },
        "rotation_quaternion": {
          "w": 0.840186357498169,
          "x": -0.33779212832450867,
          "y": 0.19292357563972473,
          "z": -0.3778412342071533
        },
        "matrix": [
          [
            0.6400318741798401,
            0.5045783519744873,
            0.5794477462768555,
            0.6942465305328369
          ],
          [
            -0.7652512192726135,
            0.4862646460533142,
            0.4218268394470215,
            0.04360394924879074
          ],
          [
            -0.06892134994268417,
            -0.7134102582931519,
            0.6973593235015869,
            1.4251617193222046
          ],
          [
            0.0,
            0.0,
            0.0,
            1.0
          ]
        ]
      },
      "bone_length_armature_space": 0.03403869696418778,
      "parent": "metacarpal_thumb_l",
      "has_children": true,
      "is_end_bone": false
    },
    "thumb_02_l": {
      "name": "thumb_02_l",
      "local": {
        "location": {
          "x": 0.0,
          "y": 0.0,
          "z": 0.0
        },
        "rotation_quaternion": {
          "w": 0.9388796091079712,
          "x": 0.34406086802482605,
          "y": -0.001187901827506721,
          "z": -0.01121479645371437
        },
        "scale": {
          "x": 1.0,
          "y": 1.0,
          "z": 1.0
        },
        "matrix_basis": [
          [
            0.9997456073760986,
            0.0202412661164999,
            -0.009947738610208035,
            0.0
          ],
          [
            -0.021876107901334763,
            0.7629926800727844,
            -0.6460368037223816,
            0.0
          ],
          [
            -0.00548655167222023,
            0.6460900902748108,
            0.7632414102554321,
            0.0
          ],
          [
            0.0,
            0.0,
            0.0,
            1.0
          ]
        ],
        "rotation_mode": "QUATERNION"
      },
      "armature_space": {
        "head": {
          "x": 0.7114216089248657,
          "y": -0.0030882935971021652,
          "z": 0.4510241746902466
        },
        "tail": {
          "x": 0.7415480613708496,
          "y": -0.015278413891792297,
          "z": 0.4746246635913849
        }
      },
      "world_space": {
        "head": {
          "x": 0.7114216089248657,
          "y": 0.060155704617500305,
          "z": 1.4008781909942627
        },
        "tail": {
          "x": 0.7415480613708496,
          "y": 0.04796558618545532,
          "z": 1.4244786500930786
        },
        "rotation_quaternion": {
          "w": 0.5836504697799683,
          "x": 0.398522287607193,
          "y": -0.08716750144958496,
          "z": -0.7020925879478455
        },
        "matrix": [
          [
            -0.0010619263630360365,
            0.7500787973403931,
            -0.6613473296165466,
            0.7114216089248657
          ],
          [
            -0.8890298008918762,
            -0.3035055696964264,
            -0.34279870986938477,
            0.060155704617500305
          ],
          [
            -0.45785269141197205,
            0.5875974297523499,
            0.6671690940856934,
            1.4008781909942627
          ],
          [
            0.0,
            0.0,
            0.0,
            1.0
          ]
        ]
      },
      "bone_length_armature_space": 0.0401644770554576,
      "parent": "thumb_01_l",
      "has_children": true,
      "is_end_bone": false
    },
    "thumb_03_l": {
      "name": "thumb_03_l",
      "local": {
        "location": {
          "x": 0.0,
          "y": 0.0,
          "z": 0.0
        },
        "rotation_quaternion": {
          "w": 0.9785381555557251,
          "x": 0.20589281618595123,
          "y": -0.0020749096293002367,
          "z": -0.0081804059445858
        },
        "scale": {
          "x": 1.0,
          "y": 1.0,
          "z": 1.0
        },
        "matrix_basis": [
          [
            0.9998575448989868,
            0.01515526045113802,
            -0.0074293301440775394,
            0.0
          ],
          [
            -0.016864096745848656,
            0.9150824546813965,
            -0.40291401743888855,
            0.0
          ],
          [
            0.0006921828608028591,
            0.4029819071292877,
            0.9152076840400696,
            0.0
          ],
          [
            0.0,
            0.0,
            0.0,
            1.0
          ]
        ],
        "rotation_mode": "QUATERNION"
      },
      "armature_space": {
        "head": {
          "x": 0.7415481209754944,
          "y": -0.015278427861630917,
          "z": 0.4746246039867401
        },
        "tail": {
          "x": 0.7474948763847351,
          "y": -0.02954263985157013,
          "z": 0.5008556842803955
        }
      },
      "world_space": {
        "head": {
          "x": 0.7415481209754944,
          "y": 0.04796557128429413,
          "z": 1.4244786500930786
        },
        "tail": {
          "x": 0.7474948763847351,
          "y": 0.03370136022567749,
          "z": 1.4507097005844116
        },
        "rotation_quaternion": {
          "w": 0.47240588068962097,
          "x": 0.6899968385696411,
          "y": -0.2063257098197937,
          "z": -0.5081011652946472
        },
        "matrix": [
          [
            0.39852768182754517,
            0.1953294575214386,
            -0.8961148262023926,
            0.7415481209754944
          ],
          [
            -0.7647875547409058,
            -0.4685257077217102,
            -0.4422490894794464,
            0.04796557128429413
          ],
          [
            -0.5062413215637207,
            0.8615915775299072,
            -0.03733554482460022,
            1.4244786500930786
          ],
          [
            0.0,
            0.0,
            0.0,
            1.0
          ]
        ]
      },
      "bone_length_armature_space": 0.03044505221486743,
      "parent": "thumb_02_l",
      "has_children": false,
      "is_end_bone": true
    },
    "metacarpal_index_l": {
      "name": "metacarpal_index_l",
      "local": {
        "location": {
          "x": 0.0,
          "y": 0.0,
          "z": 0.0
        },
        "rotation_quaternion": {
          "w": 0.9980369806289673,
          "x": -0.061978138983249664,
          "y": -0.008856701664626598,
          "z": 0.0016061165370047092
        },
        "scale": {
          "x": 1.0,
          "y": 1.0,
          "z": 1.0
        },
        "matrix_basis": [
          [
            0.9998379349708557,
            -0.0021080835722386837,
            -0.017877720296382904,
            0.0
          ],
          [
            0.004303771071135998,
            0.9923122525215149,
            0.12368450313806534,
            0.0
          ],
          [
            0.017479542642831802,
            -0.12374139577150345,
            0.9921605587005615,
            0.0
          ],
          [
            0.0,
            0.0,
            0.0,
            1.0
          ]
        ],
        "rotation_mode": "QUATERNION"
      },
      "armature_space": {
        "head": {
          "x": 0.6587769389152527,
          "y": -0.00462915375828743,
          "z": 0.5064554214477539
        },
        "tail": {
          "x": 0.7698885202407837,
          "y": -0.030668292194604874,
          "z": 0.4798958897590637
        }
      },
      "world_space": {
        "head": {
          "x": 0.6587769389152527,
          "y": 0.05861484631896019,
          "z": 1.45630943775177
        },
        "tail": {
          "x": 0.7698885202407837,
          "y": 0.032575707882642746,
          "z": 1.4297499656677246
        },
        "rotation_quaternion": {
          "w": 0.15105357766151428,
          "x": -0.7816994190216064,
          "y": -0.6050350666046143,
          "z": -0.007840888574719429
        },
        "matrix": [
          [
            0.26774176955223083,
            0.948279619216919,
            -0.17052845656871796,
            0.6587769389152527
          ],
          [
            0.943543016910553,
            -0.22223053872585297,
            0.24564360082149506,
            0.05861484631896019
          ],
          [
            0.1950443834066391,
            -0.22667187452316284,
            -0.9542494416236877,
            1.45630943775177
          ],
          [
            0.0,
            0.0,
            0.0,
            1.0
          ]
        ]
      },
      "bone_length_armature_space": 0.11717179212994563,
      "parent": "lowerarm_l",
      "has_children": true,
      "is_end_bone": false
    },
    "index_01_l": {
      "name": "index_01_l",
      "local": {
        "location": {
          "x": 0.0,
          "y": 0.0,
          "z": 0.0
        },
        "rotation_quaternion": {
          "w": 0.9716994762420654,
          "x": 0.2361835241317749,
          "y": -0.0009736288338899612,
          "z": 0.004060885403305292
        },
        "scale": {
          "x": 1.0,
          "y": 1.0,
          "z": 1.0
        },
        "matrix_basis": [
          [
            0.9999651312828064,
            -0.008351830765604973,
            2.6079194867634214e-05,
            0.0
          ],
          [
            0.007432010490447283,
            0.8884016871452332,
            -0.45900672674179077,
            0.0
          ],
          [
            0.0038103777915239334,
            0.4589909017086029,
            0.8884328007698059,
            0.0
          ],
          [
            0.0,
            0.0,
            0.0,
            1.0
          ]
        ],
        "rotation_mode": "QUATERNION"
      },
      "armature_space": {
        "head": {
          "x": 0.7698885202407837,
          "y": -0.030668292194604874,
          "z": 0.4798958897590637
        },
        "tail": {
          "x": 0.794631838798523,
          "y": -0.025206640362739563,
          "z": 0.46681883931159973
        }
      },
      "world_space": {
        "head": {
          "x": 0.7698885202407837,
          "y": 0.032575707882642746,
          "z": 1.4297499656677246
        },
        "tail": {
          "x": 0.794631838798523,
          "y": 0.03803735971450806,
          "z": 1.4166728258132935
        },
        "rotation_quaternion": {
          "w": 0.26168888807296753,
          "x": -0.6295430064201355,
          "y": -0.7261471748352051,
          "z": 0.08890914171934128
        },
        "matrix": [
          [
            -0.07038740068674088,
            0.8677496910095215,
            -0.49199187755584717,
            0.7698885202407837
          ],
          [
            0.960814893245697,
            0.19154030084609985,
            0.20036879181861877,
            0.032575707882642746
          ],
          [
            0.268108993768692,
            -0.4586127698421478,
            -0.8472344875335693,
            1.4297499656677246
          ],
          [
            0.0,
            0.0,
            0.0,
            1.0
          ]
        ]
      },
      "bone_length_armature_space": 0.028514394150279006,
      "parent": "metacarpal_index_l",
      "has_children": true,
      "is_end_bone": false
    },
    "index_02_l": {
      "name": "index_02_l",
      "local": {
        "location": {
          "x": 0.0,
          "y": 0.0,
          "z": 0.0
        },
        "rotation_quaternion": {
          "w": 0.9076967835426331,
          "x": 0.41960135102272034,
          "y": 0.0030042610596865416,
          "z": -0.0035282315220683813
        },
        "scale": {
          "x": 1.0,
          "y": 1.0,
          "z": 1.0
        },
        "matrix_basis": [
          [
            0.9999570250511169,
            0.008926312439143658,
            0.0024930147919803858,
            0.0
          ],
          [
            -0.0038839448243379593,
            0.6478444933891296,
            -0.761762797832489,
            0.0
          ],
          [
            -0.008414817973971367,
            0.7617204189300537,
            0.6478513479232788,
            0.0
          ],
          [
            0.0,
            0.0,
            0.0,
            1.0
          ]
        ],
        "rotation_mode": "QUATERNION"
      },
      "armature_space": {
        "head": {
          "x": 0.7946320176124573,
          "y": -0.025206733494997025,
          "z": 0.46681833267211914
        },
        "tail": {
          "x": 0.8003761768341064,
          "y": -0.018600881099700928,
          "z": 0.4427047371864319
        }
      },
      "world_space": {
        "head": {
          "x": 0.7946320176124573,
          "y": 0.038037266582250595,
          "z": 1.4166723489761353
        },
        "tail": {
          "x": 0.8003761768341064,
          "y": 0.04464311897754669,
          "z": 1.3925588130950928
        },
        "rotation_quaternion": {
          "w": 0.46949708461761475,
          "x": -0.46472683548927307,
          "y": -0.6390036940574646,
          "z": 0.3940504491329193
        },
        "matrix": [
          [
            -0.12720274925231934,
            0.22391515970230103,
            -0.9662718772888184,
            0.7946320176124573
          ],
          [
            0.963935911655426,
            0.25750529766082764,
            -0.06722325086593628,
            0.038037266582250595
          ],
          [
            0.23377035558223724,
            -0.9399816393852234,
            -0.24859705567359924,
            1.4166723489761353
          ],
          [
            0.0,
            0.0,
            0.0,
            1.0
          ]
        ]
      },
      "bone_length_armature_space": 0.02565342353285659,
      "parent": "index_01_l",
      "has_children": true,
      "is_end_bone": false
    },
    "index_03_l": {
      "name": "index_03_l",
      "local": {
        "location": {
          "x": 0.0,
          "y": 0.0,
          "z": 0.0
        },
        "rotation_quaternion": {
          "w": 0.9611116051673889,
          "x": 0.2761079668998718,
          "y": -0.0008708919631317258,
          "z": -0.005307694431394339
        },
        "scale": {
          "x": 1.0,
          "y": 1.0,
          "z": 1.0
        },
        "matrix_basis": [
          [
            0.9999421238899231,
            0.00972165260463953,
            -0.004605042282491922,
            0.0
          ],
          [
            -0.010683493688702583,
            0.8474724292755127,
            -0.5307319164276123,
            0.0
          ],
          [
            -0.0012569447280839086,
            0.5307503938674927,
            0.847527265548706,
            0.0
          ],
          [
            0.0,
            0.0,
            0.0,
            1.0
          ]
        ],
        "rotation_mode": "QUATERNION"
      },
      "armature_space": {
        "head": {
          "x": 0.800376296043396,
          "y": -0.01860089972615242,
          "z": 0.4427047669887543
        },
        "tail": {
          "x": 0.7881191968917847,
          "y": -0.010398458689451218,
          "z": 0.41748130321502686
        }
      },
      "world_space": {
        "head": {
          "x": 0.800376296043396,
          "y": 0.0446431003510952,
          "z": 1.3925588130950928
        },
        "tail": {
          "x": 0.7881191968917847,
          "y": 0.0528455413877964,
          "z": 1.367335319519043
        },
        "rotation_quaternion": {
          "w": 0.628652036190033,
          "x": -0.26155659556388855,
          "y": -0.4951370358467102,
          "z": 0.5396518707275391
        },
        "matrix": [
          [
            -0.07277102768421173,
            -0.419496089220047,
            -0.9048354625701904,
            0.800376296043396
          ],
          [
            0.9375196695327759,
            0.28072589635849,
            -0.20554862916469574,
            0.0446431003510952
          ],
          [
            0.34024080634117126,
            -0.8632649183273315,
            0.3728595972061157,
            1.3925588130950928
          ],
          [
            0.0,
            0.0,
            0.0,
            1.0
          ]
        ]
      },
      "bone_length_armature_space": 0.0292188233028636,
      "parent": "index_02_l",
      "has_children": false,
      "is_end_bone": true
    },
    "metacarpal_pinky_l": {
      "name": "metacarpal_pinky_l",
      "local": {
        "location": {
          "x": 0.0,
          "y": 0.0,
          "z": 0.0
        },
        "rotation_quaternion": {
          "w": 0.9996721148490906,
          "x": -0.02251138724386692,
          "y": 0.009767427109181881,
          "z": 0.007324220146983862
        },
        "scale": {
          "x": 1.0,
          "y": 1.0,
          "z": 1.0
        },
        "matrix_basis": [
          [
            0.9997019171714783,
            -0.015083394013345242,
            0.019198691472411156,
            0.0
          ],
          [
            0.014203880913555622,
            0.9988791942596436,
            0.04515108838677406,
            0.0
          ],
          [
            -0.019858205690979958,
            -0.04486493393778801,
            0.9987956881523132,
            0.0
          ],
          [
            0.0,
            0.0,
            0.0,
            1.0
          ]
        ],
        "rotation_mode": "QUATERNION"
      },
      "armature_space": {
        "head": {
          "x": 0.6587769389152527,
          "y": -0.00462915375828743,
          "z": 0.5064554214477539
        },
        "tail": {
          "x": 0.7593543529510498,
          "y": 0.017401522025465965,
          "z": 0.5220134258270264
        }
      },
      "world_space": {
        "head": {
          "x": 0.6587769389152527,
          "y": 0.05861484631896019,
          "z": 1.45630943775177
        },
        "tail": {
          "x": 0.7593543529510498,
          "y": 0.08064552396535873,
          "z": 1.4718674421310425
        },
        "rotation_quaternion": {
          "w": 0.6763507723808289,
          "x": 0.3904449939727783,
          "y": 0.3851414620876312,
          "z": -0.4916996359825134
        },
        "matrix": [
          [
            0.21979431807994843,
            0.9658761620521545,
            0.13701710104942322,
            0.6587769389152527
          ],
          [
            -0.36437129974365234,
            0.21156741678714752,
            -0.9069032669067383,
            0.05861484631896019
          ],
          [
            -0.9049512147903442,
            0.1494082510471344,
            0.3984406590461731,
            1.45630943775177
          ],
          [
            0.0,
            0.0,
            0.0,
            1.0
          ]
        ]
      },
      "bone_length_armature_space": 0.10413077556914759,
      "parent": "lowerarm_l",
      "has_children": true,
      "is_end_bone": false
    },
    "pinky_01_l": {
      "name": "pinky_01_l",
      "local": {
        "location": {
          "x": 0.0,
          "y": 0.0,
          "z": 0.0
        },
        "rotation_quaternion": {
          "w": 0.9437886476516724,
          "x": 0.3297838270664215,
          "y": -0.0009034218965098262,
          "z": -0.02247217483818531
        },
        "scale": {
          "x": 1.0,
          "y": 1.0,
          "z": 1.0
        },
        "matrix_basis": [
          [
            0.9989883899688721,
            0.041822098195552826,
            -0.016527198255062103,
            0.0
          ],
          [
            -0.043013833463191986,
            0.7814752459526062,
            -0.6224518418312073,
            0.0
          ],
          [
            -0.013116640970110893,
            0.6225330829620361,
            0.7824836373329163,
            0.0
          ],
          [
            0.0,
            0.0,
            0.0,
            1.0
          ]
        ],
        "rotation_mode": "QUATERNION"
      },
      "armature_space": {
        "head": {
          "x": 0.7593543529510498,
          "y": 0.017401522025465965,
          "z": 0.5220134258270264
        },
        "tail": {
