{
  "metadata": {
    "armature_name": "KIM_caucasian_male",
    "export_time": "2026-01-13T20:26:36.782409",
    "blender_version": "4.4.1",
    "bone_count": 56,
    "end_bone_count": 13,
    "spaces_included": [
      "LOCAL_CHANNELS",
      "ARMATURE_SPACE",
      "WORLD_SPACE"
    ],
    "note": "LOCAL matches Transform panel; replay pose via local.matrix_basis for best fidelity."
  },
  "bones": {
    "Root": {
      "name": "Root",
      "local": {
        "location": {
          "x": 0.0,
          "y": 0.0,
          "z": 0.0
        },
        "rotation_quaternion": {
          "w": 0.9995207786560059,
          "x": 0.01683032140135765,
          "y": -0.0005571713554672897,
          "z": -0.025977980345487595
        },
        "scale": {
          "x": 1.0,
          "y": 1.0,
          "z": 1.0
        },
        "matrix_basis": [
          [
            0.9986496567726135,
            0.05191230773925781,
            -0.001988244242966175,
            0.0
          ],
          [
            -0.051949817687273026,
            0.998083770275116,
            -0.033615563064813614,
            0.0
          ],
          [
            0.00023937317018862814,
            0.03367346152663231,
            0.9994328618049622,
            0.0
          ],
          [
            0.0,
            0.0,
            0.0,
            1.0
          ]
        ],
        "rotation_mode": "QUATERNION"
      },
      "armature_space": {
        "head": {
          "x": 0.0,
          "y": 0.07072800397872925,
          "z": -0.009595036506652832
        },
        "tail": {
          "x": 0.0037052861880511045,
          "y": -0.00018756836652755737,
          "z": -0.002400060184299946
        }
      },
      "world_space": {
        "head": {
          "x": 0.0,
          "y": 0.13397200405597687,
          "z": 0.9402589797973633
        },
        "tail": {
          "x": 0.0037052861880511045,
          "y": 0.06305643171072006,
          "z": 0.9474539756774902
        },
        "rotation_quaternion": {
          "w": 0.050543274730443954,
          "x": 0.9983838200569153,
          "y": 0.02588142827153206,
          "z": -0.0023059844970703125
        },
        "matrix": [
          [
            0.9986496567726135,
            0.05191230773925781,
            -0.001988244242966175,
            0.0
          ],
          [
            0.0514460988342762,
            -0.9935510754585266,
            -0.10104301571846008,
            0.13397200405597687
          ],
          [
            -0.0072208005003631115,
            0.10080404579639435,
            -0.994887113571167,
            0.9402589797973633
          ],
          [
            0.0,
            0.0,
            0.0,
            1.0
          ]
        ]
      },
      "bone_length_armature_space": 0.07137587360894178,
      "parent": null,
      "has_children": true,
      "is_end_bone": false
    },
    "spine_01": {
      "name": "spine_01",
      "local": {
        "location": {
          "x": 0.0,
          "y": 0.0,
          "z": 0.0
        },
        "rotation_quaternion": {
          "w": 0.9992539882659912,
          "x": -0.021231573075056076,
          "y": -0.031172769144177437,
          "z": -0.00830806139856577
        },
        "scale": {
          "x": 1.0,
          "y": 1.0,
          "z": 1.0
        },
        "matrix_basis": [
          [
            0.9979184865951538,
            0.017927421256899834,
            -0.06194624304771423,
            0.0
          ],
          [
            -0.015280033461749554,
            0.9989603757858276,
            0.04294943809509277,
            0.0
          ],
          [
            0.06265181303024292,
            -0.04191349819302559,
            0.997154951095581,
            0.0
          ],
          [
            0.0,
            0.0,
            0.0,
            1.0
          ]
        ],
        "rotation_mode": "QUATERNION"
      },
      "armature_space": {
        "head": {
          "x": 0.0037052861880511045,
          "y": -0.00018756836652755737,
          "z": -0.002400060184299946
        },
        "tail": {
          "x": 0.01457968633621931,
          "y": 0.027146609500050545,
          "z": 0.48471710085868835
        }
      },
      "world_space": {
        "head": {
          "x": 0.0037052861880511045,
          "y": 0.06305643171072006,
          "z": 0.9474539756774902
        },
        "tail": {
          "x": 0.01457968633621931,
          "y": 0.09039060771465302,
          "z": 1.4345711469650269
        },
        "rotation_quaternion": {
          "w": 0.7266295552253723,
          "x": 0.6869202852249146,
          "y": 0.003951304126530886,
          "z": -0.011598133482038975
        },
        "matrix": [
          [
            0.9996997714042664,
            0.02228355035185814,
            -0.010191865265369415,
            0.0037052861880511045
          ],
          [
            -0.011426787823438644,
            0.05601251870393753,
            -0.9983647465705872,
            0.06305643171072006
          ],
          [
            -0.021676400676369667,
            0.9981884360313416,
            0.05624981224536896,
            0.9474539756774902
          ],
          [
            0.0,
            0.0,
            0.0,
            1.0
          ]
        ]
      },
      "bone_length_armature_space": 0.48800466212483395,
      "parent": "Root",
      "has_children": true,
      "is_end_bone": false
    },
    "neck_01": {
      "name": "neck_01",
      "local": {
        "location": {
          "x": 0.0,
          "y": 0.0,
          "z": 0.0
        },
        "rotation_quaternion": {
          "w": 0.9813979268074036,
          "x": -0.11081471294164658,
          "y": -0.12419227510690689,
          "z": -0.09567998349666595
        },
        "scale": {
          "x": 1.0,
          "y": 1.0,
          "z": 1.0
        },
        "matrix_basis": [
          [
            0.9508432149887085,
            0.21532493829727173,
            -0.22255858778953552,
            0.0
          ],
          [
            -0.16027560830116272,
            0.9571309089660645,
            0.24127209186553955,
            0.0
          ],
          [
            0.2649695873260498,
            -0.19374123215675354,
            0.9445927739143372,
            0.0
          ],
          [
            0.0,
            0.0,
            0.0,
            1.0
          ]
        ],
        "rotation_mode": "QUATERNION"
      },
      "armature_space": {
        "head": {
          "x": 0.015857795253396034,
          "y": -0.0033759698271751404,
          "z": 0.5597537159919739
        },
        "tail": {
          "x": 0.03995860368013382,
          "y": -0.017032034695148468,
          "z": 0.6584624648094177
        }
      },
      "world_space": {
        "head": {
          "x": 0.015857795253396034,
          "y": 0.05986803025007248,
          "z": 1.5096077919006348
        },
        "tail": {
          "x": 0.03995860368013382,
          "y": 0.04621196538209915,
          "z": 1.608316421508789
        },
        "rotation_quaternion": {
          "w": 0.6582760810852051,
          "x": 0.7334797978401184,
          "y": 0.00845191441476345,
          "z": -0.16914048790931702
        },
        "matrix": [
          [
            0.9426405429840088,
            0.23508089780807495,
            -0.23699349164962769,
            0.015857795253396034
          ],
          [
            -0.21028228104114532,
            -0.1332021802663803,
            -0.9685240983963013,
            0.05986803025007248
          ],
          [
            -0.25925150513648987,
            0.9628119468688965,
            -0.07612988352775574,
            1.5096077919006348
          ],
          [
            0.0,
            0.0,
            0.0,
            1.0
          ]
        ]
      },
      "bone_length_armature_space": 0.10252196710142002,
      "parent": "spine_01",
      "has_children": true,
      "is_end_bone": false
    },
    "head": {
      "name": "head",
      "local": {
        "location": {
          "x": 0.0,
          "y": 0.0,
          "z": 0.0
        },
        "rotation_quaternion": {
          "w": 0.9844273924827576,
          "x": 0.057540033012628555,
          "y": -0.07879176735877991,
          "z": -0.14623162150382996
        },
        "scale": {
          "x": 1.0,
          "y": 1.0,
          "z": 1.0
        },
        "matrix_basis": [
          [
            0.9448163509368896,
            0.27884146571159363,
            -0.17195789515972137,
            0.0
          ],
          [
            -0.2969761788845062,
            0.9506109356880188,
            -0.09024427086114883,
            0.0
          ],
          [
            0.13830120861530304,
            0.13633166253566742,
            0.9809619784355164,
            0.0
          ],
          [
            0.0,
            0.0,
            0.0,
            1.0
          ]
        ],
        "rotation_mode": "QUATERNION"
      },
      "armature_space": {
        "head": {
          "x": 0.03995854780077934,
          "y": -0.01703217625617981,
          "z": 0.658462405204773
        },
        "tail": {
          "x": 0.12263619899749756,
          "y": -0.013013415969908237,
          "z": 0.7896168231964111
        }
      },
      "world_space": {
        "head": {
          "x": 0.03995854780077934,
          "y": 0.04621182382106781,
          "z": 1.608316421508789
        },
        "tail": {
          "x": 0.12263619899749756,
          "y": 0.05023058503866196,
          "z": 1.7394708395004272
        },
        "rotation_quaternion": {
          "w": 0.7141700387001038,
          "x": 0.616756796836853,
          "y": 0.05401253700256348,
          "z": -0.3265807628631592
        },
        "matrix": [
          [
            0.7808542251586914,
            0.5330939292907715,
            -0.3256959319114685,
            0.03995854780077934
          ],
          [
            -0.39984625577926636,
            0.02591240406036377,
            -0.9162160754203796,
            0.04621182382106781
          ],
          [
            -0.4799932539463043,
            0.8456652164459229,
            0.23339009284973145,
            1.608316421508789
          ],
          [
            0.0,
            0.0,
            0.0,
            1.0
          ]
        ]
      },
      "bone_length_armature_space": 0.15509102229771102,
      "parent": "neck_01",
      "has_children": false,
      "is_end_bone": true
    },
    "upperarm_l": {
      "name": "upperarm_l",
      "local": {
        "location": {
          "x": 0.0,
          "y": 0.0,
          "z": 0.0
        },
        "rotation_quaternion": {
          "w": 0.9211996793746948,
          "x": -0.15173108875751495,
          "y": 0.3291751742362976,
          "z": -0.14146603643894196
        },
        "scale": {
          "x": 1.0,
          "y": 1.0,
          "z": 1.0
        },
        "matrix_basis": [
          [
            0.7432621121406555,
            0.16074472665786743,
            0.6494017243385315,
            0.0
          ],
          [
            -0.3605291545391083,
            0.9139300584793091,
            0.18641504645347595,
            0.0
          ],
          [
            -0.5635425448417664,
            -0.37268346548080444,
            0.7372427582740784,
            0.0
          ],
          [
            0.0,
            0.0,
            0.0,
            1.0
          ]
        ],
        "rotation_mode": "QUATERNION"
      },
      "armature_space": {
        "head": {
          "x": 0.1642826348543167,
          "y": -0.012038378044962883,
          "z": 0.4895956516265869
        },
        "tail": {
          "x": 0.4041299819946289,
          "y": 0.09284811466932297,
          "z": 0.4323267340660095
        }
      },
      "world_space": {
        "head": {
          "x": 0.1642826348543167,
          "y": 0.05120562016963959,
          "z": 1.439449667930603
        },
        "tail": {
          "x": 0.4041299819946289,
          "y": 0.15609210729599,
          "z": 1.3821806907653809
        },
        "rotation_quaternion": {
          "w": 0.2949312627315521,
          "x": 0.45658349990844727,
          "y": 0.7802067399024963,
          "z": -0.309555321931839
        },
        "matrix": [
          [
            -0.40909329056739807,
            0.895054817199707,
            0.17753726243972778,
            0.1642826348543167
          ],
          [
            0.5298647284507751,
            0.3914121687412262,
            -0.7523563504219055,
            0.05120562016963959
          ],
          [
            -0.7428951263427734,
            -0.21371440589427948,
            -0.634387195110321,
            1.439449667930603
          ],
          [
            0.0,
            0.0,
            0.0,
            1.0
          ]
        ]
      },
      "bone_length_armature_space": 0.2679695030680048,
      "parent": "spine_01",
      "has_children": true,
      "is_end_bone": false
    },
    "lowerarm_l": {
      "name": "lowerarm_l",
      "local": {
        "location": {
          "x": 0.0,
          "y": 0.0,
          "z": 0.0
        },
        "rotation_quaternion": {
          "w": 0.8926264047622681,
          "x": 0.3876900374889374,
          "y": 0.09179368615150452,
          "z": -0.21092315018177032
        },
        "scale": {
          "x": 1.0,
          "y": 1.0,
          "z": 1.0
        },
        "matrix_basis": [
          [
            0.8941707015037537,
            0.44772613048553467,
            0.00032932808971963823,
            0.0
          ],
          [
            -0.3053761422634125,
            0.6104156970977783,
            -0.7308475375175476,
            0.0
          ],
          [
            -0.32742053270339966,
            0.6534019112586975,
            0.6825407147407532,
            0.0
          ],
          [
            0.0,
            0.0,
            0.0,
            1.0
          ]
        ],
        "rotation_mode": "QUATERNION"
      },
      "armature_space": {
        "head": {
          "x": 0.40413010120391846,
          "y": 0.0928480476140976,
          "z": 0.4323267638683319
        },
        "tail": {
          "x": 0.5382696390151978,
          "y": 0.037721604108810425,
          "z": 0.2075207531452179
        }
      },
      "world_space": {
        "head": {
          "x": 0.40413010120391846,
          "y": 0.15609204769134521,
          "z": 1.3821808099746704
        },
        "tail": {
          "x": 0.5382696390151978,
          "y": 0.10096560418605804,
          "z": 1.1573747396469116
        },
        "rotation_quaternion": {
          "w": 0.035011667758226395,
          "x": -0.43435138463974,
          "y": -0.6290820837020874,
          "z": 0.6437149047851562
        },
        "matrix": [
          [
            -0.620223343372345,
            0.5014103055000305,
            -0.6032498478889465,
            0.40413010120391846
          ],
          [
            0.5915631055831909,
            -0.20606130361557007,
            -0.7794818878173828,
            0.15609204769134521
          ],
          [
            -0.515149712562561,
            -0.8403193950653076,
            -0.16881388425827026,
            1.3821808099746704
          ],
          [
            0.0,
            0.0,
            0.0,
            1.0
          ]
        ]
      },
      "bone_length_armature_space": 0.26752585358204456,
      "parent": "upperarm_l",
      "has_children": true,
      "is_end_bone": false
    },
    "metacarpal_thumb_l": {
      "name": "metacarpal_thumb_l",
      "local": {
        "location": {
          "x": 0.0,
          "y": 0.0,
          "z": 0.0
        },
        "rotation_quaternion": {
          "w": 0.9995625019073486,
          "x": -0.025759438052773476,
          "y": -0.0037766029126942158,
          "z": 0.01404169574379921
        },
        "scale": {
          "x": 1.0,
          "y": 1.0,
          "z": 1.0
        },
        "matrix_basis": [
          [
            0.9995771646499634,
            -0.027876539155840874,
            -0.008273313753306866,
            0.0
          ],
          [
            0.02826567180454731,
            0.9982785582542419,
            0.05139027535915375,
            0.0
          ],
          [
            0.006826488766819239,
            -0.05160239711403847,
            0.9986443519592285,
            0.0
          ],
          [
            0.0,
            0.0,
            0.0,
            1.0
          ]
        ],
        "rotation_mode": "QUATERNION"
      },
      "armature_space": {
        "head": {
          "x": 0.5382696390151978,
          "y": 0.037721604108810425,
          "z": 0.2075207531452179
        },
        "tail": {
          "x": 0.5353699922561646,
          "y": 0.009920923039317131,
          "z": 0.1666266918182373
        }
      },
      "world_space": {
        "head": {
          "x": 0.5382696390151978,
          "y": 0.10096560418605804,
          "z": 1.1573747396469116
        },
        "tail": {
          "x": 0.5353699922561646,
          "y": 0.0731649249792099,
          "z": 1.1164807081222534
        },
        "rotation_quaternion": {
          "w": 0.4446852505207062,
          "x": -0.8171147108078003,
          "y": -0.14707636833190918,
          "z": 0.3360762596130371
        },
        "matrix": [
          [
            0.7308430671691895,
            -0.0585387758910656,
            -0.6800302863121033,
            0.5382696390151978
          ],
          [
            0.5392521023750305,
            -0.5612481832504272,
            0.6278596520423889,
            0.10096560418605804
          ],
          [
            -0.41842228174209595,
            -0.8255810141563416,
            -0.3786192536354065,
            1.1573747396469116
          ],
          [
            0.0,
            0.0,
            0.0,
            1.0
          ]
        ]
      },
      "bone_length_armature_space": 0.04953392874879751,
      "parent": "lowerarm_l",
      "has_children": true,
      "is_end_bone": false
    },
    "thumb_01_l": {
      "name": "thumb_01_l",
      "local": {
        "location": {
          "x": 0.0,
          "y": 0.0,
          "z": 0.0
        },
        "rotation_quaternion": {
          "w": 0.9996622800827026,
          "x": 0.023082951083779335,
          "y": 0.011896636337041855,
          "z": 0.001099374028854072
        },
        "scale": {
          "x": 1.0,
          "y": 1.0,
          "z": 1.0
        },
        "matrix_basis": [
          [
            0.9997144937515259,
            -0.0016487865941599011,
            0.023835990577936172,
            0.0
          ],
          [
            0.002747224410995841,
            0.9989319443702698,
            -0.04612415283918381,
            0.0
          ],
          [
            -0.023734483867883682,
            0.04617646709084511,
            0.9986512660980225,
            0.0
          ],
          [
            0.0,
            0.0,
            0.0,
            1.0
          ]
        ],
        "rotation_mode": "QUATERNION"
      },
      "armature_space": {
        "head": {
          "x": 0.5353699922561646,
          "y": 0.009920923039317131,
          "z": 0.1666266918182373
        },
        "tail": {
          "x": 0.5149224400520325,
          "y": 0.01183104608207941,
          "z": 0.1394810974597931
        }
      },
      "world_space": {
        "head": {
          "x": 0.5353699922561646,
          "y": 0.0731649249792099,
          "z": 1.1164807081222534
        },
        "tail": {
          "x": 0.5149224400520325,
          "y": 0.07507504522800446,
          "z": 1.0893350839614868
        },
        "rotation_quaternion": {
          "w": 0.4885275065898895,
          "x": -0.674885094165802,
          "y": 0.5379575490951538,
          "z": -0.1283460259437561
        },
        "matrix": [
          [
            0.38825446367263794,
            -0.6007174253463745,
            0.6988538503646851,
            0.5353699922561646
          ],
          [
            -0.8515221476554871,
            0.05611642450094223,
            0.5213069319725037,
            0.0731649249792099
          ],
          [
            -0.3523785471916199,
            -0.7974949479103088,
            -0.4897397458553314,
            1.1164807081222534
          ],
          [
            0.0,
            0.0,
            0.0,
            1.0
          ]
        ]
      },
      "bone_length_armature_space": 0.03403871744796736,
      "parent": "metacarpal_thumb_l",
      "has_children": true,
      "is_end_bone": false
    },
    "thumb_02_l": {
      "name": "thumb_02_l",
      "local": {
        "location": {
          "x": 0.0,
          "y": 0.0,
          "z": 0.0
        },
        "rotation_quaternion": {
          "w": 0.9961103200912476,
          "x": 0.08807522803544998,
          "y": 0.0021569388918578625,
          "z": -0.0015823801513761282
        },
        "scale": {
          "x": 1.0,
          "y": 1.0,
          "z": 1.0
        },
        "matrix_basis": [
          [
            0.9999856948852539,
            0.003532396163791418,
            0.004018361214548349,
            0.0
          ],
          [
            -0.002772504696622491,
            0.9844805002212524,
            -0.17547211050987244,
            0.0
          ],
          [
            -0.004575835075229406,
            0.17545846104621887,
            0.9844762086868286,
            0.0
          ],
          [
            0.0,
            0.0,
            0.0,
            1.0
          ]
        ],
        "rotation_mode": "QUATERNION"
      },
      "armature_space": {
        "head": {
          "x": 0.5149223804473877,
          "y": 0.011831051670014858,
          "z": 0.13948115706443787
        },
        "tail": {
          "x": 0.5360777974128723,
          "y": 0.00351724773645401,
          "z": 0.10636734962463379
        }
      },
      "world_space": {
        "head": {
          "x": 0.5149223804473877,
          "y": 0.07507505267858505,
          "z": 1.0893352031707764
        },
        "tail": {
          "x": 0.5360777974128723,
          "y": 0.06676124781370163,
          "z": 1.05622136592865
        },
        "rotation_quaternion": {
          "w": 0.5474439263343811,
          "x": -0.3624916672706604,
          "y": 0.3111390471458435,
          "z": -0.6870935559272766
        },
        "matrix": [
          [
            -0.13780727982521057,
            0.5267202854156494,
            0.8387935161590576,
            0.5149223804473877
          ],
          [
            -0.977861225605011,
            -0.20699432492256165,
            -0.03067290410399437,
            0.07507505267858505
          ],
          [
            0.1574697047472,
            -0.8244565725326538,
            0.5435884594917297,
            1.0893352031707764
          ],
          [
            0.0,
            0.0,
            0.0,
            1.0
          ]
        ]
      },
      "bone_length_armature_space": 0.040164602504440094,
      "parent": "thumb_01_l",
      "has_children": true,
      "is_end_bone": false
    },
    "thumb_03_l": {
      "name": "thumb_03_l",
      "local": {
        "location": {
          "x": 0.0,
          "y": 0.0,
          "z": 0.0
        },
        "rotation_quaternion": {
          "w": 0.9981237649917603,
          "x": 0.061190903186798096,
          "y": -0.0021331612952053547,
          "z": 0.0004227196332067251
        },
        "scale": {
          "x": 1.0,
          "y": 1.0,
          "z": 1.0
        },
        "matrix_basis": [
          [
            0.9999905228614807,
            -0.0011049131862819195,
            -0.004206584766507149,
            0.0
          ],
          [
            0.0005827929126098752,
            0.992510974407196,
            -0.12215398997068405,
            0.0
          ],
          [
            0.00431005097925663,
            0.12215038388967514,
            0.9925022721290588,
            0.0
          ],
          [
            0.0,
            0.0,
            0.0,
            1.0
          ]
        ],
        "rotation_mode": "QUATERNION"
      },
      "armature_space": {
        "head": {
          "x": 0.5360776782035828,
          "y": 0.0035172048956155777,
          "z": 0.10636736452579498
        },
        "tail": {
          "x": 0.560964822769165,
          "y": 0.0007620204705744982,
          "z": 0.08904874324798584
        }
      },
      "world_space": {
        "head": {
          "x": 0.5360776782035828,
          "y": 0.06676120311021805,
          "z": 1.05622136592865
        },
        "tail": {
          "x": 0.560964822769165,
          "y": 0.0640060231089592,
          "z": 1.038902759552002
        },
        "rotation_quaternion": {
          "w": 0.5965733528137207,
          "x": -0.09054198861122131,
          "y": 0.31440573930740356,
          "z": -0.7328380346298218
        },
        "matrix": [
          [
            -0.27180254459381104,
            0.8174487352371216,
            0.5078393220901489,
            0.5360776782035828
          ],
          [
            -0.9313182234764099,
            -0.0904974490404129,
            -0.35278406739234924,
            0.06676120311021805
          ],
          [
            -0.24242721498012543,
            -0.5688515901565552,
            0.7859075665473938,
            1.05622136592865
          ],
          [
            0.0,
            0.0,
            0.0,
            1.0
          ]
        ]
      },
      "bone_length_armature_space": 0.030444961071240242,
      "parent": "thumb_02_l",
      "has_children": false,
      "is_end_bone": true
    },
    "metacarpal_index_l": {
      "name": "metacarpal_index_l",
      "local": {
        "location": {
          "x": 0.0,
          "y": 0.0,
          "z": 0.0
        },
        "rotation_quaternion": {
          "w": 0.9997274279594421,
          "x": 0.018036847934126854,
          "y": 0.01287765707820654,
          "z": -0.007356368936598301
        },
        "scale": {
          "x": 1.0,
          "y": 1.0,
          "z": 1.0
        },
        "matrix_basis": [
          [
            0.9995601177215576,
            0.015173272229731083,
            0.025482922792434692,
            0.0
          ],
          [
            -0.014244182966649532,
            0.9992411136627197,
            -0.03625332936644554,
            0.0
          ],
          [
            -0.02601366490125656,
            0.035874396562576294,
            0.9990176558494568,
            0.0
          ],
          [
            0.0,
            0.0,
            0.0,
            1.0
          ]
        ],
        "rotation_mode": "QUATERNION"
      },
      "armature_space": {
        "head": {
          "x": 0.5382696390151978,
          "y": 0.037721604108810425,
          "z": 0.2075207531452179
        },
        "tail": {
          "x": 0.5653172135353088,
          "y": -0.007535889744758606,
          "z": 0.10288055986166
        }
      },
      "world_space": {
        "head": {
          "x": 0.5382696390151978,
          "y": 0.10096560418605804,
          "z": 1.1573747396469116
        },
        "tail": {
          "x": 0.5653172135353088,
          "y": 0.055708110332489014,
          "z": 1.052734613418579
        },
        "rotation_quaternion": {
          "w": 0.37099674344062805,
          "x": -0.6945460438728333,
          "y": -0.4113840162754059,
          "z": 0.4590538740158081
        },
        "matrix": [
          [
            0.2400648593902588,
            0.23083685338497162,
            -0.9429119229316711,
            0.5382696390151978
          ],
          [
            0.9120654463768005,
            -0.38624924421310425,
            0.1376529037952423,
            0.10096560418605804
          ],
          [
            -0.33242493867874146,
            -0.8930497765541077,
            -0.303265243768692,
            1.1573747396469116
          ],
          [
            0.0,
            0.0,
            0.0,
            1.0
          ]
        ]
      },
      "bone_length_armature_space": 0.11717244463809914,
      "parent": "lowerarm_l",
      "has_children": true,
      "is_end_bone": false
    },
    "index_01_l": {
      "name": "index_01_l",
      "local": {
        "location": {
          "x": 0.0,
          "y": 0.0,
          "z": 0.0
        },
        "rotation_quaternion": {
          "w": 0.9931774139404297,
          "x": -0.1159532219171524,
          "y": 0.012022576294839382,
          "z": 0.0029966789297759533
        },
        "scale": {
          "x": 1.0,
          "y": 1.0,
          "z": 1.0
        },
        "matrix_basis": [
          [
            0.999692976474762,
            -0.008740580640733242,
            0.023186152800917625,
            0.0
          ],
          [
            0.0031643547117710114,
            0.973091721534729,
            0.2303963005542755,
            0.0
          ],
          [
            -0.02457605116069317,
            -0.2302521914243698,
            0.9728206396102905,
            0.0
          ],
          [
            0.0,
            0.0,
            0.0,
            1.0
          ]
        ],
        "rotation_mode": "QUATERNION"
      },
      "armature_space": {
        "head": {
          "x": 0.5653172135353088,
          "y": -0.007535889744758606,
          "z": 0.10288055986166
        },
        "tail": {
          "x": 0.5828695297241211,
          "y": -0.010471267625689507,
          "z": 0.08060108125209808
        }
      },
      "world_space": {
        "head": {
          "x": 0.5653172135353088,
          "y": 0.055708110332489014,
          "z": 1.052734613418579
        },
        "tail": {
          "x": 0.5828695297241211,
          "y": 0.052772730588912964,
          "z": 1.0304551124572754
        },
        "rotation_quaternion": {
          "w": 0.3357270061969757,
          "x": -0.690069854259491,
          "y": -0.5794955492019653,
          "z": 0.27436473965644836
        },
        "matrix": [
          [
            0.17781449854373932,
            0.6155612468719482,
            -0.7677670121192932,
            0.5653172135353088
          ],
          [
            0.9840086698532104,
            -0.10294380784034729,
            0.1453605741262436,
            0.055708110332489014
          ],
          [
            0.010442708618938923,
            -0.7813422083854675,
            -0.6240267753601074,
            1.052734613418579
          ],
          [
            0.0,
            0.0,
            0.0,
            1.0
          ]
        ]
      },
      "bone_length_armature_space": 0.0285144768883453,
      "parent": "metacarpal_index_l",
      "has_children": true,
      "is_end_bone": false
    },
    "index_02_l": {
      "name": "index_02_l",
      "local": {
        "location": {
          "x": 0.0,
          "y": 0.0,
          "z": 0.0
        },
        "rotation_quaternion": {
          "w": 0.9992983341217041,
          "x": 0.036692291498184204,
          "y": -0.0020115217193961143,
          "z": 0.0072451187297701836
        },
        "scale": {
          "x": 1.0,
          "y": 1.0,
          "z": 1.0
        },
        "matrix_basis": [
          [
            0.9998869299888611,
            -0.014627684839069843,
            -0.0034885406494140625,
            0.0
          ],
          [
            0.014332455582916737,
            0.9972023963928223,
            -0.07336223870515823,
            0.0
          ],
          [
            0.004551900550723076,
            0.0733039453625679,
            0.9972992539405823,
            0.0
          ],
          [
            0.0,
            0.0,
            0.0,
            1.0
          ]
        ],
        "rotation_mode": "QUATERNION"
      },
      "armature_space": {
        "head": {
          "x": 0.5828695297241211,
          "y": -0.010471493937075138,
          "z": 0.08060057461261749
        },
        "tail": {
          "x": 0.5979596376419067,
          "y": -0.012675312347710133,
          "z": 0.05997224897146225
        }
      },
      "world_space": {
        "head": {
          "x": 0.5828695297241211,
          "y": 0.052772507071495056,
          "z": 1.0304546356201172
        },
        "tail": {
          "x": 0.5979596376419067,
          "y": 0.05056868866086006,
          "z": 1.0098263025283813
        },
        "rotation_quaternion": {
          "w": 0.3297274112701416,
          "x": -0.6698555946350098,
          "y": -0.5901908874511719,
          "z": 0.3069983124732971
        },
        "matrix": [
          [
            0.114849753677845,
            0.5882337093353271,
            -0.8004939556121826,
            0.5828695297241211
          ],
          [
            0.9931373596191406,
            -0.08590791374444962,
            0.07936088740825653,
            0.052772507071495056
          ],
          [
            -0.02208501659333706,
            -0.8041207194328308,
            -0.5940675139427185,
            1.0304546356201172
          ],
          [
            0.0,
            0.0,
            0.0,
            1.0
          ]
        ]
      },
      "bone_length_armature_space": 0.025653381857643574,
      "parent": "index_01_l",
      "has_children": true,
      "is_end_bone": false
    },
    "index_03_l": {
      "name": "index_03_l",
      "local": {
        "location": {
          "x": 0.0,
          "y": 0.0,
          "z": 0.0
        },
        "rotation_quaternion": {
          "w": 0.9998654723167419,
          "x": 0.013490801677107811,
          "y": -0.008095743134617805,
          "z": 0.004636544734239578
        },
        "scale": {
          "x": 1.0,
          "y": 1.0,
          "z": 1.0
        },
        "matrix_basis": [
          [
            0.9998258948326111,
            -0.00949027854949236,
            -0.016064206138253212,
            0.0
          ],
          [
            0.009053406305611134,
            0.9995930194854736,
            -0.027053046971559525,
            0.0
          ],
          [
            0.01631440967321396,
            0.026902901008725166,
            0.9995049238204956,
            0.0
          ],
          [
            0.0,
            0.0,
            0.0,
            1.0
          ]
        ],
        "rotation_mode": "QUATERNION"
      },
      "armature_space": {
        "head": {
          "x": 0.5979597568511963,
          "y": -0.012675347737967968,
          "z": 0.05997234210371971
        },
        "tail": {
          "x": 0.6125507950782776,
          "y": -0.012481575831770897,
          "z": 0.03465823084115982
        }
      },
      "world_space": {
        "head": {
          "x": 0.5979597568511963,
          "y": 0.05056865140795708,
          "z": 1.0098263025283813
        },
        "tail": {
          "x": 0.6125507950782776,
          "y": 0.050762422382831573,
          "z": 0.9845122694969177
        },
        "rotation_quaternion": {
          "w": 0.39636725187301636,
          "x": -0.6330289840698242,
          "y": -0.5883946418762207,
          "z": 0.3097726106643677
        },
        "matrix": [
          [
            0.11566147953271866,
            0.49937379360198975,
            -0.8586315512657166,
            0.5979597568511963
          ],
          [
            0.9905096292495728,
            0.006631770636886358,
            0.1372833251953125,
            0.05056865140795708
          ],
          [
            0.07425160706043243,
            -0.8663673400878906,
            -0.4938708245754242,
            1.0098263025283813
          ],
          [
            0.0,
            0.0,
            0.0,
            1.0
          ]
        ]
      },
      "bone_length_armature_space": 0.029218832578225735,
      "parent": "index_02_l",
      "has_children": false,
      "is_end_bone": true
    },
    "metacarpal_pinky_l": {
      "name": "metacarpal_pinky_l",
      "local": {
        "location": {
          "x": 0.0,
          "y": 0.0,
          "z": 0.0
        },
        "rotation_quaternion": {
          "w": 0.9997655153274536,
          "x": -0.012220067903399467,
          "y": -0.016681794077157974,
          "z": 0.006430906243622303
        },
        "scale": {
          "x": 1.0,
          "y": 1.0,
          "z": 1.0
        },
        "matrix_basis": [
          [
            0.9993607401847839,
            -0.012451090849936008,
            -0.033512938767671585,
            0.0
          ],
          [
            0.013266501948237419,
            0.999618649482727,
            0.024219846352934837,
            0.0
          ],
          [
            0.03319859132170677,
            -0.024648962542414665,
            0.9991447925567627,
            0.0
          ],
          [
            0.0,
            0.0,
            0.0,
            1.0
          ]
        ],
        "rotation_mode": "QUATERNION"
      },
      "armature_space": {
        "head": {
          "x": 0.5382696390151978,
          "y": 0.037721604108810425,
          "z": 0.2075207531452179
        },
        "tail": {
          "x": 0.6062150001525879,
          "y": 0.04507109522819519,
          "z": 0.12895415723323822
        }
      },
      "world_space": {
        "head": {
          "x": 0.5382696390151978,
          "y": 0.10096560418605804,
          "z": 1.1573747396469116
        },
        "tail": {
          "x": 0.6062150001525879,
          "y": 0.10831509530544281,
          "z": 1.0788081884384155
        },
        "rotation_quaternion": {
          "w": 0.474777489900589,
          "x": 0.004677071236073971,
          "y": 0.5566648244857788,
          "z": -0.6816808581352234
        },
        "matrix": [
          [
            -0.5491262674331665,
            0.6525005102157593,
            0.522209882736206,
            0.5382696390151978
          ],
          [
            -0.6420894265174866,
            0.07057943940162659,
            -0.7633740901947021,
            0.10096560418605804
          ],
          [
            -0.5349637866020203,
            -0.7544993758201599,
            0.38020849227905273,
            1.1573747396469116
          ],
          [
            0.0,
            0.0,
            0.0,
            1.0
          ]
        ]
      },
      "bone_length_armature_space": 0.1041311537225887,
      "parent": "lowerarm_l",
      "has_children": true,
      "is_end_bone": false
    },
    "pinky_01_l": {
      "name": "pinky_01_l",
      "local": {
        "location": {
          "x": 0.0,
          "y": 0.0,
          "z": 0.0
        },
        "rotation_quaternion": {
          "w": 0.966883659362793,
          "x": 0.2550305426120758,
          "y": -0.009768647141754627,
          "z": 6.651064177276567e-05
        },
        "scale": {
          "x": 1.0,
          "y": 1.0,
          "z": 1.0
        },
        "matrix_basis": [
          [
            0.9998091459274292,
            -0.005111223086714745,
            -0.018856365233659744,
            0.0
          ],
          [
            -0.004853990860283375,
            0.8699188232421875,
            -0.4931710362434387,
            0.0
          ],
          [
            0.01892421580851078,
            0.493168443441391,
            0.8697279691696167,
            0.0
          ],
          [
            0.0,
            0.0,
            0.0,
            1.0
          ]
        ],
        "rotation_mode": "QUATERNION"
      },
      "armature_space": {
        "head": {
          "x": 0.6062150001525879,
          "y": 0.04507109522819519,
          "z": 0.12895415723323822
        },
        "tail": {
