{
  "metadata": {
    "armature_name": "KIM_caucasian_male",
    "export_time": "2026-01-13T21:04:13.187687",
    "blender_version": "4.4.1",
    "bone_count": 56,
    "end_bone_count": 13,
    "spaces_included": [
      "LOCAL_CHANNELS",
      "ARMATURE_SPACE",
      "WORLD_SPACE"
    ],
    "note": "LOCAL matches Transform panel; replay pose via local.matrix_basis for best fidelity."
  },
  "bones": {
    "Root": {
      "name": "Root",
      "local": {
        "location": {
          "x": 0.0,
          "y": 0.0,
          "z": 0.0
        },
        "rotation_quaternion": {
          "w": 0.9997501969337463,
          "x": -0.009761747904121876,
          "y": 0.009226659312844276,
          "z": -0.017867688089609146
        },
        "scale": {
          "x": 1.0,
          "y": 1.0,
          "z": 1.0
        },
        "matrix_basis": [
          [
            0.9991912245750427,
            0.03554631397128105,
            0.01879754848778248,
            0.0
          ],
          [
            -0.0359065867960453,
            0.9991708993911743,
            0.019188901409506798,
            0.0
          ],
          [
            -0.018099868670105934,
            -0.019848337396979332,
            0.9996391534805298,
            0.0
          ],
          [
            0.0,
            0.0,
            0.0,
            1.0
          ]
        ],
        "rotation_mode": "QUATERNION"
      },
      "armature_space": {
        "head": {
          "x": 0.0,
          "y": 0.07072800397872925,
          "z": -0.009595036506652832
        },
        "tail": {
          "x": 0.002537149004638195,
          "y": 0.0002490878105163574,
          "z": 0.0013958867639303207
        }
      },
      "world_space": {
        "head": {
          "x": 0.0,
          "y": 0.13397200405597687,
          "z": 0.9402589797973633
        },
        "tail": {
          "x": 0.002537149004638195,
          "y": 0.06349308788776398,
          "z": 0.951249897480011
        },
        "rotation_quaternion": {
          "w": 0.07709039747714996,
          "x": 0.9968212842941284,
          "y": 0.01844867877662182,
          "z": 0.008001989684998989
        },
        "matrix": [
          [
            0.9991912245750427,
            0.03554631397128105,
            0.01879754848778248,
            0.0
          ],
          [
            0.03801382705569267,
            -0.9874333739280701,
            -0.15339592099189758,
            0.13397200405597687
          ],
          [
            0.013108795508742332,
            0.15398654341697693,
            -0.987993061542511,
            0.9402589797973633
          ],
          [
            0.0,
            0.0,
            0.0,
            1.0
          ]
        ]
      },
      "bone_length_armature_space": 0.07137587074828937,
      "parent": null,
      "has_children": true,
      "is_end_bone": false
    },
    "spine_01": {
      "name": "spine_01",
      "local": {
        "location": {
          "x": 0.0,
          "y": 0.0,
          "z": 0.0
        },
        "rotation_quaternion": {
          "w": 0.9910112619400024,
          "x": 0.1000261902809143,
          "y": -0.043068911880254745,
          "z": -0.07769430428743362
        },
        "scale": {
          "x": 1.0,
          "y": 1.0,
          "z": 1.0
        },
        "matrix_basis": [
          [
            0.9842173457145691,
            0.1453758180141449,
            -0.10090648382902145,
            0.0
          ],
          [
            -0.16260789334774017,
            0.96791672706604,
            -0.1915617436170578,
            0.0
          ],
          [
            0.06982062011957169,
            0.2049465775489807,
            0.9762796759605408,
            0.0
          ],
          [
            0.0,
            0.0,
            0.0,
            1.0
          ]
        ],
        "rotation_mode": "QUATERNION"
      },
      "armature_space": {
        "head": {
          "x": 0.002537149004638195,
          "y": 0.0002490878105163574,
          "z": 0.0013958867639303207
        },
        "tail": {
          "x": 0.06976259499788284,
          "y": -0.06563279777765274,
          "z": 0.48023682832717896
        }
      },
      "world_space": {
        "head": {
          "x": 0.002537149004638195,
          "y": 0.06349308788776398,
          "z": 0.951249897480011
        },
        "tail": {
          "x": 0.06976259499788284,
          "y": -0.002388797700405121,
          "z": 1.4300909042358398
        },
        "rotation_quaternion": {
          "w": 0.6568861603736877,
          "x": 0.7501822113990784,
          "y": 0.03160218149423599,
          "z": -0.06876526772975922
        },
        "matrix": [
          [
            0.988545298576355,
            0.13775672018527985,
            -0.06165396049618721,
            0.002537149004638195
          ],
          [
            -0.04292623698711395,
            -0.13500352203845978,
            -0.9899148344993591,
            0.06349308788776398
          ],
          [
            -0.14469198882579803,
            0.9812290072441101,
            -0.1275455504655838,
            0.951249897480011
          ],
          [
            0.0,
            0.0,
            0.0,
            1.0
          ]
        ]
      },
      "bone_length_armature_space": 0.4880044429088364,
      "parent": "Root",
      "has_children": true,
      "is_end_bone": false
    },
    "neck_01": {
      "name": "neck_01",
      "local": {
        "location": {
          "x": 0.0,
          "y": 0.0,
          "z": 0.0
        },
        "rotation_quaternion": {
          "w": 0.9903424978256226,
          "x": -0.02379160374403,
          "y": -0.09703443199396133,
          "z": -0.09612469375133514
        },
        "scale": {
          "x": 1.0,
          "y": 1.0,
          "z": 1.0
        },
        "matrix_basis": [
          [
            0.9626887440681458,
            0.19500994682312012,
            -0.18762072920799255,
            0.0
          ],
          [
            -0.1857755333185196,
            0.9803879857063293,
            0.06577847898006439,
            0.0
          ],
          [
            0.19676856696605682,
            -0.028468862175941467,
            0.9800365567207336,
            0.0
          ],
          [
            0.0,
            0.0,
            0.0,
            1.0
          ]
        ],
        "rotation_mode": "QUATERNION"
      },
      "armature_space": {
        "head": {
          "x": 0.07771074771881104,
          "y": -0.10984823107719421,
          "z": 0.5476576089859009
        },
        "tail": {
          "x": 0.10824855417013168,
          "y": -0.15856485068798065,
          "z": 0.6325389742851257
        }
      },
      "world_space": {
        "head": {
          "x": 0.07771074771881104,
          "y": -0.046604230999946594,
          "z": 1.497511625289917
        },
        "tail": {
          "x": 0.10824855417013168,
          "y": -0.09532085061073303,
          "z": 1.582392930984497
        },
        "rotation_quaternion": {
          "w": 0.5094683170318604,
          "x": 0.8340202569961548,
          "y": 0.053380612283945084,
          "z": -0.20494581758975983
        },
        "matrix": [
          [
            0.9102959036827087,
            0.2978678047657013,
            -0.2874651849269867,
            0.07771074771881104
          ],
          [
            -0.11978454887866974,
            -0.4751851558685303,
            -0.8716942667961121,
            -0.046604230999946594
          ],
          [
            -0.39625176787376404,
            0.8279387354850769,
            -0.3968827724456787,
            1.497511625289917
          ],
          [
            0.0,
            0.0,
            0.0,
            1.0
          ]
        ]
      },
      "bone_length_armature_space": 0.10252176717946022,
      "parent": "spine_01",
      "has_children": true,
      "is_end_bone": false
    },
    "head": {
      "name": "head",
      "local": {
        "location": {
          "x": 0.0,
          "y": 0.0,
          "z": 0.0
        },
        "rotation_quaternion": {
          "w": 0.9992750883102417,
          "x": -0.008036007173359394,
          "y": 0.03721083700656891,
          "z": -0.0003210648719687015
        },
        "scale": {
          "x": 1.0,
          "y": 1.0,
          "z": 1.0
        },
        "matrix_basis": [
          [
            0.9972305297851562,
            4.3611151340883225e-05,
            0.07437288761138916,
            0.0
          ],
          [
            -0.001239717355929315,
            0.9998706579208374,
            0.016036469489336014,
            0.0
          ],
          [
            -0.07436256110668182,
            -0.016084257513284683,
            0.9971015453338623,
            0.0
          ],
          [
            0.0,
            0.0,
            0.0,
            1.0
          ]
        ],
        "rotation_mode": "QUATERNION"
      },
      "armature_space": {
        "head": {
          "x": 0.10824848711490631,
          "y": -0.158564954996109,
          "z": 0.6325388550758362
        },
        "tail": {
          "x": 0.16775384545326233,
          "y": -0.17593738436698914,
          "z": 0.7747027277946472
        }
      },
      "world_space": {
        "head": {
          "x": 0.10824848711490631,
          "y": -0.09532095491886139,
          "z": 1.582392930984497
        },
        "tail": {
          "x": 0.16775384545326233,
          "y": -0.11269338428974152,
          "z": 1.7245566844940186
        },
        "rotation_quaternion": {
          "w": 0.6563277244567871,
          "x": 0.7272040247917175,
          "y": 0.11500609666109085,
          "z": -0.16486908495426178
        },
        "matrix": [
          [
            0.9191837310791016,
            0.3836822211742401,
            -0.08882147073745728,
            0.10824848711490631
          ],
          [
            -0.049148283898830414,
            -0.1120150238275528,
            -0.9924904704093933,
            -0.09532095491886139
          ],
          [
            -0.3907530605792999,
            0.9166527390480042,
            -0.08410664647817612,
            1.582392930984497
          ],
          [
            0.0,
            0.0,
            0.0,
            1.0
          ]
        ]
      },
      "bone_length_armature_space": 0.1550911185009324,
      "parent": "neck_01",
      "has_children": false,
      "is_end_bone": true
    },
    "upperarm_l": {
      "name": "upperarm_l",
      "local": {
        "location": {
          "x": 0.0,
          "y": 0.0,
          "z": 0.0
        },
        "rotation_quaternion": {
          "w": 0.9626035690307617,
          "x": -0.1015395075082779,
          "y": 0.12255113571882248,
          "z": 0.21923811733722687
        },
        "scale": {
          "x": 1.0,
          "y": 1.0,
          "z": 1.0
        },
        "matrix_basis": [
          [
            0.8738317489624023,
            -0.44696635007858276,
            0.19141365587711334,
            0.0
          ],
          [
            0.39719122648239136,
            0.8832487463951111,
            0.2492203414440155,
            0.0
          ],
          [
            -0.2804589867591858,
            -0.1417488306760788,
            0.949341893196106,
            0.0
          ],
          [
            0.0,
            0.0,
            0.0,
            1.0
          ]
        ],
        "rotation_mode": "QUATERNION"
      },
      "armature_space": {
        "head": {
          "x": 0.21653760969638824,
          "y": -0.11037084460258484,
          "z": 0.4596008360385895
        },
        "tail": {
          "x": 0.4701727628707886,
          "y": -0.09226515889167786,
          "z": 0.5441532731056213
        }
      },
      "world_space": {
        "head": {
          "x": 0.21653760969638824,
          "y": -0.04712684452533722,
          "z": 1.4094548225402832
        },
        "tail": {
          "x": 0.4701727628707886,
          "y": -0.029021158814430237,
          "z": 1.4940073490142822
        },
        "rotation_quaternion": {
          "w": 0.48793575167655945,
          "x": 0.6263354420661926,
          "y": 0.5437837243080139,
          "z": -0.2718857526779175
        },
        "matrix": [
          [
            0.2607528567314148,
            0.9465077519416809,
            0.1900816708803177,
            0.21653760969638824
          ],
          [
            0.4158581495285034,
            0.06756622344255447,
            -0.9069161415100098,
            -0.04712684452533722
          ],
          [
            -0.8712520003318787,
            0.3155301511287689,
            -0.3759983777999878,
            1.4094548225402832
          ],
          [
            0.0,
            0.0,
            0.0,
            1.0
          ]
        ]
      },
      "bone_length_armature_space": 0.26796964746328755,
      "parent": "spine_01",
      "has_children": true,
      "is_end_bone": false
    },
    "lowerarm_l": {
      "name": "lowerarm_l",
      "local": {
        "location": {
          "x": 0.0,
          "y": 0.0,
          "z": 0.0
        },
        "rotation_quaternion": {
          "w": 0.9480564594268799,
          "x": 0.2560744285583496,
          "y": -0.0033410878386348486,
          "z": 0.18868935108184814
        },
        "scale": {
          "x": 1.0,
          "y": 1.0,
          "z": 1.0
        },
        "matrix_basis": [
          [
            0.9287703037261963,
            -0.3594874441623688,
            0.09030195325613022,
            0.0
          ],
          [
            0.35606518387794495,
            0.7976444363594055,
            -0.4868068993091583,
            0.0
          ],
          [
            0.102972112596035,
            0.4842851758003235,
            0.8688294291496277,
            0.0
          ],
          [
            0.0,
            0.0,
            0.0,
            1.0
          ]
        ],
        "rotation_mode": "QUATERNION"
      },
      "armature_space": {
        "head": {
          "x": 0.47017282247543335,
          "y": -0.09226524829864502,
          "z": 0.5441533923149109
        },
        "tail": {
          "x": 0.6430306434631348,
          "y": -0.25787079334259033,
          "z": 0.6635873317718506
        }
      },
      "world_space": {
        "head": {
          "x": 0.47017282247543335,
          "y": -0.0290212482213974,
          "z": 1.4940073490142822
        },
        "tail": {
          "x": 0.6430306434631348,
          "y": -0.1946267932653427,
          "z": 1.6134413480758667
        },
        "rotation_quaternion": {
          "w": 0.3666028380393982,
          "x": 0.8312705159187317,
          "y": 0.23682795464992523,
          "z": -0.3442442715167999
        },
        "matrix": [
          [
            0.6508169770240784,
            0.6461383700370789,
            -0.39867568016052246,
            0.47017282247543335
          ],
          [
            0.14133545756340027,
            -0.6190294623374939,
            -0.7725456953048706,
            -0.0290212482213974
          ],
          [
            -0.7459686994552612,
            0.4464412331581116,
            -0.49420130252838135,
            1.4940073490142822
          ],
          [
            0.0,
            0.0,
            0.0,
            1.0
          ]
        ]
      },
      "bone_length_armature_space": 0.26752474523892583,
      "parent": "upperarm_l",
      "has_children": true,
      "is_end_bone": false
    },
    "metacarpal_thumb_l": {
      "name": "metacarpal_thumb_l",
      "local": {
        "location": {
          "x": 0.0,
          "y": 0.0,
          "z": 0.0
        },
        "rotation_quaternion": {
          "w": 0.9995362758636475,
          "x": -0.029644545167684555,
          "y": 0.0017637803684920073,
          "z": -0.006734140682965517
        },
        "scale": {
          "x": 1.0,
          "y": 1.0,
          "z": 1.0
        },
        "matrix_basis": [
          [
            0.9999030828475952,
            0.013357463292777538,
            0.003925186116248369,
            0.0
          ],
          [
            -0.013566608540713787,
            0.9981517195701599,
            0.05923784151673317,
            0.0
          ],
          [
            -0.0031266638543456793,
            -0.059285350143909454,
            0.9982361793518066,
            0.0
          ],
          [
            0.0,
            0.0,
            0.0,
            1.0
          ]
        ],
        "rotation_mode": "QUATERNION"
      },
      "armature_space": {
        "head": {
          "x": 0.6430306434631348,
          "y": -0.25787079334259033,
          "z": 0.6635873317718506
        },
        "tail": {
          "x": 0.6614010334014893,
          "y": -0.3038615882396698,
          "z": 0.6626077890396118
        }
      },
      "world_space": {
        "head": {
          "x": 0.6430306434631348,
          "y": -0.1946267932653427,
          "z": 1.6134413480758667
        },
        "tail": {
          "x": 0.6614010334014893,
          "y": -0.24061758816242218,
          "z": 1.612461805343628
        },
        "rotation_quaternion": {
          "w": 0.07029978930950165,
          "x": -0.9297277331352234,
          "y": -0.17555668950080872,
          "z": -0.31598153710365295
        },
        "matrix": [
          [
            0.7386709451675415,
            0.37086689472198486,
            0.5628700256347656,
            0.6430306434631348
          ],
          [
            0.2820133566856384,
            -0.9284752607345581,
            0.24166469275951385,
            -0.1946267932653427
          ],
          [
            0.6122409701347351,
            -0.01977495849132538,
            -0.7904328107833862,
            1.6134413480758667
          ],
          [
            0.0,
            0.0,
            0.0,
            1.0
          ]
        ]
      },
      "bone_length_armature_space": 0.049533665026108974,
      "parent": "lowerarm_l",
      "has_children": true,
      "is_end_bone": false
    },
    "thumb_01_l": {
      "name": "thumb_01_l",
      "local": {
        "location": {
          "x": 0.0,
          "y": 0.0,
          "z": 0.0
        },
        "rotation_quaternion": {
          "w": 0.9994789361953735,
          "x": -0.018802277743816376,
          "y": 0.02551320753991604,
          "z": 0.0061254436150193214
        },
        "scale": {
          "x": 1.0,
          "y": 1.0,
          "z": 1.0
        },
        "matrix_basis": [
          [
            0.9986231327056885,
            -0.013203916139900684,
            0.05076948180794716,
            0.0
          ],
          [
            0.011285090819001198,
            0.9992179274559021,
            0.03789751976728439,
            0.0
          ],
          [
            -0.05123016983270645,
            -0.03727240115404129,
            0.9979910850524902,
            0.0
          ],
          [
            0.0,
            0.0,
            0.0,
            1.0
          ]
        ],
        "rotation_mode": "QUATERNION"
      },
      "armature_space": {
        "head": {
          "x": 0.6614010334014893,
          "y": -0.3038615882396698,
          "z": 0.6626077890396118
        },
        "tail": {
          "x": 0.67989182472229,
          "y": -0.31967517733573914,
          "z": 0.6388033032417297
        }
      },
      "world_space": {
        "head": {
          "x": 0.6614010334014893,
          "y": -0.24061758816242218,
          "z": 1.612461805343628
        },
        "tail": {
          "x": 0.67989182472229,
          "y": -0.2564311623573303,
          "z": 1.5886573791503906
        },
        "rotation_quaternion": {
          "w": 0.48364511132240295,
          "x": -0.4451870024204254,
          "y": 0.1838405430316925,
          "z": -0.7308204770088196
        },
        "matrix": [
          [
            -0.13578999042510986,
            0.5432308912277222,
            0.8285294771194458,
            0.6614010334014893
          ],
          [
            -0.8706024289131165,
            -0.46457865834236145,
            0.16191871464252472,
            -0.24061758816242218
          ],
          [
            0.472879022359848,
            -0.6993385553359985,
            0.5360272526741028,
            1.612461805343628
          ],
          [
            0.0,
            0.0,
            0.0,
            1.0
          ]
        ]
      },
      "bone_length_armature_space": 0.03403869140654515,
      "parent": "metacarpal_thumb_l",
      "has_children": true,
      "is_end_bone": false
    },
    "thumb_02_l": {
      "name": "thumb_02_l",
      "local": {
        "location": {
          "x": 0.0,
          "y": 0.0,
          "z": 0.0
        },
        "rotation_quaternion": {
          "w": 0.9922130703926086,
          "x": 0.1244058907032013,
          "y": 0.0059344093315303326,
          "z": 0.0011104777222499251
        },
        "scale": {
          "x": 1.0,
          "y": 1.0,
          "z": 1.0
        },
        "matrix_basis": [
          [
            0.9999271035194397,
            -0.0007271100766956806,
            0.012052697129547596,
            0.0
          ],
          [
            0.0036802119575440884,
            0.9690439105033875,
            -0.24686111509799957,
            0.0
          ],
          [
            -0.011500096879899502,
            0.2468874752521515,
            0.9689759016036987,
            0.0
          ],
          [
            0.0,
            0.0,
            0.0,
            1.0
          ]
        ],
        "rotation_mode": "QUATERNION"
      },
      "armature_space": {
        "head": {
          "x": 0.6798917651176453,
          "y": -0.31967514753341675,
          "z": 0.6388033032417297
        },
        "tail": {
          "x": 0.7047548890113831,
          "y": -0.34376823902130127,
          "z": 0.6591632962226868
        }
      },
      "world_space": {
        "head": {
          "x": 0.6798917651176453,
          "y": -0.2564311623573303,
          "z": 1.5886573791503906
        },
        "tail": {
          "x": 0.7047548890113831,
          "y": -0.28052425384521484,
          "z": 1.6090173721313477
        },
        "rotation_quaternion": {
          "w": 0.37060582637786865,
          "x": 0.0820581316947937,
          "y": -0.25043943524360657,
          "z": -0.8906166553497314
        },
        "matrix": [
          [
            -0.7118349671363831,
            0.6190342903137207,
            -0.3317941427230835,
            0.6798917651176453
          ],
          [
            -0.701237142086029,
            -0.5998621582984924,
            0.38526803255081177,
            -0.2564311623573303
          ],
          [
            0.039463017135858536,
            0.5069167613983154,
            0.861099362373352,
            1.5886573791503906
          ],
          [
            0.0,
            0.0,
            0.0,
            1.0
          ]
        ]
      },
      "bone_length_armature_space": 0.04016442814383479,
      "parent": "thumb_01_l",
      "has_children": true,
      "is_end_bone": false
    },
    "thumb_03_l": {
      "name": "thumb_03_l",
      "local": {
        "location": {
          "x": 0.0,
          "y": 0.0,
          "z": 0.0
        },
        "rotation_quaternion": {
          "w": 0.9957226514816284,
          "x": 0.09195207804441452,
          "y": -0.005716202314943075,
          "z": 0.006970266345888376
        },
        "scale": {
          "x": 1.0,
          "y": 1.0,
          "z": 1.0
        },
        "matrix_basis": [
          [
            0.9998374581336975,
            -0.014932137914001942,
            -0.01010164339095354,
            0.0
          ],
          [
            0.012829670682549477,
            0.9829924702644348,
            -0.18319721519947052,
            0.0
          ],
          [
            0.012665364891290665,
            0.18303784728050232,
            0.9830242991447449,
            0.0
          ],
          [
            0.0,
            0.0,
            0.0,
            1.0
          ]
        ],
        "rotation_mode": "QUATERNION"
      },
      "armature_space": {
        "head": {
          "x": 0.7047548294067383,
          "y": -0.34376829862594604,
          "z": 0.659163236618042
        },
        "tail": {
          "x": 0.7193938493728638,
          "y": -0.35281845927238464,
          "z": 0.684276819229126
        }
      },
      "world_space": {
        "head": {
          "x": 0.7047548294067383,
          "y": -0.2805243134498596,
          "z": 1.609017252922058
        },
        "tail": {
          "x": 0.7193938493728638,
          "y": -0.28957444429397583,
          "z": 1.634130835533142
        },
        "rotation_quaternion": {
          "w": 0.46794822812080383,
          "x": 0.3003220558166504,
          "y": -0.3638569712638855,
          "z": -0.7472879886627197
        },
        "matrix": [
          [
            -0.3816606104373932,
            0.4808364510536194,
            -0.7893866896629333,
            0.7047548294067383
          ],
          [
            -0.9179332256317139,
            -0.297264039516449,
            0.26273998618125916,
            -0.2805243134498596
          ],
          [
            -0.10832290351390839,
            0.8248874545097351,
            0.5548341870307922,
            1.609017252922058
          ],
          [
            0.0,
            0.0,
            0.0,
            1.0
          ]
        ]
      },
      "bone_length_armature_space": 0.030445005672203665,
      "parent": "thumb_02_l",
      "has_children": false,
      "is_end_bone": true
    },
    "metacarpal_index_l": {
      "name": "metacarpal_index_l",
      "local": {
        "location": {
          "x": 0.0,
          "y": 0.0,
          "z": 0.0
        },
        "rotation_quaternion": {
          "w": 0.998525857925415,
          "x": -0.050577014684677124,
          "y": 0.01231944840401411,
          "z": 0.015376774594187737
        },
        "scale": {
          "x": 1.0,
          "y": 1.0,
          "z": 1.0
        },
        "matrix_basis": [
          [
            0.9992235898971558,
            -0.03195437416434288,
            0.023047152906656265,
            0.0
          ],
          [
            0.029462052509188652,
            0.994411051273346,
            0.10138378292322159,
            0.0
          ],
          [
            -0.02615799754858017,
            -0.10062604397535324,
            0.9945803880691528,
            0.0
          ],
          [
            0.0,
            0.0,
            0.0,
            1.0
          ]
        ],
        "rotation_mode": "QUATERNION"
      },
      "armature_space": {
        "head": {
          "x": 0.6430306434631348,
          "y": -0.25787079334259033,
          "z": 0.6635873317718506
        },
        "tail": {
          "x": 0.6991578936576843,
          "y": -0.3531390130519867,
          "z": 0.702354907989502
        }
      },
      "world_space": {
        "head": {
          "x": 0.6430306434631348,
          "y": -0.1946267932653427,
          "z": 1.6134413480758667
        },
        "tail": {
          "x": 0.6991578936576843,
          "y": -0.2898949980735779,
          "z": 1.652208924293518
        },
        "rotation_quaternion": {
          "w": 0.15060772001743317,
          "x": 0.9483214020729065,
          "y": 0.26605409383773804,
          "z": 0.08496523648500443
        },
        "matrix": [
          [
            0.8439920544624329,
            0.47901684045791626,
            0.24128872156143188,
            0.6430306434631348
          ],
          [
            0.5302026271820068,
            -0.8130649328231812,
            -0.24043837189674377,
            -0.1946267932653427
          ],
          [
            0.08101022243499756,
            0.3308613896369934,
            -0.9402031898498535,
            1.6134413480758667
          ],
          [
            0.0,
            0.0,
            0.0,
            1.0
          ]
        ]
      },
      "bone_length_armature_space": 0.11717178368482199,
      "parent": "lowerarm_l",
      "has_children": true,
      "is_end_bone": false
    },
    "index_01_l": {
      "name": "index_01_l",
      "local": {
        "location": {
          "x": 0.0,
          "y": 0.0,
          "z": 0.0
        },
        "rotation_quaternion": {
          "w": 0.9946682453155518,
          "x": -0.10041322559118271,
          "y": -0.015242429450154305,
          "z": 0.017886564135551453
        },
        "scale": {
          "x": 1.0,
          "y": 1.0,
          "z": 1.0
        },
        "matrix_basis": [
          [
            0.9988954663276672,
            -0.032521311193704605,
            -0.033914417028427124,
            0.0
          ],
          [
            0.038643479347229004,
            0.9791945219039917,
            0.19921042025089264,
            0.0
          ],
          [
            0.02673022635281086,
            -0.20030096173286438,
            0.9793696999549866,
            0.0
          ],
          [
            0.0,
            0.0,
            0.0,
            1.0
          ]
        ],
        "rotation_mode": "QUATERNION"
      },
      "armature_space": {
        "head": {
          "x": 0.6991578936576843,
          "y": -0.3531390130519867,
          "z": 0.702354907989502
        },
        "tail": {
          "x": 0.7162546515464783,
          "y": -0.3672260046005249,
          "z": 0.7203084826469421
        }
      },
      "world_space": {
        "head": {
          "x": 0.6991578936576843,
          "y": -0.2898949980735779,
          "z": 1.652208924293518
        },
        "tail": {
          "x": 0.7162546515464783,
          "y": -0.3039820194244385,
          "z": 1.6701624393463135
        },
        "rotation_quaternion": {
          "w": 0.3111181855201721,
          "x": 0.8554874062538147,
          "y": 0.39520806074142456,
          "z": 0.12311603128910065
        },
        "matrix": [
          [
            0.6573051810264587,
            0.5995838642120361,
            0.45656219124794006,
            0.6991578936576843
          ],
          [
            0.7527989149093628,
            -0.49403172731399536,
            -0.4350016117095947,
            -0.2898949980735779
          ],
          [
            -0.035263411700725555,
            0.6296321153640747,
            -0.7761016488075256,
            1.652208924293518
          ],
          [
            0.0,
            0.0,
            0.0,
            1.0
          ]
        ]
      },
      "bone_length_armature_space": 0.028514440271836708,
      "parent": "metacarpal_index_l",
      "has_children": true,
      "is_end_bone": false
    },
    "index_02_l": {
      "name": "index_02_l",
      "local": {
        "location": {
          "x": 0.0,
          "y": 0.0,
          "z": 0.0
        },
        "rotation_quaternion": {
          "w": 0.9998694062232971,
          "x": 0.015011739917099476,
          "y": 0.005450643133372068,
          "z": -0.0025011308025568724
        },
        "scale": {
          "x": 1.0,
          "y": 1.0,
          "z": 1.0
        },
        "matrix_basis": [
          [
            0.9999280571937561,
            0.005165255628526211,
            0.010824769735336304,
            0.0
          ],
          [
            -0.004837960936129093,
            0.9995368123054504,
            -0.030046824365854263,
            0.0
          ],
          [
            -0.010974954813718796,
            0.029992293566465378,
            0.9994899034500122,
            0.0
          ],
          [
            0.0,
            0.0,
            0.0,
            1.0
          ]
        ],
        "rotation_mode": "QUATERNION"
      },
      "armature_space": {
        "head": {
          "x": 0.7162548303604126,
          "y": -0.3672265410423279,
          "z": 0.7203084826469421
        },
        "tail": {
          "x": 0.7321548461914062,
          "y": -0.379182368516922,
          "z": 0.7365054488182068
        }
      },
      "world_space": {
        "head": {
          "x": 0.7162548303604126,
          "y": -0.30398255586624146,
          "z": 1.6701624393463135
        },
        "tail": {
          "x": 0.7321548461914062,
          "y": -0.3159383535385132,
          "z": 1.6863594055175781
        },
        "rotation_quaternion": {
          "w": 0.3261833190917969,
          "x": 0.8508602380752563,
          "y": 0.4007203280925751,
          "z": 0.09520801156759262
        },
        "matrix": [
          [
            0.6607162356376648,
            0.6198036074638367,
            0.4234352707862854,
            0.7162548303604126
          ],
          [
            0.7440254092216492,
            -0.46605461835861206,
            -0.478768527507782,
            -0.30398255586624146
          ],
          [
            -0.09939861297607422,
            0.6313806176185608,
            -0.7690854668617249,
            1.6701624393463135
          ],
          [
            0.0,
            0.0,
            0.0,
            1.0
          ]
        ]
      },
      "bone_length_armature_space": 0.025653343621329455,
      "parent": "index_01_l",
      "has_children": true,
      "is_end_bone": false
    },
    "index_03_l": {
      "name": "index_03_l",
      "local": {
        "location": {
          "x": 0.0,
          "y": 0.0,
          "z": 0.0
        },
        "rotation_quaternion": {
          "w": 0.9996815919876099,
          "x": 0.024345943704247475,
          "y": 0.005168434698134661,
          "z": -0.0041646575555205345
        },
        "scale": {
          "x": 1.0,
          "y": 1.0,
          "z": 1.0
        },
        "matrix_basis": [
          [
            0.999911904335022,
            0.008578323759138584,
            0.01013079285621643,
            0.0
          ],
          [
            -0.008075002580881119,
            0.998779833316803,
            -0.04871943220496178,
            0.0
          ],
          [
            -0.01053636334836483,
            0.048633333295583725,
            0.9987611174583435,
            0.0
          ],
          [
            0.0,
            0.0,
            0.0,
            1.0
          ]
        ],
        "rotation_mode": "QUATERNION"
      },
      "armature_space": {
        "head": {
          "x": 0.7321547269821167,
          "y": -0.3791823089122772,
          "z": 0.7365055680274963
        },
        "tail": {
          "x": 0.7536560297012329,
          "y": -0.3922724425792694,
          "z": 0.7513405680656433
        }
      },
      "world_space": {
        "head": {
          "x": 0.7321547269821167,
          "y": -0.3159382939338684,
          "z": 1.6863596439361572
        },
        "tail": {
          "x": 0.7536560297012329,
          "y": -0.3290284276008606,
          "z": 1.7011945247650146
        },
        "rotation_quaternion": {
          "w": 0.2537638545036316,
          "x": 0.8466468453407288,
          "y": 0.4600010812282562,
          "z": 0.084806427359581
        },
        "matrix": [
          [
            0.5624127984046936,
            0.7358753085136414,
            0.37706655263900757,
            0.7321547269821167
          ],
          [
            0.8219590783119202,
            -0.4480053186416626,
            -0.35167375206947327,
            -0.3159382939338684
          ],
          [
            -0.08986015617847443,
            0.5077221393585205,
            -0.856829822063446,
            1.6863596439361572
          ],
          [
            0.0,
            0.0,
            0.0,
            1.0
          ]
        ]
      },
      "bone_length_armature_space": 0.02921874137644972,
      "parent": "index_02_l",
      "has_children": false,
      "is_end_bone": true
    },
    "metacarpal_pinky_l": {
      "name": "metacarpal_pinky_l",
      "local": {
        "location": {
          "x": 0.0,
          "y": 0.0,
          "z": 0.0
        },
        "rotation_quaternion": {
          "w": 0.9998154640197754,
          "x": -0.0018051837105304003,
          "y": -0.018433675169944763,
          "z": 0.005109223537147045
        },
        "scale": {
          "x": 1.0,
          "y": 1.0,
          "z": 1.0
        },
        "matrix_basis": [
          [
            0.9992681741714478,
            -0.010150008834898472,
            -0.03687899187207222,
            0.0
          ],
          [
            0.010283113457262516,
            0.9999412894248962,
            0.003421337576583028,
            0.0
          ],
          [
            0.03684210032224655,
            -0.003798064775764942,
            0.9993138909339905,
            0.0
          ],
          [
            0.0,
            0.0,
            0.0,
            1.0
          ]
        ],
        "rotation_mode": "QUATERNION"
      },
      "armature_space": {
        "head": {
          "x": 0.6430306434631348,
          "y": -0.25787079334259033,
          "z": 0.6635873317718506
        },
        "tail": {
          "x": 0.7203683853149414,
          "y": -0.2937217652797699,
          "z": 0.723393976688385
        }
      },
      "world_space": {
        "head": {
          "x": 0.6430306434631348,
          "y": -0.1946267932653427,
          "z": 1.6134413480758667
        },
        "tail": {
          "x": 0.7203683853149414,
          "y": -0.23047776520252228,
          "z": 1.673248052597046
        },
        "rotation_quaternion": {
          "w": 0.5673808455467224,
          "x": 0.40972182154655457,
          "y": -0.07703123241662979,
          "z": -0.7101221084594727
        },
        "matrix": [
          [
            -0.020412076264619827,
            0.7426984906196594,
            -0.6693148016929626,
            0.6430306434631348
          ],
          [
            -0.8689420223236084,
            -0.34428805112838745,
            -0.35553571581840515,
            -0.1946267932653427
          ],
          [
            -0.4944971203804016,
            0.5743420124053955,
            0.6523939371109009,
            1.6134413480758667
          ],
          [
            0.0,
            0.0,
            0.0,
            1.0
          ]
        ]
      },
      "bone_length_armature_space": 0.1041309427058711,
      "parent": "lowerarm_l",
      "has_children": true,
      "is_end_bone": false
    },
    "pinky_01_l": {
      "name": "pinky_01_l",
      "local": {
        "location": {
          "x": 0.0,
          "y": 0.0,
          "z": 0.0
        },
        "rotation_quaternion": {
          "w": 0.9892054796218872,
          "x": -0.14397792518138885,
          "y": 0.01681649312376976,
          "z": -0.021450567990541458
        },
        "scale": {
          "x": 1.0,
          "y": 1.0,
          "z": 1.0
        },
        "matrix_basis": [
          [
            0.9985141754150391,
            0.03759562969207764,
            0.03944675251841545,
            0.0
          ],
          [
            -0.0472804456949234,
            0.9576204419136047,
            0.28412607312202454,
            0.0
          ],
          [
            -0.02709311805665493,
            -0.2855689525604248,
            0.9579751491546631,
            0.0
          ],
          [
            0.0,
            0.0,
            0.0,
            1.0
          ]
        ],
        "rotation_mode": "QUATERNION"
      },
      "armature_space": {
        "head": {
          "x": 0.7203683853149414,
          "y": -0.2937217652797699,
          "z": 0.723393976688385
        },
        "tail": {
          "x": 0.7336419224739075,
