{
  "metadata": {
    "armature_name": "KIM_caucasian_male",
    "export_time": "2026-01-13T21:08:17.592635",
    "blender_version": "4.4.1",
    "bone_count": 56,
    "end_bone_count": 13,
    "spaces_included": [
      "LOCAL_CHANNELS",
      "ARMATURE_SPACE",
      "WORLD_SPACE"
    ],
    "note": "LOCAL matches Transform panel; replay pose via local.matrix_basis for best fidelity."
  },
  "bones": {
    "Root": {
      "name": "Root",
      "local": {
        "location": {
          "x": 0.0,
          "y": 0.0,
          "z": 0.0
        },
        "rotation_quaternion": {
          "w": 0.9998120069503784,
          "x": 0.007918965071439743,
          "y": -0.01328361313790083,
          "z": -0.011695356108248234
        },
        "scale": {
          "x": 1.0,
          "y": 1.0,
          "z": 1.0
        },
        "matrix_basis": [
          [
            0.9993735551834106,
            0.023175930604338646,
            -0.026747461408376694,
            0.0
          ],
          [
            -0.02359670028090477,
            0.9996010065078735,
            -0.015524239279329777,
            0.0
          ],
          [
            0.026377001777291298,
            0.01614566519856453,
            0.9995216727256775,
            0.0
          ],
          [
            0.0,
            0.0,
            0.0,
            1.0
          ]
        ],
        "rotation_mode": "QUATERNION"
      },
      "armature_space": {
        "head": {
          "x": 0.0,
          "y": 0.07072800397872925,
          "z": -0.009595036506652832
        },
        "tail": {
          "x": 0.0016542022349312901,
          "y": -0.0001266971230506897,
          "z": -0.0011457866057753563
        }
      },
      "world_space": {
        "head": {
          "x": 0.0,
          "y": 0.13397200405597687,
          "z": 0.9402589797973633
        },
        "tail": {
          "x": 0.0016542022349312901,
          "y": 0.06311730295419693,
          "z": 0.9487082362174988
        },
        "rotation_quaternion": {
          "w": 0.059454020112752914,
          "x": 0.9980741739273071,
          "y": 0.010773897171020508,
          "z": -0.014041326008737087
        },
        "matrix": [
          [
            0.9993735551834106,
            0.023175930604338646,
            -0.026747461408376694,
            0.0
          ],
          [
            0.0198366641998291,
            -0.9926982522010803,
            -0.11898206919431686,
            0.13397200405597687
          ],
          [
            -0.029309865087270737,
            0.11837683618068695,
            -0.9925431609153748,
            0.9402589797973633
          ],
          [
            0.0,
            0.0,
            0.0,
            1.0
          ]
        ]
      },
      "bone_length_armature_space": 0.0713758718266088,
      "parent": null,
      "has_children": true,
      "is_end_bone": false
    },
    "spine_01": {
      "name": "spine_01",
      "local": {
        "location": {
          "x": 0.0,
          "y": 0.0,
          "z": 0.0
        },
        "rotation_quaternion": {
          "w": 0.9930917024612427,
          "x": 0.11373568326234818,
          "y": 0.028423592448234558,
          "z": -0.005018587689846754
        },
        "scale": {
          "x": 1.0,
          "y": 1.0,
          "z": 1.0
        },
        "matrix_basis": [
          [
            0.9983338117599487,
            0.016433389857411385,
            0.055312883108854294,
            0.0
          ],
          [
            -0.0035022820811718702,
            0.9740779995918274,
            -0.22618521749973297,
            0.0
          ],
          [
            -0.057596053928136826,
            0.22561463713645935,
            0.9725126028060913,
            0.0
          ],
          [
            0.0,
            0.0,
            0.0,
            1.0
          ]
        ],
        "rotation_mode": "QUATERNION"
      },
      "armature_space": {
        "head": {
          "x": 0.0016542022349312901,
          "y": -0.0001266971230506897,
          "z": -0.0011457866057753563
        },
        "tail": {
          "x": 0.02558569423854351,
          "y": -0.09516437351703644,
          "z": 0.47691643238067627
        }
      },
      "world_space": {
        "head": {
          "x": 0.0016542022349312901,
          "y": 0.06311730295419693,
          "z": 0.9487082362174988
        },
        "tail": {
          "x": 0.02558569423854351,
          "y": -0.03192037343978882,
          "z": 1.4267704486846924
        },
        "rotation_quaternion": {
          "w": 0.6332111358642578,
          "x": 0.7728198766708374,
          "y": 0.04085380584001541,
          "z": 0.01113809458911419
        },
        "matrix": [
          [
            0.9964138865470886,
            0.0490398183465004,
            0.06895390897989273,
            0.0016542022349312901
          ],
          [
            0.07725104689598083,
            -0.19474884867668152,
            -0.9778063297271729,
            0.06311730295419693
          ],
          [
            -0.03452292084693909,
            0.9796332120895386,
            -0.1978411078453064,
            0.9487082362174988
          ],
          [
            0.0,
            0.0,
            0.0,
            1.0
          ]
        ]
      },
      "bone_length_armature_space": 0.4880044585937495,
      "parent": "Root",
      "has_children": true,
      "is_end_bone": false
    },
    "neck_01": {
      "name": "neck_01",
      "local": {
        "location": {
          "x": 0.0,
          "y": 0.0,
          "z": 0.0
        },
        "rotation_quaternion": {
          "w": 0.9909864664077759,
          "x": -0.059390004724264145,
          "y": -0.11648498475551605,
          "z": -0.02915380708873272
        },
        "scale": {
          "x": 1.0,
          "y": 1.0,
          "z": 1.0
        },
        "matrix_basis": [
          [
            0.9711626172065735,
            0.07161814719438553,
            -0.22740720212459564,
            0.0
          ],
          [
            -0.04394596815109253,
            0.9912457466125488,
            0.12450134009122849,
            0.0
          ],
          [
            0.23433297872543335,
            -0.11091741919517517,
            0.9658081531524658,
            0.0
          ],
          [
            0.0,
            0.0,
            0.0,
            1.0
          ]
        ],
        "rotation_mode": "QUATERNION"
      },
      "armature_space": {
        "head": {
          "x": 0.03156766667962074,
          "y": -0.14333434402942657,
          "z": 0.5417824387550354
        },
        "tail": {
          "x": 0.045662663877010345,
          "y": -0.1893896460533142,
          "z": 0.6322864294052124
        }
      },
      "world_space": {
        "head": {
          "x": 0.03156766667962074,
          "y": -0.08009034395217896,
          "z": 1.4916365146636963
        },
        "tail": {
          "x": 0.045662663877010345,
          "y": -0.1261456459760666,
          "z": 1.5821404457092285
        },
        "rotation_quaternion": {
          "w": 0.5246344804763794,
          "x": 0.8438902497291565,
          "y": 0.012055380269885063,
          "z": -0.11163650453090668
        },
        "matrix": [
          [
            0.9747841954231262,
            0.13748353719711304,
            -0.17576780915260315,
            0.03156766667962074
          ],
          [
            -0.09678922593593597,
            -0.44922658801078796,
            -0.8881595730781555,
            -0.08009034395217896
          ],
          [
            -0.20106840133666992,
            0.8827819228172302,
            -0.4245958626270294,
            1.4916365146636963
          ],
          [
            0.0,
            0.0,
            0.0,
            1.0
          ]
        ]
      },
      "bone_length_armature_space": 0.10252186384039255,
      "parent": "spine_01",
      "has_children": true,
      "is_end_bone": false
    },
    "head": {
      "name": "head",
      "local": {
        "location": {
          "x": 0.0,
          "y": 0.0,
          "z": 0.0
        },
        "rotation_quaternion": {
          "w": 0.9590708017349243,
          "x": -0.1290147453546524,
          "y": 0.13617199659347534,
          "z": -0.2121216505765915
        },
        "scale": {
          "x": 1.0,
          "y": 1.0,
          "z": 1.0
        },
        "matrix_basis": [
          [
            0.8729231953620911,
            0.37174296379089355,
            0.3159308135509491,
            0.0
          ],
          [
            -0.44201576709747314,
            0.8767191767692566,
            0.1896984875202179,
            0.0
          ],
          [
            -0.2064635306596756,
            -0.30523860454559326,
            0.9296247363090515,
            0.0
          ],
          [
            0.0,
            0.0,
            0.0,
            1.0
          ]
        ],
        "rotation_mode": "QUATERNION"
      },
      "armature_space": {
        "head": {
          "x": 0.04566262662410736,
          "y": -0.18938975036144257,
          "z": 0.6322863101959229
        },
        "tail": {
          "x": 0.1333792507648468,
          "y": -0.1615566462278366,
          "z": 0.7571234703063965
        }
      },
      "world_space": {
        "head": {
          "x": 0.04566262662410736,
          "y": -0.12614575028419495,
          "z": 1.582140326499939
        },
        "tail": {
          "x": 0.1333792507648468,
          "y": -0.09831264615058899,
          "z": 1.7069774866104126
        },
        "rotation_quaternion": {
          "w": 0.7108029127120972,
          "x": 0.6244744658470154,
          "y": 0.2906723916530609,
          "z": -0.14247961342334747
        },
        "matrix": [
          [
            0.7904191017150879,
            0.5655845403671265,
            0.23527029156684875,
            0.04566262662410736
          ],
          [
            0.16048207879066467,
            0.17946399748325348,
            -0.9705865383148193,
            -0.12614575028419495
          ],
          [
            -0.5911753177642822,
            0.8049324750900269,
            0.051084987819194794,
            1.582140326499939
          ],
          [
            0.0,
            0.0,
            0.0,
            1.0
          ]
        ]
      },
      "bone_length_armature_space": 0.15509095392624173,
      "parent": "neck_01",
      "has_children": false,
      "is_end_bone": true
    },
    "upperarm_l": {
      "name": "upperarm_l",
      "local": {
        "location": {
          "x": 0.0,
          "y": 0.0,
          "z": 0.0
        },
        "rotation_quaternion": {
          "w": 0.8035366535186768,
          "x": -0.2778606712818146,
          "y": 0.5225099921226501,
          "z": -0.06407559663057327
        },
        "scale": {
          "x": 1.0,
          "y": 1.0,
          "z": 1.0
        },
        "matrix_basis": [
          [
            0.4457552433013916,
            -0.18739576637744904,
            0.8753200173377991,
            0.0
          ],
          [
            -0.39334413409233093,
            0.8373755216598511,
            0.3795821964740753,
            0.0
          ],
          [
            -0.804103672504425,
            -0.5135027766227722,
            0.2995535135269165,
            0.0
          ],
          [
            0.0,
            0.0,
            0.0,
            1.0
          ]
        ],
        "rotation_mode": "QUATERNION"
      },
      "armature_space": {
        "head": {
          "x": 0.1779538094997406,
          "y": -0.12177640199661255,
          "z": 0.47013410925865173
        },
        "tail": {
          "x": 0.38955286145210266,
          "y": 0.027560874819755554,
          "z": 0.5389232039451599
        }
      },
      "world_space": {
        "head": {
          "x": 0.1779538094997406,
          "y": -0.05853240191936493,
          "z": 1.4199881553649902
        },
        "tail": {
          "x": 0.38955286145210266,
          "y": 0.09080487489700317,
          "z": 1.4887771606445312
        },
        "rotation_quaternion": {
          "w": 0.16717660427093506,
          "x": 0.4668872356414795,
          "y": 0.8664284348487854,
          "z": 0.058053433895111084
        },
        "matrix": [
          [
            -0.5081361532211304,
            0.7896387577056885,
            0.34390196204185486,
            0.1779538094997406
          ],
          [
            0.8284590840339661,
            0.5572922229766846,
            -0.055508583784103394,
            -0.05853240191936493
          ],
          [
            -0.23548635840415955,
            0.2567049264907837,
            -0.937370240688324,
            1.4199881553649902
          ],
          [
            0.0,
            0.0,
            0.0,
            1.0
          ]
        ]
      },
      "bone_length_armature_space": 0.26796962731637614,
      "parent": "spine_01",
      "has_children": true,
      "is_end_bone": false
    },
    "lowerarm_l": {
      "name": "lowerarm_l",
      "local": {
        "location": {
          "x": 0.0,
          "y": 0.0,
          "z": 0.0
        },
        "rotation_quaternion": {
          "w": 0.9707828760147095,
          "x": 0.23297108709812164,
          "y": 0.04374488443136215,
          "z": -0.03730276599526405
        },
        "scale": {
          "x": 1.0,
          "y": 1.0,
          "z": 1.0
        },
        "matrix_basis": [
          [
            0.9933897852897644,
            0.09280835837125778,
            0.06755264103412628,
            0.0
          ],
          [
            -0.052043184638023376,
            0.8886659741401672,
            -0.4555923044681549,
            0.0
          ],
          [
            -0.10231450200080872,
            0.44906505942344666,
            0.8876217007637024,
            0.0
          ],
          [
            0.0,
            0.0,
            0.0,
            1.0
          ]
        ],
        "rotation_mode": "QUATERNION"
      },
      "armature_space": {
        "head": {
          "x": 0.3895530104637146,
          "y": 0.02756081521511078,
          "z": 0.5389231443405151
        },
        "tail": {
          "x": 0.6205265522003174,
          "y": 0.13573628664016724,
          "z": 0.45818454027175903
        }
      },
      "world_space": {
        "head": {
          "x": 0.3895530104637146,
          "y": 0.0908048152923584,
          "z": 1.4887771606445312
        },
        "tail": {
          "x": 0.6205265522003174,
          "y": 0.19898028671741486,
          "z": 1.40803861618042
        },
        "rotation_quaternion": {
          "w": 0.036220379173755646,
          "x": 0.5068979263305664,
          "y": 0.837178111076355,
          "z": -0.2021770030260086
        },
        "matrix": [
          [
            -0.4834849238395691,
            0.8633735179901123,
            -0.14432156085968018,
            0.3895530104637146
          ],
          [
            0.8340821862220764,
            0.40435731410980225,
            -0.37523606419563293,
            0.0908048152923584
          ],
          [
            -0.2656123638153076,
            -0.30179890990257263,
            -0.9156318306922913,
            1.4887771606445312
          ],
          [
            0.0,
            0.0,
            0.0,
            1.0
          ]
        ]
      },
      "bone_length_armature_space": 0.2675246347089716,
      "parent": "upperarm_l",
      "has_children": true,
      "is_end_bone": false
    },
    "metacarpal_thumb_l": {
      "name": "metacarpal_thumb_l",
      "local": {
        "location": {
          "x": 0.0,
          "y": 0.0,
          "z": 0.0
        },
        "rotation_quaternion": {
          "w": 0.9997513890266418,
          "x": -0.018451150506734848,
          "y": -0.0054566762410104275,
          "z": -0.011270116083323956
        },
        "scale": {
          "x": 1.0,
          "y": 1.0,
          "z": 1.0
        },
        "matrix_basis": [
          [
            0.9996864199638367,
            0.022735992446541786,
            -0.010494746267795563,
            0.0
          ],
          [
            -0.022333264350891113,
            0.999065101146698,
            0.0370161198079586,
            0.0
          ],
          [
            0.011326532810926437,
            -0.036770131438970566,
            0.9992595314979553,
            0.0
          ],
          [
            0.0,
            0.0,
            0.0,
            1.0
          ]
        ],
        "rotation_mode": "QUATERNION"
      },
      "armature_space": {
        "head": {
          "x": 0.6205265522003174,
          "y": 0.13573628664016724,
          "z": 0.45818454027175903
        },
        "tail": {
          "x": 0.647440493106842,
          "y": 0.14740371704101562,
          "z": 0.41827067732810974
        }
      },
      "world_space": {
        "head": {
          "x": 0.6205265522003174,
          "y": 0.19898028671741486,
          "z": 1.40803861618042
        },
        "tail": {
          "x": 0.647440493106842,
          "y": 0.21064771711826324,
          "z": 1.3681247234344482
        },
        "rotation_quaternion": {
          "w": 0.6351983547210693,
          "x": -0.6178335547447205,
          "y": -0.4629208445549011,
          "z": 0.022567342966794968
        },
        "matrix": [
          [
            0.5703873038291931,
            0.5433465242385864,
            -0.6159812211990356,
            0.6205265522003174
          ],
          [
            0.6006885170936584,
            0.2355453073978424,
            0.7639971375465393,
            0.19898028671741486
          ],
          [
            0.5602111220359802,
            -0.8057925701141357,
            -0.19203050434589386,
            1.40803861618042
          ],
          [
            0.0,
            0.0,
            0.0,
            1.0
          ]
        ]
      },
      "bone_length_armature_space": 0.049533883360273125,
      "parent": "lowerarm_l",
      "has_children": true,
      "is_end_bone": false
    },
    "thumb_01_l": {
      "name": "thumb_01_l",
      "local": {
        "location": {
          "x": 0.0,
          "y": 0.0,
          "z": 0.0
        },
        "rotation_quaternion": {
          "w": 0.9998583793640137,
          "x": 0.003664919175207615,
          "y": -0.014468656852841377,
          "z": -0.007781962398439646
        },
        "scale": {
          "x": 1.0,
          "y": 1.0,
          "z": 1.0
        },
        "matrix_basis": [
          [
            0.9994602203369141,
            0.015455667860805988,
            -0.028990255668759346,
            0.0
          ],
          [
            -0.01566777378320694,
            0.9998520016670227,
            -0.007103611249476671,
            0.0
          ],
          [
            0.028876174241304398,
            0.0075539895333349705,
            0.999554455280304,
            0.0
          ],
          [
            0.0,
            0.0,
            0.0,
            1.0
          ]
        ],
        "rotation_mode": "QUATERNION"
      },
      "armature_space": {
        "head": {
          "x": 0.647440493106842,
          "y": 0.14740371704101562,
          "z": 0.41827067732810974
        },
        "tail": {
          "x": 0.642327606678009,
          "y": 0.16949588060379028,
          "z": 0.39288508892059326
        }
      },
      "world_space": {
        "head": {
          "x": 0.647440493106842,
          "y": 0.21064771711826324,
          "z": 1.3681247234344482
        },
        "tail": {
          "x": 0.642327606678009,
          "y": 0.2327398806810379,
          "z": 1.3427391052246094
        },
        "rotation_quaternion": {
          "w": 0.8618577718734741,
          "x": -0.4158188998699188,
          "y": 0.2858630120754242,
          "z": -0.050777092576026917
        },
        "matrix": [
          [
            0.8314086198806763,
            -0.15020866692066193,
            0.5349739193916321,
            0.647440493106842
          ],
          [
            -0.3252592384815216,
            0.6490329504013062,
            0.6877228021621704,
            0.21064771711826324
          ],
          [
            -0.4505210816860199,
            -0.7457884550094604,
            0.49075883626937866,
            1.3681247234344482
          ],
          [
            0.0,
            0.0,
            0.0,
            1.0
          ]
        ]
      },
      "bone_length_armature_space": 0.034038704151714644,
      "parent": "metacarpal_thumb_l",
      "has_children": true,
      "is_end_bone": false
    },
    "thumb_02_l": {
      "name": "thumb_02_l",
      "local": {
        "location": {
          "x": 0.0,
          "y": 0.0,
          "z": 0.0
        },
        "rotation_quaternion": {
          "w": 0.9952896237373352,
          "x": 0.09689001739025116,
          "y": -0.0010677961399778724,
          "z": 0.0031433829572051764
        },
        "scale": {
          "x": 1.0,
          "y": 1.0,
          "z": 1.0
        },
        "matrix_basis": [
          [
            0.9999779462814331,
            -0.00646407064050436,
            -0.0015164079377427697,
            0.0
          ],
          [
            0.006050235126167536,
            0.9812048673629761,
            -0.1928739696741104,
            0.0
          ],
          [
            0.002734657609835267,
            0.19286054372787476,
            0.98122239112854,
            0.0
          ],
          [
            0.0,
            0.0,
            0.0,
            1.0
          ]
        ],
        "rotation_mode": "QUATERNION"
      },
      "armature_space": {
        "head": {
          "x": 0.6423275470733643,
          "y": 0.1694958508014679,
          "z": 0.39288508892059326
        },
        "tail": {
          "x": 0.6772236824035645,
          "y": 0.18764057755470276,
          "z": 0.3847481906414032
        }
      },
      "world_space": {
        "head": {
          "x": 0.6423275470733643,
          "y": 0.23273985087871552,
          "z": 1.3427391052246094
        },
        "tail": {
          "x": 0.6772236824035645,
          "y": 0.2508845925331116,
          "z": 1.3346022367477417
        },
        "rotation_quaternion": {
          "w": 0.790263831615448,
          "x": 0.08025915175676346,
          "y": 0.3183782994747162,
          "z": -0.5173749923706055
        },
        "matrix": [
          [
            0.2619158923625946,
            0.8688322305679321,
            0.42015540599823,
            0.6423275470733643
          ],
          [
            -0.7666202187538147,
            0.45176130533218384,
            -0.4562949240207672,
            0.23273985087871552
          ],
          [
            -0.586258590221405,
            -0.2025897353887558,
            0.7843928337097168,
            1.3427391052246094
          ],
          [
            0.0,
            0.0,
            0.0,
            1.0
          ]
        ]
      },
      "bone_length_armature_space": 0.04016441790861729,
      "parent": "thumb_01_l",
      "has_children": true,
      "is_end_bone": false
    },
    "thumb_03_l": {
      "name": "thumb_03_l",
      "local": {
        "location": {
          "x": 0.0,
          "y": 0.0,
          "z": 0.0
        },
        "rotation_quaternion": {
          "w": 0.9952899217605591,
          "x": 0.096562959253788,
          "y": 0.007358796428889036,
          "z": 0.004421240650117397
        },
        "scale": {
          "x": 1.0,
          "y": 1.0,
          "z": 1.0
        },
        "matrix_basis": [
          [
            0.9998525977134705,
            -0.007379658054560423,
            0.015502127818763256,
            0.0
          ],
          [
            0.01022200658917427,
            0.981312096118927,
            -0.19215120375156403,
            0.0
          ],
          [
            -0.01379441563040018,
            0.1922813504934311,
            0.9812428951263428,
            0.0
          ],
          [
            0.0,
            0.0,
            0.0,
            1.0
          ]
        ],
        "rotation_mode": "QUATERNION"
      },
      "armature_space": {
        "head": {
          "x": 0.6772236824035645,
          "y": 0.18764054775238037,
          "z": 0.38474810123443604
        },
        "tail": {
          "x": 0.7057615518569946,
          "y": 0.19589713215827942,
          "z": 0.3914045989513397
        }
      },
      "world_space": {
        "head": {
          "x": 0.6772236824035645,
          "y": 0.2508845329284668,
          "z": 1.3346021175384521
        },
        "tail": {
          "x": 0.7057615518569946,
          "y": 0.25914114713668823,
          "z": 1.3412586450576782
        },
        "rotation_quaternion": {
          "w": 0.7186332941055298,
          "x": 0.3781491219997406,
          "y": 0.3452039659023285,
          "z": -0.4705357551574707
        },
        "matrix": [
          [
            0.31886017322540283,
            0.9373626112937927,
            0.14028345048427582,
            0.6772236824035645
          ],
          [
            -0.4152097702026367,
            0.27119773626327515,
            -0.8683620095252991,
            0.2508845329284668
          ],
          [
            -0.8520210385322571,
            0.2186407744884491,
            0.47567883133888245,
            1.3346021175384521
          ],
          [
            0.0,
            0.0,
            0.0,
            1.0
          ]
        ]
      },
      "bone_length_armature_space": 0.03044487034556914,
      "parent": "thumb_02_l",
      "has_children": false,
      "is_end_bone": true
    },
    "metacarpal_index_l": {
      "name": "metacarpal_index_l",
      "local": {
        "location": {
          "x": 0.0,
          "y": 0.0,
          "z": 0.0
        },
        "rotation_quaternion": {
          "w": 0.9981968402862549,
          "x": -0.05680635944008827,
          "y": 0.018719013780355453,
          "z": -0.0050806207582354546
        },
        "scale": {
          "x": 1.0,
          "y": 1.0,
          "z": 1.0
        },
        "matrix_basis": [
          [
            0.9992475509643555,
            0.008016200736165047,
            0.03794774413108826,
            0.0
          ],
          [
            -0.012269637547433376,
            0.99349445104599,
            0.11321765184402466,
            0.0
          ],
          [
            -0.0367932990193367,
            -0.1135980635881424,
            0.9928452968597412,
            0.0
          ],
          [
            0.0,
            0.0,
            0.0,
            1.0
          ]
        ],
        "rotation_mode": "QUATERNION"
      },
      "armature_space": {
        "head": {
          "x": 0.6205265522003174,
          "y": 0.13573628664016724,
          "z": 0.45818454027175903
        },
        "tail": {
          "x": 0.7169142961502075,
          "y": 0.16778436303138733,
          "z": 0.39977574348449707
        }
      },
      "world_space": {
        "head": {
          "x": 0.6205265522003174,
          "y": 0.19898028671741486,
          "z": 1.40803861618042
        },
        "tail": {
          "x": 0.7169142961502075,
          "y": 0.23102836310863495,
          "z": 1.3496297597885132
        },
        "rotation_quaternion": {
          "w": 0.39325153827667236,
          "x": -0.6024335026741028,
          "y": -0.6943425536155701,
          "z": 0.017765996977686882
        },
        "matrix": [
          [
            0.03514768183231354,
            0.8226193189620972,
            -0.5675053000450134,
            0.6205265522003174
          ],
          [
            0.8505630493164062,
            0.27351364493370056,
            0.44914674758911133,
            0.19898028671741486
          ],
          [
            0.5247016549110413,
            -0.4984888732433319,
            -0.6900805830955505,
            1.40803861618042
          ],
          [
            0.0,
            0.0,
            0.0,
            1.0
          ]
        ]
      },
      "bone_length_armature_space": 0.11717194265175304,
      "parent": "lowerarm_l",
      "has_children": true,
      "is_end_bone": false
    },
    "index_01_l": {
      "name": "index_01_l",
      "local": {
        "location": {
          "x": 0.0,
          "y": 0.0,
          "z": 0.0
        },
        "rotation_quaternion": {
          "w": 0.9956076145172119,
          "x": -0.08963492512702942,
          "y": 0.023416774347424507,
          "z": -0.013521664775907993
        },
        "scale": {
          "x": 1.0,
          "y": 1.0,
          "z": 1.0
        },
        "matrix_basis": [
          [
            0.9985376596450806,
            0.022726623341441154,
            0.04905186593532562,
            0.0
          ],
          [
            -0.031122466549277306,
            0.9835655093193054,
            0.1778491586446762,
            0.0
          ],
          [
            -0.04420381039381027,
            -0.17911569774150848,
            0.9828344583511353,
            0.0
          ],
          [
            0.0,
            0.0,
            0.0,
            1.0
          ]
        ],
        "rotation_mode": "QUATERNION"
      },
      "armature_space": {
        "head": {
          "x": 0.7169142961502075,
          "y": 0.16778436303138733,
          "z": 0.39977574348449707
        },
        "tail": {
          "x": 0.7430092096328735,
          "y": 0.17920862138271332,
          "z": 0.39850667119026184
        }
      },
      "world_space": {
        "head": {
          "x": 0.7169142961502075,
          "y": 0.23102836310863495,
          "z": 1.3496297597885132
        },
        "tail": {
          "x": 0.7430092096328735,
          "y": 0.24245262145996094,
          "z": 1.3483606576919556
        },
        "rotation_quaternion": {
          "w": 0.3330705761909485,
          "x": -0.5121899843215942,
          "y": -0.7677172422409058,
          "z": -0.1932246834039688
        },
        "matrix": [
          [
            -0.2534502446651459,
            0.9151500463485718,
            -0.3134703040122986,
            0.7169142961502075
          ],
          [
            0.6577198505401611,
            0.4006490707397461,
            0.6378753185272217,
            0.23102836310863495
          ],
          [
            0.7093488574028015,
            -0.04450610280036926,
            -0.703461229801178,
            1.3496297597885132
          ],
          [
            0.0,
            0.0,
            0.0,
            1.0
          ]
        ]
      },
      "bone_length_armature_space": 0.02851436060166304,
      "parent": "metacarpal_index_l",
      "has_children": true,
      "is_end_bone": false
    },
    "index_02_l": {
      "name": "index_02_l",
      "local": {
        "location": {
          "x": 0.0,
          "y": 0.0,
          "z": 0.0
        },
        "rotation_quaternion": {
          "w": 0.9815301299095154,
          "x": 0.19114139676094055,
          "y": -0.0046806298196315765,
          "z": 0.006462488789111376
        },
        "scale": {
          "x": 1.0,
          "y": 1.0,
          "z": 1.0
        },
        "matrix_basis": [
          [
            0.9998726844787598,
            -0.014475579373538494,
            -0.006717860233038664,
            0.0
          ],
          [
            0.01089693047106266,
            0.9268463850021362,
            -0.3752825856208801,
            0.0
          ],
          [
            0.011658856645226479,
            0.3751615881919861,
            0.9268861413002014,
            0.0
          ],
          [
            0.0,
            0.0,
            0.0,
            1.0
          ]
        ],
        "rotation_mode": "QUATERNION"
      },
      "armature_space": {
        "head": {
          "x": 0.7430095076560974,
          "y": 0.17920882999897003,
          "z": 0.3985062837600708
        },
        "tail": {
          "x": 0.7623980641365051,
          "y": 0.19428400695323944,
          "z": 0.39109593629837036
        }
      },
      "world_space": {
        "head": {
          "x": 0.7430095076560974,
          "y": 0.24245283007621765,
          "z": 1.348360300064087
        },
        "tail": {
          "x": 0.7623980641365051,
          "y": 0.25752800703048706,
          "z": 1.3409500122070312
        },
        "rotation_quaternion": {
          "w": 0.3857765793800354,
          "x": -0.45251020789146423,
          "y": -0.8031207919120789,
          "z": -0.037522442638874054
        },
        "matrix": [
          [
            -0.29282107949256897,
            0.7557929158210754,
            -0.5856901407241821,
            0.7430095076560974
          ],
          [
            0.6978906393051147,
            0.5876514315605164,
            0.40940752625465393,
            0.24245283007621765
          ],
          [
            0.653614342212677,
            -0.2888661324977875,
            -0.6995419859886169,
            1.348360300064087
          ],
          [
            0.0,
            0.0,
            0.0,
            1.0
          ]
        ]
      },
      "bone_length_armature_space": 0.02565327150929405,
      "parent": "index_01_l",
      "has_children": true,
      "is_end_bone": false
    },
    "index_03_l": {
      "name": "index_03_l",
      "local": {
        "location": {
          "x": 0.0,
          "y": 0.0,
          "z": 0.0
        },
        "rotation_quaternion": {
          "w": 0.9781290888786316,
          "x": 0.207964688539505,
          "y": 0.002780752955004573,
          "z": -0.0025564515963196754
        },
        "scale": {
          "x": 1.0,
          "y": 1.0,
          "z": 1.0
        },
        "matrix_basis": [
          [
            0.9999714493751526,
            0.006157676223665476,
            0.004376567434519529,
            0.0
          ],
          [
            -0.0038444825913757086,
            0.9134883284568787,
            -0.4068468511104584,
            0.0
          ],
          [
            -0.00650317408144474,
            0.4068184196949005,
            0.9134858846664429,
            0.0
          ],
          [
            0.0,
            0.0,
            0.0,
            1.0
          ]
        ],
        "rotation_mode": "QUATERNION"
      },
      "armature_space": {
        "head": {
          "x": 0.7623981237411499,
          "y": 0.19428393244743347,
          "z": 0.39109599590301514
        },
        "tail": {
          "x": 0.7722715735435486,
          "y": 0.21733728051185608,
          "z": 0.37610292434692383
        }
      },
      "world_space": {
        "head": {
          "x": 0.7623981237411499,
          "y": 0.2575279474258423,
          "z": 1.3409500122070312
        },
        "tail": {
          "x": 0.7722715735435486,
          "y": 0.2805812954902649,
          "z": 1.32595694065094
        },
        "rotation_quaternion": {
          "w": 0.5077124238014221,
          "x": -0.29634588956832886,
          "y": -0.7979505658149719,
          "z": 0.13297419250011444
        },
        "matrix": [
          [
            -0.308814138174057,
            0.33791589736938477,
            -0.8890706896781921,
            0.7623981237411499
          ],
          [
            0.607964813709259,
            0.7889931201934814,
            0.08870527148246765,
            0.2575279474258423
          ],
          [
            0.7314514517784119,
            -0.5131332874298096,
            -0.44909608364105225,
            1.3409500122070312
          ],
          [
            0.0,
            0.0,
            0.0,
            1.0
          ]
        ]
      },
      "bone_length_armature_space": 0.029218727680522253,
      "parent": "index_02_l",
      "has_children": false,
      "is_end_bone": true
    },
    "metacarpal_pinky_l": {
      "name": "metacarpal_pinky_l",
      "local": {
        "location": {
          "x": 0.0,
          "y": 0.0,
          "z": 0.0
        },
        "rotation_quaternion": {
          "w": 0.9998128414154053,
          "x": -0.01807503215968609,
          "y": 0.006877320818603039,
          "z": -0.000655772106256336
        },
        "scale": {
          "x": 1.0,
          "y": 1.0,
          "z": 1.0
        },
        "matrix_basis": [
          [
            0.9999045729637146,
            0.0010626831790432334,
            0.013775773346424103,
            0.0
          ],
          [
            -0.0015599143225699663,
            0.9993457198143005,
            0.036134280264377594,
            0.0
          ],
          [
            -0.013728361576795578,
            -0.03615231812000275,
            0.9992519617080688,
            0.0
          ],
          [
            0.0,
            0.0,
            0.0,
            1.0
          ]
        ],
        "rotation_mode": "QUATERNION"
      },
      "armature_space": {
        "head": {
          "x": 0.6205265522003174,
          "y": 0.13573628664016724,
          "z": 0.45818454027175903
        },
        "tail": {
          "x": 0.708522379398346,
          "y": 0.19139984250068665,
          "z": 0.4569515287876129
        }
      },
      "world_space": {
        "head": {
          "x": 0.6205265522003174,
          "y": 0.19898028671741486,
          "z": 1.40803861618042
        },
        "tail": {
          "x": 0.708522379398346,
          "y": 0.25464385747909546,
          "z": 1.4068055152893066
        },
        "rotation_quaternion": {
          "w": 0.6120228171348572,
          "x": 0.3403685390949249,
          "y": 0.6266621947288513,
          "z": -0.3418652415275574
        },
        "matrix": [
          [
            -0.019154340028762817,
            0.8450511693954468,
            0.5343424677848816,
            0.6205265522003174
          ],
          [
            0.008133151568472385,
            0.5345544219017029,
            -0.8450949192047119,
            0.19898028671741486
          ],
          [
            -0.999790608882904,
            -0.01184108853340149,
            -0.017113089561462402,
            1.40803861618042
          ],
          [
            0.0,
            0.0,
            0.0,
            1.0
          ]
        ]
      },
      "bone_length_armature_space": 0.10413077021783769,
      "parent": "lowerarm_l",
      "has_children": true,
      "is_end_bone": false
    },
    "pinky_01_l": {
      "name": "pinky_01_l",
      "local": {
        "location": {
          "x": 0.0,
          "y": 0.0,
          "z": 0.0
        },
        "rotation_quaternion": {
          "w": 0.9995019435882568,
          "x": 0.02576056309044361,
          "y": -0.012152453884482384,
          "z": -0.013587895780801773
        },
        "scale": {
          "x": 1.0,
          "y": 1.0,
          "z": 1.0
        },
        "matrix_basis": [
          [
            0.9993353486061096,
            0.02653614804148674,
            -0.024992866441607475,
            0.0
          ],
          [
            -0.02778836525976658,
            0.9983035326004028,
            -0.05116521194577217,
            0.0
          ],
          [
            0.023592738434672356,
            0.051825717091560364,
            0.9983774423599243,
            0.0
          ],
          [
            0.0,
            0.0,
            0.0,
            1.0
          ]
        ],
        "rotation_mode": "QUATERNION"
      },
      "armature_space": {
        "head": {
          "x": 0.708522379398346,
          "y": 0.19139984250068665,
          "z": 0.4569515287876129
        },
        "tail": {
          "x": 0.7265808582305908,
          "y": 0.2050924301147461,
