{
  "metadata": {
    "armature_name": "KIM_caucasian_male",
    "export_time": "2026-01-13T21:01:16.147741",
    "blender_version": "4.4.1",
    "bone_count": 56,
    "end_bone_count": 13,
    "spaces_included": [
      "LOCAL_CHANNELS",
      "ARMATURE_SPACE",
      "WORLD_SPACE"
    ],
    "note": "LOCAL matches Transform panel; replay pose via local.matrix_basis for best fidelity."
  },
  "bones": {
    "Root": {
      "name": "Root",
      "local": {
        "location": {
          "x": 0.0,
          "y": 0.0,
          "z": 0.0
        },
        "rotation_quaternion": {
          "w": 0.9996942281723022,
          "x": -0.014143438078463078,
          "y": -0.00921955332159996,
          "z": -0.01806795783340931
        },
        "scale": {
          "x": 1.0,
          "y": 1.0,
          "z": 1.0
        },
        "matrix_basis": [
          [
            0.999177098274231,
            0.036385659128427505,
            -0.017922382801771164,
            0.0
          ],
          [
            -0.035864073783159256,
            0.998947024345398,
            0.028611384332180023,
            0.0
          ],
          [
            0.018944554030895233,
            -0.02794506959617138,
            0.9994299411773682,
            0.0
          ],
          [
            0.0,
            0.0,
            0.0,
            1.0
          ]
        ],
        "rotation_mode": "QUATERNION"
      },
      "armature_space": {
        "head": {
          "x": 0.0,
          "y": 0.07072800397872925,
          "z": -0.009595036506652832
        },
        "tail": {
          "x": 0.0025970579590648413,
          "y": 0.00034261494874954224,
          "z": 0.00196641031652689
        }
      },
      "world_space": {
        "head": {
          "x": 0.0,
          "y": 0.13397200405597687,
          "z": 0.9402589797973633
        },
        "tail": {
          "x": 0.0025970579590648413,
          "y": 0.06358661502599716,
          "z": 0.951820433139801
        },
        "rotation_quaternion": {
          "w": 0.08145836740732193,
          "x": 0.9964703321456909,
          "y": 0.017405811697244644,
          "z": -0.010415812022984028
        },
        "matrix": [
          [
            0.999177098274231,
            0.036385659128427505,
            -0.017922382801771164,
            0.0
          ],
          [
            0.03299183398485184,
            -0.9861230850219727,
            -0.162704735994339,
            0.13397200405597687
          ],
          [
            -0.023593926802277565,
            0.1619797646999359,
            -0.9865190982818604,
            0.9402589797973633
          ],
          [
            0.0,
            0.0,
            0.0,
            1.0
          ]
        ]
      },
      "bone_length_armature_space": 0.07137586902170401,
      "parent": null,
      "has_children": true,
      "is_end_bone": false
    },
    "spine_01": {
      "name": "spine_01",
      "local": {
        "location": {
          "x": 0.0,
          "y": 0.0,
          "z": 0.0
        },
        "rotation_quaternion": {
          "w": 0.9962972402572632,
          "x": 0.05046911910176277,
          "y": -0.04358880594372749,
          "z": -0.05426532030105591
        },
        "scale": {
          "x": 1.0,
          "y": 1.0,
          "z": 1.0
        },
        "matrix_basis": [
          [
            0.9903106093406677,
            0.1037290021777153,
            -0.09233225882053375,
            0.0
          ],
          [
            -0.11252855509519577,
            0.9890162944793701,
            -0.09583376348018646,
            0.0
          ],
          [
            0.08137736469507217,
            0.10529521107673645,
            0.9911057949066162,
            0.0
          ],
          [
            0.0,
            0.0,
            0.0,
            1.0
          ]
        ],
        "rotation_mode": "QUATERNION"
      },
      "armature_space": {
        "head": {
          "x": 0.0025970579590648413,
          "y": 0.00034261494874954224,
          "z": 0.00196641031652689
        },
        "tail": {
          "x": 0.06511805206537247,
          "y": -0.012842174619436264,
          "z": 0.4857698678970337
        }
      },
      "world_space": {
        "head": {
          "x": 0.0025970579590648413,
          "y": 0.06358661502599716,
          "z": 0.951820433139801
        },
        "tail": {
          "x": 0.06511805206537247,
          "y": 0.050401825457811356,
          "z": 1.4356238842010498
        },
        "rotation_quaternion": {
          "w": 0.6970425844192505,
          "x": 0.713516354560852,
          "y": 0.02495027333498001,
          "z": -0.06636008620262146
        },
        "matrix": [
          [
            0.9899477362632751,
            0.12811647355556488,
            -0.05991429090499878,
            0.0025970579590648413
          ],
          [
            -0.05690589174628258,
            -0.027017943561077118,
            -0.9980140328407288,
            0.06358661502599716
          ],
          [
            -0.1294817477464676,
            0.99139803647995,
            -0.01945679634809494,
            0.951820433139801
          ],
          [
            0.0,
            0.0,
            0.0,
            1.0
          ]
        ]
      },
      "bone_length_armature_space": 0.4880046102393996,
      "parent": "Root",
      "has_children": true,
      "is_end_bone": false
    },
    "neck_01": {
      "name": "neck_01",
      "local": {
        "location": {
          "x": 0.0,
          "y": 0.0,
          "z": 0.0
        },
        "rotation_quaternion": {
          "w": 0.9856653213500977,
          "x": -0.010362730361521244,
          "y": 0.09972544014453888,
          "z": 0.13568846881389618
        },
        "scale": {
          "x": 1.0,
          "y": 1.0,
          "z": 1.0
        },
        "matrix_basis": [
          [
            0.9432869553565979,
            -0.26955369114875793,
            0.1937796026468277,
            0.0
          ],
          [
            0.26541998982429504,
            0.9629625082015991,
            0.04749155417084694,
            0.0
          ],
          [
            -0.1994040161371231,
            0.006634816527366638,
            0.9798948764801025,
            0.0
          ],
          [
            0.0,
            0.0,
            0.0,
            1.0
          ]
        ],
        "rotation_mode": "QUATERNION"
      },
      "armature_space": {
        "head": {
          "x": 0.07242068648338318,
          "y": -0.04943195357918739,
          "z": 0.5576837062835693
        },
        "tail": {
          "x": 0.05444936826825142,
          "y": -0.0883345752954483,
          "z": 0.6508199572563171
        }
      },
      "world_space": {
        "head": {
          "x": 0.07242068648338318,
          "y": 0.013812046498060226,
          "z": 1.5075377225875854
        },
        "tail": {
          "x": 0.05444936826825142,
          "y": -0.025090575218200684,
          "z": 1.6006739139556885
        },
        "rotation_quaternion": {
          "w": 0.5550211668014526,
          "x": 0.8258481025695801,
          "y": -0.04713873192667961,
          "z": 0.08777543902397156
        },
        "matrix": [
          [
            0.9801469445228577,
            -0.1752934455871582,
            0.09265140444040298,
            0.07242068648338318
          ],
          [
            0.019574731588363647,
            -0.37945878505706787,
            -0.9250018000602722,
            0.013812046498060226
          ],
          [
            0.19730551540851593,
            0.9084571599960327,
            -0.36849743127822876,
            1.5075377225875854
          ],
          [
            0.0,
            0.0,
            0.0,
            1.0
          ]
        ]
      },
      "bone_length_armature_space": 0.1025219150805855,
      "parent": "spine_01",
      "has_children": true,
      "is_end_bone": false
    },
    "head": {
      "name": "head",
      "local": {
        "location": {
          "x": 0.0,
          "y": 0.0,
          "z": 0.0
        },
        "rotation_quaternion": {
          "w": 0.989047646522522,
          "x": -0.14600445330142975,
          "y": 0.0061922031454741955,
          "z": -0.02071550115942955
        },
        "scale": {
          "x": 1.0,
          "y": 1.0,
          "z": 1.0
        },
        "matrix_basis": [
          [
            0.9990650415420532,
            0.039169058203697205,
            0.01829787902534008,
            0.0
          ],
          [
            -0.042785413563251495,
            0.95650714635849,
            0.2885541617870331,
            0.0
          ],
          [
            -0.0061996569857001305,
            -0.28906726837158203,
            0.9572887420654297,
            0.0
          ],
          [
            0.0,
            0.0,
            0.0,
            1.0
          ]
        ],
        "rotation_mode": "QUATERNION"
      },
      "armature_space": {
        "head": {
          "x": 0.05444939434528351,
          "y": -0.08833469450473785,
          "z": 0.6508198380470276
        },
        "tail": {
          "x": 0.030198169872164726,
          "y": -0.04629812389612198,
          "z": 0.7981225848197937
        }
      },
      "world_space": {
        "head": {
          "x": 0.05444939434528351,
          "y": -0.025090694427490234,
          "z": 1.6006739139556885
        },
        "tail": {
          "x": 0.030198169872164726,
          "y": 0.01694587618112564,
          "z": 1.747976541519165
        },
        "rotation_quaternion": {
          "w": 0.7952807545661926,
          "x": 0.601064145565033,
          "y": -0.05523798242211342,
          "z": 0.05656198412179947
        },
        "matrix": [
          [
            0.9874990582466125,
            -0.15636850893497467,
            -0.019863776862621307,
            0.05444939434528351
          ],
          [
            0.023563170805573463,
            0.2710459232330322,
            -0.9622782468795776,
            -0.025090694427490234
          ],
          [
            0.15585507452487946,
            0.9497876167297363,
            0.2713431417942047,
            1.6006739139556885
          ],
          [
            0.0,
            0.0,
            0.0,
            1.0
          ]
        ]
      },
      "bone_length_armature_space": 0.1550912434799993,
      "parent": "neck_01",
      "has_children": false,
      "is_end_bone": true
    },
    "upperarm_l": {
      "name": "upperarm_l",
      "local": {
        "location": {
          "x": 0.0,
          "y": 0.0,
          "z": 0.0
        },
        "rotation_quaternion": {
          "w": 0.9772919416427612,
          "x": -0.18121860921382904,
          "y": 0.050597116351127625,
          "z": 0.09746944904327393
        },
        "scale": {
          "x": 1.0,
          "y": 1.0,
          "z": 1.0
        },
        "matrix_basis": [
          [
            0.9758792519569397,
            -0.20885048806667328,
            0.06356975436210632,
            0.0
          ],
          [
            0.17217393219470978,
            0.91531902551651,
            0.364070326089859,
            0.0
          ],
          [
            -0.1342228651046753,
            -0.3443436324596405,
            0.9291995167732239,
            0.0
          ],
          [
            0.0,
            0.0,
            0.0,
            1.0
          ]
        ],
        "rotation_mode": "QUATERNION"
      },
      "armature_space": {
        "head": {
          "x": 0.21211135387420654,
          "y": -0.05933481827378273,
          "z": 0.4715697765350342
        },
        "tail": {
          "x": 0.46520790457725525,
          "y": 0.025663893669843674,
          "z": 0.49448254704475403
        }
      },
      "world_space": {
        "head": {
          "x": 0.21211135387420654,
          "y": 0.0039091818034648895,
          "z": 1.4214237928390503
        },
        "tail": {
          "x": 0.46520790457725525,
          "y": 0.08890789747238159,
          "z": 1.4443365335464478
        },
        "rotation_quaternion": {
          "w": 0.5436026453971863,
          "x": 0.46736273169517517,
          "y": 0.6025735139846802,
          "z": -0.3506755828857422
        },
        "matrix": [
          [
            0.027864892035722733,
            0.94449782371521,
            0.3273339867591858,
            0.21211135387420654
          ],
          [
            0.18198388814926147,
            0.3171955645084381,
            -0.9307358860969543,
            0.0039091818034648895
          ],
          [
            -0.9829134345054626,
            0.08550520241260529,
            -0.16304674744606018,
            1.4214237928390503
          ],
          [
            0.0,
            0.0,
            0.0,
            1.0
          ]
        ]
      },
      "bone_length_armature_space": 0.2679694763502531,
      "parent": "spine_01",
      "has_children": true,
      "is_end_bone": false
    },
    "lowerarm_l": {
      "name": "lowerarm_l",
      "local": {
        "location": {
          "x": 0.0,
          "y": 0.0,
          "z": 0.0
        },
        "rotation_quaternion": {
          "w": 0.8786032199859619,
          "x": 0.3463740050792694,
          "y": -0.29179519414901733,
          "z": 0.15145018696784973
        },
        "scale": {
          "x": 1.0,
          "y": 1.0,
          "z": 1.0
        },
        "matrix_basis": [
          [
            0.7838367819786072,
            -0.46826979517936707,
            -0.40782758593559265,
            0.0
          ],
          [
            0.06398870050907135,
            0.7141757607460022,
            -0.6970354914665222,
            0.0
          ],
          [
            0.6176612377166748,
            0.5202657580375671,
            0.5897611975669861,
            0.0
          ],
          [
            0.0,
            0.0,
            0.0,
            1.0
          ]
        ],
        "rotation_mode": "QUATERNION"
      },
      "armature_space": {
        "head": {
          "x": 0.4652079939842224,
          "y": 0.02566385269165039,
          "z": 0.49448269605636597
        },
        "tail": {
          "x": 0.6629942059516907,
          "y": -0.08146046102046967,
          "z": 0.6393088698387146
        }
      },
      "world_space": {
        "head": {
          "x": 0.4652079939842224,
          "y": 0.08890785276889801,
          "z": 1.4443366527557373
        },
        "tail": {
          "x": 0.6629942059516907,
          "y": -0.018216460943222046,
          "z": 1.589162826538086
        },
        "rotation_quaternion": {
          "w": 0.5411863327026367,
          "x": 0.5910784006118774,
          "y": 0.08307483792304993,
          "z": -0.5923193693161011
        },
        "matrix": [
          [
            0.28451433777809143,
            0.7393200397491455,
            -0.6102930307388306,
            0.4652079939842224
          ],
          [
            -0.5429028868675232,
            -0.40042808651924133,
            -0.7381831407546997,
            0.08890785276889801
          ],
          [
            -0.7901378870010376,
            0.5413567423820496,
            0.2874527871608734,
            1.4443366527557373
          ],
          [
            0.0,
            0.0,
            0.0,
            1.0
          ]
        ]
      },
      "bone_length_armature_space": 0.26752499937061597,
      "parent": "upperarm_l",
      "has_children": true,
      "is_end_bone": false
    },
    "metacarpal_thumb_l": {
      "name": "metacarpal_thumb_l",
      "local": {
        "location": {
          "x": 0.0,
          "y": 0.0,
          "z": 0.0
        },
        "rotation_quaternion": {
          "w": 0.9985992312431335,
          "x": -0.0503247044980526,
          "y": 0.007905139587819576,
          "z": 0.014302961528301239
        },
        "scale": {
          "x": 1.0,
          "y": 1.0,
          "z": 1.0
        },
        "matrix_basis": [
          [
            0.9994658827781677,
            -0.029361499473452568,
            0.014348547905683517,
            0.0
          ],
          [
            0.027770204469561577,
            0.994525671005249,
            0.10073455423116684,
            0.0
          ],
          [
            -0.017227716743946075,
            -0.10028228908777237,
            0.9948098659515381,
            0.0
          ],
          [
            0.0,
            0.0,
            0.0,
            1.0
          ]
        ],
        "rotation_mode": "QUATERNION"
      },
      "armature_space": {
        "head": {
          "x": 0.6629942059516907,
          "y": -0.08146046102046967,
          "z": 0.6393088698387146
        },
        "tail": {
          "x": 0.6743456125259399,
          "y": -0.12165752053260803,
          "z": 0.665934681892395
        }
      },
      "world_space": {
        "head": {
          "x": 0.6629942059516907,
          "y": -0.018216460943222046,
          "z": 1.589162826538086
        },
        "tail": {
          "x": 0.6743456125259399,
          "y": -0.05841352045536041,
          "z": 1.6157886981964111
        },
        "rotation_quaternion": {
          "w": 0.2725880742073059,
          "x": 0.9490377902984619,
          "y": 0.14121177792549133,
          "z": 0.07128973305225372
        },
        "matrix": [
          [
            0.9499539732933044,
            0.22916525602340698,
            0.21229897439479828,
            0.6629942059516907
          ],
          [
            0.3068964183330536,
            -0.8115097880363464,
            -0.4972591996192932,
            -0.018216460943222046
          ],
          [
            0.0583287738263607,
            0.5375299453735352,
            -0.8412331938743591,
            1.589162826538086
          ],
          [
            0.0,
            0.0,
            0.0,
            1.0
          ]
        ]
      },
      "bone_length_armature_space": 0.04953374469733907,
      "parent": "lowerarm_l",
      "has_children": true,
      "is_end_bone": false
    },
    "thumb_01_l": {
      "name": "thumb_01_l",
      "local": {
        "location": {
          "x": 0.0,
          "y": 0.0,
          "z": 0.0
        },
        "rotation_quaternion": {
          "w": 0.9996106624603271,
          "x": 0.011535358615219593,
          "y": 0.01506460178643465,
          "z": -0.020461414009332657
        },
        "scale": {
          "x": 1.0,
          "y": 1.0,
          "z": 1.0
        },
        "matrix_basis": [
          [
            0.9987087845802307,
            0.041254445910453796,
            0.029645413160324097,
            0.0
          ],
          [
            -0.04055934399366379,
            0.9988965392112732,
            -0.023678220808506012,
            0.0
          ],
          [
            -0.030589532107114792,
            0.022445248439908028,
            0.9992799758911133,
            0.0
          ],
          [
            0.0,
            0.0,
            0.0,
            1.0
          ]
        ],
        "rotation_mode": "QUATERNION"
      },
      "armature_space": {
        "head": {
          "x": 0.6743456125259399,
          "y": -0.12165752053260803,
          "z": 0.665934681892395
        },
        "tail": {
          "x": 0.6817160844802856,
          "y": -0.15390929579734802,
          "z": 0.6579268574714661
        }
      },
      "world_space": {
        "head": {
          "x": 0.6743456125259399,
          "y": -0.05841352045536041,
          "z": 1.6157886981964111
        },
        "tail": {
          "x": 0.6817160844802856,
          "y": -0.0906652957201004,
          "z": 1.607780933380127
        },
        "rotation_quaternion": {
          "w": 0.16170696914196014,
          "x": -0.6840046048164368,
          "y": 0.009868856519460678,
          "z": -0.7112603187561035
        },
        "matrix": [
          [
            -0.011977137997746468,
            0.216532900929451,
            0.9762020111083984,
            0.6743456125259399
          ],
          [
            -0.24353179335594177,
            -0.9475067257881165,
            0.207179993391037,
            -0.05841352045536041
          ],
          [
            0.9698255062103271,
            -0.23525743186473846,
            0.06408163905143738,
            1.6157886981964111
          ],
          [
            0.0,
            0.0,
            0.0,
            1.0
          ]
        ]
      },
      "bone_length_armature_space": 0.03403859671272545,
      "parent": "metacarpal_thumb_l",
      "has_children": true,
      "is_end_bone": false
    },
    "thumb_02_l": {
      "name": "thumb_02_l",
      "local": {
        "location": {
          "x": 0.0,
          "y": 0.0,
          "z": 0.0
        },
        "rotation_quaternion": {
          "w": 0.9972783327102661,
          "x": 0.07284688949584961,
          "y": 0.009800735861063004,
          "z": 0.005766875576227903
        },
        "scale": {
          "x": 1.0,
          "y": 1.0,
          "z": 1.0
        },
        "matrix_basis": [
          [
            0.9997413754463196,
            -0.010074453428387642,
            0.020388320088386536,
            0.0
          ],
          [
            0.012930266559123993,
            0.9893201589584351,
            -0.1451842039823532,
            0.0
          ],
          [
            -0.01870792545378208,
            0.14541028439998627,
            0.9891945719718933,
            0.0
          ],
          [
            0.0,
            0.0,
            0.0,
            1.0
          ]
        ],
        "rotation_mode": "QUATERNION"
      },
      "armature_space": {
        "head": {
          "x": 0.6817160248756409,
          "y": -0.15390929579734802,
          "z": 0.6579267978668213
        },
        "tail": {
          "x": 0.7105406522750854,
          "y": -0.16847777366638184,
          "z": 0.6818033456802368
        }
      },
      "world_space": {
        "head": {
          "x": 0.6817160248756409,
          "y": -0.0906652957201004,
          "z": 1.6077808141708374
        },
        "tail": {
          "x": 0.7105406522750854,
          "y": -0.10523377358913422,
          "z": 1.631657361984253
        },
        "rotation_quaternion": {
          "w": 0.3057591915130615,
          "x": -0.24913547933101654,
          "y": -0.47450026869773865,
          "z": -0.7869512438774109
        },
        "matrix": [
          [
            -0.6888854503631592,
            0.7176654934883118,
            0.10194767266511917,
            0.6817160248756409
          ],
          [
            -0.24480748176574707,
            -0.3627210557460785,
            0.8991679549217224,
            -0.0906652957201004
          ],
          [
            0.6822848320007324,
            0.5944697856903076,
            0.4255669414997101,
            1.6077808141708374
          ],
          [
            0.0,
            0.0,
            0.0,
            1.0
          ]
        ]
      },
      "bone_length_armature_space": 0.04016452687278997,
      "parent": "thumb_01_l",
      "has_children": true,
      "is_end_bone": false
    },
    "thumb_03_l": {
      "name": "thumb_03_l",
      "local": {
        "location": {
          "x": 0.0,
          "y": 0.0,
          "z": 0.0
        },
        "rotation_quaternion": {
          "w": 0.9952684044837952,
          "x": 0.09660559892654419,
          "y": 0.006454644724726677,
          "z": 0.00815308652818203
        },
        "scale": {
          "x": 1.0,
          "y": 1.0,
          "z": 1.0
        },
        "matrix_basis": [
          [
            0.9997837543487549,
            -0.014981909655034542,
            0.014423475600779057,
            0.0
          ],
          [
            0.017476128414273262,
            0.9812017679214478,
            -0.19219174981117249,
            0.0
          ],
          [
            -0.01127293985337019,
            0.19240225851535797,
            0.9812514185905457,
            0.0
          ],
          [
            0.0,
            0.0,
            0.0,
            1.0
          ]
        ],
        "rotation_mode": "QUATERNION"
      },
      "armature_space": {
        "head": {
          "x": 0.7105405330657959,
          "y": -0.1684778332710266,
          "z": 0.6818033456802368
        },
        "tail": {
          "x": 0.7334214448928833,
          "y": -0.16542628407478333,
          "z": 0.7016539573669434
        }
      },
      "world_space": {
        "head": {
          "x": 0.7105405330657959,
          "y": -0.10523383319377899,
          "z": 1.631657361984253
        },
        "tail": {
          "x": 0.7334214448928833,
          "y": -0.1021822839975357,
          "z": 1.6515079736709595
        },
        "rotation_quaternion": {
          "w": 0.51482754945755,
          "x": -0.05961669981479645,
          "y": -0.5339171886444092,
          "z": -0.6680800318717957
        },
        "matrix": [
          [
            -0.46279409527778625,
            0.7515528202056885,
            -0.4700959324836731,
            0.7105405330657959
          ],
          [
            -0.6242338418960571,
            0.10023213177919388,
            0.7747812867164612,
            -0.10523383319377899
          ],
          [
            0.6294113993644714,
            0.6520184278488159,
            0.4227616786956787,
            1.631657361984253
          ],
          [
            0.0,
            0.0,
            0.0,
            1.0
          ]
        ]
      },
      "bone_length_armature_space": 0.030444947717824553,
      "parent": "thumb_02_l",
      "has_children": false,
      "is_end_bone": true
    },
    "metacarpal_index_l": {
      "name": "metacarpal_index_l",
      "local": {
        "location": {
          "x": 0.0,
          "y": 0.0,
          "z": 0.0
        },
        "rotation_quaternion": {
          "w": 0.9998836517333984,
          "x": -0.008825605735182762,
          "y": 0.010905779898166656,
          "z": -0.005988589487969875
        },
        "scale": {
          "x": 1.0,
          "y": 1.0,
          "z": 1.0
        },
        "matrix_basis": [
          [
            0.9996904134750366,
            0.011783285066485405,
            0.021914727985858917,
            0.0
          ],
          [
            -0.012168285436928272,
            0.9997724890708923,
            0.017518537119030952,
            0.0
          ],
          [
            -0.021703315898776054,
            -0.017779778689146042,
            0.9996063709259033,
            0.0
          ],
          [
            0.0,
            0.0,
            0.0,
            1.0
          ]
        ],
        "rotation_mode": "QUATERNION"
      },
      "armature_space": {
        "head": {
          "x": 0.6629942059516907,
          "y": -0.08146046102046967,
          "z": 0.6393088698387146
        },
        "tail": {
          "x": 0.7268818616867065,
          "y": -0.15385836362838745,
          "z": 0.705687940120697
        }
      },
      "world_space": {
        "head": {
          "x": 0.6629942059516907,
          "y": -0.018216460943222046,
          "z": 1.589162826538086
        },
        "tail": {
          "x": 0.7268818616867065,
          "y": -0.09061436355113983,
          "z": 1.6555418968200684
        },
        "rotation_quaternion": {
          "w": 0.38168811798095703,
          "x": 0.8698140978813171,
          "y": 0.21301358938217163,
          "z": -0.2288295477628708
        },
        "matrix": [
          [
            0.8045247197151184,
            0.5452478528022766,
            -0.23546750843524933,
            0.6629942059516907
          ],
          [
            0.19588257372379303,
            -0.6178785562515259,
            -0.7614832520484924,
            -0.018216460943222046
          ],
          [
            -0.5606911778450012,
            0.5665111541748047,
            -0.6039078235626221,
            1.589162826538086
          ],
          [
            0.0,
            0.0,
            0.0,
            1.0
          ]
        ]
      },
      "bone_length_armature_space": 0.11717196798708775,
      "parent": "lowerarm_l",
      "has_children": true,
      "is_end_bone": false
    },
    "index_01_l": {
      "name": "index_01_l",
      "local": {
        "location": {
          "x": 0.0,
          "y": 0.0,
          "z": 0.0
        },
        "rotation_quaternion": {
          "w": 0.9912485480308533,
          "x": -0.1315554529428482,
          "y": -0.00790922436863184,
          "z": -0.007551799528300762
        },
        "scale": {
          "x": 1.0,
          "y": 1.0,
          "z": 1.0
        },
        "matrix_basis": [
          [
            0.9997608065605164,
            0.01705242320895195,
            -0.013693053275346756,
            0.0
          ],
          [
            -0.012890417128801346,
            0.9652722477912903,
            0.2609277665615082,
            0.0
          ],
          [
            0.017666975036263466,
            -0.260688841342926,
            0.9652612209320068,
            0.0
          ],
          [
            0.0,
            0.0,
            0.0,
            1.0
          ]
        ],
        "rotation_mode": "QUATERNION"
      },
      "armature_space": {
        "head": {
          "x": 0.7268818616867065,
          "y": -0.15385836362838745,
          "z": 0.705687940120697
        },
        "tail": {
          "x": 0.7504944801330566,
          "y": -0.1587386429309845,
          "z": 0.720909595489502
        }
      },
      "world_space": {
        "head": {
          "x": 0.7268818616867065,
          "y": -0.09061436355113983,
          "z": 1.6555418968200684
        },
        "tail": {
          "x": 0.7504944801330566,
          "y": -0.09549464285373688,
          "z": 1.670763611793518
        },
        "rotation_quaternion": {
          "w": 0.4895365536212921,
          "x": 0.7329720258712769,
          "y": 0.41806429624557495,
          "z": -0.21983718872070312
        },
        "matrix": [
          [
            0.5537869334220886,
            0.8280959725379944,
            0.0870484933257103,
            0.7268818616867065
          ],
          [
            0.3976244628429413,
            -0.17115145921707153,
            -0.9014447331428528,
            -0.09061436355113983
          ],
          [
            -0.7315889000892639,
            0.53382408618927,
            -0.42405641078948975,
            1.6555418968200684
          ],
          [
            0.0,
            0.0,
            0.0,
            1.0
          ]
        ]
      },
      "bone_length_armature_space": 0.028514411820649486,
      "parent": "metacarpal_index_l",
      "has_children": true,
      "is_end_bone": false
    },
    "index_02_l": {
      "name": "index_02_l",
      "local": {
        "location": {
          "x": 0.0,
          "y": 0.0,
          "z": 0.0
        },
        "rotation_quaternion": {
          "w": 0.9993513822555542,
          "x": 0.03513050079345703,
          "y": -0.001873023808002472,
          "z": 0.007690909784287214
        },
        "scale": {
          "x": 1.0,
          "y": 1.0,
          "z": 1.0
        },
        "matrix_basis": [
          [
            0.9998747110366821,
            -0.015503442846238613,
            -0.0032032467424869537,
            0.0
          ],
          [
            0.015240241773426533,
            0.9974133968353271,
            -0.07024423778057098,
            0.0
          ],
          [
            0.00428398884832859,
            0.07018661499023438,
            0.9975246787071228,
            0.0
          ],
          [
            0.0,
            0.0,
            0.0,
            1.0
          ]
        ],
        "rotation_mode": "QUATERNION"
      },
      "armature_space": {
        "head": {
          "x": 0.750494658946991,
          "y": -0.1587390899658203,
          "z": 0.720909833908081
        },
        "tail": {
          "x": 0.7719573974609375,
          "y": -0.16381235420703888,
          "z": 0.7340134382247925
        }
      },
      "world_space": {
        "head": {
          "x": 0.750494658946991,
          "y": -0.09549508988857269,
          "z": 1.6707638502120972
        },
        "tail": {
          "x": 0.7719573974609375,
          "y": -0.10056835412979126,
          "z": 1.6838674545288086
        },
        "rotation_quaternion": {
          "w": 0.48993682861328125,
          "x": 0.7305120229721069,
          "y": 0.4013478457927704,
          "z": -0.25540950894355774
        },
        "matrix": [
          [
            0.5473710894584656,
            0.8366485238075256,
            0.020112503319978714,
            0.750494658946991
          ],
          [
            0.33611205220222473,
            -0.19776277244091034,
            -0.9208253622055054,
            -0.09549508988857269
          ],
          [
            -0.7664345502853394,
            0.5107961893081665,
            -0.38946080207824707,
            1.6707638502120972
          ],
          [
            0.0,
            0.0,
            0.0,
            1.0
          ]
        ]
      },
      "bone_length_armature_space": 0.025653296149368277,
      "parent": "index_01_l",
      "has_children": true,
      "is_end_bone": false
    },
    "index_03_l": {
      "name": "index_03_l",
      "local": {
        "location": {
          "x": 0.0,
          "y": 0.0,
          "z": 0.0
        },
        "rotation_quaternion": {
          "w": 0.9995195865631104,
          "x": 0.030366791412234306,
          "y": -0.004671629052609205,
          "z": -0.004089105874300003
        },
        "scale": {
          "x": 1.0,
          "y": 1.0,
          "z": 1.0
        },
        "matrix_basis": [
          [
            0.9999229311943054,
            0.007890557870268822,
            -0.009587115608155727,
            0.0
          ],
          [
            -0.00845800805836916,
            0.9981222748756409,
            -0.060666199773550034,
            0.0
          ],
          [
            0.009090423583984375,
            0.060742612928152084,
            0.9981120824813843,
            0.0
          ],
          [
            0.0,
            0.0,
            0.0,
            1.0
          ]
        ],
        "rotation_mode": "QUATERNION"
      },
      "armature_space": {
        "head": {
          "x": 0.7719573974609375,
          "y": -0.16381222009658813,
          "z": 0.7340134978294373
        },
        "tail": {
          "x": 0.7977309226989746,
          "y": -0.17246215045452118,
          "z": 0.7447203397750854
        }
      },
      "world_space": {
        "head": {
          "x": 0.7719573974609375,
          "y": -0.10056822001934052,
          "z": 1.6838674545288086
        },
        "tail": {
          "x": 0.7977309226989746,
          "y": -0.10921815037727356,
          "z": 1.6945743560791016
        },
        "rotation_quaternion": {
          "w": 0.4079379439353943,
          "x": 0.7521250247955322,
          "y": 0.4307731091976166,
          "z": -0.2869306206703186
        },
        "matrix": [
          [
            0.4642101228237152,
            0.8820908665657043,
            -0.08015628159046173,
            0.7719573974609375
          ],
          [
            0.4138922095298767,
            -0.29604101181030273,
            -0.8608447909355164,
            -0.10056822001934052
          ],
          [
            -0.7830778360366821,
            0.366438627243042,
            -0.502519965171814,
            1.6838674545288086
          ],
          [
            0.0,
            0.0,
            0.0,
            1.0
          ]
        ]
      },
      "bone_length_armature_space": 0.029218699168070843,
      "parent": "index_02_l",
      "has_children": false,
      "is_end_bone": true
    },
    "metacarpal_pinky_l": {
      "name": "metacarpal_pinky_l",
      "local": {
        "location": {
          "x": 0.0,
          "y": 0.0,
          "z": 0.0
        },
        "rotation_quaternion": {
          "w": 0.999314546585083,
          "x": -0.0340295284986496,
          "y": 0.013532591983675957,
          "z": -0.005415214691311121
        },
        "scale": {
          "x": 1.0,
          "y": 1.0,
          "z": 1.0
        },
        "matrix_basis": [
          [
            0.9995750784873962,
            0.009901990182697773,
            0.027415186166763306,
            0.0
          ],
          [
            -0.011744021438062191,
            0.9976253509521484,
            0.06786584109067917,
            0.0
          ],
          [
            -0.02667807787656784,
            -0.06815896928310394,
            0.9973177313804626,
            0.0
          ],
          [
            0.0,
            0.0,
            0.0,
            1.0
          ]
        ],
        "rotation_mode": "QUATERNION"
      },
      "armature_space": {
        "head": {
          "x": 0.6629942059516907,
          "y": -0.08146046102046967,
          "z": 0.6393088698387146
        },
        "tail": {
          "x": 0.7578957080841064,
          "y": -0.10120949894189835,
          "z": 0.6773472428321838
        }
      },
      "world_space": {
        "head": {
          "x": 0.6629942059516907,
          "y": -0.018216460943222046,
          "z": 1.589162826538086
        },
        "tail": {
          "x": 0.7578957080841064,
          "y": -0.037965498864650726,
          "z": 1.6272013187408447
        },
        "rotation_quaternion": {
          "w": 0.6029350161552429,
          "x": 0.04229310154914856,
          "y": -0.2040613442659378,
          "z": -0.7700906991958618
        },
        "matrix": [
          [
            -0.2693604528903961,
            0.9113684892654419,
            -0.31121161580085754,
            0.6629942059516907
          ],
          [
            -0.9458907842636108,
            -0.18965615332126617,
            0.26329031586647034,
            -0.018216460943222046
          ],
          [
            0.18093173205852509,
            0.3652944266796112,
            0.9131471514701843,
            1.589162826538086
          ],
          [
            0.0,
            0.0,
            0.0,
            1.0
          ]
        ]
      },
      "bone_length_armature_space": 0.10413086780182082,
      "parent": "lowerarm_l",
      "has_children": true,
      "is_end_bone": false
    },
    "pinky_01_l": {
      "name": "pinky_01_l",
      "local": {
        "location": {
          "x": 0.0,
          "y": 0.0,
          "z": 0.0
        },
        "rotation_quaternion": {
          "w": 0.9538830518722534,
          "x": 0.29979759454727173,
          "y": -0.010820864699780941,
          "z": -0.010565555654466152
        },
        "scale": {
          "x": 1.0,
          "y": 1.0,
          "z": 1.0
        },
        "matrix_basis": [
          [
            0.9995425343513489,
            0.013668470084667206,
            -0.026978734880685806,
            0.0
          ],
          [
            -0.026644747704267502,
            0.820019543170929,
            -0.5717150568962097,
            0.0
          ],
          [
            0.014308622106909752,
            0.5721723437309265,
            0.8200086355209351,
            0.0
          ],
          [
            0.0,
            0.0,
            0.0,
            1.0
          ]
        ],
        "rotation_mode": "QUATERNION"
      },
      "armature_space": {
        "head": {
          "x": 0.7578957080841064,
          "y": -0.10120949894189835,
          "z": 0.6773472428321838
        },
        "tail": {
