{
  "metadata": {
    "armature_name": "KIM_caucasian_male",
    "export_time": "2026-01-13T21:02:18.011601",
    "blender_version": "4.4.1",
    "bone_count": 56,
    "end_bone_count": 13,
    "spaces_included": [
      "LOCAL_CHANNELS",
      "ARMATURE_SPACE",
      "WORLD_SPACE"
    ],
    "note": "LOCAL matches Transform panel; replay pose via local.matrix_basis for best fidelity."
  },
  "bones": {
    "Root": {
      "name": "Root",
      "local": {
        "location": {
          "x": 0.0,
          "y": 0.0,
          "z": 0.0
        },
        "rotation_quaternion": {
          "w": 0.9998682737350464,
          "x": 0.008552310988307,
          "y": 0.013686013408005238,
          "z": 0.001776416669599712
        },
        "scale": {
          "x": 1.0,
          "y": 1.0,
          "z": 1.0
        },
        "matrix_basis": [
          [
            0.9996190667152405,
            -0.003318271366879344,
            0.02739880606532097,
            0.0
          ],
          [
            0.003786459332332015,
            0.999847412109375,
            -0.017053743824362755,
            0.0
          ],
          [
            -0.02733803540468216,
            0.017150992527604103,
            0.9994791150093079,
            0.0
          ],
          [
            0.0,
            0.0,
            0.0,
            1.0
          ]
        ],
        "rotation_mode": "QUATERNION"
      },
      "armature_space": {
        "head": {
          "x": 0.0,
          "y": 0.07072800397872925,
          "z": -0.009595036506652832
        },
        "tail": {
          "x": -0.00023684449843131006,
          "y": -0.0001537725329399109,
          "z": -0.001214529387652874
        }
      },
      "world_space": {
        "head": {
          "x": 0.0,
          "y": 0.13397200405597687,
          "z": 0.9402589797973633
        },
        "tail": {
          "x": -0.00023684449843131006,
          "y": 0.06309022754430771,
          "z": 0.9486395120620728
        },
        "rotation_quaternion": {
          "w": 0.05882589519023895,
          "x": 0.9981728792190552,
          "y": -0.0008503831923007965,
          "z": 0.013774598017334938
        },
        "matrix": [
          [
            0.9996190667152405,
            -0.003318271366879344,
            0.02739880606532097,
            0.0
          ],
          [
            -7.70464539527893e-05,
            -0.9930775761604309,
            -0.1174607202410698,
            0.13397200405597687
          ],
          [
            0.027599098160862923,
            0.11741373687982559,
            -0.9927065372467041,
            0.9402589797973633
          ],
          [
            0.0,
            0.0,
            0.0,
            1.0
          ]
        ]
      },
      "bone_length_armature_space": 0.07137587390490223,
      "parent": null,
      "has_children": true,
      "is_end_bone": false
    },
    "spine_01": {
      "name": "spine_01",
      "local": {
        "location": {
          "x": 0.0,
          "y": 0.0,
          "z": 0.0
        },
        "rotation_quaternion": {
          "w": 0.9983141422271729,
          "x": -0.0036317380145192146,
          "y": 0.04976871237158775,
          "z": 0.029646657407283783
        },
        "scale": {
          "x": 1.0,
          "y": 1.0,
          "z": 1.0
        },
        "matrix_basis": [
          [
            0.9932882785797119,
            -0.059554848819971085,
            0.0991542786359787,
            0.0
          ],
          [
            0.05883185938000679,
            0.9982157945632935,
            0.010202182456851006,
            0.0
          ],
          [
            -0.09958495944738388,
            -0.004300279077142477,
            0.995019793510437,
            0.0
          ],
          [
            0.0,
            0.0,
            0.0,
            1.0
          ]
        ],
        "rotation_mode": "QUATERNION"
      },
      "armature_space": {
        "head": {
          "x": -0.00023684449843131006,
          "y": -0.0001537725329399109,
          "z": -0.001214529387652874
        },
        "tail": {
          "x": -0.04272397980093956,
          "y": 0.01638726331293583,
          "z": 0.48465555906295776
        }
      },
      "world_space": {
        "head": {
          "x": -0.00023684449843131006,
          "y": 0.06309022754430771,
          "z": 0.9486395120620728
        },
        "tail": {
          "x": -0.04272397980093956,
          "y": 0.0796312615275383,
          "z": 1.434509515762329
        },
        "rotation_quaternion": {
          "w": 0.7189724445343018,
          "x": 0.691929817199707,
          "y": 0.005110527388751507,
          "z": 0.06546556204557419
        },
        "matrix": [
          [
            0.9913762211799622,
            -0.08706358820199966,
            0.09794437140226364,
            -0.00023684449843131006
          ],
          [
            0.10120876133441925,
            0.03389548137784004,
            -0.9942877292633057,
            0.06309022754430771
          ],
          [
            0.08324705809354782,
            0.9956329464912415,
            0.04241415113210678,
            0.9486395120620728
          ],
          [
            0.0,
            0.0,
            0.0,
            1.0
          ]
        ]
      },
      "bone_length_armature_space": 0.4880046274898162,
      "parent": "Root",
      "has_children": true,
      "is_end_bone": false
    },
    "neck_01": {
      "name": "neck_01",
      "local": {
        "location": {
          "x": 0.0,
          "y": 0.0,
          "z": 0.0
        },
        "rotation_quaternion": {
          "w": 0.9867225289344788,
          "x": -0.1172555461525917,
          "y": -0.06918907165527344,
          "z": -0.08855941146612167
        },
        "scale": {
          "x": 1.0,
          "y": 1.0,
          "z": 1.0
        },
        "matrix_basis": [
          [
            0.974740207195282,
            0.19099274277687073,
            -0.11577266454696655,
            0.0
          ],
          [
            -0.15854153037071228,
            0.9568167328834534,
            0.24365206062793732,
            0.0
          ],
          [
            0.15730899572372437,
            -0.21914269030094147,
            0.9629279971122742,
            0.0
          ],
          [
            0.0,
            0.0,
            0.0,
            1.0
          ]
        ],
        "rotation_mode": "QUATERNION"
      },
      "armature_space": {
        "head": {
          "x": -0.04570189118385315,
          "y": -0.015613298863172531,
          "z": 0.559025228023529
        },
        "tail": {
          "x": -0.03327564150094986,
          "y": -0.026683975011110306,
          "z": 0.6601874232292175
        }
      },
      "world_space": {
        "head": {
          "x": -0.04570189118385315,
          "y": 0.04763070121407509,
          "z": 1.5088791847229004
        },
        "tail": {
          "x": -0.03327564150094986,
          "y": 0.036560025066137314,
          "z": 1.6100413799285889
        },
        "rotation_quaternion": {
          "w": 0.6664815545082092,
          "x": 0.7430344820022583,
          "y": 0.04254544898867607,
          "z": -0.04349778592586517
        },
        "matrix": [
          [
            0.9925956726074219,
            0.12120648473501205,
            -0.007928401231765747,
            -0.04570189118385315
          ],
          [
            0.00524526834487915,
            -0.10798412561416626,
            -0.9941389560699463,
            0.04763070121407509
          ],
          [
            -0.12135303765535355,
            0.9867430329322815,
            -0.10782204568386078,
            1.5088791847229004
          ],
          [
            0.0,
            0.0,
            0.0,
            1.0
          ]
        ]
      },
      "bone_length_armature_space": 0.10252200365083093,
      "parent": "spine_01",
      "has_children": true,
      "is_end_bone": false
    },
    "head": {
      "name": "head",
      "local": {
        "location": {
          "x": 0.0,
          "y": 0.0,
          "z": 0.0
        },
        "rotation_quaternion": {
          "w": 0.9789036512374878,
          "x": -0.11931756138801575,
          "y": 0.13190971314907074,
          "z": -0.10055344551801682
        },
        "scale": {
          "x": 1.0,
          "y": 1.0,
          "z": 1.0
        },
        "matrix_basis": [
          [
            0.9449776411056519,
            0.16538597643375397,
            0.282249391078949,
            0.0
          ],
          [
            -0.22834256291389465,
            0.9513046741485596,
            0.20707283914089203,
            0.0
          ],
          [
            -0.23425821959972382,
            -0.2601287364959717,
            0.9367262721061707,
            0.0
          ],
          [
            0.0,
            0.0,
            0.0,
            1.0
          ]
        ],
        "rotation_mode": "QUATERNION"
      },
      "armature_space": {
        "head": {
          "x": -0.03327564895153046,
          "y": -0.026684122160077095,
          "z": 0.6601873636245728
        },
        "tail": {
          "x": 0.007843729108572006,
          "y": 0.05051756650209427,
          "z": 0.7882589101791382
        }
      },
      "world_space": {
        "head": {
          "x": -0.03327564895153046,
          "y": 0.036559879779815674,
          "z": 1.6100413799285889
        },
        "tail": {
          "x": 0.007843729108572006,
          "y": 0.11376156657934189,
          "z": 1.7381129264831543
        },
        "rotation_quaternion": {
          "w": 0.8376789093017578,
          "x": 0.5002942085266113,
          "y": 0.21722467243671417,
          "z": -0.028519082814455032
        },
        "matrix": [
          [
            0.9040008187294006,
            0.26513200998306274,
            0.3353920578956604,
            -0.03327564895153046
          ],
          [
            0.1695714294910431,
            0.49778568744659424,
            -0.8505616784095764,
            0.036559879779815674
          ],
          [
            -0.39246702194213867,
            0.8257874846458435,
            0.40504181385040283,
            1.6100413799285889
          ],
          [
            0.0,
            0.0,
            0.0,
            1.0
          ]
        ]
      },
      "bone_length_armature_space": 0.1550910199813267,
      "parent": "neck_01",
      "has_children": false,
      "is_end_bone": true
    },
    "upperarm_l": {
      "name": "upperarm_l",
      "local": {
        "location": {
          "x": 0.0,
          "y": 0.0,
          "z": 0.0
        },
        "rotation_quaternion": {
          "w": 0.8827452659606934,
          "x": -0.2695396840572357,
          "y": 0.2681066393852234,
          "z": -0.2760941982269287
        },
        "scale": {
          "x": 1.0,
          "y": 1.0,
          "z": 1.0
        },
        "matrix_basis": [
          [
            0.7037816643714905,
            0.3429109454154968,
            0.6221764087677002,
            0.0
          ],
          [
            -0.6319724321365356,
            0.7022407054901123,
            0.3278243839740753,
            0.0
          ],
          [
            -0.3245030343532562,
            -0.6239151358604431,
            0.7109344005584717,
            0.0
          ],
          [
            0.0,
            0.0,
            0.0,
            1.0
          ]
        ],
        "rotation_mode": "QUATERNION"
      },
      "armature_space": {
        "head": {
          "x": 0.10916825383901596,
          "y": -0.005880933254957199,
          "z": 0.5047332644462585
        },
        "tail": {
          "x": 0.27775368094444275,
          "y": 0.18473781645298004,
          "z": 0.4207621216773987
        }
      },
      "world_space": {
        "head": {
          "x": 0.10916825383901596,
          "y": 0.05736306682229042,
          "z": 1.4545872211456299
        },
        "tail": {
          "x": 0.27775368094444275,
          "y": 0.24798181653022766,
          "z": 1.3706161975860596
        },
        "rotation_quaternion": {
          "w": 0.3531711995601654,
          "x": 0.24962760508060455,
          "y": 0.8549519777297974,
          "z": -0.28637972474098206
        },
        "matrix": [
          [
            -0.6259124279022217,
            0.6291218400001526,
            0.4609115421772003,
            0.10916825383901596
          ],
          [
            0.2245577722787857,
            0.7113451361656189,
            -0.6660047173500061,
            0.05736306682229042
          ],
          [
            -0.7468701004981995,
            -0.31336089968681335,
            -0.5865185260772705,
            1.4545872211456299
          ],
          [
            0.0,
            0.0,
            0.0,
            1.0
          ]
        ]
      },
      "bone_length_armature_space": 0.2679695995125498,
      "parent": "spine_01",
      "has_children": true,
      "is_end_bone": false
    },
    "lowerarm_l": {
      "name": "lowerarm_l",
      "local": {
        "location": {
          "x": 0.0,
          "y": 0.0,
          "z": 0.0
        },
        "rotation_quaternion": {
          "w": 0.9185347557067871,
          "x": 0.3718678951263428,
          "y": 0.12880101799964905,
          "z": -0.03766513615846634
        },
        "scale": {
          "x": 1.0,
          "y": 1.0,
          "z": 1.0
        },
        "matrix_basis": [
          [
            0.9639832973480225,
            0.16498740017414093,
            0.20860351622104645,
            0.0
          ],
          [
            0.02660045400261879,
            0.7205911874771118,
            -0.6928498148918152,
            0.0
          ],
          [
            -0.2646293342113495,
            0.6734445691108704,
            0.6902491450309753,
            0.0
          ],
          [
            0.0,
            0.0,
            0.0,
            1.0
          ]
        ],
        "rotation_mode": "QUATERNION"
      },
      "armature_space": {
        "head": {
          "x": 0.2777538299560547,
          "y": 0.18473781645298004,
          "z": 0.42076218128204346
        },
        "tail": {
          "x": 0.4767709970474243,
          "y": 0.170572429895401,
          "z": 0.24254511296749115
        }
      },
      "world_space": {
        "head": {
          "x": 0.2777538299560547,
          "y": 0.24798181653022766,
          "z": 1.3706161975860596
        },
        "tail": {
          "x": 0.4767709970474243,
          "y": 0.23381642997264862,
          "z": 1.1923991441726685
        },
        "rotation_quaternion": {
          "w": 0.15371988713741302,
          "x": 0.4187485873699188,
          "y": 0.6707426905632019,
          "z": -0.5925573110580444
        },
        "matrix": [
          [
            -0.6020379066467285,
            0.7439212799072266,
            -0.2900543510913849,
            0.2777538299560547
          ],
          [
            0.3795725703239441,
            -0.05294984579086304,
            -0.9236457347869873,
            0.24798181653022766
          ],
          [
            -0.7024823427200317,
            -0.6661710739135742,
            -0.25049686431884766,
            1.3706161975860596
          ],
          [
            0.0,
            0.0,
            0.0,
            1.0
          ]
        ]
      },
      "bone_length_armature_space": 0.267525352853688,
      "parent": "upperarm_l",
      "has_children": true,
      "is_end_bone": false
    },
    "metacarpal_thumb_l": {
      "name": "metacarpal_thumb_l",
      "local": {
        "location": {
          "x": 0.0,
          "y": 0.0,
          "z": 0.0
        },
        "rotation_quaternion": {
          "w": 0.9987452030181885,
          "x": -0.04504748433828354,
          "y": 0.010795988142490387,
          "z": -0.01903211511671543
        },
        "scale": {
          "x": 1.0,
          "y": 1.0,
          "z": 1.0
        },
        "matrix_basis": [
          [
            0.9990424513816833,
            0.03704380244016647,
            0.0232795812189579,
            0.0
          ],
          [
            -0.03898913040757179,
            0.9952170252799988,
            0.08957097679376602,
            0.0
          ],
          [
            -0.01985018514096737,
            -0.09039285778999329,
            0.9957083463668823,
            0.0
          ],
          [
            0.0,
            0.0,
            0.0,
            1.0
          ]
        ],
        "rotation_mode": "QUATERNION"
      },
      "armature_space": {
        "head": {
          "x": 0.4767709970474243,
          "y": 0.170572429895401,
          "z": 0.24254511296749115
        },
        "tail": {
          "x": 0.4962038993835449,
          "y": 0.14458908140659332,
          "z": 0.20511740446090698
        }
      },
      "world_space": {
        "head": {
          "x": 0.4767709970474243,
          "y": 0.23381642997264862,
          "z": 1.1923991441726685
        },
        "tail": {
          "x": 0.4962038993835449,
          "y": 0.20783308148384094,
          "z": 1.1549713611602783
        },
        "rotation_quaternion": {
          "w": 0.3464435935020447,
          "x": -0.8336760401725769,
          "y": -0.34307023882865906,
          "z": 0.25935304164886475
        },
        "matrix": [
          [
            0.6300768256187439,
            0.3923172354698181,
            -0.6701421141624451,
            0.4767709970474243
          ],
          [
            0.7517220377922058,
            -0.5245594382286072,
            0.39968958497047424,
            0.23381642997264862
          ],
          [
            -0.19472500681877136,
            -0.7556012868881226,
            -0.6254300475120544,
            1.1923991441726685
          ],
          [
            0.0,
            0.0,
            0.0,
            1.0
          ]
        ]
      },
      "bone_length_armature_space": 0.04953388203827664,
      "parent": "lowerarm_l",
      "has_children": true,
      "is_end_bone": false
    },
    "thumb_01_l": {
      "name": "thumb_01_l",
      "local": {
        "location": {
          "x": 0.0,
          "y": 0.0,
          "z": 0.0
        },
        "rotation_quaternion": {
          "w": 0.999916136264801,
          "x": 0.012401511892676353,
          "y": 0.003747205249965191,
          "z": -0.0001659076806390658
        },
        "scale": {
          "x": 1.0,
          "y": 1.0,
          "z": 1.0
        },
        "matrix_basis": [
          [
            0.999971866607666,
            0.00042472954373806715,
            0.007489666808396578,
            0.0
          ],
          [
            -0.00023884551774244756,
            0.9996923208236694,
            -0.024802187457680702,
            0.0
          ],
          [
            -0.007497896905988455,
            0.02479970082640648,
            0.999664306640625,
            0.0
          ],
          [
            0.0,
            0.0,
            0.0,
            1.0
          ]
        ],
        "rotation_mode": "QUATERNION"
      },
      "armature_space": {
        "head": {
          "x": 0.4962038993835449,
          "y": 0.14458908140659332,
          "z": 0.20511740446090698
        },
        "tail": {
          "x": 0.48603272438049316,
          "y": 0.14040476083755493,
          "z": 0.1729043871164322
        }
      },
      "world_space": {
        "head": {
          "x": 0.4962038993835449,
          "y": 0.20783308148384094,
          "z": 1.1549713611602783
        },
        "tail": {
          "x": 0.48603272438049316,
          "y": 0.20364876091480255,
          "z": 1.122758388519287
        },
        "rotation_quaternion": {
          "w": 0.5744187235832214,
          "x": -0.7320618033409119,
          "y": 0.3295127749443054,
          "z": -0.1598438322544098
        },
        "matrix": [
          [
            0.7317413091659546,
            -0.29881295561790466,
            0.6125891804695129,
            0.4962038993835449
          ],
          [
            -0.6660833358764648,
            -0.12292878329753876,
            0.7356777787208557,
            0.20783308148384094
          ],
          [
            -0.14452677965164185,
            -0.9463678002357483,
            -0.2889878749847412,
            1.1549713611602783
          ],
          [
            0.0,
            0.0,
            0.0,
            1.0
          ]
        ]
      },
      "bone_length_armature_space": 0.03403879831084837,
      "parent": "metacarpal_thumb_l",
      "has_children": true,
      "is_end_bone": false
    },
    "thumb_02_l": {
      "name": "thumb_02_l",
      "local": {
        "location": {
          "x": 0.0,
          "y": 0.0,
          "z": 0.0
        },
        "rotation_quaternion": {
          "w": 0.9978219270706177,
          "x": 0.06554154306650162,
          "y": -0.0007706214673817158,
          "z": -0.007431919686496258
        },
        "scale": {
          "x": 1.0,
          "y": 1.0,
          "z": 1.0
        },
        "matrix_basis": [
          [
            0.9998883605003357,
            0.014730449765920639,
            -0.0025120850186794996,
            0.0
          ],
          [
            -0.0149324806407094,
            0.9912981390953064,
            -0.13078612089157104,
            0.0
          ],
          [
            0.0005636870046146214,
            0.13080903887748718,
            0.9914074540138245,
            0.0
          ],
          [
            0.0,
            0.0,
            0.0,
            1.0
          ]
        ],
        "rotation_mode": "QUATERNION"
      },
      "armature_space": {
        "head": {
          "x": 0.4860326647758484,
          "y": 0.14040476083755493,
          "z": 0.17290443181991577
        },
        "tail": {
          "x": 0.5171146988868713,
          "y": 0.13957244157791138,
          "z": 0.14747996628284454
        }
      },
      "world_space": {
        "head": {
          "x": 0.4860326647758484,
          "y": 0.20364876091480255,
          "z": 1.122758388519287
        },
        "tail": {
          "x": 0.5171146988868713,
          "y": 0.202816441655159,
          "z": 1.0973340272903442
        },
        "rotation_quaternion": {
          "w": 0.682525634765625,
          "x": -0.31927603483200073,
          "y": 0.1542663425207138,
          "z": -0.639080286026001
        },
        "matrix": [
          [
            0.13555358350276947,
            0.7738699316978455,
            0.6186684966087341,
            0.4860326647758484
          ],
          [
            -0.9708852171897888,
            -0.02072286419570446,
            0.23864799737930298,
            0.20364876091480255
          ],
          [
            0.19750362634658813,
            -0.6330099701881409,
            0.7485349178314209,
            1.122758388519287
          ],
          [
            0.0,
            0.0,
            0.0,
            1.0
          ]
        ]
      },
      "bone_length_armature_space": 0.040164525203485756,
      "parent": "thumb_01_l",
      "has_children": true,
      "is_end_bone": false
    },
    "thumb_03_l": {
      "name": "thumb_03_l",
      "local": {
        "location": {
          "x": 0.0,
          "y": 0.0,
          "z": 0.0
        },
        "rotation_quaternion": {
          "w": 0.9981823563575745,
          "x": 0.060151346027851105,
          "y": 0.002869194373488426,
          "z": 0.0023770800326019526
        },
        "scale": {
          "x": 1.0,
          "y": 1.0,
          "z": 1.0
        },
        "matrix_basis": [
          [
            0.9999722242355347,
            -0.004400346893817186,
            0.006013927515596151,
            0.0
          ],
          [
            0.005090690683573484,
            0.9927523136138916,
            -0.12007038295269012,
            0.0
          ],
          [
            -0.005441989284008741,
            0.12009766697883606,
            0.9927471876144409,
            0.0
          ],
          [
            0.0,
            0.0,
            0.0,
            1.0
          ]
        ],
        "rotation_mode": "QUATERNION"
      },
      "armature_space": {
        "head": {
          "x": 0.5171146392822266,
          "y": 0.1395723670721054,
          "z": 0.14747995138168335
        },
        "tail": {
          "x": 0.5453900098800659,
          "y": 0.14521832764148712,
          "z": 0.13770654797554016
        }
      },
      "world_space": {
        "head": {
          "x": 0.5171146392822266,
          "y": 0.20281636714935303,
          "z": 1.0973339080810547
        },
        "tail": {
          "x": 0.5453900098800659,
          "y": 0.20846232771873474,
          "z": 1.0875605344772339
        },
        "rotation_quaternion": {
          "w": 0.7438880205154419,
          "x": -0.046022675931453705,
          "y": 0.1983814686536789,
          "z": -0.6365196108818054
        },
        "matrix": [
          [
            0.11097398400306702,
            0.9287393689155579,
            0.35373449325561523,
            0.5171146392822266
          ],
          [
            -0.9652588963508606,
            0.1854485422372818,
            -0.18407747149467468,
            0.20281636714935303
          ],
          [
            -0.23656192421913147,
            -0.3210195302963257,
            0.9170598387718201,
            1.0973339080810547
          ],
          [
            0.0,
            0.0,
            0.0,
            1.0
          ]
        ]
      },
      "bone_length_armature_space": 0.03044491557400796,
      "parent": "thumb_02_l",
      "has_children": false,
      "is_end_bone": true
    },
    "metacarpal_index_l": {
      "name": "metacarpal_index_l",
      "local": {
        "location": {
          "x": 0.0,
          "y": 0.0,
          "z": 0.0
        },
        "rotation_quaternion": {
          "w": 0.9985780715942383,
          "x": -0.04800936579704285,
          "y": 0.014906462281942368,
          "z": -0.017742348834872246
        },
        "scale": {
          "x": 1.0,
          "y": 1.0,
          "z": 1.0
        },
        "matrix_basis": [
          [
            0.9989259839057922,
            0.034002941101789474,
            0.03147413209080696,
            0.0
          ],
          [
            -0.036865539848804474,
            0.9947606325149536,
            0.09535324573516846,
            0.0
          ],
          [
            -0.028066935017704964,
            -0.09641115367412567,
            0.9949458241462708,
            0.0
          ],
          [
            0.0,
            0.0,
            0.0,
            1.0
          ]
        ],
        "rotation_mode": "QUATERNION"
      },
      "armature_space": {
        "head": {
          "x": 0.4767709970474243,
          "y": 0.170572429895401,
          "z": 0.24254511296749115
        },
        "tail": {
          "x": 0.5546455979347229,
          "y": 0.13987299799919128,
          "z": 0.16055479645729065
        }
      },
      "world_space": {
        "head": {
          "x": 0.4767709970474243,
          "y": 0.23381642997264862,
          "z": 1.1923991441726685
        },
        "tail": {
          "x": 0.5546455979347229,
          "y": 0.2031169980764389,
          "z": 1.1104087829589844
        },
        "rotation_quaternion": {
          "w": 0.18535201251506805,
          "x": -0.6967094540596008,
          "y": -0.5784826874732971,
          "z": 0.3815735876560211
        },
        "matrix": [
          [
            0.03951612487435341,
            0.6646192073822021,
            -0.7461367249488831,
            0.4767709970474243
          ],
          [
            0.9475195407867432,
            -0.26200369000434875,
            -0.18319734930992126,
            0.23381642997264862
          ],
          [
            -0.31724825501441956,
            -0.6997448205947876,
            -0.640097439289093,
            1.1923991441726685
          ],
          [
            0.0,
            0.0,
            0.0,
            1.0
          ]
        ]
      },
      "bone_length_armature_space": 0.11717218457913735,
      "parent": "lowerarm_l",
      "has_children": true,
      "is_end_bone": false
    },
    "index_01_l": {
      "name": "index_01_l",
      "local": {
        "location": {
          "x": 0.0,
          "y": 0.0,
          "z": 0.0
        },
        "rotation_quaternion": {
          "w": 0.9929821491241455,
          "x": -0.11527048051357269,
          "y": -0.025560099631547928,
          "z": -0.006782296113669872
        },
        "scale": {
          "x": 1.0,
          "y": 1.0,
          "z": 1.0
        },
        "matrix_basis": [
          [
            0.9986013770103455,
            0.01936204731464386,
            -0.04919784888625145,
            0.0
          ],
          [
            -0.007576747797429562,
            0.9733334183692932,
            0.22926977276802063,
            0.0
          ],
          [
            0.0523250438272953,
            -0.22857634723186493,
            0.9721187949180603,
            0.0
          ],
          [
            0.0,
            0.0,
            0.0,
            1.0
          ]
        ],
        "rotation_mode": "QUATERNION"
      },
      "armature_space": {
        "head": {
          "x": 0.5546455979347229,
          "y": 0.13987299799919128,
          "z": 0.16055479645729065
        },
        "tail": {
          "x": 0.5791020393371582,
          "y": 0.14442242681980133,
          "z": 0.146617129445076
        }
      },
      "world_space": {
        "head": {
          "x": 0.5546455979347229,
          "y": 0.2031169980764389,
          "z": 1.1104087829589844
        },
        "tail": {
          "x": 0.5791020393371582,
          "y": 0.20766642689704895,
          "z": 1.0964711904525757
        },
        "rotation_quaternion": {
          "w": 0.12706255912780762,
          "x": -0.6088728308677673,
          "y": -0.750752866268158,
          "z": 0.22248400747776031
        },
        "matrix": [
          [
            -0.22625648975372314,
            0.8576874732971191,
            -0.46171462535858154,
            0.5546455979347229
          ],
          [
            0.9707655906677246,
            0.15954875946044922,
            -0.17932923138141632,
            0.2031169980764389
          ],
          [
            -0.0801420509815216,
            -0.4887942969799042,
            -0.8687182664871216,
            1.1104087829589844
          ],
          [
            0.0,
            0.0,
            0.0,
            1.0
          ]
        ]
      },
      "bone_length_armature_space": 0.028514441994217085,
      "parent": "metacarpal_index_l",
      "has_children": true,
      "is_end_bone": false
    },
    "index_02_l": {
      "name": "index_02_l",
      "local": {
        "location": {
          "x": 0.0,
          "y": 0.0,
          "z": 0.0
        },
        "rotation_quaternion": {
          "w": 0.9999374151229858,
          "x": 0.006831747014075518,
          "y": 0.008094805292785168,
          "z": -0.0036224834620952606
        },
        "scale": {
          "x": 1.0,
          "y": 1.0,
          "z": 1.0
        },
        "matrix_basis": [
          [
            0.9998427033424377,
            0.00735511677339673,
            0.01613910123705864,
            0.0
          ],
          [
            -0.007133909966796637,
            0.9998804330825806,
            -0.01372128538787365,
            0.0
          ],
          [
            -0.016238093376159668,
            0.013603992760181427,
            0.9997755885124207,
            0.0
          ],
          [
            0.0,
            0.0,
            0.0,
            1.0
          ]
        ],
        "rotation_mode": "QUATERNION"
      },
      "armature_space": {
        "head": {
          "x": 0.5791022777557373,
          "y": 0.14442220330238342,
          "z": 0.14661669731140137
        },
        "tail": {
          "x": 0.6011095643043518,
          "y": 0.14954081177711487,
          "z": 0.13446879386901855
        }
      },
      "world_space": {
        "head": {
          "x": 0.5791022777557373,
          "y": 0.20766620337963104,
          "z": 1.0964707136154175
        },
        "tail": {
          "x": 0.6011095643043518,
          "y": 0.2127848118543625,
          "z": 1.0843228101730347
        },
        "rotation_quaternion": {
          "w": 0.10596851259469986,
          "x": -0.590487539768219,
          "y": -0.7671611309051514,
          "z": 0.22706615924835205
        },
        "matrix": [
          [
            -0.28018900752067566,
            0.8578744530677795,
            -0.4307500123977661,
            0.5791022777557373
          ],
          [
            0.9541226625442505,
            0.1995301991701126,
            -0.22324475646018982,
            0.20766620337963104
          ],
          [
            -0.10556814074516296,
            -0.473542183637619,
            -0.8744296431541443,
            1.0964707136154175
          ],
          [
            0.0,
            0.0,
            0.0,
            1.0
          ]
        ]
      },
      "bone_length_armature_space": 0.025653310933401455,
      "parent": "index_01_l",
      "has_children": true,
      "is_end_bone": false
    },
    "index_03_l": {
      "name": "index_03_l",
      "local": {
        "location": {
          "x": 0.0,
          "y": 0.0,
          "z": 0.0
        },
        "rotation_quaternion": {
          "w": 0.9990201592445374,
          "x": 0.04395889490842819,
          "y": 0.005051626358181238,
          "z": -0.0009850573260337114
        },
        "scale": {
          "x": 1.0,
          "y": 1.0,
          "z": 1.0
        },
        "matrix_basis": [
          [
            0.9999470114707947,
            0.002412311965599656,
            0.01000674907118082,
            0.0
          ],
          [
            -0.0015240564243867993,
            0.9961332678794861,
            -0.08784160017967224,
            0.0
          ],
          [
            -0.010179957374930382,
            0.08782169222831726,
            0.9960842132568359,
            0.0
          ],
          [
            0.0,
            0.0,
            0.0,
            1.0
          ]
        ],
        "rotation_mode": "QUATERNION"
      },
      "armature_space": {
        "head": {
          "x": 0.6011096239089966,
          "y": 0.14954081177711487,
          "z": 0.1344689130783081
        },
        "tail": {
          "x": 0.6226581931114197,
          "y": 0.1568630486726761,
          "z": 0.11614460498094559
        }
      },
      "world_space": {
        "head": {
          "x": 0.6011096239089966,
          "y": 0.2127848118543625,
          "z": 1.0843229293823242
        },
        "tail": {
          "x": 0.6226581931114197,
          "y": 0.2201070487499237,
          "z": 1.0659986734390259
        },
        "rotation_quaternion": {
          "w": 0.19852349162101746,
          "x": -0.5509374737739563,
          "y": -0.7654343247413635,
          "z": 0.26677119731903076
        },
        "matrix": [
          [
            -0.31411099433898926,
            0.737492561340332,
            -0.5978621244430542,
            0.6011096239089966
          ],
          [
            0.9493342041969299,
            0.2506013512611389,
            -0.18964166939258575,
            0.2127848118543625
          ],
          [
            0.00996673945337534,
            -0.6271436214447021,
            -0.7788488864898682,
            1.0843229293823242
          ],
          [
            0.0,
            0.0,
            0.0,
            1.0
          ]
        ]
      },
      "bone_length_armature_space": 0.02921876559332394,
      "parent": "index_02_l",
      "has_children": false,
      "is_end_bone": true
    },
    "metacarpal_pinky_l": {
      "name": "metacarpal_pinky_l",
      "local": {
        "location": {
          "x": 0.0,
          "y": 0.0,
          "z": 0.0
        },
        "rotation_quaternion": {
          "w": 0.9995995759963989,
          "x": 0.020374739542603493,
          "y": 0.018862754106521606,
          "z": 0.00545048713684082
        },
        "scale": {
          "x": 1.0,
          "y": 1.0,
          "z": 1.0
        },
        "matrix_basis": [
          [
            0.9992289543151855,
            -0.0101279616355896,
            0.03793250769376755,
            0.0
          ],
          [
            0.011665256693959236,
            0.9991103410720825,
            -0.04052754119038582,
            0.0
          ],
          [
            -0.03748829662799835,
            0.040938783437013626,
            0.9984581470489502,
            0.0
          ],
          [
            0.0,
            0.0,
            0.0,
            1.0
          ]
        ],
        "rotation_mode": "QUATERNION"
      },
      "armature_space": {
        "head": {
          "x": 0.4767709970474243,
          "y": 0.170572429895401,
          "z": 0.24254511296749115
        },
        "tail": {
          "x": 0.5619959831237793,
          "y": 0.19294121861457825,
          "z": 0.1870509386062622
        }
      },
      "world_space": {
        "head": {
          "x": 0.4767709970474243,
          "y": 0.23381642997264862,
          "z": 1.1923991441726685
        },
        "tail": {
          "x": 0.5619959831237793,
          "y": 0.25618523359298706,
          "z": 1.1369049549102783
        },
        "rotation_quaternion": {
          "w": 0.6216280460357666,
          "x": 0.044007785618305206,
          "y": 0.47009003162384033,
          "z": -0.6250258684158325
        },
        "matrix": [
          [
            -0.22328037023544312,
            0.8184416890144348,
            0.5294328927993774,
            0.4767709970474243
          ],
          [
            -0.7356944680213928,
            0.21481437981128693,
            -0.6423465013504028,
            0.23381642997264862
          ],
          [
            -0.6394578814506531,
            -0.5329276919364929,
            0.5541622042655945,
            1.1923991441726685
          ],
          [
            0.0,
            0.0,
            0.0,
            1.0
          ]
        ]
      },
      "bone_length_armature_space": 0.1041309958094562,
      "parent": "lowerarm_l",
      "has_children": true,
      "is_end_bone": false
    },
    "pinky_01_l": {
      "name": "pinky_01_l",
      "local": {
        "location": {
          "x": 0.0,
          "y": 0.0,
          "z": 0.0
        },
        "rotation_quaternion": {
          "w": 0.9659233093261719,
          "x": 0.2576850950717926,
          "y": -0.009937194176018238,
          "z": -0.022179530933499336
        },
        "scale": {
          "x": 1.0,
          "y": 1.0,
          "z": 1.0
        },
        "matrix_basis": [
          [
            0.9988186359405518,
            0.03772611916065216,
            -0.03062780387699604,
            0.0
          ],
          [
            -0.0479687862098217,
            0.8662129044532776,
            -0.497367262840271,
            0.0
          ],
          [
            0.007766466122120619,
            0.4982488751411438,
            0.8669992685317993,
            0.0
          ],
          [
            0.0,
            0.0,
            0.0,
            1.0
          ]
        ],
        "rotation_mode": "QUATERNION"
      },
      "armature_space": {
        "head": {
          "x": 0.5619959831237793,
          "y": 0.19294121861457825,
          "z": 0.1870509386062622
        },
        "tail": {
          "x": 0.5691863298416138,
