{
  "metadata": {
    "armature_name": "KIM_caucasian_male",
    "export_time": "2026-01-13T21:00:19.529170",
    "blender_version": "4.4.1",
    "bone_count": 56,
    "end_bone_count": 13,
    "spaces_included": [
      "LOCAL_CHANNELS",
      "ARMATURE_SPACE",
      "WORLD_SPACE"
    ],
    "note": "LOCAL matches Transform panel; replay pose via local.matrix_basis for best fidelity."
  },
  "bones": {
    "Root": {
      "name": "Root",
      "local": {
        "location": {
          "x": 0.0,
          "y": 0.0,
          "z": 0.0
        },
        "rotation_quaternion": {
          "w": 0.9996790885925293,
          "x": 0.012493142858147621,
          "y": 0.0016128947027027607,
          "z": -0.02197897620499134
        },
        "scale": {
          "x": 1.0,
          "y": 1.0,
          "z": 1.0
        },
        "matrix_basis": [
          [
            0.9990286231040955,
            0.04398414492607117,
            0.002675581257790327,
            0.0
          ],
          [
            -0.043903544545173645,
            0.998721718788147,
            -0.02504916675388813,
            0.0
          ],
          [
            -0.0037739272229373455,
            0.024907367303967476,
            0.9996826648712158,
            0.0
          ],
          [
            0.0,
            0.0,
            0.0,
            1.0
          ]
        ],
        "rotation_mode": "QUATERNION"
      },
      "armature_space": {
        "head": {
          "x": 0.0,
          "y": 0.07072800397872925,
          "z": -0.009595036506652832
        },
        "tail": {
          "x": 0.0031394066754728556,
          "y": -0.00014857947826385498,
          "z": -0.001773926429450512
        }
      },
      "world_space": {
        "head": {
          "x": 0.0,
          "y": 0.13397200405597687,
          "z": 0.9402589797973633
        },
        "tail": {
          "x": 0.0031394066754728556,
          "y": 0.06309542059898376,
          "z": 0.9480800628662109
        },
        "rotation_quaternion": {
          "w": 0.05488128587603569,
          "x": 0.9982497692108154,
          "y": 0.022037703543901443,
          "z": 0.0001285551697947085
        },
        "matrix": [
          [
            0.9990286231040955,
            0.04398414492607117,
            0.002675581257790327,
            0.0
          ],
          [
            0.044012367725372314,
            -0.9930047988891602,
            -0.10956522822380066,
            0.13397200405597687
          ],
          [
            -0.0021622416097670794,
            0.10957638919353485,
            -0.9939830899238586,
            0.9402589797973633
          ],
          [
            0.0,
            0.0,
            0.0,
            1.0
          ]
        ]
      },
      "bone_length_armature_space": 0.0713758769283178,
      "parent": null,
      "has_children": true,
      "is_end_bone": false
    },
    "spine_01": {
      "name": "spine_01",
      "local": {
        "location": {
          "x": 0.0,
          "y": 0.0,
          "z": 0.0
        },
        "rotation_quaternion": {
          "w": 0.9976775050163269,
          "x": 0.059721849858760834,
          "y": -0.028201868757605553,
          "z": -0.016660980880260468
        },
        "scale": {
          "x": 1.0,
          "y": 1.0,
          "z": 1.0
        },
        "matrix_basis": [
          [
            0.9978541135787964,
            0.029876036569476128,
            -0.05826278775930405,
            0.0
          ],
          [
            -0.0366131067276001,
            0.992311418056488,
            -0.1182265505194664,
            0.0
          ],
          [
            0.054282691329717636,
            0.1201060339808464,
            0.9912759065628052,
            0.0
          ],
          [
            0.0,
            0.0,
            0.0,
            1.0
          ]
        ],
        "rotation_mode": "QUATERNION"
      },
      "armature_space": {
        "head": {
          "x": 0.0031394066754728556,
          "y": -0.00014857947826385498,
          "z": -0.001773926429450512
        },
        "tail": {
          "x": 0.020869633182883263,
          "y": -0.04749778285622597,
          "z": 0.48360446095466614
        }
      },
      "world_space": {
        "head": {
          "x": 0.0031394066754728556,
          "y": 0.06309542059898376,
          "z": 0.9480800628662109
        },
        "tail": {
          "x": 0.020869633182883263,
          "y": 0.015746217221021652,
          "z": 1.4334584474563599
        },
        "rotation_quaternion": {
          "w": 0.6718733310699463,
          "x": 0.74040687084198,
          "y": 0.008520697243511677,
          "z": -0.017648234963417053
        },
        "matrix": [
          [
            0.9992318153381348,
            0.03633233904838562,
            -0.014683827757835388,
            0.0031394066754728556
          ],
          [
            -0.011096961796283722,
            -0.09702681005001068,
            -0.9952200055122375,
            0.06309542059898376
          ],
          [
            -0.03758366405963898,
            0.9946253299713135,
            -0.09655066579580307,
            0.9480800628662109
          ],
          [
            0.0,
            0.0,
            0.0,
            1.0
          ]
        ]
      },
      "bone_length_armature_space": 0.48800458961941084,
      "parent": "Root",
      "has_children": true,
      "is_end_bone": false
    },
    "neck_01": {
      "name": "neck_01",
      "local": {
        "location": {
          "x": 0.0,
          "y": 0.0,
          "z": 0.0
        },
        "rotation_quaternion": {
          "w": 0.9992767572402954,
          "x": -0.029200125485658646,
          "y": -0.01590125821530819,
          "z": -0.01845676451921463
        },
        "scale": {
          "x": 1.0,
          "y": 1.0,
          "z": 1.0
        },
        "matrix_basis": [
          [
            0.9988129734992981,
            0.03781547024846077,
            -0.030701635405421257,
            0.0
          ],
          [
            -0.035958193242549896,
            0.9976134300231934,
            0.05894498527050018,
            0.0
          ],
          [
            0.032857395708560944,
            -0.05777104198932648,
            0.9977890253067017,
            0.0
          ],
          [
            0.0,
            0.0,
            0.0,
            1.0
          ]
        ],
        "rotation_mode": "QUATERNION"
      },
      "armature_space": {
        "head": {
          "x": 0.023020589724183083,
          "y": -0.08911660313606262,
          "z": 0.5530809760093689
        },
        "tail": {
          "x": 0.029933644458651543,
          "y": -0.13178037106990814,
          "z": 0.6460473537445068
        }
      },
      "world_space": {
        "head": {
          "x": 0.023020589724183083,
          "y": -0.025872603058815002,
          "z": 1.5029349327087402
        },
        "tail": {
          "x": 0.029933644458651543,
          "y": -0.06853637099266052,
          "z": 1.595901370048523
        },
        "rotation_quaternion": {
          "w": 0.5401543378829956,
          "x": 0.8403862714767456,
          "y": 0.012670686468482018,
          "z": -0.04270428046584129
        },
        "matrix": [
          [
            0.9960315227508545,
            0.06743039935827255,
            -0.0580875426530838,
            0.023020589724183083
          ],
          [
            -0.024836938828229904,
            -0.4161452054977417,
            -0.9089592099189758,
            -0.025872603058815002
          ],
          [
            -0.08546492457389832,
            0.9068005681037903,
            -0.4128226637840271,
            1.5029349327087402
          ],
          [
            0.0,
            0.0,
            0.0,
            1.0
          ]
        ]
      },
      "bone_length_armature_space": 0.10252187322615003,
      "parent": "spine_01",
      "has_children": true,
      "is_end_bone": false
    },
    "head": {
      "name": "head",
      "local": {
        "location": {
          "x": 0.0,
          "y": 0.0,
          "z": 0.0
        },
        "rotation_quaternion": {
          "w": 0.9661470651626587,
          "x": -0.013397552073001862,
          "y": -0.16238649189472198,
          "z": -0.20002728700637817
        },
        "scale": {
          "x": 1.0,
          "y": 1.0,
          "z": 1.0
        },
        "matrix_basis": [
          [
            0.8672394156455994,
            0.39086270332336426,
            -0.30841872096061707,
            0.0
          ],
          [
            -0.38216039538383484,
            0.9196192026138306,
            0.09085147082805634,
            0.0
          ],
          [
            0.31913822889328003,
            0.039075449109077454,
            0.9469022750854492,
            0.0
          ],
          [
            0.0,
            0.0,
            0.0,
            1.0
          ]
        ],
        "rotation_mode": "QUATERNION"
      },
      "armature_space": {
        "head": {
          "x": 0.029933631420135498,
          "y": -0.1317804753780365,
          "z": 0.6460472345352173
        },
        "tail": {
          "x": 0.10198301821947098,
          "y": -0.1479892134666443,
          "z": 0.7824268341064453
        }
      },
      "world_space": {
        "head": {
          "x": 0.029933631420135498,
          "y": -0.06853647530078888,
          "z": 1.5959012508392334
        },
        "tail": {
          "x": 0.10198301821947098,
          "y": -0.08474521338939667,
          "z": 1.7322808504104614
        },
        "rotation_quaternion": {
          "w": 0.6670359373092651,
          "x": 0.6825008392333984,
          "y": 0.05298033356666565,
          "z": -0.2940218150615692
        },
        "matrix": [
          [
            0.8214874267578125,
            0.46456438302993774,
            -0.33066311478614807,
            0.029933631420135498
          ],
          [
            -0.319931298494339,
            -0.10451170802116394,
            -0.9416590929031372,
            -0.06853647530078888
          ],
          [
            -0.47202298045158386,
            0.8793566823005676,
            0.06277325749397278,
            1.5959012508392334
          ],
          [
            0.0,
            0.0,
            0.0,
            1.0
          ]
        ]
      },
      "bone_length_armature_space": 0.1550910447519763,
      "parent": "neck_01",
      "has_children": false,
      "is_end_bone": true
    },
    "upperarm_l": {
      "name": "upperarm_l",
      "local": {
        "location": {
          "x": 0.0,
          "y": 0.0,
          "z": 0.0
        },
        "rotation_quaternion": {
          "w": -0.7369469404220581,
          "x": 0.35098913311958313,
          "y": 0.15565553307533264,
          "z": 0.5563157796859741
        },
        "scale": {
          "x": 1.0,
          "y": 1.0,
          "z": 1.0
        },
        "matrix_basis": [
          [
            0.3325682282447815,
            0.9292172193527222,
            0.16110184788703918,
            0.0
          ],
          [
            -0.7106836438179016,
            0.13463875651359558,
            0.6905080080032349,
            0.0
          ],
          [
            0.6199413537979126,
            -0.3441334664821625,
            0.7051559686660767,
            0.0
          ],
          [
            0.0,
            0.0,
            0.0,
            1.0
          ]
        ],
        "rotation_mode": "QUATERNION"
      },
      "armature_space": {
        "head": {
          "x": 0.1704167276620865,
          "y": -0.0874340832233429,
          "z": 0.4802889823913574
        },
        "tail": {
          "x": 0.189656600356102,
          "y": 0.03528429567813873,
          "z": 0.24284763634204865
        }
      },
      "world_space": {
        "head": {
          "x": 0.1704167276620865,
          "y": -0.024190083146095276,
          "z": 1.4301429986953735
        },
        "tail": {
          "x": 0.189656600356102,
          "y": 0.09852829575538635,
          "z": 1.1927016973495483
        },
        "rotation_quaternion": {
          "w": 0.33873218297958374,
          "x": -0.16726751625537872,
          "y": 0.7837338447570801,
          "z": -0.49299436807632446
        },
        "matrix": [
          [
            -0.7145649194717407,
            0.07179877161979675,
            0.6958749294281006,
            0.1704167276620865
          ],
          [
            -0.5961722135543823,
            0.4579566419124603,
            -0.6594352126121521,
            -0.024190083146095276
          ],
          [
            -0.366030216217041,
            -0.8860762715339661,
            -0.2844378650188446,
            1.4301429986953735
          ],
          [
            0.0,
            0.0,
            0.0,
            1.0
          ]
        ]
      },
      "bone_length_armature_space": 0.2679708340105208,
      "parent": "spine_01",
      "has_children": true,
      "is_end_bone": false
    },
    "lowerarm_l": {
      "name": "lowerarm_l",
      "local": {
        "location": {
          "x": 0.0,
          "y": 0.0,
          "z": 0.0
        },
        "rotation_quaternion": {
          "w": 0.9358636140823364,
          "x": 0.08637752383947372,
          "y": -0.011135684326291084,
          "z": -0.34143000841140747
        },
        "scale": {
          "x": 1.0,
          "y": 1.0,
          "z": 1.0
        },
        "matrix_basis": [
          [
            0.7666031122207642,
            0.6371400952339172,
            -0.079826720058918,
            0.0
          ],
          [
            -0.6409875750541687,
            0.7519289255142212,
            -0.15407104790210724,
            0.0
          ],
          [
            -0.03814079239964485,
            0.1692792773246765,
            0.984829843044281,
            0.0
          ],
          [
            0.0,
            0.0,
            0.0,
            1.0
          ]
        ],
        "rotation_mode": "QUATERNION"
      },
      "armature_space": {
        "head": {
          "x": 0.18965671956539154,
          "y": 0.035284385085105896,
          "z": 0.24284759163856506
        },
        "tail": {
          "x": 0.1627098023891449,
          "y": -0.02086459845304489,
          "z": -0.01732829213142395
        }
      },
      "world_space": {
        "head": {
          "x": 0.18965671956539154,
          "y": 0.09852838516235352,
          "z": 1.1927015781402588
        },
        "tail": {
          "x": 0.1627098023891449,
          "y": 0.04237940162420273,
          "z": 0.9325257539749146
        },
        "rotation_quaternion": {
          "w": 0.23670707643032074,
          "x": -0.3655824363231659,
          "y": 0.5822615027427673,
          "z": -0.6865062713623047
        },
        "matrix": [
          [
            -0.6206392645835876,
            -0.10072691738605499,
            0.7775995135307312,
            0.18965671956539154
          ],
          [
            -0.7507303357124329,
            -0.20988354086875916,
            -0.6263810396194458,
            0.09852838516235352
          ],
          [
            0.22629961371421814,
            -0.9725310802459717,
            0.05464300513267517,
            1.1927015781402588
          ],
          [
            0.0,
            0.0,
            0.0,
            1.0
          ]
        ]
      },
      "bone_length_armature_space": 0.26752632518130176,
      "parent": "upperarm_l",
      "has_children": true,
      "is_end_bone": false
    },
    "metacarpal_thumb_l": {
      "name": "metacarpal_thumb_l",
      "local": {
        "location": {
          "x": 0.0,
          "y": 0.0,
          "z": 0.0
        },
        "rotation_quaternion": {
          "w": 0.999841034412384,
          "x": -0.00807581190019846,
          "y": 0.013915061950683594,
          "z": 0.007685632444918156
        },
        "scale": {
          "x": 1.0,
          "y": 1.0,
          "z": 1.0
        },
        "matrix_basis": [
          [
            0.9994946122169495,
            -0.0155935725197196,
            0.027701564133167267,
            0.0
          ],
          [
            0.015144070610404015,
            0.9997514486312866,
            0.016362948343157768,
            0.0
          ],
          [
            -0.02794983610510826,
            -0.01593516394495964,
            0.9994823336601257,
            0.0
          ],
          [
            0.0,
            0.0,
            0.0,
            1.0
          ]
        ],
        "rotation_mode": "QUATERNION"
      },
      "armature_space": {
        "head": {
          "x": 0.1627098023891449,
          "y": -0.02086459845304489,
          "z": -0.01732829213142395
        },
        "tail": {
          "x": 0.17687459290027618,
          "y": -0.05380767211318016,
          "z": -0.051500141620635986
        }
      },
      "world_space": {
        "head": {
          "x": 0.1627098023891449,
          "y": 0.04237940162420273,
          "z": 0.9325257539749146
        },
        "tail": {
          "x": 0.17687459290027618,
          "y": 0.009436327964067459,
          "z": 0.8983538746833801
        },
        "rotation_quaternion": {
          "w": 0.015904737636446953,
          "x": -0.3818880617618561,
          "y": -0.40891996026039124,
          "z": 0.8286694288253784
        },
        "matrix": [
          [
            -0.7078180313110352,
            0.2859627902507782,
            -0.6459248065948486,
            0.1627098023891449
          ],
          [
            0.338681697845459,
            -0.66506427526474,
            -0.6655707359313965,
            0.04237940162420273
          ],
          [
            -0.6199140548706055,
            -0.6898711323738098,
            0.3738960921764374,
            0.9325257539749146
          ],
          [
            0.0,
            0.0,
            0.0,
            1.0
          ]
        ]
      },
      "bone_length_armature_space": 0.04953385383567668,
      "parent": "lowerarm_l",
      "has_children": true,
      "is_end_bone": false
    },
    "thumb_01_l": {
      "name": "thumb_01_l",
      "local": {
        "location": {
          "x": 0.0,
          "y": 0.0,
          "z": 0.0
        },
        "rotation_quaternion": {
          "w": 0.9987304210662842,
          "x": -0.04193976894021034,
          "y": 0.024913443252444267,
          "z": 0.012575973756611347
        },
        "scale": {
          "x": 1.0,
          "y": 1.0,
          "z": 1.0
        },
        "matrix_basis": [
          [
            0.9984423518180847,
            -0.027209743857383728,
            0.04870875924825668,
            0.0
          ],
          [
            0.02303028665482998,
            0.9961658120155334,
            0.08439967036247253,
            0.0
          ],
          [
            -0.05081849545240402,
            -0.08314642310142517,
            0.9952407479286194,
            0.0
          ],
          [
            0.0,
            0.0,
            0.0,
            1.0
          ]
        ],
        "rotation_mode": "QUATERNION"
      },
      "armature_space": {
        "head": {
          "x": 0.17687459290027618,
          "y": -0.05380767211318016,
          "z": -0.051500141620635986
        },
        "tail": {
          "x": 0.17142698168754578,
          "y": -0.08739315718412399,
          "z": -0.052481815218925476
        }
      },
      "world_space": {
        "head": {
          "x": 0.17687459290027618,
          "y": 0.009436327964067459,
          "z": 0.8983538746833801
        },
        "tail": {
          "x": 0.17142698168754578,
          "y": -0.024149157106876373,
          "z": 0.8973721861839294
        },
        "rotation_quaternion": {
          "w": 0.04514551907777786,
          "x": -0.914806067943573,
          "y": 0.06795203685760498,
          "z": 0.3955686092376709
        },
        "matrix": [
          [
            0.6778160333633423,
            -0.16004221141338348,
            -0.717601478099823,
            0.17687459290027618
          ],
          [
            -0.08860982209444046,
            -0.9866889119148254,
            0.13635793328285217,
            0.009436327964067459
          ],
          [
            -0.7298774123191833,
            -0.0288400799036026,
            -0.6829797029495239,
            0.8983538746833801
          ],
          [
            0.0,
            0.0,
            0.0,
            1.0
          ]
        ]
      },
      "bone_length_armature_space": 0.034038580931509875,
      "parent": "metacarpal_thumb_l",
      "has_children": true,
      "is_end_bone": false
    },
    "thumb_02_l": {
      "name": "thumb_02_l",
      "local": {
        "location": {
          "x": 0.0,
          "y": 0.0,
          "z": 0.0
        },
        "rotation_quaternion": {
          "w": 0.996718168258667,
          "x": 0.0800410583615303,
          "y": -0.012019752524793148,
          "z": 0.001417443621903658
        },
        "scale": {
          "x": 1.0,
          "y": 1.0,
          "z": 1.0
        },
        "matrix_basis": [
          [
            0.999707043170929,
            -0.004749731160700321,
            -0.023733703419566154,
            0.0
          ],
          [
            0.0009014362003654242,
            0.9871828556060791,
            -0.15959082543849945,
            0.0
          ],
          [
            0.024187518283724785,
            0.15952268242835999,
            0.986897885799408,
            0.0
          ],
          [
            0.0,
            0.0,
            0.0,
            1.0
          ]
        ],
        "rotation_mode": "QUATERNION"
      },
      "armature_space": {
        "head": {
          "x": 0.17142699658870697,
          "y": -0.0873931497335434,
          "z": -0.0524817556142807
        },
        "tail": {
          "x": 0.16809268295764923,
          "y": -0.09980092942714691,
          "z": -0.09053605794906616
        }
      },
      "world_space": {
        "head": {
          "x": 0.17142699658870697,
          "y": -0.024149149656295776,
          "z": 0.8973722457885742
        },
        "tail": {
          "x": 0.16809268295764923,
          "y": -0.03655692934989929,
          "z": 0.85931795835495
        },
        "rotation_quaternion": {
          "w": 0.5866519808769226,
          "x": -0.808751106262207,
          "y": 0.03711159527301788,
          "z": 0.019593030214309692
        },
        "matrix": [
          [
            0.9964777231216431,
            -0.0830167904496193,
            0.011851728893816471,
            0.17142699658870697
          ],
          [
            -0.037039920687675476,
            -0.3089248538017273,
            0.9503649473190308,
            -0.024149149656295776
          ],
          [
            -0.07523525506258011,
            -0.9474633932113647,
            -0.3109130263328552,
            0.8973722457885742
          ],
          [
            0.0,
            0.0,
            0.0,
            1.0
          ]
        ]
      },
      "bone_length_armature_space": 0.04016466761774216,
      "parent": "thumb_01_l",
      "has_children": true,
      "is_end_bone": false
    },
    "thumb_03_l": {
      "name": "thumb_03_l",
      "local": {
        "location": {
          "x": 0.0,
          "y": 0.0,
          "z": 0.0
        },
        "rotation_quaternion": {
          "w": 0.9980263710021973,
          "x": 0.06276965886354446,
          "y": -0.0017323672072961926,
          "z": 0.0006719898083247244
        },
        "scale": {
          "x": 1.0,
          "y": 1.0,
          "z": 1.0
        },
        "matrix_basis": [
          [
            0.999993085861206,
            -0.001558807329274714,
            -0.003373535117134452,
            0.0
          ],
          [
            0.0011238468578085303,
            0.9921190142631531,
            -0.12529388070106506,
            0.0
          ],
          [
            0.003542257472872734,
            0.1252892166376114,
            0.9921139478683472,
            0.0
          ],
          [
            0.0,
            0.0,
            0.0,
            1.0
          ]
        ],
        "rotation_mode": "QUATERNION"
      },
      "armature_space": {
        "head": {
          "x": 0.168092742562294,
          "y": -0.09980098158121109,
          "z": -0.09053599834442139
        },
        "tail": {
          "x": 0.16248822212219238,
          "y": -0.09724429249763489,
          "z": -0.12035136669874191
        }
      },
      "world_space": {
        "head": {
          "x": 0.168092742562294,
          "y": -0.03655698150396347,
          "z": 0.8593180179595947
        },
        "tail": {
          "x": 0.16248822212219238,
          "y": -0.03400029242038727,
          "z": 0.8295026421546936
        },
        "rotation_quaternion": {
          "w": 0.7002240419387817,
          "x": -0.6712199449539185,
          "y": 0.22732210159301758,
          "z": -0.08645706623792648
        },
        "matrix": [
          [
            0.8816991448402405,
            -0.18408751487731934,
            0.4344174563884735,
            0.168092742562294
          ],
          [
            -0.42624619603157043,
            0.08397769182920456,
            0.9007008671760559,
            -0.03655698150396347
          ],
          [
            -0.20229074358940125,
            -0.9793226718902588,
            -0.00442272424697876,
            0.8593180179595947
          ],
          [
            0.0,
            0.0,
            0.0,
            1.0
          ]
        ]
      },
      "bone_length_armature_space": 0.030445089862692145,
      "parent": "thumb_02_l",
      "has_children": false,
      "is_end_bone": true
    },
    "metacarpal_index_l": {
      "name": "metacarpal_index_l",
      "local": {
        "location": {
          "x": 0.0,
          "y": 0.0,
          "z": 0.0
        },
        "rotation_quaternion": {
          "w": 0.9987861514091492,
          "x": -0.04541688412427902,
          "y": 0.014062725938856602,
          "z": 0.012873961590230465
        },
        "scale": {
          "x": 1.0,
          "y": 1.0,
          "z": 1.0
        },
        "matrix_basis": [
          [
            0.9992730021476746,
            -0.026994040235877037,
            0.026921920478343964,
            0.0
          ],
          [
            0.02443929947912693,
            0.9955431222915649,
            0.09108559787273407,
            0.0
          ],
          [
            -0.029260702431201935,
            -0.09036142379045486,
            0.9954791069030762,
            0.0
          ],
          [
            0.0,
            0.0,
            0.0,
            1.0
          ]
        ],
        "rotation_mode": "QUATERNION"
      },
      "armature_space": {
        "head": {
          "x": 0.1627098023891449,
          "y": -0.02086459845304489,
          "z": -0.01732829213142395
        },
        "tail": {
          "x": 0.17930851876735687,
          "y": -0.06131530553102493,
          "z": -0.126037135720253
        }
      },
      "world_space": {
        "head": {
          "x": 0.1627098023891449,
          "y": 0.04237940162420273,
          "z": 0.9325257539749146
        },
        "tail": {
          "x": 0.17930851876735687,
          "y": 0.0019286945462226868,
          "z": 0.8238168954849243
        },
        "rotation_quaternion": {
          "w": 0.03693552687764168,
          "x": 0.07119839638471603,
          "y": 0.5709843635559082,
          "z": -0.8170333504676819
        },
        "matrix": [
          [
            -0.9871332049369812,
            0.14166148006916046,
            -0.07416296005249023,
            0.1627098023891449
          ],
          [
            0.02095036208629608,
            -0.34522581100463867,
            -0.9382860064506531,
            0.04237940162420273
          ],
          [
            -0.15852300822734833,
            -0.9277735948562622,
            0.3378174304962158,
            0.9325257539749146
          ],
          [
            0.0,
            0.0,
            0.0,
            1.0
          ]
        ]
      },
      "bone_length_armature_space": 0.11717247879097627,
      "parent": "lowerarm_l",
      "has_children": true,
      "is_end_bone": false
    },
    "index_01_l": {
      "name": "index_01_l",
      "local": {
        "location": {
          "x": 0.0,
          "y": 0.0,
          "z": 0.0
        },
        "rotation_quaternion": {
          "w": 0.9927291870117188,
          "x": -0.11862479895353317,
          "y": -0.012950639240443707,
          "z": 0.015787022188305855
        },
        "scale": {
          "x": 1.0,
          "y": 1.0,
          "z": 1.0
        },
        "matrix_basis": [
          [
            0.9991661310195923,
            -0.02827194146811962,
            -0.02945842035114765,
            0.0
          ],
          [
            0.034417010843753815,
            0.9713578820228577,
            0.23511569201946259,
            0.0
          ],
          [
            0.021967491135001183,
            -0.23593349754810333,
            0.9715209007263184,
            0.0
          ],
          [
            0.0,
            0.0,
            0.0,
            1.0
          ]
        ],
        "rotation_mode": "QUATERNION"
      },
      "armature_space": {
        "head": {
          "x": 0.17930851876735687,
          "y": -0.06131530553102493,
          "z": -0.126037135720253
        },
        "tail": {
          "x": 0.17536064982414246,
          "y": -0.060135260224342346,
          "z": -0.15425240993499756
        }
      },
      "world_space": {
        "head": {
          "x": 0.17930851876735687,
          "y": 0.0019286945462226868,
          "z": 0.8238168954849243
        },
        "tail": {
          "x": 0.17536064982414246,
          "y": 0.0031087398529052734,
          "z": 0.7956016063690186
        },
        "rotation_quaternion": {
          "w": 0.094028539955616,
          "x": 0.00577332591637969,
          "y": -0.7154375314712524,
          "z": 0.6922965049743652
        },
        "matrix": [
          [
            -0.9822508096694946,
            -0.13845214247703552,
            -0.12654846906661987,
            0.17930851876735687
          ],
          [
            0.12192941457033157,
            0.041384220123291016,
            -0.9916759133338928,
            0.0019286945462226868
          ],
          [
            0.14253783226013184,
            -0.9895110130310059,
            -0.02376939356327057,
            0.8238168954849243
          ],
          [
            0.0,
            0.0,
            0.0,
            1.0
          ]
        ]
      },
      "bone_length_armature_space": 0.028514555439847416,
      "parent": "metacarpal_index_l",
      "has_children": true,
      "is_end_bone": false
    },
    "index_02_l": {
      "name": "index_02_l",
      "local": {
        "location": {
          "x": 0.0,
          "y": 0.0,
          "z": 0.0
        },
        "rotation_quaternion": {
          "w": 0.9992595314979553,
          "x": 0.037793491035699844,
          "y": 0.002341798273846507,
          "z": 0.006833202205598354
        },
        "scale": {
          "x": 1.0,
          "y": 1.0,
          "z": 1.0
        },
        "matrix_basis": [
          [
            0.9998956322669983,
            -0.01347927562892437,
            0.00519662955775857,
            0.0
          ],
          [
            0.013833294622600079,
            0.9970499277114868,
            -0.07549900561571121,
            0.0
          ],
          [
            -0.00416362751275301,
            0.07556301355361938,
            0.9971323609352112,
            0.0
          ],
          [
            0.0,
            0.0,
            0.0,
            1.0
          ]
        ],
        "rotation_mode": "QUATERNION"
      },
      "armature_space": {
        "head": {
          "x": 0.1753607839345932,
          "y": -0.06013558804988861,
          "z": -0.15425284206867218
        },
        "tail": {
          "x": 0.17136326432228088,
          "y": -0.060053013265132904,
          "z": -0.1795927733182907
        }
      },
      "world_space": {
        "head": {
          "x": 0.1753607839345932,
          "y": 0.003108412027359009,
          "z": 0.7956011891365051
        },
        "tail": {
          "x": 0.17136326432228088,
          "y": 0.0031909868121147156,
          "z": 0.7702612280845642
        },
        "rotation_quaternion": {
          "w": 0.07661664485931396,
          "x": 0.03392753377556801,
          "y": -0.7040877938270569,
          "z": 0.7051519155502319
        },
        "matrix": [
          [
            -0.9859575629234314,
            -0.15582863986492157,
            -0.060042642056941986,
            0.1753607839345932
          ],
          [
            0.06027793139219284,
            0.00321892648935318,
            -0.9981767535209656,
            0.003108412027359009
          ],
          [
            0.15573890507221222,
            -0.9877857565879822,
            0.006218403577804565,
            0.7956011891365051
          ],
          [
            0.0,
            0.0,
            0.0,
            1.0
          ]
        ]
      },
      "bone_length_armature_space": 0.025653442059328537,
      "parent": "index_01_l",
      "has_children": true,
      "is_end_bone": false
    },
    "index_03_l": {
      "name": "index_03_l",
      "local": {
        "location": {
          "x": 0.0,
          "y": 0.0,
          "z": 0.0
        },
        "rotation_quaternion": {
          "w": 0.9992842078208923,
          "x": 0.03704463690519333,
          "y": 0.006232005078345537,
          "z": -0.004477011039853096
        },
        "scale": {
          "x": 1.0,
          "y": 1.0,
          "z": 1.0
        },
        "matrix_basis": [
          [
            0.9998822212219238,
            0.009409337304532528,
            0.012123390100896358,
            0.0
          ],
          [
            -0.008485888130962849,
            0.9972153306007385,
            -0.07409204542636871,
            0.0
          ],
          [
            -0.012786787003278732,
            0.07398044317960739,
            0.9971777200698853,
            0.0
          ],
          [
            0.0,
            0.0,
            0.0,
            1.0
          ]
        ],
        "rotation_mode": "QUATERNION"
      },
      "armature_space": {
        "head": {
          "x": 0.17136330902576447,
          "y": -0.06005287170410156,
          "z": -0.17959275841712952
        },
        "tail": {
          "x": 0.16359399259090424,
          "y": -0.06445956975221634,
          "z": -0.20741291344165802
        }
      },
      "world_space": {
        "head": {
          "x": 0.17136330902576447,
          "y": 0.003191128373146057,
          "z": 0.770261287689209
        },
        "tail": {
          "x": 0.16359399259090424,
          "y": -0.0012155696749687195,
          "z": 0.7424411177635193
        },
        "rotation_quaternion": {
          "w": 0.1366240233182907,
          "x": 0.0463135801255703,
          "y": -0.637122631072998,
          "z": 0.7571418285369873
        },
        "matrix": [
          [
            -0.9583775997161865,
            -0.2659025192260742,
            -0.10396216809749603,
            0.17136330902576447
          ],
          [
            0.14787432551383972,
            -0.15081773698329926,
            -0.9774394035339355,
            0.003191128373146057
          ],
          [
            0.24422600865364075,
            -0.9521359801292419,
            0.18386080861091614,
            0.770261287689209
          ],
          [
            0.0,
            0.0,
            0.0,
            1.0
          ]
        ]
      },
      "bone_length_armature_space": 0.029218868592632865,
      "parent": "index_02_l",
      "has_children": false,
      "is_end_bone": true
    },
    "metacarpal_pinky_l": {
      "name": "metacarpal_pinky_l",
      "local": {
        "location": {
          "x": 0.0,
          "y": 0.0,
          "z": 0.0
        },
        "rotation_quaternion": {
          "w": 0.9999173879623413,
          "x": -0.009037903510034084,
          "y": 0.0032955994829535484,
          "z": 0.008527250960469246
        },
        "scale": {
          "x": 1.0,
          "y": 1.0,
          "z": 1.0
        },
        "matrix_basis": [
          [
            0.9998328685760498,
            -0.01711266301572323,
            0.006436517462134361,
            0.0
          ],
          [
            0.01699352264404297,
            0.9996911883354187,
            0.01813051849603653,
            0.0
          ],
          [
            -0.00674479128792882,
            -0.01801810972392559,
            0.9998149275779724,
            0.0
          ],
          [
            0.0,
            0.0,
            0.0,
            1.0
          ]
        ],
        "rotation_mode": "QUATERNION"
      },
      "armature_space": {
        "head": {
          "x": 0.1627098023891449,
          "y": -0.02086459845304489,
          "z": -0.01732829213142395
        },
        "tail": {
          "x": 0.12539321184158325,
          "y": -0.021826833486557007,
          "z": -0.11453886330127716
        }
      },
      "world_space": {
        "head": {
          "x": 0.1627098023891449,
          "y": 0.04237940162420273,
          "z": 0.9325257539749146
        },
        "tail": {
          "x": 0.12539321184158325,
          "y": 0.04141716659069061,
          "z": 0.8353151679039001
        },
        "rotation_quaternion": {
          "w": 0.5457812547683716,
          "x": -0.6750055551528931,
          "y": 0.4444121718406677,
          "z": -0.22133266925811768
        },
        "matrix": [
          [
            0.5070170760154724,
            -0.35836276412010193,
            0.7839067578315735,
            0.1627098023891449
          ],
          [
            -0.8415614366531372,
            -0.009240644983947277,
            0.5400828123092651,
            0.04237940162420273
          ],
          [
            -0.18630382418632507,
            -0.9335432648658752,
            -0.3062710464000702,
            0.9325257539749146
          ],
          [
            0.0,
            0.0,
            0.0,
            1.0
          ]
        ]
      },
      "bone_length_armature_space": 0.10413140408466812,
      "parent": "lowerarm_l",
      "has_children": true,
      "is_end_bone": false
    },
    "pinky_01_l": {
      "name": "pinky_01_l",
      "local": {
        "location": {
          "x": 0.0,
          "y": 0.0,
          "z": 0.0
        },
        "rotation_quaternion": {
          "w": 0.9938522577285767,
          "x": -0.10770898312330246,
          "y": 0.023063015192747116,
          "z": 0.01116033736616373
        },
        "scale": {
          "x": 1.0,
          "y": 1.0,
          "z": 1.0
        },
        "matrix_basis": [
          [
            0.9986870884895325,
            -0.027151640504598618,
            0.043438322842121124,
            0.0
          ],
          [
            0.017215264961123466,
            0.976548433303833,
            0.21460841596126556,
            0.0
          ],
          [
            -0.0482465960085392,
            -0.21357885003089905,
            0.975733757019043,
            0.0
          ],
          [
            0.0,
            0.0,
            0.0,
            1.0
          ]
        ],
        "rotation_mode": "QUATERNION"
      },
      "armature_space": {
        "head": {
