{
  "metadata": {
    "armature_name": "KIM_caucasian_male",
    "export_time": "2026-01-13T21:05:28.503092",
    "blender_version": "4.4.1",
    "bone_count": 56,
    "end_bone_count": 13,
    "spaces_included": [
      "LOCAL_CHANNELS",
      "ARMATURE_SPACE",
      "WORLD_SPACE"
    ],
    "note": "LOCAL matches Transform panel; replay pose via local.matrix_basis for best fidelity."
  },
  "bones": {
    "Root": {
      "name": "Root",
      "local": {
        "location": {
          "x": 0.0,
          "y": 0.0,
          "z": 0.0
        },
        "rotation_quaternion": {
          "w": 0.9996448159217834,
          "x": -0.013704575598239899,
          "y": -0.0058805192820727825,
          "z": -0.02209138683974743
        },
        "scale": {
          "x": 1.0,
          "y": 1.0,
          "z": 1.0
        },
        "matrix_basis": [
          [
            0.9989547729492188,
            0.04432826116681099,
            -0.011151354759931564,
            0.0
          ],
          [
            -0.044005900621414185,
            0.9986482858657837,
            0.027659233659505844,
            0.0
          ],
          [
            0.01236236747354269,
            -0.02713959850370884,
            0.999555230140686,
            0.0
          ],
          [
            0.0,
            0.0,
            0.0,
            1.0
          ]
        ],
        "rotation_mode": "QUATERNION"
      },
      "armature_space": {
        "head": {
          "x": 0.0,
          "y": 0.07072800397872925,
          "z": -0.009595036506652832
        },
        "tail": {
          "x": 0.003163968212902546,
          "y": 0.0003560110926628113,
          "z": 0.00190657377243042
        }
      },
      "world_space": {
        "head": {
          "x": 0.0,
          "y": 0.13397200405597687,
          "z": 0.9402589797973633
        },
        "tail": {
          "x": 0.003163968212902546,
          "y": 0.06360001116991043,
          "z": 0.9517605900764465
        },
        "rotation_quaternion": {
          "w": 0.08101717382669449,
          "x": 0.9964505434036255,
          "y": 0.021645043045282364,
          "z": -0.007355412468314171
        },
        "matrix": [
          [
            0.9989547729492188,
            0.04432826116681099,
            -0.011151354759931564,
            0.0
          ],
          [
            0.04194459691643715,
            -0.985935389995575,
            -0.16177809238433838,
            0.13397200405597687
          ],
          [
            -0.018165942281484604,
            0.16114144027233124,
            -0.986771285533905,
            0.9402589797973633
          ],
          [
            0.0,
            0.0,
            0.0,
            1.0
          ]
        ]
      },
      "bone_length_armature_space": 0.07137587256407098,
      "parent": null,
      "has_children": true,
      "is_end_bone": false
    },
    "spine_01": {
      "name": "spine_01",
      "local": {
        "location": {
          "x": 0.0,
          "y": 0.0,
          "z": 0.0
        },
        "rotation_quaternion": {
          "w": 0.9979796409606934,
          "x": -0.029620682820677757,
          "y": 0.04774750769138336,
          "z": -0.029656942933797836
        },
        "scale": {
          "x": 1.0,
          "y": 1.0,
          "z": 1.0
        },
        "matrix_basis": [
          [
            0.9936813116073608,
            0.056365422904491425,
            0.09705899655818939,
            0.0
          ],
          [
            -0.062022678554058075,
            0.9964861869812012,
            0.056289587169885635,
            0.0
          ],
          [
            -0.09354516118764877,
            -0.061953768134117126,
            0.9936856031417847,
            0.0
          ],
          [
            0.0,
            0.0,
            0.0,
            1.0
          ]
        ],
        "rotation_mode": "QUATERNION"
      },
      "armature_space": {
        "head": {
          "x": 0.003163968212902546,
          "y": 0.0003560110926628113,
          "z": 0.00190657377243042
        },
        "tail": {
          "x": 0.03663427755236626,
          "y": 0.06782183796167374,
          "z": 0.48406490683555603
        }
      },
      "world_space": {
        "head": {
          "x": 0.003163968212902546,
          "y": 0.06360001116991043,
          "z": 0.9517605900764465
        },
        "tail": {
          "x": 0.03663427755236626,
          "y": 0.13106584548950195,
          "z": 1.4339189529418945
        },
        "rotation_quaternion": {
          "w": 0.7505883574485779,
          "x": 0.6560896635055542,
          "y": 0.0757724866271019,
          "z": 0.020544234663248062
        },
        "matrix": [
          [
            0.9876730442047119,
            0.06858652830123901,
            0.1407051384449005,
            0.003163968212902546
          ],
          [
            0.13026709854602814,
            0.13824929296970367,
            -0.9817931652069092,
            0.06360001116991043
          ],
          [
            -0.08679065108299255,
            0.9880268573760986,
            0.1276104897260666,
            0.9517605900764465
          ],
          [
            0.0,
            0.0,
            0.0,
            1.0
          ]
        ]
      },
      "bone_length_armature_space": 0.4880046630939584,
      "parent": "Root",
      "has_children": true,
      "is_end_bone": false
    },
    "neck_01": {
      "name": "neck_01",
      "local": {
        "location": {
          "x": 0.0,
          "y": 0.0,
          "z": 0.0
        },
        "rotation_quaternion": {
          "w": 0.990750789642334,
          "x": -0.0781811848282814,
          "y": -0.04400397837162018,
          "z": 0.1018054261803627
        },
        "scale": {
          "x": 1.0,
          "y": 1.0,
          "z": 1.0
        },
        "matrix_basis": [
          [
            0.975398600101471,
            -0.19484704732894897,
            -0.10311248898506165,
            0.0
          ],
          [
            0.20860818028450012,
            0.9670467376708984,
            0.14595645666122437,
            0.0
          ],
          [
            0.07127541303634644,
            -0.16387583315372467,
            0.9839026927947998,
            0.0
          ],
          [
            0.0,
            0.0,
            0.0,
            1.0
          ]
        ],
        "rotation_mode": "QUATERNION"
      },
      "armature_space": {
        "head": {
          "x": 0.04653579369187355,
          "y": 0.043895214796066284,
          "z": 0.5608322620391846
        },
        "tail": {
          "x": 0.03667208552360535,
          "y": 0.033170949667692184,
          "z": 0.6623136401176453
        }
      },
      "world_space": {
        "head": {
          "x": 0.04653579369187355,
          "y": 0.1071392148733139,
          "z": 1.5106862783432007
        },
        "tail": {
          "x": 0.03667208552360535,
          "y": 0.0964149534702301,
          "z": 1.6121675968170166
        },
        "rotation_quaternion": {
          "w": 0.6684084534645081,
          "x": 0.7421905994415283,
          "y": -0.030451348051428795,
          "z": 0.03815767541527748
        },
        "matrix": [
          [
            0.9952335357666016,
            -0.09621128439903259,
            0.01593203842639923,
            0.04653579369187355
          ],
          [
            0.00580780953168869,
            -0.10460519790649414,
            -0.9944971203804016,
            0.1071392148733139
          ],
          [
            0.09734906256198883,
            0.989855945110321,
            -0.10354948043823242,
            1.5106862783432007
          ],
          [
            0.0,
            0.0,
            0.0,
            1.0
          ]
        ]
      },
      "bone_length_armature_space": 0.10252205925558934,
      "parent": "spine_01",
      "has_children": true,
      "is_end_bone": false
    },
    "head": {
      "name": "head",
      "local": {
        "location": {
          "x": 0.0,
          "y": 0.0,
          "z": 0.0
        },
        "rotation_quaternion": {
          "w": 0.9781328439712524,
          "x": -0.08492671698331833,
          "y": 0.18306638300418854,
          "z": 0.0503036268055439
        },
        "scale": {
          "x": 1.0,
          "y": 1.0,
          "z": 1.0
        },
        "matrix_basis": [
          [
            0.9279124736785889,
            -0.12950171530246735,
            0.3495822250843048,
            0.0
          ],
          [
            0.0673128068447113,
            0.9805139899253845,
            0.18455703556537628,
            0.0
          ],
          [
            -0.36667072772979736,
            -0.14772140979766846,
            0.9185482859611511,
            0.0
          ],
          [
            0.0,
            0.0,
            0.0,
            1.0
          ]
        ],
        "rotation_mode": "QUATERNION"
      },
      "armature_space": {
        "head": {
          "x": 0.036672092974185944,
          "y": 0.033170800656080246,
          "z": 0.6623135209083557
        },
        "tail": {
          "x": 0.0025986619293689728,
          "y": 0.09505745023488998,
          "z": 0.8003798723220825
        }
      },
      "world_space": {
        "head": {
          "x": 0.036672092974185944,
          "y": 0.09641480445861816,
          "z": 1.6121675968170166
        },
        "tail": {
          "x": 0.0025986619293689728,
          "y": 0.158301442861557,
          "z": 1.7502338886260986
        },
        "rotation_quaternion": {
          "w": 0.833040177822113,
          "x": 0.5183628797531128,
          "y": 0.07458075135946274,
          "z": 0.17827482521533966
        },
        "matrix": [
          [
            0.9253113269805908,
            -0.21970072388648987,
            0.3090805113315582,
            0.036672092974185944
          ],
          [
            0.3743409514427185,
            0.3990364670753479,
            -0.8370420336723328,
            0.09641480445861816
          ],
          [
            0.06056508421897888,
            0.8902323842048645,
            0.45147818326950073,
            1.6121675968170166
          ],
          [
            0.0,
            0.0,
            0.0,
            1.0
          ]
        ]
      },
      "bone_length_armature_space": 0.1550911798645409,
      "parent": "neck_01",
      "has_children": false,
      "is_end_bone": true
    },
    "upperarm_l": {
      "name": "upperarm_l",
      "local": {
        "location": {
          "x": 0.0,
          "y": 0.0,
          "z": 0.0
        },
        "rotation_quaternion": {
          "w": 0.8993604779243469,
          "x": 0.24430012702941895,
          "y": 0.34314584732055664,
          "z": 0.11712906509637833
        },
        "scale": {
          "x": 1.0,
          "y": 1.0,
          "z": 1.0
        },
        "matrix_basis": [
          [
            0.7370634078979492,
            -0.04302135482430458,
            0.6744529008865356,
            0.0
          ],
          [
            0.3783436417579651,
            0.8531964421272278,
            -0.35904306173324585,
            0.0
          ],
          [
            -0.5599943399429321,
            0.5198124647140503,
            0.6451367735862732,
            0.0
          ],
          [
            0.0,
            0.0,
            0.0,
            1.0
          ]
        ],
        "rotation_mode": "QUATERNION"
      },
      "armature_space": {
        "head": {
          "x": 0.19052593410015106,
          "y": 0.0510127879679203,
          "z": 0.4818176031112671
        },
        "tail": {
          "x": 0.4402496814727783,
          "y": -0.046173904091119766,
          "z": 0.48117315769195557
        }
      },
      "world_space": {
        "head": {
          "x": 0.19052593410015106,
          "y": 0.11425678431987762,
          "z": 1.4316716194152832
        },
        "tail": {
          "x": 0.4402496814727783,
          "y": 0.017070095986127853,
          "z": 1.4310271739959717
        },
        "rotation_quaternion": {
          "w": 0.2633678615093231,
          "x": 0.7290948629379272,
          "y": 0.49929651618003845,
          "z": -0.3869897425174713
        },
        "matrix": [
          [
            0.20188263058662415,
            0.9319114089012146,
            -0.30130499601364136,
            0.19052593410015106
          ],
          [
            0.5242278575897217,
            -0.36267828941345215,
            -0.7704868316650391,
            0.11425678431987762
          ],
          [
            -0.8273074626922607,
            -0.0024048946797847748,
            -0.5617568492889404,
            1.4316716194152832
          ],
          [
            0.0,
            0.0,
            0.0,
            1.0
          ]
        ]
      },
      "bone_length_armature_space": 0.26796943170876425,
      "parent": "spine_01",
      "has_children": true,
      "is_end_bone": false
    },
    "lowerarm_l": {
      "name": "lowerarm_l",
      "local": {
        "location": {
          "x": 0.0,
          "y": 0.0,
          "z": 0.0
        },
        "rotation_quaternion": {
          "w": 0.9904804229736328,
          "x": 0.10696376115083694,
          "y": -0.061602119356393814,
          "z": -0.06093167886137962
        },
        "scale": {
          "x": 1.0,
          "y": 1.0,
          "z": 1.0
        },
        "matrix_basis": [
          [
            0.9849849939346313,
            0.10752487927675247,
            -0.13506634533405304,
            0.0
          ],
          [
            -0.13388165831565857,
            0.9696921706199646,
            -0.204383984208107,
            0.0
          ],
          [
            0.1089964210987091,
            0.21939806640148163,
            0.9695278406143188,
            0.0
          ],
          [
            0.0,
            0.0,
            0.0,
            1.0
          ]
        ],
        "rotation_mode": "QUATERNION"
      },
      "armature_space": {
        "head": {
          "x": 0.4402497410774231,
          "y": -0.04617403820157051,
          "z": 0.48117324709892273
        },
        "tail": {
          "x": 0.6471611261367798,
          "y": -0.20698630809783936,
          "z": 0.42735427618026733
        }
      },
      "world_space": {
        "head": {
          "x": 0.4402497410774231,
          "y": 0.01706996187567711,
          "z": 1.4310272932052612
        },
        "tail": {
          "x": 0.6471611261367798,
          "y": -0.14374230802059174,
          "z": 1.3772082328796387
        },
        "rotation_quaternion": {
          "w": 0.18357878923416138,
          "x": 0.6967971920967102,
          "y": 0.4071137607097626,
          "z": -0.5612761378288269
        },
        "matrix": [
          [
            0.038453608751297,
            0.7734297513961792,
            -0.6327145099639893,
            0.4402497410774231
          ],
          [
            0.3612743318080902,
            -0.6011123657226562,
            -0.7128428816795349,
            0.01706996187567711
          ],
          [
            -0.9316725730895996,
            -0.2011740505695343,
            -0.30253803730010986,
            1.4310272932052612
          ],
          [
            0.0,
            0.0,
            0.0,
            1.0
          ]
        ]
      },
      "bone_length_armature_space": 0.26752455986189,
      "parent": "upperarm_l",
      "has_children": true,
      "is_end_bone": false
    },
    "metacarpal_thumb_l": {
      "name": "metacarpal_thumb_l",
      "local": {
        "location": {
          "x": 0.0,
          "y": 0.0,
          "z": 0.0
        },
        "rotation_quaternion": {
          "w": 0.9994875192642212,
          "x": -0.026080509647727013,
          "y": 0.005947040859609842,
          "z": -0.01758531853556633
        },
        "scale": {
          "x": 1.0,
          "y": 1.0,
          "z": 1.0
        },
        "matrix_basis": [
          [
            0.9993107914924622,
            0.03484240919351578,
            0.012805254198610783,
            0.0
          ],
          [
            -0.035462815314531326,
            0.998021125793457,
            0.05192512646317482,
            0.0
          ],
          [
            -0.01097071822732687,
            -0.052343450486660004,
            0.9985688924789429,
            0.0
          ],
          [
            0.0,
            0.0,
            0.0,
            1.0
          ]
        ],
        "rotation_mode": "QUATERNION"
      },
      "armature_space": {
        "head": {
          "x": 0.6471611261367798,
          "y": -0.20698630809783936,
          "z": 0.42735427618026733
        },
        "tail": {
          "x": 0.661109447479248,
          "y": -0.24874575436115265,
          "z": 0.4046565592288971
        }
      },
      "world_space": {
        "head": {
          "x": 0.6471611261367798,
          "y": -0.14374230802059174,
          "z": 1.3772082328796387
        },
        "tail": {
          "x": 0.661109447479248,
          "y": -0.18550175428390503,
          "z": 1.3545105457305908
        },
        "rotation_quaternion": {
          "w": 0.2402220219373703,
          "x": -0.9599066376686096,
          "y": -0.14410951733589172,
          "z": -0.010259955190122128
        },
        "matrix": [
          [
            0.9582542777061462,
            0.28159260749816895,
            -0.049539919942617416,
            0.6471611261367798
          ],
          [
            0.2717345058917999,
            -0.8430517315864563,
            0.4641379714012146,
            -0.14374230802059174
          ],
          [
            0.08893406391143799,
            -0.45822784304618835,
            -0.8843823075294495,
            1.3772082328796387
          ],
          [
            0.0,
            0.0,
            0.0,
            1.0
          ]
        ]
      },
      "bone_length_armature_space": 0.049533759826894175,
      "parent": "lowerarm_l",
      "has_children": true,
      "is_end_bone": false
    },
    "thumb_01_l": {
      "name": "thumb_01_l",
      "local": {
        "location": {
          "x": 0.0,
          "y": 0.0,
          "z": 0.0
        },
        "rotation_quaternion": {
          "w": 0.9506664276123047,
          "x": 0.3095373511314392,
          "y": -0.013950953260064125,
          "z": -0.015013407915830612
        },
        "scale": {
          "x": 1.0,
          "y": 1.0,
          "z": 1.0
        },
        "matrix_basis": [
          [
            0.9991599321365356,
            0.019908802583813667,
            -0.035819828510284424,
            0.0
          ],
          [
            -0.037182167172431946,
            0.8079224228858948,
            -0.5881146192550659,
            0.0
          ],
          [
            0.017230985686182976,
            0.5889524221420288,
            0.8079839944839478,
            0.0
          ],
          [
            0.0,
            0.0,
            0.0,
            1.0
          ]
        ],
        "rotation_mode": "QUATERNION"
      },
      "armature_space": {
        "head": {
          "x": 0.661109447479248,
          "y": -0.24874575436115265,
          "z": 0.4046565592288971
        },
        "tail": {
          "x": 0.6816371083259583,
          "y": -0.251319020986557,
          "z": 0.3776264190673828
        }
      },
      "world_space": {
        "head": {
          "x": 0.661109447479248,
          "y": -0.18550175428390503,
          "z": 1.3545105457305908
        },
        "tail": {
          "x": 0.6816371083259583,
          "y": -0.1880750209093094,
          "z": 1.327480435371399
        },
        "rotation_quaternion": {
          "w": 0.6552990674972534,
          "x": -0.44480100274086,
          "y": 0.18106627464294434,
          "z": -0.5830525755882263
        },
        "matrix": [
          [
            0.25452563166618347,
            0.6030700206756592,
            0.755991518497467,
            0.661109447479248
          ],
          [
            -0.9252254962921143,
            -0.07559844851493835,
            0.3718097507953644,
            -0.18550175428390503
          ],
          [
            0.2813803553581238,
            -0.7941034436225891,
            0.5387382507324219,
            1.3545105457305908
          ],
          [
            0.0,
            0.0,
            0.0,
            1.0
          ]
        ]
      },
      "bone_length_armature_space": 0.03403872899409368,
      "parent": "metacarpal_thumb_l",
      "has_children": true,
      "is_end_bone": false
    },
    "thumb_02_l": {
      "name": "thumb_02_l",
      "local": {
        "location": {
          "x": 0.0,
          "y": 0.0,
          "z": 0.0
        },
        "rotation_quaternion": {
          "w": 0.8975566029548645,
          "x": 0.4408305883407593,
          "y": -0.000499672838486731,
          "z": 0.007774923462420702
        },
        "scale": {
          "x": 1.0,
          "y": 1.0,
          "z": 1.0
        },
        "matrix_basis": [
          [
            0.9998785853385925,
            -0.014397409744560719,
            0.005957878660410643,
            0.0
          ],
          [
            0.013516325503587723,
            0.6112158894538879,
            -0.7913485765457153,
            0.0
          ],
          [
            0.007751817349344492,
            0.791333019733429,
            0.6113362908363342,
            0.0
          ],
          [
            0.0,
            0.0,
            0.0,
            1.0
          ]
        ],
        "rotation_mode": "QUATERNION"
      },
      "armature_space": {
        "head": {
          "x": 0.6816369891166687,
          "y": -0.2513189911842346,
          "z": 0.3776263892650604
        },
        "tail": {
          "x": 0.6998881101608276,
          "y": -0.2614997327327728,
          "z": 0.411925733089447
        }
      },
      "world_space": {
        "head": {
          "x": 0.6816369891166687,
          "y": -0.188074991106987,
          "z": 1.327480435371399
        },
        "tail": {
          "x": 0.6998881101608276,
          "y": -0.1982557326555252,
          "z": 1.3617796897888184
        },
        "rotation_quaternion": {
          "w": 0.470034658908844,
          "x": 0.3001134395599365,
          "y": -0.3902929723262787,
          "z": -0.7325782775878906
        },
        "matrix": [
          [
            -0.37799718976020813,
            0.4544109106063843,
            -0.8066157102584839,
            0.6816369891166687
          ],
          [
            -0.9229392409324646,
            -0.25347650051116943,
            0.2897113263607025,
            -0.188074991106987
          ],
          [
            -0.07281149178743362,
            0.8539732694625854,
            0.5152108669281006,
            1.327480435371399
          ],
          [
            0.0,
            0.0,
            0.0,
            1.0
          ]
        ]
      },
      "bone_length_armature_space": 0.04016460929769511,
      "parent": "thumb_01_l",
      "has_children": true,
      "is_end_bone": false
    },
    "thumb_03_l": {
      "name": "thumb_03_l",
      "local": {
        "location": {
          "x": 0.0,
          "y": 0.0,
          "z": 0.0
        },
        "rotation_quaternion": {
          "w": 0.9872042536735535,
          "x": 0.15944324433803558,
          "y": 0.002278655068948865,
          "z": 0.0006879352731630206
        },
        "scale": {
          "x": 1.0,
          "y": 1.0,
          "z": 1.0
        },
        "matrix_basis": [
          [
            0.9999886751174927,
            -0.0006316329236142337,
            0.004718369338661432,
            0.0
          ],
          [
            0.0020848975982517004,
            0.9491547346115112,
            -0.31480297446250916,
            0.0
          ],
          [
            -0.004279622808098793,
            0.31480923295021057,
            0.9491453170776367,
            0.0
          ],
          [
            0.0,
            0.0,
            0.0,
            1.0
          ]
        ],
        "rotation_mode": "QUATERNION"
      },
      "armature_space": {
        "head": {
          "x": 0.6998881697654724,
          "y": -0.2614997923374176,
          "z": 0.41192564368247986
        },
        "tail": {
          "x": 0.6985910534858704,
          "y": -0.2623118758201599,
          "z": 0.4423322379589081
        }
      },
      "world_space": {
        "head": {
          "x": 0.6998881697654724,
          "y": -0.19825579226016998,
          "z": 1.3617796897888184
        },
        "tail": {
          "x": 0.6985910534858704,
          "y": -0.1990678757429123,
          "z": 1.3921862840652466
        },
        "rotation_quaternion": {
          "w": 0.4936552345752716,
          "x": 0.5281193852424622,
          "y": -0.49291712045669556,
          "z": -0.4841766655445099
        },
        "matrix": [
          [
            0.04521134868264198,
            -0.04260611534118652,
            -0.9980685114860535,
            0.6998881697654724
          ],
          [
            -0.9986709356307983,
            -0.026673873886466026,
            -0.04410017654299736,
            -0.19825579226016998
          ],
          [
            -0.024744434282183647,
            0.9987427592277527,
            -0.04375585913658142,
            1.3617796897888184
          ],
          [
            0.0,
            0.0,
            0.0,
            1.0
          ]
        ]
      },
      "bone_length_armature_space": 0.03044508151310917,
      "parent": "thumb_02_l",
      "has_children": false,
      "is_end_bone": true
    },
    "metacarpal_index_l": {
      "name": "metacarpal_index_l",
      "local": {
        "location": {
          "x": 0.0,
          "y": 0.0,
          "z": 0.0
        },
        "rotation_quaternion": {
          "w": 0.9998378753662109,
          "x": -0.013052547350525856,
          "y": -0.003019284224137664,
          "z": -0.012037662789225578
        },
        "scale": {
          "x": 1.0,
          "y": 1.0,
          "z": 1.0
        },
        "matrix_basis": [
          [
            0.9996919631958008,
            0.024150241166353226,
            -0.005723345093429089,
            0.0
          ],
          [
            -0.02399260364472866,
            0.9993694424629211,
            0.026173552498221397,
            0.0
          ],
          [
            0.006351833697408438,
            -0.02602817304432392,
            0.9996410012245178,
            0.0
          ],
          [
            0.0,
            0.0,
            0.0,
            1.0
          ]
        ],
        "rotation_mode": "QUATERNION"
      },
      "armature_space": {
        "head": {
          "x": 0.6471611261367798,
          "y": -0.20698630809783936,
          "z": 0.42735427618026733
        },
        "tail": {
          "x": 0.7143188714981079,
          "y": -0.2955676317214966,
          "z": 0.3903079926967621
        }
      },
      "world_space": {
        "head": {
          "x": 0.6471611261367798,
          "y": -0.14374230802059174,
          "z": 1.3772082328796387
        },
        "tail": {
          "x": 0.7143188714981079,
          "y": -0.23232363164424896,
          "z": 1.3401620388031006
        },
        "rotation_quaternion": {
          "w": 0.09014593064785004,
          "x": -0.9094744324684143,
          "y": -0.33745506405830383,
          "z": 0.22550863027572632
        },
        "matrix": [
          [
            0.670539379119873,
            0.5731565952301025,
            -0.47102904319763184,
            0.6471611261367798
          ],
          [
            0.6544710397720337,
            -0.7559955716133118,
            0.011771179735660553,
            -0.14374230802059174
          ],
          [
            -0.3493509292602539,
            -0.31617075204849243,
            -0.8820454478263855,
            1.3772082328796387
          ],
          [
            0.0,
            0.0,
            0.0,
            1.0
          ]
        ]
      },
      "bone_length_armature_space": 0.11717184230390291,
      "parent": "lowerarm_l",
      "has_children": true,
      "is_end_bone": false
    },
    "index_01_l": {
      "name": "index_01_l",
      "local": {
        "location": {
          "x": 0.0,
          "y": 0.0,
          "z": 0.0
        },
        "rotation_quaternion": {
          "w": 0.9424905776977539,
          "x": 0.33367085456848145,
          "y": -0.0031868021469563246,
          "z": 0.019114650785923004
        },
        "scale": {
          "x": 1.0,
          "y": 1.0,
          "z": 1.0
        },
        "matrix_basis": [
          [
            0.9992489218711853,
            -0.03815744072198868,
            0.0067489417269825935,
            0.0
          ],
          [
            0.033904071897268295,
            0.7765967845916748,
            -0.629085123538971,
            0.0
          ],
          [
            0.018763065338134766,
            0.6288414597511292,
            0.7773072123527527,
            0.0
          ],
          [
            0.0,
            0.0,
            0.0,
            1.0
          ]
        ],
        "rotation_mode": "QUATERNION"
      },
      "armature_space": {
        "head": {
          "x": 0.7143188714981079,
          "y": -0.2955676317214966,
          "z": 0.3903079926967621
        },
        "tail": {
          "x": 0.7256913185119629,
          "y": -0.30790355801582336,
          "z": 0.3672522008419037
        }
      },
      "world_space": {
        "head": {
          "x": 0.7143188714981079,
          "y": -0.23232363164424896,
          "z": 1.3401620388031006
        },
        "tail": {
          "x": 0.7256913185119629,
          "y": -0.24465955793857574,
          "z": 1.3171062469482422
        },
        "rotation_quaternion": {
          "w": 0.3474116325378418,
          "x": -0.7788845896720886,
          "y": -0.40372544527053833,
          "z": 0.33113425970077515
        },
        "matrix": [
          [
            0.4547105133533478,
            0.398832231760025,
            -0.7963486909866333,
            0.7143188714981079
          ],
          [
            0.8589915633201599,
            -0.4326215982437134,
            0.27381080389022827,
            -0.23232363164424896
          ],
          [
            -0.23531386256217957,
            -0.8085674047470093,
            -0.5393147468566895,
            1.3401620388031006
          ],
          [
            0.0,
            0.0,
            0.0,
            1.0
          ]
        ]
      },
      "bone_length_armature_space": 0.028514507891136374,
      "parent": "metacarpal_index_l",
      "has_children": true,
      "is_end_bone": false
    },
    "index_02_l": {
      "name": "index_02_l",
      "local": {
        "location": {
          "x": 0.0,
          "y": 0.0,
          "z": 0.0
        },
        "rotation_quaternion": {
          "w": 0.9017391204833984,
          "x": 0.4322566092014313,
          "y": -0.0010075567988678813,
          "z": 0.0044457255862653255
        },
        "scale": {
          "x": 1.0,
          "y": 1.0,
          "z": 1.0
        },
        "matrix_basis": [
          [
            0.9999584555625916,
            -0.00888881552964449,
            0.0020262817852199078,
            0.0
          ],
          [
            0.007146723102778196,
            0.6262689232826233,
            -0.7795743346214294,
            0.0
          ],
          [
            0.00566049525514245,
            0.7795564532279968,
            0.626306414604187,
            0.0
          ],
          [
            0.0,
            0.0,
            0.0,
            1.0
          ]
        ],
        "rotation_mode": "QUATERNION"
      },
      "armature_space": {
        "head": {
          "x": 0.7256911396980286,
          "y": -0.30790385603904724,
          "z": 0.36725178360939026
        },
        "tail": {
          "x": 0.7164924144744873,
          "y": -0.31074169278144836,
          "z": 0.34347304701805115
        }
      },
      "world_space": {
        "head": {
          "x": 0.7256911396980286,
          "y": -0.24465985596179962,
          "z": 1.317105770111084
        },
        "tail": {
          "x": 0.7164924144744873,
          "y": -0.24749769270420074,
          "z": 1.2933270931243896
        },
        "rotation_quaternion": {
          "w": 0.6229043006896973,
          "x": -0.5532117486000061,
          "y": -0.23807542026042938,
          "z": 0.4992665648460388
        },
        "matrix": [
          [
            0.3881034851074219,
            -0.35857832431793213,
            -0.8489978909492493,
            0.7256911396980286
          ],
          [
            0.8854039907455444,
            -0.11062231659889221,
            0.45146745443344116,
            -0.24465985596179962
          ],
          [
            -0.25580543279647827,
            -0.926928699016571,
            0.2745558023452759,
            1.317105770111084
          ],
          [
            0.0,
            0.0,
            0.0,
            1.0
          ]
        ]
      },
      "bone_length_armature_space": 0.025653423674669194,
      "parent": "index_01_l",
      "has_children": true,
      "is_end_bone": false
    },
    "index_03_l": {
      "name": "index_03_l",
      "local": {
        "location": {
          "x": 0.0,
          "y": 0.0,
          "z": 0.0
        },
        "rotation_quaternion": {
          "w": 0.940059244632721,
          "x": 0.34093376994132996,
          "y": 0.005321914330124855,
          "z": 0.004943442530930042
        },
        "scale": {
          "x": 1.0,
          "y": 1.0,
          "z": 1.0
        },
        "matrix_basis": [
          [
            0.9998944997787476,
            -0.005665417294949293,
            0.013376602903008461,
            0.0
          ],
          [
            0.012923098169267178,
            0.7674794793128967,
            -0.6409432888031006,
            0.0
          ],
          [
            -0.006635056342929602,
            0.6410484910011292,
            0.7674716711044312,
            0.0
          ],
          [
            0.0,
            0.0,
            0.0,
            1.0
          ]
        ],
        "rotation_mode": "QUATERNION"
      },
      "armature_space": {
        "head": {
          "x": 0.7164925336837769,
          "y": -0.31074175238609314,
          "z": 0.34347301721572876
        },
        "tail": {
          "x": 0.6928755640983582,
          "y": -0.30094367265701294,
          "z": 0.3293318748474121
        }
      },
      "world_space": {
        "head": {
          "x": 0.7164925336837769,
          "y": -0.24749775230884552,
          "z": 1.2933270931243896
        },
        "tail": {
          "x": 0.6928755640983582,
          "y": -0.23769967257976532,
          "z": 1.2791858911514282
        },
        "rotation_quaternion": {
          "w": 0.8161287307739258,
          "x": -0.27156442403793335,
          "y": -0.040027596056461334,
          "z": 0.508512020111084
        },
        "matrix": [
          [
            0.47962579131126404,
            -0.8082824945449829,
            -0.3415241241455078,
            0.7164925336837769
          ],
          [
            0.8517637252807617,
            0.3353358209133148,
            0.40255290269851685,
            -0.24749775230884552
          ],
          [
            -0.2108517587184906,
            -0.4839758574962616,
            0.8493073582649231,
            1.2933270931243896
          ],
          [
            0.0,
            0.0,
            0.0,
            1.0
          ]
        ]
      },
      "bone_length_armature_space": 0.029218752706712137,
      "parent": "index_02_l",
      "has_children": false,
      "is_end_bone": true
    },
    "metacarpal_pinky_l": {
      "name": "metacarpal_pinky_l",
      "local": {
        "location": {
          "x": 0.0,
          "y": 0.0,
          "z": 0.0
        },
        "rotation_quaternion": {
          "w": 0.9990867376327515,
          "x": -0.0371357761323452,
          "y": 0.012091568671166897,
          "z": -0.01733360067009926
        },
        "scale": {
          "x": 1.0,
          "y": 1.0,
          "z": 1.0
        },
        "matrix_basis": [
          [
            0.9991067051887512,
            0.03373748064041138,
            0.025448445230722427,
            0.0
          ],
          [
            -0.0355335995554924,
            0.9966409802436829,
            0.07378454506397247,
            0.0
          ],
          [
            -0.022873658686876297,
            -0.07462290674448013,
            0.9969494342803955,
            0.0
          ],
          [
            0.0,
            0.0,
            0.0,
            1.0
          ]
        ],
        "rotation_mode": "QUATERNION"
      },
      "armature_space": {
        "head": {
          "x": 0.6471611261367798,
          "y": -0.20698630809783936,
          "z": 0.42735427618026733
        },
        "tail": {
          "x": 0.743403434753418,
          "y": -0.24181470274925232,
          "z": 0.4081806540489197
        }
      },
      "world_space": {
        "head": {
          "x": 0.6471611261367798,
          "y": -0.14374230802059174,
          "z": 1.3772082328796387
        },
        "tail": {
          "x": 0.743403434753418,
          "y": -0.1785707026720047,
          "z": 1.358034610748291
        },
        "rotation_quaternion": {
          "w": 0.5168275833129883,
          "x": 0.21284958720207214,
          "y": 0.2562311589717865,
          "z": -0.7886252999305725
        },
        "matrix": [
          [
            -0.37516793608665466,
            0.9242444634437561,
            -0.07086031138896942,
            0.6471611261367798
          ],
          [
            -0.7060905694961548,
            -0.33446788787841797,
            -0.6241534948348999,
            -0.14374230802059174
          ],
          [
            -0.6005758047103882,
            -0.18413014709949493,
            0.77808678150177,
            1.3772082328796387
          ],
          [
            0.0,
            0.0,
            0.0,
            1.0
          ]
        ]
      },
      "bone_length_armature_space": 0.10413081735335361,
      "parent": "lowerarm_l",
      "has_children": true,
      "is_end_bone": false
    },
    "pinky_01_l": {
      "name": "pinky_01_l",
      "local": {
        "location": {
          "x": 0.0,
          "y": 0.0,
          "z": 0.0
        },
        "rotation_quaternion": {
          "w": 0.9508482217788696,
          "x": 0.30906057357788086,
          "y": 0.017941774800419807,
          "z": -0.006886707153171301
        },
        "scale": {
          "x": 1.0,
          "y": 1.0,
          "z": 1.0
        },
        "matrix_basis": [
          [
            0.9992613196372986,
            0.024186616763472557,
            0.029862990602850914,
            0.0
          ],
          [
            -0.002006235998123884,
            0.8088682889938354,
            -0.5879865288734436,
            0.0
          ],
          [
            -0.03837662935256958,
            0.5874922871589661,
            0.8083193302154541,
            0.0
          ],
          [
            0.0,
            0.0,
            0.0,
            1.0
          ]
        ],
        "rotation_mode": "QUATERNION"
      },
      "armature_space": {
        "head": {
          "x": 0.743403434753418,
          "y": -0.24181470274925232,
          "z": 0.4081806540489197
        },
        "tail": {
          "x": 0.7564238905906677,
