{
  "metadata": {
    "armature_name": "KIM_caucasian_male",
    "export_time": "2026-01-13T20:24:41.475149",
    "blender_version": "4.4.1",
    "bone_count": 56,
    "end_bone_count": 13,
    "spaces_included": [
      "LOCAL_CHANNELS",
      "ARMATURE_SPACE",
      "WORLD_SPACE"
    ],
    "note": "LOCAL matches Transform panel; replay pose via local.matrix_basis for best fidelity."
  },
  "bones": {
    "Root": {
      "name": "Root",
      "local": {
        "location": {
          "x": 0.0,
          "y": 0.0,
          "z": 0.0
        },
        "rotation_quaternion": {
          "w": 0.9999126195907593,
          "x": -0.0014281601179391146,
          "y": -0.009025217965245247,
          "z": -0.009552096016705036
        },
        "scale": {
          "x": 1.0,
          "y": 1.0,
          "z": 1.0
        },
        "matrix_basis": [
          [
            0.9996545910835266,
            0.019128302112221718,
            -0.01802157424390316,
            0.0
          ],
          [
            -0.019076744094491005,
            0.999813437461853,
            0.003028490114957094,
            0.0
          ],
          [
            0.01807614229619503,
            -0.00268365116789937,
            0.9998329877853394,
            0.0
          ],
          [
            0.0,
            0.0,
            0.0,
            1.0
          ]
        ],
        "rotation_mode": "QUATERNION"
      },
      "armature_space": {
        "head": {
          "x": 0.0,
          "y": 0.07072800397872925,
          "z": -0.009595036506652832
        },
        "tail": {
          "x": 0.0013652992201969028,
          "y": 3.8951635360717773e-05,
          "z": 0.00018802005797624588
        }
      },
      "world_space": {
        "head": {
          "x": 0.0,
          "y": 0.13397200405597687,
          "z": 0.9402589797973633
        },
        "tail": {
          "x": 0.0013652992201969028,
          "y": 0.06328295171260834,
          "z": 0.9500420093536377
        },
        "rotation_quaternion": {
          "w": 0.06878668814897537,
          "x": 0.9975448250770569,
          "y": 0.008922385983169079,
          "z": -0.009648219682276249
        },
        "matrix": [
          [
            0.9996545910835266,
            0.019128302112221718,
            -0.01802157424390316,
            0.0
          ],
          [
            0.016473617404699326,
            -0.9903774857521057,
            -0.13740824162960052,
            0.13397200405597687
          ],
          [
            -0.020476676523685455,
            0.1370639204978943,
            -0.9903575778007507,
            0.9402589797973633
          ],
          [
            0.0,
            0.0,
            0.0,
            1.0
          ]
        ]
      },
      "bone_length_armature_space": 0.0713758651528147,
      "parent": null,
      "has_children": true,
      "is_end_bone": false
    },
    "spine_01": {
      "name": "spine_01",
      "local": {
        "location": {
          "x": 0.0,
          "y": 0.0,
          "z": 0.0
        },
        "rotation_quaternion": {
          "w": 0.9930351972579956,
          "x": 0.11460541188716888,
          "y": 0.018789030611515045,
          "z": 0.01984439790248871
        },
        "scale": {
          "x": 1.0,
          "y": 1.0,
          "z": 1.0
        },
        "matrix_basis": [
          [
            0.9985063672065735,
            -0.03510572016239166,
            0.04186488687992096,
            0.0
          ],
          [
            0.04371901974081993,
            0.9729436039924622,
            -0.22686870396137238,
            0.0
          ],
          [
            -0.03276778757572174,
            0.2283601313829422,
            0.9730251431465149,
            0.0
          ],
          [
            0.0,
            0.0,
            0.0,
            1.0
          ]
        ],
        "rotation_mode": "QUATERNION"
      },
      "armature_space": {
        "head": {
          "x": 0.0013652992201969028,
          "y": 3.8951635360717773e-05,
          "z": 0.00018802005797624588
        },
        "tail": {
          "x": -0.004491323605179787,
          "y": -0.08790748566389084,
          "z": 0.48016664385795593
        }
      },
      "world_space": {
        "head": {
          "x": 0.0013652992201969028,
          "y": 0.06328295171260834,
          "z": 0.9500420093536377
        },
        "tail": {
          "x": -0.004491323605179787,
          "y": -0.02466348558664322,
          "z": 1.4300206899642944
        },
        "rotation_quaternion": {
          "w": 0.640099048614502,
          "x": 0.7677870392799377,
          "y": 0.012811415828764439,
          "z": 0.02474159188568592
        },
        "matrix": [
          [
            0.9984474778175354,
            -0.012001246213912964,
            0.05439358204603195,
            0.0013652992201969028
          ],
          [
            0.051346924155950546,
            -0.1802176535129547,
            -0.9822856783866882,
            0.06328295171260834
          ],
          [
            0.021591532975435257,
            0.9835602641105652,
            -0.17932376265525818,
            0.9500420093536377
          ],
          [
            0.0,
            0.0,
            0.0,
            1.0
          ]
        ]
      },
      "bone_length_armature_space": 0.4880044599691613,
      "parent": "Root",
      "has_children": true,
      "is_end_bone": false
    },
    "neck_01": {
      "name": "neck_01",
      "local": {
        "location": {
          "x": 0.0,
          "y": 0.0,
          "z": 0.0
        },
        "rotation_quaternion": {
          "w": 0.9890453815460205,
          "x": -0.14462414383888245,
          "y": -0.016969315707683563,
          "z": -0.024190930649638176
        },
        "scale": {
          "x": 1.0,
          "y": 1.0,
          "z": 1.0
        },
        "matrix_basis": [
          [
            0.9982537031173706,
            0.052760202437639236,
            -0.026569660753011703,
            0.0
          ],
          [
            -0.04294351115822792,
            0.9569973349571228,
            0.28690069913864136,
            0.0
          ],
          [
            0.04056403040885925,
            -0.2852586805820465,
            0.9575917720794678,
            0.0
          ],
          [
            0.0,
            0.0,
            0.0,
            1.0
          ]
        ],
        "rotation_mode": "QUATERNION"
      },
      "armature_space": {
        "head": {
          "x": -0.0034836428239941597,
          "y": -0.13516885042190552,
          "z": 0.5459623336791992
        },
        "tail": {
          "x": 0.0013018250465393066,
          "y": -0.1632942259311676,
          "z": 0.6444347500801086
        }
      },
      "world_space": {
        "head": {
          "x": -0.0034836428239941597,
          "y": -0.0719248503446579,
          "z": 1.4958163499832153
        },
        "tail": {
          "x": 0.0013018250465393066,
          "y": -0.10005022585391998,
          "z": 1.5942888259887695
        },
        "rotation_quaternion": {
          "w": 0.6017583608627319,
          "x": 0.7982218861579895,
          "y": 0.02680088020861149,
          "z": -0.003233543364331126
        },
        "matrix": [
          [
            0.9985425472259521,
            0.04667777568101883,
            0.02709338441491127,
            -0.0034836428239941597
          ],
          [
            0.038894712924957275,
            -0.2743367552757263,
            -0.9608469009399414,
            -0.0719248503446579
          ],
          [
            -0.0374177023768425,
            0.9605066180229187,
            -0.2757553458213806,
            1.4958163499832153
          ],
          [
            0.0,
            0.0,
            0.0,
            1.0
          ]
        ]
      },
      "bone_length_armature_space": 0.10252197073861925,
      "parent": "spine_01",
      "has_children": true,
      "is_end_bone": false
    },
    "head": {
      "name": "head",
      "local": {
        "location": {
          "x": 0.0,
          "y": 0.0,
          "z": 0.0
        },
        "rotation_quaternion": {
          "w": 0.9797482490539551,
          "x": -0.02209049090743065,
          "y": -0.0952494814991951,
          "z": 0.17473657429218292
        },
        "scale": {
          "x": 1.0,
          "y": 1.0,
          "z": 1.0
        },
        "matrix_basis": [
          [
            0.920789361000061,
            -0.33818748593330383,
            -0.19436106085777283,
            0.0
          ],
          [
            0.3466039299964905,
            0.937958300113678,
            0.009999102912843227,
            0.0
          ],
          [
            0.17892099916934967,
            -0.07657337933778763,
            0.9808790683746338,
            0.0
          ],
          [
            0.0,
            0.0,
            0.0,
            1.0
          ]
        ],
        "rotation_mode": "QUATERNION"
      },
      "armature_space": {
        "head": {
          "x": 0.0013018264435231686,
          "y": -0.16329434514045715,
          "z": 0.6444346308708191
        },
        "tail": {
          "x": -0.04672885313630104,
          "y": -0.14004595577716827,
          "z": 0.7900569438934326
        }
      },
      "world_space": {
        "head": {
          "x": 0.0013018264435231686,
          "y": -0.10005034506320953,
          "z": 1.5942885875701904
        },
        "tail": {
          "x": -0.04672885313630104,
          "y": -0.07680195569992065,
          "z": 1.7399109601974487
        },
        "rotation_quaternion": {
          "w": 0.7405241131782532,
          "x": 0.6485753059387207,
          "y": -0.16301791369915009,
          "z": 0.0663290023803711
        },
        "matrix": [
          [
            0.9380516409873962,
            -0.3096950948238373,
            -0.15539702773094177,
            0.0013018264435231686
          ],
          [
            -0.11322025954723358,
            0.14990234375,
            -0.9821968674659729,
            -0.10005034506320953
          ],
          [
            0.3274781405925751,
            0.9389521479606628,
            0.10555208474397659,
            1.5942885875701904
          ],
          [
            0.0,
            0.0,
            0.0,
            1.0
          ]
        ]
      },
      "bone_length_armature_space": 0.15509123466015853,
      "parent": "neck_01",
      "has_children": false,
      "is_end_bone": true
    },
    "upperarm_l": {
      "name": "upperarm_l",
      "local": {
        "location": {
          "x": 0.0,
          "y": 0.0,
          "z": 0.0
        },
        "rotation_quaternion": {
          "w": 0.8796427249908447,
          "x": 0.3471376299858093,
          "y": -0.024905651807785034,
          "z": -0.32419732213020325
        },
        "scale": {
          "x": 1.0,
          "y": 1.0,
          "z": 1.0
        },
        "matrix_basis": [
          [
            0.7885516285896301,
            0.553064227104187,
            -0.2688983380794525,
            0.0
          ],
          [
            -0.587647020816803,
            0.5487831234931946,
            -0.5945655107498169,
            0.0
          ],
          [
            -0.18126602470874786,
            0.6268628835678101,
            0.7577503323554993,
            0.0
          ],
          [
            0.0,
            0.0,
            0.0,
            1.0
          ]
        ],
        "rotation_mode": "QUATERNION"
      },
      "armature_space": {
        "head": {
          "x": 0.1472635418176651,
          "y": -0.1184874176979065,
          "z": 0.48252636194229126
        },
        "tail": {
          "x": 0.3075217604637146,
          "y": -0.23845185339450836,
          "z": 0.3043861389160156
        }
      },
      "world_space": {
        "head": {
          "x": 0.1472635418176651,
          "y": -0.055243417620658875,
          "z": 1.4323804378509521
        },
        "tail": {
          "x": 0.3075217604637146,
          "y": -0.17520785331726074,
          "z": 1.2542401552200317
        },
        "rotation_quaternion": {
          "w": 0.10765031725168228,
          "x": 0.4273814558982849,
          "y": 0.5143662691116333,
          "z": -0.735651969909668
        },
        "matrix": [
          [
            -0.6115142703056335,
            0.5980466604232788,
            -0.5180643200874329,
            0.1472635418176651
          ],
          [
            0.2812724709510803,
            -0.4476795494556427,
            -0.8488045334815979,
            -0.055243417620658875
          ],
          [
            -0.7395561933517456,
            -0.6647782325744629,
            0.10554832220077515,
            1.4323804378509521
          ],
          [
            0.0,
            0.0,
            0.0,
            1.0
          ]
        ]
      },
      "bone_length_armature_space": 0.267970335444106,
      "parent": "spine_01",
      "has_children": true,
      "is_end_bone": false
    },
    "lowerarm_l": {
      "name": "lowerarm_l",
      "local": {
        "location": {
          "x": 0.0,
          "y": 0.0,
          "z": 0.0
        },
        "rotation_quaternion": {
          "w": 0.986701250076294,
          "x": 0.08353134989738464,
          "y": -0.07166706770658493,
          "z": 0.11961164325475693
        },
        "scale": {
          "x": 1.0,
          "y": 1.0,
          "z": 1.0
        },
        "matrix_basis": [
          [
            0.9611137509346008,
            -0.24801480770111084,
            -0.12144532799720764,
            0.0
          ],
          [
            0.2240690290927887,
            0.9574311375617981,
            -0.18198540806770325,
            0.0
          ],
          [
            0.1614106148481369,
            0.14769653975963593,
            0.9757726788520813,
            0.0
          ],
          [
            0.0,
            0.0,
            0.0,
            1.0
          ]
        ],
        "rotation_mode": "QUATERNION"
      },
      "armature_space": {
        "head": {
          "x": 0.30752187967300415,
          "y": -0.2384519726037979,
          "z": 0.3043861389160156
        },
        "tail": {
          "x": 0.4782167673110962,
          "y": -0.4232982397079468,
          "z": 0.213476300239563
        }
      },
      "world_space": {
        "head": {
          "x": 0.30752187967300415,
          "y": -0.1752079725265503,
          "z": 1.2542401552200317
        },
        "tail": {
          "x": 0.4782167673110962,
          "y": -0.36005425453186035,
          "z": 1.163330316543579
        },
        "rotation_quaternion": {
          "w": 0.23222245275974274,
          "x": 0.3994796574115753,
          "y": 0.31717103719711304,
          "z": -0.828185498714447
        },
        "matrix": [
          [
            -0.5729778409004211,
            0.638053297996521,
            -0.5143776535987854,
            0.30752187967300415
          ],
          [
            -0.13124129176139832,
            -0.6909509301185608,
            -0.7108887434005737,
            -0.1752079725265503
          ],
          [
            -0.8090001344680786,
            -0.3398187756538391,
            0.4796411395072937,
            1.2542401552200317
          ],
          [
            0.0,
            0.0,
            0.0,
            1.0
          ]
        ]
      },
      "bone_length_armature_space": 0.26752474001703924,
      "parent": "upperarm_l",
      "has_children": true,
      "is_end_bone": false
    },
    "metacarpal_thumb_l": {
      "name": "metacarpal_thumb_l",
      "local": {
        "location": {
          "x": 0.0,
          "y": 0.0,
          "z": 0.0
        },
        "rotation_quaternion": {
          "w": 0.9997811913490295,
          "x": -0.02015434205532074,
          "y": 0.005496357101947069,
          "z": -0.0011232959805056453
        },
        "scale": {
          "x": 1.0,
          "y": 1.0,
          "z": 1.0
        },
        "matrix_basis": [
          [
            0.9999370574951172,
            0.002024549525231123,
            0.011035587638616562,
            0.0
          ],
          [
            -0.0024676513858139515,
            0.9991850852966309,
            0.04028751701116562,
            0.0
          ],
          [
            -0.010945030488073826,
            -0.04031221196055412,
            0.999127209186554,
            0.0
          ],
          [
            0.0,
            0.0,
            0.0,
            1.0
          ]
        ],
        "rotation_mode": "QUATERNION"
      },
      "armature_space": {
        "head": {
          "x": 0.4782167673110962,
          "y": -0.4232982397079468,
          "z": 0.213476300239563
        },
        "tail": {
          "x": 0.4843428134918213,
          "y": -0.47218018770217896,
          "z": 0.20831778645515442
        }
      },
      "world_space": {
        "head": {
          "x": 0.4782167673110962,
          "y": -0.36005425453186035,
          "z": 1.163330316543579
        },
        "tail": {
          "x": 0.4843428134918213,
          "y": -0.40893620252609253,
          "z": 1.1581717729568481
        },
        "rotation_quaternion": {
          "w": 0.02789260633289814,
          "x": -0.9366872906684875,
          "y": -0.07616042345762253,
          "z": 0.34064429998397827
        },
        "matrix": [
          [
            0.7563220858573914,
            0.12367450445890427,
            -0.6424028873443604,
            0.4782167673110962
          ],
          [
            0.1616799384355545,
            -0.9868431687355042,
            0.0003652013838291168,
            -0.36005425453186035
          ],
          [
            -0.6339100003242493,
            -0.10414141416549683,
            -0.7663722038269043,
            1.163330316543579
          ],
          [
            0.0,
            0.0,
            0.0,
            1.0
          ]
        ]
      },
      "bone_length_armature_space": 0.04953365972203354,
      "parent": "lowerarm_l",
      "has_children": true,
      "is_end_bone": false
    },
    "thumb_01_l": {
      "name": "thumb_01_l",
      "local": {
        "location": {
          "x": 0.0,
          "y": 0.0,
          "z": 0.0
        },
        "rotation_quaternion": {
          "w": 0.9608540534973145,
          "x": 0.2766391634941101,
          "y": 0.015149177983403206,
          "z": -0.0009430384961888194
        },
        "scale": {
          "x": 1.0,
          "y": 1.0,
          "z": 1.0
        },
        "matrix_basis": [
          [
            0.9995391964912415,
            0.010193957015872002,
            0.02859053574502468,
            0.0
          ],
          [
            0.006569467019289732,
            0.846939742565155,
            -0.5316482782363892,
            0.0
          ],
          [
            -0.029634060338139534,
            0.5315911769866943,
            0.8464825749397278,
            0.0
          ],
          [
            0.0,
            0.0,
            0.0,
            1.0
          ]
        ],
        "rotation_mode": "QUATERNION"
      },
      "armature_space": {
        "head": {
          "x": 0.4843428134918213,
          "y": -0.47218018770217896,
          "z": 0.20831778645515442
        },
        "tail": {
          "x": 0.48325979709625244,
          "y": -0.49036094546318054,
          "z": 0.17956149578094482
        }
      },
      "world_space": {
        "head": {
          "x": 0.4843428134918213,
          "y": -0.40893620252609253,
          "z": 1.1581717729568481
        },
        "tail": {
          "x": 0.48325979709625244,
          "y": -0.42711693048477173,
          "z": 1.129415512084961
        },
        "rotation_quaternion": {
          "w": 0.4097515344619751,
          "x": -0.7604470252990723,
          "y": 0.2550351023674011,
          "z": -0.4344896078109741
        },
        "matrix": [
          [
            0.4923523962497711,
            -0.031817466020584106,
            0.8698142766952515,
            0.4843428134918213
          ],
          [
            -0.7439464926719666,
            -0.5341222286224365,
            0.40156805515289307,
            -0.40893620252609253
          ],
          [
            0.45181259512901306,
            -0.844814658164978,
            -0.286648690700531,
            1.1581717729568481
          ],
          [
            0.0,
            0.0,
            0.0,
            1.0
          ]
        ]
      },
      "bone_length_armature_space": 0.03403875868769329,
      "parent": "metacarpal_thumb_l",
      "has_children": true,
      "is_end_bone": false
    },
    "thumb_02_l": {
      "name": "thumb_02_l",
      "local": {
        "location": {
          "x": 0.0,
          "y": 0.0,
          "z": 0.0
        },
        "rotation_quaternion": {
          "w": 0.9049072265625,
          "x": 0.4255439043045044,
          "y": 0.007413245737552643,
          "z": 0.0005750268464908004
        },
        "scale": {
          "x": 1.0,
          "y": 1.0,
          "z": 1.0
        },
        "matrix_basis": [
          [
            0.9998894333839417,
            0.005268631037324667,
            0.013905997388064861,
            0.0
          ],
          [
            0.007350014988332987,
            0.6378241181373596,
            -0.7701469659805298,
            0.0
          ],
          [
            -0.012927200645208359,
            0.7701640129089355,
            0.6377148628234863,
            0.0
          ],
          [
            0.0,
            0.0,
            0.0,
            1.0
          ]
        ],
        "rotation_mode": "QUATERNION"
      },
      "armature_space": {
        "head": {
          "x": 0.48325973749160767,
          "y": -0.49036094546318054,
          "z": 0.17956151068210602
        },
        "tail": {
          "x": 0.5204557180404663,
          "y": -0.4897925555706024,
          "z": 0.19470474123954773
        }
      },
      "world_space": {
        "head": {
          "x": 0.48325973749160767,
          "y": -0.42711693048477173,
          "z": 1.129415512084961
        },
        "tail": {
          "x": 0.5204557180404663,
          "y": -0.4265485405921936,
          "z": 1.1445587873458862
        },
        "rotation_quaternion": {
          "w": 0.6107646822929382,
          "x": -0.10726482421159744,
          "y": -0.36611583828926086,
          "z": -0.6938443779945374
        },
        "matrix": [
          [
            -0.23091982305049896,
            0.9260934591293335,
            -0.29837384819984436,
            0.48325973749160767
          ],
          [
            -0.7690097689628601,
            0.014151275157928467,
            0.639080286026001,
            -0.42711693048477173
          ],
          [
            0.5960740447044373,
            0.3770310878753662,
            0.7089126706123352,
            1.129415512084961
          ],
          [
            0.0,
            0.0,
            0.0,
            1.0
          ]
        ]
      },
      "bone_length_armature_space": 0.04016442977422317,
      "parent": "thumb_01_l",
      "has_children": true,
      "is_end_bone": false
    },
    "thumb_03_l": {
      "name": "thumb_03_l",
      "local": {
        "location": {
          "x": 0.0,
          "y": 0.0,
          "z": 0.0
        },
        "rotation_quaternion": {
          "w": 0.9920153617858887,
          "x": 0.1260395348072052,
          "y": 0.004309312906116247,
          "z": 0.0009570943657308817
        },
        "scale": {
          "x": 1.0,
          "y": 1.0,
          "z": 1.0
        },
        "matrix_basis": [
          [
            0.9999610185623169,
            -0.0008126170141622424,
            0.00879107229411602,
            0.0
          ],
          [
            0.0029851922299712896,
            0.9682262539863586,
            -0.25005805492401123,
            0.0
          ],
          [
            -0.00830854568630457,
            0.250074565410614,
            0.9681909084320068,
            0.0
          ],
          [
            0.0,
            0.0,
            0.0,
            1.0
          ]
        ],
        "rotation_mode": "QUATERNION"
      },
      "armature_space": {
        "head": {
          "x": 0.5204557180404663,
          "y": -0.4897926449775696,
          "z": 0.19470471143722534
        },
        "tail": {
          "x": 0.5409970879554749,
          "y": -0.47851309180259705,
          "z": 0.21413975954055786
        }
      },
      "world_space": {
        "head": {
          "x": 0.5204557180404663,
          "y": -0.42654865980148315,
          "z": 1.1445586681365967
        },
        "tail": {
          "x": 0.5409970879554749,
          "y": -0.41526907682418823,
          "z": 1.1639938354492188
        },
        "rotation_quaternion": {
          "w": 0.735019862651825,
          "x": 0.15490640699863434,
          "y": -0.38077816367149353,
          "z": -0.5392195582389832
        },
        "matrix": [
          [
            0.1284981220960617,
            0.6747058629989624,
            -0.7268151044845581,
            0.5204557180404663
          ],
          [
            -0.9106440544128418,
            0.37049126625061035,
            0.18293020129203796,
            -0.42654865980148315
          ],
          [
            0.39270472526550293,
            0.6383683681488037,
            0.6620293259620667,
            1.1445586681365967
          ],
          [
            0.0,
            0.0,
            0.0,
            1.0
          ]
        ]
      },
      "bone_length_armature_space": 0.030444988226154757,
      "parent": "thumb_02_l",
      "has_children": false,
      "is_end_bone": true
    },
    "metacarpal_index_l": {
      "name": "metacarpal_index_l",
      "local": {
        "location": {
          "x": 0.0,
          "y": 0.0,
          "z": 0.0
        },
        "rotation_quaternion": {
          "w": 0.9987706542015076,
          "x": -0.04634078964591026,
          "y": -0.006602930836379528,
          "z": -0.01631939597427845
        },
        "scale": {
          "x": 1.0,
          "y": 1.0,
          "z": 1.0
        },
        "matrix_basis": [
          [
            0.9993801712989807,
            0.033210638910532,
            -0.011677119880914688,
            0.0
          ],
          [
            -0.031986698508262634,
            0.9951724410057068,
            0.09278315305709839,
            0.0
          ],
          [
            0.014702134765684605,
            -0.09235212951898575,
            0.9956178665161133,
            0.0
          ],
          [
            0.0,
            0.0,
            0.0,
            1.0
          ]
        ],
        "rotation_mode": "QUATERNION"
      },
      "armature_space": {
        "head": {
          "x": 0.4782167673110962,
          "y": -0.4232982397079468,
          "z": 0.213476300239563
        },
        "tail": {
          "x": 0.5376564860343933,
          "y": -0.5210016369819641,
          "z": 0.18797728419303894
        }
      },
      "world_space": {
        "head": {
          "x": 0.4782167673110962,
          "y": -0.36005425453186035,
          "z": 1.163330316543579
        },
        "tail": {
          "x": 0.5376564860343933,
          "y": -0.4577576518058777,
          "z": 1.1378313302993774
        },
        "rotation_quaternion": {
          "w": 0.06833949685096741,
          "x": 0.7654033899307251,
          "y": 0.2800096571445465,
          "z": -0.5753973126411438
        },
        "matrix": [
          [
            0.1810244619846344,
            0.5072870850563049,
            -0.8425496816635132,
            0.4782167673110962
          ],
          [
            0.34999606013298035,
            -0.83384770154953,
            -0.42685019969940186,
            -0.36005425453186035
          ],
          [
            -0.9190995097160339,
            -0.217620849609375,
            -0.32849788665771484,
            1.163330316543579
          ],
          [
            0.0,
            0.0,
            0.0,
            1.0
          ]
        ]
      },
      "bone_length_armature_space": 0.11717181398790986,
      "parent": "lowerarm_l",
      "has_children": true,
      "is_end_bone": false
    },
    "index_01_l": {
      "name": "index_01_l",
      "local": {
        "location": {
          "x": 0.0,
          "y": 0.0,
          "z": 0.0
        },
        "rotation_quaternion": {
          "w": 0.9484701156616211,
          "x": 0.3166922330856323,
          "y": -0.0016206006985157728,
          "z": -0.010386032052338123
        },
        "scale": {
          "x": 1.0,
          "y": 1.0,
          "z": 1.0
        },
        "matrix_basis": [
          [
            0.9997789859771729,
            0.018675219267606735,
            -0.009652533568441868,
            0.0
          ],
          [
            -0.02072814479470253,
            0.7991963028907776,
            -0.6007125973701477,
            0.0
          ],
          [
            -0.0035041687078773975,
            0.6007798910140991,
            0.7994068264961243,
            0.0
          ],
          [
            0.0,
            0.0,
            0.0,
            1.0
          ]
        ],
        "rotation_mode": "QUATERNION"
      },
      "armature_space": {
        "head": {
          "x": 0.5376564860343933,
          "y": -0.5210016369819641,
          "z": 0.18797728419303894
        },
        "tail": {
          "x": 0.5393005609512329,
          "y": -0.5429329872131348,
          "z": 0.16982828080654144
        }
      },
      "world_space": {
        "head": {
          "x": 0.5376564860343933,
          "y": -0.4577576518058777,
          "z": 1.1378313302993774
        },
        "tail": {
          "x": 0.5393005609512329,
          "y": -0.47968900203704834,
          "z": 1.1196823120117188
        },
        "rotation_quaternion": {
          "w": 0.21913905441761017,
          "x": -0.6689900755882263,
          "y": -0.25963616371154785,
          "z": 0.6610745191574097
        },
        "matrix": [
          [
            -0.00885983556509018,
            0.05765679478645325,
            -0.9982972145080566,
            0.5376564860343933
          ],
          [
            0.6371224522590637,
            -0.7691343426704407,
            -0.05007609724998474,
            -0.4577576518058777
          ],
          [
            -0.7707164883613586,
            -0.6364860534667969,
            -0.029920309782028198,
            1.1378313302993774
          ],
          [
            0.0,
            0.0,
            0.0,
            1.0
          ]
        ]
      },
      "bone_length_armature_space": 0.028514442703901563,
      "parent": "metacarpal_index_l",
      "has_children": true,
      "is_end_bone": false
    },
    "index_02_l": {
      "name": "index_02_l",
      "local": {
        "location": {
          "x": 0.0,
          "y": 0.0,
          "z": 0.0
        },
        "rotation_quaternion": {
          "w": 0.8921335935592651,
          "x": 0.4516166150569916,
          "y": 0.010822983458638191,
          "z": 0.004813332110643387
        },
        "scale": {
          "x": 1.0,
          "y": 1.0,
          "z": 1.0
        },
        "matrix_basis": [
          [
            0.9997193813323975,
            0.0011874077608808875,
            0.02365865558385849,
            0.0
          ],
          [
            0.01836394891142845,
            0.5920385122299194,
            -0.8057005405426025,
            0.0
          ],
          [
            -0.01496353279799223,
            0.8059089183807373,
            0.5918505787849426,
            0.0
          ],
          [
            0.0,
            0.0,
            0.0,
            1.0
          ]
        ],
        "rotation_mode": "QUATERNION"
      },
      "armature_space": {
        "head": {
          "x": 0.539300262928009,
          "y": -0.542933464050293,
          "z": 0.16982820630073547
        },
        "tail": {
          "x": 0.5201661586761475,
          "y": -0.5567226409912109,
          "z": 0.159736767411232
        }
      },
      "world_space": {
        "head": {
          "x": 0.539300262928009,
          "y": -0.47968947887420654,
          "z": 1.1196821928024292
        },
        "tail": {
          "x": 0.5201661586761475,
          "y": -0.4934786558151245,
          "z": 1.109590768814087
        },
        "rotation_quaternion": {
          "w": 0.4779726266860962,
          "x": -0.4915957450866699,
          "y": 0.05272803083062172,
          "z": 0.7260135412216187
        },
        "matrix": [
          [
            -0.059749919921159744,
            -0.745873212814331,
            -0.6634029150009155,
            0.539300262928009
          ],
          [
            0.6421871781349182,
            -0.5375217199325562,
            0.5465037822723389,
            -0.47968947887420654
          ],
          [
            -0.7642203569412231,
            -0.3933783173561096,
            0.5111109018325806,
            1.1196821928024292
          ],
          [
            0.0,
            0.0,
            0.0,
            1.0
          ]
        ]
      },
      "bone_length_armature_space": 0.025653313273319593,
      "parent": "index_01_l",
      "has_children": true,
      "is_end_bone": false
    },
    "index_03_l": {
      "name": "index_03_l",
      "local": {
        "location": {
          "x": 0.0,
          "y": 0.0,
          "z": 0.0
        },
        "rotation_quaternion": {
          "w": 0.9240331053733826,
          "x": 0.38218194246292114,
          "y": -0.00636903615668416,
          "z": -0.007696785498410463
        },
        "scale": {
          "x": 1.0,
          "y": 1.0,
          "z": 1.0
        },
        "matrix_basis": [
          [
            0.9998003840446472,
            0.009355908259749413,
            -0.01765354536473751,
            0.0
          ],
          [
            -0.019092431291937828,
            0.707755446434021,
            -0.7061994671821594,
            0.0
          ],
          [
            0.005887255538254976,
            0.7063955664634705,
            0.7077928185462952,
            0.0
          ],
          [
            0.0,
            0.0,
            0.0,
            1.0
          ]
        ],
        "rotation_mode": "QUATERNION"
      },
      "armature_space": {
        "head": {
          "x": 0.520166277885437,
          "y": -0.5567227005958557,
          "z": 0.1597367227077484
        },
        "tail": {
          "x": 0.4913285970687866,
          "y": -0.5522340536117554,
          "z": 0.16114076972007751
        }
      },
      "world_space": {
        "head": {
          "x": 0.520166277885437,
          "y": -0.4934787154197693,
          "z": 1.109590768814087
        },
        "tail": {
          "x": 0.4913285970687866,
          "y": -0.48899006843566895,
          "z": 1.110994815826416
        },
        "rotation_quaternion": {
          "w": 0.6845251321792603,
          "x": -0.25295189023017883,
          "y": 0.3289957046508789,
          "z": 0.5993350744247437
        },
        "matrix": [
          [
            0.06511738151311874,
            -0.9869606494903564,
            0.14720290899276733,
            0.520166277885437
          ],
          [
            0.6540794372558594,
            0.15362241864204407,
            0.7406622171401978,
            -0.4934787154197693
          ],
          [
            -0.7536223530769348,
            0.048052817583084106,
            0.6555590629577637,
            1.109590768814087
          ],
          [
            0.0,
            0.0,
            0.0,
            1.0
          ]
        ]
      },
      "bone_length_armature_space": 0.02921867831287588,
      "parent": "index_02_l",
      "has_children": false,
      "is_end_bone": true
    },
    "metacarpal_pinky_l": {
      "name": "metacarpal_pinky_l",
      "local": {
        "location": {
          "x": 0.0,
          "y": 0.0,
          "z": 0.0
        },
        "rotation_quaternion": {
          "w": 0.9981668591499329,
          "x": -0.055910624563694,
          "y": -0.011321594007313251,
          "z": -0.020219655707478523
        },
        "scale": {
          "x": 1.0,
          "y": 1.0,
          "z": 1.0
        },
        "matrix_basis": [
          [
            0.9989259839057922,
            0.04163117706775665,
            -0.0203406922519207,
            0.0
          ],
          [
            -0.03909918665885925,
            0.9929303526878357,
            0.1120740994811058,
            0.0
          ],
          [
            0.02486266754567623,
            -0.11115843057632446,
            0.9934916496276855,
            0.0
          ],
          [
            0.0,
            0.0,
            0.0,
            1.0
          ]
        ],
        "rotation_mode": "QUATERNION"
      },
      "armature_space": {
        "head": {
          "x": 0.4782167673110962,
          "y": -0.4232982397079468,
          "z": 0.213476300239563
        },
        "tail": {
          "x": 0.5494843125343323,
          "y": -0.47165003418922424,
          "z": 0.1549416333436966
        }
      },
      "world_space": {
        "head": {
          "x": 0.4782167673110962,
          "y": -0.36005425453186035,
          "z": 1.163330316543579
        },
        "tail": {
          "x": 0.5494843125343323,
          "y": -0.40840601921081543,
          "z": 1.1047956943511963
        },
        "rotation_quaternion": {
          "w": 0.47128674387931824,
          "x": -0.22137095034122467,
          "y": 0.21382245421409607,
          "z": -0.8265371918678284
        },
        "matrix": [
          [
            -0.45776602625846863,
            0.6844043731689453,
            0.5674864053726196,
            0.4782167673110962
          ],
          [
            -0.8737409114837646,
            -0.46433737874031067,
            -0.14480392634868622,
            -0.36005425453186035
          ],
          [
            0.1644011288881302,
            -0.5621265769004822,
            0.8105552196502686,
            1.163330316543579
          ],
          [
            0.0,
            0.0,
            0.0,
            1.0
          ]
        ]
      },
      "bone_length_armature_space": 0.10413100531220014,
      "parent": "lowerarm_l",
      "has_children": true,
      "is_end_bone": false
    },
    "pinky_01_l": {
      "name": "pinky_01_l",
      "local": {
        "location": {
          "x": 0.0,
          "y": 0.0,
          "z": 0.0
        },
        "rotation_quaternion": {
          "w": 0.9259318709373474,
          "x": 0.3774985074996948,
          "y": -0.00698057422414422,
          "z": 0.009816169738769531
        },
        "scale": {
          "x": 1.0,
          "y": 1.0,
          "z": 1.0
        },
        "matrix_basis": [
          [
            0.9997098445892334,
            -0.023448521271348,
            -0.005515893455594778,
            0.0
          ],
          [
            0.012907896190881729,
            0.7147970199584961,
            -0.6992128491401672,
            0.0
          ],
          [
            0.02033825032413006,
            0.6989387273788452,
            0.7148922681808472,
            0.0
          ],
          [
            0.0,
            0.0,
            0.0,
            1.0
          ]
        ],
        "rotation_mode": "QUATERNION"
      },
      "armature_space": {
        "head": {
          "x": 0.5494843125343323,
          "y": -0.47165003418922424,
          "z": 0.1549416333436966
        },
        "tail": {
