{
  "metadata": {
    "armature_name": "KIM_caucasian_male",
    "export_time": "2026-01-13T20:54:46.684729",
    "blender_version": "4.4.1",
    "bone_count": 56,
    "end_bone_count": 13,
    "spaces_included": [
      "LOCAL_CHANNELS",
      "ARMATURE_SPACE",
      "WORLD_SPACE"
    ],
    "note": "LOCAL matches Transform panel; replay pose via local.matrix_basis for best fidelity."
  },
  "bones": {
    "Root": {
      "name": "Root",
      "local": {
        "location": {
          "x": 0.0,
          "y": 0.0,
          "z": 0.0
        },
        "rotation_quaternion": {
          "w": 0.9997447729110718,
          "x": 0.008716762065887451,
          "y": -0.01742538996040821,
          "z": 0.011435246095061302
        },
        "scale": {
          "x": 1.0,
          "y": 1.0,
          "z": 1.0
        },
        "matrix_basis": [
          [
            0.9991312026977539,
            -0.023168440908193588,
            -0.034642528742551804,
            0.0
          ],
          [
            0.02256086841225624,
            0.9995865225791931,
            -0.017827602103352547,
            0.0
          ],
          [
            0.035041242837905884,
            0.01703054830431938,
            0.9992407560348511,
            0.0
          ],
          [
            0.0,
            0.0,
            0.0,
            1.0
          ]
        ],
        "rotation_mode": "QUATERNION"
      },
      "armature_space": {
        "head": {
          "x": 0.0,
          "y": 0.07072800397872925,
          "z": -0.009595036506652832
        },
        "tail": {
          "x": -0.0016536676557734609,
          "y": -0.00013416260480880737,
          "z": -0.001208513043820858
        }
      },
      "world_space": {
        "head": {
          "x": 0.0,
          "y": 0.13397200405597687,
          "z": 0.9402589797973633
        },
        "tail": {
          "x": -0.0016536676557734609,
          "y": 0.06310983747243881,
          "z": 0.9486455321311951
        },
        "rotation_quaternion": {
          "w": 0.05865350365638733,
          "x": 0.9980608224868774,
          "y": -0.012583179399371147,
          "z": -0.01661543734371662
        },
        "matrix": [
          [
            0.9991312026977539,
            -0.023168440908193588,
            -0.034642528742551804,
            0.0
          ],
          [
            -0.027066670358181,
            -0.9928028583526611,
            -0.11666184663772583,
            0.13397200405597687
          ],
          [
            -0.0316905751824379,
            0.11749802529811859,
            -0.9925744533538818,
            0.9402589797973633
          ],
          [
            0.0,
            0.0,
            0.0,
            1.0
          ]
        ]
      },
      "bone_length_armature_space": 0.07137587299731009,
      "parent": null,
      "has_children": true,
      "is_end_bone": false
    },
    "spine_01": {
      "name": "spine_01",
      "local": {
        "location": {
          "x": 0.0,
          "y": 0.0,
          "z": 0.0
        },
        "rotation_quaternion": {
          "w": 0.9938431978225708,
          "x": 0.10088341683149338,
          "y": 0.03768910840153694,
          "z": 0.02603578381240368
        },
        "scale": {
          "x": 1.0,
          "y": 1.0,
          "z": 1.0
        },
        "matrix_basis": [
          [
            0.9958033561706543,
            -0.04414656013250351,
            0.08016728609800339,
            0.0
          ],
          [
            0.05935538560152054,
            0.9782893657684326,
            -0.19856207072734833,
            0.0
          ],
          [
            -0.0696609690785408,
            0.20248712599277496,
            0.9768041372299194,
            0.0
          ],
          [
            0.0,
            0.0,
            0.0,
            1.0
          ]
        ],
        "rotation_mode": "QUATERNION"
      },
      "armature_space": {
        "head": {
          "x": -0.0016536676557734609,
          "y": -0.00013416260480880737,
          "z": -0.001208513043820858
        },
        "tail": {
          "x": -0.010258701629936695,
          "y": -0.08450306951999664,
          "z": 0.4793705344200134
        }
      },
      "world_space": {
        "head": {
          "x": -0.0016536676557734609,
          "y": 0.06310983747243881,
          "z": 0.9486455321311951
        },
        "tail": {
          "x": -0.010258701629936695,
          "y": -0.021259069442749023,
          "z": 1.4292244911193848
        },
        "rotation_quaternion": {
          "w": 0.6430243849754333,
          "x": 0.7654166221618652,
          "y": 0.008731857873499393,
          "z": 0.024105040356516838
        },
        "matrix": [
          [
            0.9986854195594788,
            -0.01763322204351425,
            0.048130229115486145,
            -0.0016536676557734609
          ],
          [
            0.04436713457107544,
            -0.1728866696357727,
            -0.9839420318603516,
            0.06310983747243881
          ],
          [
            0.02567136473953724,
            0.9847906827926636,
            -0.17187920212745667,
            0.9486455321311951
          ],
          [
            0.0,
            0.0,
            0.0,
            1.0
          ]
        ]
      },
      "bone_length_armature_space": 0.488004493430059,
      "parent": "Root",
      "has_children": true,
      "is_end_bone": false
    },
    "neck_01": {
      "name": "neck_01",
      "local": {
        "location": {
          "x": 0.0,
          "y": 0.0,
          "z": 0.0
        },
        "rotation_quaternion": {
          "w": 0.9980896711349487,
          "x": 0.03094184398651123,
          "y": 0.023661170154809952,
          "z": -0.04795661196112633
        },
        "scale": {
          "x": 1.0,
          "y": 1.0,
          "z": 1.0
        },
        "matrix_basis": [
          [
            0.9942806363105774,
            0.09719423949718475,
            0.044264208525419235,
            0.0
          ],
          [
            -0.09426575899124146,
            0.9934855103492737,
            -0.06403488665819168,
            0.0
          ],
          [
            -0.05019967257976532,
            0.05949604883790016,
            0.9969655275344849,
            0.0
          ],
          [
            0.0,
            0.0,
            0.0,
            1.0
          ]
        ],
        "rotation_mode": "QUATERNION"
      },
      "armature_space": {
        "head": {
          "x": -0.009880601428449154,
          "y": -0.13128511607646942,
          "z": 0.5455145835876465
        },
        "tail": {
          "x": 0.0005744723603129387,
          "y": -0.19037102162837982,
          "z": 0.6286425590515137
        }
      },
      "world_space": {
        "head": {
          "x": -0.009880601428449154,
          "y": -0.0680411159992218,
          "z": 1.4953685998916626
        },
        "tail": {
          "x": 0.0005744723603129387,
          "y": -0.1271270215511322,
          "z": 1.5784965753555298
        },
        "rotation_quaternion": {
          "w": 0.4553758203983307,
          "x": 0.8875969648361206,
          "y": 0.06684837490320206,
          "z": 0.01832491345703602
        },
        "matrix": [
          [
            0.9903910160064697,
            0.10197948664426804,
            0.09341287612915039,
            -0.009880601428449154
          ],
          [
            0.13535860180854797,
            -0.5763278603553772,
            -0.8059309124946594,
            -0.0680411159992218
          ],
          [
            -0.02835203893482685,
            0.8108358383178711,
            -0.5845986604690552,
            1.4953685998916626
          ],
          [
            0.0,
            0.0,
            0.0,
            1.0
          ]
        ]
      },
      "bone_length_armature_space": 0.1025217685633729,
      "parent": "spine_01",
      "has_children": true,
      "is_end_bone": false
    },
    "head": {
      "name": "head",
      "local": {
        "location": {
          "x": 0.0,
          "y": 0.0,
          "z": 0.0
        },
        "rotation_quaternion": {
          "w": 0.9988202452659607,
          "x": 0.035284798592329025,
          "y": -0.010637082159519196,
          "z": -0.03162427246570587
        },
        "scale": {
          "x": 1.0,
          "y": 1.0,
          "z": 1.0
        },
        "matrix_basis": [
          [
            0.9977735280990601,
            0.06242327392101288,
            -0.02348077856004238,
            0.0
          ],
          [
            -0.06392458081245422,
            0.9955098032951355,
            -0.0698135644197464,
            0.0
          ],
          [
            0.019017353653907776,
            0.07115912437438965,
            0.9972836971282959,
            0.0
          ],
          [
            0.0,
            0.0,
            0.0,
            1.0
          ]
        ],
        "rotation_mode": "QUATERNION"
      },
      "armature_space": {
        "head": {
          "x": 0.000574478879570961,
          "y": -0.1903710961341858,
          "z": 0.6286423802375793
        },
        "tail": {
          "x": 0.02087186835706234,
          "y": -0.23768188059329987,
          "z": 0.7749398946762085
        }
      },
      "world_space": {
        "head": {
          "x": 0.000574478879570961,
          "y": -0.12712709605693817,
          "z": 1.5784964561462402
        },
        "tail": {
          "x": 0.02087186835706234,
          "y": -0.17443788051605225,
          "z": 1.7247939109802246
        },
        "rotation_quaternion": {
          "w": 0.5839351415634155,
          "x": 0.8077911734580994,
          "y": 0.08057819306850433,
          "z": -0.0005941044655628502
        },
        "matrix": [
          [
            0.9870136380195618,
            0.13087472319602966,
            0.0931457132101059,
            0.000574478879570961
          ],
          [
            0.1294875293970108,
            -0.30505332350730896,
            -0.9434913396835327,
            -0.12712709605693817
          ],
          [
            -0.09506526589393616,
            0.9433061480522156,
            -0.3180416524410248,
            1.5784964561462402
          ],
          [
            0.0,
            0.0,
            0.0,
            1.0
          ]
        ]
      },
      "bone_length_armature_space": 0.15509112459976307,
      "parent": "neck_01",
      "has_children": false,
      "is_end_bone": true
    },
    "upperarm_l": {
      "name": "upperarm_l",
      "local": {
        "location": {
          "x": 0.0,
          "y": 0.0,
          "z": 0.0
        },
        "rotation_quaternion": {
          "w": 0.9588101506233215,
          "x": -0.09412501752376556,
          "y": 0.04696209356188774,
          "z": 0.263852596282959
        },
        "scale": {
          "x": 1.0,
          "y": 1.0,
          "z": 1.0
        },
        "matrix_basis": [
          [
            0.8563527464866638,
            -0.5148097276687622,
            0.040385205298662186,
            0.0
          ],
          [
            0.4971284866333008,
            0.8430445790290833,
            0.2052781879901886,
            0.0
          ],
          [
            -0.1397257298231125,
            -0.15571390092372894,
            0.9778701066970825,
            0.0
          ],
          [
            0.0,
            0.0,
            0.0,
            1.0
          ]
        ],
        "rotation_mode": "QUATERNION"
      },
      "armature_space": {
        "head": {
          "x": 0.1412608027458191,
          "y": -0.11614863574504852,
          "z": 0.4826315641403198
        },
        "tail": {
          "x": 0.3635544776916504,
          "y": -0.08275892585515976,
          "z": 0.6285033822059631
        }
      },
      "world_space": {
        "head": {
          "x": 0.1412608027458191,
          "y": -0.0529046356678009,
          "z": 1.432485580444336
        },
        "tail": {
          "x": 0.3635544776916504,
          "y": -0.01951492577791214,
          "z": 1.578357458114624
        },
        "rotation_quaternion": {
          "w": 0.5860920548439026,
          "x": 0.6287297010421753,
          "y": 0.4677574932575226,
          "z": -0.20590801537036896
        },
        "matrix": [
          [
            0.4776076674461365,
            0.8295485973358154,
            0.2893788814544678,
            0.1412608027458191
          ],
          [
            0.3468269109725952,
            0.12460268288850784,
            -0.92961585521698,
            -0.0529046356678009
          ],
          [
            -0.8072241544723511,
            0.5443599224090576,
            -0.22820107638835907,
            1.432485580444336
          ],
          [
            0.0,
            0.0,
            0.0,
            1.0
          ]
        ]
      },
      "bone_length_armature_space": 0.2679700339470068,
      "parent": "spine_01",
      "has_children": true,
      "is_end_bone": false
    },
    "lowerarm_l": {
      "name": "lowerarm_l",
      "local": {
        "location": {
          "x": 0.0,
          "y": 0.0,
          "z": 0.0
        },
        "rotation_quaternion": {
          "w": 0.9553923606872559,
          "x": -0.000556834158487618,
          "y": -0.11169353872537613,
          "z": 0.27340415120124817
        },
        "scale": {
          "x": 1.0,
          "y": 1.0,
          "z": 1.0
        },
        "matrix_basis": [
          [
            0.8255494236946106,
            -0.5222920775413513,
            -0.21372678875923157,
            0.0
          ],
          [
            0.5225408673286438,
            0.8504997491836548,
            -0.060010965913534164,
            0.0
          ],
          [
            0.2131178230047226,
            -0.06213894486427307,
            0.9750484824180603,
            0.0
          ],
          [
            0.0,
            0.0,
            0.0,
            1.0
          ]
        ],
        "rotation_mode": "QUATERNION"
      },
      "armature_space": {
        "head": {
          "x": 0.3635544776916504,
          "y": -0.08275900036096573,
          "z": 0.6285035610198975
        },
        "tail": {
          "x": 0.4704877734184265,
          "y": -0.09860804677009583,
          "z": 0.8732162117958069
        }
      },
      "world_space": {
        "head": {
          "x": 0.3635544776916504,
          "y": -0.01951500028371811,
          "z": 1.5783575773239136
        },
        "tail": {
          "x": 0.4704877734184265,
          "y": -0.035364046692848206,
          "z": 1.8230702877044678
        },
        "rotation_quaternion": {
          "w": 0.6736698746681213,
          "x": 0.7096832394599915,
          "y": 0.1286361813545227,
          "z": -0.16115613281726837
        },
        "matrix": [
          [
            0.9149629473686218,
            0.39971402287483215,
            -0.055420756340026855,
            0.3635544776916504
          ],
          [
            -0.034547775983810425,
            -0.059243347495794296,
            -0.9976457357406616,
            -0.01951500028371811
          ],
          [
            -0.4020592272281647,
            0.91472989320755,
            -0.04039749503135681,
            1.5783575773239136
          ],
          [
            0.0,
            0.0,
            0.0,
            1.0
          ]
        ]
      },
      "bone_length_armature_space": 0.26752607795895744,
      "parent": "upperarm_l",
      "has_children": true,
      "is_end_bone": false
    },
    "metacarpal_thumb_l": {
      "name": "metacarpal_thumb_l",
      "local": {
        "location": {
          "x": 0.0,
          "y": 0.0,
          "z": 0.0
        },
        "rotation_quaternion": {
          "w": 0.997877836227417,
          "x": -0.06472880393266678,
          "y": 0.005920928902924061,
          "z": 0.0038671153597533703
        },
        "scale": {
          "x": 1.0,
          "y": 1.0,
          "z": 1.0
        },
        "matrix_basis": [
          [
            0.9998999834060669,
            -0.008484326303005219,
            0.011316100135445595,
            0.0
          ],
          [
            0.0069513083435595036,
            0.9915904402732849,
            0.12922866642475128,
            0.0
          ],
          [
            -0.012317354790866375,
            -0.1291370838880539,
            0.9915502667427063,
            0.0
          ],
          [
            0.0,
            0.0,
            0.0,
            1.0
          ]
        ],
        "rotation_mode": "QUATERNION"
      },
      "armature_space": {
        "head": {
          "x": 0.4704877734184265,
          "y": -0.09860804677009583,
          "z": 0.8732162117958069
        },
        "tail": {
          "x": 0.48713600635528564,
          "y": -0.13053317368030548,
          "z": 0.9072341322898865
        }
      },
      "world_space": {
        "head": {
          "x": 0.4704877734184265,
          "y": -0.035364046692848206,
          "z": 1.8230702877044678
        },
        "tail": {
          "x": 0.48713600635528564,
          "y": -0.06728917360305786,
          "z": 1.8570880889892578
        },
        "rotation_quaternion": {
          "w": 0.23356950283050537,
          "x": 0.78307044506073,
          "y": 0.35098153352737427,
          "z": 0.45722872018814087
        },
        "matrix": [
          [
            0.3355073034763336,
            0.33609944581985474,
            0.8800408244132996,
            0.4704877734184265
          ],
          [
            0.7632767558097839,
            -0.6445137858390808,
            -0.044843535870313644,
            -0.035364046692848206
          ],
          [
            0.5521312355995178,
            0.6867640614509583,
            -0.4727794826030731,
            1.8230702877044678
          ],
          [
            0.0,
            0.0,
            0.0,
            1.0
          ]
        ]
      },
      "bone_length_armature_space": 0.04953378949843543,
      "parent": "lowerarm_l",
      "has_children": true,
      "is_end_bone": false
    },
    "thumb_01_l": {
      "name": "thumb_01_l",
      "local": {
        "location": {
          "x": 0.0,
          "y": 0.0,
          "z": 0.0
        },
        "rotation_quaternion": {
          "w": 0.9832679033279419,
          "x": 0.18213744461536407,
          "y": -0.000946023385040462,
          "z": 0.003080998780205846
        },
        "scale": {
          "x": 1.0,
          "y": 1.0,
          "z": 1.0
        },
        "matrix_basis": [
          [
            0.9999791979789734,
            -0.006403507199138403,
            -0.0007380583556368947,
            0.0
          ],
          [
            0.005714281927794218,
            0.9336329102516174,
            -0.35818564891815186,
            0.0
          ],
          [
            0.002982719335705042,
            0.3581739664077759,
            0.9336501359939575,
            0.0
          ],
          [
            0.0,
            0.0,
            0.0,
            1.0
          ]
        ],
        "rotation_mode": "QUATERNION"
      },
      "armature_space": {
        "head": {
          "x": 0.48713600635528564,
          "y": -0.13053317368030548,
          "z": 0.9072341322898865
        },
        "tail": {
          "x": 0.5190457701683044,
          "y": -0.1394156962633133,
          "z": 0.9150758385658264
        }
      },
      "world_space": {
        "head": {
          "x": 0.48713600635528564,
          "y": -0.06728917360305786,
          "z": 1.8570880889892578
        },
        "tail": {
          "x": 0.5190457701683044,
          "y": -0.07617169618606567,
          "z": 1.8649299144744873
        },
        "rotation_quaternion": {
          "w": 0.4801434576511383,
          "x": -0.3232232630252838,
          "y": -0.37280550599098206,
          "z": -0.7252621054649353
        },
        "matrix": [
          [
            -0.32997697591781616,
            0.9374589920043945,
            0.11084097623825073,
            0.48713600635528564
          ],
          [
            -0.45546168088912964,
            -0.26095467805862427,
            0.8511508107185364,
            -0.06728917360305786
          ],
          [
            0.8268486261367798,
            0.23037758469581604,
            0.5130903720855713,
            1.8570880889892578
          ],
          [
            0.0,
            0.0,
            0.0,
            1.0
          ]
        ]
      },
      "bone_length_armature_space": 0.03403857480271836,
      "parent": "metacarpal_thumb_l",
      "has_children": true,
      "is_end_bone": false
    },
    "thumb_02_l": {
      "name": "thumb_02_l",
      "local": {
        "location": {
          "x": 0.0,
          "y": 0.0,
          "z": 0.0
        },
        "rotation_quaternion": {
          "w": 0.9389141798019409,
          "x": 0.34405943751335144,
          "y": -0.0077689653262495995,
          "z": -0.0017038197256624699
        },
        "scale": {
          "x": 1.0,
          "y": 1.0,
          "z": 1.0
        },
        "matrix_basis": [
          [
            0.9998734593391418,
            -0.002146490616723895,
            -0.01576121337711811,
            0.0
          ],
          [
            -0.00854545272886753,
            0.763240396976471,
            -0.6460580825805664,
            0.0
          ],
          [
            0.013416352681815624,
            0.6461110711097717,
            0.763125479221344,
            0.0
          ],
          [
            0.0,
            0.0,
            0.0,
            1.0
          ]
        ],
        "rotation_mode": "QUATERNION"
      },
      "armature_space": {
        "head": {
          "x": 0.5190457701683044,
          "y": -0.13941572606563568,
          "z": 0.9150758385658264
        },
        "tail": {
          "x": 0.5066111087799072,
          "y": -0.12444700300693512,
          "z": 0.9502115249633789
        }
      },
      "world_space": {
        "head": {
          "x": 0.5190457701683044,
          "y": -0.07617172598838806,
          "z": 1.8649299144744873
        },
        "tail": {
          "x": 0.5066111087799072,
          "y": -0.0612030029296875,
          "z": 1.900065541267395
        },
        "rotation_quaternion": {
          "w": 0.360522598028183,
          "x": 0.39798352122306824,
          "y": -0.7458997964859009,
          "z": -0.39403799176216125
        },
        "matrix": [
          [
            -0.42326390743255615,
            -0.3095934987068176,
            -0.8514689207077026,
            0.5190457701683044
          ],
          [
            -0.8778316974639893,
            0.3726862668991089,
            0.30086037516593933,
            -0.07617172598838806
          ],
          [
            0.22418680787086487,
            0.8747962713241577,
            -0.4295181632041931,
            1.8649299144744873
          ],
          [
            0.0,
            0.0,
            0.0,
            1.0
          ]
        ]
      },
      "bone_length_armature_space": 0.04016466074524247,
      "parent": "thumb_01_l",
      "has_children": true,
      "is_end_bone": false
    },
    "thumb_03_l": {
      "name": "thumb_03_l",
      "local": {
        "location": {
          "x": 0.0,
          "y": 0.0,
          "z": 0.0
        },
        "rotation_quaternion": {
          "w": 0.9799937605857849,
          "x": 0.19879880547523499,
          "y": -0.009527930058538914,
          "z": 0.000679515243973583
        },
        "scale": {
          "x": 1.0,
          "y": 1.0,
          "z": 1.0
        },
        "matrix_basis": [
          [
            0.9998174905776978,
            -0.005120123736560345,
            -0.01840445026755333,
            0.0
          ],
          [
            -0.0024564408231526613,
            0.9209571480751038,
            -0.389656126499176,
            0.0
          ],
          [
            0.018944798037409782,
            0.3896302282810211,
            0.9207764863967896,
            0.0
          ],
          [
            0.0,
            0.0,
            0.0,
            1.0
          ]
        ],
        "rotation_mode": "QUATERNION"
      },
      "armature_space": {
        "head": {
          "x": 0.506611168384552,
          "y": -0.12444708496332169,
          "z": 0.9502114653587341
        },
        "tail": {
          "x": 0.48350268602371216,
          "y": -0.10980137437582016,
          "z": 0.9635679125785828
        }
      },
      "world_space": {
        "head": {
          "x": 0.506611168384552,
          "y": -0.061203084886074066,
          "z": 1.9000654220581055
        },
        "tail": {
          "x": 0.48350268602371216,
          "y": -0.04655737429857254,
          "z": 1.913421869277954
        },
        "rotation_quaternion": {
          "w": 0.3817492127418518,
          "x": 0.5083255171775818,
          "y": -0.7712305784225464,
          "z": -0.03280595690011978
        },
        "matrix": [
          [
            -0.19174356758594513,
            -0.7590266466140747,
            -0.6221838593482971,
            0.506611168384552
          ],
          [
            -0.8091194033622742,
            0.4810565710067749,
            -0.3375067710876465,
            -0.061203084886074066
          ],
          [
            0.5554850697517395,
            0.43870997428894043,
            -0.706387996673584,
            1.9000654220581055
          ],
          [
            0.0,
            0.0,
            0.0,
            1.0
          ]
        ]
      },
      "bone_length_armature_space": 0.03044492561148593,
      "parent": "thumb_02_l",
      "has_children": false,
      "is_end_bone": true
    },
    "metacarpal_index_l": {
      "name": "metacarpal_index_l",
      "local": {
        "location": {
          "x": 0.0,
          "y": 0.0,
          "z": 0.0
        },
        "rotation_quaternion": {
          "w": 0.9968065023422241,
          "x": -0.07914867997169495,
          "y": 0.0105661042034626,
          "z": 0.0009282523533329368
        },
        "scale": {
          "x": 1.0,
          "y": 1.0,
          "z": 1.0
        },
        "matrix_basis": [
          [
            0.9997749924659729,
            -0.0035231623332947493,
            0.020917782559990883,
            0.0
          ],
          [
            0.0001779895683284849,
            0.9874692559242249,
            0.15781144797801971,
            0.0
          ],
          [
            -0.021211663261055946,
            -0.1577722281217575,
            0.9872477054595947,
            0.0
          ],
          [
            0.0,
            0.0,
            0.0,
            1.0
          ]
        ],
        "rotation_mode": "QUATERNION"
      },
      "armature_space": {
        "head": {
          "x": 0.4704877734184265,
          "y": -0.09860804677009583,
          "z": 0.8732162117958069
        },
        "tail": {
          "x": 0.5060445070266724,
          "y": -0.13054358959197998,
          "z": 0.9801985025405884
        }
      },
      "world_space": {
        "head": {
          "x": 0.4704877734184265,
          "y": -0.035364046692848206,
          "z": 1.8230702877044678
        },
        "tail": {
          "x": 0.5060445070266724,
          "y": -0.06729958951473236,
          "z": 1.9300525188446045
        },
        "rotation_quaternion": {
          "w": 0.49289828538894653,
          "x": 0.7636188864707947,
          "y": 0.34752583503723145,
          "z": 0.2305717021226883
        },
        "matrix": [
          [
            0.6521239280700684,
            0.3034583628177643,
            0.6947282552719116,
            0.4704877734184265
          ],
          [
            0.7580522894859314,
            -0.27255329489707947,
            -0.5925129652023315,
            -0.035364046692848206
          ],
          [
            0.00954822450876236,
            0.9130384922027588,
            -0.40777939558029175,
            1.8230702877044678
          ],
          [
            0.0,
            0.0,
            0.0,
            1.0
          ]
        ]
      },
      "bone_length_armature_space": 0.11717239669986208,
      "parent": "lowerarm_l",
      "has_children": true,
      "is_end_bone": false
    },
    "index_01_l": {
      "name": "index_01_l",
      "local": {
        "location": {
          "x": 0.0,
          "y": 0.0,
          "z": 0.0
        },
        "rotation_quaternion": {
          "w": 0.9633805155754089,
          "x": 0.2678472101688385,
          "y": -0.004930000752210617,
          "z": -0.011476140469312668
        },
        "scale": {
          "x": 1.0,
          "y": 1.0,
          "z": 1.0
        },
        "matrix_basis": [
          [
            0.9996879696846008,
            0.019470807164907455,
            -0.015646638348698616,
            0.0
          ],
          [
            -0.024752754718065262,
            0.8562523126602173,
            -0.5159643888473511,
            0.0
          ],
          [
            0.0033512290101498365,
            0.5161907076835632,
            0.8564671277999878,
            0.0
          ],
          [
            0.0,
            0.0,
            0.0,
            1.0
          ]
        ],
        "rotation_mode": "QUATERNION"
      },
      "armature_space": {
        "head": {
          "x": 0.5060445070266724,
          "y": -0.13054358959197998,
          "z": 0.9801985025405884
        },
        "tail": {
          "x": 0.5276418328285217,
          "y": -0.13648654520511627,
          "z": 0.9978424906730652
        }
      },
      "world_space": {
        "head": {
          "x": 0.5060445070266724,
          "y": -0.06729958951473236,
          "z": 1.9300525188446045
        },
        "tail": {
          "x": 0.5276418328285217,
          "y": -0.07324254512786865,
          "z": 1.9476964473724365
        },
        "rotation_quaternion": {
          "w": 0.37686610221862793,
          "x": 0.7766017913818359,
          "y": 0.5037473440170288,
          "z": 0.033172473311424255
        },
        "matrix": [
          [
            0.49027466773986816,
            0.7574188709259033,
            0.4312162399291992,
            0.5060445070266724
          ],
          [
            0.8074267506599426,
            -0.2084197700023651,
            -0.5519270300865173,
            -0.06729958951473236
          ],
          [
            -0.32816752791404724,
            0.618775486946106,
            -0.7137488722801208,
            1.9300525188446045
          ],
          [
            0.0,
            0.0,
            0.0,
            1.0
          ]
        ]
      },
      "bone_length_armature_space": 0.02851444384418108,
      "parent": "metacarpal_index_l",
      "has_children": true,
      "is_end_bone": false
    },
    "index_02_l": {
      "name": "index_02_l",
      "local": {
        "location": {
          "x": 0.0,
          "y": 0.0,
          "z": 0.0
        },
        "rotation_quaternion": {
          "w": 0.9253666400909424,
          "x": 0.37892216444015503,
          "y": -0.01068208646029234,
          "z": 0.0007521916995756328
        },
        "scale": {
          "x": 1.0,
          "y": 1.0,
          "z": 1.0
        },
        "matrix_basis": [
          [
            0.9997706413269043,
            -0.009487465023994446,
            -0.01919964887201786,
            0.0
          ],
          [
            -0.00670325243845582,
            0.7128348350524902,
            -0.7012999057769775,
            0.0
          ],
          [
            0.020339736714959145,
            0.7012677788734436,
            0.7126078009605408,
            0.0
          ],
          [
            0.0,
            0.0,
            0.0,
            1.0
          ]
        ],
        "rotation_mode": "QUATERNION"
      },
      "armature_space": {
        "head": {
          "x": 0.5276421308517456,
          "y": -0.1364869922399521,
          "z": 0.99784255027771
        },
        "tail": {
          "x": 0.5490248799324036,
          "y": -0.15065541863441467,
          "z": 0.997490406036377
        }
      },
      "world_space": {
        "head": {
          "x": 0.5276421308517456,
          "y": -0.07324299216270447,
          "z": 1.947696566581726
        },
        "tail": {
          "x": 0.5490248799324036,
          "y": -0.08741141855716705,
          "z": 1.947344422340393
        },
        "rotation_quaternion": {
          "w": 0.09326116740703583,
          "x": 0.8607333898544312,
          "y": 0.4638422131538391,
          "z": -0.1878587305545807
        },
        "matrix": [
          [
            0.4991186261177063,
            0.8335292339324951,
            -0.236874520778656,
            0.5276421308517456
          ],
          [
            0.7634490132331848,
            -0.5523049235343933,
            -0.33482104539871216,
            -0.07324299216270447
          ],
          [
            -0.4099122881889343,
            -0.013727009296417236,
            -0.9120295643806458,
            1.947696566581726
          ],
          [
            0.0,
            0.0,
            0.0,
            1.0
          ]
        ]
      },
      "bone_length_armature_space": 0.02565327033157768,
      "parent": "index_01_l",
      "has_children": true,
      "is_end_bone": false
    },
    "index_03_l": {
      "name": "index_03_l",
      "local": {
        "location": {
          "x": 0.0,
          "y": 0.0,
          "z": 0.0
        },
        "rotation_quaternion": {
          "w": 0.9706040024757385,
          "x": 0.24067848920822144,
          "y": -0.0009451324003748596,
          "z": -0.0009600651683285832
        },
        "scale": {
          "x": 1.0,
          "y": 1.0,
          "z": 1.0
        },
        "matrix_basis": [
          [
            0.9999963641166687,
            0.0014087400631979108,
            -0.00229683262296021,
            0.0
          ],
          [
            -0.002318632323294878,
            0.8841459155082703,
            -0.4672051966190338,
            0.0
          ],
          [
            0.001372564467601478,
            0.4672088325023651,
            0.8841459155082703,
            0.0
          ],
          [
            0.0,
            0.0,
            0.0,
            1.0
          ]
        ],
        "rotation_mode": "QUATERNION"
      },
      "armature_space": {
        "head": {
          "x": 0.5490249395370483,
          "y": -0.15065538883209229,
          "z": 0.9974905252456665
        },
        "tail": {
          "x": 0.567206621170044,
          "y": -0.1668766289949417,
          "z": 0.9813649654388428
        }
      },
      "world_space": {
        "head": {
          "x": 0.5490249395370483,
          "y": -0.08741138875484467,
          "z": 1.9473445415496826
        },
        "tail": {
          "x": 0.567206621170044,
          "y": -0.10363262891769409,
          "z": 1.9312189817428589
        },
        "rotation_quaternion": {
          "w": 0.17601139843463898,
          "x": -0.8304225206375122,
          "y": -0.43753471970558167,
          "z": 0.29661741852760315
        },
        "matrix": [
          [
            0.4411616325378418,
            0.6222625374794006,
            -0.6466574668884277,
            0.5490249395370483
          ],
          [
            0.8310936689376831,
            -0.5551666021347046,
            0.032764628529548645,
            -0.08741138875484467
          ],
          [
            -0.3386160433292389,
            -0.5518920421600342,
            -0.7620818614959717,
            1.9473445415496826
          ],
          [
            0.0,
            0.0,
            0.0,
            1.0
          ]
        ]
      },
      "bone_length_armature_space": 0.029218758807620846,
      "parent": "index_02_l",
      "has_children": false,
      "is_end_bone": true
    },
    "metacarpal_pinky_l": {
      "name": "metacarpal_pinky_l",
      "local": {
        "location": {
          "x": 0.0,
          "y": 0.0,
          "z": 0.0
        },
        "rotation_quaternion": {
          "w": 0.9994103908538818,
          "x": -0.034129973500967026,
          "y": -0.0035804545041173697,
          "z": 0.001107540912926197
        },
        "scale": {
          "x": 1.0,
          "y": 1.0,
          "z": 1.0
        },
        "matrix_basis": [
          [
            0.9999719262123108,
            -0.0019693742506206036,
            -0.007232287432998419,
            0.0
          ],
          [
            0.0024581775069236755,
            0.9976678490638733,
            0.06821177154779434,
            0.0
          ],
          [
            0.007081086281687021,
            -0.06822763383388519,
            0.9976446628570557,
            0.0
          ],
          [
            0.0,
            0.0,
            0.0,
            1.0
          ]
        ],
        "rotation_mode": "QUATERNION"
      },
      "armature_space": {
        "head": {
          "x": 0.4704877734184265,
          "y": -0.09860804677009583,
          "z": 0.8732162117958069
        },
        "tail": {
          "x": 0.5183594226837158,
          "y": -0.07122121751308441,
          "z": 0.9615429043769836
        }
      },
      "world_space": {
        "head": {
          "x": 0.4704877734184265,
          "y": -0.035364046692848206,
          "z": 1.8230702877044678
        },
        "tail": {
          "x": 0.5183594226837158,
          "y": -0.007977217435836792,
          "z": 1.9113969802856445
        },
        "rotation_quaternion": {
          "w": 0.7216699123382568,
          "x": 0.36356282234191895,
          "y": -0.33270886540412903,
          "z": -0.48612719774246216
        },
        "matrix": [
          [
            0.30596816539764404,
            0.45972609519958496,
            -0.8336878418922424,
            0.4704877734184265
          ],
          [
            -0.9435685873031616,
            0.26300424337387085,
            -0.20126481354236603,
            -0.035364046692848206
          ],
          [
            0.12673668563365936,
            0.848228394985199,
            0.514257550239563,
            1.8230702877044678
          ],
          [
            0.0,
            0.0,
            0.0,
            1.0
          ]
        ]
      },
      "bone_length_armature_space": 0.10413134796938785,
      "parent": "lowerarm_l",
      "has_children": true,
      "is_end_bone": false
    },
    "pinky_01_l": {
      "name": "pinky_01_l",
      "local": {
        "location": {
          "x": 0.0,
          "y": 0.0,
          "z": 0.0
        },
        "rotation_quaternion": {
          "w": 0.9449028968811035,
          "x": 0.3267452120780945,
          "y": -0.0002751618158072233,
          "z": 0.019902950152754784
        },
        "scale": {
          "x": 1.0,
          "y": 1.0,
          "z": 1.0
        },
        "matrix_basis": [
          [
            0.999207615852356,
            -0.03779252618551254,
            0.012486385181546211,
            0.0
          ],
          [
            0.037432894110679626,
            0.7856828570365906,
            -0.6174959540367126,
            0.0
          ],
          [
            0.013526389375329018,
            0.6174740195274353,
            0.7864750027656555,
            0.0
          ],
          [
            0.0,
            0.0,
            0.0,
            1.0
          ]
        ],
        "rotation_mode": "QUATERNION"
      },
      "armature_space": {
        "head": {
          "x": 0.5183594226837158,
          "y": -0.07122121751308441,
          "z": 0.9615429043769836
