{
  "metadata": {
    "armature_name": "KIM_caucasian_male",
    "export_time": "2026-01-13T20:25:53.091190",
    "blender_version": "4.4.1",
    "bone_count": 56,
    "end_bone_count": 13,
    "spaces_included": [
      "LOCAL_CHANNELS",
      "ARMATURE_SPACE",
      "WORLD_SPACE"
    ],
    "note": "LOCAL matches Transform panel; replay pose via local.matrix_basis for best fidelity."
  },
  "bones": {
    "Root": {
      "name": "Root",
      "local": {
        "location": {
          "x": 0.0,
          "y": 0.0,
          "z": 0.0
        },
        "rotation_quaternion": {
          "w": 0.99976646900177,
          "x": 0.009472144767642021,
          "y": 0.019094174727797508,
          "z": 0.003573708003386855
        },
        "scale": {
          "x": 1.0,
          "y": 1.0,
          "z": 1.0
        },
        "matrix_basis": [
          [
            0.999245285987854,
            -0.0067840213887393475,
            0.03824713081121445,
            0.0
          ],
          [
            0.007507472299039364,
            0.9997950196266174,
            -0.018803391605615616,
            0.0
          ],
          [
            -0.03811173141002655,
            0.019076339900493622,
            0.999091386795044,
            0.0
          ],
          [
            0.0,
            0.0,
            0.0,
            1.0
          ]
        ],
        "rotation_mode": "QUATERNION"
      },
      "armature_space": {
        "head": {
          "x": 0.0,
          "y": 0.07072800397872925,
          "z": -0.009595036506652832
        },
        "tail": {
          "x": -0.00048421541578136384,
          "y": -0.00016853958368301392,
          "z": -0.0013512074947357178
        }
      },
      "world_space": {
        "head": {
          "x": 0.0,
          "y": 0.13397200405597687,
          "z": 0.9402589797973633
        },
        "tail": {
          "x": -0.00048421541578136384,
          "y": 0.0630754604935646,
          "z": 0.948502779006958
        },
        "rotation_quaternion": {
          "w": 0.0579012967646122,
          "x": 0.9981333017349243,
          "y": -0.0022792548406869173,
          "z": 0.019291549921035767
        },
        "matrix": [
          [
            0.999245285987854,
            -0.0067840213887393475,
            0.03824713081121445,
            0.0
          ],
          [
            -0.002315979916602373,
            -0.9932844638824463,
            -0.11567483097314835,
            0.13397200405597687
          ],
          [
            0.03877529129385948,
            0.11549881845712662,
            -0.9925575256347656,
            0.9402589797973633
          ],
          [
            0.0,
            0.0,
            0.0,
            1.0
          ]
        ]
      },
      "bone_length_armature_space": 0.07137587252275797,
      "parent": null,
      "has_children": true,
      "is_end_bone": false
    },
    "spine_01": {
      "name": "spine_01",
      "local": {
        "location": {
          "x": 0.0,
          "y": 0.0,
          "z": 0.0
        },
        "rotation_quaternion": {
          "w": 0.9975282549858093,
          "x": -0.040276847779750824,
          "y": 0.018694093450903893,
          "z": 0.05445973575115204
        },
        "scale": {
          "x": 1.0,
          "y": 1.0,
          "z": 1.0
        },
        "matrix_basis": [
          [
            0.9933693408966064,
            -0.11015612632036209,
            0.032908838242292404,
            0.0
          ],
          [
            0.10714437067508698,
            0.9908238053321838,
            0.08239074051380157,
            0.0
          ],
          [
            -0.04168270528316498,
            -0.07831843942403793,
            0.9960566163063049,
            0.0
          ],
          [
            0.0,
            0.0,
            0.0,
            1.0
          ]
        ],
        "rotation_mode": "QUATERNION"
      },
      "armature_space": {
        "head": {
          "x": -0.00048421541578136384,
          "y": -0.00016853958368301392,
          "z": -0.0013512074947357178
        },
        "tail": {
          "x": -0.07278052717447281,
          "y": 0.05162579566240311,
          "z": 0.47848114371299744
        }
      },
      "world_space": {
        "head": {
          "x": -0.00048421541578136384,
          "y": 0.0630754604935646,
          "z": 0.948502779006958
        },
        "tail": {
          "x": -0.07278052717447281,
          "y": 0.11486979573965073,
          "z": 1.428335189819336
        },
        "rotation_quaternion": {
          "w": 0.7426222562789917,
          "x": 0.6654470562934875,
          "y": -0.039747413247823715,
          "z": 0.06412962824106216
        },
        "matrix": [
          [
            0.9886150360107422,
            -0.1481478065252304,
            0.02631605602800846,
            -0.00048421541578136384
          ],
          [
            0.04234958812594414,
            0.10613566637039185,
            -0.9934494495391846,
            0.0630754604935646
          ],
          [
            0.14438532292842865,
            0.9832605123519897,
            0.11120118945837021,
            0.948502779006958
          ],
          [
            0.0,
            0.0,
            0.0,
            1.0
          ]
        ]
      },
      "bone_length_armature_space": 0.4880045989230068,
      "parent": "Root",
      "has_children": true,
      "is_end_bone": false
    },
    "neck_01": {
      "name": "neck_01",
      "local": {
        "location": {
          "x": 0.0,
          "y": 0.0,
          "z": 0.0
        },
        "rotation_quaternion": {
          "w": 0.9863515496253967,
          "x": 0.06872216612100601,
          "y": -0.08729642629623413,
          "z": -0.12152118980884552
        },
        "scale": {
          "x": 1.0,
          "y": 1.0,
          "z": 1.0
        },
        "matrix_basis": [
          [
            0.9552238583564758,
            0.22772683203220367,
            -0.18891233205795288,
            0.0
          ],
          [
            -0.25172361731529236,
            0.96101975440979,
            -0.11435169726610184,
            0.0
          ],
          [
            0.15550753474235535,
            0.15678516030311584,
            0.9753131866455078,
            0.0
          ],
          [
            0.0,
            0.0,
            0.0,
            1.0
          ]
        ],
        "rotation_mode": "QUATERNION"
      },
      "armature_space": {
        "head": {
          "x": -0.08271502703428268,
          "y": 0.024943619966506958,
          "z": 0.5543304681777954
        },
        "tail": {
          "x": -0.07087942212820053,
          "y": -0.017038844525814056,
          "z": 0.6471104621887207
        }
      },
      "world_space": {
        "head": {
          "x": -0.08271502703428268,
          "y": 0.08818762004375458,
          "z": 1.5041844844818115
        },
        "tail": {
          "x": -0.07087942212820053,
          "y": 0.04620515555143356,
          "z": 1.5969644784927368
        },
        "rotation_quaternion": {
          "w": 0.5429015159606934,
          "x": 0.8364349603652954,
          "y": 0.022536810487508774,
          "z": -0.07160049676895142
        },
        "matrix": [
          [
            0.9887309670448303,
            0.11544527858495712,
            -0.09530714154243469,
            -0.08271502703428268
          ],
          [
            -0.04004234820604324,
            -0.40949976444244385,
            -0.9114313125610352,
            0.08818762004375458
          ],
          [
            -0.14424966275691986,
            0.9049825072288513,
            -0.40026602149009705,
            1.5041844844818115
          ],
          [
            0.0,
            0.0,
            0.0,
            1.0
          ]
        ]
      },
      "bone_length_armature_space": 0.10252187973762966,
      "parent": "spine_01",
      "has_children": true,
      "is_end_bone": false
    },
    "head": {
      "name": "head",
      "local": {
        "location": {
          "x": 0.0,
          "y": 0.0,
          "z": 0.0
        },
        "rotation_quaternion": {
          "w": 0.9966711401939392,
          "x": -0.026610154658555984,
          "y": 0.06527028232812881,
          "z": 0.04096841812133789
        },
        "scale": {
          "x": 1.0,
          "y": 1.0,
          "z": 1.0
        },
        "matrix_basis": [
          [
            0.9881227612495422,
            -0.08513778448104858,
            0.12792566418647766,
            0.0
          ],
          [
            0.078190378844738,
            0.9952269792556763,
            0.05839118734002113,
            0.0
          ],
          [
            -0.13228636980056763,
            -0.0476951077580452,
            0.9900633692741394,
            0.0
          ],
          [
            0.0,
            0.0,
            0.0,
            1.0
          ]
        ],
        "rotation_mode": "QUATERNION"
      },
      "armature_space": {
        "head": {
          "x": -0.07087944447994232,
          "y": -0.01703895628452301,
          "z": 0.6471103429794312
        },
        "tail": {
          "x": -0.06172764301300049,
          "y": -0.017162207514047623,
          "z": 0.8019313812255859
        }
      },
      "world_space": {
        "head": {
          "x": -0.07087944447994232,
          "y": 0.04620504379272461,
          "z": 1.5969643592834473
        },
        "tail": {
          "x": -0.06172764301300049,
          "y": 0.0460817925632,
          "z": 1.751785397529602
        },
        "rotation_quaternion": {
          "w": 0.7049823999404907,
          "x": 0.7073262929916382,
          "y": 0.051013220101594925,
          "z": 0.009331105276942253
        },
        "matrix": [
          [
            0.994621217250824,
            0.05900953710079193,
            0.08512748777866364,
            -0.07087944447994232
          ],
          [
            0.08532284945249557,
            -0.0007947087287902832,
            -0.9963532090187073,
            0.04620504379272461
          ],
          [
            -0.05872694402933121,
            0.9982642531394958,
            -0.005826231092214584,
            1.5969643592834473
          ],
          [
            0.0,
            0.0,
            0.0,
            1.0
          ]
        ]
      },
      "bone_length_armature_space": 0.15509134105688188,
      "parent": "neck_01",
      "has_children": false,
      "is_end_bone": true
    },
    "upperarm_l": {
      "name": "upperarm_l",
      "local": {
        "location": {
          "x": 0.0,
          "y": 0.0,
          "z": 0.0
        },
        "rotation_quaternion": {
          "w": 0.9003311395645142,
          "x": 0.27089816331863403,
          "y": 0.3252098560333252,
          "z": 0.10127579420804977
        },
        "scale": {
          "x": 1.0,
          "y": 1.0,
          "z": 1.0
        },
        "matrix_basis": [
          [
            0.7679635286331177,
            -0.006165997125208378,
            0.6404639482498169,
            0.0
          ],
          [
            0.3585610091686249,
            0.8327147960662842,
            -0.42192432284355164,
            0.0
          ],
          [
            -0.5307222604751587,
            0.5536679029464722,
            0.6417054533958435,
            0.0
          ],
          [
            0.0,
            0.0,
            0.0,
            1.0
          ]
        ],
        "rotation_mode": "QUATERNION"
      },
      "armature_space": {
        "head": {
          "x": 0.07561783492565155,
          "y": 0.02099468559026718,
          "z": 0.5102601647377014
        },
        "tail": {
          "x": 0.30639341473579407,
          "y": -0.10865496844053268,
          "z": 0.5519882440567017
        }
      },
      "world_space": {
        "head": {
          "x": 0.07561783492565155,
          "y": 0.0842386856675148,
          "z": 1.4601142406463623
        },
        "tail": {
          "x": 0.30639341473579407,
          "y": -0.045410968363285065,
          "z": 1.5018422603607178
        },
        "rotation_quaternion": {
          "w": 0.2769818603992462,
          "x": 0.7940982580184937,
          "y": 0.42587441205978394,
          "z": -0.33364662528038025
        },
        "matrix": [
          [
            0.41462117433547974,
            0.8612011671066284,
            -0.2939758896827698,
            0.07561783492565155
          ],
          [
            0.4915447533130646,
            -0.4838225543498993,
            -0.7240855693817139,
            0.0842386856675148
          ],
          [
            -0.7658203840255737,
            0.155719593167305,
            -0.6239269375801086,
            1.4601142406463623
          ],
          [
            0.0,
            0.0,
            0.0,
            1.0
          ]
        ]
      },
      "bone_length_armature_space": 0.26796946527216015,
      "parent": "spine_01",
      "has_children": true,
      "is_end_bone": false
    },
    "lowerarm_l": {
      "name": "lowerarm_l",
      "local": {
        "location": {
          "x": 0.0,
          "y": 0.0,
          "z": 0.0
        },
        "rotation_quaternion": {
          "w": 0.9930208921432495,
          "x": 0.05075199902057648,
          "y": 0.058366548269987106,
          "z": -0.08903501182794571
        },
        "scale": {
          "x": 1.0,
          "y": 1.0,
          "z": 1.0
        },
        "matrix_basis": [
          [
            0.9773322343826294,
            0.18275168538093567,
            0.10688099265098572,
            0.0
          ],
          [
            -0.170902818441391,
            0.9789940118789673,
            -0.11118892580270767,
            0.0
          ],
          [
            -0.12495581060647964,
            0.0904022604227066,
            0.9880351424217224,
            0.0
          ],
          [
            0.0,
            0.0,
            0.0,
            1.0
          ]
        ],
        "rotation_mode": "QUATERNION"
      },
      "armature_space": {
        "head": {
          "x": 0.30639344453811646,
          "y": -0.10865511000156403,
          "z": 0.5519883036613464
        },
        "tail": {
          "x": 0.5225477814674377,
          "y": -0.2652556300163269,
          "z": 0.5340176224708557
        }
      },
      "world_space": {
        "head": {
          "x": 0.30639344453811646,
          "y": -0.045411109924316406,
          "z": 1.5018422603607178
        },
        "tail": {
          "x": 0.5225477814674377,
          "y": -0.20201162993907928,
          "z": 1.4838716983795166
        },
        "rotation_quaternion": {
          "w": 0.1689332127571106,
          "x": 0.7965694069862366,
          "y": 0.42281946539878845,
          "z": -0.3976965546607971
        },
        "matrix": [
          [
            0.3261213004589081,
            0.8079795837402344,
            -0.4907276928424835,
            0.30639344453811646
          ],
          [
            0.5392418503761292,
            -0.5853688716888428,
            -0.6054435968399048,
            -0.045411109924316406
          ],
          [
            -0.7764476537704468,
            -0.06717388331890106,
            -0.6266025900840759,
            1.5018422603607178
          ],
          [
            0.0,
            0.0,
            0.0,
            1.0
          ]
        ]
      },
      "bone_length_armature_space": 0.2675245154214254,
      "parent": "upperarm_l",
      "has_children": true,
      "is_end_bone": false
    },
    "metacarpal_thumb_l": {
      "name": "metacarpal_thumb_l",
      "local": {
        "location": {
          "x": 0.0,
          "y": 0.0,
          "z": 0.0
        },
        "rotation_quaternion": {
          "w": 0.9993487596511841,
          "x": -0.03058857098221779,
          "y": -0.0005323649384081364,
          "z": 0.019137166440486908
        },
        "scale": {
          "x": 1.0,
          "y": 1.0,
          "z": 1.0
        },
        "matrix_basis": [
          [
            0.9992669820785522,
            -0.038216836750507355,
            -0.002234793733805418,
            0.0
          ],
          [
            0.03828197717666626,
            0.9973962306976318,
            0.06111692637205124,
            0.0
          ],
          [
            -0.00010672066855477169,
            -0.061157677322626114,
            0.9981281161308289,
            0.0
          ],
          [
            0.0,
            0.0,
            0.0,
            1.0
          ]
        ],
        "rotation_mode": "QUATERNION"
      },
      "armature_space": {
        "head": {
          "x": 0.5225477814674377,
          "y": -0.2652556300163269,
          "z": 0.5340176224708557
        },
        "tail": {
          "x": 0.5404133796691895,
          "y": -0.30315035581588745,
          "z": 0.5075902342796326
        }
      },
      "world_space": {
        "head": {
          "x": 0.5225477814674377,
          "y": -0.20201162993907928,
          "z": 1.4838716983795166
        },
        "tail": {
          "x": 0.5404133796691895,
          "y": -0.23990635573863983,
          "z": 1.457444190979004
        },
        "rotation_quaternion": {
          "w": 0.3131122887134552,
          "x": -0.9249980449676514,
          "y": -0.13944914937019348,
          "z": -0.16399192810058594
        },
        "matrix": [
          [
            0.9073212742805481,
            0.360676109790802,
            0.21605700254440308,
            0.5225477814674377
          ],
          [
            0.15528561174869537,
            -0.7650296092033386,
            0.6249930262565613,
            -0.20201162993907928
          ],
          [
            0.39071300625801086,
            -0.5335233211517334,
            -0.7501401305198669,
            1.4838716983795166
          ],
          [
            0.0,
            0.0,
            0.0,
            1.0
          ]
        ]
      },
      "bone_length_armature_space": 0.0495337933175434,
      "parent": "lowerarm_l",
      "has_children": true,
      "is_end_bone": false
    },
    "thumb_01_l": {
      "name": "thumb_01_l",
      "local": {
        "location": {
          "x": 0.0,
          "y": 0.0,
          "z": 0.0
        },
        "rotation_quaternion": {
          "w": 0.9993056058883667,
          "x": 0.031001057475805283,
          "y": -0.00010253570508211851,
          "z": 0.02067059651017189
        },
        "scale": {
          "x": 1.0,
          "y": 1.0,
          "z": 1.0
        },
        "matrix_basis": [
          [
            0.9991454482078552,
            -0.04131884500384331,
            0.0010766916675493121,
            0.0
          ],
          [
            0.04130612686276436,
            0.9972233176231384,
            -0.06196330115199089,
            0.0
          ],
          [
            0.0014865497360005975,
            0.06195482239127159,
            0.9980778694152832,
            0.0
          ],
          [
            0.0,
            0.0,
            0.0,
            1.0
          ]
        ],
        "rotation_mode": "QUATERNION"
      },
      "armature_space": {
        "head": {
          "x": 0.5404133796691895,
          "y": -0.30315035581588745,
          "z": 0.5075902342796326
        },
        "tail": {
          "x": 0.5520353317260742,
          "y": -0.30350905656814575,
          "z": 0.4755989909172058
        }
      },
      "world_space": {
        "head": {
          "x": 0.5404133796691895,
          "y": -0.23990635573863983,
          "z": 1.457444190979004
        },
        "tail": {
          "x": 0.5520353317260742,
          "y": -0.24026505649089813,
          "z": 1.4254529476165771
        },
        "rotation_quaternion": {
          "w": 0.6042988300323486,
          "x": -0.4497920870780945,
          "y": 0.3599371016025543,
          "z": -0.5504137873649597
        },
        "matrix": [
          [
            0.1349775791168213,
            0.3414352536201477,
            0.9301628470420837,
            0.5404133796691895
          ],
          [
            -0.9890227317810059,
            -0.01053802389651537,
            0.14738720655441284,
            -0.23990635573863983
          ],
          [
            0.06012481451034546,
            -0.9398528337478638,
            0.3362673819065094,
            1.457444190979004
          ],
          [
            0.0,
            0.0,
            0.0,
            1.0
          ]
        ]
      },
      "bone_length_armature_space": 0.0340387738895588,
      "parent": "metacarpal_thumb_l",
      "has_children": true,
      "is_end_bone": false
    },
    "thumb_02_l": {
      "name": "thumb_02_l",
      "local": {
        "location": {
          "x": 0.0,
          "y": 0.0,
          "z": 0.0
        },
        "rotation_quaternion": {
          "w": 0.9952182769775391,
          "x": 0.09757585823535919,
          "y": 0.0008021325338631868,
          "z": -0.004341506399214268
        },
        "scale": {
          "x": 1.0,
          "y": 1.0,
          "z": 1.0
        },
        "matrix_basis": [
          [
            0.9999610185623169,
            0.008798030205070972,
            0.000749341503251344,
            0.0
          ],
          [
            -0.008484955877065659,
            0.9809201955795288,
            -0.1942255198955536,
            0.0
          ],
          [
            -0.0024438463151454926,
            0.19421158730983734,
            0.9809566140174866,
            0.0
          ],
          [
            0.0,
            0.0,
            0.0,
            1.0
          ]
        ],
        "rotation_mode": "QUATERNION"
      },
      "armature_space": {
        "head": {
          "x": 0.5520352721214294,
          "y": -0.30350902676582336,
          "z": 0.4755989909172058
        },
        "tail": {
          "x": 0.5848596692085266,
          "y": -0.3266286849975586,
          "z": 0.47449448704719543
        }
      },
      "world_space": {
        "head": {
          "x": 0.5520352721214294,
          "y": -0.24026502668857574,
          "z": 1.4254529476165771
        },
        "tail": {
          "x": 0.5848596692085266,
          "y": -0.26338469982147217,
          "z": 1.4243484735488892
        },
        "rotation_quaternion": {
          "w": 0.459440141916275,
          "x": 0.034159958362579346,
          "y": 0.03319738060235977,
          "z": -0.8869305849075317
        },
        "matrix": [
          [
            -0.575495719909668,
            0.8172509074211121,
            -0.03008998930454254,
            0.5520352721214294
          ],
          [
            -0.8127151131629944,
            -0.5756253600120544,
            -0.09027612209320068,
            -0.24026502668857574
          ],
          [
            -0.09110026061534882,
            -0.027499571442604065,
            0.9954690337181091,
            1.4254529476165771
          ],
          [
            0.0,
            0.0,
            0.0,
            1.0
          ]
        ]
      },
      "bone_length_armature_space": 0.040164406924720175,
      "parent": "thumb_01_l",
      "has_children": true,
      "is_end_bone": false
    },
    "thumb_03_l": {
      "name": "thumb_03_l",
      "local": {
        "location": {
          "x": 0.0,
          "y": 0.0,
          "z": 0.0
        },
        "rotation_quaternion": {
          "w": 0.995159387588501,
          "x": 0.09807807207107544,
          "y": 0.0061369482427835464,
          "z": 0.0010172867914661765
        },
        "scale": {
          "x": 1.0,
          "y": 1.0,
          "z": 1.0
        },
        "matrix_basis": [
          [
            0.9999226331710815,
            -0.0008209248771890998,
            0.012414030730724335,
            0.0
          ],
          [
            0.0032285251654684544,
            0.98075932264328,
            -0.19519414007663727,
            0.0
          ],
          [
            -0.012014936655759811,
            0.19521911442279816,
            0.9806860685348511,
            0.0
          ],
          [
            0.0,
            0.0,
            0.0,
            1.0
          ]
        ],
        "rotation_mode": "QUATERNION"
      },
      "armature_space": {
        "head": {
          "x": 0.5848596096038818,
          "y": -0.3266286849975586,
          "z": 0.47449442744255066
        },
        "tail": {
          "x": 0.6081393361091614,
          "y": -0.34143272042274475,
          "z": 0.4873703420162201
        }
      },
      "world_space": {
        "head": {
          "x": 0.5848596096038818,
          "y": -0.26338469982147217,
          "z": 1.4243484735488892
        },
        "tail": {
          "x": 0.6081393361091614,
          "y": -0.27818870544433594,
          "z": 1.4372243881225586
        },
        "rotation_quaternion": {
          "w": 0.5022180080413818,
          "x": 0.3119623064994812,
          "y": -0.0681772381067276,
          "z": -0.8036221265792847
        },
        "matrix": [
          [
            -0.30091193318367004,
            0.7646508812904358,
            -0.5698779225349426,
            0.5848596096038818
          ],
          [
            -0.8497247695922852,
            -0.4862566590309143,
            -0.20377060770988464,
            -0.26338469982147217
          ],
          [
            -0.43292418122291565,
            0.42292502522468567,
            0.7960686683654785,
            1.4243484735488892
          ],
          [
            0.0,
            0.0,
            0.0,
            1.0
          ]
        ]
      },
      "bone_length_armature_space": 0.03044493923377217,
      "parent": "thumb_02_l",
      "has_children": false,
      "is_end_bone": true
    },
    "metacarpal_index_l": {
      "name": "metacarpal_index_l",
      "local": {
        "location": {
          "x": 0.0,
          "y": 0.0,
          "z": 0.0
        },
        "rotation_quaternion": {
          "w": 0.9999040365219116,
          "x": -0.013244870118796825,
          "y": 0.0011009551817551255,
          "z": -0.003935590852051973
        },
        "scale": {
          "x": 1.0,
          "y": 1.0,
          "z": 1.0
        },
        "matrix_basis": [
          [
            0.9999666213989258,
            0.00784126203507185,
            0.002305951900780201,
            0.0
          ],
          [
            -0.007899590767920017,
            0.9996181726455688,
            0.026478532701730728,
            0.0
          ],
          [
            -0.0020974462386220694,
            -0.026495864614844322,
            0.9996467232704163,
            0.0
          ],
          [
            0.0,
            0.0,
            0.0,
            1.0
          ]
        ],
        "rotation_mode": "QUATERNION"
      },
      "armature_space": {
        "head": {
          "x": 0.5225477814674377,
          "y": -0.2652556300163269,
          "z": 0.5340176224708557
        },
        "tail": {
          "x": 0.5981789231300354,
          "y": -0.3490288257598877,
          "z": 0.5025339722633362
        }
      },
      "world_space": {
        "head": {
          "x": 0.5225477814674377,
          "y": -0.20201162993907928,
          "z": 1.4838716983795166
        },
        "tail": {
          "x": 0.5981789231300354,
          "y": -0.28578484058380127,
          "z": 1.452388048171997
        },
        "rotation_quaternion": {
          "w": 0.13132016360759735,
          "x": -0.9252918362617493,
          "y": -0.3539416491985321,
          "z": 0.036270301789045334
        },
        "matrix": [
          [
            0.7468193173408508,
            0.6454724669456482,
            -0.16008126735687256,
            0.5225477814674377
          ],
          [
            0.6645251512527466,
            -0.7149607539176941,
            0.21734289824962616,
            -0.20201162993907928
          ],
          [
            0.02583782747387886,
            -0.26869645714759827,
            -0.9628856778144836,
            1.4838716983795166
          ],
          [
            0.0,
            0.0,
            0.0,
            1.0
          ]
        ]
      },
      "bone_length_armature_space": 0.11717183137492396,
      "parent": "lowerarm_l",
      "has_children": true,
      "is_end_bone": false
    },
    "index_01_l": {
      "name": "index_01_l",
      "local": {
        "location": {
          "x": 0.0,
          "y": 0.0,
          "z": 0.0
        },
        "rotation_quaternion": {
          "w": 0.9958906173706055,
          "x": -0.0882137343287468,
          "y": -0.009327900595963001,
          "z": 0.01825646311044693
        },
        "scale": {
          "x": 1.0,
          "y": 1.0,
          "z": 1.0
        },
        "matrix_basis": [
          [
            0.9991593956947327,
            -0.03471718356013298,
            -0.021800078451633453,
            0.0
          ],
          [
            0.03800857812166214,
            0.9837700724601746,
            0.17536187171936035,
            0.0
          ],
          [
            0.015358195640146732,
            -0.1760430485010147,
            0.9842626452445984,
            0.0
          ],
          [
            0.0,
            0.0,
            0.0,
            1.0
          ]
        ],
        "rotation_mode": "QUATERNION"
      },
      "armature_space": {
        "head": {
          "x": 0.5981789231300354,
          "y": -0.3490288257598877,
          "z": 0.5025339722633362
        },
        "tail": {
          "x": 0.6225343942642212,
          "y": -0.36376407742500305,
          "z": 0.5041927695274353
        }
      },
      "world_space": {
        "head": {
          "x": 0.5981789231300354,
          "y": -0.28578484058380127,
          "z": 1.452388048171997
        },
        "tail": {
          "x": 0.6225343942642212,
          "y": -0.30052006244659424,
          "z": 1.4540467262268066
        },
        "rotation_quaternion": {
          "w": 0.0014105411246418953,
          "x": -0.868665874004364,
          "y": -0.49154335260391235,
          "z": -0.061667393893003464
        },
        "matrix": [
          [
            0.5091646313667297,
            0.8541476726531982,
            0.10574953258037567,
            0.5981789231300354
          ],
          [
            0.8538001179695129,
            -0.5167662501335144,
            0.06307494640350342,
            -0.28578484058380127
          ],
          [
            0.10852467268705368,
            0.05817333608865738,
            -0.9923973679542542,
            1.452388048171997
          ],
          [
            0.0,
            0.0,
            0.0,
            1.0
          ]
        ]
      },
      "bone_length_armature_space": 0.028514351242172255,
      "parent": "metacarpal_index_l",
      "has_children": true,
      "is_end_bone": false
    },
    "index_02_l": {
      "name": "index_02_l",
      "local": {
        "location": {
          "x": 0.0,
          "y": 0.0,
          "z": 0.0
        },
        "rotation_quaternion": {
          "w": 0.9997056722640991,
          "x": 0.024230005219578743,
          "y": -0.0010367162758484483,
          "z": 0.0006495192646980286
        },
        "scale": {
          "x": 1.0,
          "y": 1.0,
          "z": 1.0
        },
        "matrix_basis": [
          [
            0.9999970197677612,
            -0.0013488954864442348,
            -0.002041346626356244,
            0.0
          ],
          [
            0.00124841695651412,
            0.998824954032898,
            -0.04844709485769272,
            0.0
          ],
          [
            0.0021042979788035154,
            0.04844440147280693,
            0.9988236427307129,
            0.0
          ],
          [
            0.0,
            0.0,
            0.0,
            1.0
          ]
        ],
        "rotation_mode": "QUATERNION"
      },
      "armature_space": {
        "head": {
          "x": 0.6225346922874451,
          "y": -0.3637644648551941,
          "z": 0.5041924715042114
        },
        "tail": {
          "x": 0.6448208093643188,
          "y": -0.3764110803604126,
          "z": 0.505409300327301
        }
      },
      "world_space": {
        "head": {
          "x": 0.6225346922874451,
          "y": -0.30052047967910767,
          "z": 1.4540464878082275
        },
        "tail": {
          "x": 0.6448208093643188,
          "y": -0.31316709518432617,
          "z": 1.455263376235962
        },
        "rotation_quaternion": {
          "w": 0.010632657445967197,
          "x": 0.8635145425796509,
          "y": 0.5033842325210571,
          "z": 0.028876740485429764
        },
        "matrix": [
          [
            0.49154093861579895,
            0.868744969367981,
            0.06057529151439667,
            0.6225346922874451
          ],
          [
            0.8699735403060913,
            -0.4929823875427246,
            0.010709072463214397,
            -0.30052047967910767
          ],
          [
            0.039167094975709915,
            0.04743480309844017,
            -0.9981133341789246,
            1.4540464878082275
          ],
          [
            0.0,
            0.0,
            0.0,
            1.0
          ]
        ]
      },
      "bone_length_armature_space": 0.025653236986560315,
      "parent": "index_01_l",
      "has_children": true,
      "is_end_bone": false
    },
    "index_03_l": {
      "name": "index_03_l",
      "local": {
        "location": {
          "x": 0.0,
          "y": 0.0,
          "z": 0.0
        },
        "rotation_quaternion": {
          "w": 0.99880051612854,
          "x": 0.04858817905187607,
          "y": -0.005460470914840698,
          "z": -0.0026493025943636894
        },
        "scale": {
          "x": 1.0,
          "y": 1.0,
          "z": 1.0
        },
        "matrix_basis": [
          [
            0.9999263286590576,
            0.00476162089034915,
            -0.011165292002260685,
            0.0
          ],
          [
            -0.005822878330945969,
            0.9952643513679504,
            -0.09703086316585541,
            0.0
          ],
          [
            0.0106503926217556,
            0.09708873182535172,
            0.9952187538146973,
            0.0
          ],
          [
            0.0,
            0.0,
            0.0,
            1.0
          ]
        ],
        "rotation_mode": "QUATERNION"
      },
      "armature_space": {
        "head": {
          "x": 0.6448208093643188,
          "y": -0.3764110803604126,
          "z": 0.5054094195365906
        },
        "tail": {
          "x": 0.6714224815368652,
          "y": -0.387855589389801,
          "z": 0.5015228986740112
        }
      },
      "world_space": {
        "head": {
          "x": 0.6448208093643188,
          "y": -0.31316709518432617,
          "z": 1.455263376235962
        },
        "tail": {
          "x": 0.6714224815368652,
          "y": -0.3246116042137146,
          "z": 1.4513769149780273
        },
        "rotation_quaternion": {
          "w": 0.08318173885345459,
          "x": -0.8341550827026367,
          "y": -0.5451955199241638,
          "z": -0.005282482132315636
        },
        "matrix": [
          [
            0.4054678678512573,
            0.910433828830719,
            -0.08188872784376144,
            0.6448208093643188
          ],
          [
            0.9086767435073853,
            -0.3916850686073303,
            0.14453202486038208,
            -0.31316709518432617
          ],
          [
            0.09951382875442505,
            -0.13301482796669006,
            -0.9861127734184265,
            1.455263376235962
          ],
          [
            0.0,
            0.0,
            0.0,
            1.0
          ]
        ]
      },
      "bone_length_armature_space": 0.029218672336459056,
      "parent": "index_02_l",
      "has_children": false,
      "is_end_bone": true
    },
    "metacarpal_pinky_l": {
      "name": "metacarpal_pinky_l",
      "local": {
        "location": {
          "x": 0.0,
          "y": 0.0,
          "z": 0.0
        },
        "rotation_quaternion": {
          "w": 0.9997848868370056,
          "x": -0.02045573480427265,
          "y": 0.00031069619581103325,
          "z": 0.003417394822463393
        },
        "scale": {
          "x": 1.0,
          "y": 1.0,
          "z": 1.0
        },
        "matrix_basis": [
          [
            0.9999764561653137,
            -0.006846030242741108,
            0.0004814480780623853,
            0.0
          ],
          [
            0.0068206083960831165,
            0.9991397857666016,
            0.04090479388833046,
            0.0
          ],
          [
            -0.0007610693573951721,
            -0.04090054705739021,
            0.9991629123687744,
            0.0
          ],
          [
            0.0,
            0.0,
            0.0,
            1.0
          ]
        ],
        "rotation_mode": "QUATERNION"
      },
      "armature_space": {
        "head": {
          "x": 0.5225477814674377,
          "y": -0.2652556300163269,
          "z": 0.5340176224708557
        },
        "tail": {
          "x": 0.6199883818626404,
          "y": -0.3003544509410858,
          "z": 0.5448165535926819
        }
      },
      "world_space": {
        "head": {
          "x": 0.5225477814674377,
          "y": -0.20201162993907928,
          "z": 1.4838716983795166
        },
        "tail": {
          "x": 0.6199883818626404,
          "y": -0.2371104508638382,
          "z": 1.4946706295013428
        },
        "rotation_quaternion": {
          "w": 0.5311973690986633,
          "x": 0.3964952230453491,
          "y": 0.2220262885093689,
          "z": -0.7150701284408569
        },
        "matrix": [
          [
            -0.12124064564704895,
            0.935752272605896,
            -0.33116188645362854,
            0.5225477814674377
          ],
          [
            -0.5836225748062134,
            -0.33706483244895935,
            -0.7387641668319702,
            -0.20201162993907928
          ],
          [
            -0.8029294013977051,
            0.10370567440986633,
            0.5869953632354736,
            1.4838716983795166
          ],
          [
            0.0,
            0.0,
            0.0,
            1.0
          ]
        ]
      },
      "bone_length_armature_space": 0.10413075806589242,
      "parent": "lowerarm_l",
      "has_children": true,
      "is_end_bone": false
    },
    "pinky_01_l": {
      "name": "pinky_01_l",
      "local": {
        "location": {
          "x": 0.0,
          "y": 0.0,
          "z": 0.0
        },
        "rotation_quaternion": {
          "w": 0.9622184038162231,
          "x": 0.2717687487602234,
          "y": 0.015960849821567535,
          "z": 0.0047818757593631744
        },
        "scale": {
          "x": 1.0,
          "y": 1.0,
          "z": 1.0
        },
        "matrix_basis": [
          [
            0.9994447827339172,
            -0.0005270973779261112,
            0.0333147756755352,
            0.0
          ],
          [
            0.017877738922834396,
            0.8522377610206604,
            -0.5228491425514221,
            0.0
          ],
          [
            -0.028116518631577492,
            0.5231544375419617,
            0.8517739772796631,
            0.0
          ],
          [
            0.0,
            0.0,
            0.0,
            1.0
          ]
        ],
        "rotation_mode": "QUATERNION"
      },
      "armature_space": {
        "head": {
          "x": 0.6199883818626404,
          "y": -0.3003544509410858,
          "z": 0.5448165535926819
