{
  "metadata": {
    "armature_name": "KIM_caucasian_male",
    "export_time": "2026-01-13T21:00:13.054604",
    "blender_version": "4.4.1",
    "bone_count": 56,
    "end_bone_count": 13,
    "spaces_included": [
      "LOCAL_CHANNELS",
      "ARMATURE_SPACE",
      "WORLD_SPACE"
    ],
    "note": "LOCAL matches Transform panel; replay pose via local.matrix_basis for best fidelity."
  },
  "bones": {
    "Root": {
      "name": "Root",
      "local": {
        "location": {
          "x": 0.0,
          "y": 0.0,
          "z": 0.0
        },
        "rotation_quaternion": {
          "w": 0.999834418296814,
          "x": -0.009623928926885128,
          "y": -0.014906350523233414,
          "z": -0.004059461876749992
        },
        "scale": {
          "x": 1.0,
          "y": 1.0,
          "z": 1.0
        },
        "matrix_basis": [
          [
            0.9995226263999939,
            0.008404494263231754,
            -0.029729628935456276,
            0.0
          ],
          [
            -0.0078306645154953,
            0.9997817873954773,
            0.019365694373846054,
            0.0
          ],
          [
            0.029885901138186455,
            -0.01912364736199379,
            0.9993703365325928,
            0.0
          ],
          [
            0.0,
            0.0,
            0.0,
            1.0
          ]
        ],
        "rotation_mode": "QUATERNION"
      },
      "armature_space": {
        "head": {
          "x": 0.0,
          "y": 0.07072800397872925,
          "z": -0.009595036506652832
        },
        "tail": {
          "x": 0.0005998780834488571,
          "y": 0.0001989305019378662,
          "z": 0.001350492238998413
        }
      },
      "world_space": {
        "head": {
          "x": 0.0,
          "y": 0.13397200405597687,
          "z": 0.9402589797973633
        },
        "tail": {
          "x": 0.0005998780834488571,
          "y": 0.06344293057918549,
          "z": 0.9512045383453369
        },
        "rotation_quaternion": {
          "w": 0.07695857435464859,
          "x": 0.9969145655632019,
          "y": 0.003046030644327402,
          "z": -0.015145967714488506
        },
        "matrix": [
          [
            0.9995226263999939,
            0.008404494263231754,
            -0.029729628935456276,
            0.0
          ],
          [
            0.0037420345470309258,
            -0.9881361126899719,
            -0.15353496372699738,
            0.13397200405597687
          ],
          [
            -0.030667515471577644,
            0.15335054695606232,
            -0.9877029061317444,
            0.9402589797973633
          ],
          [
            0.0,
            0.0,
            0.0,
            1.0
          ]
        ]
      },
      "bone_length_armature_space": 0.07137586978843374,
      "parent": null,
      "has_children": true,
      "is_end_bone": false
    },
    "spine_01": {
      "name": "spine_01",
      "local": {
        "location": {
          "x": 0.0,
          "y": 0.0,
          "z": 0.0
        },
        "rotation_quaternion": {
          "w": 0.9916026592254639,
          "x": 0.10628678649663925,
          "y": 0.020000893622636795,
          "z": 0.07090379297733307
        },
        "scale": {
          "x": 1.0,
          "y": 1.0,
          "z": 1.0
        },
        "matrix_basis": [
          [
            0.9891452193260193,
            -0.1363651156425476,
            0.05473815277218819,
            0.0
          ],
          [
            0.14486843347549438,
            0.9673515558242798,
            -0.20795224606990814,
            0.0
          ],
          [
            -0.02459360659122467,
            0.21362480521202087,
            0.9766061902046204,
            0.0
          ],
          [
            0.0,
            0.0,
            0.0,
            1.0
          ]
        ],
        "rotation_mode": "QUATERNION"
      },
      "armature_space": {
        "head": {
          "x": 0.0005998780834488571,
          "y": 0.0001989305019378662,
          "z": 0.001350492238998413
        },
        "tail": {
          "x": -0.050985533744096756,
          "y": -0.07290773838758469,
          "z": 0.48108240962028503
        }
      },
      "world_space": {
        "head": {
          "x": 0.0005998780834488571,
          "y": 0.06344293057918549,
          "z": 0.9512045383453369
        },
        "tail": {
          "x": -0.050985533744096756,
          "y": -0.009663738310337067,
          "z": 1.4309364557266235
        },
        "rotation_quaternion": {
          "w": 0.6516070365905762,
          "x": 0.756222665309906,
          "y": -0.02244783192873001,
          "z": 0.05506110191345215
        },
        "matrix": [
          [
            0.9929287433624268,
            -0.105707548558712,
            0.05402186140418053,
            0.0005998780834488571
          ],
          [
            0.03780461847782135,
            -0.1498083770275116,
            -0.9879921078681946,
            0.06344293057918549
          ],
          [
            0.11253196746110916,
            0.9830547571182251,
            -0.14475473761558533,
            0.9512045383453369
          ],
          [
            0.0,
            0.0,
            0.0,
            1.0
          ]
        ]
      },
      "bone_length_armature_space": 0.4880044596076032,
      "parent": "Root",
      "has_children": true,
      "is_end_bone": false
    },
    "neck_01": {
      "name": "neck_01",
      "local": {
        "location": {
          "x": 0.0,
          "y": 0.0,
          "z": 0.0
        },
        "rotation_quaternion": {
          "w": 0.9870945811271667,
          "x": -0.11282224953174591,
          "y": 0.06449032574892044,
          "z": -0.09357590228319168
        },
        "scale": {
          "x": 1.0,
          "y": 1.0,
          "z": 1.0
        },
        "matrix_basis": [
          [
            0.9741690754890442,
            0.1701846420764923,
            0.1484309881925583,
            0.0
          ],
          [
            -0.19928841292858124,
            0.957029402256012,
            0.21066297590732574,
            0.0
          ],
          [
            -0.10620121657848358,
            -0.23480194807052612,
            0.9662242531776428,
            0.0
          ],
          [
            0.0,
            0.0,
            0.0,
            1.0
          ]
        ],
        "rotation_mode": "QUATERNION"
      },
      "armature_space": {
        "head": {
          "x": -0.05685177817940712,
          "y": -0.11814048886299133,
          "z": 0.5480400323867798
        },
        "tail": {
          "x": -0.04923321679234505,
          "y": -0.1472986936569214,
          "z": 0.646032452583313
        }
      },
      "world_space": {
        "head": {
          "x": -0.05685177817940712,
          "y": -0.05489648878574371,
          "z": 1.497894048690796
        },
        "tail": {
          "x": -0.04923321679234505,
          "y": -0.08405469357967377,
          "z": 1.595886468887329
        },
        "rotation_quaternion": {
          "w": 0.5905861854553223,
          "x": 0.7987042665481567,
          "y": 0.09487981349229813,
          "z": 0.06540113687515259
        },
        "matrix": [
          [
            0.973440945148468,
            0.07431197166442871,
            0.21654199063777924,
            -0.05685177817940712
          ],
          [
            0.228812113404274,
            -0.2844110429286957,
            -0.9309970736503601,
            -0.05489648878574371
          ],
          [
            -0.0075971148908138275,
            0.9558244943618774,
            -0.29386383295059204,
            1.497894048690796
          ],
          [
            0.0,
            0.0,
            0.0,
            1.0
          ]
        ]
      },
      "bone_length_armature_space": 0.10252198525193007,
      "parent": "spine_01",
      "has_children": true,
      "is_end_bone": false
    },
    "head": {
      "name": "head",
      "local": {
        "location": {
          "x": 0.0,
          "y": 0.0,
          "z": 0.0
        },
        "rotation_quaternion": {
          "w": 0.9851380586624146,
          "x": 0.04372622072696686,
          "y": -0.15005017817020416,
          "z": 0.07124703377485275
        },
        "scale": {
          "x": 1.0,
          "y": 1.0,
          "z": 1.0
        },
        "matrix_basis": [
          [
            0.9448176026344299,
            -0.1534985899925232,
            -0.2894095480442047,
            0.0
          ],
          [
            0.12725406885147095,
            0.9860237836837769,
            -0.10753399133682251,
            0.0
          ],
          [
            0.30187100172042847,
            0.06477146595716476,
            0.9511459469795227,
            0.0
          ],
          [
            0.0,
            0.0,
            0.0,
            1.0
          ]
        ],
        "rotation_mode": "QUATERNION"
      },
      "armature_space": {
        "head": {
          "x": -0.04923318699002266,
          "y": -0.14729881286621094,
          "z": 0.6460323333740234
        },
        "tail": {
          "x": -0.07162384688854218,
          "y": -0.15154337882995605,
          "z": 0.7994401454925537
        }
      },
      "world_space": {
        "head": {
          "x": -0.04923318699002266,
          "y": -0.08405481278896332,
          "z": 1.5958863496780396
        },
        "tail": {
          "x": -0.07162384688854218,
          "y": -0.08829937875270844,
          "z": 1.7492941617965698
        },
        "rotation_quaternion": {
          "w": 0.69330894947052,
          "x": 0.7162259817123413,
          "y": -0.07508846372365952,
          "z": 0.026547428220510483
        },
        "matrix": [
          [
            0.9873138666152954,
            -0.14437183737754822,
            -0.06609208881855011,
            -0.04923318699002266
          ],
          [
            -0.0707504153251648,
            -0.027368318289518356,
            -0.9971186518669128,
            -0.08405481278896332
          ],
          [
            0.14214792847633362,
            0.9891520738601685,
            -0.03723675012588501,
            1.5958863496780396
          ],
          [
            0.0,
            0.0,
            0.0,
            1.0
          ]
        ]
      },
      "bone_length_armature_space": 0.1550913120448613,
      "parent": "neck_01",
      "has_children": false,
      "is_end_bone": true
    },
    "upperarm_l": {
      "name": "upperarm_l",
      "local": {
        "location": {
          "x": 0.0,
          "y": 0.0,
          "z": 0.0
        },
        "rotation_quaternion": {
          "w": 0.8707606792449951,
          "x": -0.23975887894630432,
          "y": 0.3488730192184448,
          "z": -0.25015848875045776
        },
        "scale": {
          "x": 1.0,
          "y": 1.0,
          "z": 1.0
        },
        "matrix_basis": [
          [
            0.6314166784286499,
            0.2683655321598053,
            0.7275252342224121,
            0.0
          ],
          [
            -0.6029471755027771,
            0.7598727941513062,
            0.24299810826778412,
            0.0
          ],
          [
            -0.48761436343193054,
            -0.5920922756195068,
            0.6416065692901611,
            0.0
          ],
          [
            0.0,
            0.0,
            0.0,
            1.0
          ]
        ],
        "rotation_mode": "QUATERNION"
      },
      "armature_space": {
        "head": {
          "x": 0.09936418384313583,
          "y": -0.10555233061313629,
          "z": 0.49838924407958984
        },
        "tail": {
          "x": 0.29219645261764526,
          "y": 0.07885892689228058,
          "z": 0.4735736548900604
        }
      },
      "world_space": {
        "head": {
          "x": 0.09936418384313583,
          "y": -0.04230833053588867,
          "z": 1.448243260383606
        },
        "tail": {
          "x": 0.29219645261764526,
          "y": 0.1421029269695282,
          "z": 1.423427700996399
        },
        "rotation_quaternion": {
          "w": 0.2733685076236725,
          "x": 0.3588910400867462,
          "y": 0.8771319389343262,
          "z": -0.16464118659496307
        },
        "matrix": [
          [
            -0.5929335355758667,
            0.7196055054664612,
            0.36138296127319336,
            0.09936418384313583
          ],
          [
            0.5395742654800415,
            0.6881802082061768,
            -0.4850441515445709,
            -0.04230833053588867
          ],
          [
            -0.5977407097816467,
            -0.09260609745979309,
            -0.7963317632675171,
            1.448243260383606
          ],
          [
            0.0,
            0.0,
            0.0,
            1.0
          ]
        ]
      },
      "bone_length_armature_space": 0.2679694104247324,
      "parent": "spine_01",
      "has_children": true,
      "is_end_bone": false
    },
    "lowerarm_l": {
      "name": "lowerarm_l",
      "local": {
        "location": {
          "x": 0.0,
          "y": 0.0,
          "z": 0.0
        },
        "rotation_quaternion": {
          "w": 0.9355523586273193,
          "x": 0.2403886318206787,
          "y": 0.027256924659013748,
          "z": -0.2573172152042389
        },
        "scale": {
          "x": 1.0,
          "y": 1.0,
          "z": 1.0
        },
        "matrix_basis": [
          [
            0.8660898208618164,
            0.4945719540119171,
            -0.07271170616149902,
            0.0
          ],
          [
            -0.468362957239151,
            0.7520022988319397,
            -0.4638196527957916,
            0.0
          ],
          [
            -0.17471282184123993,
            0.43576493859291077,
            0.8829407095909119,
            0.0
          ],
          [
            0.0,
            0.0,
            0.0,
            1.0
          ]
        ],
        "rotation_mode": "QUATERNION"
      },
      "armature_space": {
        "head": {
          "x": 0.2921966016292572,
          "y": 0.07885890454053879,
          "z": 0.4735736846923828
        },
        "tail": {
          "x": 0.42740827798843384,
          "y": 0.18914470076560974,
          "z": 0.27078136801719666
        }
      },
      "world_space": {
        "head": {
          "x": 0.2921966016292572,
          "y": 0.1421028971672058,
          "z": 1.423427700996399
        },
        "tail": {
          "x": 0.42740827798843384,
          "y": 0.25238871574401855,
          "z": 1.2206354141235352
        },
        "rotation_quaternion": {
          "w": 0.12050361186265945,
          "x": 0.23294341564178467,
          "y": 0.8316261768341064,
          "z": -0.4895040988922119
        },
        "matrix": [
          [
            -0.8624321818351746,
            0.5054179430007935,
            -0.02762734889984131,
            0.2921966016292572
          ],
          [
            0.26947152614593506,
            0.41224560141563416,
            -0.870309591293335,
            0.1421028971672058
          ],
          [
            -0.4284835457801819,
            -0.7580327391624451,
            -0.4917339086532593,
            1.423427700996399
          ],
          [
            0.0,
            0.0,
            0.0,
            1.0
          ]
        ]
      },
      "bone_length_armature_space": 0.26752547108016794,
      "parent": "upperarm_l",
      "has_children": true,
      "is_end_bone": false
    },
    "metacarpal_thumb_l": {
      "name": "metacarpal_thumb_l",
      "local": {
        "location": {
          "x": 0.0,
          "y": 0.0,
          "z": 0.0
        },
        "rotation_quaternion": {
          "w": 0.9994450807571411,
          "x": 0.030073201283812523,
          "y": -0.011785922572016716,
          "z": -0.008146868087351322
        },
        "scale": {
          "x": 1.0,
          "y": 1.0,
          "z": 1.0
        },
        "matrix_basis": [
          [
            0.9995894432067871,
            0.015575814060866833,
            -0.02404876984655857,
            0.0
          ],
          [
            -0.016993574798107147,
            0.9980584383010864,
            -0.059920988976955414,
            0.0
          ],
          [
            0.023068759590387344,
            0.06030506268143654,
            0.9979133605957031,
            0.0
          ],
          [
            0.0,
            0.0,
            0.0,
            1.0
          ]
        ],
        "rotation_mode": "QUATERNION"
      },
      "armature_space": {
        "head": {
          "x": 0.42740827798843384,
          "y": 0.18914470076560974,
          "z": 0.27078136801719666
        },
        "tail": {
          "x": 0.4359098970890045,
          "y": 0.18377380073070526,
          "z": 0.22227886319160461
        }
      },
      "world_space": {
        "head": {
          "x": 0.42740827798843384,
          "y": 0.25238871574401855,
          "z": 1.2206354141235352
        },
        "tail": {
          "x": 0.4359098970890045,
          "y": 0.24701780080795288,
          "z": 1.1721328496932983
        },
        "rotation_quaternion": {
          "w": 0.4829268455505371,
          "x": -0.6191341280937195,
          "y": -0.4610499441623688,
          "z": 0.4133857488632202
        },
        "matrix": [
          [
            0.2330893874168396,
            0.17163336277008057,
            -0.9571890830993652,
            0.42740827798843384
          ],
          [
            0.970173716545105,
            -0.1084291860461235,
            0.21680910885334015,
            0.25238871574401855
          ],
          [
            -0.06657512485980988,
            -0.9791824817657471,
            -0.19178906083106995,
            1.2206354141235352
          ],
          [
            0.0,
            0.0,
            0.0,
            1.0
          ]
        ]
      },
      "bone_length_armature_space": 0.04953399822694359,
      "parent": "lowerarm_l",
      "has_children": true,
      "is_end_bone": false
    },
    "thumb_01_l": {
      "name": "thumb_01_l",
      "local": {
        "location": {
          "x": 0.0,
          "y": 0.0,
          "z": 0.0
        },
        "rotation_quaternion": {
          "w": 0.9997638463973999,
          "x": -0.019926462322473526,
          "y": 0.0077301436103880405,
          "z": 0.0039261020720005035
        },
        "scale": {
          "x": 1.0,
          "y": 1.0,
          "z": 1.0
        },
        "matrix_basis": [
          [
            0.9998496770858765,
            -0.008158418349921703,
            0.015300169587135315,
            0.0
          ],
          [
            0.007542280945926905,
            0.9991750717163086,
            0.03990421071648598,
            0.0
          ],
          [
            -0.015613103285431862,
            -0.03978281468153,
            0.9990863800048828,
            0.0
          ],
          [
            0.0,
            0.0,
            0.0,
            1.0
          ]
        ],
        "rotation_mode": "QUATERNION"
      },
      "armature_space": {
        "head": {
          "x": 0.4359098970890045,
          "y": 0.18377380073070526,
          "z": 0.22227886319160461
        },
        "tail": {
          "x": 0.41423875093460083,
          "y": 0.18155750632286072,
          "z": 0.196123868227005
        }
      },
      "world_space": {
        "head": {
          "x": 0.4359098970890045,
          "y": 0.24701780080795288,
          "z": 1.1721328496932983
        },
        "tail": {
          "x": 0.41423875093460083,
          "y": 0.24480150640010834,
          "z": 1.1459778547286987
        },
        "rotation_quaternion": {
          "w": 0.6096404194831848,
          "x": -0.7118279933929443,
          "y": 0.3094891607761383,
          "z": 0.16079826653003693
        },
        "matrix": [
          [
            0.7567200660705566,
            -0.6366645097732544,
            0.14843472838401794,
            0.4359098970890045
          ],
          [
            -0.24455130100250244,
            -0.06511104106903076,
            0.9674478769302368,
            0.24701780080795288
          ],
          [
            -0.6062792539596558,
            -0.7683926224708557,
            -0.20496855676174164,
            1.1721328496932983
          ],
          [
            0.0,
            0.0,
            0.0,
            1.0
          ]
        ]
      },
      "bone_length_armature_space": 0.03403871820613082,
      "parent": "metacarpal_thumb_l",
      "has_children": true,
      "is_end_bone": false
    },
    "thumb_02_l": {
      "name": "thumb_02_l",
      "local": {
        "location": {
          "x": 0.0,
          "y": 0.0,
          "z": 0.0
        },
        "rotation_quaternion": {
          "w": 0.9964456558227539,
          "x": 0.08366177976131439,
          "y": 0.006918285973370075,
          "z": 0.006999061442911625
        },
        "scale": {
          "x": 1.0,
          "y": 1.0,
          "z": 1.0
        },
        "matrix_basis": [
          [
            0.99980628490448,
            -0.012790776789188385,
            0.014958499930799007,
            0.0
          ],
          [
            0.01510596089065075,
            0.9859034419059753,
            -0.16663199663162231,
            0.0
          ],
          [
            -0.012616284191608429,
            0.16682568192481995,
            0.9859057068824768,
            0.0
          ],
          [
            0.0,
            0.0,
            0.0,
            1.0
          ]
        ],
        "rotation_mode": "QUATERNION"
      },
      "armature_space": {
        "head": {
          "x": 0.41423872113227844,
          "y": 0.18155747652053833,
          "z": 0.19612392783164978
        },
        "tail": {
          "x": 0.42956867814064026,
          "y": 0.2003307193517685,
          "z": 0.16409659385681152
        }
      },
      "world_space": {
        "head": {
          "x": 0.41423872113227844,
          "y": 0.24480147659778595,
          "z": 1.1459779739379883
        },
        "tail": {
          "x": 0.42956867814064026,
          "y": 0.2635747194290161,
          "z": 1.1139506101608276
        },
        "rotation_quaternion": {
          "w": 0.7946958541870117,
          "x": -0.3487059473991394,
          "y": 0.3196307122707367,
          "z": -0.38039302825927734
        },
        "matrix": [
          [
            0.5062736868858337,
            0.3816803991794586,
            0.7733089327812195,
            0.41423872113227844
          ],
          [
            -0.8275086283683777,
            0.46740999817848206,
            0.31105875968933105,
            0.24480147659778595
          ],
          [
            -0.24272967875003815,
            -0.7974057197570801,
            0.552485466003418,
            1.1459779739379883
          ],
          [
            0.0,
            0.0,
            0.0,
            1.0
          ]
        ]
      },
      "bone_length_armature_space": 0.04016456509622855,
      "parent": "thumb_01_l",
      "has_children": true,
      "is_end_bone": false
    },
    "thumb_03_l": {
      "name": "thumb_03_l",
      "local": {
        "location": {
          "x": 0.0,
          "y": 0.0,
          "z": 0.0
        },
        "rotation_quaternion": {
          "w": 0.9982458353042603,
          "x": 0.058268994092941284,
          "y": -0.007624768652021885,
          "z": 0.007213335484266281
        },
        "scale": {
          "x": 1.0,
          "y": 1.0,
          "z": 1.0
        },
        "matrix_basis": [
          [
            0.9997796416282654,
            -0.015289939008653164,
            -0.01438215933740139,
            0.0
          ],
          [
            0.013512789271771908,
            0.993105411529541,
            -0.11644355952739716,
            0.0
          ],
          [
            0.01606341451406479,
            0.11622355878353119,
            0.9930931925773621,
            0.0
          ],
          [
            0.0,
            0.0,
            0.0,
            1.0
          ]
        ],
        "rotation_mode": "QUATERNION"
      },
      "armature_space": {
        "head": {
          "x": 0.42956864833831787,
          "y": 0.20033064484596252,
          "z": 0.16409659385681152
        },
        "tail": {
          "x": 0.4471477270126343,
          "y": 0.22020912170410156,
          "z": 0.14917294681072235
        }
      },
      "world_space": {
        "head": {
          "x": 0.42956864833831787,
          "y": 0.26357465982437134,
          "z": 1.1139506101608276
        },
        "tail": {
          "x": 0.4471477270126343,
          "y": 0.283453106880188,
          "z": 1.0990269184112549
        },
        "rotation_quaternion": {
          "w": 0.8058512210845947,
          "x": -0.09198452532291412,
          "y": 0.42079806327819824,
          "z": -0.4062902331352234
        },
        "matrix": [
          [
            0.31571343541145325,
            0.5774070024490356,
            0.7529448866844177,
            0.42956864833831787
          ],
          [
            -0.7322332859039307,
            0.6529330015182495,
            -0.1936825066804886,
            0.26357465982437134
          ],
          [
            -0.6034610271453857,
            -0.49018585681915283,
            0.6289408206939697,
            1.1139506101608276
          ],
          [
            0.0,
            0.0,
            0.0,
            1.0
          ]
        ]
      },
      "bone_length_armature_space": 0.030444919158821897,
      "parent": "thumb_02_l",
      "has_children": false,
      "is_end_bone": true
    },
    "metacarpal_index_l": {
      "name": "metacarpal_index_l",
      "local": {
        "location": {
          "x": 0.0,
          "y": 0.0,
          "z": 0.0
        },
        "rotation_quaternion": {
          "w": 0.9996544122695923,
          "x": -0.018293187022209167,
          "y": -0.01452847570180893,
          "z": -0.012056983076035976
        },
        "scale": {
          "x": 1.0,
          "y": 1.0,
          "z": 1.0
        },
        "matrix_basis": [
          [
            0.9992871284484863,
            0.02463717758655548,
            -0.028605788946151733,
            0.0
          ],
          [
            -0.023574087768793106,
            0.9990399479866028,
            0.03692406788468361,
            0.0
          ],
          [
            0.029488030821084976,
            -0.0362233929336071,
            0.9989085793495178,
            0.0
          ],
          [
            0.0,
            0.0,
            0.0,
            1.0
          ]
        ],
        "rotation_mode": "QUATERNION"
      },
      "armature_space": {
        "head": {
          "x": 0.42740827798843384,
          "y": 0.18914470076560974,
          "z": 0.27078136801719666
        },
        "tail": {
          "x": 0.4800117015838623,
          "y": 0.2096848338842392,
          "z": 0.16811521351337433
        }
      },
      "world_space": {
        "head": {
          "x": 0.42740827798843384,
          "y": 0.25238871574401855,
          "z": 1.2206354141235352
        },
        "tail": {
          "x": 0.4800117015838623,
          "y": 0.2729288339614868,
          "z": 1.117969274520874
        },
        "rotation_quaternion": {
          "w": 0.26873978972435,
          "x": -0.4745849370956421,
          "y": -0.7179340720176697,
          "z": 0.4325723350048065
        },
        "matrix": [
          [
            -0.4050942659378052,
            0.4489430785179138,
            -0.7964600324630737,
            0.42740827798843384
          ],
          [
            0.9139411449432373,
            0.17529934644699097,
            -0.3660354018211365,
            0.25238871574401855
          ],
          [
            -0.02470942586660385,
            -0.876202404499054,
            -0.48132407665252686,
            1.2206354141235352
          ],
          [
            0.0,
            0.0,
            0.0,
            1.0
          ]
        ]
      },
      "bone_length_armature_space": 0.11717233671494198,
      "parent": "lowerarm_l",
      "has_children": true,
      "is_end_bone": false
    },
    "index_01_l": {
      "name": "index_01_l",
      "local": {
        "location": {
          "x": 0.0,
          "y": 0.0,
          "z": 0.0
        },
        "rotation_quaternion": {
          "w": 0.9941984415054321,
          "x": -0.10563866794109344,
          "y": -0.0009878110140562057,
          "z": -0.020224554464221
        },
        "scale": {
          "x": 1.0,
          "y": 1.0,
          "z": 1.0
        },
        "matrix_basis": [
          [
            0.9991799592971802,
            0.04042314365506172,
            0.002308829687535763,
            0.0
          ],
          [
            -0.04000573977828026,
            0.976862907409668,
            0.21009156107902527,
            0.0
          ],
          [
            0.006237150169909,
            -0.21001164615154266,
            0.9776790142059326,
            0.0
          ],
          [
            0.0,
            0.0,
            0.0,
            1.0
          ]
        ],
        "rotation_mode": "QUATERNION"
      },
      "armature_space": {
        "head": {
          "x": 0.4800117015838623,
          "y": 0.2096848338842392,
          "z": 0.16811521351337433
        },
        "tail": {
          "x": 0.4946359097957611,
          "y": 0.22699730098247528,
          "z": 0.1508096158504486
        }
      },
      "world_space": {
        "head": {
          "x": 0.4800117015838623,
          "y": 0.2729288339614868,
          "z": 1.117969274520874
        },
        "tail": {
          "x": 0.4946359097957611,
          "y": 0.2902413010597229,
          "z": 1.100663661956787
        },
        "rotation_quaternion": {
          "w": 0.2870500087738037,
          "x": -0.3794000446796417,
          "y": -0.8492214679718018,
          "z": 0.2290872186422348
        },
        "matrix": [
          [
            -0.5473150610923767,
            0.5128712058067322,
            -0.6613691449165344,
            0.4800117015838623
          ],
          [
            0.7759089469909668,
            0.6071490049362183,
            -0.1712767481803894,
            0.2729288339614868
          ],
          [
            0.3137095868587494,
            -0.6069082021713257,
            -0.7302483916282654,
            1.117969274520874
          ],
          [
            0.0,
            0.0,
            0.0,
            1.0
          ]
        ]
      },
      "bone_length_armature_space": 0.028514429554800907,
      "parent": "metacarpal_index_l",
      "has_children": true,
      "is_end_bone": false
    },
    "index_02_l": {
      "name": "index_02_l",
      "local": {
        "location": {
          "x": 0.0,
          "y": 0.0,
          "z": 0.0
        },
        "rotation_quaternion": {
          "w": 0.9995999336242676,
          "x": 0.027212679386138916,
          "y": 0.0073715029284358025,
          "z": -0.0022443877533078194
        },
        "scale": {
          "x": 1.0,
          "y": 1.0,
          "z": 1.0
        },
        "matrix_basis": [
          [
            0.9998812675476074,
            0.004888176452368498,
            0.014614956453442574,
            0.0
          ],
          [
            -0.004085782915353775,
            0.998508870601654,
            -0.05443667247891426,
            0.0
          ],
          [
            -0.014859259128570557,
            0.05437049642205238,
            0.9984102845191956,
            0.0
          ],
          [
            0.0,
            0.0,
            0.0,
            1.0
          ]
        ],
        "rotation_mode": "QUATERNION"
      },
      "armature_space": {
        "head": {
          "x": 0.49463602900505066,
          "y": 0.2269972860813141,
          "z": 0.15080906450748444
        },
        "tail": {
          "x": 0.506988525390625,
          "y": 0.24311824142932892,
          "z": 0.1351366639137268
        }
      },
      "world_space": {
        "head": {
          "x": 0.49463602900505066,
          "y": 0.2902413010597229,
          "z": 1.1006630659103394
        },
        "tail": {
          "x": 0.506988525390625,
          "y": 0.30636224150657654,
          "z": 1.0849907398223877
        },
        "rotation_quaternion": {
          "w": 0.27240827679634094,
          "x": -0.3565661311149597,
          "y": -0.8602339029312134,
          "z": 0.24218159914016724
        },
        "matrix": [
          [
            -0.5973078012466431,
            0.48151686787605286,
            -0.6413770914077759,
            0.49463602900505066
          ],
          [
            0.745405912399292,
            0.6284170150756836,
            -0.2224014401435852,
            0.2902413010597229
          ],
          [
            0.29596495628356934,
            -0.6109320521354675,
            -0.7342894077301025,
            1.1006630659103394
          ],
          [
            0.0,
            0.0,
            0.0,
            1.0
          ]
        ]
      },
      "bone_length_armature_space": 0.025653333410788088,
      "parent": "index_01_l",
      "has_children": true,
      "is_end_bone": false
    },
    "index_03_l": {
      "name": "index_03_l",
      "local": {
        "location": {
          "x": 0.0,
          "y": 0.0,
          "z": 0.0
        },
        "rotation_quaternion": {
          "w": 0.9999563694000244,
          "x": 0.004280803259462118,
          "y": 0.00395724643021822,
          "z": -0.007297978736460209
        },
        "scale": {
          "x": 1.0,
          "y": 1.0,
          "z": 1.0
        },
        "matrix_basis": [
          [
            0.9998621344566345,
            0.014629201032221317,
            0.007851664908230305,
            0.0
          ],
          [
            -0.014561439864337444,
            0.9998568296432495,
            -0.008618992753326893,
            0.0
          ],
          [
            -0.00797662977129221,
            0.008503473363816738,
            0.999932050704956,
            0.0
          ],
          [
            0.0,
            0.0,
            0.0,
            1.0
          ]
        ],
        "rotation_mode": "QUATERNION"
      },
      "armature_space": {
        "head": {
          "x": 0.5069885849952698,
          "y": 0.24311824142932892,
          "z": 0.13513676822185516
        },
        "tail": {
          "x": 0.5172797441482544,
          "y": 0.2629775106906891,
          "z": 0.11633682250976562
        }
      },
      "world_space": {
        "head": {
          "x": 0.5069885849952698,
          "y": 0.30636224150657654,
          "z": 1.0849907398223877
        },
        "tail": {
          "x": 0.5172797441482544,
          "y": 0.3262215256690979,
          "z": 1.0661908388137817
        },
        "rotation_quaternion": {
          "w": 0.3358423113822937,
          "x": -0.3074439764022827,
          "y": -0.8526713848114014,
          "z": 0.2562025487422943
        },
        "matrix": [
          [
            -0.5853756666183472,
            0.3522111773490906,
            -0.7302617430686951,
            0.5069885849952698
          ],
          [
            0.6963854432106018,
            0.6796767115592957,
            -0.23040659725666046,
            0.30636224150657654
          ],
          [
            0.415193647146225,
            -0.6434219479560852,
            -0.6431458592414856,
            1.0849907398223877
          ],
          [
            0.0,
            0.0,
            0.0,
            1.0
          ]
        ]
      },
      "bone_length_armature_space": 0.029218769639843382,
      "parent": "index_02_l",
      "has_children": false,
      "is_end_bone": true
    },
    "metacarpal_pinky_l": {
      "name": "metacarpal_pinky_l",
      "local": {
        "location": {
          "x": 0.0,
          "y": 0.0,
          "z": 0.0
        },
        "rotation_quaternion": {
          "w": 0.9987666606903076,
          "x": -0.04278707131743431,
          "y": -0.014477795921266079,
          "z": 0.02061185985803604
        },
        "scale": {
          "x": 1.0,
          "y": 1.0,
          "z": 1.0
        },
        "matrix_basis": [
          [
            0.9987310767173767,
            -0.0399339534342289,
            -0.030683722347021103,
            0.0
          ],
          [
            0.04241180047392845,
            0.9954888224601746,
            0.08487176895141602,
            0.0
          ],
          [
            0.027156038209795952,
            -0.08606542646884918,
            0.9959193468093872,
            0.0
          ],
          [
            0.0,
            0.0,
            0.0,
            1.0
          ]
        ],
        "rotation_mode": "QUATERNION"
      },
      "armature_space": {
        "head": {
          "x": 0.42740827798843384,
          "y": 0.18914470076560974,
          "z": 0.27078136801719666
        },
        "tail": {
          "x": 0.4704005718231201,
          "y": 0.2639191448688507,
          "z": 0.21244016289710999
        }
      },
      "world_space": {
        "head": {
          "x": 0.42740827798843384,
          "y": 0.25238871574401855,
          "z": 1.2206354141235352
        },
        "tail": {
          "x": 0.4704005718231201,
          "y": 0.3271631598472595,
          "z": 1.1622941493988037
        },
        "rotation_quaternion": {
          "w": 0.679959237575531,
          "x": -0.07037997245788574,
          "y": 0.629839301109314,
          "z": -0.3687880337238312
        },
        "matrix": [
          [
            -0.06540427356958389,
            0.41286835074424744,
            0.9084393382072449,
            0.42740827798843384
          ],
          [
            -0.5901786088943481,
            0.7180821895599365,
            -0.3688458204269409,
            0.25238871574401855
          ],
          [
            -0.8046250939369202,
            -0.5602687001228333,
            0.19670134782791138,
            1.2206354141235352
          ],
          [
            0.0,
            0.0,
            0.0,
            1.0
          ]
        ]
      },
      "bone_length_armature_space": 0.10413093208515083,
      "parent": "lowerarm_l",
      "has_children": true,
      "is_end_bone": false
    },
    "pinky_01_l": {
      "name": "pinky_01_l",
      "local": {
        "location": {
          "x": 0.0,
          "y": 0.0,
          "z": 0.0
        },
        "rotation_quaternion": {
          "w": 0.964033842086792,
          "x": 0.2654799520969391,
          "y": -0.0050992476753890514,
          "z": 0.011541944928467274
        },
        "scale": {
          "x": 1.0,
          "y": 1.0,
          "z": 1.0
        },
        "matrix_basis": [
          [
            0.9996815919876099,
            -0.02496114745736122,
            -0.0037033846601843834,
            0.0
          ],
          [
            0.019546154886484146,
            0.8587743639945984,
            -0.5119810104370117,
            0.0
          ],
          [
            0.015960004180669785,
            0.5117456316947937,
            0.8589887619018555,
            0.0
          ],
          [
            0.0,
            0.0,
            0.0,
            1.0
          ]
        ],
        "rotation_mode": "QUATERNION"
      },
      "armature_space": {
        "head": {
          "x": 0.4704005718231201,
          "y": 0.2639191448688507,
          "z": 0.21244016289710999
        },
        "tail": {
          "x": 0.46711456775665283,
