{
  "metadata": {
    "armature_name": "KIM_caucasian_male",
    "export_time": "2026-01-13T21:12:34.431212",
    "blender_version": "4.4.1",
    "bone_count": 56,
    "end_bone_count": 13,
    "spaces_included": [
      "LOCAL_CHANNELS",
      "ARMATURE_SPACE",
      "WORLD_SPACE"
    ],
    "note": "LOCAL matches Transform panel; replay pose via local.matrix_basis for best fidelity."
  },
  "bones": {
    "Root": {
      "name": "Root",
      "local": {
        "location": {
          "x": 0.0,
          "y": 0.0,
          "z": 0.0
        },
        "rotation_quaternion": {
          "w": 0.9997460842132568,
          "x": 0.018141141161322594,
          "y": -0.012491955421864986,
          "z": 0.004759327508509159
        },
        "scale": {
          "x": 1.0,
          "y": 1.0,
          "z": 1.0
        },
        "matrix_basis": [
          [
            0.9996426105499268,
            -0.009969474747776985,
            -0.024804888293147087,
            0.0
          ],
          [
            0.009063001722097397,
            0.9992964863777161,
            -0.0363919772207737,
            0.0
          ],
          [
            0.025150246918201447,
            0.036154162138700485,
            0.9990296959877014,
            0.0
          ],
          [
            0.0,
            0.0,
            0.0,
            1.0
          ]
        ],
        "rotation_mode": "QUATERNION"
      },
      "armature_space": {
        "head": {
          "x": 0.0,
          "y": 0.07072800397872925,
          "z": -0.009595036506652832
        },
        "tail": {
          "x": -0.000711579923518002,
          "y": -0.0002971440553665161,
          "z": -0.002563880756497383
        }
      },
      "world_space": {
        "head": {
          "x": 0.0,
          "y": 0.13397200405597687,
          "z": 0.9402589797973633
        },
        "tail": {
          "x": -0.000711579923518002,
          "y": 0.0629468560218811,
          "z": 0.9472901225090027
        },
        "rotation_quaternion": {
          "w": 0.04925062507390976,
          "x": 0.9986971020698547,
          "y": -0.005590072833001614,
          "z": -0.012142954394221306
        },
        "matrix": [
          [
            0.9996426105499268,
            -0.009969474747776985,
            -0.024804888293147087,
            0.0
          ],
          [
            -0.012361678294837475,
            -0.9950862526893616,
            -0.09823759645223618,
            0.13397200405597687
          ],
          [
            -0.0237038042396307,
            0.09850886464118958,
            -0.9948608875274658,
            0.9402589797973633
          ],
          [
            0.0,
            0.0,
            0.0,
            1.0
          ]
        ]
      },
      "bone_length_armature_space": 0.07137587189071863,
      "parent": null,
      "has_children": true,
      "is_end_bone": false
    },
    "spine_01": {
      "name": "spine_01",
      "local": {
        "location": {
          "x": 0.0,
          "y": 0.0,
          "z": 0.0
        },
        "rotation_quaternion": {
          "w": 0.9943547248840332,
          "x": 0.09082789719104767,
          "y": -0.05051916092634201,
          "z": 0.021373284980654716
        },
        "scale": {
          "x": 1.0,
          "y": 1.0,
          "z": 1.0
        },
        "matrix_basis": [
          [
            0.9939820170402527,
            -0.051682353019714355,
            -0.09658534824848175,
            0.0
          ],
          [
            0.03332815691828728,
            0.9825869798660278,
            -0.18278981745243073,
            0.0
          ],
          [
            0.1043505147099495,
            0.17847077548503876,
            0.9783962368965149,
            0.0
          ],
          [
            0.0,
            0.0,
            0.0,
            1.0
          ]
        ],
        "rotation_mode": "QUATERNION"
      },
      "armature_space": {
        "head": {
          "x": -0.000711579923518002,
          "y": -0.0002971440553665161,
          "z": -0.002563880756497383
        },
        "tail": {
          "x": -0.015551179647445679,
          "y": -0.08211951702833176,
          "z": 0.47830331325531006
        }
      },
      "world_space": {
        "head": {
          "x": -0.000711579923518002,
          "y": 0.0629468560218811,
          "z": 0.9472901225090027
        },
        "tail": {
          "x": -0.015551179647445679,
          "y": -0.018875516951084137,
          "z": 1.4281573295593262
        },
        "rotation_quaternion": {
          "w": 0.6433177590370178,
          "x": 0.7633616328239441,
          "y": -0.04804050549864769,
          "z": -0.033370498567819595
        },
        "matrix": [
          [
            0.9931570887565613,
            -0.030408939346671104,
            -0.11275822669267654,
            -0.000711579923518002
          ],
          [
            -0.11628033220767975,
            -0.16766837239265442,
            -0.9789618849754333,
            0.0629468560218811
          ],
          [
            0.010863172821700573,
            0.9853811264038086,
            -0.17005906999111176,
            0.9472901225090027
          ],
          [
            0.0,
            0.0,
            0.0,
            1.0
          ]
        ]
      },
      "bone_length_armature_space": 0.48800449127562007,
      "parent": "Root",
      "has_children": true,
      "is_end_bone": false
    },
    "neck_01": {
      "name": "neck_01",
      "local": {
        "location": {
          "x": 0.0,
          "y": 0.0,
          "z": 0.0
        },
        "rotation_quaternion": {
          "w": 0.9944925308227539,
          "x": 0.03694870322942734,
          "y": -0.005714178550988436,
          "z": 0.09791302680969238
        },
        "scale": {
          "x": 1.0,
          "y": 1.0,
          "z": 1.0
        },
        "matrix_basis": [
          [
            0.9807607531547546,
            -0.19516980648040771,
            -0.004129896871745586,
            0.0
          ],
          [
            0.1943252831697464,
            0.9780956506729126,
            -0.07460940629243851,
            0.0
          ],
          [
            0.018600935116410255,
            0.07237143069505692,
            0.9972043037414551,
            0.0
          ],
          [
            0.0,
            0.0,
            0.0,
            1.0
          ]
        ],
        "rotation_mode": "QUATERNION"
      },
      "armature_space": {
        "head": {
          "x": -0.021688180044293404,
          "y": -0.1283467710018158,
          "z": 0.5445536971092224
        },
        "tail": {
          "x": -0.04937426745891571,
          "y": -0.18508149683475494,
          "z": 0.6253334283828735
        }
      },
      "world_space": {
        "head": {
          "x": -0.021688180044293404,
          "y": -0.06510277092456818,
          "z": 1.4944076538085938
        },
        "tail": {
          "x": -0.04937426745891571,
          "y": -0.12183749675750732,
          "z": 1.5751874446868896
        },
        "rotation_quaternion": {
          "w": 0.4504263699054718,
          "x": 0.8810714483261108,
          "y": -0.14289413392543793,
          "z": 0.020260589197278023
        },
        "matrix": [
          [
            0.9583414196968079,
            -0.2700519263744354,
            -0.09302544593811035,
            -0.021688180044293404
          ],
          [
            -0.23354890942573547,
            -0.5533943176269531,
            -0.7995061278343201,
            -0.06510277092456818
          ],
          [
            0.16442927718162537,
            0.7879306077957153,
            -0.5934158563613892,
            1.4944076538085938
          ],
          [
            0.0,
            0.0,
            0.0,
            1.0
          ]
        ]
      },
      "bone_length_armature_space": 0.10252177228929153,
      "parent": "spine_01",
      "has_children": true,
      "is_end_bone": false
    },
    "head": {
      "name": "head",
      "local": {
        "location": {
          "x": 0.0,
          "y": 0.0,
          "z": 0.0
        },
        "rotation_quaternion": {
          "w": 0.9692718982696533,
          "x": 0.0019244228024035692,
          "y": 0.17307384312152863,
          "z": 0.1747967004776001
        },
        "scale": {
          "x": 1.0,
          "y": 1.0,
          "z": 1.0
        },
        "matrix_basis": [
          [
            0.8789831399917603,
            -0.3381849229335785,
            0.33618399500846863,
            0.0
          ],
          [
            0.339517205953598,
            0.9388847947120667,
            0.05677489563822746,
            0.0
          ],
          [
            -0.3348384499549866,
            0.06423605233430862,
            0.9400835037231445,
            0.0
          ],
          [
            0.0,
            0.0,
            0.0,
            1.0
          ]
        ],
        "rotation_mode": "QUATERNION"
      },
      "armature_space": {
        "head": {
          "x": -0.049374260008335114,
          "y": -0.1850815713405609,
          "z": 0.6253331899642944
        },
        "tail": {
          "x": -0.13332191109657288,
          "y": -0.21511228382587433,
          "z": 0.7522352933883667
        }
      },
      "world_space": {
        "head": {
          "x": -0.049374260008335114,
          "y": -0.1218375712633133,
          "z": 1.5751872062683105
        },
        "tail": {
          "x": -0.13332191109657288,
          "y": -0.1518682837486267,
          "z": 1.7020893096923828
        },
        "rotation_quaternion": {
          "w": 0.6109024286270142,
          "x": 0.7361289858818054,
          "y": -0.17315180599689484,
          "z": 0.2343733310699463
        },
        "matrix": [
          [
            0.830175518989563,
            -0.5412827730178833,
            0.13349835574626923,
            -0.049374260008335114
          ],
          [
            0.03143179416656494,
            -0.19363385438919067,
            -0.9805704951286316,
            -0.1218375712633133
          ],
          [
            0.5566194653511047,
            0.8182469606399536,
            -0.14373847842216492,
            1.5751872062683105
          ],
          [
            0.0,
            0.0,
            0.0,
            1.0
          ]
        ]
      },
      "bone_length_armature_space": 0.1550909244641635,
      "parent": "neck_01",
      "has_children": false,
      "is_end_bone": true
    },
    "upperarm_l": {
      "name": "upperarm_l",
      "local": {
        "location": {
          "x": 0.0,
          "y": 0.0,
          "z": 0.0
        },
        "rotation_quaternion": {
          "w": 0.8791128993034363,
          "x": -0.26549625396728516,
          "y": 0.21870797872543335,
          "z": -0.32990771532058716
        },
        "scale": {
          "x": 1.0,
          "y": 1.0,
          "z": 1.0
        },
        "matrix_basis": [
          [
            0.6866554617881775,
            0.4639199674129486,
            0.559716522693634,
            0.0
          ],
          [
            -0.6961845755577087,
            0.6413452625274658,
            0.3224954605102539,
            0.0
          ],
          [
            -0.20935948193073273,
            -0.6111092567443848,
            0.7633571028709412,
            0.0
          ],
          [
            0.0,
            0.0,
            0.0,
            1.0
          ]
        ],
        "rotation_mode": "QUATERNION"
      },
      "armature_space": {
        "head": {
          "x": 0.12896950542926788,
          "y": -0.13764223456382751,
          "z": 0.47941556572914124
        },
        "tail": {
          "x": 0.31368911266326904,
          "y": 0.033885881304740906,
          "z": 0.3885062336921692
        }
      },
      "world_space": {
        "head": {
          "x": 0.12896950542926788,
          "y": -0.0743982344865799,
          "z": 1.429269552230835
        },
        "tail": {
          "x": 0.31368911266326904,
          "y": 0.09712988138198853,
          "z": 1.33836030960083
        },
        "rotation_quaternion": {
          "w": 0.25978004932403564,
          "x": 0.3108751177787781,
          "y": 0.8675059080123901,
          "z": -0.2886255085468292
        },
        "matrix": [
          [
            -0.6717420220375061,
            0.6893308162689209,
            0.2712673246860504,
            0.12896950542926788
          ],
          [
            0.38941437005996704,
            0.640103280544281,
            -0.6622874140739441,
            -0.0743982344865799
          ],
          [
            -0.6301780939102173,
            -0.3392525911331177,
            -0.6984248757362366,
            1.429269552230835
          ],
          [
            0.0,
            0.0,
            0.0,
            1.0
          ]
        ]
      },
      "bone_length_armature_space": 0.2679696525135913,
      "parent": "spine_01",
      "has_children": true,
      "is_end_bone": false
    },
    "lowerarm_l": {
      "name": "lowerarm_l",
      "local": {
        "location": {
          "x": 0.0,
          "y": 0.0,
          "z": 0.0
        },
        "rotation_quaternion": {
          "w": 0.8518829345703125,
          "x": 0.5014177560806274,
          "y": 0.10471585392951965,
          "z": -0.10913507640361786
        },
        "scale": {
          "x": 1.0,
          "y": 1.0,
          "z": 1.0
        },
        "matrix_basis": [
          [
            0.9542482495307922,
            0.2909533977508545,
            0.06896676868200302,
            0.0
          ],
          [
            -0.08092784136533737,
            0.4733395278453827,
            -0.8771548271179199,
            0.0
          ],
          [
            -0.2878558337688446,
            0.83144211769104,
            0.4752296507358551,
            0.0
          ],
          [
            0.0,
            0.0,
            0.0,
            1.0
          ]
        ],
        "rotation_mode": "QUATERNION"
      },
      "armature_space": {
        "head": {
          "x": 0.3136892318725586,
          "y": 0.03388586640357971,
          "z": 0.3885062634944916
        },
        "tail": {
          "x": 0.4250637888908386,
          "y": -0.04807283729314804,
          "z": 0.15948963165283203
        }
      },
      "world_space": {
        "head": {
          "x": 0.3136892318725586,
          "y": 0.09712986648082733,
          "z": 1.33836030960083
        },
        "tail": {
          "x": 0.4250637888908386,
          "y": 0.015171162784099579,
          "z": 1.1093436479568481
        },
        "rotation_quaternion": {
          "w": 0.026617735624313354,
          "x": -0.3859490156173706,
          "y": -0.5883133411407471,
          "z": 0.7100861668586731
        },
        "matrix": [
          [
            -0.7006711959838867,
            0.41631537675857544,
            -0.5794322490692139,
            0.3136892318725586
          ],
          [
            0.49191761016845703,
            -0.3063596487045288,
            -0.8149608969688416,
            0.09712986648082733
          ],
          [
            -0.5167983174324036,
            -0.8560585975646973,
            0.009863734245300293,
            1.33836030960083
          ],
          [
            0.0,
            0.0,
            0.0,
            1.0
          ]
        ]
      },
      "bone_length_armature_space": 0.2675259619357191,
      "parent": "upperarm_l",
      "has_children": true,
      "is_end_bone": false
    },
    "metacarpal_thumb_l": {
      "name": "metacarpal_thumb_l",
      "local": {
        "location": {
          "x": 0.0,
          "y": 0.0,
          "z": 0.0
        },
        "rotation_quaternion": {
          "w": 0.9997916221618652,
          "x": -0.019353767856955528,
          "y": 0.005131421610713005,
          "z": -0.003974496386945248
        },
        "scale": {
          "x": 1.0,
          "y": 1.0,
          "z": 1.0
        },
        "matrix_basis": [
          [
            0.9999157190322876,
            0.007748711854219437,
            0.0104145472869277,
            0.0
          ],
          [
            -0.008145960979163647,
            0.9992192983627319,
            0.03865867853164673,
            0.0
          ],
          [
            -0.010106861591339111,
            -0.038740258663892746,
            0.9991981983184814,
            0.0
          ],
          [
            0.0,
            0.0,
            0.0,
            1.0
          ]
        ],
        "rotation_mode": "QUATERNION"
      },
      "armature_space": {
        "head": {
          "x": 0.4250637888908386,
          "y": -0.04807283729314804,
          "z": 0.15948963165283203
        },
        "tail": {
          "x": 0.4197772145271301,
          "y": -0.08021828532218933,
          "z": 0.12217570841312408
        }
      },
      "world_space": {
        "head": {
          "x": 0.4250637888908386,
          "y": 0.015171162784099579,
          "z": 1.1093436479568481
        },
        "tail": {
          "x": 0.4197772145271301,
          "y": -0.01697428524494171,
          "z": 1.072029709815979
        },
        "rotation_quaternion": {
          "w": 0.40043923258781433,
          "x": -0.8218618035316467,
          "y": -0.12315919250249863,
          "z": 0.3860357701778412
        },
        "matrix": [
          [
            0.6716173887252808,
            -0.10672672092914581,
            -0.7331711053848267,
            0.4250637888908386
          ],
          [
            0.5116066336631775,
            -0.64896160364151,
            0.5631231069564819,
            0.015171162784099579
          ],
          [
            -0.5359032154083252,
            -0.7533041834831238,
            -0.38125377893447876,
            1.1093436479568481
          ],
          [
            0.0,
            0.0,
            0.0,
            1.0
          ]
        ]
      },
      "bone_length_armature_space": 0.0495338936241057,
      "parent": "lowerarm_l",
      "has_children": true,
      "is_end_bone": false
    },
    "thumb_01_l": {
      "name": "thumb_01_l",
      "local": {
        "location": {
          "x": 0.0,
          "y": 0.0,
          "z": 0.0
        },
        "rotation_quaternion": {
          "w": 0.9597820043563843,
          "x": 0.2806641161441803,
          "y": -0.0018030256032943726,
          "z": -0.0065508694387972355
        },
        "scale": {
          "x": 1.0,
          "y": 1.0,
          "z": 1.0
        },
        "matrix_basis": [
          [
            0.9999076724052429,
            0.01156272366642952,
            -0.007138210814446211,
            0.0
          ],
          [
            -0.013586902059614658,
            0.8423694968223572,
            -0.5387291312217712,
            0.0
          ],
          [
            -0.00021616490266751498,
            0.5387763381004333,
            0.8424488306045532,
            0.0
          ],
          [
            0.0,
            0.0,
            0.0,
            1.0
          ]
        ],
        "rotation_mode": "QUATERNION"
      },
      "armature_space": {
        "head": {
          "x": 0.4197772145271301,
          "y": -0.08021828532218933,
          "z": 0.12217570841312408
        },
        "tail": {
          "x": 0.4108849763870239,
          "y": -0.07342297583818436,
          "z": 0.09002931416034698
        }
      },
      "world_space": {
        "head": {
          "x": 0.4197772145271301,
          "y": -0.01697428524494171,
          "z": 1.072029709815979
        },
        "tail": {
          "x": 0.4108849763870239,
          "y": -0.010178975760936737,
          "z": 1.0398833751678467
        },
        "rotation_quaternion": {
          "w": 0.6067109704017639,
          "x": -0.5824559926986694,
          "y": 0.48137229681015015,
          "z": -0.24683524668216705
        },
        "matrix": [
          [
            0.41470369696617126,
            -0.26124024391174316,
            0.8716506958007812,
            0.4197772145271301
          ],
          [
            -0.8602728843688965,
            0.19963562488555908,
            0.4691227972507477,
            -0.01697428524494171
          ],
          [
            -0.2965690791606903,
            -0.9444105625152588,
            -0.14194875955581665,
            1.072029709815979
          ],
          [
            0.0,
            0.0,
            0.0,
            1.0
          ]
        ]
      },
      "bone_length_armature_space": 0.03403878332128748,
      "parent": "metacarpal_thumb_l",
      "has_children": true,
      "is_end_bone": false
    },
    "thumb_02_l": {
      "name": "thumb_02_l",
      "local": {
        "location": {
          "x": 0.0,
          "y": 0.0,
          "z": 0.0
        },
        "rotation_quaternion": {
          "w": 0.8915943503379822,
          "x": 0.45279252529144287,
          "y": -0.006152360700070858,
          "z": -0.0008835759363137186
        },
        "scale": {
          "x": 1.0,
          "y": 1.0,
          "z": 1.0
        },
        "matrix_basis": [
          [
            0.9999227523803711,
            -0.003995903301984072,
            -0.011770972982048988,
            0.0
          ],
          [
            -0.007147068623453379,
            0.5899562835693359,
            -0.8074036240577698,
            0.0
          ],
          [
            0.010170666500926018,
            0.8074253797531128,
            0.5898821353912354,
            0.0
          ],
          [
            0.0,
            0.0,
            0.0,
            1.0
          ]
        ],
        "rotation_mode": "QUATERNION"
      },
      "armature_space": {
        "head": {
          "x": 0.41088491678237915,
          "y": -0.07342296838760376,
          "z": 0.09002934396266937
        },
        "tail": {
          "x": 0.44937485456466675,
          "y": -0.08394622802734375,
          "z": 0.09460815042257309
        }
      },
      "world_space": {
        "head": {
          "x": 0.41088491678237915,
          "y": -0.01017896831035614,
          "z": 1.0398833751678467
        },
        "tail": {
          "x": 0.44937485456466675,
          "y": -0.02070222795009613,
          "z": 1.0444622039794922
        },
        "rotation_quaternion": {
          "w": 0.6060210466384888,
          "x": 0.039508335292339325,
          "y": -0.04166746512055397,
          "z": -0.7933734655380249
        },
        "matrix": [
          [
            -0.26235517859458923,
            0.9583099484443665,
            -0.11319220066070557,
            0.41088491678237915
          ],
          [
            -0.9648944735527039,
            -0.262004554271698,
            0.018229909241199493,
            -0.01017896831035614
          ],
          [
            -0.012188037857413292,
            0.11400169134140015,
            0.9934128522872925,
            1.0398833751678467
          ],
          [
            0.0,
            0.0,
            0.0,
            1.0
          ]
        ]
      },
      "bone_length_armature_space": 0.04016440921320923,
      "parent": "thumb_01_l",
      "has_children": true,
      "is_end_bone": false
    },
    "thumb_03_l": {
      "name": "thumb_03_l",
      "local": {
        "location": {
          "x": 0.0,
          "y": 0.0,
          "z": 0.0
        },
        "rotation_quaternion": {
          "w": 0.9860144257545471,
          "x": 0.1666228324174881,
          "y": 0.0034825284965336323,
          "z": 0.0005003251135349274
        },
        "scale": {
          "x": 1.0,
          "y": 1.0,
          "z": 1.0
        },
        "matrix_basis": [
          [
            0.9999752640724182,
            0.00017388197011314332,
            0.007034377660602331,
            0.0
          ],
          [
            0.002147193066775799,
            0.944473147392273,
            -0.3285815417766571,
            0.0
          ],
          [
            -0.0067009152844548225,
            0.3285885155200958,
            0.9444494247436523,
            0.0
          ],
          [
            0.0,
            0.0,
            0.0,
            1.0
          ]
        ],
        "rotation_mode": "QUATERNION"
      },
      "armature_space": {
        "head": {
          "x": 0.449374794960022,
          "y": -0.08394626528024673,
          "z": 0.09460809081792831
        },
        "tail": {
          "x": 0.4719884991645813,
          "y": -0.08954757452011108,
          "z": 0.11420765519142151
        }
      },
      "world_space": {
        "head": {
          "x": 0.449374794960022,
          "y": -0.020702265202999115,
          "z": 1.0444620847702026
        },
        "tail": {
          "x": 0.4719884991645813,
          "y": -0.026303574442863464,
          "z": 1.0640616416931152
        },
        "rotation_quaternion": {
          "w": 0.623367965221405,
          "x": 0.3649366497993469,
          "y": -0.13935725390911102,
          "z": -0.67735755443573
        },
        "matrix": [
          [
            0.04353496432304382,
            0.7427747249603271,
            -0.6681250333786011,
            0.449374794960022
          ],
          [
            -0.9461989402770996,
            -0.18398189544677734,
            -0.2661924362182617,
            -0.020702265202999115
          ],
          [
            -0.3206470012664795,
            0.6437718868255615,
            0.6948074102401733,
            1.0444620847702026
          ],
          [
            0.0,
            0.0,
            0.0,
            1.0
          ]
        ]
      },
      "bone_length_armature_space": 0.030444986433751903,
      "parent": "thumb_02_l",
      "has_children": false,
      "is_end_bone": true
    },
    "metacarpal_index_l": {
      "name": "metacarpal_index_l",
      "local": {
        "location": {
          "x": 0.0,
          "y": 0.0,
          "z": 0.0
        },
        "rotation_quaternion": {
          "w": 0.9999728798866272,
          "x": 0.0013908573891967535,
          "y": -0.004022848326712847,
          "z": 0.0060118418186903
        },
        "scale": {
          "x": 1.0,
          "y": 1.0,
          "z": 1.0
        },
        "matrix_basis": [
          [
            0.9998953342437744,
            -0.01203454751521349,
            -0.008028754964470863,
            0.0
          ],
          [
            0.012012166902422905,
            0.999923825263977,
            -0.0028300087433308363,
            0.0
          ],
          [
            0.008062201552093029,
            0.00273326993919909,
            0.9999637603759766,
            0.0
          ],
          [
            0.0,
            0.0,
            0.0,
            1.0
          ]
        ],
        "rotation_mode": "QUATERNION"
      },
      "armature_space": {
        "head": {
          "x": 0.4250637888908386,
          "y": -0.04807283729314804,
          "z": 0.15948963165283203
        },
        "tail": {
          "x": 0.44608521461486816,
          "y": -0.10963362455368042,
          "z": 0.06203331798315048
        }
      },
      "world_space": {
        "head": {
          "x": 0.4250637888908386,
          "y": 0.015171162784099579,
          "z": 1.1093436479568481
        },
        "tail": {
          "x": 0.44608521461486816,
          "y": -0.0463896244764328,
          "z": 1.0118873119354248
        },
        "rotation_quaternion": {
          "w": 0.30961498618125916,
          "x": -0.6847493648529053,
          "y": -0.37609025835990906,
          "z": 0.5420452356338501
        },
        "matrix": [
          [
            0.12948641180992126,
            0.1794070601463318,
            -0.9752162098884583,
            0.4250637888908386
          ],
          [
            0.8507059812545776,
            -0.5253893733024597,
            0.016300372779369354,
            0.015171162784099579
          ],
          [
            -0.5094463229179382,
            -0.8317391276359558,
            -0.2206549197435379,
            1.1093436479568481
          ],
          [
            0.0,
            0.0,
            0.0,
            1.0
          ]
        ]
      },
      "bone_length_armature_space": 0.1171723678872335,
      "parent": "lowerarm_l",
      "has_children": true,
      "is_end_bone": false
    },
    "index_01_l": {
      "name": "index_01_l",
      "local": {
        "location": {
          "x": 0.0,
          "y": 0.0,
          "z": 0.0
        },
        "rotation_quaternion": {
          "w": 0.9554295539855957,
          "x": 0.2948486804962158,
          "y": 0.005501916166394949,
          "z": 0.013727194629609585
        },
        "scale": {
          "x": 1.0,
          "y": 1.0,
          "z": 1.0
        },
        "matrix_basis": [
          [
            0.9995625615119934,
            -0.022986268624663353,
            0.018608277663588524,
            0.0
          ],
          [
            0.029475200921297073,
            0.8257516622543335,
            -0.5632632374763489,
            0.0
          ],
          [
            -0.0024184961803257465,
            0.5635653138160706,
            0.8260679841041565,
            0.0
          ],
          [
            0.0,
            0.0,
            0.0,
            1.0
          ]
        ],
        "rotation_mode": "QUATERNION"
      },
      "armature_space": {
        "head": {
          "x": 0.44608521461486816,
          "y": -0.10963362455368042,
          "z": 0.06203331798315048
        },
        "tail": {
          "x": 0.43900713324546814,
          "y": -0.11492887884378433,
          "z": 0.03492352366447449
        }
      },
      "world_space": {
        "head": {
          "x": 0.44608521461486816,
          "y": -0.0463896244764328,
          "z": 1.0118873119354248
        },
        "tail": {
          "x": 0.43900713324546814,
          "y": -0.05168487876653671,
          "z": 0.984777569770813
        },
        "rotation_quaternion": {
          "w": 0.5297207236289978,
          "x": -0.5100389719009399,
          "y": -0.35572898387908936,
          "z": 0.5768128037452698
        },
        "matrix": [
          [
            0.08148889243602753,
            -0.2482290267944336,
            -0.9652679562568665,
            0.44608521461486816
          ],
          [
            0.973970890045166,
            -0.18570484220981598,
            0.1299796849489212,
            -0.0463896244764328
          ],
          [
            -0.2115199863910675,
            -0.9507414698600769,
            0.22663670778274536,
            1.0118873119354248
          ],
          [
            0.0,
            0.0,
            0.0,
            1.0
          ]
        ]
      },
      "bone_length_armature_space": 0.028514555607300394,
      "parent": "metacarpal_index_l",
      "has_children": true,
      "is_end_bone": false
    },
    "index_02_l": {
      "name": "index_02_l",
      "local": {
        "location": {
          "x": 0.0,
          "y": 0.0,
          "z": 0.0
        },
        "rotation_quaternion": {
          "w": 0.8994038701057434,
          "x": 0.43700528144836426,
          "y": -0.009535497985780239,
          "z": -0.0028789674397557974
        },
        "scale": {
          "x": 1.0,
          "y": 1.0,
          "z": 1.0
        },
        "matrix_basis": [
          [
            0.9998015761375427,
            -0.0031554170418530703,
            -0.01966877467930317,
            0.0
          ],
          [
            -0.013512834906578064,
            0.6180362105369568,
            -0.786033570766449,
            0.0
          ],
          [
            0.01463628001511097,
            0.7861433625221252,
            0.6178709268569946,
            0.0
          ],
          [
            0.0,
            0.0,
            0.0,
            1.0
          ]
        ],
        "rotation_mode": "QUATERNION"
      },
      "armature_space": {
        "head": {
          "x": 0.4390067160129547,
          "y": -0.11492913961410522,
          "z": 0.03492328152060509
        },
        "tail": {
          "x": 0.41594037413597107,
          "y": -0.1163378357887268,
          "z": 0.023785460740327835
        }
      },
      "world_space": {
        "head": {
          "x": 0.4390067160129547,
          "y": -0.051685139536857605,
          "z": 0.9847772717475891
        },
        "tail": {
          "x": 0.41594037413597107,
          "y": -0.05309383571147919,
          "z": 0.9736394882202148
        },
        "rotation_quaternion": {
          "w": 0.6793816089630127,
          "x": -0.21239127218723297,
          "y": -0.10480421781539917,
          "z": 0.6945118308067322
        },
        "matrix": [
          [
            0.013340485282242298,
            -0.8991584777832031,
            -0.4374202489852905,
            0.4390067160129547
          ],
          [
            0.9881958365440369,
            -0.05491294339299202,
            0.14301703870296478,
            -0.051685139536857605
          ],
          [
            -0.15261490643024445,
            -0.434167742729187,
            0.8878183364868164,
            0.9847772717475891
          ],
          [
            0.0,
            0.0,
            0.0,
            1.0
          ]
        ]
      },
      "bone_length_armature_space": 0.02565329643742656,
      "parent": "index_01_l",
      "has_children": true,
      "is_end_bone": false
    },
    "index_03_l": {
      "name": "index_03_l",
      "local": {
        "location": {
          "x": 0.0,
          "y": 0.0,
          "z": 0.0
        },
        "rotation_quaternion": {
          "w": 0.9312037229537964,
          "x": 0.36449018120765686,
          "y": 0.002012680983170867,
          "z": -0.0016080819768831134
        },
        "scale": {
          "x": 1.0,
          "y": 1.0,
          "z": 1.0
        },
        "matrix_basis": [
          [
            0.9999867081642151,
            0.004462108947336674,
            0.002576171886175871,
            0.0
          ],
          [
            -0.0015276989433914423,
            0.7342886328697205,
            -0.6788356900215149,
            0.0
          ],
          [
            -0.004920692183077335,
            0.6788227558135986,
            0.7342857122421265,
            0.0
          ],
          [
            0.0,
            0.0,
            0.0,
            1.0
          ]
        ],
        "rotation_mode": "QUATERNION"
      },
      "armature_space": {
        "head": {
          "x": 0.41594043374061584,
          "y": -0.11633788049221039,
          "z": 0.023785341531038284
        },
        "tail": {
          "x": 0.3891013562679291,
          "y": -0.11095026135444641,
          "z": 0.03400152549147606
        }
      },
      "world_space": {
        "head": {
          "x": 0.41594043374061584,
          "y": -0.05309388041496277,
          "z": 0.9736393690109253
        },
        "tail": {
          "x": 0.3891013562679291,
          "y": -0.04770626127719879,
          "z": 0.9838555455207825
        },
        "rotation_quaternion": {
          "w": 0.7462669610977173,
          "x": 0.07463181763887405,
          "y": 0.18783147633075714,
          "z": 0.6342201232910156
        },
        "matrix": [
          [
            0.12496718764305115,
            -0.9185590147972107,
            0.37501049041748047,
            0.41594043374061584
          ],
          [
            0.9746311902999878,
            0.1843896210193634,
            0.12686505913734436,
            -0.05309388041496277
          ],
          [
            -0.18568125367164612,
            0.34964561462402344,
            0.9183053374290466,
            0.9736393690109253
          ],
          [
            0.0,
            0.0,
            0.0,
            1.0
          ]
        ]
      },
      "bone_length_armature_space": 0.02921870906650145,
      "parent": "index_02_l",
      "has_children": false,
      "is_end_bone": true
    },
    "metacarpal_pinky_l": {
      "name": "metacarpal_pinky_l",
      "local": {
        "location": {
          "x": 0.0,
          "y": 0.0,
          "z": 0.0
        },
        "rotation_quaternion": {
          "w": 0.9996027946472168,
          "x": 0.014371635392308235,
          "y": -0.018501710146665573,
          "z": 0.01566740870475769
        },
        "scale": {
          "x": 1.0,
          "y": 1.0,
          "z": 1.0
        },
        "matrix_basis": [
          [
            0.998824417591095,
            -0.03185417130589485,
            -0.03653838858008385,
            0.0
          ],
          [
            0.030790571123361588,
            0.9990959763526917,
            -0.02931160107254982,
            0.0
          ],
          [
            0.03743905574083328,
            0.0281521063297987,
            0.9989022612571716,
            0.0
          ],
          [
            0.0,
            0.0,
            0.0,
            1.0
          ]
        ],
        "rotation_mode": "QUATERNION"
      },
      "armature_space": {
        "head": {
          "x": 0.4250637888908386,
          "y": -0.04807283729314804,
          "z": 0.15948963165283203
        },
        "tail": {
          "x": 0.48788678646087646,
          "y": -0.05215238034725189,
          "z": 0.07654421031475067
        }
      },
      "world_space": {
        "head": {
          "x": 0.4250637888908386,
          "y": 0.015171162784099579,
          "z": 1.1093436479568481
        },
        "tail": {
          "x": 0.48788678646087646,
          "y": 0.011091619729995728,
          "z": 1.0263981819152832
        },
        "rotation_quaternion": {
          "w": 0.4650416374206543,
          "x": -0.06281549483537674,
          "y": 0.5139526128768921,
          "z": -0.7180830836296082
        },
        "matrix": [
          [
            -0.559578537940979,
            0.6033087968826294,
            0.5682346224784851,
            0.4250637888908386
          ],
          [
            -0.7324479222297668,
            -0.03917712718248367,
            -0.6796952486038208,
            0.015171162784099579
          ],
          [
            -0.38780760765075684,
            -0.7965506315231323,
            0.4638172686100006,
            1.1093436479568481
          ],
          [
            0.0,
            0.0,
            0.0,
            1.0
          ]
        ]
      },
      "bone_length_armature_space": 0.10413123754397,
      "parent": "lowerarm_l",
      "has_children": true,
      "is_end_bone": false
    },
    "pinky_01_l": {
      "name": "pinky_01_l",
      "local": {
        "location": {
          "x": 0.0,
          "y": 0.0,
          "z": 0.0
        },
        "rotation_quaternion": {
          "w": 0.9373416900634766,
          "x": 0.3483184278011322,
          "y": -0.0005695906584151089,
          "z": 0.008042828179895878
        },
        "scale": {
          "x": 1.0,
          "y": 1.0,
          "z": 1.0
        },
        "matrix_basis": [
          [
            0.9998700022697449,
            -0.015474554151296616,
            0.004535128362476826,
            0.0
          ],
          [
            0.014680958352982998,
            0.7572191953659058,
            -0.6529959440231323,
            0.0
          ],
          [
            0.006670732516795397,
            0.6529775857925415,
            0.7573478817939758,
            0.0
          ],
          [
            0.0,
            0.0,
            0.0,
            1.0
          ]
        ],
        "rotation_mode": "QUATERNION"
      },
      "armature_space": {
        "head": {
          "x": 0.48788678646087646,
          "y": -0.05215238034725189,
