{
  "metadata": {
    "armature_name": "KIM_caucasian_male",
    "export_time": "2026-01-13T21:05:30.367248",
    "blender_version": "4.4.1",
    "bone_count": 56,
    "end_bone_count": 13,
    "spaces_included": [
      "LOCAL_CHANNELS",
      "ARMATURE_SPACE",
      "WORLD_SPACE"
    ],
    "note": "LOCAL matches Transform panel; replay pose via local.matrix_basis for best fidelity."
  },
  "bones": {
    "Root": {
      "name": "Root",
      "local": {
        "location": {
          "x": 0.0,
          "y": 0.0,
          "z": 0.0
        },
        "rotation_quaternion": {
          "w": 0.9997721910476685,
          "x": 0.015615944750607014,
          "y": -0.0013598911464214325,
          "z": -0.014493167400360107
        },
        "scale": {
          "x": 1.0,
          "y": 1.0,
          "z": 1.0
        },
        "matrix_basis": [
          [
            0.999576210975647,
            0.028937259688973427,
            -0.0031718118116259575,
            0.0
          ],
          [
            -0.029022203758358955,
            0.999092161655426,
            -0.03118535690009594,
            0.0
          ],
          [
            0.0022665136493742466,
            0.03126419335603714,
            0.9995085597038269,
            0.0
          ],
          [
            0.0,
            0.0,
            0.0,
            1.0
          ]
        ],
        "rotation_mode": "QUATERNION"
      },
      "armature_space": {
        "head": {
          "x": 0.0,
          "y": 0.07072800397872925,
          "z": -0.009595036506652832
        },
        "tail": {
          "x": 0.002065422013401985,
          "y": -0.00023576617240905762,
          "z": -0.0022199805825948715
        }
      },
      "world_space": {
        "head": {
          "x": 0.0,
          "y": 0.13397200405597687,
          "z": 0.9402589797973633
        },
        "tail": {
          "x": 0.002065422013401985,
          "y": 0.06300823390483856,
          "z": 0.9476340413093567
        },
        "rotation_quaternion": {
          "w": 0.05177184194326401,
          "x": 0.9985529184341431,
          "y": 0.014368632808327675,
          "z": -0.0023331749252974987
        },
        "matrix": [
          [
            0.999576210975647,
            0.028937259688973427,
            -0.0031718118116259575,
            0.0
          ],
          [
            0.028454087674617767,
            -0.9942263960838318,
            -0.10346134006977081,
            0.13397200405597687
          ],
          [
            -0.0061474028043448925,
            0.10332702100276947,
            -0.9946354627609253,
            0.9402589797973633
          ],
          [
            0.0,
            0.0,
            0.0,
            1.0
          ]
        ]
      },
      "bone_length_armature_space": 0.07137586536784149,
      "parent": null,
      "has_children": true,
      "is_end_bone": false
    },
    "spine_01": {
      "name": "spine_01",
      "local": {
        "location": {
          "x": 0.0,
          "y": 0.0,
          "z": 0.0
        },
        "rotation_quaternion": {
          "w": 0.9951239824295044,
          "x": 0.07812527567148209,
          "y": -0.025678258389234543,
          "z": 0.054454345256090164
        },
        "scale": {
          "x": 1.0,
          "y": 1.0,
          "z": 1.0
        },
        "matrix_basis": [
          [
            0.9927507042884827,
            -0.11238989233970642,
            -0.04259758070111275,
            0.0
          ],
          [
            0.10436540842056274,
            0.9818623065948486,
            -0.1582852602005005,
            0.0
          ],
          [
            0.059614624828100204,
            0.15269207954406738,
            0.9864741563796997,
            0.0
          ],
          [
            0.0,
            0.0,
            0.0,
            1.0
          ]
        ],
        "rotation_mode": "QUATERNION"
      },
      "armature_space": {
        "head": {
          "x": 0.002065422013401985,
          "y": -0.00023576617240905762,
          "z": -0.0022199805825948715
        },
        "tail": {
          "x": -0.04789707064628601,
          "y": -0.06879668682813644,
          "z": 0.47835418581962585
        }
      },
      "world_space": {
        "head": {
          "x": 0.002065422013401985,
          "y": 0.06300823390483856,
          "z": 0.9476340413093567
        },
        "tail": {
          "x": -0.04789707064628601,
          "y": -0.0055526867508888245,
          "z": 1.4282082319259644
        },
        "rotation_quaternion": {
          "w": 0.6540935039520264,
          "x": 0.7546359300613403,
          "y": -0.0437590517103672,
          "z": 0.027777010574936867
        },
        "matrix": [
          [
            0.9946271777153015,
            -0.10238189250230789,
            -0.015322612598538399,
            0.002065422013401985
          ],
          [
            -0.029707398265600204,
            -0.14049333333969116,
            -0.9896358847618103,
            0.06300823390483856
          ],
          [
            0.09916873276233673,
            0.9847806096076965,
            -0.14278191328048706,
            0.9476340413093567
          ],
          [
            0.0,
            0.0,
            0.0,
            1.0
          ]
        ]
      },
      "bone_length_armature_space": 0.4880044753521542,
      "parent": "Root",
      "has_children": true,
      "is_end_bone": false
    },
    "neck_01": {
      "name": "neck_01",
      "local": {
        "location": {
          "x": 0.0,
          "y": 0.0,
          "z": 0.0
        },
        "rotation_quaternion": {
          "w": 0.9943277835845947,
          "x": 0.05848802998661995,
          "y": -0.07710684090852737,
          "z": -0.044113315641880035
        },
        "scale": {
          "x": 1.0,
          "y": 1.0,
          "z": 1.0
        },
        "matrix_basis": [
          [
            0.98421710729599,
            0.0787065327167511,
            -0.15849915146827698,
            0.0
          ],
          [
            -0.09674584865570068,
            0.9892663359642029,
            -0.1095096692442894,
            0.0
          ],
          [
            0.14817874133586884,
            0.1231154203414917,
            0.9812673926353455,
            0.0
          ],
          [
            0.0,
            0.0,
            0.0,
            1.0
          ]
        ],
        "rotation_mode": "QUATERNION"
      },
      "armature_space": {
        "head": {
          "x": -0.055924709886312485,
          "y": -0.11340440064668655,
          "z": 0.5455065965652466
        },
        "tail": {
          "x": -0.057804036885499954,
          "y": -0.17584778368473053,
          "z": 0.6267961859703064
        }
      },
      "world_space": {
        "head": {
          "x": -0.055924709886312485,
          "y": -0.050160400569438934,
          "z": 1.4953606128692627
        },
        "tail": {
          "x": -0.057804036885499954,
          "y": -0.11260378360748291,
          "z": 1.5766501426696777
        },
        "rotation_quaternion": {
          "w": 0.4406673014163971,
          "x": 0.8954681754112244,
          "y": -0.03568935766816139,
          "z": -0.05172418802976608
        },
        "matrix": [
          [
            0.9921018481254578,
            -0.01833108812570572,
            -0.12408896535634995,
            -0.055924709886312485
          ],
          [
            -0.10950373113155365,
            -0.6090769171714783,
            -0.7855154871940613,
            -0.050160400569438934
          ],
          [
            -0.061180904507637024,
            0.7929041981697083,
            -0.606278657913208,
            1.4953606128692627
          ],
          [
            0.0,
            0.0,
            0.0,
            1.0
          ]
        ]
      },
      "bone_length_armature_space": 0.10252173057673758,
      "parent": "spine_01",
      "has_children": true,
      "is_end_bone": false
    },
    "head": {
      "name": "head",
      "local": {
        "location": {
          "x": 0.0,
          "y": 0.0,
          "z": 0.0
        },
        "rotation_quaternion": {
          "w": 0.9919463396072388,
          "x": 0.0625162348151207,
          "y": -0.027720101177692413,
          "z": 0.10661047697067261
        },
        "scale": {
          "x": 1.0,
          "y": 1.0,
          "z": 1.0
        },
        "matrix_basis": [
          [
            0.975731611251831,
            -0.214969664812088,
            -0.04166393354535103,
            0.0
          ],
          [
            0.2080378383398056,
            0.9694518446922302,
            -0.12993600964546204,
            0.0
          ],
          [
            0.06832347810268402,
            0.11811499297618866,
            0.9906466603279114,
            0.0
          ],
          [
            0.0,
            0.0,
            0.0,
            1.0
          ]
        ],
        "rotation_mode": "QUATERNION"
      },
      "armature_space": {
        "head": {
          "x": -0.05780405551195145,
          "y": -0.1758478581905365,
          "z": 0.6267960071563721
        },
        "tail": {
          "x": -0.08908329904079437,
          "y": -0.23221692442893982,
          "z": 0.7678540945053101
        }
      },
      "world_space": {
        "head": {
          "x": -0.05780405551195145,
          "y": -0.11260385811328888,
          "z": 1.5766500234603882
        },
        "tail": {
          "x": -0.08908329904079437,
          "y": -0.1689729243516922,
          "z": 1.7177081108093262
        },
        "rotation_quaternion": {
          "w": 0.548513650894165,
          "x": 0.825538694858551,
          "y": -0.13191892206668854,
          "z": -0.01469829399138689
        },
        "matrix": [
          [
            0.9647626876831055,
            -0.20168419182300568,
            -0.16898752748966217,
            -0.05780405551195145
          ],
          [
            -0.23393362760543823,
            -0.36345988512039185,
            -0.9017607569694519,
            -0.11260385811328888
          ],
          [
            0.12045123428106308,
            0.9095225930213928,
            -0.39783695340156555,
            1.5766500234603882
          ],
          [
            0.0,
            0.0,
            0.0,
            1.0
          ]
        ]
      },
      "bone_length_armature_space": 0.15509109354263823,
      "parent": "neck_01",
      "has_children": false,
      "is_end_bone": true
    },
    "upperarm_l": {
      "name": "upperarm_l",
      "local": {
        "location": {
          "x": 0.0,
          "y": 0.0,
          "z": 0.0
        },
        "rotation_quaternion": {
          "w": 0.8773009777069092,
          "x": 0.37065955996513367,
          "y": -0.09806981682777405,
          "z": 0.28868111968040466
        },
        "scale": {
          "x": 1.0,
          "y": 1.0,
          "z": 1.0
        },
        "matrix_basis": [
          [
            0.8140910267829895,
            -0.5792214870452881,
            0.04193134233355522,
            0.0
          ],
          [
            0.43381941318511963,
            0.5585494041442871,
            -0.7069817781448364,
            0.0
          ],
          [
            0.3860783278942108,
            0.5937381982803345,
            0.7059876322746277,
            0.0
          ],
          [
            0.0,
            0.0,
            0.0,
            1.0
          ]
        ],
        "rotation_mode": "QUATERNION"
      },
      "armature_space": {
        "head": {
          "x": 0.10010135918855667,
          "y": -0.11157434433698654,
          "z": 0.49374163150787354
        },
        "tail": {
          "x": 0.24091672897338867,
          "y": -0.29224836826324463,
          "z": 0.6327947974205017
        }
      },
      "world_space": {
        "head": {
          "x": 0.10010135918855667,
          "y": -0.04833034425973892,
          "z": 1.4435956478118896
        },
        "tail": {
          "x": 0.24091672897338867,
          "y": -0.229004368185997,
          "z": 1.582648754119873
        },
        "rotation_quaternion": {
          "w": 0.39301761984825134,
          "x": 0.7740589380264282,
          "y": 0.0917651355266571,
          "z": -0.4878002405166626
        },
        "matrix": [
          [
            0.5072612762451172,
            0.5254904627799988,
            -0.6830416917800903,
            0.10010135918855667
          ],
          [
            -0.2413640320301056,
            -0.6742336750030518,
            -0.6979631781578064,
            -0.04833034425973892
          ],
          [
            -0.8273085951805115,
            0.5189142823219299,
            -0.21518030762672424,
            1.4435956478118896
          ],
          [
            0.0,
            0.0,
            0.0,
            1.0
          ]
        ]
      },
      "bone_length_armature_space": 0.2679698679931274,
      "parent": "spine_01",
      "has_children": true,
      "is_end_bone": false
    },
    "lowerarm_l": {
      "name": "lowerarm_l",
      "local": {
        "location": {
          "x": 0.0,
          "y": 0.0,
          "z": 0.0
        },
        "rotation_quaternion": {
          "w": 0.8639459609985352,
          "x": 0.4655487835407257,
          "y": -0.19147172570228577,
          "z": 0.014156664721667767
        },
        "scale": {
          "x": 1.0,
          "y": 1.0,
          "z": 1.0
        },
        "matrix_basis": [
          [
            0.9262763261795044,
            -0.20274004340171814,
            -0.31766122579574585,
            0.0
          ],
          [
            -0.15381766855716705,
            0.5661278367042542,
            -0.8098391890525818,
            0.0
          ],
          [
            0.3440236747264862,
            0.7989968061447144,
            0.49320581555366516,
            0.0
          ],
          [
            0.0,
            0.0,
            0.0,
            1.0
          ]
        ],
        "rotation_mode": "QUATERNION"
      },
      "armature_space": {
        "head": {
          "x": 0.2409166842699051,
          "y": -0.2922484278678894,
          "z": 0.632794976234436
        },
        "tail": {
          "x": 0.10672037303447723,
          "y": -0.5043434500694275,
          "z": 0.7254043817520142
        }
      },
      "world_space": {
        "head": {
          "x": 0.2409166842699051,
          "y": -0.22900442779064178,
          "z": 1.5826489925384521
        },
        "tail": {
          "x": 0.10672037303447723,
          "y": -0.44109946489334106,
          "z": 1.6752583980560303
        },
        "rotation_quaternion": {
          "w": 0.029119348153471947,
          "x": -0.7273960113525391,
          "y": 0.3205440044403076,
          "z": 0.6060516834259033
        },
        "matrix": [
          [
            0.05990526080131531,
            -0.5016225576400757,
            -0.863010048866272,
            0.2409166842699051
          ],
          [
            -0.43102991580963135,
            -0.7928059697151184,
            0.4308968186378479,
            -0.22900442779064178
          ],
          [
            -0.900353729724884,
            0.34617170691490173,
            -0.2637088894844055,
            1.5826489925384521
          ],
          [
            0.0,
            0.0,
            0.0,
            1.0
          ]
        ]
      },
      "bone_length_armature_space": 0.26752467387313383,
      "parent": "upperarm_l",
      "has_children": true,
      "is_end_bone": false
    },
    "metacarpal_thumb_l": {
      "name": "metacarpal_thumb_l",
      "local": {
        "location": {
          "x": 0.0,
          "y": 0.0,
          "z": 0.0
        },
        "rotation_quaternion": {
          "w": 0.9994033575057983,
          "x": -0.03036593273282051,
          "y": 0.007359213195741177,
          "z": -0.014722553081810474
        },
        "scale": {
          "x": 1.0,
          "y": 1.0,
          "z": 1.0
        },
        "matrix_basis": [
          [
            0.9994581937789917,
            0.028980599716305733,
            0.015603773295879364,
            0.0
          ],
          [
            -0.02987447753548622,
            0.997722327709198,
            0.06047893688082695,
            0.0
          ],
          [
            -0.013815516605973244,
            -0.060912322252988815,
            0.9980475306510925,
            0.0
          ],
          [
            0.0,
            0.0,
            0.0,
            1.0
          ]
        ],
        "rotation_mode": "QUATERNION"
      },
      "armature_space": {
        "head": {
          "x": 0.10672037303447723,
          "y": -0.5043434500694275,
          "z": 0.7254043817520142
        },
        "tail": {
          "x": 0.06263293325901031,
          "y": -0.5269006490707397,
          "z": 0.7264313697814941
        }
      },
      "world_space": {
        "head": {
          "x": 0.10672037303447723,
          "y": -0.44109946489334106,
          "z": 1.6752583980560303
        },
        "tail": {
          "x": 0.06263293325901031,
          "y": -0.4636566638946533,
          "z": 1.6762853860855103
        },
        "rotation_quaternion": {
          "w": 0.10626824200153351,
          "x": 0.8389938473701477,
          "y": -0.5108925104141235,
          "z": 0.15422514081001282
        },
        "matrix": [
          [
            0.43040674924850464,
            -0.8900499939918518,
            0.15020348131656647,
            0.10672037303447723
          ],
          [
            -0.8244926929473877,
            -0.4553912878036499,
            -0.33590278029441833,
            -0.44109946489334106
          ],
          [
            0.3673733174800873,
            0.020732887089252472,
            -0.9298500418663025,
            1.6752583980560303
          ],
          [
            0.0,
            0.0,
            0.0,
            1.0
          ]
        ]
      },
      "bone_length_armature_space": 0.049533667982252894,
      "parent": "lowerarm_l",
      "has_children": true,
      "is_end_bone": false
    },
    "thumb_01_l": {
      "name": "thumb_01_l",
      "local": {
        "location": {
          "x": 0.0,
          "y": 0.0,
          "z": 0.0
        },
        "rotation_quaternion": {
          "w": 0.9986940622329712,
          "x": -0.04948990419507027,
          "y": -0.003663501236587763,
          "z": 0.01214623637497425
        },
        "scale": {
          "x": 1.0,
          "y": 1.0,
          "z": 1.0
        },
        "matrix_basis": [
          [
            0.9996780753135681,
            -0.023898135870695114,
            -0.008519666269421577,
            0.0
          ],
          [
            0.024623360484838486,
            0.9948064088821411,
            0.09876155108213425,
            0.0
          ],
          [
            0.006115201860666275,
            -0.09893954545259476,
            0.9950746297836304,
            0.0
          ],
          [
            0.0,
            0.0,
            0.0,
            1.0
          ]
        ],
        "rotation_mode": "QUATERNION"
      },
      "armature_space": {
        "head": {
          "x": 0.06263293325901031,
          "y": -0.5269006490707397,
          "z": 0.7264313697814941
        },
        "tail": {
          "x": 0.04413416609168053,
          "y": -0.5390568971633911,
          "z": 0.7005729675292969
        }
      },
      "world_space": {
        "head": {
          "x": 0.06263293325901031,
          "y": -0.4636566638946533,
          "z": 1.6762853860855103
        },
        "tail": {
          "x": 0.04413416609168053,
          "y": -0.4758129119873047,
          "z": 1.650426983833313
        },
        "rotation_quaternion": {
          "w": 0.13528244197368622,
          "x": 0.3055799901485443,
          "y": -0.5505757927894592,
          "z": 0.7649744153022766
        },
        "matrix": [
          [
            -0.7766397595405579,
            -0.5434647798538208,
            0.3185539245605469,
            0.06263293325901031
          ],
          [
            -0.12951190769672394,
            -0.35713157057762146,
            -0.9250319004058838,
            -0.4636566638946533
          ],
          [
            0.6164920926094055,
            -0.7596787810325623,
            0.2069779336452484,
            1.6762853860855103
          ],
          [
            0.0,
            0.0,
            0.0,
            1.0
          ]
        ]
      },
      "bone_length_armature_space": 0.03403873821896818,
      "parent": "metacarpal_thumb_l",
      "has_children": true,
      "is_end_bone": false
    },
    "thumb_02_l": {
      "name": "thumb_02_l",
      "local": {
        "location": {
          "x": 0.0,
          "y": 0.0,
          "z": 0.0
        },
        "rotation_quaternion": {
          "w": 0.9981118440628052,
          "x": 0.06136675924062729,
          "y": 0.002289785072207451,
          "z": 0.001271043554879725
        },
        "scale": {
          "x": 1.0,
          "y": 1.0,
          "z": 1.0
        },
        "matrix_basis": [
          [
            0.9999862909317017,
            -0.002256253967061639,
            0.004726923070847988,
            0.0
          ],
          [
            0.002818320645019412,
            0.9924650192260742,
            -0.12249595671892166,
            0.0
          ],
          [
            -0.0044149234890937805,
            0.12250760197639465,
            0.9924577474594116,
            0.0
          ],
          [
            0.0,
            0.0,
            0.0,
            1.0
          ]
        ],
        "rotation_mode": "QUATERNION"
      },
      "armature_space": {
        "head": {
          "x": 0.04413418471813202,
          "y": -0.5390568375587463,
          "z": 0.7005729675292969
        },
        "tail": {
          "x": 0.02365090698003769,
          "y": -0.5720950961112976,
          "z": 0.7106768488883972
        }
      },
      "world_space": {
        "head": {
          "x": 0.04413418471813202,
          "y": -0.4758128523826599,
          "z": 1.650426983833313
        },
        "tail": {
          "x": 0.02365090698003769,
          "y": -0.5088511109352112,
          "z": 1.6605308055877686
        },
        "rotation_quaternion": {
          "w": 0.29065465927124023,
          "x": 0.22512167692184448,
          "y": 0.06505221873521805,
          "z": 0.927689790725708
        },
        "matrix": [
          [
            -0.7296800017356873,
            -0.5099858641624451,
            0.4555013179779053,
            0.04413418471813202
          ],
          [
            0.5685643553733826,
            -0.8225760459899902,
            -0.010169334709644318,
            -0.4758128523826599
          ],
          [
            0.37987399101257324,
            0.2515624463558197,
            0.8901832699775696,
            1.650426983833313
          ],
          [
            0.0,
            0.0,
            0.0,
            1.0
          ]
        ]
      },
      "bone_length_armature_space": 0.040164406495893826,
      "parent": "thumb_01_l",
      "has_children": true,
      "is_end_bone": false
    },
    "thumb_03_l": {
      "name": "thumb_03_l",
      "local": {
        "location": {
          "x": 0.0,
          "y": 0.0,
          "z": 0.0
        },
        "rotation_quaternion": {
          "w": 0.9970625638961792,
          "x": 0.07638561725616455,
          "y": -0.005384697113186121,
          "z": 0.001610161503776908
        },
        "scale": {
          "x": 1.0,
          "y": 1.0,
          "z": 1.0
        },
        "matrix_basis": [
          [
            0.9999368190765381,
            -0.004033490549772978,
            -0.01049177348613739,
            0.0
          ],
          [
            0.002388236578553915,
            0.988325297832489,
            -0.15233981609344482,
            0.0
          ],
          [
            0.010983746498823166,
            0.15230514109134674,
            0.988272488117218,
            0.0
          ],
          [
            0.0,
            0.0,
            0.0,
            1.0
          ]
        ],
        "rotation_mode": "QUATERNION"
      },
      "armature_space": {
        "head": {
          "x": 0.02365085855126381,
          "y": -0.5720950365066528,
          "z": 0.7106767892837524
        },
        "tail": {
          "x": 0.017502572387456894,
          "y": -0.5967566967010498,
          "z": 0.7274367213249207
        }
      },
      "world_space": {
        "head": {
          "x": 0.02365085855126381,
          "y": -0.5088510513305664,
          "z": 1.6605308055877686
        },
        "tail": {
          "x": 0.017502572387456894,
          "y": -0.5335127115249634,
          "z": 1.677290678024292
        },
        "rotation_quaternion": {
          "w": 0.13703115284442902,
          "x": 0.10364702343940735,
          "y": 0.2760455906391144,
          "z": 0.9456630349159241
        },
        "matrix": [
          [
            -0.9409593939781189,
            -0.2019481062889099,
            0.2716841995716095,
            0.02365085855126381
          ],
          [
            0.31639349460601807,
            -0.8100424408912659,
            0.493686705827713,
            -0.5088510513305664
          ],
          [
            0.12037787586450577,
            0.5505013465881348,
            0.8261184692382812,
            1.6605308055877686
          ],
          [
            0.0,
            0.0,
            0.0,
            1.0
          ]
        ]
      },
      "bone_length_armature_space": 0.030444937560860152,
      "parent": "thumb_02_l",
      "has_children": false,
      "is_end_bone": true
    },
    "metacarpal_index_l": {
      "name": "metacarpal_index_l",
      "local": {
        "location": {
          "x": 0.0,
          "y": 0.0,
          "z": 0.0
        },
        "rotation_quaternion": {
          "w": 0.9992057085037231,
          "x": -0.03948747739195824,
          "y": 0.0014427112182602286,
          "z": -0.005151618737727404
        },
        "scale": {
          "x": 1.0,
          "y": 1.0,
          "z": 1.0
        },
        "matrix_basis": [
          [
            0.9999427795410156,
            0.010181115940213203,
            0.0032899794168770313,
            0.0
          ],
          [
            -0.010408991947770119,
            0.9968283772468567,
            0.07889736443758011,
            0.0
          ],
          [
            -0.0024762817192822695,
            -0.07892709225416183,
            0.9968773126602173,
            0.0
          ],
          [
            0.0,
            0.0,
            0.0,
            1.0
          ]
        ],
        "rotation_mode": "QUATERNION"
      },
      "armature_space": {
        "head": {
          "x": 0.10672037303447723,
          "y": -0.5043434500694275,
          "z": 0.7254043817520142
        },
        "tail": {
          "x": 0.024198323488235474,
          "y": -0.5810322165489197,
          "z": 0.7576250433921814
        }
      },
      "world_space": {
        "head": {
          "x": 0.10672037303447723,
          "y": -0.44109946489334106,
          "z": 1.6752583980560303
        },
        "tail": {
          "x": 0.024198323488235474,
          "y": -0.5177882313728333,
          "z": 1.7074790000915527
        },
        "rotation_quaternion": {
          "w": 0.07574720680713654,
          "x": 0.8933403491973877,
          "y": -0.408672034740448,
          "z": -0.17085830867290497
        },
        "matrix": [
          [
            0.6075889468193054,
            -0.7042828798294067,
            -0.3671804368495941,
            0.10672037303447723
          ],
          [
            -0.7560508251190186,
            -0.6544988751411438,
            0.004314541816711426,
            -0.44109946489334106
          ],
          [
            -0.24336038529872894,
            0.27498674392700195,
            -0.9301462173461914,
            1.6752583980560303
          ],
          [
            0.0,
            0.0,
            0.0,
            1.0
          ]
        ]
      },
      "bone_length_armature_space": 0.11717178368482199,
      "parent": "lowerarm_l",
      "has_children": true,
      "is_end_bone": false
    },
    "index_01_l": {
      "name": "index_01_l",
      "local": {
        "location": {
          "x": 0.0,
          "y": 0.0,
          "z": 0.0
        },
        "rotation_quaternion": {
          "w": 0.9932092428207397,
          "x": -0.11474306881427765,
          "y": 0.011670793406665325,
          "z": -0.015271070413291454
        },
        "scale": {
          "x": 1.0,
          "y": 1.0,
          "z": 1.0
        },
        "matrix_basis": [
          [
            0.999261200428009,
            0.027656450867652893,
            0.026687579229474068,
            0.0
          ],
          [
            -0.03301302343606949,
            0.9732016324996948,
            0.2275713086128235,
            0.0
          ],
          [
            -0.01967858150601387,
            -0.22828420996665955,
            0.9733956456184387,
            0.0
          ],
          [
            0.0,
            0.0,
            0.0,
            1.0
          ]
        ],
        "rotation_mode": "QUATERNION"
      },
      "armature_space": {
        "head": {
          "x": 0.024198323488235474,
          "y": -0.5810322165489197,
          "z": 0.7576250433921814
        },
        "tail": {
          "x": 0.01653667725622654,
          "y": -0.6047614812850952,
          "z": 0.7714558243751526
        }
      },
      "world_space": {
        "head": {
          "x": 0.024198323488235474,
          "y": -0.5177882313728333,
          "z": 1.7074790000915527
        },
        "tail": {
          "x": 0.01653667725622654,
          "y": -0.5415174961090088,
          "z": 1.7213099002838135
        },
        "rotation_quaternion": {
          "w": 0.21677201986312866,
          "x": 0.9341949224472046,
          "y": -0.19213609397411346,
          "z": -0.20826320350170135
        },
        "matrix": [
          [
            0.8394203186035156,
            -0.2686942219734192,
            -0.47241637110710144,
            0.024198323488235474
          ],
          [
            -0.44927677512168884,
            -0.8321871757507324,
            -0.32498469948768616,
            -0.5177882313728333
          ],
          [
            -0.3058199882507324,
            0.48504674434661865,
            -0.8192788362503052,
            1.7074790000915527
          ],
          [
            0.0,
            0.0,
            0.0,
            1.0
          ]
        ]
      },
      "bone_length_armature_space": 0.028514370036903786,
      "parent": "metacarpal_index_l",
      "has_children": true,
      "is_end_bone": false
    },
    "index_02_l": {
      "name": "index_02_l",
      "local": {
        "location": {
          "x": 0.0,
          "y": 0.0,
          "z": 0.0
        },
        "rotation_quaternion": {
          "w": 0.9997400045394897,
          "x": 0.020742518827319145,
          "y": -0.006583847105503082,
          "z": 0.006810414604842663
        },
        "scale": {
          "x": 1.0,
          "y": 1.0,
          "z": 1.0
        },
        "matrix_basis": [
          [
            0.9998205304145813,
            -0.013890419155359268,
            -0.012881739996373653,
            0.0
          ],
          [
            0.013344156555831432,
            0.9990467429161072,
            -0.04156392812728882,
            0.0
          ],
          [
            0.013446801342070103,
            0.04138457402586937,
            0.9990528225898743,
            0.0
          ],
          [
            0.0,
            0.0,
            0.0,
            1.0
          ]
        ],
        "rotation_mode": "QUATERNION"
      },
      "armature_space": {
        "head": {
          "x": 0.016536226496100426,
          "y": -0.6047618389129639,
          "z": 0.7714558839797974
        },
        "tail": {
          "x": 0.00988646037876606,
          "y": -0.6263235807418823,
          "z": 0.7836609482765198
        }
      },
      "world_space": {
        "head": {
          "x": 0.016536226496100426,
          "y": -0.5415178537368774,
          "z": 1.7213099002838135
        },
        "tail": {
          "x": 0.00988646037876606,
          "y": -0.5630795955657959,
          "z": 1.7335150241851807
        },
        "rotation_quaternion": {
          "w": 0.2050229012966156,
          "x": 0.9272001385688782,
          "y": -0.1941969245672226,
          "z": -0.24607543647289276
        },
        "matrix": [
          [
            0.8034688234329224,
            -0.25921711325645447,
            -0.5359520316123962,
            0.016536226496100426
          ],
          [
            -0.46102142333984375,
            -0.8405062556266785,
            -0.2846200466156006,
            -0.5415178537368774
          ],
          [
            -0.37669581174850464,
            0.47577089071273804,
            -0.7948310375213623,
            1.7213099002838135
          ],
          [
            0.0,
            0.0,
            0.0,
            1.0
          ]
        ]
      },
      "bone_length_armature_space": 0.02565329802839455,
      "parent": "index_01_l",
      "has_children": true,
      "is_end_bone": false
    },
    "index_03_l": {
      "name": "index_03_l",
      "local": {
        "location": {
          "x": 0.0,
          "y": 0.0,
          "z": 0.0
        },
        "rotation_quaternion": {
          "w": 0.9994382858276367,
          "x": 0.03205881267786026,
          "y": 0.008781102485954762,
          "z": -0.004284249152988195
        },
        "scale": {
          "x": 1.0,
          "y": 1.0,
          "z": 1.0
        },
        "matrix_basis": [
          [
            0.9998090863227844,
            0.009126708842813969,
            0.01727764494717121,
            0.0
          ],
          [
            -0.008000661619007587,
            0.9979077577590942,
            -0.06415685266256332,
            0.0
          ],
          [
            -0.01782703585922718,
            0.06400636583566666,
            0.9977902770042419,
            0.0
          ],
          [
            0.0,
            0.0,
            0.0,
            1.0
          ]
        ],
        "rotation_mode": "QUATERNION"
      },
      "armature_space": {
        "head": {
          "x": 0.009886519983410835,
          "y": -0.6263234615325928,
          "z": 0.7836610674858093
        },
        "tail": {
          "x": 0.0025190585292875767,
          "y": -0.653120219707489,
          "z": 0.7926825284957886
        }
      },
      "world_space": {
        "head": {
          "x": 0.009886519983410835,
          "y": -0.5630794763565063,
          "z": 1.7335150241851807
        },
        "tail": {
          "x": 0.0025190585292875767,
          "y": -0.5898762345314026,
          "z": 1.7425365447998047
        },
        "rotation_quaternion": {
          "w": 0.12810473144054413,
          "x": 0.9584828615188599,
          "y": -0.15822124481201172,
          "z": -0.19966432452201843
        },
        "matrix": [
          [
            0.8702004551887512,
            -0.25214898586273193,
            -0.4232874810695648,
            0.009886519983410835
          ],
          [
            -0.35446083545684814,
            -0.9171103835105896,
            -0.18239015340805054,
            -0.5630794763565063
          ],
          [
            -0.34221458435058594,
            0.3087557554244995,
            -0.8874531388282776,
            1.7335150241851807
          ],
          [
            0.0,
            0.0,
            0.0,
            1.0
          ]
        ]
      },
      "bone_length_armature_space": 0.02921870091119094,
      "parent": "index_02_l",
      "has_children": false,
      "is_end_bone": true
    },
    "metacarpal_pinky_l": {
      "name": "metacarpal_pinky_l",
      "local": {
        "location": {
          "x": 0.0,
          "y": 0.0,
          "z": 0.0
        },
        "rotation_quaternion": {
          "w": 0.999800443649292,
          "x": 0.016997484490275383,
          "y": -0.0015377691015601158,
          "z": -0.010386509820818901
        },
        "scale": {
          "x": 1.0,
          "y": 1.0,
          "z": 1.0
        },
        "matrix_basis": [
          [
            0.9997795224189758,
            0.020716598257422447,
            -0.0034280135296285152,
            0.0
          ],
          [
            -0.02082115039229393,
            0.9992064237594604,
            -0.033956240862607956,
            0.0
          ],
          [
            0.002721835393458605,
            0.03402012959122658,
            0.9994174242019653,
            0.0
          ],
          [
            0.0,
            0.0,
            0.0,
            1.0
          ]
        ],
        "rotation_mode": "QUATERNION"
      },
      "armature_space": {
        "head": {
          "x": 0.10672037303447723,
          "y": -0.5043434500694275,
          "z": 0.7254043817520142
        },
        "tail": {
          "x": 0.08117088675498962,
          "y": -0.5950687527656555,
          "z": 0.769669234752655
        }
      },
      "world_space": {
        "head": {
          "x": 0.10672037303447723,
          "y": -0.44109946489334106,
          "z": 1.6752583980560303
        },
        "tail": {
          "x": 0.08117088675498962,
          "y": -0.5318247675895691,
          "z": 1.7195231914520264
        },
        "rotation_quaternion": {
          "w": 0.08272075653076172,
          "x": -0.18397796154022217,
          "y": 0.23984484374523163,
          "z": 0.9496229887008667
        },
        "matrix": [
          [
            -0.9186189770698547,
            -0.2453596293926239,
            -0.30973875522613525,
            0.10672037303447723
          ],
          [
            0.06885483115911484,
            -0.8712632656097412,
            0.4859624207019806,
            -0.44109946489334106
          ],
          [
            -0.3891020715236664,
            0.4250892996788025,
            0.8172593116760254,
            1.6752583980560303
          ],
          [
            0.0,
            0.0,
            0.0,
            1.0
          ]
        ]
      },
      "bone_length_armature_space": 0.10413084851681409,
      "parent": "lowerarm_l",
      "has_children": true,
      "is_end_bone": false
    },
    "pinky_01_l": {
      "name": "pinky_01_l",
      "local": {
        "location": {
          "x": 0.0,
          "y": 0.0,
          "z": 0.0
        },
        "rotation_quaternion": {
          "w": 0.9918652176856995,
          "x": -0.12685389816761017,
          "y": 0.007746650371700525,
          "z": -0.007184408605098724
        },
        "scale": {
          "x": 1.0,
          "y": 1.0,
          "z": 1.0
        },
        "matrix_basis": [
          [
            0.9997767210006714,
            0.012286544777452946,
            0.017190007492899895,
            0.0
          ],
          [
            -0.016217315569519997,
            0.967712938785553,
            0.2515326142311096,
            0.0
          ],
          [
            -0.01354452595114708,
            -0.2517552375793457,
            0.9676961302757263,
            0.0
          ],
          [
            0.0,
            0.0,
            0.0,
            1.0
          ]
        ],
        "rotation_mode": "QUATERNION"
      },
      "armature_space": {
        "head": {
          "x": 0.08117088675498962,
