{
  "metadata": {
    "armature_name": "KIM_caucasian_male",
    "export_time": "2026-01-13T21:13:17.462540",
    "blender_version": "4.4.1",
    "bone_count": 56,
    "end_bone_count": 13,
    "spaces_included": [
      "LOCAL_CHANNELS",
      "ARMATURE_SPACE",
      "WORLD_SPACE"
    ],
    "note": "LOCAL matches Transform panel; replay pose via local.matrix_basis for best fidelity."
  },
  "bones": {
    "Root": {
      "name": "Root",
      "local": {
        "location": {
          "x": 0.0,
          "y": 0.0,
          "z": 0.0
        },
        "rotation_quaternion": {
          "w": 0.9996708035469055,
          "x": 0.006928592920303345,
          "y": 0.0018353057093918324,
          "z": 0.024636084213852882
        },
        "scale": {
          "x": 1.0,
          "y": 1.0,
          "z": 1.0
        },
        "matrix_basis": [
          [
            0.9987794160842896,
            -0.04923051595687866,
            0.004010790027678013,
            0.0
          ],
          [
            0.04928138107061386,
            0.998690128326416,
            -0.013762194663286209,
            0.0
          ],
          [
            -0.003328016260638833,
            0.013943053781986237,
            0.9998972415924072,
            0.0
          ],
          [
            0.0,
            0.0,
            0.0,
            1.0
          ]
        ],
        "rotation_mode": "QUATERNION"
      },
      "armature_space": {
        "head": {
          "x": 0.0,
          "y": 0.07072800397872925,
          "z": -0.009595036506652832
        },
        "tail": {
          "x": -0.0035138707607984543,
          "y": -4.1134655475616455e-05,
          "z": -0.0009987400844693184
        }
      },
      "world_space": {
        "head": {
          "x": 0.0,
          "y": 0.13397200405597687,
          "z": 0.9402589797973633
        },
        "tail": {
          "x": -0.0035138707607984543,
          "y": 0.063202865421772,
          "z": 0.9488552808761597
        },
        "rotation_quaternion": {
          "w": 0.06043262779712677,
          "x": 0.9978666305541992,
          "y": -0.024456478655338287,
          "z": 0.003490816568955779
        },
        "matrix": [
          [
            0.9987794160842896,
            -0.04923051595687866,
            0.004010790027678013,
            0.0
          ],
          [
            -0.04838667809963226,
            -0.9914995431900024,
            -0.12077860534191132,
            0.13397200405597687
          ],
          [
            0.009922713041305542,
            0.12043701112270355,
            -0.9926784634590149,
            0.9402589797973633
          ],
          [
            0.0,
            0.0,
            0.0,
            1.0
          ]
        ]
      },
      "bone_length_armature_space": 0.07137586822530853,
      "parent": null,
      "has_children": true,
      "is_end_bone": false
    },
    "spine_01": {
      "name": "spine_01",
      "local": {
        "location": {
          "x": 0.0,
          "y": 0.0,
          "z": 0.0
        },
        "rotation_quaternion": {
          "w": 0.9998369216918945,
          "x": -0.003936545457690954,
          "y": 0.017616264522075653,
          "z": 0.0006463257013820112
        },
        "scale": {
          "x": 1.0,
          "y": 1.0,
          "z": 1.0
        },
        "matrix_basis": [
          [
            0.999378502368927,
            -0.00143113499507308,
            0.03522169589996338,
            0.0
          ],
          [
            0.0011537461541593075,
            0.9999681711196899,
            0.007894578389823437,
            0.0
          ],
          [
            -0.03523187339305878,
            -0.00784903485327959,
            0.9993483424186707,
            0.0
          ],
          [
            0.0,
            0.0,
            0.0,
            1.0
          ]
        ],
        "rotation_mode": "QUATERNION"
      },
      "armature_space": {
        "head": {
          "x": -0.0035138707607984543,
          "y": -4.1134655475616455e-05,
          "z": -0.0009987400844693184
        },
        "tail": {
          "x": -0.008087893947958946,
          "y": 0.01996348798274994,
          "z": 0.48657429218292236
        }
      },
      "world_space": {
        "head": {
          "x": -0.0035138707607984543,
          "y": 0.063202865421772,
          "z": 0.9488552808761597
        },
        "tail": {
          "x": -0.008087893947958946,
          "y": 0.08320748805999756,
          "z": 1.4364283084869385
        },
        "rotation_quaternion": {
          "w": 0.7214084267616272,
          "x": 0.6924608945846558,
          "y": -0.008130486123263836,
          "z": -0.0013079381315037608
        },
        "matrix": [
          [
            0.999864399433136,
            -0.009372973814606667,
            -0.013542130589485168,
            -0.0035138707607984543
          ],
          [
            -0.013147138059139252,
            0.04099297523498535,
            -0.9990730285644531,
            0.063202865421772
          ],
          [
            0.00991947390139103,
            0.9991225600242615,
            0.04086354374885559,
            0.9488552808761597
          ],
          [
            0.0,
            0.0,
            0.0,
            1.0
          ]
        ]
      },
      "bone_length_armature_space": 0.48800468220061904,
      "parent": "Root",
      "has_children": true,
      "is_end_bone": false
    },
    "neck_01": {
      "name": "neck_01",
      "local": {
        "location": {
          "x": 0.0,
          "y": 0.0,
          "z": 0.0
        },
        "rotation_quaternion": {
          "w": 0.984646201133728,
          "x": -0.10759236663579941,
          "y": -0.007219522725790739,
          "z": -0.13727281987667084
        },
        "scale": {
          "x": 1.0,
          "y": 1.0,
          "z": 1.0
        },
        "matrix_basis": [
          [
            0.962208092212677,
            0.27188384532928467,
            0.015321663580834866,
            0.0
          ],
          [
            -0.2687768042087555,
            0.9391601085662842,
            0.21386292576789856,
            0.0
          ],
          [
            0.04375636577606201,
            -0.20989874005317688,
            0.9767435193061829,
            0.0
          ],
          [
            0.0,
            0.0,
            0.0,
            1.0
          ]
        ],
        "rotation_mode": "QUATERNION"
      },
      "armature_space": {
        "head": {
          "x": -0.009243815205991268,
          "y": -0.011683361604809761,
          "z": 0.5611456632614136
        },
        "tail": {
          "x": 0.01752611994743347,
          "y": -0.02476699836552143,
          "z": 0.6592422723770142
        }
      },
      "world_space": {
        "head": {
          "x": -0.009243815205991268,
          "y": 0.05156064033508301,
          "z": 1.5109996795654297
        },
        "tail": {
          "x": 0.01752611994743347,
          "y": 0.03847700357437134,
          "z": 1.6090962886810303
        },
        "rotation_quaternion": {
          "w": 0.6528726816177368,
          "x": 0.7459290027618408,
          "y": 0.09973827749490738,
          "z": -0.08602000772953033
        },
        "matrix": [
          [
            0.9653056859970093,
            0.26111575961112976,
            0.0019047148525714874,
            -0.009243815205991268
          ],
          [
            0.036476653069257736,
            -0.127618670463562,
            -0.9911525249481201,
            0.05156064033508301
          ],
          [
            -0.25856417417526245,
            0.956840991973877,
            -0.13271749019622803,
            1.5109996795654297
          ],
          [
            0.0,
            0.0,
            0.0,
            1.0
          ]
        ]
      },
      "bone_length_armature_space": 0.10252197604360719,
      "parent": "spine_01",
      "has_children": true,
      "is_end_bone": false
    },
    "head": {
      "name": "head",
      "local": {
        "location": {
          "x": 0.0,
          "y": 0.0,
          "z": 0.0
        },
        "rotation_quaternion": {
          "w": 0.9758833646774292,
          "x": -0.021128609776496887,
          "y": -0.15263865888118744,
          "z": 0.15461789071559906
        },
        "scale": {
          "x": 1.0,
          "y": 1.0,
          "z": 1.0
        },
        "matrix_basis": [
          [
            0.9055895209312439,
            -0.29532796144485474,
            -0.30444878339767456,
            0.0
          ],
          [
            0.30822813510894775,
            0.9512937664985657,
            -0.005963217467069626,
            0.0
          ],
          [
            0.2913813292980194,
            -0.0884394496679306,
            0.9525100588798523,
            0.0
          ],
          [
            0.0,
            0.0,
            0.0,
            1.0
          ]
        ],
        "rotation_mode": "QUATERNION"
      },
      "armature_space": {
        "head": {
          "x": 0.01752610132098198,
          "y": -0.02476714365184307,
          "z": 0.6592422127723694
        },
        "tail": {
          "x": 0.007740885950624943,
          "y": 0.0223029013723135,
          "z": 0.8066937327384949
        }
      },
      "world_space": {
        "head": {
          "x": 0.01752610132098198,
          "y": 0.0384768545627594,
          "z": 1.6090962886810303
        },
        "tail": {
          "x": 0.007740885950624943,
          "y": 0.08554690331220627,
          "z": 1.7565476894378662
        },
        "rotation_quaternion": {
          "w": 0.8007738590240479,
          "x": 0.5890266299247742,
          "y": -0.10252596437931061,
          "z": -0.0360196977853775
        },
        "matrix": [
          [
            0.9763822555541992,
            -0.06309369951486588,
            -0.20663286745548248,
            0.01752610132098198
          ],
          [
            -0.17846781015396118,
            0.30350106954574585,
            -0.9359683394432068,
            0.0384768545627594
          ],
          [
            0.12176767736673355,
            0.9507468938827515,
            0.2850739359855652,
            1.6090962886810303
          ],
          [
            0.0,
            0.0,
            0.0,
            1.0
          ]
        ]
      },
      "bone_length_armature_space": 0.15509123278359663,
      "parent": "neck_01",
      "has_children": false,
      "is_end_bone": true
    },
    "upperarm_l": {
      "name": "upperarm_l",
      "local": {
        "location": {
          "x": 0.0,
          "y": 0.0,
          "z": 0.0
        },
        "rotation_quaternion": {
          "w": 0.9857908487319946,
          "x": 0.03776732459664345,
          "y": -0.1337445080280304,
          "z": -0.09435368329286575
        },
        "scale": {
          "x": 1.0,
          "y": 1.0,
          "z": 1.0
        },
        "matrix_basis": [
          [
            0.9464195966720581,
            0.1759236454963684,
            -0.2708151936531067,
            0.0
          ],
          [
            -0.19612833857536316,
            0.9793420433998108,
            -0.04922279343008995,
            0.0
          ],
          [
            0.2565612494945526,
            0.09969993680715561,
            0.9613720774650574,
            0.0
          ],
          [
            0.0,
            0.0,
            0.0,
            1.0
          ]
        ],
        "rotation_mode": "QUATERNION"
      },
      "armature_space": {
        "head": {
          "x": 0.14132259786128998,
          "y": -0.019596651196479797,
          "z": 0.4956151247024536
        },
        "tail": {
          "x": 0.4037041664123535,
          "y": -0.04050978273153305,
          "z": 0.4453537166118622
        }
      },
      "world_space": {
        "head": {
          "x": 0.14132259786128998,
          "y": 0.04364734888076782,
          "z": 1.4454691410064697
        },
        "tail": {
          "x": 0.4037041664123535,
          "y": 0.02273421734571457,
          "z": 1.3952077627182007
        },
        "rotation_quaternion": {
          "w": 0.5017824769020081,
          "x": 0.3836648166179657,
          "y": 0.45737579464912415,
          "z": -0.6259577870368958
        },
        "matrix": [
          [
            -0.20203052461147308,
            0.9791474342346191,
            -0.02130897343158722,
            0.14132259786128998
          ],
          [
            -0.27723294496536255,
            -0.07804297655820847,
            -0.957628071308136,
            0.04364734888076782
          ],
          [
            -0.9393287897109985,
            -0.187563955783844,
            0.2872200906276703,
            1.4454691410064697
          ],
          [
            0.0,
            0.0,
            0.0,
            1.0
          ]
        ]
      },
      "bone_length_armature_space": 0.2679694912839561,
      "parent": "spine_01",
      "has_children": true,
      "is_end_bone": false
    },
    "lowerarm_l": {
      "name": "lowerarm_l",
      "local": {
        "location": {
          "x": 0.0,
          "y": 0.0,
          "z": 0.0
        },
        "rotation_quaternion": {
          "w": 0.9052271842956543,
          "x": 0.39361441135406494,
          "y": -0.15677127242088318,
          "z": 0.032468531280756
        },
        "scale": {
          "x": 1.0,
          "y": 1.0,
          "z": 1.0
        },
        "matrix_basis": [
          [
            0.9487371444702148,
            -0.1821976602077484,
            -0.2582670748233795,
            0.0
          ],
          [
            -0.06463207304477692,
            0.6880269646644592,
            -0.7228012084960938,
            0.0
          ],
          [
            0.3093873858451843,
            0.7024406790733337,
            0.6409808993339539,
            0.0
          ],
          [
            0.0,
            0.0,
            0.0,
            1.0
          ]
        ],
        "rotation_mode": "QUATERNION"
      },
      "armature_space": {
        "head": {
          "x": 0.40370428562164307,
          "y": -0.04050980508327484,
          "z": 0.44535380601882935
        },
        "tail": {
          "x": 0.5701109170913696,
          "y": -0.21914181113243103,
          "z": 0.5547563433647156
        }
      },
      "world_space": {
        "head": {
          "x": 0.40370428562164307,
          "y": 0.02273419499397278,
          "z": 1.3952078819274902
        },
        "tail": {
          "x": 0.5701109170913696,
          "y": -0.1558978110551834,
          "z": 1.504610300064087
        },
        "rotation_quaternion": {
          "w": 0.40707528591156006,
          "x": 0.4622739851474762,
          "y": -0.02068673074245453,
          "z": -0.7875053286552429
        },
        "matrix": [
          [
            -0.24118396639823914,
            0.6220240592956543,
            -0.7449269890785217,
            0.40370428562164307
          ],
          [
            -0.6602744460105896,
            -0.6677221059799194,
            -0.34378084540367126,
            0.02273419499397278
          ],
          [
            -0.7112497091293335,
            0.40894410014152527,
            0.5717541575431824,
            1.3952078819274902
          ],
          [
            0.0,
            0.0,
            0.0,
            1.0
          ]
        ]
      },
      "bone_length_armature_space": 0.26752472261074994,
      "parent": "upperarm_l",
      "has_children": true,
      "is_end_bone": false
    },
    "metacarpal_thumb_l": {
      "name": "metacarpal_thumb_l",
      "local": {
        "location": {
          "x": 0.0,
          "y": 0.0,
          "z": 0.0
        },
        "rotation_quaternion": {
          "w": 0.9999423623085022,
          "x": 0.0013108161510899663,
          "y": -0.00881583895534277,
          "z": -0.006000307388603687
        },
        "scale": {
          "x": 1.0,
          "y": 1.0,
          "z": 1.0
        },
        "matrix_basis": [
          [
            0.9997725486755371,
            0.011976811103522778,
            -0.017646392807364464,
            0.0
          ],
          [
            -0.012023035436868668,
            0.9999245405197144,
            -0.0025156857445836067,
            0.0
          ],
          [
            0.017614930868148804,
            0.0027272766456007957,
            0.9998411536216736,
            0.0
          ],
          [
            0.0,
            0.0,
            0.0,
            1.0
          ]
        ],
        "rotation_mode": "QUATERNION"
      },
      "armature_space": {
        "head": {
          "x": 0.5701109170913696,
          "y": -0.21914181113243103,
          "z": 0.5547563433647156
        },
        "tail": {
          "x": 0.5710362195968628,
          "y": -0.2613449990749359,
          "z": 0.5806720852851868
        }
      },
      "world_space": {
        "head": {
          "x": 0.5701109170913696,
          "y": -0.1558978110551834,
          "z": 1.504610300064087
        },
        "tail": {
          "x": 0.5710362195968628,
          "y": -0.1981009989976883,
          "z": 1.5305261611938477
        },
        "rotation_quaternion": {
          "w": 0.26951372623443604,
          "x": 0.9481678009033203,
          "y": -0.03684094548225403,
          "z": -0.16426491737365723
        },
        "matrix": [
          [
            0.9433196187019348,
            0.018680457025766373,
            -0.33135950565338135,
            0.5701109170913696
          ],
          [
            -0.1584060937166214,
            -0.8520101308822632,
            -0.4989854097366333,
            -0.1558978110551834
          ],
          [
            -0.2916451394557953,
            0.5231947898864746,
            -0.8007648587226868,
            1.504610300064087
          ],
          [
            0.0,
            0.0,
            0.0,
            1.0
          ]
        ]
      },
      "bone_length_armature_space": 0.04953373464520227,
      "parent": "lowerarm_l",
      "has_children": true,
      "is_end_bone": false
    },
    "thumb_01_l": {
      "name": "thumb_01_l",
      "local": {
        "location": {
          "x": 0.0,
          "y": 0.0,
          "z": 0.0
        },
        "rotation_quaternion": {
          "w": 0.9995859861373901,
          "x": -0.027701515704393387,
          "y": -0.002575670136138797,
          "z": 0.00733856949955225
        },
        "scale": {
          "x": 1.0,
          "y": 1.0,
          "z": 1.0
        },
        "matrix_basis": [
          [
            0.999879002571106,
            -0.014528362080454826,
            -0.005555786658078432,
            0.0
          ],
          [
            0.014813762158155441,
            0.9983575344085693,
            0.05534229055047035,
            0.0
          ],
          [
            0.004742628429085016,
            -0.055417899042367935,
            0.9984520077705383,
            0.0
          ],
          [
            0.0,
            0.0,
            0.0,
            1.0
          ]
        ],
        "rotation_mode": "QUATERNION"
      },
      "armature_space": {
        "head": {
          "x": 0.5710362195968628,
          "y": -0.2613449990749359,
          "z": 0.5806720852851868
        },
        "tail": {
          "x": 0.5573983788490295,
          "y": -0.2917137145996094,
          "z": 0.5735743641853333
        }
      },
      "world_space": {
        "head": {
          "x": 0.5710362195968628,
          "y": -0.1981009989976883,
          "z": 1.5305261611938477
        },
        "tail": {
          "x": 0.5573983788490295,
          "y": -0.22846971452236176,
          "z": 1.5234284400939941
        },
        "rotation_quaternion": {
          "w": 0.03578125312924385,
          "x": 0.7833057641983032,
          "y": -0.22940541803836823,
          "z": 0.5766497850418091
        },
        "matrix": [
          [
            0.229695662856102,
            -0.4006575644016266,
            0.886968731880188,
            0.5710362195968628
          ],
          [
            -0.31812262535095215,
            -0.8921851515769958,
            -0.32063060998916626,
            -0.1981009989976883
          ],
          [
            0.9198092818260193,
            -0.2085198163986206,
            -0.3323919475078583,
            1.5305261611938477
          ],
          [
            0.0,
            0.0,
            0.0,
            1.0
          ]
        ]
      },
      "bone_length_armature_space": 0.034038613920086995,
      "parent": "metacarpal_thumb_l",
      "has_children": true,
      "is_end_bone": false
    },
    "thumb_02_l": {
      "name": "thumb_02_l",
      "local": {
        "location": {
          "x": 0.0,
          "y": 0.0,
          "z": 0.0
        },
        "rotation_quaternion": {
          "w": 0.9960768818855286,
          "x": 0.08842601627111435,
          "y": 0.0020481592509895563,
          "z": -0.0027594349812716246
        },
        "scale": {
          "x": 1.0,
          "y": 1.0,
          "z": 1.0
        },
        "matrix_basis": [
          [
            0.999976396560669,
            0.005859439726918936,
            0.0035922364331781864,
            0.0
          ],
          [
            -0.0051349978893995285,
            0.9843464493751526,
            -0.1761695295572281,
            0.0
          ],
          [
            -0.004568259697407484,
            0.17614692449569702,
            0.9843533039093018,
            0.0
          ],
          [
            0.0,
            0.0,
            0.0,
            1.0
          ]
        ],
        "rotation_mode": "QUATERNION"
      },
      "armature_space": {
        "head": {
          "x": 0.5573983192443848,
          "y": -0.2917136549949646,
          "z": 0.5735743641853333
        },
        "tail": {
          "x": 0.5819246172904968,
          "y": -0.3206203281879425,
          "z": 0.5868425369262695
        }
      },
      "world_space": {
        "head": {
          "x": 0.5573983192443848,
          "y": -0.22846965491771698,
          "z": 1.5234284400939941
        },
        "tail": {
          "x": 0.5819246172904968,
          "y": -0.2573763132095337,
          "z": 1.5366965532302856
        },
        "rotation_quaternion": {
          "w": 0.17327198386192322,
          "x": -0.5187540054321289,
          "y": -0.3318474590778351,
          "z": -0.7686015963554382
        },
        "matrix": [
          [
            -0.4017426371574402,
            0.6106483340263367,
            0.682430624961853,
            0.5573983192443848
          ],
          [
            0.07793976366519928,
            -0.7197085618972778,
            0.6898878216743469,
            -0.22846965491771698
          ],
          [
            0.9124364852905273,
            0.3303472101688385,
            0.24154624342918396,
            1.5234284400939941
          ],
          [
            0.0,
            0.0,
            0.0,
            1.0
          ]
        ]
      },
      "bone_length_armature_space": 0.04016440531839043,
      "parent": "thumb_01_l",
      "has_children": true,
      "is_end_bone": false
    },
    "thumb_03_l": {
      "name": "thumb_03_l",
      "local": {
        "location": {
          "x": 0.0,
          "y": 0.0,
          "z": 0.0
        },
        "rotation_quaternion": {
          "w": 0.9990476965904236,
          "x": 0.04320329427719116,
          "y": -0.006114849355071783,
          "z": -6.441482400987297e-05
        },
        "scale": {
          "x": 1.0,
          "y": 1.0,
          "z": 1.0
        },
        "matrix_basis": [
          [
            0.9999251961708069,
            -0.0003996563027612865,
            -0.012223618105053902,
            0.0
          ],
          [
            -0.0006570702535100281,
            0.9962669610977173,
            -0.08632351458072662,
            0.0
          ],
          [
            0.012212486006319523,
            0.08632509410381317,
            0.9961921572685242,
            0.0
          ],
          [
            0.0,
            0.0,
            0.0,
            1.0
          ]
        ],
        "rotation_mode": "QUATERNION"
      },
      "armature_space": {
        "head": {
          "x": 0.581924557685852,
          "y": -0.3206202983856201,
          "z": 0.5868425965309143
        },
        "tail": {
          "x": 0.6079771518707275,
          "y": -0.3339739143848419,
          "z": 0.5951994061470032
        }
      },
      "world_space": {
        "head": {
          "x": 0.581924557685852,
          "y": -0.2573763132095337,
          "z": 1.5366966724395752
        },
        "tail": {
          "x": 0.6079771518707275,
          "y": -0.2707298994064331,
          "z": 1.545053482055664
        },
        "rotation_quaternion": {
          "w": 0.38675984740257263,
          "x": -0.36283373832702637,
          "y": -0.36208847165107727,
          "z": -0.7665901780128479
        },
        "matrix": [
          [
            -0.43753644824028015,
            0.8557291626930237,
            0.2762056887149811,
            0.581924557685852
          ],
          [
            -0.3302176296710968,
            -0.4386163055896759,
            0.8358064293861389,
            -0.2573763132095337
          ],
          [
            0.8363776803016663,
            0.2744891047477722,
            0.4744916558265686,
            1.5366966724395752
          ],
          [
            0.0,
            0.0,
            0.0,
            1.0
          ]
        ]
      },
      "bone_length_armature_space": 0.030444917127427383,
      "parent": "thumb_02_l",
      "has_children": false,
      "is_end_bone": true
    },
    "metacarpal_index_l": {
      "name": "metacarpal_index_l",
      "local": {
        "location": {
          "x": 0.0,
          "y": 0.0,
          "z": 0.0
        },
        "rotation_quaternion": {
          "w": 0.9992406964302063,
          "x": -0.032194241881370544,
          "y": -0.016331834718585014,
          "z": 0.014656994491815567
        },
        "scale": {
          "x": 1.0,
          "y": 1.0,
          "z": 1.0
        },
        "matrix_basis": [
          [
            0.9990369081497192,
            -0.028240147978067398,
            -0.03358260914683342,
            0.0
          ],
          [
            0.03034331277012825,
            0.9974973797798157,
            0.06386084109544754,
            0.0
          ],
          [
            0.03169512748718262,
            -0.06481834501028061,
            0.9973936080932617,
            0.0
          ],
          [
            0.0,
            0.0,
            0.0,
            1.0
          ]
        ],
        "rotation_mode": "QUATERNION"
      },
      "armature_space": {
        "head": {
          "x": 0.5701109170913696,
          "y": -0.21914181113243103,
          "z": 0.5547563433647156
        },
        "tail": {
          "x": 0.6149349808692932,
          "y": -0.3042628765106201,
          "z": 0.6216478943824768
        }
      },
      "world_space": {
        "head": {
          "x": 0.5701109170913696,
          "y": -0.1558978110551834,
          "z": 1.504610300064087
        },
        "tail": {
          "x": 0.6149349808692932,
          "y": -0.2410188764333725,
          "z": 1.5715019702911377
        },
        "rotation_quaternion": {
          "w": 0.3690375089645386,
          "x": 0.8038687109947205,
          "y": 0.024077823385596275,
          "z": -0.46586132049560547
        },
        "matrix": [
          [
            0.5647878646850586,
            0.3825502097606659,
            -0.7312111258506775,
            0.5701109170913696
          ],
          [
            -0.3051290810108185,
            -0.7264641523361206,
            -0.6157486438751221,
            -0.1558978110551834
          ],
          [
            -0.7667592763900757,
            0.5708845257759094,
            -0.2935735583305359,
            1.504610300064087
          ],
          [
            0.0,
            0.0,
            0.0,
            1.0
          ]
        ]
      },
      "bone_length_armature_space": 0.11717197593542691,
      "parent": "lowerarm_l",
      "has_children": true,
      "is_end_bone": false
    },
    "index_01_l": {
      "name": "index_01_l",
      "local": {
        "location": {
          "x": 0.0,
          "y": 0.0,
          "z": 0.0
        },
        "rotation_quaternion": {
          "w": 0.9953641295433044,
          "x": -0.09486168622970581,
          "y": -0.002717191120609641,
          "z": 0.01562783494591713
        },
        "scale": {
          "x": 1.0,
          "y": 1.0,
          "z": 1.0
        },
        "matrix_basis": [
          [
            0.9994967579841614,
            -0.030595257878303528,
            -0.008374154567718506,
            0.0
          ],
          [
            0.03162628784775734,
            0.981514036655426,
            0.18875890970230103,
            0.0
          ],
          [
            0.002444223500788212,
            -0.1889287680387497,
            0.9819877743721008,
            0.0
          ],
          [
            0.0,
            0.0,
            0.0,
            1.0
          ]
        ],
        "rotation_mode": "QUATERNION"
      },
      "armature_space": {
        "head": {
          "x": 0.6149349808692932,
          "y": -0.3042628765106201,
          "z": 0.6216478943824768
        },
        "tail": {
          "x": 0.636179506778717,
          "y": -0.31992751359939575,
          "z": 0.6324349641799927
        }
      },
      "world_space": {
        "head": {
          "x": 0.6149349808692932,
          "y": -0.2410188764333725,
          "z": 1.5715019702911377
        },
        "tail": {
          "x": 0.636179506778717,
          "y": -0.2566835284233093,
          "z": 1.5822889804840088
        },
        "rotation_quaternion": {
          "w": 0.4118303060531616,
          "x": 0.7359704971313477,
          "y": 0.23604297637939453,
          "z": -0.4827287793159485
        },
        "matrix": [
          [
            0.42251360416412354,
            0.7450456023216248,
            -0.5161289572715759,
            0.6149349808692932
          ],
          [
            -0.05016225948929787,
            -0.5493597984313965,
            -0.8340790867805481,
            -0.2410188764333725
          ],
          [
            -0.9049739837646484,
            0.37830209732055664,
            -0.19474095106124878,
            1.5715019702911377
          ],
          [
            0.0,
            0.0,
            0.0,
            1.0
          ]
        ]
      },
      "bone_length_armature_space": 0.028514410799978563,
      "parent": "metacarpal_index_l",
      "has_children": true,
      "is_end_bone": false
    },
    "index_02_l": {
      "name": "index_02_l",
      "local": {
        "location": {
          "x": 0.0,
          "y": 0.0,
          "z": 0.0
        },
        "rotation_quaternion": {
          "w": 0.9998629093170166,
          "x": 0.016283463686704636,
          "y": 0.003001914359629154,
          "z": 0.0004472366999834776
        },
        "scale": {
          "x": 1.0,
          "y": 1.0,
          "z": 1.0
        },
        "matrix_basis": [
          [
            0.9999815821647644,
            -0.0007965876720845699,
            0.006017570849508047,
            0.0
          ],
          [
            0.000992113957181573,
            0.9994692802429199,
            -0.03255977854132652,
            0.0
          ],
          [
            -0.005988440476357937,
            0.032565146684646606,
            0.9994516968727112,
            0.0
          ],
          [
            0.0,
            0.0,
            0.0,
            1.0
          ]
        ],
        "rotation_mode": "QUATERNION"
      },
      "armature_space": {
        "head": {
          "x": 0.636179506778717,
          "y": -0.31992799043655396,
          "z": 0.6324352622032166
        },
        "tail": {
          "x": 0.6556181907653809,
          "y": -0.334006130695343,
          "z": 0.6414926052093506
        }
      },
      "world_space": {
        "head": {
          "x": 0.636179506778717,
          "y": -0.25668400526046753,
          "z": 1.582289218902588
        },
        "tail": {
          "x": 0.6556181907653809,
          "y": -0.2707621455192566,
          "z": 1.5913466215133667
        },
        "rotation_quaternion": {
          "w": 0.41298359632492065,
          "x": 0.7171785235404968,
          "y": 0.2346324920654297,
          "z": -0.509948194026947
        },
        "matrix": [
          [
            0.36980119347572327,
            0.7577466368675232,
            -0.5376493334770203,
            0.636179506778717
          ],
          [
            -0.08465272933244705,
            -0.5487852096557617,
            -0.8316665291786194,
            -0.25668400526046753
          ],
          [
            -0.9252532124519348,
            0.35306668281555176,
            -0.138797789812088,
            1.582289218902588
          ],
          [
            0.0,
            0.0,
            0.0,
            1.0
          ]
        ]
      },
      "bone_length_armature_space": 0.02565330221188651,
      "parent": "index_01_l",
      "has_children": true,
      "is_end_bone": false
    },
    "index_03_l": {
      "name": "index_03_l",
      "local": {
        "location": {
          "x": 0.0,
          "y": 0.0,
          "z": 0.0
        },
        "rotation_quaternion": {
          "w": 0.999210774898529,
          "x": 0.03805691376328468,
          "y": 0.010725080035626888,
          "z": -0.0038325092755258083
        },
        "scale": {
          "x": 1.0,
          "y": 1.0,
          "z": 1.0
        },
        "matrix_basis": [
          [
            0.9997405409812927,
            0.008475296199321747,
            0.021141523495316505,
            0.0
          ],
          [
            -0.006842642091214657,
            0.9970739483833313,
            -0.07613596320152283,
            0.0
          ],
          [
            -0.021724937483668327,
            0.07597155123949051,
            0.9968732595443726,
            0.0
          ],
          [
            0.0,
            0.0,
            0.0,
            1.0
          ]
        ],
        "rotation_mode": "QUATERNION"
      },
      "armature_space": {
        "head": {
          "x": 0.6556182503700256,
          "y": -0.33400601148605347,
          "z": 0.6414926052093506
        },
        "tail": {
          "x": 0.6759111285209656,
          "y": -0.353948175907135,
          "z": 0.6481439471244812
        }
      },
      "world_space": {
        "head": {
          "x": 0.6556182503700256,
          "y": -0.27076202630996704,
          "z": 1.5913466215133667
        },
        "tail": {
          "x": 0.6759111285209656,
          "y": -0.2907041907310486,
          "z": 1.5979979038238525
        },
        "rotation_quaternion": {
          "w": 0.3151497542858124,
          "x": 0.759223461151123,
          "y": 0.24376922845840454,
          "z": -0.5146231651306152
        },
        "matrix": [
          [
            0.3514789938926697,
            0.694517195224762,
            -0.6277800798416138,
            0.6556182503700256
          ],
          [
            0.04578445851802826,
            -0.6825145483016968,
            -0.7294368743896484,
            -0.27076202630996704
          ],
          [
            -0.9350822567939758,
            0.22764010727405548,
            -0.27169013023376465,
            1.5913466215133667
          ],
          [
            0.0,
            0.0,
            0.0,
            1.0
          ]
        ]
      },
      "bone_length_armature_space": 0.02921867856189322,
      "parent": "index_02_l",
      "has_children": false,
      "is_end_bone": true
    },
    "metacarpal_pinky_l": {
      "name": "metacarpal_pinky_l",
      "local": {
        "location": {
          "x": 0.0,
          "y": 0.0,
          "z": 0.0
        },
        "rotation_quaternion": {
          "w": 0.9998524188995361,
          "x": 0.013498842716217041,
          "y": -0.004670567810535431,
          "z": -0.009556072764098644
        },
        "scale": {
          "x": 1.0,
          "y": 1.0,
          "z": 1.0
        },
        "matrix_basis": [
          [
            0.9997737407684326,
            0.018983229994773865,
            -0.009597748517990112,
            0.0
          ],
          [
            -0.01923541910946369,
            0.9994529485702515,
            -0.026904435828328133,
            0.0
          ],
          [
            0.009081765078008175,
            0.027082964777946472,
            0.9995919466018677,
            0.0
          ],
          [
            0.0,
            0.0,
            0.0,
            1.0
          ]
        ],
        "rotation_mode": "QUATERNION"
      },
      "armature_space": {
        "head": {
          "x": 0.5701109170913696,
          "y": -0.21914181113243103,
          "z": 0.5547563433647156
        },
        "tail": {
          "x": 0.6543499231338501,
          "y": -0.2748261094093323,
          "z": 0.5801782011985779
        }
      },
      "world_space": {
        "head": {
          "x": 0.5701109170913696,
          "y": -0.1558978110551834,
          "z": 1.504610300064087
        },
        "tail": {
          "x": 0.6543499231338501,
          "y": -0.21158210933208466,
          "z": 1.5300321578979492
        },
        "rotation_quaternion": {
          "w": 0.42961394786834717,
          "x": -0.15573617815971375,
          "y": -0.2192135751247406,
          "z": -0.8620461821556091
        },
        "matrix": [
          [
            -0.5823559761047363,
            0.8089733123779297,
            0.08014769852161407,
            0.5701109170913696
          ],
          [
            -0.6724157333374023,
            -0.534753680229187,
            0.5117578506469727,
            -0.1558978110551834
          ],
          [
            0.45686036348342896,
            0.24413388967514038,
            0.8553897738456726,
            1.504610300064087
          ],
          [
            0.0,
            0.0,
            0.0,
            1.0
          ]
        ]
      },
      "bone_length_armature_space": 0.10413079317720969,
      "parent": "lowerarm_l",
      "has_children": true,
      "is_end_bone": false
    },
    "pinky_01_l": {
      "name": "pinky_01_l",
      "local": {
        "location": {
          "x": 0.0,
          "y": 0.0,
          "z": 0.0
        },
        "rotation_quaternion": {
          "w": 0.9489872455596924,
          "x": 0.3147421181201935,
          "y": -0.002978724427521229,
          "z": 0.018755421042442322
        },
        "scale": {
          "x": 1.0,
          "y": 1.0,
          "z": 1.0
        },
        "matrix_basis": [
          [
            0.999278724193573,
            -0.03747237101197243,
            0.006152698770165443,
            0.0
          ],
          [
            0.033722251653671265,
            0.8011712431907654,
            -0.5974842309951782,
            0.0
          ],
          [
            0.01745978556573391,
            0.5972607731819153,
            0.801857054233551,
            0.0
          ],
          [
            0.0,
            0.0,
            0.0,
            1.0
          ]
        ],
        "rotation_mode": "QUATERNION"
      },
      "armature_space": {
        "head": {
          "x": 0.6543499231338501,
          "y": -0.2748261094093323,
          "z": 0.5801782011985779
        },
        "tail": {
