{
  "metadata": {
    "armature_name": "KIM_caucasian_male",
    "export_time": "2026-01-13T20:56:00.561671",
    "blender_version": "4.4.1",
    "bone_count": 56,
    "end_bone_count": 13,
    "spaces_included": [
      "LOCAL_CHANNELS",
      "ARMATURE_SPACE",
      "WORLD_SPACE"
    ],
    "note": "LOCAL matches Transform panel; replay pose via local.matrix_basis for best fidelity."
  },
  "bones": {
    "Root": {
      "name": "Root",
      "local": {
        "location": {
          "x": 0.0,
          "y": 0.0,
          "z": 0.0
        },
        "rotation_quaternion": {
          "w": 0.9995697140693665,
          "x": -0.007451547309756279,
          "y": 0.005997541826218367,
          "z": 0.027729682624340057
        },
        "scale": {
          "x": 1.0,
          "y": 1.0,
          "z": 1.0
        },
        "matrix_basis": [
          [
            0.9983901977539062,
            -0.05552488565444946,
            0.011576664634048939,
            0.0
          ],
          [
            0.05534612014889717,
            0.9983510971069336,
            0.015229301527142525,
            0.0
          ],
          [
            -0.012403180822730064,
            -0.014564062468707561,
            0.9998170137405396,
            0.0
          ],
          [
            0.0,
            0.0,
            0.0,
            1.0
          ]
        ],
        "rotation_mode": "QUATERNION"
      },
      "armature_space": {
        "head": {
          "x": 0.0,
          "y": 0.07072800397872925,
          "z": -0.009595036506652832
        },
        "tail": {
          "x": -0.003963137045502663,
          "y": 0.000256367027759552,
          "z": 0.00101427361369133
        }
      },
      "world_space": {
        "head": {
          "x": 0.0,
          "y": 0.13397200405597687,
          "z": 0.9402589797973633
        },
        "tail": {
          "x": -0.003963137045502663,
          "y": 0.06350036710500717,
          "z": 0.9508683085441589
        },
        "rotation_quaternion": {
          "w": 0.07477328181266785,
          "x": 0.9967969059944153,
          "y": -0.027262646704912186,
          "z": 0.007852009497582912
        },
        "matrix": [
          [
            0.9983901977539062,
            -0.05552488565444946,
            0.011576664634048939,
            0.0
          ],
          [
            -0.053176399320364,
            -0.9873313903808594,
            -0.1494961529970169,
            0.13397200405597687
          ],
          [
            0.01973084732890129,
            0.1486400067806244,
            -0.9887016415596008,
            0.9402589797973633
          ],
          [
            0.0,
            0.0,
            0.0,
            1.0
          ]
        ]
      },
      "bone_length_armature_space": 0.07137587457098743,
      "parent": null,
      "has_children": true,
      "is_end_bone": false
    },
    "spine_01": {
      "name": "spine_01",
      "local": {
        "location": {
          "x": 0.0,
          "y": 0.0,
          "z": 0.0
        },
        "rotation_quaternion": {
          "w": 0.9990921020507812,
          "x": -0.0028211914468556643,
          "y": 0.03640362620353699,
          "z": 0.021949579939246178
        },
        "scale": {
          "x": 1.0,
          "y": 1.0,
          "z": 1.0
        },
        "matrix_basis": [
          [
            0.9963859915733337,
            -0.044064708054065704,
            0.0726172998547554,
            0.0
          ],
          [
            0.04365390166640282,
            0.999020516872406,
            0.00723534869030118,
            0.0
          ],
          [
            -0.07286500185728073,
            -0.004039171617478132,
            0.9973336458206177,
            0.0
          ],
          [
            0.0,
            0.0,
            0.0,
            1.0
          ]
        ],
        "rotation_mode": "QUATERNION"
      },
      "armature_space": {
        "head": {
          "x": -0.003963137045502663,
          "y": 0.000256367027759552,
          "z": 0.00101427361369133
        },
        "tail": {
          "x": -0.03332843631505966,
          "y": 0.03362110257148743,
          "z": 0.48699066042900085
        }
      },
      "world_space": {
        "head": {
          "x": -0.003963137045502663,
          "y": 0.06350036710500717,
          "z": 0.9508683085441589
        },
        "tail": {
          "x": -0.03332843631505966,
          "y": 0.09686510264873505,
          "z": 1.4368447065353394
        },
        "rotation_quaternion": {
          "w": 0.7307479381561279,
          "x": 0.6819223761558533,
          "y": -0.01386843528598547,
          "z": 0.02823152206838131
        },
        "matrix": [
          [
            0.9980213642120361,
            -0.060174647718667984,
            0.018235139548778534,
            -0.003963137045502663
          ],
          [
            0.022346284240484238,
            0.06837018579244614,
            -0.9974098205566406,
            0.06350036710500717
          ],
          [
            0.05877247080206871,
            0.9958507418632507,
            0.06957917660474777,
            0.9508683085441589
          ],
          [
            0.0,
            0.0,
            0.0,
            1.0
          ]
        ]
      },
      "bone_length_armature_space": 0.4880047027535107,
      "parent": "Root",
      "has_children": true,
      "is_end_bone": false
    },
    "neck_01": {
      "name": "neck_01",
      "local": {
        "location": {
          "x": 0.0,
          "y": 0.0,
          "z": 0.0
        },
        "rotation_quaternion": {
          "w": 0.9922525882720947,
          "x": -0.12328027188777924,
          "y": 0.01292212400585413,
          "z": 0.008366111665964127
        },
        "scale": {
          "x": 1.0,
          "y": 1.0,
          "z": 1.0
        },
        "matrix_basis": [
          [
            0.9995260834693909,
            -0.019788678735494614,
            0.02358126826584339,
            0.0
          ],
          [
            0.013416506350040436,
            0.9694639444351196,
            0.24486654996871948,
            0.0
          ],
          [
            -0.027706775814294815,
            -0.24443411827087402,
            0.9692699909210205,
            0.0
          ],
          [
            0.0,
            0.0,
            0.0,
            1.0
          ]
        ],
        "rotation_mode": "QUATERNION"
      },
      "armature_space": {
        "head": {
          "x": -0.03710193186998367,
          "y": 0.004036448895931244,
          "z": 0.5623183846473694
        },
        "tail": {
          "x": -0.04492266848683357,
          "y": -0.0036077559925615788,
          "z": 0.6642554998397827
        }
      },
      "world_space": {
        "head": {
          "x": -0.03710193186998367,
          "y": 0.06728044897317886,
          "z": 1.5121724605560303
        },
        "tail": {
          "x": -0.04492266848683357,
          "y": 0.05963624268770218,
          "z": 1.6141095161437988
        },
        "rotation_quaternion": {
          "w": 0.6801377534866333,
          "x": 0.7316880822181702,
          "y": -0.011463964357972145,
          "z": 0.04374692216515541
        },
        "matrix": [
          [
            0.9959096908569336,
            -0.07628397643566132,
            0.04842351749539375,
            -0.03710193186998367
          ],
          [
            0.04273127391934395,
            -0.07456208765506744,
            -0.9963006377220154,
            0.06728044897317886
          ],
          [
            0.07961291819810867,
            0.9943012595176697,
            -0.07099886238574982,
            1.5121724605560303
          ],
          [
            0.0,
            0.0,
            0.0,
            1.0
          ]
        ]
      },
      "bone_length_armature_space": 0.10252206363796691,
      "parent": "spine_01",
      "has_children": true,
      "is_end_bone": false
    },
    "head": {
      "name": "head",
      "local": {
        "location": {
          "x": 0.0,
          "y": 0.0,
          "z": 0.0
        },
        "rotation_quaternion": {
          "w": 0.9918427467346191,
          "x": -0.08594930917024612,
          "y": -0.012616355903446674,
          "z": -0.09328219294548035
        },
        "scale": {
          "x": 1.0,
          "y": 1.0,
          "z": 1.0
        },
        "matrix_basis": [
          [
            0.9822785258293152,
            0.18721126019954681,
            -0.008991802111268044,
            0.0
          ],
          [
            -0.18287380039691925,
            0.9678223133087158,
            0.17285016179084778,
            0.0
          ],
          [
            0.04106196388602257,
            -0.168142631649971,
            0.9849070906639099,
            0.0
          ],
          [
            0.0,
            0.0,
            0.0,
            1.0
          ]
        ],
        "rotation_mode": "QUATERNION"
      },
      "armature_space": {
        "head": {
          "x": -0.04492265358567238,
          "y": -0.0036079054698348045,
          "z": 0.6642553806304932
        },
        "tail": {
          "x": -0.02978454902768135,
          "y": 0.0661059096455574,
          "z": 0.8019655346870422
        }
      },
      "world_space": {
        "head": {
          "x": -0.04492265358567238,
          "y": 0.05963609367609024,
          "z": 1.6141093969345093
        },
        "tail": {
          "x": -0.02978454902768135,
          "y": 0.12934991717338562,
          "z": 1.7518196105957031
        },
        "rotation_quaternion": {
          "w": 0.8510574102401733,
          "x": 0.5227700471878052,
          "y": 0.021295972168445587,
          "z": -0.0442640483379364
        },
        "matrix": [
          [
            0.9951744675636292,
            0.09760837256908417,
            -0.010032128542661667,
            -0.04492265358567238
          ],
          [
            -0.05307721719145775,
            0.44950491189956665,
            -0.8916998505592346,
            0.05963609367609024
          ],
          [
            -0.0825285017490387,
            0.8879358768463135,
            0.4525187611579895,
            1.6141093969345093
          ],
          [
            0.0,
            0.0,
            0.0,
            1.0
          ]
        ]
      },
      "bone_length_armature_space": 0.1550911473530908,
      "parent": "neck_01",
      "has_children": false,
      "is_end_bone": true
    },
    "upperarm_l": {
      "name": "upperarm_l",
      "local": {
        "location": {
          "x": 0.0,
          "y": 0.0,
          "z": 0.0
        },
        "rotation_quaternion": {
          "w": 0.9084475636482239,
          "x": 0.023800361901521683,
          "y": 0.4169849455356598,
          "z": 0.016741950064897537
        },
        "scale": {
          "x": 1.0,
          "y": 1.0,
          "z": 1.0
        },
        "matrix_basis": [
          [
            0.6516865491867065,
            -0.01056958269327879,
            0.7584148645401001,
            0.0
          ],
          [
            0.05026715248823166,
            0.9983065128326416,
            -0.02928047999739647,
            0.0
          ],
          [
            -0.7568209767341614,
            0.057205043733119965,
            0.6511142253875732,
            0.0
          ],
          [
            0.0,
            0.0,
            0.0,
            1.0
          ]
        ],
        "rotation_mode": "QUATERNION"
      },
      "armature_space": {
        "head": {
          "x": 0.11670362949371338,
          "y": -0.00038748234510421753,
          "z": 0.5044272541999817
        },
        "tail": {
          "x": 0.384371280670166,
          "y": 0.0004704137099906802,
          "z": 0.5171130895614624
        }
      },
      "world_space": {
        "head": {
          "x": 0.11670362949371338,
          "y": 0.0628565177321434,
          "z": 1.4542813301086426
        },
        "tail": {
          "x": 0.384371280670166,
          "y": 0.0637144148349762,
          "z": 1.4669671058654785
        },
        "rotation_quaternion": {
          "w": 0.276510089635849,
          "x": 0.6622658967971802,
          "y": 0.6520286798477173,
          "z": -0.24455030262470245
        },
        "matrix": [
          [
            0.030106399208307266,
            0.9988738298416138,
            0.0366736575961113,
            0.11670362949371338
          ],
          [
            0.7283914089202881,
            0.0032014697790145874,
            -0.6851540803909302,
            0.0628565177321434
          ],
          [
            -0.6845038533210754,
            0.04734057933092117,
            -0.7274802923202515,
            1.4542813301086426
          ],
          [
            0.0,
            0.0,
            0.0,
            1.0
          ]
        ]
      },
      "bone_length_armature_space": 0.2679694787001901,
      "parent": "spine_01",
      "has_children": true,
      "is_end_bone": false
    },
    "lowerarm_l": {
      "name": "lowerarm_l",
      "local": {
        "location": {
          "x": 0.0,
          "y": 0.0,
          "z": 0.0
        },
        "rotation_quaternion": {
          "w": 0.8396689891815186,
          "x": 0.4519856572151184,
          "y": -0.2147989422082901,
          "z": 0.21101322770118713
        },
        "scale": {
          "x": 1.0,
          "y": 1.0,
          "z": 1.0
        },
        "matrix_basis": [
          [
            0.8186696767807007,
            -0.548534631729126,
            -0.16997011005878448,
            0.0
          ],
          [
            0.16019044816493988,
            0.5023647546768188,
            -0.8496875166893005,
            0.0
          ],
          [
            0.5514699220657349,
            0.6683858633041382,
            0.49914076924324036,
            0.0
          ],
          [
            0.0,
            0.0,
            0.0,
            1.0
          ]
        ],
        "rotation_mode": "QUATERNION"
      },
      "armature_space": {
        "head": {
          "x": 0.3843713700771332,
          "y": 0.0004702916485257447,
          "z": 0.5171130895614624
        },
        "tail": {
          "x": 0.4880905747413635,
          "y": -0.24610409140586853,
          "z": 0.5206904411315918
        }
      },
      "world_space": {
        "head": {
          "x": 0.3843713700771332,
          "y": 0.06371428817510605,
          "z": 1.4669671058654785
        },
        "tail": {
          "x": 0.4880905747413635,
          "y": -0.1828600913286209,
          "z": 1.470544457435608
        },
        "rotation_quaternion": {
          "w": 0.13086345791816711,
          "x": 0.7571685314178467,
          "y": 0.14842607080936432,
          "z": -0.6225274801254272
        },
        "matrix": [
          [
            0.18085847795009613,
            0.3876999020576477,
            -0.903869092464447,
            0.3843713700771332
          ],
          [
            0.06183472275733948,
            -0.9216890335083008,
            -0.38297075033187866,
            0.06371428817510605
          ],
          [
            -0.9815703630447388,
            0.013372063636779785,
            -0.19067011773586273,
            1.4669671058654785
          ],
          [
            0.0,
            0.0,
            0.0,
            1.0
          ]
        ]
      },
      "bone_length_armature_space": 0.2675245766613492,
      "parent": "upperarm_l",
      "has_children": true,
      "is_end_bone": false
    },
    "metacarpal_thumb_l": {
      "name": "metacarpal_thumb_l",
      "local": {
        "location": {
          "x": 0.0,
          "y": 0.0,
          "z": 0.0
        },
        "rotation_quaternion": {
          "w": 0.9996960163116455,
          "x": 0.01999218948185444,
          "y": 0.004776897840201855,
          "z": 0.013619918376207352
        },
        "scale": {
          "x": 1.0,
          "y": 1.0,
          "z": 1.0
        },
        "matrix_basis": [
          [
            0.99958336353302,
            -0.027040554210543633,
            0.010095475241541862,
            0.0
          ],
          [
            0.027422556653618813,
            0.9988296031951904,
            -0.03984210267663002,
            0.0
          ],
          [
            -0.00900630746036768,
            0.04010234773159027,
            0.9991549849510193,
            0.0
          ],
          [
            0.0,
            0.0,
            0.0,
            1.0
          ]
        ],
        "rotation_mode": "QUATERNION"
      },
      "armature_space": {
        "head": {
          "x": 0.4880905747413635,
          "y": -0.24610409140586853,
          "z": 0.5206904411315918
        },
        "tail": {
          "x": 0.4775475859642029,
          "y": -0.29181358218193054,
          "z": 0.50478196144104
        }
      },
      "world_space": {
        "head": {
          "x": 0.4880905747413635,
          "y": -0.1828600913286209,
          "z": 1.470544457435608
        },
        "tail": {
          "x": 0.4775475859642029,
          "y": -0.22856958210468292,
          "z": 1.4546359777450562
        },
        "rotation_quaternion": {
          "w": 0.15593302249908447,
          "x": -0.9781944751739502,
          "y": 0.1195281371474266,
          "z": -0.06733258068561554
        },
        "matrix": [
          [
            0.962358832359314,
            -0.2128448337316513,
            0.16900578141212463,
            0.4880905747413635
          ],
          [
            -0.2548424005508423,
            -0.9227962493896484,
            0.2889688014984131,
            -0.1828600913286209
          ],
          [
            0.0944526270031929,
            -0.3211645185947418,
            -0.9423090219497681,
            1.470544457435608
          ],
          [
            0.0,
            0.0,
            0.0,
            1.0
          ]
        ]
      },
      "bone_length_armature_space": 0.049533744109783444,
      "parent": "lowerarm_l",
      "has_children": true,
      "is_end_bone": false
    },
    "thumb_01_l": {
      "name": "thumb_01_l",
      "local": {
        "location": {
          "x": 0.0,
          "y": 0.0,
          "z": 0.0
        },
        "rotation_quaternion": {
          "w": 0.957700788974762,
          "x": 0.28752467036247253,
          "y": 0.011098857969045639,
          "z": 0.003964679781347513
        },
        "scale": {
          "x": 1.0,
          "y": 1.0,
          "z": 1.0
        },
        "matrix_basis": [
          [
            0.9997221827507019,
            -0.0012115630088374019,
            0.023538656532764435,
            0.0
          ],
          [
            0.013976344838738441,
            0.8346276879310608,
            -0.5506371855735779,
            0.0
          ],
          [
            -0.01897888444364071,
            0.5508131980895996,
            0.8344127535820007,
            0.0
          ],
          [
            0.0,
            0.0,
            0.0,
            1.0
          ]
        ],
        "rotation_mode": "QUATERNION"
      },
      "armature_space": {
        "head": {
          "x": 0.4775475859642029,
          "y": -0.29181358218193054,
          "z": 0.50478196144104
        },
        "tail": {
          "x": 0.49167144298553467,
          "y": -0.30783525109291077,
          "z": 0.4782780110836029
        }
      },
      "world_space": {
        "head": {
          "x": 0.4775475859642029,
          "y": -0.22856958210468292,
          "z": 1.4546359777450562
        },
        "tail": {
          "x": 0.49167144298553467,
          "y": -0.24459125101566315,
          "z": 1.4281320571899414
        },
        "rotation_quaternion": {
          "w": 0.4295008182525635,
          "x": -0.4098373353481293,
          "y": 0.2831666171550751,
          "z": -0.7532457113265991
        },
        "matrix": [
          [
            -0.29512372612953186,
            0.41493669152259827,
            0.8606568574905396,
            0.4775475859642029
          ],
          [
            -0.8791443109512329,
            -0.47069114446640015,
            -0.07453547418117523,
            -0.22856958210468292
          ],
          [
            0.3741776645183563,
            -0.7786445617675781,
            0.5037044882774353,
            1.4546359777450562
          ],
          [
            0.0,
            0.0,
            0.0,
            1.0
          ]
        ]
      },
      "bone_length_armature_space": 0.03403875104427833,
      "parent": "metacarpal_thumb_l",
      "has_children": true,
      "is_end_bone": false
    },
    "thumb_02_l": {
      "name": "thumb_02_l",
      "local": {
        "location": {
          "x": 0.0,
          "y": 0.0,
          "z": 0.0
        },
        "rotation_quaternion": {
          "w": 0.8885573744773865,
          "x": 0.45866814255714417,
          "y": 0.009456583298742771,
          "z": 0.00015213701408356428
        },
        "scale": {
          "x": 1.0,
          "y": 1.0,
          "z": 1.0
        },
        "matrix_basis": [
          [
            0.999821126461029,
            0.008404501713812351,
            0.016944995149970055,
            0.0
          ],
          [
            0.008945232257246971,
            0.579246997833252,
            -0.8151030540466309,
            0.0
          ],
          [
            -0.016665872186422348,
            0.8151087760925293,
            0.5790682435035706,
            0.0
          ],
          [
            0.0,
            0.0,
            0.0,
            1.0
          ]
        ],
        "rotation_mode": "QUATERNION"
      },
      "armature_space": {
        "head": {
          "x": 0.4916714131832123,
          "y": -0.307835191488266,
          "z": 0.4782780110836029
        },
        "tail": {
          "x": 0.5012446045875549,
          "y": -0.3228303790092468,
          "z": 0.5142876505851746
        }
      },
      "world_space": {
        "head": {
          "x": 0.4916714131832123,
          "y": -0.24459119141101837,
          "z": 1.4281320571899414
        },
        "tail": {
          "x": 0.5012446045875549,
          "y": -0.2595863938331604,
          "z": 1.464141607284546
        },
        "rotation_quaternion": {
          "w": 0.24228467047214508,
          "x": 0.15470771491527557,
          "y": -0.5046040415763855,
          "z": -0.8140875697135925
        },
        "matrix": [
          [
            -0.8347271084785461,
            0.23835012316703796,
            -0.496407687664032,
            0.4916714131832123
          ],
          [
            -0.5506148934364319,
            -0.3733452558517456,
            0.7466170191764832,
            -0.24459119141101837
          ],
          [
            -0.007375707849860191,
            0.8965564966201782,
            0.4428843855857849,
            1.4281320571899414
          ],
          [
            0.0,
            0.0,
            0.0,
            1.0
          ]
        ]
      },
      "bone_length_armature_space": 0.040164608844811475,
      "parent": "thumb_01_l",
      "has_children": true,
      "is_end_bone": false
    },
    "thumb_03_l": {
      "name": "thumb_03_l",
      "local": {
        "location": {
          "x": 0.0,
          "y": 0.0,
          "z": 0.0
        },
        "rotation_quaternion": {
          "w": 0.9840008020401001,
          "x": 0.17812299728393555,
          "y": 0.003751244628801942,
          "z": 0.0007708478951826692
        },
        "scale": {
          "x": 1.0,
          "y": 1.0,
          "z": 1.0
        },
        "matrix_basis": [
          [
            0.9999706745147705,
            -0.00018066402117256075,
            0.00765706691890955,
            0.0
          ],
          [
            0.0028533958829939365,
            0.9365432262420654,
            -0.35054054856300354,
            0.0
          ],
          [
            -0.007107844110578299,
            0.35055214166641235,
            0.9365162253379822,
            0.0
          ],
          [
            0.0,
            0.0,
            0.0,
            1.0
          ]
        ],
        "rotation_mode": "QUATERNION"
      },
      "armature_space": {
        "head": {
          "x": 0.5012446045875549,
          "y": -0.322830468416214,
          "z": 0.5142875909805298
        },
        "tail": {
          "x": 0.49899429082870483,
          "y": -0.31895068287849426,
          "z": 0.5444005131721497
        }
      },
      "world_space": {
        "head": {
          "x": 0.5012446045875549,
          "y": -0.2595864534378052,
          "z": 1.464141607284546
        },
        "tail": {
          "x": 0.49899429082870483,
          "y": -0.25570666790008545,
          "z": 1.4942545890808105
        },
        "rotation_quaternion": {
          "w": 0.3434712290763855,
          "x": 0.345094233751297,
          "y": -0.6676415801048279,
          "z": -0.5631982684135437
        },
        "matrix": [
          [
            -0.5258749127388,
            -0.0739140510559082,
            -0.847344696521759,
            0.5012446045875549
          ],
          [
            -0.8476834893226624,
            0.12743592262268066,
            0.5149692296981812,
            -0.2595864534378052
          ],
          [
            0.06991830468177795,
            0.9890962839126587,
            -0.12967121601104736,
            1.464141607284546
          ],
          [
            0.0,
            0.0,
            0.0,
            1.0
          ]
        ]
      },
      "bone_length_armature_space": 0.030445110467780225,
      "parent": "thumb_02_l",
      "has_children": false,
      "is_end_bone": true
    },
    "metacarpal_index_l": {
      "name": "metacarpal_index_l",
      "local": {
        "location": {
          "x": 0.0,
          "y": 0.0,
          "z": 0.0
        },
        "rotation_quaternion": {
          "w": 0.9998208284378052,
          "x": 0.013861682265996933,
          "y": -0.01068868301808834,
          "z": -0.00721236364915967
        },
        "scale": {
          "x": 1.0,
          "y": 1.0,
          "z": 1.0
        },
        "matrix_basis": [
          [
            0.9996674656867981,
            0.014125816524028778,
            -0.021573487669229507,
            0.0
          ],
          [
            -0.014718469232320786,
            0.9995116591453552,
            -0.027564216405153275,
            0.0
          ],
          [
            0.021173585206270218,
            0.02787257917225361,
            0.9993872046470642,
            0.0
          ],
          [
            0.0,
            0.0,
            0.0,
            1.0
          ]
        ],
        "rotation_mode": "QUATERNION"
      },
      "armature_space": {
        "head": {
          "x": 0.4880905747413635,
          "y": -0.24610409140586853,
          "z": 0.5206904411315918
        },
        "tail": {
          "x": 0.500119149684906,
          "y": -0.3617168664932251,
          "z": 0.5059177279472351
        }
      },
      "world_space": {
        "head": {
          "x": 0.4880905747413635,
          "y": -0.1828600913286209,
          "z": 1.470544457435608
        },
        "tail": {
          "x": 0.500119149684906,
          "y": -0.29847288131713867,
          "z": 1.4557716846466064
        },
        "rotation_quaternion": {
          "w": 0.049688614904880524,
          "x": -0.9698785543441772,
          "y": -0.0646820142865181,
          "z": 0.22952792048454285
        },
        "matrix": [
          [
            0.8862665295600891,
            0.10265782475471497,
            -0.4516562223434448,
            0.4880905747413635
          ],
          [
            0.1482771784067154,
            -0.9866949319839478,
            0.06669040769338608,
            -0.1828600913286209
          ],
          [
            -0.4388035535812378,
            -0.12607766687870026,
            -0.8897022604942322,
            1.470544457435608
          ],
          [
            0.0,
            0.0,
            0.0,
            1.0
          ]
        ]
      },
      "bone_length_armature_space": 0.1171718110693751,
      "parent": "lowerarm_l",
      "has_children": true,
      "is_end_bone": false
    },
    "index_01_l": {
      "name": "index_01_l",
      "local": {
        "location": {
          "x": 0.0,
          "y": 0.0,
          "z": 0.0
        },
        "rotation_quaternion": {
          "w": 0.9537439942359924,
          "x": 0.299854040145874,
          "y": -0.021044896915555,
          "z": 0.004155804868787527
        },
        "scale": {
          "x": 1.0,
          "y": 1.0,
          "z": 1.0
        },
        "matrix_basis": [
          [
            0.999079704284668,
            -0.02054794318974018,
            -0.03765061870217323,
            0.0
          ],
          [
            -0.004693646915256977,
            0.820140540599823,
            -0.5721428990364075,
            0.0
          ],
          [
            0.04263515770435333,
            0.5717930793762207,
            0.8192893266677856,
            0.0
          ],
          [
            0.0,
            0.0,
            0.0,
            1.0
          ]
        ],
        "rotation_mode": "QUATERNION"
      },
      "armature_space": {
        "head": {
          "x": 0.500119149684906,
          "y": -0.3617168664932251,
          "z": 0.5059177279472351
        },
        "tail": {
          "x": 0.5041356682777405,
          "y": -0.38319647312164307,
          "z": 0.4875991642475128
        }
      },
      "world_space": {
        "head": {
          "x": 0.500119149684906,
          "y": -0.29847288131713867,
          "z": 1.4557716846466064
        },
        "tail": {
          "x": 0.5041356682777405,
          "y": -0.31995248794555664,
          "z": 1.4374531507492065
        },
        "rotation_quaternion": {
          "w": 0.3045858144760132,
          "x": -0.8929805159568787,
          "y": -0.1748795062303543,
          "z": 0.2814791798591614
        },
        "matrix": [
          [
            0.7803734540939331,
            0.14085976779460907,
            -0.60924232006073,
            0.500119149684906
          ],
          [
            0.4837973117828369,
            -0.7532901167869568,
            0.44552767276763916,
            -0.29847288131713867
          ],
          [
            -0.39618155360221863,
            -0.6424328088760376,
            -0.6559988856315613,
            1.4557716846466064
          ],
          [
            0.0,
            0.0,
            0.0,
            1.0
          ]
        ]
      },
      "bone_length_armature_space": 0.028514482533917793,
      "parent": "metacarpal_index_l",
      "has_children": true,
      "is_end_bone": false
    },
    "index_02_l": {
      "name": "index_02_l",
      "local": {
        "location": {
          "x": 0.0,
          "y": 0.0,
          "z": 0.0
        },
        "rotation_quaternion": {
          "w": 0.9091914892196655,
          "x": 0.41632166504859924,
          "y": 0.00337530137039721,
          "z": 0.0059892269782722
        },
        "scale": {
          "x": 1.0,
          "y": 1.0,
          "z": 1.0
        },
        "matrix_basis": [
          [
            0.9999054670333862,
            -0.008080285973846912,
            0.01112448051571846,
            0.0
          ],
          [
            0.013701130636036396,
            0.6532807946205139,
            -0.7569918036460876,
            0.0
          ],
          [
            -0.001150700612924993,
            0.7570726871490479,
            0.6533297300338745,
            0.0
          ],
          [
            0.0,
            0.0,
            0.0,
            1.0
          ]
        ],
        "rotation_mode": "QUATERNION"
      },
      "armature_space": {
        "head": {
          "x": 0.5041353702545166,
          "y": -0.38319671154022217,
          "z": 0.48759883642196655
        },
        "tail": {
          "x": 0.4944181740283966,
          "y": -0.3884388208389282,
          "z": 0.4644429683685303
        }
      },
      "world_space": {
        "head": {
          "x": 0.5041353702545166,
          "y": -0.31995272636413574,
          "z": 1.437452793121338
        },
        "tail": {
          "x": 0.4944181740283966,
          "y": -0.3251948356628418,
          "z": 1.4142969846725464
        },
        "rotation_quaternion": {
          "w": 0.6285633444786072,
          "x": -0.6881789565086365,
          "y": -0.05230814218521118,
          "z": 0.3585830628871918
        },
        "matrix": [
          [
            0.7373623847961426,
            -0.37878963351249695,
            -0.5592991709709167,
            0.5041353702545166
          ],
          [
            0.5227815508842468,
            -0.20434513688087463,
            0.8276129961013794,
            -0.31995272636413574
          ],
          [
            -0.42778369784355164,
            -0.9026481509208679,
            0.047349005937576294,
            1.437452793121338
          ],
          [
            0.0,
            0.0,
            0.0,
            1.0
          ]
        ]
      },
      "bone_length_armature_space": 0.025653418002164415,
      "parent": "index_01_l",
      "has_children": true,
      "is_end_bone": false
    },
    "index_03_l": {
      "name": "index_03_l",
      "local": {
        "location": {
          "x": 0.0,
          "y": 0.0,
          "z": 0.0
        },
        "rotation_quaternion": {
          "w": 0.9270917177200317,
          "x": 0.37470364570617676,
          "y": 0.008395041339099407,
          "z": 0.005262881983071566
        },
        "scale": {
          "x": 1.0,
          "y": 1.0,
          "z": 1.0
        },
        "matrix_basis": [
          [
            0.9998036623001099,
            -0.0034670433960855007,
            0.01950998790562153,
            0.0
          ],
          [
            0.01604965329170227,
            0.7191389799118042,
            -0.69468092918396,
            0.0
          ],
          [
            -0.01162190455943346,
            0.694857656955719,
            0.7190533876419067,
            0.0
          ],
          [
            0.0,
            0.0,
            0.0,
            1.0
          ]
        ],
        "rotation_mode": "QUATERNION"
      },
      "armature_space": {
        "head": {
          "x": 0.4944182336330414,
          "y": -0.38843896985054016,
          "z": 0.4644429683685303
        },
        "tail": {
          "x": 0.4772626757621765,
          "y": -0.3724250793457031,
          "z": 0.4470367133617401
        }
      },
      "world_space": {
        "head": {
          "x": 0.4944182336330414,
          "y": -0.32519495487213135,
          "z": 1.4142969846725464
        },
        "tail": {
          "x": 0.4772626757621765,
          "y": -0.3091810941696167,
          "z": 1.3968907594680786
        },
        "rotation_quaternion": {
          "w": 0.8757550120353699,
          "x": -0.36893537640571594,
          "y": 0.08419471979141235,
          "z": 0.29975196719169617
        },
        "matrix": [
          [
            0.8061197996139526,
            -0.5871437788009644,
            -0.07371190190315247,
            0.4944182336330414
          ],
          [
            0.462895005941391,
            0.5480703711509705,
            0.6966690421104431,
            -0.32519495487213135
          ],
          [
            -0.36864766478538513,
            -0.595723032951355,
            0.7136017084121704,
            1.4142969846725464
          ],
          [
            0.0,
            0.0,
            0.0,
            1.0
          ]
        ]
      },
      "bone_length_armature_space": 0.0292187533292539,
      "parent": "index_02_l",
      "has_children": false,
      "is_end_bone": true
    },
    "metacarpal_pinky_l": {
      "name": "metacarpal_pinky_l",
      "local": {
        "location": {
          "x": 0.0,
          "y": 0.0,
          "z": 0.0
        },
        "rotation_quaternion": {
          "w": 0.9996655583381653,
          "x": -0.02570418268442154,
          "y": 0.00012339581735432148,
          "z": -0.0028403219766914845
        },
        "scale": {
          "x": 1.0,
          "y": 1.0,
          "z": 1.0
        },
        "matrix_basis": [
          [
            0.9999838471412659,
            0.00567240035161376,
            0.0003927254001609981,
            0.0
          ],
          [
            -0.005685087759047747,
            0.9986624717712402,
            0.051390472799539566,
            0.0
          ],
          [
            -0.0001006927850539796,
            -0.05139187350869179,
            0.9986785650253296,
            0.0
          ],
          [
            0.0,
            0.0,
            0.0,
            1.0
          ]
        ],
        "rotation_mode": "QUATERNION"
      },
      "armature_space": {
        "head": {
          "x": 0.4880905747413635,
          "y": -0.24610409140586853,
          "z": 0.5206904411315918
        },
        "tail": {
          "x": 0.556736171245575,
          "y": -0.32438552379608154,
          "z": 0.5224290490150452
        }
      },
      "world_space": {
        "head": {
          "x": 0.4880905747413635,
          "y": -0.1828600913286209,
          "z": 1.470544457435608
        },
        "tail": {
          "x": 0.556736171245575,
          "y": -0.2611415386199951,
          "z": 1.472283124923706
        },
        "rotation_quaternion": {
          "w": 0.34507688879966736,
          "x": 0.21176688373088837,
          "y": 0.07100280374288559,
          "z": -0.9116113781929016
        },
        "matrix": [
          [
            -0.6721534729003906,
            0.659224808216095,
            -0.3370947241783142,
            0.4880905747413635
          ],
          [
            -0.5990806221961975,
            -0.7517609596252441,
            -0.27560603618621826,
            -0.1828600913286209
          ],
          [
            -0.4351043105125427,
            0.016696643084287643,
            0.9002330899238586,
            1.470544457435608
          ],
          [
            0.0,
            0.0,
            0.0,
            1.0
          ]
        ]
      },
      "bone_length_armature_space": 0.104130800326117,
      "parent": "lowerarm_l",
      "has_children": true,
      "is_end_bone": false
    },
    "pinky_01_l": {
      "name": "pinky_01_l",
      "local": {
        "location": {
          "x": 0.0,
          "y": 0.0,
          "z": 0.0
        },
        "rotation_quaternion": {
          "w": 0.9543854594230652,
          "x": 0.2984156608581543,
          "y": 0.00974417943507433,
          "z": 0.001312957494519651
        },
        "scale": {
          "x": 1.0,
          "y": 1.0,
          "z": 1.0
        },
        "matrix_basis": [
          [
            0.9998066425323486,
            0.003309496445581317,
            0.0193830206990242,
            0.0
          ],
          [
            0.00832176674157381,
            0.8218927383422852,
            -0.5695815682411194,
            0.0
          ],
          [
            -0.017815792933106422,
            0.5696327090263367,
            0.8217062950134277,
            0.0
          ],
          [
            0.0,
            0.0,
            0.0,
            1.0
          ]
        ],
        "rotation_mode": "QUATERNION"
      },
      "armature_space": {
        "head": {
          "x": 0.556736171245575,
          "y": -0.32438552379608154,
          "z": 0.5224290490150452
        },
        "tail": {
          "x": 0.5657212138175964,
