{
  "metadata": {
    "armature_name": "KIM_caucasian_male",
    "export_time": "2026-01-13T21:16:23.018448",
    "blender_version": "4.4.1",
    "bone_count": 56,
    "end_bone_count": 13,
    "spaces_included": [
      "LOCAL_CHANNELS",
      "ARMATURE_SPACE",
      "WORLD_SPACE"
    ],
    "note": "LOCAL matches Transform panel; replay pose via local.matrix_basis for best fidelity."
  },
  "bones": {
    "Root": {
      "name": "Root",
      "local": {
        "location": {
          "x": 0.0,
          "y": 0.0,
          "z": 0.0
        },
        "rotation_quaternion": {
          "w": 0.9993023872375488,
          "x": 0.018192853778600693,
          "y": -0.013231891207396984,
          "z": -0.029814528301358223
        },
        "scale": {
          "x": 1.0,
          "y": 1.0,
          "z": 1.0
        },
        "matrix_basis": [
          [
            0.997871994972229,
            0.0591060072183609,
            -0.027530143037438393,
            0.0
          ],
          [
            -0.06006890907883644,
            0.9975602030754089,
            -0.03557131811976433,
            0.0
          ],
          [
            0.02536049857735634,
            0.037149328738451004,
            0.9989878535270691,
            0.0
          ],
          [
            0.0,
            0.0,
            0.0,
            1.0
          ]
        ],
        "rotation_mode": "QUATERNION"
      },
      "armature_space": {
        "head": {
          "x": 0.0,
          "y": 0.07072800397872925,
          "z": -0.009595036506652832
        },
        "tail": {
          "x": 0.0042187427170574665,
          "y": -0.000183887779712677,
          "z": -0.0026509263552725315
        }
      },
      "world_space": {
        "head": {
          "x": 0.0,
          "y": 0.13397200405597687,
          "z": 0.9402589797973633
        },
        "tail": {
          "x": 0.0042187427170574665,
          "y": 0.06306011229753494,
          "z": 0.9472030997276306
        },
        "rotation_quaternion": {
          "w": 0.04916912317276001,
          "x": 0.9982576966285706,
          "y": 0.028855392709374428,
          "z": -0.015210370533168316
        },
        "matrix": [
          [
            0.997871994972229,
            0.0591060072183609,
            -0.027530143037438393,
            0.0
          ],
          [
            0.05611446872353554,
            -0.9934995174407959,
            -0.09904518723487854,
            0.13397200405597687
          ],
          [
            -0.033205531537532806,
            0.0972893238067627,
            -0.9947090744972229,
            0.9402589797973633
          ],
          [
            0.0,
            0.0,
            0.0,
            1.0
          ]
        ]
      },
      "bone_length_armature_space": 0.0713758709521666,
      "parent": null,
      "has_children": true,
      "is_end_bone": false
    },
    "spine_01": {
      "name": "spine_01",
      "local": {
        "location": {
          "x": 0.0,
          "y": 0.0,
          "z": 0.0
        },
        "rotation_quaternion": {
          "w": 0.9967958927154541,
          "x": 0.01953909918665886,
          "y": 0.02326599322259426,
          "z": 0.07399319857358932
        },
        "scale": {
          "x": 1.0,
          "y": 1.0,
          "z": 1.0
        },
        "matrix_basis": [
          [
            0.9879673719406128,
            -0.1466030329465866,
            0.04927441477775574,
            0.0
          ],
          [
            0.14842142164707184,
            0.9882864356040955,
            -0.03550993651151657,
            0.0
          ],
          [
            -0.04349137097597122,
            0.04239603877067566,
            0.998153805732727,
            0.0
          ],
          [
            0.0,
            0.0,
            0.0,
            1.0
          ]
        ],
        "rotation_mode": "QUATERNION"
      },
      "armature_space": {
        "head": {
          "x": 0.0042187427170574665,
          "y": -0.000183887779712677,
          "z": -0.0026509263552725315
        },
        "tail": {
          "x": -0.050269920378923416,
          "y": -0.01942133717238903,
          "z": 0.48192042112350464
        }
      },
      "world_space": {
        "head": {
          "x": 0.0042187427170574665,
          "y": 0.06306011229753494,
          "z": 0.9472030997276306
        },
        "tail": {
          "x": -0.050269920378923416,
          "y": 0.04382266104221344,
          "z": 1.431774377822876
        },
        "rotation_quaternion": {
          "w": 0.6930183172225952,
          "x": 0.7168343663215637,
          "y": -0.003879858646541834,
          "z": 0.07654516398906708
        },
        "matrix": [
          [
            0.9882516264915466,
            -0.11165681481361389,
            0.10436196625232697,
            0.0042187427170574665
          ],
          [
            0.1005311906337738,
            -0.039420902729034424,
            -0.9941527247428894,
            0.06306011229753494
          ],
          [
            0.11511886119842529,
            0.9929715394973755,
            -0.027733873575925827,
            0.9472030997276306
          ],
          [
            0.0,
            0.0,
            0.0,
            1.0
          ]
        ]
      },
      "bone_length_armature_space": 0.48800458774080013,
      "parent": "Root",
      "has_children": true,
      "is_end_bone": false
    },
    "neck_01": {
      "name": "neck_01",
      "local": {
        "location": {
          "x": 0.0,
          "y": 0.0,
          "z": 0.0
        },
        "rotation_quaternion": {
          "w": 0.9917684197425842,
          "x": -0.04874645173549652,
          "y": 0.10906743258237839,
          "z": -0.046083301305770874
        },
        "scale": {
          "x": 1.0,
          "y": 1.0,
          "z": 1.0
        },
        "matrix_basis": [
          [
            0.971961259841919,
            0.08077462762594223,
            0.22083206474781036,
            0.0
          ],
          [
            -0.10204122960567474,
            0.991000235080719,
            0.08663801103830338,
            0.0
          ],
          [
            -0.2118464708328247,
            -0.1067427545785904,
            0.9714561700820923,
            0.0
          ],
          [
            0.0,
            0.0,
            0.0,
            1.0
          ]
        ],
        "rotation_mode": "QUATERNION"
      },
      "armature_space": {
        "head": {
          "x": -0.05482593923807144,
          "y": -0.056785330176353455,
          "z": 0.5536624193191528
        },
        "tail": {
          "x": -0.05460748448967934,
          "y": -0.08814068138599396,
          "z": 0.6512715816497803
        }
      },
      "world_space": {
        "head": {
          "x": -0.05482593923807144,
          "y": 0.006458669900894165,
          "z": 1.503516435623169
        },
        "tail": {
          "x": -0.05460748448967934,
          "y": -0.024896681308746338,
          "z": 1.6011255979537964
        },
        "rotation_quaternion": {
          "w": 0.5798084139823914,
          "x": 0.7955633997917175,
          "y": 0.10440780967473984,
          "z": 0.1414221078157425
        },
        "matrix": [
          [
            0.9381977319717407,
            0.0021308287978172302,
            0.34609323740005493,
            -0.05482593923807144
          ],
          [
            0.33012133836746216,
            -0.30584225058555603,
            -0.8930178284645081,
            0.006458669900894165
          ],
          [
            0.10394810140132904,
            0.9520862102508545,
            -0.28764674067497253,
            1.503516435623169
          ],
          [
            0.0,
            0.0,
            0.0,
            1.0
          ]
        ]
      },
      "bone_length_armature_space": 0.10252196812789961,
      "parent": "spine_01",
      "has_children": true,
      "is_end_bone": false
    },
    "head": {
      "name": "head",
      "local": {
        "location": {
          "x": 0.0,
          "y": 0.0,
          "z": 0.0
        },
        "rotation_quaternion": {
          "w": 0.9907271265983582,
          "x": 0.003948650788515806,
          "y": -0.11435390263795853,
          "z": -0.07326219230890274
        },
        "scale": {
          "x": 1.0,
          "y": 1.0,
          "z": 1.0
        },
        "matrix_basis": [
          [
            0.9631116986274719,
            0.14426259696483612,
            -0.2271655946969986,
            0.0
          ],
          [
            -0.1460687667131424,
            0.9892340898513794,
            0.008931564167141914,
            0.0
          ],
          [
            0.22600845992565155,
            0.02457970567047596,
            0.9738152027130127,
            0.0
          ],
          [
            0.0,
            0.0,
            0.0,
            1.0
          ]
        ],
        "rotation_mode": "QUATERNION"
      },
      "armature_space": {
        "head": {
          "x": -0.05460743233561516,
          "y": -0.08814080059528351,
          "z": 0.6512714624404907
        },
        "tail": {
          "x": -0.05135503038764,
          "y": -0.07867001742124557,
          "z": 0.8060391545295715
        }
      },
      "world_space": {
        "head": {
          "x": -0.05460743233561516,
          "y": -0.02489680051803589,
          "z": 1.6011254787445068
        },
        "tail": {
          "x": -0.05135503038764,
          "y": -0.015426017343997955,
          "z": 1.7558932304382324
        },
        "rotation_quaternion": {
          "w": 0.7271158695220947,
          "x": 0.6846861839294434,
          "y": 0.04284263402223587,
          "z": 0.025921937078237534
        },
        "matrix": [
          [
            0.9949851632118225,
            0.020971035584807396,
            0.09779977798461914,
            -0.05460743233561516
          ],
          [
            0.09636387228965759,
            0.06106628477573395,
            -0.9934713840484619,
            -0.02489680051803589
          ],
          [
            -0.02680646814405918,
            0.9979205131530762,
            0.05873861908912659,
            1.6011254787445068
          ],
          [
            0.0,
            0.0,
            0.0,
            1.0
          ]
        ]
      },
      "bone_length_armature_space": 0.15509130553554024,
      "parent": "neck_01",
      "has_children": false,
      "is_end_bone": true
    },
    "upperarm_l": {
      "name": "upperarm_l",
      "local": {
        "location": {
          "x": 0.0,
          "y": 0.0,
          "z": 0.0
        },
        "rotation_quaternion": {
          "w": 0.9158080816268921,
          "x": 0.36364230513572693,
          "y": -0.08407943695783615,
          "z": 0.1482924520969391
        },
        "scale": {
          "x": 1.0,
          "y": 1.0,
          "z": 1.0
        },
        "matrix_basis": [
          [
            0.9418799877166748,
            -0.33276453614234924,
            -0.046150438487529755,
            0.0
          ],
          [
            0.2104651778936386,
            0.6915472745895386,
            -0.6909897923469543,
            0.0
          ],
          [
            0.26185208559036255,
            0.6411164402961731,
            0.7213898301124573,
            0.0
          ],
          [
            0.0,
            0.0,
            0.0,
            1.0
          ]
        ],
        "rotation_mode": "QUATERNION"
      },
      "armature_space": {
        "head": {
          "x": 0.1012488380074501,
          "y": -0.04222673922777176,
          "z": 0.5041064023971558
        },
        "tail": {
          "x": 0.30112481117248535,
          "y": -0.19145280122756958,
          "z": 0.6020294427871704
        }
      },
      "world_space": {
        "head": {
          "x": 0.1012488380074501,
          "y": 0.02101726084947586,
          "z": 1.4539604187011719
        },
        "tail": {
          "x": 0.30112481117248535,
          "y": -0.12820880115032196,
          "z": 1.5518834590911865
        },
        "rotation_quaternion": {
          "w": 0.4231496751308441,
          "x": 0.6959905028343201,
          "y": 0.2061707228422165,
          "z": -0.5422500967979431
        },
        "matrix": [
          [
            0.32691752910614014,
            0.7458909749984741,
            -0.5803203582763672,
            0.1012488380074501
          ],
          [
            -0.17191942036151886,
            -0.5568771362304688,
            -0.8126081228256226,
            0.02101726084947586
          ],
          [
            -0.9292905926704407,
            0.36542612314224243,
            -0.05382080748677254,
            1.4539604187011719
          ],
          [
            0.0,
            0.0,
            0.0,
            1.0
          ]
        ]
      },
      "bone_length_armature_space": 0.26796968031741214,
      "parent": "spine_01",
      "has_children": true,
      "is_end_bone": false
    },
    "lowerarm_l": {
      "name": "lowerarm_l",
      "local": {
        "location": {
          "x": 0.0,
          "y": 0.0,
          "z": 0.0
        },
        "rotation_quaternion": {
          "w": 0.9399989247322083,
          "x": 0.09112371504306793,
          "y": 0.05696459859609604,
          "z": -0.32381123304367065
        },
        "scale": {
          "x": 1.0,
          "y": 1.0,
          "z": 1.0
        },
        "matrix_basis": [
          [
            0.7838026285171509,
            0.6191460490226746,
            0.048079557716846466,
            0.0
          ],
          [
            -0.5983827710151672,
            0.7736855149269104,
            -0.20820394158363342,
            0.0
          ],
          [
            -0.16610708832740784,
            0.13442084193229675,
            0.9769030213356018,
            0.0
          ],
          [
            0.0,
            0.0,
            0.0,
            1.0
          ]
        ],
        "rotation_mode": "QUATERNION"
      },
      "armature_space": {
        "head": {
          "x": 0.30112481117248535,
          "y": -0.19145286083221436,
          "z": 0.60202956199646
        },
        "tail": {
          "x": 0.4563028812408447,
          "y": -0.40043461322784424,
          "z": 0.5402570962905884
        }
      },
      "world_space": {
        "head": {
          "x": 0.30112481117248535,
          "y": -0.12820886075496674,
          "z": 1.551883578300476
        },
        "tail": {
          "x": 0.4563028812408447,
          "y": -0.3371906280517578,
          "z": 1.4901111125946045
        },
        "rotation_quaternion": {
          "w": 0.12632416188716888,
          "x": 0.6770429611206055,
          "y": 0.30570781230926514,
          "z": -0.6574175953865051
        },
        "matrix": [
          [
            -0.051310934126377106,
            0.5800517797470093,
            -0.812961995601654,
            0.30112481117248535
          ],
          [
            0.24785882234573364,
            -0.7811687588691711,
            -0.5730111598968506,
            -0.12820886075496674
          ],
          [
            -0.9674428701400757,
            -0.23090386390686035,
            -0.10368962585926056,
            1.551883578300476
          ],
          [
            0.0,
            0.0,
            0.0,
            1.0
          ]
        ]
      },
      "bone_length_armature_space": 0.26752466212388576,
      "parent": "upperarm_l",
      "has_children": true,
      "is_end_bone": false
    },
    "metacarpal_thumb_l": {
      "name": "metacarpal_thumb_l",
      "local": {
        "location": {
          "x": 0.0,
          "y": 0.0,
          "z": 0.0
        },
        "rotation_quaternion": {
          "w": 0.9983863830566406,
          "x": -0.051900021731853485,
          "y": 0.019380899146199226,
          "z": -0.012471785768866539
        },
        "scale": {
          "x": 1.0,
          "y": 1.0,
          "z": 1.0
        },
        "matrix_basis": [
          [
            0.9989376664161682,
            0.022891584783792496,
            0.03999382257461548,
            0.0
          ],
          [
            -0.026915060356259346,
            0.9943016767501831,
            0.10314912348985672,
            0.0
          ],
          [
            -0.037404678761959076,
            -0.10411597788333893,
            0.9938615560531616,
            0.0
          ],
          [
            0.0,
            0.0,
            0.0,
            1.0
          ]
        ],
        "rotation_mode": "QUATERNION"
      },
      "armature_space": {
        "head": {
          "x": 0.4563028812408447,
          "y": -0.40043461322784424,
          "z": 0.5402570962905884
        },
        "tail": {
          "x": 0.4565410912036896,
          "y": -0.44726067781448364,
          "z": 0.5241061449050903
        }
      },
      "world_space": {
        "head": {
          "x": 0.4563028812408447,
          "y": -0.3371906280517578,
          "z": 1.4901111125946045
        },
        "tail": {
          "x": 0.4565410912036896,
          "y": -0.3840166926383972,
          "z": 1.4739601612091064
        },
        "rotation_quaternion": {
          "w": 0.16507825255393982,
          "x": -0.9854714870452881,
          "y": -0.008959997445344925,
          "z": 0.03892357647418976
        },
        "matrix": [
          [
            0.9968094825744629,
            0.004808755591511726,
            -0.07967428863048553,
            0.4563028812408447
          ],
          [
            0.03051053360104561,
            -0.9453380107879639,
            0.32466185092926025,
            -0.3371906280517578
          ],
          [
            -0.07375844568014145,
            -0.32605987787246704,
            -0.9424746036529541,
            1.4901111125946045
          ],
          [
            0.0,
            0.0,
            0.0,
            1.0
          ]
        ]
      },
      "bone_length_armature_space": 0.04953372830703032,
      "parent": "lowerarm_l",
      "has_children": true,
      "is_end_bone": false
    },
    "thumb_01_l": {
      "name": "thumb_01_l",
      "local": {
        "location": {
          "x": 0.0,
          "y": 0.0,
          "z": 0.0
        },
        "rotation_quaternion": {
          "w": 0.9682416915893555,
          "x": 0.24966883659362793,
          "y": -0.009099941700696945,
          "z": 0.00952171441167593
        },
        "scale": {
          "x": 1.0,
          "y": 1.0,
          "z": 1.0
        },
        "matrix_basis": [
          [
            0.9996530413627625,
            -0.022982586175203323,
            -0.012867335230112076,
            0.0
          ],
          [
            0.013894697651267052,
            0.8751496076583862,
            -0.48365285992622375,
            0.0
          ],
          [
            0.02237643674015999,
            0.48330625891685486,
            0.8751653432846069,
            0.0
          ],
          [
            0.0,
            0.0,
            0.0,
            1.0
          ]
        ],
        "rotation_mode": "QUATERNION"
      },
      "armature_space": {
        "head": {
          "x": 0.4565410912036896,
          "y": -0.44726067781448364,
          "z": 0.5241061449050903
        },
        "tail": {
          "x": 0.46740999817848206,
          "y": -0.45840317010879517,
          "z": 0.49383488297462463
        }
      },
      "world_space": {
        "head": {
          "x": 0.4565410912036896,
          "y": -0.3840166926383972,
          "z": 1.4739601612091064
        },
        "tail": {
          "x": 0.46740999817848206,
          "y": -0.39515918493270874,
          "z": 1.4436888694763184
        },
        "rotation_quaternion": {
          "w": 0.5042856931686401,
          "x": -0.5307685732841492,
          "y": 0.28639277815818787,
          "z": -0.6180291175842285
        },
        "matrix": [
          [
            0.07203944027423859,
            0.31931179761886597,
            0.9449077844619751,
            0.4565410912036896
          ],
          [
            -0.9273430705070496,
            -0.3273492753505707,
            0.18132120370864868,
            -0.3840166926383972
          ],
          [
            0.3672143518924713,
            -0.8893222808837891,
            0.2725314497947693,
            1.4739601612091064
          ],
          [
            0.0,
            0.0,
            0.0,
            1.0
          ]
        ]
      },
      "bone_length_armature_space": 0.03403876568650151,
      "parent": "metacarpal_thumb_l",
      "has_children": true,
      "is_end_bone": false
    },
    "thumb_02_l": {
      "name": "thumb_02_l",
      "local": {
        "location": {
          "x": 0.0,
          "y": 0.0,
          "z": 0.0
        },
        "rotation_quaternion": {
          "w": 0.8910901546478271,
          "x": 0.4536609649658203,
          "y": 0.011162010952830315,
          "z": 0.005054526962339878
        },
        "scale": {
          "x": 1.0,
          "y": 1.0,
          "z": 1.0
        },
        "matrix_basis": [
          [
            0.9996997117996216,
            0.0011194589314982295,
            0.024478798732161522,
            0.0
          ],
          [
            0.0191356148570776,
            0.5883323550224304,
            -0.8083928227424622,
            0.0
          ],
          [
            -0.015306632965803146,
            0.8086184859275818,
            0.5881342887878418,
            0.0
          ],
          [
            0.0,
            0.0,
            0.0,
            1.0
          ]
        ],
        "rotation_mode": "QUATERNION"
      },
      "armature_space": {
        "head": {
          "x": 0.46740996837615967,
          "y": -0.4584031403064728,
          "z": 0.49383488297462463
        },
        "tail": {
          "x": 0.4901030659675598,
          "y": -0.46998652815818787,
          "z": 0.5248838663101196
        }
      },
      "world_space": {
        "head": {
          "x": 0.46740996837615967,
          "y": -0.39515912532806396,
          "z": 1.4436888694763184
        },
        "tail": {
          "x": 0.4901030659675598,
          "y": -0.40674251317977905,
          "z": 1.4747378826141357
        },
        "rotation_quaternion": {
          "w": 0.4235880374908447,
          "x": 0.12671101093292236,
          "y": -0.4199678599834442,
          "z": -0.7925556898117065
        },
        "matrix": [
          [
            -0.6090336441993713,
            0.5650054216384888,
            -0.5566393136978149,
            0.46740996837615967
          ],
          [
            -0.7778647541999817,
            -0.2883991599082947,
            0.5583481788635254,
            -0.39515912532806396
          ],
          [
            0.15493568778038025,
            0.7730476260185242,
            0.6151472926139832,
            1.4436888694763184
          ],
          [
            0.0,
            0.0,
            0.0,
            1.0
          ]
        ]
      },
      "bone_length_armature_space": 0.040164547886628,
      "parent": "thumb_01_l",
      "has_children": true,
      "is_end_bone": false
    },
    "thumb_03_l": {
      "name": "thumb_03_l",
      "local": {
        "location": {
          "x": 0.0,
          "y": 0.0,
          "z": 0.0
        },
        "rotation_quaternion": {
          "w": 0.9925427436828613,
          "x": 0.12187431752681732,
          "y": -0.0004938460770063102,
          "z": 0.002337617101147771
        },
        "scale": {
          "x": 1.0,
          "y": 1.0,
          "z": 1.0
        },
        "matrix_basis": [
          [
            0.9999885559082031,
            -0.004760744050145149,
            -0.0004105356929358095,
            0.0
          ],
          [
            0.004519995301961899,
            0.9702823758125305,
            -0.24193324148654938,
            0.0
          ],
          [
            0.0015501176239922643,
            0.24192863702774048,
            0.9702928066253662,
            0.0
          ],
          [
            0.0,
            0.0,
            0.0,
            1.0
          ]
        ],
        "rotation_mode": "QUATERNION"
      },
      "armature_space": {
        "head": {
          "x": 0.4901030361652374,
          "y": -0.46998658776283264,
          "z": 0.5248838067054749
        },
        "tail": {
          "x": 0.4981949031352997,
          "y": -0.4678589403629303,
          "z": 0.5541566014289856
        }
      },
      "world_space": {
        "head": {
          "x": 0.4901030361652374,
          "y": -0.40674257278442383,
          "z": 1.4747378826141357
        },
        "tail": {
          "x": 0.4981949031352997,
          "y": -0.4046149253845215,
          "z": 1.5040106773376465
        },
        "rotation_quaternion": {
          "w": 0.5210860967636108,
          "x": 0.34079453349113464,
          "y": -0.5132355690002441,
          "z": -0.5906924605369568
        },
        "matrix": [
          [
            -0.22465457022190094,
            0.2657874822616577,
            -0.9374901056289673,
            0.4901030361652374
          ],
          [
            -0.965419590473175,
            0.06988491117954254,
            0.2511603534221649,
            -0.40674257278442383
          ],
          [
            0.13227155804634094,
            0.961501955986023,
            0.2408984750509262,
            1.4747378826141357
          ],
          [
            0.0,
            0.0,
            0.0,
            1.0
          ]
        ]
      },
      "bone_length_armature_space": 0.03044506053458513,
      "parent": "thumb_02_l",
      "has_children": false,
      "is_end_bone": true
    },
    "metacarpal_index_l": {
      "name": "metacarpal_index_l",
      "local": {
        "location": {
          "x": 0.0,
          "y": 0.0,
          "z": 0.0
        },
        "rotation_quaternion": {
          "w": 0.999337911605835,
          "x": -0.0351247563958168,
          "y": -4.058005288243294e-05,
          "z": 0.009487840346992016
        },
        "scale": {
          "x": 1.0,
          "y": 1.0,
          "z": 1.0
        },
        "matrix_basis": [
          [
            0.9998199343681335,
            -0.018960267305374146,
            -0.0007476225146092474,
            0.0
          ],
          [
            0.018965966999530792,
            0.9973524808883667,
            0.07020223140716553,
            0.0
          ],
          [
            -0.0005854098126292229,
            -0.07020377367734909,
            0.9975324869155884,
            0.0
          ],
          [
            0.0,
            0.0,
            0.0,
            1.0
          ]
        ],
        "rotation_mode": "QUATERNION"
      },
      "armature_space": {
        "head": {
          "x": 0.4563028812408447,
          "y": -0.40043461322784424,
          "z": 0.5402570962905884
        },
        "tail": {
          "x": 0.49486401677131653,
          "y": -0.5076379179954529,
          "z": 0.5128759741783142
        }
      },
      "world_space": {
        "head": {
          "x": 0.4563028812408447,
          "y": -0.3371906280517578,
          "z": 1.4901111125946045
        },
        "tail": {
          "x": 0.49486401677131653,
          "y": -0.44439393281936646,
          "z": 1.4627299308776855
        },
        "rotation_quaternion": {
          "w": 0.06144694983959198,
          "x": -0.9303761720657349,
          "y": -0.19688069820404053,
          "z": 0.30308839678764343
        },
        "matrix": [
          [
            0.738750696182251,
            0.32909923791885376,
            -0.588167667388916,
            0.4563028812408447
          ],
          [
            0.4035940170288086,
            -0.914924681186676,
            -0.0050083063542842865,
            -0.3371906280517578
          ],
          [
            -0.5397806167602539,
            -0.2336834967136383,
            -0.8087291121482849,
            1.4901111125946045
          ],
          [
            0.0,
            0.0,
            0.0,
            1.0
          ]
        ]
      },
      "bone_length_armature_space": 0.11717182044594397,
      "parent": "lowerarm_l",
      "has_children": true,
      "is_end_bone": false
    },
    "index_01_l": {
      "name": "index_01_l",
      "local": {
        "location": {
          "x": 0.0,
          "y": 0.0,
          "z": 0.0
        },
        "rotation_quaternion": {
          "w": 0.9573652148246765,
          "x": 0.28844699263572693,
          "y": -0.013704720884561539,
          "z": -0.007906816899776459
        },
        "scale": {
          "x": 1.0,
          "y": 1.0,
          "z": 1.0
        },
        "matrix_basis": [
          [
            0.9994993209838867,
            0.007233251817524433,
            -0.03080224059522152,
            0.0
          ],
          [
            -0.02304559387266636,
            0.8334716558456421,
            -0.5520815253257751,
            0.0
          ],
          [
            0.021679451689124107,
            0.5525149703025818,
            0.8332210183143616,
            0.0
          ],
          [
            0.0,
            0.0,
            0.0,
            1.0
          ]
        ],
        "rotation_mode": "QUATERNION"
      },
      "armature_space": {
        "head": {
          "x": 0.49486401677131653,
          "y": -0.5076379179954529,
          "z": 0.5128759741783142
        },
        "tail": {
          "x": 0.50225430727005,
          "y": -0.5258557200431824,
          "z": 0.4922223687171936
        }
      },
      "world_space": {
        "head": {
          "x": 0.49486401677131653,
          "y": -0.44439393281936646,
          "z": 1.4627299308776855
        },
        "tail": {
          "x": 0.50225430727005,
          "y": -0.46261173486709595,
          "z": 1.4420764446258545
        },
        "rotation_quaternion": {
          "w": 0.3075425624847412,
          "x": -0.8273290991783142,
          "y": -0.2932036817073822,
          "z": 0.36739060282707214
        },
        "matrix": [
          [
            0.5581111907958984,
            0.2591767907142639,
            -0.7882508635520935,
            0.49486401677131653
          ],
          [
            0.7111287713050842,
            -0.6388986706733704,
            0.2934359312057495,
            -0.44439393281936646
          ],
          [
            -0.4275628626346588,
            -0.7243232727050781,
            -0.5408878922462463,
            1.4627299308776855
          ],
          [
            0.0,
            0.0,
            0.0,
            1.0
          ]
        ]
      },
      "bone_length_armature_space": 0.028514489774283135,
      "parent": "metacarpal_index_l",
      "has_children": true,
      "is_end_bone": false
    },
    "index_02_l": {
      "name": "index_02_l",
      "local": {
        "location": {
          "x": 0.0,
          "y": 0.0,
          "z": 0.0
        },
        "rotation_quaternion": {
          "w": 0.9019619226455688,
          "x": 0.4317445755004883,
          "y": 0.004684621933847666,
          "z": 0.006291503552347422
        },
        "scale": {
          "x": 1.0,
          "y": 1.0,
          "z": 1.0
        },
        "matrix_basis": [
          [
            0.9998769164085388,
            -0.007304273080080748,
            0.013883346691727638,
            0.0
          ],
          [
            0.015394513495266438,
            0.6271140575408936,
            -0.7787753939628601,
            0.0
          ],
          [
            -0.0030180560424923897,
            0.7788932919502258,
            0.6271493434906006,
            0.0
          ],
          [
            0.0,
            0.0,
            0.0,
            1.0
          ]
        ],
        "rotation_mode": "QUATERNION"
      },
      "armature_space": {
        "head": {
          "x": 0.5022540092468262,
          "y": -0.5258560180664062,
          "z": 0.49222201108932495
        },
        "tail": {
          "x": 0.4908026456832886,
          "y": -0.5316115617752075,
          "z": 0.4699995517730713
        }
      },
      "world_space": {
        "head": {
          "x": 0.5022540092468262,
          "y": -0.4626120328903198,
          "z": 1.4420759677886963
        },
        "tail": {
          "x": 0.4908026456832886,
          "y": -0.4683675765991211,
          "z": 1.4198535680770874
        },
        "rotation_quaternion": {
          "w": 0.6114775538444519,
          "x": -0.6150189638137817,
          "y": -0.11797013878822327,
          "z": 0.48366308212280273
        },
        "matrix": [
          [
            0.504302978515625,
            -0.44639021158218384,
            -0.7391985058784485,
            0.5022540092468262
          ],
          [
            0.7366078495979309,
            -0.2243584841489792,
            0.6380221247673035,
            -0.4626120328903198
          ],
          [
            -0.45065465569496155,
            -0.8662620782852173,
            0.21567201614379883,
            1.4420759677886963
          ],
          [
            0.0,
            0.0,
            0.0,
            1.0
          ]
        ]
      },
      "bone_length_armature_space": 0.025653415024098906,
      "parent": "index_01_l",
      "has_children": true,
      "is_end_bone": false
    },
    "index_03_l": {
      "name": "index_03_l",
      "local": {
        "location": {
          "x": 0.0,
          "y": 0.0,
          "z": 0.0
        },
        "rotation_quaternion": {
          "w": 0.9237825274467468,
          "x": 0.38282984495162964,
          "y": -0.005237119272351265,
          "z": 0.006298882886767387
        },
        "scale": {
          "x": 1.0,
          "y": 1.0,
          "z": 1.0
        },
        "matrix_basis": [
          [
            0.9998657703399658,
            -0.015647446736693382,
            -0.004853117745369673,
            0.0
          ],
          [
            0.007627744693309069,
            0.7068032622337341,
            -0.7073690295219421,
            0.0
          ],
          [
            0.01449871901422739,
            0.7072370648384094,
            0.7068277597427368,
            0.0
          ],
          [
            0.0,
            0.0,
            0.0,
            1.0
          ]
        ],
        "rotation_mode": "QUATERNION"
      },
      "armature_space": {
        "head": {
          "x": 0.4908027648925781,
          "y": -0.5316116809844971,
          "z": 0.4699995517730713
        },
        "tail": {
          "x": 0.4673835337162018,
          "y": -0.5194345116615295,
          "z": 0.45746996998786926
        }
      },
      "world_space": {
        "head": {
          "x": 0.4908027648925781,
          "y": -0.46836769580841064,
          "z": 1.4198535680770874
        },
        "tail": {
          "x": 0.4673835337162018,
          "y": -0.4561905264854431,
          "z": 1.407323956489563
        },
        "rotation_quaternion": {
          "w": 0.8382765054702759,
          "x": -0.2963349521160126,
          "y": 0.07531792670488358,
          "z": 0.45144811272621155
        },
        "matrix": [
          [
            0.5810430645942688,
            -0.8015154004096985,
            -0.1412869393825531,
            0.4908027648925781
          ],
          [
            0.7122388482093811,
            0.41675931215286255,
            0.564825177192688,
            -0.46836769580841064
          ],
          [
            -0.3938354253768921,
            -0.4288204610347748,
            0.813031792640686,
            1.4198535680770874
          ],
          [
            0.0,
            0.0,
            0.0,
            1.0
          ]
        ]
      },
      "bone_length_armature_space": 0.029218731415775835,
      "parent": "index_02_l",
      "has_children": false,
      "is_end_bone": true
    },
    "metacarpal_pinky_l": {
      "name": "metacarpal_pinky_l",
      "local": {
        "location": {
          "x": 0.0,
          "y": 0.0,
          "z": 0.0
        },
        "rotation_quaternion": {
          "w": 0.9987927675247192,
          "x": 0.048470936715602875,
          "y": -0.006914614699780941,
          "z": -0.003981448244303465
        },
        "scale": {
          "x": 1.0,
          "y": 1.0,
          "z": 1.0
        },
        "matrix_basis": [
          [
            0.9998726844787598,
            0.007282967679202557,
            -0.014198503457009792,
            0.0
          ],
          [
            -0.008623599074780941,
            0.9952694177627563,
            -0.096769779920578,
            0.0
          ],
          [
            0.013426565565168858,
            0.09687989950180054,
            0.9952055215835571,
            0.0
          ],
          [
            0.0,
            0.0,
            0.0,
            1.0
          ]
        ],
        "rotation_mode": "QUATERNION"
      },
      "armature_space": {
        "head": {
          "x": 0.4563028812408447,
          "y": -0.40043461322784424,
          "z": 0.5402570962905884
        },
        "tail": {
          "x": 0.5376079678535461,
          "y": -0.4644771218299866,
          "z": 0.5288003087043762
        }
      },
      "world_space": {
        "head": {
          "x": 0.4563028812408447,
          "y": -0.3371906280517578,
          "z": 1.4901111125946045
        },
        "tail": {
          "x": 0.5376079678535461,
          "y": -0.40123313665390015,
          "z": 1.478654384613037
        },
        "rotation_quaternion": {
          "w": 0.4157705307006836,
          "x": 0.16529887914657593,
          "y": 0.14008767902851105,
          "z": -0.8832818269729614
        },
        "matrix": [
          [
            -0.5996223092079163,
            0.780798077583313,
            -0.17552116513252258,
            0.4563028812408447
          ],
          [
            -0.6881730556488037,
            -0.615020215511322,
            -0.38492658734321594,
            -0.3371906280517578
          ],
          [
            -0.4085022509098053,
            -0.11002299189567566,
            0.906109631061554,
            1.4901111125946045
          ],
          [
            0.0,
            0.0,
            0.0,
            1.0
          ]
        ]
      },
      "bone_length_armature_space": 0.10413077361269606,
      "parent": "lowerarm_l",
      "has_children": true,
      "is_end_bone": false
    },
    "pinky_01_l": {
      "name": "pinky_01_l",
      "local": {
        "location": {
          "x": 0.0,
          "y": 0.0,
          "z": 0.0
        },
        "rotation_quaternion": {
          "w": 0.9517343044281006,
          "x": 0.306682288646698,
          "y": -0.007303175982087851,
          "z": 0.009728179313242435
        },
        "scale": {
          "x": 1.0,
          "y": 1.0,
          "z": 1.0
        },
        "matrix_basis": [
          [
            0.9997040629386902,
            -0.022996792569756508,
            -0.007934445515275002,
            0.0
          ],
          [
            0.014037774875760078,
            0.8117026686668396,
            -0.5839021801948547,
            0.0
          ],
          [
            0.019868286326527596,
            0.5836180448532104,
            0.8117852807044983,
            0.0
          ],
          [
            0.0,
            0.0,
            0.0,
            1.0
          ]
        ],
        "rotation_mode": "QUATERNION"
      },
      "armature_space": {
        "head": {
          "x": 0.5376079678535461,
          "y": -0.4644771218299866,
          "z": 0.5288003087043762
        },
        "tail": {
