{
  "metadata": {
    "armature_name": "KIM_caucasian_male",
    "export_time": "2026-01-13T20:59:45.064459",
    "blender_version": "4.4.1",
    "bone_count": 56,
    "end_bone_count": 13,
    "spaces_included": [
      "LOCAL_CHANNELS",
      "ARMATURE_SPACE",
      "WORLD_SPACE"
    ],
    "note": "LOCAL matches Transform panel; replay pose via local.matrix_basis for best fidelity."
  },
  "bones": {
    "Root": {
      "name": "Root",
      "local": {
        "location": {
          "x": 0.0,
          "y": 0.0,
          "z": 0.0
        },
        "rotation_quaternion": {
          "w": 0.9997080564498901,
          "x": 0.013981645926833153,
          "y": -0.017938848584890366,
          "z": 0.008159591816365719
        },
        "scale": {
          "x": 1.0,
          "y": 1.0,
          "z": 1.0
        },
        "matrix_basis": [
          [
            0.9992232322692871,
            -0.016816047951579094,
            -0.03563905507326126,
            0.0
          ],
          [
            0.015812790021300316,
            0.99947589635849,
            -0.028247876092791557,
            0.0
          ],
          [
            0.03609539195895195,
            0.027662381529808044,
            0.9989654421806335,
            0.0
          ],
          [
            0.0,
            0.0,
            0.0,
            1.0
          ]
        ],
        "rotation_mode": "QUATERNION"
      },
      "armature_space": {
        "head": {
          "x": 0.0,
          "y": 0.07072800397872925,
          "z": -0.009595036506652832
        },
        "tail": {
          "x": -0.0012002600124105811,
          "y": -0.0002283528447151184,
          "z": -0.0019615478813648224
        }
      },
      "world_space": {
        "head": {
          "x": 0.0,
          "y": 0.13397200405597687,
          "z": 0.9402589797973633
        },
        "tail": {
          "x": -0.0012002600124105811,
          "y": 0.0630156472325325,
          "z": 0.9478924870491028
        },
        "rotation_quaternion": {
          "w": 0.05339811369776726,
          "x": 0.9983788132667542,
          "y": -0.009349558502435684,
          "z": -0.017348404973745346
        },
        "matrix": [
          [
            0.9992232322692871,
            -0.016816047951579094,
            -0.03563905507326126,
            0.0
          ],
          [
            -0.020521553233265877,
            -0.9941225051879883,
            -0.10629914700984955,
            0.13397200405597687
          ],
          [
            -0.033642303198575974,
            0.10694774985313416,
            -0.9937023520469666,
            0.9402589797973633
          ],
          [
            0.0,
            0.0,
            0.0,
            1.0
          ]
        ]
      },
      "bone_length_armature_space": 0.07137587207986255,
      "parent": null,
      "has_children": true,
      "is_end_bone": false
    },
    "spine_01": {
      "name": "spine_01",
      "local": {
        "location": {
          "x": 0.0,
          "y": 0.0,
          "z": 0.0
        },
        "rotation_quaternion": {
          "w": 0.9997535347938538,
          "x": -0.0023028261493891478,
          "y": 0.011635171249508858,
          "z": 0.018772035837173462
        },
        "scale": {
          "x": 1.0,
          "y": 1.0,
          "z": 1.0
        },
        "matrix_basis": [
          [
            0.9990244507789612,
            -0.03758840635418892,
            0.02317814901471138,
            0.0
          ],
          [
            0.03748122975230217,
            0.9992846250534058,
            0.005041348747909069,
            0.0
          ],
          [
            -0.023351063951849937,
            -0.0041676852852106094,
            0.9997186660766602,
            0.0
          ],
          [
            0.0,
            0.0,
            0.0,
            1.0
          ]
        ],
        "rotation_mode": "QUATERNION"
      },
      "armature_space": {
        "head": {
          "x": -0.0012002600124105811,
          "y": -0.0002283528447151184,
          "z": -0.0019615478813648224
        },
        "tail": {
          "x": -0.0028980481438338757,
          "y": 0.01117109414190054,
          "z": 0.4859069883823395
        }
      },
      "world_space": {
        "head": {
          "x": -0.0012002600124105811,
          "y": 0.0630156472325325,
          "z": 0.9478924870491028
        },
        "tail": {
          "x": -0.0028980481438338757,
          "y": 0.07441509515047073,
          "z": 1.4357609748840332
        },
        "rotation_quaternion": {
          "w": 0.7153177857398987,
          "x": 0.6987950801849365,
          "y": 1.8788572560879402e-05,
          "z": 0.0024501902516931295
        },
        "matrix": [
          [
            0.9999880194664001,
            -0.003479065140709281,
            0.003451269119977951,
            -0.0012002600124105811
          ],
          [
            0.003531618043780327,
            0.02335946448147297,
            -0.9997210502624512,
            0.0630156472325325
          ],
          [
            0.003397509455680847,
            0.9997281432151794,
            0.023370712995529175,
            0.9478924870491028
          ],
          [
            0.0,
            0.0,
            0.0,
            1.0
          ]
        ]
      },
      "bone_length_armature_space": 0.48800466810102366,
      "parent": "Root",
      "has_children": true,
      "is_end_bone": false
    },
    "neck_01": {
      "name": "neck_01",
      "local": {
        "location": {
          "x": 0.0,
          "y": 0.0,
          "z": 0.0
        },
        "rotation_quaternion": {
          "w": 0.9927135705947876,
          "x": 0.021404234692454338,
          "y": 0.08386115729808807,
          "z": -0.08383889496326447
        },
        "scale": {
          "x": 1.0,
          "y": 1.0,
          "z": 1.0
        },
        "matrix_basis": [
          [
            0.9718766808509827,
            0.17004598677158356,
            0.16291120648384094,
            0.0
          ],
          [
            -0.16286605596542358,
            0.9850258231163025,
            -0.05655820295214653,
            0.0
          ],
          [
            -0.1700892299413681,
            0.02843489497900009,
            0.9850183129310608,
            0.0
          ],
          [
            0.0,
            0.0,
            0.0,
            1.0
          ]
        ],
        "rotation_mode": "QUATERNION"
      },
      "armature_space": {
        "head": {
          "x": -0.003033088520169258,
          "y": -0.021789327263832092,
          "z": 0.559916079044342
        },
        "tail": {
          "x": 0.014215642586350441,
          "y": -0.0606498084962368,
          "z": 0.6532064080238342
        }
      },
      "world_space": {
        "head": {
          "x": -0.003033088520169258,
          "y": 0.04145467281341553,
          "z": 1.509770154953003
        },
        "tail": {
          "x": 0.014215642586350441,
          "y": 0.0025941915810108185,
          "z": 1.6030604839324951
        },
        "rotation_quaternion": {
          "w": 0.54486083984375,
          "x": 0.8300495147705078,
          "y": 0.11663002520799637,
          "z": 0.02328326739370823
        },
        "matrix": [
          [
            0.9717105627059937,
            0.16824528574943542,
            0.1657474935054779,
            -0.003033088520169258
          ],
          [
            0.21899037063121796,
            -0.3790477514266968,
            -0.8990921378135681,
            0.04145467281341553
          ],
          [
            -0.08844216167926788,
            0.9099600911140442,
            -0.4051723778247833,
            1.509770154953003
          ],
          [
            0.0,
            0.0,
            0.0,
            1.0
          ]
        ]
      },
      "bone_length_armature_space": 0.10252190656421171,
      "parent": "spine_01",
      "has_children": true,
      "is_end_bone": false
    },
    "head": {
      "name": "head",
      "local": {
        "location": {
          "x": 0.0,
          "y": 0.0,
          "z": 0.0
        },
        "rotation_quaternion": {
          "w": 0.9753545522689819,
          "x": -0.035974860191345215,
          "y": -0.14739270508289337,
          "z": 0.16020266711711884
        },
        "scale": {
          "x": 1.0,
          "y": 1.0,
          "z": 1.0
        },
        "matrix_basis": [
          [
            0.9052209854125977,
            -0.30190393328666687,
            -0.2990468144416809,
            0.0
          ],
          [
            0.32311367988586426,
            0.946081817150116,
            0.022951077669858932,
            0.0
          ],
          [
            0.2759937644004822,
            -0.11740189790725708,
            0.9539623856544495,
            0.0
          ],
          [
            0.0,
            0.0,
            0.0,
            1.0
          ]
        ],
        "rotation_mode": "QUATERNION"
      },
      "armature_space": {
        "head": {
          "x": 0.014215657487511635,
          "y": -0.06064992398023605,
          "z": 0.6532062888145447
        },
        "tail": {
          "x": -0.021047716960310936,
          "y": -0.057180725038051605,
          "z": 0.8041955232620239
        }
      },
      "world_space": {
        "head": {
          "x": 0.014215657487511635,
          "y": 0.002594076097011566,
          "z": 1.603060245513916
        },
        "tail": {
          "x": -0.021047716960310936,
          "y": 0.006063275039196014,
          "z": 1.75404953956604
        },
        "rotation_quaternion": {
          "w": 0.7062571048736572,
          "x": 0.6972841024398804,
          "y": -0.11128803342580795,
          "z": 0.05109653249382973
        },
        "matrix": [
          [
            0.9700084924697876,
            -0.22737330198287964,
            -0.08593693375587463,
            0.014215657487511635
          ],
          [
            -0.08302262425422668,
            0.022368907928466797,
            -0.9962969422340393,
            0.002594076097011566
          ],
          [
            0.22845512628555298,
            0.9735576510429382,
            0.002819981426000595,
            1.603060245513916
          ],
          [
            0.0,
            0.0,
            0.0,
            1.0
          ]
        ]
      },
      "bone_length_armature_space": 0.15509122932954977,
      "parent": "neck_01",
      "has_children": false,
      "is_end_bone": true
    },
    "upperarm_l": {
      "name": "upperarm_l",
      "local": {
        "location": {
          "x": 0.0,
          "y": 0.0,
          "z": 0.0
        },
        "rotation_quaternion": {
          "w": 0.8636937141418457,
          "x": 0.3968856930732727,
          "y": -0.24097590148448944,
          "z": 0.19607555866241455
        },
        "scale": {
          "x": 1.0,
          "y": 1.0,
          "z": 1.0
        },
        "matrix_basis": [
          [
            0.8069700002670288,
            -0.5299782156944275,
            -0.260619580745697,
            0.0
          ],
          [
            0.14741867780685425,
            0.6080722212791443,
            -0.7800742983818054,
            0.0
          ],
          [
            0.5718979239463806,
            0.5910763740539551,
            0.5688247084617615,
            0.0
          ],
          [
            0.0,
            0.0,
            0.0,
            1.0
          ]
        ],
        "rotation_mode": "QUATERNION"
      },
      "armature_space": {
        "head": {
          "x": 0.14720994234085083,
          "y": -0.02601775899529457,
          "z": 0.49331074953079224
        },
        "tail": {
          "x": 0.3194194436073303,
          "y": -0.1774682253599167,
          "z": 0.6319270730018616
        }
      },
      "world_space": {
        "head": {
          "x": 0.14720994234085083,
          "y": 0.03722624108195305,
          "z": 1.4431648254394531
        },
        "tail": {
          "x": 0.3194194436073303,
          "y": -0.11422422528266907,
          "z": 1.5817811489105225
        },
        "rotation_quaternion": {
          "w": 0.46514639258384705,
          "x": 0.6012129783630371,
          "y": 0.03237786144018173,
          "z": -0.6489480137825012
        },
        "matrix": [
          [
            0.1556377112865448,
            0.6426461338996887,
            -0.7501885890960693,
            0.14720994234085083
          ],
          [
            -0.5647801756858826,
            -0.5651781558990479,
            -0.6013296842575073,
            0.03722624108195305
          ],
          [
            -0.8104384541511536,
            0.517284095287323,
            0.2749921679496765,
            1.4431648254394531
          ],
          [
            0.0,
            0.0,
            0.0,
            1.0
          ]
        ]
      },
      "bone_length_armature_space": 0.26796985409122703,
      "parent": "spine_01",
      "has_children": true,
      "is_end_bone": false
    },
    "lowerarm_l": {
      "name": "lowerarm_l",
      "local": {
        "location": {
          "x": 0.0,
          "y": 0.0,
          "z": 0.0
        },
        "rotation_quaternion": {
          "w": 0.9662613868713379,
          "x": 0.11611079424619675,
          "y": 0.03836755082011223,
          "z": -0.2266830950975418
        },
        "scale": {
          "x": 1.0,
          "y": 1.0,
          "z": 1.0
        },
        "matrix_basis": [
          [
            0.8942854404449463,
            0.4469800293445587,
            0.021505456417798996,
            0.0
          ],
          [
            -0.429160475730896,
            0.8702661395072937,
            -0.2417813092470169,
            0.0
          ],
          [
            -0.12678687274456024,
            0.20699220895767212,
            0.9700924158096313,
            0.0
          ],
          [
            0.0,
            0.0,
            0.0,
            1.0
          ]
        ],
        "rotation_mode": "QUATERNION"
      },
      "armature_space": {
        "head": {
          "x": 0.3194194436073303,
          "y": -0.1774682253599167,
          "z": 0.6319272518157959
        },
        "tail": {
          "x": 0.4081107974052429,
          "y": -0.41997361183166504,
          "z": 0.7018870115280151
        }
      },
      "world_space": {
        "head": {
          "x": 0.3194194436073303,
          "y": -0.11422422528266907,
          "z": 1.581781268119812
        },
        "tail": {
          "x": 0.4081107974052429,
          "y": -0.3567296266555786,
          "z": 1.6517410278320312
        },
        "rotation_quaternion": {
          "w": 0.2157796323299408,
          "x": 0.653417706489563,
          "y": 0.014116576872766018,
          "z": -0.7254552245140076
        },
        "matrix": [
          [
            -0.05296884477138519,
            0.33152616024017334,
            -0.941957950592041,
            0.3194194436073303
          ],
          [
            -0.29462963342666626,
            -0.9064792990684509,
            -0.3024715781211853,
            -0.11422422528266907
          ],
          [
            -0.9541493058204651,
            0.26150786876678467,
            0.14569345116615295,
            1.581781268119812
          ],
          [
            0.0,
            0.0,
            0.0,
            1.0
          ]
        ]
      },
      "bone_length_armature_space": 0.2675245546399998,
      "parent": "upperarm_l",
      "has_children": true,
      "is_end_bone": false
    },
    "metacarpal_thumb_l": {
      "name": "metacarpal_thumb_l",
      "local": {
        "location": {
          "x": 0.0,
          "y": 0.0,
          "z": 0.0
        },
        "rotation_quaternion": {
          "w": 0.9982883334159851,
          "x": -0.05848319083452225,
          "y": -0.000343136431183666,
          "z": -0.0002847527211997658
        },
        "scale": {
          "x": 1.0,
          "y": 1.0,
          "z": 1.0
        },
        "matrix_basis": [
          [
            0.9999995827674866,
            0.0006086660432629287,
            -0.0006517916917800903,
            0.0
          ],
          [
            -0.0005283952341414988,
            0.993159294128418,
            0.11676637083292007,
            0.0
          ],
          [
            0.0007184047135524452,
            -0.11676597595214844,
            0.9931591749191284,
            0.0
          ],
          [
            0.0,
            0.0,
            0.0,
            1.0
          ]
        ],
        "rotation_mode": "QUATERNION"
      },
      "armature_space": {
        "head": {
          "x": 0.4081107974052429,
          "y": -0.41997361183166504,
          "z": 0.7018870115280151
        },
        "tail": {
          "x": 0.39364635944366455,
          "y": -0.4659242630004883,
          "z": 0.7134153842926025
        }
      },
      "world_space": {
        "head": {
          "x": 0.4081107974052429,
          "y": -0.3567296266555786,
          "z": 1.6517410278320312
        },
        "tail": {
          "x": 0.39364635944366455,
          "y": -0.40268027782440186,
          "z": 1.6632694005966187
        },
        "rotation_quaternion": {
          "w": 0.11337077617645264,
          "x": 0.9811741709709167,
          "y": -0.15269136428833008,
          "z": -0.03361286222934723
        },
        "matrix": [
          [
            0.9511110782623291,
            -0.29201215505599976,
            -0.10058163106441498,
            0.4081107974052429
          ],
          [
            -0.3072550594806671,
            -0.9276648163795471,
            -0.21220853924751282,
            -0.3567296266555786
          ],
          [
            -0.03133929520845413,
            0.23273871839046478,
            -0.9720412492752075,
            1.6517410278320312
          ],
          [
            0.0,
            0.0,
            0.0,
            1.0
          ]
        ]
      },
      "bone_length_armature_space": 0.04953368315084884,
      "parent": "lowerarm_l",
      "has_children": true,
      "is_end_bone": false
    },
    "thumb_01_l": {
      "name": "thumb_01_l",
      "local": {
        "location": {
          "x": 0.0,
          "y": 0.0,
          "z": 0.0
        },
        "rotation_quaternion": {
          "w": 0.994949221611023,
          "x": -0.09889941662549973,
          "y": -0.014403045177459717,
          "z": 0.00936084147542715
        },
        "scale": {
          "x": 1.0,
          "y": 1.0,
          "z": 1.0
        },
        "matrix_basis": [
          [
            0.9994098544120789,
            -0.01577821746468544,
            -0.030512161552906036,
            0.0
          ],
          [
            0.021476028487086296,
            0.9802625775337219,
            0.19653014838695526,
            0.0
          ],
          [
            0.026809033006429672,
            -0.197069451212883,
            0.9800229072570801,
            0.0
          ],
          [
            0.0,
            0.0,
            0.0,
            1.0
          ]
        ],
        "rotation_mode": "QUATERNION"
      },
      "armature_space": {
        "head": {
          "x": 0.39364635944366455,
          "y": -0.4659242630004883,
          "z": 0.7134153842926025
        },
        "tail": {
          "x": 0.37485766410827637,
          "y": -0.4873793125152588,
          "z": 0.6948332190513611
        }
      },
      "world_space": {
        "head": {
          "x": 0.39364635944366455,
          "y": -0.40268027782440186,
          "z": 1.6632694005966187
        },
        "tail": {
          "x": 0.37485766410827637,
          "y": -0.42413532733917236,
          "z": 1.6446871757507324
        },
        "rotation_quaternion": {
          "w": 0.009758133441209793,
          "x": -0.6561831831932068,
          "y": 0.42982083559036255,
          "z": -0.620147168636322
        },
        "matrix": [
          [
            -0.13865801692008972,
            -0.5519824028015137,
            0.8222465515136719,
            0.39364635944366455
          ],
          [
            -0.5761851668357849,
            -0.6303154826164246,
            -0.520301103591919,
            -0.40268027782440186
          ],
          [
            0.8054764866828918,
            -0.5459146499633789,
            -0.23064810037612915,
            1.6632694005966187
          ],
          [
            0.0,
            0.0,
            0.0,
            1.0
          ]
        ]
      },
      "bone_length_armature_space": 0.03403867088601064,
      "parent": "metacarpal_thumb_l",
      "has_children": true,
      "is_end_bone": false
    },
    "thumb_02_l": {
      "name": "thumb_02_l",
      "local": {
        "location": {
          "x": 0.0,
          "y": 0.0,
          "z": 0.0
        },
        "rotation_quaternion": {
          "w": 0.9943175315856934,
          "x": 0.10608872771263123,
          "y": 0.006323209963738918,
          "z": 0.006157935131341219
        },
        "scale": {
          "x": 1.0,
          "y": 1.0,
          "z": 1.0
        },
        "matrix_basis": [
          [
            0.9998441934585571,
            -0.010904243215918541,
            0.013881132006645203,
            0.0
          ],
          [
            0.0135875279083848,
            0.9774145483970642,
            -0.2108938843011856,
            0.0
          ],
          [
            -0.011267982423305511,
            0.2110496461391449,
            0.9774103760719299,
            0.0
          ],
          [
            0.0,
            0.0,
            0.0,
            1.0
          ]
        ],
        "rotation_mode": "QUATERNION"
      },
      "armature_space": {
        "head": {
          "x": 0.374857634305954,
          "y": -0.487379252910614,
          "z": 0.6948332190513611
        },
        "tail": {
          "x": 0.38717541098594666,
          "y": -0.5246044993400574,
          "z": 0.7035356760025024
        }
      },
      "world_space": {
        "head": {
          "x": 0.374857634305954,
          "y": -0.4241352677345276,
          "z": 1.6446871757507324
        },
        "tail": {
          "x": 0.38717541098594666,
          "y": -0.46136051416397095,
          "z": 1.6533896923065186
        },
        "rotation_quaternion": {
          "w": 0.09183726459741592,
          "x": -0.43129605054855347,
          "y": -0.16779448091983795,
          "z": -0.8816999197006226
        },
        "matrix": [
          [
            -0.6110994219779968,
            0.3066842555999756,
            0.729727566242218,
            0.374857634305954
          ],
          [
            -0.017207497730851173,
            -0.926821768283844,
            0.3751072287559509,
            -0.4241352677345276
          ],
          [
            0.7913722991943359,
            0.21667128801345825,
            0.5716617107391357,
            1.6446871757507324
          ],
          [
            0.0,
            0.0,
            0.0,
            1.0
          ]
        ]
      },
      "bone_length_armature_space": 0.04016440359742386,
      "parent": "thumb_01_l",
      "has_children": true,
      "is_end_bone": false
    },
    "thumb_03_l": {
      "name": "thumb_03_l",
      "local": {
        "location": {
          "x": 0.0,
          "y": 0.0,
          "z": 0.0
        },
        "rotation_quaternion": {
          "w": 0.9961309432983398,
          "x": 0.0876581072807312,
          "y": -0.0033057299442589283,
          "z": 0.0053326040506362915
        },
        "scale": {
          "x": 1.0,
          "y": 1.0,
          "z": 1.0
        },
        "matrix_basis": [
          [
            0.9999212622642517,
            -0.011203492060303688,
            -0.005650987848639488,
            0.0
          ],
          [
            0.010044395923614502,
            0.9845752120018005,
            -0.1746731698513031,
            0.0
          ],
          [
            0.007520771585404873,
            0.17460264265537262,
            0.9846102595329285,
            0.0
          ],
          [
            0.0,
            0.0,
            0.0,
            1.0
          ]
        ],
        "rotation_mode": "QUATERNION"
      },
      "armature_space": {
        "head": {
          "x": 0.3871753215789795,
          "y": -0.5246044993400574,
          "z": 0.7035356760025024
        },
        "tail": {
          "x": 0.4069521129131317,
          "y": -0.545009434223175,
          "z": 0.7144631147384644
        }
      },
      "world_space": {
        "head": {
          "x": 0.3871753215789795,
          "y": -0.46136051416397095,
          "z": 1.6533896923065186
        },
        "tail": {
          "x": 0.4069521129131317,
          "y": -0.4817654490470886,
          "z": 1.6643171310424805
        },
        "rotation_quaternion": {
          "w": 0.29108181595802307,
          "x": -0.24088700115680695,
          "y": -0.2831222414970398,
          "z": -0.8815251588821411
        },
        "matrix": [
          [
            -0.7144896388053894,
            0.6495933532714844,
            0.25987136363983154,
            0.3871753215789795
          ],
          [
            -0.3767915368080139,
            -0.6702255010604858,
            0.6393950581550598,
            -0.46136051416397095
          ],
          [
            0.5895227193832397,
            0.3589252233505249,
            0.7236361503601074,
            1.6533896923065186
          ],
          [
            0.0,
            0.0,
            0.0,
            1.0
          ]
        ]
      },
      "bone_length_armature_space": 0.030444897530438043,
      "parent": "thumb_02_l",
      "has_children": false,
      "is_end_bone": true
    },
    "metacarpal_index_l": {
      "name": "metacarpal_index_l",
      "local": {
        "location": {
          "x": 0.0,
          "y": 0.0,
          "z": 0.0
        },
        "rotation_quaternion": {
          "w": 0.9985311031341553,
          "x": -0.04804559797048569,
          "y": 0.01962217688560486,
          "z": -0.015564203262329102
        },
        "scale": {
          "x": 1.0,
          "y": 1.0,
          "z": 1.0
        },
        "matrix_basis": [
          [
            0.9987454414367676,
            0.02919716387987137,
            0.040682289749383926,
            0.0
          ],
          [
            -0.032968200743198395,
            0.9948987364768982,
            0.09533923864364624,
            0.0
          ],
          [
            -0.03769112378358841,
            -0.09656085819005966,
            0.9946131706237793,
            0.0
          ],
          [
            0.0,
            0.0,
            0.0,
            1.0
          ]
        ],
        "rotation_mode": "QUATERNION"
      },
      "armature_space": {
        "head": {
          "x": 0.4081107974052429,
          "y": -0.41997361183166504,
          "z": 0.7018870115280151
        },
        "tail": {
          "x": 0.4208078682422638,
          "y": -0.5310883522033691,
          "z": 0.7368373870849609
        }
      },
      "world_space": {
        "head": {
          "x": 0.4081107974052429,
          "y": -0.3567296266555786,
          "z": 1.6517410278320312
        },
        "tail": {
          "x": 0.4208078682422638,
          "y": -0.4678443670272827,
          "z": 1.686691403388977
        },
        "rotation_quaternion": {
          "w": 0.1607293039560318,
          "x": 0.9349409937858582,
          "y": 0.0035773329436779022,
          "z": -0.3162890076637268
        },
        "matrix": [
          [
            0.7998970746994019,
            0.10836292058229446,
            -0.5902729630470276,
            0.4081107974052429
          ],
          [
            -0.09498473256826401,
            -0.948306679725647,
            -0.30280801653862,
            -0.3567296266555786
          ],
          [
            -0.5925772786140442,
            0.29828310012817383,
            -0.7482601404190063,
            1.6517410278320312
          ],
          [
            0.0,
            0.0,
            0.0,
            1.0
          ]
        ]
      },
      "bone_length_armature_space": 0.11717179684927916,
      "parent": "lowerarm_l",
      "has_children": true,
      "is_end_bone": false
    },
    "index_01_l": {
      "name": "index_01_l",
      "local": {
        "location": {
          "x": 0.0,
          "y": 0.0,
          "z": 0.0
        },
        "rotation_quaternion": {
          "w": 0.9934384822845459,
          "x": -0.11330515891313553,
          "y": 0.011983348987996578,
          "z": -0.009922421537339687
        },
        "scale": {
          "x": 1.0,
          "y": 1.0,
          "z": 1.0
        },
        "matrix_basis": [
          [
            0.9995158910751343,
            0.016999080777168274,
            0.026057962328195572,
            0.0
          ],
          [
            -0.0224301815032959,
            0.9741269946098328,
            0.22488559782505035,
            0.0
          ],
          [
            -0.021560916677117348,
            -0.22536121308803558,
            0.974036693572998,
            0.0
          ],
          [
            0.0,
            0.0,
            0.0,
            1.0
          ]
        ],
        "rotation_mode": "QUATERNION"
      },
      "armature_space": {
        "head": {
          "x": 0.4208078682422638,
          "y": -0.5310883522033691,
          "z": 0.7368373870849609
        },
        "tail": {
          "x": 0.43716561794281006,
          "y": -0.5525400042533875,
          "z": 0.7460743188858032
        }
      },
      "world_space": {
        "head": {
          "x": 0.4208078682422638,
          "y": -0.4678443670272827,
          "z": 1.686691403388977
        },
        "tail": {
          "x": 0.43716561794281006,
          "y": -0.489296019077301,
          "z": 1.6959283351898193
        },
        "rotation_quaternion": {
          "w": 0.25937435030937195,
          "x": 0.8900834918022156,
          "y": 0.23784396052360535,
          "z": -0.2896663248538971
        },
        "matrix": [
          [
            0.7190474271774292,
            0.5736665725708008,
            -0.392272412776947,
            0.4208078682422638
          ],
          [
            0.27313846349716187,
            -0.7523097991943359,
            -0.5995211005210876,
            -0.4678443670272827
          ],
          [
            -0.6390398144721985,
            0.32394057512283325,
            -0.6976421475410461,
            1.686691403388977
          ],
          [
            0.0,
            0.0,
            0.0,
            1.0
          ]
        ]
      },
      "bone_length_armature_space": 0.028514387196953324,
      "parent": "metacarpal_index_l",
      "has_children": true,
      "is_end_bone": false
    },
    "index_02_l": {
      "name": "index_02_l",
      "local": {
        "location": {
          "x": 0.0,
          "y": 0.0,
          "z": 0.0
        },
        "rotation_quaternion": {
          "w": 0.9998073577880859,
          "x": 0.019427379593253136,
          "y": 0.0023519338574260473,
          "z": 0.0015361557016149163
        },
        "scale": {
          "x": 1.0,
          "y": 1.0,
          "z": 1.0
        },
        "matrix_basis": [
          [
            0.9999842047691345,
            -0.0029803356155753136,
            0.004762648604810238,
            0.0
          ],
          [
            0.0031631034798920155,
            0.9992404580116272,
            -0.038840048015117645,
            0.0
          ],
          [
            -0.00464327447116375,
            0.03885449841618538,
            0.9992340803146362,
            0.0
          ],
          [
            0.0,
            0.0,
            0.0,
            1.0
          ]
        ],
        "rotation_mode": "QUATERNION"
      },
      "armature_space": {
        "head": {
          "x": 0.4371655285358429,
          "y": -0.5525405406951904,
          "z": 0.746074378490448
        },
        "tail": {
          "x": 0.4523084759712219,
          "y": -0.571715772151947,
          "z": 0.7538905143737793
        }
      },
      "world_space": {
        "head": {
          "x": 0.4371655285358429,
          "y": -0.489296555519104,
          "z": 1.6959283351898193
        },
        "tail": {
          "x": 0.4523084759712219,
          "y": -0.5084717869758606,
          "z": 1.7037445306777954
        },
        "rotation_quaternion": {
          "w": 0.26135769486427307,
          "x": 0.8780811429023743,
          "y": 0.24073441326618195,
          "z": -0.3204880654811859
        },
        "matrix": [
          [
            0.678668737411499,
            0.5902933478355408,
            -0.43699270486831665,
            0.4371655285358429
          ],
          [
            0.2552451491355896,
            -0.7474775314331055,
            -0.6132922768592834,
            -0.489296555519104
          ],
          [
            -0.6886691451072693,
            0.30468302965164185,
            -0.6579642295837402,
            1.6959283351898193
          ],
          [
            0.0,
            0.0,
            0.0,
            1.0
          ]
        ]
      },
      "bone_length_armature_space": 0.02565327158020077,
      "parent": "index_01_l",
      "has_children": true,
      "is_end_bone": false
    },
    "index_03_l": {
      "name": "index_03_l",
      "local": {
        "location": {
          "x": 0.0,
          "y": 0.0,
          "z": 0.0
        },
        "rotation_quaternion": {
          "w": 0.9998047351837158,
          "x": 0.01678317040205002,
          "y": -0.008053175173699856,
          "z": 0.006630605552345514
        },
        "scale": {
          "x": 1.0,
          "y": 1.0,
          "z": 1.0
        },
        "matrix_basis": [
          [
            0.999782383441925,
            -0.013528937473893166,
            -0.015880640596151352,
            0.0
          ],
          [
            0.012988305650651455,
            0.9993487000465393,
            -0.03366658091545105,
            0.0
          ],
          [
            0.01632576994597912,
            0.033452991396188736,
            0.9993069171905518,
            0.0
          ],
          [
            0.0,
            0.0,
            0.0,
            1.0
          ]
        ],
        "rotation_mode": "QUATERNION"
      },
      "armature_space": {
        "head": {
          "x": 0.4523085057735443,
          "y": -0.5717157125473022,
          "z": 0.7538906335830688
        },
        "tail": {
          "x": 0.4693869948387146,
          "y": -0.5949203968048096,
          "z": 0.7587485909461975
        }
      },
      "world_space": {
        "head": {
          "x": 0.4523085057735443,
          "y": -0.5084717273712158,
          "z": 1.703744649887085
        },
        "tail": {
          "x": 0.4693869948387146,
          "y": -0.5316764116287231,
          "z": 1.7086026668548584
        },
        "rotation_quaternion": {
          "w": 0.18720276653766632,
          "x": 0.8910276889801025,
          "y": 0.26051557064056396,
          "z": -0.3211798667907715
        },
        "matrix": [
          [
            0.657950222492218,
            0.5845053195953369,
            -0.47482115030288696,
            0.4523085057735443
          ],
          [
            0.34400177001953125,
            -0.7941728234291077,
            -0.5009514689445496,
            -0.5084717273712158
          ],
          [
            -0.6699031591415405,
            0.16626180708408356,
            -0.7236023545265198,
            1.703744649887085
          ],
          [
            0.0,
            0.0,
            0.0,
            1.0
          ]
        ]
      },
      "bone_length_armature_space": 0.029218690701486024,
      "parent": "index_02_l",
      "has_children": false,
      "is_end_bone": true
    },
    "metacarpal_pinky_l": {
      "name": "metacarpal_pinky_l",
      "local": {
        "location": {
          "x": 0.0,
          "y": 0.0,
          "z": 0.0
        },
        "rotation_quaternion": {
          "w": 0.9990127086639404,
          "x": -0.04284209385514259,
          "y": -0.011241387575864792,
          "z": -0.003447203431278467
        },
        "scale": {
          "x": 1.0,
          "y": 1.0,
          "z": 1.0
        },
        "matrix_basis": [
          [
            0.999723494052887,
            0.007850809022784233,
            -0.02216520719230175,
            0.0
          ],
          [
            -0.005924391094595194,
            0.9963053464889526,
            0.08567709475755692,
            0.0
          ],
          [
            0.022755948826670647,
            -0.08552209287881851,
            0.9960763454437256,
            0.0
          ],
          [
            0.0,
            0.0,
            0.0,
            1.0
          ]
        ],
        "rotation_mode": "QUATERNION"
      },
      "armature_space": {
        "head": {
          "x": 0.4081107974052429,
          "y": -0.41997361183166504,
          "z": 0.7018870115280151
        },
        "tail": {
          "x": 0.4713115692138672,
          "y": -0.5018603801727295,
          "z": 0.713863730430603
        }
      },
      "world_space": {
        "head": {
          "x": 0.4081107974052429,
          "y": -0.3567296266555786,
          "z": 1.6517410278320312
        },
        "tail": {
          "x": 0.4713115692138672,
          "y": -0.43861639499664307,
          "z": 1.6637177467346191
        },
        "rotation_quaternion": {
          "w": 0.32289788126945496,
          "x": 0.030516143888235092,
          "y": -0.05044945329427719,
          "z": -0.944595456123352
        },
        "matrix": [
          [
            -0.7896115779876709,
            0.6069366335868835,
            -0.09023098647594452,
            0.4081107974052429
          ],
          [
            -0.6130948066711426,
            -0.7863837480545044,
            0.07560180127620697,
            -0.3567296266555786
          ],
          [
            -0.025071285665035248,
            0.11501602083444595,
            0.9930541515350342,
            1.6517410278320312
          ],
          [
            0.0,
            0.0,
            0.0,
            1.0
          ]
        ]
      },
      "bone_length_armature_space": 0.10413079492404109,
      "parent": "lowerarm_l",
      "has_children": true,
      "is_end_bone": false
    },
    "pinky_01_l": {
      "name": "pinky_01_l",
      "local": {
        "location": {
          "x": 0.0,
          "y": 0.0,
          "z": 0.0
        },
        "rotation_quaternion": {
          "w": 0.9922754764556885,
          "x": -0.12387052178382874,
          "y": 0.004002159461379051,
          "z": 0.005439541768282652
        },
        "scale": {
          "x": 1.0,
          "y": 1.0,
          "z": 1.0
        },
        "matrix_basis": [
          [
            0.9999088048934937,
            -0.011786546558141708,
            0.006594891659915447,
            0.0
          ],
          [
            0.009803548455238342,
            0.9692530035972595,
            0.245870903134346,
            0.0
          ],
          [
            -0.009290087036788464,
            -0.24578382074832916,
            0.9692801237106323,
            0.0
          ],
          [
            0.0,
            0.0,
            0.0,
            1.0
          ]
        ],
        "rotation_mode": "QUATERNION"
      },
      "armature_space": {
        "head": {
          "x": 0.4713115692138672,
          "y": -0.5018603801727295,
          "z": 0.713863730430603
        },
