{
  "metadata": {
    "armature_name": "KIM_caucasian_male",
    "export_time": "2026-01-13T21:01:05.407149",
    "blender_version": "4.4.1",
    "bone_count": 56,
    "end_bone_count": 13,
    "spaces_included": [
      "LOCAL_CHANNELS",
      "ARMATURE_SPACE",
      "WORLD_SPACE"
    ],
    "note": "LOCAL matches Transform panel; replay pose via local.matrix_basis for best fidelity."
  },
  "bones": {
    "Root": {
      "name": "Root",
      "local": {
        "location": {
          "x": 0.0,
          "y": 0.0,
          "z": 0.0
        },
        "rotation_quaternion": {
          "w": 0.999673068523407,
          "x": -0.017952466383576393,
          "y": 0.010077704675495625,
          "z": -0.015164759941399097
        },
        "scale": {
          "x": 1.0,
          "y": 1.0,
          "z": 1.0
        },
        "matrix_basis": [
          [
            0.9993369579315186,
            0.029957765713334084,
            0.020693309605121613,
            0.0
          ],
          [
            -0.030681444332003593,
            0.9988954663276672,
            0.03558754175901413,
            0.0
          ],
          [
            -0.019604330882430077,
            -0.036198846995830536,
            0.9991523027420044,
            0.0
          ],
          [
            0.0,
            0.0,
            0.0,
            1.0
          ]
        ],
        "rotation_mode": "QUATERNION"
      },
      "armature_space": {
        "head": {
          "x": 0.0,
          "y": 0.07072800397872925,
          "z": -0.009595036506652832
        },
        "tail": {
          "x": 0.0021382616832852364,
          "y": 0.00042545050382614136,
          "z": 0.0025496920570731163
        }
      },
      "world_space": {
        "head": {
          "x": 0.0,
          "y": 0.13397200405597687,
          "z": 0.9402589797973633
        },
        "tail": {
          "x": 0.0021382616832852364,
          "y": 0.06366945058107376,
          "z": 0.952403724193573
        },
        "rotation_quaternion": {
          "w": 0.08525732159614563,
          "x": 0.9961926937103271,
          "y": 0.015809226781129837,
          "z": 0.009033191949129105
        },
        "matrix": [
          [
            0.9993369579315186,
            0.029957765713334084,
            0.020693309605121613,
            0.0
          ],
          [
            0.03303835913538933,
            -0.9849624633789062,
            -0.16958026587963104,
            0.13397200405597687
          ],
          [
            0.015302025713026524,
            0.1701517403125763,
            -0.9853061437606812,
            0.9402589797973633
          ],
          [
            0.0,
            0.0,
            0.0,
            1.0
          ]
        ]
      },
      "bone_length_armature_space": 0.07137587408996461,
      "parent": null,
      "has_children": true,
      "is_end_bone": false
    },
    "spine_01": {
      "name": "spine_01",
      "local": {
        "location": {
          "x": 0.0,
          "y": 0.0,
          "z": 0.0
        },
        "rotation_quaternion": {
          "w": 0.9972163438796997,
          "x": -0.03572548180818558,
          "y": 0.0018850238993763924,
          "z": -0.06541965156793594
        },
        "scale": {
          "x": 1.0,
          "y": 1.0,
          "z": 1.0
        },
        "matrix_basis": [
          [
            0.9914334416389465,
            0.13034039735794067,
            0.008433850482106209,
            0.0
          ],
          [
            -0.13060978055000305,
            0.9888879060745239,
            0.0710054337978363,
            0.0
          ],
          [
            0.0009147438686341047,
            -0.07149870693683624,
            0.9974402785301208,
            0.0
          ],
          [
            0.0,
            0.0,
            0.0,
            1.0
          ]
        ],
        "rotation_mode": "QUATERNION"
      },
      "armature_space": {
        "head": {
          "x": 0.0021382616832852364,
          "y": 0.00042545050382614136,
          "z": 0.0025496920570731163
        },
        "tail": {
          "x": 0.05592195689678192,
          "y": 0.07698594033718109,
          "z": 0.48150089383125305
        }
      },
      "world_space": {
        "head": {
          "x": 0.0021382616832852364,
          "y": 0.06366945058107376,
          "z": 0.952403724193573
        },
        "tail": {
          "x": 0.05592195689678192,
          "y": 0.1402299404144287,
          "z": 1.4313548803329468
        },
        "rotation_quaternion": {
          "w": 0.7588682770729065,
          "x": 0.6486104726791382,
          "y": 0.0506124310195446,
          "z": -0.029357342049479485
        },
        "matrix": [
          [
            0.9931530952453613,
            0.11021221429109573,
            0.03873268887400627,
            0.0021382616832852364
          ],
          [
            0.021098043769598007,
            0.15688586235046387,
            -0.9873914122581482,
            0.06366945058107376
          ],
          [
            -0.11490000039339066,
            0.9814549684524536,
            0.15348657965660095,
            0.952403724193573
          ],
          [
            0.0,
            0.0,
            0.0,
            1.0
          ]
        ]
      },
      "bone_length_armature_space": 0.4880045764989548,
      "parent": "Root",
      "has_children": true,
      "is_end_bone": false
    },
    "neck_01": {
      "name": "neck_01",
      "local": {
        "location": {
          "x": 0.0,
          "y": 0.0,
          "z": 0.0
        },
        "rotation_quaternion": {
          "w": 0.9849513173103333,
          "x": 0.05702757090330124,
          "y": -0.06625145673751831,
          "z": -0.14909644424915314
        },
        "scale": {
          "x": 1.0,
          "y": 1.0,
          "z": 1.0
        },
        "matrix_basis": [
          [
            0.946761965751648,
            0.28614914417266846,
            -0.14751413464546204,
            0.0
          ],
          [
            -0.3012618124485016,
            0.9490362405776978,
            -0.09258304536342621,
            0.0
          ],
          [
            0.11350370198488235,
            0.13209447264671326,
            0.9847171902656555,
            0.0
          ],
          [
            0.0,
            0.0,
            0.0,
            1.0
          ]
        ],
        "rotation_mode": "QUATERNION"
      },
      "armature_space": {
        "head": {
          "x": 0.06533478945493698,
          "y": 0.05422971770167351,
          "z": 0.5586845278739929
        },
        "tail": {
          "x": 0.10571569204330444,
          "y": 0.01924508810043335,
          "z": 0.6461841464042664
        }
      },
      "world_space": {
        "head": {
          "x": 0.06533478945493698,
          "y": 0.11747372150421143,
          "z": 1.5085384845733643
        },
        "tail": {
          "x": 0.10571569204330444,
          "y": 0.08248908817768097,
          "z": 1.5960381031036377
        },
        "rotation_quaternion": {
          "w": 0.562006950378418,
          "x": 0.7976640462875366,
          "y": 0.1163058876991272,
          "z": -0.1853463351726532
        },
        "matrix": [
          [
            0.9042395949363708,
            0.3938780128955841,
            -0.16495701670646667,
            0.06533478945493698
          ],
          [
            -0.02278391271829605,
            -0.3412424325942993,
            -0.9396993517875671,
            0.11747372150421143
          ],
          [
            -0.4264202415943146,
            0.8534772396087646,
            -0.2995937466621399,
            1.5085384845733643
          ],
          [
            0.0,
            0.0,
            0.0,
            1.0
          ]
        ]
      },
      "bone_length_armature_space": 0.10252182565862547,
      "parent": "spine_01",
      "has_children": true,
      "is_end_bone": false
    },
    "head": {
      "name": "head",
      "local": {
        "location": {
          "x": 0.0,
          "y": 0.0,
          "z": 0.0
        },
        "rotation_quaternion": {
          "w": 0.9902721047401428,
          "x": -0.05820001661777496,
          "y": -0.03209007531404495,
          "z": 0.1222466304898262
        },
        "scale": {
          "x": 1.0,
          "y": 1.0,
          "z": 1.0
        },
        "matrix_basis": [
          [
            0.9680519700050354,
            -0.238379567861557,
            -0.07778532803058624,
            0.0
          ],
          [
            0.24585014581680298,
            0.9633370637893677,
            0.10742189735174179,
            0.0
          ],
          [
            0.049326300621032715,
            -0.12311351299285889,
            0.9911659955978394,
            0.0
          ],
          [
            0.0,
            0.0,
            0.0,
            1.0
          ]
        ],
        "rotation_mode": "QUATERNION"
      },
      "armature_space": {
        "head": {
          "x": 0.10571563988924026,
          "y": 0.0192449688911438,
          "z": 0.6461840271949768
        },
        "tail": {
          "x": 0.1362384855747223,
          "y": 0.04250095412135124,
          "z": 0.7964531779289246
        }
      },
      "world_space": {
        "head": {
          "x": 0.10571563988924026,
          "y": 0.08248896896839142,
          "z": 1.5960381031036377
        },
        "tail": {
          "x": 0.1362384855747223,
          "y": 0.10574495792388916,
          "z": 1.746307134628296
        },
        "rotation_quaternion": {
          "w": 0.7566553950309753,
          "x": 0.6459986567497253,
          "y": 0.049477558583021164,
          "z": -0.08780884742736816
        },
        "matrix": [
          [
            0.9796832203865051,
            0.19680699706077576,
            -0.03857504576444626,
            0.10571563988924026
          ],
          [
            -0.06895852088928223,
            0.14995133876800537,
            -0.9862858653068542,
            0.08248896896839142
          ],
          [
            -0.1883249580860138,
            0.9689145088195801,
            0.16047653555870056,
            1.5960381031036377
          ],
          [
            0.0,
            0.0,
            0.0,
            1.0
          ]
        ]
      },
      "bone_length_armature_space": 0.1550912708777993,
      "parent": "neck_01",
      "has_children": false,
      "is_end_bone": true
    },
    "upperarm_l": {
      "name": "upperarm_l",
      "local": {
        "location": {
          "x": 0.0,
          "y": 0.0,
          "z": 0.0
        },
        "rotation_quaternion": {
          "w": 0.9248383045196533,
          "x": -0.11276170611381531,
          "y": 0.33473333716392517,
          "z": -0.14111153781414032
        },
        "scale": {
          "x": 1.0,
          "y": 1.0,
          "z": 1.0
        },
        "matrix_basis": [
          [
            0.7360822558403015,
            0.1855204999446869,
            0.6509723663330078,
            0.0
          ],
          [
            -0.3365009129047394,
            0.934744656085968,
            0.11410322040319443,
            0.0
          ],
          [
            -0.5873244404792786,
            -0.3030421733856201,
            0.7504767775535583,
            0.0
          ],
          [
            0.0,
            0.0,
            0.0,
            1.0
          ]
        ],
        "rotation_mode": "QUATERNION"
      },
      "armature_space": {
        "head": {
          "x": 0.20702417194843292,
          "y": 0.04370155930519104,
          "z": 0.4759776294231415
        },
        "tail": {
          "x": 0.4418715238571167,
          "y": 0.13150440156459808,
          "z": 0.3813989758491516
        }
      },
      "world_space": {
        "head": {
          "x": 0.20702417194843292,
          "y": 0.10694555938243866,
          "z": 1.42583167552948
        },
        "tail": {
          "x": 0.4418715238571167,
          "y": 0.1947484016418457,
          "z": 1.3312530517578125
        },
        "rotation_quaternion": {
          "w": 0.2697286605834961,
          "x": 0.4357943534851074,
          "y": 0.7688155174255371,
          "z": -0.382429838180542
        },
        "matrix": [
          [
            -0.4746587574481964,
            0.8763960003852844,
            0.08141980320215225,
            0.20702417194843292
          ],
          [
            0.46378764510154724,
            0.32765993475914,
            -0.8231282830238342,
            0.10694555938243866
          ],
          [
            -0.7480690479278564,
            -0.3529457151889801,
            -0.5619929432868958,
            1.42583167552948
          ],
          [
            0.0,
            0.0,
            0.0,
            1.0
          ]
        ]
      },
      "bone_length_armature_space": 0.26796966467776323,
      "parent": "spine_01",
      "has_children": true,
      "is_end_bone": false
    },
    "lowerarm_l": {
      "name": "lowerarm_l",
      "local": {
        "location": {
          "x": 0.0,
          "y": 0.0,
          "z": 0.0
        },
        "rotation_quaternion": {
          "w": 0.947550356388092,
          "x": 0.3010677695274353,
          "y": -0.10558617860078812,
          "z": 0.018924187868833542
        },
        "scale": {
          "x": 1.0,
          "y": 1.0,
          "z": 1.0
        },
        "matrix_basis": [
          [
            0.9769868850708008,
            -0.09944043308496475,
            -0.18870151042938232,
            0.0
          ],
          [
            -0.027713948860764503,
            0.8180001378059387,
            -0.5745500326156616,
            0.0
          ],
          [
            0.21149136126041412,
            0.5665574669837952,
            0.7964195013046265,
            0.0
          ],
          [
            0.0,
            0.0,
            0.0,
            1.0
          ]
        ],
        "rotation_mode": "QUATERNION"
      },
      "armature_space": {
        "head": {
          "x": 0.44187164306640625,
          "y": 0.1315043419599533,
          "z": 0.381399005651474
        },
        "tail": {
          "x": 0.6576457619667053,
          "y": 0.026639379560947418,
          "z": 0.2630164325237274
        }
      },
      "world_space": {
        "head": {
          "x": 0.44187164306640625,
          "y": 0.19474834203720093,
          "z": 1.3312530517578125
        },
        "tail": {
          "x": 0.6576457619667053,
          "y": 0.08988337963819504,
          "z": 1.212870478630066
        },
        "rotation_quaternion": {
          "w": 0.2409154325723648,
          "x": 0.4825645685195923,
          "y": 0.49595317244529724,
          "z": -0.6805304884910583
        },
        "matrix": [
          [
            -0.41818326711654663,
            0.80655837059021,
            -0.4178350269794464,
            0.44187164306640625
          ],
          [
            0.15075591206550598,
            -0.39198267459869385,
            -0.9075364470481873,
            0.19474834203720093
          ],
          [
            -0.895771324634552,
            -0.4425111413002014,
            0.042326539754867554,
            1.3312530517578125
          ],
          [
            0.0,
            0.0,
            0.0,
            1.0
          ]
        ]
      },
      "bone_length_armature_space": 0.26752488448919687,
      "parent": "upperarm_l",
      "has_children": true,
      "is_end_bone": false
    },
    "metacarpal_thumb_l": {
      "name": "metacarpal_thumb_l",
      "local": {
        "location": {
          "x": 0.0,
          "y": 0.0,
          "z": 0.0
        },
        "rotation_quaternion": {
          "w": 0.9990891814231873,
          "x": -0.040206536650657654,
          "y": 0.013754421845078468,
          "z": 0.0038795755244791508
        },
        "scale": {
          "x": 1.0,
          "y": 1.0,
          "z": 1.0
        },
        "matrix_basis": [
          [
            0.9995915293693542,
            -0.008858119137585163,
            0.027171820402145386,
            0.0
          ],
          [
            0.006646048743277788,
            0.9967367649078369,
            0.08044655621051788,
            0.0
          ],
          [
            -0.027795756235718727,
            -0.08023311197757721,
            0.9963884949684143,
            0.0
          ],
          [
            0.0,
            0.0,
            0.0,
            1.0
          ]
        ],
        "rotation_mode": "QUATERNION"
      },
      "armature_space": {
        "head": {
          "x": 0.6576457619667053,
          "y": 0.026639379560947418,
          "z": 0.2630164325237274
        },
        "tail": {
          "x": 0.6749333143234253,
          "y": -0.01489313691854477,
          "z": 0.24228528141975403
        }
      },
      "world_space": {
        "head": {
          "x": 0.6576457619667053,
          "y": 0.08988337963819504,
          "z": 1.212870478630066
        },
        "tail": {
          "x": 0.6749333143234253,
          "y": 0.04835086315870285,
          "z": 1.1921392679214478
        },
        "rotation_quaternion": {
          "w": 0.17018185555934906,
          "x": -0.9327074289321899,
          "y": -0.22760263085365295,
          "z": 0.22201868891716003
        },
        "matrix": [
          [
            0.7978090643882751,
            0.34900662302970886,
            -0.4916246831417084,
            0.6576457619667053
          ],
          [
            0.5001406073570251,
            -0.838470458984375,
            0.21639439463615417,
            0.08988337963819504
          ],
          [
            -0.33669161796569824,
            -0.4185265898704529,
            -0.8434975743293762,
            1.212870478630066
          ],
          [
            0.0,
            0.0,
            0.0,
            1.0
          ]
        ]
      },
      "bone_length_armature_space": 0.04953372604244438,
      "parent": "lowerarm_l",
      "has_children": true,
      "is_end_bone": false
    },
    "thumb_01_l": {
      "name": "thumb_01_l",
      "local": {
        "location": {
          "x": 0.0,
          "y": 0.0,
          "z": 0.0
        },
        "rotation_quaternion": {
          "w": 0.9592143297195435,
          "x": 0.2818165421485901,
          "y": -0.018010655418038368,
          "z": 0.012766456231474876
        },
        "scale": {
          "x": 1.0,
          "y": 1.0,
          "z": 1.0
        },
        "matrix_basis": [
          [
            0.999025285243988,
            -0.034642938524484634,
            -0.02735656127333641,
            0.0
          ],
          [
            0.014340134337544441,
            0.8408328890800476,
            -0.541104793548584,
            0.0
          ],
          [
            0.04174775630235672,
            0.5401850938796997,
            0.8405101299285889,
            0.0
          ],
          [
            0.0,
            0.0,
            0.0,
            1.0
          ]
        ],
        "rotation_mode": "QUATERNION"
      },
      "armature_space": {
        "head": {
          "x": 0.6749333143234253,
          "y": -0.01489313691854477,
          "z": 0.24228528141975403
        },
        "tail": {
          "x": 0.6819484233856201,
          "y": -0.0187775157392025,
          "z": 0.20920446515083313
        }
      },
      "world_space": {
        "head": {
          "x": 0.6749333143234253,
          "y": 0.04835086315870285,
          "z": 1.1921392679214478
        },
        "tail": {
          "x": 0.6819484233856201,
          "y": 0.04446648433804512,
          "z": 1.1590584516525269
        },
        "rotation_quaternion": {
          "w": 0.6295558214187622,
          "x": -0.6404308676719666,
          "y": 0.21587391197681427,
          "z": -0.3832836151123047
        },
        "matrix": [
          [
            0.6129828095436096,
            0.20609219372272491,
            0.7627438306808472,
            0.6749333143234253
          ],
          [
            -0.7591022253036499,
            -0.11411695182323456,
            0.6408907175064087,
            0.04835086315870285
          ],
          [
            0.2191254049539566,
            -0.9718625545501709,
            0.08649450540542603,
            1.1921392679214478
          ],
          [
            0.0,
            0.0,
            0.0,
            1.0
          ]
        ]
      },
      "bone_length_armature_space": 0.03403881044143293,
      "parent": "metacarpal_thumb_l",
      "has_children": true,
      "is_end_bone": false
    },
    "thumb_02_l": {
      "name": "thumb_02_l",
      "local": {
        "location": {
          "x": 0.0,
          "y": 0.0,
          "z": 0.0
        },
        "rotation_quaternion": {
          "w": 0.901734471321106,
          "x": 0.43216779828071594,
          "y": -0.003536282340064645,
          "z": -0.009671671316027641
        },
        "scale": {
          "x": 1.0,
          "y": 1.0,
          "z": 1.0
        },
        "matrix_basis": [
          [
            0.9997879266738892,
            0.014386024326086044,
            -0.01473714504390955,
            0.0
          ],
          [
            -0.02049909345805645,
            0.6262748837471008,
            -0.7793328166007996,
            0.0
          ],
          [
            -0.0019819943699985743,
            0.7794696092605591,
            0.6264369487762451,
            0.0
          ],
          [
            0.0,
            0.0,
            0.0,
            1.0
          ]
        ],
        "rotation_mode": "QUATERNION"
      },
      "armature_space": {
        "head": {
          "x": 0.6819483041763306,
          "y": -0.0187775157392025,
          "z": 0.20920446515083313
        },
        "tail": {
          "x": 0.7153481841087341,
          "y": -0.018051238730549812,
          "z": 0.23150032758712769
        }
      },
      "world_space": {
        "head": {
          "x": 0.6819483041763306,
          "y": 0.04446648433804512,
          "z": 1.1590584516525269
        },
        "tail": {
          "x": 0.7153481841087341,
          "y": 0.04519276320934296,
          "z": 1.181354284286499
        },
        "rotation_quaternion": {
          "w": 0.6541016101837158,
          "x": 0.1239064410328865,
          "y": -0.2849416434764862,
          "z": -0.6896424293518066
        },
        "matrix": [
          [
            -0.11359425634145737,
            0.8315798044204712,
            -0.5436648726463318,
            0.6819483041763306
          ],
          [
            -0.9728050827980042,
            0.018082596361637115,
            0.2309180200099945,
            0.04446648433804512
          ],
          [
            0.20185810327529907,
            0.5551148653030396,
            0.8069169521331787,
            1.1590584516525269
          ],
          [
            0.0,
            0.0,
            0.0,
            1.0
          ]
        ]
      },
      "bone_length_armature_space": 0.040164474162653785,
      "parent": "thumb_01_l",
      "has_children": true,
      "is_end_bone": false
    },
    "thumb_03_l": {
      "name": "thumb_03_l",
      "local": {
        "location": {
          "x": 0.0,
          "y": 0.0,
          "z": 0.0
        },
        "rotation_quaternion": {
          "w": 0.9904773831367493,
          "x": 0.1375124305486679,
          "y": 0.0023944333661347628,
          "z": -0.006265467964112759
        },
        "scale": {
          "x": 1.0,
          "y": 1.0,
          "z": 1.0
        },
        "matrix_basis": [
          [
            0.9999099969863892,
            0.013070137239992619,
            0.0030201047193259,
            0.0
          ],
          [
            -0.011753079481422901,
            0.9621021747589111,
            -0.27243590354919434,
            0.0
          ],
          [
            -0.006466423626989126,
            0.2723759114742279,
            0.9621691703796387,
            0.0
          ],
          [
            0.0,
            0.0,
            0.0,
            1.0
          ]
        ],
        "rotation_mode": "QUATERNION"
      },
      "armature_space": {
        "head": {
          "x": 0.7153482437133789,
          "y": -0.018051307648420334,
          "z": 0.2315002679824829
        },
        "tail": {
          "x": 0.7290515303611755,
          "y": -0.012922156602144241,
          "z": 0.2581988275051117
        }
      },
      "world_space": {
        "head": {
          "x": 0.7153482437133789,
          "y": 0.045192692428827286,
          "z": 1.181354284286499
        },
        "tail": {
          "x": 0.7290515303611755,
          "y": 0.05032184347510338,
          "z": 1.2080528736114502
        },
        "rotation_quaternion": {
          "w": 0.6947998404502869,
          "x": 0.3987315893173218,
          "y": -0.31857559084892273,
          "z": -0.5067307353019714
        },
        "matrix": [
          [
            0.2834644913673401,
            0.45010077953338623,
            -0.8467923402786255,
            0.7153482437133789
          ],
          [
            -0.9582057595252991,
            0.16847333312034607,
            -0.23121073842048645,
            0.045192692428827286
          ],
          [
            0.038593076169490814,
            0.8769477605819702,
            0.47904860973358154,
            1.181354284286499
          ],
          [
            0.0,
            0.0,
            0.0,
            1.0
          ]
        ]
      },
      "bone_length_armature_space": 0.030445053977393093,
      "parent": "thumb_02_l",
      "has_children": false,
      "is_end_bone": true
    },
    "metacarpal_index_l": {
      "name": "metacarpal_index_l",
      "local": {
        "location": {
          "x": 0.0,
          "y": 0.0,
          "z": 0.0
        },
        "rotation_quaternion": {
          "w": 0.9997124671936035,
          "x": 0.023257823660969734,
          "y": -0.004765263292938471,
          "z": 0.003392159938812256
        },
        "scale": {
          "x": 1.0,
          "y": 1.0,
          "z": 1.0
        },
        "matrix_basis": [
          [
            0.9999315738677979,
            -0.0070040286518633366,
            -0.009369997307658195,
            0.0
          ],
          [
            0.006560709793120623,
            0.9988951086997986,
            -0.04653460159897804,
            0.0
          ],
          [
            0.009685575030744076,
            0.04646994173526764,
            0.9988727569580078,
            0.0
          ],
          [
            0.0,
            0.0,
            0.0,
            1.0
          ]
        ],
        "rotation_mode": "QUATERNION"
      },
      "armature_space": {
        "head": {
          "x": 0.6576457619667053,
          "y": 0.026639379560947418,
          "z": 0.2630164325237274
        },
        "tail": {
          "x": 0.7257719039916992,
          "y": -0.050654180347919464,
          "z": 0.20721501111984253
        }
      },
      "world_space": {
        "head": {
          "x": 0.6576457619667053,
          "y": 0.08988337963819504,
          "z": 1.212870478630066
        },
        "tail": {
          "x": 0.7257719039916992,
          "y": 0.012589819729328156,
          "z": 1.1570689678192139
        },
        "rotation_quaternion": {
          "w": 0.06753571331501007,
          "x": -0.7897174954414368,
          "y": -0.40694981813430786,
          "z": 0.45406728982925415
        },
        "matrix": [
          [
            0.25642818212509155,
            0.5814213752746582,
            -0.7721357345581055,
            0.6576457619667053
          ],
          [
            0.7040824890136719,
            -0.6596604585647583,
            -0.26289960741996765,
            0.08988337963819504
          ],
          [
            -0.6622068285942078,
            -0.4762362539768219,
            -0.5785285234451294,
            1.212870478630066
          ],
          [
            0.0,
            0.0,
            0.0,
            1.0
          ]
        ]
      },
      "bone_length_armature_space": 0.11717194314852436,
      "parent": "lowerarm_l",
      "has_children": true,
      "is_end_bone": false
    },
    "index_01_l": {
      "name": "index_01_l",
      "local": {
        "location": {
          "x": 0.0,
          "y": 0.0,
          "z": 0.0
        },
        "rotation_quaternion": {
          "w": 0.9358089566230774,
          "x": 0.3518231213092804,
          "y": 0.012256649322807789,
          "z": 0.018221953883767128
        },
        "scale": {
          "x": 1.0,
          "y": 1.0,
          "z": 1.0
        },
        "matrix_basis": [
          [
            0.9990354776382446,
            -0.02548019029200077,
            0.035761572420597076,
            0.0
          ],
          [
            0.042728882282972336,
            0.7517768740653992,
            -0.6580317616462708,
            0.0
          ],
          [
            -0.010117955505847931,
            0.6589251160621643,
            0.7521405220031738,
            0.0
          ],
          [
            0.0,
            0.0,
            0.0,
            1.0
          ]
        ],
        "rotation_mode": "QUATERNION"
      },
      "armature_space": {
        "head": {
          "x": 0.7257719039916992,
          "y": -0.050654180347919464,
          "z": 0.20721501111984253
        },
        "tail": {
          "x": 0.7286342978477478,
          "y": -0.06415631622076035,
          "z": 0.18226349353790283
        }
      },
      "world_space": {
        "head": {
          "x": 0.7257719039916992,
          "y": 0.012589819729328156,
          "z": 1.1570689678192139
        },
        "tail": {
          "x": 0.7286342978477478,
          "y": -0.0009123161435127258,
          "z": 1.132117509841919
        },
        "rotation_quaternion": {
          "w": 0.3472585678100586,
          "x": -0.649179220199585,
          "y": -0.37769216299057007,
          "z": 0.5615395307540894
        },
        "matrix": [
          [
            0.08404505997896194,
            0.100383460521698,
            -0.9913927316665649,
            0.7257719039916992
          ],
          [
            0.8803786635398865,
            -0.4735204577445984,
            0.026687517762184143,
            0.012589819729328156
          ],
          [
            -0.46676817536354065,
            -0.87505042552948,
            -0.12817341089248657,
            1.1570689678192139
          ],
          [
            0.0,
            0.0,
            0.0,
            1.0
          ]
        ]
      },
      "bone_length_armature_space": 0.02851454417265205,
      "parent": "metacarpal_index_l",
      "has_children": true,
      "is_end_bone": false
    },
    "index_02_l": {
      "name": "index_02_l",
      "local": {
        "location": {
          "x": 0.0,
          "y": 0.0,
          "z": 0.0
        },
        "rotation_quaternion": {
          "w": 0.8987730145454407,
          "x": 0.43830910325050354,
          "y": -0.005559907294809818,
          "z": -0.0078389598056674
        },
        "scale": {
          "x": 1.0,
          "y": 1.0,
          "z": 1.0
        },
        "matrix_basis": [
          [
            0.9998152852058411,
            0.009216975420713425,
            -0.016865964978933334,
            0.0
          ],
          [
            -0.01896480657160282,
            0.6156473755836487,
            -0.7877936363220215,
            0.0
          ],
          [
            0.0031224144622683525,
            0.7879679799079895,
            0.6157084107398987,
            0.0
          ],
          [
            0.0,
            0.0,
            0.0,
            1.0
          ]
        ],
        "rotation_mode": "QUATERNION"
      },
      "armature_space": {
        "head": {
          "x": 0.7286339998245239,
          "y": -0.06415669620037079,
          "z": 0.18226322531700134
        },
        "tail": {
          "x": 0.7107833027839661,
          "y": -0.07196395099163055,
          "z": 0.1655750721693039
        }
      },
      "world_space": {
        "head": {
          "x": 0.7286339998245239,
          "y": -0.0009126961231231689,
          "z": 1.1321172714233398
        },
        "tail": {
          "x": 0.7107833027839661,
          "y": -0.008719950914382935,
          "z": 1.1154290437698364
        },
        "rotation_quaternion": {
          "w": 0.5766124725341797,
          "x": -0.41527894139289856,
          "y": -0.12388838082551956,
          "z": 0.6926133632659912
        },
        "matrix": [
          [
            0.009879687801003456,
            -0.695844292640686,
            -0.7181248664855957,
            0.7286339998245239
          ],
          [
            0.9016351699829102,
            -0.3043377697467804,
            0.3072996139526367,
            -0.0009126961231231689
          ],
          [
            -0.4323873221874237,
            -0.6505274176597595,
            0.6243953704833984,
            1.1321172714233398
          ],
          [
            0.0,
            0.0,
            0.0,
            1.0
          ]
        ]
      },
      "bone_length_armature_space": 0.025653364042399998,
      "parent": "index_01_l",
      "has_children": true,
      "is_end_bone": false
    },
    "index_03_l": {
      "name": "index_03_l",
      "local": {
        "location": {
          "x": 0.0,
          "y": 0.0,
          "z": 0.0
        },
        "rotation_quaternion": {
          "w": 0.9336727857589722,
          "x": 0.3579495847225189,
          "y": -0.011006656102836132,
          "z": 0.002482842653989792
        },
        "scale": {
          "x": 1.0,
          "y": 1.0,
          "z": 1.0
        },
        "matrix_basis": [
          [
            0.9997453689575195,
            -0.012515980750322342,
            -0.018775764852762222,
            0.0
          ],
          [
            -0.0032433306332677603,
            0.7437318563461304,
            -0.6684702038764954,
            0.0
          ],
          [
            0.022330695763230324,
            0.6683608889579773,
            0.7435019016265869,
            0.0
          ],
          [
            0.0,
            0.0,
            0.0,
            1.0
          ]
        ],
        "rotation_mode": "QUATERNION"
      },
      "armature_space": {
        "head": {
          "x": 0.7107834219932556,
          "y": -0.07196401804685593,
          "z": 0.16557499766349792
        },
        "tail": {
          "x": 0.6817488074302673,
          "y": -0.0687846764922142,
          "z": 0.16479164361953735
        }
      },
      "world_space": {
        "head": {
          "x": 0.7107834219932556,
          "y": -0.008720017969608307,
          "z": 1.1154290437698364
        },
        "tail": {
          "x": 0.6817488074302673,
          "y": -0.005540676414966583,
          "z": 1.1146457195281982
        },
        "rotation_quaternion": {
          "w": 0.7302477359771729,
          "x": -0.1479717195034027,
          "y": 0.14541225135326385,
          "z": 0.6509206891059875
        },
        "matrix": [
          [
            0.11031462252140045,
            -0.9937008023262024,
            0.019736289978027344,
            0.7107834219932556
          ],
          [
            0.9076331257820129,
            0.10881194472312927,
            0.4054163098335266,
            -0.008720017969608307
          ],
          [
            -0.40501201152801514,
            -0.026810258626937866,
            0.9139260053634644,
            1.1154290437698364
          ],
          [
            0.0,
            0.0,
            0.0,
            1.0
          ]
        ]
      },
      "bone_length_armature_space": 0.02921867073730044,
      "parent": "index_02_l",
      "has_children": false,
      "is_end_bone": true
    },
    "metacarpal_pinky_l": {
      "name": "metacarpal_pinky_l",
      "local": {
        "location": {
          "x": 0.0,
          "y": 0.0,
          "z": 0.0
        },
        "rotation_quaternion": {
          "w": 0.9990496635437012,
          "x": -0.0364101342856884,
          "y": -0.02040385641157627,
          "z": -0.012559338472783566
        },
        "scale": {
          "x": 1.0,
          "y": 1.0,
          "z": 1.0
        },
        "matrix_basis": [
          [
            0.9988518953323364,
            0.02658062055706978,
            -0.03985435888171196,
            0.0
          ],
          [
            -0.023608991876244545,
            0.9970331192016602,
            0.07326358556747437,
            0.0
          ],
          [
            0.04168350622057915,
            -0.07223854959011078,
            0.9965159893035889,
            0.0
          ],
          [
            0.0,
            0.0,
            0.0,
            1.0
          ]
        ],
        "rotation_mode": "QUATERNION"
      },
      "armature_space": {
        "head": {
          "x": 0.6576457619667053,
          "y": 0.026639379560947418,
          "z": 0.2630164325237274
        },
        "tail": {
          "x": 0.746892511844635,
          "y": 0.017134923487901688,
          "z": 0.2102155089378357
        }
      },
      "world_space": {
        "head": {
          "x": 0.6576457619667053,
          "y": 0.08988337963819504,
          "z": 1.212870478630066
        },
        "tail": {
          "x": 0.746892511844635,
          "y": 0.08037891983985901,
          "z": 1.160069465637207
        },
        "rotation_quaternion": {
          "w": 0.6032469868659973,
          "x": -0.0529453344643116,
          "y": 0.3007580041885376,
          "z": -0.7367731332778931
        },
        "matrix": [
          [
            -0.26657766103744507,
            0.8570642471313477,
            0.44088214635849,
            0.6576457619667053
          ],
          [
            -0.9207611083984375,
            -0.09127424657344818,
            -0.37929970026016235,
            0.08988337963819504
          ],
          [
            -0.28484585881233215,
            -0.5070635676383972,
            0.8134883642196655,
            1.212870478630066
          ],
          [
            0.0,
            0.0,
            0.0,
            1.0
          ]
        ]
      },
      "bone_length_armature_space": 0.10413095112558607,
      "parent": "lowerarm_l",
      "has_children": true,
      "is_end_bone": false
    },
    "pinky_01_l": {
      "name": "pinky_01_l",
      "local": {
        "location": {
          "x": 0.0,
          "y": 0.0,
          "z": 0.0
        },
        "rotation_quaternion": {
          "w": 0.9482223987579346,
          "x": 0.3171514868736267,
          "y": 0.017001906409859657,
          "z": -0.000547736301086843
        },
        "scale": {
          "x": 1.0,
          "y": 1.0,
          "z": 1.0
        },
        "matrix_basis": [
          [
            0.9994212985038757,
            0.011823111213743687,
            0.03189574554562569,
            0.0
          ],
          [
            0.00974560808390379,
            0.7988292574882507,
            -0.6014789342880249,
            0.0
          ],
          [
            -0.032590609043836594,
            0.6014416813850403,
            0.798251748085022,
            0.0
          ],
          [
            0.0,
            0.0,
            0.0,
            1.0
          ]
        ],
        "rotation_mode": "QUATERNION"
      },
      "armature_space": {
        "head": {
          "x": 0.746892511844635,
          "y": 0.017134923487901688,
          "z": 0.2102155089378357
        },
        "tail": {
          "x": 0.7526323795318604,
