{
  "metadata": {
    "armature_name": "KIM_caucasian_male",
    "export_time": "2026-01-13T21:16:02.911399",
    "blender_version": "4.4.1",
    "bone_count": 56,
    "end_bone_count": 13,
    "spaces_included": [
      "LOCAL_CHANNELS",
      "ARMATURE_SPACE",
      "WORLD_SPACE"
    ],
    "note": "LOCAL matches Transform panel; replay pose via local.matrix_basis for best fidelity."
  },
  "bones": {
    "Root": {
      "name": "Root",
      "local": {
        "location": {
          "x": 0.0,
          "y": 0.0,
          "z": 0.0
        },
        "rotation_quaternion": {
          "w": 0.9995073080062866,
          "x": 0.009229731746017933,
          "y": -0.010233518667519093,
          "z": -0.02820034697651863
        },
        "scale": {
          "x": 1.0,
          "y": 1.0,
          "z": 1.0
        },
        "matrix_basis": [
          [
            0.9982000589370728,
            0.05618400126695633,
            -0.02097751758992672,
            0.0
          ],
          [
            -0.05656181275844574,
            0.9982390999794006,
            -0.017873190343379974,
            0.0
          ],
          [
            0.019936390221118927,
            0.019027546048164368,
            0.9996201992034912,
            0.0
          ],
          [
            0.0,
            0.0,
            0.0,
            1.0
          ]
        ],
        "rotation_mode": "QUATERNION"
      },
      "armature_space": {
        "head": {
          "x": 0.0,
          "y": 0.07072800397872925,
          "z": -0.009595036506652832
        },
        "tail": {
          "x": 0.004010181874036789,
          "y": -5.8025121688842773e-05,
          "z": -0.0013626860454678535
        }
      },
      "world_space": {
        "head": {
          "x": 0.0,
          "y": 0.13397200405597687,
          "z": 0.9402589797973633
        },
        "tail": {
          "x": 0.004010181874036789,
          "y": 0.06318597495555878,
          "z": 0.9484913349151611
        },
        "rotation_quaternion": {
          "w": 0.05812571197748184,
          "x": 0.9978585243225098,
          "y": 0.02744687721133232,
          "z": -0.012110069394111633
        },
        "matrix": [
          [
            0.9982000589370728,
            0.05618400126695633,
            -0.02097751758992672,
            0.0
          ],
          [
            0.05336836725473404,
            -0.991736114025116,
            -0.11666768789291382,
            0.13397200405597687
          ],
          [
            -0.02735915780067444,
            0.11533800512552261,
            -0.9929565191268921,
            0.9402589797973633
          ],
          [
            0.0,
            0.0,
            0.0,
            1.0
          ]
        ]
      },
      "bone_length_armature_space": 0.07137587328401244,
      "parent": null,
      "has_children": true,
      "is_end_bone": false
    },
    "spine_01": {
      "name": "spine_01",
      "local": {
        "location": {
          "x": 0.0,
          "y": 0.0,
          "z": 0.0
        },
        "rotation_quaternion": {
          "w": 0.993681788444519,
          "x": 0.07892271131277084,
          "y": 0.0627833753824234,
          "z": -0.04925405606627464
        },
        "scale": {
          "x": 1.0,
          "y": 1.0,
          "z": 1.0
        },
        "matrix_basis": [
          [
            0.9872645735740662,
            0.10779578238725662,
            0.11699886620044708,
            0.0
          ],
          [
            -0.0879756510257721,
            0.9826905131340027,
            -0.16303279995918274,
            0.0
          ],
          [
            -0.13254791498184204,
            0.15066345036029816,
            0.9796589016914368,
            0.0
          ],
          [
            0.0,
            0.0,
            0.0,
            1.0
          ]
        ],
        "rotation_mode": "QUATERNION"
      },
      "armature_space": {
        "head": {
          "x": 0.004010181874036789,
          "y": -5.8025121688842773e-05,
          "z": -0.0013626860454678535
        },
        "tail": {
          "x": 0.07289017736911774,
          "y": -0.056744534522295,
          "z": 0.47841912508010864
        }
      },
      "world_space": {
        "head": {
          "x": 0.004010181874036789,
          "y": 0.06318597495555878,
          "z": 0.9484913349151611
        },
        "tail": {
          "x": 0.07289017736911774,
          "y": 0.0064994655549526215,
          "z": 1.4282732009887695
        },
        "rotation_quaternion": {
          "w": 0.6558868885040283,
          "x": 0.7468820214271545,
          "y": 0.10831337422132492,
          "z": 0.015740230679512024
        },
        "matrix": [
          [
            0.9760408401489258,
            0.1411471664905548,
            0.16559568047523499,
            0.004010181874036789
          ],
          [
            0.1824430376291275,
            -0.11616058647632599,
            -0.976330578327179,
            0.06318597495555878
          ],
          [
            -0.11857125163078308,
            0.9831569790840149,
            -0.13913068175315857,
            0.9484913349151611
          ],
          [
            0.0,
            0.0,
            0.0,
            1.0
          ]
        ]
      },
      "bone_length_armature_space": 0.4880044968219957,
      "parent": "Root",
      "has_children": true,
      "is_end_bone": false
    },
    "neck_01": {
      "name": "neck_01",
      "local": {
        "location": {
          "x": 0.0,
          "y": 0.0,
          "z": 0.0
        },
        "rotation_quaternion": {
          "w": 0.9833945035934448,
          "x": -0.1348780244588852,
          "y": -0.06535598635673523,
          "z": 0.10233186930418015
        },
        "scale": {
          "x": 1.0,
          "y": 1.0,
          "z": 1.0
        },
        "matrix_basis": [
          [
            0.9705135822296143,
            -0.18363502621650696,
            -0.1561460793018341,
            0.0
          ],
          [
            0.21889537572860718,
            0.9426721930503845,
            0.2519006133079529,
            0.0
          ],
          [
            0.10093679279088974,
            -0.2786526083946228,
            0.9550729990005493,
            0.0
          ],
          [
            0.0,
            0.0,
            0.0,
            1.0
          ]
        ],
        "rotation_mode": "QUATERNION"
      },
      "armature_space": {
        "head": {
          "x": 0.0889676883816719,
          "y": -0.0991092100739479,
          "z": 0.5455792546272278
        },
        "tail": {
          "x": 0.0864916443824768,
          "y": -0.12419755756855011,
          "z": 0.6449533104896545
        }
      },
      "world_space": {
        "head": {
          "x": 0.0889676883816719,
          "y": -0.03586520999670029,
          "z": 1.4954333305358887
        },
        "tail": {
          "x": 0.0864916443824768,
          "y": -0.06095355749130249,
          "z": 1.5948073863983154
        },
        "rotation_quaternion": {
          "w": 0.6143960952758789,
          "x": 0.7888887524604797,
          "y": -0.01267272513359785,
          "z": 0.0033827831503003836
        },
        "matrix": [
          [
            0.9996560215950012,
            -0.024151522666215897,
            -0.010234981775283813,
            0.0889676883816719
          ],
          [
            -0.015838108956813812,
            -0.2447134554386139,
            -0.9694662690162659,
            -0.03586520999670029
          ],
          [
            0.02090953290462494,
            0.969301164150238,
            -0.2450144737958908,
            1.4954333305358887
          ],
          [
            0.0,
            0.0,
            0.0,
            1.0
          ]
        ]
      },
      "bone_length_armature_space": 0.10252199037505733,
      "parent": "spine_01",
      "has_children": true,
      "is_end_bone": false
    },
    "head": {
      "name": "head",
      "local": {
        "location": {
          "x": 0.0,
          "y": 0.0,
          "z": 0.0
        },
        "rotation_quaternion": {
          "w": 0.9892641305923462,
          "x": -0.016092665493488312,
          "y": -0.060862235724925995,
          "z": -0.13188354671001434
        },
        "scale": {
          "x": 1.0,
          "y": 1.0,
          "z": 1.0
        },
        "matrix_basis": [
          [
            0.9578050374984741,
            0.2628941833972931,
            -0.11617293953895569,
            0.0
          ],
          [
            -0.25897645950317383,
            0.9646955132484436,
            0.04789324849843979,
            0.0
          ],
          [
            0.1246623694896698,
            -0.015786338597536087,
            0.992073655128479,
            0.0
          ],
          [
            0.0,
            0.0,
            0.0,
            1.0
          ]
        ],
        "rotation_mode": "QUATERNION"
      },
      "armature_space": {
        "head": {
          "x": 0.0864916443824768,
          "y": -0.12419769167900085,
          "z": 0.644953191280365
        },
        "tail": {
          "x": 0.12438938021659851,
          "y": -0.10423353314399719,
          "z": 0.7940118908882141
        }
      },
      "world_space": {
        "head": {
          "x": 0.0864916443824768,
          "y": -0.060953691601753235,
          "z": 1.5948071479797363
        },
        "tail": {
          "x": 0.12438938021659851,
          "y": -0.04098953306674957,
          "z": 1.743865966796875
        },
        "rotation_quaternion": {
          "w": 0.750736653804779,
          "x": 0.6452051401138306,
          "y": 0.02751884050667286,
          "z": -0.13909578323364258
        },
        "matrix": [
          [
            0.959790050983429,
            0.24435929954051971,
            -0.13817326724529266,
            0.0864916443824768
          ],
          [
            -0.1733396351337433,
            0.12872610986232758,
            -0.9764135479927063,
            -0.060953691601753235
          ],
          [
            -0.22081094980239868,
            0.9611095786094666,
            0.16590732336044312,
            1.5948071479797363
          ],
          [
            0.0,
            0.0,
            0.0,
            1.0
          ]
        ]
      },
      "bone_length_armature_space": 0.1550912687197536,
      "parent": "neck_01",
      "has_children": false,
      "is_end_bone": true
    },
    "upperarm_l": {
      "name": "upperarm_l",
      "local": {
        "location": {
          "x": 0.0,
          "y": 0.0,
          "z": 0.0
        },
        "rotation_quaternion": {
          "w": 0.9008076190948486,
          "x": 0.33528342843055725,
          "y": 0.01964832842350006,
          "z": 0.27521756291389465
        },
        "scale": {
          "x": 1.0,
          "y": 1.0,
          "z": 1.0
        },
        "matrix_basis": [
          [
            0.8477384448051453,
            -0.4826606512069702,
            0.21995049715042114,
            0.0
          ],
          [
            0.5090116858482361,
            0.6236806511878967,
            -0.5932366251945496,
            0.0
          ],
          [
            0.14915305376052856,
            0.6148668527603149,
            0.7743979096412659,
            0.0
          ],
          [
            0.0,
            0.0,
            0.0,
            1.0
          ]
        ],
        "rotation_mode": "QUATERNION"
      },
      "armature_space": {
        "head": {
          "x": 0.2264157384634018,
          "y": -0.06704950332641602,
          "z": 0.46127408742904663
        },
        "tail": {
          "x": 0.4423067569732666,
          "y": -0.20633366703987122,
          "z": 0.537423312664032
        }
      },
      "world_space": {
        "head": {
          "x": 0.2264157384634018,
          "y": -0.003805503249168396,
          "z": 1.411128044128418
        },
        "tail": {
          "x": 0.4423067569732666,
          "y": -0.1430896669626236,
          "z": 1.4872772693634033
        },
        "rotation_quaternion": {
          "w": 0.38553205132484436,
          "x": 0.7355493903160095,
          "y": 0.3024515211582184,
          "z": -0.4678197503089905
        },
        "matrix": [
          [
            0.37933558225631714,
            0.8056553602218628,
            -0.4549993574619293,
            0.2264157384634018
          ],
          [
            0.0842178463935852,
            -0.5197763442993164,
            -0.8501412868499756,
            -0.003805503249168396
          ],
          [
            -0.9214248657226562,
            0.2841712236404419,
            -0.26502275466918945,
            1.411128044128418
          ],
          [
            0.0,
            0.0,
            0.0,
            1.0
          ]
        ]
      },
      "bone_length_armature_space": 0.2679696168899416,
      "parent": "spine_01",
      "has_children": true,
      "is_end_bone": false
    },
    "lowerarm_l": {
      "name": "lowerarm_l",
      "local": {
        "location": {
          "x": 0.0,
          "y": 0.0,
          "z": 0.0
        },
        "rotation_quaternion": {
          "w": 0.8719822764396667,
          "x": 0.4817129373550415,
          "y": 0.076992467045784,
          "z": 0.0408884659409523
        },
        "scale": {
          "x": 1.0,
          "y": 1.0,
          "z": 1.0
        },
        "matrix_basis": [
          [
            0.9848005771636963,
            0.002868499606847763,
            0.1736651360988617,
            0.0
          ],
          [
            0.1454845666885376,
            0.5325615406036377,
            -0.8337940573692322,
            0.0
          ],
          [
            -0.09487912803888321,
            0.8463864922523499,
            0.5240496397018433,
            0.0
          ],
          [
            0.0,
            0.0,
            0.0,
            1.0
          ]
        ],
        "rotation_mode": "QUATERNION"
      },
      "armature_space": {
        "head": {
          "x": 0.4423067569732666,
          "y": -0.20633378624916077,
          "z": 0.5374234318733215
        },
        "tail": {
          "x": 0.4093201160430908,
          "y": -0.4717528820037842,
          "z": 0.5432506799697876
        }
      },
      "world_space": {
        "head": {
          "x": 0.4423067569732666,
          "y": -0.14308978617191315,
          "z": 1.4872775077819824
        },
        "tail": {
          "x": 0.4093201160430908,
          "y": -0.40850889682769775,
          "z": 1.4931046962738037
        },
        "rotation_quaternion": {
          "w": 0.02095593884587288,
          "x": -0.8683478236198425,
          "y": 0.05912584811449051,
          "z": 0.4919726252555847
        },
        "matrix": [
          [
            0.5089343786239624,
            -0.12330323457717896,
            -0.8519287109375,
            0.4423067569732666
          ],
          [
            -0.0820644274353981,
            -0.9921301603317261,
            0.09457045793533325,
            -0.14308978617191315
          ],
          [
            -0.8568907380104065,
            0.02178211510181427,
            -0.5150512456893921,
            1.4872775077819824
          ],
          [
            0.0,
            0.0,
            0.0,
            1.0
          ]
        ]
      },
      "bone_length_armature_space": 0.2675245245869319,
      "parent": "upperarm_l",
      "has_children": true,
      "is_end_bone": false
    },
    "metacarpal_thumb_l": {
      "name": "metacarpal_thumb_l",
      "local": {
        "location": {
          "x": 0.0,
          "y": 0.0,
          "z": 0.0
        },
        "rotation_quaternion": {
          "w": 0.9992036819458008,
          "x": -0.03773600608110428,
          "y": 0.012855649925768375,
          "z": -0.0016830728854984045
        },
        "scale": {
          "x": 1.0,
          "y": 1.0,
          "z": 1.0
        },
        "matrix_basis": [
          [
            0.999663770198822,
            0.0023932235781103373,
            0.02581785060465336,
            0.0
          ],
          [
            -0.00433370703831315,
            0.9971463084220886,
            0.07536863535642624,
            0.0
          ],
          [
            -0.02556380070745945,
            -0.0754551887512207,
            0.9968214631080627,
            0.0
          ],
          [
            0.0,
            0.0,
            0.0,
            1.0
          ]
        ],
        "rotation_mode": "QUATERNION"
      },
      "armature_space": {
        "head": {
          "x": 0.4093201160430908,
          "y": -0.4717528820037842,
          "z": 0.5432506799697876
        },
        "tail": {
          "x": 0.38232421875,
          "y": -0.5088192224502563,
          "z": 0.5245183706283569
        }
      },
      "world_space": {
        "head": {
          "x": 0.4093201160430908,
          "y": -0.40850889682769775,
          "z": 1.4931046962738037
        },
        "tail": {
          "x": 0.38232421875,
          "y": -0.4455752372741699,
          "z": 1.474372386932373
        },
        "rotation_quaternion": {
          "w": 0.11304741352796555,
          "x": -0.8979559540748596,
          "y": 0.33625486493110657,
          "z": -0.26043832302093506
        },
        "matrix": [
          [
            0.6382085084915161,
            -0.5450012683868408,
            0.5437498092651367,
            0.4093201160430908
          ],
          [
            -0.6627681255340576,
            -0.7483058571815491,
            0.02787424623966217,
            -0.40850889682769775
          ],
          [
            0.39170166850090027,
            -0.3781726658344269,
            -0.8387902975082397,
            1.4931046962738037
          ],
          [
            0.0,
            0.0,
            0.0,
            1.0
          ]
        ]
      },
      "bone_length_armature_space": 0.04953374102511626,
      "parent": "lowerarm_l",
      "has_children": true,
      "is_end_bone": false
    },
    "thumb_01_l": {
      "name": "thumb_01_l",
      "local": {
        "location": {
          "x": 0.0,
          "y": 0.0,
          "z": 0.0
        },
        "rotation_quaternion": {
          "w": 0.9988172650337219,
          "x": -0.04518509656190872,
          "y": 0.001773551106452942,
          "z": -0.017868749797344208
        },
        "scale": {
          "x": 1.0,
          "y": 1.0,
          "z": 1.0
        },
        "matrix_basis": [
          [
            0.999355137348175,
            0.03553495556116104,
            0.0051577091217041016,
            0.0
          ],
          [
            -0.03585550934076309,
            0.995278000831604,
            0.09019992500543594,
            0.0
          ],
          [
            -0.0019281045533716679,
            -0.090326689183712,
            0.9959103465080261,
            0.0
          ],
          [
            0.0,
            0.0,
            0.0,
            1.0
          ]
        ],
        "rotation_mode": "QUATERNION"
      },
      "armature_space": {
        "head": {
          "x": 0.38232421875,
          "y": -0.5088192224502563,
          "z": 0.5245183706283569
        },
        "tail": {
          "x": 0.3782874345779419,
          "y": -0.5206233859062195,
          "z": 0.49284809827804565
        }
      },
      "world_space": {
        "head": {
          "x": 0.38232421875,
          "y": -0.4455752372741699,
          "z": 1.474372386932373
        },
        "tail": {
          "x": 0.3782874345779419,
          "y": -0.45737940073013306,
          "z": 1.442702054977417
        },
        "rotation_quaternion": {
          "w": 0.14447538554668427,
          "x": -0.30617454648017883,
          "y": 0.5529319643974304,
          "z": -0.7613477110862732
        },
        "matrix": [
          [
            -0.7707688808441162,
            -0.11859460920095444,
            0.625980019569397,
            0.38232421875
          ],
          [
            -0.5585784316062927,
            -0.3467872142791748,
            -0.7534779906272888,
            -0.4455752372741699
          ],
          [
            0.3064419627189636,
            -0.9304227828979492,
            0.20104902982711792,
            1.474372386932373
          ],
          [
            0.0,
            0.0,
            0.0,
            1.0
          ]
        ]
      },
      "bone_length_armature_space": 0.03403880167748681,
      "parent": "metacarpal_thumb_l",
      "has_children": true,
      "is_end_bone": false
    },
    "thumb_02_l": {
      "name": "thumb_02_l",
      "local": {
        "location": {
          "x": 0.0,
          "y": 0.0,
          "z": 0.0
        },
        "rotation_quaternion": {
          "w": 0.9965745210647583,
          "x": 0.08235830813646317,
          "y": -0.006733345333486795,
          "z": 0.003338151378557086
        },
        "scale": {
          "x": 1.0,
          "y": 1.0,
          "z": 1.0
        },
        "matrix_basis": [
          [
            0.9998870491981506,
            -0.007762527093291283,
            -0.012870712205767632,
            0.0
          ],
          [
            0.005544339306652546,
            0.9864119291305542,
            -0.16419734060764313,
            0.0
          ],
          [
            0.013970409519970417,
            0.16410742700099945,
            0.9863435626029968,
            0.0
          ],
          [
            0.0,
            0.0,
            0.0,
            1.0
          ]
        ],
        "rotation_mode": "QUATERNION"
      },
      "armature_space": {
        "head": {
          "x": 0.3782874345779419,
          "y": -0.5206232666969299,
          "z": 0.49284809827804565
        },
        "tail": {
          "x": 0.3729883134365082,
          "y": -0.560429036617279,
          "z": 0.49362343549728394
        }
      },
      "world_space": {
        "head": {
          "x": 0.3782874345779419,
          "y": -0.4573792815208435,
          "z": 1.442702054977417
        },
        "tail": {
          "x": 0.3729883134365082,
          "y": -0.4971850514411926,
          "z": 1.4434773921966553
        },
        "rotation_quaternion": {
          "w": 0.06674295663833618,
          "x": 0.09696395695209503,
          "y": 0.0032028958667069674,
          "z": 0.9930423498153687
        },
        "matrix": [
          [
            -0.9722869992256165,
            -0.1319359838962555,
            0.19300612807273865,
            0.3782874345779419
          ],
          [
            0.13317842781543732,
            -0.9910703301429749,
            -0.006581783294677734,
            -0.4573792815208435
          ],
          [
            0.1921525001525879,
            0.01930418610572815,
            0.981182336807251,
            1.442702054977417
          ],
          [
            0.0,
            0.0,
            0.0,
            1.0
          ]
        ]
      },
      "bone_length_armature_space": 0.04016442715880844,
      "parent": "thumb_01_l",
      "has_children": true,
      "is_end_bone": false
    },
    "thumb_03_l": {
      "name": "thumb_03_l",
      "local": {
        "location": {
          "x": 0.0,
          "y": 0.0,
          "z": 0.0
        },
        "rotation_quaternion": {
          "w": 0.9953789114952087,
          "x": 0.09582673013210297,
          "y": -0.004717712756246328,
          "z": 0.003985779359936714
        },
        "scale": {
          "x": 1.0,
          "y": 1.0,
          "z": 1.0
        },
        "matrix_basis": [
          [
            0.9999237060546875,
            -0.008838887326419353,
            -0.00862793531268835,
            0.0
          ],
          [
            0.007030555512756109,
            0.9816027283668518,
            -0.19080542027950287,
            0.0
          ],
          [
            0.010155712254345417,
            0.19073019921779633,
            0.9815899729728699,
            0.0
          ],
          [
            0.0,
            0.0,
            0.0,
            1.0
          ]
        ],
        "rotation_mode": "QUATERNION"
      },
      "armature_space": {
        "head": {
          "x": 0.3729882538318634,
          "y": -0.5604289770126343,
          "z": 0.49362337589263916
        },
        "tail": {
          "x": 0.37473124265670776,
          "y": -0.5878322720527649,
          "z": 0.506773054599762
        }
      },
      "world_space": {
        "head": {
          "x": 0.3729882538318634,
          "y": -0.49718499183654785,
          "z": 1.4434773921966553
        },
        "tail": {
          "x": 0.37473124265670776,
          "y": -0.5245882868766785,
          "z": 1.4566271305084229
        },
        "rotation_quaternion": {
          "w": 0.04786626994609833,
          "x": 0.08183416724205017,
          "y": -0.21831372380256653,
          "z": -0.9712627530097961
        },
        "matrix": [
          [
            -0.9820241928100586,
            0.05725046247243881,
            -0.179864764213562,
            0.3729882538318634
          ],
          [
            -0.1287124902009964,
            -0.9000959396362305,
            0.4162460267543793,
            -0.49718499183654785
          ],
          [
            -0.13806621730327606,
            0.43191665410995483,
            0.8912911415100098,
            1.4434773921966553
          ],
          [
            0.0,
            0.0,
            0.0,
            1.0
          ]
        ]
      },
      "bone_length_armature_space": 0.030444911619509588,
      "parent": "thumb_02_l",
      "has_children": false,
      "is_end_bone": true
    },
    "metacarpal_index_l": {
      "name": "metacarpal_index_l",
      "local": {
        "location": {
          "x": 0.0,
          "y": 0.0,
          "z": 0.0
        },
        "rotation_quaternion": {
          "w": 0.9989621639251709,
          "x": -0.04279822111129761,
          "y": -0.015123838558793068,
          "z": 0.003779626451432705
        },
        "scale": {
          "x": 1.0,
          "y": 1.0,
          "z": 1.0
        },
        "matrix_basis": [
          [
            0.9995139837265015,
            -0.006256860680878162,
            -0.030539806932210922,
            0.0
          ],
          [
            0.008845954202115536,
            0.9963080286979675,
            0.0853932797908783,
            0.0
          ],
          [
            0.02989276312291622,
            -0.08562193065881729,
            0.9958791732788086,
            0.0
          ],
          [
            0.0,
            0.0,
            0.0,
            1.0
          ]
        ],
        "rotation_mode": "QUATERNION"
      },
      "armature_space": {
        "head": {
          "x": 0.4093201160430908,
          "y": -0.4717528820037842,
          "z": 0.5432506799697876
        },
        "tail": {
          "x": 0.36784350872039795,
          "y": -0.5807757377624512,
          "z": 0.532163143157959
        }
      },
      "world_space": {
        "head": {
          "x": 0.4093201160430908,
          "y": -0.40850889682769775,
          "z": 1.4931046962738037
        },
        "tail": {
          "x": 0.36784350872039795,
          "y": -0.5175317525863647,
          "z": 1.482017159461975
        },
        "rotation_quaternion": {
          "w": 0.05775386467576027,
          "x": -0.9810442924499512,
          "y": 0.17730718851089478,
          "z": 0.05271415039896965
        },
        "matrix": [
          [
            0.9315669536590576,
            -0.35398146510124207,
            -0.08294924348592758,
            0.4093201160430908
          ],
          [
            -0.3418036103248596,
            -0.9304535388946533,
            0.1320110559463501,
            -0.40850889682769775
          ],
          [
            -0.12391102313995361,
            -0.09462626278400421,
            -0.9877783060073853,
            1.4931046962738037
          ],
          [
            0.0,
            0.0,
            0.0,
            1.0
          ]
        ]
      },
      "bone_length_armature_space": 0.11717177697839985,
      "parent": "lowerarm_l",
      "has_children": true,
      "is_end_bone": false
    },
    "index_01_l": {
      "name": "index_01_l",
      "local": {
        "location": {
          "x": 0.0,
          "y": 0.0,
          "z": 0.0
        },
        "rotation_quaternion": {
          "w": 0.9917900562286377,
          "x": -0.12742094695568085,
          "y": -0.010709775611758232,
          "z": 0.0013039307668805122
        },
        "scale": {
          "x": 1.0,
          "y": 1.0,
          "z": 1.0
        },
        "matrix_basis": [
          [
            0.9997671842575073,
            0.0001428483665222302,
            -0.021575994789600372,
            0.0
          ],
          [
            0.00531575083732605,
            0.9675244092941284,
            0.25272172689437866,
            0.0
          ],
          [
            0.020911401137709618,
            -0.2527775764465332,
            0.9672983884811401,
            0.0
          ],
          [
            0.0,
            0.0,
            0.0,
            1.0
          ]
        ],
        "rotation_mode": "QUATERNION"
      },
      "armature_space": {
        "head": {
          "x": 0.36784350872039795,
          "y": -0.5807757377624512,
          "z": 0.532163143157959
        },
        "tail": {
          "x": 0.3684404492378235,
          "y": -0.6083560585975647,
          "z": 0.5393769145011902
        }
      },
      "world_space": {
        "head": {
          "x": 0.36784350872039795,
          "y": -0.5175317525863647,
          "z": 1.482017159461975
        },
        "tail": {
          "x": 0.3684404492378235,
          "y": -0.5451120734214783,
          "z": 1.4892308712005615
        },
        "rotation_quaternion": {
          "w": 0.12789718806743622,
          "x": 0.9906808137893677,
          "y": 0.00454787677153945,
          "z": -0.04661668837070465
        },
        "matrix": [
          [
            0.995612621307373,
            0.020935239270329475,
            -0.09120120108127594,
            0.36784350872039795
          ],
          [
            -0.002913255011662841,
            -0.9672433137893677,
            -0.2538350820541382,
            -0.5175317525863647
          ],
          [
            -0.09352847188711166,
            0.25298789143562317,
            -0.962945282459259,
            1.482017159461975
          ],
          [
            0.0,
            0.0,
            0.0,
            1.0
          ]
        ]
      },
      "bone_length_armature_space": 0.028514363111481242,
      "parent": "metacarpal_index_l",
      "has_children": true,
      "is_end_bone": false
    },
    "index_02_l": {
      "name": "index_02_l",
      "local": {
        "location": {
          "x": 0.0,
          "y": 0.0,
          "z": 0.0
        },
        "rotation_quaternion": {
          "w": 0.9995661377906799,
          "x": 0.0281512588262558,
          "y": -0.00667632557451725,
          "z": 0.0055252062156796455
        },
        "scale": {
          "x": 1.0,
          "y": 1.0,
          "z": 1.0
        },
        "matrix_basis": [
          [
            0.999849796295166,
            -0.011421511881053448,
            -0.013035775162279606,
            0.0
          ],
          [
            0.010669724084436893,
            0.9983539581298828,
            -0.05635186657309532,
            0.0
          ],
          [
            0.013657940551638603,
            0.05620431527495384,
            0.9983258843421936,
            0.0
          ],
          [
            0.0,
            0.0,
            0.0,
            1.0
          ]
        ],
        "rotation_mode": "QUATERNION"
      },
      "armature_space": {
        "head": {
          "x": 0.3684402108192444,
          "y": -0.6083564758300781,
          "z": 0.5393767356872559
        },
        "tail": {
          "x": 0.3693373203277588,
          "y": -0.6332974433898926,
          "z": 0.5453124642372131
        }
      },
      "world_space": {
        "head": {
          "x": 0.3684402108192444,
          "y": -0.5451124906539917,
          "z": 1.489230751991272
        },
        "tail": {
          "x": 0.3693373203277588,
          "y": -0.5700534582138062,
          "z": 1.495166540145874
        },
        "rotation_quaternion": {
          "w": 0.11759721487760544,
          "x": 0.9892130494117737,
          "y": 0.007329649291932583,
          "z": -0.0870329886674881
        },
        "matrix": [
          [
            0.9847432374954224,
            0.03497082740068436,
            -0.17046445608139038,
            0.3684402108192444
          ],
          [
            -0.00596848176792264,
            -0.9722343683242798,
            -0.2339337319135666,
            -0.5451124906539917
          ],
          [
            -0.17391343414783478,
            0.23138271272182465,
            -0.9571992754936218,
            1.489230751991272
          ],
          [
            0.0,
            0.0,
            0.0,
            1.0
          ]
        ]
      },
      "bone_length_armature_space": 0.025653256423884406,
      "parent": "index_01_l",
      "has_children": true,
      "is_end_bone": false
    },
    "index_03_l": {
      "name": "index_03_l",
      "local": {
        "location": {
          "x": 0.0,
          "y": 0.0,
          "z": 0.0
        },
        "rotation_quaternion": {
          "w": 0.9995488524436951,
          "x": 0.029704013839364052,
          "y": 0.001041604089550674,
          "z": -0.004338379949331284
        },
        "scale": {
          "x": 1.0,
          "y": 1.0,
          "z": 1.0
        },
        "matrix_basis": [
          [
            0.99996018409729,
            0.008734725415706635,
            0.001824533799663186,
            0.0
          ],
          [
            -0.008610965684056282,
            0.9981976747512817,
            -0.05939026549458504,
            0.0
          ],
          [
            -0.002340002916753292,
            0.0593721866607666,
            0.9982331991195679,
            0.0
          ],
          [
            0.0,
            0.0,
            0.0,
            1.0
          ]
        ],
        "rotation_mode": "QUATERNION"
      },
      "armature_space": {
        "head": {
          "x": 0.3693373203277588,
          "y": -0.6332973837852478,
          "z": 0.5453125834465027
        },
        "tail": {
          "x": 0.3725847005844116,
          "y": -0.6622634530067444,
          "z": 0.5473502278327942
        }
      },
      "world_space": {
        "head": {
          "x": 0.3693373203277588,
          "y": -0.5700533986091614,
          "z": 1.495166540145874
        },
        "tail": {
          "x": 0.3725847005844116,
          "y": -0.599019467830658,
          "z": 1.497204303741455
        },
        "rotation_quaternion": {
          "w": 0.038110412657260895,
          "x": 0.9961619973182678,
          "y": 0.05357391759753227,
          "z": -0.05778350681066513
        },
        "matrix": [
          [
            0.9875819683074951,
            0.11114086210727692,
            -0.11104001849889755,
            0.3693373203277588
          ],
          [
            0.10233229398727417,
            -0.9913549423217773,
            -0.08212016522884369,
            -0.5700533986091614
          ],
          [
            -0.11920765787363052,
            0.06973695755004883,
            -0.990424394607544,
            1.495166540145874
          ],
          [
            0.0,
            0.0,
            0.0,
            1.0
          ]
        ]
      },
      "bone_length_armature_space": 0.029218669324904804,
      "parent": "index_02_l",
      "has_children": false,
      "is_end_bone": true
    },
    "metacarpal_pinky_l": {
      "name": "metacarpal_pinky_l",
      "local": {
        "location": {
          "x": 0.0,
          "y": 0.0,
          "z": 0.0
        },
        "rotation_quaternion": {
          "w": 0.9997782707214355,
          "x": -0.017481571063399315,
          "y": 0.011136818677186966,
          "z": 0.0037222052924335003
        },
        "scale": {
          "x": 1.0,
          "y": 1.0,
          "z": 1.0
        },
        "matrix_basis": [
          [
            0.9997242093086243,
            -0.007832137867808342,
            0.022138558328151703,
            0.0
          ],
          [
            0.007053381763398647,
            0.9993610978126526,
            0.0350382961332798,
            0.0
          ],
          [
            -0.02239883877336979,
            -0.03487248346209526,
            0.999140739440918,
            0.0
          ],
          [
            0.0,
            0.0,
            0.0,
            1.0
          ]
        ],
        "rotation_mode": "QUATERNION"
      },
      "armature_space": {
        "head": {
          "x": 0.4093201160430908,
          "y": -0.4717528820037842,
          "z": 0.5432506799697876
        },
        "tail": {
          "x": 0.42746174335479736,
          "y": -0.5730350613594055,
          "z": 0.5592513084411621
        }
      },
      "world_space": {
        "head": {
          "x": 0.4093201160430908,
          "y": -0.40850889682769775,
          "z": 1.4931046962738037
        },
        "tail": {
          "x": 0.42746174335479736,
          "y": -0.5097910761833191,
          "z": 1.5091053247451782
        },
        "rotation_quaternion": {
          "w": 0.11121662706136703,
          "x": 0.3943071663379669,
          "y": -0.03617740795016289,
          "z": -0.9115065336227417
        },
        "matrix": [
          [
            -0.6643057465553284,
            0.1742197424173355,
            -0.7268739938735962,
            0.4093201160430908
          ],
          [
            -0.23127982020378113,
            -0.9726442694664001,
            -0.02175544947385788,
            -0.40850889682769775
          ],
          [
            -0.7107848525047302,
            0.1536591500043869,
            0.6864311099052429,
            1.4931046962738037
          ],
          [
            0.0,
            0.0,
            0.0,
            1.0
          ]
        ]
      },
      "bone_length_armature_space": 0.10413077473066837,
      "parent": "lowerarm_l",
      "has_children": true,
      "is_end_bone": false
    },
    "pinky_01_l": {
      "name": "pinky_01_l",
      "local": {
        "location": {
          "x": 0.0,
          "y": 0.0,
          "z": 0.0
        },
        "rotation_quaternion": {
          "w": 0.9889529347419739,
          "x": -0.14759162068367004,
          "y": 0.004714997950941324,
          "z": -0.012914600782096386
        },
        "scale": {
          "x": 1.0,
          "y": 1.0,
          "z": 1.0
        },
        "matrix_basis": [
          [
            0.9996219873428345,
            0.024152075871825218,
            0.013137996196746826,
            0.0
          ],
          [
            -0.026935653761029243,
            0.9560998678207397,
            0.2918005585670471,
            0.0
          ],
          [
            -0.0055136485025286674,
            -0.29204410314559937,
            0.9563889503479004,
            0.0
          ],
          [
            0.0,
            0.0,
            0.0,
            1.0
          ]
        ],
        "rotation_mode": "QUATERNION"
      },
      "armature_space": {
        "head": {
          "x": 0.42746174335479736,
          "y": -0.5730350613594055,
          "z": 0.5592513084411621
        },
        "tail": {
          "x": 0.42594456672668457,
