{
  "metadata": {
    "armature_name": "KIM_caucasian_male",
    "export_time": "2026-01-13T21:05:04.187469",
    "blender_version": "4.4.1",
    "bone_count": 56,
    "end_bone_count": 13,
    "spaces_included": [
      "LOCAL_CHANNELS",
      "ARMATURE_SPACE",
      "WORLD_SPACE"
    ],
    "note": "LOCAL matches Transform panel; replay pose via local.matrix_basis for best fidelity."
  },
  "bones": {
    "Root": {
      "name": "Root",
      "local": {
        "location": {
          "x": 0.0,
          "y": 0.0,
          "z": 0.0
        },
        "rotation_quaternion": {
          "w": 0.9997689723968506,
          "x": 0.010323386639356613,
          "y": 0.006918241269886494,
          "z": -0.017542891204357147
        },
        "scale": {
          "x": 1.0,
          "y": 1.0,
          "z": 1.0
        },
        "matrix_basis": [
          [
            0.99928879737854,
            0.035220514982938766,
            0.013471081852912903,
            0.0
          ],
          [
            -0.034934837371110916,
            0.9991713762283325,
            -0.020884735509753227,
            0.0
          ],
          [
            -0.014195489697158337,
            0.020399270579218864,
            0.9996911287307739,
            0.0
          ],
          [
            0.0,
            0.0,
            0.0,
            1.0
          ]
        ],
        "rotation_mode": "QUATERNION"
      },
      "armature_space": {
        "head": {
          "x": 0.0,
          "y": 0.07072800397872925,
          "z": -0.009595036506652832
        },
        "tail": {
          "x": 0.002513894811272621,
          "y": -0.00013712048530578613,
          "z": -0.0014507602900266647
        }
      },
      "world_space": {
        "head": {
          "x": 0.0,
          "y": 0.13397200405597687,
          "z": 0.9402589797973633
        },
        "tail": {
          "x": 0.002513894811272621,
          "y": 0.06310687959194183,
          "z": 0.9484032392501831
        },
        "rotation_quaternion": {
          "w": 0.05705215781927109,
          "x": 0.998193085193634,
          "y": 0.017969107255339622,
          "z": 0.005720698274672031
        },
        "matrix": [
          [
            0.99928879737854,
            0.035220514982938766,
            0.013471081852912903,
            0.0
          ],
          [
            0.03652603551745415,
            -0.9928443431854248,
            -0.11369301378726959,
            0.13397200405597687
          ],
          [
            0.009370459243655205,
            0.11410405486822128,
            -0.9934316873550415,
            0.9402589797973633
          ],
          [
            0.0,
            0.0,
            0.0,
            1.0
          ]
        ]
      },
      "bone_length_armature_space": 0.07137587022266836,
      "parent": null,
      "has_children": true,
      "is_end_bone": false
    },
    "spine_01": {
      "name": "spine_01",
      "local": {
        "location": {
          "x": 0.0,
          "y": 0.0,
          "z": 0.0
        },
        "rotation_quaternion": {
          "w": 0.9954289793968201,
          "x": 0.09068585187196732,
          "y": 0.02088545449078083,
          "z": 0.021474570035934448
        },
        "scale": {
          "x": 1.0,
          "y": 1.0,
          "z": 1.0
        },
        "matrix_basis": [
          [
            0.998205304145813,
            -0.03896478936076164,
            0.04547485336661339,
            0.0
          ],
          [
            0.04654084891080856,
            0.9826298356056213,
            -0.17964564263820648,
            0.0
          ],
          [
            -0.0376850925385952,
            0.18143966794013977,
            0.9826797246932983,
            0.0
          ],
          [
            0.0,
            0.0,
            0.0,
            1.0
          ]
        ],
        "rotation_mode": "QUATERNION"
      },
      "armature_space": {
        "head": {
          "x": 0.002513894811272621,
          "y": -0.00013712048530578613,
          "z": -0.0014507602900266647
        },
        "tail": {
          "x": -0.018225044012069702,
          "y": -0.07685977220535278,
          "z": 0.48003852367401123
        }
      },
      "world_space": {
        "head": {
          "x": 0.002513894811272621,
          "y": 0.06310687959194183,
          "z": 0.9484032392501831
        },
        "tail": {
          "x": -0.018225044012069702,
          "y": -0.013615772128105164,
          "z": 1.4298925399780273
        },
        "rotation_quaternion": {
          "w": 0.6490561962127686,
          "x": 0.7593089938163757,
          "y": 0.010804670862853527,
          "z": 0.04537811502814293
        },
        "matrix": [
          [
            0.995648205280304,
            -0.04249771684408188,
            0.08293737471103668,
            0.002513894811272621
          ],
          [
            0.07531376928091049,
            -0.15721815824508667,
            -0.9846879839897156,
            0.06310687959194183
          ],
          [
            0.054886702448129654,
            0.9866558313369751,
            -0.153335303068161,
            0.9484032392501831
          ],
          [
            0.0,
            0.0,
            0.0,
            1.0
          ]
        ]
      },
      "bone_length_armature_space": 0.48800449989337574,
      "parent": "Root",
      "has_children": true,
      "is_end_bone": false
    },
    "neck_01": {
      "name": "neck_01",
      "local": {
        "location": {
          "x": 0.0,
          "y": 0.0,
          "z": 0.0
        },
        "rotation_quaternion": {
          "w": 0.9876080751419067,
          "x": -0.1346139758825302,
          "y": 0.019154757261276245,
          "z": 0.07837502658367157
        },
        "scale": {
          "x": 1.0,
          "y": 1.0,
          "z": 1.0
        },
        "matrix_basis": [
          [
            0.9869809150695801,
            -0.15996462106704712,
            0.016734037548303604,
            0.0
          ],
          [
            0.14965061843395233,
            0.9514728784561157,
            0.2688941955566406,
            0.0
          ],
          [
            -0.058935534209012985,
            -0.26288917660713196,
            0.9630243182182312,
            0.0
          ],
          [
            0.0,
            0.0,
            0.0,
            1.0
          ]
        ],
        "rotation_mode": "QUATERNION"
      },
      "armature_space": {
        "head": {
          "x": -0.018460355699062347,
          "y": -0.12252046167850494,
          "z": 0.5469621419906616
        },
        "tail": {
          "x": -0.0380086787045002,
          "y": -0.15146490931510925,
          "z": 0.6433510780334473
        }
      },
      "world_space": {
        "head": {
          "x": -0.018460355699062347,
          "y": -0.059276461601257324,
          "z": 1.4968161582946777
        },
        "tail": {
          "x": -0.0380086787045002,
          "y": -0.08822090923786163,
          "z": 1.5932050943374634
        },
        "rotation_quaternion": {
          "w": 0.5972810983657837,
          "x": 0.794611930847168,
          "y": -0.04573989287018776,
          "z": 0.09876810014247894
        },
        "matrix": [
          [
            0.9763056039810181,
            -0.19067566096782684,
            0.10232436656951904,
            -0.018460355699062347
          ],
          [
            0.0452926829457283,
            -0.28232601284980774,
            -0.9582488536834717,
            -0.059276461601257324
          ],
          [
            0.211605042219162,
            0.9401844143867493,
            -0.26700296998023987,
            1.4968161582946777
          ],
          [
            0.0,
            0.0,
            0.0,
            1.0
          ]
        ]
      },
      "bone_length_armature_space": 0.102521926577689,
      "parent": "spine_01",
      "has_children": true,
      "is_end_bone": false
    },
    "head": {
      "name": "head",
      "local": {
        "location": {
          "x": 0.0,
          "y": 0.0,
          "z": 0.0
        },
        "rotation_quaternion": {
          "w": 0.9909756183624268,
          "x": 0.0366085022687912,
          "y": -0.11006536334753036,
          "z": -0.06717643141746521
        },
        "scale": {
          "x": 1.0,
          "y": 1.0,
          "z": 1.0
        },
        "matrix_basis": [
          [
            0.966745913028717,
            0.12508174777030945,
            -0.2230626344680786,
            0.0
          ],
          [
            -0.14119906723499298,
            0.9882943034172058,
            -0.05776866897940636,
            0.0
          ],
          [
            0.21322572231292725,
            0.08734386414289474,
            0.9730908870697021,
            0.0
          ],
          [
            0.0,
            0.0,
            0.0,
            1.0
          ]
        ],
        "rotation_mode": "QUATERNION"
      },
      "armature_space": {
        "head": {
          "x": -0.03800864890217781,
          "y": -0.1514650285243988,
          "z": 0.6433509588241577
        },
        "tail": {
          "x": -0.05176499858498573,
          "y": -0.15138643980026245,
          "z": 0.7978309392929077
        }
      },
      "world_space": {
        "head": {
          "x": -0.03800864890217781,
          "y": -0.08822102844715118,
          "z": 1.5932049751281738
        },
        "tail": {
          "x": -0.05176499858498573,
          "y": -0.08814243972301483,
          "z": 1.7476849555969238
        },
        "rotation_quaternion": {
          "w": 0.7007091045379639,
          "x": 0.706125020980835,
          "y": -0.0962284505367279,
          "z": -0.033679936081171036
        },
        "matrix": [
          [
            0.9792114496231079,
            -0.08869902044534683,
            -0.18242135643959045,
            -0.03800864890217781
          ],
          [
            -0.18309883773326874,
            0.0005067586898803711,
            -0.9830945730209351,
            -0.08822102844715118
          ],
          [
            0.08729235082864761,
            0.9960654973983765,
            -0.01574544608592987,
            1.5932049751281738
          ],
          [
            0.0,
            0.0,
            0.0,
            1.0
          ]
        ]
      },
      "bone_length_armature_space": 0.15509128825590127,
      "parent": "neck_01",
      "has_children": false,
      "is_end_bone": true
    },
    "upperarm_l": {
      "name": "upperarm_l",
      "local": {
        "location": {
          "x": 0.0,
          "y": 0.0,
          "z": 0.0
        },
        "rotation_quaternion": {
          "w": 0.9551805257797241,
          "x": 0.17573721706867218,
          "y": -0.17701232433319092,
          "z": 0.159416064620018
        },
        "scale": {
          "x": 1.0,
          "y": 1.0,
          "z": 1.0
        },
        "matrix_basis": [
          [
            0.8865063190460205,
            -0.3667575418949127,
            -0.282126784324646,
            0.0
          ],
          [
            0.24232693016529083,
            0.8874058723449707,
            -0.39215874671936035,
            0.0
          ],
          [
            0.39418813586235046,
            0.2792843282222748,
            0.8755661249160767,
            0.0
          ],
          [
            0.0,
            0.0,
            0.0,
            1.0
          ]
        ],
        "rotation_mode": "QUATERNION"
      },
      "armature_space": {
        "head": {
          "x": 0.1340075433254242,
          "y": -0.10379740595817566,
          "z": 0.4883952736854553
        },
        "tail": {
          "x": 0.3773960769176483,
          "y": -0.16661494970321655,
          "z": 0.5812591910362244
        }
      },
      "world_space": {
        "head": {
          "x": 0.1340075433254242,
          "y": -0.04055340588092804,
          "z": 1.4382493495941162
        },
        "tail": {
          "x": 0.3773960769176483,
          "y": -0.10337094962596893,
          "z": 1.5311131477355957
        },
        "rotation_quaternion": {
          "w": 0.5427824854850769,
          "x": 0.5979853272438049,
          "y": 0.2969452440738678,
          "z": -0.5095335245132446
        },
        "matrix": [
          [
            0.3043973445892334,
            0.9082697629928589,
            -0.2870336174964905,
            0.1340075433254242
          ],
          [
            -0.19799666106700897,
            -0.23442059755325317,
            -0.9517586827278137,
            -0.04055340588092804
          ],
          [
            -0.9317468404769897,
            0.34654662013053894,
            0.10847727954387665,
            1.4382493495941162
          ],
          [
            0.0,
            0.0,
            0.0,
            1.0
          ]
        ]
      },
      "bone_length_armature_space": 0.26796964469376616,
      "parent": "spine_01",
      "has_children": true,
      "is_end_bone": false
    },
    "lowerarm_l": {
      "name": "lowerarm_l",
      "local": {
        "location": {
          "x": 0.0,
          "y": 0.0,
          "z": 0.0
        },
        "rotation_quaternion": {
          "w": 0.93529212474823,
          "x": 0.3504486382007599,
          "y": 0.0239601731300354,
          "z": 0.04290017485618591
        },
        "scale": {
          "x": 1.0,
          "y": 1.0,
          "z": 1.0
        },
        "matrix_basis": [
          [
            0.9951709508895874,
            -0.063454769551754,
            0.07488813996315002,
            0.0
          ],
          [
            0.0970420092344284,
            0.7506906390190125,
            -0.6534879207611084,
            0.0
          ],
          [
            -0.014750907197594643,
            0.6575995087623596,
            0.7532232999801636,
            0.0
          ],
          [
            0.0,
            0.0,
            0.0,
            1.0
          ]
        ],
        "rotation_mode": "QUATERNION"
      },
      "armature_space": {
        "head": {
          "x": 0.3773961067199707,
          "y": -0.16661500930786133,
          "z": 0.5812593102455139
        },
        "tail": {
          "x": 0.46507561206817627,
          "y": -0.3813348114490509,
          "z": 0.7145907282829285
        }
      },
      "world_space": {
        "head": {
          "x": 0.3773961067199707,
          "y": -0.10337100923061371,
          "z": 1.5311133861541748
        },
        "tail": {
          "x": 0.46507561206817627,
          "y": -0.3180907964706421,
          "z": 1.6644446849822998
        },
        "rotation_quaternion": {
          "w": 0.3139518201351166,
          "x": 0.7740791440010071,
          "y": -0.011225396767258644,
          "z": -0.549645185470581
        },
        "matrix": [
          [
            0.3955293595790863,
            0.3277438282966614,
            -0.8579862117767334,
            0.3773961067199707
          ],
          [
            -0.36250266432762146,
            -0.8026173710823059,
            -0.47370612621307373,
            -0.10337100923061371
          ],
          [
            -0.8438950777053833,
            0.4983896017074585,
            -0.19865238666534424,
            1.5311133861541748
          ],
          [
            0.0,
            0.0,
            0.0,
            1.0
          ]
        ]
      },
      "bone_length_armature_space": 0.26752487491574306,
      "parent": "upperarm_l",
      "has_children": true,
      "is_end_bone": false
    },
    "metacarpal_thumb_l": {
      "name": "metacarpal_thumb_l",
      "local": {
        "location": {
          "x": 0.0,
          "y": 0.0,
          "z": 0.0
        },
        "rotation_quaternion": {
          "w": 0.9998068809509277,
          "x": -0.014151934534311295,
          "y": -0.008440564386546612,
          "z": 0.010706321336328983
        },
        "scale": {
          "x": 1.0,
          "y": 1.0,
          "z": 1.0
        },
        "matrix_basis": [
          [
            0.9996282458305359,
            -0.02116960659623146,
            -0.017180899158120155,
            0.0
          ],
          [
            0.021647408604621887,
            0.9993702173233032,
            0.028117667883634567,
            0.0
          ],
          [
            0.016574839130043983,
            -0.028479138389229774,
            0.9994569420814514,
            0.0
          ],
          [
            0.0,
            0.0,
            0.0,
            1.0
          ]
        ],
        "rotation_mode": "QUATERNION"
      },
      "armature_space": {
        "head": {
          "x": 0.46507561206817627,
          "y": -0.3813348114490509,
          "z": 0.7145907282829285
        },
        "tail": {
          "x": 0.45498013496398926,
          "y": -0.42933389544487,
          "z": 0.7215011119842529
        }
      },
      "world_space": {
        "head": {
          "x": 0.46507561206817627,
          "y": -0.3180907964706421,
          "z": 1.6644446849822998
        },
        "tail": {
          "x": 0.45498013496398926,
          "y": -0.3660898804664612,
          "z": 1.671355128288269
        },
        "rotation_quaternion": {
          "w": 0.08846239000558853,
          "x": 0.9743041396141052,
          "y": -0.08754817396402359,
          "z": 0.1877262443304062
        },
        "matrix": [
          [
            0.9141882658004761,
            -0.2038106769323349,
            0.3503154516220093,
            0.46507561206817627
          ],
          [
            -0.1373836249113083,
            -0.9690192937850952,
            -0.2052493542432785,
            -0.3180907964706421
          ],
          [
            0.38129687309265137,
            0.13950899243354797,
            -0.913873016834259,
            1.6644446849822998
          ],
          [
            0.0,
            0.0,
            0.0,
            1.0
          ]
        ]
      },
      "bone_length_armature_space": 0.04953366666254581,
      "parent": "lowerarm_l",
      "has_children": true,
      "is_end_bone": false
    },
    "thumb_01_l": {
      "name": "thumb_01_l",
      "local": {
        "location": {
          "x": 0.0,
          "y": 0.0,
          "z": 0.0
        },
        "rotation_quaternion": {
          "w": 0.9777071475982666,
          "x": 0.20983493328094482,
          "y": -0.002776065142825246,
          "z": -0.00710891280323267
        },
        "scale": {
          "x": 1.0,
          "y": 1.0,
          "z": 1.0
        },
        "matrix_basis": [
          [
            0.9998835325241089,
            0.012735839001834393,
            -0.008411753922700882,
            0.0
          ],
          [
            -0.015065900981426239,
            0.9118375182151794,
            -0.4102747440338135,
            0.0
          ],
          [
            0.0024449608754366636,
            0.4103536903858185,
            0.9119231700897217,
            0.0
          ],
          [
            0.0,
            0.0,
            0.0,
            1.0
          ]
        ],
        "rotation_mode": "QUATERNION"
      },
      "armature_space": {
        "head": {
          "x": 0.45498013496398926,
          "y": -0.42933389544487,
          "z": 0.7215011119842529
        },
        "tail": {
          "x": 0.46812739968299866,
          "y": -0.45693621039390564,
          "z": 0.7065381407737732
        }
      },
      "world_space": {
        "head": {
          "x": 0.45498013496398926,
          "y": -0.3660898804664612,
          "z": 1.671355128288269
        },
        "tail": {
          "x": 0.46812739968299866,
          "y": -0.3936921954154968,
          "z": 1.6563920974731445
        },
        "rotation_quaternion": {
          "w": 0.2907049059867859,
          "x": -0.4712078273296356,
          "y": 0.10017132014036179,
          "z": -0.8266920447349548
        },
        "matrix": [
          [
            -0.3869071900844574,
            0.3862460255622864,
            0.8373271226882935,
            0.45498013496398926
          ],
          [
            -0.5750499367713928,
            -0.8109124302864075,
            0.10834547877311707,
            -0.3660898804664612
          ],
          [
            0.720851480960846,
            -0.439589262008667,
            0.5358624458312988,
            1.671355128288269
          ],
          [
            0.0,
            0.0,
            0.0,
            1.0
          ]
        ]
      },
      "bone_length_armature_space": 0.03403863839513904,
      "parent": "metacarpal_thumb_l",
      "has_children": true,
      "is_end_bone": false
    },
    "thumb_02_l": {
      "name": "thumb_02_l",
      "local": {
        "location": {
          "x": 0.0,
          "y": 0.0,
          "z": 0.0
        },
        "rotation_quaternion": {
          "w": 0.9223557114601135,
          "x": 0.3862462043762207,
          "y": -0.006185839883983135,
          "z": -0.00597310671582818
        },
        "scale": {
          "x": 1.0,
          "y": 1.0,
          "z": 1.0
        },
        "matrix_basis": [
          [
            0.9998521208763123,
            0.006240143906325102,
            -0.016025269404053688,
            0.0
          ],
          [
            -0.015797171741724014,
            0.701556384563446,
            -0.7124388813972473,
            0.0
          ],
          [
            0.006796909961849451,
            0.7125867009162903,
            0.7015511989593506,
            0.0
          ],
          [
            0.0,
            0.0,
            0.0,
            1.0
          ]
        ],
        "rotation_mode": "QUATERNION"
      },
      "armature_space": {
        "head": {
          "x": 0.46812736988067627,
          "y": -0.45693618059158325,
          "z": 0.7065380811691284
        },
        "tail": {
          "x": 0.47801104187965393,
          "y": -0.45967966318130493,
          "z": 0.7453708648681641
        }
      },
      "world_space": {
        "head": {
          "x": 0.46812736988067627,
          "y": -0.3936921954154968,
          "z": 1.6563920974731445
        },
        "tail": {
          "x": 0.47801104187965393,
          "y": -0.3964356780052185,
          "z": 1.6952248811721802
        },
        "rotation_quaternion": {
          "w": 0.22002606093883514,
          "x": 0.05767916887998581,
          "y": -0.6460919976234436,
          "z": -0.7285786271095276
        },
        "matrix": [
          [
            -0.8965226411819458,
            0.2460806965827942,
            -0.3683632016181946,
            0.46812736988067627
          ],
          [
            -0.3951459527015686,
            -0.06830650568008423,
            0.9160753488540649,
            -0.3936921954154968
          ],
          [
            0.20026791095733643,
            0.966846227645874,
            0.1584782600402832,
            1.6563920974731445
          ],
          [
            0.0,
            0.0,
            0.0,
            1.0
          ]
        ]
      },
      "bone_length_armature_space": 0.04016464519436775,
      "parent": "thumb_01_l",
      "has_children": true,
      "is_end_bone": false
    },
    "thumb_03_l": {
      "name": "thumb_03_l",
      "local": {
        "location": {
          "x": 0.0,
          "y": 0.0,
          "z": 0.0
        },
        "rotation_quaternion": {
          "w": 0.9783617258071899,
          "x": 0.20672808587551117,
          "y": -0.006925382185727358,
          "z": 0.004886393900960684
        },
        "scale": {
          "x": 1.0,
          "y": 1.0,
          "z": 1.0
        },
        "matrix_basis": [
          [
            0.9998563528060913,
            -0.01242466364055872,
            -0.011530747637152672,
            0.0
          ],
          [
            0.0066979797556996346,
            0.9144792556762695,
            -0.404577374458313,
            0.0
          ],
          [
            0.015571366995573044,
            0.4044420123100281,
            0.914431095123291,
            0.0
          ],
          [
            0.0,
            0.0,
            0.0,
            1.0
          ]
        ],
        "rotation_mode": "QUATERNION"
      },
      "armature_space": {
        "head": {
          "x": 0.47801101207733154,
          "y": -0.4596797525882721,
          "z": 0.7453708648681641
        },
        "tail": {
          "x": 0.47706273198127747,
          "y": -0.44408804178237915,
          "z": 0.771503210067749
        }
      },
      "world_space": {
        "head": {
          "x": 0.47801101207733154,
          "y": -0.3964357376098633,
          "z": 1.6952248811721802
        },
        "tail": {
          "x": 0.47706273198127747,
          "y": -0.3808440566062927,
          "z": 1.7213572263717651
        },
        "rotation_quaternion": {
          "w": 0.36238035559654236,
          "x": 0.22198177874088287,
          "y": -0.7904078960418701,
          "z": -0.4412027597427368
        },
        "matrix": [
          [
            -0.6388096213340759,
            -0.031147122383117676,
            -0.7687341570854187,
            0.47801101207733154
          ],
          [
            -0.6706785559654236,
            0.5121293067932129,
            0.5365764498710632,
            -0.3964357376098633
          ],
          [
            0.37698042392730713,
            0.8583501577377319,
            -0.34804457426071167,
            1.6952248811721802
          ],
          [
            0.0,
            0.0,
            0.0,
            1.0
          ]
        ]
      },
      "bone_length_armature_space": 0.03044503434315017,
      "parent": "thumb_02_l",
      "has_children": false,
      "is_end_bone": true
    },
    "metacarpal_index_l": {
      "name": "metacarpal_index_l",
      "local": {
        "location": {
          "x": 0.0,
          "y": 0.0,
          "z": 0.0
        },
        "rotation_quaternion": {
          "w": 0.9981549382209778,
          "x": -0.05991624295711517,
          "y": 0.0018950041849166155,
          "z": 0.009654467925429344
        },
        "scale": {
          "x": 1.0,
          "y": 1.0,
          "z": 1.0
        },
        "matrix_basis": [
          [
            0.9998064041137695,
            -0.01950039342045784,
            0.002626096596941352,
            0.0
          ],
          [
            0.019046226516366005,
            0.9926336407661438,
            0.11964797973632812,
            0.0
          ],
          [
            -0.004939934238791466,
            -0.11957480013370514,
            0.9928129315376282,
            0.0
          ],
          [
            0.0,
            0.0,
            0.0,
            1.0
          ]
        ],
        "rotation_mode": "QUATERNION"
      },
      "armature_space": {
        "head": {
          "x": 0.46507561206817627,
          "y": -0.3813348114490509,
          "z": 0.7145907282829285
        },
        "tail": {
          "x": 0.4740256369113922,
          "y": -0.48372983932495117,
          "z": 0.7708437442779541
        }
      },
      "world_space": {
        "head": {
          "x": 0.46507561206817627,
          "y": -0.3180907964706421,
          "z": 1.6644446849822998
        },
        "tail": {
          "x": 0.4740256369113922,
          "y": -0.42048585414886475,
          "z": 1.7206977605819702
        },
        "rotation_quaternion": {
          "w": 0.2508629560470581,
          "x": 0.9617288112640381,
          "y": 0.011110986582934856,
          "z": -0.10964620113372803
        },
        "matrix": [
          [
            0.9757084846496582,
            0.07638387382030487,
            -0.20532478392124176,
            0.46507561206817627
          ],
          [
            -0.033640772104263306,
            -0.8738886117935181,
            -0.4849611222743988,
            -0.3180907964706421
          ],
          [
            -0.21647587418556213,
            0.4800904095172882,
            -0.8500972390174866,
            1.6644446849822998
          ],
          [
            0.0,
            0.0,
            0.0,
            1.0
          ]
        ]
      },
      "bone_length_armature_space": 0.1171718681670792,
      "parent": "lowerarm_l",
      "has_children": true,
      "is_end_bone": false
    },
    "index_01_l": {
      "name": "index_01_l",
      "local": {
        "location": {
          "x": 0.0,
          "y": 0.0,
          "z": 0.0
        },
        "rotation_quaternion": {
          "w": 0.9742040634155273,
          "x": 0.22531864047050476,
          "y": -0.012552015483379364,
          "z": 0.0007797175203450024
        },
        "scale": {
          "x": 1.0,
          "y": 1.0,
          "z": 1.0
        },
        "matrix_basis": [
          [
            0.999683678150177,
            -0.00717561412602663,
            -0.024105079472064972,
            0.0
          ],
          [
            -0.0041371979750692844,
            0.8984618186950684,
            -0.43903225660324097,
            0.0
          ],
          [
            0.024807818233966827,
            0.43899309635162354,
            0.8981479406356812,
            0.0
          ],
          [
            0.0,
            0.0,
            0.0,
            1.0
          ]
        ],
        "rotation_mode": "QUATERNION"
      },
      "armature_space": {
        "head": {
          "x": 0.4740256369113922,
          "y": -0.48372983932495117,
          "z": 0.7708437442779541
        },
        "tail": {
          "x": 0.4832175374031067,
          "y": -0.5106034874916077,
          "z": 0.7733708024024963
        }
      },
      "world_space": {
        "head": {
          "x": 0.4740256369113922,
          "y": -0.42048585414886475,
          "z": 1.7206977605819702
        },
        "tail": {
          "x": 0.4832175374031067,
          "y": -0.44735950231552124,
          "z": 1.7232248783111572
        },
        "rotation_quaternion": {
          "w": 0.07501932233572006,
          "x": 0.9678025245666504,
          "y": 0.1521259844303131,
          "z": -0.18597880005836487
        },
        "matrix": [
          [
            0.8845390677452087,
            0.322360098361969,
            -0.3371564745903015,
            0.4740256369113922
          ],
          [
            0.26655179262161255,
            -0.9424595832824707,
            -0.20179301500320435,
            -0.42048585414886475
          ],
          [
            -0.3828088641166687,
            0.0886237621307373,
            -0.919574499130249,
            1.7206977605819702
          ],
          [
            0.0,
            0.0,
            0.0,
            1.0
          ]
        ]
      },
      "bone_length_armature_space": 0.0285143830265519,
      "parent": "metacarpal_index_l",
      "has_children": true,
      "is_end_bone": false
    },
    "index_02_l": {
      "name": "index_02_l",
      "local": {
        "location": {
          "x": 0.0,
          "y": 0.0,
          "z": 0.0
        },
        "rotation_quaternion": {
          "w": 0.9111311435699463,
          "x": 0.41209545731544495,
          "y": -0.003344920463860035,
          "z": 0.0024925339967012405
        },
        "scale": {
          "x": 1.0,
          "y": 1.0,
          "z": 1.0
        },
        "matrix_basis": [
          [
            0.9999651908874512,
            -0.007298903539776802,
            -0.0040409984067082405,
            0.0
          ],
          [
            0.001785197644494474,
            0.6603422164916992,
            -0.7509626746177673,
            0.0
          ],
          [
            0.0081496462225914,
            0.7509293556213379,
            0.6603322625160217,
            0.0
          ],
          [
            0.0,
            0.0,
            0.0,
            1.0
          ]
        ],
        "rotation_mode": "QUATERNION"
      },
      "armature_space": {
        "head": {
          "x": 0.48321732878685,
          "y": -0.5106039643287659,
          "z": 0.773370623588562
        },
        "tail": {
          "x": 0.48182088136672974,
          "y": -0.5312183499336243,
          "z": 0.7581656575202942
        }
      },
      "world_space": {
        "head": {
          "x": 0.48321732878685,
          "y": -0.44735997915267944,
          "z": 1.7232246398925781
        },
        "tail": {
          "x": 0.48182088136672974,
          "y": -0.46797436475753784,
          "z": 1.708019733428955
        },
        "rotation_quaternion": {
          "w": 0.3074328899383545,
          "x": -0.9108285903930664,
          "y": -0.06079941242933273,
          "z": 0.2686627507209778
        },
        "matrix": [
          [
            0.8482476472854614,
            -0.05443525314331055,
            -0.5267944931983948,
            0.48321732878685
          ],
          [
            0.27594685554504395,
            -0.8035776615142822,
            0.5273675322532654,
            -0.44735997915267944
          ],
          [
            -0.45203062891960144,
            -0.5927106142044067,
            -0.6666157841682434,
            1.7232246398925781
          ],
          [
            0.0,
            0.0,
            0.0,
            1.0
          ]
        ]
      },
      "bone_length_armature_space": 0.02565334176889647,
      "parent": "index_01_l",
      "has_children": true,
      "is_end_bone": false
    },
    "index_03_l": {
      "name": "index_03_l",
      "local": {
        "location": {
          "x": 0.0,
          "y": 0.0,
          "z": 0.0
        },
        "rotation_quaternion": {
          "w": 0.9608289003372192,
          "x": 0.2769598066806793,
          "y": -0.006140206474810839,
          "z": -0.007972817867994308
        },
        "scale": {
          "x": 1.0,
          "y": 1.0,
          "z": 1.0
        },
        "matrix_basis": [
          [
            0.9997974634170532,
            0.011919846758246422,
            -0.016215676441788673,
            0.0
          ],
          [
            -0.018722208216786385,
            0.8464593887329102,
            -0.5321240425109863,
            0.0
          ],
          [
            0.007383075542747974,
            0.5323199033737183,
            0.8465111255645752,
            0.0
          ],
          [
            0.0,
            0.0,
            0.0,
            1.0
          ]
        ],
        "rotation_mode": "QUATERNION"
      },
      "armature_space": {
        "head": {
          "x": 0.4818209409713745,
          "y": -0.531218409538269,
          "z": 0.7581657767295837
        },
        "tail": {
          "x": 0.4743770360946655,
          "y": -0.5394462943077087,
          "z": 0.7311355471611023
        }
      },
      "world_space": {
        "head": {
          "x": 0.4818209409713745,
          "y": -0.4679744243621826,
          "z": 1.708019733428955
        },
        "tail": {
          "x": 0.4743770360946655,
          "y": -0.4762023091316223,
          "z": 1.6809895038604736
        },
        "rotation_quaternion": {
          "w": 0.5989505052566528,
          "x": -0.7636582851409912,
          "y": -0.02146836556494236,
          "z": 0.24004888534545898
        },
        "matrix": [
          [
            0.883831799030304,
            -0.25476548075675964,
            -0.39234623312950134,
            0.4818209409713745
          ],
          [
            0.3203420639038086,
            -0.28159600496292114,
            0.9044804573059082,
            -0.4679744243621826
          ],
          [
            -0.3409156799316406,
            -0.9251004457473755,
            -0.1672717034816742,
            1.708019733428955
          ],
          [
            0.0,
            0.0,
            0.0,
            1.0
          ]
        ]
      },
      "bone_length_armature_space": 0.02921888319117583,
      "parent": "index_02_l",
      "has_children": false,
      "is_end_bone": true
    },
    "metacarpal_pinky_l": {
      "name": "metacarpal_pinky_l",
      "local": {
        "location": {
          "x": 0.0,
          "y": 0.0,
          "z": 0.0
        },
        "rotation_quaternion": {
          "w": 0.9996304512023926,
          "x": -0.02450072392821312,
          "y": -0.0018222472863271832,
          "z": -0.011635973118245602
        },
        "scale": {
          "x": 1.0,
          "y": 1.0,
          "z": 1.0
        },
        "matrix_basis": [
          [
            0.9997225403785706,
            0.023352639749646187,
            -0.00307296821847558,
            0.0
          ],
          [
            -0.02317405305802822,
            0.9985286593437195,
            0.049025747925043106,
            0.0
          ],
          [
            0.0042133270762860775,
            -0.048940930515527725,
            0.9987927675247192,
            0.0
          ],
          [
            0.0,
            0.0,
            0.0,
            1.0
          ]
        ],
        "rotation_mode": "QUATERNION"
      },
      "armature_space": {
        "head": {
          "x": 0.46507561206817627,
          "y": -0.3813348114490509,
          "z": 0.7145907282829285
        },
        "tail": {
          "x": 0.5263383984565735,
          "y": -0.44876450300216675,
          "z": 0.7650223970413208
        }
      },
      "world_space": {
        "head": {
          "x": 0.46507561206817627,
          "y": -0.3180907964706421,
          "z": 1.6644446849822998
        },
        "tail": {
          "x": 0.5263383984565735,
          "y": -0.3855205178260803,
          "z": 1.714876413345337
        },
        "rotation_quaternion": {
          "w": 0.38143783807754517,
          "x": 0.23151814937591553,
          "y": -0.17530232667922974,
          "z": -0.8775954842567444
        },
        "matrix": [
          [
            -0.6018083691596985,
            0.5883254408836365,
            -0.540092408657074,
            0.46507561206817627
          ],
          [
            -0.7506680488586426,
            -0.6475483775138855,
            0.13106846809387207,
            -0.3180907964706421
          ],
          [
            -0.27262741327285767,
            0.4843108355998993,
            0.8313429951667786,
            1.6644446849822998
          ],
          [
            0.0,
            0.0,
            0.0,
            1.0
          ]
        ]
      },
      "bone_length_armature_space": 0.10413090581283814,
      "parent": "lowerarm_l",
      "has_children": true,
      "is_end_bone": false
    },
    "pinky_01_l": {
      "name": "pinky_01_l",
      "local": {
        "location": {
          "x": 0.0,
          "y": 0.0,
          "z": 0.0
        },
        "rotation_quaternion": {
          "w": 0.953270673751831,
          "x": 0.3007984757423401,
          "y": -0.02720440924167633,
          "z": 0.007444756105542183
        },
        "scale": {
          "x": 1.0,
          "y": 1.0,
          "z": 1.0
        },
        "matrix_basis": [
          [
            0.9984089732170105,
            -0.030559824779629707,
            -0.047387588769197464,
            0.0
          ],
          [
            -0.0021723543759435415,
            0.8189297318458557,
            -0.5738897919654846,
            0.0
          ],
          [
            0.056345075368881226,
            0.5730796456336975,
            0.8175603747367859,
            0.0
          ],
          [
            0.0,
            0.0,
            0.0,
            1.0
          ]
        ],
        "rotation_mode": "QUATERNION"
      },
      "armature_space": {
        "head": {
          "x": 0.5263383984565735,
          "y": -0.44876450300216675,
          "z": 0.7650223970413208
        },
        "tail": {
