{
  "metadata": {
    "armature_name": "KIM_caucasian_male",
    "export_time": "2026-01-13T21:12:48.550349",
    "blender_version": "4.4.1",
    "bone_count": 56,
    "end_bone_count": 13,
    "spaces_included": [
      "LOCAL_CHANNELS",
      "ARMATURE_SPACE",
      "WORLD_SPACE"
    ],
    "note": "LOCAL matches Transform panel; replay pose via local.matrix_basis for best fidelity."
  },
  "bones": {
    "Root": {
      "name": "Root",
      "local": {
        "location": {
          "x": 0.0,
          "y": 0.0,
          "z": 0.0
        },
        "rotation_quaternion": {
          "w": 0.9998078942298889,
          "x": -0.003767286892980337,
          "y": 0.01240167673677206,
          "z": -0.01470646820962429
        },
        "scale": {
          "x": 1.0,
          "y": 1.0,
          "z": 1.0
        },
        "matrix_basis": [
          [
            0.9992598295211792,
            0.029313845559954643,
            0.02490939572453499,
            0.0
          ],
          [
            -0.029500726610422134,
            0.9995390772819519,
            0.007168356794863939,
            0.0
          ],
          [
            -0.024687781929969788,
            -0.007897895760834217,
            0.9996640086174011,
            0.0
          ],
          [
            0.0,
            0.0,
            0.0,
            1.0
          ]
        ],
        "rotation_mode": "QUATERNION"
      },
      "armature_space": {
        "head": {
          "x": 0.0,
          "y": 0.07072800397872925,
          "z": -0.009595036506652832
        },
        "tail": {
          "x": 0.002092301147058606,
          "y": 0.00010838359594345093,
          "z": 0.0005541844293475151
        }
      },
      "world_space": {
        "head": {
          "x": 0.0,
          "y": 0.13397200405597687,
          "z": 0.9402589797973633
        },
        "tail": {
          "x": 0.002092301147058606,
          "y": 0.06335238367319107,
          "z": 0.9504082202911377
        },
        "rotation_quaternion": {
          "w": 0.07111344486474991,
          "x": 0.9972827434539795,
          "y": 0.015508534386754036,
          "z": 0.011382759548723698
        },
        "matrix": [
          [
            0.9992598295211792,
            0.029313845559954643,
            0.02490939572453499,
            0.0
          ],
          [
            0.03255172446370125,
            -0.9894046783447266,
            -0.14148782193660736,
            0.13397200405597687
          ],
          [
            0.020498093217611313,
            0.142194002866745,
            -0.9896336197853088,
            0.9402589797973633
          ],
          [
            0.0,
            0.0,
            0.0,
            1.0
          ]
        ]
      },
      "bone_length_armature_space": 0.07137587324897104,
      "parent": null,
      "has_children": true,
      "is_end_bone": false
    },
    "spine_01": {
      "name": "spine_01",
      "local": {
        "location": {
          "x": 0.0,
          "y": 0.0,
          "z": 0.0
        },
        "rotation_quaternion": {
          "w": 0.9989874362945557,
          "x": 0.0050399512983858585,
          "y": -0.03958260640501976,
          "z": -0.02078435942530632
        },
        "scale": {
          "x": 1.0,
          "y": 1.0,
          "z": 1.0
        },
        "matrix_basis": [
          [
            0.9960024356842041,
            0.04112764075398445,
            -0.07929455488920212,
            0.0
          ],
          [
            -0.041925616562366486,
            0.9990852475166321,
            -0.008424297906458378,
            0.0
          ],
          [
            0.07887554913759232,
            0.011715094558894634,
            0.9968156218528748,
            0.0
          ],
          [
            0.0,
            0.0,
            0.0,
            1.0
          ]
        ],
        "rotation_mode": "QUATERNION"
      },
      "armature_space": {
        "head": {
          "x": 0.002092301147058606,
          "y": 0.00010838359594345093,
          "z": 0.0005541844293475151
        },
        "tail": {
          "x": 0.011486894451081753,
          "y": 0.021336475387215614,
          "z": 0.4880064129829407
        }
      },
      "world_space": {
        "head": {
          "x": 0.002092301147058606,
          "y": 0.06335238367319107,
          "z": 0.9504082202911377
        },
        "tail": {
          "x": 0.011486894451081753,
          "y": 0.08458047360181808,
          "z": 1.4378604888916016
        },
        "rotation_quaternion": {
          "w": 0.7222447395324707,
          "x": 0.6911579966545105,
          "y": -0.010600327514111996,
          "z": -0.023471390828490257
        },
        "matrix": [
          [
            0.9986734390258789,
            0.01925116777420044,
            -0.04775706306099892,
            0.002092301147058606
          ],
          [
            -0.04855731874704361,
            0.04350007697939873,
            -0.9978727102279663,
            0.06335238367319107
          ],
          [
            -0.017132949084043503,
            0.9988750219345093,
            0.04437655210494995,
            0.9504082202911377
          ],
          [
            0.0,
            0.0,
            0.0,
            1.0
          ]
        ]
      },
      "bone_length_armature_space": 0.4880046872177015,
      "parent": "Root",
      "has_children": true,
      "is_end_bone": false
    },
    "neck_01": {
      "name": "neck_01",
      "local": {
        "location": {
          "x": 0.0,
          "y": 0.0,
          "z": 0.0
        },
        "rotation_quaternion": {
          "w": 0.9891812801361084,
          "x": -0.14147493243217468,
          "y": -0.03008863888680935,
          "z": 0.024494964629411697
        },
        "scale": {
          "x": 1.0,
          "y": 1.0,
          "z": 1.0
        },
        "matrix_basis": [
          [
            0.996989369392395,
            -0.03994634374976158,
            -0.06645708531141281,
            0.0
          ],
          [
            0.056973498314619064,
            0.958769679069519,
            0.27841466665267944,
            0.0
          ],
          [
            0.052595388144254684,
            -0.28136274218559265,
            0.9581590294837952,
            0.0
          ],
          [
            0.0,
            0.0,
            0.0,
            1.0
          ]
        ],
        "rotation_mode": "QUATERNION"
      },
      "armature_space": {
        "head": {
          "x": 0.011240199208259583,
          "y": -0.010085182264447212,
          "z": 0.5626815557479858
        },
        "tail": {
          "x": 0.008653202094137669,
          "y": -0.016086559742689133,
          "z": 0.6649950742721558
        }
      },
      "world_space": {
        "head": {
          "x": 0.011240199208259583,
          "y": 0.05315881967544556,
          "z": 1.512535572052002
        },
        "tail": {
          "x": 0.008653202094137669,
          "y": 0.04715744033455849,
          "z": 1.6148490905761719
        },
        "rotation_quaternion": {
          "w": 0.6843075752258301,
          "x": 0.7267060279846191,
          "y": -0.04953748732805252,
          "z": -0.03416934236884117
        },
        "matrix": [
          [
            0.9927570819854736,
            -0.025233739987015724,
            -0.11746002733707428,
            0.011240199208259583
          ],
          [
            -0.11876320838928223,
            -0.058537840843200684,
            -0.9911956787109375,
            0.05315881967544556
          ],
          [
            0.01813572458922863,
            0.9979732036590576,
            -0.06111207604408264,
            1.512535572052002
          ],
          [
            0.0,
            0.0,
            0.0,
            1.0
          ]
        ]
      },
      "bone_length_armature_space": 0.10252202452036129,
      "parent": "spine_01",
      "has_children": true,
      "is_end_bone": false
    },
    "head": {
      "name": "head",
      "local": {
        "location": {
          "x": 0.0,
          "y": 0.0,
          "z": 0.0
        },
        "rotation_quaternion": {
          "w": 0.9738680720329285,
          "x": -0.1089068353176117,
          "y": -0.023365486413240433,
          "z": 0.1979253590106964
        },
        "scale": {
          "x": 1.0,
          "y": 1.0,
          "z": 1.0
        },
        "matrix_basis": [
          [
            0.9205592274665833,
            -0.3804170489311218,
            -0.08862064778804779,
            0.0
          ],
          [
            0.3905957043170929,
            0.8979297280311584,
            0.20287252962589264,
            0.0
          ],
          [
            0.002398953540250659,
            -0.22137102484703064,
            0.9751867055892944,
            0.0
          ],
          [
            0.0,
            0.0,
            0.0,
            1.0
          ]
        ],
        "rotation_mode": "QUATERNION"
      },
      "armature_space": {
        "head": {
          "x": 0.0086531862616539,
          "y": -0.01608671061694622,
          "z": 0.664995014667511
        },
        "tail": {
          "x": -0.04317222908139229,
          "y": 0.06582898646593094,
          "z": 0.7860617637634277
        }
      },
      "world_space": {
        "head": {
          "x": 0.0086531862616539,
          "y": 0.04715728759765625,
          "z": 1.6148490905761719
        },
        "tail": {
          "x": -0.04317222908139229,
          "y": 0.12907299399375916,
          "z": 1.7359157800674438
        },
        "rotation_quaternion": {
          "w": 0.8567827343940735,
          "x": 0.47553935647010803,
          "y": -0.17324399948120117,
          "z": 0.09885486960411072
        },
        "matrix": [
          [
            0.9204289317131042,
            -0.33416303992271423,
            -0.20284488797187805,
            0.0086531862616539
          ],
          [
            0.004627189598977566,
            0.5281809568405151,
            -0.8491194248199463,
            0.04715728759765625
          ],
          [
            0.3908858299255371,
            0.7806212902069092,
            0.4877017140388489,
            1.6148490905761719
          ],
          [
            0.0,
            0.0,
            0.0,
            1.0
          ]
        ]
      },
      "bone_length_armature_space": 0.15509098357597084,
      "parent": "neck_01",
      "has_children": false,
      "is_end_bone": true
    },
    "upperarm_l": {
      "name": "upperarm_l",
      "local": {
        "location": {
          "x": 0.0,
          "y": 0.0,
          "z": 0.0
        },
        "rotation_quaternion": {
          "w": 0.809712290763855,
          "x": -0.09722133725881577,
          "y": 0.5479960441589355,
          "z": -0.18604996800422668
        },
        "scale": {
          "x": 1.0,
          "y": 1.0,
          "z": 1.0
        },
        "matrix_basis": [
          [
            0.33017149567604065,
            0.19474007189273834,
            0.9236143231391907,
            0.0
          ],
          [
            -0.40784770250320435,
            0.9118668437004089,
            -0.04646667093038559,
            0.0
          ],
          [
            -0.8512622117996216,
            -0.3613519072532654,
            0.38049668073654175,
            0.0
          ],
          [
            0.0,
            0.0,
            0.0,
            1.0
          ]
        ],
        "rotation_mode": "QUATERNION"
      },
      "armature_space": {
        "head": {
          "x": 0.1595950871706009,
          "y": -0.023474667221307755,
          "z": 0.493120938539505
        },
        "tail": {
          "x": 0.40252748131752014,
          "y": 0.06982928514480591,
          "z": 0.4291999936103821
        }
      },
      "world_space": {
        "head": {
          "x": 0.1595950871706009,
          "y": 0.039769332855939865,
          "z": 1.4429749250411987
        },
        "tail": {
          "x": 0.40252748131752014,
          "y": 0.13307328522205353,
          "z": 1.379054069519043
        },
        "rotation_quaternion": {
          "w": 0.07380467653274536,
          "x": 0.5367963910102844,
          "y": 0.8177088499069214,
          "z": -0.19430622458457947
        },
        "matrix": [
          [
            -0.4128047525882721,
            0.9065675735473633,
            -0.08790569007396698,
            0.1595950871706009
          ],
          [
            0.8492053747177124,
            0.3481888175010681,
            -0.39700794219970703,
            0.039769332855939865
          ],
          [
            -0.32930824160575867,
            -0.23853819072246552,
            -0.9136028289794922,
            1.4429749250411987
          ],
          [
            0.0,
            0.0,
            0.0,
            1.0
          ]
        ]
      },
      "bone_length_armature_space": 0.26796952044540284,
      "parent": "spine_01",
      "has_children": true,
      "is_end_bone": false
    },
    "lowerarm_l": {
      "name": "lowerarm_l",
      "local": {
        "location": {
          "x": 0.0,
          "y": 0.0,
          "z": 0.0
        },
        "rotation_quaternion": {
          "w": 0.9319993257522583,
          "x": 0.12361308187246323,
          "y": -0.16769658029079437,
          "z": 0.2966057062149048
        },
        "scale": {
          "x": 1.0,
          "y": 1.0,
          "z": 1.0
        },
        "matrix_basis": [
          [
            0.767805814743042,
            -0.5943316221237183,
            -0.23925751447677612,
            0.0
          ],
          [
            0.5114136338233948,
            0.7934896945953369,
            -0.32989415526390076,
            0.0
          ],
          [
            0.3859148919582367,
            0.13093508780002594,
            0.9131953120231628,
            0.0
          ],
          [
            0.0,
            0.0,
            0.0,
            1.0
          ]
        ],
        "rotation_mode": "QUATERNION"
      },
      "armature_space": {
        "head": {
          "x": 0.4025276303291321,
          "y": 0.06982920318841934,
          "z": 0.4291999340057373
        },
        "tail": {
          "x": 0.6513330340385437,
          "y": -0.026045888662338257,
          "z": 0.40744757652282715
        }
      },
      "world_space": {
        "head": {
          "x": 0.4025276303291321,
          "y": 0.13307321071624756,
          "z": 1.3790539503097534
        },
        "tail": {
          "x": 0.6513330340385437,
          "y": 0.03719811141490936,
          "z": 1.3573015928268433
        },
        "rotation_quaternion": {
          "w": 0.24288108944892883,
          "x": 0.7109046578407288,
          "y": 0.5116815567016602,
          "z": -0.416899710893631
        },
        "matrix": [
          [
            0.1287514865398407,
            0.9300286173820496,
            -0.344193696975708,
            0.4025276303291321
          ],
          [
            0.5249992609024048,
            -0.3583787679672241,
            -0.7719720602035522,
            0.13307321071624756
          ],
          [
            -0.8413135409355164,
            -0.08130976557731628,
            -0.534410834312439,
            1.3790539503097534
          ],
          [
            0.0,
            0.0,
            0.0,
            1.0
          ]
        ]
      },
      "bone_length_armature_space": 0.2675244425869149,
      "parent": "upperarm_l",
      "has_children": true,
      "is_end_bone": false
    },
    "metacarpal_thumb_l": {
      "name": "metacarpal_thumb_l",
      "local": {
        "location": {
          "x": 0.0,
          "y": 0.0,
          "z": 0.0
        },
        "rotation_quaternion": {
          "w": 0.9999366998672485,
          "x": 0.010197144001722336,
          "y": 0.0005040264222770929,
          "z": 0.004724758677184582
        },
        "scale": {
          "x": 1.0,
          "y": 1.0,
          "z": 1.0
        },
        "matrix_basis": [
          [
            0.9999548196792603,
            -0.009438639506697655,
            0.001104347174987197,
            0.0
          ],
          [
            0.009459198452532291,
            0.9997473955154419,
            -0.02038823440670967,
            0.0
          ],
          [
            -0.0009116309229284525,
            0.020397759974002838,
            0.9997915029525757,
            0.0
          ],
          [
            0.0,
            0.0,
            0.0,
            1.0
          ]
        ],
        "rotation_mode": "QUATERNION"
      },
      "armature_space": {
        "head": {
          "x": 0.6513330340385437,
          "y": -0.026045888662338257,
          "z": 0.40744757652282715
        },
        "tail": {
          "x": 0.6783480048179626,
          "y": -0.05734691768884659,
          "z": 0.3801705837249756
        }
      },
      "world_space": {
        "head": {
          "x": 0.6513330340385437,
          "y": 0.03719811141490936,
          "z": 1.3573015928268433
        },
        "tail": {
          "x": 0.6783480048179626,
          "y": 0.0058970823884010315,
          "z": 1.3300246000289917
        },
        "rotation_quaternion": {
          "w": 0.3296636641025543,
          "x": -0.8999509215354919,
          "y": -0.27452635765075684,
          "z": -0.07775384187698364
        },
        "matrix": [
          [
            0.8371787071228027,
            0.5453857183456421,
            -0.04105505719780922,
            0.6513330340385437
          ],
          [
            0.4428565502166748,
            -0.6319141983985901,
            0.6360524296760559,
            0.03719811141490936
          ],
          [
            0.3209535777568817,
            -0.550675630569458,
            -0.7705579996109009,
            1.3573015928268433
          ],
          [
            0.0,
            0.0,
            0.0,
            1.0
          ]
        ]
      },
      "bone_length_armature_space": 0.04953380036820351,
      "parent": "lowerarm_l",
      "has_children": true,
      "is_end_bone": false
    },
    "thumb_01_l": {
      "name": "thumb_01_l",
      "local": {
        "location": {
          "x": 0.0,
          "y": 0.0,
          "z": 0.0
        },
        "rotation_quaternion": {
          "w": 0.9988503456115723,
          "x": 0.046287890523672104,
          "y": -0.006433491595089436,
          "z": -0.010682672262191772
        },
        "scale": {
          "x": 1.0,
          "y": 1.0,
          "z": 1.0
        },
        "matrix_basis": [
          [
            0.999688982963562,
            0.02074519544839859,
            -0.013841147534549236,
            0.0
          ],
          [
            -0.021936368197202682,
            0.9954866170883179,
            -0.0923318937420845,
            0.0
          ],
          [
            0.011863233521580696,
            0.0926068052649498,
            0.9956321120262146,
            0.0
          ],
          [
            0.0,
            0.0,
            0.0,
            1.0
          ]
        ],
        "rotation_mode": "QUATERNION"
      },
      "armature_space": {
        "head": {
          "x": 0.6783480048179626,
          "y": -0.05734691768884659,
          "z": 0.3801705837249756
        },
        "tail": {
          "x": 0.6891383528709412,
          "y": -0.0565592385828495,
          "z": 0.347896933555603
        }
      },
      "world_space": {
        "head": {
          "x": 0.6783480048179626,
          "y": 0.0058970823884010315,
          "z": 1.3300246000289917
        },
        "tail": {
          "x": 0.6891383528709412,
          "y": 0.006684761494398117,
          "z": 1.2977509498596191
        },
        "rotation_quaternion": {
          "w": 0.6618133783340454,
          "x": -0.5292591452598572,
          "y": 0.2712455689907074,
          "z": -0.4564139246940613
        },
        "matrix": [
          [
            0.4362221956253052,
            0.3170033097267151,
            0.8421511650085449,
            0.6783480048179626
          ],
          [
            -0.8912410140037537,
            0.023140788078308105,
            0.45293936133384705,
            0.0058970823884010315
          ],
          [
            0.12409547716379166,
            -0.9481489062309265,
            0.2926235795021057,
            1.3300246000289917
          ],
          [
            0.0,
            0.0,
            0.0,
            1.0
          ]
        ]
      },
      "bone_length_armature_space": 0.03403880933508505,
      "parent": "metacarpal_thumb_l",
      "has_children": true,
      "is_end_bone": false
    },
    "thumb_02_l": {
      "name": "thumb_02_l",
      "local": {
        "location": {
          "x": 0.0,
          "y": 0.0,
          "z": 0.0
        },
        "rotation_quaternion": {
          "w": 0.9878206253051758,
          "x": 0.1553647369146347,
          "y": 0.0031683396082371473,
          "z": 0.007892695255577564
        },
        "scale": {
          "x": 1.0,
          "y": 1.0,
          "z": 1.0
        },
        "matrix_basis": [
          [
            0.9998553395271301,
            -0.014608637429773808,
            0.00871199555695057,
            0.0
          ],
          [
            0.01657763123512268,
            0.9515990018844604,
            -0.3068949580192566,
            0.0
          ],
          [
            -0.003807009430602193,
            0.3069950044155121,
            0.9517035484313965,
            0.0
          ],
          [
            0.0,
            0.0,
            0.0,
            1.0
          ]
        ],
        "rotation_mode": "QUATERNION"
      },
      "armature_space": {
        "head": {
          "x": 0.6891382932662964,
          "y": -0.05655922740697861,
          "z": 0.3478969633579254
        },
        "tail": {
          "x": 0.7275637984275818,
          "y": -0.06752365082502365,
          "z": 0.3519516587257385
        }
      },
      "world_space": {
        "head": {
          "x": 0.6891382932662964,
          "y": 0.0066847726702690125,
          "z": 1.2977509498596191
        },
        "tail": {
          "x": 0.7275637984275818,
          "y": -0.0042796507477760315,
          "z": 1.3018057346343994
        },
        "rotation_quaternion": {
          "w": 0.601952075958252,
          "x": 0.03877722844481468,
          "y": -0.03405096381902695,
          "z": -0.7968629598617554
        },
        "matrix": [
          [
            -0.2723000645637512,
            0.956705629825592,
            -0.10279396176338196,
            0.6891382932662964
          ],
          [
            -0.9619874358177185,
            -0.27298855781555176,
            0.0075836181640625,
            0.0066847726702690125
          ],
          [
            -0.020807325839996338,
            0.10095222294330597,
            0.9946809411048889,
            1.2977509498596191
          ],
          [
            0.0,
            0.0,
            0.0,
            1.0
          ]
        ]
      },
      "bone_length_armature_space": 0.040164393769797566,
      "parent": "thumb_01_l",
      "has_children": true,
      "is_end_bone": false
    },
    "thumb_03_l": {
      "name": "thumb_03_l",
      "local": {
        "location": {
          "x": 0.0,
          "y": 0.0,
          "z": 0.0
        },
        "rotation_quaternion": {
          "w": 0.9987966418266296,
          "x": 0.0481962189078331,
          "y": 0.0054887146688997746,
          "z": -0.0072451746091246605
        },
        "scale": {
          "x": 1.0,
          "y": 1.0,
          "z": 1.0
        },
        "matrix_basis": [
          [
            0.9998347759246826,
            0.01500198245048523,
            0.010265839286148548,
            0.0
          ],
          [
            -0.013943841680884361,
            0.9952492713928223,
            -0.09635597467422485,
            0.0
          ],
          [
            -0.011662599630653858,
            0.09619691222906113,
            0.9952939748764038,
            0.0
          ],
          [
            0.0,
            0.0,
            0.0,
            1.0
          ]
        ],
        "rotation_mode": "QUATERNION"
      },
      "armature_space": {
        "head": {
          "x": 0.727563738822937,
          "y": -0.06752368807792664,
          "z": 0.35195159912109375
        },
        "tail": {
          "x": 0.7544576525688171,
          "y": -0.07196243107318878,
          "z": 0.3655128479003906
        }
      },
      "world_space": {
        "head": {
          "x": 0.727563738822937,
          "y": -0.004279688000679016,
          "z": 1.3018056154251099
        },
        "tail": {
          "x": 0.7544576525688171,
          "y": -0.008718430995941162,
          "z": 1.3153668642044067
        },
        "rotation_quaternion": {
          "w": 0.6517407298088074,
          "x": 0.28988561034202576,
          "y": -0.048323411494493484,
          "z": -0.6991890668869019
        },
        "matrix": [
          [
            0.01760110631585121,
            0.8833644390106201,
            -0.4683557450771332,
            0.727563738822937
          ],
          [
            -0.9393959641456604,
            -0.14579598605632782,
            -0.3102884292602539,
            -0.004279688000679016
          ],
          [
            -0.3423854410648346,
            0.4454362690448761,
            0.8272686004638672,
            1.3018056154251099
          ],
          [
            0.0,
            0.0,
            0.0,
            1.0
          ]
        ]
      },
      "bone_length_armature_space": 0.03044490897197451,
      "parent": "thumb_02_l",
      "has_children": false,
      "is_end_bone": true
    },
    "metacarpal_index_l": {
      "name": "metacarpal_index_l",
      "local": {
        "location": {
          "x": 0.0,
          "y": 0.0,
          "z": 0.0
        },
        "rotation_quaternion": {
          "w": 0.9996154308319092,
          "x": 0.017669454216957092,
          "y": 0.017036428675055504,
          "z": -0.012910868972539902
        },
        "scale": {
          "x": 1.0,
          "y": 1.0,
          "z": 1.0
        },
        "matrix_basis": [
          [
            0.9990861415863037,
            0.02641385607421398,
            0.033603496849536896,
            0.0
          ],
          [
            -0.025209758430719376,
            0.9990422129631042,
            -0.03576522693037987,
            0.0
          ],
          [
            -0.03451601043343544,
            0.034885406494140625,
            0.9987950921058655,
            0.0
          ],
          [
            0.0,
            0.0,
            0.0,
            1.0
          ]
        ],
        "rotation_mode": "QUATERNION"
      },
      "armature_space": {
        "head": {
          "x": 0.6513330340385437,
          "y": -0.026045888662338257,
          "z": 0.40744757652282715
        },
        "tail": {
          "x": 0.7438610196113586,
          "y": -0.08749935775995255,
          "z": 0.370147705078125
        }
      },
      "world_space": {
        "head": {
          "x": 0.6513330340385437,
          "y": 0.03719811141490936,
          "z": 1.3573015928268433
        },
        "tail": {
          "x": 0.7438610196113586,
          "y": -0.024255357682704926,
          "z": 1.3200017213821411
        },
        "rotation_quaternion": {
          "w": 0.12943848967552185,
          "x": -0.867343544960022,
          "y": -0.4701159596443176,
          "z": 0.09975966066122055
        },
        "matrix": [
          [
            0.5380772352218628,
            0.7896783947944641,
            -0.29475462436676025,
            0.6513330340385437
          ],
          [
            0.8413298726081848,
            -0.5244734883308411,
            0.13073650002479553,
            0.03719811141490936
          ],
          [
            -0.05135076493024826,
            -0.31833499670028687,
            -0.94659423828125,
            1.3573015928268433
          ],
          [
            0.0,
            0.0,
            0.0,
            1.0
          ]
        ]
      },
      "bone_length_armature_space": 0.11717182690397772,
      "parent": "lowerarm_l",
      "has_children": true,
      "is_end_bone": false
    },
    "index_01_l": {
      "name": "index_01_l",
      "local": {
        "location": {
          "x": 0.0,
          "y": 0.0,
          "z": 0.0
        },
        "rotation_quaternion": {
          "w": 0.9987525939941406,
          "x": -0.049780771136283875,
          "y": -0.0038626817986369133,
          "z": 0.000610272865742445
        },
        "scale": {
          "x": 1.0,
          "y": 1.0,
          "z": 1.0
        },
        "matrix_basis": [
          [
            0.9999694228172302,
            -0.0008344486705027521,
            -0.007776486687362194,
            0.0
          ],
          [
            0.0016035977751016617,
            0.9950429797172546,
            0.09943263232707977,
            0.0
          ],
          [
            0.007654967252165079,
            -0.09944206476211548,
            0.9950138926506042,
            0.0
          ],
          [
            0.0,
            0.0,
            0.0,
            1.0
          ]
        ],
        "rotation_mode": "QUATERNION"
      },
      "armature_space": {
        "head": {
          "x": 0.7438610196113586,
          "y": -0.08749935775995255,
          "z": 0.370147705078125
        },
        "tail": {
          "x": 0.7715176343917847,
          "y": -0.0939570888876915,
          "z": 0.3676025867462158
        }
      },
      "world_space": {
        "head": {
          "x": 0.7438610196113586,
          "y": -0.024255357682704926,
          "z": 1.3200017213821411
        },
        "tail": {
          "x": 0.7715176343917847,
          "y": -0.030713088810443878,
          "z": 1.317456603050232
        },
        "rotation_quaternion": {
          "w": 0.055255211889743805,
          "x": -0.7830911874771118,
          "y": -0.6194436550140381,
          "z": 0.002192190382629633
        },
        "matrix": [
          [
            0.23256933689117432,
            0.969918966293335,
            -0.07188917696475983,
            0.7438610196113586
          ],
          [
            0.9704041481018066,
            -0.2264728993177414,
            0.08382301032543182,
            -0.024255357682704926
          ],
          [
            0.06502193957567215,
            -0.08925700187683105,
            -0.9938913583755493,
            1.3200017213821411
          ],
          [
            0.0,
            0.0,
            0.0,
            1.0
          ]
        ]
      },
      "bone_length_armature_space": 0.02851435221500126,
      "parent": "metacarpal_index_l",
      "has_children": true,
      "is_end_bone": false
    },
    "index_02_l": {
      "name": "index_02_l",
      "local": {
        "location": {
          "x": 0.0,
          "y": 0.0,
          "z": 0.0
        },
        "rotation_quaternion": {
          "w": 0.9892854690551758,
          "x": 0.14588473737239838,
          "y": 0.004927547182887793,
          "z": -0.0027955484110862017
        },
        "scale": {
          "x": 1.0,
          "y": 1.0,
          "z": 1.0
        },
        "matrix_basis": [
          [
            0.9999358057975769,
            0.006968898698687553,
            0.008933845907449722,
            0.0
          ],
          [
            -0.004093483090400696,
            0.9574196338653564,
            -0.2886708378791809,
            0.0
          ],
          [
            -0.010565157048404217,
            0.28861576318740845,
            0.9573867321014404,
            0.0
          ],
          [
            0.0,
            0.0,
            0.0,
            1.0
          ]
        ],
        "rotation_mode": "QUATERNION"
      },
      "armature_space": {
        "head": {
          "x": 0.7715179920196533,
          "y": -0.09395737946033478,
          "z": 0.36760222911834717
        },
        "tail": {
          "x": 0.7952084541320801,
          "y": -0.09857691079378128,
          "z": 0.3589123785495758
        }
      },
      "world_space": {
        "head": {
          "x": 0.7715179920196533,
          "y": -0.030713379383087158,
          "z": 1.3174562454223633
        },
        "tail": {
          "x": 0.7952084541320801,
          "y": -0.03533291071653366,
          "z": 1.3087663650512695
        },
        "rotation_quaternion": {
          "w": 0.13690946996212006,
          "x": -0.761038601398468,
          "y": -0.6254741549491882,
          "z": 0.1042032241821289
        },
        "matrix": [
          [
            0.1958465278148651,
            0.9234865307807922,
            -0.32987266778945923,
            0.7715179920196533
          ],
          [
            0.9805530309677124,
            -0.1800757348537445,
            0.078031525015831,
            -0.030713379383087158
          ],
          [
            0.012659972533583641,
            -0.3387424945831299,
            -0.9408017992973328,
            1.3174562454223633
          ],
          [
            0.0,
            0.0,
            0.0,
            1.0
          ]
        ]
      },
      "bone_length_armature_space": 0.02565329508576844,
      "parent": "index_01_l",
      "has_children": true,
      "is_end_bone": false
    },
    "index_03_l": {
      "name": "index_03_l",
      "local": {
        "location": {
          "x": 0.0,
          "y": 0.0,
          "z": 0.0
        },
        "rotation_quaternion": {
          "w": 0.970958948135376,
          "x": 0.23909449577331543,
          "y": 0.0057980697602033615,
          "z": -0.0062505039386451244
        },
        "scale": {
          "x": 1.0,
          "y": 1.0,
          "z": 1.0
        },
        "matrix_basis": [
          [
            0.9998546242713928,
            0.01491053868085146,
            0.008270453661680222,
            0.0
          ],
          [
            -0.009365391917526722,
            0.8855894804000854,
            -0.4643743634223938,
            0.0
          ],
          [
            -0.014248297549784184,
            0.46422940492630005,
            0.8856003880500793,
            0.0
          ],
          [
            0.0,
            0.0,
            0.0,
            1.0
          ]
        ],
        "rotation_mode": "QUATERNION"
      },
      "armature_space": {
        "head": {
          "x": 0.7952084541320801,
          "y": -0.09857694059610367,
          "z": 0.35891249775886536
        },
        "tail": {
          "x": 0.8132349848747253,
          "y": -0.09811671078205109,
          "z": 0.3359218239784241
        }
      },
      "world_space": {
        "head": {
          "x": 0.7952084541320801,
          "y": -0.03533294051885605,
          "z": 1.308766484260559
        },
        "tail": {
          "x": 0.8132349848747253,
          "y": -0.03487271070480347,
          "z": 1.285775899887085
        },
        "rotation_quaternion": {
          "w": 0.371130108833313,
          "x": -0.6570206880569458,
          "y": -0.6083890199661255,
          "z": 0.24586397409439087
        },
        "matrix": [
          [
            0.13882306218147278,
            0.6169523596763611,
            -0.7746593952178955,
            0.7952084541320801
          ],
          [
            0.9819443225860596,
            0.015751220285892487,
            0.18851421773433685,
            -0.03533294051885605
          ],
          [
            0.12850798666477203,
            -0.7868484258651733,
            -0.6036306619644165,
            1.308766484260559
          ],
          [
            0.0,
            0.0,
            0.0,
            1.0
          ]
        ]
      },
      "bone_length_armature_space": 0.029218807508818237,
      "parent": "index_02_l",
      "has_children": false,
      "is_end_bone": true
    },
    "metacarpal_pinky_l": {
      "name": "metacarpal_pinky_l",
      "local": {
        "location": {
          "x": 0.0,
          "y": 0.0,
          "z": 0.0
        },
        "rotation_quaternion": {
          "w": 0.9994930028915405,
          "x": -0.02742738090455532,
          "y": 0.012271372601389885,
          "z": -0.010536161251366138
        },
        "scale": {
          "x": 1.0,
          "y": 1.0,
          "z": 1.0
        },
        "matrix_basis": [
          [
            0.9994767904281616,
            0.020388495177030563,
            0.02510826103389263,
            0.0
          ],
          [
            -0.021734781563282013,
            0.9982734322547913,
            0.05456836521625519,
            0.0
          ],
          [
            -0.023952342569828033,
            -0.05508553609251976,
            0.9981942772865295,
            0.0
          ],
          [
            0.0,
            0.0,
            0.0,
            1.0
          ]
        ],
        "rotation_mode": "QUATERNION"
      },
      "armature_space": {
        "head": {
          "x": 0.6513330340385437,
          "y": -0.026045888662338257,
          "z": 0.40744757652282715
        },
        "tail": {
          "x": 0.7551097273826599,
          "y": -0.03410207852721214,
          "z": 0.4103982150554657
        }
      },
      "world_space": {
        "head": {
          "x": 0.6513330340385437,
          "y": 0.03719811141490936,
          "z": 1.3573015928268433
        },
        "tail": {
          "x": 0.7551097273826599,
          "y": 0.029141921550035477,
          "z": 1.3602522611618042
        },
        "rotation_quaternion": {
          "w": 0.6216313242912292,
          "x": 0.3146918714046478,
          "y": 0.2736600339412689,
          "z": -0.6630639433860779
        },
        "matrix": [
          [
            -0.029085561633110046,
            0.9965997338294983,
            -0.07708705961704254,
            0.6513330340385437
          ],
          [
            -0.652125895023346,
            -0.07736609876155853,
            -0.7541530132293701,
            0.03719811141490936
          ],
          [
            -0.7575588226318359,
            0.028335757553577423,
            0.6521627306938171,
            1.3573015928268433
          ],
          [
            0.0,
            0.0,
            0.0,
            1.0
          ]
        ]
      },
      "bone_length_armature_space": 0.10413073694232432,
      "parent": "lowerarm_l",
      "has_children": true,
      "is_end_bone": false
    },
    "pinky_01_l": {
      "name": "pinky_01_l",
      "local": {
        "location": {
          "x": 0.0,
          "y": 0.0,
          "z": 0.0
        },
        "rotation_quaternion": {
          "w": 0.9985251426696777,
          "x": 0.053423088043928146,
          "y": -0.00967197772115469,
          "z": -0.0003553251444827765
        },
        "scale": {
          "x": 1.0,
          "y": 1.0,
          "z": 1.0
        },
        "matrix_basis": [
          [
            0.999812662601471,
            -0.00032381166238337755,
            -0.019353391602635384,
            0.0
          ],
          [
            -0.0017430160660296679,
            0.9942917227745056,
            -0.1066817194223404,
            0.0
          ],
          [
            0.019277460873126984,
            0.10669546574354172,
            0.9941048622131348,
            0.0
          ],
          [
            0.0,
            0.0,
            0.0,
            1.0
          ]
        ],
        "rotation_mode": "QUATERNION"
      },
      "armature_space": {
        "head": {
          "x": 0.7551097273826599,
          "y": -0.03410207852721214,
          "z": 0.4103982150554657
