{
  "metadata": {
    "armature_name": "KIM_caucasian_male",
    "export_time": "2026-01-13T21:00:57.356209",
    "blender_version": "4.4.1",
    "bone_count": 56,
    "end_bone_count": 13,
    "spaces_included": [
      "LOCAL_CHANNELS",
      "ARMATURE_SPACE",
      "WORLD_SPACE"
    ],
    "note": "LOCAL matches Transform panel; replay pose via local.matrix_basis for best fidelity."
  },
  "bones": {
    "Root": {
      "name": "Root",
      "local": {
        "location": {
          "x": 0.0,
          "y": 0.0,
          "z": 0.0
        },
        "rotation_quaternion": {
          "w": 0.9996569752693176,
          "x": -0.013146751560270786,
          "y": -0.004887561313807964,
          "z": -0.02212185226380825
        },
        "scale": {
          "x": 1.0,
          "y": 1.0,
          "z": 1.0
        },
        "matrix_basis": [
          [
            0.9989734888076782,
            0.04435703903436661,
            -0.009190108627080917,
            0.0
          ],
          [
            -0.044100016355514526,
            0.9986755847930908,
            0.026500727981328964,
            0.0
          ],
          [
            0.010353430174291134,
            -0.02606824040412903,
            0.9996065497398376,
            0.0
          ],
          [
            0.0,
            0.0,
            0.0,
            1.0
          ]
        ],
        "rotation_mode": "QUATERNION"
      },
      "armature_space": {
        "head": {
          "x": 0.0,
          "y": 0.07072800397872925,
          "z": -0.009595036506652832
        },
        "tail": {
          "x": 0.0031660222448408604,
          "y": 0.0003437995910644531,
          "z": 0.001831059344112873
        }
      },
      "world_space": {
        "head": {
          "x": 0.0,
          "y": 0.13397200405597687,
          "z": 0.9402589797973633
        },
        "tail": {
          "x": 0.0031660222448408604,
          "y": 0.06358779966831207,
          "z": 0.9516850709915161
        },
        "rotation_quaternion": {
          "w": 0.08046143501996994,
          "x": 0.9965003132820129,
          "y": 0.021742334589362144,
          "z": -0.006366764660924673
        },
        "matrix": [
          [
            0.9989734888076782,
            0.04435703903436661,
            -0.009190108627080917,
            0.0
          ],
          [
            0.04230791702866554,
            -0.9861064553260803,
            -0.1606369912624359,
            0.13397200405597687
          ],
          [
            -0.01618787832558155,
            0.16008345782756805,
            -0.9869778156280518,
            0.9402589797973633
          ],
          [
            0.0,
            0.0,
            0.0,
            1.0
          ]
        ]
      },
      "bone_length_armature_space": 0.07137587526544423,
      "parent": null,
      "has_children": true,
      "is_end_bone": false
    },
    "spine_01": {
      "name": "spine_01",
      "local": {
        "location": {
          "x": 0.0,
          "y": 0.0,
          "z": 0.0
        },
        "rotation_quaternion": {
          "w": 0.9984683394432068,
          "x": -0.03211616724729538,
          "y": 0.0047680288553237915,
          "z": 0.0447973906993866
        },
        "scale": {
          "x": 1.0,
          "y": 1.0,
          "z": 1.0
        },
        "matrix_basis": [
          [
            0.9959409236907959,
            -0.0897638127207756,
            0.006644010543823242,
            0.0
          ],
          [
            0.0891512930393219,
            0.9939234852790833,
            0.0645611435174942,
            0.0
          ],
          [
            -0.012398893013596535,
            -0.06370676308870316,
            0.9978916645050049,
            0.0
          ],
          [
            0.0,
            0.0,
            0.0,
            1.0
          ]
        ],
        "rotation_mode": "QUATERNION"
      },
      "armature_space": {
        "head": {
          "x": 0.0031660222448408604,
          "y": 0.0003437995910644531,
          "z": 0.001831059344112873
        },
        "tail": {
          "x": -0.03560951352119446,
          "y": 0.06500539928674698,
          "z": 0.4839760959148407
        }
      },
      "world_space": {
        "head": {
          "x": 0.0031660222448408604,
          "y": 0.06358779966831207,
          "z": 0.9516850709915161
        },
        "tail": {
          "x": -0.03560951352119446,
          "y": 0.1282494068145752,
          "z": 1.4338301420211792
        },
        "rotation_quaternion": {
          "w": 0.7524639964103699,
          "x": 0.6569401621818542,
          "y": -0.007015806157141924,
          "z": 0.04667327180504799
        },
        "matrix": [
          [
            0.9955447912216187,
            -0.07945787161588669,
            0.05076531693339348,
            0.0031660222448408604
          ],
          [
            0.06102252006530762,
            0.132502943277359,
            -0.9893025755882263,
            0.06358779966831207
          ],
          [
            0.07188187539577484,
            0.987999677658081,
            0.1367613822221756,
            0.9516850709915161
          ],
          [
            0.0,
            0.0,
            0.0,
            1.0
          ]
        ]
      },
      "bone_length_armature_space": 0.48800461204346224,
      "parent": "Root",
      "has_children": true,
      "is_end_bone": false
    },
    "neck_01": {
      "name": "neck_01",
      "local": {
        "location": {
          "x": 0.0,
          "y": 0.0,
          "z": 0.0
        },
        "rotation_quaternion": {
          "w": 0.9933885335922241,
          "x": 0.035703226923942566,
          "y": 0.03904671221971512,
          "z": -0.10188258439302444
        },
        "scale": {
          "x": 1.0,
          "y": 1.0,
          "z": 1.0
        },
        "matrix_basis": [
          [
            0.9761905670166016,
            0.20520617067813873,
            0.07030203938484192,
            0.0
          ],
          [
            -0.1996297985315323,
            0.976690411567688,
            -0.07889071106910706,
            0.0
          ],
          [
            -0.0848521888256073,
            0.06297799199819565,
            0.9944012761116028,
            0.0
          ],
          [
            0.0,
            0.0,
            0.0,
            1.0
          ]
        ],
        "rotation_mode": "QUATERNION"
      },
      "armature_space": {
        "head": {
          "x": -0.039666738361120224,
          "y": 0.040397610515356064,
          "z": 0.5610588788986206
        },
        "tail": {
          "x": -0.02366139180958271,
          "y": 0.01005152054131031,
          "z": 0.6576699018478394
        }
      },
      "world_space": {
        "head": {
          "x": -0.039666738361120224,
          "y": 0.10364161431789398,
          "z": 1.5109128952026367
        },
        "tail": {
          "x": -0.02366139180958271,
          "y": 0.07329551875591278,
          "z": 1.6075239181518555
        },
        "rotation_quaternion": {
          "w": 0.5834507346153259,
          "x": 0.8048496842384338,
          "y": 0.10763926059007645,
          "z": 0.014696906320750713
        },
        "matrix": [
          [
            0.9763955473899841,
            0.15611721575260162,
            0.14926272630691528,
            -0.039666738361120224
          ],
          [
            0.19041743874549866,
            -0.2959977984428406,
            -0.9360166788101196,
            0.10364161431789398
          ],
          [
            -0.1019473448395729,
            0.9423505067825317,
            -0.3187413215637207,
            1.5109128952026367
          ],
          [
            0.0,
            0.0,
            0.0,
            1.0
          ]
        ]
      },
      "bone_length_armature_space": 0.10252192941647978,
      "parent": "spine_01",
      "has_children": true,
      "is_end_bone": false
    },
    "head": {
      "name": "head",
      "local": {
        "location": {
          "x": 0.0,
          "y": 0.0,
          "z": 0.0
        },
        "rotation_quaternion": {
          "w": 0.968023419380188,
          "x": -0.12432719022035599,
          "y": 0.018129687756299973,
          "z": 0.2171284705400467
        },
        "scale": {
          "x": 1.0,
          "y": 1.0,
          "z": 1.0
        },
        "matrix_basis": [
          [
            0.9050530791282654,
            -0.42487892508506775,
            -0.0188900213688612,
            0.0
          ],
          [
            0.4158628582954407,
            0.8747959733009338,
            0.24857620894908905,
            0.0
          ],
          [
            -0.08908987045288086,
            -0.23283031582832336,
            0.9684281349182129,
            0.0
          ],
          [
            0.0,
            0.0,
            0.0,
            1.0
          ]
        ],
        "rotation_mode": "QUATERNION"
      },
      "armature_space": {
        "head": {
          "x": -0.023661382496356964,
          "y": 0.010051397606730461,
          "z": 0.6576697826385498
        },
        "tail": {
          "x": -0.0826556384563446,
          "y": 0.04154226928949356,
          "z": 0.7976028323173523
        }
      },
      "world_space": {
        "head": {
          "x": -0.023661382496356964,
          "y": 0.07329539954662323,
          "z": 1.607523798942566
        },
        "tail": {
          "x": -0.0826556384563446,
          "y": 0.10478626936674118,
          "z": 1.7474567890167236
        },
        "rotation_quaternion": {
          "w": 0.7744938135147095,
          "x": 0.5938281416893005,
          "y": -0.041029613465070724,
          "z": 0.21411234140396118
        },
        "matrix": [
          [
            0.9049445986747742,
            -0.38038671016693115,
            0.19073930382728577,
            -0.023661382496356964
          ],
          [
            0.282930463552475,
            0.2030487209558487,
            -0.9374018907546997,
            0.07329539954662323
          ],
          [
            0.31784817576408386,
            0.9022688269615173,
            0.2913718521595001,
            1.607523798942566
          ],
          [
            0.0,
            0.0,
            0.0,
            1.0
          ]
        ]
      },
      "bone_length_armature_space": 0.15509111943921405,
      "parent": "neck_01",
      "has_children": false,
      "is_end_bone": true
    },
    "upperarm_l": {
      "name": "upperarm_l",
      "local": {
        "location": {
          "x": 0.0,
          "y": 0.0,
          "z": 0.0
        },
        "rotation_quaternion": {
          "w": 0.9146533608436584,
          "x": -0.11345747858285904,
          "y": 0.35831964015960693,
          "z": -0.1488075852394104
        },
        "scale": {
          "x": 1.0,
          "y": 1.0,
          "z": 1.0
        },
        "matrix_basis": [
          [
            0.6989266872406006,
            0.19090662896633148,
            0.6892431974411011,
            0.0
          ],
          [
            -0.35352280735969543,
            0.9299674034118652,
            0.10090716928243637,
            0.0
          ],
          [
            -0.6217098832130432,
            -0.3141898810863495,
            0.7174688577651978,
            0.0
          ],
          [
            0.0,
            0.0,
            0.0,
            1.0
          ]
        ],
        "rotation_mode": "QUATERNION"
      },
      "armature_space": {
        "head": {
          "x": 0.11516706645488739,
          "y": 0.03749075531959534,
          "z": 0.5058760643005371
        },
        "tail": {
          "x": 0.3581131100654602,
          "y": 0.13925780355930328,
          "z": 0.45659786462783813
        }
      },
      "world_space": {
        "head": {
          "x": 0.11516706645488739,
          "y": 0.10073475539684296,
          "z": 1.4557300806045532
        },
        "tail": {
          "x": 0.3581131100654602,
          "y": 0.2025018036365509,
          "z": 1.406451940536499
        },
        "rotation_quaternion": {
          "w": 0.321453720331192,
          "x": 0.460392028093338,
          "y": 0.7658681273460388,
          "z": -0.3132934868335724
        },
        "matrix": [
          [
            -0.36941277980804443,
            0.9066185355186462,
            0.20390498638153076,
            0.11516706645488739
          ],
          [
            0.5037811994552612,
            0.3797711133956909,
            -0.7758730053901672,
            0.10073475539684296
          ],
          [
            -0.7808628678321838,
            -0.1838948279619217,
            -0.5970343351364136,
            1.4557300806045532
          ],
          [
            0.0,
            0.0,
            0.0,
            1.0
          ]
        ]
      },
      "bone_length_armature_space": 0.2679695017646999,
      "parent": "spine_01",
      "has_children": true,
      "is_end_bone": false
    },
    "lowerarm_l": {
      "name": "lowerarm_l",
      "local": {
        "location": {
          "x": 0.0,
          "y": 0.0,
          "z": 0.0
        },
        "rotation_quaternion": {
          "w": 0.8781190514564514,
          "x": 0.44091612100601196,
          "y": -0.07339031994342804,
          "z": 0.17062771320343018
        },
        "scale": {
          "x": 1.0,
          "y": 1.0,
          "z": 1.0
        },
        "matrix_basis": [
          [
            0.9310001134872437,
            -0.3643808364868164,
            0.021574143320322037,
            0.0
          ],
          [
            0.23494493961334229,
            0.5529583096504211,
            -0.7993985414505005,
            0.0
          ],
          [
            0.27935588359832764,
            0.7493088245391846,
            0.6004136800765991,
            0.0
          ],
          [
            0.0,
            0.0,
            0.0,
            1.0
          ]
        ],
        "rotation_mode": "QUATERNION"
      },
      "armature_space": {
        "head": {
          "x": 0.35811325907707214,
          "y": 0.1392577439546585,
          "z": 0.4565978944301605
        },
        "tail": {
          "x": 0.5539675951004028,
          "y": -0.03937092423439026,
          "z": 0.4205106794834137
        }
      },
      "world_space": {
        "head": {
          "x": 0.35811325907707214,
          "y": 0.20250174403190613,
          "z": 1.406451940536499
        },
        "tail": {
          "x": 0.5539675951004028,
          "y": 0.02387307584285736,
          "z": 1.3703646659851074
        },
        "rotation_quaternion": {
          "w": 0.21781663596630096,
          "x": 0.6706433296203613,
          "y": 0.34452953934669495,
          "z": -0.6197522878646851
        },
        "matrix": [
          [
            -0.005587853491306305,
            0.7320987582206726,
            -0.6811755299568176,
            0.35811325907707214
          ],
          [
            0.19212780892848969,
            -0.6677095890045166,
            -0.719201922416687,
            0.20250174403190613
          ],
          [
            -0.9813607931137085,
            -0.13489310443401337,
            -0.13692709803581238,
            1.406451940536499
          ],
          [
            0.0,
            0.0,
            0.0,
            1.0
          ]
        ]
      },
      "bone_length_armature_space": 0.26752459576238236,
      "parent": "upperarm_l",
      "has_children": true,
      "is_end_bone": false
    },
    "metacarpal_thumb_l": {
      "name": "metacarpal_thumb_l",
      "local": {
        "location": {
          "x": 0.0,
          "y": 0.0,
          "z": 0.0
        },
        "rotation_quaternion": {
          "w": 0.9986847639083862,
          "x": -0.04779589921236038,
          "y": 0.00899933185428381,
          "z": 0.016225114464759827
        },
        "scale": {
          "x": 1.0,
          "y": 1.0,
          "z": 1.0
        },
        "matrix_basis": [
          [
            0.9993115067481995,
            -0.03326781094074249,
            0.01642400398850441,
            0.0
          ],
          [
            0.03154728561639786,
            0.9949045777320862,
            0.0957581028342247,
            0.0
          ],
          [
            -0.019525978714227676,
            -0.09517404437065125,
            0.9952691197395325,
            0.0
          ],
          [
            0.0,
            0.0,
            0.0,
            1.0
          ]
        ],
        "rotation_mode": "QUATERNION"
      },
      "armature_space": {
        "head": {
          "x": 0.5539675951004028,
          "y": -0.03937092423439026,
          "z": 0.4205106794834137
        },
        "tail": {
          "x": 0.5615053176879883,
          "y": -0.08640509843826294,
          "z": 0.4069254696369171
        }
      },
      "world_space": {
        "head": {
          "x": 0.5539675951004028,
          "y": 0.02387307584285736,
          "z": 1.3703646659851074
        },
        "tail": {
          "x": 0.5615053176879883,
          "y": -0.02316109836101532,
          "z": 1.3567794561386108
        },
        "rotation_quaternion": {
          "w": 0.13678158819675446,
          "x": -0.9869508147239685,
          "y": -0.08075367659330368,
          "z": 0.02641618624329567
        },
        "matrix": [
          [
            0.9855620265007019,
            0.15217339992523193,
            -0.07423438876867294,
            0.5539675951004028
          ],
          [
            0.16662634909152985,
            -0.9495394825935364,
            0.2657265365123749,
            0.02387307584285736
          ],
          [
            -0.03005197085440159,
            -0.27426213026046753,
            -0.9611925482749939,
            1.3703646659851074
          ],
          [
            0.0,
            0.0,
            0.0,
            1.0
          ]
        ]
      },
      "bone_length_armature_space": 0.04953371348343652,
      "parent": "lowerarm_l",
      "has_children": true,
      "is_end_bone": false
    },
    "thumb_01_l": {
      "name": "thumb_01_l",
      "local": {
        "location": {
          "x": 0.0,
          "y": 0.0,
          "z": 0.0
        },
        "rotation_quaternion": {
          "w": 0.9989208579063416,
          "x": -0.04243357479572296,
          "y": -0.01884543150663376,
          "z": -0.001251447363756597
        },
        "scale": {
          "x": 1.0,
          "y": 1.0,
          "z": 1.0
        },
        "matrix_basis": [
          [
            0.9992865920066833,
            0.00409955158829689,
            -0.03754398226737976,
            0.0
          ],
          [
            -0.0009008356719277799,
            0.9963956475257874,
            0.08482273668050766,
            0.0
          ],
          [
            0.03775639459490776,
            -0.08472839742898941,
            0.9956884980201721,
            0.0
          ],
          [
            0.0,
            0.0,
            0.0,
            1.0
          ]
        ],
        "rotation_mode": "QUATERNION"
      },
      "armature_space": {
        "head": {
          "x": 0.5615053176879883,
          "y": -0.08640509843826294,
          "z": 0.4069254696369171
        },
        "tail": {
          "x": 0.5561822056770325,
          "y": -0.10210631787776947,
          "z": 0.37719711661338806
        }
      },
      "world_space": {
        "head": {
          "x": 0.5615053176879883,
          "y": -0.02316109836101532,
          "z": 1.3567794561386108
        },
        "tail": {
          "x": 0.5561822056770325,
          "y": -0.03886231780052185,
          "z": 1.3270511627197266
        },
        "rotation_quaternion": {
          "w": 0.35586386919021606,
          "x": -0.6865841150283813,
          "y": 0.3777860999107361,
          "z": -0.5091569423675537
        },
        "matrix": [
          [
            0.19607406854629517,
            -0.15638482570648193,
            0.9680386781692505,
            0.5615053176879883
          ],
          [
            -0.8811452388763428,
            -0.4612770974636078,
            0.10395541787147522,
            -0.02316109836101532
          ],
          [
            0.43027907609939575,
            -0.8733720779418945,
            -0.2282436490058899,
            1.3567794561386108
          ],
          [
            0.0,
            0.0,
            0.0,
            1.0
          ]
        ]
      },
      "bone_length_armature_space": 0.03403878337472621,
      "parent": "metacarpal_thumb_l",
      "has_children": true,
      "is_end_bone": false
    },
    "thumb_02_l": {
      "name": "thumb_02_l",
      "local": {
        "location": {
          "x": 0.0,
          "y": 0.0,
          "z": 0.0
        },
        "rotation_quaternion": {
          "w": 0.9966580867767334,
          "x": 0.08127734810113907,
          "y": -0.006378370802849531,
          "z": 0.005105604883283377
        },
        "scale": {
          "x": 1.0,
          "y": 1.0,
          "z": 1.0
        },
        "matrix_basis": [
          [
            0.9998664855957031,
            -0.011213919147849083,
            -0.011884169653058052,
            0.0
          ],
          [
            0.009140250273048878,
            0.9867358803749084,
            -0.16207657754421234,
            0.0
          ],
          [
            0.013544050045311451,
            0.16194632649421692,
            0.9867066144943237,
            0.0
          ],
          [
            0.0,
            0.0,
            0.0,
            1.0
          ]
        ],
        "rotation_mode": "QUATERNION"
      },
      "armature_space": {
        "head": {
          "x": 0.5561821460723877,
          "y": -0.10210628807544708,
          "z": 0.37719711661338806
        },
        "tail": {
          "x": 0.5852447748184204,
          "y": -0.1289767622947693,
          "z": 0.37037646770477295
        }
      },
      "world_space": {
        "head": {
          "x": 0.5561821460723877,
          "y": -0.03886228799819946,
          "z": 1.3270511627197266
        },
        "tail": {
          "x": 0.5852447748184204,
          "y": -0.06573276221752167,
          "z": 1.320230484008789
        },
        "rotation_quaternion": {
          "w": 0.4043048918247223,
          "x": -0.3059595227241516,
          "y": -0.045067816972732544,
          "z": -0.8607527017593384
        },
        "matrix": [
          [
            -0.485851913690567,
            0.7235921621322632,
            0.4902678430080414,
            0.5561821460723877
          ],
          [
            -0.6684350967407227,
            -0.6690121293067932,
            0.32498830556869507,
            -0.03886228799819946
          ],
          [
            0.5631572008132935,
            -0.16981787979602814,
            0.8087210059165955,
            1.3270511627197266
          ],
          [
            0.0,
            0.0,
            0.0,
            1.0
          ]
        ]
      },
      "bone_length_armature_space": 0.04016441256456465,
      "parent": "thumb_01_l",
      "has_children": true,
      "is_end_bone": false
    },
    "thumb_03_l": {
      "name": "thumb_03_l",
      "local": {
        "location": {
          "x": 0.0,
          "y": 0.0,
          "z": 0.0
        },
        "rotation_quaternion": {
          "w": 0.997765302658081,
          "x": 0.06672792881727219,
          "y": 0.00036972714588046074,
          "z": -0.0034052280243486166
        },
        "scale": {
          "x": 1.0,
          "y": 1.0,
          "z": 1.0
        },
        "matrix_basis": [
          [
            0.9999765157699585,
            0.00684457877650857,
            0.0002833541948348284,
            0.0
          ],
          [
            -0.006745894439518452,
            0.9910715818405151,
            -0.13316014409065247,
            0.0
          ],
          [
            -0.0011922494741156697,
            0.13315510749816895,
            0.9910944700241089,
            0.0
          ],
          [
            0.0,
            0.0,
            0.0,
            1.0
          ]
        ],
        "rotation_mode": "QUATERNION"
      },
      "armature_space": {
        "head": {
          "x": 0.5852446556091309,
          "y": -0.12897679209709167,
          "z": 0.37037646770477295
        },
        "tail": {
          "x": 0.612713634967804,
          "y": -0.1417534053325653,
          "z": 0.3733936548233032
        }
      },
      "world_space": {
        "head": {
          "x": 0.5852446556091309,
          "y": -0.06573279201984406,
          "z": 1.320230484008789
        },
        "tail": {
          "x": 0.612713634967804,
          "y": -0.07850940525531769,
          "z": 1.3232476711273193
        },
        "rotation_quaternion": {
          "w": 0.5302160978317261,
          "x": -0.05726955085992813,
          "y": -0.09507422894239426,
          "z": -0.8405665159225464
        },
        "matrix": [
          [
            -0.4311820864677429,
            0.9022536277770996,
            -0.004542648792266846,
            0.5852446556091309
          ],
          [
            -0.8804740309715271,
            -0.4196634590625763,
            0.2205633968114853,
            -0.06573279201984406
          ],
          [
            0.19709807634353638,
            0.0991029441356659,
            0.9753690361976624,
            1.320230484008789
          ],
          [
            0.0,
            0.0,
            0.0,
            1.0
          ]
        ]
      },
      "bone_length_armature_space": 0.03044486924024978,
      "parent": "thumb_02_l",
      "has_children": false,
      "is_end_bone": true
    },
    "metacarpal_index_l": {
      "name": "metacarpal_index_l",
      "local": {
        "location": {
          "x": 0.0,
          "y": 0.0,
          "z": 0.0
        },
        "rotation_quaternion": {
          "w": 0.9989478588104248,
          "x": -0.04401612654328346,
          "y": 0.006629384588450193,
          "z": -0.011034782975912094
        },
        "scale": {
          "x": 1.0,
          "y": 1.0,
          "z": 1.0
        },
        "matrix_basis": [
          [
            0.9996685981750488,
            0.02146274596452713,
            0.014216235838830471,
            0.0
          ],
          [
            -0.02262994460761547,
            0.9958816170692444,
            0.08779332041740417,
            0.0
          ],
          [
            -0.012273401953279972,
            -0.08808594197034836,
            0.9960372447967529,
            0.0
          ],
          [
            0.0,
            0.0,
            0.0,
            1.0
          ]
        ],
        "rotation_mode": "QUATERNION"
      },
      "armature_space": {
        "head": {
          "x": 0.5539675951004028,
          "y": -0.03937092423439026,
          "z": 0.4205106794834137
        },
        "tail": {
          "x": 0.6181718111038208,
          "y": -0.13568171858787537,
          "z": 0.4023095369338989
        }
      },
      "world_space": {
        "head": {
          "x": 0.5539675951004028,
          "y": 0.02387307584285736,
          "z": 1.3703646659851074
        },
        "tail": {
          "x": 0.6181718111038208,
          "y": -0.07243771851062775,
          "z": 1.352163553237915
        },
        "rotation_quaternion": {
          "w": 0.0003747123118955642,
          "x": 0.9179404973983765,
          "y": 0.298359751701355,
          "z": -0.26147034764289856
        },
        "matrix": [
          [
            0.6852290034294128,
            0.5479497313499451,
            -0.4798043966293335,
            0.5539675951004028
          ],
          [
            0.5475570559501648,
            -0.8219626545906067,
            -0.1567138433456421,
            0.02387307584285736
          ],
          [
            -0.4802554249763489,
            -0.15533724427223206,
            -0.863272488117218,
            1.3703646659851074
          ],
          [
            0.0,
            0.0,
            0.0,
            1.0
          ]
        ]
      },
      "bone_length_armature_space": 0.11717180467343696,
      "parent": "lowerarm_l",
      "has_children": true,
      "is_end_bone": false
    },
    "index_01_l": {
      "name": "index_01_l",
      "local": {
        "location": {
          "x": 0.0,
          "y": 0.0,
          "z": 0.0
        },
        "rotation_quaternion": {
          "w": 0.9938452839851379,
          "x": -0.11062757670879364,
          "y": -0.0051248339004814625,
          "z": -0.0026313362177461386
        },
        "scale": {
          "x": 1.0,
          "y": 1.0,
          "z": 1.0
        },
        "matrix_basis": [
          [
            0.9999336004257202,
            0.006364177912473679,
            -0.009604386985301971,
            0.0
          ],
          [
            -0.0040963864885270596,
            0.9755092263221741,
            0.21992036700248718,
            0.0
          ],
          [
            0.01076878048479557,
            -0.21986642479896545,
            0.9754705429077148,
            0.0
          ],
          [
            0.0,
            0.0,
            0.0,
            1.0
          ]
        ],
        "rotation_mode": "QUATERNION"
      },
      "armature_space": {
        "head": {
          "x": 0.6181718111038208,
          "y": -0.13568171858787537,
          "z": 0.4023095369338989
        },
        "tail": {
          "x": 0.6430787444114685,
          "y": -0.14956285059452057,
          "z": 0.4024752080440521
        }
      },
      "world_space": {
        "head": {
          "x": 0.6181718111038208,
          "y": -0.07243771851062775,
          "z": 1.352163553237915
        },
        "tail": {
          "x": 0.6430787444114685,
          "y": -0.08631885051727295,
          "z": 1.3523292541503906
        },
        "rotation_quaternion": {
          "w": 0.1047939881682396,
          "x": 0.844725489616394,
          "y": 0.49559253454208374,
          "z": -0.17275768518447876
        },
        "matrix": [
          [
            0.4490852355957031,
            0.8734875917434692,
            -0.18799424171447754,
            0.6181718111038208
          ],
          [
            0.8010713458061218,
            -0.486812025308609,
            -0.3482803702354431,
            -0.07243771851062775
          ],
          [
            -0.39573848247528076,
            0.005810365080833435,
            -0.9183526635169983,
            1.352163553237915
          ],
          [
            0.0,
            0.0,
            0.0,
            1.0
          ]
        ]
      },
      "bone_length_armature_space": 0.02851435737742347,
      "parent": "metacarpal_index_l",
      "has_children": true,
      "is_end_bone": false
    },
    "index_02_l": {
      "name": "index_02_l",
      "local": {
        "location": {
          "x": 0.0,
          "y": 0.0,
          "z": 0.0
        },
        "rotation_quaternion": {
          "w": 0.9988829493522644,
          "x": 0.04607735946774483,
          "y": -0.005795163568109274,
          "z": -0.008738941513001919
        },
        "scale": {
          "x": 1.0,
          "y": 1.0,
          "z": 1.0
        },
        "matrix_basis": [
          [
            0.9997801184654236,
            0.016924306750297546,
            -0.01238271500915289,
            0.0
          ],
          [
            -0.01799241080880165,
            0.9956009984016418,
            -0.09195049107074738,
            0.0
          ],
          [
            0.010772045701742172,
            0.09215306490659714,
            0.9956865906715393,
            0.0
          ],
          [
            0.0,
            0.0,
            0.0,
            1.0
          ]
        ],
        "rotation_mode": "QUATERNION"
      },
      "armature_space": {
        "head": {
          "x": 0.6430789232254028,
          "y": -0.14956334233283997,
          "z": 0.4024749994277954
        },
        "tail": {
          "x": 0.66562819480896,
          "y": -0.16168251633644104,
          "z": 0.40081802010536194
        }
      },
      "world_space": {
        "head": {
          "x": 0.6430789232254028,
          "y": -0.08631934225559235,
          "z": 1.3523290157318115
        },
        "tail": {
          "x": 0.66562819480896,
          "y": -0.09843851625919342,
          "z": 1.3506720066070557
        },
        "rotation_quaternion": {
          "w": 0.09626582264900208,
          "x": 0.8287690877914429,
          "y": 0.5045011639595032,
          "z": -0.22215630114078522
        },
        "matrix": [
          [
            0.3922498822212219,
            0.8790024518966675,
            -0.27109867334365845,
            0.6430789232254028
          ],
          [
            0.7934576869010925,
            -0.4724223017692566,
            -0.3837219774723053,
            -0.08631934225559235
          ],
          [
            -0.46536824107170105,
            -0.06459128856658936,
            -0.8827654719352722,
            1.3523290157318115
          ],
          [
            0.0,
            0.0,
            0.0,
            1.0
          ]
        ]
      },
      "bone_length_armature_space": 0.025653257075340295,
      "parent": "index_01_l",
      "has_children": true,
      "is_end_bone": false
    },
    "index_03_l": {
      "name": "index_03_l",
      "local": {
        "location": {
          "x": 0.0,
          "y": 0.0,
          "z": 0.0
        },
        "rotation_quaternion": {
          "w": 0.9996538162231445,
          "x": 0.025722593069076538,
          "y": -0.005374925211071968,
          "z": -0.0013450466794893146
        },
        "scale": {
          "x": 1.0,
          "y": 1.0,
          "z": 1.0
        },
        "matrix_basis": [
          [
            0.9999386072158813,
            0.0024126481730490923,
            -0.010815325193107128,
            0.0
          ],
          [
            -0.0029656761325895786,
            0.9986730813980103,
            -0.0514129176735878,
            0.0
          ],
          [
            0.010676932521164417,
            0.05144183710217476,
            0.9986189007759094,
            0.0
          ],
          [
            0.0,
            0.0,
            0.0,
            1.0
          ]
        ],
        "rotation_mode": "QUATERNION"
      },
      "armature_space": {
        "head": {
          "x": 0.6656282544136047,
          "y": -0.16168247163295746,
          "z": 0.4008181393146515
        },
        "tail": {
          "x": 0.6909474730491638,
          "y": -0.17460772395133972,
          "z": 0.39406490325927734
        }
      },
      "world_space": {
        "head": {
          "x": 0.6656282544136047,
          "y": -0.09843847155570984,
          "z": 1.3506721258163452
        },
        "tail": {
          "x": 0.6909474730491638,
          "y": -0.1113637238740921,
          "z": 1.3439189195632935
        },
        "rotation_quaternion": {
          "w": 0.011951953172683716,
          "x": 0.815374493598938,
          "y": 0.527897298336029,
          "z": -0.23737312853336334
        },
        "matrix": [
          [
            0.3299558758735657,
            0.8665429949760437,
            -0.37447604537010193,
            0.6656282544136047
          ],
          [
            0.8551937341690063,
            -0.44236254692077637,
            -0.27010995149612427,
            -0.09843847155570984
          ],
          [
            -0.39971816539764404,
            -0.23112724721431732,
            -0.8870287537574768,
            1.3506721258163452
          ],
          [
            0.0,
            0.0,
            0.0,
            1.0
          ]
        ]
      },
      "bone_length_armature_space": 0.029218678873164896,
      "parent": "index_02_l",
      "has_children": false,
      "is_end_bone": true
    },
    "metacarpal_pinky_l": {
      "name": "metacarpal_pinky_l",
      "local": {
        "location": {
          "x": 0.0,
          "y": 0.0,
          "z": 0.0
        },
        "rotation_quaternion": {
          "w": 0.9987926483154297,
          "x": -0.04611225798726082,
          "y": 0.01223535556346178,
          "z": 0.011720336973667145
        },
        "scale": {
          "x": 1.0,
          "y": 1.0,
          "z": 1.0
        },
        "matrix_basis": [
          [
            0.9994258880615234,
            -0.024540772661566734,
            0.02336026355624199,
            0.0
          ],
          [
            0.022283973172307014,
            0.9954726099967957,
            0.0923999771475792,
            0.0
          ],
          [
            -0.02552206814289093,
            -0.09182636439800262,
            0.9954479336738586,
            0.0
          ],
          [
            0.0,
            0.0,
            0.0,
            1.0
          ]
        ],
        "rotation_mode": "QUATERNION"
      },
      "armature_space": {
        "head": {
          "x": 0.5539675951004028,
          "y": -0.03937092423439026,
          "z": 0.4205106794834137
        },
        "tail": {
          "x": 0.6497681736946106,
          "y": -0.0764467716217041,
          "z": 0.40345627069473267
        }
      },
      "world_space": {
        "head": {
          "x": 0.5539675951004028,
          "y": 0.02387307584285736,
          "z": 1.3703646659851074
        },
        "tail": {
          "x": 0.6497681736946106,
          "y": -0.013202771544456482,
          "z": 1.3533103466033936
        },
        "rotation_quaternion": {
          "w": 0.5313778519630432,
          "x": 0.14920178055763245,
          "y": 0.19902698695659637,
          "z": -0.8097930550575256
        },
        "matrix": [
          [
            -0.390752375125885,
            0.9200027585029602,
            -0.03012610226869583,
            0.5539675951004028
          ],
          [
            -0.8012228012084961,
            -0.35605084896087646,
            -0.48090603947639465,
            0.02387307584285736
          ],
          [
            -0.45316505432128906,
            -0.1637788861989975,
            0.8762602806091309,
            1.3703646659851074
          ],
          [
            0.0,
            0.0,
            0.0,
            1.0
          ]
        ]
      },
      "bone_length_armature_space": 0.10413079401568877,
      "parent": "lowerarm_l",
      "has_children": true,
      "is_end_bone": false
    },
    "pinky_01_l": {
      "name": "pinky_01_l",
      "local": {
        "location": {
          "x": 0.0,
          "y": 0.0,
          "z": 0.0
        },
        "rotation_quaternion": {
          "w": 0.9926425218582153,
          "x": -0.12002795189619064,
          "y": 0.015940207988023758,
          "z": -0.0002181326854042709
        },
        "scale": {
          "x": 1.0,
          "y": 1.0,
          "z": 1.0
        },
        "matrix_basis": [
          [
            0.9994917511940002,
            -0.0033934854436665773,
            0.03169821947813034,
            0.0
          ],
          [
            -0.004259596578776836,
            0.9711864590644836,
            0.23828274011611938,
            0.0
          ],
          [
            -0.03159349411725998,
            -0.23829665780067444,
            0.9706783890724182,
            0.0
          ],
          [
            0.0,
            0.0,
            0.0,
            1.0
          ]
        ],
        "rotation_mode": "QUATERNION"
      },
      "armature_space": {
        "head": {
          "x": 0.6497681736946106,
          "y": -0.0764467716217041,
          "z": 0.40345627069473267
        },
        "tail": {
