{
  "metadata": {
    "armature_name": "KIM_caucasian_male",
    "export_time": "2026-01-13T21:00:01.140805",
    "blender_version": "4.4.1",
    "bone_count": 56,
    "end_bone_count": 13,
    "spaces_included": [
      "LOCAL_CHANNELS",
      "ARMATURE_SPACE",
      "WORLD_SPACE"
    ],
    "note": "LOCAL matches Transform panel; replay pose via local.matrix_basis for best fidelity."
  },
  "bones": {
    "Root": {
      "name": "Root",
      "local": {
        "location": {
          "x": 0.0,
          "y": 0.0,
          "z": 0.0
        },
        "rotation_quaternion": {
          "w": 0.9997363090515137,
          "x": -0.017029594630002975,
          "y": -0.01418600045144558,
          "z": 0.0060157496482133865
        },
        "scale": {
          "x": 1.0,
          "y": 1.0,
          "z": 1.0
        },
        "matrix_basis": [
          [
            0.9995251297950745,
            -0.01154516264796257,
            -0.028569411486387253,
            0.0
          ],
          [
            0.012511489912867546,
            0.9993476271629333,
            0.03387952968478203,
            0.0
          ],
          [
            0.028159627690911293,
            -0.03422088548541069,
            0.9990174770355225,
            0.0
          ],
          [
            0.0,
            0.0,
            0.0,
            1.0
          ]
        ],
        "rotation_mode": "QUATERNION"
      },
      "armature_space": {
        "head": {
          "x": 0.0,
          "y": 0.07072800397872925,
          "z": -0.009595036506652832
        },
        "tail": {
          "x": -0.0008240460301749408,
          "y": 0.0003744959831237793,
          "z": 0.0024141324684023857
        }
      },
      "world_space": {
        "head": {
          "x": 0.0,
          "y": 0.13397200405597687,
          "z": 0.9402589797973633
        },
        "tail": {
          "x": -0.0008240460301749408,
          "y": 0.0636184960603714,
          "z": 0.952268123626709
        },
        "rotation_quaternion": {
          "w": 0.08434081077575684,
          "x": 0.9963179230690002,
          "y": -0.0069577656686306,
          "z": -0.01374850794672966
        },
        "matrix": [
          [
            0.9995251297950745,
            -0.01154516264796257,
            -0.028569411486387253,
            0.0
          ],
          [
            -0.016183415427803993,
            -0.9856764078140259,
            -0.16786962747573853,
            0.13397200405597687
          ],
          [
            -0.026222309097647667,
            0.16825251281261444,
            -0.9854022264480591,
            0.9402589797973633
          ],
          [
            0.0,
            0.0,
            0.0,
            1.0
          ]
        ]
      },
      "bone_length_armature_space": 0.071375874541919,
      "parent": null,
      "has_children": true,
      "is_end_bone": false
    },
    "spine_01": {
      "name": "spine_01",
      "local": {
        "location": {
          "x": 0.0,
          "y": 0.0,
          "z": 0.0
        },
        "rotation_quaternion": {
          "w": 0.9977158308029175,
          "x": -0.05213974416255951,
          "y": -0.02674761600792408,
          "z": 0.03360385820269585
        },
        "scale": {
          "x": 1.0,
          "y": 1.0,
          "z": 1.0
        },
        "matrix_basis": [
          [
            0.9963107109069824,
            -0.06426497548818588,
            -0.05687723308801651,
            0.0
          ],
          [
            0.06984343379735947,
            0.9923044443130493,
            0.10224364697933197,
            0.0
          ],
          [
            0.04986884817481041,
            -0.10583893954753876,
            0.9931319952011108,
            0.0
          ],
          [
            0.0,
            0.0,
            0.0,
            1.0
          ]
        ],
        "rotation_mode": "QUATERNION"
      },
      "armature_space": {
        "head": {
          "x": -0.0008240460301749408,
          "y": 0.0003744959831237793,
          "z": 0.0024141324684023857
        },
        "tail": {
          "x": -0.018157565966248512,
          "y": 0.0913437157869339,
          "z": 0.48155155777931213
        }
      },
      "world_space": {
        "head": {
          "x": -0.0008240460301749408,
          "y": 0.0636184960603714,
          "z": 0.952268123626709
        },
        "tail": {
          "x": -0.018157565966248512,
          "y": 0.15458771586418152,
          "z": 1.4314055442810059
        },
        "rotation_quaternion": {
          "w": 0.7692839503288269,
          "x": 0.6377538442611694,
          "y": -0.03752260282635689,
          "z": -0.008021051995456219
        },
        "matrix": [
          [
            0.9970554113388062,
            -0.035519421100616455,
            -0.06796172261238098,
            -0.0008240460301749408
          ],
          [
            -0.06020103394985199,
            0.18641187250614166,
            -0.980625569820404,
            0.0636184960603714
          ],
          [
            0.04750041291117668,
            0.9818364977836609,
            0.18372505903244019,
            0.952268123626709
          ],
          [
            0.0,
            0.0,
            0.0,
            1.0
          ]
        ]
      },
      "bone_length_armature_space": 0.48800462969643815,
      "parent": "Root",
      "has_children": true,
      "is_end_bone": false
    },
    "neck_01": {
      "name": "neck_01",
      "local": {
        "location": {
          "x": 0.0,
          "y": 0.0,
          "z": 0.0
        },
        "rotation_quaternion": {
          "w": 0.9823219776153564,
          "x": -0.12197134643793106,
          "y": 0.02193538285791874,
          "z": 0.14030495285987854
        },
        "scale": {
          "x": 1.0,
          "y": 1.0,
          "z": 1.0
        },
        "matrix_basis": [
          [
            0.9596667289733887,
            -0.2810002565383911,
            0.008868848904967308,
            0.0
          ],
          [
            0.2702983021736145,
            0.9308750033378601,
            0.24578554928302765,
            0.0
          ],
          [
            -0.07732158899307251,
            -0.2334749847650528,
            0.9692836403846741,
            0.0
          ],
          [
            0.0,
            0.0,
            0.0,
            1.0
          ]
        ],
        "rotation_mode": "QUATERNION"
      },
      "armature_space": {
        "head": {
          "x": -0.023115186020731926,
          "y": 0.07098397612571716,
          "z": 0.5598117709159851
        },
        "tail": {
          "x": -0.05621259659528732,
          "y": 0.07707569748163223,
          "z": 0.6566529273986816
        }
      },
      "world_space": {
        "head": {
          "x": -0.023115186020731926,
          "y": 0.13422797620296478,
          "z": 1.5096657276153564
        },
        "tail": {
          "x": -0.05621259659528732,
          "y": 0.14031970500946045,
          "z": 1.6065069437026978
        },
        "rotation_quaternion": {
          "w": 0.7155724763870239,
          "x": 0.6785135865211487,
          "y": -0.1329108029603958,
          "z": 0.0995502769947052
        },
        "matrix": [
          [
            0.9448490738868713,
            -0.3228343427181244,
            -0.05512036383152008,
            -0.023115186020731926
          ],
          [
            -0.03789052367210388,
            0.05941903591156006,
            -0.9975138902664185,
            0.13422797620296478
          ],
          [
            0.32530921697616577,
            0.9445951581001282,
            0.04390901327133179,
            1.5096657276153564
          ],
          [
            0.0,
            0.0,
            0.0,
            1.0
          ]
        ]
      },
      "bone_length_armature_space": 0.10252198432932358,
      "parent": "spine_01",
      "has_children": true,
      "is_end_bone": false
    },
    "head": {
      "name": "head",
      "local": {
        "location": {
          "x": 0.0,
          "y": 0.0,
          "z": 0.0
        },
        "rotation_quaternion": {
          "w": 0.9740734696388245,
          "x": 0.035570625215768814,
          "y": -0.08249974250793457,
          "z": 0.20762808620929718
        },
        "scale": {
          "x": 1.0,
          "y": 1.0,
          "z": 1.0
        },
        "matrix_basis": [
          [
            0.9001687169075012,
            -0.41035914421081543,
            -0.14595070481300354,
            0.0
          ],
          [
            0.3986208736896515,
            0.9112505912780762,
            -0.10355532914400101,
            0.0
          ],
          [
            0.1754925400018692,
            0.03503827750682831,
            0.9838570356369019,
            0.0
          ],
          [
            0.0,
            0.0,
            0.0,
            1.0
          ]
        ],
        "rotation_mode": "QUATERNION"
      },
      "armature_space": {
        "head": {
          "x": -0.05621258169412613,
          "y": 0.0770755335688591,
          "z": 0.6566528677940369
        },
        "tail": {
          "x": -0.1570378839969635,
          "y": 0.1335032880306244,
          "z": 0.7601096630096436
        }
      },
      "world_space": {
        "head": {
          "x": -0.05621258169412613,
          "y": 0.14031952619552612,
          "z": 1.6065068244934082
        },
        "tail": {
          "x": -0.1570378839969635,
          "y": 0.196747288107872,
          "z": 1.7099636793136597
        },
        "rotation_quaternion": {
          "w": 0.7598458528518677,
          "x": 0.5257816910743713,
          "y": -0.32334592938423157,
          "z": 0.2040473371744156
        },
        "matrix": [
          [
            0.7076247930526733,
            -0.6501075029373169,
            -0.27681636810302734,
            -0.05621258169412613
          ],
          [
            -0.029926776885986328,
            0.36383822560310364,
            -0.930981457233429,
            0.14031952619552612
          ],
          [
            0.7059593200683594,
            0.6670747399330139,
            0.23800605535507202,
            1.6065068244934082
          ],
          [
            0.0,
            0.0,
            0.0,
            1.0
          ]
        ]
      },
      "bone_length_armature_space": 0.15509075313362322,
      "parent": "neck_01",
      "has_children": false,
      "is_end_bone": true
    },
    "upperarm_l": {
      "name": "upperarm_l",
      "local": {
        "location": {
          "x": 0.0,
          "y": 0.0,
          "z": 0.0
        },
        "rotation_quaternion": {
          "w": 0.9559227824211121,
          "x": -0.11450368911027908,
          "y": -0.2567192018032074,
          "z": -0.08482874929904938
        },
        "scale": {
          "x": 1.0,
          "y": 1.0,
          "z": 1.0
        },
        "matrix_basis": [
          [
            0.8537986874580383,
            0.2209700644016266,
            -0.4713810682296753,
            0.0
          ],
          [
            -0.10338887572288513,
            0.9593859910964966,
            0.26246771216392517,
            0.0
          ],
          [
            0.5102338790893555,
            -0.17535902559757233,
            0.841968297958374,
            0.0
          ],
          [
            0.0,
            0.0,
            0.0,
            1.0
          ]
        ],
        "rotation_mode": "QUATERNION"
      },
      "armature_space": {
        "head": {
          "x": 0.12861356139183044,
          "y": 0.04629816114902496,
          "z": 0.5015357136726379
        },
        "tail": {
          "x": 0.3877567946910858,
          "y": 0.07645266503095627,
          "z": 0.4403543174266815
        }
      },
      "world_space": {
        "head": {
          "x": 0.12861356139183044,
          "y": 0.10954216122627258,
          "z": 1.4513897895812988
        },
        "tail": {
          "x": 0.3877567946910858,
          "y": 0.1396966576576233,
          "z": 1.39020836353302
        },
        "rotation_quaternion": {
          "w": 0.634922981262207,
          "x": 0.2098623812198639,
          "y": 0.391330748796463,
          "z": -0.6322111487388611
        },
        "matrix": [
          [
            -0.10566311329603195,
            0.9670626521110535,
            0.23157110810279846,
            0.12861356139183044
          ],
          [
            -0.638559103012085,
            0.11252963542938232,
            -0.7613011598587036,
            0.10954216122627258
          ],
          [
            -0.7622904777526855,
            -0.2283148169517517,
            0.6056399941444397,
            1.4513897895812988
          ],
          [
            0.0,
            0.0,
            0.0,
            1.0
          ]
        ]
      },
      "bone_length_armature_space": 0.26796953108905863,
      "parent": "spine_01",
      "has_children": true,
      "is_end_bone": false
    },
    "lowerarm_l": {
      "name": "lowerarm_l",
      "local": {
        "location": {
          "x": 0.0,
          "y": 0.0,
          "z": 0.0
        },
        "rotation_quaternion": {
          "w": 0.9415087103843689,
          "x": 0.26613470911979675,
          "y": 0.0744543969631195,
          "z": -0.19284787774085999
        },
        "scale": {
          "x": 1.0,
          "y": 1.0,
          "z": 1.0
        },
        "matrix_basis": [
          [
            0.914532482624054,
            0.4027657210826874,
            0.03755189850926399,
            0.0
          ],
          [
            -0.32350611686706543,
            0.7839640378952026,
            -0.5298530459403992,
            0.0
          ],
          [
            -0.24284595251083374,
            0.4724195599555969,
            0.8472577333450317,
            0.0
          ],
          [
            0.0,
            0.0,
            0.0,
            1.0
          ]
        ],
        "rotation_mode": "QUATERNION"
      },
      "armature_space": {
        "head": {
          "x": 0.387756884098053,
          "y": 0.07645271718502045,
          "z": 0.44035446643829346
        },
        "tail": {
          "x": 0.6092488169670105,
          "y": -0.07356104254722595,
          "z": 0.43779680132865906
        }
      },
      "world_space": {
        "head": {
          "x": 0.387756884098053,
          "y": 0.13969671726226807,
          "z": 1.3902084827423096
        },
        "tail": {
          "x": 0.6092488169670105,
          "y": -0.010317042469978333,
          "z": 1.3876508474349976
        },
        "rotation_quaternion": {
          "w": 0.4232349395751953,
          "x": 0.3701002299785614,
          "y": 0.20124012231826782,
          "z": -0.8021224737167358
        },
        "matrix": [
          [
            -0.3677953779697418,
            0.8279315233230591,
            -0.42338624596595764,
            0.387756884098053
          ],
          [
            -0.5300154089927673,
            -0.5607478022575378,
            -0.6361178159713745,
            0.13969671726226807
          ],
          [
            -0.7640807032585144,
            -0.009560495615005493,
            0.6450608968734741,
            1.3902084827423096
          ],
          [
            0.0,
            0.0,
            0.0,
            1.0
          ]
        ]
      },
      "bone_length_armature_space": 0.26752447725844253,
      "parent": "upperarm_l",
      "has_children": true,
      "is_end_bone": false
    },
    "metacarpal_thumb_l": {
      "name": "metacarpal_thumb_l",
      "local": {
        "location": {
          "x": 0.0,
          "y": 0.0,
          "z": 0.0
        },
        "rotation_quaternion": {
          "w": 0.9996205568313599,
          "x": -0.02290160208940506,
          "y": -0.012948969379067421,
          "z": -0.008175836876034737
        },
        "scale": {
          "x": 1.0,
          "y": 1.0,
          "z": 1.0
        },
        "matrix_basis": [
          [
            0.9995309710502625,
            0.016938572749495506,
            -0.025513632223010063,
            0.0
          ],
          [
            -0.015752365812659264,
            0.9988173246383667,
            0.045997560024261475,
            0.0
          ],
          [
            0.026262590661644936,
            -0.045574087649583817,
            0.9986156821250916,
            0.0
          ],
          [
            0.0,
            0.0,
            0.0,
            1.0
          ]
        ],
        "rotation_mode": "QUATERNION"
      },
      "armature_space": {
        "head": {
          "x": 0.6092488169670105,
          "y": -0.07356104254722595,
          "z": 0.43779680132865906
        },
        "tail": {
          "x": 0.6276803016662598,
          "y": -0.11772798001766205,
          "z": 0.45056968927383423
        }
      },
      "world_space": {
        "head": {
          "x": 0.6092488169670105,
          "y": -0.010317042469978333,
          "z": 1.3876508474349976
        },
        "tail": {
          "x": 0.6276803016662598,
          "y": -0.05448397994041443,
          "z": 1.4004237651824951
        },
        "rotation_quaternion": {
          "w": 0.18473854660987854,
          "x": 0.9259124398231506,
          "y": 0.1415771245956421,
          "z": -0.2975125312805176
        },
        "matrix": [
          [
            0.7828844785690308,
            0.3721004128456116,
            -0.4986312687397003,
            0.6092488169670105
          ],
          [
            0.15225215256214142,
            -0.8916549682617188,
            -0.42634591460227966,
            -0.010317042469978333
          ],
          [
            -0.6032546758651733,
            0.2578628957271576,
            -0.7547216415405273,
            1.3876508474349976
          ],
          [
            0.0,
            0.0,
            0.0,
            1.0
          ]
        ]
      },
      "bone_length_armature_space": 0.04953367198727678,
      "parent": "lowerarm_l",
      "has_children": true,
      "is_end_bone": false
    },
    "thumb_01_l": {
      "name": "thumb_01_l",
      "local": {
        "location": {
          "x": 0.0,
          "y": 0.0,
          "z": 0.0
        },
        "rotation_quaternion": {
          "w": 0.9494955539703369,
          "x": 0.31369107961654663,
          "y": -0.00587063655257225,
          "z": 0.004654238000512123
        },
        "scale": {
          "x": 1.0,
          "y": 1.0,
          "z": 1.0
        },
        "matrix_basis": [
          [
            0.9998877644538879,
            -0.012521489523351192,
            -0.00822830107063055,
            0.0
          ],
          [
            0.00515522388741374,
            0.8031525015830994,
            -0.5957512259483337,
            0.0
          ],
          [
            0.014068272896111012,
            0.5956419110298157,
            0.803126871585846,
            0.0
          ],
          [
            0.0,
            0.0,
            0.0,
            1.0
          ]
        ],
        "rotation_mode": "QUATERNION"
      },
      "armature_space": {
        "head": {
          "x": 0.6276803016662598,
          "y": -0.11772798001766205,
          "z": 0.45056968927383423
        },
        "tail": {
          "x": 0.6369410157203674,
          "y": -0.14200566709041595,
          "z": 0.4285818338394165
        }
      },
      "world_space": {
        "head": {
          "x": 0.6276803016662598,
          "y": -0.05448397994041443,
          "z": 1.4004237651824951
        },
        "tail": {
          "x": 0.6369410157203674,
          "y": -0.07876166701316833,
          "z": 1.3784358501434326
        },
        "rotation_quaternion": {
          "w": 0.3770236670970917,
          "x": -0.8159676194190979,
          "y": 0.035124439746141434,
          "z": -0.4368250370025635
        },
        "matrix": [
          [
            0.6159013509750366,
            0.2720645070075989,
            0.7393554449081421,
            0.6276803016662598
          ],
          [
            -0.3867064416408539,
            -0.7132403254508972,
            0.5845910310745239,
            -0.05448397994041443
          ],
          [
            0.6863887906074524,
            -0.6459691524505615,
            -0.3340783417224884,
            1.4004237651824951
          ],
          [
            0.0,
            0.0,
            0.0,
            1.0
          ]
        ]
      },
      "bone_length_armature_space": 0.03403869461287754,
      "parent": "metacarpal_thumb_l",
      "has_children": true,
      "is_end_bone": false
    },
    "thumb_02_l": {
      "name": "thumb_02_l",
      "local": {
        "location": {
          "x": 0.0,
          "y": 0.0,
          "z": 0.0
        },
        "rotation_quaternion": {
          "w": 0.9093645811080933,
          "x": 0.41586658358573914,
          "y": -0.00034640636295080185,
          "z": -0.010534824803471565
        },
        "scale": {
          "x": 1.0,
          "y": 1.0,
          "z": 1.0
        },
        "matrix_basis": [
          [
            0.9997777938842773,
            0.01887187547981739,
            -0.00939218234270811,
            0.0
          ],
          [
            -0.019448110833764076,
            0.6538879871368408,
            -0.7563413977622986,
            0.0
          ],
          [
            -0.008132143877446651,
            0.7563560009002686,
            0.6541097164154053,
            0.0
          ],
          [
            0.0,
            0.0,
            0.0,
            1.0
          ]
        ],
        "rotation_mode": "QUATERNION"
      },
      "armature_space": {
        "head": {
          "x": 0.6369408965110779,
          "y": -0.14200566709041595,
          "z": 0.4285818338394165
        },
        "tail": {
          "x": 0.6696136593818665,
          "y": -0.125782310962677,
          "z": 0.44538888335227966
        }
      },
      "world_space": {
        "head": {
          "x": 0.6369408965110779,
          "y": -0.07876166701316833,
          "z": 1.3784358501434326
        },
        "tail": {
          "x": 0.6696136593818665,
          "y": -0.06253831088542938,
          "z": 1.3952429294586182
        },
        "rotation_quaternion": {
          "w": 0.6622116565704346,
          "x": -0.10002043843269348,
          "y": -0.5132634043693542,
          "z": -0.5366864800453186
        },
        "matrix": [
          [
            -0.10294567048549652,
            0.8134758472442627,
            -0.5724153518676758,
            0.6369408965110779
          ],
          [
            -0.6081255674362183,
            0.4039238393306732,
            0.683395266532898,
            -0.07876166701316833
          ],
          [
            0.7871425747871399,
            0.41845622658729553,
            0.45311713218688965,
            1.3784358501434326
          ],
          [
            0.0,
            0.0,
            0.0,
            1.0
          ]
        ]
      },
      "bone_length_armature_space": 0.040164457128507344,
      "parent": "thumb_01_l",
      "has_children": true,
      "is_end_bone": false
    },
    "thumb_03_l": {
      "name": "thumb_03_l",
      "local": {
        "location": {
          "x": 0.0,
          "y": 0.0,
          "z": 0.0
        },
        "rotation_quaternion": {
          "w": 0.9926798343658447,
          "x": 0.12041903287172318,
          "y": 0.006669956259429455,
          "z": 0.006446143612265587
        },
        "scale": {
          "x": 1.0,
          "y": 1.0,
          "z": 1.0
        },
        "matrix_basis": [
          [
            0.9998279213905334,
            -0.011191533878445625,
            0.014794738963246346,
            0.0
          ],
          [
            0.014404293149709702,
            0.9709154367446899,
            -0.23898909986019135,
            0.0
          ],
          [
            -0.011689784936606884,
            0.23916108906269073,
            0.9709095358848572,
            0.0
          ],
          [
            0.0,
            0.0,
            0.0,
            1.0
          ]
        ],
        "rotation_mode": "QUATERNION"
      },
      "armature_space": {
        "head": {
          "x": 0.6696136593818665,
          "y": -0.12578240036964417,
          "z": 0.44538888335227966
        },
        "tail": {
          "x": 0.6830567121505737,
          "y": -0.10363790392875671,
          "z": 0.461382657289505
        }
      },
      "world_space": {
        "head": {
          "x": 0.6696136593818665,
          "y": -0.06253840029239655,
          "z": 1.3952429294586182
        },
        "tail": {
          "x": 0.6830567121505737,
          "y": -0.040393903851509094,
          "z": 1.4112366437911987
        },
        "rotation_quaternion": {
          "w": 0.8025198578834534,
          "x": 0.12426506727933884,
          "y": -0.4686618745326996,
          "z": -0.34767261147499084
        },
        "matrix": [
          [
            0.31895869970321655,
            0.4415541887283325,
            -0.8386270999908447,
            0.6696136593818665
          ],
          [
            -0.6745051741600037,
            0.7273633480072021,
            0.126433864235878,
            -0.06253840029239655
          ],
          [
            0.6658177971839905,
            0.5253355503082275,
            0.5298334360122681,
            1.3952429294586182
          ],
          [
            0.0,
            0.0,
            0.0,
            1.0
          ]
        ]
      },
      "bone_length_armature_space": 0.030444953334026945,
      "parent": "thumb_02_l",
      "has_children": false,
      "is_end_bone": true
    },
    "metacarpal_index_l": {
      "name": "metacarpal_index_l",
      "local": {
        "location": {
          "x": 0.0,
          "y": 0.0,
          "z": 0.0
        },
        "rotation_quaternion": {
          "w": 0.9994628429412842,
          "x": -0.026440037414431572,
          "y": -0.01888103224337101,
          "z": 0.004315805155783892
        },
        "scale": {
          "x": 1.0,
          "y": 1.0,
          "z": 1.0
        },
        "matrix_basis": [
          [
            0.9992497563362122,
            -0.0076285433024168015,
            -0.03796999901533127,
            0.0
          ],
          [
            0.009625404141843319,
            0.998564600944519,
            0.05268869549036026,
            0.0
          ],
          [
            0.03751356154680252,
            -0.053014643490314484,
            0.9978888630867004,
            0.0
          ],
          [
            0.0,
            0.0,
            0.0,
            1.0
          ]
        ],
        "rotation_mode": "QUATERNION"
      },
      "armature_space": {
        "head": {
          "x": 0.6092488169670105,
          "y": -0.07356104254722595,
          "z": 0.43779680132865906
        },
        "tail": {
          "x": 0.6882159113883972,
          "y": -0.1577940434217453,
          "z": 0.45775219798088074
        }
      },
      "world_space": {
        "head": {
          "x": 0.6092488169670105,
          "y": -0.010317042469978333,
          "z": 1.3876508474349976
        },
        "tail": {
          "x": 0.6882159113883972,
          "y": -0.09455004334449768,
          "z": 1.4076062440872192
        },
        "rotation_quaternion": {
          "w": 0.2903216779232025,
          "x": 0.7445834875106812,
          "y": 0.23721487820148468,
          "z": -0.5523024201393127
        },
        "matrix": [
          [
            0.27738216519355774,
            0.673943281173706,
            -0.6847331523895264,
            0.6092488169670105
          ],
          [
            0.03256211429834366,
            -0.7188850045204163,
            -0.6943662166595459,
            -0.010317042469978333
          ],
          [
            -0.9602144956588745,
            0.17030906677246094,
            -0.22135309875011444,
            1.3876508474349976
          ],
          [
            0.0,
            0.0,
            0.0,
            1.0
          ]
        ]
      },
      "bone_length_armature_space": 0.11717174804142583,
      "parent": "lowerarm_l",
      "has_children": true,
      "is_end_bone": false
    },
    "index_01_l": {
      "name": "index_01_l",
      "local": {
        "location": {
          "x": 0.0,
          "y": 0.0,
          "z": 0.0
        },
        "rotation_quaternion": {
          "w": 0.9520862102508545,
          "x": 0.3054035007953644,
          "y": 0.015168339014053345,
          "z": 0.005529860500246286
        },
        "scale": {
          "x": 1.0,
          "y": 1.0,
          "z": 1.0
        },
        "matrix_basis": [
          [
            0.9994786977767944,
            -0.0012648801784962416,
            0.03226080909371376,
            0.0
          ],
          [
            0.019794736057519913,
            0.8133962154388428,
            -0.5813731551170349,
            0.0
          ],
          [
            -0.02550545521080494,
            0.5817086696624756,
            0.8129972219467163,
            0.0
          ],
          [
            0.0,
            0.0,
            0.0,
            1.0
          ]
        ],
        "rotation_mode": "QUATERNION"
      },
      "armature_space": {
        "head": {
          "x": 0.6882159113883972,
          "y": -0.1577940434217453,
          "z": 0.45775219798088074
        },
        "tail": {
          "x": 0.6974277496337891,
          "y": -0.18372657895088196,
          "z": 0.4502878785133362
        }
      },
      "world_space": {
        "head": {
          "x": 0.6882159113883972,
          "y": -0.09455004334449768,
          "z": 1.4076062440872192
        },
        "tail": {
          "x": 0.6974277496337891,
          "y": -0.12048257887363434,
          "z": 1.400141954421997
        },
        "rotation_quaternion": {
          "w": 0.010106967762112617,
          "x": 0.7290845513343811,
          "y": 0.21253271400928497,
          "z": -0.6505101323127747
        },
        "matrix": [
          [
            0.063332699239254,
            0.3230600953102112,
            -0.9442569017410278,
            0.6882159113883972
          ],
          [
            0.2967591881752014,
            -0.9094549417495728,
            -0.29124903678894043,
            -0.09455004334449768
          ],
          [
            -0.9528564810752869,
            -0.26177388429641724,
            -0.15347065031528473,
            1.4076062440872192
          ],
          [
            0.0,
            0.0,
            0.0,
            1.0
          ]
        ]
      },
      "bone_length_armature_space": 0.02851438968484069,
      "parent": "metacarpal_index_l",
      "has_children": true,
      "is_end_bone": false
    },
    "index_02_l": {
      "name": "index_02_l",
      "local": {
        "location": {
          "x": 0.0,
          "y": 0.0,
          "z": 0.0
        },
        "rotation_quaternion": {
          "w": 0.9060498476028442,
          "x": 0.42304760217666626,
          "y": 0.009720426984131336,
          "z": 0.0031855858396738768
        },
        "scale": {
          "x": 1.0,
          "y": 1.0,
          "z": 1.0
        },
        "matrix_basis": [
          [
            0.9997907280921936,
            0.0024518074933439493,
            0.02030969224870205,
            0.0
          ],
          [
            0.013997006230056286,
            0.6420411467552185,
            -0.7665424942970276,
            0.0
          ],
          [
            -0.01491907425224781,
            0.7666663527488708,
            0.6418724656105042,
            0.0
          ],
          [
            0.0,
            0.0,
            0.0,
            1.0
          ]
        ],
        "rotation_mode": "QUATERNION"
      },
      "armature_space": {
        "head": {
          "x": 0.6974275708198547,
          "y": -0.18372708559036255,
          "z": 0.45028793811798096
        },
        "tail": {
          "x": 0.6849437952041626,
          "y": -0.2050972729921341,
          "z": 0.44353798031806946
        }
      },
      "world_space": {
        "head": {
          "x": 0.6974275708198547,
          "y": -0.12048308551311493,
          "z": 1.400141954421997
        },
        "tail": {
          "x": 0.6849437952041626,
          "y": -0.14185327291488647,
          "z": 1.3933919668197632
        },
        "rotation_quaternion": {
          "w": 0.2795313596725464,
          "x": -0.6535592675209045,
          "y": 0.07308944314718246,
          "z": 0.6995574235916138
        },
        "matrix": [
          [
            0.010555455461144447,
            -0.4866350591182709,
            -0.8735417127609253,
            0.6974275708198547
          ],
          [
            0.29555973410606384,
            -0.8330393433570862,
            0.4676433503627777,
            -0.12048308551311493
          ],
          [
            -0.9552724957466125,
            -0.26312246918678284,
            0.1350378692150116,
            1.400141954421997
          ],
          [
            0.0,
            0.0,
            0.0,
            1.0
          ]
        ]
      },
      "bone_length_armature_space": 0.025653293986715228,
      "parent": "index_01_l",
      "has_children": true,
      "is_end_bone": false
    },
    "index_03_l": {
      "name": "index_03_l",
      "local": {
        "location": {
          "x": 0.0,
          "y": 0.0,
          "z": 0.0
        },
        "rotation_quaternion": {
          "w": 0.9368888139724731,
          "x": 0.34951192140579224,
          "y": 0.008824361488223076,
          "z": -0.0017428155988454819
        },
        "scale": {
          "x": 1.0,
          "y": 1.0,
          "z": 1.0
        },
        "matrix_basis": [
          [
            0.9998381733894348,
            0.009434088133275509,
            0.015316621400415897,
            0.0
          ],
          [
            0.002902790205553174,
            0.7556767463684082,
            -0.6549383997917175,
            0.0
          ],
          [
            -0.01775316148996353,
            0.6548768877983093,
            0.7555270791053772,
            0.0
          ],
          [
            0.0,
            0.0,
            0.0,
            1.0
          ]
        ],
        "rotation_mode": "QUATERNION"
      },
      "armature_space": {
        "head": {
          "x": 0.6849439144134521,
          "y": -0.20509731769561768,
          "z": 0.44353798031806946
        },
        "tail": {
          "x": 0.6569294333457947,
          "y": -0.21098046004772186,
          "z": 0.4376804232597351
        }
      },
      "world_space": {
        "head": {
          "x": 0.6849439144134521,
          "y": -0.14185331761837006,
          "z": 1.3933919668197632
        },
        "tail": {
          "x": 0.6569294333457947,
          "y": -0.14773645997047424,
          "z": 1.3875343799591064
        },
        "rotation_quaternion": {
          "w": 0.549067497253418,
          "x": -0.5133523941040039,
          "y": 0.31280824542045593,
          "z": 0.58064204454422
        },
        "matrix": [
          [
            0.1300133615732193,
            -0.958785891532898,
            -0.25263917446136475,
            0.6849439144134521
          ],
          [
            0.3164604604244232,
            -0.20134851336479187,
            0.9269908666610718,
            -0.14185331761837006
          ],
          [
            -0.9396601915359497,
            -0.2004731297492981,
            0.2772424817085266,
            1.3933919668197632
          ],
          [
            0.0,
            0.0,
            0.0,
            1.0
          ]
        ]
      },
      "bone_length_armature_space": 0.029218718217877707,
      "parent": "index_02_l",
      "has_children": false,
      "is_end_bone": true
    },
    "metacarpal_pinky_l": {
      "name": "metacarpal_pinky_l",
      "local": {
        "location": {
          "x": 0.0,
          "y": 0.0,
          "z": 0.0
        },
        "rotation_quaternion": {
          "w": 0.999964714050293,
          "x": -0.007442797068506479,
          "y": 0.002750642132014036,
          "z": 0.0027821967378258705
        },
        "scale": {
          "x": 1.0,
          "y": 1.0,
          "z": 1.0
        },
        "matrix_basis": [
          [
            0.9999693632125854,
            -0.005605142097920179,
            0.005459675565361977,
            0.0
          ],
          [
            0.005523252300918102,
            0.9998737573623657,
            0.014900374226272106,
            0.0
          ],
          [
            -0.0055425046011805534,
            -0.014869763515889645,
            0.9998740553855896,
            0.0
          ],
          [
            0.0,
            0.0,
            0.0,
            1.0
          ]
        ],
        "rotation_mode": "QUATERNION"
      },
      "armature_space": {
        "head": {
          "x": 0.6092488169670105,
          "y": -0.07356104254722595,
          "z": 0.43779680132865906
        },
        "tail": {
          "x": 0.7042126655578613,
          "y": -0.10931318253278732,
          "z": 0.41441139578819275
        }
      },
      "world_space": {
        "head": {
          "x": 0.6092488169670105,
          "y": -0.010317042469978333,
          "z": 1.3876508474349976
        },
        "tail": {
          "x": 0.7042126655578613,
          "y": -0.0460691824555397,
          "z": 1.3642654418945312
        },
        "rotation_quaternion": {
          "w": 0.5726204514503479,
          "x": -0.22483322024345398,
          "y": -0.020879795774817467,
          "z": -0.7881116271018982
        },
        "matrix": [
          [
            -0.24311073124408722,
            0.9119672775268555,
            0.3304736316204071,
            0.6092488169670105
          ],
          [
            -0.8931884765625,
            -0.34333887696266174,
            0.290401428937912,
            -0.010317042469978333
          ],
          [
            0.37830302119255066,
            -0.2245774269104004,
            0.8980345129966736,
            1.3876508474349976
          ],
          [
            0.0,
            0.0,
            0.0,
            1.0
          ]
        ]
      },
      "bone_length_armature_space": 0.104130808269832,
      "parent": "lowerarm_l",
      "has_children": true,
      "is_end_bone": false
    },
    "pinky_01_l": {
      "name": "pinky_01_l",
      "local": {
        "location": {
          "x": 0.0,
          "y": 0.0,
          "z": 0.0
        },
        "rotation_quaternion": {
          "w": 0.9468119144439697,
          "x": 0.32121554017066956,
          "y": 0.01081310398876667,
          "z": 0.01584492437541485
        },
        "scale": {
          "x": 1.0,
          "y": 1.0,
          "z": 1.0
        },
        "matrix_basis": [
          [
            0.9992640018463135,
            -0.02305765263736248,
            0.03065522387623787,
            0.0
          ],
          [
            0.03695100173354149,
            0.7931390404701233,
            -0.6079187393188477,
            0.0
          ],
          [
            -0.010296679101884365,
            0.6086040735244751,
            0.7934073209762573,
            0.0
          ],
          [
            0.0,
            0.0,
            0.0,
            1.0
          ]
        ],
        "rotation_mode": "QUATERNION"
      },
      "armature_space": {
        "head": {
          "x": 0.7042126655578613,
          "y": -0.10931318253278732,
          "z": 0.41441139578819275
        },
        "tail": {
