{
  "metadata": {
    "armature_name": "KIM_caucasian_male",
    "export_time": "2026-01-13T21:02:42.181480",
    "blender_version": "4.4.1",
    "bone_count": 56,
    "end_bone_count": 13,
    "spaces_included": [
      "LOCAL_CHANNELS",
      "ARMATURE_SPACE",
      "WORLD_SPACE"
    ],
    "note": "LOCAL matches Transform panel; replay pose via local.matrix_basis for best fidelity."
  },
  "bones": {
    "Root": {
      "name": "Root",
      "local": {
        "location": {
          "x": 0.0,
          "y": 0.0,
          "z": 0.0
        },
        "rotation_quaternion": {
          "w": 0.9997411966323853,
          "x": -1.8283339159097522e-05,
          "y": 0.008241701871156693,
          "z": 0.021207895129919052
        },
        "scale": {
          "x": 1.0,
          "y": 1.0,
          "z": 1.0
        },
        "matrix_basis": [
          [
            0.9989646077156067,
            -0.04240511357784271,
            0.016478361561894417,
            0.0
          ],
          [
            0.04240451008081436,
            0.9991004467010498,
            0.00038613550714217126,
            0.0
          ],
          [
            -0.016479913145303726,
            0.0003130210970994085,
            0.9998641610145569,
            0.0
          ],
          [
            0.0,
            0.0,
            0.0,
            1.0
          ]
        ],
        "rotation_mode": "QUATERNION"
      },
      "armature_space": {
        "head": {
          "x": 0.0,
          "y": 0.07072800397872925,
          "z": -0.009595036506652832
        },
        "tail": {
          "x": -0.003026701742783189,
          "y": 6.062537431716919e-05,
          "z": -3.077089786529541e-05
        }
      },
      "world_space": {
        "head": {
          "x": 0.0,
          "y": 0.13397200405597687,
          "z": 0.9402589797973633
        },
        "tail": {
          "x": -0.003026701742783189,
          "y": 0.06330462545156479,
          "z": 0.949823260307312
        },
        "rotation_quaternion": {
          "w": 0.06736845523118973,
          "x": 0.9974687099456787,
          "y": -0.020604489371180534,
          "z": 0.009651710279285908
        },
        "matrix": [
          [
            0.9989646077156067,
            -0.04240511357784271,
            0.016478361561894417,
            0.0
          ],
          [
            -0.03980422392487526,
            -0.9900738596916199,
            -0.13479407131671906,
            0.13397200405597687
          ],
          [
            0.022030867636203766,
            0.1339985877275467,
            -0.9907436966896057,
            0.9402589797973633
          ],
          [
            0.0,
            0.0,
            0.0,
            1.0
          ]
        ]
      },
      "bone_length_armature_space": 0.07137586712946833,
      "parent": null,
      "has_children": true,
      "is_end_bone": false
    },
    "spine_01": {
      "name": "spine_01",
      "local": {
        "location": {
          "x": 0.0,
          "y": 0.0,
          "z": 0.0
        },
        "rotation_quaternion": {
          "w": 0.998633623123169,
          "x": -0.005538742523640394,
          "y": 0.0014550532214343548,
          "z": -0.05194459855556488
        },
        "scale": {
          "x": 1.0,
          "y": 1.0,
          "z": 1.0
        },
        "matrix_basis": [
          [
            0.9945992827415466,
            0.10373112559318542,
            0.0034815457183867693,
            0.0
          ],
          [
            -0.10376336425542831,
            0.9945421814918518,
            0.01091118436306715,
            0.0
          ],
          [
            -0.0023307146038860083,
            -0.01121351309120655,
            0.9999344348907471,
            0.0
          ],
          [
            0.0,
            0.0,
            0.0,
            1.0
          ]
        ],
        "rotation_mode": "QUATERNION"
      },
      "armature_space": {
        "head": {
          "x": -0.003026701742783189,
          "y": 6.062537431716919e-05,
          "z": -3.077089786529541e-05
        },
        "tail": {
          "x": 0.03798798471689224,
          "y": 0.02640366181731224,
          "z": 0.4855332374572754
        }
      },
      "world_space": {
        "head": {
          "x": -0.003026701742783189,
          "y": 0.06330462545156479,
          "z": 0.949823260307312
        },
        "tail": {
          "x": 0.03798798471689224,
          "y": 0.08964766561985016,
          "z": 1.4353872537612915
        },
        "rotation_quaternion": {
          "w": 0.7257807850837708,
          "x": 0.6863816380500793,
          "y": 0.015257099643349648,
          "z": -0.043471723794937134
        },
        "matrix": [
          [
            0.9957548379898071,
            0.08404627442359924,
            -0.0375303253531456,
            -0.003026701742783189
          ],
          [
            -0.0421580970287323,
            0.05398149788379669,
            -0.9976516962051392,
            0.06330462545156479
          ],
          [
            -0.08182356506586075,
            0.99500572681427,
            0.057295046746730804,
            0.949823260307312
          ],
          [
            0.0,
            0.0,
            0.0,
            1.0
          ]
        ]
      },
      "bone_length_armature_space": 0.4880046580843305,
      "parent": "Root",
      "has_children": true,
      "is_end_bone": false
    },
    "neck_01": {
      "name": "neck_01",
      "local": {
        "location": {
          "x": 0.0,
          "y": 0.0,
          "z": 0.0
        },
        "rotation_quaternion": {
          "w": 0.9935239553451538,
          "x": -0.11116952449083328,
          "y": -0.019598213955760002,
          "z": 0.01294067595154047
        },
        "scale": {
          "x": 1.0,
          "y": 1.0,
          "z": 1.0
        },
        "matrix_basis": [
          [
            0.9988968968391418,
            -0.02135629393160343,
            -0.04181980714201927,
            0.0
          ],
          [
            0.030071191489696503,
            0.9749477505683899,
            0.22039194405078888,
            0.0
          ],
          [
            0.036065373569726944,
            -0.22140640020370483,
            0.9745144844055176,
            0.0
          ],
          [
            0.0,
            0.0,
            0.0,
            1.0
          ]
        ],
        "rotation_mode": "QUATERNION"
      },
      "armature_space": {
        "head": {
          "x": 0.042840152978897095,
          "y": -0.004242897033691406,
          "z": 0.5603730082511902
        },
        "tail": {
          "x": 0.04855816066265106,
          "y": -0.015627380460500717,
          "z": 0.6621004343032837
        }
      },
      "world_space": {
        "head": {
          "x": 0.042840152978897095,
          "y": 0.05900110304355621,
          "z": 1.5102269649505615
        },
        "tail": {
          "x": 0.04855816066265106,
          "y": 0.0476166196167469,
          "z": 1.6119544506072998
        },
        "rotation_quaternion": {
          "w": 0.6666050553321838,
          "x": 0.7433899641036987,
          "y": -0.010726739652454853,
          "z": -0.05379656329751015
        },
        "matrix": [
          [
            0.9939818382263184,
            0.055773813277482986,
            -0.09428423643112183,
            0.042840152978897095
          ],
          [
            -0.08767004311084747,
            -0.1110450029373169,
            -0.9899411201477051,
            0.05900110304355621
          ],
          [
            -0.06568311899900436,
            0.9922559857368469,
            -0.10548868775367737,
            1.5102269649505615
          ],
          [
            0.0,
            0.0,
            0.0,
            1.0
          ]
        ]
      },
      "bone_length_armature_space": 0.1025220517150607,
      "parent": "spine_01",
      "has_children": true,
      "is_end_bone": false
    },
    "head": {
      "name": "head",
      "local": {
        "location": {
          "x": 0.0,
          "y": 0.0,
          "z": 0.0
        },
        "rotation_quaternion": {
          "w": 0.9850578308105469,
          "x": -0.12829555571079254,
          "y": -0.02046031504869461,
          "z": -0.11306141316890717
        },
        "scale": {
          "x": 1.0,
          "y": 1.0,
          "z": 1.0
        },
        "matrix_basis": [
          [
            0.97359699010849,
            0.22799399495124817,
            -0.011298633180558681,
            0.0
          ],
          [
            -0.21749413013458252,
            0.9415147304534912,
            0.2573836147785187,
            0.0
          ],
          [
            0.06931973993778229,
            -0.24813054502010345,
            0.9662432670593262,
            0.0
          ],
          [
            0.0,
            0.0,
            0.0,
            1.0
          ]
        ],
        "rotation_mode": "QUATERNION"
      },
      "armature_space": {
        "head": {
          "x": 0.04855813831090927,
          "y": -0.015627525746822357,
          "z": 0.6621003150939941
        },
        "tail": {
          "x": 0.09890054911375046,
          "y": 0.05537436902523041,
          "z": 0.7904654145240784
        }
      },
      "world_space": {
        "head": {
          "x": 0.04855813831090927,
          "y": 0.04761647433042526,
          "z": 1.6119543313980103
        },
        "tail": {
          "x": 0.09890054911375046,
          "y": 0.11861836910247803,
          "z": 1.7403194904327393
        },
        "rotation_quaternion": {
          "w": 0.8518099188804626,
          "x": 0.49645566940307617,
          "y": 0.057661041617393494,
          "z": -0.15692950785160065
        },
        "matrix": [
          [
            0.944096565246582,
            0.32460081577301025,
            -0.0575859472155571,
            0.04855813831090927
          ],
          [
            -0.21009743213653564,
            0.45781028270721436,
            -0.8638688325881958,
            0.04761647433042526
          ],
          [
            -0.25405099987983704,
            0.8276802897453308,
            0.5004174709320068,
            1.6119543313980103
          ],
          [
            0.0,
            0.0,
            0.0,
            1.0
          ]
        ]
      },
      "bone_length_armature_space": 0.155091022608517,
      "parent": "neck_01",
      "has_children": false,
      "is_end_bone": true
    },
    "upperarm_l": {
      "name": "upperarm_l",
      "local": {
        "location": {
          "x": 0.0,
          "y": 0.0,
          "z": 0.0
        },
        "rotation_quaternion": {
          "w": 0.995774507522583,
          "x": 0.045474596321582794,
          "y": -0.06670175492763519,
          "z": -0.04377440735697746
        },
        "scale": {
          "x": 1.0,
          "y": 1.0,
          "z": 1.0
        },
        "matrix_basis": [
          [
            0.9872693419456482,
            0.08111240714788437,
            -0.13682106137275696,
            0.0
          ],
          [
            -0.09324534982442856,
            0.9920317530632019,
            -0.08472523093223572,
            0.0
          ],
          [
            0.1288585662841797,
            0.0964045450091362,
            0.9869658946990967,
            0.0
          ],
          [
            0.0,
            0.0,
            0.0,
            1.0
          ]
        ],
        "rotation_mode": "QUATERNION"
      },
      "armature_space": {
        "head": {
          "x": 0.18643514811992645,
          "y": -0.01737622544169426,
          "z": 0.4814101457595825
        },
        "tail": {
          "x": 0.4484441876411438,
          "y": -0.04495927691459656,
          "z": 0.4324397146701813
        }
      },
      "world_space": {
        "head": {
          "x": 0.18643514811992645,
          "y": 0.04586777463555336,
          "z": 1.4312641620635986
        },
        "tail": {
          "x": 0.4484441876411438,
          "y": 0.018284723162651062,
          "z": 1.382293701171875
        },
        "rotation_quaternion": {
          "w": 0.46734490990638733,
          "x": 0.42765507102012634,
          "y": 0.4797104597091675,
          "z": -0.6071061491966248
        },
        "matrix": [
          [
            -0.19739945232868195,
            0.9777572154998779,
            -0.07088357955217361,
            0.18643514811992645
          ],
          [
            -0.1571563184261322,
            -0.10293358564376831,
            -0.9821949601173401,
            0.04586777463555336
          ],
          [
            -0.9676511883735657,
            -0.18274633586406708,
            0.17398005723953247,
            1.4312641620635986
          ],
          [
            0.0,
            0.0,
            0.0,
            1.0
          ]
        ]
      },
      "bone_length_armature_space": 0.2679695010044387,
      "parent": "spine_01",
      "has_children": true,
      "is_end_bone": false
    },
    "lowerarm_l": {
      "name": "lowerarm_l",
      "local": {
        "location": {
          "x": 0.0,
          "y": 0.0,
          "z": 0.0
        },
        "rotation_quaternion": {
          "w": 0.8846602439880371,
          "x": 0.4398418068885803,
          "y": -0.11713346093893051,
          "z": 0.10097184032201767
        },
        "scale": {
          "x": 1.0,
          "y": 1.0,
          "z": 1.0
        },
        "matrix_basis": [
          [
            0.952168881893158,
            -0.28169193863868713,
            -0.11842335760593414,
            0.0
          ],
          [
            0.0756111592054367,
            0.592687726020813,
            -0.8018754720687866,
            0.0
          ],
          [
            0.2960699200630188,
            0.7545667290687561,
            0.5856378674507141,
            0.0
          ],
          [
            0.0,
            0.0,
            0.0,
            1.0
          ]
        ],
        "rotation_mode": "QUATERNION"
      },
      "armature_space": {
        "head": {
          "x": 0.44844430685043335,
          "y": -0.04495932161808014,
          "z": 0.43243980407714844
        },
        "tail": {
          "x": 0.5812767744064331,
          "y": -0.24253013730049133,
          "z": 0.5544677972793579
        }
      },
      "world_space": {
        "head": {
          "x": 0.44844430685043335,
          "y": 0.01828467845916748,
          "z": 1.3822938203811646
        },
        "tail": {
          "x": 0.5812767744064331,
          "y": -0.1792861372232437,
          "z": 1.504321813583374
        },
        "rotation_quaternion": {
          "w": 0.35969027876853943,
          "x": 0.5573002696037292,
          "y": -0.036941979080438614,
          "z": -0.7474453449249268
        },
        "matrix": [
          [
            -0.12007786333560944,
            0.49652454257011414,
            -0.8596769571304321,
            0.44844430685043335
          ],
          [
            -0.5788741111755371,
            -0.7385149002075195,
            -0.34568899869918823,
            0.01828467845916748
          ],
          [
            -0.8065334558486938,
            0.45613765716552734,
            0.3761068880558014,
            1.3822938203811646
          ],
          [
            0.0,
            0.0,
            0.0,
            1.0
          ]
        ]
      },
      "bone_length_armature_space": 0.26752481138281364,
      "parent": "upperarm_l",
      "has_children": true,
      "is_end_bone": false
    },
    "metacarpal_thumb_l": {
      "name": "metacarpal_thumb_l",
      "local": {
        "location": {
          "x": 0.0,
          "y": 0.0,
          "z": 0.0
        },
        "rotation_quaternion": {
          "w": 0.9989991188049316,
          "x": -0.044151175767183304,
          "y": 0.006512691266834736,
          "z": -0.0030016389209777117
        },
        "scale": {
          "x": 1.0,
          "y": 1.0,
          "z": 1.0
        },
        "matrix_basis": [
          [
            0.9998971223831177,
            0.005422183312475681,
            0.013277397491037846,
            0.0
          ],
          [
            -0.006572355050593615,
            0.9960833191871643,
            0.08817487210035324,
            0.0
          ],
          [
            -0.012747294269502163,
            -0.08825306594371796,
            0.9960165023803711,
            0.0
          ],
          [
            0.0,
            0.0,
            0.0,
            1.0
          ]
        ],
        "rotation_mode": "QUATERNION"
      },
      "armature_space": {
        "head": {
          "x": 0.5812767744064331,
          "y": -0.24253013730049133,
          "z": 0.5544677972793579
        },
        "tail": {
          "x": 0.5755506753921509,
          "y": -0.28474050760269165,
          "z": 0.5797479748725891
        }
      },
      "world_space": {
        "head": {
          "x": 0.5812767744064331,
          "y": -0.1792861372232437,
          "z": 1.504321813583374
        },
        "tail": {
          "x": 0.5755506753921509,
          "y": -0.22149650752544403,
          "z": 1.52960205078125
        },
        "rotation_quaternion": {
          "w": 0.2605360150337219,
          "x": 0.9601559638977051,
          "y": -0.07773827761411667,
          "z": -0.06463947147130966
        },
        "matrix": [
          [
            0.9795567989349365,
            -0.11559993773698807,
            -0.1646352857351303,
            0.5812767744064331
          ],
          [
            -0.18296368420124054,
            -0.852155327796936,
            -0.4902607798576355,
            -0.1792861372232437
          ],
          [
            -0.08362151682376862,
            0.5103634595870972,
            -0.8558917045593262,
            1.504321813583374
          ],
          [
            0.0,
            0.0,
            0.0,
            1.0
          ]
        ]
      },
      "bone_length_armature_space": 0.0495337352597259,
      "parent": "lowerarm_l",
      "has_children": true,
      "is_end_bone": false
    },
    "thumb_01_l": {
      "name": "thumb_01_l",
      "local": {
        "location": {
          "x": 0.0,
          "y": 0.0,
          "z": 0.0
        },
        "rotation_quaternion": {
          "w": 0.9968092441558838,
          "x": -0.07854866236448288,
          "y": 0.013897772878408432,
          "z": 0.0028880243189632893
        },
        "scale": {
          "x": 1.0,
          "y": 1.0,
          "z": 1.0
        },
        "matrix_basis": [
          [
            0.9995970129966736,
            -0.007940921932458878,
            0.027253156527876854,
            0.0
          ],
          [
            0.0035743156913667917,
            0.9876435399055481,
            0.15667633712291718,
            0.0
          ],
          [
            -0.02816055715084076,
            -0.15651579201221466,
            0.9872739315032959,
            0.0
          ],
          [
            0.0,
            0.0,
            0.0,
            1.0
          ]
        ],
        "rotation_mode": "QUATERNION"
      },
      "armature_space": {
        "head": {
          "x": 0.5755506753921509,
          "y": -0.28474050760269165,
          "z": 0.5797479748725891
        },
        "tail": {
          "x": 0.5598386526107788,
          "y": -0.3134659230709076,
          "z": 0.5704415440559387
        }
      },
      "world_space": {
        "head": {
          "x": 0.5755506753921509,
          "y": -0.22149650752544403,
          "z": 1.52960205078125
        },
        "tail": {
          "x": 0.5598386526107788,
          "y": -0.2502219080924988,
          "z": 1.5202956199645996
        },
        "rotation_quaternion": {
          "w": 0.06011750176548958,
          "x": 0.7014862895011902,
          "y": -0.27282145619392395,
          "z": 0.6556457877159119
        },
        "matrix": [
          [
            -0.008606405928730965,
            -0.4615946114063263,
            0.8870490789413452,
            0.5755506753921509
          ],
          [
            -0.3039292097091675,
            -0.8439077138900757,
            -0.4420939087867737,
            -0.22149650752544403
          ],
          [
            0.9526619911193848,
            -0.2734077274799347,
            -0.13303044438362122,
            1.52960205078125
          ],
          [
            0.0,
            0.0,
            0.0,
            1.0
          ]
        ]
      },
      "bone_length_armature_space": 0.034038607186772644,
      "parent": "metacarpal_thumb_l",
      "has_children": true,
      "is_end_bone": false
    },
    "thumb_02_l": {
      "name": "thumb_02_l",
      "local": {
        "location": {
          "x": 0.0,
          "y": 0.0,
          "z": 0.0
        },
        "rotation_quaternion": {
          "w": 0.9951658248901367,
          "x": 0.09786330163478851,
          "y": 0.0077614933252334595,
          "z": -0.0027714455500245094
        },
        "scale": {
          "x": 1.0,
          "y": 1.0,
          "z": 1.0
        },
        "matrix_basis": [
          [
            0.9998641610145569,
            0.007035226561129093,
            0.01490550022572279,
            0.0
          ],
          [
            -0.003996965009719133,
            0.980830192565918,
            -0.19482344388961792,
            0.0
          ],
          [
            -0.01599039137363434,
            0.19473740458488464,
            0.9807250499725342,
            0.0
          ],
          [
            0.0,
            0.0,
            0.0,
            1.0
          ]
        ],
        "rotation_mode": "QUATERNION"
      },
      "armature_space": {
        "head": {
          "x": 0.559838593006134,
          "y": -0.3134658634662628,
          "z": 0.5704415440559387
        },
        "tail": {
          "x": 0.5776256322860718,
          "y": -0.34410756826400757,
          "z": 0.5893595218658447
        }
      },
      "world_space": {
        "head": {
          "x": 0.559838593006134,
          "y": -0.250221848487854,
          "z": 1.5202956199645996
        },
        "tail": {
          "x": 0.5776256322860718,
          "y": -0.28086358308792114,
          "z": 1.5392135381698608
        },
        "rotation_quaternion": {
          "w": 0.08586331456899643,
          "x": -0.45221996307373047,
          "y": -0.33342787623405457,
          "z": -0.8227699995040894
        },
        "matrix": [
          [
            -0.5762496590614319,
            0.44285649061203003,
            0.6868873238563538,
            0.559838593006134
          ],
          [
            0.1602734923362732,
            -0.7629071474075317,
            0.6263266801834106,
            -0.250221848487854
          ],
          [
            0.8014098405838013,
            0.47101297974586487,
            0.36865004897117615,
            1.5202956199645996
          ],
          [
            0.0,
            0.0,
            0.0,
            1.0
          ]
        ]
      },
      "bone_length_armature_space": 0.04016444625925759,
      "parent": "thumb_01_l",
      "has_children": true,
      "is_end_bone": false
    },
    "thumb_03_l": {
      "name": "thumb_03_l",
      "local": {
        "location": {
          "x": 0.0,
          "y": 0.0,
          "z": 0.0
        },
        "rotation_quaternion": {
          "w": 0.9988710284233093,
          "x": 0.046753790229558945,
          "y": -0.006969520356506109,
          "z": -0.004724097903817892
        },
        "scale": {
          "x": 1.0,
          "y": 1.0,
          "z": 1.0
        },
        "matrix_basis": [
          [
            0.9998582005500793,
            0.008785826154053211,
            -0.014365042559802532,
            0.0
          ],
          [
            -0.01008923165500164,
            0.9955835342407227,
            -0.09333616495132446,
            0.0
          ],
          [
            0.013481564819812775,
            0.09346786141395569,
            0.9955310225486755,
            0.0
          ],
          [
            0.0,
            0.0,
            0.0,
            1.0
          ]
        ],
        "rotation_mode": "QUATERNION"
      },
      "armature_space": {
        "head": {
          "x": 0.577625572681427,
          "y": -0.34410756826400757,
          "z": 0.5893595218658447
        },
        "tail": {
          "x": 0.5995311737060547,
          "y": -0.359566330909729,
          "z": 0.6037839651107788
        }
      },
      "world_space": {
        "head": {
          "x": 0.577625572681427,
          "y": -0.28086358308792114,
          "z": 1.5392135381698608
        },
        "tail": {
          "x": 0.5995311737060547,
          "y": -0.2963223457336426,
          "z": 1.553637981414795
        },
        "rotation_quaternion": {
          "w": 0.294100284576416,
          "x": -0.3009261190891266,
          "y": -0.399529367685318,
          "z": -0.8144474625587463
        },
        "matrix": [
          [
            -0.6458967924118042,
            0.7195166945457458,
            0.25517240166664124,
            0.577625572681427
          ],
          [
            -0.23860222101211548,
            -0.5077619552612305,
            0.8277963399887085,
            -0.28086358308792114
          ],
          [
            0.7251849174499512,
            0.47378915548324585,
            0.49964439868927,
            1.5392135381698608
          ],
          [
            0.0,
            0.0,
            0.0,
            1.0
          ]
        ]
      },
      "bone_length_armature_space": 0.030444921548697625,
      "parent": "thumb_02_l",
      "has_children": false,
      "is_end_bone": true
    },
    "metacarpal_index_l": {
      "name": "metacarpal_index_l",
      "local": {
        "location": {
          "x": 0.0,
          "y": 0.0,
          "z": 0.0
        },
        "rotation_quaternion": {
          "w": 0.9978460669517517,
          "x": -0.06474783271551132,
          "y": -0.009457331150770187,
          "z": -0.0046536908484995365
        },
        "scale": {
          "x": 1.0,
          "y": 1.0,
          "z": 1.0
        },
        "matrix_basis": [
          [
            0.9997777938842773,
            0.010512017644941807,
            -0.01827128790318966,
            0.0
          ],
          [
            -0.008062650449573994,
            0.9915721416473389,
            0.12930476665496826,
            0.0
          ],
          [
            0.019476553425192833,
            -0.12912872433662415,
            0.9914365410804749,
            0.0
          ],
          [
            0.0,
            0.0,
            0.0,
            1.0
          ]
        ],
        "rotation_mode": "QUATERNION"
      },
      "armature_space": {
        "head": {
          "x": 0.5812767744064331,
          "y": -0.24253013730049133,
          "z": 0.5544677972793579
        },
        "tail": {
          "x": 0.6160152554512024,
          "y": -0.3325514793395996,
          "z": 0.6209408640861511
        }
      },
      "world_space": {
        "head": {
          "x": 0.5812767744064331,
          "y": -0.1792861372232437,
          "z": 1.504321813583374
        },
        "tail": {
          "x": 0.6160152554512024,
          "y": -0.2693074941635132,
          "z": 1.5707948207855225
        },
        "rotation_quaternion": {
          "w": 0.33987388014793396,
          "x": 0.8558244705200195,
          "y": 0.018529944121837616,
          "z": -0.38949573040008545
        },
        "matrix": [
          [
            0.6959000825881958,
            0.2964749336242676,
            -0.654083788394928,
            0.5812767744064331
          ],
          [
            -0.23304162919521332,
            -0.7682853937149048,
            -0.5961791276931763,
            -0.1792861372232437
          ],
          [
            -0.679280161857605,
            0.5673130750656128,
            -0.4655625522136688,
            1.504321813583374
          ],
          [
            0.0,
            0.0,
            0.0,
            1.0
          ]
        ]
      },
      "bone_length_armature_space": 0.11717197941282513,
      "parent": "lowerarm_l",
      "has_children": true,
      "is_end_bone": false
    },
    "index_01_l": {
      "name": "index_01_l",
      "local": {
        "location": {
          "x": 0.0,
          "y": 0.0,
          "z": 0.0
        },
        "rotation_quaternion": {
          "w": 0.9928086400032043,
          "x": -0.11917392909526825,
          "y": 0.011230618692934513,
          "z": 0.0016064995434135199
        },
        "scale": {
          "x": 1.0,
          "y": 1.0,
          "z": 1.0
        },
        "matrix_basis": [
          [
            0.9997425675392151,
            -0.005866687279194593,
            0.02191680483520031,
            0.0
          ],
          [
            0.0005130993667989969,
            0.971589982509613,
            0.2366698980331421,
            0.0
          ],
          [
            -0.022682616487145424,
            -0.23659773170948029,
            0.971342921257019,
            0.0
          ],
          [
            0.0,
            0.0,
            0.0,
            1.0
          ]
        ],
        "rotation_mode": "QUATERNION"
      },
      "armature_space": {
        "head": {
          "x": 0.6160152554512024,
          "y": -0.3325514793395996,
          "z": 0.6209408640861511
        },
        "tail": {
          "x": 0.6364683508872986,
          "y": -0.3476645052433014,
          "z": 0.6338381171226501
        }
      },
      "world_space": {
        "head": {
          "x": 0.6160152554512024,
          "y": -0.2693074941635132,
          "z": 1.5707948207855225
        },
        "tail": {
          "x": 0.6364683508872986,
          "y": -0.2844204902648926,
          "z": 1.5836920738220215
        },
        "rotation_quaternion": {
          "w": 0.4142758548259735,
          "x": 0.7828816175460815,
          "y": 0.25173115730285645,
          "z": -0.3900042474269867
        },
        "matrix": [
          [
            0.5690564513206482,
            0.7172901630401611,
            -0.4020814299583435,
            0.6160152554512024
          ],
          [
            0.0710141658782959,
            -0.530014157295227,
            -0.8450103402137756,
            -0.2693074941635132
          ],
          [
            -0.819232165813446,
            0.4523076117038727,
            -0.35254886746406555,
            1.5707948207855225
          ],
          [
            0.0,
            0.0,
            0.0,
            1.0
          ]
        ]
      },
      "bone_length_armature_space": 0.02851441398957507,
      "parent": "metacarpal_index_l",
      "has_children": true,
      "is_end_bone": false
    },
    "index_02_l": {
      "name": "index_02_l",
      "local": {
        "location": {
          "x": 0.0,
          "y": 0.0,
          "z": 0.0
        },
        "rotation_quaternion": {
          "w": 0.999845027923584,
          "x": 0.015696370974183083,
          "y": -0.007889104075729847,
          "z": -0.001226754509843886
        },
        "scale": {
          "x": 1.0,
          "y": 1.0,
          "z": 1.0
        },
        "matrix_basis": [
          [
            0.9998725056648254,
            0.002205468248575926,
            -0.015814274549484253,
            0.0
          ],
          [
            -0.0027007893659174442,
            0.9995042085647583,
            -0.031368520110845566,
            0.0
          ],
          [
            0.015737252309918404,
            0.03140723332762718,
            0.9993827939033508,
            0.0
          ],
          [
            0.0,
            0.0,
            0.0,
            1.0
          ]
        ],
        "rotation_mode": "QUATERNION"
      },
      "armature_space": {
        "head": {
          "x": 0.6364683508872986,
          "y": -0.3476649820804596,
          "z": 0.6338383555412292
        },
        "tail": {
          "x": 0.655348002910614,
          "y": -0.3611312210559845,
          "z": 0.644806981086731
        }
      },
      "world_space": {
        "head": {
          "x": 0.6364683508872986,
          "y": -0.2844209671020508,
          "z": 1.5836923122406006
        },
        "tail": {
          "x": 0.655348002910614,
          "y": -0.2978872060775757,
          "z": 1.594660997390747
        },
        "rotation_quaternion": {
          "w": 0.4198046326637268,
          "x": 0.7613799571990967,
          "y": 0.2475842386484146,
          "z": -0.4275122880935669
        },
        "matrix": [
          [
            0.5118708610534668,
            0.7359544634819031,
            -0.4431242048740387,
            0.6364683508872986
          ],
          [
            0.0180694330483675,
            -0.5249326825141907,
            -0.8509522080421448,
            -0.2844209671020508
          ],
          [
            -0.8588785529136658,
            0.42757290601730347,
            -0.2819986641407013,
            1.5836923122406006
          ],
          [
            0.0,
            0.0,
            0.0,
            1.0
          ]
        ]
      },
      "bone_length_armature_space": 0.02565329583028833,
      "parent": "index_01_l",
      "has_children": true,
      "is_end_bone": false
    },
    "index_03_l": {
      "name": "index_03_l",
      "local": {
        "location": {
          "x": 0.0,
          "y": 0.0,
          "z": 0.0
        },
        "rotation_quaternion": {
          "w": 0.9996750354766846,
          "x": 0.024930637329816818,
          "y": -0.0017722146585583687,
          "z": -0.005014616064727306
        },
        "scale": {
          "x": 1.0,
          "y": 1.0,
          "z": 1.0
        },
        "matrix_basis": [
          [
            0.9999434351921082,
            0.009937607683241367,
            -0.0037933127023279667,
            0.0
          ],
          [
            -0.010114338248968124,
            0.9987066388130188,
            -0.049827296286821365,
            0.0
          ],
          [
            0.0032932423055171967,
            0.04986284673213959,
            0.998750627040863,
            0.0
          ],
          [
            0.0,
            0.0,
            0.0,
            1.0
          ]
        ],
        "rotation_mode": "QUATERNION"
      },
      "armature_space": {
        "head": {
          "x": 0.655348002910614,
          "y": -0.36113110184669495,
          "z": 0.6448071002960205
        },
        "tail": {
          "x": 0.6763151288032532,
          "y": -0.3795858323574066,
          "z": 0.6533823609352112
        }
      },
      "world_space": {
        "head": {
          "x": 0.655348002910614,
          "y": -0.29788708686828613,
          "z": 1.5946611166000366
        },
        "tail": {
          "x": 0.6763151288032532,
          "y": -0.3163418173789978,
          "z": 1.603236436843872
        },
        "rotation_quaternion": {
          "w": 0.33502018451690674,
          "x": 0.7894213795661926,
          "y": 0.2682500183582306,
          "z": -0.4388820230960846
        },
        "matrix": [
          [
            0.47084909677505493,
            0.7175934314727783,
            -0.5131868124008179,
            0.655348002910614
          ],
          [
            0.12945666909217834,
            -0.6316067576408386,
            -0.7644045352935791,
            -0.29788708686828613
          ],
          [
            -0.8726699352264404,
            0.29348501563072205,
            -0.3902919590473175,
            1.5946611166000366
          ],
          [
            0.0,
            0.0,
            0.0,
            1.0
          ]
        ]
      },
      "bone_length_armature_space": 0.02921870190725952,
      "parent": "index_02_l",
      "has_children": false,
      "is_end_bone": true
    },
    "metacarpal_pinky_l": {
      "name": "metacarpal_pinky_l",
      "local": {
        "location": {
          "x": 0.0,
          "y": 0.0,
          "z": 0.0
        },
        "rotation_quaternion": {
          "w": 0.9990243911743164,
          "x": -0.04142279922962189,
          "y": 0.012429391965270042,
          "z": -0.008949805051088333
        },
        "scale": {
          "x": 1.0,
          "y": 1.0,
          "z": 1.0
        },
        "matrix_basis": [
          [
            0.9995308518409729,
            0.016852427273988724,
            0.02557598426938057,
            0.0
          ],
          [
            -0.01891186833381653,
            0.9964081048965454,
            0.0825422927737236,
            0.0
          ],
          [
            -0.024093080312013626,
            -0.08298725634813309,
            0.996259331703186,
            0.0
          ],
          [
            0.0,
            0.0,
            0.0,
            1.0
          ]
        ],
        "rotation_mode": "QUATERNION"
      },
      "armature_space": {
        "head": {
          "x": 0.5812767744064331,
          "y": -0.24253013730049133,
          "z": 0.5544677972793579
        },
        "tail": {
          "x": 0.6567121148109436,
          "y": -0.3096787631511688,
          "z": 0.579840898513794
        }
      },
      "world_space": {
        "head": {
          "x": 0.5812767744064331,
          "y": -0.1792861372232437,
          "z": 1.504321813583374
        },
        "tail": {
          "x": 0.6567121148109436,
          "y": -0.2464347630739212,
          "z": 1.52969491481781
        },
        "rotation_quaternion": {
          "w": 0.3896469473838806,
          "x": -0.059991512447595596,
          "y": -0.16046977043151855,
          "z": -0.9048898816108704
        },
        "matrix": [
          [
            -0.6891524791717529,
            0.7244288325309753,
            -0.01648256555199623,
            0.5812767744064331
          ],
          [
            -0.6859219074249268,
            -0.6448491811752319,
            0.33716636896133423,
            -0.1792861372232437
          ],
          [
            0.2336253970861435,
            0.243665874004364,
            0.9413078427314758,
            1.504321813583374
          ],
          [
            0.0,
            0.0,
            0.0,
            1.0
          ]
        ]
      },
      "bone_length_armature_space": 0.10413079653112595,
      "parent": "lowerarm_l",
      "has_children": true,
      "is_end_bone": false
    },
    "pinky_01_l": {
      "name": "pinky_01_l",
      "local": {
        "location": {
          "x": 0.0,
          "y": 0.0,
          "z": 0.0
        },
        "rotation_quaternion": {
          "w": 0.9963501691818237,
          "x": -0.08039353787899017,
          "y": 0.02667020633816719,
          "z": 0.010577410459518433
        },
        "scale": {
          "x": 1.0,
          "y": 1.0,
          "z": 1.0
        },
        "matrix_basis": [
          [
            0.9983536601066589,
            -0.025365833193063736,
            0.051445018500089645,
            0.0
          ],
          [
            0.016789384186267853,
            0.9868500232696533,
            0.1607644408941269,
            0.0
          ],
          [
            -0.05484643951058388,
            -0.1596360206604004,
            0.9856511354446411,
            0.0
          ],
          [
            0.0,
            0.0,
            0.0,
            1.0
          ]
        ],
        "rotation_mode": "QUATERNION"
      },
      "armature_space": {
        "head": {
          "x": 0.6567121148109436,
          "y": -0.3096787631511688,
          "z": 0.579840898513794
        },
        "tail": {
