{
  "metadata": {
    "armature_name": "KIM_caucasian_male",
    "export_time": "2026-01-13T20:54:57.448514",
    "blender_version": "4.4.1",
    "bone_count": 56,
    "end_bone_count": 13,
    "spaces_included": [
      "LOCAL_CHANNELS",
      "ARMATURE_SPACE",
      "WORLD_SPACE"
    ],
    "note": "LOCAL matches Transform panel; replay pose via local.matrix_basis for best fidelity."
  },
  "bones": {
    "Root": {
      "name": "Root",
      "local": {
        "location": {
          "x": 0.0,
          "y": 0.0,
          "z": 0.0
        },
        "rotation_quaternion": {
          "w": 0.9998587369918823,
          "x": 0.0016922815702855587,
          "y": -0.01591658405959606,
          "z": -0.005133889615535736
        },
        "scale": {
          "x": 1.0,
          "y": 1.0,
          "z": 1.0
        },
        "matrix_basis": [
          [
            0.999440610408783,
            0.010212457738816738,
            -0.031846046447753906,
            0.0
          ],
          [
            -0.010320199653506279,
            0.9999415874481201,
            -0.003220657119527459,
            0.0
          ],
          [
            0.031811296939849854,
            0.003547512926161289,
            0.999487578868866,
            0.0
          ],
          [
            0.0,
            0.0,
            0.0,
            1.0
          ]
        ],
        "rotation_mode": "QUATERNION"
      },
      "armature_space": {
        "head": {
          "x": 0.0,
          "y": 0.07072800397872925,
          "z": -0.009595036506652832
        },
        "tail": {
          "x": 0.0007289230707101524,
          "y": -2.9906630516052246e-05,
          "z": -0.00025147106498479843
        }
      },
      "world_space": {
        "head": {
          "x": 0.0,
          "y": 0.13397200405597687,
          "z": 0.9402589797973633
        },
        "tail": {
          "x": 0.0007289230707101524,
          "y": 0.06321409344673157,
          "z": 0.9496025443077087
        },
        "rotation_quaternion": {
          "w": 0.06566968560218811,
          "x": 0.9977012872695923,
          "y": 0.004049959592521191,
          "z": -0.016226286068558693
        },
        "matrix": [
          [
            0.999440610408783,
            0.010212457738816738,
            -0.031846046447753906,
            0.0
          ],
          [
            0.005950142629444599,
            -0.9913421869277954,
            -0.1311693787574768,
            0.13397200405597687
          ],
          [
            -0.03291011601686478,
            0.13090650737285614,
            -0.9908553957939148,
            0.9402589797973633
          ],
          [
            0.0,
            0.0,
            0.0,
            1.0
          ]
        ]
      },
      "bone_length_armature_space": 0.07137587597423613,
      "parent": null,
      "has_children": true,
      "is_end_bone": false
    },
    "spine_01": {
      "name": "spine_01",
      "local": {
        "location": {
          "x": 0.0,
          "y": 0.0,
          "z": 0.0
        },
        "rotation_quaternion": {
          "w": 0.9991177320480347,
          "x": -0.01845243014395237,
          "y": 0.03503057733178139,
          "z": -0.014003736898303032
        },
        "scale": {
          "x": 1.0,
          "y": 1.0,
          "z": 1.0
        },
        "matrix_basis": [
          [
            0.9971535205841064,
            0.026689965277910233,
            0.07051614671945572,
            0.0
          ],
          [
            -0.0292755626142025,
            0.9989268183708191,
            0.03589118272066116,
            0.0
          ],
          [
            -0.06948253512382507,
            -0.0378534197807312,
            0.9968647360801697,
            0.0
          ],
          [
            0.0,
            0.0,
            0.0,
            1.0
          ]
        ],
        "rotation_mode": "QUATERNION"
      },
      "armature_space": {
        "head": {
          "x": 0.0007289230707101524,
          "y": -2.9906630516052246e-05,
          "z": -0.00025147106498479843
        },
        "tail": {
          "x": 0.0295121930539608,
          "y": 0.0396849699318409,
          "z": 0.4852820336818695
        }
      },
      "world_space": {
        "head": {
          "x": 0.0007289230707101524,
          "y": 0.06321409344673157,
          "z": 0.9496025443077087
        },
        "tail": {
          "x": 0.0295121930539608,
          "y": 0.10292896628379822,
          "z": 1.435136079788208
        },
        "rotation_quaternion": {
          "w": 0.7336769700050354,
          "x": 0.6777037978172302,
          "y": 0.04908454790711403,
          "z": 0.005143680609762669
        },
        "matrix": [
          [
            0.9951285719871521,
            0.058981962502002716,
            0.07899580150842667,
            0.0007289230707101524
          ],
          [
            0.07407675683498383,
            0.08138273656368256,
            -0.9939264059066772,
            0.06321409344673157
          ],
          [
            -0.06505300849676132,
            0.9949432015419006,
            0.07661673426628113,
            0.9496025443077087
          ],
          [
            0.0,
            0.0,
            0.0,
            1.0
          ]
        ]
      },
      "bone_length_armature_space": 0.4880046520608493,
      "parent": "Root",
      "has_children": true,
      "is_end_bone": false
    },
    "neck_01": {
      "name": "neck_01",
      "local": {
        "location": {
          "x": 0.0,
          "y": 0.0,
          "z": 0.0
        },
        "rotation_quaternion": {
          "w": 0.987740695476532,
          "x": 0.05809459090232849,
          "y": 0.05369986221194267,
          "z": -0.13457268476486206
        },
        "scale": {
          "x": 1.0,
          "y": 1.0,
          "z": 1.0
        },
        "matrix_basis": [
          [
            0.9580130577087402,
            0.27208518981933594,
            0.09044718742370605,
            0.0
          ],
          [
            -0.2596064805984497,
            0.9570304155349731,
            -0.12921784818172455,
            0.0
          ],
          [
            -0.12171896547079086,
            0.10031171143054962,
            0.9874826669692993,
            0.0
          ],
          [
            0.0,
            0.0,
            0.0,
            1.0
          ]
        ],
        "rotation_mode": "QUATERNION"
      },
      "armature_space": {
        "head": {
          "x": 0.03657037019729614,
          "y": 0.011173881590366364,
          "z": 0.5607873797416687
        },
        "tail": {
          "x": 0.07313238084316254,
          "y": -0.026242248713970184,
          "z": 0.6489575505256653
        }
      },
      "world_space": {
        "head": {
          "x": 0.03657037019729614,
          "y": 0.07441788166761398,
          "z": 1.51064133644104
        },
        "tail": {
          "x": 0.07313238084316254,
          "y": 0.037001751363277435,
          "z": 1.5988116264343262
        },
        "rotation_quaternion": {
          "w": 0.5312233567237854,
          "x": 0.8249613046646118,
          "y": 0.18794098496437073,
          "z": -0.043804384768009186
        },
        "matrix": [
          [
            0.9255184531211853,
            0.35662826895713806,
            0.12740492820739746,
            0.03657037019729614
          ],
          [
            0.26354971528053284,
            -0.3649594485759735,
            -0.8929426670074463,
            0.07441788166761398
          ],
          [
            -0.2719525098800659,
            0.8600178360939026,
            -0.4317696690559387,
            1.51064133644104
          ],
          [
            0.0,
            0.0,
            0.0,
            1.0
          ]
        ]
      },
      "bone_length_armature_space": 0.10252183417500597,
      "parent": "spine_01",
      "has_children": true,
      "is_end_bone": false
    },
    "head": {
      "name": "head",
      "local": {
        "location": {
          "x": 0.0,
          "y": 0.0,
          "z": 0.0
        },
        "rotation_quaternion": {
          "w": 0.9920073747634888,
          "x": -0.06183547526597977,
          "y": -0.10331471264362335,
          "z": -0.03773382306098938
        },
        "scale": {
          "x": 1.0,
          "y": 1.0,
          "z": 1.0
        },
        "matrix_basis": [
          [
            0.9758044481277466,
            0.08764149248600006,
            -0.2003113329410553,
            0.0
          ],
          [
            -0.06208743155002594,
            0.9895050525665283,
            0.13047941029071808,
            0.0
          ],
          [
            0.20964449644088745,
            -0.11488557606935501,
            0.9710049033164978,
            0.0
          ],
          [
            0.0,
            0.0,
            0.0,
            1.0
          ]
        ],
        "rotation_mode": "QUATERNION"
      },
      "armature_space": {
        "head": {
          "x": 0.07313236594200134,
          "y": -0.026242360472679138,
          "z": 0.6489574313163757
        },
        "tail": {
          "x": 0.1252312958240509,
          "y": -0.008208602666854858,
          "z": 0.7939186692237854
        }
      },
      "world_space": {
        "head": {
          "x": 0.07313236594200134,
          "y": 0.03700163960456848,
          "z": 1.598811388015747
        },
        "tail": {
          "x": 0.1252312958240509,
          "y": 0.05503539741039276,
          "z": 1.7437727451324463
        },
        "rotation_quaternion": {
          "w": 0.7323084473609924,
          "x": 0.6576744318008423,
          "y": 0.1478634625673294,
          "z": -0.09656763821840286
        },
        "matrix": [
          [
            0.9376224279403687,
            0.3359266221523285,
            0.0895414799451828,
            0.07313236594200134
          ],
          [
            0.0530553013086319,
            0.11627914756536484,
            -0.9917987585067749,
            0.03700163960456848
          ],
          [
            -0.3435855805873871,
            0.9346898198127747,
            0.09120296686887741,
            1.598811388015747
          ],
          [
            0.0,
            0.0,
            0.0,
            1.0
          ]
        ]
      },
      "bone_length_armature_space": 0.1550911854004004,
      "parent": "neck_01",
      "has_children": false,
      "is_end_bone": true
    },
    "upperarm_l": {
      "name": "upperarm_l",
      "local": {
        "location": {
          "x": 0.0,
          "y": 0.0,
          "z": 0.0
        },
        "rotation_quaternion": {
          "w": 0.9878180027008057,
          "x": 0.01682131737470627,
          "y": -0.11865828931331635,
          "z": -0.09926168620586395
        },
        "scale": {
          "x": 1.0,
          "y": 1.0,
          "z": 1.0
        },
        "matrix_basis": [
          [
            0.9521346688270569,
            0.1921129822731018,
            -0.23776501417160034,
            0.0
          ],
          [
            -0.20009693503379822,
            0.9797283411026001,
            -0.009676356799900532,
            0.0
          ],
          [
            0.23108616471290588,
            0.05678924545645714,
            0.9712744951248169,
            0.0
          ],
          [
            0.0,
            0.0,
            0.0,
            1.0
          ]
        ],
        "rotation_mode": "QUATERNION"
      },
      "armature_space": {
        "head": {
          "x": 0.18212755024433136,
          "y": 0.013646084815263748,
          "z": 0.4844058156013489
        },
        "tail": {
          "x": 0.4394305348396301,
          "y": 0.024674419313669205,
          "z": 0.41037046909332275
        }
      },
      "world_space": {
        "head": {
          "x": 0.18212755024433136,
          "y": 0.07689008116722107,
          "z": 1.4342598915100098
        },
        "tail": {
          "x": 0.4394305348396301,
          "y": 0.08791841566562653,
          "z": 1.3602244853973389
        },
        "rotation_quaternion": {
          "w": 0.5185560584068298,
          "x": 0.3250599205493927,
          "y": 0.501674234867096,
          "z": -0.6113580465316772
        },
        "matrix": [
          [
            -0.2508702874183655,
            0.9601953625679016,
            0.122837133705616,
            0.18212755024433136
          ],
          [
            -0.307900607585907,
            0.041155193001031876,
            -0.9505281448364258,
            0.07689008116722107
          ],
          [
            -0.9177546501159668,
            -0.27628281712532043,
            0.2853212058544159,
            1.4342598915100098
          ],
          [
            0.0,
            0.0,
            0.0,
            1.0
          ]
        ]
      },
      "bone_length_armature_space": 0.2679695646763063,
      "parent": "spine_01",
      "has_children": true,
      "is_end_bone": false
    },
    "lowerarm_l": {
      "name": "lowerarm_l",
      "local": {
        "location": {
          "x": 0.0,
          "y": 0.0,
          "z": 0.0
        },
        "rotation_quaternion": {
          "w": 0.9371479153633118,
          "x": 0.3461461365222931,
          "y": -0.0382949523627758,
          "z": -0.021682994440197945
        },
        "scale": {
          "x": 1.0,
          "y": 1.0,
          "z": 1.0
        },
        "matrix_basis": [
          [
            0.9961267113685608,
            0.014129046350717545,
            -0.08678703755140305,
            0.0
          ],
          [
            -0.06715164333581924,
            0.7594254016876221,
            -0.6471195816993713,
            0.0
          ],
          [
            0.056765101850032806,
            0.6504409313201904,
            0.7574326992034912,
            0.0
          ],
          [
            0.0,
            0.0,
            0.0,
            1.0
          ]
        ],
        "rotation_mode": "QUATERNION"
      },
      "armature_space": {
        "head": {
          "x": 0.4394306540489197,
          "y": 0.024674411863088608,
          "z": 0.4103705585002899
        },
        "tail": {
          "x": 0.6447163224220276,
          "y": -0.14270919561386108,
          "z": 0.44791892170906067
        }
      },
      "world_space": {
        "head": {
          "x": 0.4394306540489197,
          "y": 0.08791841566562653,
          "z": 1.3602246046066284
        },
        "tail": {
          "x": 0.6447163224220276,
          "y": -0.07946519553661346,
          "z": 1.3977729082107544
        },
        "rotation_quaternion": {
          "w": 0.4049561023712158,
          "x": 0.46389418840408325,
          "y": 0.15222321450710297,
          "z": -0.7730724811553955
        },
        "matrix": [
          [
            -0.24162468314170837,
            0.767352819442749,
            -0.5939586758613586,
            0.4394306540489197
          ],
          [
            -0.48489058017730713,
            -0.6256758570671082,
            -0.6110738515853882,
            0.08791841566562653
          ],
          [
            -0.8405410647392273,
            0.14035487174987793,
            0.5232640504837036,
            1.3602246046066284
          ],
          [
            0.0,
            0.0,
            0.0,
            1.0
          ]
        ]
      },
      "bone_length_armature_space": 0.2675244991574102,
      "parent": "upperarm_l",
      "has_children": true,
      "is_end_bone": false
    },
    "metacarpal_thumb_l": {
      "name": "metacarpal_thumb_l",
      "local": {
        "location": {
          "x": 0.0,
          "y": 0.0,
          "z": 0.0
        },
        "rotation_quaternion": {
          "w": 0.9995357990264893,
          "x": -0.020358361303806305,
          "y": -0.022639887407422066,
          "z": -0.0010708397021517158
        },
        "scale": {
          "x": 1.0,
          "y": 1.0,
          "z": 1.0
        },
        "matrix_basis": [
          [
            0.9989725947380066,
            0.003062507137656212,
            -0.04521515592932701,
            0.0
          ],
          [
            -0.0012188631808385253,
            0.9991687536239624,
            0.040746308863162994,
            0.0
          ],
          [
            0.04530235752463341,
            -0.04064933583140373,
            0.9981459379196167,
            0.0
          ],
          [
            0.0,
            0.0,
            0.0,
            1.0
          ]
        ],
        "rotation_mode": "QUATERNION"
      },
      "armature_space": {
        "head": {
          "x": 0.6447163224220276,
          "y": -0.14270919561386108,
          "z": 0.44791892170906067
        },
        "tail": {
          "x": 0.6560218334197998,
          "y": -0.18860216438770294,
          "z": 0.4627380669116974
        }
      },
      "world_space": {
        "head": {
          "x": 0.6447163224220276,
          "y": -0.07946519553661346,
          "z": 1.3977729082107544
        },
        "tail": {
          "x": 0.6560218334197998,
          "y": -0.12535816431045532,
          "z": 1.4125920534133911
        },
        "rotation_quaternion": {
          "w": 0.17411090433597565,
          "x": 0.9578056335449219,
          "y": 0.08021869510412216,
          "z": -0.2141466587781906
        },
        "matrix": [
          [
            0.8954123258590698,
            0.22823840379714966,
            -0.38228750228881836,
            0.6447163224220276
          ],
          [
            0.07909741997718811,
            -0.9265004992485046,
            -0.36788633465766907,
            -0.07946519553661346
          ],
          [
            -0.43815848231315613,
            0.2991732358932495,
            -0.8476594090461731,
            1.3977729082107544
          ],
          [
            0.0,
            0.0,
            0.0,
            1.0
          ]
        ]
      },
      "bone_length_armature_space": 0.049533687851299475,
      "parent": "lowerarm_l",
      "has_children": true,
      "is_end_bone": false
    },
    "thumb_01_l": {
      "name": "thumb_01_l",
      "local": {
        "location": {
          "x": 0.0,
          "y": 0.0,
          "z": 0.0
        },
        "rotation_quaternion": {
          "w": 0.9579236507415771,
          "x": 0.2868923246860504,
          "y": -0.005128732416778803,
          "z": 0.006988547742366791
        },
        "scale": {
          "x": 1.0,
          "y": 1.0,
          "z": 1.0
        },
        "matrix_basis": [
          [
            0.9998497366905212,
            -0.016331778839230537,
            -0.005815946962684393,
            0.0
          ],
          [
            0.010446202009916306,
            0.8352879285812378,
            -0.5497135519981384,
            0.0
          ],
          [
            0.013835789635777473,
            0.5495702028274536,
            0.835332989692688,
            0.0
          ],
          [
            0.0,
            0.0,
            0.0,
            1.0
          ]
        ],
        "rotation_mode": "QUATERNION"
      },
      "armature_space": {
        "head": {
          "x": 0.6560218334197998,
          "y": -0.18860216438770294,
          "z": 0.4627380669116974
        },
        "tail": {
          "x": 0.6652887463569641,
          "y": -0.21435262262821198,
          "z": 0.44249778985977173
        }
      },
      "world_space": {
        "head": {
          "x": 0.6560218334197998,
          "y": -0.12535816431045532,
          "z": 1.4125920534133911
        },
        "tail": {
          "x": 0.6652887463569641,
          "y": -0.15110862255096436,
          "z": 1.3923518657684326
        },
        "rotation_quaternion": {
          "w": 0.3437725305557251,
          "x": -0.7727326154708862,
          "y": 0.059724967926740646,
          "z": -0.5302243232727051
        },
        "matrix": [
          [
            0.43059155344963074,
            0.27224797010421753,
            0.8605067133903503,
            0.6560218334197998
          ],
          [
            -0.45685479044914246,
            -0.7565082311630249,
            0.4679519534111023,
            -0.12535816431045532
          ],
          [
            0.7783843278884888,
            -0.594627857208252,
            -0.20136934518814087,
            1.4125920534133911
          ],
          [
            0.0,
            0.0,
            0.0,
            1.0
          ]
        ]
      },
      "bone_length_armature_space": 0.034038662656417806,
      "parent": "metacarpal_thumb_l",
      "has_children": true,
      "is_end_bone": false
    },
    "thumb_02_l": {
      "name": "thumb_02_l",
      "local": {
        "location": {
          "x": 0.0,
          "y": 0.0,
          "z": 0.0
        },
        "rotation_quaternion": {
          "w": 0.893308162689209,
          "x": 0.4493531584739685,
          "y": 0.0040099890902638435,
          "z": -0.008142123930156231
        },
        "scale": {
          "x": 1.0,
          "y": 1.0,
          "z": 1.0
        },
        "matrix_basis": [
          [
            0.9998352527618408,
            0.018150653690099716,
            -0.00015306624118238688,
            0.0
          ],
          [
            -0.010943048633635044,
            0.5960308909416199,
            -0.802886962890625,
            0.0
          ],
          [
            -0.014481689780950546,
            0.8027563691139221,
            0.5961313247680664,
            0.0
          ],
          [
            0.0,
            0.0,
            0.0,
            1.0
          ]
        ],
        "rotation_mode": "QUATERNION"
      },
      "armature_space": {
        "head": {
          "x": 0.6652886867523193,
          "y": -0.21435260772705078,
          "z": 0.44249776005744934
        },
        "tail": {
          "x": 0.694964587688446,
          "y": -0.20034651458263397,
          "z": 0.46565714478492737
        }
      },
      "world_space": {
        "head": {
          "x": 0.6652886867523193,
          "y": -0.15110860764980316,
          "z": 1.392351746559143
        },
        "tail": {
          "x": 0.694964587688446,
          "y": -0.13710251450538635,
          "z": 1.415511131286621
        },
        "rotation_quaternion": {
          "w": 0.5821892023086548,
          "x": -0.06837235391139984,
          "y": -0.5791522264480591,
          "z": -0.5665364861488342
        },
        "matrix": [
          [
            -0.312764436006546,
            0.738861083984375,
            -0.5968773365020752,
            0.6652886867523193
          ],
          [
            -0.5804657936096191,
            0.3487190306186676,
            0.7358359694480896,
            -0.15110860764980316
          ],
          [
            0.7518278360366821,
            0.5766145586967468,
            0.3198198080062866,
            1.392351746559143
          ],
          [
            0.0,
            0.0,
            0.0,
            1.0
          ]
        ]
      },
      "bone_length_armature_space": 0.040164497344705875,
      "parent": "thumb_01_l",
      "has_children": true,
      "is_end_bone": false
    },
    "thumb_03_l": {
      "name": "thumb_03_l",
      "local": {
        "location": {
          "x": 0.0,
          "y": 0.0,
          "z": 0.0
        },
        "rotation_quaternion": {
          "w": 0.9907557368278503,
          "x": 0.13532209396362305,
          "y": 0.006012138910591602,
          "z": 0.00741181243211031
        },
        "scale": {
          "x": 1.0,
          "y": 1.0,
          "z": 1.0
        },
        "matrix_basis": [
          [
            0.9998178482055664,
            -0.01305944100022316,
            0.013919086195528507,
            0.0
          ],
          [
            0.016313740983605385,
            0.9632660150527954,
            -0.26805317401885986,
            0.0
          ],
          [
            -0.009907158091664314,
            0.2682313919067383,
            0.9633035659790039,
            0.0
          ],
          [
            0.0,
            0.0,
            0.0,
            1.0
          ]
        ],
        "rotation_mode": "QUATERNION"
      },
      "armature_space": {
        "head": {
          "x": 0.694964587688446,
          "y": -0.20034660398960114,
          "z": 0.465657114982605
        },
        "tail": {
          "x": 0.7056880593299866,
          "y": -0.17873738706111908,
          "z": 0.48422983288764954
        }
      },
      "world_space": {
        "head": {
          "x": 0.694964587688446,
          "y": -0.13710260391235352,
          "z": 1.415511131286621
        },
        "tail": {
          "x": 0.7056880593299866,
          "y": -0.11549338698387146,
          "z": 1.4340838193893433
        },
        "rotation_quaternion": {
          "w": 0.7333583831787109,
          "x": 0.1456575244665146,
          "y": -0.5630956888198853,
          "z": -0.3519839346408844
        },
        "matrix": [
          [
            0.11806067824363708,
            0.3522256016731262,
            -0.9284389019012451,
            0.694964587688446
          ],
          [
            -0.6802992224693298,
            0.7097816467285156,
            0.182765394449234,
            -0.13710260391235352
          ],
          [
            0.7233678698539734,
            0.6100438833236694,
            0.32341864705085754,
            1.415511131286621
          ],
          [
            0.0,
            0.0,
            0.0,
            1.0
          ]
        ]
      },
      "bone_length_armature_space": 0.030444982490465258,
      "parent": "thumb_02_l",
      "has_children": false,
      "is_end_bone": true
    },
    "metacarpal_index_l": {
      "name": "metacarpal_index_l",
      "local": {
        "location": {
          "x": 0.0,
          "y": 0.0,
          "z": 0.0
        },
        "rotation_quaternion": {
          "w": 0.9991804361343384,
          "x": -0.03464686498045921,
          "y": -0.017474066466093063,
          "z": 0.011526467278599739
        },
        "scale": {
          "x": 1.0,
          "y": 1.0,
          "z": 1.0
        },
        "matrix_basis": [
          [
            0.9991235733032227,
            -0.021823197603225708,
            -0.03571820259094238,
            0.0
          ],
          [
            0.0242448840290308,
            0.9973334670066833,
            0.06883411109447479,
            0.0
          ],
          [
            0.03412077948451042,
            -0.06963976472616196,
            0.9969884753227234,
            0.0
          ],
          [
            0.0,
            0.0,
            0.0,
            1.0
          ]
        ],
        "rotation_mode": "QUATERNION"
      },
      "armature_space": {
        "head": {
          "x": 0.6447163224220276,
          "y": -0.14270919561386108,
          "z": 0.44791892170906067
        },
        "tail": {
          "x": 0.7117264270782471,
          "y": -0.23222914338111877,
          "z": 0.4829196631908417
        }
      },
      "world_space": {
        "head": {
          "x": 0.6447163224220276,
          "y": -0.07946519553661346,
          "z": 1.3977729082107544
        },
        "tail": {
          "x": 0.7117264270782471,
          "y": -0.16898514330387115,
          "z": 1.4327737092971802
        },
        "rotation_quaternion": {
          "w": 0.29139164090156555,
          "x": 0.8096424341201782,
          "y": 0.1819009631872177,
          "z": -0.4759015142917633
        },
        "matrix": [
          [
            0.48085978627204895,
            0.5718967318534851,
            -0.6646109223365784,
            0.6447163224220276
          ],
          [
            0.01720261014997959,
            -0.7640062570571899,
            -0.6449798345565796,
            -0.07946519553661346
          ],
          [
            -0.8766348361968994,
            0.29871323704719543,
            -0.37722113728523254,
            1.3977729082107544
          ],
          [
            0.0,
            0.0,
            0.0,
            1.0
          ]
        ]
      },
      "bone_length_armature_space": 0.11717178517513797,
      "parent": "lowerarm_l",
      "has_children": true,
      "is_end_bone": false
    },
    "index_01_l": {
      "name": "index_01_l",
      "local": {
        "location": {
          "x": 0.0,
          "y": 0.0,
          "z": 0.0
        },
        "rotation_quaternion": {
          "w": 0.9543343782424927,
          "x": 0.2987056374549866,
          "y": -0.002817831002175808,
          "z": 0.003611253574490547
        },
        "scale": {
          "x": 1.0,
          "y": 1.0,
          "z": 1.0
        },
        "matrix_basis": [
          [
            0.9999580383300781,
            -0.008576090447604656,
            -0.0032209022901952267,
            0.0
          ],
          [
            0.005209282971918583,
            0.8215237855911255,
            -0.5701504945755005,
            0.0
          ],
          [
            0.007535709533840418,
            0.5701097846031189,
            0.8215339779853821,
            0.0
          ],
          [
            0.0,
            0.0,
            0.0,
            1.0
          ]
        ],
        "rotation_mode": "QUATERNION"
      },
      "armature_space": {
        "head": {
          "x": 0.7117264270782471,
          "y": -0.23222914338111877,
          "z": 0.4829196631908417
        },
        "tail": {
          "x": 0.7209213376045227,
          "y": -0.25866448879241943,
          "z": 0.4774702787399292
        }
      },
      "world_space": {
        "head": {
          "x": 0.7117264270782471,
          "y": -0.16898514330387115,
          "z": 1.4327737092971802
        },
        "tail": {
          "x": 0.7209213376045227,
          "y": -0.19542048871517181,
          "z": 1.4273242950439453
        },
        "rotation_quaternion": {
          "w": 0.018168149515986443,
          "x": 0.7929908633232117,
          "y": 0.19006654620170593,
          "z": -0.5785414576530457
        },
        "matrix": [
          [
            0.25832873582839966,
            0.3224656879901886,
            -0.9106491804122925,
            0.7117264270782471
          ],
          [
            0.28042009472846985,
            -0.9270889759063721,
            -0.24873879551887512,
            -0.16898514330387115
          ],
          [
            -0.9244687557220459,
            -0.1911100447177887,
            -0.32992202043533325,
            1.4327737092971802
          ],
          [
            0.0,
            0.0,
            0.0,
            1.0
          ]
        ]
      },
      "bone_length_armature_space": 0.028514376543689584,
      "parent": "metacarpal_index_l",
      "has_children": true,
      "is_end_bone": false
    },
    "index_02_l": {
      "name": "index_02_l",
      "local": {
        "location": {
          "x": 0.0,
          "y": 0.0,
          "z": 0.0
        },
        "rotation_quaternion": {
          "w": 0.9068326950073242,
          "x": 0.4214738607406616,
          "y": -0.00316828116774559,
          "z": -0.0020786202512681484
        },
        "scale": {
          "x": 1.0,
          "y": 1.0,
          "z": 1.0
        },
        "matrix_basis": [
          [
            0.9999712705612183,
            0.0010992261813953519,
            -0.0074983700178563595,
            0.0
          ],
          [
            -0.006440617144107819,
            0.644710898399353,
            -0.7643994092941284,
            0.0
          ],
          [
            0.003994033671915531,
            0.7644257545471191,
            0.6446995139122009,
            0.0
          ],
          [
            0.0,
            0.0,
            0.0,
            1.0
          ]
        ],
        "rotation_mode": "QUATERNION"
      },
      "armature_space": {
        "head": {
          "x": 0.7209210991859436,
          "y": -0.2586649954319,
          "z": 0.4774703085422516
        },
        "tail": {
          "x": 0.7090013027191162,
          "y": -0.2795718014240265,
          "z": 0.46858683228492737
        }
      },
      "world_space": {
        "head": {
          "x": 0.7209210991859436,
          "y": -0.1954209953546524,
          "z": 1.4273242950439453
        },
        "tail": {
          "x": 0.7090013027191162,
          "y": -0.21632780134677887,
          "z": 1.418440818786621
        },
        "rotation_quaternion": {
          "w": 0.2981854975223541,
          "x": -0.7087069153785706,
          "y": 0.05998161807656288,
          "z": 0.6365706324577332
        },
        "matrix": [
          [
            0.18236106634140015,
            -0.4646490514278412,
            -0.8665134906768799,
            0.7209210991859436
          ],
          [
            0.29461249709129333,
            -0.814976692199707,
            0.4990159571170807,
            -0.1954209953546524
          ],
          [
            -0.9380617141723633,
            -0.34628981351852417,
            -0.011728242039680481,
            1.4273242950439453
          ],
          [
            0.0,
            0.0,
            0.0,
            1.0
          ]
        ]
      },
      "bone_length_armature_space": 0.025653308593483103,
      "parent": "index_01_l",
      "has_children": true,
      "is_end_bone": false
    },
    "index_03_l": {
      "name": "index_03_l",
      "local": {
        "location": {
          "x": 0.0,
          "y": 0.0,
          "z": 0.0
        },
        "rotation_quaternion": {
          "w": 0.9317770004272461,
          "x": 0.3630026578903198,
          "y": 0.0022691835183650255,
          "z": -0.003954765386879444
        },
        "scale": {
          "x": 1.0,
          "y": 1.0,
          "z": 1.0
        },
        "matrix_basis": [
          [
            0.9999583959579468,
            0.009017358534038067,
            0.0013575652847066522,
            0.0
          ],
          [
            -0.0057224794290959835,
            0.7364268898963928,
            -0.6764929890632629,
            0.0
          ],
          [
            -0.007099926937371492,
            0.6764571070671082,
            0.7364478707313538,
            0.0
          ],
          [
            0.0,
            0.0,
            0.0,
            1.0
          ]
        ],
        "rotation_mode": "QUATERNION"
      },
      "armature_space": {
        "head": {
          "x": 0.7090014815330505,
          "y": -0.27957186102867126,
          "z": 0.46858686208724976
        },
        "tail": {
          "x": 0.6819692850112915,
          "y": -0.28365465998649597,
          "z": 0.4582754671573639
        }
      },
      "world_space": {
        "head": {
          "x": 0.7090014815330505,
          "y": -0.21632786095142365,
          "z": 1.418440818786621
        },
        "tail": {
          "x": 0.6819692850112915,
          "y": -0.22041065990924835,
          "z": 1.4081294536590576
        },
        "rotation_quaternion": {
          "w": 0.5943308472633362,
          "x": -0.5420472621917725,
          "y": 0.2773175537586212,
          "z": 0.52540522813797
        },
        "matrix": [
          [
            0.29408684372901917,
            -0.9251676797866821,
            -0.23995354771614075,
            0.7090014815330505
          ],
          [
            0.3238927125930786,
            -0.13973289728164673,
            0.935718297958374,
            -0.21632786095142365
          ],
          [
            -0.8992313742637634,
            -0.35290420055389404,
            0.2585640847682953,
            1.418440818786621
          ],
          [
            0.0,
            0.0,
            0.0,
            1.0
          ]
        ]
      },
      "bone_length_armature_space": 0.029218723198217323,
      "parent": "index_02_l",
      "has_children": false,
      "is_end_bone": true
    },
    "metacarpal_pinky_l": {
      "name": "metacarpal_pinky_l",
      "local": {
        "location": {
          "x": 0.0,
          "y": 0.0,
          "z": 0.0
        },
        "rotation_quaternion": {
          "w": 0.9996914267539978,
          "x": -0.01841161400079727,
          "y": 0.01664942316710949,
          "z": -0.0009625807870179415
        },
        "scale": {
          "x": 1.0,
          "y": 1.0,
          "z": 1.0
        },
        "matrix_basis": [
          [
            0.999443769454956,
            0.0013114820467308164,
            0.033324018120765686,
            0.0
          ],
          [
            -0.0025376530829817057,
            0.9993201494216919,
            0.03677981346845627,
            0.0
          ],
          [
            -0.033253125846385956,
            -0.0368439182639122,
            0.998767614364624,
            0.0
          ],
          [
            0.0,
            0.0,
            0.0,
            1.0
          ]
        ],
        "rotation_mode": "QUATERNION"
      },
      "armature_space": {
        "head": {
          "x": 0.6447163224220276,
          "y": -0.14270919561386108,
          "z": 0.44791892170906067
        },
        "tail": {
          "x": 0.7388096451759338,
          "y": -0.18680721521377563,
          "z": 0.4412091374397278
        }
      },
      "world_space": {
        "head": {
          "x": 0.6447163224220276,
          "y": -0.07946519553661346,
          "z": 1.3977729082107544
        },
        "tail": {
          "x": 0.7388096451759338,
          "y": -0.12356321513652802,
          "z": 1.3910632133483887
        },
        "rotation_quaternion": {
          "w": 0.5350411534309387,
          "x": -0.1296740621328354,
          "y": -0.044579748064279556,
          "z": -0.8336236476898193
        },
        "matrix": [
          [
            -0.39383092522621155,
            0.9036075472831726,
            0.16849395632743835,
            0.6447163224220276
          ],
          [
            -0.8804842829704285,
            -0.42348697781562805,
            0.21308854222297668,
            -0.07946519553661346
          ],
          [
            0.2639046609401703,
            -0.06443621963262558,
            0.9624013900756836,
            1.3977729082107544
          ],
          [
            0.0,
            0.0,
            0.0,
            1.0
          ]
        ]
      },
      "bone_length_armature_space": 0.10413073656238828,
      "parent": "lowerarm_l",
      "has_children": true,
      "is_end_bone": false
    },
    "pinky_01_l": {
      "name": "pinky_01_l",
      "local": {
        "location": {
          "x": 0.0,
          "y": 0.0,
          "z": 0.0
        },
        "rotation_quaternion": {
          "w": 0.9403998851776123,
          "x": 0.3395640254020691,
          "y": 0.008115299046039581,
          "z": 0.01668633334338665
        },
        "scale": {
          "x": 1.0,
          "y": 1.0,
          "z": 1.0
        },
        "matrix_basis": [
          [
            0.9993113875389099,
            -0.025872325524687767,
            0.026595409959554672,
            0.0
          ],
          [
            0.03689498081803322,
            0.7688356637954712,
            -0.6383811235427856,
            0.0
          ],
          [
            -0.003931095357984304,
            0.6389227509498596,
            0.769260823726654,
            0.0
          ],
          [
            0.0,
            0.0,
            0.0,
            1.0
          ]
        ],
        "rotation_mode": "QUATERNION"
      },
      "armature_space": {
        "head": {
          "x": 0.7388096451759338,
          "y": -0.18680721521377563,
          "z": 0.4412091374397278
        },
        "tail": {
