{
  "metadata": {
    "armature_name": "KIM_caucasian_male",
    "export_time": "2026-01-13T20:55:12.602244",
    "blender_version": "4.4.1",
    "bone_count": 56,
    "end_bone_count": 13,
    "spaces_included": [
      "LOCAL_CHANNELS",
      "ARMATURE_SPACE",
      "WORLD_SPACE"
    ],
    "note": "LOCAL matches Transform panel; replay pose via local.matrix_basis for best fidelity."
  },
  "bones": {
    "Root": {
      "name": "Root",
      "local": {
        "location": {
          "x": 0.0,
          "y": 0.0,
          "z": 0.0
        },
        "rotation_quaternion": {
          "w": 0.9998235106468201,
          "x": 0.016400832682847977,
          "y": 0.007926272228360176,
          "z": 0.004598150495439768
        },
        "scale": {
          "x": 1.0,
          "y": 1.0,
          "z": 1.0
        },
        "matrix_basis": [
          [
            0.999832034111023,
            -0.008934683166444302,
            0.016000574454665184,
            0.0
          ],
          [
            0.009454673156142235,
            0.9994197487831116,
            -0.03272298350930214,
            0.0
          ],
          [
            -0.01569891907274723,
            0.03286876901984215,
            0.9993363618850708,
            0.0
          ],
          [
            0.0,
            0.0,
            0.0,
            1.0
          ]
        ],
        "rotation_mode": "QUATERNION"
      },
      "armature_space": {
        "head": {
          "x": 0.0,
          "y": 0.07072800397872925,
          "z": -0.009595036506652832
        },
        "tail": {
          "x": -0.0006377208046615124,
          "y": -0.0002743378281593323,
          "z": -0.002330327406525612
        }
      },
      "world_space": {
        "head": {
          "x": 0.0,
          "y": 0.13397200405597687,
          "z": 0.9402589797973633
        },
        "tail": {
          "x": -0.0006377208046615124,
          "y": 0.06296966224908829,
          "z": 0.9475237131118774
        },
        "rotation_quaternion": {
          "w": 0.05099219083786011,
          "x": 0.9986570477485657,
          "y": -0.004053728189319372,
          "z": 0.00821803417056799
        },
        "matrix": [
          [
            0.999832034111023,
            -0.008934683166444302,
            0.016000574454665184,
            0.0
          ],
          [
            -0.007258453406393528,
            -0.9947667121887207,
            -0.10191451758146286,
            0.13397200405597687
          ],
          [
            0.016827521845698357,
            0.10178102552890778,
            -0.9946715235710144,
            0.9402589797973633
          ],
          [
            0.0,
            0.0,
            0.0,
            1.0
          ]
        ]
      },
      "bone_length_armature_space": 0.07137587222639931,
      "parent": null,
      "has_children": true,
      "is_end_bone": false
    },
    "spine_01": {
      "name": "spine_01",
      "local": {
        "location": {
          "x": 0.0,
          "y": 0.0,
          "z": 0.0
        },
        "rotation_quaternion": {
          "w": 0.996904730796814,
          "x": 0.06719048321247101,
          "y": 0.034684181213378906,
          "z": -0.02152789942920208
        },
        "scale": {
          "x": 1.0,
          "y": 1.0,
          "z": 1.0
        },
        "matrix_basis": [
          [
            0.9966670870780945,
            0.04758342355489731,
            0.06626071035861969,
            0.0
          ],
          [
            -0.03826163709163666,
            0.9900439977645874,
            -0.13545837998390198,
            0.0
          ],
          [
            -0.07204658538103104,
            0.13247166574001312,
            0.9885649085044861,
            0.0
          ],
          [
            0.0,
            0.0,
            0.0,
            1.0
          ]
        ],
        "rotation_mode": "QUATERNION"
      },
      "armature_space": {
        "head": {
          "x": -0.0006377208046615124,
          "y": -0.0002743378281593323,
          "z": -0.002330327406525612
        },
        "tail": {
          "x": 0.014014456421136856,
          "y": -0.05831192806363106,
          "z": 0.48198920488357544
        }
      },
      "world_space": {
        "head": {
          "x": -0.0006377208046615124,
          "y": 0.06296966224908829,
          "z": 0.9475237131118774
        },
        "tail": {
          "x": 0.014014456421136856,
          "y": 0.004932072013616562,
          "z": 1.4318432807922363
        },
        "rotation_quaternion": {
          "w": 0.6629793643951416,
          "x": 0.7478623390197754,
          "y": 0.03152049332857132,
          "z": 0.012912268750369549
        },
        "matrix": [
          [
            0.9976793527603149,
            0.030024878680706024,
            0.061108238995075226,
            -0.0006377208046615124
          ],
          [
            0.06426728516817093,
            -0.1189291924238205,
            -0.9908207058906555,
            0.06296966224908829
          ],
          [
            -0.022481823340058327,
            0.9924556016921997,
            -0.12058457732200623,
            0.9475237131118774
          ],
          [
            0.0,
            0.0,
            0.0,
            1.0
          ]
        ]
      },
      "bone_length_armature_space": 0.48800458000271296,
      "parent": "Root",
      "has_children": true,
      "is_end_bone": false
    },
    "neck_01": {
      "name": "neck_01",
      "local": {
        "location": {
          "x": 0.0,
          "y": 0.0,
          "z": 0.0
        },
        "rotation_quaternion": {
          "w": 0.9878350496292114,
          "x": -0.016001863405108452,
          "y": -0.029315488412976265,
          "z": 0.15187665820121765
        },
        "scale": {
          "x": 1.0,
          "y": 1.0,
          "z": 1.0
        },
        "matrix_basis": [
          [
            0.9521481394767761,
            -0.2991199791431427,
            -0.06277835369110107,
            0.0
          ],
          [
            0.3009963631629944,
            0.9533548355102539,
            0.02270972542464733,
            0.0
          ],
          [
            0.05305711552500725,
            -0.04051908105611801,
            0.9977690577507019,
            0.0
          ],
          [
            0.0,
            0.0,
            0.0,
            1.0
          ]
        ],
        "rotation_mode": "QUATERNION"
      },
      "armature_space": {
        "head": {
          "x": 0.018332093954086304,
          "y": -0.10138184577226639,
          "z": 0.5504733920097351
        },
        "tail": {
          "x": -0.007461877539753914,
          "y": -0.1472288966178894,
          "z": 0.6384702324867249
        }
      },
      "world_space": {
        "head": {
          "x": 0.018332093954086304,
          "y": -0.03813784569501877,
          "z": 1.5003273487091064
        },
        "tail": {
          "x": -0.007461877539753914,
          "y": -0.08398489654064178,
          "z": 1.5883243083953857
        },
        "rotation_quaternion": {
          "w": 0.5133940577507019,
          "x": 0.8486797213554382,
          "y": -0.11326400935649872,
          "z": 0.05779790133237839
        },
        "matrix": [
          [
            0.9676611423492432,
            -0.2515961229801178,
            -0.018195439130067825,
            0.018332093954086304
          ],
          [
            -0.13290457427501678,
            -0.44719526171684265,
            -0.8845072388648987,
            -0.03813784569501877
          ],
          [
            0.21440304815769196,
            0.8583271503448486,
            -0.46617591381073,
            1.5003273487091064
          ],
          [
            0.0,
            0.0,
            0.0,
            1.0
          ]
        ]
      },
      "bone_length_armature_space": 0.10252182594250484,
      "parent": "spine_01",
      "has_children": true,
      "is_end_bone": false
    },
    "head": {
      "name": "head",
      "local": {
        "location": {
          "x": 0.0,
          "y": 0.0,
          "z": 0.0
        },
        "rotation_quaternion": {
          "w": 0.9894540309906006,
          "x": -0.04696757346391678,
          "y": 0.08017237484455109,
          "z": 0.11111822724342346
        },
        "scale": {
          "x": 1.0,
          "y": 1.0,
          "z": 1.0
        },
        "matrix_basis": [
          [
            0.9624502658843994,
            -0.227423757314682,
            0.14821584522724152,
            0.0
          ],
          [
            0.21236175298690796,
            0.9708935618400574,
            0.11076173186302185,
            0.0
          ],
          [
            -0.16909167170524597,
            -0.07512728869915009,
            0.982732892036438,
            0.0
          ],
          [
            0.0,
            0.0,
            0.0,
            1.0
          ]
        ],
        "rotation_mode": "QUATERNION"
      },
      "armature_space": {
        "head": {
          "x": -0.00746186263859272,
          "y": -0.14722901582717896,
          "z": 0.6384701132774353
        },
        "tail": {
          "x": -0.07470806688070297,
          "y": -0.1455702930688858,
          "z": 0.7782143354415894
        }
      },
      "world_space": {
        "head": {
          "x": -0.00746186263859272,
          "y": -0.08398501574993134,
          "z": 1.5883240699768066
        },
        "tail": {
          "x": -0.07470806688070297,
          "y": -0.08232629299163818,
          "z": 1.7280683517456055
        },
        "rotation_quaternion": {
          "w": 0.6942634582519531,
          "x": 0.6844921112060547,
          "y": -0.1527918577194214,
          "z": 0.1616278439760208
        },
        "matrix": [
          [
            0.9010621309280396,
            -0.43359410762786865,
            0.00911249965429306,
            -0.00746186263859272
          ],
          [
            0.015257880091667175,
            0.010695166885852814,
            -0.9998265504837036,
            -0.08398501574993134
          ],
          [
            0.4334245026111603,
            0.9010512232780457,
            0.016251899302005768,
            1.5883240699768066
          ],
          [
            0.0,
            0.0,
            0.0,
            1.0
          ]
        ]
      },
      "bone_length_armature_space": 0.15509110292985426,
      "parent": "neck_01",
      "has_children": false,
      "is_end_bone": true
    },
    "upperarm_l": {
      "name": "upperarm_l",
      "local": {
        "location": {
          "x": 0.0,
          "y": 0.0,
          "z": 0.0
        },
        "rotation_quaternion": {
          "w": 0.845460057258606,
          "x": 0.5174313187599182,
          "y": 0.11057481914758682,
          "z": 0.0723566934466362
        },
        "scale": {
          "x": 1.0,
          "y": 1.0,
          "z": 1.0
        },
        "matrix_basis": [
          [
            0.9650754332542419,
            -0.007919639348983765,
            0.2618524134159088,
            0.0
          ],
          [
            0.2367791384458542,
            0.4540586769580841,
            -0.8589333891868591,
            0.0
          ],
          [
            -0.11209394782781601,
            0.8909366726875305,
            0.44007608294487,
            0.0
          ],
          [
            0.0,
            0.0,
            0.0,
            1.0
          ]
        ],
        "rotation_mode": "QUATERNION"
      },
      "armature_space": {
        "head": {
          "x": 0.16616098582744598,
          "y": -0.08690863847732544,
          "z": 0.4800158143043518
        },
        "tail": {
          "x": 0.3107650876045227,
          "y": -0.30936625599861145,
          "z": 0.44246676564216614
        }
      },
      "world_space": {
        "head": {
          "x": 0.16616098582744598,
          "y": -0.02366463840007782,
          "z": 1.4298698902130127
        },
        "tail": {
          "x": 0.3107650876045227,
          "y": -0.24612225592136383,
          "z": 1.3923207521438599
        },
        "rotation_quaternion": {
          "w": 0.11456497013568878,
          "x": 0.7568182945251465,
          "y": 0.2679445445537567,
          "z": -0.5850698947906494
        },
        "matrix": [
          [
            0.17179737985134125,
            0.5396291017532349,
            -0.8241881728172302,
            0.16616098582744598
          ],
          [
            0.27151361107826233,
            -0.8301604390144348,
            -0.48694396018981934,
            -0.02366463840007782
          ],
          [
            -0.946983814239502,
            -0.1401243656873703,
            -0.28913843631744385,
            1.4298698902130127
          ],
          [
            0.0,
            0.0,
            0.0,
            1.0
          ]
        ]
      },
      "bone_length_armature_space": 0.2679695343473205,
      "parent": "spine_01",
      "has_children": true,
      "is_end_bone": false
    },
    "lowerarm_l": {
      "name": "lowerarm_l",
      "local": {
        "location": {
          "x": 0.0,
          "y": 0.0,
          "z": 0.0
        },
        "rotation_quaternion": {
          "w": 0.9354498386383057,
          "x": 0.3441290557384491,
          "y": 0.06216172128915787,
          "z": 0.051427122205495834
        },
        "scale": {
          "x": 1.0,
          "y": 1.0,
          "z": 1.0
        },
        "matrix_basis": [
          [
            0.9869823455810547,
            -0.0534316785633564,
            0.15169347822666168,
            0.0
          ],
          [
            0.13899829983711243,
            0.7578608989715576,
            -0.6374373435974121,
            0.0
          ],
          [
            -0.08090320974588394,
            0.650224506855011,
            0.7554222345352173,
            0.0
          ],
          [
            0.0,
            0.0,
            0.0,
            1.0
          ]
        ],
        "rotation_mode": "QUATERNION"
      },
      "armature_space": {
        "head": {
          "x": 0.3107650876045227,
          "y": -0.309366375207901,
          "z": 0.4424668550491333
        },
        "tail": {
          "x": 0.23958280682563782,
          "y": -0.5653598308563232,
          "z": 0.4113246500492096
        }
      },
      "world_space": {
        "head": {
          "x": 0.3107650876045227,
          "y": -0.24612237513065338,
          "z": 1.3923208713531494
        },
        "tail": {
          "x": 0.23958280682563782,
          "y": -0.5021158456802368,
          "z": 1.3611786365509033
        },
        "rotation_quaternion": {
          "w": 0.1305260807275772,
          "x": -0.7672778964042664,
          "y": 0.06719022989273071,
          "z": 0.6242859959602356
        },
        "matrix": [
          [
            0.2115052342414856,
            -0.2660776376724243,
            -0.9404617547988892,
            0.3107650876045227
          ],
          [
            0.059863582253456116,
            -0.9568972587585449,
            0.28419044613838196,
            -0.24612237513065338
          ],
          [
            -0.9755487442016602,
            -0.11640883982181549,
            -0.1864614635705948,
            1.3923208713531494
          ],
          [
            0.0,
            0.0,
            0.0,
            1.0
          ]
        ]
      },
      "bone_length_armature_space": 0.26752458074944974,
      "parent": "upperarm_l",
      "has_children": true,
      "is_end_bone": false
    },
    "metacarpal_thumb_l": {
      "name": "metacarpal_thumb_l",
      "local": {
        "location": {
          "x": 0.0,
          "y": 0.0,
          "z": 0.0
        },
        "rotation_quaternion": {
          "w": 0.9997093677520752,
          "x": -0.0038336284924298525,
          "y": -0.015302549116313457,
          "z": -0.01822897605597973
        },
        "scale": {
          "x": 1.0,
          "y": 1.0,
          "z": 1.0
        },
        "matrix_basis": [
          [
            0.9988670945167542,
            0.03656468540430069,
            -0.030456436797976494,
            0.0
          ],
          [
            -0.036330029368400574,
            0.9993060231208801,
            0.008222928270697594,
            0.0
          ],
          [
            0.03073596954345703,
            -0.007107128854840994,
            0.9995022416114807,
            0.0
          ],
          [
            0.0,
            0.0,
            0.0,
            1.0
          ]
        ],
        "rotation_mode": "QUATERNION"
      },
      "armature_space": {
        "head": {
          "x": 0.23958280682563782,
          "y": -0.5653598308563232,
          "z": 0.4113246500492096
        },
        "tail": {
          "x": 0.20475338399410248,
          "y": -0.5953764319419861,
          "z": 0.39289894700050354
        }
      },
      "world_space": {
        "head": {
          "x": 0.23958280682563782,
          "y": -0.5021158456802368,
          "z": 1.3611786365509033
        },
        "tail": {
          "x": 0.20475338399410248,
          "y": -0.5321324467658997,
          "z": 1.3427529335021973
        },
        "rotation_quaternion": {
          "w": 0.17222754657268524,
          "x": -0.892622172832489,
          "y": 0.4090794622898102,
          "z": -0.07885069400072098
        },
        "matrix": [
          [
            0.652872622013092,
            -0.7031463384628296,
            0.28167814016342163,
            0.23958280682563782
          ],
          [
            -0.7574678063392639,
            -0.6059832572937012,
            0.24295464158058167,
            -0.5021158456802368
          ],
          [
            -0.00014106184244155884,
            -0.3719836473464966,
            -0.9282468557357788,
            1.3611786365509033
          ],
          [
            0.0,
            0.0,
            0.0,
            1.0
          ]
        ]
      },
      "bone_length_armature_space": 0.0495337422002276,
      "parent": "lowerarm_l",
      "has_children": true,
      "is_end_bone": false
    },
    "thumb_01_l": {
      "name": "thumb_01_l",
      "local": {
        "location": {
          "x": 0.0,
          "y": 0.0,
          "z": 0.0
        },
        "rotation_quaternion": {
          "w": 0.9825302958488464,
          "x": 0.18525266647338867,
          "y": 0.017626183107495308,
          "z": 0.0022535440512001514
        },
        "scale": {
          "x": 1.0,
          "y": 1.0,
          "z": 1.0
        },
        "matrix_basis": [
          [
            0.9993684887886047,
            0.0021022441796958447,
            0.03547146916389465,
            0.0
          ],
          [
            0.010958945378661156,
            0.9313527345657349,
            -0.36395326256752014,
            0.0
          ],
          [
            -0.03380156680941582,
            0.36411216855049133,
            0.930741548538208,
            0.0
          ],
          [
            0.0,
            0.0,
            0.0,
            1.0
          ]
        ],
        "rotation_mode": "QUATERNION"
      },
      "armature_space": {
        "head": {
          "x": 0.20475338399410248,
          "y": -0.5953764319419861,
          "z": 0.39289894700050354
        },
        "tail": {
          "x": 0.20171107351779938,
          "y": -0.609167754650116,
          "z": 0.3619282841682434
        }
      },
      "world_space": {
        "head": {
          "x": 0.20475338399410248,
          "y": -0.5321324467658997,
          "z": 1.3427529335021973
        },
        "tail": {
          "x": 0.20171107351779938,
          "y": -0.5459237694740295,
          "z": 1.3117823600769043
        },
        "rotation_quaternion": {
          "w": 0.16042460501194,
          "x": -0.3237067461013794,
          "y": 0.5212299823760986,
          "z": -0.7731735110282898
        },
        "matrix": [
          [
            -0.7389564514160156,
            -0.08937835693359375,
            0.6677985191345215,
            0.20475338399410248
          ],
          [
            -0.5855226516723633,
            -0.40516752004623413,
            -0.702141523361206,
            -0.5321324467658997
          ],
          [
            0.33332833647727966,
            -0.9098698496818542,
            0.24706918001174927,
            1.3427529335021973
          ],
          [
            0.0,
            0.0,
            0.0,
            1.0
          ]
        ]
      },
      "bone_length_armature_space": 0.0340387751184412,
      "parent": "metacarpal_thumb_l",
      "has_children": true,
      "is_end_bone": false
    },
    "thumb_02_l": {
      "name": "thumb_02_l",
      "local": {
        "location": {
          "x": 0.0,
          "y": 0.0,
          "z": 0.0
        },
        "rotation_quaternion": {
          "w": 0.9322792291641235,
          "x": 0.36168432235717773,
          "y": -0.005860806442797184,
          "z": 0.0024040413554757833
        },
        "scale": {
          "x": 1.0,
          "y": 1.0,
          "z": 1.0
        },
        "matrix_basis": [
          [
            0.9999197721481323,
            -0.008721998892724514,
            -0.009188808500766754,
            0.0
          ],
          [
            0.000242952024564147,
            0.7383573651313782,
            -0.6744097471237183,
            0.0
          ],
          [
            0.012666824273765087,
            0.6743533611297607,
            0.7383002042770386,
            0.0
          ],
          [
            0.0,
            0.0,
            0.0,
            1.0
          ]
        ],
        "rotation_mode": "QUATERNION"
      },
      "armature_space": {
        "head": {
          "x": 0.20171107351779938,
          "y": -0.6091676950454712,
          "z": 0.3619282841682434
        },
        "tail": {
          "x": 0.20308715105056763,
          "y": -0.6413491368293762,
          "z": 0.3859209418296814
        }
      },
      "world_space": {
        "head": {
          "x": 0.20171107351779938,
          "y": -0.5459237098693848,
          "z": 1.3117823600769043
        },
        "tail": {
          "x": 0.20308715105056763,
          "y": -0.5781051516532898,
          "z": 1.3357748985290527
        },
        "rotation_quaternion": {
          "w": 0.014971081167459488,
          "x": 0.09927407652139664,
          "y": 0.31488803029060364,
          "z": 0.943804144859314
        },
        "matrix": [
          [
            -0.9798411130905151,
            0.03426095098257065,
            0.1968187689781189,
            0.20171107351779938
          ],
          [
            0.09077996015548706,
            -0.8012427091598511,
            0.5914130806922913,
            -0.5459237098693848
          ],
          [
            0.1779632568359375,
            0.5973613858222961,
            0.7819861769676208,
            1.3117823600769043
          ],
          [
            0.0,
            0.0,
            0.0,
            1.0
          ]
        ]
      },
      "bone_length_armature_space": 0.04016449127038681,
      "parent": "thumb_01_l",
      "has_children": true,
      "is_end_bone": false
    },
    "thumb_03_l": {
      "name": "thumb_03_l",
      "local": {
        "location": {
          "x": 0.0,
          "y": 0.0,
          "z": 0.0
        },
        "rotation_quaternion": {
          "w": 0.9838428497314453,
          "x": 0.17902998626232147,
          "y": -0.0012712175957858562,
          "z": -0.00023563072318211198
        },
        "scale": {
          "x": 1.0,
          "y": 1.0,
          "z": 1.0
        },
        "matrix_basis": [
          [
            0.9999966621398926,
            8.475067261315417e-06,
            -0.0025857265572994947,
            0.0
          ],
          [
            -0.0009188193362206221,
            0.9358963966369629,
            -0.3522741496562958,
            0.0
          ],
          [
            0.0024169867392629385,
            0.3522753417491913,
            0.9358932971954346,
            0.0
          ],
          [
            0.0,
            0.0,
            0.0,
            1.0
          ]
        ],
        "rotation_mode": "QUATERNION"
      },
      "armature_space": {
        "head": {
          "x": 0.20308707654476166,
          "y": -0.6413491368293762,
          "z": 0.3859208822250366
        },
        "tail": {
          "x": 0.20780803263187408,
          "y": -0.6511246562004089,
          "z": 0.414364755153656
        }
      },
      "world_space": {
        "head": {
          "x": 0.20308707654476166,
          "y": -0.5781051516532898,
          "z": 1.3357748985290527
        },
        "tail": {
          "x": 0.20780803263187408,
          "y": -0.5878806710243225,
          "z": 1.3642187118530273
        },
        "rotation_quaternion": {
          "w": 0.14470569789409637,
          "x": 0.0702294409275055,
          "y": -0.5643713474273682,
          "z": -0.8096994757652283
        },
        "matrix": [
          [
            -0.9482560157775879,
            0.15506550669670105,
            -0.27706554532051086,
            0.20308707654476166
          ],
          [
            -0.3136078119277954,
            -0.3210899531841278,
            0.8936172127723694,
            -0.5781051516532898
          ],
          [
            0.04960627481341362,
            0.9342737793922424,
            0.35310858488082886,
            1.3357748985290527
          ],
          [
            0.0,
            0.0,
            0.0,
            1.0
          ]
        ]
      },
      "bone_length_armature_space": 0.03044506679304273,
      "parent": "thumb_02_l",
      "has_children": false,
      "is_end_bone": true
    },
    "metacarpal_index_l": {
      "name": "metacarpal_index_l",
      "local": {
        "location": {
          "x": 0.0,
          "y": 0.0,
          "z": 0.0
        },
        "rotation_quaternion": {
          "w": 0.9982126951217651,
          "x": -0.05935359001159668,
          "y": -0.004943976178765297,
          "z": 0.004913027863949537
        },
        "scale": {
          "x": 1.0,
          "y": 1.0,
          "z": 1.0
        },
        "matrix_basis": [
          [
            0.9999028444290161,
            -0.009221607819199562,
            -0.010453491471707821,
            0.0
          ],
          [
            0.010395378805696964,
            0.9929060339927673,
            0.11844643205404282,
            0.0
          ],
          [
            0.00928706768900156,
            -0.1185435950756073,
            0.9929054379463196,
            0.0
          ],
          [
            0.0,
            0.0,
            0.0,
            1.0
          ]
        ],
        "rotation_mode": "QUATERNION"
      },
      "armature_space": {
        "head": {
          "x": 0.23958280682563782,
          "y": -0.5653598308563232,
          "z": 0.4113246500492096
        },
        "tail": {
          "x": 0.1810608059167862,
          "y": -0.6660718321800232,
          "z": 0.398616760969162
        }
      },
      "world_space": {
        "head": {
          "x": 0.23958280682563782,
          "y": -0.5021158456802368,
          "z": 1.3611786365509033
        },
        "tail": {
          "x": 0.1810608059167862,
          "y": -0.6028278470039368,
          "z": 1.3484708070755005
        },
        "rotation_quaternion": {
          "w": 0.1127854734659195,
          "x": -0.9397726655006409,
          "y": 0.23982703685760498,
          "z": 0.21584676206111908
        },
        "matrix": [
          [
            0.7917864322662354,
            -0.49945497512817383,
            -0.3515951335430145,
            0.23958280682563782
          ],
          [
            -0.4020773768424988,
            -0.8595247268676758,
            0.31551721692085266,
            -0.5021158456802368
          ],
          [
            -0.4597950279712677,
            -0.10845528542995453,
            -0.8813855051994324,
            1.3611786365509033
          ],
          [
            0.0,
            0.0,
            0.0,
            1.0
          ]
        ]
      },
      "bone_length_armature_space": 0.11717176549054621,
      "parent": "lowerarm_l",
      "has_children": true,
      "is_end_bone": false
    },
    "index_01_l": {
      "name": "index_01_l",
      "local": {
        "location": {
          "x": 0.0,
          "y": 0.0,
          "z": 0.0
        },
        "rotation_quaternion": {
          "w": 0.9763085842132568,
          "x": 0.21599994599819183,
          "y": 0.011241722851991653,
          "z": 0.006279077380895615
        },
        "scale": {
          "x": 1.0,
          "y": 1.0,
          "z": 1.0
        },
        "matrix_basis": [
          [
            0.9996684193611145,
            -0.007404211442917585,
            0.024663342162966728,
            0.0
          ],
          [
            0.017117056995630264,
            0.9066091775894165,
            -0.4216240346431732,
            0.0
          ],
          [
            -0.019238220527768135,
            0.42190638184547424,
            0.9064353108406067,
            0.0
          ],
          [
            0.0,
            0.0,
            0.0,
            1.0
          ]
        ],
        "rotation_mode": "QUATERNION"
      },
      "armature_space": {
        "head": {
          "x": 0.1810608059167862,
          "y": -0.6660718321800232,
          "z": 0.398616760969162
        },
        "tail": {
          "x": 0.1727331131696701,
          "y": -0.6891320943832397,
          "z": 0.3840583860874176
        }
      },
      "world_space": {
        "head": {
          "x": 0.1810608059167862,
          "y": -0.6028278470039368,
          "z": 1.3484708070755005
        },
        "tail": {
          "x": 0.1727331131696701,
          "y": -0.6258881092071533,
          "z": 1.3339123725891113
        },
        "rotation_quaternion": {
          "w": 0.2909141182899475,
          "x": -0.9367054104804993,
          "y": 0.10491301864385605,
          "z": 0.16414965689182281
        },
        "matrix": [
          [
            0.9240965843200684,
            -0.2920522689819336,
            -0.2464776337146759,
            0.1810608059167862
          ],
          [
            -0.10103896260261536,
            -0.8087247610092163,
            0.5794441103935242,
            -0.6028278470039368
          ],
          [
            -0.36856332421302795,
            -0.5105627775192261,
            -0.7768535017967224,
            1.3484708070755005
          ],
          [
            0.0,
            0.0,
            0.0,
            1.0
          ]
        ]
      },
      "bone_length_armature_space": 0.02851442521695194,
      "parent": "metacarpal_index_l",
      "has_children": true,
      "is_end_bone": false
    },
    "index_02_l": {
      "name": "index_02_l",
      "local": {
        "location": {
          "x": 0.0,
          "y": 0.0,
          "z": 0.0
        },
        "rotation_quaternion": {
          "w": 0.9156376123428345,
          "x": 0.40193599462509155,
          "y": 0.001673117047175765,
          "z": -0.007244685664772987
        },
        "scale": {
          "x": 1.0,
          "y": 1.0,
          "z": 1.0
        },
        "matrix_basis": [
          [
            0.9998894333839417,
            0.01461198553442955,
            -0.0027598619926720858,
            0.0
          ],
          [
            -0.01192204188555479,
            0.6767899394035339,
            -0.7360796928405762,
            0.0
          ],
          [
            -0.00888773798942566,
            0.736031174659729,
            0.6768893003463745,
            0.0
          ],
          [
            0.0,
            0.0,
            0.0,
            1.0
          ]
        ],
        "rotation_mode": "QUATERNION"
      },
      "armature_space": {
        "head": {
          "x": 0.17273271083831787,
          "y": -0.6891322135925293,
          "z": 0.38405802845954895
        },
        "tail": {
          "x": 0.16268283128738403,
          "y": -0.6930984258651733,
          "z": 0.3607907295227051
        }
      },
      "world_space": {
        "head": {
          "x": 0.17273271083831787,
          "y": -0.6258882284164429,
          "z": 1.3339120149612427
        },
        "tail": {
          "x": 0.16268283128738403,
          "y": -0.6298544406890869,
          "z": 1.3106447458267212
        },
        "rotation_quaternion": {
          "w": 0.6343039274215698,
          "x": -0.7466312050819397,
          "y": 0.14266818761825562,
          "z": 0.14087624847888947
        },
        "matrix": [
          [
            0.9195994734764099,
            -0.3917579650878906,
            -0.029373154044151306,
            0.17273271083831787
          ],
          [
            -0.03432675078511238,
            -0.1546093225479126,
            0.9873791933059692,
            -0.6258882284164429
          ],
          [
            -0.391357958316803,
            -0.906991720199585,
            -0.15562671422958374,
            1.3339120149612427
          ],
          [
            0.0,
            0.0,
            0.0,
            1.0
          ]
        ]
      },
      "bone_length_armature_space": 0.02565342349740344,
      "parent": "index_01_l",
      "has_children": true,
      "is_end_bone": false
    },
    "index_03_l": {
      "name": "index_03_l",
      "local": {
        "location": {
          "x": 0.0,
          "y": 0.0,
          "z": 0.0
        },
        "rotation_quaternion": {
          "w": 0.9670998454093933,
          "x": 0.2542992830276489,
          "y": 0.003701268695294857,
          "z": 0.006010045297443867
        },
        "scale": {
          "x": 1.0,
          "y": 1.0,
          "z": 1.0
        },
        "matrix_basis": [
          [
            0.9999003410339355,
            -0.00974216777831316,
            0.010215693153440952,
            0.0
          ],
          [
            0.013507087714970112,
            0.8705915212631226,
            -0.4918211102485657,
            0.0
          ],
          [
            -0.004102292470633984,
            0.49191007018089294,
            0.8706363439559937,
            0.0
          ],
          [
            0.0,
            0.0,
            0.0,
            1.0
          ]
        ],
        "rotation_mode": "QUATERNION"
      },
      "armature_space": {
        "head": {
          "x": 0.16268281638622284,
          "y": -0.6930985450744629,
          "z": 0.36079078912734985
        },
        "tail": {
          "x": 0.15558239817619324,
          "y": -0.6805676817893982,
          "z": 0.3353683352470398
        }
      },
      "world_space": {
        "head": {
          "x": 0.16268281638622284,
          "y": -0.6298545598983765,
          "z": 1.3106448650360107
        },
        "tail": {
          "x": 0.15558239817619324,
          "y": -0.6173236966133118,
          "z": 1.2852222919464111
        },
        "rotation_quaternion": {
          "w": 0.8297451734542847,
          "x": -0.5326510667800903,
          "y": 0.16110727190971375,
          "z": 0.043014124035835266
        },
        "matrix": [
          [
            0.9443888068199158,
            -0.24300938844680786,
            0.2215316742658615,
            0.16268281638622284
          ],
          [
            -0.10024511069059372,
            0.42886510491371155,
            0.8977892398834229,
            -0.6298545598983765
          ],
          [
            -0.3131808936595917,
            -0.8700756430625916,
            0.38065850734710693,
            1.3106448650360107
          ],
          [
            0.0,
            0.0,
            0.0,
            1.0
          ]
        ]
      },
      "bone_length_armature_space": 0.029218822804831384,
      "parent": "index_02_l",
      "has_children": false,
      "is_end_bone": true
    },
    "metacarpal_pinky_l": {
      "name": "metacarpal_pinky_l",
      "local": {
        "location": {
          "x": 0.0,
          "y": 0.0,
          "z": 0.0
        },
        "rotation_quaternion": {
          "w": 0.9992880821228027,
          "x": -0.03649916499853134,
          "y": -0.00414441991597414,
          "z": -0.008608522824943066
        },
        "scale": {
          "x": 1.0,
          "y": 1.0,
          "z": 1.0
        },
        "matrix_basis": [
          [
            0.999817430973053,
            0.017507323995232582,
            -0.007654530927538872,
            0.0
          ],
          [
            -0.016902253031730652,
            0.9971874356269836,
            0.07301771640777588,
            0.0
          ],
          [
            0.008911347016692162,
            -0.0728750079870224,
            0.9973012804985046,
            0.0
          ],
          [
            0.0,
            0.0,
            0.0,
            1.0
          ]
        ],
        "rotation_mode": "QUATERNION"
      },
      "armature_space": {
        "head": {
          "x": 0.23958280682563782,
          "y": -0.5653598308563232,
          "z": 0.4113246500492096
        },
        "tail": {
          "x": 0.24495534598827362,
          "y": -0.6684424877166748,
          "z": 0.3976013958454132
        }
      },
      "world_space": {
        "head": {
          "x": 0.23958280682563782,
          "y": -0.5021158456802368,
          "z": 1.3611786365509033
        },
        "tail": {
          "x": 0.24495534598827362,
          "y": -0.6051985025405884,
          "z": 1.347455382347107
        },
        "rotation_quaternion": {
          "w": 0.009529567323625088,
          "x": 0.23557157814502716,
          "y": 0.07029932737350464,
          "z": -0.9692642688751221
        },
        "matrix": [
          [
            -0.8888305425643921,
            0.05159416049718857,
            -0.45532235503196716,
            0.23958280682563782
          ],
          [
            0.014647488482296467,
            -0.9899346232414246,
            -0.14076656103134155,
            -0.5021158456802368
          ],
          [
            -0.45800521969795227,
            -0.1317887306213379,
            0.8791342973709106,
            1.3611786365509033
          ],
          [
            0.0,
            0.0,
            0.0,
            1.0
          ]
        ]
      },
      "bone_length_armature_space": 0.10413081079400298,
      "parent": "lowerarm_l",
      "has_children": true,
      "is_end_bone": false
    },
    "pinky_01_l": {
      "name": "pinky_01_l",
      "local": {
        "location": {
          "x": 0.0,
          "y": 0.0,
          "z": 0.0
        },
        "rotation_quaternion": {
          "w": 0.954301118850708,
          "x": 0.29840224981307983,
          "y": -0.011144692078232765,
          "z": -0.01188724860548973
        },
        "scale": {
          "x": 1.0,
          "y": 1.0,
          "z": 1.0
        },
        "matrix_basis": [
          [
            0.999468982219696,
            0.016036827117204666,
            -0.02836514823138714,
            0.0
          ],
          [
            -0.029339231550693512,
            0.8216295838356018,
            -0.5692662596702576,
            0.0
          ],
          [
            0.014176420867443085,
            0.5697961449623108,
            0.8216637969017029,
            0.0
          ],
          [
            0.0,
            0.0,
            0.0,
            1.0
          ]
        ],
        "rotation_mode": "QUATERNION"
      },
      "armature_space": {
        "head": {
          "x": 0.24495534598827362,
          "y": -0.6684424877166748,
          "z": 0.3976013958454132
