{
  "metadata": {
    "armature_name": "KIM_caucasian_male",
    "export_time": "2026-01-13T20:54:44.513875",
    "blender_version": "4.4.1",
    "bone_count": 56,
    "end_bone_count": 13,
    "spaces_included": [
      "LOCAL_CHANNELS",
      "ARMATURE_SPACE",
      "WORLD_SPACE"
    ],
    "note": "LOCAL matches Transform panel; replay pose via local.matrix_basis for best fidelity."
  },
  "bones": {
    "Root": {
      "name": "Root",
      "local": {
        "location": {
          "x": 0.0,
          "y": 0.0,
          "z": 0.0
        },
        "rotation_quaternion": {
          "w": 0.9997532367706299,
          "x": -0.015136056579649448,
          "y": -0.01539593655616045,
          "z": 0.0052243806421756744
        },
        "scale": {
          "x": 1.0,
          "y": 1.0,
          "z": 1.0
        },
        "matrix_basis": [
          [
            0.9994713664054871,
            -0.009980115108191967,
            -0.03094242699444294,
            0.0
          ],
          [
            0.010912250727415085,
            0.9994872212409973,
            0.030103774741292,
            0.0
          ],
          [
            0.030626121908426285,
            -0.030425511300563812,
            0.9990677237510681,
            0.0
          ],
          [
            0.0,
            0.0,
            0.0,
            1.0
          ]
        ],
        "rotation_mode": "QUATERNION"
      },
      "armature_space": {
        "head": {
          "x": 0.0,
          "y": 0.07072800397872925,
          "z": -0.009595036506652832
        },
        "tail": {
          "x": -0.000712339417077601,
          "y": 0.00032820552587509155,
          "z": 0.0021470310166478157
        }
      },
      "world_space": {
        "head": {
          "x": 0.0,
          "y": 0.13397200405597687,
          "z": 0.9402589797973633
        },
        "tail": {
          "x": -0.000712339417077601,
          "y": 0.06357220560312271,
          "z": 0.9520010352134705
        },
        "rotation_quaternion": {
          "w": 0.08245270699262619,
          "x": 0.9964624047279358,
          "y": -0.006249703001230955,
          "z": -0.015009003691375256
        },
        "matrix": [
          [
            0.9994713664054871,
            -0.009980115108191967,
            -0.03094242699444294,
            0.0
          ],
          [
            -0.014930261299014091,
            -0.9863249659538269,
            -0.1641349047422409,
            0.13397200405597687
          ],
          [
            -0.028881419450044632,
            0.1645103245973587,
            -0.985959529876709,
            0.9402589797973633
          ],
          [
            0.0,
            0.0,
            0.0,
            1.0
          ]
        ]
      },
      "bone_length_armature_space": 0.0713758739362603,
      "parent": null,
      "has_children": true,
      "is_end_bone": false
    },
    "spine_01": {
      "name": "spine_01",
      "local": {
        "location": {
          "x": 0.0,
          "y": 0.0,
          "z": 0.0
        },
        "rotation_quaternion": {
          "w": 0.997978925704956,
          "x": -0.05526326969265938,
          "y": 0.02315760776400566,
          "z": 0.021163469180464745
        },
        "scale": {
          "x": 1.0,
          "y": 1.0,
          "z": 1.0
        },
        "matrix_basis": [
          [
            0.9980316758155823,
            -0.04480092227458954,
            0.04388248547911644,
            0.0
          ],
          [
            0.03968186303973198,
            0.9929961562156677,
            0.11128334701061249,
            0.0
          ],
          [
            -0.0485607348382473,
            -0.10932296514511108,
            0.9928193688392639,
            0.0
          ],
          [
            0.0,
            0.0,
            0.0,
            1.0
          ]
        ],
        "rotation_mode": "QUATERNION"
      },
      "armature_space": {
        "head": {
          "x": -0.000712339417077601,
          "y": 0.00032820552587509155,
          "z": 0.0021470310166478157
        },
        "tail": {
          "x": -0.007377477362751961,
          "y": 0.0910244807600975,
          "z": 0.48160320520401
        }
      },
      "world_space": {
        "head": {
          "x": -0.000712339417077601,
          "y": 0.06357220560312271,
          "z": 0.9520010352134705
        },
        "tail": {
          "x": -0.007377477362751961,
          "y": 0.15426847338676453,
          "z": 1.431457281112671
        },
        "rotation_quaternion": {
          "w": 0.7699647545814514,
          "x": 0.6378151178359985,
          "y": 0.00897519662976265,
          "z": 0.016304029151797295
        },
        "matrix": [
          [
            0.9993072748184204,
            -0.013658035546541214,
            0.034619152545928955,
            -0.000712339417077601
          ],
          [
            0.03655615821480751,
            0.1858525574207306,
            -0.9818974137306213,
            0.06357220560312271
          ],
          [
            0.00697681400924921,
            0.9824897050857544,
            0.18622347712516785,
            0.9520010352134705
          ],
          [
            0.0,
            0.0,
            0.0,
            1.0
          ]
        ]
      },
      "bone_length_armature_space": 0.48800458029345034,
      "parent": "Root",
      "has_children": true,
      "is_end_bone": false
    },
    "neck_01": {
      "name": "neck_01",
      "local": {
        "location": {
          "x": 0.0,
          "y": 0.0,
          "z": 0.0
        },
        "rotation_quaternion": {
          "w": 0.9953775405883789,
          "x": 0.021494975313544273,
          "y": -0.06101861596107483,
          "z": 0.0709809884428978
        },
        "scale": {
          "x": 1.0,
          "y": 1.0,
          "z": 1.0
        },
        "matrix_basis": [
          [
            0.9824768304824829,
            -0.14392894506454468,
            -0.11842165142297745,
            0.0
          ],
          [
            0.13868257403373718,
            0.9889993071556091,
            -0.05145355314016342,
            0.0
          ],
          [
            0.12452458590269089,
            0.034128908067941666,
            0.9916293621063232,
            0.0
          ],
          [
            0.0,
            0.0,
            0.0,
            1.0
          ]
        ],
        "rotation_mode": "QUATERNION"
      },
      "armature_space": {
        "head": {
          "x": -0.007176890503615141,
          "y": 0.07057967782020569,
          "z": 0.5599979162216187
        },
        "tail": {
          "x": -0.021746784448623657,
          "y": 0.046249404549598694,
          "z": 0.6585195064544678
        }
      },
      "world_space": {
        "head": {
          "x": -0.007176890503615141,
          "y": 0.1338236778974533,
          "z": 1.5098519325256348
        },
        "tail": {
          "x": -0.021746784448623657,
          "y": 0.10949340462684631,
          "z": 1.6083735227584839
        },
        "rotation_quaternion": {
          "w": 0.6120715141296387,
          "x": 0.7864745259284973,
          "y": -0.08190636336803436,
          "z": 0.010849242098629475
        },
        "matrix": [
          [
            0.9863472580909729,
            -0.1421157270669937,
            -0.08320054411888123,
            -0.007176890503615141
          ],
          [
            -0.11555422097444534,
            -0.23731914162635803,
            -0.96453458070755,
            0.1338236778974533
          ],
          [
            0.1173311173915863,
            0.9609864354133606,
            -0.2505037188529968,
            1.5098519325256348
          ],
          [
            0.0,
            0.0,
            0.0,
            1.0
          ]
        ]
      },
      "bone_length_armature_space": 0.1025219376489726,
      "parent": "spine_01",
      "has_children": true,
      "is_end_bone": false
    },
    "head": {
      "name": "head",
      "local": {
        "location": {
          "x": 0.0,
          "y": 0.0,
          "z": 0.0
        },
        "rotation_quaternion": {
          "w": 0.9747706651687622,
          "x": -0.006601184606552124,
          "y": 0.009861395694315434,
          "z": -0.2228931486606598
        },
        "scale": {
          "x": 1.0,
          "y": 1.0,
          "z": 1.0
        },
        "matrix_basis": [
          [
            0.9004427790641785,
            0.4344092011451721,
            0.022167915478348732,
            0.0
          ],
          [
            -0.4346696138381958,
            0.900550127029419,
            0.008473207242786884,
            0.0
          ],
          [
            -0.01628248021006584,
            -0.017265357077121735,
            0.9997183680534363,
            0.0
          ],
          [
            0.0,
            0.0,
            0.0,
            1.0
          ]
        ],
        "rotation_mode": "QUATERNION"
      },
      "armature_space": {
        "head": {
          "x": -0.021746788173913956,
          "y": 0.04624927043914795,
          "z": 0.6585193872451782
        },
        "tail": {
          "x": 0.03063587099313736,
          "y": 0.05871147662401199,
          "z": 0.8039636015892029
        }
      },
      "world_space": {
        "head": {
          "x": -0.021746788173913956,
          "y": 0.10949327051639557,
          "z": 1.6083734035491943
        },
        "tail": {
          "x": 0.03063587099313736,
          "y": 0.12195547670125961,
          "z": 1.7538175582885742
        },
        "rotation_quaternion": {
          "w": 0.7313444018363953,
          "x": 0.6576278209686279,
          "y": 0.07288661599159241,
          "z": -0.1653745472431183
        },
        "matrix": [
          [
            0.9346774220466614,
            0.33775606751441956,
            -0.11090119928121567,
            -0.021746788173913956
          ],
          [
            -0.14602911472320557,
            0.08035457134246826,
            -0.9860115647315979,
            0.10949327051639557
          ],
          [
            -0.3241223394870758,
            0.9378039240837097,
            0.12442780286073685,
            1.6083734035491943
          ],
          [
            0.0,
            0.0,
            0.0,
            1.0
          ]
        ]
      },
      "bone_length_armature_space": 0.15509116499278175,
      "parent": "neck_01",
      "has_children": false,
      "is_end_bone": true
    },
    "upperarm_l": {
      "name": "upperarm_l",
      "local": {
        "location": {
          "x": 0.0,
          "y": 0.0,
          "z": 0.0
        },
        "rotation_quaternion": {
          "w": 0.903538703918457,
          "x": 0.09605306386947632,
          "y": 0.40757718682289124,
          "z": 0.09095312654972076
        },
        "scale": {
          "x": 1.0,
          "y": 1.0,
          "z": 1.0
        },
        "matrix_basis": [
          [
            0.6512167453765869,
            -0.0860612615942955,
            0.7539961934089661,
            0.0
          ],
          [
            0.24265740811824799,
            0.9650026559829712,
            -0.09943448007106781,
            0.0
          ],
          [
            -0.7190508842468262,
            0.24771615862846375,
            0.6493092775344849,
            0.0
          ],
          [
            0.0,
            0.0,
            0.0,
            1.0
          ]
        ],
        "rotation_mode": "QUATERNION"
      },
      "armature_space": {
        "head": {
          "x": 0.14374753832817078,
          "y": 0.06044098362326622,
          "z": 0.4956073760986328
        },
        "tail": {
          "x": 0.4067365527153015,
          "y": 0.0172099731862545,
          "z": 0.5234549641609192
        }
      },
      "world_space": {
        "head": {
          "x": 0.14374753832817078,
          "y": 0.12368498742580414,
          "z": 1.445461392402649
        },
        "tail": {
          "x": 0.4067365527153015,
          "y": 0.08045397698879242,
          "z": 1.47330904006958
        },
        "rotation_quaternion": {
          "w": 0.31013432145118713,
          "x": 0.7036474347114563,
          "y": 0.5684639811515808,
          "z": -0.2924821078777313
        },
        "matrix": [
          [
            0.18260477483272552,
            0.9814141988754272,
            -0.059005532413721085,
            0.14374753832817078
          ],
          [
            0.6185792684555054,
            -0.16132813692092896,
            -0.7689818739891052,
            0.12368498742580414
          ],
          [
            -0.7642137408256531,
            0.10392069071531296,
            -0.6365468502044678,
            1.445461392402649
          ],
          [
            0.0,
            0.0,
            0.0,
            1.0
          ]
        ]
      },
      "bone_length_armature_space": 0.2679694508271951,
      "parent": "spine_01",
      "has_children": true,
      "is_end_bone": false
    },
    "lowerarm_l": {
      "name": "lowerarm_l",
      "local": {
        "location": {
          "x": 0.0,
          "y": 0.0,
          "z": 0.0
        },
        "rotation_quaternion": {
          "w": 0.9576378464698792,
          "x": 0.22284717857837677,
          "y": 0.02818099968135357,
          "z": -0.18020787835121155
        },
        "scale": {
          "x": 1.0,
          "y": 1.0,
          "z": 1.0
        },
        "matrix_basis": [
          [
            0.9334619045257568,
            0.3577078878879547,
            -0.026343250647187233,
            0.0
          ],
          [
            -0.33258765935897827,
            0.8357285261154175,
            -0.43697065114974976,
            0.0
          ],
          [
            -0.13429202139377594,
            0.4166569113731384,
            0.8990899324417114,
            0.0
          ],
          [
            0.0,
            0.0,
            0.0,
            1.0
          ]
        ],
        "rotation_mode": "QUATERNION"
      },
      "armature_space": {
        "head": {
          "x": 0.4067366123199463,
          "y": 0.017209850251674652,
          "z": 0.523455023765564
        },
        "tail": {
          "x": 0.6183952689170837,
          "y": -0.09255263209342957,
          "z": 0.4021191895008087
        }
      },
      "world_space": {
        "head": {
          "x": 0.4067366123199463,
          "y": 0.08045385032892227,
          "z": 1.47330904006958
        },
        "tail": {
          "x": 0.6183952689170837,
          "y": -0.029308632016181946,
          "z": 1.3519731760025024
        },
        "rotation_quaternion": {
          "w": 0.06247815862298012,
          "x": 0.6756236553192139,
          "y": 0.5393980145454407,
          "z": -0.4986773729324341
        },
        "matrix": [
          [
            -0.07926077395677567,
            0.7911748886108398,
            -0.6064319610595703,
            0.4067366123199463
          ],
          [
            0.6665464639663696,
            -0.4102894961833954,
            -0.6223975419998169,
            0.08045385032892227
          ],
          [
            -0.741242527961731,
            -0.45355039834976196,
            -0.4948389530181885,
            1.47330904006958
          ],
          [
            0.0,
            0.0,
            0.0,
            1.0
          ]
        ]
      },
      "bone_length_armature_space": 0.2675249036361035,
      "parent": "upperarm_l",
      "has_children": true,
      "is_end_bone": false
    },
    "metacarpal_thumb_l": {
      "name": "metacarpal_thumb_l",
      "local": {
        "location": {
          "x": 0.0,
          "y": 0.0,
          "z": 0.0
        },
        "rotation_quaternion": {
          "w": 0.9992640018463135,
          "x": 0.030626360327005386,
          "y": 0.011587676592171192,
          "z": 0.019983267411589622
        },
        "scale": {
          "x": 1.0,
          "y": 1.0,
          "z": 1.0
        },
        "matrix_basis": [
          [
            0.9989327788352966,
            -0.03922734409570694,
            0.024382324889302254,
            0.0
          ],
          [
            0.04064689576625824,
            0.9973253607749939,
            -0.0607445202767849,
            0.0
          ],
          [
            -0.02193426713347435,
            0.061670757830142975,
            0.9978554844856262,
            0.0
          ],
          [
            0.0,
            0.0,
            0.0,
            1.0
          ]
        ],
        "rotation_mode": "QUATERNION"
      },
      "armature_space": {
        "head": {
          "x": 0.6183952689170837,
          "y": -0.09255263209342957,
          "z": 0.4021191895008087
        },
        "tail": {
          "x": 0.6284292340278625,
          "y": -0.11886294931173325,
          "z": 0.3613675534725189
        }
      },
      "world_space": {
        "head": {
          "x": 0.6183952689170837,
          "y": -0.029308632016181946,
          "z": 1.3519731760025024
        },
        "tail": {
          "x": 0.6284292340278625,
          "y": -0.055618949234485626,
          "z": 1.3112215995788574
        },
        "rotation_quaternion": {
          "w": 0.46509337425231934,
          "x": -0.8742667436599731,
          "y": -0.134566530585289,
          "z": 0.035181526094675064
        },
        "matrix": [
          [
            0.9613078832626343,
            0.20256879925727844,
            -0.18668875098228455,
            0.6183952689170837
          ],
          [
            0.2680203318595886,
            -0.531160295009613,
            0.8037624359130859,
            -0.029308632016181946
          ],
          [
            0.06365625560283661,
            -0.8227056264877319,
            -0.5649043917655945,
            1.3519731760025024
          ],
          [
            0.0,
            0.0,
            0.0,
            1.0
          ]
        ]
      },
      "bone_length_armature_space": 0.049533919054164724,
      "parent": "lowerarm_l",
      "has_children": true,
      "is_end_bone": false
    },
    "thumb_01_l": {
      "name": "thumb_01_l",
      "local": {
        "location": {
          "x": 0.0,
          "y": 0.0,
          "z": 0.0
        },
        "rotation_quaternion": {
          "w": 0.9996426105499268,
          "x": 0.014206083491444588,
          "y": -0.015394661575555801,
          "z": 0.01660880632698536
        },
        "scale": {
          "x": 1.0,
          "y": 1.0,
          "z": 1.0
        },
        "matrix_basis": [
          [
            0.9989743232727051,
            -0.03364313766360283,
            -0.03030642680823803,
            0.0
          ],
          [
            0.03276834636926651,
            0.99904465675354,
            -0.028913386166095734,
            0.0
          ],
          [
            0.03125021234154701,
            0.027890639379620552,
            0.9991223812103271,
            0.0
          ],
          [
            0.0,
            0.0,
            0.0,
            1.0
          ]
        ],
        "rotation_mode": "QUATERNION"
      },
      "armature_space": {
        "head": {
          "x": 0.6284292340278625,
          "y": -0.11886294931173325,
          "z": 0.3613675534725189
        },
        "tail": {
          "x": 0.6249083876609802,
          "y": -0.11028237640857697,
          "z": 0.328616738319397
        }
      },
      "world_space": {
        "head": {
          "x": 0.6284292340278625,
          "y": -0.055618949234485626,
          "z": 1.3112215995788574
        },
        "tail": {
          "x": 0.6249083876609802,
          "y": -0.047038376331329346,
          "z": 1.278470754623413
        },
        "rotation_quaternion": {
          "w": 0.6183409690856934,
          "x": -0.5159448981285095,
          "y": 0.49365630745887756,
          "z": -0.32826659083366394
        },
        "matrix": [
          [
            0.29708659648895264,
            -0.10343639552593231,
            0.9492314457893372,
            0.6284292340278625
          ],
          [
            -0.9153610467910767,
            0.25208383798599243,
            0.3139554262161255,
            -0.055618949234485626
          ],
          [
            -0.2717629075050354,
            -0.9621679782867432,
            -0.01979079470038414,
            1.3112215995788574
          ],
          [
            0.0,
            0.0,
            0.0,
            1.0
          ]
        ]
      },
      "bone_length_armature_space": 0.03403877847172224,
      "parent": "metacarpal_thumb_l",
      "has_children": true,
      "is_end_bone": false
    },
    "thumb_02_l": {
      "name": "thumb_02_l",
      "local": {
        "location": {
          "x": 0.0,
          "y": 0.0,
          "z": 0.0
        },
        "rotation_quaternion": {
          "w": 0.9923626184463501,
          "x": 0.12328500300645828,
          "y": -0.0018865049351006746,
          "z": -0.003719153581187129
        },
        "scale": {
          "x": 1.0,
          "y": 1.0,
          "z": 1.0
        },
        "matrix_basis": [
          [
            0.9999651908874512,
            0.006916342303156853,
            -0.004661225713789463,
            0.0
          ],
          [
            -0.007846653461456299,
            0.969573974609375,
            -0.24467281997203827,
            0.0
          ],
          [
            0.002827162155881524,
            0.24470089375972748,
            0.9695944786071777,
            0.0
          ],
          [
            0.0,
            0.0,
            0.0,
            1.0
          ]
        ],
        "rotation_mode": "QUATERNION"
      },
      "armature_space": {
        "head": {
          "x": 0.6249083280563354,
          "y": -0.11028236150741577,
          "z": 0.328616738319397
        },
        "tail": {
          "x": 0.6579619646072388,
          "y": -0.12415248900651932,
          "z": 0.3104987144470215
        }
      },
      "world_space": {
        "head": {
          "x": 0.6249083280563354,
          "y": -0.04703836143016815,
          "z": 1.278470754623413
        },
        "tail": {
          "x": 0.6579619646072388,
          "y": -0.0609084889292717,
          "z": 1.2603527307510376
        },
        "rotation_quaternion": {
          "w": 0.5293234586715698,
          "x": -0.09176801145076752,
          "y": 0.21713943779468536,
          "z": -0.8150128126144409
        },
        "matrix": [
          [
            -0.4227895140647888,
            0.8229577541351318,
            0.3794594407081604,
            0.6249083280563354
          ],
          [
            -0.9026644229888916,
            -0.3453338146209717,
            -0.2567908763885498,
            -0.04703836143016815
          ],
          [
            -0.08028917759656906,
            -0.45109647512435913,
            0.8888641595840454,
            1.278470754623413
          ],
          [
            0.0,
            0.0,
            0.0,
            1.0
          ]
        ]
      },
      "bone_length_armature_space": 0.040164488468161015,
      "parent": "thumb_01_l",
      "has_children": true,
      "is_end_bone": false
    },
    "thumb_03_l": {
      "name": "thumb_03_l",
      "local": {
        "location": {
          "x": 0.0,
          "y": 0.0,
          "z": 0.0
        },
        "rotation_quaternion": {
          "w": 0.9983819127082825,
          "x": 0.056279607117176056,
          "y": -0.008125095628201962,
          "z": 0.0005426703719422221
        },
        "scale": {
          "x": 1.0,
          "y": 1.0,
          "z": 1.0
        },
        "matrix_basis": [
          [
            0.9998673796653748,
            -0.0019981388468295336,
            -0.0161628145724535,
            0.0
          ],
          [
            0.00016903018695302308,
            0.9936646223068237,
            -0.11238589882850647,
            0.0
          ],
          [
            0.01628497987985611,
            0.11236826330423355,
            0.993533194065094,
            0.0
          ],
          [
            0.0,
            0.0,
            0.0,
            1.0
          ]
        ],
        "rotation_mode": "QUATERNION"
      },
      "armature_space": {
        "head": {
          "x": 0.6579618453979492,
          "y": -0.12415251135826111,
          "z": 0.3104986846446991
        },
        "tail": {
          "x": 0.6868497729301453,
          "y": -0.13347986340522766,
          "z": 0.3081793785095215
        }
      },
      "world_space": {
        "head": {
          "x": 0.6579618453979492,
          "y": -0.06090851128101349,
          "z": 1.2603527307510376
        },
        "tail": {
          "x": 0.6868497729301453,
          "y": -0.07023586332798004,
          "z": 1.2580333948135376
        },
        "rotation_quaternion": {
          "w": 0.5630339980125427,
          "x": 0.17434225976467133,
          "y": 0.172649085521698,
          "z": -0.7891703844070435
        },
        "matrix": [
          [
            -0.30519455671310425,
            0.9488597512245178,
            -0.08075472712516785,
            0.6579618453979492
          ],
          [
            -0.8284599781036377,
            -0.30636855959892273,
            -0.46882015466690063,
            -0.06090851128101349
          ],
          [
            -0.4695892632007599,
            -0.07618014514446259,
            0.8796001672744751,
            1.2603527307510376
          ],
          [
            0.0,
            0.0,
            0.0,
            1.0
          ]
        ]
      },
      "bone_length_armature_space": 0.030444885103072417,
      "parent": "thumb_02_l",
      "has_children": false,
      "is_end_bone": true
    },
    "metacarpal_index_l": {
      "name": "metacarpal_index_l",
      "local": {
        "location": {
          "x": 0.0,
          "y": 0.0,
          "z": 0.0
        },
        "rotation_quaternion": {
          "w": 0.9989768266677856,
          "x": -0.044642552733421326,
          "y": 0.005404978059232235,
          "z": 0.004807190038263798
        },
        "scale": {
          "x": 1.0,
          "y": 1.0,
          "z": 1.0
        },
        "matrix_basis": [
          [
            0.9998953342437744,
            -0.01008712686598301,
            0.010369685478508472,
            0.0
          ],
          [
            0.00912195909768343,
            0.9959678649902344,
            0.08924571424722672,
            0.0
          ],
          [
            -0.0112281059846282,
            -0.08914178609848022,
            0.9959556460380554,
            0.0
          ],
          [
            0.0,
            0.0,
            0.0,
            1.0
          ]
        ],
        "rotation_mode": "QUATERNION"
      },
      "armature_space": {
        "head": {
          "x": 0.6183952689170837,
          "y": -0.09255263209342957,
          "z": 0.4021191895008087
        },
        "tail": {
          "x": 0.6893410086631775,
          "y": -0.1602848321199417,
          "z": 0.338022917509079
        }
      },
      "world_space": {
        "head": {
          "x": 0.6183952689170837,
          "y": -0.029308632016181946,
          "z": 1.3519731760025024
        },
        "tail": {
          "x": 0.6893410086631775,
          "y": -0.09704083204269409,
          "z": 1.2878769636154175
        },
        "rotation_quaternion": {
          "w": 0.22913986444473267,
          "x": -0.8683082461357117,
          "y": -0.39807701110839844,
          "z": 0.18727095425128937
        },
        "matrix": [
          [
            0.6129273772239685,
            0.6054850220680237,
            -0.5076491236686707,
            0.6183952689170837
          ],
          [
            0.7771304249763489,
            -0.578059196472168,
            0.24882985651493073,
            -0.029308632016181946
          ],
          [
            -0.14278879761695862,
            -0.5470285415649414,
            -0.8248546123504639,
            1.3519731760025024
          ],
          [
            0.0,
            0.0,
            0.0,
            1.0
          ]
        ]
      },
      "bone_length_armature_space": 0.11717201369003062,
      "parent": "lowerarm_l",
      "has_children": true,
      "is_end_bone": false
    },
    "index_01_l": {
      "name": "index_01_l",
      "local": {
        "location": {
          "x": 0.0,
          "y": 0.0,
          "z": 0.0
        },
        "rotation_quaternion": {
          "w": 0.9962393641471863,
          "x": -0.08536982536315918,
          "y": -0.0147734135389328,
          "z": -0.0009911220986396074
        },
        "scale": {
          "x": 1.0,
          "y": 1.0,
          "z": 1.0
        },
        "matrix_basis": [
          [
            0.9995615482330322,
            0.004497196990996599,
            -0.029266487807035446,
            0.0
          ],
          [
            0.0005476177902892232,
            0.9854220151901245,
            0.17012684047222137,
            0.0
          ],
          [
            0.02960493601858616,
            -0.17006827890872955,
            0.9849874973297119,
            0.0
          ],
          [
            0.0,
            0.0,
            0.0,
            1.0
          ]
        ],
        "rotation_mode": "QUATERNION"
      },
      "armature_space": {
        "head": {
          "x": 0.6893410086631775,
          "y": -0.1602848321199417,
          "z": 0.338022917509079
        },
        "tail": {
          "x": 0.7149425148963928,
          "y": -0.1697501540184021,
          "z": 0.3297742009162903
        }
      },
      "world_space": {
        "head": {
          "x": 0.6893410086631775,
          "y": -0.09704083204269409,
          "z": 1.2878769636154175
        },
        "tail": {
          "x": 0.7149425148963928,
          "y": -0.10650615394115448,
          "z": 1.2796282768249512
        },
        "rotation_quaternion": {
          "w": 0.13142792880535126,
          "x": -0.8133119344711304,
          "y": -0.5628072619438171,
          "z": 0.06707099825143814
        },
        "matrix": [
          [
            0.3574984669685364,
            0.8978455066680908,
            -0.25703731179237366,
            0.6893410086631775
          ],
          [
            0.9331061840057373,
            -0.331949383020401,
            0.1382860541343689,
            -0.09704083204269409
          ],
          [
            0.03883722051978111,
            -0.28928250074386597,
            -0.9564629197120667,
            1.2878769636154175
          ],
          [
            0.0,
            0.0,
            0.0,
            1.0
          ]
        ]
      },
      "bone_length_armature_space": 0.02851439587266217,
      "parent": "metacarpal_index_l",
      "has_children": true,
      "is_end_bone": false
    },
    "index_02_l": {
      "name": "index_02_l",
      "local": {
        "location": {
          "x": 0.0,
          "y": 0.0,
          "z": 0.0
        },
        "rotation_quaternion": {
          "w": 0.9780733585357666,
          "x": 0.20822623372077942,
          "y": -0.0005916489753872156,
          "z": -0.003758677514269948
        },
        "scale": {
          "x": 1.0,
          "y": 1.0,
          "z": 1.0
        },
        "matrix_basis": [
          [
            0.9999710321426392,
            0.007106130942702293,
            -0.002722662640735507,
            0.0
          ],
          [
            -0.00759891839697957,
            0.9132553935050964,
            -0.4073166251182556,
            0.0
          ],
          [
            -0.00040795831591822207,
            0.40732550621032715,
            0.9132829904556274,
            0.0
          ],
          [
            0.0,
            0.0,
            0.0,
            1.0
          ]
        ],
        "rotation_mode": "QUATERNION"
      },
      "armature_space": {
        "head": {
          "x": 0.7149426937103271,
          "y": -0.16975046694278717,
          "z": 0.32977378368377686
        },
        "tail": {
          "x": 0.7339023947715759,
          "y": -0.17609620094299316,
          "z": 0.3137003481388092
        }
      },
      "world_space": {
        "head": {
          "x": 0.7149426937103271,
          "y": -0.10650646686553955,
          "z": 1.279627799987793
        },
        "tail": {
          "x": 0.7339023947715759,
          "y": -0.11285220086574554,
          "z": 1.263554334640503
        },
        "rotation_quaternion": {
          "w": 0.2647179663181305,
          "x": -0.7637965083122253,
          "y": -0.5533908009529114,
          "z": 0.20074352622032166
        },
        "matrix": [
          [
            0.3069189786911011,
            0.7390751242637634,
            -0.5996403098106384,
            0.7149426937103271
          ],
          [
            0.9516376852989197,
            -0.24736537039279938,
            0.18219926953315735,
            -0.10650646686553955
          ],
          [
            -0.013670560903847218,
            -0.6265653371810913,
            -0.779258131980896,
            1.279627799987793
          ],
          [
            0.0,
            0.0,
            0.0,
            1.0
          ]
        ]
      },
      "bone_length_armature_space": 0.02565334170685326,
      "parent": "index_01_l",
      "has_children": true,
      "is_end_bone": false
    },
    "index_03_l": {
      "name": "index_03_l",
      "local": {
        "location": {
          "x": 0.0,
          "y": 0.0,
          "z": 0.0
        },
        "rotation_quaternion": {
          "w": 0.9785852432250977,
          "x": 0.20577499270439148,
          "y": 0.0051525654271245,
          "z": 0.0009992591803893447
        },
        "scale": {
          "x": 1.0,
          "y": 1.0,
          "z": 1.0
        },
        "matrix_basis": [
          [
            0.9999449253082275,
            0.00016481765487696975,
            0.010495694354176521,
            0.0
          ],
          [
            0.00407625874504447,
            0.915311336517334,
            -0.4027264416217804,
            0.0
          ],
          [
            -0.009673204272985458,
            0.4027470350265503,
            0.9152601957321167,
            0.0
          ],
          [
            0.0,
            0.0,
            0.0,
            1.0
          ]
        ],
        "rotation_mode": "QUATERNION"
      },
      "armature_space": {
        "head": {
          "x": 0.7339024543762207,
          "y": -0.17609624564647675,
          "z": 0.31370046734809875
        },
        "tail": {
          "x": 0.7452569007873535,
          "y": -0.17676034569740295,
          "z": 0.2867862284183502
        }
      },
      "world_space": {
        "head": {
          "x": 0.7339024543762207,
          "y": -0.11285224556922913,
          "z": 1.2635544538497925
        },
        "tail": {
          "x": 0.7452569007873535,
          "y": -0.11351634562015533,
          "z": 1.236640214920044
        },
        "rotation_quaternion": {
          "w": 0.47392311692237854,
          "x": -0.6510198712348938,
          "y": -0.5138405561447144,
          "z": 0.2958683967590332
        },
        "matrix": [
          [
            0.29685690999031067,
            0.38860273361206055,
            -0.8722749948501587,
            0.7339024543762207
          ],
          [
            0.9494794607162476,
            -0.02272859215736389,
            0.3130057156085968,
            -0.11285224556922913
          ],
          [
            0.10181085765361786,
            -0.9211316108703613,
            -0.3757197856903076,
            1.2635544538497925
          ],
          [
            0.0,
            0.0,
            0.0,
            1.0
          ]
        ]
      },
      "bone_length_armature_space": 0.029218841798139966,
      "parent": "index_02_l",
      "has_children": false,
      "is_end_bone": true
    },
    "metacarpal_pinky_l": {
      "name": "metacarpal_pinky_l",
      "local": {
        "location": {
          "x": 0.0,
          "y": 0.0,
          "z": 0.0
        },
        "rotation_quaternion": {
          "w": 0.9999338388442993,
          "x": -0.006941052153706551,
          "y": 0.00894253607839346,
          "z": -0.0020822768565267324
        },
        "scale": {
          "x": 1.0,
          "y": 1.0,
          "z": 1.0
        },
        "matrix_basis": [
          [
            0.9998313784599304,
            0.004040136933326721,
            0.017912795767188072,
            0.0
          ],
          [
            -0.0042884196154773235,
            0.9998949766159058,
            0.013843944296240807,
            0.0
          ],
          [
            -0.017854982987046242,
            -0.013918427750468254,
            0.9997437000274658,
            0.0
          ],
          [
            0.0,
            0.0,
            0.0,
            1.0
          ]
        ],
        "rotation_mode": "QUATERNION"
      },
      "armature_space": {
        "head": {
          "x": 0.6183952689170837,
          "y": -0.09255263209342957,
          "z": 0.4021191895008087
        },
        "tail": {
          "x": 0.7158791422843933,
          "y": -0.11220784485340118,
          "z": 0.37123560905456543
        }
      },
      "world_space": {
        "head": {
          "x": 0.6183952689170837,
          "y": -0.029308632016181946,
          "z": 1.3519731760025024
        },
        "tail": {
          "x": 0.7158791422843933,
          "y": -0.048963844776153564,
          "z": 1.3210896253585815
        },
        "rotation_quaternion": {
          "w": 0.497643381357193,
          "x": 0.276729553937912,
          "y": 0.3974580764770508,
          "z": -0.7195825576782227
        },
        "matrix": [
          [
            -0.3515426814556122,
            0.9361679553985596,
            -0.0026731276884675026,
            0.6183952689170837
          ],
          [
            -0.49621617794036865,
            -0.188755065202713,
            -0.8474321961402893,
            -0.029308632016181946
          ],
          [
            -0.7938493490219116,
            -0.29658445715904236,
            0.5309000015258789,
            1.3519731760025024
          ],
          [
            0.0,
            0.0,
            0.0,
            1.0
          ]
        ]
      },
      "bone_length_armature_space": 0.10413082448042388,
      "parent": "lowerarm_l",
      "has_children": true,
      "is_end_bone": false
    },
    "pinky_01_l": {
      "name": "pinky_01_l",
      "local": {
        "location": {
          "x": 0.0,
          "y": 0.0,
          "z": 0.0
        },
        "rotation_quaternion": {
          "w": 0.9997913837432861,
          "x": 0.013558820821344852,
          "y": -0.015005767345428467,
          "z": -0.002857726300135255
        },
        "scale": {
          "x": 1.0,
          "y": 1.0,
          "z": 1.0
        },
        "matrix_basis": [
          [
            0.9995332956314087,
            0.005307339131832123,
            -0.030082767829298973,
            0.0
          ],
          [
            -0.006121181417256594,
            0.9996159672737122,
            -0.02702621929347515,
            0.0
          ],
          [
            0.029927778989076614,
            0.02719774842262268,
            0.9991819858551025,
            0.0
          ],
          [
            0.0,
            0.0,
            0.0,
            1.0
          ]
        ],
        "rotation_mode": "QUATERNION"
      },
      "armature_space": {
        "head": {
          "x": 0.7158791422843933,
          "y": -0.11220784485340118,
          "z": 0.37123560905456543
        },
