{
  "metadata": {
    "armature_name": "KIM_caucasian_male",
    "export_time": "2026-01-13T19:11:21.249103",
    "blender_version": "4.4.1",
    "bone_count": 56,
    "end_bone_count": 13,
    "spaces_included": [
      "LOCAL_CHANNELS",
      "ARMATURE_SPACE",
      "WORLD_SPACE"
    ],
    "note": "LOCAL matches Transform panel; replay pose via local.matrix_basis for best fidelity."
  },
  "bones": {
    "Root": {
      "name": "Root",
      "local": {
        "location": {
          "x": 0.0,
          "y": 0.0,
          "z": 0.0
        },
        "rotation_quaternion": {
          "w": 0.9997177124023438,
          "x": 0.019250668585300446,
          "y": -0.006959570571780205,
          "z": -0.012065297923982143
        },
        "scale": {
          "x": 1.0,
          "y": 1.0,
          "z": 1.0
        },
        "matrix_basis": [
          [
            0.9996119737625122,
            0.02385583147406578,
            -0.014379741623997688,
            0.0
          ],
          [
            -0.024391736835241318,
            0.998967707157135,
            -0.038322530686855316,
            0.0
          ],
          [
            0.013450682163238525,
            0.03865840658545494,
            0.999161958694458,
            0.0
          ],
          [
            0.0,
            0.0,
            0.0,
            1.0
          ]
        ],
        "rotation_mode": "QUATERNION"
      },
      "armature_space": {
        "head": {
          "x": 0.0,
          "y": 0.07072800397872925,
          "z": -0.009595036506652832
        },
        "tail": {
          "x": 0.0017027306603267789,
          "y": -0.00029791146516799927,
          "z": -0.0027441568672657013
        }
      },
      "world_space": {
        "head": {
          "x": 0.0,
          "y": 0.13397200405597687,
          "z": 0.9402589797973633
        },
        "tail": {
          "x": 0.0017027306603267789,
          "y": 0.06294608861207962,
          "z": 0.9471098780632019
        },
        "rotation_quaternion": {
          "w": 0.04814169555902481,
          "x": 0.9987434148788452,
          "y": 0.011569037102162838,
          "z": -0.007756571751087904
        },
        "matrix": [
          [
            0.9996119737625122,
            0.02385583147406578,
            -0.014379741623997688,
            0.0
          ],
          [
            0.02236216701567173,
            -0.9950970411300659,
            -0.09634235501289368,
            0.13397200405597687
          ],
          [
            -0.016607660800218582,
            0.09598313271999359,
            -0.995251476764679,
            0.9402589797973633
          ],
          [
            0.0,
            0.0,
            0.0,
            1.0
          ]
        ]
      },
      "bone_length_armature_space": 0.07137586704664321,
      "parent": null,
      "has_children": true,
      "is_end_bone": false
    },
    "spine_01": {
      "name": "spine_01",
      "local": {
        "location": {
          "x": 0.0,
          "y": 0.0,
          "z": 0.0
        },
        "rotation_quaternion": {
          "w": 0.9979186058044434,
          "x": 0.05820431932806969,
          "y": -0.027583617717027664,
          "z": -0.0031381207518279552
        },
        "scale": {
          "x": 1.0,
          "y": 1.0,
          "z": 1.0
        },
        "matrix_basis": [
          [
            0.9984585642814636,
            0.0030522067099809647,
            -0.05541771650314331,
            0.0
          ],
          [
            -0.009474149905145168,
            0.9932048320770264,
            -0.11599322408437729,
            0.0
          ],
          [
            0.05468710511922836,
            0.11633946746587753,
            0.9917027950286865,
            0.0
          ],
          [
            0.0,
            0.0,
            0.0,
            1.0
          ]
        ],
        "rotation_mode": "QUATERNION"
      },
      "armature_space": {
        "head": {
          "x": 0.0017027306603267789,
          "y": -0.00029791146516799927,
          "z": -0.0027441568672657013
        },
        "tail": {
          "x": 0.012428726069629192,
          "y": -0.05293569341301918,
          "z": 0.4822947382926941
        }
      },
      "world_space": {
        "head": {
          "x": 0.0017027306603267789,
          "y": 0.06294608861207962,
          "z": 0.9471098780632019
        },
        "tail": {
          "x": 0.012428726069629192,
          "y": 0.01030830666422844,
          "z": 1.4321486949920654
        },
        "rotation_quaternion": {
          "w": 0.6678738594055176,
          "x": 0.7439875602722168,
          "y": -0.003509596223011613,
          "z": -0.02036435343325138
        },
        "matrix": [
          [
            0.9991459250450134,
            0.021979443728923798,
            -0.03498941287398338,
            0.0017027306603267789
          ],
          [
            -0.03242367133498192,
            -0.10786403715610504,
            -0.9936368465423584,
            0.06294608861207962
          ],
          [
            -0.025613892823457718,
            0.9939296841621399,
            -0.10706093162298203,
            0.9471098780632019
          ],
          [
            0.0,
            0.0,
            0.0,
            1.0
          ]
        ]
      },
      "bone_length_armature_space": 0.4880046308966616,
      "parent": "Root",
      "has_children": true,
      "is_end_bone": false
    },
    "neck_01": {
      "name": "neck_01",
      "local": {
        "location": {
          "x": 0.0,
          "y": 0.0,
          "z": 0.0
        },
        "rotation_quaternion": {
          "w": 0.992823600769043,
          "x": -0.11228769272565842,
          "y": -0.03853100165724754,
          "z": -0.014425952918827534
        },
        "scale": {
          "x": 1.0,
          "y": 1.0,
          "z": 1.0
        },
        "matrix_basis": [
          [
            0.9966145157814026,
            0.037297967821359634,
            -0.07326926290988922,
            0.0
          ],
          [
            -0.019991738721728325,
            0.9743667244911194,
            0.22407543659210205,
            0.0
          ],
          [
            0.07974869012832642,
            -0.22185204923152924,
            0.9718136787414551,
            0.0
          ],
          [
            0.0,
            0.0,
            0.0,
            1.0
          ]
        ],
        "rotation_mode": "QUATERNION"
      },
      "armature_space": {
        "head": {
          "x": 0.012824579142034054,
          "y": -0.09529309719800949,
          "z": 0.5513558387756348
        },
        "tail": {
          "x": 0.01831371895968914,
          "y": -0.12312598526477814,
          "z": 0.6498746871948242
        }
      },
      "world_space": {
        "head": {
          "x": 0.012824579142034054,
          "y": -0.03204909712076187,
          "z": 1.5012098550796509
        },
        "tail": {
          "x": 0.01831371895968914,
          "y": -0.05988198518753052,
          "z": 1.5997287034988403
        },
        "rotation_quaternion": {
          "w": 0.6034014821052551,
          "x": 0.7949773073196411,
          "y": -0.012825852259993553,
          "z": -0.061264317482709885
        },
        "matrix": [
          [
            0.9921644330024719,
            0.05354143679141998,
            -0.11288535594940186,
            0.012824579142034054
          ],
          [
            -0.09432614594697952,
            -0.2714838981628418,
            -0.9578096866607666,
            -0.03204909712076187
          ],
          [
            -0.08192972838878632,
            0.9609591364860535,
            -0.2643091082572937,
            1.5012098550796509
          ],
          [
            0.0,
            0.0,
            0.0,
            1.0
          ]
        ]
      },
      "bone_length_armature_space": 0.10252201634553831,
      "parent": "spine_01",
      "has_children": true,
      "is_end_bone": false
    },
    "head": {
      "name": "head",
      "local": {
        "location": {
          "x": 0.0,
          "y": 0.0,
          "z": 0.0
        },
        "rotation_quaternion": {
          "w": 0.9842040538787842,
          "x": 0.003828224027529359,
          "y": 0.15098607540130615,
          "z": -0.09236329048871994
        },
        "scale": {
          "x": 1.0,
          "y": 1.0,
          "z": 1.0
        },
        "matrix_basis": [
          [
            0.9373444318771362,
            0.18296466767787933,
            0.2964950501918793,
            0.0
          ],
          [
            -0.18065263330936432,
            0.9829087257385254,
            -0.03542665019631386,
            0.0
          ],
          [
            -0.29790937900543213,
            -0.02035563439130783,
            0.9543771147727966,
            0.0
          ],
          [
            0.0,
            0.0,
            0.0,
            1.0
          ]
        ],
        "rotation_mode": "QUATERNION"
      },
      "armature_space": {
        "head": {
          "x": 0.0183136984705925,
          "y": -0.12312611937522888,
          "z": 0.6498745083808899
        },
        "tail": {
          "x": 0.06047745421528816,
          "y": -0.10855261981487274,
          "z": 0.7984111309051514
        }
      },
      "world_space": {
        "head": {
          "x": 0.0183136984705925,
          "y": -0.05988211929798126,
          "z": 1.5997285842895508
        },
        "tail": {
          "x": 0.06047745421528816,
          "y": -0.04530861973762512,
          "z": 1.7482651472091675
        },
        "rotation_quaternion": {
          "w": 0.719619870185852,
          "x": 0.6724220514297485,
          "y": 0.17067712545394897,
          "z": -0.02941269613802433
        },
        "matrix": [
          [
            0.940008819103241,
            0.27186599373817444,
            0.2060883343219757,
            0.0183136984705925
          ],
          [
            0.1872003823518753,
            0.09396789968013763,
            -0.977817177772522,
            -0.05988211929798126
          ],
          [
            -0.2852027118206024,
            0.9577433466911316,
            0.03743651509284973,
            1.5997285842895508
          ],
          [
            0.0,
            0.0,
            0.0,
            1.0
          ]
        ]
      },
      "bone_length_armature_space": 0.15509125661593143,
      "parent": "neck_01",
      "has_children": false,
      "is_end_bone": true
    },
    "upperarm_l": {
      "name": "upperarm_l",
      "local": {
        "location": {
          "x": 0.0,
          "y": 0.0,
          "z": 0.0
        },
        "rotation_quaternion": {
          "w": 0.9504998326301575,
          "x": 0.29168248176574707,
          "y": 0.04951877146959305,
          "z": 0.09497075527906418
        },
        "scale": {
          "x": 1.0,
          "y": 1.0,
          "z": 1.0
        },
        "matrix_basis": [
          [
            0.9770569205284119,
            -0.15165185928344727,
            0.14953777194023132,
            0.0
          ],
          [
            0.2094268947839737,
            0.8118037581443787,
            -0.5450826287269592,
            0.0
          ],
          [
            -0.038732558488845825,
            0.5638939738273621,
            0.8249384164810181,
            0.0
          ],
          [
            0.0,
            0.0,
            0.0,
            1.0
          ]
        ],
        "rotation_mode": "QUATERNION"
      },
      "armature_space": {
        "head": {
          "x": 0.16110770404338837,
          "y": -0.09607618302106857,
          "z": 0.4803725481033325
        },
        "tail": {
          "x": 0.3806864023208618,
          "y": -0.2492946982383728,
          "z": 0.4911842942237854
        }
      },
      "world_space": {
        "head": {
          "x": 0.16110770404338837,
          "y": -0.03283218294382095,
          "z": 1.4302265644073486
        },
        "tail": {
          "x": 0.3806864023208618,
          "y": -0.18605069816112518,
          "z": 1.4410383701324463
        },
        "rotation_quaternion": {
          "w": 0.3001859486103058,
          "x": 0.7021059989929199,
          "y": 0.35213619470596313,
          "z": -0.5412353277206421
        },
        "matrix": [
          [
            0.166128009557724,
            0.8194169998168945,
            -0.548595666885376,
            0.16110770404338837
          ],
          [
            0.16953133046627045,
            -0.5717761516571045,
            -0.8027025461196899,
            -0.03283218294382095
          ],
          [
            -0.9714288115501404,
            0.04034697264432907,
            -0.23390723764896393,
            1.4302265644073486
          ],
          [
            0.0,
            0.0,
            0.0,
            1.0
          ]
        ]
      },
      "bone_length_armature_space": 0.2679694193442282,
      "parent": "spine_01",
      "has_children": true,
      "is_end_bone": false
    },
    "lowerarm_l": {
      "name": "lowerarm_l",
      "local": {
        "location": {
          "x": 0.0,
          "y": 0.0,
          "z": 0.0
        },
        "rotation_quaternion": {
          "w": 0.9245374202728271,
          "x": 0.3187198042869568,
          "y": 0.06844105571508408,
          "z": -0.19739344716072083
        },
        "scale": {
          "x": 1.0,
          "y": 1.0,
          "z": 1.0
        },
        "matrix_basis": [
          [
            0.912703275680542,
            0.40862229466438293,
            0.0007262324797920883,
            0.0
          ],
          [
            -0.3213682174682617,
            0.7189069986343384,
            -0.6163564324378967,
            0.0
          ],
          [
            -0.25237902998924255,
            0.5623171329498291,
            0.7874670028686523,
            0.0
          ],
          [
            0.0,
            0.0,
            0.0,
            1.0
          ]
        ],
        "rotation_mode": "QUATERNION"
      },
      "armature_space": {
        "head": {
          "x": 0.3806864321231842,
          "y": -0.24929481744766235,
          "z": 0.49118441343307495
        },
        "tail": {
          "x": 0.4366762340068817,
          "y": -0.4875507354736328,
          "z": 0.38316214084625244
        }
      },
      "world_space": {
        "head": {
          "x": 0.3806864321231842,
          "y": -0.18605081737041473,
          "z": 1.4410383701324463
        },
        "tail": {
          "x": 0.4366762340068817,
          "y": -0.4243067502975464,
          "z": 1.3330161571502686
        },
        "rotation_quaternion": {
          "w": 0.08132126927375793,
          "x": -0.7196291089057922,
          "y": -0.21929247677326202,
          "z": 0.6537825465202332
        },
        "matrix": [
          [
            0.04895848035812378,
            0.20928850769996643,
            -0.9766274690628052,
            0.3806864321231842
          ],
          [
            0.4219512641429901,
            -0.8905948996543884,
            -0.16969946026802063,
            -0.18605081737041473
          ],
          [
            -0.9053018093109131,
            -0.40378469228744507,
            -0.13191279768943787,
            1.4410383701324463
          ],
          [
            0.0,
            0.0,
            0.0,
            1.0
          ]
        ]
      },
      "bone_length_armature_space": 0.2675248653422889,
      "parent": "upperarm_l",
      "has_children": true,
      "is_end_bone": false
    },
    "metacarpal_thumb_l": {
      "name": "metacarpal_thumb_l",
      "local": {
        "location": {
          "x": 0.0,
          "y": 0.0,
          "z": 0.0
        },
        "rotation_quaternion": {
          "w": 0.9997107982635498,
          "x": 0.019676851108670235,
          "y": 0.013804499059915543,
          "z": -0.0008206753991544247
        },
        "scale": {
          "x": 1.0,
          "y": 1.0,
          "z": 1.0
        },
        "matrix_basis": [
          [
            0.9996175169944763,
            0.0021841342095285654,
            0.027568716555833817,
            0.0
          ],
          [
            -0.0010976180201396346,
            0.9992243051528931,
            -0.039364978671073914,
            0.0
          ],
          [
            -0.027633309364318848,
            0.03931966423988342,
            0.9988445043563843,
            0.0
          ],
          [
            0.0,
            0.0,
            0.0,
            1.0
          ]
        ],
        "rotation_mode": "QUATERNION"
      },
      "armature_space": {
        "head": {
          "x": 0.4366762340068817,
          "y": -0.4875507354736328,
          "z": 0.38316214084625244
        },
        "tail": {
          "x": 0.4170745611190796,
          "y": -0.5223046541213989,
          "z": 0.35381019115448
        }
      },
      "world_space": {
        "head": {
          "x": 0.4366762340068817,
          "y": -0.4243067502975464,
          "z": 1.3330161571502686
        },
        "tail": {
          "x": 0.4170745611190796,
          "y": -0.4590606689453125,
          "z": 1.303664207458496
        },
        "rotation_quaternion": {
          "w": 0.32552823424339294,
          "x": -0.9222012758255005,
          "y": 0.20789484679698944,
          "z": 0.018865231424570084
        },
        "matrix": [
          [
            0.9128473401069641,
            -0.39572423696517944,
            0.10055728256702423,
            0.4366762340068817
          ],
          [
            -0.3711604177951813,
            -0.7016221880912781,
            0.6082484126091003,
            -0.4243067502975464
          ],
          [
            -0.17014706134796143,
            -0.5925657153129578,
            -0.7873563766479492,
            1.3330161571502686
          ],
          [
            0.0,
            0.0,
            0.0,
            1.0
          ]
        ]
      },
      "bone_length_armature_space": 0.04953379978064854,
      "parent": "lowerarm_l",
      "has_children": true,
      "is_end_bone": false
    },
    "thumb_01_l": {
      "name": "thumb_01_l",
      "local": {
        "location": {
          "x": 0.0,
          "y": 0.0,
          "z": 0.0
        },
        "rotation_quaternion": {
          "w": 0.9998174905776978,
          "x": 0.005288284737616777,
          "y": 0.01653357408940792,
          "z": 0.007981627248227596
        },
        "scale": {
          "x": 1.0,
          "y": 1.0,
          "z": 1.0
        },
        "matrix_basis": [
          [
            0.9993258714675903,
            -0.015785472467541695,
            0.03314553201198578,
            0.0
          ],
          [
            0.016135210171341896,
            0.9998166561126709,
            -0.010310709476470947,
            0.0
          ],
          [
            -0.03297669440507889,
            0.010838569141924381,
            0.999397337436676,
            0.0
          ],
          [
            0.0,
            0.0,
            0.0,
            1.0
          ]
        ],
        "rotation_mode": "QUATERNION"
      },
      "armature_space": {
        "head": {
          "x": 0.4170745611190796,
          "y": -0.5223046541213989,
          "z": 0.35381019115448
        },
        "tail": {
          "x": 0.4074825048446655,
          "y": -0.5208323001861572,
          "z": 0.32118406891822815
        }
      },
      "world_space": {
        "head": {
          "x": 0.4170745611190796,
          "y": -0.4590606689453125,
          "z": 1.303664207458496
        },
        "tail": {
          "x": 0.4074825048446655,
          "y": -0.4575883150100708,
          "z": 1.2710380554199219
        },
        "rotation_quaternion": {
          "w": 0.3036717176437378,
          "x": -0.4560052752494812,
          "y": 0.655295193195343,
          "z": -0.5200296640396118
        },
        "matrix": [
          [
            -0.39968341588974,
            -0.2817997634410858,
            0.8722624778747559,
            0.4170745611190796
          ],
          [
            -0.9134731888771057,
            0.04325511306524277,
            -0.40459272265434265,
            -0.4590606689453125
          ],
          [
            0.07628411054611206,
            -0.9585045576095581,
            -0.2747074365615845,
            1.303664207458496
          ],
          [
            0.0,
            0.0,
            0.0,
            1.0
          ]
        ]
      },
      "bone_length_armature_space": 0.034038790134725064,
      "parent": "metacarpal_thumb_l",
      "has_children": true,
      "is_end_bone": false
    },
    "thumb_02_l": {
      "name": "thumb_02_l",
      "local": {
        "location": {
          "x": 0.0,
          "y": 0.0,
          "z": 0.0
        },
        "rotation_quaternion": {
          "w": 0.9976668357849121,
          "x": 0.06801654398441315,
          "y": 0.0019350384827703238,
          "z": 0.005568678490817547
        },
        "scale": {
          "x": 1.0,
          "y": 1.0,
          "z": 1.0
        },
        "matrix_basis": [
          [
            0.9999305009841919,
            -0.010848142206668854,
            0.004618572071194649,
            0.0
          ],
          [
            0.011374601162970066,
            0.9906854629516602,
            -0.13569414615631104,
            0.0
          ],
          [
            -0.003103522816672921,
            0.13573725521564484,
            0.9907400012016296,
            0.0
          ],
          [
            0.0,
            0.0,
            0.0,
            1.0
          ]
        ],
        "rotation_mode": "QUATERNION"
      },
      "armature_space": {
        "head": {
          "x": 0.40748247504234314,
          "y": -0.5208323001861572,
          "z": 0.32118406891822815
        },
        "tail": {
          "x": 0.4159671664237976,
          "y": -0.5549229979515076,
          "z": 0.3017156720161438
        }
      },
      "world_space": {
        "head": {
          "x": 0.40748247504234314,
          "y": -0.4575883150100708,
          "z": 1.2710380554199219
        },
        "tail": {
          "x": 0.4159671664237976,
          "y": -0.49167901277542114,
          "z": 1.2515697479248047
        },
        "rotation_quaternion": {
          "w": 0.16325432062149048,
          "x": -0.2141880989074707,
          "y": 0.22126561403274536,
          "z": -0.9372902512550354
        },
        "matrix": [
          [
            -0.854942798614502,
            0.21124909818172455,
            0.4737579822540283,
            0.40748247504234314
          ],
          [
            -0.40081825852394104,
            -0.8487792015075684,
            -0.34484487771987915,
            -0.4575883150100708
          ],
          [
            0.32926997542381287,
            -0.4847179651260376,
            0.8103358745574951,
            1.2710380554199219
          ],
          [
            0.0,
            0.0,
            0.0,
            1.0
          ]
        ]
      },
      "bone_length_armature_space": 0.040164463740632844,
      "parent": "thumb_01_l",
      "has_children": true,
      "is_end_bone": false
    },
    "thumb_03_l": {
      "name": "thumb_03_l",
      "local": {
        "location": {
          "x": 0.0,
          "y": 0.0,
          "z": 0.0
        },
        "rotation_quaternion": {
          "w": 0.9975221753120422,
          "x": 0.07025719434022903,
          "y": -0.0036458061076700687,
          "z": -0.000422635639552027
        },
        "scale": {
          "x": 1.0,
          "y": 1.0,
          "z": 1.0
        },
        "matrix_basis": [
          [
            0.9999730587005615,
            0.0003308886371087283,
            -0.007332931272685528,
            0.0
          ],
          [
            -0.0013554650358855724,
            0.9901275038719177,
            -0.1401631385087967,
            0.0
          ],
          [
            0.007214158307760954,
            0.14016930758953094,
            0.9901012778282166,
            0.0
          ],
          [
            0.0,
            0.0,
            0.0,
            1.0
          ]
        ],
        "rotation_mode": "QUATERNION"
      },
      "armature_space": {
        "head": {
          "x": 0.41596707701683044,
          "y": -0.5549229979515076,
          "z": 0.3017156422138214
        },
        "tail": {
          "x": 0.4302620589733124,
          "y": -0.5813717842102051,
          "z": 0.2969191074371338
        }
      },
      "world_space": {
        "head": {
          "x": 0.41596707701683044,
          "y": -0.49167901277542114,
          "z": 1.2515696287155151
        },
        "tail": {
          "x": 0.4302620589733124,
          "y": -0.5181277990341187,
          "z": 1.24677312374115
        },
        "rotation_quaternion": {
          "w": 0.24087122082710266,
          "x": 0.02293294295668602,
          "y": 0.08723178505897522,
          "z": -0.9663570523262024
        },
        "matrix": [
          [
            -0.8829103112220764,
            0.4695361256599426,
            -0.002299167215824127,
            0.41596707701683044
          ],
          [
            -0.4615340828895569,
            -0.8687431812286377,
            -0.17964130640029907,
            -0.49167901277542114
          ],
          [
            -0.08634646981954575,
            -0.15754806995391846,
            0.9837364554405212,
            1.2515696287155151
          ],
          [
            0.0,
            0.0,
            0.0,
            1.0
          ]
        ]
      },
      "bone_length_armature_space": 0.030444893228658208,
      "parent": "thumb_02_l",
      "has_children": false,
      "is_end_bone": true
    },
    "metacarpal_index_l": {
      "name": "metacarpal_index_l",
      "local": {
        "location": {
          "x": 0.0,
          "y": 0.0,
          "z": 0.0
        },
        "rotation_quaternion": {
          "w": 0.9991599321365356,
          "x": -0.03804295137524605,
          "y": 0.012380498461425304,
          "z": 0.008881676942110062
        },
        "scale": {
          "x": 1.0,
          "y": 1.0,
          "z": 1.0
        },
        "matrix_basis": [
          [
            0.9995356798171997,
            -0.018690412864089012,
            0.024064425379037857,
            0.0
          ],
          [
            0.016806449741125107,
            0.996947705745697,
            0.07624190300703049,
            0.0
          ],
          [
            -0.025415966287255287,
            -0.07580206543207169,
            0.9967989325523376,
            0.0
          ],
          [
            0.0,
            0.0,
            0.0,
            1.0
          ]
        ],
        "rotation_mode": "QUATERNION"
      },
      "armature_space": {
        "head": {
          "x": 0.4366762340068817,
          "y": -0.4875507354736328,
          "z": 0.38316214084625244
        },
        "tail": {
          "x": 0.4283403754234314,
          "y": -0.5943827629089355,
          "z": 0.3357629179954529
        }
      },
      "world_space": {
        "head": {
          "x": 0.4366762340068817,
          "y": -0.4243067502975464,
          "z": 1.3330161571502686
        },
        "tail": {
          "x": 0.4283403754234314,
          "y": -0.5311387777328491,
          "z": 1.2856168746948242
        },
        "rotation_quaternion": {
          "w": 0.20879845321178436,
          "x": -0.938682496547699,
          "y": -0.022921744734048843,
          "z": 0.2734101116657257
        },
        "matrix": [
          [
            0.8494431972503662,
            -0.0711423009634018,
            -0.5228622555732727,
            0.4366762340068817
          ],
          [
            0.1572074145078659,
            -0.9117560386657715,
            0.3794560432434082,
            -0.4243067502975464
          ],
          [
            -0.5037217140197754,
            -0.404527872800827,
            -0.7633060216903687,
            1.3330161571502686
          ],
          [
            0.0,
            0.0,
            0.0,
            1.0
          ]
        ]
      },
      "bone_length_armature_space": 0.11717190480398179,
      "parent": "lowerarm_l",
      "has_children": true,
      "is_end_bone": false
    },
    "index_01_l": {
      "name": "index_01_l",
      "local": {
        "location": {
          "x": 0.0,
          "y": 0.0,
          "z": 0.0
        },
        "rotation_quaternion": {
          "w": 0.9937187433242798,
          "x": -0.11146343499422073,
          "y": -0.008271144703030586,
          "z": 0.005524151027202606
        },
        "scale": {
          "x": 1.0,
          "y": 1.0,
          "z": 1.0
        },
        "matrix_basis": [
          [
            0.9998021721839905,
            -0.009135044179856777,
            -0.017669863998889923,
            0.0
          ],
          [
            0.012822764925658703,
            0.9750908017158508,
            0.22143523395061493,
            0.0
          ],
          [
            0.015206901356577873,
            -0.22161799669265747,
            0.9750149846076965,
            0.0
          ],
          [
            0.0,
            0.0,
            0.0,
            1.0
          ]
        ],
        "rotation_mode": "QUATERNION"
      },
      "armature_space": {
        "head": {
          "x": 0.4283403754234314,
          "y": -0.5943827629089355,
          "z": 0.3357629179954529
        },
        "tail": {
          "x": 0.4393739402294159,
          "y": -0.6197008490562439,
          "z": 0.3286689221858978
        }
      },
      "world_space": {
        "head": {
          "x": 0.4283403754234314,
          "y": -0.5311387777328491,
          "z": 1.2856168746948242
        },
        "tail": {
          "x": 0.4393739402294159,
          "y": -0.5564568638801575,
          "z": 1.2785229682922363
        },
        "rotation_quaternion": {
          "w": 0.08448915928602219,
          "x": -0.9509374499320984,
          "y": -0.22115236520767212,
          "z": 0.19917678833007812
        },
        "matrix": [
          [
            0.8228402733802795,
            0.3869479298591614,
            -0.41617923974990845,
            0.4283403754234314
          ],
          [
            0.4542607069015503,
            -0.887906551361084,
            0.07258987426757812,
            -0.5311387777328491
          ],
          [
            -0.34144189953804016,
            -0.24878628551959991,
            -0.9063869714736938,
            1.2856168746948242
          ],
          [
            0.0,
            0.0,
            0.0,
            1.0
          ]
        ]
      },
      "bone_length_armature_space": 0.028514378712617854,
      "parent": "metacarpal_index_l",
      "has_children": true,
      "is_end_bone": false
    },
    "index_02_l": {
      "name": "index_02_l",
      "local": {
        "location": {
          "x": 0.0,
          "y": 0.0,
          "z": 0.0
        },
        "rotation_quaternion": {
          "w": 0.9993054270744324,
          "x": 0.03627524524927139,
          "y": -0.006706488784402609,
          "z": 0.0052737882360816
        },
        "scale": {
          "x": 1.0,
          "y": 1.0,
          "z": 1.0
        },
        "matrix_basis": [
          [
            0.9998544454574585,
            -0.011026809923350811,
            -0.013021045364439487,
            0.0
          ],
          [
            0.010053691454231739,
            0.997312605381012,
            -0.07257083803415298,
            0.0
          ],
          [
            0.013786276802420616,
            0.072429358959198,
            0.9972782731056213,
            0.0
          ],
          [
            0.0,
            0.0,
            0.0,
            1.0
          ]
        ],
        "rotation_mode": "QUATERNION"
      },
      "armature_space": {
        "head": {
          "x": 0.43937379121780396,
          "y": -0.6197013258934021,
          "z": 0.32866862416267395
        },
        "tail": {
          "x": 0.4492202699184418,
          "y": -0.6422132849693298,
          "z": 0.3212963044643402
        }
      },
      "world_space": {
        "head": {
          "x": 0.43937379121780396,
          "y": -0.5564573407173157,
          "z": 1.2785226106643677
        },
        "tail": {
          "x": 0.4492202699184418,
          "y": -0.5789692997932434,
          "z": 1.2711503505706787
        },
        "rotation_quaternion": {
          "w": 0.09457043558359146,
          "x": -0.9386591911315918,
          "y": -0.22865518927574158,
          "z": 0.24019238352775574
        },
        "matrix": [
          [
            0.7800485491752625,
            0.38382893800735474,
            -0.49416548013687134,
            0.43937379121780396
          ],
          [
            0.4746887981891632,
            -0.8775465488433838,
            0.06769504398107529,
            -0.5564573407173157
          ],
          [
            -0.4076725244522095,
            -0.2873830497264862,
            -0.8667344450950623,
            1.2785226106643677
          ],
          [
            0.0,
            0.0,
            0.0,
            1.0
          ]
        ]
      },
      "bone_length_armature_space": 0.025653314691451694,
      "parent": "index_01_l",
      "has_children": true,
      "is_end_bone": false
    },
    "index_03_l": {
      "name": "index_03_l",
      "local": {
        "location": {
          "x": 0.0,
          "y": 0.0,
          "z": 0.0
        },
        "rotation_quaternion": {
          "w": 0.9994736909866333,
          "x": 0.03223028779029846,
          "y": 0.0036186089273542166,
          "z": -0.0006377972895279527
        },
        "scale": {
          "x": 1.0,
          "y": 1.0,
          "z": 1.0
        },
        "matrix_basis": [
          [
            0.9999729990959167,
            0.0015081808669492602,
            0.007192295975983143,
            0.0
          ],
          [
            -0.0010416655568405986,
            0.9979215860366821,
            -0.06443126499652863,
            0.0
          ],
          [
            -0.007274521514773369,
            0.06442203372716904,
            0.9978962540626526,
            0.0
          ],
          [
            0.0,
            0.0,
            0.0,
            1.0
          ]
        ],
        "rotation_mode": "QUATERNION"
      },
      "armature_space": {
        "head": {
          "x": 0.44922029972076416,
          "y": -0.6422132849693298,
          "z": 0.32129645347595215
        },
        "tail": {
          "x": 0.4602579176425934,
          "y": -0.665799617767334,
          "z": 0.3080453872680664
        }
      },
      "world_space": {
        "head": {
          "x": 0.44922029972076416,
          "y": -0.5789692997932434,
          "z": 1.2711504697799683
        },
        "tail": {
          "x": 0.4602579176425934,
          "y": -0.6025556325912476,
          "z": 1.2578994035720825
        },
        "rotation_quaternion": {
          "w": 0.18687312304973602,
          "x": -0.9254778623580933,
          "y": -0.24791385233402252,
          "z": 0.2170434147119522
        },
        "matrix": [
          [
            0.7828612327575684,
            0.37775900959968567,
            -0.49439477920532227,
            0.44922029972076416
          ],
          [
            0.5399970412254333,
            -0.8072344660758972,
            0.23827651143074036,
            -0.5789692997932434
          ],
          [
            -0.3090832233428955,
            -0.45351314544677734,
            -0.8359472155570984,
            1.2711504697799683
          ],
          [
            0.0,
            0.0,
            0.0,
            1.0
          ]
        ]
      },
      "bone_length_armature_space": 0.029218742123500126,
      "parent": "index_02_l",
      "has_children": false,
      "is_end_bone": true
    },
    "metacarpal_pinky_l": {
      "name": "metacarpal_pinky_l",
      "local": {
        "location": {
          "x": 0.0,
          "y": 0.0,
          "z": 0.0
        },
        "rotation_quaternion": {
          "w": 0.9982350468635559,
          "x": -0.057486534118652344,
          "y": -0.005007019266486168,
          "z": 0.014037956483662128
        },
        "scale": {
          "x": 1.0,
          "y": 1.0,
          "z": 1.0
        },
        "matrix_basis": [
          [
            0.9995557069778442,
            -0.027450688183307648,
            -0.011610351502895355,
            0.0
          ],
          [
            0.028602031990885735,
            0.9929964542388916,
            0.11462956666946411,
            0.0
          ],
          [
            0.008382377214729786,
            -0.11491072177886963,
            0.9933404326438904,
            0.0
          ],
          [
            0.0,
            0.0,
            0.0,
            1.0
          ]
        ],
        "rotation_mode": "QUATERNION"
      },
      "armature_space": {
        "head": {
          "x": 0.4366762340068817,
          "y": -0.4875507354736328,
          "z": 0.38316214084625244
        },
        "tail": {
          "x": 0.4936591684818268,
          "y": -0.5625640749931335,
          "z": 0.3387865424156189
        }
      },
      "world_space": {
        "head": {
          "x": 0.4366762340068817,
          "y": -0.4243067502975464,
          "z": 1.3330161571502686
        },
        "tail": {
          "x": 0.4936591684818268,
          "y": -0.4993200898170471,
          "z": 1.2886404991149902
        },
        "rotation_quaternion": {
          "w": 0.24134214222431183,
          "x": 0.1911071091890335,
          "y": 0.28559717535972595,
          "z": -0.9075606465339661
        },
        "matrix": [
          [
            -0.810464084148407,
            0.5472248196601868,
            -0.2090281993150711,
            0.4366762340068817
          ],
          [
            -0.32890716195106506,
            -0.7203764319419861,
            -0.6106374263763428,
            -0.4243067502975464
          ],
          [
            -0.48473870754241943,
            -0.4261525273323059,
            0.763830304145813,
            1.3330161571502686
          ],
          [
            0.0,
            0.0,
            0.0,
            1.0
          ]
        ]
      },
      "bone_length_armature_space": 0.10413092593631229,
      "parent": "lowerarm_l",
      "has_children": true,
      "is_end_bone": false
    },
    "pinky_01_l": {
      "name": "pinky_01_l",
      "local": {
        "location": {
          "x": 0.0,
          "y": 0.0,
          "z": 0.0
        },
        "rotation_quaternion": {
          "w": 0.9619851112365723,
          "x": 0.2730492949485779,
          "y": 0.003195984521880746,
          "z": -0.00431012874469161
        },
        "scale": {
          "x": 1.0,
          "y": 1.0,
          "z": 1.0
        },
        "matrix_basis": [
          [
            0.999942421913147,
            0.010037882253527641,
            0.0037952237762510777,
            0.0
          ],
          [
            -0.006547236815094948,
            0.8508509993553162,
            -0.5253662467002869,
            0.0
          ],
          [
            -0.008502733893692493,
            0.5253111720085144,
            0.850867748260498,
            0.0
          ],
          [
            0.0,
            0.0,
            0.0,
            1.0
          ]
        ],
        "rotation_mode": "QUATERNION"
      },
      "armature_space": {
        "head": {
          "x": 0.4936591684818268,
          "y": -0.5625640749931335,
          "z": 0.3387865424156189
