{
  "metadata": {
    "armature_name": "KIM_caucasian_male",
    "export_time": "2026-01-13T21:00:04.584884",
    "blender_version": "4.4.1",
    "bone_count": 56,
    "end_bone_count": 13,
    "spaces_included": [
      "LOCAL_CHANNELS",
      "ARMATURE_SPACE",
      "WORLD_SPACE"
    ],
    "note": "LOCAL matches Transform panel; replay pose via local.matrix_basis for best fidelity."
  },
  "bones": {
    "Root": {
      "name": "Root",
      "local": {
        "location": {
          "x": 0.0,
          "y": 0.0,
          "z": 0.0
        },
        "rotation_quaternion": {
          "w": 0.9998705387115479,
          "x": 0.011755229905247688,
          "y": -0.009551305323839188,
          "z": -0.005439714062958956
        },
        "scale": {
          "x": 1.0,
          "y": 1.0,
          "z": 1.0
        },
        "matrix_basis": [
          [
            0.9997583627700806,
            0.010653464123606682,
            -0.019228028133511543,
            0.0
          ],
          [
            -0.01110257487744093,
            0.9996644258499146,
            -0.023403503000736237,
            0.0
          ],
          [
            0.018972247838974,
            0.02361132949590683,
            0.999541163444519,
            0.0
          ],
          [
            0.0,
            0.0,
            0.0,
            1.0
          ]
        ],
        "rotation_mode": "QUATERNION"
      },
      "armature_space": {
        "head": {
          "x": 0.0,
          "y": 0.07072800397872925,
          "z": -0.009595036506652832
        },
        "tail": {
          "x": 0.0007604002603329718,
          "y": -0.00020281225442886353,
          "z": -0.001673213206231594
        }
      },
      "world_space": {
        "head": {
          "x": 0.0,
          "y": 0.13397200405597687,
          "z": 0.9402589797973633
        },
        "tail": {
          "x": 0.0007604002603329718,
          "y": 0.06304118782281876,
          "z": 0.9481807947158813
        },
        "rotation_quaternion": {
          "w": 0.05563041940331459,
          "x": 0.9983910322189331,
          "y": 0.004783906042575836,
          "z": -0.009896069765090942
        },
        "matrix": [
          [
            0.9997583627700806,
            0.010653464123606682,
            -0.019228028133511543,
            0.0
          ],
          [
            0.008451364934444427,
            -0.9937646985054016,
            -0.11117694526910782,
            0.13397200405597687
          ],
          [
            -0.02029268816113472,
            0.11098740994930267,
            -0.9936216473579407,
            0.9402589797973633
          ],
          [
            0.0,
            0.0,
            0.0,
            1.0
          ]
        ]
      },
      "bone_length_armature_space": 0.07137586471479716,
      "parent": null,
      "has_children": true,
      "is_end_bone": false
    },
    "spine_01": {
      "name": "spine_01",
      "local": {
        "location": {
          "x": 0.0,
          "y": 0.0,
          "z": 0.0
        },
        "rotation_quaternion": {
          "w": 0.9957168102264404,
          "x": 0.07275226712226868,
          "y": -0.054916106164455414,
          "z": 0.015473708510398865
        },
        "scale": {
          "x": 1.0,
          "y": 1.0,
          "z": 1.0
        },
        "matrix_basis": [
          [
            0.9934895634651184,
            -0.03880540654063225,
            -0.10711028426885605,
            0.0
          ],
          [
            0.022824320942163467,
            0.9889353513717651,
            -0.14658081531524658,
            0.0
          ],
          [
            0.11161327362060547,
            0.14318180084228516,
            0.9833826422691345,
            0.0
          ],
          [
            0.0,
            0.0,
            0.0,
            1.0
          ]
        ],
        "rotation_mode": "QUATERNION"
      },
      "armature_space": {
        "head": {
          "x": 0.0007604002603329718,
          "y": -0.00020281225442886353,
          "z": -0.001673213206231594
        },
        "tail": {
          "x": -0.00785300973802805,
          "y": -0.0589573048055172,
          "z": 0.48270487785339355
        }
      },
      "world_space": {
        "head": {
          "x": 0.0007604002603329718,
          "y": 0.06304118782281876,
          "z": 0.9481807947158813
        },
        "tail": {
          "x": -0.00785300973802805,
          "y": 0.004286695271730423,
          "z": 1.4325588941574097
        },
        "rotation_quaternion": {
          "w": 0.6619539856910706,
          "x": 0.7477759122848511,
          "y": -0.040219422429800034,
          "z": -0.03210185095667839
        },
        "matrix": [
          [
            0.9947037100791931,
            -0.017650386318564415,
            -0.1012568473815918,
            0.0007604002603329718
          ],
          [
            -0.10265019536018372,
            -0.12039824575185776,
            -0.9874043464660645,
            0.06304118782281876
          ],
          [
            0.005236863158643246,
            0.9925755858421326,
            -0.12157414853572845,
            0.9481807947158813
          ],
          [
            0.0,
            0.0,
            0.0,
            1.0
          ]
        ]
      },
      "bone_length_armature_space": 0.4880045407680746,
      "parent": "Root",
      "has_children": true,
      "is_end_bone": false
    },
    "neck_01": {
      "name": "neck_01",
      "local": {
        "location": {
          "x": 0.0,
          "y": 0.0,
          "z": 0.0
        },
        "rotation_quaternion": {
          "w": 0.9936860203742981,
          "x": 0.006440292112529278,
          "y": -0.10192041099071503,
          "z": -0.046464402228593826
        },
        "scale": {
          "x": 1.0,
          "y": 1.0,
          "z": 1.0
        },
        "matrix_basis": [
          [
            0.9749065637588501,
            0.09102925658226013,
            -0.20315226912498474,
            0.0
          ],
          [
            -0.09365484863519669,
            0.9955991506576538,
            -0.0033279145136475563,
            0.0
          ],
          [
            0.20195528864860535,
            0.022270597517490387,
            0.9791415333747864,
            0.0
          ],
          [
            0.0,
            0.0,
            0.0,
            1.0
          ]
        ],
        "rotation_mode": "QUATERNION"
      },
      "armature_space": {
        "head": {
          "x": -0.012656976468861103,
          "y": -0.10201629996299744,
          "z": 0.5511634945869446
        },
        "tail": {
          "x": -0.00917079858481884,
          "y": -0.1546248346567154,
          "z": 0.6390891075134277
        }
      },
      "world_space": {
        "head": {
          "x": -0.012656976468861103,
          "y": -0.03877229988574982,
          "z": 1.5010175704956055
        },
        "tail": {
          "x": -0.00917079858481884,
          "y": -0.09138083457946777,
          "z": 1.5889431238174438
        },
        "rotation_quaternion": {
          "w": 0.4900359511375427,
          "x": 0.8592272996902466,
          "y": -0.057368408888578415,
          "z": -0.13528552651405334
        },
        "matrix": [
          [
            0.9568134546279907,
            0.03400440886616707,
            -0.28870680928230286,
            -0.012656976468861103
          ],
          [
            -0.23117433488368988,
            -0.5131471753120422,
            -0.8265826106071472,
            -0.03877229988574982
          ],
          [
            -0.17625796794891357,
            0.8576322793960571,
            -0.4831293225288391,
            1.5010175704956055
          ],
          [
            0.0,
            0.0,
            0.0,
            1.0
          ]
        ]
      },
      "bone_length_armature_space": 0.10252182521506398,
      "parent": "spine_01",
      "has_children": true,
      "is_end_bone": false
    },
    "head": {
      "name": "head",
      "local": {
        "location": {
          "x": 0.0,
          "y": 0.0,
          "z": 0.0
        },
        "rotation_quaternion": {
          "w": 0.9853731393814087,
          "x": -0.03214864432811737,
          "y": -0.14130935072898865,
          "z": 0.0896553248167038
        },
        "scale": {
          "x": 1.0,
          "y": 1.0,
          "z": 1.0
        },
        "matrix_basis": [
          [
            0.9439871907234192,
            -0.16760209202766418,
            -0.284249484539032,
            0.0
          ],
          [
            0.18577370047569275,
            0.9818567633628845,
            0.03801855072379112,
            0.0
          ],
          [
            0.2727202773094177,
            -0.08869509398937225,
            0.9579962491989136,
            0.0
          ],
          [
            0.0,
            0.0,
            0.0,
            1.0
          ]
        ],
        "rotation_mode": "QUATERNION"
      },
      "armature_space": {
        "head": {
          "x": -0.009170846082270145,
          "y": -0.15462492406368256,
          "z": 0.6390889883041382
        },
        "tail": {
          "x": -0.00982156302779913,
          "y": -0.162726491689682,
          "z": 0.7939671277999878
        }
      },
      "world_space": {
        "head": {
          "x": -0.009170846082270145,
          "y": -0.09138092398643494,
          "z": 1.5889430046081543
        },
        "tail": {
          "x": -0.00982156302779913,
          "y": -0.09948249161243439,
          "z": 1.743821144104004
        },
        "rotation_quaternion": {
          "w": 0.6628963947296143,
          "x": 0.6992939710617065,
          "y": -0.1856055110692978,
          "z": -0.19263193011283875
        },
        "matrix": [
          [
            0.8568871021270752,
            -0.00419573113322258,
            -0.5154868960380554,
            -0.009170846082270145
          ],
          [
            -0.5149755477905273,
            -0.05223775655031204,
            -0.85561203956604,
            -0.09138092398643494
          ],
          [
            -0.02333863079547882,
            0.9986327886581421,
            -0.04692371189594269,
            1.5889430046081543
          ],
          [
            0.0,
            0.0,
            0.0,
            1.0
          ]
        ]
      },
      "bone_length_armature_space": 0.15509125117683467,
      "parent": "neck_01",
      "has_children": false,
      "is_end_bone": true
    },
    "upperarm_l": {
      "name": "upperarm_l",
      "local": {
        "location": {
          "x": 0.0,
          "y": 0.0,
          "z": 0.0
        },
        "rotation_quaternion": {
          "w": 0.9320329427719116,
          "x": -0.13417065143585205,
          "y": 0.28440994024276733,
          "z": -0.18006634712219238
        },
        "scale": {
          "x": 1.0,
          "y": 1.0,
          "z": 1.0
        },
        "matrix_basis": [
          [
            0.7733741998672485,
            0.25933659076690674,
            0.5784780979156494,
            0.0
          ],
          [
            -0.4119744598865509,
            0.89914870262146,
            0.14767761528491974,
            0.0
          ],
          [
            -0.4818396270275116,
            -0.35252824425697327,
            0.8022184371948242,
            0.0
          ],
          [
            0.0,
            0.0,
            0.0,
            1.0
          ]
        ],
        "rotation_mode": "QUATERNION"
      },
      "armature_space": {
        "head": {
          "x": 0.1374119073152542,
          "y": -0.1124710887670517,
          "z": 0.48485255241394043
        },
        "tail": {
          "x": 0.3835868239402771,
          "y": -0.023791007697582245,
          "z": 0.42704761028289795
        }
      },
      "world_space": {
        "head": {
          "x": 0.1374119073152542,
          "y": -0.04922708868980408,
          "z": 1.4347065687179565
        },
        "tail": {
          "x": 0.3835868239402771,
          "y": 0.039452992379665375,
          "z": 1.376901626586914
        },
        "rotation_quaternion": {
          "w": 0.25333333015441895,
          "x": 0.49417421221733093,
          "y": 0.7754288911819458,
          "z": -0.30053967237472534
        },
        "matrix": [
          [
            -0.38322728872299194,
            0.9186679124832153,
            0.09584403038024902,
            0.1374119073152542
          ],
          [
            0.6141213178634644,
            0.3309335708618164,
            -0.716476321220398,
            -0.04922708868980408
          ],
          [
            -0.6899259090423584,
            -0.21571466326713562,
            -0.6910017132759094,
            1.4347065687179565
          ],
          [
            0.0,
            0.0,
            0.0,
            1.0
          ]
        ]
      },
      "bone_length_armature_space": 0.26796951175670397,
      "parent": "spine_01",
      "has_children": true,
      "is_end_bone": false
    },
    "lowerarm_l": {
      "name": "lowerarm_l",
      "local": {
        "location": {
          "x": 0.0,
          "y": 0.0,
          "z": 0.0
        },
        "rotation_quaternion": {
          "w": 0.9883061051368713,
          "x": 0.09282635897397995,
          "y": -0.0831962302327156,
          "z": -0.08782277256250381
        },
        "scale": {
          "x": 1.0,
          "y": 1.0,
          "z": 1.0
        },
        "matrix_basis": [
          [
            0.9707310795783997,
            0.1581459641456604,
            -0.18075121939182281,
            0.0
          ],
          [
            -0.18903717398643494,
            0.9673408269882202,
            -0.16886866092681885,
            0.0
          ],
          [
            0.14814214408397675,
            0.19809475541114807,
            0.9689233303070068,
            0.0
          ],
          [
            0.0,
            0.0,
            0.0,
            1.0
          ]
        ],
        "rotation_mode": "QUATERNION"
      },
      "armature_space": {
        "head": {
          "x": 0.38358694314956665,
          "y": -0.02379108965396881,
          "z": 0.42704764008522034
        },
        "tail": {
          "x": 0.6174106597900391,
          "y": 0.00648314505815506,
          "z": 0.3006376326084137
        }
      },
      "world_space": {
        "head": {
          "x": 0.38358694314956665,
          "y": 0.03945291042327881,
          "z": 1.376901626586914
        },
        "tail": {
          "x": 0.6174106597900391,
          "y": 0.06972714513540268,
          "z": 1.2504916191101074
        },
        "rotation_quaternion": {
          "w": 0.2628551125526428,
          "x": 0.43663489818573,
          "y": 0.6982046961784363,
          "z": -0.5027596950531006
        },
        "matrix": [
          [
            -0.4805130958557129,
            0.8740273118019104,
            -0.07199309766292572,
            0.38358694314956665
          ],
          [
            0.3454175591468811,
            0.11316435039043427,
            -0.9316012859344482,
            0.03945291042327881
          ],
          [
            -0.8061031699180603,
            -0.47251754999160767,
            -0.3562847971916199,
            1.376901626586914
          ],
          [
            0.0,
            0.0,
            0.0,
            1.0
          ]
        ]
      },
      "bone_length_armature_space": 0.2675248563127807,
      "parent": "upperarm_l",
      "has_children": true,
      "is_end_bone": false
    },
    "metacarpal_thumb_l": {
      "name": "metacarpal_thumb_l",
      "local": {
        "location": {
          "x": 0.0,
          "y": 0.0,
          "z": 0.0
        },
        "rotation_quaternion": {
          "w": 0.9995847940444946,
          "x": -0.02590089477598667,
          "y": 0.004043953493237495,
          "z": 0.011960049159824848
        },
        "scale": {
          "x": 1.0,
          "y": 1.0,
          "z": 1.0
        },
        "matrix_basis": [
          [
            0.9996812343597412,
            -0.024119650945067406,
            0.007464997004717588,
            0.0
          ],
          [
            0.023700682446360588,
            0.9983721971511841,
            0.051877014338970184,
            0.0
          ],
          [
            -0.008704100735485554,
            -0.05168354883790016,
            0.9986255764961243,
            0.0
          ],
          [
            0.0,
            0.0,
            0.0,
            1.0
          ]
        ],
        "rotation_mode": "QUATERNION"
      },
      "armature_space": {
        "head": {
          "x": 0.6174106597900391,
          "y": 0.00648314505815506,
          "z": 0.3006376326084137
        },
        "tail": {
          "x": 0.6460192799568176,
          "y": -0.015022404491901398,
          "z": 0.2663935124874115
        }
      },
      "world_space": {
        "head": {
          "x": 0.6174106597900391,
          "y": 0.06972714513540268,
          "z": 1.2504916191101074
        },
        "tail": {
          "x": 0.6460192799568176,
          "y": 0.04822159558534622,
          "z": 1.21624755859375
        },
        "rotation_quaternion": {
          "w": 0.3166986107826233,
          "x": -0.8231261372566223,
          "y": -0.42734265327453613,
          "z": 0.1988559067249298
        },
        "matrix": [
          [
            0.555667519569397,
            0.5775592923164368,
            -0.5980455279350281,
            0.6174106597900391
          ],
          [
            0.8294696807861328,
            -0.4341602325439453,
            0.35140469670295715,
            0.06972714513540268
          ],
          [
            -0.05669008195400238,
            -0.6913299560546875,
            -0.7203214168548584,
            1.2504916191101074
          ],
          [
            0.0,
            0.0,
            0.0,
            1.0
          ]
        ]
      },
      "bone_length_armature_space": 0.049533842965920324,
      "parent": "lowerarm_l",
      "has_children": true,
      "is_end_bone": false
    },
    "thumb_01_l": {
      "name": "thumb_01_l",
      "local": {
        "location": {
          "x": 0.0,
          "y": 0.0,
          "z": 0.0
        },
        "rotation_quaternion": {
          "w": 0.9991676807403564,
          "x": -0.04004364833235741,
          "y": 0.0061327251605689526,
          "z": -0.0047869752161204815
        },
        "scale": {
          "x": 1.0,
          "y": 1.0,
          "z": 1.0
        },
        "matrix_basis": [
          [
            0.9998789429664612,
            0.009074828587472439,
            0.012638617306947708,
            0.0
          ],
          [
            -0.010057135485112667,
            0.9967471957206726,
            0.07996192574501038,
            0.0
          ],
          [
            -0.011871865950524807,
            -0.08007935434579849,
            0.9967178106307983,
            0.0
          ],
          [
            0.0,
            0.0,
            0.0,
            1.0
          ]
        ],
        "rotation_mode": "QUATERNION"
      },
      "armature_space": {
        "head": {
          "x": 0.6460192799568176,
          "y": -0.015022404491901398,
          "z": 0.2663935124874115
        },
        "tail": {
          "x": 0.6403939127922058,
          "y": -0.02171734720468521,
          "z": 0.23349711298942566
        }
      },
      "world_space": {
        "head": {
          "x": 0.6460192799568176,
          "y": 0.04822159558534622,
          "z": 1.21624755859375
        },
        "tail": {
          "x": 0.6403939127922058,
          "y": 0.04152665287256241,
          "z": 1.1833511590957642
        },
        "rotation_quaternion": {
          "w": 0.5850395560264587,
          "x": -0.7539743781089783,
          "y": 0.24369142949581146,
          "z": -0.17281781136989594
        },
        "matrix": [
          [
            0.8214963674545288,
            -0.16526392102241516,
            0.5457391142845154,
            0.6460192799568176
          ],
          [
            -0.5696852803230286,
            -0.19668689370155334,
            0.797980785369873,
            0.04822159558534622
          ],
          [
            -0.02453826181590557,
            -0.9664448499679565,
            -0.25572699308395386,
            1.21624755859375
          ],
          [
            0.0,
            0.0,
            0.0,
            1.0
          ]
        ]
      },
      "bone_length_armature_space": 0.034038802772980194,
      "parent": "metacarpal_thumb_l",
      "has_children": true,
      "is_end_bone": false
    },
    "thumb_02_l": {
      "name": "thumb_02_l",
      "local": {
        "location": {
          "x": 0.0,
          "y": 0.0,
          "z": 0.0
        },
        "rotation_quaternion": {
          "w": 0.995848536491394,
          "x": 0.09085884690284729,
          "y": 0.00026100402465090156,
          "z": -0.005519121885299683
        },
        "scale": {
          "x": 1.0,
          "y": 1.0,
          "z": 1.0
        },
        "matrix_basis": [
          [
            0.99993896484375,
            0.011039847508072853,
            -0.00048308115219697356,
            0.0
          ],
          [
            -0.010944989509880543,
            0.983428418636322,
            -0.18096618354320526,
            0.0
          ],
          [
            -0.001522763050161302,
            0.18096041679382324,
            0.9834892153739929,
            0.0
          ],
          [
            0.0,
            0.0,
            0.0,
            1.0
          ]
        ],
        "rotation_mode": "QUATERNION"
      },
      "armature_space": {
        "head": {
          "x": 0.6403939127922058,
          "y": -0.021717360243201256,
          "z": 0.23349711298942566
        },
        "tail": {
          "x": 0.6750816106796265,
          "y": -0.01860574260354042,
          "z": 0.21349047124385834
        }
      },
      "world_space": {
        "head": {
          "x": 0.6403939127922058,
          "y": 0.041526637971401215,
          "z": 1.1833511590957642
        },
        "tail": {
          "x": 0.6750816106796265,
          "y": 0.0446382574737072,
          "z": 1.1633445024490356
        },
        "rotation_quaternion": {
          "w": 0.7311649918556213,
          "x": -0.28647881746292114,
          "y": 0.0642983615398407,
          "z": -0.6157868504524231
        },
        "matrix": [
          [
            0.23334287106990814,
            0.8636428117752075,
            0.4468466639518738,
            0.6403939127922058
          ],
          [
            -0.9373247623443604,
            0.0774720311164856,
            0.33973637223243713,
            0.041526637971401215
          ],
          [
            0.25879374146461487,
            -0.4981187582015991,
            0.8275973796844482,
            1.1833511590957642
          ],
          [
            0.0,
            0.0,
            0.0,
            1.0
          ]
        ]
      },
      "bone_length_armature_space": 0.04016446532573126,
      "parent": "thumb_01_l",
      "has_children": true,
      "is_end_bone": false
    },
    "thumb_03_l": {
      "name": "thumb_03_l",
      "local": {
        "location": {
          "x": 0.0,
          "y": 0.0,
          "z": 0.0
        },
        "rotation_quaternion": {
          "w": 0.99571692943573,
          "x": 0.09209342300891876,
          "y": 0.007824871689081192,
          "z": -0.002328822622075677
        },
        "scale": {
          "x": 1.0,
          "y": 1.0,
          "z": 1.0
        },
        "matrix_basis": [
          [
            0.9998667240142822,
            0.006078934762626886,
            0.015153775922954082,
            0.0
          ],
          [
            -0.003196457866579294,
            0.9830267429351807,
            -0.1834344118833542,
            0.0
          ],
          [
            -0.01601165346801281,
            0.18336151540279388,
            0.9829151630401611,
            0.0
          ],
          [
            0.0,
            0.0,
            0.0,
            1.0
          ]
        ],
        "rotation_mode": "QUATERNION"
      },
      "armature_space": {
        "head": {
          "x": 0.6750816106796265,
          "y": -0.018605820834636688,
          "z": 0.21349044144153595
        },
        "tail": {
          "x": 0.7039881348609924,
          "y": -0.009700427763164043,
          "z": 0.2100268453359604
        }
      },
      "world_space": {
        "head": {
          "x": 0.6750816106796265,
          "y": 0.04463817924261093,
          "z": 1.1633445024490356
        },
        "tail": {
          "x": 0.7039881348609924,
          "y": 0.053543571382761,
          "z": 1.1598808765411377
        },
        "rotation_quaternion": {
          "w": 0.7967292666435242,
          "x": 0.0085692647844553,
          "y": 0.10713037103414536,
          "z": -0.5947033762931824
        },
        "matrix": [
          [
            0.26970160007476807,
            0.9494714140892029,
            0.16051451861858368,
            0.6750816106796265
          ],
          [
            -0.9457993507385254,
            0.29250869154930115,
            -0.1410767138004303,
            0.04463817924261093
          ],
          [
            -0.18090224266052246,
            -0.11376625299453735,
            0.9769061803817749,
            1.1633445024490356
          ],
          [
            0.0,
            0.0,
            0.0,
            1.0
          ]
        ]
      },
      "bone_length_armature_space": 0.030444862892131067,
      "parent": "thumb_02_l",
      "has_children": false,
      "is_end_bone": true
    },
    "metacarpal_index_l": {
      "name": "metacarpal_index_l",
      "local": {
        "location": {
          "x": 0.0,
          "y": 0.0,
          "z": 0.0
        },
        "rotation_quaternion": {
          "w": 0.9991196990013123,
          "x": -0.04132012650370598,
          "y": 0.005909692961722612,
          "z": -0.0041949693113565445
        },
        "scale": {
          "x": 1.0,
          "y": 1.0,
          "z": 1.0
        },
        "matrix_basis": [
          [
            0.9998949766159058,
            0.007894174195826054,
            0.012155654840171337,
            0.0
          ],
          [
            -0.008870931342244148,
            0.9965500831604004,
            0.08251792192459106,
            0.0
          ],
          [
            -0.011462307535111904,
            -0.08261708915233612,
            0.9965154528617859,
            0.0
          ],
          [
            0.0,
            0.0,
            0.0,
            1.0
          ]
        ],
        "rotation_mode": "QUATERNION"
      },
      "armature_space": {
        "head": {
          "x": 0.6174106597900391,
          "y": 0.00648314505815506,
          "z": 0.3006376326084137
        },
        "tail": {
          "x": 0.7150255441665649,
          "y": -0.00878768227994442,
          "z": 0.23765027523040771
        }
      },
      "world_space": {
        "head": {
          "x": 0.6174106597900391,
          "y": 0.06972714513540268,
          "z": 1.2504916191101074
        },
        "tail": {
          "x": 0.7150255441665649,
          "y": 0.05445631593465805,
          "z": 1.1875042915344238
        },
        "rotation_quaternion": {
          "w": 0.10363003611564636,
          "x": -0.6878917217254639,
          "y": -0.6512265205383301,
          "z": 0.30326542258262634
        },
        "matrix": [
          [
            -0.03213433548808098,
            0.8330923318862915,
            -0.5521993041038513,
            0.6174106597900391
          ],
          [
            0.9588008522987366,
            -0.13032859563827515,
            -0.25241994857788086,
            0.06972714513540268
          ],
          [
            -0.28225743770599365,
            -0.5375645160675049,
            -0.7945874333381653,
            1.2504916191101074
          ],
          [
            0.0,
            0.0,
            0.0,
            1.0
          ]
        ]
      },
      "bone_length_armature_space": 0.1171719724580286,
      "parent": "lowerarm_l",
      "has_children": true,
      "is_end_bone": false
    },
    "index_01_l": {
      "name": "index_01_l",
      "local": {
        "location": {
          "x": 0.0,
          "y": 0.0,
          "z": 0.0
        },
        "rotation_quaternion": {
          "w": 0.9920392036437988,
          "x": -0.12465943396091461,
          "y": 0.012481684796512127,
          "z": 0.012749767862260342
        },
        "scale": {
          "x": 1.0,
          "y": 1.0,
          "z": 1.0
        },
        "matrix_basis": [
          [
            0.9993633031845093,
            -0.028408458456397057,
            0.02158588357269764,
            0.0
          ],
          [
            0.022184619680047035,
            0.9685949087142944,
            0.24765236675739288,
            0.0
          ],
          [
            -0.02794339880347252,
            -0.2470158189535141,
            0.9686084389686584,
            0.0
          ],
          [
            0.0,
            0.0,
            0.0,
            1.0
          ]
        ],
        "rotation_mode": "QUATERNION"
      },
      "armature_space": {
        "head": {
          "x": 0.7150255441665649,
          "y": -0.00878768227994442,
          "z": 0.23765027523040771
        },
        "tail": {
          "x": 0.7415482997894287,
          "y": -0.001368905883282423,
          "z": 0.23026280105113983
        }
      },
      "world_space": {
        "head": {
          "x": 0.7150255441665649,
          "y": 0.05445631593465805,
          "z": 1.1875042915344238
        },
        "tail": {
          "x": 0.7415482997894287,
          "y": 0.06187509372830391,
          "z": 1.1801167726516724
        },
        "rotation_quaternion": {
          "w": 0.05627373605966568,
          "x": -0.5959959626197815,
          "y": -0.79178386926651,
          "z": 0.12124497443437576
        },
        "matrix": [
          [
            -0.28324374556541443,
            0.9301539659500122,
            -0.23363646864891052,
            0.7150255441665649
          ],
          [
            0.9574462175369263,
            0.26017677783966064,
            -0.12492106854915619,
            0.05445631593465805
          ],
          [
            -0.05540839582681656,
            -0.2590790390968323,
            -0.9642727375030518,
            1.1875042915344238
          ],
          [
            0.0,
            0.0,
            0.0,
            1.0
          ]
        ]
      },
      "bone_length_armature_space": 0.02851437526784935,
      "parent": "metacarpal_index_l",
      "has_children": true,
      "is_end_bone": false
    },
    "index_02_l": {
      "name": "index_02_l",
      "local": {
        "location": {
          "x": 0.0,
          "y": 0.0,
          "z": 0.0
        },
        "rotation_quaternion": {
          "w": 0.9995932579040527,
          "x": 0.02751265838742256,
          "y": -0.0016269291518256068,
          "z": -0.007332138251513243
        },
        "scale": {
          "x": 1.0,
          "y": 1.0,
          "z": 1.0
        },
        "matrix_basis": [
          [
            0.9998871684074402,
            0.01456878986209631,
            -0.003655988024547696,
            0.0
          ],
          [
            -0.014747833833098412,
            0.998378574848175,
            -0.054979078471660614,
            0.0
          ],
          [
            0.0028490815311670303,
            0.055026791989803314,
            0.9984807968139648,
            0.0
          ],
          [
            0.0,
            0.0,
            0.0,
            1.0
          ]
        ],
        "rotation_mode": "QUATERNION"
      },
      "armature_space": {
        "head": {
          "x": 0.7415486574172974,
          "y": -0.0013690721243619919,
          "z": 0.2302624136209488
        },
        "tail": {
          "x": 0.7649505734443665,
          "y": 0.006261362228542566,
          "z": 0.22303622961044312
        }
      },
      "world_space": {
        "head": {
          "x": 0.7415486574172974,
          "y": 0.06187492609024048,
          "z": 1.1801164150238037
        },
        "tail": {
          "x": 0.7649505734443665,
          "y": 0.06950536370277405,
          "z": 1.1728901863098145
        },
        "rotation_quaternion": {
          "w": 0.03711441159248352,
          "x": -0.5737596154212952,
          "y": -0.8045777082443237,
          "z": 0.148584246635437
        },
        "matrix": [
          [
            -0.3388443887233734,
            0.9122386574745178,
            -0.23022662103176117,
            0.7415486574172974
          ],
          [
            0.9342979788780212,
            0.2974449396133423,
            -0.19650495052337646,
            0.06187492609024048
          ],
          [
            -0.11077944934368134,
            -0.28168654441833496,
            -0.9530973434448242,
            1.1801164150238037
          ],
          [
            0.0,
            0.0,
            0.0,
            1.0
          ]
        ]
      },
      "bone_length_armature_space": 0.02565328349252735,
      "parent": "index_01_l",
      "has_children": true,
      "is_end_bone": false
    },
    "index_03_l": {
      "name": "index_03_l",
      "local": {
        "location": {
          "x": 0.0,
          "y": 0.0,
          "z": 0.0
        },
        "rotation_quaternion": {
          "w": 0.9988199472427368,
          "x": 0.048490170389413834,
          "y": 0.0025371878873556852,
          "z": -0.0009873943636193871
        },
        "scale": {
          "x": 1.0,
          "y": 1.0,
          "z": 1.0
        },
        "matrix_basis": [
          [
            0.9999851584434509,
            0.0022185156121850014,
            0.004972629714757204,
            0.0
          ],
          [
            -0.001726401038467884,
            0.9952954649925232,
            -0.09687090665102005,
            0.0
          ],
          [
            -0.005164145492017269,
            0.09686088562011719,
            0.9952845573425293,
            0.0
          ],
          [
            0.0,
            0.0,
            0.0,
            1.0
          ]
        ],
        "rotation_mode": "QUATERNION"
      },
      "armature_space": {
        "head": {
          "x": 0.7649506330490112,
          "y": 0.006261363159865141,
          "z": 0.22303637862205505
        },
        "tail": {
          "x": 0.7888023853302002,
          "y": 0.016409244388341904,
          "z": 0.20955128967761993
        }
      },
      "world_space": {
        "head": {
          "x": 0.7649506330490112,
          "y": 0.06950536370277405,
          "z": 1.1728904247283936
        },
        "tail": {
          "x": 0.7888023853302002,
          "y": 0.07965324819087982,
          "z": 1.1594053506851196
        },
        "rotation_quaternion": {
          "w": 0.12677131593227386,
          "x": -0.5347495675086975,
          "y": -0.8109151124954224,
          "z": 0.20096947252750397
        },
        "matrix": [
          [
            -0.3959428071975708,
            0.8163185715675354,
            -0.4205385148525238,
            0.7649506330490112
          ],
          [
            0.9182278513908386,
            0.347307950258255,
            -0.19035519659519196,
            0.06950536370277405
          ],
          [
            -0.0093331728130579,
            -0.4615228772163391,
            -0.8870870471000671,
            1.1728904247283936
          ],
          [
            0.0,
            0.0,
            0.0,
            1.0
          ]
        ]
      },
      "bone_length_armature_space": 0.02921871311302872,
      "parent": "index_02_l",
      "has_children": false,
      "is_end_bone": true
    },
    "metacarpal_pinky_l": {
      "name": "metacarpal_pinky_l",
      "local": {
        "location": {
          "x": 0.0,
          "y": 0.0,
          "z": 0.0
        },
        "rotation_quaternion": {
          "w": 0.999772310256958,
          "x": 0.019086677581071854,
          "y": -0.009472579695284367,
          "z": -0.0011380540672689676
        },
        "scale": {
          "x": 1.0,
          "y": 1.0,
          "z": 1.0
        },
        "matrix_basis": [
          [
            0.999817967414856,
            0.0019139897776767612,
            -0.018984289839863777,
            0.0
          ],
          [
            -0.002637190045788884,
            0.9992688298225403,
            -0.0381431020796299,
            0.0
          ],
          [
            0.0188974030315876,
            0.038186222314834595,
            0.9990919232368469,
            0.0
          ],
          [
            0.0,
            0.0,
            0.0,
            1.0
          ]
        ],
        "rotation_mode": "QUATERNION"
      },
      "armature_space": {
        "head": {
          "x": 0.6174106597900391,
          "y": 0.00648314505815506,
          "z": 0.3006376326084137
        },
        "tail": {
          "x": 0.7081490159034729,
          "y": 0.0449611060321331,
          "z": 0.26703372597694397
        }
      },
      "world_space": {
        "head": {
          "x": 0.6174106597900391,
          "y": 0.06972714513540268,
          "z": 1.2504916191101074
        },
        "tail": {
          "x": 0.7081490159034729,
          "y": 0.10820510983467102,
          "z": 1.2168877124786377
        },
        "rotation_quaternion": {
          "w": 0.725807249546051,
          "x": 0.08185745030641556,
          "y": 0.3974457383155823,
          "z": -0.5554638504981995
        },
        "matrix": [
          [
            0.06699209660291672,
            0.8713886737823486,
            0.48599740862846375,
            0.6174106597900391
          ],
          [
            -0.7412518262863159,
            0.3695158064365387,
            -0.5603607892990112,
            0.06972714513540268
          ],
          [
            -0.667881190776825,
            -0.32270869612693787,
            0.670677125453949,
            1.2504916191101074
          ],
          [
            0.0,
            0.0,
            0.0,
            1.0
          ]
        ]
      },
      "bone_length_armature_space": 0.1041308096672969,
      "parent": "lowerarm_l",
      "has_children": true,
      "is_end_bone": false
    },
    "pinky_01_l": {
      "name": "pinky_01_l",
      "local": {
        "location": {
          "x": 0.0,
          "y": 0.0,
          "z": 0.0
        },
        "rotation_quaternion": {
          "w": 0.9638940095901489,
          "x": 0.26576489210128784,
          "y": 0.012510758824646473,
          "z": 0.010997978039085865
        },
        "scale": {
          "x": 1.0,
          "y": 1.0,
          "z": 1.0
        },
        "matrix_basis": [
          [
            0.9994450211524963,
            -0.014551929198205471,
            0.029963843524456024,
            0.0
          ],
          [
            0.027851611375808716,
            0.8584961295127869,
            -0.512063205242157,
            0.0
          ],
          [
            -0.018272338435053825,
            0.5126135349273682,
            0.8584250211715698,
            0.0
          ],
          [
            0.0,
            0.0,
            0.0,
            1.0
          ]
        ],
        "rotation_mode": "QUATERNION"
      },
      "armature_space": {
        "head": {
          "x": 0.7081490159034729,
          "y": 0.0449611060321331,
          "z": 0.26703372597694397
