{
  "metadata": {
    "armature_name": "KIM_caucasian_male",
    "export_time": "2026-01-13T21:00:40.681177",
    "blender_version": "4.4.1",
    "bone_count": 56,
    "end_bone_count": 13,
    "spaces_included": [
      "LOCAL_CHANNELS",
      "ARMATURE_SPACE",
      "WORLD_SPACE"
    ],
    "note": "LOCAL matches Transform panel; replay pose via local.matrix_basis for best fidelity."
  },
  "bones": {
    "Root": {
      "name": "Root",
      "local": {
        "location": {
          "x": 0.0,
          "y": 0.0,
          "z": 0.0
        },
        "rotation_quaternion": {
          "w": 0.999789834022522,
          "x": 0.015896473079919815,
          "y": 0.004978714045137167,
          "z": -0.011955833993852139
        },
        "scale": {
          "x": 1.0,
          "y": 1.0,
          "z": 1.0
        },
        "matrix_basis": [
          [
            0.9996645450592041,
            0.0240649301558733,
            0.009575224481523037,
            0.0
          ],
          [
            -0.023748354986310005,
            0.9992087483406067,
            -0.03190531209111214,
            0.0
          ],
          [
            -0.010335446335375309,
            0.03166721388697624,
            0.9994450211524963,
            0.0
          ],
          [
            0.0,
            0.0,
            0.0,
            1.0
          ]
        ],
        "rotation_mode": "QUATERNION"
      },
      "armature_space": {
        "head": {
          "x": 0.0,
          "y": 0.07072800397872925,
          "z": -0.009595036506652832
        },
        "tail": {
          "x": 0.0017176553374156356,
          "y": -0.00024788081645965576,
          "z": -0.002247366588562727
        }
      },
      "world_space": {
        "head": {
          "x": 0.0,
          "y": 0.13397200405597687,
          "z": 0.9402589797973633
        },
        "tail": {
          "x": 0.0017176553374156356,
          "y": 0.06299611926078796,
          "z": 0.94760662317276
        },
        "rotation_quaternion": {
          "w": 0.051493141800165176,
          "x": 0.9985894560813904,
          "y": 0.01226408127695322,
          "z": 0.004161966498941183
        },
        "matrix": [
          [
            0.9996645450592041,
            0.0240649301558733,
            0.009575224481523037,
            0.0
          ],
          [
            0.024922186508774757,
            -0.9943960905075073,
            -0.1027393713593483,
            0.13397200405597687
          ],
          [
            0.00704922154545784,
            0.10294333100318909,
            -0.9946692585945129,
            0.9402589797973633
          ],
          [
            0.0,
            0.0,
            0.0,
            1.0
          ]
        ]
      },
      "bone_length_armature_space": 0.07137587140451922,
      "parent": null,
      "has_children": true,
      "is_end_bone": false
    },
    "spine_01": {
      "name": "spine_01",
      "local": {
        "location": {
          "x": 0.0,
          "y": 0.0,
          "z": 0.0
        },
        "rotation_quaternion": {
          "w": 0.9975947141647339,
          "x": -0.05501844733953476,
          "y": 0.04141351208090782,
          "z": 0.007930977270007133
        },
        "scale": {
          "x": 1.0,
          "y": 1.0,
          "z": 1.0
        },
        "matrix_basis": [
          [
            0.996444046497345,
            -0.020380815491080284,
            0.08175510168075562,
            0.0
          ],
          [
            0.01126678753644228,
            0.9938201308250427,
            0.11042912304401398,
            0.0
          ],
          [
            -0.08350050449371338,
            -0.10911532491445541,
            0.9905157685279846,
            0.0
          ],
          [
            0.0,
            0.0,
            0.0,
            1.0
          ]
        ],
        "rotation_mode": "QUATERNION"
      },
      "armature_space": {
        "head": {
          "x": 0.0017176553374156356,
          "y": -0.00024788081645965576,
          "z": -0.002247366588562727
        },
        "tail": {
          "x": -0.013145319186151028,
          "y": 0.059939607977867126,
          "z": 0.48180335760116577
        }
      },
      "world_space": {
        "head": {
          "x": 0.0017176553374156356,
          "y": 0.06299611926078796,
          "z": 0.94760662317276
        },
        "tail": {
          "x": -0.013145319186151028,
          "y": 0.12318360805511475,
          "z": 1.431657314300537
        },
        "rotation_quaternion": {
          "w": 0.748862624168396,
          "x": 0.6604406833648682,
          "y": 0.029529288411140442,
          "z": 0.0463779978454113
        },
        "matrix": [
          [
            0.9939541816711426,
            -0.03045683726668358,
            0.10548678040504456,
            0.0017176553374156356
          ],
          [
            0.10846638679504395,
            0.12333470582962036,
            -0.9864196181297302,
            0.06299611926078796
          ],
          [
            0.017033258453011513,
            0.9919047355651855,
            0.12589257955551147,
            0.94760662317276
          ],
          [
            0.0,
            0.0,
            0.0,
            1.0
          ]
        ]
      },
      "bone_length_armature_space": 0.48800465203103005,
      "parent": "Root",
      "has_children": true,
      "is_end_bone": false
    },
    "neck_01": {
      "name": "neck_01",
      "local": {
        "location": {
          "x": 0.0,
          "y": 0.0,
          "z": 0.0
        },
        "rotation_quaternion": {
          "w": 0.9904980659484863,
          "x": -0.10074794292449951,
          "y": -0.018856266513466835,
          "z": -0.0916944220662117
        },
        "scale": {
          "x": 1.0,
          "y": 1.0,
          "z": 1.0
        },
        "matrix_basis": [
          [
            0.9824731349945068,
            0.18544575572013855,
            -0.018878141418099403,
            0.0
          ],
          [
            -0.17784683406352997,
            0.9628839492797852,
            0.20303931832313538,
            0.0
          ],
          [
            0.05583024024963379,
            -0.19612325727939606,
            0.9789885878562927,
            0.0
          ],
          [
            0.0,
            0.0,
            0.0,
            1.0
          ]
        ],
        "rotation_mode": "QUATERNION"
      },
      "armature_space": {
        "head": {
          "x": -0.011716993525624275,
          "y": 0.03476051986217499,
          "z": 0.5587950944900513
        },
        "tail": {
          "x": 0.006198843941092491,
          "y": 0.030352801084518433,
          "z": 0.659643292427063
        }
      },
      "world_space": {
        "head": {
          "x": -0.011716993525624275,
          "y": 0.09800451993942261,
          "z": 1.5086491107940674
        },
        "tail": {
          "x": 0.006198843941092491,
          "y": 0.09359680116176605,
          "z": 1.609497308731079
        },
        "rotation_quaternion": {
          "w": 0.6852685213088989,
          "x": 0.7216001749038696,
          "y": 0.09439439326524734,
          "z": -0.028107361868023872
        },
        "matrix": [
          [
            0.9805992245674133,
            0.17475228011608124,
            0.0888075977563858,
            -0.011716993525624275
          ],
          [
            0.09770892560482025,
            -0.04299318790435791,
            -0.994286060333252,
            0.09800451993942261
          ],
          [
            -0.16993671655654907,
            0.9836801886558533,
            -0.05923524498939514,
            1.5086491107940674
          ],
          [
            0.0,
            0.0,
            0.0,
            1.0
          ]
        ]
      },
      "bone_length_armature_space": 0.10252201905125842,
      "parent": "spine_01",
      "has_children": true,
      "is_end_bone": false
    },
    "head": {
      "name": "head",
      "local": {
        "location": {
          "x": 0.0,
          "y": 0.0,
          "z": 0.0
        },
        "rotation_quaternion": {
          "w": 0.9756620526313782,
          "x": -0.024661581963300705,
          "y": -0.12214349955320358,
          "z": 0.1804341822862625
        },
        "scale": {
          "x": 1.0,
          "y": 1.0,
          "z": 1.0
        },
        "matrix_basis": [
          [
            0.9050489664077759,
            -0.3460610508918762,
            -0.24724113941192627,
            0.0
          ],
          [
            0.35811007022857666,
            0.9336706399917603,
            0.0040450142696499825,
            0.0
          ],
          [
            0.22944197058677673,
            -0.09220046550035477,
            0.9689455628395081,
            0.0
          ],
          [
            0.0,
            0.0,
            0.0,
            1.0
          ]
        ],
        "rotation_mode": "QUATERNION"
      },
      "armature_space": {
        "head": {
          "x": 0.006198844872415066,
          "y": 0.030352648347616196,
          "z": 0.6596432328224182
        },
        "tail": {
          "x": -0.02964833751320839,
          "y": 0.08496668189764023,
          "z": 0.8003043532371521
        }
      },
      "world_space": {
        "head": {
          "x": 0.006198844872415066,
          "y": 0.09359665215015411,
          "z": 1.609497308731079
        },
        "tail": {
          "x": -0.02964833751320839,
          "y": 0.14821067452430725,
          "z": 1.7501583099365234
        },
        "rotation_quaternion": {
          "w": 0.8149423003196716,
          "x": 0.5653060674667358,
          "y": -0.1092735081911087,
          "z": 0.06601179391145706
        },
        "matrix": [
          [
            0.967403769493103,
            -0.23113761842250824,
            -0.10346825420856476,
            0.006198844872415066
          ],
          [
            -0.01595301926136017,
            0.35214364528656006,
            -0.9358100891113281,
            0.09359665215015411
          ],
          [
            0.252738356590271,
            0.9069633483886719,
            0.3369791805744171,
            1.609497308731079
          ],
          [
            0.0,
            0.0,
            0.0,
            1.0
          ]
        ]
      },
      "bone_length_armature_space": 0.15509114871359894,
      "parent": "neck_01",
      "has_children": false,
      "is_end_bone": true
    },
    "upperarm_l": {
      "name": "upperarm_l",
      "local": {
        "location": {
          "x": 0.0,
          "y": 0.0,
          "z": 0.0
        },
        "rotation_quaternion": {
          "w": 0.9500463604927063,
          "x": -0.07071839272975922,
          "y": 0.24720308184623718,
          "z": 0.17692263424396515
        },
        "scale": {
          "x": 1.0,
          "y": 1.0,
          "z": 1.0
        },
        "matrix_basis": [
          [
            0.8151780366897583,
            -0.371133029460907,
            0.4446853995323181,
            0.0
          ],
          [
            0.3012058138847351,
            0.9273945689201355,
            0.22184313833713531,
            0.0
          ],
          [
            -0.494732141494751,
            -0.046899862587451935,
            0.8677790760993958,
            0.0
          ],
          [
            0.0,
            0.0,
            0.0,
            1.0
          ]
        ],
        "rotation_mode": "QUATERNION"
      },
      "armature_space": {
        "head": {
          "x": 0.13975948095321655,
          "y": 0.03959560766816139,
          "z": 0.4950879216194153
        },
        "tail": {
          "x": 0.3833300769329071,
          "y": 0.09797735512256622,
          "z": 0.5903385877609253
        }
      },
      "world_space": {
        "head": {
          "x": 0.13975948095321655,
          "y": 0.10283960402011871,
          "z": 1.4449419975280762
        },
        "tail": {
          "x": 0.3833300769329071,
          "y": 0.16122135519981384,
          "z": 1.5401926040649414
        },
        "rotation_quaternion": {
          "w": 0.5226152539253235,
          "x": 0.5850314497947693,
          "y": 0.5794875025749207,
          "z": -0.22092019021511078
        },
        "matrix": [
          [
            0.2307744324207306,
            0.9089491963386536,
            0.3472095727920532,
            0.13975948095321655
          ],
          [
            0.4471261501312256,
            0.21786721050739288,
            -0.8675323128700256,
            0.10283960402011871
          ],
          [
            -0.8641940355300903,
            0.35545337200164795,
            -0.35614004731178284,
            1.4449419975280762
          ],
          [
            0.0,
            0.0,
            0.0,
            1.0
          ]
        ]
      },
      "bone_length_armature_space": 0.2679696842273242,
      "parent": "spine_01",
      "has_children": true,
      "is_end_bone": false
    },
    "lowerarm_l": {
      "name": "lowerarm_l",
      "local": {
        "location": {
          "x": 0.0,
          "y": 0.0,
          "z": 0.0
        },
        "rotation_quaternion": {
          "w": 0.967440128326416,
          "x": 0.028503984212875366,
          "y": 0.11840564757585526,
          "z": -0.22187235951423645
        },
        "scale": {
          "x": 1.0,
          "y": 1.0,
          "z": 1.0
        },
        "matrix_basis": [
          [
            0.8735055327415466,
            0.4360465109348297,
            0.21645225584506989,
            0.0
          ],
          [
            -0.42254638671875,
            0.8999203443527222,
            -0.10769367963075638,
            0.0
          ],
          [
            -0.24174924194812775,
            0.002609915565699339,
            0.9703352451324463,
            0.0
          ],
          [
            0.0,
            0.0,
            0.0,
            1.0
          ]
        ],
        "rotation_mode": "QUATERNION"
      },
      "armature_space": {
        "head": {
          "x": 0.38333016633987427,
          "y": 0.09797728061676025,
          "z": 0.5903386473655701
        },
        "tail": {
          "x": 0.6441479921340942,
          "y": 0.15586212277412415,
          "z": 0.5764549374580383
        }
      },
      "world_space": {
        "head": {
          "x": 0.38333016633987427,
          "y": 0.16122128069400787,
          "z": 1.5401926040649414
        },
        "tail": {
          "x": 0.6441479921340942,
          "y": 0.21910612285137177,
          "z": 1.5263090133666992
        },
        "rotation_quaternion": {
          "w": 0.3754858076572418,
          "x": 0.5318232774734497,
          "y": 0.683518648147583,
          "z": -0.33011603355407715
        },
        "matrix": [
          [
            -0.1523473858833313,
            0.9749305844306946,
            0.16217410564422607,
            0.38333016633987427
          ],
          [
            0.479114830493927,
            0.21637211740016937,
            -0.8506658673286438,
            0.16122128069400787
          ],
          [
            -0.8644357323646545,
            -0.05189705267548561,
            -0.5000717043876648,
            1.5401926040649414
          ],
          [
            0.0,
            0.0,
            0.0,
            1.0
          ]
        ]
      },
      "bone_length_armature_space": 0.2675244875169439,
      "parent": "upperarm_l",
      "has_children": true,
      "is_end_bone": false
    },
    "metacarpal_thumb_l": {
      "name": "metacarpal_thumb_l",
      "local": {
        "location": {
          "x": 0.0,
          "y": 0.0,
          "z": 0.0
        },
        "rotation_quaternion": {
          "w": 0.9994309544563293,
          "x": -0.023343533277511597,
          "y": -0.02257709391415119,
          "z": -0.009118862450122833
        },
        "scale": {
          "x": 1.0,
          "y": 1.0,
          "z": 1.0
        },
        "matrix_basis": [
          [
            0.9988142251968384,
            0.019281405955553055,
            -0.04470276087522507,
            0.0
          ],
          [
            -0.017173288390040398,
            0.9987438321113586,
            0.04707225412130356,
            0.0
          ],
          [
            0.04555422440171242,
            -0.046248745173215866,
            0.9978907108306885,
            0.0
          ],
          [
            0.0,
            0.0,
            0.0,
            1.0
          ]
        ],
        "rotation_mode": "QUATERNION"
      },
      "armature_space": {
        "head": {
          "x": 0.6441479921340942,
          "y": 0.15586212277412415,
          "z": 0.5764549374580383
        },
        "tail": {
          "x": 0.6866905093193054,
          "y": 0.1436012238264084,
          "z": 0.5542424917221069
        }
      },
      "world_space": {
        "head": {
          "x": 0.6441479921340942,
          "y": 0.21910612285137177,
          "z": 1.5263090133666992
        },
        "tail": {
          "x": 0.6866905093193054,
          "y": 0.206845223903656,
          "z": 1.504096508026123
        },
        "rotation_quaternion": {
          "w": 0.2759895324707031,
          "x": -0.789704442024231,
          "y": -0.5477827787399292,
          "z": 0.01143437996506691
        },
        "matrix": [
          [
            0.3996051251888275,
            0.8588611483573914,
            -0.3204261362552643,
            0.6441479921340942
          ],
          [
            0.8714859485626221,
            -0.24752666056156158,
            0.42337119579315186,
            0.21910612285137177
          ],
          [
            0.28430578112602234,
            -0.4484316110610962,
            -0.847403883934021,
            1.5263090133666992
          ],
          [
            0.0,
            0.0,
            0.0,
            1.0
          ]
        ]
      },
      "bone_length_armature_space": 0.04953370782820972,
      "parent": "lowerarm_l",
      "has_children": true,
      "is_end_bone": false
    },
    "thumb_01_l": {
      "name": "thumb_01_l",
      "local": {
        "location": {
          "x": 0.0,
          "y": 0.0,
          "z": 0.0
        },
        "rotation_quaternion": {
          "w": 0.9780441522598267,
          "x": 0.2064652293920517,
          "y": 0.020626971498131752,
          "z": 0.01940251886844635
        },
        "scale": {
          "x": 1.0,
          "y": 1.0,
          "z": 1.0
        },
        "matrix_basis": [
          [
            0.9983961582183838,
            -0.0294355358928442,
            0.04836006835103035,
            0.0
          ],
          [
            0.04647054523229599,
            0.9139913320541382,
            -0.4030638039112091,
            0.0
          ],
          [
            -0.0323362872004509,
            0.40466466546058655,
            0.9138932824134827,
            0.0
          ],
          [
            0.0,
            0.0,
            0.0,
            1.0
          ]
        ],
        "rotation_mode": "QUATERNION"
      },
      "armature_space": {
        "head": {
          "x": 0.6866905093193054,
          "y": 0.1436012238264084,
          "z": 0.5542424917221069
        },
        "tail": {
          "x": 0.7006455063819885,
          "y": 0.15761272609233856,
          "z": 0.5265374183654785
        }
      },
      "world_space": {
        "head": {
          "x": 0.6866905093193054,
          "y": 0.206845223903656,
          "z": 1.504096508026123
        },
        "tail": {
          "x": 0.7006455063819885,
          "y": 0.22085672616958618,
          "z": 1.4763914346694946
        },
        "rotation_quaternion": {
          "w": 0.8388936519622803,
          "x": -0.47045978903770447,
          "y": 0.04556181654334068,
          "z": -0.26990607380867004
        },
        "matrix": [
          [
            0.8501487970352173,
            0.4099752902984619,
            0.33040428161621094,
            0.6866905093193054
          ],
          [
            -0.49571627378463745,
            0.41163599491119385,
            0.7647363543510437,
            0.206845223903656
          ],
          [
            0.1775173842906952,
            -0.8139318823814392,
            0.5531877875328064,
            1.504096508026123
          ],
          [
            0.0,
            0.0,
            0.0,
            1.0
          ]
        ]
      },
      "bone_length_armature_space": 0.0340387313788008,
      "parent": "metacarpal_thumb_l",
      "has_children": true,
      "is_end_bone": false
    },
    "thumb_02_l": {
      "name": "thumb_02_l",
      "local": {
        "location": {
          "x": 0.0,
          "y": 0.0,
          "z": 0.0
        },
        "rotation_quaternion": {
          "w": 0.9376001358032227,
          "x": 0.34760037064552307,
          "y": -0.008912289515137672,
          "z": 0.000719181727617979
        },
        "scale": {
          "x": 1.0,
          "y": 1.0,
          "z": 1.0
        },
        "matrix_basis": [
          [
            0.9998400807380676,
            -0.007544440217316151,
            -0.016212351620197296,
            0.0
          ],
          [
            -0.0048472206108272076,
            0.7583469152450562,
            -0.6518331170082092,
            0.0
          ],
          [
            0.01721230335533619,
            0.6518074870109558,
            0.7581890821456909,
            0.0
          ],
          [
            0.0,
            0.0,
            0.0,
            1.0
          ]
        ],
        "rotation_mode": "QUATERNION"
      },
      "armature_space": {
        "head": {
          "x": 0.7006454467773438,
          "y": 0.15761271119117737,
          "z": 0.5265374183654785
        },
        "tail": {
          "x": 0.7294273972511292,
          "y": 0.16405002772808075,
          "z": 0.5538018941879272
        }
      },
      "world_space": {
        "head": {
          "x": 0.7006454467773438,
          "y": 0.220856711268425,
          "z": 1.4763914346694946
        },
        "tail": {
          "x": 0.7294273972511292,
          "y": 0.22729402780532837,
          "z": 1.5036559104919434
        },
        "rotation_quaternion": {
          "w": 0.7461879849433899,
          "x": 0.3421976566314697,
          "y": -0.15277798473834991,
          "z": -0.5502391457557678
        },
        "matrix": [
          [
            0.3477886915206909,
            0.7166028022766113,
            -0.6045849323272705,
            0.7006454467773438
          ],
          [
            -0.9257257580757141,
            0.16027432680130005,
            -0.3425557613372803,
            0.220856711268425
          ],
          [
            -0.148578941822052,
            0.6788218021392822,
            0.7191241383552551,
            1.4763914346694946
          ],
          [
            0.0,
            0.0,
            0.0,
            1.0
          ]
        ]
      },
      "bone_length_armature_space": 0.04016455341181635,
      "parent": "thumb_01_l",
      "has_children": true,
      "is_end_bone": false
    },
    "thumb_03_l": {
      "name": "thumb_03_l",
      "local": {
        "location": {
          "x": 0.0,
          "y": 0.0,
          "z": 0.0
        },
        "rotation_quaternion": {
          "w": 0.9860436916351318,
          "x": 0.1664796769618988,
          "y": 0.0006802884745411575,
          "z": -0.0013871340779587626
        },
        "scale": {
          "x": 1.0,
          "y": 1.0,
          "z": 1.0
        },
        "matrix_basis": [
          [
            0.999995231628418,
            0.0029620579443871975,
            0.0008797290502116084,
            0.0
          ],
          [
            -0.0025090412236750126,
            0.9445651769638062,
            -0.3283143639564514,
            0.0
          ],
          [
            -0.0018034476088359952,
            0.3283105790615082,
            0.9445680975914001,
            0.0
          ],
          [
            0.0,
            0.0,
            0.0,
            1.0
          ]
        ],
        "rotation_mode": "QUATERNION"
      },
      "armature_space": {
        "head": {
          "x": 0.7294273972511292,
          "y": 0.16404999792575836,
          "z": 0.5538017749786377
        },
        "tail": {
          "x": 0.7372459173202515,
          "y": 0.16301707923412323,
          "z": 0.5832076668739319
        }
      },
      "world_space": {
        "head": {
          "x": 0.7294273972511292,
          "y": 0.22729399800300598,
          "z": 1.5036557912826538
        },
        "tail": {
          "x": 0.7372459173202515,
          "y": 0.22626107931137085,
          "z": 1.5330617427825928
        },
        "rotation_quaternion": {
          "w": 0.6737669110298157,
          "x": 0.6282958388328552,
          "y": -0.17051252722740173,
          "z": -0.3495829105377197
        },
        "matrix": [
          [
            0.6974329352378845,
            0.256809800863266,
            -0.6690557599067688,
            0.7294273972511292
          ],
          [
            -0.6853410005569458,
            -0.033927470445632935,
            -0.7274319529533386,
            0.22729399800300598
          ],
          [
            -0.20951321721076965,
            0.965873122215271,
            0.15234068036079407,
            1.5036557912826538
          ],
          [
            0.0,
            0.0,
            0.0,
            1.0
          ]
        ]
      },
      "bone_length_armature_space": 0.030445075876392533,
      "parent": "thumb_02_l",
      "has_children": false,
      "is_end_bone": true
    },
    "metacarpal_index_l": {
      "name": "metacarpal_index_l",
      "local": {
        "location": {
          "x": 0.0,
          "y": 0.0,
          "z": 0.0
        },
        "rotation_quaternion": {
          "w": 0.9997625350952148,
          "x": -0.007766236085444689,
          "y": -0.013992931693792343,
          "z": -0.014796027913689613
        },
        "scale": {
          "x": 1.0,
          "y": 1.0,
          "z": 1.0
        },
        "matrix_basis": [
          [
            0.9991705417633057,
            0.029802372679114342,
            -0.027749398723244667,
            0.0
          ],
          [
            -0.029367683455348015,
            0.9994415044784546,
            0.01594286412000656,
            0.0
          ],
          [
            0.028209036216139793,
            -0.01511470414698124,
            0.9994877576828003,
            0.0
          ],
          [
            0.0,
            0.0,
            0.0,
            1.0
          ]
        ],
        "rotation_mode": "QUATERNION"
      },
      "armature_space": {
        "head": {
          "x": 0.6441479921340942,
          "y": 0.15586212277412415,
          "z": 0.5764549374580383
        },
        "tail": {
          "x": 0.7580475211143494,
          "y": 0.1560739129781723,
          "z": 0.5489581823348999
        }
      },
      "world_space": {
        "head": {
          "x": 0.6441479921340942,
          "y": 0.21910612285137177,
          "z": 1.5263090133666992
        },
        "tail": {
          "x": 0.7580475211143494,
          "y": 0.21931791305541992,
          "z": 1.498812198638916
        },
        "rotation_quaternion": {
          "w": 0.030605366453528404,
          "x": -0.6932662725448608,
          "y": -0.7070836424827576,
          "z": 0.1359335035085678
        },
        "matrix": [
          [
            -0.03688981756567955,
            0.9720736145973206,
            -0.23175783455371857,
            0.6441479921340942
          ],
          [
            0.988715410232544,
            0.001807505264878273,
            -0.14979609847068787,
            0.21910612285137177
          ],
          [
            -0.1451941281557083,
            -0.23467031121253967,
            -0.9611777067184448,
            1.5263090133666992
          ],
          [
            0.0,
            0.0,
            0.0,
            1.0
          ]
        ]
      },
      "bone_length_armature_space": 0.11717175055127126,
      "parent": "lowerarm_l",
      "has_children": true,
      "is_end_bone": false
    },
    "index_01_l": {
      "name": "index_01_l",
      "local": {
        "location": {
          "x": 0.0,
          "y": 0.0,
          "z": 0.0
        },
        "rotation_quaternion": {
          "w": 0.9750258922576904,
          "x": 0.22115442156791687,
          "y": 0.013649055734276772,
          "z": -0.015129515901207924
        },
        "scale": {
          "x": 1.0,
          "y": 1.0,
          "z": 1.0
        },
        "matrix_basis": [
          [
            0.9991695880889893,
            0.03554043918848038,
            0.019924446940422058,
            0.0
          ],
          [
            -0.023466240614652634,
            0.9017236232757568,
            -0.43167558312416077,
            0.0
          ],
          [
            -0.03330828249454498,
            0.4308495819568634,
            0.9018088579177856,
            0.0
          ],
          [
            0.0,
            0.0,
            0.0,
            1.0
          ]
        ],
        "rotation_mode": "QUATERNION"
      },
      "armature_space": {
        "head": {
          "x": 0.7580475211143494,
          "y": 0.1560739129781723,
          "z": 0.5489581823348999
        },
        "tail": {
          "x": 0.7799694538116455,
          "y": 0.16517753899097443,
          "z": 0.5331586599349976
        }
      },
      "world_space": {
        "head": {
          "x": 0.7580475211143494,
          "y": 0.21931791305541992,
          "z": 1.498812198638916
        },
        "tail": {
          "x": 0.7799694538116455,
          "y": 0.22842153906822205,
          "z": 1.4830126762390137
        },
        "rotation_quaternion": {
          "w": 0.15693017840385437,
          "x": -0.5302881002426147,
          "y": -0.7968723177909851,
          "z": 0.24323248863220215
        },
        "matrix": [
          [
            -0.38833343982696533,
            0.7688029408454895,
            -0.508073627948761,
            0.7580475211143494
          ],
          [
            0.9214855432510376,
            0.3192644417285919,
            -0.22121237218379974,
            0.21931791305541992
          ],
          [
            -0.007858097553253174,
            -0.5540904402732849,
            -0.8324277997016907,
            1.498812198638916
          ],
          [
            0.0,
            0.0,
            0.0,
            1.0
          ]
        ]
      },
      "bone_length_armature_space": 0.02851441832742575,
      "parent": "metacarpal_index_l",
      "has_children": true,
      "is_end_bone": false
    },
    "index_02_l": {
      "name": "index_02_l",
      "local": {
        "location": {
          "x": 0.0,
          "y": 0.0,
          "z": 0.0
        },
        "rotation_quaternion": {
          "w": 0.9241807460784912,
          "x": 0.3819545805454254,
          "y": -0.00012855046952608973,
          "z": 0.0009230674477294087
        },
        "scale": {
          "x": 1.0,
          "y": 1.0,
          "z": 1.0
        },
        "matrix_basis": [
          [
            0.9999982714653015,
            -0.001804363215342164,
            0.0004675319360103458,
            0.0
          ],
          [
            0.0016079614870250225,
            0.7082197070121765,
            -0.7059903740882874,
            0.0
          ],
          [
            0.0009427473996765912,
            0.7059898972511292,
            0.7082213759422302,
            0.0
          ],
          [
            0.0,
            0.0,
            0.0,
            1.0
          ]
        ],
        "rotation_mode": "QUATERNION"
      },
      "armature_space": {
        "head": {
          "x": 0.7799696326255798,
          "y": 0.1651773601770401,
          "z": 0.5331581830978394
        },
        "tail": {
          "x": 0.7858309149742126,
          "y": 0.16672301292419434,
          "z": 0.5082311630249023
        }
      },
      "world_space": {
        "head": {
          "x": 0.7799696326255798,
          "y": 0.22842136025428772,
          "z": 1.4830121994018555
        },
        "tail": {
          "x": 0.7858309149742126,
          "y": 0.22996701300144196,
          "z": 1.4580851793289185
        },
        "rotation_quaternion": {
          "w": 0.3109855353832245,
          "x": -0.42687729001045227,
          "y": -0.6583422422409058,
          "z": 0.5363295078277588
        },
        "matrix": [
          [
            -0.44212642312049866,
            0.2284817397594452,
            -0.8673638701438904,
            0.7799696326255798
          ],
          [
            0.8956447839736938,
            0.060251906514167786,
            -0.44067054986953735,
            0.22842136025428772
          ],
          [
            -0.04842432215809822,
            -0.9716888666152954,
            -0.23127928376197815,
            1.4830121994018555
          ],
          [
            0.0,
            0.0,
            0.0,
            1.0
          ]
        ]
      },
      "bone_length_armature_space": 0.02565345934051425,
      "parent": "index_01_l",
      "has_children": true,
      "is_end_bone": false
    },
    "index_03_l": {
      "name": "index_03_l",
      "local": {
        "location": {
          "x": 0.0,
          "y": 0.0,
          "z": 0.0
        },
        "rotation_quaternion": {
          "w": 0.9720142483711243,
          "x": 0.23477043211460114,
          "y": 0.0031616617925465107,
          "z": 0.007825377397239208
        },
        "scale": {
          "x": 1.0,
          "y": 1.0,
          "z": 1.0
        },
        "matrix_basis": [
          [
            0.9998575448989868,
            -0.013728227466344833,
            0.009820695035159588,
            0.0
          ],
          [
            0.016697285696864128,
            0.8896431922912598,
            -0.4563509225845337,
            0.0
          ],
          [
            -0.002472026040777564,
            0.4564498960971832,
            0.8897457122802734,
            0.0
          ],
          [
            0.0,
            0.0,
            0.0,
            1.0
          ]
        ],
        "rotation_mode": "QUATERNION"
      },
      "armature_space": {
        "head": {
          "x": 0.7858310341835022,
          "y": 0.16672305762767792,
          "z": 0.5082312822341919
        },
        "tail": {
          "x": 0.7766790986061096,
          "y": 0.16390016674995422,
          "z": 0.48062664270401
        }
      },
      "world_space": {
        "head": {
          "x": 0.7858310341835022,
          "y": 0.22996705770492554,
          "z": 1.458085298538208
        },
        "tail": {
          "x": 0.7766790986061096,
          "y": 0.22714416682720184,
          "z": 1.430480718612671
        },
        "rotation_quaternion": {
          "w": 0.4582712948322296,
          "x": -0.3088049590587616,
          "y": -0.4916103184223175,
          "z": 0.6730127334594727
        },
        "matrix": [
          [
            -0.3892516791820526,
            -0.31322136521339417,
            -0.866241991519928,
            0.7858310341835022
          ],
          [
            0.9204694032669067,
            -0.0966125875711441,
            -0.37868520617485046,
            0.22996705770492554
          ],
          [
            0.034923553466796875,
            -0.9447597861289978,
            0.3259194493293762,
            1.458085298538208
          ],
          [
            0.0,
            0.0,
            0.0,
            1.0
          ]
        ]
      },
      "bone_length_armature_space": 0.029218876545571353,
      "parent": "index_02_l",
      "has_children": false,
      "is_end_bone": true
    },
    "metacarpal_pinky_l": {
      "name": "metacarpal_pinky_l",
      "local": {
        "location": {
          "x": 0.0,
          "y": 0.0,
          "z": 0.0
        },
        "rotation_quaternion": {
          "w": 0.9985014200210571,
          "x": -0.051792897284030914,
          "y": -0.016705825924873352,
          "z": -0.005778688471764326
        },
        "scale": {
          "x": 1.0,
          "y": 1.0,
          "z": 1.0
        },
        "matrix_basis": [
          [
            0.99937504529953,
            0.01327054388821125,
            -0.03276299312710762,
            0.0
          ],
          [
            -0.00980957131832838,
            0.9945682287216187,
            0.1036236360669136,
            0.0
          ],
          [
            0.03396017104387283,
            -0.10323748737573624,
            0.9940768480300903,
            0.0
          ],
          [
            0.0,
            0.0,
            0.0,
            1.0
          ]
        ],
        "rotation_mode": "QUATERNION"
      },
      "armature_space": {
        "head": {
          "x": 0.6441479921340942,
          "y": 0.15586212277412415,
          "z": 0.5764549374580383
        },
        "tail": {
          "x": 0.7327772378921509,
          "y": 0.21050146222114563,
          "z": 0.578071653842926
        }
      },
      "world_space": {
        "head": {
          "x": 0.6441479921340942,
          "y": 0.21910612285137177,
          "z": 1.5263090133666992
        },
        "tail": {
          "x": 0.7327772378921509,
          "y": 0.27374547719955444,
          "z": 1.527925729751587
        },
        "rotation_quaternion": {
          "w": 0.8135168552398682,
          "x": 0.1852937936782837,
          "y": 0.31709685921669006,
          "z": -0.4508950114250183
        },
        "matrix": [
          [
            0.3922862410545349,
            0.851134181022644,
            0.3488295376300812,
            0.6441479921340942
          ],
          [
            -0.6161099672317505,
            0.5247185230255127,
            -0.5874346494674683,
            0.21910612285137177
          ],
          [
            -0.6830283403396606,
            0.015525586903095245,
            0.7302365899085999,
            1.5263090133666992
          ],
          [
            0.0,
            0.0,
            0.0,
            1.0
          ]
        ]
      },
      "bone_length_armature_space": 0.10413075719465996,
      "parent": "lowerarm_l",
      "has_children": true,
      "is_end_bone": false
    },
    "pinky_01_l": {
      "name": "pinky_01_l",
      "local": {
        "location": {
          "x": 0.0,
          "y": 0.0,
          "z": 0.0
        },
        "rotation_quaternion": {
          "w": 0.9432952404022217,
          "x": 0.3316466808319092,
          "y": 0.006673530675470829,
          "z": 0.012655641883611679
        },
        "scale": {
          "x": 1.0,
          "y": 1.0,
          "z": 1.0
        },
        "matrix_basis": [
          [
            0.9995905756950378,
            -0.0194495040923357,
            0.020984623581171036,
            0.0
          ],
          [
            0.028302522376179695,
            0.7797006368637085,
            -0.6255125403404236,
            0.0
          ],
          [
            -0.004195816349238157,
            0.6258503794670105,
            0.779931902885437,
            0.0
          ],
          [
            0.0,
            0.0,
            0.0,
            1.0
          ]
        ],
        "rotation_mode": "QUATERNION"
      },
      "armature_space": {
        "head": {
          "x": 0.7327772378921509,
          "y": 0.21050146222114563,
          "z": 0.578071653842926
        },
        "tail": {
          "x": 0.7457232475280762,
          "y": 0.22033190727233887,
