{
  "metadata": {
    "armature_name": "KIM_caucasian_male",
    "export_time": "2026-01-13T21:05:28.013282",
    "blender_version": "4.4.1",
    "bone_count": 56,
    "end_bone_count": 13,
    "spaces_included": [
      "LOCAL_CHANNELS",
      "ARMATURE_SPACE",
      "WORLD_SPACE"
    ],
    "note": "LOCAL matches Transform panel; replay pose via local.matrix_basis for best fidelity."
  },
  "bones": {
    "Root": {
      "name": "Root",
      "local": {
        "location": {
          "x": 0.0,
          "y": 0.0,
          "z": 0.0
        },
        "rotation_quaternion": {
          "w": 0.9995237588882446,
          "x": 0.0009408813784830272,
          "y": 0.018200309947133064,
          "z": -0.02490522898733616
        },
        "scale": {
          "x": 1.0,
          "y": 1.0,
          "z": 1.0
        },
        "matrix_basis": [
          [
            0.9980969429016113,
            0.04982098564505577,
            0.036336418241262436,
            0.0
          ],
          [
            -0.04975248873233795,
            0.9987576603889465,
            -0.002787432400509715,
            0.0
          ],
          [
            -0.036430150270462036,
            0.0009743007831275463,
            0.9993357062339783,
            0.0
          ],
          [
            0.0,
            0.0,
            0.0,
            1.0
          ]
        ],
        "rotation_mode": "QUATERNION"
      },
      "armature_space": {
        "head": {
          "x": 0.0,
          "y": 0.07072800397872925,
          "z": -0.009595036506652832
        },
        "tail": {
          "x": 0.003556016134098172,
          "y": 7.852166891098022e-05,
          "z": -8.083134889602661e-05
        }
      },
      "world_space": {
        "head": {
          "x": 0.0,
          "y": 0.13397200405597687,
          "z": 0.9402589797973633
        },
        "tail": {
          "x": 0.003556016134098172,
          "y": 0.0633225217461586,
          "z": 0.9497731924057007
        },
        "rotation_quaternion": {
          "w": 0.06639682501554489,
          "x": 0.9973164200782776,
          "y": 0.026074768975377083,
          "z": 0.016481151804327965
        },
        "matrix": [
          [
            0.9980969429016113,
            0.04982098564505577,
            0.036336418241262436,
            0.0
          ],
          [
            0.054198186844587326,
            -0.989823043346405,
            -0.131578266620636,
            0.13397200405597687
          ],
          [
            0.029411524534225464,
            0.13329721987247467,
            -0.9906466603279114,
            0.9402589797973633
          ],
          [
            0.0,
            0.0,
            0.0,
            1.0
          ]
        ]
      },
      "bone_length_armature_space": 0.07137586882419793,
      "parent": null,
      "has_children": true,
      "is_end_bone": false
    },
    "spine_01": {
      "name": "spine_01",
      "local": {
        "location": {
          "x": 0.0,
          "y": 0.0,
          "z": 0.0
        },
        "rotation_quaternion": {
          "w": 0.9943804740905762,
          "x": 0.09137637168169022,
          "y": -0.051674727350473404,
          "z": 0.013697540387511253
        },
        "scale": {
          "x": 1.0,
          "y": 1.0,
          "z": 1.0
        },
        "matrix_basis": [
          [
            0.9942842125892639,
            -0.036684829741716385,
            -0.10026541352272034,
            0.0
          ],
          [
            0.017797434702515602,
            0.9829254746437073,
            -0.18314139544963837,
            0.0
          ],
          [
            0.10527194291353226,
            0.18031013011932373,
            0.9779601693153381,
            0.0
          ],
          [
            0.0,
            0.0,
            0.0,
            1.0
          ]
        ],
        "rotation_mode": "QUATERNION"
      },
      "armature_space": {
        "head": {
          "x": 0.003556016134098172,
          "y": 7.852166891098022e-05,
          "z": -8.083134889602661e-05
        },
        "tail": {
          "x": -0.024923698976635933,
          "y": -0.06756586581468582,
          "z": 0.48237285017967224
        }
      },
      "world_space": {
        "head": {
          "x": 0.003556016134098172,
          "y": 0.0633225217461586,
          "z": 0.9497731924057007
        },
        "tail": {
          "x": -0.024923698976635933,
          "y": -0.004321865737438202,
          "z": 1.4322268962860107
        },
        "rotation_quaternion": {
          "w": 0.6552823781967163,
          "x": 0.7545186877250671,
          "y": -0.03601742535829544,
          "z": 0.0030584000051021576
        },
        "matrix": [
          [
            0.9973867535591125,
            -0.05835992470383644,
            -0.04258827865123749,
            0.003556016134098172
          ],
          [
            -0.050343744456768036,
            -0.1386152058839798,
            -0.9890658855438232,
            0.0633225217461586
          ],
          [
            0.05181874707341194,
            0.988632082939148,
            -0.14119292795658112,
            0.9497731924057007
          ],
          [
            0.0,
            0.0,
            0.0,
            1.0
          ]
        ]
      },
      "bone_length_armature_space": 0.4880045128050993,
      "parent": "Root",
      "has_children": true,
      "is_end_bone": false
    },
    "neck_01": {
      "name": "neck_01",
      "local": {
        "location": {
          "x": 0.0,
          "y": 0.0,
          "z": 0.0
        },
        "rotation_quaternion": {
          "w": 0.9993234872817993,
          "x": -0.014877025969326496,
          "y": 0.03332986682653427,
          "z": -0.004531743470579386
        },
        "scale": {
          "x": 1.0,
          "y": 1.0,
          "z": 1.0
        },
        "matrix_basis": [
          [
            0.9977371692657471,
            0.008065656758844852,
            0.06674947589635849,
            0.0
          ],
          [
            -0.010049054399132729,
            0.9995162487030029,
            0.029431838542222977,
            0.0
          ],
          [
            -0.06647980213165283,
            -0.03003600798547268,
            0.9973356127738953,
            0.0
          ],
          [
            0.0,
            0.0,
            0.0,
            1.0
          ]
        ],
        "rotation_mode": "QUATERNION"
      },
      "armature_space": {
        "head": {
          "x": -0.03067370131611824,
          "y": -0.11201630532741547,
          "z": 0.5498623251914978
        },
        "tail": {
          "x": -0.03698040544986725,
          "y": -0.16104696691036224,
          "z": 0.6396785378456116
        }
      },
      "world_space": {
        "head": {
          "x": -0.03067370131611824,
          "y": -0.04877230525016785,
          "z": 1.4997162818908691
        },
        "tail": {
          "x": -0.03698040544986725,
          "y": -0.09780296683311462,
          "z": 1.5895326137542725
        },
        "rotation_quaternion": {
          "w": 0.5105452537536621,
          "x": 0.8589968681335449,
          "y": -0.01480342261493206,
          "z": 0.03533846512436867
        },
        "matrix": [
          [
            0.9970640540122986,
            -0.06151599809527397,
            0.04559529572725296,
            -0.03067370131611824
          ],
          [
            0.010651320219039917,
            -0.47824835777282715,
            -0.8781601786613464,
            -0.04877230525016785
          ],
          [
            0.07582731544971466,
            0.8760731220245361,
            -0.47619324922561646,
            1.4997162818908691
          ],
          [
            0.0,
            0.0,
            0.0,
            1.0
          ]
        ]
      },
      "bone_length_armature_space": 0.10252186341457367,
      "parent": "spine_01",
      "has_children": true,
      "is_end_bone": false
    },
    "head": {
      "name": "head",
      "local": {
        "location": {
          "x": 0.0,
          "y": 0.0,
          "z": 0.0
        },
        "rotation_quaternion": {
          "w": 0.9904845952987671,
          "x": -0.07786822319030762,
          "y": -0.045155804604291916,
          "z": 0.10410496592521667
        },
        "scale": {
          "x": 1.0,
          "y": 1.0,
          "z": 1.0
        },
        "matrix_basis": [
          [
            0.9742462038993835,
            -0.19919632375240326,
            -0.1056651920080185,
            0.0
          ],
          [
            0.21326112747192383,
            0.9661973714828491,
            0.1448526680469513,
            0.0
          ],
          [
            0.07323931902647018,
            -0.16365644335746765,
            0.9837949872016907,
            0.0
          ],
          [
            0.0,
            0.0,
            0.0,
            1.0
          ]
        ],
        "rotation_mode": "QUATERNION"
      },
      "armature_space": {
        "head": {
          "x": -0.036980390548706055,
          "y": -0.1610470712184906,
          "z": 0.6396783590316772
        },
        "tail": {
          "x": -0.07938040792942047,
          "y": -0.15535971522331238,
          "z": 0.7887527942657471
        }
      },
      "world_space": {
        "head": {
          "x": -0.036980390548706055,
          "y": -0.09780307114124298,
          "z": 1.5895323753356934
        },
        "tail": {
          "x": -0.07938040792942047,
          "y": -0.09211571514606476,
          "z": 1.7386068105697632
        },
        "rotation_quaternion": {
          "w": 0.7076737880706787,
          "x": 0.6910771727561951,
          "y": -0.13241279125213623,
          "z": 0.06385327130556107
        },
        "matrix": [
          [
            0.9567793011665344,
            -0.27338936924934387,
            -0.09915343672037125,
            -0.036980390548706055
          ],
          [
            -0.09263846278190613,
            0.036671265959739685,
            -0.9950243830680847,
            -0.09780307114124298
          ],
          [
            0.2756669819355011,
            0.9612109065055847,
            0.009758979082107544,
            1.5895323753356934
          ],
          [
            0.0,
            0.0,
            0.0,
            1.0
          ]
        ]
      },
      "bone_length_armature_space": 0.1550912474911501,
      "parent": "neck_01",
      "has_children": false,
      "is_end_bone": true
    },
    "upperarm_l": {
      "name": "upperarm_l",
      "local": {
        "location": {
          "x": 0.0,
          "y": 0.0,
          "z": 0.0
        },
        "rotation_quaternion": {
          "w": 0.9302089214324951,
          "x": -0.17376169562339783,
          "y": 0.28619763255119324,
          "z": -0.1503637135028839
        },
        "scale": {
          "x": 1.0,
          "y": 1.0,
          "z": 1.0
        },
        "matrix_basis": [
          [
            0.790963351726532,
            0.1802789568901062,
            0.5847020745277405,
            0.0
          ],
          [
            -0.37919971346855164,
            0.8943952322006226,
            0.23720188438892365,
            0.0
          ],
          [
            -0.48019227385520935,
            -0.4093368351459503,
            0.775795578956604,
            0.0
          ],
          [
            0.0,
            0.0,
            0.0,
            1.0
          ]
        ],
        "rotation_mode": "QUATERNION"
      },
      "armature_space": {
        "head": {
          "x": 0.12272073328495026,
          "y": -0.11340609937906265,
          "z": 0.490741103887558
        },
        "tail": {
          "x": 0.36427998542785645,
          "y": 0.0006525665521621704,
          "z": 0.46958985924720764
        }
      },
      "world_space": {
        "head": {
          "x": 0.12272073328495026,
          "y": -0.05016209930181503,
          "z": 1.4405951499938965
        },
        "tail": {
          "x": 0.36427998542785645,
          "y": 0.06389656662940979,
          "z": 1.4194438457489014
        },
        "rotation_quaternion": {
          "w": 0.3090096712112427,
          "x": 0.4796985983848572,
          "y": 0.7857063412666321,
          "z": -0.23888912796974182
        },
        "matrix": [
          [
            -0.348803848028183,
            0.9014432430267334,
            0.25639015436172485,
            0.12272073328495026
          ],
          [
            0.6061665415763855,
            0.4256405830383301,
            -0.6718573570251465,
            -0.05016209930181503
          ],
          [
            -0.7147758603096008,
            -0.0789315328001976,
            -0.6948953866958618,
            1.4405951499938965
          ],
          [
            0.0,
            0.0,
            0.0,
            1.0
          ]
        ]
      },
      "bone_length_armature_space": 0.26796945164176084,
      "parent": "spine_01",
      "has_children": true,
      "is_end_bone": false
    },
    "lowerarm_l": {
      "name": "lowerarm_l",
      "local": {
        "location": {
          "x": 0.0,
          "y": 0.0,
          "z": 0.0
        },
        "rotation_quaternion": {
          "w": 0.9276355504989624,
          "x": 0.18882183730602264,
          "y": -0.02751294896006584,
          "z": 0.32106345891952515
        },
        "scale": {
          "x": 1.0,
          "y": 1.0,
          "z": 1.0
        },
        "matrix_basis": [
          [
            0.79232257604599,
            -0.6060498356819153,
            0.07020360231399536,
            0.0
          ],
          [
            0.5852696895599365,
            0.7225291132926941,
            -0.36798250675201416,
            0.0
          ],
          [
            0.172291561961174,
            0.332648903131485,
            0.927178680896759,
            0.0
          ],
          [
            0.0,
            0.0,
            0.0,
            1.0
          ]
        ],
        "rotation_mode": "QUATERNION"
      },
      "armature_space": {
        "head": {
          "x": 0.364280104637146,
          "y": 0.0006524920463562012,
          "z": 0.4695899188518524
        },
        "tail": {
          "x": 0.6061047315597534,
          "y": -0.097151018679142,
          "z": 0.5289589762687683
        }
      },
      "world_space": {
        "head": {
          "x": 0.364280104637146,
          "y": 0.06389649212360382,
          "z": 1.419443964958191
        },
        "tail": {
          "x": 0.6061047315597534,
          "y": -0.03390701860189438,
          "z": 1.4788129329681396
        },
        "rotation_quaternion": {
          "w": 0.3409532904624939,
          "x": 0.7579959034919739,
          "y": 0.4482816159725189,
          "z": -0.3289935290813446
        },
        "matrix": [
          [
            0.3816128373146057,
            0.9039346575737,
            -0.1930634081363678,
            0.364280104637146
          ],
          [
            0.45524919033050537,
            -0.36558714509010315,
            -0.8118462562561035,
            0.06389649212360382
          ],
          [
            -0.8044430017471313,
            0.22192014753818512,
            -0.5510330200195312,
            1.419443964958191
          ],
          [
            0.0,
            0.0,
            0.0,
            1.0
          ]
        ]
      },
      "bone_length_armature_space": 0.2675245045968803,
      "parent": "upperarm_l",
      "has_children": true,
      "is_end_bone": false
    },
    "metacarpal_thumb_l": {
      "name": "metacarpal_thumb_l",
      "local": {
        "location": {
          "x": 0.0,
          "y": 0.0,
          "z": 0.0
        },
        "rotation_quaternion": {
          "w": 0.9974144101142883,
          "x": -0.06950247287750244,
          "y": -0.015402130782604218,
          "z": 0.009836239740252495
        },
        "scale": {
          "x": 1.0,
          "y": 1.0,
          "z": 1.0
        },
        "matrix_basis": [
          [
            0.999332070350647,
            -0.01748064160346985,
            -0.0320919007062912,
            0.0
          ],
          [
            0.021762587130069733,
            0.9901453256607056,
            0.13834254443645477,
            0.0
          ],
          [
            0.02935732901096344,
            -0.13894852995872498,
            0.9898643493652344,
            0.0
          ],
          [
            0.0,
            0.0,
            0.0,
            1.0
          ]
        ],
        "rotation_mode": "QUATERNION"
      },
      "armature_space": {
        "head": {
          "x": 0.6061047315597534,
          "y": -0.097151018679142,
          "z": 0.5289589762687683
        },
        "tail": {
          "x": 0.6367967128753662,
          "y": -0.13486631214618683,
          "z": 0.5195172429084778
        }
      },
      "world_space": {
        "head": {
          "x": 0.6061047315597534,
          "y": -0.03390701860189438,
          "z": 1.4788129329681396
        },
        "tail": {
          "x": 0.6367967128753662,
          "y": -0.07162231206893921,
          "z": 1.4693713188171387
        },
        "rotation_quaternion": {
          "w": 0.17305395007133484,
          "x": -0.9145185351371765,
          "y": -0.2989121973514557,
          "z": -0.21061784029006958
        },
        "matrix": [
          [
            0.7325831651687622,
            0.6196181178092957,
            0.28177085518836975,
            0.6061047315597534
          ],
          [
            0.473825603723526,
            -0.7614072561264038,
            0.4424344003200531,
            -0.03390701860189438
          ],
          [
            0.48868685960769653,
            -0.19061189889907837,
            -0.8513910174369812,
            1.4788129329681396
          ],
          [
            0.0,
            0.0,
            0.0,
            1.0
          ]
        ]
      },
      "bone_length_armature_space": 0.04953369945553508,
      "parent": "lowerarm_l",
      "has_children": true,
      "is_end_bone": false
    },
    "thumb_01_l": {
      "name": "thumb_01_l",
      "local": {
        "location": {
          "x": 0.0,
          "y": 0.0,
          "z": 0.0
        },
        "rotation_quaternion": {
          "w": 0.9864494800567627,
          "x": 0.16363032162189484,
          "y": -0.007896062918007374,
          "z": 0.008964012376964092
        },
        "scale": {
          "x": 1.0,
          "y": 1.0,
          "z": 1.0
        },
        "matrix_basis": [
          [
            0.9997146129608154,
            -0.020269161090254784,
            -0.012644565664231777,
            0.0
          ],
          [
            0.015101020224392414,
            0.9462895393371582,
            -0.32296764850616455,
            0.0
          ],
          [
            0.018511703237891197,
            0.32268452644348145,
            0.9463255405426025,
            0.0
          ],
          [
            0.0,
            0.0,
            0.0,
            1.0
          ]
        ],
        "rotation_mode": "QUATERNION"
      },
      "armature_space": {
        "head": {
          "x": 0.6367967128753662,
          "y": -0.13486631214618683,
          "z": 0.5195172429084778
        },
        "tail": {
          "x": 0.6624832153320312,
          "y": -0.1368495523929596,
          "z": 0.4972708225250244
        }
      },
      "world_space": {
        "head": {
          "x": 0.6367967128753662,
          "y": -0.07162231206893921,
          "z": 1.4693713188171387
        },
        "tail": {
          "x": 0.6624832153320312,
          "y": -0.07360555231571198,
          "z": 1.4471248388290405
        },
        "rotation_quaternion": {
          "w": 0.683404803276062,
          "x": -0.4247080683708191,
          "y": 0.06186132878065109,
          "z": -0.5905541181564331
        },
        "matrix": [
          [
            0.29483461380004883,
            0.7546283602714539,
            0.586181104183197,
            0.6367967128753662
          ],
          [
            -0.8597226738929749,
            -0.05826452374458313,
            0.5074269771575928,
            -0.07162231206893921
          ],
          [
            0.417074590921402,
            -0.6535652279853821,
            0.6315978765487671,
            1.4693713188171387
          ],
          [
            0.0,
            0.0,
            0.0,
            1.0
          ]
        ]
      },
      "bone_length_armature_space": 0.03403869703098636,
      "parent": "metacarpal_thumb_l",
      "has_children": true,
      "is_end_bone": false
    },
    "thumb_02_l": {
      "name": "thumb_02_l",
      "local": {
        "location": {
          "x": 0.0,
          "y": 0.0,
          "z": 0.0
        },
        "rotation_quaternion": {
          "w": 0.938523530960083,
          "x": 0.3451713025569916,
          "y": -0.004599638283252716,
          "z": 0.003025434911251068
        },
        "scale": {
          "x": 1.0,
          "y": 1.0,
          "z": 1.0
        },
        "matrix_basis": [
          [
            0.9999393820762634,
            -0.008854210376739502,
            -0.0065451511181890965,
            0.0
          ],
          [
            0.002503557363525033,
            0.7616952657699585,
            -0.6479306221008301,
            0.0
          ],
          [
            0.010722324252128601,
            0.6478749513626099,
            0.761671245098114,
            0.0
          ],
          [
            0.0,
            0.0,
            0.0,
            1.0
          ]
        ],
        "rotation_mode": "QUATERNION"
      },
      "armature_space": {
        "head": {
          "x": 0.6624831557273865,
          "y": -0.1368495523929596,
          "z": 0.4972708225250244
        },
        "tail": {
          "x": 0.6818302273750305,
          "y": -0.14386549592018127,
          "z": 0.5317623019218445
        }
      },
      "world_space": {
        "head": {
          "x": 0.6624831557273865,
          "y": -0.07360555231571198,
          "z": 1.4471248388290405
        },
        "tail": {
          "x": 0.6818302273750305,
          "y": -0.08062149584293365,
          "z": 1.4816162586212158
        },
        "rotation_quaternion": {
          "w": 0.5182340741157532,
          "x": 0.317677766084671,
          "y": -0.37959498167037964,
          "z": -0.6974395513534546
        },
        "matrix": [
          [
            -0.2610262334346771,
            0.4816969037055969,
            -0.8365603089332581,
            0.6624831557273865
          ],
          [
            -0.9640523195266724,
            -0.174680694937706,
            0.2002243548631668,
            -0.07360555231571198
          ],
          [
            -0.0496848039329052,
            0.8587578535079956,
            0.5099812746047974,
            1.4471248388290405
          ],
          [
            0.0,
            0.0,
            0.0,
            1.0
          ]
        ]
      },
      "bone_length_armature_space": 0.040164596390509594,
      "parent": "thumb_01_l",
      "has_children": true,
      "is_end_bone": false
    },
    "thumb_03_l": {
      "name": "thumb_03_l",
      "local": {
        "location": {
          "x": 0.0,
          "y": 0.0,
          "z": 0.0
        },
        "rotation_quaternion": {
          "w": 0.9767920970916748,
          "x": 0.21414586901664734,
          "y": -0.004311473108828068,
          "z": 0.0005168220959603786
        },
        "scale": {
          "x": 1.0,
          "y": 1.0,
          "z": 1.0
        },
        "matrix_basis": [
          [
            0.9999622702598572,
            -0.0028562238439917564,
            -0.008201475255191326,
            0.0
          ],
          [
            -0.0008369128336198628,
            0.9082825779914856,
            -0.41835644841194153,
            0.0
          ],
          [
            0.00864417664706707,
            0.4183475375175476,
            0.9082459211349487,
            0.0
          ],
          [
            0.0,
            0.0,
            0.0,
            1.0
          ]
        ],
        "rotation_mode": "QUATERNION"
      },
      "armature_space": {
        "head": {
          "x": 0.6818302273750305,
          "y": -0.14386555552482605,
          "z": 0.5317622423171997
        },
        "tail": {
          "x": 0.6772847771644592,
          "y": -0.1445809155702591,
          "z": 0.5618576407432556
        }
      },
      "world_space": {
        "head": {
          "x": 0.6818302273750305,
          "y": -0.08062155544757843,
          "z": 1.4816162586212158
        },
        "tail": {
          "x": 0.6772847771644592,
          "y": -0.08133691549301147,
          "z": 1.511711597442627
        },
        "rotation_quaternion": {
          "w": 0.49512040615081787,
          "x": 0.5765950679779053,
          "y": -0.49305853247642517,
          "z": -0.423423171043396
        },
        "matrix": [
          [
            0.15521161258220673,
            -0.1492999792098999,
            -0.9765341281890869,
            0.6818302273750305
          ],
          [
            -0.9878812432289124,
            -0.023497015237808228,
            -0.1534227728843689,
            -0.08062155544757843
          ],
          [
            -4.059355705976486e-05,
            0.9885199069976807,
            -0.15113887190818787,
            1.4816162586212158
          ],
          [
            0.0,
            0.0,
            0.0,
            1.0
          ]
        ]
      },
      "bone_length_armature_space": 0.0304451291693688,
      "parent": "thumb_02_l",
      "has_children": false,
      "is_end_bone": true
    },
    "metacarpal_index_l": {
      "name": "metacarpal_index_l",
      "local": {
        "location": {
          "x": 0.0,
          "y": 0.0,
          "z": 0.0
        },
        "rotation_quaternion": {
          "w": 0.9997876286506653,
          "x": -0.01095217652618885,
          "y": -0.01676258072257042,
          "z": -0.0048746406100690365
        },
        "scale": {
          "x": 1.0,
          "y": 1.0,
          "z": 1.0
        },
        "matrix_basis": [
          [
            0.9993904829025269,
            0.01011438388377428,
            -0.033411264419555664,
            0.0
          ],
          [
            -0.00938003696501255,
            0.9997125864028931,
            0.022063124924898148,
            0.0
          ],
          [
            0.03362481668591499,
            -0.021736277267336845,
            0.9991981387138367,
            0.0
          ],
          [
            0.0,
            0.0,
            0.0,
            1.0
          ]
        ],
        "rotation_mode": "QUATERNION"
      },
      "armature_space": {
        "head": {
          "x": 0.6061047315597534,
          "y": -0.097151018679142,
          "z": 0.5289589762687683
        },
        "tail": {
          "x": 0.702813982963562,
          "y": -0.1632460653781891,
          "z": 0.5317831635475159
        }
      },
      "world_space": {
        "head": {
          "x": 0.6061047315597534,
          "y": -0.03390701860189438,
          "z": 1.4788129329681396
        },
        "tail": {
          "x": 0.702813982963562,
          "y": -0.10000206530094147,
          "z": 1.4816372394561768
        },
        "rotation_quaternion": {
          "w": 0.01626492105424404,
          "x": 0.8843180537223816,
          "y": 0.4665748178958893,
          "z": -0.004997600335627794
        },
        "matrix": [
          [
            0.5645658373832703,
            0.8253634572029114,
            0.006338655017316341,
            0.6061047315597534
          ],
          [
            0.8250384330749512,
            -0.5640869140625,
            -0.033430714160203934,
            -0.03390701860189438
          ],
          [
            -0.024016477167606354,
            0.02410297840833664,
            -0.9994282722473145,
            1.4788129329681396
          ],
          [
            0.0,
            0.0,
            0.0,
            1.0
          ]
        ]
      },
      "bone_length_armature_space": 0.11717171443944246,
      "parent": "lowerarm_l",
      "has_children": true,
      "is_end_bone": false
    },
    "index_01_l": {
      "name": "index_01_l",
      "local": {
        "location": {
          "x": 0.0,
          "y": 0.0,
          "z": 0.0
        },
        "rotation_quaternion": {
          "w": 0.968833863735199,
          "x": 0.24709008634090424,
          "y": -0.0019025690853595734,
          "z": 0.017430255189538002
        },
        "scale": {
          "x": 1.0,
          "y": 1.0,
          "z": 1.0
        },
        "matrix_basis": [
          [
            0.9993851184844971,
            -0.03471425548195839,
            0.004927139729261398,
            0.0
          ],
          [
            0.032833829522132874,
            0.877285361289978,
            -0.4788448214530945,
            0.0
          ],
          [
            0.012300233356654644,
            0.47871217131614685,
            0.8778857588768005,
            0.0
          ],
          [
            0.0,
            0.0,
            0.0,
            1.0
          ]
        ],
        "rotation_mode": "QUATERNION"
      },
      "armature_space": {
        "head": {
          "x": 0.702813982963562,
          "y": -0.1632460653781891,
          "z": 0.5317831635475159
        },
        "tail": {
          "x": 0.7284867167472839,
          "y": -0.17086225748062134,
          "z": 0.5219864845275879
        }
      },
      "world_space": {
        "head": {
          "x": 0.702813982963562,
          "y": -0.10000206530094147,
          "z": 1.4816372394561768
        },
        "tail": {
          "x": 0.7284867167472839,
          "y": -0.10761825740337372,
          "z": 1.471840500831604
        },
        "rotation_quaternion": {
          "w": 0.1311279684305191,
          "x": -0.7874680161476135,
          "y": -0.5909781455993652,
          "z": 0.11595012992620468
        },
        "matrix": [
          [
            0.2745996415615082,
            0.9003440737724304,
            -0.3376021087169647,
            0.702813982963562
          ],
          [
            0.9611616730690002,
            -0.26710036396980286,
            0.06946791708469391,
            -0.10000206530094147
          ],
          [
            -0.02762800082564354,
            -0.3435690402984619,
            -0.9387287497520447,
            1.4816372394561768
          ],
          [
            0.0,
            0.0,
            0.0,
            1.0
          ]
        ]
      },
      "bone_length_armature_space": 0.02851439198135191,
      "parent": "metacarpal_index_l",
      "has_children": true,
      "is_end_bone": false
    },
    "index_02_l": {
      "name": "index_02_l",
      "local": {
        "location": {
          "x": 0.0,
          "y": 0.0,
          "z": 0.0
        },
        "rotation_quaternion": {
          "w": 0.9271923899650574,
          "x": 0.37439095973968506,
          "y": -0.011726876720786095,
          "z": 0.0028946460224688053
        },
        "scale": {
          "x": 1.0,
          "y": 1.0,
          "z": 1.0
        },
        "matrix_basis": [
          [
            0.9997081756591797,
            -0.014148660935461521,
            -0.019578682258725166,
            0.0
          ],
          [
            -0.003413085825741291,
            0.7196460366249084,
            -0.6943327784538269,
            0.0
          ],
          [
            0.02391359955072403,
            0.6941969990730286,
            0.7193877696990967,
            0.0
          ],
          [
            0.0,
            0.0,
            0.0,
            1.0
          ]
        ],
        "rotation_mode": "QUATERNION"
      },
      "armature_space": {
        "head": {
          "x": 0.7284868955612183,
          "y": -0.1708625853061676,
          "z": 0.5219860672950745
        },
        "tail": {
          "x": 0.7396544218063354,
          "y": -0.17568351328372955,
          "z": 0.49939972162246704
        }
      },
      "world_space": {
        "head": {
          "x": 0.7284868955612183,
          "y": -0.10761858522891998,
          "z": 1.4718401432037354
        },
        "tail": {
          "x": 0.7396544218063354,
          "y": -0.11243951320648193,
          "z": 1.449253797531128
        },
        "rotation_quaternion": {
          "w": 0.3753858208656311,
          "x": -0.6830101013183594,
          "y": -0.5148999094963074,
          "z": 0.3570164144039154
        },
        "matrix": [
          [
            0.2148321121931076,
            0.43532639741897583,
            -0.874264121055603,
            0.7284868955612183
          ],
          [
            0.9714020490646362,
            -0.18792621791362762,
            0.14512689411640167,
            -0.10761858522891998
          ],
          [
            -0.10111947357654572,
            -0.88044673204422,
            -0.46325284242630005,
            1.4718401432037354
          ],
          [
            0.0,
            0.0,
            0.0,
            1.0
          ]
        ]
      },
      "bone_length_armature_space": 0.025653420519338565,
      "parent": "index_01_l",
      "has_children": true,
      "is_end_bone": false
    },
    "index_03_l": {
      "name": "index_03_l",
      "local": {
        "location": {
          "x": 0.0,
          "y": 0.0,
          "z": 0.0
        },
        "rotation_quaternion": {
          "w": 0.9706658124923706,
          "x": 0.24038194119930267,
          "y": 0.004298175685107708,
          "z": 0.00245627760887146
        },
        "scale": {
          "x": 1.0,
          "y": 1.0,
          "z": 1.0
        },
        "matrix_basis": [
          [
            0.9999510049819946,
            -0.0027020417619496584,
            0.009525073692202568,
            0.0
          ],
          [
            0.006834857165813446,
            0.8844209909439087,
            -0.4666399359703064,
            0.0
          ],
          [
            -0.007163295056670904,
            0.46668216586112976,
            0.8843960762023926,
            0.0
          ],
          [
            0.0,
            0.0,
            0.0,
            1.0
          ]
        ],
        "rotation_mode": "QUATERNION"
      },
      "armature_space": {
        "head": {
          "x": 0.739654541015625,
          "y": -0.17568354308605194,
          "z": 0.4993998110294342
        },
        "tail": {
          "x": 0.7371044754981995,
          "y": -0.17487365007400513,
          "z": 0.4703036844730377
        }
      },
      "world_space": {
        "head": {
          "x": 0.739654541015625,
          "y": -0.11243954300880432,
          "z": 1.449253797531128
        },
        "tail": {
          "x": 0.7371044754981995,
          "y": -0.11162964999675751,
          "z": 1.4201576709747314
        },
        "rotation_quaternion": {
          "w": 0.5853573679924011,
          "x": -0.532038152217865,
          "y": -0.4137827455997467,
          "z": 0.450639545917511
        },
        "matrix": [
          [
            0.2514152526855469,
            -0.08727443218231201,
            -0.9639362692832947,
            0.739654541015625
          ],
          [
            0.967866837978363,
            0.027718111872673035,
            0.2499309629201889,
            -0.11243954300880432
          ],
          [
            0.004906797781586647,
            -0.9958058595657349,
            0.09143981337547302,
            1.449253797531128
          ],
          [
            0.0,
            0.0,
            0.0,
            1.0
          ]
        ]
      },
      "bone_length_armature_space": 0.02921888638168798,
      "parent": "index_02_l",
      "has_children": false,
      "is_end_bone": true
    },
    "metacarpal_pinky_l": {
      "name": "metacarpal_pinky_l",
      "local": {
        "location": {
          "x": 0.0,
          "y": 0.0,
          "z": 0.0
        },
        "rotation_quaternion": {
          "w": 0.9993982911109924,
          "x": 0.033462680876255035,
          "y": 0.007206098176538944,
          "z": -0.0056114718317985535
        },
        "scale": {
          "x": 1.0,
          "y": 1.0,
          "z": 1.0
        },
        "matrix_basis": [
          [
            0.9998331665992737,
            0.011698461137712002,
            0.0140279745683074,
            0.0
          ],
          [
            -0.010733920149505138,
            0.9976975321769714,
            -0.0669659674167633,
            0.0
          ],
          [
            -0.014779074117541313,
            0.06680421531200409,
            0.9976566433906555,
            0.0
          ],
          [
            0.0,
            0.0,
            0.0,
            1.0
          ]
        ],
        "rotation_mode": "QUATERNION"
      },
      "armature_space": {
        "head": {
          "x": 0.6061047315597534,
          "y": -0.097151018679142,
          "z": 0.5289589762687683
        },
        "tail": {
          "x": 0.6997556090354919,
          "y": -0.11306653171777725,
          "z": 0.5716139674186707
        }
      },
      "world_space": {
        "head": {
          "x": 0.6061047315597534,
          "y": -0.03390701860189438,
          "z": 1.4788129329681396
        },
        "tail": {
          "x": 0.6997556090354919,
          "y": -0.04982253164052963,
          "z": 1.521467924118042
        },
        "rotation_quaternion": {
          "w": 0.6420266628265381,
          "x": 0.4236994981765747,
          "y": 0.10668829828500748,
          "z": -0.6299986243247986
        },
        "matrix": [
          [
            0.18343627452850342,
            0.8993583917617798,
            -0.396869421005249,
            0.6061047315597534
          ],
          [
            -0.7185463309288025,
            -0.15284161269664764,
            -0.6784767508506775,
            -0.03390701860189438
          ],
          [
            -0.6708574891090393,
            0.40962910652160645,
            0.6181979775428772,
            1.4788129329681396
          ],
          [
            0.0,
            0.0,
            0.0,
            1.0
          ]
        ]
      },
      "bone_length_armature_space": 0.10413087506863403,
      "parent": "lowerarm_l",
      "has_children": true,
      "is_end_bone": false
    },
    "pinky_01_l": {
      "name": "pinky_01_l",
      "local": {
        "location": {
          "x": 0.0,
          "y": 0.0,
          "z": 0.0
        },
        "rotation_quaternion": {
          "w": 0.9472757577896118,
          "x": 0.32025250792503357,
          "y": 0.004632232710719109,
          "z": 0.009248115122318268
        },
        "scale": {
          "x": 1.0,
          "y": 1.0,
          "z": 1.0
        },
        "matrix_basis": [
          [
            0.9997860193252563,
            -0.01455406192690134,
            0.014699467457830906,
            0.0
          ],
          [
            0.02048799954354763,
            0.7947056293487549,
            -0.6066492199897766,
            0.0
          ],
          [
            -0.002852539299055934,
            0.6068205237388611,
            0.7948337197303772,
            0.0
          ],
          [
            0.0,
            0.0,
            0.0,
            1.0
          ]
        ],
        "rotation_mode": "QUATERNION"
      },
      "armature_space": {
        "head": {
          "x": 0.6997556090354919,
          "y": -0.11306653171777725,
          "z": 0.5716139674186707
        },
        "tail": {
