{
  "metadata": {
    "armature_name": "KIM_caucasian_male",
    "export_time": "2026-01-13T21:02:39.676435",
    "blender_version": "4.4.1",
    "bone_count": 56,
    "end_bone_count": 13,
    "spaces_included": [
      "LOCAL_CHANNELS",
      "ARMATURE_SPACE",
      "WORLD_SPACE"
    ],
    "note": "LOCAL matches Transform panel; replay pose via local.matrix_basis for best fidelity."
  },
  "bones": {
    "Root": {
      "name": "Root",
      "local": {
        "location": {
          "x": 0.0,
          "y": 0.0,
          "z": 0.0
        },
        "rotation_quaternion": {
          "w": 0.9994553327560425,
          "x": 0.01680641435086727,
          "y": -0.017226692289114,
          "z": 0.022578781470656395
        },
        "scale": {
          "x": 1.0,
          "y": 1.0,
          "z": 1.0
        },
        "matrix_basis": [
          [
            0.9983868598937988,
            -0.045712005347013474,
            -0.03367568179965019,
            0.0
          ],
          [
            0.04455392807722092,
            0.998415470123291,
            -0.03437243774533272,
            0.0
          ],
          [
            0.0351935550570488,
            0.032816603779792786,
            0.9988415837287903,
            0.0
          ],
          [
            0.0,
            0.0,
            0.0,
            1.0
          ]
        ],
        "rotation_mode": "QUATERNION"
      },
      "armature_space": {
        "head": {
          "x": 0.0,
          "y": 0.07072800397872925,
          "z": -0.009595036506652832
        },
        "tail": {
          "x": -0.003262734040617943,
          "y": -0.0002028048038482666,
          "z": -0.0023362739011645317
        }
      },
      "world_space": {
        "head": {
          "x": 0.0,
          "y": 0.13397200405597687,
          "z": 0.9402589797973633
        },
        "tail": {
          "x": -0.003262734040617943,
          "y": 0.06304119527339935,
          "z": 0.9475177526473999
        },
        "rotation_quaternion": {
          "w": 0.05056272819638252,
          "x": 0.9983170032501221,
          "y": -0.02368801459670067,
          "z": -0.015666475519537926
        },
        "matrix": [
          [
            0.9983868598937988,
            -0.045712005347013474,
            -0.03367568179965019,
            0.0
          ],
          [
            -0.048880577087402344,
            -0.9937645196914673,
            -0.10021351277828217,
            0.13397200405597687
          ],
          [
            -0.02888498641550541,
            0.10169771313667297,
            -0.9944029450416565,
            0.9402589797973633
          ],
          [
            0.0,
            0.0,
            0.0,
            1.0
          ]
        ]
      },
      "bone_length_armature_space": 0.07137586919372543,
      "parent": null,
      "has_children": true,
      "is_end_bone": false
    },
    "spine_01": {
      "name": "spine_01",
      "local": {
        "location": {
          "x": 0.0,
          "y": 0.0,
          "z": 0.0
        },
        "rotation_quaternion": {
          "w": 0.9981604218482971,
          "x": -0.04095926135778427,
          "y": -0.04372556135058403,
          "z": -0.009286479093134403
        },
        "scale": {
          "x": 1.0,
          "y": 1.0,
          "z": 1.0
        },
        "matrix_basis": [
          [
            0.9960036873817444,
            0.022120725363492966,
            -0.08652951568365097,
            0.0
          ],
          [
            -0.01495685800909996,
            0.996472179889679,
            0.08257994055747986,
            0.0
          ],
          [
            0.08805098384618759,
            -0.08095571398735046,
            0.9928207993507385,
            0.0
          ],
          [
            0.0,
            0.0,
            0.0,
            1.0
          ]
        ],
        "rotation_mode": "QUATERNION"
      },
      "armature_space": {
        "head": {
          "x": -0.003262734040617943,
          "y": -0.0002028048038482666,
          "z": -0.0023362739011645317
        },
        "tail": {
          "x": 0.023787615820765495,
          "y": 0.044757865369319916,
          "z": 0.48283931612968445
        }
      },
      "world_space": {
        "head": {
          "x": -0.003262734040617943,
          "y": 0.06304119527339935,
          "z": 0.9475177526473999
        },
        "tail": {
          "x": 0.023787615820765495,
          "y": 0.10800186544656754,
          "z": 1.432693362236023
        },
        "rotation_quaternion": {
          "w": 0.7383396625518799,
          "x": 0.6705946326255798,
          "y": -0.030338173732161522,
          "z": -0.065092071890831
        },
        "matrix": [
          [
            0.9896851181983948,
            0.055430904030799866,
            -0.1321008801460266,
            -0.003262734040617943
          ],
          [
            -0.13680972158908844,
            0.09213229268789291,
            -0.9863035678863525,
            0.06304119527339935
          ],
          [
            -0.04250136762857437,
            0.9942097663879395,
            0.09876523911952972,
            0.9475177526473999
          ],
          [
            0.0,
            0.0,
            0.0,
            1.0
          ]
        ]
      },
      "bone_length_armature_space": 0.488004636733773,
      "parent": "Root",
      "has_children": true,
      "is_end_bone": false
    },
    "neck_01": {
      "name": "neck_01",
      "local": {
        "location": {
          "x": 0.0,
          "y": 0.0,
          "z": 0.0
        },
        "rotation_quaternion": {
          "w": 0.9884523153305054,
          "x": -0.07366637140512466,
          "y": -0.1125987097620964,
          "z": -0.06969141960144043
        },
        "scale": {
          "x": 1.0,
          "y": 1.0,
          "z": 1.0
        },
        "matrix_basis": [
          [
            0.9649292826652527,
            0.1543627679347992,
            -0.21232908964157104,
            0.0
          ],
          [
            -0.12118381261825562,
            0.9794327616691589,
            0.16132572293281555,
            0.0
          ],
          [
            0.23286473751068115,
            -0.1299370676279068,
            0.9637895822525024,
            0.0
          ],
          [
            0.0,
            0.0,
            0.0,
            1.0
          ]
        ],
        "rotation_mode": "QUATERNION"
      },
      "armature_space": {
        "head": {
          "x": 0.023264864459633827,
          "y": 0.017298206686973572,
          "z": 0.5590590834617615
        },
        "tail": {
          "x": 0.04096389189362526,
          "y": -0.0013428926467895508,
          "z": 0.6583063006401062
        }
      },
      "world_space": {
        "head": {
          "x": 0.023264864459633827,
          "y": 0.08054220676422119,
          "z": 1.5089130401611328
        },
        "tail": {
          "x": 0.04096389189362526,
          "y": 0.06190110743045807,
          "z": 1.6081602573394775
        },
        "rotation_quaternion": {
          "w": 0.6377040147781372,
          "x": 0.744146466255188,
          "y": -0.0491972379386425,
          "z": -0.19276781380176544
        },
        "matrix": [
          [
            0.920840859413147,
            0.17263749241828918,
            -0.3496403396129608,
            0.023264864459633827
          ],
          [
            -0.3190763592720032,
            -0.18182653188705444,
            -0.9301233887672424,
            0.08054220676422119
          ],
          [
            -0.2241499125957489,
            0.9680640697479248,
            -0.1123504489660263,
            1.5089130401611328
          ],
          [
            0.0,
            0.0,
            0.0,
            1.0
          ]
        ]
      },
      "bone_length_armature_space": 0.10252198023082154,
      "parent": "spine_01",
      "has_children": true,
      "is_end_bone": false
    },
    "head": {
      "name": "head",
      "local": {
        "location": {
          "x": 0.0,
          "y": 0.0,
          "z": 0.0
        },
        "rotation_quaternion": {
          "w": 0.990877628326416,
          "x": -0.0871395543217659,
          "y": 0.07981691509485245,
          "z": -0.06478923559188843
        },
        "scale": {
          "x": 1.0,
          "y": 1.0,
          "z": 1.0
        },
        "matrix_basis": [
          [
            0.9788632392883301,
            0.11448598653078079,
            0.16946899890899658,
            0.0
          ],
          [
            -0.1423068344593048,
            0.9764180779457092,
            0.1623467206954956,
            0.0
          ],
          [
            -0.1468861848115921,
            -0.18303182721138,
            0.9720719456672668,
            0.0
          ],
          [
            0.0,
            0.0,
            0.0,
            1.0
          ]
        ],
        "rotation_mode": "QUATERNION"
      },
      "armature_space": {
        "head": {
          "x": 0.04096382483839989,
          "y": -0.0013430248945951462,
          "z": 0.6583062410354614
        },
        "tail": {
          "x": 0.10829152166843414,
          "y": 0.044675178825855255,
          "z": 0.7902249097824097
        }
      },
      "world_space": {
        "head": {
          "x": 0.04096382483839989,
          "y": 0.061900973320007324,
          "z": 1.6081602573394775
        },
        "tail": {
          "x": 0.10829152166843414,
          "y": 0.10791917890310287,
          "z": 1.7400789260864258
        },
        "rotation_quaternion": {
          "w": 0.7984676361083984,
          "x": 0.5585635900497437,
          "y": 0.10396532714366913,
          "z": -0.19911688566207886
        },
        "matrix": [
          [
            0.8990870714187622,
            0.4341195821762085,
            -0.056414902210235596,
            0.04096382483839989
          ],
          [
            -0.20183654129505157,
            0.296718955039978,
            -0.9333916902542114,
            0.061900973320007324
          ],
          [
            -0.38846707344055176,
            0.8505932092666626,
            0.3543989062309265,
            1.6081602573394775
          ],
          [
            0.0,
            0.0,
            0.0,
            1.0
          ]
        ]
      },
      "bone_length_armature_space": 0.15509103461852922,
      "parent": "neck_01",
      "has_children": false,
      "is_end_bone": true
    },
    "upperarm_l": {
      "name": "upperarm_l",
      "local": {
        "location": {
          "x": 0.0,
          "y": 0.0,
          "z": 0.0
        },
        "rotation_quaternion": {
          "w": 0.8849406242370605,
          "x": 0.017831765115261078,
          "y": 0.4408807158470154,
          "z": 0.14895135164260864
        },
        "scale": {
          "x": 1.0,
          "y": 1.0,
          "z": 1.0
        },
        "matrix_basis": [
          [
            0.5668753981590271,
            -0.24790284037590027,
            0.7856186628341675,
            0.0
          ],
          [
            0.27934956550598145,
            0.9549910426139832,
            0.09977944940328598,
            0.0
          ],
          [
            -0.7749943733215332,
            0.1628996580839157,
            0.6106124520301819,
            0.0
          ],
          [
            0.0,
            0.0,
            0.0,
            1.0
          ]
        ],
        "rotation_mode": "QUATERNION"
      },
      "armature_space": {
        "head": {
          "x": 0.16757096350193024,
          "y": -0.012560699135065079,
          "z": 0.48618021607398987
        },
        "tail": {
          "x": 0.4224185347557068,
          "y": -0.07716947793960571,
          "z": 0.538007378578186
        }
      },
      "world_space": {
        "head": {
          "x": 0.16757096350193024,
          "y": 0.05068330094218254,
          "z": 1.4360342025756836
        },
        "tail": {
          "x": 0.4224185347557068,
          "y": -0.013925477862358093,
          "z": 1.4878613948822021
        },
        "rotation_quaternion": {
          "w": 0.2842232882976532,
          "x": 0.7573010921478271,
          "y": 0.5465011596679688,
          "z": -0.21690739691257477
        },
        "matrix": [
          [
            0.3085744380950928,
            0.951032280921936,
            -0.01786932349205017,
            0.16757096350193024
          ],
          [
            0.7044322490692139,
            -0.24110502004623413,
            -0.6675657033920288,
            0.05068330094218254
          ],
          [
            -0.6391887664794922,
            0.1934070736169815,
            -0.7443424463272095,
            1.4360342025756836
          ],
          [
            0.0,
            0.0,
            0.0,
            1.0
          ]
        ]
      },
      "bone_length_armature_space": 0.26796947917408065,
      "parent": "spine_01",
      "has_children": true,
      "is_end_bone": false
    },
    "lowerarm_l": {
      "name": "lowerarm_l",
      "local": {
        "location": {
          "x": 0.0,
          "y": 0.0,
          "z": 0.0
        },
        "rotation_quaternion": {
          "w": 0.9273057579994202,
          "x": 0.32100653648376465,
          "y": -0.16740356385707855,
          "z": 0.09505275636911392
        },
        "scale": {
          "x": 1.0,
          "y": 1.0,
          "z": 1.0
        },
        "matrix_basis": [
          [
            0.9258820414543152,
            -0.283761203289032,
            -0.24944347143173218,
            0.0
          ],
          [
            0.06881065666675568,
            0.7758395671844482,
            -0.627166748046875,
            0.0
          ],
          [
            0.37149369716644287,
            0.5635181069374084,
            0.737861692905426,
            0.0
          ],
          [
            0.0,
            0.0,
            0.0,
            1.0
          ]
        ],
        "rotation_mode": "QUATERNION"
      },
      "armature_space": {
        "head": {
          "x": 0.42241859436035156,
          "y": -0.07716961205005646,
          "z": 0.5380074381828308
        },
        "tail": {
          "x": 0.5593346953392029,
          "y": -0.30656757950782776,
          "z": 0.523868203163147
        }
      },
      "world_space": {
        "head": {
          "x": 0.42241859436035156,
          "y": -0.013925611972808838,
          "z": 1.4878613948822021
        },
        "tail": {
          "x": 0.5593346953392029,
          "y": -0.24332357943058014,
          "z": 1.473722219467163
        },
        "rotation_quaternion": {
          "w": 0.12333405017852783,
          "x": 0.8044253587722778,
          "y": 0.23674121499061584,
          "z": -0.5306998491287231
        },
        "matrix": [
          [
            0.3246220648288727,
            0.511789083480835,
            -0.7954195737838745,
            0.42241859436035156
          ],
          [
            0.24997460842132568,
            -0.8574840426445007,
            -0.4497045874595642,
            -0.013925611972808838
          ],
          [
            -0.9122196435928345,
            -0.05285200476646423,
            -0.4062957167625427,
            1.4878613948822021
          ],
          [
            0.0,
            0.0,
            0.0,
            1.0
          ]
        ]
      },
      "bone_length_armature_space": 0.2675245124841117,
      "parent": "upperarm_l",
      "has_children": true,
      "is_end_bone": false
    },
    "metacarpal_thumb_l": {
      "name": "metacarpal_thumb_l",
      "local": {
        "location": {
          "x": 0.0,
          "y": 0.0,
          "z": 0.0
        },
        "rotation_quaternion": {
          "w": 0.9994589686393738,
          "x": 0.03137446567416191,
          "y": -0.009049755521118641,
          "z": -0.003957585897296667
        },
        "scale": {
          "x": 1.0,
          "y": 1.0,
          "z": 1.0
        },
        "matrix_basis": [
          [
            0.9998048543930054,
            0.00734302680939436,
            -0.018338052555918694,
            0.0
          ],
          [
            -0.008478752337396145,
            0.9979999661445618,
            -0.06264334917068481,
            0.0
          ],
          [
            0.017841383814811707,
            0.06278660893440247,
            0.9978674650192261,
            0.0
          ],
          [
            0.0,
            0.0,
            0.0,
            1.0
          ]
        ],
        "rotation_mode": "QUATERNION"
      },
      "armature_space": {
        "head": {
          "x": 0.5593346953392029,
          "y": -0.30656757950782776,
          "z": 0.523868203163147
        },
        "tail": {
          "x": 0.5602505803108215,
          "y": -0.34949588775634766,
          "z": 0.49917173385620117
        }
      },
      "world_space": {
        "head": {
          "x": 0.5593346953392029,
          "y": -0.24332357943058014,
          "z": 1.473722219467163
        },
        "tail": {
          "x": 0.5602505803108215,
          "y": -0.28625190258026123,
          "z": 1.4490257501602173
        },
        "rotation_quaternion": {
          "w": 0.25718116760253906,
          "x": -0.9583525061607361,
          "y": 0.02309412509202957,
          "z": -0.12200426310300827
        },
        "matrix": [
          [
            0.9691632390022278,
            0.018489625304937363,
            0.2457248717546463,
            0.5593346953392029
          ],
          [
            -0.1070188581943512,
            -0.8666493892669678,
            0.48730480670928955,
            -0.24332357943058014
          ],
          [
            0.22196872532367706,
            -0.4985794425010681,
            -0.8379514217376709,
            1.473722219467163
          ],
          [
            0.0,
            0.0,
            0.0,
            1.0
          ]
        ]
      },
      "bone_length_armature_space": 0.04953376702559546,
      "parent": "lowerarm_l",
      "has_children": true,
      "is_end_bone": false
    },
    "thumb_01_l": {
      "name": "thumb_01_l",
      "local": {
        "location": {
          "x": 0.0,
          "y": 0.0,
          "z": 0.0
        },
        "rotation_quaternion": {
          "w": 0.9998173713684082,
          "x": -0.013201937079429626,
          "y": 0.006993475370109081,
          "z": -0.01192014105618
        },
        "scale": {
          "x": 1.0,
          "y": 1.0,
          "z": 1.0
        },
        "matrix_basis": [
          [
            0.9996179938316345,
            0.023651273921132088,
            0.01429913379251957,
            0.0
          ],
          [
            -0.02402058243751526,
            0.9993672370910645,
            0.02623232640326023,
            0.0
          ],
          [
            -0.013669658452272415,
            -0.026565779000520706,
            0.9995536208152771,
            0.0
          ],
          [
            0.0,
            0.0,
            0.0,
            1.0
          ]
        ],
        "rotation_mode": "QUATERNION"
      },
      "armature_space": {
        "head": {
          "x": 0.5602505803108215,
          "y": -0.34949588775634766,
          "z": 0.49917173385620117
        },
        "tail": {
          "x": 0.5618569254875183,
          "y": -0.35688626766204834,
          "z": 0.4659837484359741
        }
      },
      "world_space": {
        "head": {
          "x": 0.5602505803108215,
          "y": -0.28625190258026123,
          "z": 1.4490257501602173
        },
        "tail": {
          "x": 0.5618569254875183,
          "y": -0.2936422824859619,
          "z": 1.4158377647399902
        },
        "rotation_quaternion": {
          "w": 0.4171657860279083,
          "x": -0.49143317341804504,
          "y": 0.46627673506736755,
          "z": -0.6058483123779297
        },
        "matrix": [
          [
            -0.16893278062343597,
            0.0471915565431118,
            0.9844972491264343,
            0.5602505803108215
          ],
          [
            -0.9637659192085266,
            -0.2171177864074707,
            -0.15496793389320374,
            -0.28625190258026123
          ],
          [
            0.20643915235996246,
            -0.9750112295150757,
            0.08216020464897156,
            1.4490257501602173
          ],
          [
            0.0,
            0.0,
            0.0,
            1.0
          ]
        ]
      },
      "bone_length_armature_space": 0.034038807839636656,
      "parent": "metacarpal_thumb_l",
      "has_children": true,
      "is_end_bone": false
    },
    "thumb_02_l": {
      "name": "thumb_02_l",
      "local": {
        "location": {
          "x": 0.0,
          "y": 0.0,
          "z": 0.0
        },
        "rotation_quaternion": {
          "w": 0.9949110150337219,
          "x": 0.10064467787742615,
          "y": -0.001270454260520637,
          "z": 0.004593797959387302
        },
        "scale": {
          "x": 1.0,
          "y": 1.0,
          "z": 1.0
        },
        "matrix_basis": [
          [
            0.9999545812606812,
            -0.00939656887203455,
            -0.0016032952116802335,
            0.0
          ],
          [
            0.008885111659765244,
            0.9796990752220154,
            -0.2002766728401184,
            0.0
          ],
          [
            0.0034526605159044266,
            0.20025332272052765,
            0.9797380566596985,
            0.0
          ],
          [
            0.0,
            0.0,
            0.0,
            1.0
          ]
        ],
        "rotation_mode": "QUATERNION"
      },
      "armature_space": {
        "head": {
          "x": 0.5618568658828735,
          "y": -0.35688623785972595,
          "z": 0.4659837484359741
        },
        "tail": {
          "x": 0.5848206877708435,
          "y": -0.38956230878829956,
          "z": 0.4617273807525635
        }
      },
      "world_space": {
        "head": {
          "x": 0.5618568658828735,
          "y": -0.29364222288131714,
          "z": 1.4158377647399902
        },
        "tail": {
          "x": 0.5848206877708435,
          "y": -0.32631832361221313,
          "z": 1.4115813970565796
        },
        "rotation_quaternion": {
          "w": 0.3045934736728668,
          "x": -0.1085357666015625,
          "y": 0.021063391119241714,
          "z": -0.9460439682006836
        },
        "matrix": [
          [
            -0.7908855676651001,
            0.5717455148696899,
            0.21819081902503967,
            0.5618568658828735
          ],
          [
            -0.5808899402618408,
            -0.8135582208633423,
            0.026265844702720642,
            -0.29364222288131714
          ],
          [
            0.19252915680408478,
            -0.1059732586145401,
            0.9755595326423645,
            1.4158377647399902
          ],
          [
            0.0,
            0.0,
            0.0,
            1.0
          ]
        ]
      },
      "bone_length_armature_space": 0.04016440454848434,
      "parent": "thumb_01_l",
      "has_children": true,
      "is_end_bone": false
    },
    "thumb_03_l": {
      "name": "thumb_03_l",
      "local": {
        "location": {
          "x": 0.0,
          "y": 0.0,
          "z": 0.0
        },
        "rotation_quaternion": {
          "w": 0.9969134330749512,
          "x": 0.07794686406850815,
          "y": -0.009383869357407093,
          "z": -0.0001394861174048856
        },
        "scale": {
          "x": 1.0,
          "y": 1.0,
          "z": 1.0
        },
        "matrix_basis": [
          [
            0.9998238682746887,
            -0.001184775261208415,
            -0.018731554970145226,
            0.0
          ],
          [
            -0.0017409975407645106,
            0.9878485202789307,
            -0.15540993213653564,
            0.0
          ],
          [
            0.01868806593120098,
            0.15541516244411469,
            0.9876724481582642,
            0.0
          ],
          [
            0.0,
            0.0,
            0.0,
            1.0
          ]
        ],
        "rotation_mode": "QUATERNION"
      },
      "armature_space": {
        "head": {
          "x": 0.5848206281661987,
          "y": -0.38956230878829956,
          "z": 0.4617273509502411
        },
        "tail": {
          "x": 0.6057400107383728,
          "y": -0.4099401831626892,
          "z": 0.47033044695854187
        }
      },
      "world_space": {
        "head": {
          "x": 0.5848206281661987,
          "y": -0.32631832361221313,
          "z": 1.4115813970565796
        },
        "tail": {
          "x": 0.6057400107383728,
          "y": -0.3466961979866028,
          "z": 1.4201844930648804
        },
        "rotation_quaternion": {
          "w": 0.3944401443004608,
          "x": 0.13190549612045288,
          "y": -0.09873615205287933,
          "z": -0.904029369354248
        },
        "matrix": [
          [
            -0.6540356278419495,
            0.6871235370635986,
            -0.3163839280605316,
            0.5848206281661987
          ],
          [
            -0.7392188310623169,
            -0.6693360805511475,
            0.07446269690990448,
            -0.32631832361221313
          ],
          [
            -0.16060394048690796,
            0.2825794219970703,
            0.9457111358642578,
            1.4115813970565796
          ],
          [
            0.0,
            0.0,
            0.0,
            1.0
          ]
        ]
      },
      "bone_length_armature_space": 0.030444894184609335,
      "parent": "thumb_02_l",
      "has_children": false,
      "is_end_bone": true
    },
    "metacarpal_index_l": {
      "name": "metacarpal_index_l",
      "local": {
        "location": {
          "x": 0.0,
          "y": 0.0,
          "z": 0.0
        },
        "rotation_quaternion": {
          "w": 0.9989809989929199,
          "x": -0.0443161204457283,
          "y": 0.006507727317512035,
          "z": 0.0055488357320427895
        },
        "scale": {
          "x": 1.0,
          "y": 1.0,
          "z": 1.0
        },
        "matrix_basis": [
          [
            0.9998537302017212,
            -0.011663157492876053,
            0.012510386295616627,
            0.0
          ],
          [
            0.010509568266570568,
            0.9960106015205383,
            0.08861414343118668,
            0.0
          ],
          [
            -0.013493997976183891,
            -0.08846970647573471,
            0.9959874749183655,
            0.0
          ],
          [
            0.0,
            0.0,
            0.0,
            1.0
          ]
        ],
        "rotation_mode": "QUATERNION"
      },
      "armature_space": {
        "head": {
          "x": 0.5593346953392029,
          "y": -0.30656757950782776,
          "z": 0.523868203163147
        },
        "tail": {
          "x": 0.5913743376731873,
          "y": -0.41819366812705994,
          "z": 0.5083020329475403
        }
      },
      "world_space": {
        "head": {
          "x": 0.5593346953392029,
          "y": -0.24332357943058014,
          "z": 1.473722219467163
        },
        "tail": {
          "x": 0.5913743376731873,
          "y": -0.3549496531486511,
          "z": 1.4581561088562012
        },
        "rotation_quaternion": {
          "w": 0.05026762932538986,
          "x": -0.9810649752616882,
          "y": -0.14538894593715668,
          "z": 0.11767219007015228
        },
        "matrix": [
          [
            0.9300305247306824,
            0.2734418213367462,
            -0.24550487101078033,
            0.5593346953392029
          ],
          [
            0.2971023619174957,
            -0.952670693397522,
            0.0644143745303154,
            -0.24332357943058014
          ],
          [
            -0.21627303957939148,
            -0.1328493356704712,
            -0.9672597050666809,
            1.473722219467163
          ],
          [
            0.0,
            0.0,
            0.0,
            1.0
          ]
        ]
      },
      "bone_length_armature_space": 0.11717178803157688,
      "parent": "lowerarm_l",
      "has_children": true,
      "is_end_bone": false
    },
    "index_01_l": {
      "name": "index_01_l",
      "local": {
        "location": {
          "x": 0.0,
          "y": 0.0,
          "z": 0.0
        },
        "rotation_quaternion": {
          "w": 0.9903663396835327,
          "x": -0.1375623643398285,
          "y": -0.01372548472136259,
          "z": 0.007921356707811356
        },
        "scale": {
          "x": 1.0,
          "y": 1.0,
          "z": 1.0
        },
        "matrix_basis": [
          [
            0.9994977116584778,
            -0.01191386952996254,
            -0.02936587668955326,
            0.0
          ],
          [
            0.019466310739517212,
            0.9620276689529419,
            0.2722568213939667,
            0.0
          ],
          [
            0.025007154792547226,
            -0.2726917266845703,
            0.9617764353752136,
            0.0
          ],
          [
            0.0,
            0.0,
            0.0,
            1.0
          ]
        ],
        "rotation_mode": "QUATERNION"
      },
      "armature_space": {
        "head": {
          "x": 0.5913743376731873,
          "y": -0.41819366812705994,
          "z": 0.5083020329475403
        },
        "tail": {
          "x": 0.6089824438095093,
          "y": -0.43985167145729065,
          "z": 0.514129102230072
        }
      },
      "world_space": {
        "head": {
          "x": 0.5913743376731873,
          "y": -0.3549496531486511,
          "z": 1.4581561088562012
        },
        "tail": {
          "x": 0.6089824438095093,
          "y": -0.37660765647888184,
          "z": 1.4639830589294434
        },
        "rotation_quaternion": {
          "w": 0.12580278515815735,
          "x": 0.9367088675498962,
          "y": 0.32311031222343445,
          "z": -0.04847615584731102
        },
        "matrix": [
          [
            0.786499559879303,
            0.6175172924995422,
            -0.009519219398498535,
            0.5913743376731873
          ],
          [
            0.5931240320205688,
            -0.75954669713974,
            -0.2670080363750458,
            -0.3549496531486511
          ],
          [
            -0.1721130609512329,
            0.20435620844364166,
            -0.9636545181274414,
            1.4581561088562012
          ],
          [
            0.0,
            0.0,
            0.0,
            1.0
          ]
        ]
      },
      "bone_length_armature_space": 0.028514369271399477,
      "parent": "metacarpal_index_l",
      "has_children": true,
      "is_end_bone": false
    },
    "index_02_l": {
      "name": "index_02_l",
      "local": {
        "location": {
          "x": 0.0,
          "y": 0.0,
          "z": 0.0
        },
        "rotation_quaternion": {
          "w": 0.999615490436554,
          "x": 0.02646406926214695,
          "y": 0.004465633537620306,
          "z": -0.006968595087528229
        },
        "scale": {
          "x": 1.0,
          "y": 1.0,
          "z": 1.0
        },
        "matrix_basis": [
          [
            0.9998629689216614,
            0.014168188907206059,
            0.008558997884392738,
            0.0
          ],
          [
            -0.013695473782718182,
            0.9985021948814392,
            -0.052970025688409805,
            0.0
          ],
          [
            -0.009296667762100697,
            0.052845548838377,
            0.9985594153404236,
            0.0
          ],
          [
            0.0,
            0.0,
            0.0,
            1.0
          ]
        ],
        "rotation_mode": "QUATERNION"
      },
      "armature_space": {
        "head": {
          "x": 0.608982503414154,
          "y": -0.43985217809677124,
          "z": 0.5141289234161377
        },
        "tail": {
          "x": 0.6256449222564697,
          "y": -0.4588121473789215,
          "z": 0.5187087059020996
        }
      },
      "world_space": {
        "head": {
          "x": 0.608982503414154,
          "y": -0.3766081929206848,
          "z": 1.4639829397201538
        },
        "tail": {
          "x": 0.6256449222564697,
          "y": -0.3955681324005127,
          "z": 1.4685627222061157
        },
        "rotation_quaternion": {
          "w": 0.1255960464477539,
          "x": 0.9289726614952087,
          "y": 0.33864855766296387,
          "z": -0.08094895631074905
        },
        "matrix": [
          [
            0.7575288414955139,
            0.6495240330696106,
            -0.0653323233127594,
            0.608982503414154
          ],
          [
            0.6088569760322571,
            -0.7390854358673096,
            -0.2881777584552765,
            -0.3766081929206848
          ],
          [
            -0.2354656159877777,
            0.17852528393268585,
            -0.9553528428077698,
            1.4639829397201538
          ],
          [
            0.0,
            0.0,
            0.0,
            1.0
          ]
        ]
      },
      "bone_length_armature_space": 0.025653285300647866,
      "parent": "index_01_l",
      "has_children": true,
      "is_end_bone": false
    },
    "index_03_l": {
      "name": "index_03_l",
      "local": {
        "location": {
          "x": 0.0,
          "y": 0.0,
          "z": 0.0
        },
        "rotation_quaternion": {
          "w": 0.9994104504585266,
          "x": 0.03388378769159317,
          "y": -0.004921273328363895,
          "z": -0.0025460522156208754
        },
        "scale": {
          "x": 1.0,
          "y": 1.0,
          "z": 1.0
        },
        "matrix_basis": [
          [
            0.9999386072158813,
            0.004755599424242973,
            -0.010009284131228924,
            0.0
          ],
          [
            -0.005422605201601982,
            0.9976907968521118,
            -0.06770256161689758,
            0.0
          ],
          [
            0.009664203971624374,
            0.06775268167257309,
            0.9976553320884705,
            0.0
          ],
          [
            0.0,
            0.0,
            0.0,
            1.0
          ]
        ],
        "rotation_mode": "QUATERNION"
      },
      "armature_space": {
        "head": {
          "x": 0.625644862651825,
          "y": -0.4588121175765991,
          "z": 0.5187088251113892
        },
        "tail": {
          "x": 0.6462118625640869,
          "y": -0.4795657992362976,
          "z": 0.5188283920288086
        }
      },
      "world_space": {
        "head": {
          "x": 0.625644862651825,
          "y": -0.3955681324005127,
          "z": 1.4685628414154053
        },
        "tail": {
          "x": 0.6462118625640869,
          "y": -0.4163218140602112,
          "z": 1.4686824083328247
        },
        "rotation_quaternion": {
          "w": 0.0376485213637352,
          "x": 0.9207208156585693,
          "y": 0.37873271107673645,
          "z": -0.08612373471260071
        },
        "matrix": [
          [
            0.6982884407043457,
            0.7038989067077637,
            -0.1300741732120514,
            0.625644862651825
          ],
          [
            0.6909294724464417,
            -0.7102882266044617,
            -0.13456428050994873,
            -0.3955681324005127
          ],
          [
            -0.18711040914058685,
            0.0040917545557022095,
            -0.9823375940322876,
            1.4685628414154053
          ],
          [
            0.0,
            0.0,
            0.0,
            1.0
          ]
        ]
      },
      "bone_length_armature_space": 0.0292186767392516,
      "parent": "index_02_l",
      "has_children": false,
      "is_end_bone": true
    },
    "metacarpal_pinky_l": {
      "name": "metacarpal_pinky_l",
      "local": {
        "location": {
          "x": 0.0,
          "y": 0.0,
          "z": 0.0
        },
        "rotation_quaternion": {
          "w": 0.9996327757835388,
          "x": -0.02539241500198841,
          "y": 0.008761296980082989,
          "z": -0.0035773124545812607
        },
        "scale": {
          "x": 1.0,
          "y": 1.0,
          "z": 1.0
        },
        "matrix_basis": [
          [
            0.99982088804245,
            0.006707056425511837,
            0.017697831615805626,
            0.0
          ],
          [
            -0.007596938405185938,
            0.9986848831176758,
            0.0507034957408905,
            0.0
          ],
          [
            -0.017334485426545143,
            -0.05082886293530464,
            0.998556911945343,
            0.0
          ],
          [
            0.0,
            0.0,
            0.0,
            1.0
          ]
        ],
        "rotation_mode": "QUATERNION"
      },
      "armature_space": {
        "head": {
          "x": 0.5593346953392029,
          "y": -0.30656757950782776,
          "z": 0.523868203163147
        },
        "tail": {
          "x": 0.6374896764755249,
          "y": -0.37533116340637207,
          "z": 0.5264347195625305
        }
      },
      "world_space": {
        "head": {
          "x": 0.5593346953392029,
          "y": -0.24332357943058014,
          "z": 1.473722219467163
        },
        "tail": {
          "x": 0.6374896764755249,
          "y": -0.31208717823028564,
          "z": 1.4762887954711914
        },
        "rotation_quaternion": {
          "w": 0.39055371284484863,
          "x": 0.31890225410461426,
          "y": 0.13148559629917145,
          "z": -0.853510856628418
        },
        "matrix": [
          [
            -0.49153807759284973,
            0.7505464553833008,
            -0.4416676163673401,
            0.5593346953392029
          ],
          [
            -0.5828223824501038,
            -0.6603578925132751,
            -0.4735463261604309,
            -0.24332357943058014
          ],
          [
            -0.6470822095870972,
            0.024647098034620285,
            0.7620310187339783,
            1.473722219467163
          ],
          [
            0.0,
            0.0,
            0.0,
            1.0
          ]
        ]
      },
      "bone_length_armature_space": 0.10413077610193125,
      "parent": "lowerarm_l",
      "has_children": true,
      "is_end_bone": false
    },
    "pinky_01_l": {
      "name": "pinky_01_l",
      "local": {
        "location": {
          "x": 0.0,
          "y": 0.0,
          "z": 0.0
        },
        "rotation_quaternion": {
          "w": 0.9953640103340149,
          "x": -0.09571944177150726,
          "y": -0.007015245966613293,
          "z": -0.006249505560845137
        },
        "scale": {
          "x": 1.0,
          "y": 1.0,
          "z": 1.0
        },
        "matrix_basis": [
          [
            0.9998234510421753,
            0.013784056529402733,
            -0.012769048102200031,
            0.0
          ],
          [
            -0.011098074726760387,
            0.9815974831581116,
            0.19063906371593475,
            0.0
          ],
          [
            0.015161844901740551,
            -0.19046369194984436,
            0.9815771579742432,
            0.0
          ],
          [
            0.0,
            0.0,
            0.0,
            1.0
          ]
        ],
        "rotation_mode": "QUATERNION"
      },
      "armature_space": {
        "head": {
          "x": 0.6374896764755249,
          "y": -0.37533116340637207,
          "z": 0.5264347195625305
        },
        "tail": {
