{
  "metadata": {
    "armature_name": "KIM_caucasian_male",
    "export_time": "2026-01-13T21:02:51.803842",
    "blender_version": "4.4.1",
    "bone_count": 56,
    "end_bone_count": 13,
    "spaces_included": [
      "LOCAL_CHANNELS",
      "ARMATURE_SPACE",
      "WORLD_SPACE"
    ],
    "note": "LOCAL matches Transform panel; replay pose via local.matrix_basis for best fidelity."
  },
  "bones": {
    "Root": {
      "name": "Root",
      "local": {
        "location": {
          "x": 0.0,
          "y": 0.0,
          "z": 0.0
        },
        "rotation_quaternion": {
          "w": 0.9997933506965637,
          "x": 0.006120389327406883,
          "y": -0.01825965754687786,
          "z": -0.0065247779712080956
        },
        "scale": {
          "x": 1.0,
          "y": 1.0,
          "z": 1.0
        },
        "matrix_basis": [
          [
            0.9992480278015137,
            0.012823347002267838,
            -0.03659163787961006,
            0.0
          ],
          [
            -0.013270371593534946,
            0.9998399615287781,
            -0.011999968439340591,
            0.0
          ],
          [
            0.03643190115690231,
            0.01247652992606163,
            0.999258279800415,
            0.0
          ],
          [
            0.0,
            0.0,
            0.0,
            1.0
          ]
        ],
        "rotation_mode": "QUATERNION"
      },
      "armature_space": {
        "head": {
          "x": 0.0,
          "y": 0.07072800397872925,
          "z": -0.009595036506652832
        },
        "tail": {
          "x": 0.0009152775164693594,
          "y": -0.00010839104652404785,
          "z": -0.0008839825168251991
        }
      },
      "world_space": {
        "head": {
          "x": 0.0,
          "y": 0.13397200405597687,
          "z": 0.9402589797973633
        },
        "tail": {
          "x": 0.0009152775164693594,
          "y": 0.06313560903072357,
          "z": 0.9489700198173523
        },
        "rotation_quaternion": {
          "w": 0.06124725192785263,
          "x": 0.9979343414306641,
          "y": 0.005279841832816601,
          "z": -0.0186577420681715
        },
        "matrix": [
          [
            0.9992480278015137,
            0.012823347002267838,
            -0.03659163787961006,
            0.0
          ],
          [
            0.00825238972902298,
            -0.9924417734146118,
            -0.122438944876194,
            0.13397200405597687
          ],
          [
            -0.037885405123233795,
            0.12204480171203613,
            -0.9918083548545837,
            0.9402589797973633
          ],
          [
            0.0,
            0.0,
            0.0,
            1.0
          ]
        ]
      },
      "bone_length_armature_space": 0.07137587030947547,
      "parent": null,
      "has_children": true,
      "is_end_bone": false
    },
    "spine_01": {
      "name": "spine_01",
      "local": {
        "location": {
          "x": 0.0,
          "y": 0.0,
          "z": 0.0
        },
        "rotation_quaternion": {
          "w": 0.9976198673248291,
          "x": 0.050011806190013885,
          "y": 0.016565872356295586,
          "z": -0.04448804259300232
        },
        "scale": {
          "x": 1.0,
          "y": 1.0,
          "z": 1.0
        },
        "matrix_basis": [
          [
            0.9954927563667297,
            0.09042128920555115,
            0.02860303223133087,
            0.0
          ],
          [
            -0.0871073305606842,
            0.9910392761230469,
            -0.1012595072388649,
            0.0
          ],
          [
            -0.03750274330377579,
            0.09831157326698303,
            0.9944487810134888,
            0.0
          ],
          [
            0.0,
            0.0,
            0.0,
            1.0
          ]
        ],
        "rotation_mode": "QUATERNION"
      },
      "armature_space": {
        "head": {
          "x": 0.0009152775164693594,
          "y": -0.00010839104652404785,
          "z": -0.0008839825168251991
        },
        "tail": {
          "x": 0.06363990157842636,
          "y": -0.030927278101444244,
          "z": 0.48209044337272644
        }
      },
      "world_space": {
        "head": {
          "x": 0.0009152775164693594,
          "y": 0.06313560903072357,
          "z": 0.9489700198173523
        },
        "tail": {
          "x": 0.06363990157842636,
          "y": 0.032316721975803375,
          "z": 1.431944489479065
        },
        "rotation_quaternion": {
          "w": 0.6818873882293701,
          "x": 0.7284132838249207,
          "y": 0.05876053124666214,
          "z": -0.0314786396920681
        },
        "matrix": [
          [
            0.9911125302314758,
            0.1285337507724762,
            0.034278079867362976,
            0.0009152775164693594
          ],
          [
            0.0426749661564827,
            -0.06315329670906067,
            -0.9970911145210266,
            0.06313560903072357
          ],
          [
            -0.1259959191083908,
            0.9896992444992065,
            -0.06807860732078552,
            0.9489700198173523
          ],
          [
            0.0,
            0.0,
            0.0,
            1.0
          ]
        ]
      },
      "bone_length_armature_space": 0.4880046051850424,
      "parent": "Root",
      "has_children": true,
      "is_end_bone": false
    },
    "neck_01": {
      "name": "neck_01",
      "local": {
        "location": {
          "x": 0.0,
          "y": 0.0,
          "z": 0.0
        },
        "rotation_quaternion": {
          "w": 0.9937341213226318,
          "x": 0.051260847598314285,
          "y": 0.005994462873786688,
          "z": 0.09914122521877289
        },
        "scale": {
          "x": 1.0,
          "y": 1.0,
          "z": 1.0
        },
        "matrix_basis": [
          [
            0.9802701473236084,
            -0.19642546772956848,
            0.022077931091189384,
            0.0
          ],
          [
            0.1976546049118042,
            0.9750866889953613,
            -0.10069070756435394,
            0.0
          ],
          [
            -0.0017496781656518579,
            0.10306790471076965,
            0.9946727752685547,
            0.0
          ],
          [
            0.0,
            0.0,
            0.0,
            1.0
          ]
        ],
        "rotation_mode": "QUATERNION"
      },
      "armature_space": {
        "head": {
          "x": 0.07423973083496094,
          "y": -0.07013082504272461,
          "z": 0.5521937012672424
        },
        "tail": {
          "x": 0.06726997345685959,
          "y": -0.12415903806686401,
          "z": 0.6390447020530701
        }
      },
      "world_space": {
        "head": {
          "x": 0.07423973083496094,
          "y": -0.00688682496547699,
          "z": 1.5020477771759033
        },
        "tail": {
          "x": 0.06726997345685959,
          "y": -0.060915037989616394,
          "z": 1.5888986587524414
        },
        "rotation_quaternion": {
          "w": 0.48524799942970276,
          "x": 0.8737000823020935,
          "y": -0.03219953551888466,
          "z": 0.012074167840182781
        },
        "matrix": [
          [
            0.9976347088813782,
            -0.06798345595598221,
            -0.010151421651244164,
            0.07423973083496094
          ],
          [
            -0.04454781487584114,
            -0.5269947648048401,
            -0.8487004637718201,
            -0.00688682496547699
          ],
          [
            0.052348196506500244,
            0.8471506834030151,
            -0.5287812948226929,
            1.5020477771759033
          ],
          [
            0.0,
            0.0,
            0.0,
            1.0
          ]
        ]
      },
      "bone_length_armature_space": 0.10252181071947296,
      "parent": "spine_01",
      "has_children": true,
      "is_end_bone": false
    },
    "head": {
      "name": "head",
      "local": {
        "location": {
          "x": 0.0,
          "y": 0.0,
          "z": 0.0
        },
        "rotation_quaternion": {
          "w": 0.9837676286697388,
          "x": 0.055860601365566254,
          "y": -0.100551076233387,
          "z": -0.13773278892040253
        },
        "scale": {
          "x": 1.0,
          "y": 1.0,
          "z": 1.0
        },
        "matrix_basis": [
          [
            0.9418383240699768,
            0.25976043939590454,
            -0.21322545409202576,
            0.0
          ],
          [
            -0.2822278141975403,
            0.9558185338973999,
            -0.08220934122800827,
            0.0
          ],
          [
            0.18245011568069458,
            0.13760606944561005,
            0.9735381603240967,
            0.0
          ],
          [
            0.0,
            0.0,
            0.0,
            1.0
          ]
        ],
        "rotation_mode": "QUATERNION"
      },
      "armature_space": {
        "head": {
          "x": 0.06726998090744019,
          "y": -0.12415912747383118,
          "z": 0.6390445828437805
        },
        "tail": {
          "x": 0.09771911054849625,
          "y": -0.17438098788261414,
          "z": 0.782585084438324
        }
      },
      "world_space": {
        "head": {
          "x": 0.06726998090744019,
          "y": -0.06091512739658356,
          "z": 1.5888986587524414
        },
        "tail": {
          "x": 0.09771911054849625,
          "y": -0.11113698780536652,
          "z": 1.7324390411376953
        },
        "rotation_quaternion": {
          "w": 0.5814031362533569,
          "x": 0.7980245351791382,
          "y": 0.007659001275897026,
          "z": -0.15833042562007904
        },
        "matrix": [
          [
            0.9497458338737488,
            0.19633173942565918,
            -0.2437959909439087,
            0.06726998090744019
          ],
          [
            -0.17188233137130737,
            -0.32382357120513916,
            -0.9303737282752991,
            -0.06091512739658356
          ],
          [
            -0.261610746383667,
            0.9255290627479553,
            -0.2738068401813507,
            1.5888986587524414
          ],
          [
            0.0,
            0.0,
            0.0,
            1.0
          ]
        ]
      },
      "bone_length_armature_space": 0.155091132762813,
      "parent": "neck_01",
      "has_children": false,
      "is_end_bone": true
    },
    "upperarm_l": {
      "name": "upperarm_l",
      "local": {
        "location": {
          "x": 0.0,
          "y": 0.0,
          "z": 0.0
        },
        "rotation_quaternion": {
          "w": 0.9283329844474792,
          "x": 0.2244628518819809,
          "y": 0.13543590903282166,
          "z": 0.263574481010437
        },
        "scale": {
          "x": 1.0,
          "y": 1.0,
          "z": 1.0
        },
        "matrix_basis": [
          [
            0.8243712186813354,
            -0.42856910824775696,
            0.3697845935821533,
            0.0
          ],
          [
            0.5501704216003418,
            0.7602898478507996,
            -0.34535762667655945,
            0.0
          ],
          [
            -0.1331338882446289,
            0.48814743757247925,
            0.8625470995903015,
            0.0
          ],
          [
            0.0,
            0.0,
            0.0,
            1.0
          ]
        ],
        "rotation_mode": "QUATERNION"
      },
      "armature_space": {
        "head": {
          "x": 0.2143774777650833,
          "y": -0.06266504526138306,
          "z": 0.46656179428100586
        },
        "tail": {
          "x": 0.44176816940307617,
          "y": -0.1854911744594574,
          "z": 0.537377655506134
        }
      },
      "world_space": {
        "head": {
          "x": 0.2143774777650833,
          "y": 0.000578954815864563,
          "z": 1.416415810585022
        },
        "tail": {
          "x": 0.44176816940307617,
          "y": -0.12224717438220978,
          "z": 1.487231731414795
        },
        "rotation_quaternion": {
          "w": 0.3713180422782898,
          "x": 0.7523941397666931,
          "y": 0.3646136522293091,
          "z": -0.40383514761924744
        },
        "matrix": [
          [
            0.4079475700855255,
            0.8485695123672485,
            -0.3369102478027344,
            0.2143774777650833
          ],
          [
            0.24876481294631958,
            -0.4583587646484375,
            -0.8532429337501526,
            0.000578954815864563
          ],
          [
            -0.8784677386283875,
            0.2642683684825897,
            -0.3980841338634491,
            1.416415810585022
          ],
          [
            0.0,
            0.0,
            0.0,
            1.0
          ]
        ]
      },
      "bone_length_armature_space": 0.26796953260958084,
      "parent": "spine_01",
      "has_children": true,
      "is_end_bone": false
    },
    "lowerarm_l": {
      "name": "lowerarm_l",
      "local": {
        "location": {
          "x": 0.0,
          "y": 0.0,
          "z": 0.0
        },
        "rotation_quaternion": {
          "w": 0.9853501319885254,
          "x": 0.026305701583623886,
          "y": -0.006781099829822779,
          "z": 0.16836638748645782
        },
        "scale": {
          "x": 1.0,
          "y": 1.0,
          "z": 1.0
        },
        "matrix_basis": [
          [
            0.9432135820388794,
            -0.3321564495563507,
            -0.004505523480474949,
            0.0
          ],
          [
            0.3314429223537445,
            0.9419215321540833,
            -0.054124072194099426,
            0.0
          ],
          [
            0.022221507504582405,
            0.04955723509192467,
            0.9985240697860718,
            0.0
          ],
          [
            0.0,
            0.0,
            0.0,
            1.0
          ]
        ],
        "rotation_mode": "QUATERNION"
      },
      "armature_space": {
        "head": {
          "x": 0.44176816940307617,
          "y": -0.18549129366874695,
          "z": 0.5373777151107788
        },
        "tail": {
          "x": 0.5943992137908936,
          "y": -0.3487541079521179,
          "z": 0.6844103932380676
        }
      },
      "world_space": {
        "head": {
          "x": 0.44176816940307617,
          "y": -0.12224729359149933,
          "z": 1.487231731414795
        },
        "tail": {
          "x": 0.5943992137908936,
          "y": -0.2855101227760315,
          "z": 1.6342644691467285
        },
        "rotation_quaternion": {
          "w": 0.4176858067512512,
          "x": 0.7981317639350891,
          "y": 0.14283820986747742,
          "z": -0.4100262522697449
        },
        "matrix": [
          [
            0.6229521632194519,
            0.5705311298370361,
            -0.5351865887641907,
            0.44176816940307617
          ],
          [
            -0.114515520632267,
            -0.6102724671363831,
            -0.7838711142539978,
            -0.12224729359149933
          ],
          [
            -0.773838222026825,
            0.5496046543121338,
            -0.31483879685401917,
            1.487231731414795
          ],
          [
            0.0,
            0.0,
            0.0,
            1.0
          ]
        ]
      },
      "bone_length_armature_space": 0.2675249332267746,
      "parent": "upperarm_l",
      "has_children": true,
      "is_end_bone": false
    },
    "metacarpal_thumb_l": {
      "name": "metacarpal_thumb_l",
      "local": {
        "location": {
          "x": 0.0,
          "y": 0.0,
          "z": 0.0
        },
        "rotation_quaternion": {
          "w": 0.9992443919181824,
          "x": -0.03511660546064377,
          "y": -0.016607148572802544,
          "z": 0.0012882009614259005
        },
        "scale": {
          "x": 1.0,
          "y": 1.0,
          "z": 1.0
        },
        "matrix_basis": [
          [
            0.9994450807571411,
            -0.0014080818509683013,
            -0.033279675990343094,
            0.0
          ],
          [
            0.0037408284842967987,
            0.9975303411483765,
            0.07013735175132751,
            0.0
          ],
          [
            0.0330987274646759,
            -0.07022292912006378,
            0.9969820380210876,
            0.0
          ],
          [
            0.0,
            0.0,
            0.0,
            1.0
          ]
        ],
        "rotation_mode": "QUATERNION"
      },
      "armature_space": {
        "head": {
          "x": 0.5943992137908936,
          "y": -0.3487541079521179,
          "z": 0.6844103932380676
        },
        "tail": {
          "x": 0.6047759652137756,
          "y": -0.3964923620223999,
          "z": 0.6925936341285706
        }
      },
      "world_space": {
        "head": {
          "x": 0.5943992137908936,
          "y": -0.2855101227760315,
          "z": 1.6342644691467285
        },
        "tail": {
          "x": 0.6047759652137756,
          "y": -0.3332483768463135,
          "z": 1.6424477100372314
        },
        "rotation_quaternion": {
          "w": 0.05194215103983879,
          "x": 0.9545620083808899,
          "y": 0.12419745326042175,
          "z": 0.26587292551994324
        },
        "matrix": [
          [
            0.8277730941772461,
            0.2094884216785431,
            0.5204864740371704,
            0.5943992137908936
          ],
          [
            0.26472875475883484,
            -0.9637537598609924,
            -0.03312237188220024,
            -0.2855101227760315
          ],
          [
            0.49468591809272766,
            0.16520577669143677,
            -0.8532333374023438,
            1.6342644691467285
          ],
          [
            0.0,
            0.0,
            0.0,
            1.0
          ]
        ]
      },
      "bone_length_armature_space": 0.049533659134476896,
      "parent": "lowerarm_l",
      "has_children": true,
      "is_end_bone": false
    },
    "thumb_01_l": {
      "name": "thumb_01_l",
      "local": {
        "location": {
          "x": 0.0,
          "y": 0.0,
          "z": 0.0
        },
        "rotation_quaternion": {
          "w": 0.9992818832397461,
          "x": 0.032646745443344116,
          "y": 0.011413510888814926,
          "z": -0.015478849411010742
        },
        "scale": {
          "x": 1.0,
          "y": 1.0,
          "z": 1.0
        },
        "matrix_basis": [
          [
            0.9992602467536926,
            0.031680695712566376,
            0.021799961104989052,
            0.0
          ],
          [
            -0.0301902387291193,
            0.9973891973495483,
            -0.0655999407172203,
            0.0
          ],
          [
            -0.02382129803299904,
            0.06489326804876328,
            0.9976078271865845,
            0.0
          ],
          [
            0.0,
            0.0,
            0.0,
            1.0
          ]
        ],
        "rotation_mode": "QUATERNION"
      },
      "armature_space": {
        "head": {
          "x": 0.6047759652137756,
          "y": -0.3964923620223999,
          "z": 0.6925936341285706
        },
        "tail": {
          "x": 0.6209143996238708,
          "y": -0.42037010192871094,
          "z": 0.6744818687438965
        }
      },
      "world_space": {
        "head": {
          "x": 0.6047759652137756,
          "y": -0.3332483768463135,
          "z": 1.6424477100372314
        },
        "tail": {
          "x": 0.6209143996238708,
          "y": -0.3571261167526245,
          "z": 1.6243358850479126
        },
        "rotation_quaternion": {
          "w": 0.3720707297325134,
          "x": -0.49802160263061523,
          "y": 0.10400734096765518,
          "z": -0.7763506770133972
        },
        "matrix": [
          [
            -0.22707486152648926,
            0.4741215407848358,
            0.8506737351417542,
            0.6047759652137756
          ],
          [
            -0.6813105940818787,
            -0.701490581035614,
            0.20910896360874176,
            -0.3332483768463135
          ],
          [
            0.6958869099617004,
            -0.5320943593978882,
            0.482318639755249,
            1.6424477100372314
          ],
          [
            0.0,
            0.0,
            0.0,
            1.0
          ]
        ]
      },
      "bone_length_armature_space": 0.03403867815370136,
      "parent": "metacarpal_thumb_l",
      "has_children": true,
      "is_end_bone": false
    },
    "thumb_02_l": {
      "name": "thumb_02_l",
      "local": {
        "location": {
          "x": 0.0,
          "y": 0.0,
          "z": 0.0
        },
        "rotation_quaternion": {
          "w": 0.9934362769126892,
          "x": 0.11385884881019592,
          "y": -0.01077678520232439,
          "z": -0.002111313631758094
        },
        "scale": {
          "x": 1.0,
          "y": 1.0,
          "z": 1.0
        },
        "matrix_basis": [
          [
            0.999758780002594,
            0.0017408464336767793,
            -0.021892882883548737,
            0.0
          ],
          [
            -0.006648975890129805,
            0.9740633964538574,
            -0.22617751359939575,
            0.0
          ],
          [
            0.020931314677000046,
            0.22626852989196777,
            0.973840057849884,
            0.0
          ],
          [
            0.0,
            0.0,
            0.0,
            1.0
          ]
        ],
        "rotation_mode": "QUATERNION"
      },
      "armature_space": {
        "head": {
          "x": 0.6209143400192261,
          "y": -0.42037007212638855,
          "z": 0.6744818687438965
        },
        "tail": {
          "x": 0.6433195471763611,
          "y": -0.4410935342311859,
          "z": 0.7005918622016907
        }
      },
      "world_space": {
        "head": {
          "x": 0.6209143400192261,
          "y": -0.35712605714797974,
          "z": 1.6243358850479126
        },
        "tail": {
          "x": 0.6433195471763611,
          "y": -0.3778495192527771,
          "z": 1.6504459381103516
        },
        "rotation_quaternion": {
          "w": 0.3186236023902893,
          "x": -0.0040581016801297665,
          "y": -0.37482738494873047,
          "z": -0.8706130385398865
        },
        "matrix": [
          [
            -0.7969245314598083,
            0.5578380227088928,
            -0.23179300129413605,
            0.6209143400192261
          ],
          [
            -0.5517546534538269,
            -0.5159658193588257,
            0.6552447080612183,
            -0.35712605714797974
          ],
          [
            0.24592426419258118,
            0.6500775814056396,
            0.7189816236495972,
            1.6243358850479126
          ],
          [
            0.0,
            0.0,
            0.0,
            1.0
          ]
        ]
      },
      "bone_length_armature_space": 0.040164498069321694,
      "parent": "thumb_01_l",
      "has_children": true,
      "is_end_bone": false
    },
    "thumb_03_l": {
      "name": "thumb_03_l",
      "local": {
        "location": {
          "x": 0.0,
          "y": 0.0,
          "z": 0.0
        },
        "rotation_quaternion": {
          "w": 0.9983198642730713,
          "x": 0.05783156305551529,
          "y": 0.0016600335948169231,
          "z": 0.0032253016252070665
        },
        "scale": {
          "x": 1.0,
          "y": 1.0,
          "z": 1.0
        },
        "matrix_basis": [
          [
            0.9999736547470093,
            -0.0062477607280015945,
            0.00368753750808537,
            0.0
          ],
          [
            0.006631770171225071,
            0.9932901859283447,
            -0.11545808613300323,
            0.0
          ],
          [
            -0.0029414405580610037,
            0.11547950655221939,
            0.993305504322052,
            0.0
          ],
          [
            0.0,
            0.0,
            0.0,
            1.0
          ]
        ],
        "rotation_mode": "QUATERNION"
      },
      "armature_space": {
        "head": {
          "x": 0.6433194875717163,
          "y": -0.4410935640335083,
          "z": 0.7005917429924011
        },
        "tail": {
          "x": 0.6592183709144592,
          "y": -0.446012020111084,
          "z": 0.7260855436325073
        }
      },
      "world_space": {
        "head": {
          "x": 0.6433194875717163,
          "y": -0.3778495788574219,
          "z": 1.6504456996917725
        },
        "tail": {
          "x": 0.6592183709144592,
          "y": -0.38276803493499756,
          "z": 1.6759395599365234
        },
        "rotation_quaternion": {
          "w": 0.4646347165107727,
          "x": 0.18318037688732147,
          "y": -0.45092958211898804,
          "z": -0.7397445440292358
        },
        "matrix": [
          [
            -0.5011169910430908,
            0.5222193598747253,
            -0.6900497674942017,
            0.6433194875717163
          ],
          [
            -0.8526260852813721,
            -0.1615525186061859,
            0.4969196617603302,
            -0.3778495788574219
          ],
          [
            0.1480218470096588,
            0.8373751640319824,
            0.5262190699577332,
            1.6504456996917725
          ],
          [
            0.0,
            0.0,
            0.0,
            1.0
          ]
        ]
      },
      "bone_length_armature_space": 0.030445025328870085,
      "parent": "thumb_02_l",
      "has_children": false,
      "is_end_bone": true
    },
    "metacarpal_index_l": {
      "name": "metacarpal_index_l",
      "local": {
        "location": {
          "x": 0.0,
          "y": 0.0,
          "z": 0.0
        },
        "rotation_quaternion": {
          "w": 0.9996949434280396,
          "x": -0.02380508743226528,
          "y": -0.006544407457113266,
          "z": -0.0008045554859563708
        },
        "scale": {
          "x": 1.0,
          "y": 1.0,
          "z": 1.0
        },
        "matrix_basis": [
          [
            0.9999130368232727,
            0.0019202005350962281,
            -0.01304651703685522,
            0.0
          ],
          [
            -0.0012970396783202887,
            0.9988653659820557,
            0.04760618135333061,
            0.0
          ],
          [
            0.013123126700520515,
            -0.04758511856198311,
            0.9987809658050537,
            0.0
          ],
          [
            0.0,
            0.0,
            0.0,
            1.0
          ]
        ],
        "rotation_mode": "QUATERNION"
      },
      "armature_space": {
        "head": {
          "x": 0.5943992137908936,
          "y": -0.3487541079521179,
          "z": 0.6844103932380676
        },
        "tail": {
          "x": 0.6421740055084229,
          "y": -0.44310125708580017,
          "z": 0.7348626255989075
        }
      },
      "world_space": {
        "head": {
          "x": 0.5943992137908936,
          "y": -0.2855101227760315,
          "z": 1.6342644691467285
        },
        "tail": {
          "x": 0.6421740055084229,
          "y": -0.37985724210739136,
          "z": 1.6847167015075684
        },
        "rotation_quaternion": {
          "w": 0.22665122151374817,
          "x": 0.9500536918640137,
          "y": 0.21453940868377686,
          "z": -0.0001878244074760005
        },
        "matrix": [
          [
            0.9079455137252808,
            0.4077330231666565,
            0.09689496457576752,
            0.5943992137908936
          ],
          [
            0.4075632095336914,
            -0.805203914642334,
            -0.4307425320148468,
            -0.2855101227760315
          ],
          [
            -0.09760816395282745,
            0.43058380484580994,
            -0.8972650170326233,
            1.6342644691467285
          ],
          [
            0.0,
            0.0,
            0.0,
            1.0
          ]
        ]
      },
      "bone_length_armature_space": 0.11717185273610915,
      "parent": "lowerarm_l",
      "has_children": true,
      "is_end_bone": false
    },
    "index_01_l": {
      "name": "index_01_l",
      "local": {
        "location": {
          "x": 0.0,
          "y": 0.0,
          "z": 0.0
        },
        "rotation_quaternion": {
          "w": 0.9976369142532349,
          "x": -0.06802865117788315,
          "y": 0.009382297284901142,
          "z": 0.002143458230420947
        },
        "scale": {
          "x": 1.0,
          "y": 1.0,
          "z": 1.0
        },
        "matrix_basis": [
          [
            0.9998147487640381,
            -0.0055533163249492645,
            0.01842861995100975,
            0.0
          ],
          [
            0.0030002561397850513,
            0.9907349944114685,
            0.13577601313591003,
            0.0
          ],
          [
            -0.019011884927749634,
            -0.13569556176662445,
            0.9905681610107422,
            0.0
          ],
          [
            0.0,
            0.0,
            0.0,
            1.0
          ]
        ],
        "rotation_mode": "QUATERNION"
      },
      "armature_space": {
        "head": {
          "x": 0.6421740055084229,
          "y": -0.44310125708580017,
          "z": 0.7348626255989075
        },
        "tail": {
          "x": 0.6604673862457275,
          "y": -0.45682859420776367,
          "z": 0.751891553401947
        }
      },
      "world_space": {
        "head": {
          "x": 0.6421740055084229,
          "y": -0.37985724210739136,
          "z": 1.6847167015075684
        },
        "tail": {
          "x": 0.6604673862457275,
          "y": -0.39358460903167725,
          "z": 1.7017455101013184
        },
        "rotation_quaternion": {
          "w": 0.3360695242881775,
          "x": 0.8602879047393799,
          "y": 0.38255390524864197,
          "z": 0.024790462106466293
        },
        "matrix": [
          [
            0.7060750722885132,
            0.6415503621101379,
            0.299784779548645,
            0.6421740055084229
          ],
          [
            0.6748769283294678,
            -0.4814187288284302,
            -0.55926513671875,
            -0.37985724210739136
          ],
          [
            -0.21447573602199554,
            0.5972046852111816,
            -0.7728913426399231,
            1.6847167015075684
          ],
          [
            0.0,
            0.0,
            0.0,
            1.0
          ]
        ]
      },
      "bone_length_armature_space": 0.02851441654125202,
      "parent": "metacarpal_index_l",
      "has_children": true,
      "is_end_bone": false
    },
    "index_02_l": {
      "name": "index_02_l",
      "local": {
        "location": {
          "x": 0.0,
          "y": 0.0,
          "z": 0.0
        },
        "rotation_quaternion": {
          "w": 0.9820502400398254,
          "x": 0.18828162550926208,
          "y": -0.010845807380974293,
          "z": -0.0031400963198393583
        },
        "scale": {
          "x": 1.0,
          "y": 1.0,
          "z": 1.0
        },
        "matrix_basis": [
          [
            0.9997450113296509,
            0.0020833322778344154,
            -0.02248470112681389,
            0.0
          ],
          [
            -0.010251597501337528,
            0.9290803670883179,
            -0.3697359263896942,
            0.0
          ],
          [
            0.020119810476899147,
            0.36987215280532837,
            0.9288647770881653,
            0.0
          ],
          [
            0.0,
            0.0,
            0.0,
            1.0
          ]
        ],
        "rotation_mode": "QUATERNION"
      },
      "armature_space": {
        "head": {
          "x": 0.6604676246643066,
          "y": -0.45682913064956665,
          "z": 0.751891553401947
        },
        "tail": {
          "x": 0.6786802411079407,
          "y": -0.473169207572937,
          "z": 0.7595983147621155
        }
      },
      "world_space": {
        "head": {
          "x": 0.6604676246643066,
          "y": -0.3935851454734802,
          "z": 1.7017455101013184
        },
        "tail": {
          "x": 0.6786802411079407,
          "y": -0.4099252223968506,
          "z": 1.7094523906707764
        },
        "rotation_quaternion": {
          "w": 0.20181772112846375,
          "x": 0.9007744193077087,
          "y": 0.3752196729183197,
          "z": -0.08417388796806335
        },
        "matrix": [
          [
            0.7042497396469116,
            0.7099521160125732,
            -0.00019034743309020996,
            0.6604676246643066
          ],
          [
            0.6420015692710876,
            -0.6369590163230896,
            -0.4267522990703583,
            -0.3935851454734802
          ],
          [
            -0.30309659242630005,
            0.3004193902015686,
            -0.904375433921814,
            1.7017455101013184
          ],
          [
            0.0,
            0.0,
            0.0,
            1.0
          ]
        ]
      },
      "bone_length_armature_space": 0.02565329774476795,
      "parent": "index_01_l",
      "has_children": true,
      "is_end_bone": false
    },
    "index_03_l": {
      "name": "index_03_l",
      "local": {
        "location": {
          "x": 0.0,
          "y": 0.0,
          "z": 0.0
        },
        "rotation_quaternion": {
          "w": 0.9757869243621826,
          "x": 0.21868669986724854,
          "y": -0.0024746377021074295,
          "z": -0.0031657156068831682
        },
        "scale": {
          "x": 1.0,
          "y": 1.0,
          "z": 1.0
        },
        "matrix_basis": [
          [
            0.9999676942825317,
            0.00509578688070178,
            -0.006214038003236055,
            0.0
          ],
          [
            -0.007260468322783709,
            0.9043322205543518,
            -0.42676758766174316,
            0.0
          ],
          [
            0.003444838337600231,
            0.42679890990257263,
            0.9043400287628174,
            0.0
          ],
          [
            0.0,
            0.0,
            0.0,
            1.0
          ]
        ],
        "rotation_mode": "QUATERNION"
      },
      "armature_space": {
        "head": {
          "x": 0.6786801815032959,
          "y": -0.47316914796829224,
          "z": 0.759598433971405
        },
        "tail": {
          "x": 0.6988241672515869,
          "y": -0.4932105243206024,
          "z": 0.7527943253517151
        }
      },
      "world_space": {
        "head": {
          "x": 0.6786801815032959,
          "y": -0.4099251627922058,
          "z": 1.7094523906707764
        },
        "tail": {
          "x": 0.6988241672515869,
          "y": -0.4299665093421936,
          "z": 1.702648401260376
        },
        "rotation_quaternion": {
          "w": 0.05517603084445,
          "x": -0.9022805094718933,
          "y": -0.3924291729927063,
          "z": 0.16983801126480103
        },
        "matrix": [
          [
            0.634308397769928,
            0.6894205808639526,
            -0.3497883081436157,
            0.6786801815032959
          ],
          [
            0.7269045114517212,
            -0.6859098672866821,
            -0.03373187780380249,
            -0.4099251627922058
          ],
          [
            -0.2631798982620239,
            -0.2328687459230423,
            -0.9362279176712036,
            1.7094523906707764
          ],
          [
            0.0,
            0.0,
            0.0,
            1.0
          ]
        ]
      },
      "bone_length_armature_space": 0.029218706389567715,
      "parent": "index_02_l",
      "has_children": false,
      "is_end_bone": true
    },
    "metacarpal_pinky_l": {
      "name": "metacarpal_pinky_l",
      "local": {
        "location": {
          "x": 0.0,
          "y": 0.0,
          "z": 0.0
        },
        "rotation_quaternion": {
          "w": 0.9999501705169678,
          "x": -0.003689063945785165,
          "y": -0.009155618026852608,
          "z": -0.0015529561787843704
        },
        "scale": {
          "x": 1.0,
          "y": 1.0,
          "z": 1.0
        },
        "matrix_basis": [
          [
            0.99982750415802,
            0.003173308912664652,
            -0.018298866227269173,
            0.0
          ],
          [
            -0.003038206370547414,
            0.9999679327011108,
            0.007406197022646666,
            0.0
          ],
          [
            0.01832178235054016,
            -0.007349323481321335,
            0.9998051524162292,
            0.0
          ],
          [
            0.0,
            0.0,
            0.0,
            1.0
          ]
        ],
        "rotation_mode": "QUATERNION"
      },
      "armature_space": {
        "head": {
          "x": 0.5943992137908936,
          "y": -0.3487541079521179,
          "z": 0.6844103932380676
        },
        "tail": {
          "x": 0.6687434315681458,
          "y": -0.3847723603248596,
          "z": 0.7478050589561462
        }
      },
      "world_space": {
        "head": {
          "x": 0.5943992137908936,
          "y": -0.2855101227760315,
          "z": 1.6342644691467285
        },
        "tail": {
          "x": 0.6687434315681458,
          "y": -0.3215283751487732,
          "z": 1.6976590156555176
        },
        "rotation_quaternion": {
          "w": 0.5488086342811584,
          "x": 0.33526673913002014,
          "y": -0.1608140468597412,
          "z": -0.7486950159072876
        },
        "matrix": [
          [
            -0.17280857264995575,
            0.7139507532119751,
            -0.6785361766815186,
            0.5943992137908936
          ],
          [
            -0.9296121001243591,
            -0.34589436650276184,
            -0.12719562649726868,
            -0.2855101227760315
          ],
          [
            -0.32551637291908264,
            0.6087988615036011,
            0.723475992679596,
            1.6342644691467285
          ],
          [
            0.0,
            0.0,
            0.0,
            1.0
          ]
        ]
      },
      "bone_length_armature_space": 0.10413098015787603,
      "parent": "lowerarm_l",
      "has_children": true,
      "is_end_bone": false
    },
    "pinky_01_l": {
      "name": "pinky_01_l",
      "local": {
        "location": {
          "x": 0.0,
          "y": 0.0,
          "z": 0.0
        },
        "rotation_quaternion": {
          "w": 0.9995377659797668,
          "x": 0.013949068263173103,
          "y": 0.023549644276499748,
          "z": -0.013234732672572136
        },
        "scale": {
          "x": 1.0,
          "y": 1.0,
          "z": 1.0
        },
        "matrix_basis": [
          [
            0.9985405206680298,
            0.027114221826195717,
            0.04670829325914383,
            0.0
          ],
          [
            -0.02580023929476738,
            0.9992605447769165,
            -0.028508586809039116,
            0.0
          ],
          [
            -0.04744674265384674,
            0.027261894196271896,
            0.9985016584396362,
            0.0
          ],
          [
            0.0,
            0.0,
            0.0,
            1.0
          ]
        ],
        "rotation_mode": "QUATERNION"
      },
      "armature_space": {
        "head": {
          "x": 0.6687434315681458,
          "y": -0.3847723603248596,
          "z": 0.7478050589561462
        },
        "tail": {
