{
  "metadata": {
    "armature_name": "KIM_caucasian_male",
    "export_time": "2026-01-13T21:05:04.068219",
    "blender_version": "4.4.1",
    "bone_count": 56,
    "end_bone_count": 13,
    "spaces_included": [
      "LOCAL_CHANNELS",
      "ARMATURE_SPACE",
      "WORLD_SPACE"
    ],
    "note": "LOCAL matches Transform panel; replay pose via local.matrix_basis for best fidelity."
  },
  "bones": {
    "Root": {
      "name": "Root",
      "local": {
        "location": {
          "x": 0.0,
          "y": 0.0,
          "z": 0.0
        },
        "rotation_quaternion": {
          "w": 0.9995172023773193,
          "x": 0.012200488708913326,
          "y": 0.008238612674176693,
          "z": 0.02736186981201172
        },
        "scale": {
          "x": 1.0,
          "y": 1.0,
          "z": 1.0
        },
        "matrix_basis": [
          [
            0.9983668923377991,
            -0.05449628829956055,
            0.01713692583143711,
            0.0
          ],
          [
            0.054898347705602646,
            0.9982049465179443,
            -0.02393834851682186,
            0.0
          ],
          [
            -0.01580161415040493,
            0.024840043857693672,
            0.9995665550231934,
            0.0
          ],
          [
            0.0,
            0.0,
            0.0,
            1.0
          ]
        ],
        "rotation_mode": "QUATERNION"
      },
      "armature_space": {
        "head": {
          "x": 0.0,
          "y": 0.07072800397872925,
          "z": -0.009595036506652832
        },
        "tail": {
          "x": -0.00388971995562315,
          "y": -0.0001113787293434143,
          "z": -0.0017741229385137558
        }
      },
      "world_space": {
        "head": {
          "x": 0.0,
          "y": 0.13397200405597687,
          "z": 0.9402589797973633
        },
        "tail": {
          "x": -0.00388971995562315,
          "y": 0.0631326213479042,
          "z": 0.9480798840522766
        },
        "rotation_quaternion": {
          "w": 0.05516235530376434,
          "x": 0.9980684518814087,
          "y": -0.02674468792974949,
          "z": 0.010063204914331436
        },
        "matrix": [
          [
            0.9983668923377991,
            -0.05449628829956055,
            0.01713692583143711,
            0.0
          ],
          [
            -0.05227584019303322,
            -0.9924836158752441,
            -0.11065036803483963,
            0.13397200405597687
          ],
          [
            0.023038264364004135,
            0.10957363247871399,
            -0.993718683719635,
            0.9402589797973633
          ],
          [
            0.0,
            0.0,
            0.0,
            1.0
          ]
        ]
      },
      "bone_length_armature_space": 0.07137586823805085,
      "parent": null,
      "has_children": true,
      "is_end_bone": false
    },
    "spine_01": {
      "name": "spine_01",
      "local": {
        "location": {
          "x": 0.0,
          "y": 0.0,
          "z": 0.0
        },
        "rotation_quaternion": {
          "w": 0.9972881078720093,
          "x": -0.004230773542076349,
          "y": -0.031287360936403275,
          "z": -0.0664813295006752
        },
        "scale": {
          "x": 1.0,
          "y": 1.0,
          "z": 1.0
        },
        "matrix_basis": [
          [
            0.9892026782035828,
            0.13286681473255157,
            -0.06184248998761177,
            0.0
          ],
          [
            -0.13233733177185059,
            0.99112468957901,
            0.01259865052998066,
            0.0
          ],
          [
            0.06296756118535995,
            -0.004278549458831549,
            0.9980064034461975,
            0.0
          ],
          [
            0.0,
            0.0,
            0.0,
            1.0
          ]
        ],
        "rotation_mode": "QUATERNION"
      },
      "armature_space": {
        "head": {
          "x": -0.00388971995562315,
          "y": -0.0001113787293434143,
          "z": -0.0017741229385137558
        },
        "tail": {
          "x": 0.05037856474518776,
          "y": 0.009666305035352707,
          "z": 0.4831051230430603
        }
      },
      "world_space": {
        "head": {
          "x": -0.00388971995562315,
          "y": 0.0631326213479042,
          "z": 0.9480798840522766
        },
        "tail": {
          "x": 0.05037856474518776,
          "y": 0.07291030883789062,
          "z": 1.4329590797424316
        },
        "rotation_quaternion": {
          "w": 0.7141516208648682,
          "x": 0.6953892707824707,
          "y": -0.0023018030915409327,
          "z": -0.08009961247444153
        },
        "matrix": [
          [
            0.9871574640274048,
            0.11120522022247314,
            -0.11468924582004547,
            -0.00388971995562315
          ],
          [
            -0.11760865151882172,
            0.020036187022924423,
            -0.9928579330444336,
            0.0631326213479042
          ],
          [
            -0.10811391472816467,
            0.9936025142669678,
            0.03285686671733856,
            0.9480798840522766
          ],
          [
            0.0,
            0.0,
            0.0,
            1.0
          ]
        ]
      },
      "bone_length_armature_space": 0.48800466051459646,
      "parent": "Root",
      "has_children": true,
      "is_end_bone": false
    },
    "neck_01": {
      "name": "neck_01",
      "local": {
        "location": {
          "x": 0.0,
          "y": 0.0,
          "z": 0.0
        },
        "rotation_quaternion": {
          "w": 0.9867585897445679,
          "x": -0.1411442905664444,
          "y": 0.04099036380648613,
          "z": 0.06859733909368515
        },
        "scale": {
          "x": 1.0,
          "y": 1.0,
          "z": 1.0
        },
        "matrix_basis": [
          [
            0.9872283935546875,
            -0.1469491422176361,
            0.0615309402346611,
            0.0
          ],
          [
            0.1238069161772728,
            0.9507454037666321,
            0.2841743528842926,
            0.0
          ],
          [
            -0.10025943070650101,
            -0.27292701601982117,
            0.9567961692810059,
            0.0
          ],
          [
            0.0,
            0.0,
            0.0,
            1.0
          ]
        ],
        "rotation_mode": "QUATERNION"
      },
      "armature_space": {
        "head": {
          "x": 0.05454336479306221,
          "y": -0.023299425840377808,
          "z": 0.5569946765899658
        },
        "tail": {
          "x": 0.049653906375169754,
          "y": -0.030556470155715942,
          "z": 0.6591426134109497
        }
      },
      "world_space": {
        "head": {
          "x": 0.05454336479306221,
          "y": 0.03994457423686981,
          "z": 1.506848692893982
        },
        "tail": {
          "x": 0.049653906375169754,
          "y": 0.03268752992153168,
          "z": 1.6089966297149658
        },
        "rotation_quaternion": {
          "w": 0.6804479956626892,
          "x": 0.7316626906394958,
          "y": -0.03996821492910385,
          "z": -0.007931889034807682
        },
        "matrix": [
          [
            0.9966793060302734,
            -0.04769209399819374,
            -0.065999835729599,
            0.05454336479306221
          ],
          [
            -0.06928123533725739,
            -0.07078570127487183,
            -0.9950828552246094,
            0.03994457423686981
          ],
          [
            0.04278596118092537,
            0.9963577389717102,
            -0.07385629415512085,
            1.506848692893982
          ],
          [
            0.0,
            0.0,
            0.0,
            1.0
          ]
        ]
      },
      "bone_length_armature_space": 0.1025220585104077,
      "parent": "spine_01",
      "has_children": true,
      "is_end_bone": false
    },
    "head": {
      "name": "head",
      "local": {
        "location": {
          "x": 0.0,
          "y": 0.0,
          "z": 0.0
        },
        "rotation_quaternion": {
          "w": 0.9920035600662231,
          "x": -0.09518027305603027,
          "y": -0.08165019005537033,
          "z": -0.014247888699173927
        },
        "scale": {
          "x": 1.0,
          "y": 1.0,
          "z": 1.0
        },
        "matrix_basis": [
          [
            0.9862604737281799,
            0.0438108891248703,
            -0.15928232669830322,
            0.0
          ],
          [
            -0.012724937871098518,
            0.9814754128456116,
            0.191165030002594,
            0.0
          ],
          [
            0.16470679640769958,
            -0.18651165068149567,
            0.9685479402542114,
            0.0
          ],
          [
            0.0,
            0.0,
            0.0,
            1.0
          ]
        ],
        "rotation_mode": "QUATERNION"
      },
      "armature_space": {
        "head": {
          "x": 0.04965389892458916,
          "y": -0.03055661916732788,
          "z": 0.6591425538063049
        },
        "tail": {
          "x": 0.05555735528469086,
          "y": 0.04124230146408081,
          "z": 0.7964863777160645
        }
      },
      "world_space": {
        "head": {
          "x": 0.04965389892458916,
          "y": 0.03268738090991974,
          "z": 1.6089966297149658
        },
        "tail": {
          "x": 0.05555735528469086,
          "y": 0.10448630154132843,
          "z": 1.7463403940200806
        },
        "rotation_quaternion": {
          "w": 0.8500217795372009,
          "x": 0.5120841860771179,
          "y": -0.09453826397657394,
          "z": -0.07934357225894928
        },
        "matrix": [
          [
            0.9695342779159546,
            0.03806465491652489,
            -0.24198034405708313,
            0.04965389892458916
          ],
          [
            -0.23171064257621765,
            0.46294939517974854,
            -0.8555631637573242,
            0.03268738090991974
          ],
          [
            0.07945823669433594,
            0.8855739235877991,
            0.45766761898994446,
            1.6089966297149658
          ],
          [
            0.0,
            0.0,
            0.0,
            1.0
          ]
        ]
      },
      "bone_length_armature_space": 0.15509114048017875,
      "parent": "neck_01",
      "has_children": false,
      "is_end_bone": true
    },
    "upperarm_l": {
      "name": "upperarm_l",
      "local": {
        "location": {
          "x": 0.0,
          "y": 0.0,
          "z": 0.0
        },
        "rotation_quaternion": {
          "w": 0.6764988303184509,
          "x": 0.5712582468986511,
          "y": -0.17808979749679565,
          "z": 0.4292987883090973
        },
        "scale": {
          "x": 1.0,
          "y": 1.0,
          "z": 1.0
        },
        "matrix_basis": [
          [
            0.5679731369018555,
            -0.7843107581138611,
            0.24952585995197296,
            0.0
          ],
          [
            0.3773697316646576,
            -0.021266868337988853,
            -0.9258185625076294,
            0.0
          ],
          [
            0.731436014175415,
            0.6200035810470581,
            0.2838960886001587,
            0.0
          ],
          [
            0.0,
            0.0,
            0.0,
            1.0
          ]
        ],
        "rotation_mode": "QUATERNION"
      },
      "armature_space": {
        "head": {
          "x": 0.19477738440036774,
          "y": -0.04545366391539574,
          "z": 0.47410455346107483
        },
        "tail": {
          "x": 0.20351257920265198,
          "y": -0.21197055280208588,
          "z": 0.6838759183883667
        }
      },
      "world_space": {
        "head": {
          "x": 0.19477738440036774,
          "y": 0.017790336161851883,
          "z": 1.4239585399627686
        },
        "tail": {
          "x": 0.20351257920265198,
          "y": -0.14872655272483826,
          "z": 1.6337299346923828
        },
        "rotation_quaternion": {
          "w": 0.35153448581695557,
          "x": 0.7047802805900574,
          "y": -0.25636371970176697,
          "z": -0.5603445172309875
        },
        "matrix": [
          [
            0.24058479070663452,
            0.03259774297475815,
            -0.9700806736946106,
            0.19477738440036774
          ],
          [
            -0.755321204662323,
            -0.6214025616645813,
            -0.2082044780254364,
            0.017790336161851883
          ],
          [
            -0.6096023917198181,
            0.7828181982040405,
            -0.12487920373678207,
            1.4239585399627686
          ],
          [
            0.0,
            0.0,
            0.0,
            1.0
          ]
        ]
      },
      "bone_length_armature_space": 0.2679705255494737,
      "parent": "spine_01",
      "has_children": true,
      "is_end_bone": false
    },
    "lowerarm_l": {
      "name": "lowerarm_l",
      "local": {
        "location": {
          "x": 0.0,
          "y": 0.0,
          "z": 0.0
        },
        "rotation_quaternion": {
          "w": 0.855237603187561,
          "x": 0.3863220810890198,
          "y": -0.30356308817863464,
          "z": 0.16484346985816956
        },
        "scale": {
          "x": 1.0,
          "y": 1.0,
          "z": 1.0
        },
        "matrix_basis": [
          [
            0.7613521814346313,
            -0.5165069103240967,
            -0.39187178015708923,
            0.0
          ],
          [
            0.047414422035217285,
            0.6471637487411499,
            -0.7608751058578491,
            0.0
          ],
          [
            0.6466024518013,
            0.560713529586792,
            0.5172094106674194,
            0.0
          ],
          [
            0.0,
            0.0,
            0.0,
            1.0
          ]
        ],
        "rotation_mode": "QUATERNION"
      },
      "armature_space": {
        "head": {
          "x": 0.2035125195980072,
          "y": -0.21197053790092468,
          "z": 0.6838760375976562
        },
        "tail": {
          "x": 0.02439875900745392,
          "y": -0.20517988502979279,
          "z": 0.882476270198822
        }
      },
      "world_space": {
        "head": {
          "x": 0.2035125195980072,
          "y": -0.14872653782367706,
          "z": 1.6337300539016724
        },
        "tail": {
          "x": 0.02439875900745392,
          "y": -0.14193588495254517,
          "z": 1.8323302268981934
        },
        "rotation_quaternion": {
          "w": 0.004492310341447592,
          "x": -0.46426573395729065,
          "y": 0.7160111665725708,
          "z": 0.5213109850883484
        },
        "matrix": [
          [
            -0.5688720345497131,
            -0.6695228815078735,
            -0.4776231348514557,
            0.2035125195980072
          ],
          [
            -0.6601579785346985,
            0.025383275002241135,
            0.750697910785675,
            -0.14872653782367706
          ],
          [
            -0.4904897212982178,
            0.7423628568649292,
            -0.45643308758735657,
            1.6337300539016724
          ],
          [
            0.0,
            0.0,
            0.0,
            1.0
          ]
        ]
      },
      "bone_length_armature_space": 0.26752551707071687,
      "parent": "upperarm_l",
      "has_children": true,
      "is_end_bone": false
    },
    "metacarpal_thumb_l": {
      "name": "metacarpal_thumb_l",
      "local": {
        "location": {
          "x": 0.0,
          "y": 0.0,
          "z": 0.0
        },
        "rotation_quaternion": {
          "w": 0.9999361634254456,
          "x": -0.00838917214423418,
          "y": -0.007443971000611782,
          "z": 0.0013488545082509518
        },
        "scale": {
          "x": 1.0,
          "y": 1.0,
          "z": 1.0
        },
        "matrix_basis": [
          [
            0.9998855590820312,
            -0.0025726393796503544,
            -0.014909623190760612,
            0.0
          ],
          [
            0.0028224342968314886,
            0.9998555779457092,
            0.016757192090153694,
            0.0
          ],
          [
            0.014864359982311726,
            -0.016797354444861412,
            0.9997484087944031,
            0.0
          ],
          [
            0.0,
            0.0,
            0.0,
            1.0
          ]
        ],
        "rotation_mode": "QUATERNION"
      },
      "armature_space": {
        "head": {
          "x": 0.02439875900745392,
          "y": -0.20517988502979279,
          "z": 0.882476270198822
        },
        "tail": {
          "x": -0.02043600007891655,
          "y": -0.18763713538646698,
          "z": 0.8941245079040527
        }
      },
      "world_space": {
        "head": {
          "x": 0.02439875900745392,
          "y": -0.14193588495254517,
          "z": 1.8323302268981934
        },
        "tail": {
          "x": -0.02043600007891655,
          "y": -0.12439313530921936,
          "z": 1.8439785242080688
        },
        "rotation_quaternion": {
          "w": 0.41675353050231934,
          "x": 0.5466121435165405,
          "y": -0.7095049619674683,
          "z": 0.15535299479961395
        },
        "matrix": [
          [
            -0.05506161227822304,
            -0.9051370620727539,
            -0.42153871059417725,
            0.02439875900745392
          ],
          [
            -0.6461595296859741,
            0.3541582226753235,
            -0.6760547161102295,
            -0.14193588495254517
          ],
          [
            0.7612184286117554,
            0.2351585328578949,
            -0.604368269443512,
            1.8323302268981934
          ],
          [
            0.0,
            0.0,
            0.0,
            1.0
          ]
        ]
      },
      "bone_length_armature_space": 0.04953367756906313,
      "parent": "lowerarm_l",
      "has_children": true,
      "is_end_bone": false
    },
    "thumb_01_l": {
      "name": "thumb_01_l",
      "local": {
        "location": {
          "x": 0.0,
          "y": 0.0,
          "z": 0.0
        },
        "rotation_quaternion": {
          "w": 0.9614809155464172,
          "x": 0.27444562315940857,
          "y": 0.01384240947663784,
          "z": 0.006525836419314146
        },
        "scale": {
          "x": 1.0,
          "y": 1.0,
          "z": 1.0
        },
        "matrix_basis": [
          [
            0.999531626701355,
            -0.004950956907123327,
            0.030200399458408356,
            0.0
          ],
          [
            0.020146911963820457,
            0.8492740392684937,
            -0.5275678038597107,
            0.0
          ],
          [
            -0.023036450147628784,
            0.5279291272163391,
            0.8489759564399719,
            0.0
          ],
          [
            0.0,
            0.0,
            0.0,
            1.0
          ]
        ],
        "rotation_mode": "QUATERNION"
      },
      "armature_space": {
        "head": {
          "x": -0.02043600007891655,
          "y": -0.18763713538646698,
          "z": 0.8941245079040527
        },
        "tail": {
          "x": -0.04948920011520386,
          "y": -0.20528531074523926,
          "z": 0.8958790302276611
        }
      },
      "world_space": {
        "head": {
          "x": -0.02043600007891655,
          "y": -0.12439313530921936,
          "z": 1.8439785242080688
        },
        "tail": {
          "x": -0.04948920011520386,
          "y": -0.14204131066799164,
          "z": 1.8457330465316772
        },
        "rotation_quaternion": {
          "w": 0.4759328365325928,
          "x": 0.2625441253185272,
          "y": -0.1193719282746315,
          "z": 0.8308483362197876
        },
        "matrix": [
          [
            -0.40911659598350525,
            -0.8535374999046326,
            0.3226410150527954,
            -0.02043600007891655
          ],
          [
            0.7281755805015564,
            -0.5184755325317383,
            -0.44826740026474,
            -0.12439313530921936
          ],
          [
            0.5498988032341003,
            0.05154561996459961,
            0.833647608757019,
            1.8439785242080688
          ],
          [
            0.0,
            0.0,
            0.0,
            1.0
          ]
        ]
      },
      "bone_length_armature_space": 0.034038579505355215,
      "parent": "metacarpal_thumb_l",
      "has_children": true,
      "is_end_bone": false
    },
    "thumb_02_l": {
      "name": "thumb_02_l",
      "local": {
        "location": {
          "x": 0.0,
          "y": 0.0,
          "z": 0.0
        },
        "rotation_quaternion": {
          "w": 0.8871080279350281,
          "x": 0.4614905118942261,
          "y": -0.006788979284465313,
          "z": -0.00446428032591939
        },
        "scale": {
          "x": 1.0,
          "y": 1.0,
          "z": 1.0
        },
        "matrix_basis": [
          [
            0.9998679757118225,
            0.0016544987447559834,
            -0.016165561974048615,
            0.0
          ],
          [
            -0.014186697080731392,
            0.5740131735801697,
            -0.8187232613563538,
            0.0
          ],
          [
            0.007924670353531837,
            0.8188444972038269,
            0.5739608407020569,
            0.0
          ],
          [
            0.0,
            0.0,
            0.0,
            1.0
          ]
        ],
        "rotation_mode": "QUATERNION"
      },
      "armature_space": {
        "head": {
          "x": -0.04948918893933296,
          "y": -0.20528531074523926,
          "z": 0.8958789706230164
        },
        "tail": {
          "x": -0.0355185940861702,
          "y": -0.19159628450870514,
          "z": 0.9309593439102173
        }
      },
      "world_space": {
        "head": {
          "x": -0.04948918893933296,
          "y": -0.14204131066799164,
          "z": 1.8457329273223877
        },
        "tail": {
          "x": -0.0355185940861702,
          "y": -0.12835228443145752,
          "z": 1.8808133602142334
        },
        "rotation_quaternion": {
          "w": 0.3430193066596985,
          "x": 0.4163126051425934,
          "y": 0.7434716820716858,
          "z": 0.39531171321868896
        },
        "matrix": [
          [
            -0.4180418848991394,
            0.3478352725505829,
            0.8391969799995422,
            -0.04948918893933296
          ],
          [
            0.8902330994606018,
            0.3408246636390686,
            0.3021983802318573,
            -0.14204131066799164
          ],
          [
            -0.18090444803237915,
            0.8734188079833984,
            -0.45213621854782104,
            1.8457329273223877
          ],
          [
            0.0,
            0.0,
            0.0,
            1.0
          ]
        ]
      },
      "bone_length_armature_space": 0.040164654767185774,
      "parent": "thumb_01_l",
      "has_children": true,
      "is_end_bone": false
    },
    "thumb_03_l": {
      "name": "thumb_03_l",
      "local": {
        "location": {
          "x": 0.0,
          "y": 0.0,
          "z": 0.0
        },
        "rotation_quaternion": {
          "w": 0.9884899258613586,
          "x": 0.1511600911617279,
          "y": 0.006173618137836456,
          "z": -0.0005333874141797423
        },
        "scale": {
          "x": 1.0,
          "y": 1.0,
          "z": 1.0
        },
        "matrix_basis": [
          [
            0.9999232292175293,
            0.0029209055937826633,
            0.012043864466249943,
            0.0
          ],
          [
            0.0008119131671264768,
            0.9543007016181946,
            -0.2988470494747162,
            0.0
          ],
          [
            -0.012366372160613537,
            0.2988338768482208,
            0.9542250037193298,
            0.0
          ],
          [
            0.0,
            0.0,
            0.0,
            1.0
          ]
        ],
        "rotation_mode": "QUATERNION"
      },
      "armature_space": {
        "head": {
          "x": -0.03551868349313736,
          "y": -0.19159626960754395,
          "z": 0.9309592843055725
        },
        "tail": {
          "x": -0.012607544660568237,
          "y": -0.17890620231628418,
          "z": 0.9464814066886902
        }
      },
      "world_space": {
        "head": {
          "x": -0.03551868349313736,
          "y": -0.12835226953029633,
          "z": 1.8808133602142334
        },
        "tail": {
          "x": -0.012607544660568237,
          "y": -0.11566220223903656,
          "z": 1.8963353633880615
        },
        "rotation_quaternion": {
          "w": 0.02898900955915451,
          "x": 0.4572199881076813,
          "y": 0.8411720991134644,
          "z": 0.2872960567474365
        },
        "matrix": [
          [
            -0.5802177786827087,
            0.7525447607040405,
            0.31148627400398254,
            -0.03551868349313736
          ],
          [
            0.7858595848083496,
            0.41682112216949463,
            0.4568207263946533,
            -0.12835226953029633
          ],
          [
            0.2139459252357483,
            0.5098439455032349,
            -0.8332469463348389,
            1.8808133602142334
          ],
          [
            0.0,
            0.0,
            0.0,
            1.0
          ]
        ]
      },
      "bone_length_armature_space": 0.030444940189721853,
      "parent": "thumb_02_l",
      "has_children": false,
      "is_end_bone": true
    },
    "metacarpal_index_l": {
      "name": "metacarpal_index_l",
      "local": {
        "location": {
          "x": 0.0,
          "y": 0.0,
          "z": 0.0
        },
        "rotation_quaternion": {
          "w": 0.9977677464485168,
          "x": -0.0652918592095375,
          "y": 0.011461201123893261,
          "z": 0.008079372346401215
        },
        "scale": {
          "x": 1.0,
          "y": 1.0,
          "z": 1.0
        },
        "matrix_basis": [
          [
            0.999606728553772,
            -0.01761932112276554,
            0.021816199645400047,
            0.0
          ],
          [
            0.014626028016209602,
            0.9913433790206909,
            0.1304774284362793,
            0.0
          ],
          [
            -0.02392626740038395,
            -0.13010703027248383,
            0.9912112355232239,
            0.0
          ],
          [
            0.0,
            0.0,
            0.0,
            1.0
          ]
        ],
        "rotation_mode": "QUATERNION"
      },
      "armature_space": {
        "head": {
          "x": 0.02439875900745392,
          "y": -0.20517988502979279,
          "z": 0.882476270198822
        },
        "tail": {
          "x": -0.060837484896183014,
          "y": -0.17563456296920776,
          "z": 0.9572502970695496
        }
      },
      "world_space": {
        "head": {
          "x": 0.02439875900745392,
          "y": -0.14193588495254517,
          "z": 1.8323302268981934
        },
        "tail": {
          "x": -0.060837484896183014,
          "y": -0.11239056289196014,
          "z": 1.907104253768921
        },
        "rotation_quaternion": {
          "w": 0.3254011273384094,
          "x": 0.584848940372467,
          "y": -0.721243143081665,
          "z": -0.17853380739688873
        },
        "matrix": [
          [
            -0.1041293516755104,
            -0.7274471521377563,
            -0.6782166361808777,
            0.02439875900745392
          ],
          [
            -0.959826648235321,
            0.25215405225753784,
            -0.1230914294719696,
            -0.14193588495254517
          ],
          [
            0.2605583965778351,
            0.6381574273109436,
            -0.7244848012924194,
            1.8323302268981934
          ],
          [
            0.0,
            0.0,
            0.0,
            1.0
          ]
        ]
      },
      "bone_length_armature_space": 0.11717208795727478,
      "parent": "lowerarm_l",
      "has_children": true,
      "is_end_bone": false
    },
    "index_01_l": {
      "name": "index_01_l",
      "local": {
        "location": {
          "x": 0.0,
          "y": 0.0,
          "z": 0.0
        },
        "rotation_quaternion": {
          "w": 0.9379540681838989,
          "x": 0.3458161950111389,
          "y": 0.025562623515725136,
          "z": 0.00032327070948667824
        },
        "scale": {
          "x": 1.0,
          "y": 1.0,
          "z": 1.0
        },
        "matrix_basis": [
          [
            0.9986928701400757,
            0.017073512077331543,
            0.04817671701312065,
            0.0
          ],
          [
            0.018286364153027534,
            0.7608221173286438,
            -0.64870285987854,
            0.0
          ],
          [
            -0.04772954806685448,
            0.6487359404563904,
            0.7595154047012329,
            0.0
          ],
          [
            0.0,
            0.0,
            0.0,
            1.0
          ]
        ],
        "rotation_mode": "QUATERNION"
      },
      "armature_space": {
        "head": {
          "x": -0.060837484896183014,
          "y": -0.17563456296920776,
          "z": 0.9572502970695496
        },
        "tail": {
          "x": -0.08841682970523834,
          "y": -0.1805281937122345,
          "z": 0.9625890254974365
        }
      },
      "world_space": {
        "head": {
          "x": -0.060837484896183014,
          "y": -0.11239056289196014,
          "z": 1.907104253768921
        },
        "tail": {
          "x": -0.08841682970523834,
          "y": -0.11728419363498688,
          "z": 1.9124430418014526
        },
        "rotation_quaternion": {
          "w": 0.09600235521793365,
          "x": 0.7647238373756409,
          "y": -0.6363753080368042,
          "z": -0.031739845871925354
        },
        "matrix": [
          [
            0.18803775310516357,
            -0.967208743095398,
            -0.17073172330856323,
            -0.060837484896183014
          ],
          [
            -0.9793972373008728,
            -0.17161980271339417,
            -0.1064331904053688,
            -0.11239056289196014
          ],
          [
            0.07364170253276825,
            0.1872287392616272,
            -0.9795591831207275,
            1.907104253768921
          ],
          [
            0.0,
            0.0,
            0.0,
            1.0
          ]
        ]
      },
      "bone_length_armature_space": 0.02851438107292196,
      "parent": "metacarpal_index_l",
      "has_children": true,
      "is_end_bone": false
    },
    "index_02_l": {
      "name": "index_02_l",
      "local": {
        "location": {
          "x": 0.0,
          "y": 0.0,
          "z": 0.0
        },
        "rotation_quaternion": {
          "w": 0.8889859318733215,
          "x": 0.45783910155296326,
          "y": 0.0063352943398058414,
          "z": 0.006881894543766975
        },
        "scale": {
          "x": 1.0,
          "y": 1.0,
          "z": 1.0
        },
        "matrix_basis": [
          [
            0.9998250007629395,
            -0.006434723734855652,
            0.01756557635962963,
            0.0
          ],
          [
            0.01803690567612648,
            0.5806719660758972,
            -0.8139378428459167,
            0.0
          ],
          [
            -0.004962374456226826,
            0.8141122460365295,
            0.5806864500045776,
            0.0
          ],
          [
            0.0,
            0.0,
            0.0,
            1.0
          ]
        ],
        "rotation_mode": "QUATERNION"
      },
      "armature_space": {
        "head": {
          "x": -0.08841730654239655,
          "y": -0.18052805960178375,
          "z": 0.9625887870788574
        },
        "tail": {
          "x": -0.10721632838249207,
          "y": -0.18433985114097595,
          "z": 0.9455546736717224
        }
      },
      "world_space": {
        "head": {
          "x": -0.08841730654239655,
          "y": -0.11728405952453613,
          "z": 1.9124428033828735
        },
        "tail": {
          "x": -0.10721632838249207,
          "y": -0.12109585106372833,
          "z": 1.8954086303710938
        },
        "rotation_quaternion": {
          "w": 0.2700652778148651,
          "x": -0.7218321561813354,
          "y": 0.5939443707466125,
          "z": -0.23076683282852173
        },
        "matrix": [
          [
            0.187950998544693,
            -0.7328120470046997,
            0.6539581418037415,
            -0.08841730654239655
          ],
          [
            -0.9821009635925293,
            -0.14858905971050262,
            0.11575519293546677,
            -0.11728405952453613
          ],
          [
            0.012343332171440125,
            -0.6640137434005737,
            -0.7476277947425842,
            1.9124428033828735
          ],
          [
            0.0,
            0.0,
            0.0,
            1.0
          ]
        ]
      },
      "bone_length_armature_space": 0.025653342805904426,
      "parent": "index_01_l",
      "has_children": true,
      "is_end_bone": false
    },
    "index_03_l": {
      "name": "index_03_l",
      "local": {
        "location": {
          "x": 0.0,
          "y": 0.0,
          "z": 0.0
        },
        "rotation_quaternion": {
          "w": 0.9345263242721558,
          "x": 0.3558841347694397,
          "y": -0.0014415568439289927,
          "z": -0.0022571170702576637
        },
        "scale": {
          "x": 1.0,
          "y": 1.0,
          "z": 1.0
        },
        "matrix_basis": [
          [
            0.9999856352806091,
            0.0031926161609590054,
            -0.004300890024751425,
            0.0
          ],
          [
            -0.005244724918156862,
            0.7466827630996704,
            -0.6651597023010254,
            0.0
          ],
          [
            0.0010878012981265783,
            0.6651726961135864,
            0.7466887831687927,
            0.0
          ],
          [
            0.0,
            0.0,
            0.0,
            1.0
          ]
        ],
        "rotation_mode": "QUATERNION"
      },
      "armature_space": {
        "head": {
          "x": -0.10721641778945923,
          "y": -0.18433983623981476,
          "z": 0.945554792881012
        },
        "tail": {
          "x": -0.10721614211797714,
          "y": -0.18814153969287872,
          "z": 0.9165842533111572
        }
      },
      "world_space": {
        "head": {
          "x": -0.10721641778945923,
          "y": -0.12109583616256714,
          "z": 1.8954088687896729
        },
        "tail": {
          "x": -0.10721614211797714,
          "y": -0.1248975396156311,
          "z": 1.8664382696151733
        },
        "rotation_quaternion": {
          "w": 0.5116097927093506,
          "x": -0.5831283330917358,
          "y": 0.41617274284362793,
          "z": -0.4743596911430359
        },
        "matrix": [
          [
            0.2035665661096573,
            9.417533874511719e-06,
            0.9790613055229187,
            -0.10721641778945923
          ],
          [
            -0.9707382321357727,
            -0.13011208176612854,
            0.20183740556240082,
            -0.12109583616256714
          ],
          [
            0.12738949060440063,
            -0.9915063381195068,
            -0.026477277278900146,
            1.8954088687896729
          ],
          [
            0.0,
            0.0,
            0.0,
            1.0
          ]
        ]
      },
      "bone_length_armature_space": 0.02921891746322758,
      "parent": "index_02_l",
      "has_children": false,
      "is_end_bone": true
    },
    "metacarpal_pinky_l": {
      "name": "metacarpal_pinky_l",
      "local": {
        "location": {
          "x": 0.0,
          "y": 0.0,
          "z": 0.0
        },
        "rotation_quaternion": {
          "w": 0.9970821142196655,
          "x": -0.07412658631801605,
          "y": 0.003002987476065755,
          "z": 0.01798742637038231
        },
        "scale": {
          "x": 1.0,
          "y": 1.0,
          "z": 1.0
        },
        "matrix_basis": [
          [
            0.9993348717689514,
            -0.036315083503723145,
            0.003321757074445486,
            0.0
          ],
          [
            0.03542467951774597,
            0.9883633852005005,
            0.1479286253452301,
            0.0
          ],
          [
            -0.008655142970383167,
            -0.1477125585079193,
            0.98899245262146,
            0.0
          ],
          [
            0.0,
            0.0,
            0.0,
            1.0
          ]
        ],
        "rotation_mode": "QUATERNION"
      },
      "armature_space": {
        "head": {
          "x": 0.02439875900745392,
          "y": -0.20517988502979279,
          "z": 0.882476270198822
        },
        "tail": {
          "x": -0.029335111379623413,
          "y": -0.24123089015483856,
          "z": 0.9640623927116394
        }
      },
      "world_space": {
        "head": {
          "x": 0.02439875900745392,
          "y": -0.14193588495254517,
          "z": 1.8323302268981934
        },
        "tail": {
          "x": -0.029335111379623413,
          "y": -0.17798689007759094,
          "z": 1.9139163494110107
        },
        "rotation_quaternion": {
          "w": 0.31102779507637024,
          "x": -0.0059229168109595776,
          "y": 0.47974658012390137,
          "z": 0.8204084038734436
        },
        "matrix": [
          [
            -0.8064524531364441,
            -0.5160230398178101,
            0.28871244192123413,
            0.02439875900745392
          ],
          [
            0.5046584010124207,
            -0.34620898962020874,
            0.7908599972724915,
            -0.14193588495254517
          ],
          [
            -0.30814874172210693,
            0.7834970951080322,
            0.5396208167076111,
            1.8323302268981934
          ],
          [
            0.0,
            0.0,
            0.0,
            1.0
          ]
        ]
      },
      "bone_length_armature_space": 0.10413116238684214,
      "parent": "lowerarm_l",
      "has_children": true,
      "is_end_bone": false
    },
    "pinky_01_l": {
      "name": "pinky_01_l",
      "local": {
        "location": {
          "x": 0.0,
          "y": 0.0,
          "z": 0.0
        },
        "rotation_quaternion": {
          "w": 0.9432693719863892,
          "x": 0.3315620422363281,
          "y": -0.0014833451714366674,
          "z": -0.017536118626594543
        },
        "scale": {
          "x": 1.0,
          "y": 1.0,
          "z": 1.0
        },
        "matrix_basis": [
          [
            0.9993805885314941,
            0.0320989266037941,
            -0.014427010901272297,
            0.0
          ],
          [
            -0.03406620770692825,
            0.779518187046051,
            -0.6254526376724243,
            0.0
          ],
          [
            -0.008830234408378601,
            0.6255566477775574,
            0.7801288366317749,
            0.0
          ],
          [
            0.0,
            0.0,
            0.0,
            1.0
          ]
        ],
        "rotation_mode": "QUATERNION"
      },
      "armature_space": {
        "head": {
          "x": -0.029335111379623413,
          "y": -0.24123089015483856,
