{
  "metadata": {
    "armature_name": "KIM_caucasian_male",
    "export_time": "2026-01-13T21:02:24.592043",
    "blender_version": "4.4.1",
    "bone_count": 56,
    "end_bone_count": 13,
    "spaces_included": [
      "LOCAL_CHANNELS",
      "ARMATURE_SPACE",
      "WORLD_SPACE"
    ],
    "note": "LOCAL matches Transform panel; replay pose via local.matrix_basis for best fidelity."
  },
  "bones": {
    "Root": {
      "name": "Root",
      "local": {
        "location": {
          "x": 0.0,
          "y": 0.0,
          "z": 0.0
        },
        "rotation_quaternion": {
          "w": 0.9997745752334595,
          "x": -0.01538615021854639,
          "y": -0.014451684430241585,
          "z": 0.0022940433118492365
        },
        "scale": {
          "x": 1.0,
          "y": 1.0,
          "z": 1.0
        },
        "matrix_basis": [
          [
            0.9995718002319336,
            -0.004142340738326311,
            -0.028967445716261864,
            0.0
          ],
          [
            0.005031764041632414,
            0.9995160102844238,
            0.03069905750453472,
            0.0
          ],
          [
            0.028826260939240456,
            -0.03083166852593422,
            0.9991088509559631,
            0.0
          ],
          [
            0.0,
            0.0,
            0.0,
            1.0
          ]
        ],
        "rotation_mode": "QUATERNION"
      },
      "armature_space": {
        "head": {
          "x": 0.0,
          "y": 0.07072800397872925,
          "z": -0.009595036506652832
        },
        "tail": {
          "x": -0.00029566316516138613,
          "y": 0.0003300607204437256,
          "z": 0.0021760333329439163
        }
      },
      "world_space": {
        "head": {
          "x": 0.0,
          "y": 0.13397200405597687,
          "z": 0.9402589797973633
        },
        "tail": {
          "x": -0.00029566316516138613,
          "y": 0.06357406079769135,
          "z": 0.9520300626754761
        },
        "rotation_quaternion": {
          "w": 0.08270366489887238,
          "x": 0.9964667558670044,
          "y": -0.003262411104515195,
          "z": -0.014264308847486973
        },
        "matrix": [
          [
            0.9995718002319336,
            -0.004142340738326311,
            -0.028967445716261864,
            0.0
          ],
          [
            -0.008861197158694267,
            -0.9862989187240601,
            -0.16473031044006348,
            0.13397200405597687
          ],
          [
            -0.02788839489221573,
            0.16491666436195374,
            -0.9859203100204468,
            0.9402589797973633
          ],
          [
            0.0,
            0.0,
            0.0,
            1.0
          ]
        ]
      },
      "bone_length_armature_space": 0.07137587873573711,
      "parent": null,
      "has_children": true,
      "is_end_bone": false
    },
    "spine_01": {
      "name": "spine_01",
      "local": {
        "location": {
          "x": 0.0,
          "y": 0.0,
          "z": 0.0
        },
        "rotation_quaternion": {
          "w": 0.9983982443809509,
          "x": -0.0017763761570677161,
          "y": -0.04870036244392395,
          "z": 0.028743628412485123
        },
        "scale": {
          "x": 1.0,
          "y": 1.0,
          "z": 1.0
        },
        "matrix_basis": [
          [
            0.9936041831970215,
            -0.0572221577167511,
            -0.09734683483839035,
            0.0
          ],
          [
            0.05756819620728493,
            0.9983413219451904,
            0.0007474114536307752,
            0.0
          ],
          [
            0.09714259207248688,
            -0.00634671188890934,
            0.9952502250671387,
            0.0
          ],
          [
            0.0,
            0.0,
            0.0,
            1.0
          ]
        ],
        "rotation_mode": "QUATERNION"
      },
      "armature_space": {
        "head": {
          "x": -0.00029566316516138613,
          "y": 0.0003300607204437256,
          "z": 0.0021760333329439163
        },
        "tail": {
          "x": -0.014307057484984398,
          "y": 0.041338901966810226,
          "z": 0.48825275897979736
        }
      },
      "world_space": {
        "head": {
          "x": -0.00029566316516138613,
          "y": 0.06357406079769135,
          "z": 0.9520300626754761
        },
        "tail": {
          "x": -0.014307057484984398,
          "y": 0.10458290576934814,
          "z": 1.4381067752838135
        },
        "rotation_quaternion": {
          "w": 0.7346500158309937,
          "x": 0.67629474401474,
          "y": -0.048023734241724014,
          "z": -0.024667933583259583
        },
        "matrix": [
          [
            0.9941704869270325,
            -0.028711801394820213,
            -0.10392666608095169,
            -0.00029566316516138613
          ],
          [
            -0.10120078921318054,
            0.08403430134057999,
            -0.9913106560707092,
            0.06357406079769135
          ],
          [
            0.03719588741660118,
            0.996056318283081,
            0.08063840866088867,
            0.9520300626754761
          ],
          [
            0.0,
            0.0,
            0.0,
            1.0
          ]
        ]
      },
      "bone_length_armature_space": 0.48800473452587906,
      "parent": "Root",
      "has_children": true,
      "is_end_bone": false
    },
    "neck_01": {
      "name": "neck_01",
      "local": {
        "location": {
          "x": 0.0,
          "y": 0.0,
          "z": 0.0
        },
        "rotation_quaternion": {
          "w": 0.987566351890564,
          "x": 0.054179225116968155,
          "y": 0.049482207745313644,
          "z": 0.13902851939201355
        },
        "scale": {
          "x": 1.0,
          "y": 1.0,
          "z": 1.0
        },
        "matrix_basis": [
          [
            0.9564451575279236,
            -0.2692379653453827,
            0.11279883980751038,
            0.0
          ],
          [
            0.27996158599853516,
            0.9554713368415833,
            -0.0932522863149643,
            0.0
          ],
          [
            -0.08266901224851608,
            0.12077003717422485,
            0.9892322421073914,
            0.0
          ],
          [
            0.0,
            0.0,
            0.0,
            1.0
          ]
        ],
        "rotation_mode": "QUATERNION"
      },
      "armature_space": {
        "head": {
          "x": -0.020013513043522835,
          "y": 0.01311267539858818,
          "z": 0.5639790296554565
        },
        "tail": {
          "x": -0.054996930062770844,
          "y": -0.025070801377296448,
          "z": 0.6524601578712463
        }
      },
      "world_space": {
        "head": {
          "x": -0.020013513043522835,
          "y": 0.0763566792011261,
          "z": 1.5138330459594727
        },
        "tail": {
          "x": -0.054996930062770844,
          "y": 0.03817319869995117,
          "z": 1.6023142337799072
        },
        "rotation_quaternion": {
          "w": 0.5435396432876587,
          "x": 0.821144163608551,
          "y": -0.1354341357946396,
          "z": 0.10929137468338013
        },
        "matrix": [
          [
            0.9394259452819824,
            -0.341230571269989,
            0.032258741557598114,
            -0.020013513043522835
          ],
          [
            -0.10361499339342117,
            -0.37244418263435364,
            -0.9222524762153625,
            0.0763566792011261
          ],
          [
            0.32671746611595154,
            0.8630509972572327,
            -0.3852439522743225,
            1.5138330459594727
          ],
          [
            0.0,
            0.0,
            0.0,
            1.0
          ]
        ]
      },
      "bone_length_armature_space": 0.10252183871707529,
      "parent": "spine_01",
      "has_children": true,
      "is_end_bone": false
    },
    "head": {
      "name": "head",
      "local": {
        "location": {
          "x": 0.0,
          "y": 0.0,
          "z": 0.0
        },
        "rotation_quaternion": {
          "w": 0.9755947589874268,
          "x": -0.15687502920627594,
          "y": -0.0006706205895170569,
          "z": -0.15363840758800507
        },
        "scale": {
          "x": 1.0,
          "y": 1.0,
          "z": 1.0
        },
        "matrix_basis": [
          [
            0.9527896046638489,
            0.2999880611896515,
            0.046895552426576614,
            0.0
          ],
          [
            -0.29956725239753723,
            0.9035709500312805,
            0.30629897117614746,
            0.0
          ],
          [
            0.04951256886124611,
            -0.305886834859848,
            0.9507795572280884,
            0.0
          ],
          [
            0.0,
            0.0,
            0.0,
            1.0
          ]
        ],
        "rotation_mode": "QUATERNION"
      },
      "armature_space": {
        "head": {
          "x": -0.05499689653515816,
          "y": -0.02507091499865055,
          "z": 0.6524600386619568
        },
        "tail": {
          "x": -0.05305514112114906,
          "y": 0.015200329944491386,
          "z": 0.802219033241272
        }
      },
      "world_space": {
        "head": {
          "x": -0.05499689653515816,
          "y": 0.03817308694124222,
          "z": 1.6023139953613281
        },
        "tail": {
          "x": -0.05305514112114906,
          "y": 0.07844433188438416,
          "z": 1.752073049545288
        },
        "rotation_quaternion": {
          "w": 0.7916890978813171,
          "x": 0.6063343286514282,
          "y": -0.055315662175416946,
          "z": -0.05027206987142563
        },
        "matrix": [
          [
            0.9888258576393127,
            0.012520169839262962,
            -0.14854902029037476,
            -0.05499689653515816
          ],
          [
            -0.14667931199073792,
            0.25966334342956543,
            -0.9544948935508728,
            0.03817308694124222
          ],
          [
            0.026622269302606583,
            0.9656252861022949,
            0.25859910249710083,
            1.6023139953613281
          ],
          [
            0.0,
            0.0,
            0.0,
            1.0
          ]
        ]
      },
      "bone_length_armature_space": 0.1550912630380237,
      "parent": "neck_01",
      "has_children": false,
      "is_end_bone": true
    },
    "upperarm_l": {
      "name": "upperarm_l",
      "local": {
        "location": {
          "x": 0.0,
          "y": 0.0,
          "z": 0.0
        },
        "rotation_quaternion": {
          "w": 0.8870120048522949,
          "x": 0.39513781666755676,
          "y": 0.22687360644340515,
          "z": 0.07486080378293991
        },
        "scale": {
          "x": 1.0,
          "y": 1.0,
          "z": 1.0
        },
        "matrix_basis": [
          [
            0.8858484625816345,
            0.04648781940340996,
            0.4616398811340332,
            0.0
          ],
          [
            0.31209754943847656,
            0.6765239238739014,
            -0.6670160889625549,
            0.0
          ],
          [
            -0.34331855177879333,
            0.7349518537521362,
            0.5847889184951782,
            0.0
          ],
          [
            0.0,
            0.0,
            0.0,
            1.0
          ]
        ],
        "rotation_mode": "QUATERNION"
      },
      "armature_space": {
        "head": {
          "x": 0.13071028888225555,
          "y": -0.010876614600419998,
          "z": 0.502872884273529
        },
        "tail": {
          "x": 0.2989687919616699,
          "y": -0.21943263709545135,
          "z": 0.5039248466491699
        }
      },
      "world_space": {
        "head": {
          "x": 0.13071028888225555,
          "y": 0.05236738547682762,
          "z": 1.4527268409729004
        },
        "tail": {
          "x": 0.2989687919616699,
          "y": -0.15618863701820374,
          "z": 1.453778862953186
        },
        "rotation_quaternion": {
          "w": 0.17846094071865082,
          "x": 0.7991982698440552,
          "y": 0.2810869812965393,
          "z": -0.500423789024353
        },
        "matrix": [
          [
            0.3411317765712738,
            0.6279017925262451,
            -0.6995488405227661,
            0.13071028888225555
          ],
          [
            0.2706764042377472,
            -0.778282880783081,
            -0.5665777921676636,
            0.05236738547682762
          ],
          [
            -0.900208055973053,
            0.003925595432519913,
            -0.4354586601257324,
            1.4527268409729004
          ],
          [
            0.0,
            0.0,
            0.0,
            1.0
          ]
        ]
      },
      "bone_length_armature_space": 0.26796949304015105,
      "parent": "spine_01",
      "has_children": true,
      "is_end_bone": false
    },
    "lowerarm_l": {
      "name": "lowerarm_l",
      "local": {
        "location": {
          "x": 0.0,
          "y": 0.0,
          "z": 0.0
        },
        "rotation_quaternion": {
          "w": 0.8766331672668457,
          "x": 0.46902409195899963,
          "y": -0.08560017496347427,
          "z": -0.06483501195907593
        },
        "scale": {
          "x": 1.0,
          "y": 1.0,
          "z": 1.0
        },
        "matrix_basis": [
          [
            0.9769380688667297,
            0.03337595611810684,
            -0.2108982652425766,
            0.0
          ],
          [
            -0.19397012889385223,
            0.551625669002533,
            -0.8112244009971619,
            0.0
          ],
          [
            0.08926153928041458,
            0.833423912525177,
            0.5453780293464661,
            0.0
          ],
          [
            0.0,
            0.0,
            0.0,
            1.0
          ]
        ],
        "rotation_mode": "QUATERNION"
      },
      "armature_space": {
        "head": {
          "x": 0.29896876215934753,
          "y": -0.2194327563047409,
          "z": 0.5039249062538147
        },
        "tail": {
          "x": 0.19661223888397217,
          "y": -0.4552402198314667,
          "z": 0.4298474192619324
        }
      },
      "world_space": {
        "head": {
          "x": 0.29896876215934753,
          "y": -0.1561887562274933,
          "z": 1.4537789821624756
        },
        "tail": {
          "x": 0.19661223888397217,
          "y": -0.39199620485305786,
          "z": 1.3797013759613037
        },
        "rotation_quaternion": {
          "w": 0.23962733149528503,
          "x": -0.6987398862838745,
          "y": 0.043094661086797714,
          "z": 0.6726694703102112
        },
        "matrix": [
          [
            0.09131746739149094,
            -0.38260617852211,
            -0.9193878769874573,
            0.29896876215934753
          ],
          [
            0.262155681848526,
            -0.8814425468444824,
            0.3928535282611847,
            -0.1561887562274933
          ],
          [
            -0.9607019424438477,
            -0.27689987421035767,
            0.01981179416179657,
            1.4537789821624756
          ],
          [
            0.0,
            0.0,
            0.0,
            1.0
          ]
        ]
      },
      "bone_length_armature_space": 0.26752474610924026,
      "parent": "upperarm_l",
      "has_children": true,
      "is_end_bone": false
    },
    "metacarpal_thumb_l": {
      "name": "metacarpal_thumb_l",
      "local": {
        "location": {
          "x": 0.0,
          "y": 0.0,
          "z": 0.0
        },
        "rotation_quaternion": {
          "w": 0.9997954368591309,
          "x": -0.0009152530692517757,
          "y": -0.01788000948727131,
          "z": 0.00940864346921444
        },
        "scale": {
          "x": 1.0,
          "y": 1.0,
          "z": 1.0
        },
        "matrix_basis": [
          [
            0.9991835355758667,
            -0.01878070831298828,
            -0.03576992452144623,
            0.0
          ],
          [
            0.018846167251467705,
            0.9998213052749634,
            0.0014936784282326698,
            0.0
          ],
          [
            0.03573548048734665,
            -0.0021665850654244423,
            0.9993589520454407,
            0.0
          ],
          [
            0.0,
            0.0,
            0.0,
            1.0
          ]
        ],
        "rotation_mode": "QUATERNION"
      },
      "armature_space": {
        "head": {
          "x": 0.19661223888397217,
          "y": -0.4552402198314667,
          "z": 0.4298474192619324
        },
        "tail": {
          "x": 0.1552230566740036,
          "y": -0.47511643171310425,
          "z": 0.41126081347465515
        }
      },
      "world_space": {
        "head": {
          "x": 0.19661223888397217,
          "y": -0.39199620485305786,
          "z": 1.3797013759613037
        },
        "tail": {
          "x": 0.1552230566740036,
          "y": -0.4118724465370178,
          "z": 1.3611148595809937
        },
        "rotation_quaternion": {
          "w": 0.24084129929542542,
          "x": -0.8365627527236938,
          "y": 0.49128589034080505,
          "z": 0.028221551328897476
        },
        "matrix": [
          [
            0.5156828761100769,
            -0.8355767726898193,
            0.18942749500274658,
            0.19661223888397217
          ],
          [
            -0.8083903789520264,
            -0.4012666642665863,
            0.43068617582321167,
            -0.39199620485305786
          ],
          [
            -0.2838631570339203,
            -0.37523168325424194,
            -0.8824042081832886,
            1.3797013759613037
          ],
          [
            0.0,
            0.0,
            0.0,
            1.0
          ]
        ]
      },
      "bone_length_armature_space": 0.04953372692377815,
      "parent": "lowerarm_l",
      "has_children": true,
      "is_end_bone": false
    },
    "thumb_01_l": {
      "name": "thumb_01_l",
      "local": {
        "location": {
          "x": 0.0,
          "y": 0.0,
          "z": 0.0
        },
        "rotation_quaternion": {
          "w": 0.9998567700386047,
          "x": 0.01000926736742258,
          "y": -0.01184937171638012,
          "z": 0.006781567819416523
        },
        "scale": {
          "x": 1.0,
          "y": 1.0,
          "z": 1.0
        },
        "matrix_basis": [
          [
            0.9996272325515747,
            -0.013798399828374386,
            -0.02355959266424179,
            0.0
          ],
          [
            0.01332398597151041,
            0.9997076392173767,
            -0.02017638273537159,
            0.0
          ],
          [
            0.02383110672235489,
            0.0198549535125494,
            0.9995188117027283,
            0.0
          ],
          [
            0.0,
            0.0,
            0.0,
            1.0
          ]
        ],
        "rotation_mode": "QUATERNION"
      },
      "armature_space": {
        "head": {
          "x": 0.1552230566740036,
          "y": -0.47511643171310425,
          "z": 0.41126081347465515
        },
        "tail": {
          "x": 0.1397705376148224,
          "y": -0.4702012538909912,
          "z": 0.3813326060771942
        }
      },
      "world_space": {
        "head": {
          "x": 0.1552230566740036,
          "y": -0.4118724465370178,
          "z": 1.3611148595809937
        },
        "tail": {
          "x": 0.1397705376148224,
          "y": -0.4069572687149048,
          "z": 1.3311866521835327
        },
        "rotation_quaternion": {
          "w": 0.0658431351184845,
          "x": -0.3495185077190399,
          "y": 0.7535684704780579,
          "z": -0.5528436303138733
        },
        "matrix": [
          [
            -0.7470014095306396,
            -0.45397070050239563,
            0.485694944858551,
            0.1552230566740036
          ],
          [
            -0.5995761752128601,
            0.14440025389194489,
            -0.7871833443641663,
            -0.4118724465370178
          ],
          [
            0.2872251868247986,
            -0.8792440891265869,
            -0.3800605833530426,
            1.3611148595809937
          ],
          [
            0.0,
            0.0,
            0.0,
            1.0
          ]
        ]
      },
      "bone_length_armature_space": 0.03403875638815613,
      "parent": "metacarpal_thumb_l",
      "has_children": true,
      "is_end_bone": false
    },
    "thumb_02_l": {
      "name": "thumb_02_l",
      "local": {
        "location": {
          "x": 0.0,
          "y": 0.0,
          "z": 0.0
        },
        "rotation_quaternion": {
          "w": 0.9967139959335327,
          "x": 0.08088656514883041,
          "y": -0.004192458465695381,
          "z": -0.001037977053783834
        },
        "scale": {
          "x": 1.0,
          "y": 1.0,
          "z": 1.0
        },
        "matrix_basis": [
          [
            0.9999626874923706,
            0.0013909053523093462,
            -0.008525281213223934,
            0.0
          ],
          [
            -0.002747359685599804,
            0.9869125485420227,
            -0.1612328439950943,
            0.0
          ],
          [
            0.008189447224140167,
            0.1612502485513687,
            0.9868795871734619,
            0.0
          ],
          [
            0.0,
            0.0,
            0.0,
            1.0
          ]
        ],
        "rotation_mode": "QUATERNION"
      },
      "armature_space": {
        "head": {
          "x": 0.1397705376148224,
          "y": -0.47020119428634644,
          "z": 0.3813326358795166
        },
        "tail": {
          "x": 0.1263827532529831,
          "y": -0.5051789283752441,
          "z": 0.3668237328529358
        }
      },
      "world_space": {
        "head": {
          "x": 0.1397705376148224,
          "y": -0.40695720911026,
          "z": 1.3311866521835327
        },
        "tail": {
          "x": 0.1263827532529831,
          "y": -0.4419349431991577,
          "z": 1.3166778087615967
        },
        "rotation_quaternion": {
          "w": 0.11196532845497131,
          "x": 0.27557849884033203,
          "y": -0.22810499370098114,
          "z": 0.9270859956741333
        },
        "matrix": [
          [
            -0.8230409026145935,
            -0.33332449197769165,
            0.4598897397518158,
            0.1397705376148224
          ],
          [
            0.08188210427761078,
            -0.8708641529083252,
            -0.4846559762954712,
            -0.40695720911026
          ],
          [
            0.5620532035827637,
            -0.36123812198638916,
            0.744054913520813,
            1.3311866521835327
          ],
          [
            0.0,
            0.0,
            0.0,
            1.0
          ]
        ]
      },
      "bone_length_armature_space": 0.04016444879541613,
      "parent": "thumb_01_l",
      "has_children": true,
      "is_end_bone": false
    },
    "thumb_03_l": {
      "name": "thumb_03_l",
      "local": {
        "location": {
          "x": 0.0,
          "y": 0.0,
          "z": 0.0
        },
        "rotation_quaternion": {
          "w": 0.9981673955917358,
          "x": 0.06048989295959473,
          "y": -0.0008750902488827705,
          "z": 0.0014860588125884533
        },
        "scale": {
          "x": 1.0,
          "y": 1.0,
          "z": 1.0
        },
        "matrix_basis": [
          [
            0.9999940395355225,
            -0.003072539111599326,
            -0.001567190047353506,
            0.0
          ],
          [
            0.0028608026914298534,
            0.9926775097846985,
            -0.12076067924499512,
            0.0
          ],
          [
            0.0019267562311142683,
            0.12075547873973846,
            0.9926804304122925,
            0.0
          ],
          [
            0.0,
            0.0,
            0.0,
            1.0
          ]
        ],
        "rotation_mode": "QUATERNION"
      },
      "armature_space": {
        "head": {
          "x": 0.12638269364833832,
          "y": -0.5051788687705994,
          "z": 0.3668237030506134
        },
        "tail": {
          "x": 0.12527529895305634,
          "y": -0.5354008674621582,
          "z": 0.3633168637752533
        }
      },
      "world_space": {
        "head": {
          "x": 0.12638269364833832,
          "y": -0.44193488359451294,
          "z": 1.3166776895523071
        },
        "tail": {
          "x": 0.12527529895305634,
          "y": -0.4721568822860718,
          "z": 1.3131709098815918
        },
        "rotation_quaternion": {
          "w": 0.013196704909205437,
          "x": 0.08574168384075165,
          "y": -0.059050288051366806,
          "z": 0.9944784045219421
        },
        "matrix": [
          [
            -0.9849485158920288,
            -0.036373645067214966,
            0.16897796094417572,
            0.12638269364833832
          ],
          [
            0.016121719032526016,
            -0.9926780462265015,
            -0.11971116811037064,
            -0.44193488359451294
          ],
          [
            0.17209625244140625,
            -0.1151866465806961,
            0.9783300161361694,
            1.3166776895523071
          ],
          [
            0.0,
            0.0,
            0.0,
            1.0
          ]
        ]
      },
      "bone_length_armature_space": 0.03044492442214952,
      "parent": "thumb_02_l",
      "has_children": false,
      "is_end_bone": true
    },
    "metacarpal_index_l": {
      "name": "metacarpal_index_l",
      "local": {
        "location": {
          "x": 0.0,
          "y": 0.0,
          "z": 0.0
        },
        "rotation_quaternion": {
          "w": 0.9997172355651855,
          "x": -0.0012343823909759521,
          "y": -0.017392151057720184,
          "z": 0.016172237694263458
        },
        "scale": {
          "x": 1.0,
          "y": 1.0,
          "z": 1.0
        },
        "matrix_basis": [
          [
            0.998871922492981,
            -0.03229239210486412,
            -0.034814391285181046,
            0.0
          ],
          [
            0.032378267496824265,
            0.9994738698005676,
            0.0019055267330259085,
            0.0
          ],
          [
            0.034734539687633514,
            -0.0030306067783385515,
            0.9993919730186462,
            0.0
          ],
          [
            0.0,
            0.0,
            0.0,
            1.0
          ]
        ],
        "rotation_mode": "QUATERNION"
      },
      "armature_space": {
        "head": {
          "x": 0.19661223888397217,
          "y": -0.4552402198314667,
          "z": 0.4298474192619324
        },
        "tail": {
          "x": 0.11920721083879471,
          "y": -0.5367195010185242,
          "z": 0.39669883251190186
        }
      },
      "world_space": {
        "head": {
          "x": 0.19661223888397217,
          "y": -0.39199620485305786,
          "z": 1.3797013759613037
        },
        "tail": {
          "x": 0.11920721083879471,
          "y": -0.47347551584243774,
          "z": 1.346552848815918
        },
        "rotation_quaternion": {
          "w": 0.2615591585636139,
          "x": -0.8710616230964661,
          "y": 0.28964629769325256,
          "z": 0.2982340455055237
        },
        "matrix": [
          [
            0.6543232798576355,
            -0.6606118083000183,
            -0.3680402934551239,
            0.19661223888397217
          ],
          [
            -0.34858912229537964,
            -0.6953835487365723,
            0.6284328103065491,
            -0.39199620485305786
          ],
          [
            -0.6710841059684753,
            -0.2829059362411499,
            -0.6852917671203613,
            1.3797013759613037
          ],
          [
            0.0,
            0.0,
            0.0,
            1.0
          ]
        ]
      },
      "bone_length_armature_space": 0.11717184280067466,
      "parent": "lowerarm_l",
      "has_children": true,
      "is_end_bone": false
    },
    "index_01_l": {
      "name": "index_01_l",
      "local": {
        "location": {
          "x": 0.0,
          "y": 0.0,
          "z": 0.0
        },
        "rotation_quaternion": {
          "w": 0.991291880607605,
          "x": -0.1307162642478943,
          "y": 0.013129137456417084,
          "z": -0.009019169956445694
        },
        "scale": {
          "x": 1.0,
          "y": 1.0,
          "z": 1.0
        },
        "matrix_basis": [
          [
            0.9994925856590271,
            0.014448876492679119,
            0.028387518599629402,
            0.0
          ],
          [
            -0.02131364308297634,
            0.9656638503074646,
            0.2589191198348999,
            0.0
          ],
          [
            -0.02367171086370945,
            -0.25939276814460754,
            0.9654817581176758,
            0.0
          ],
          [
            0.0,
            0.0,
            0.0,
            1.0
          ]
        ],
        "rotation_mode": "QUATERNION"
      },
      "armature_space": {
        "head": {
          "x": 0.11920721083879471,
          "y": -0.5367195010185242,
          "z": 0.39669883251190186
        },
        "tail": {
          "x": 0.1132136881351471,
          "y": -0.5639984607696533,
          "z": 0.39095377922058105
        }
      },
      "world_space": {
        "head": {
          "x": 0.11920721083879471,
          "y": -0.47347551584243774,
          "z": 1.346552848815918
        },
        "tail": {
          "x": 0.1132136881351471,
          "y": -0.5007544755935669,
          "z": 1.3408077955245972
        },
        "rotation_quaternion": {
          "w": 0.12533733248710632,
          "x": -0.9571861624717712,
          "y": 0.07715801894664764,
          "z": 0.249262735247612
        },
        "matrix": [
          [
            0.8638298511505127,
            -0.21019306778907776,
            -0.4578400254249573,
            0.11920721083879471
          ],
          [
            -0.08522559702396393,
            -0.9566747546195984,
            0.27840718626976013,
            -0.47347551584243774
          ],
          [
            -0.49652665853500366,
            -0.201478973031044,
            -0.8443233370780945,
            1.346552848815918
          ],
          [
            0.0,
            0.0,
            0.0,
            1.0
          ]
        ]
      },
      "bone_length_armature_space": 0.028514375204057335,
      "parent": "metacarpal_index_l",
      "has_children": true,
      "is_end_bone": false
    },
    "index_02_l": {
      "name": "index_02_l",
      "local": {
        "location": {
          "x": 0.0,
          "y": 0.0,
          "z": 0.0
        },
        "rotation_quaternion": {
          "w": 0.9985547661781311,
          "x": 0.05310176685452461,
          "y": 0.0035580764524638653,
          "z": -0.00749318627640605
        },
        "scale": {
          "x": 1.0,
          "y": 1.0,
          "z": 1.0
        },
        "matrix_basis": [
          [
            0.9998623728752136,
            0.015342594124376774,
            0.006310065742582083,
            0.0
          ],
          [
            -0.01458683330565691,
            0.99424809217453,
            -0.10610336810350418,
            0.0
          ],
          [
            -0.007901671342551708,
            0.10599672049283981,
            0.9943350553512573,
            0.0
          ],
          [
            0.0,
            0.0,
            0.0,
            1.0
          ]
        ],
        "rotation_mode": "QUATERNION"
      },
      "armature_space": {
        "head": {
          "x": 0.11321326345205307,
          "y": -0.5639987587928772,
          "z": 0.39095357060432434
        },
        "tail": {
          "x": 0.10786158591508865,
          "y": -0.5880265235900879,
          "z": 0.38373422622680664
        }
      },
      "world_space": {
        "head": {
          "x": 0.11321326345205307,
          "y": -0.5007547736167908,
          "z": 1.340807557106018
        },
        "tail": {
          "x": 0.10786158591508865,
          "y": -0.5247825384140015,
          "z": 1.3335882425308228
        },
        "rotation_quaternion": {
          "w": 0.16674421727657318,
          "x": -0.9455902576446533,
          "y": 0.06228348985314369,
          "z": 0.27235326170921326
        },
        "matrix": [
          [
            0.8438893556594849,
            -0.20861589908599854,
            -0.49429816007614136,
            0.11321326345205307
          ],
          [
            -0.026962995529174805,
            -0.9366346001625061,
            0.3492690920829773,
            -0.5007547736167908
          ],
          [
            -0.5358434915542603,
            -0.2814194858074188,
            -0.7960459589958191,
            1.340807557106018
          ],
          [
            0.0,
            0.0,
            0.0,
            1.0
          ]
        ]
      },
      "bone_length_armature_space": 0.025653321108498474,
      "parent": "index_01_l",
      "has_children": true,
      "is_end_bone": false
    },
    "index_03_l": {
      "name": "index_03_l",
      "local": {
        "location": {
          "x": 0.0,
          "y": 0.0,
          "z": 0.0
        },
        "rotation_quaternion": {
          "w": 0.9999218583106995,
          "x": 0.0119094243273139,
          "y": 0.003761022351682186,
          "z": 0.0005589186912402511
        },
        "scale": {
          "x": 1.0,
          "y": 1.0,
          "z": 1.0
        },
        "matrix_basis": [
          [
            0.9999710917472839,
            -0.0010281668510288,
            0.007534769829362631,
            0.0
          ],
          [
            0.0012073332909494638,
            0.9997156858444214,
            -0.023812783882021904,
            0.0
          ],
          [
            -0.007508144248276949,
            0.023821191862225533,
            0.9996880292892456,
            0.0
          ],
          [
            0.0,
            0.0,
            0.0,
            1.0
          ]
        ],
        "rotation_mode": "QUATERNION"
      },
      "armature_space": {
        "head": {
          "x": 0.10786163061857224,
          "y": -0.5880265235900879,
          "z": 0.3837343752384186
        },
        "tail": {
          "x": 0.10246659070253372,
          "y": -0.6140385866165161,
          "z": 0.37156882882118225
        }
      },
      "world_space": {
        "head": {
          "x": 0.10786163061857224,
          "y": -0.5247825384140015,
          "z": 1.3335883617401123
        },
        "tail": {
          "x": 0.10246659070253372,
          "y": -0.5507946014404297,
          "z": 1.321422815322876
        },
        "rotation_quaternion": {
          "w": 0.2302493453025818,
          "x": -0.946054995059967,
          "y": 0.04310683161020279,
          "z": 0.22384612262248993
        },
        "matrix": [
          [
            0.8960698843002319,
            -0.18464359641075134,
            -0.40369051694869995,
            0.10786163061857224
          ],
          [
            0.021517591550946236,
            -0.8902544975280762,
            0.4549551010131836,
            -0.5247825384140015
          ],
          [
            -0.44339486956596375,
            -0.4163616895675659,
            -0.7937620282173157,
            1.3335883617401123
          ],
          [
            0.0,
            0.0,
            0.0,
            1.0
          ]
        ]
      },
      "bone_length_armature_space": 0.02921873399932595,
      "parent": "index_02_l",
      "has_children": false,
      "is_end_bone": true
    },
    "metacarpal_pinky_l": {
      "name": "metacarpal_pinky_l",
      "local": {
        "location": {
          "x": 0.0,
          "y": 0.0,
          "z": 0.0
        },
        "rotation_quaternion": {
          "w": 0.9994687438011169,
          "x": -0.02650267630815506,
          "y": 0.001918542431667447,
          "z": 0.01887599192559719
        },
        "scale": {
          "x": 1.0,
          "y": 1.0,
          "z": 1.0
        },
        "matrix_basis": [
          [
            0.9992800354957581,
            -0.037833619862794876,
            0.002834517741575837,
            0.0
          ],
          [
            0.03763023391366005,
            0.997882604598999,
            0.05304962024092674,
            0.0
          ],
          [
            -0.004835574887692928,
            -0.05290476605296135,
            0.9985878467559814,
            0.0
          ],
          [
            0.0,
            0.0,
            0.0,
            1.0
          ]
        ],
        "rotation_mode": "QUATERNION"
      },
      "armature_space": {
        "head": {
          "x": 0.19661223888397217,
          "y": -0.4552402198314667,
          "z": 0.4298474192619324
        },
        "tail": {
          "x": 0.19341905415058136,
          "y": -0.5541824102401733,
          "z": 0.3975442945957184
        }
      },
      "world_space": {
        "head": {
          "x": 0.19661223888397217,
          "y": -0.39199620485305786,
          "z": 1.3797013759613037
        },
        "tail": {
          "x": 0.19341905415058136,
          "y": -0.4909384250640869,
          "z": 1.347398281097412
        },
        "rotation_quaternion": {
          "w": 0.043778128921985626,
          "x": -0.17922194302082062,
          "y": -0.1516493409872055,
          "z": 0.9710640907287598
        },
        "matrix": [
          [
            -0.9319261908531189,
            -0.030665185302495956,
            -0.361349880695343,
            0.19661223888397217
          ],
          [
            0.13938046991825104,
            -0.9501723051071167,
            -0.27882981300354004,
            -0.39199620485305786
          ],
          [
            -0.33479636907577515,
            -0.3102169632911682,
            0.8897702693939209,
            1.3797013759613037
          ],
          [
            0.0,
            0.0,
            0.0,
            1.0
          ]
        ]
      },
      "bone_length_armature_space": 0.1041309056206869,
      "parent": "lowerarm_l",
      "has_children": true,
      "is_end_bone": false
    },
    "pinky_01_l": {
      "name": "pinky_01_l",
      "local": {
        "location": {
          "x": 0.0,
          "y": 0.0,
          "z": 0.0
        },
        "rotation_quaternion": {
          "w": 0.9488959312438965,
          "x": 0.31529563665390015,
          "y": -0.011384564451873302,
          "z": 0.007456525228917599
        },
        "scale": {
          "x": 1.0,
          "y": 1.0,
          "z": 1.0
        },
        "matrix_basis": [
          [
            0.999629557132721,
            -0.021329939365386963,
            -0.01690351404249668,
            0.0
          ],
          [
            0.006971925962716341,
            0.8010661005973816,
            -0.5985352993011475,
            0.0
          ],
          [
            0.02630755305290222,
            0.5981957316398621,
            0.8009181022644043,
            0.0
          ],
          [
            0.0,
            0.0,
            0.0,
            1.0
          ]
        ],
        "rotation_mode": "QUATERNION"
      },
      "armature_space": {
        "head": {
          "x": 0.19341905415058136,
          "y": -0.5541824102401733,
