{
  "metadata": {
    "armature_name": "KIM_caucasian_male",
    "export_time": "2026-01-13T21:02:12.195630",
    "blender_version": "4.4.1",
    "bone_count": 56,
    "end_bone_count": 13,
    "spaces_included": [
      "LOCAL_CHANNELS",
      "ARMATURE_SPACE",
      "WORLD_SPACE"
    ],
    "note": "LOCAL matches Transform panel; replay pose via local.matrix_basis for best fidelity."
  },
  "bones": {
    "Root": {
      "name": "Root",
      "local": {
        "location": {
          "x": 0.0,
          "y": 0.0,
          "z": 0.0
        },
        "rotation_quaternion": {
          "w": 0.9997597336769104,
          "x": 0.005840010941028595,
          "y": -0.0027049288619309664,
          "z": -0.020952101796865463
        },
        "scale": {
          "x": 1.0,
          "y": 1.0,
          "z": 1.0
        },
        "matrix_basis": [
          [
            0.9991073608398438,
            0.04186253994703293,
            -0.005653278902173042,
            0.0
          ],
          [
            -0.04192572832107544,
            0.9990538358688354,
            -0.011563867330551147,
            0.0
          ],
          [
            0.005163836758583784,
            0.011790563352406025,
            0.9999171495437622,
            0.0
          ],
          [
            0.0,
            0.0,
            0.0,
            1.0
          ]
        ],
        "rotation_mode": "QUATERNION"
      },
      "armature_space": {
        "head": {
          "x": 0.0,
          "y": 0.07072800397872925,
          "z": -0.009595036506652832
        },
        "tail": {
          "x": 0.0029879752546548843,
          "y": -4.620850086212158e-05,
          "z": -0.0008430080488324165
        }
      },
      "world_space": {
        "head": {
          "x": 0.0,
          "y": 0.13397200405597687,
          "z": 0.9402589797973633
        },
        "tail": {
          "x": 0.0029879752546548843,
          "y": 0.0631977915763855,
          "z": 0.9490110278129578
        },
        "rotation_quaternion": {
          "w": 0.061524733901023865,
          "x": 0.997882068157196,
          "y": 0.020722277462482452,
          "z": -0.00411028228700161
        },
        "matrix": [
          [
            0.9991073608398438,
            0.04186253994703293,
            -0.005653278902173042,
            0.0
          ],
          [
            0.04085100069642067,
            -0.9915705919265747,
            -0.12295965850353241,
            0.13397200405597687
          ],
          [
            -0.010753065347671509,
            0.12261886894702911,
            -0.9924026727676392,
            0.9402589797973633
          ],
          [
            0.0,
            0.0,
            0.0,
            1.0
          ]
        ]
      },
      "bone_length_armature_space": 0.07137587134717875,
      "parent": null,
      "has_children": true,
      "is_end_bone": false
    },
    "spine_01": {
      "name": "spine_01",
      "local": {
        "location": {
          "x": 0.0,
          "y": 0.0,
          "z": 0.0
        },
        "rotation_quaternion": {
          "w": 0.998542070388794,
          "x": -0.018659651279449463,
          "y": -0.026529738679528236,
          "z": -0.043148428201675415
        },
        "scale": {
          "x": 1.0,
          "y": 1.0,
          "z": 1.0
        },
        "matrix_basis": [
          [
            0.9948687553405762,
            0.0871611163020134,
            -0.051371850073337555,
            0.0
          ],
          [
            -0.08518096804618835,
            0.9955800771713257,
            0.039554327726364136,
            0.0
          ],
          [
            0.05459238961338997,
            -0.03497546166181564,
            0.9978959560394287,
            0.0
          ],
          [
            0.0,
            0.0,
            0.0,
            1.0
          ]
        ],
        "rotation_mode": "QUATERNION"
      },
      "armature_space": {
        "head": {
          "x": 0.0029879752546548843,
          "y": -4.620850086212158e-05,
          "z": -0.0008430080488324165
        },
        "tail": {
          "x": 0.04930662363767624,
          "y": 0.03586330637335777,
          "z": 0.4836295247077942
        }
      },
      "world_space": {
        "head": {
          "x": 0.0029879752546548843,
          "y": 0.0631977915763855,
          "z": 0.9490110278129578
        },
        "tail": {
          "x": 0.04930662363767624,
          "y": 0.09910731017589569,
          "z": 1.433483600616455
        },
        "rotation_quaternion": {
          "w": 0.7320982813835144,
          "x": 0.6795223355293274,
          "y": 0.02871176041662693,
          "z": -0.03817415237426758
        },
        "matrix": [
          [
            0.9954366683959961,
            0.09491501748561859,
            -0.00984133780002594,
            0.0029879752546548843
          ],
          [
            -0.01687457412481308,
            0.07358488440513611,
            -0.9971462488174438,
            0.0631977915763855
          ],
          [
            -0.09392064064741135,
            0.9927691221237183,
            0.07485035061836243,
            0.9490110278129578
          ],
          [
            0.0,
            0.0,
            0.0,
            1.0
          ]
        ]
      },
      "bone_length_armature_space": 0.48800466631443346,
      "parent": "Root",
      "has_children": true,
      "is_end_bone": false
    },
    "neck_01": {
      "name": "neck_01",
      "local": {
        "location": {
          "x": 0.0,
          "y": 0.0,
          "z": 0.0
        },
        "rotation_quaternion": {
          "w": 0.9902084469795227,
          "x": 0.061812933534383774,
          "y": -0.10491251200437546,
          "z": -0.06826349347829819
        },
        "scale": {
          "x": 1.0,
          "y": 1.0,
          "z": 1.0
        },
        "matrix_basis": [
          [
            0.9686669111251831,
            0.12222027778625488,
            -0.21620965003967285,
            0.0
          ],
          [
            -0.14816007018089294,
            0.9830384850502014,
            -0.10809198766946793,
            0.0
          ],
          [
            0.1993313729763031,
            0.13673876225948334,
            0.9703450798988342,
            0.0
          ],
          [
            0.0,
            0.0,
            0.0,
            1.0
          ]
        ],
        "rotation_mode": "QUATERNION"
      },
      "armature_space": {
        "head": {
          "x": 0.055914849042892456,
          "y": 0.006669607013463974,
          "z": 0.5589144229888916
        },
        "tail": {
          "x": 0.07620120793581009,
          "y": -0.038202691823244095,
          "z": 0.648834764957428
        }
      },
      "world_space": {
        "head": {
          "x": 0.055914849042892456,
          "y": 0.06991361081600189,
          "z": 1.5087684392929077
        },
        "tail": {
          "x": 0.07620120793581009,
          "y": 0.025041308254003525,
          "z": 1.5986888408660889
        },
        "rotation_quaternion": {
          "w": 0.5301277041435242,
          "x": 0.8307512998580933,
          "y": 0.01099503692239523,
          "z": -0.16939903795719147
        },
        "matrix": [
          [
            0.942366361618042,
            0.1978745311498642,
            -0.2697983384132385,
            0.055914849042892456
          ],
          [
            -0.16133706271648407,
            -0.43768739700317383,
            -0.8845340609550476,
            0.06991361081600189
          ],
          [
            -0.2931162416934967,
            0.8770892024040222,
            -0.3805409073829651,
            1.5087684392929077
          ],
          [
            0.0,
            0.0,
            0.0,
            1.0
          ]
        ]
      },
      "bone_length_armature_space": 0.10252183956871327,
      "parent": "spine_01",
      "has_children": true,
      "is_end_bone": false
    },
    "head": {
      "name": "head",
      "local": {
        "location": {
          "x": 0.0,
          "y": 0.0,
          "z": 0.0
        },
        "rotation_quaternion": {
          "w": 0.9918493032455444,
          "x": -0.06125260517001152,
          "y": 0.004326604772359133,
          "z": -0.11164441704750061
        },
        "scale": {
          "x": 1.0,
          "y": 1.0,
          "z": 1.0
        },
        "matrix_basis": [
          [
            0.9750335812568665,
            0.22093884646892548,
            0.022259702906012535,
            0.0
          ],
          [
            -0.2219989001750946,
            0.9675672650337219,
            0.12054062634706497,
            0.0
          ],
          [
            0.005094342865049839,
            -0.12247279286384583,
            0.9924588203430176,
            0.0
          ],
          [
            0.0,
            0.0,
            0.0,
            1.0
          ]
        ],
        "rotation_mode": "QUATERNION"
      },
      "armature_space": {
        "head": {
          "x": 0.07620115578174591,
          "y": -0.03820279613137245,
          "z": 0.6488346457481384
        },
        "tail": {
          "x": 0.1541840136051178,
          "y": -0.038412731140851974,
          "z": 0.7828937768936157
        }
      },
      "world_space": {
        "head": {
          "x": 0.07620115578174591,
          "y": 0.025041203945875168,
          "z": 1.5986886024475098
        },
        "tail": {
          "x": 0.1541840136051178,
          "y": 0.024831268936395645,
          "z": 1.7327477931976318
        },
        "rotation_quaternion": {
          "w": 0.6938663125038147,
          "x": 0.6678957939147949,
          "y": 0.13368713855743408,
          "z": -0.23365052044391632
        },
        "matrix": [
          [
            0.8550699353218079,
            0.5028225779533386,
            -0.1265886425971985,
            0.07620115578174591
          ],
          [
            -0.14566953480243683,
            -0.001353621482849121,
            -0.9893326759338379,
            0.025041203945875168
          ],
          [
            -0.4976336359977722,
            0.8643946647644043,
            0.07208798825740814,
            1.5986886024475098
          ],
          [
            0.0,
            0.0,
            0.0,
            1.0
          ]
        ]
      },
      "bone_length_armature_space": 0.15509100856494415,
      "parent": "neck_01",
      "has_children": false,
      "is_end_bone": true
    },
    "upperarm_l": {
      "name": "upperarm_l",
      "local": {
        "location": {
          "x": 0.0,
          "y": 0.0,
          "z": 0.0
        },
        "rotation_quaternion": {
          "w": 0.9056085348129272,
          "x": -0.056337397545576096,
          "y": 0.41702020168304443,
          "z": -0.05285320058465004
        },
        "scale": {
          "x": 1.0,
          "y": 1.0,
          "z": 1.0
        },
        "matrix_basis": [
          [
            0.6466013789176941,
            0.04874095320701599,
            0.7612693309783936,
            0.0
          ],
          [
            -0.14271628856658936,
            0.9880653023719788,
            0.05795755237340927,
            0.0
          ],
          [
            -0.7493588924407959,
            -0.14612096548080444,
            0.6458405256271362,
            0.0
          ],
          [
            0.0,
            0.0,
            0.0,
            1.0
          ]
        ],
        "rotation_mode": "QUATERNION"
      },
      "armature_space": {
        "head": {
          "x": 0.19881995022296906,
          "y": -0.003987081348896027,
          "z": 0.47834324836730957
        },
        "tail": {
          "x": 0.4591076374053955,
          "y": 0.03991425409913063,
          "z": 0.43218448758125305
        }
      },
      "world_space": {
        "head": {
          "x": 0.19881995022296906,
          "y": 0.05925691872835159,
          "z": 1.4281972646713257
        },
        "tail": {
          "x": 0.4591076374053955,
          "y": 0.10315825045108795,
          "z": 1.3820384740829468
        },
        "rotation_quaternion": {
          "w": 0.22061610221862793,
          "x": 0.5768023133277893,
          "y": 0.7302359342575073,
          "z": -0.29220378398895264
        },
        "matrix": [
          [
            -0.23725414276123047,
            0.9713335037231445,
            -0.014886487275362015,
            0.19881995022296906
          ],
          [
            0.7134745717048645,
            0.16382963955402374,
            -0.6812593340873718,
            0.05925691872835159
          ],
          [
            -0.6592950224876404,
            -0.1722538024187088,
            -0.7318967580795288,
            1.4281972646713257
          ],
          [
            0.0,
            0.0,
            0.0,
            1.0
          ]
        ]
      },
      "bone_length_armature_space": 0.2679694850389531,
      "parent": "spine_01",
      "has_children": true,
      "is_end_bone": false
    },
    "lowerarm_l": {
      "name": "lowerarm_l",
      "local": {
        "location": {
          "x": 0.0,
          "y": 0.0,
          "z": 0.0
        },
        "rotation_quaternion": {
          "w": 0.9243109226226807,
          "x": 0.3669472634792328,
          "y": -0.09677327424287796,
          "z": 0.040423016995191574
        },
        "scale": {
          "x": 1.0,
          "y": 1.0,
          "z": 1.0
        },
        "matrix_basis": [
          [
            0.9780018329620361,
            -0.14574824273586273,
            -0.14923095703125,
            0.0
          ],
          [
            0.0037054959684610367,
            0.7274313569068909,
            -0.6861704587936401,
            0.0
          ],
          [
            0.2085634171962738,
            0.6705229878425598,
            0.711969256401062,
            0.0
          ],
          [
            0.0,
            0.0,
            0.0,
            1.0
          ]
        ],
        "rotation_mode": "QUATERNION"
      },
      "armature_space": {
        "head": {
          "x": 0.45910775661468506,
          "y": 0.039914149791002274,
          "z": 0.43218451738357544
        },
        "tail": {
          "x": 0.6380195617675781,
          "y": -0.11889778077602386,
          "z": 0.31243932247161865
        }
      },
      "world_space": {
        "head": {
          "x": 0.45910775661468506,
          "y": 0.1031581461429596,
          "z": 1.3820385932922363
        },
        "tail": {
          "x": 0.6380195617675781,
          "y": -0.055653780698776245,
          "z": 1.2622933387756348
        },
        "rotation_quaternion": {
          "w": 0.09069165587425232,
          "x": 0.6267611980438232,
          "y": 0.4415383040904999,
          "z": -0.6356015205383301
        },
        "matrix": [
          [
            -0.1978922039270401,
            0.6687681078910828,
            -0.7166501879692078,
            0.45910775661468506
          ],
          [
            0.438190221786499,
            -0.5936351418495178,
            -0.6749718189239502,
            0.1031581461429596
          ],
          [
            -0.8768341541290283,
            -0.44760459661483765,
            -0.17557388544082642,
            1.3820385932922363
          ],
          [
            0.0,
            0.0,
            0.0,
            1.0
          ]
        ]
      },
      "bone_length_armature_space": 0.2675249036361035,
      "parent": "upperarm_l",
      "has_children": true,
      "is_end_bone": false
    },
    "metacarpal_thumb_l": {
      "name": "metacarpal_thumb_l",
      "local": {
        "location": {
          "x": 0.0,
          "y": 0.0,
          "z": 0.0
        },
        "rotation_quaternion": {
          "w": 0.9998298287391663,
          "x": -0.01293306052684784,
          "y": -0.010909268632531166,
          "z": -0.00736491521820426
        },
        "scale": {
          "x": 1.0,
          "y": 1.0,
          "z": 1.0
        },
        "matrix_basis": [
          [
            0.9996535181999207,
            0.015009504742920399,
            -0.02162432298064232,
            0.0
          ],
          [
            -0.01444514375180006,
            0.9995569586753845,
            0.02602241188287735,
            0.0
          ],
          [
            0.02200532704591751,
            -0.025701027363538742,
            0.9994274377822876,
            0.0
          ],
          [
            0.0,
            0.0,
            0.0,
            1.0
          ]
        ],
        "rotation_mode": "QUATERNION"
      },
      "armature_space": {
        "head": {
          "x": 0.6380195617675781,
          "y": -0.11889778077602386,
          "z": 0.31243932247161865
        },
        "tail": {
          "x": 0.6425330638885498,
          "y": -0.15831613540649414,
          "z": 0.28278428316116333
        }
      },
      "world_space": {
        "head": {
          "x": 0.6380195617675781,
          "y": -0.055653780698776245,
          "z": 1.2622933387756348
        },
        "tail": {
          "x": 0.6425330638885498,
          "y": -0.09507213532924652,
          "z": 1.2326383590698242
        },
        "rotation_quaternion": {
          "w": 0.30625119805336,
          "x": -0.9385169148445129,
          "y": -0.09119134396314621,
          "z": 0.13069184124469757
        },
        "matrix": [
          [
            0.9492073655128479,
            0.09112032502889633,
            -0.30116790533065796,
            0.6380195617675781
          ],
          [
            0.25121840834617615,
            -0.7957890629768372,
            0.5510072708129883,
            -0.055653780698776245
          ],
          [
            -0.18945924937725067,
            -0.5986842513084412,
            -0.7782649993896484,
            1.2622933387756348
          ],
          [
            0.0,
            0.0,
            0.0,
            1.0
          ]
        ]
      },
      "bone_length_armature_space": 0.04953382454975674,
      "parent": "lowerarm_l",
      "has_children": true,
      "is_end_bone": false
    },
    "thumb_01_l": {
      "name": "thumb_01_l",
      "local": {
        "location": {
          "x": 0.0,
          "y": 0.0,
          "z": 0.0
        },
        "rotation_quaternion": {
          "w": 0.9963958263397217,
          "x": -0.08419454097747803,
          "y": 0.0030132231768220663,
          "z": -0.009887284599244595
        },
        "scale": {
          "x": 1.0,
          "y": 1.0,
          "z": 1.0
        },
        "matrix_basis": [
          [
            0.9997863173484802,
            0.019195904955267906,
            0.007669636979699135,
            0.0
          ],
          [
            -0.020210692659020424,
            0.9856270551681519,
            0.16772259771823883,
            0.0
          ],
          [
            -0.004339815117418766,
            -0.16784176230430603,
            0.9858043789863586,
            0.0
          ],
          [
            0.0,
            0.0,
            0.0,
            1.0
          ]
        ],
        "rotation_mode": "QUATERNION"
      },
      "armature_space": {
        "head": {
          "x": 0.6425330638885498,
          "y": -0.15831613540649414,
          "z": 0.28278428316116333
        },
        "tail": {
          "x": 0.6281028389930725,
          "y": -0.16520559787750244,
          "z": 0.25273531675338745
        }
      },
      "world_space": {
        "head": {
          "x": 0.6425330638885498,
          "y": -0.09507213532924652,
          "z": 1.2326383590698242
        },
        "tail": {
          "x": 0.6281028389930725,
          "y": -0.10196159780025482,
          "z": 1.2025892734527588
        },
        "rotation_quaternion": {
          "w": 0.3882788419723511,
          "x": -0.6944636106491089,
          "y": 0.4980345666408539,
          "z": -0.3448501527309418
        },
        "matrix": [
          [
            0.2660776376724243,
            -0.4239380359649658,
            0.8657245635986328,
            0.6425330638885498
          ],
          [
            -0.9595300555229187,
            -0.20240150392055511,
            0.19579429924488068,
            -0.09507213532924652
          ],
          [
            0.09221896529197693,
            -0.8827919363975525,
            -0.46063899993896484,
            1.2326383590698242
          ],
          [
            0.0,
            0.0,
            0.0,
            1.0
          ]
        ]
      },
      "bone_length_armature_space": 0.03403874976174753,
      "parent": "metacarpal_thumb_l",
      "has_children": true,
      "is_end_bone": false
    },
    "thumb_02_l": {
      "name": "thumb_02_l",
      "local": {
        "location": {
          "x": 0.0,
          "y": 0.0,
          "z": 0.0
        },
        "rotation_quaternion": {
          "w": 0.9971417188644409,
          "x": 0.0753006711602211,
          "y": -0.004210971761494875,
          "z": -0.004533614497631788
        },
        "scale": {
          "x": 1.0,
          "y": 1.0,
          "z": 1.0
        },
        "matrix_basis": [
          [
            0.9999234080314636,
            0.00840713456273079,
            -0.00908064004033804,
            0.0
          ],
          [
            -0.00967549066990614,
            0.9886184930801392,
            -0.1501327008008957,
            0.0
          ],
          [
            0.0077151027508080006,
            0.15020906925201416,
            0.9886241555213928,
            0.0
          ],
          [
            0.0,
            0.0,
            0.0,
            1.0
          ]
        ],
        "rotation_mode": "QUATERNION"
      },
      "armature_space": {
        "head": {
          "x": 0.6281027793884277,
          "y": -0.16520556807518005,
          "z": 0.25273534655570984
        },
        "tail": {
          "x": 0.6519507765769958,
          "y": -0.18878506124019623,
          "z": 0.23063406348228455
        }
      },
      "world_space": {
        "head": {
          "x": 0.6281027793884277,
          "y": -0.10196156799793243,
          "z": 1.2025893926620483
        },
        "tail": {
          "x": 0.6519507765769958,
          "y": -0.1255410611629486,
          "z": 1.180488109588623
        },
        "rotation_quaternion": {
          "w": 0.4317392110824585,
          "x": -0.3716614544391632,
          "y": 0.14164619147777557,
          "z": -0.8095711469650269
        },
        "matrix": [
          [
            -0.350936621427536,
            0.5937598943710327,
            0.7240803241729736,
            0.6281027793884277
          ],
          [
            -0.8043361902236938,
            -0.5870743989944458,
            0.09157878905534744,
            -0.10196156799793243
          ],
          [
            0.4794675409793854,
            -0.5502702593803406,
            0.6836135983467102,
            1.2025893926620483
          ],
          [
            0.0,
            0.0,
            0.0,
            1.0
          ]
        ]
      },
      "bone_length_armature_space": 0.04016448864931501,
      "parent": "thumb_01_l",
      "has_children": true,
      "is_end_bone": false
    },
    "thumb_03_l": {
      "name": "thumb_03_l",
      "local": {
        "location": {
          "x": 0.0,
          "y": 0.0,
          "z": 0.0
        },
        "rotation_quaternion": {
          "w": 0.9969650506973267,
          "x": 0.07758728414773941,
          "y": -0.0026142694987356663,
          "z": -0.005832740105688572
        },
        "scale": {
          "x": 1.0,
          "y": 1.0,
          "z": 1.0
        },
        "matrix_basis": [
          [
            0.9999182820320129,
            0.011224407702684402,
            -0.006117763463407755,
            0.0
          ],
          [
            -0.01203574426472187,
            0.9878923892974854,
            -0.15467312932014465,
            0.0
          ],
          [
            0.0043075778521597385,
            0.15473411977291107,
            0.9879467487335205,
            0.0
          ],
          [
            0.0,
            0.0,
            0.0,
            1.0
          ]
        ],
        "rotation_mode": "QUATERNION"
      },
      "armature_space": {
        "head": {
          "x": 0.6519507169723511,
          "y": -0.18878507614135742,
          "z": 0.23063409328460693
        },
        "tail": {
          "x": 0.678256630897522,
          "y": -0.20175385475158691,
          "z": 0.22246703505516052
        }
      },
      "world_space": {
        "head": {
          "x": 0.6519507169723511,
          "y": -0.1255410760641098,
          "z": 1.180488109588623
        },
        "tail": {
          "x": 0.678256630897522,
          "y": -0.1385098546743393,
          "z": 1.172321081161499
        },
        "rotation_quaternion": {
          "w": 0.5274763107299805,
          "x": -0.10545169562101364,
          "y": 0.09370577335357666,
          "z": -0.8377756476402283
        },
        "matrix": [
          [
            -0.4212968051433563,
            0.864050567150116,
            0.2755453884601593,
            0.6519507169723511
          ],
          [
            -0.9035764336585999,
            -0.4259757399559021,
            -0.04576059430837631,
            -0.1255410760641098
          ],
          [
            0.07783578336238861,
            -0.26825737953186035,
            0.960205078125,
            1.180488109588623
          ],
          [
            0.0,
            0.0,
            0.0,
            1.0
          ]
        ]
      },
      "bone_length_armature_space": 0.030444887851432557,
      "parent": "thumb_02_l",
      "has_children": false,
      "is_end_bone": true
    },
    "metacarpal_index_l": {
      "name": "metacarpal_index_l",
      "local": {
        "location": {
          "x": 0.0,
          "y": 0.0,
          "z": 0.0
        },
        "rotation_quaternion": {
          "w": 0.9996815919876099,
          "x": -0.02353958785533905,
          "y": 0.008954368531703949,
          "z": -0.001605538185685873
        },
        "scale": {
          "x": 1.0,
          "y": 1.0,
          "z": 1.0
        },
        "matrix_basis": [
          [
            0.9998344779014587,
            0.0027884896844625473,
            0.017978621646761894,
            0.0
          ],
          [
            -0.0036316183395683765,
            0.9988866448402405,
            0.04703543335199356,
            0.0
          ],
          [
            -0.01782744750380516,
            -0.04709293693304062,
            0.9987314343452454,
            0.0
          ],
          [
            0.0,
            0.0,
            0.0,
            1.0
          ]
        ],
        "rotation_mode": "QUATERNION"
      },
      "armature_space": {
        "head": {
          "x": 0.6380195617675781,
          "y": -0.11889778077602386,
          "z": 0.31243932247161865
        },
        "tail": {
          "x": 0.6897239089012146,
          "y": -0.20691880583763123,
          "z": 0.2549220621585846
        }
      },
      "world_space": {
        "head": {
          "x": 0.6380195617675781,
          "y": -0.055653780698776245,
          "z": 1.2622933387756348
        },
        "tail": {
          "x": 0.6897239089012146,
          "y": -0.1436748057603836,
          "z": 1.2047760486602783
        },
        "rotation_quaternion": {
          "w": 0.16604703664779663,
          "x": -0.879527747631073,
          "y": -0.311161607503891,
          "z": 0.31943368911743164
        },
        "matrix": [
          [
            0.60228031873703,
            0.4412696063518524,
            -0.665236234664917,
            0.6380195617675781
          ],
          [
            0.6534328460693359,
            -0.7512138485908508,
            0.09329308569431305,
            -0.055653780698776245
          ],
          [
            -0.45856973528862,
            -0.4908800721168518,
            -0.740786612033844,
            1.2622933387756348
          ],
          [
            0.0,
            0.0,
            0.0,
            1.0
          ]
        ]
      },
      "bone_length_armature_space": 0.11717199183210364,
      "parent": "lowerarm_l",
      "has_children": true,
      "is_end_bone": false
    },
    "index_01_l": {
      "name": "index_01_l",
      "local": {
        "location": {
          "x": 0.0,
          "y": 0.0,
          "z": 0.0
        },
        "rotation_quaternion": {
          "w": 0.9920498132705688,
          "x": -0.12500086426734924,
          "y": 0.009415880776941776,
          "z": -0.011106493882834911
        },
        "scale": {
          "x": 1.0,
          "y": 1.0,
          "z": 1.0
        },
        "matrix_basis": [
          [
            0.9995759725570679,
            0.019682403653860092,
            0.021458689123392105,
            0.0
          ],
          [
            -0.02439037710428238,
            0.9685028791427612,
            0.24780501425266266,
            0.0
          ],
          [
            -0.01590540260076523,
            -0.24822331964969635,
            0.9685722589492798,
            0.0
          ],
          [
            0.0,
            0.0,
            0.0,
            1.0
          ]
        ],
        "rotation_mode": "QUATERNION"
      },
      "armature_space": {
        "head": {
          "x": 0.6897239089012146,
          "y": -0.20691880583763123,
          "z": 0.2549220621585846
        },
        "tail": {
          "x": 0.7135010957717896,
          "y": -0.22011698782444,
          "z": 0.24634745717048645
        }
      },
      "world_space": {
        "head": {
          "x": 0.6897239089012146,
          "y": -0.1436748057603836,
          "z": 1.2047760486602783
        },
        "tail": {
          "x": 0.7135010957717896,
          "y": -0.15687298774719238,
          "z": 1.1962014436721802
        },
        "rotation_quaternion": {
          "w": 0.07054854184389114,
          "x": -0.8365285396575928,
          "y": -0.5134126543998718,
          "z": 0.17790572345256805
        },
        "matrix": [
          [
            0.40951302647590637,
            0.8338670134544373,
            -0.3700873851776123,
            0.6897239089012146
          ],
          [
            0.8840707540512085,
            -0.4628605544567108,
            -0.06464847922325134,
            -0.1436748057603836
          ],
          [
            -0.22520765662193298,
            -0.3007117211818695,
            -0.9267514944076538,
            1.2047760486602783
          ],
          [
            0.0,
            0.0,
            0.0,
            1.0
          ]
        ]
      },
      "bone_length_armature_space": 0.02851439038655247,
      "parent": "metacarpal_index_l",
      "has_children": true,
      "is_end_bone": false
    },
    "index_02_l": {
      "name": "index_02_l",
      "local": {
        "location": {
          "x": 0.0,
          "y": 0.0,
          "z": 0.0
        },
        "rotation_quaternion": {
          "w": 0.9952817559242249,
          "x": 0.09683732688426971,
          "y": -0.0011637448333203793,
          "z": -0.005953940562903881
        },
        "scale": {
          "x": 1.0,
          "y": 1.0,
          "z": 1.0
        },
        "matrix_basis": [
          [
            0.9999263882637024,
            0.011626308783888817,
            -0.0034696352668106556,
            0.0
          ],
          [
            -0.012077084742486477,
            0.9811741709709167,
            -0.19274699687957764,
            0.0
          ],
          [
            0.0011633805697783828,
            0.1927747130393982,
            0.9812423586845398,
            0.0
          ],
          [
            0.0,
            0.0,
            0.0,
            1.0
          ]
        ],
        "rotation_mode": "QUATERNION"
      },
      "armature_space": {
        "head": {
          "x": 0.7135012149810791,
          "y": -0.22011739015579224,
          "z": 0.2463470995426178
        },
        "tail": {
          "x": 0.7334112524986267,
          "y": -0.23142720758914948,
          "z": 0.23478113114833832
        }
      },
      "world_space": {
        "head": {
          "x": 0.7135012149810791,
          "y": -0.15687339007854462,
          "z": 1.1962010860443115
        },
        "tail": {
          "x": 0.7334112524986267,
          "y": -0.16818320751190186,
          "z": 1.1846351623535156
        },
        "rotation_quaternion": {
          "w": 0.12157933413982391,
          "x": -0.8123056292533875,
          "y": -0.5145696997642517,
          "z": 0.24616257846355438
        },
        "matrix": [
          [
            0.34924232959747314,
            0.7761199474334717,
            -0.5250403881072998,
            0.7135012149810791
          ],
          [
            0.8958325386047363,
            -0.44087257981300354,
            -0.05581904947757721,
            -0.15687339007854462
          ],
          [
            -0.27479907870292664,
            -0.45085763931274414,
            -0.8492510318756104,
            1.1962010860443115
          ],
          [
            0.0,
            0.0,
            0.0,
            1.0
          ]
        ]
      },
      "bone_length_armature_space": 0.02565332717101081,
      "parent": "index_01_l",
      "has_children": true,
      "is_end_bone": false
    },
    "index_03_l": {
      "name": "index_03_l",
      "local": {
        "location": {
          "x": 0.0,
          "y": 0.0,
          "z": 0.0
        },
        "rotation_quaternion": {
          "w": 0.9984774589538574,
          "x": 0.05408543720841408,
          "y": 0.008870434947311878,
          "z": 0.006245388183742762
        },
        "scale": {
          "x": 1.0,
          "y": 1.0,
          "z": 1.0
        },
        "matrix_basis": [
          [
            0.999764621257782,
            -0.01151223573833704,
            0.018389428034424782,
            0.0
          ],
          [
            0.01343128178268671,
            0.9940715432167053,
            -0.1078953817486763,
            0.0
          ],
          [
            -0.017038289457559586,
            0.10811697691679001,
            0.9939921498298645,
            0.0
          ],
          [
            0.0,
            0.0,
            0.0,
            1.0
          ]
        ],
        "rotation_mode": "QUATERNION"
      },
      "armature_space": {
        "head": {
          "x": 0.7334112524986267,
          "y": -0.23142722249031067,
          "z": 0.23478126525878906
        },
        "tail": {
          "x": 0.7534379959106445,
          "y": -0.24207890033721924,
          "z": 0.21636363863945007
        }
      },
      "world_space": {
        "head": {
          "x": 0.7334112524986267,
          "y": -0.16818322241306305,
          "z": 1.1846352815628052
        },
        "tail": {
          "x": 0.7534379959106445,
          "y": -0.17883490025997162,
          "z": 1.1662176847457886
        },
        "rotation_quaternion": {
          "w": 0.23327414691448212,
          "x": -0.7848732471466064,
          "y": -0.5131353735923767,
          "z": 0.257389634847641
        },
        "matrix": [
          [
            0.3408832252025604,
            0.685408353805542,
            -0.6434391140937805,
            0.7334112524986267
          ],
          [
            0.9255775809288025,
            -0.36455026268959045,
            0.10202717781066895,
            -0.16818322241306305
          ],
          [
            -0.16463570296764374,
            -0.6303372383117676,
            -0.7586728930473328,
            1.1846352815628052
          ],
          [
            0.0,
            0.0,
            0.0,
            1.0
          ]
        ]
      },
      "bone_length_armature_space": 0.029218789436653497,
      "parent": "index_02_l",
      "has_children": false,
      "is_end_bone": true
    },
    "metacarpal_pinky_l": {
      "name": "metacarpal_pinky_l",
      "local": {
        "location": {
          "x": 0.0,
          "y": 0.0,
          "z": 0.0
        },
        "rotation_quaternion": {
          "w": 0.9994449615478516,
          "x": -0.032316021621227264,
          "y": 0.0016860843170434237,
          "z": 0.007920465432107449
        },
        "scale": {
          "x": 1.0,
          "y": 1.0,
          "z": 1.0
        },
        "matrix_basis": [
          [
            0.9998688697814941,
            -0.015941113233566284,
            0.0028583810199052095,
            0.0
          ],
          [
            0.01572316326200962,
            0.9977858662605286,
            0.06462287902832031,
            0.0
          ],
          [
            -0.003882212797179818,
            -0.06456945836544037,
            0.9979056715965271,
            0.0
          ],
          [
            0.0,
            0.0,
            0.0,
            1.0
          ]
        ],
        "rotation_mode": "QUATERNION"
      },
      "armature_space": {
        "head": {
          "x": 0.6380195617675781,
          "y": -0.11889778077602386,
          "z": 0.31243932247161865
        },
        "tail": {
          "x": 0.7271367311477661,
          "y": -0.1506655216217041,
          "z": 0.2689400315284729
        }
      },
      "world_space": {
        "head": {
          "x": 0.6380195617675781,
          "y": -0.055653780698776245,
          "z": 1.2622933387756348
        },
        "tail": {
          "x": 0.7271367311477661,
          "y": -0.08742152154445648,
          "z": 1.2187941074371338
        },
        "rotation_quaternion": {
          "w": 0.48102444410324097,
          "x": 0.13042961061000824,
          "y": 0.34070107340812683,
          "z": -0.7971991300582886
        },
        "matrix": [
          [
            -0.5032063126564026,
            0.855819582939148,
            0.11981649696826935,
            0.6380195617675781
          ],
          [
            -0.6780714988708496,
            -0.305075466632843,
            -0.6686915159225464,
            -0.055653780698776245
          ],
          [
            -0.5357307195663452,
            -0.41773721575737,
            0.7338272929191589,
            1.2622933387756348
          ],
          [
            0.0,
            0.0,
            0.0,
            1.0
          ]
        ]
      },
      "bone_length_armature_space": 0.1041309164335611,
      "parent": "lowerarm_l",
      "has_children": true,
      "is_end_bone": false
    },
    "pinky_01_l": {
      "name": "pinky_01_l",
      "local": {
        "location": {
          "x": 0.0,
          "y": 0.0,
          "z": 0.0
        },
        "rotation_quaternion": {
          "w": 0.9937171936035156,
          "x": -0.10856723040342331,
          "y": -0.026910290122032166,
          "z": 0.0039178538136184216
        },
        "scale": {
          "x": 1.0,
          "y": 1.0,
          "z": 1.0
        },
        "matrix_basis": [
          [
            0.9985209703445435,
            -0.0019433260895311832,
            -0.05433313548564911,
            0.0
          ],
          [
            0.013629628345370293,
            0.9763956069946289,
            0.21555939316749573,
            0.0
          ],
          [
            0.05263173580169678,
            -0.2159811109304428,
            0.974977970123291,
            0.0
          ],
          [
            0.0,
            0.0,
            0.0,
            1.0
          ]
        ],
        "rotation_mode": "QUATERNION"
      },
      "armature_space": {
        "head": {
          "x": 0.7271367311477661,
          "y": -0.1506655216217041,
          "z": 0.2689400315284729
        },
