{
  "metadata": {
    "armature_name": "KIM_caucasian_male",
    "export_time": "2026-01-13T21:13:15.669090",
    "blender_version": "4.4.1",
    "bone_count": 56,
    "end_bone_count": 13,
    "spaces_included": [
      "LOCAL_CHANNELS",
      "ARMATURE_SPACE",
      "WORLD_SPACE"
    ],
    "note": "LOCAL matches Transform panel; replay pose via local.matrix_basis for best fidelity."
  },
  "bones": {
    "Root": {
      "name": "Root",
      "local": {
        "location": {
          "x": 0.0,
          "y": 0.0,
          "z": 0.0
        },
        "rotation_quaternion": {
          "w": 0.9997775554656982,
          "x": -0.00849156454205513,
          "y": 0.016978131607174873,
          "z": 0.009194038808345795
        },
        "scale": {
          "x": 1.0,
          "y": 1.0,
          "z": 1.0
        },
        "matrix_basis": [
          [
            0.9992544054985046,
            -0.01867232844233513,
            0.03379256650805473,
            0.0
          ],
          [
            0.018095646053552628,
            0.9996867179870605,
            0.017291545867919922,
            0.0
          ],
          [
            -0.0341048538684845,
            -0.016667155548930168,
            0.999279260635376,
            0.0
          ],
          [
            0.0,
            0.0,
            0.0,
            1.0
          ]
        ],
        "rotation_mode": "QUATERNION"
      },
      "armature_space": {
        "head": {
          "x": 0.0,
          "y": 0.07072800397872925,
          "z": -0.009595036506652832
        },
        "tail": {
          "x": -0.0013327536871656775,
          "y": 0.0001820772886276245,
          "z": 0.0011758366599678993
        }
      },
      "world_space": {
        "head": {
          "x": 0.0,
          "y": 0.13397200405597687,
          "z": 0.9402589797973633
        },
        "tail": {
          "x": -0.0013327536871656775,
          "y": 0.06342607736587524,
          "z": 0.9510298371315002
        },
        "rotation_quaternion": {
          "w": 0.07582494616508484,
          "x": 0.996934175491333,
          "y": -0.008029371500015259,
          "z": 0.01755894534289837
        },
        "matrix": [
          [
            0.9992544054985046,
            -0.01867232844233513,
            0.03379256650805473,
            0.0
          ],
          [
            -0.013346688821911812,
            -0.9883722066879272,
            -0.15146739780902863,
            0.13397200405597687
          ],
          [
            0.03622812032699585,
            0.15090356767177582,
            -0.9878914952278137,
            0.9402589797973633
          ],
          [
            0.0,
            0.0,
            0.0,
            1.0
          ]
        ]
      },
      "bone_length_armature_space": 0.07137587787204633,
      "parent": null,
      "has_children": true,
      "is_end_bone": false
    },
    "spine_01": {
      "name": "spine_01",
      "local": {
        "location": {
          "x": 0.0,
          "y": 0.0,
          "z": 0.0
        },
        "rotation_quaternion": {
          "w": 0.9941455125808716,
          "x": 0.10716421157121658,
          "y": -0.006612300407141447,
          "z": -0.012117509730160236
        },
        "scale": {
          "x": 1.0,
          "y": 1.0,
          "z": 1.0
        },
        "matrix_basis": [
          [
            0.9996188879013062,
            0.022675931453704834,
            -0.015744304284453392,
            0.0
          ],
          [
            -0.025510339066386223,
            0.9767379760742188,
            -0.2129133939743042,
            0.0
          ],
          [
            0.010550050996243954,
            0.21323388814926147,
            0.9769442081451416,
            0.0
          ],
          [
            0.0,
            0.0,
            0.0,
            1.0
          ]
        ],
        "rotation_mode": "QUATERNION"
      },
      "armature_space": {
        "head": {
          "x": -0.0013327536871656775,
          "y": 0.0001820772886276245,
          "z": 0.0011758366599678993
        },
        "tail": {
          "x": -0.008728965185582638,
          "y": -0.07332766801118851,
          "z": 0.483555406332016
        }
      },
      "world_space": {
        "head": {
          "x": -0.0013327536871656775,
          "y": 0.06342607736587524,
          "z": 0.9510298371315002
        },
        "tail": {
          "x": -0.008728965185582638,
          "y": -0.010083667933940887,
          "z": 1.4334094524383545
        },
        "rotation_quaternion": {
          "w": 0.6515390276908875,
          "x": 0.7584865093231201,
          "y": -0.013400420546531677,
          "z": -0.003969032783061266
        },
        "matrix": [
          [
            0.9996093511581421,
            -0.015156134031713009,
            -0.0234827883541584,
            -0.0013327536871656775
          ],
          [
            -0.025500111281871796,
            -0.15063434839248657,
            -0.9882606863975525,
            0.06342607736587524
          ],
          [
            0.011440950445830822,
            0.9884802103042603,
            -0.1509639471769333,
            0.9510298371315002
          ],
          [
            0.0,
            0.0,
            0.0,
            1.0
          ]
        ]
      },
      "bone_length_armature_space": 0.4880045315651174,
      "parent": "Root",
      "has_children": true,
      "is_end_bone": false
    },
    "neck_01": {
      "name": "neck_01",
      "local": {
        "location": {
          "x": 0.0,
          "y": 0.0,
          "z": 0.0
        },
        "rotation_quaternion": {
          "w": 0.9935203790664673,
          "x": 0.015381615608930588,
          "y": -0.11194951087236404,
          "z": -0.012172775343060493
        },
        "scale": {
          "x": 1.0,
          "y": 1.0,
          "z": 1.0
        },
        "matrix_basis": [
          [
            0.9746382832527161,
            0.020743872970342636,
            -0.22282271087169647,
            0.0
          ],
          [
            -0.0276317298412323,
            0.9992304444313049,
            -0.02783842384815216,
            0.0
          ],
          [
            0.2220737636089325,
            0.03328936919569969,
            0.9744614362716675,
            0.0
          ],
          [
            0.0,
            0.0,
            0.0,
            1.0
          ]
        ],
        "rotation_mode": "QUATERNION"
      },
      "armature_space": {
        "head": {
          "x": -0.01065306831151247,
          "y": -0.11863020062446594,
          "z": 0.5506948828697205
        },
        "tail": {
          "x": -0.010937832295894623,
          "y": -0.1743476241827011,
          "z": 0.6367542147636414
        }
      },
      "world_space": {
        "head": {
          "x": -0.01065306831151247,
          "y": -0.05538620054721832,
          "z": 1.5005488395690918
        },
        "tail": {
          "x": -0.010937832295894623,
          "y": -0.11110362410545349,
          "z": 1.5866081714630127
        },
        "rotation_quaternion": {
          "w": 0.47413694858551025,
          "x": 0.8721579313278198,
          "y": -0.05880724638700485,
          "z": -0.10524478554725647
        },
        "matrix": [
          [
            0.9709305763244629,
            -0.0027776104398071766,
            -0.23934534192085266,
            -0.01065306831151247
          ],
          [
            -0.2023792713880539,
            -0.5434714555740356,
            -0.8146666288375854,
            -0.05538620054721832
          ],
          [
            -0.1278156042098999,
            0.8394284844398499,
            -0.5282396078109741,
            1.5005488395690918
          ],
          [
            0.0,
            0.0,
            0.0,
            1.0
          ]
        ]
      },
      "bone_length_armature_space": 0.10252180780960508,
      "parent": "spine_01",
      "has_children": true,
      "is_end_bone": false
    },
    "head": {
      "name": "head",
      "local": {
        "location": {
          "x": 0.0,
          "y": 0.0,
          "z": 0.0
        },
        "rotation_quaternion": {
          "w": 0.9948930740356445,
          "x": 0.04826141893863678,
          "y": 0.0220108013600111,
          "z": -0.08587267994880676
        },
        "scale": {
          "x": 1.0,
          "y": 1.0,
          "z": 1.0
        },
        "matrix_basis": [
          [
            0.9842827916145325,
            0.17299281060695648,
            0.035508111119270325,
            0.0
          ],
          [
            -0.16874372959136963,
            0.9805934429168701,
            -0.0998101532459259,
            0.0
          ],
          [
            -0.05208546295762062,
            0.09224964678287506,
            0.9943727254867554,
            0.0
          ],
          [
            0.0,
            0.0,
            0.0,
            1.0
          ]
        ],
        "rotation_mode": "QUATERNION"
      },
      "armature_space": {
        "head": {
          "x": -0.010937869548797607,
          "y": -0.17434769868850708,
          "z": 0.6367540955543518
        },
        "tail": {
          "x": 0.024517547339200974,
          "y": -0.2257818877696991,
          "z": 0.7787072062492371
        }
      },
      "world_space": {
        "head": {
          "x": -0.010937869548797607,
          "y": -0.11110369861125946,
          "z": 1.5866081714630127
        },
        "tail": {
          "x": 0.024517547339200974,
          "y": -0.16253788769245148,
          "z": 1.7285611629486084
        },
        "rotation_quaternion": {
          "w": 0.5770280361175537,
          "x": 0.8021526336669922,
          "y": 0.03490531072020531,
          "z": -0.14957047998905182
        },
        "matrix": [
          [
            0.9528209567070007,
            0.22861157357692719,
            -0.19967278838157654,
            -0.010937869548797607
          ],
          [
            -0.1166127622127533,
            -0.33164042234420776,
            -0.9361712336540222,
            -0.11110369861125946
          ],
          [
            -0.2802411615848541,
            0.91529381275177,
            -0.28933772444725037,
            1.5866081714630127
          ],
          [
            0.0,
            0.0,
            0.0,
            1.0
          ]
        ]
      },
      "bone_length_armature_space": 0.15509109616982727,
      "parent": "neck_01",
      "has_children": false,
      "is_end_bone": true
    },
    "upperarm_l": {
      "name": "upperarm_l",
      "local": {
        "location": {
          "x": 0.0,
          "y": 0.0,
          "z": 0.0
        },
        "rotation_quaternion": {
          "w": 0.8843382596969604,
          "x": 0.4323121905326843,
          "y": -0.07853879034519196,
          "z": -0.1577455848455429
        },
        "scale": {
          "x": 1.0,
          "y": 1.0,
          "z": 1.0
        },
        "matrix_basis": [
          [
            0.9378959536552429,
            0.21109436452388763,
            -0.27530038356781006,
            0.0
          ],
          [
            -0.34690746665000916,
            0.5764449834823608,
            -0.7398421168327332,
            0.0
          ],
          [
            0.0025190357118844986,
            0.789398729801178,
            0.6138756275177002,
            0.0
          ],
          [
            0.0,
            0.0,
            0.0,
            1.0
          ]
        ],
        "rotation_mode": "QUATERNION"
      },
      "armature_space": {
        "head": {
          "x": 0.14023207128047943,
          "y": -0.1154831200838089,
          "z": 0.48549607396125793
        },
        "tail": {
          "x": 0.2975543141365051,
          "y": -0.31129446625709534,
          "z": 0.3921396732330322
        }
      },
      "world_space": {
        "head": {
          "x": 0.14023207128047943,
          "y": -0.05223912000656128,
          "z": 1.4353500604629517
        },
        "tail": {
          "x": 0.2975543141365051,
          "y": -0.24805046617984772,
          "z": 1.3419936895370483
        },
        "rotation_quaternion": {
          "w": 0.1437550187110901,
          "x": 0.5500639081001282,
          "y": 0.3376001715660095,
          "z": -0.7501935958862305
        },
        "matrix": [
          [
            -0.3535294532775879,
            0.5870901942253113,
            -0.7282459139823914,
            0.14023207128047943
          ],
          [
            0.1557137370109558,
            -0.7307227253913879,
            -0.664678692817688,
            -0.05223912000656128
          ],
          [
            -0.9223784804344177,
            -0.3483844995498657,
            0.16691455245018005,
            1.4353500604629517
          ],
          [
            0.0,
            0.0,
            0.0,
            1.0
          ]
        ]
      },
      "bone_length_armature_space": 0.2679697567779046,
      "parent": "spine_01",
      "has_children": true,
      "is_end_bone": false
    },
    "lowerarm_l": {
      "name": "lowerarm_l",
      "local": {
        "location": {
          "x": 0.0,
          "y": 0.0,
          "z": 0.0
        },
        "rotation_quaternion": {
          "w": 0.954755425453186,
          "x": 0.2922886610031128,
          "y": -0.04318392276763916,
          "z": 0.0338343046605587
        },
        "scale": {
          "x": 1.0,
          "y": 1.0,
          "z": 1.0
        },
        "matrix_basis": [
          [
            0.9939807653427124,
            -0.08985131233930588,
            -0.0626813992857933,
            0.0
          ],
          [
            0.03936263173818588,
            0.8268451690673828,
            -0.5610505938529968,
            0.0
          ],
          [
            0.10223893821239471,
            0.5552061796188354,
            0.8254050016403198,
            0.0
          ],
          [
            0.0,
            0.0,
            0.0,
            1.0
          ]
        ],
        "rotation_mode": "QUATERNION"
      },
      "armature_space": {
        "head": {
          "x": 0.2975543737411499,
          "y": -0.3112945854663849,
          "z": 0.3921397626399994
        },
        "tail": {
          "x": 0.3133253753185272,
          "y": -0.5780036449432373,
          "z": 0.4058114290237427
        }
      },
      "world_space": {
        "head": {
          "x": 0.2975543737411499,
          "y": -0.24805058538913727,
          "z": 1.341993808746338
        },
        "tail": {
          "x": 0.3133253753185272,
          "y": -0.5147596597671509,
          "z": 1.3556654453277588
        },
        "rotation_quaternion": {
          "w": 0.038425713777542114,
          "x": 0.5109061002731323,
          "y": -0.006894140504300594,
          "z": -0.8587497472763062
        },
        "matrix": [
          [
            -0.47499704360961914,
            0.058951616287231445,
            -0.878010630607605,
            0.2975543737411499
          ],
          [
            -0.07304103672504425,
            -0.9969518780708313,
            -0.027423083782196045,
            -0.24805058538913727
          ],
          [
            -0.8769571185112,
            0.05110439658164978,
            0.4778584837913513,
            1.341993808746338
          ],
          [
            0.0,
            0.0,
            0.0,
            1.0
          ]
        ]
      },
      "bone_length_armature_space": 0.2675245115594018,
      "parent": "upperarm_l",
      "has_children": true,
      "is_end_bone": false
    },
    "metacarpal_thumb_l": {
      "name": "metacarpal_thumb_l",
      "local": {
        "location": {
          "x": 0.0,
          "y": 0.0,
          "z": 0.0
        },
        "rotation_quaternion": {
          "w": 0.9995791912078857,
          "x": -0.026749607175588608,
          "y": 0.006512412801384926,
          "z": -0.009140942245721817
        },
        "scale": {
          "x": 1.0,
          "y": 1.0,
          "z": 1.0
        },
        "matrix_basis": [
          [
            0.9997480511665344,
            0.01792578212916851,
            0.013508377596735954,
            0.0
          ],
          [
            -0.01862259954214096,
            0.9984018206596375,
            0.05335764214396477,
            0.0
          ],
          [
            -0.01253031101077795,
            -0.053595758974552155,
            0.9984840750694275,
            0.0
          ],
          [
            0.0,
            0.0,
            0.0,
            1.0
          ]
        ],
        "rotation_mode": "QUATERNION"
      },
      "armature_space": {
        "head": {
          "x": 0.3133253753185272,
          "y": -0.5780036449432373,
          "z": 0.4058114290237427
        },
        "tail": {
          "x": 0.2875812351703644,
          "y": -0.6191282868385315,
          "z": 0.4157909154891968
        }
      },
      "world_space": {
        "head": {
          "x": 0.3133253753185272,
          "y": -0.5147596597671509,
          "z": 1.3556654453277588
        },
        "tail": {
          "x": 0.2875812351703644,
          "y": -0.5558843016624451,
          "z": 1.365644931793213
        },
        "rotation_quaternion": {
          "w": 0.036489322781562805,
          "x": 0.928228497505188,
          "y": -0.2890511751174927,
          "z": -0.2313223034143448
        },
        "matrix": [
          [
            0.7258788347244263,
            -0.5197299122810364,
            -0.45053404569625854,
            0.3133253753185272
          ],
          [
            -0.5534927845001221,
            -0.8302356600761414,
            0.06598766148090363,
            -0.5147596597671509
          ],
          [
            -0.4083486497402191,
            0.20146901905536652,
            -0.8903233408927917,
            1.3556654453277588
          ],
          [
            0.0,
            0.0,
            0.0,
            1.0
          ]
        ]
      },
      "bone_length_armature_space": 0.049533696223976076,
      "parent": "lowerarm_l",
      "has_children": true,
      "is_end_bone": false
    },
    "thumb_01_l": {
      "name": "thumb_01_l",
      "local": {
        "location": {
          "x": 0.0,
          "y": 0.0,
          "z": 0.0
        },
        "rotation_quaternion": {
          "w": 0.9971872568130493,
          "x": -0.07413182407617569,
          "y": -0.0070598069578409195,
          "z": 0.008500509895384312
        },
        "scale": {
          "x": 1.0,
          "y": 1.0,
          "z": 1.0
        },
        "matrix_basis": [
          [
            0.9997557997703552,
            -0.01590648666024208,
            -0.015340215526521206,
            0.0
          ],
          [
            0.017999913543462753,
            0.9888644218444824,
            0.14772659540176392,
            0.0
          ],
          [
            0.012819582596421242,
            -0.1479666382074356,
            0.9889092445373535,
            0.0
          ],
          [
            0.0,
            0.0,
            0.0,
            1.0
          ]
        ],
        "rotation_mode": "QUATERNION"
      },
      "armature_space": {
        "head": {
          "x": 0.2875812351703644,
          "y": -0.6191282868385315,
          "z": 0.4157909154891968
        },
        "tail": {
          "x": 0.2586711645126343,
          "y": -0.6302283406257629,
          "z": 0.40166205167770386
        }
      },
      "world_space": {
        "head": {
          "x": 0.2875812351703644,
          "y": -0.5558843016624451,
          "z": 1.365644931793213
        },
        "tail": {
          "x": 0.2586711645126343,
          "y": -0.5669843554496765,
          "z": 1.3515160083770752
        },
        "rotation_quaternion": {
          "w": 0.09194673597812653,
          "x": 0.6657164692878723,
          "y": -0.5731427669525146,
          "z": 0.46890804171562195
        },
        "matrix": [
          [
            -0.09673715382814407,
            -0.8493322134017944,
            0.5189189314842224,
            0.2875812351703644
          ],
          [
            -0.6768708825111389,
            -0.32610276341438293,
            -0.6599262356758118,
            -0.5558843016624451
          ],
          [
            0.7297218441963196,
            -0.4150836765766144,
            -0.5433465838432312,
            1.365644931793213
          ],
          [
            0.0,
            0.0,
            0.0,
            1.0
          ]
        ]
      },
      "bone_length_armature_space": 0.03403862727983374,
      "parent": "metacarpal_thumb_l",
      "has_children": true,
      "is_end_bone": false
    },
    "thumb_02_l": {
      "name": "thumb_02_l",
      "local": {
        "location": {
          "x": 0.0,
          "y": 0.0,
          "z": 0.0
        },
        "rotation_quaternion": {
          "w": 0.9947377443313599,
          "x": 0.10174031555652618,
          "y": -0.01123887300491333,
          "z": 0.004400167614221573
        },
        "scale": {
          "x": 1.0,
          "y": 1.0,
          "z": 1.0
        },
        "matrix_basis": [
          [
            0.9997086524963379,
            -0.011040918529033661,
            -0.021464113146066666,
            0.0
          ],
          [
            0.006467132829129696,
            0.9792590737342834,
            -0.20250876247882843,
            0.0
          ],
          [
            0.023254811763763428,
            0.2023109644651413,
            0.9790452122688293,
            0.0
          ],
          [
            0.0,
            0.0,
            0.0,
            1.0
          ]
        ],
        "rotation_mode": "QUATERNION"
      },
      "armature_space": {
        "head": {
          "x": 0.2586711645126343,
          "y": -0.6302282810211182,
          "z": 0.40166208148002625
        },
        "tail": {
          "x": 0.25989392399787903,
          "y": -0.6703711152076721,
          "z": 0.40117448568344116
        }
      },
      "world_space": {
        "head": {
          "x": 0.2586711645126343,
          "y": -0.5669842958450317,
          "z": 1.3515161275863647
        },
        "tail": {
          "x": 0.25989392399787903,
          "y": -0.6071271300315857,
          "z": 1.3510284423828125
        },
        "rotation_quaternion": {
          "w": 0.015902351588010788,
          "x": -0.5840768814086914,
          "y": -0.003965875133872032,
          "z": -0.8115328550338745
        },
        "matrix": [
          [
            -0.3172028064727783,
            0.030443891882896423,
            0.9478690028190613,
            0.2586711645126343
          ],
          [
            -0.02117735892534256,
            -0.9994626045227051,
            0.02501387894153595,
            -0.5669842958450317
          ],
          [
            0.9481279253959656,
            -0.01214011013507843,
            0.31767913699150085,
            1.3515161275863647
          ],
          [
            0.0,
            0.0,
            0.0,
            1.0
          ]
        ]
      },
      "bone_length_armature_space": 0.04016441316623057,
      "parent": "thumb_01_l",
      "has_children": true,
      "is_end_bone": false
    },
    "thumb_03_l": {
      "name": "thumb_03_l",
      "local": {
        "location": {
          "x": 0.0,
          "y": 0.0,
          "z": 0.0
        },
        "rotation_quaternion": {
          "w": 0.9969056248664856,
          "x": 0.07850991189479828,
          "y": 0.00235172756947577,
          "z": -0.0031302552670240402
        },
        "scale": {
          "x": 1.0,
          "y": 1.0,
          "z": 1.0
        },
        "matrix_basis": [
          [
            0.9999693632125854,
            0.006610406097024679,
            0.0041973888874053955,
            0.0
          ],
          [
            -0.005871870089322329,
            0.9876527786254883,
            -0.1565486639738083,
            0.0
          ],
          [
            -0.005180412903428078,
            0.15651921927928925,
            0.9876613020896912,
            0.0
          ],
          [
            0.0,
            0.0,
            0.0,
            1.0
          ]
        ],
        "rotation_mode": "QUATERNION"
      },
      "armature_space": {
        "head": {
          "x": 0.25989383459091187,
          "y": -0.6703710556030273,
          "z": 0.40117451548576355
        },
        "tail": {
          "x": 0.2733575701713562,
          "y": -0.6976616382598877,
          "z": 0.40209323167800903
        }
      },
      "world_space": {
        "head": {
          "x": 0.25989383459091187,
          "y": -0.6071270704269409,
          "z": 1.351028561592102
        },
        "tail": {
          "x": 0.2733575701713562,
          "y": -0.6344176530838013,
          "z": 1.35194730758667
        },
        "rotation_quaternion": {
          "w": 0.20103652775287628,
          "x": -0.39693930745124817,
          "y": -0.10671399533748627,
          "z": -0.8891769051551819
        },
        "matrix": [
          [
            -0.6040468215942383,
            0.44223305583000183,
            0.6629912853240967,
            0.25989383459091187
          ],
          [
            -0.27279603481292725,
            -0.896392285823822,
            0.34937500953674316,
            -0.6071270704269409
          ],
          [
            0.7488105893135071,
            0.030176609754562378,
            0.6621073484420776,
            1.351028561592102
          ],
          [
            0.0,
            0.0,
            0.0,
            1.0
          ]
        ]
      },
      "bone_length_armature_space": 0.030444903373501305,
      "parent": "thumb_02_l",
      "has_children": false,
      "is_end_bone": true
    },
    "metacarpal_index_l": {
      "name": "metacarpal_index_l",
      "local": {
        "location": {
          "x": 0.0,
          "y": 0.0,
          "z": 0.0
        },
        "rotation_quaternion": {
          "w": 0.99896240234375,
          "x": -0.04231671988964081,
          "y": 0.015665486454963684,
          "z": -0.0061775133945047855
        },
        "scale": {
          "x": 1.0,
          "y": 1.0,
          "z": 1.0
        },
        "matrix_basis": [
          [
            0.9994328618049622,
            0.011016382835805416,
            0.03182128816843033,
            0.0
          ],
          [
            -0.013668031431734562,
            0.9963422417640686,
            0.08435207605361938,
            0.0
          ],
          [
            -0.030775640159845352,
            -0.08473917096853256,
            0.9959277510643005,
            0.0
          ],
          [
            0.0,
            0.0,
            0.0,
            1.0
          ]
        ],
        "rotation_mode": "QUATERNION"
      },
      "armature_space": {
        "head": {
          "x": 0.3133253753185272,
          "y": -0.5780036449432373,
          "z": 0.4058114290237427
        },
        "tail": {
          "x": 0.2950294315814972,
          "y": -0.691820502281189,
          "z": 0.4267925024032593
        }
      },
      "world_space": {
        "head": {
          "x": 0.3133253753185272,
          "y": -0.5147596597671509,
          "z": 1.3556654453277588
        },
        "tail": {
          "x": 0.2950294315814972,
          "y": -0.6285765171051025,
          "z": 1.3766465187072754
        },
        "rotation_quaternion": {
          "w": 0.03683027625083923,
          "x": 0.8511593341827393,
          "y": -0.11384043842554092,
          "z": -0.5110887289047241
        },
        "matrix": [
          [
            0.4516572952270508,
            -0.15614648163318634,
            -0.8784213662147522,
            0.3133253753185272
          ],
          [
            -0.2314402312040329,
            -0.9713676571846008,
            0.05366884917020798,
            -0.5147596597671509
          ],
          [
            -0.8616566061973572,
            0.17906251549720764,
            -0.4748670160770416,
            1.3556654453277588
          ],
          [
            0.0,
            0.0,
            0.0,
            1.0
          ]
        ]
      },
      "bone_length_armature_space": 0.11717177126552142,
      "parent": "lowerarm_l",
      "has_children": true,
      "is_end_bone": false
    },
    "index_01_l": {
      "name": "index_01_l",
      "local": {
        "location": {
          "x": 0.0,
          "y": 0.0,
          "z": 0.0
        },
        "rotation_quaternion": {
          "w": 0.9984329342842102,
          "x": -0.05556504428386688,
          "y": -0.004083505365997553,
          "z": 0.00525094848126173
        },
        "scale": {
          "x": 1.0,
          "y": 1.0,
          "z": 1.0
        },
        "matrix_basis": [
          [
            0.9999114871025085,
            -0.010031639598309994,
            -0.00873775128275156,
            0.0
          ],
          [
            0.010939240455627441,
            0.9937698841094971,
            0.11091305315494537,
            0.0
          ],
          [
            0.007570674177259207,
            -0.11099882423877716,
            0.9937916994094849,
            0.0
          ],
          [
            0.0,
            0.0,
            0.0,
            1.0
          ]
        ],
        "rotation_mode": "QUATERNION"
      },
      "armature_space": {
        "head": {
          "x": 0.2950294315814972,
          "y": -0.691820502281189,
          "z": 0.4267925024032593
        },
        "tail": {
          "x": 0.3012288808822632,
          "y": -0.7196527123451233,
          "z": 0.42672204971313477
        }
      },
      "world_space": {
        "head": {
          "x": 0.2950294315814972,
          "y": -0.6285765171051025,
          "z": 1.3766465187072754
        },
        "tail": {
          "x": 0.3012288808822632,
          "y": -0.6564087271690369,
          "z": 1.3765760660171509
        },
        "rotation_quaternion": {
          "w": 0.05393984913825989,
          "x": 0.859079897403717,
          "y": 0.09514381736516953,
          "z": -0.5000201463699341
        },
        "matrix": [
          [
            0.48185524344444275,
            0.21741485595703125,
            -0.8488500714302063,
            0.2950294315814972
          ],
          [
            0.10953020304441452,
            -0.9760762453079224,
            -0.18782570958137512,
            -0.6285765171051025
          ],
          [
            -0.8693845272064209,
            -0.0024708621203899384,
            -0.49414438009262085,
            1.3766465187072754
          ],
          [
            0.0,
            0.0,
            0.0,
            1.0
          ]
        ]
      },
      "bone_length_armature_space": 0.02851438326602107,
      "parent": "metacarpal_index_l",
      "has_children": true,
      "is_end_bone": false
    },
    "index_02_l": {
      "name": "index_02_l",
      "local": {
        "location": {
          "x": 0.0,
          "y": 0.0,
          "z": 0.0
        },
        "rotation_quaternion": {
          "w": 0.9990721940994263,
          "x": 0.04217488318681717,
          "y": -0.0007183265988714993,
          "z": -0.008699032478034496
        },
        "scale": {
          "x": 1.0,
          "y": 1.0,
          "z": 1.0
        },
        "matrix_basis": [
          [
            0.9998476505279541,
            0.017321331426501274,
            -0.0021690817084163427,
            0.0
          ],
          [
            -0.01744251325726509,
            0.9962912201881409,
            -0.08425901085138321,
            0.0
          ],
          [
            0.0007015588926151395,
            0.08428400009870529,
            0.9964415431022644,
            0.0
          ],
          [
            0.0,
            0.0,
            0.0,
            1.0
          ]
        ],
        "rotation_mode": "QUATERNION"
      },
      "armature_space": {
        "head": {
          "x": 0.3012285828590393,
          "y": -0.7196531295776367,
          "z": 0.42672210931777954
        },
        "tail": {
          "x": 0.3062173128128052,
          "y": -0.7447617650032043,
          "z": 0.42506104707717896
        }
      },
      "world_space": {
        "head": {
          "x": 0.3012285828590393,
          "y": -0.6564091444015503,
          "z": 1.3765761852264404
        },
        "tail": {
          "x": 0.3062173128128052,
          "y": -0.6815177798271179,
          "z": 1.3749151229858398
        },
        "rotation_quaternion": {
          "w": 0.024826616048812866,
          "x": 0.8402138948440552,
          "y": 0.09999396651983261,
          "z": -0.5323771834373474
        },
        "matrix": [
          [
            0.41315147280693054,
            0.19446773827075958,
            -0.8896563053131104,
            0.3012285828590393
          ],
          [
            0.14159835875034332,
            -0.9787696003913879,
            -0.14818942546844482,
            -0.6564091444015503
          ],
          [
            -0.8995928168296814,
            -0.0647505670785904,
            -0.4319193959236145,
            1.3765761852264404
          ],
          [
            0.0,
            0.0,
            0.0,
            1.0
          ]
        ]
      },
      "bone_length_armature_space": 0.025653267237163664,
      "parent": "index_01_l",
      "has_children": true,
      "is_end_bone": false
    },
    "index_03_l": {
      "name": "index_03_l",
      "local": {
        "location": {
          "x": 0.0,
          "y": 0.0,
          "z": 0.0
        },
        "rotation_quaternion": {
          "w": 0.9993026852607727,
          "x": 0.03731366619467735,
          "y": -0.0013933638110756874,
          "z": -0.00010767871572170407
        },
        "scale": {
          "x": 1.0,
          "y": 1.0,
          "z": 1.0
        },
        "matrix_basis": [
          [
            0.9999960660934448,
            0.00011122423165943474,
            -0.0027928201016038656,
            0.0
          ],
          [
            -0.00031919029424898326,
            0.9972153306007385,
            -0.07457499206066132,
            0.0
          ],
          [
            0.0027767487335950136,
            0.07457559555768967,
            0.9972115159034729,
            0.0
          ],
          [
            0.0,
            0.0,
            0.0,
            1.0
          ]
        ],
        "rotation_mode": "QUATERNION"
      },
      "armature_space": {
        "head": {
          "x": 0.3062174320220947,
          "y": -0.7447617650032043,
          "z": 0.4250611364841461
        },
        "tail": {
          "x": 0.30874431133270264,
          "y": -0.7731556296348572,
          "z": 0.41864731907844543
        }
      },
      "world_space": {
        "head": {
          "x": 0.3062174320220947,
          "y": -0.6815177798271179,
          "z": 1.3749151229858398
        },
        "tail": {
          "x": 0.30874431133270264,
          "y": -0.7099116444587708,
          "z": 1.3685013055801392
        },
        "rotation_quaternion": {
          "w": 0.07228171080350876,
          "x": -0.850888729095459,
          "y": -0.09428910911083221,
          "z": 0.5117356777191162
        },
        "matrix": [
          [
            0.4584726095199585,
            0.08648210018873215,
            -0.8844907283782959,
            0.3062174320220947
          ],
          [
            0.2344372570514679,
            -0.9717699289321899,
            0.026503678411245346,
            -0.6815177798271179
          ],
          [
            -0.8572351932525635,
            -0.2195112407207489,
            -0.46580761671066284,
            1.3749151229858398
          ],
          [
            0.0,
            0.0,
            0.0,
            1.0
          ]
        ]
      },
      "bone_length_armature_space": 0.029218722147677005,
      "parent": "index_02_l",
      "has_children": false,
      "is_end_bone": true
    },
    "metacarpal_pinky_l": {
      "name": "metacarpal_pinky_l",
      "local": {
        "location": {
          "x": 0.0,
          "y": 0.0,
          "z": 0.0
        },
        "rotation_quaternion": {
          "w": 0.9996066093444824,
          "x": -0.01989133283495903,
          "y": 0.01397707499563694,
          "z": -0.013984598219394684
        },
        "scale": {
          "x": 1.0,
          "y": 1.0,
          "z": 1.0
        },
        "matrix_basis": [
          [
            0.9992181658744812,
            0.02740214765071869,
            0.02849949710071087,
            0.0
          ],
          [
            -0.028514238074421883,
            0.998817503452301,
            0.03937608748674393,
            0.0
          ],
          [
            -0.027386808767914772,
            -0.04015794396400452,
            0.9988179802894592,
            0.0
          ],
          [
            0.0,
            0.0,
            0.0,
            1.0
          ]
        ],
        "rotation_mode": "QUATERNION"
      },
      "armature_space": {
        "head": {
          "x": 0.3133253753185272,
          "y": -0.5780036449432373,
          "z": 0.4058114290237427
        },
        "tail": {
          "x": 0.3430195748806,
          "y": -0.6768308877944946,
          "z": 0.391859769821167
        }
      },
      "world_space": {
        "head": {
          "x": 0.3133253753185272,
          "y": -0.5147596597671509,
          "z": 1.3556654453277588
        },
        "tail": {
          "x": 0.3430195748806,
          "y": -0.6135869026184082,
          "z": 1.341713786125183
        },
        "rotation_quaternion": {
          "w": 0.15093766152858734,
          "x": -0.1070212796330452,
          "y": 0.0518021397292614,
          "z": -0.9813668131828308
        },
        "matrix": [
          [
            -0.931528627872467,
            0.28516265749931335,
            0.22569213807582855,
            0.3133253753185272
          ],
          [
            -0.3073383867740631,
            -0.9490687847137451,
            -0.06936602294445038,
            -0.5147596597671509
          ],
          [
            0.1944180130958557,
            -0.1339820772409439,
            0.9717328548431396,
            1.3556654453277588
          ],
          [
            0.0,
            0.0,
            0.0,
            1.0
          ]
        ]
      },
      "bone_length_armature_space": 0.10413077298383663,
      "parent": "lowerarm_l",
      "has_children": true,
      "is_end_bone": false
    },
    "pinky_01_l": {
      "name": "pinky_01_l",
      "local": {
        "location": {
          "x": 0.0,
          "y": 0.0,
          "z": 0.0
        },
        "rotation_quaternion": {
          "w": 0.9912745952606201,
          "x": -0.1309920847415924,
          "y": 0.00030542266904376447,
          "z": -0.014683865010738373
        },
        "scale": {
          "x": 1.0,
          "y": 1.0,
          "z": 1.0
        },
        "matrix_basis": [
          [
            0.9995685815811157,
            0.02903146855533123,
            0.004452455788850784,
            0.0
          ],
          [
            -0.029191501438617706,
            0.9652509093284607,
            0.2596892714500427,
            0.0
          ],
          [
            0.0032414246816188097,
            -0.2597072124481201,
            0.9656819701194763,
            0.0
          ],
          [
            0.0,
            0.0,
            0.0,
            1.0
          ]
        ],
        "rotation_mode": "QUATERNION"
      },
      "armature_space": {
        "head": {
          "x": 0.3430195748806,
          "y": -0.6768308877944946,
          "z": 0.391859769821167
