{
  "metadata": {
    "armature_name": "KIM_caucasian_male",
    "export_time": "2026-01-13T21:08:08.384531",
    "blender_version": "4.4.1",
    "bone_count": 56,
    "end_bone_count": 13,
    "spaces_included": [
      "LOCAL_CHANNELS",
      "ARMATURE_SPACE",
      "WORLD_SPACE"
    ],
    "note": "LOCAL matches Transform panel; replay pose via local.matrix_basis for best fidelity."
  },
  "bones": {
    "Root": {
      "name": "Root",
      "local": {
        "location": {
          "x": 0.0,
          "y": 0.0,
          "z": 0.0
        },
        "rotation_quaternion": {
          "w": 0.9998037815093994,
          "x": 0.004022826440632343,
          "y": -0.00949800480157137,
          "z": 0.016907664015889168
        },
        "scale": {
          "x": 1.0,
          "y": 1.0,
          "z": 1.0
        },
        "matrix_basis": [
          [
            0.9992478489875793,
            -0.033885110169649124,
            -0.018856249749660492,
            0.0
          ],
          [
            0.033732276409864426,
            0.9993959069252014,
            -0.008365252055227757,
            0.0
          ],
          [
            0.019128315150737762,
            0.007722896058112383,
            0.9997872114181519,
            0.0
          ],
          [
            0.0,
            0.0,
            0.0,
            1.0
          ]
        ],
        "rotation_mode": "QUATERNION"
      },
      "armature_space": {
        "head": {
          "x": 0.0,
          "y": 0.07072800397872925,
          "z": -0.009595036506652832
        },
        "tail": {
          "x": -0.002418579300865531,
          "y": -3.137439489364624e-05,
          "z": -0.0005520256236195564
        }
      },
      "world_space": {
        "head": {
          "x": 0.0,
          "y": 0.13397200405597687,
          "z": 0.9402589797973633
        },
        "tail": {
          "x": -0.002418579300865531,
          "y": 0.06321262568235397,
          "z": 0.9493020176887512
        },
        "rotation_quaternion": {
          "w": 0.06334074586629868,
          "x": 0.9978035688400269,
          "y": -0.017509112134575844,
          "z": -0.008337393403053284
        },
        "matrix": [
          [
            0.9992478489875793,
            -0.033885110169649124,
            -0.018856249749660492,
            0.0
          ],
          [
            -0.03599750995635986,
            -0.9913627505302429,
            -0.12611176073551178,
            0.13397200405597687
          ],
          [
            -0.014420205727219582,
            0.1266956329345703,
            -0.9918438792228699,
            0.9402589797973633
          ],
          [
            0.0,
            0.0,
            0.0,
            1.0
          ]
        ]
      },
      "bone_length_armature_space": 0.07137587395617018,
      "parent": null,
      "has_children": true,
      "is_end_bone": false
    },
    "spine_01": {
      "name": "spine_01",
      "local": {
        "location": {
          "x": 0.0,
          "y": 0.0,
          "z": 0.0
        },
        "rotation_quaternion": {
          "w": 0.9995691776275635,
          "x": 0.004612044896930456,
          "y": 0.025166234001517296,
          "z": 0.014379890635609627
        },
        "scale": {
          "x": 1.0,
          "y": 1.0,
          "z": 1.0
        },
        "matrix_basis": [
          [
            0.9983197450637817,
            -0.028515255078673363,
            0.05044342577457428,
            0.0
          ],
          [
            0.028979526832699776,
            0.9995439052581787,
            -0.008496340364217758,
            0.0
          ],
          [
            -0.05017814040184021,
            0.009943891316652298,
            0.9986907839775085,
            0.0
          ],
          [
            0.0,
            0.0,
            0.0,
            1.0
          ]
        ],
        "rotation_mode": "QUATERNION"
      },
      "armature_space": {
        "head": {
          "x": -0.002418579300865531,
          "y": -3.137439489364624e-05,
          "z": -0.0005520256236195564
        },
        "tail": {
          "x": -0.008787404745817184,
          "y": 0.014361051842570305,
          "z": 0.4871988296508789
        }
      },
      "world_space": {
        "head": {
          "x": -0.002418579300865531,
          "y": 0.06321262568235397,
          "z": 0.9493020176887512
        },
        "tail": {
          "x": -0.008787404745817184,
          "y": 0.07760505378246307,
          "z": 1.437052845954895
        },
        "rotation_quaternion": {
          "w": 0.7174575924873352,
          "x": 0.6965317726135254,
          "y": 0.0008017619838938117,
          "z": 0.009873579256236553
        },
        "matrix": [
          [
            0.9998037219047546,
            -0.013050838373601437,
            0.014905072748661041,
            -0.002418579300865531
          ],
          [
            0.015284750610589981,
            0.02949260175228119,
            -0.9994481801986694,
            0.06321262568235397
          ],
          [
            0.012604151852428913,
            0.9994869232177734,
            0.02968558669090271,
            0.9493020176887512
          ],
          [
            0.0,
            0.0,
            0.0,
            1.0
          ]
        ]
      },
      "bone_length_armature_space": 0.48800471486011027,
      "parent": "Root",
      "has_children": true,
      "is_end_bone": false
    },
    "neck_01": {
      "name": "neck_01",
      "local": {
        "location": {
          "x": 0.0,
          "y": 0.0,
          "z": 0.0
        },
        "rotation_quaternion": {
          "w": 0.9986050724983215,
          "x": 0.03528253734111786,
          "y": -0.03731347620487213,
          "z": -0.012279557064175606
        },
        "scale": {
          "x": 1.0,
          "y": 1.0,
          "z": 1.0
        },
        "matrix_basis": [
          [
            0.9969138503074646,
            0.021891828626394272,
            -0.07538936287164688,
            0.0
          ],
          [
            -0.02715788409113884,
            0.9972087144851685,
            -0.06955025345087051,
            0.0
          ],
          [
            0.0736563429236412,
            0.0713830292224884,
            0.9947257041931152,
            0.0
          ],
          [
            0.0,
            0.0,
            0.0,
            1.0
          ]
        ],
        "rotation_mode": "QUATERNION"
      },
      "armature_space": {
        "head": {
          "x": -0.009226052090525627,
          "y": -0.018140850588679314,
          "z": 0.5614092350006104
        },
        "tail": {
          "x": -0.007512933574616909,
          "y": -0.060986943542957306,
          "z": 0.6545329093933105
        }
      },
      "world_space": {
        "head": {
          "x": -0.009226052090525627,
          "y": 0.04510314762592316,
          "z": 1.5112632513046265
        },
        "tail": {
          "x": -0.007512933574616909,
          "y": 0.0022570565342903137,
          "z": 1.6043869256973267
        },
        "rotation_quaternion": {
          "w": 0.539410412311554,
          "x": 0.8415012359619141,
          "y": -0.008625025860965252,
          "z": -0.02894439548254013
        },
        "matrix": [
          [
            0.9981757402420044,
            0.01670987345278263,
            -0.058018215000629425,
            -0.009226052090525627
          ],
          [
            -0.045741669833660126,
            -0.4179236888885498,
            -0.9073300361633301,
            0.04510314762592316
          ],
          [
            -0.03940887004137039,
            0.9083344340324402,
            -0.416400671005249,
            1.5112632513046265
          ],
          [
            0.0,
            0.0,
            0.0,
            1.0
          ]
        ]
      },
      "bone_length_armature_space": 0.10252190430759432,
      "parent": "spine_01",
      "has_children": true,
      "is_end_bone": false
    },
    "head": {
      "name": "head",
      "local": {
        "location": {
          "x": 0.0,
          "y": 0.0,
          "z": 0.0
        },
        "rotation_quaternion": {
          "w": 0.9924609661102295,
          "x": -0.008014267310500145,
          "y": 0.03271711617708206,
          "z": 0.11784197390079498
        },
        "scale": {
          "x": 1.0,
          "y": 1.0,
          "z": 1.0
        },
        "matrix_basis": [
          [
            0.9700857400894165,
            -0.23443152010440826,
            0.06305208802223206,
            0.0
          ],
          [
            0.2333827167749405,
            0.9720980525016785,
            0.02361859381198883,
            0.0
          ],
          [
            -0.06682975590229034,
            -0.008196796290576458,
            0.9977307319641113,
            0.0
          ],
          [
            0.0,
            0.0,
            0.0,
            1.0
          ]
        ],
        "rotation_mode": "QUATERNION"
      },
      "armature_space": {
        "head": {
          "x": -0.00751294381916523,
          "y": -0.06098705530166626,
          "z": 0.654532790184021
        },
        "tail": {
          "x": -0.03831908106803894,
          "y": -0.06723769009113312,
          "z": 0.8064051270484924
        }
      },
      "world_space": {
        "head": {
          "x": -0.00751294381916523,
          "y": 0.00225694477558136,
          "z": 1.604386806488037
        },
        "tail": {
          "x": -0.03831908106803894,
          "y": -0.003993690013885498,
          "z": 1.7562592029571533
        },
        "rotation_quaternion": {
          "w": 0.689413845539093,
          "x": 0.7174283862113953,
          "y": -0.06750445067882538,
          "z": 0.07381226867437363
        },
        "matrix": [
          [
            0.9799898862838745,
            -0.19863367080688477,
            0.012831714004278183,
            -0.00751294381916523
          ],
          [
            0.004913888871669769,
            -0.040303222835063934,
            -0.9991756081581116,
            0.00225694477558136
          ],
          [
            0.19898846745491028,
            0.9792516827583313,
            -0.03852187097072601,
            1.604386806488037
          ],
          [
            0.0,
            0.0,
            0.0,
            1.0
          ]
        ]
      },
      "bone_length_armature_space": 0.15509125078686167,
      "parent": "neck_01",
      "has_children": false,
      "is_end_bone": true
    },
    "upperarm_l": {
      "name": "upperarm_l",
      "local": {
        "location": {
          "x": 0.0,
          "y": 0.0,
          "z": 0.0
        },
        "rotation_quaternion": {
          "w": 0.8363441228866577,
          "x": -0.19241827726364136,
          "y": 0.49647390842437744,
          "z": 0.1304507851600647
        },
        "scale": {
          "x": 1.0,
          "y": 1.0,
          "z": 1.0
        },
        "matrix_basis": [
          [
            0.47299250960350037,
            -0.40926480293273926,
            0.7802438139915466,
            0.0
          ],
          [
            0.02714218758046627,
            0.8919156193733215,
            0.45138660073280334,
            0.0
          ],
          [
            -0.8806483149528503,
            -0.19232496619224548,
            0.43297773599624634,
            0.0
          ],
          [
            0.0,
            0.0,
            0.0,
            1.0
          ]
        ],
        "rotation_mode": "QUATERNION"
      },
      "armature_space": {
        "head": {
          "x": 0.1416691541671753,
          "y": -0.021017635241150856,
          "z": 0.49622124433517456
        },
        "tail": {
          "x": 0.37866026163101196,
          "y": 0.04393943399190903,
          "z": 0.6031023859977722
        }
      },
      "world_space": {
        "head": {
          "x": 0.1416691541671753,
          "y": 0.04222636669874191,
          "z": 1.446075201034546
        },
        "tail": {
          "x": 0.37866026163101196,
          "y": 0.10718343406915665,
          "z": 1.5529563426971436
        },
        "rotation_quaternion": {
          "w": 0.32965922355651855,
          "x": 0.6154457330703735,
          "y": 0.7159106731414795,
          "z": -0.004833246115595102
        },
        "matrix": [
          [
            -0.025100940838456154,
            0.8843960762023926,
            0.46606168150901794,
            0.1416691541671753
          ],
          [
            0.8780209422111511,
            0.2424047589302063,
            -0.41269785165786743,
            0.04222636669874191
          ],
          [
            -0.47796645760536194,
            0.3988557457923889,
            -0.7826086282730103,
            1.446075201034546
          ],
          [
            0.0,
            0.0,
            0.0,
            1.0
          ]
        ]
      },
      "bone_length_armature_space": 0.2679697472203442,
      "parent": "spine_01",
      "has_children": true,
      "is_end_bone": false
    },
    "lowerarm_l": {
      "name": "lowerarm_l",
      "local": {
        "location": {
          "x": 0.0,
          "y": 0.0,
          "z": 0.0
        },
        "rotation_quaternion": {
          "w": 0.9681852459907532,
          "x": 0.1406475305557251,
          "y": 0.09090681374073029,
          "z": -0.18593443930149078
        },
        "scale": {
          "x": 1.0,
          "y": 1.0,
          "z": 1.0
        },
        "matrix_basis": [
          [
            0.9143286943435669,
            0.38560959696769714,
            0.12372682988643646,
            0.0
          ],
          [
            -0.3344663381576538,
            0.8912932872772217,
            -0.3061511516571045,
            0.0
          ],
          [
            -0.22833171486854553,
            0.23854030668735504,
            0.9439084529876709,
            0.0
          ],
          [
            0.0,
            0.0,
            0.0,
            1.0
          ]
        ],
        "rotation_mode": "QUATERNION"
      },
      "armature_space": {
        "head": {
          "x": 0.3786603808403015,
          "y": 0.04393932968378067,
          "z": 0.603102445602417
        },
        "tail": {
          "x": 0.6325763463973999,
          "y": 0.12424309551715851,
          "z": 0.5776602625846863
        }
      },
      "world_space": {
        "head": {
          "x": 0.3786603808403015,
          "y": 0.10718332976102829,
          "z": 1.552956461906433
        },
        "tail": {
          "x": 0.6325763463973999,
          "y": 0.18748709559440613,
          "z": 1.5275142192840576
        },
        "rotation_quaternion": {
          "w": 0.16270504891872406,
          "x": 0.5645772814750671,
          "y": 0.7896926999092102,
          "z": -0.1765367090702057
        },
        "matrix": [
          [
            -0.30955880880355835,
            0.9491318464279175,
            0.057634979486465454,
            0.3786603808403015
          ],
          [
            0.8342384696006775,
            0.3001735210418701,
            -0.4625391364097595,
            0.10718332976102829
          ],
          [
            -0.4563135504722595,
            -0.09510228037834167,
            -0.8847302198410034,
            1.552956461906433
          ],
          [
            0.0,
            0.0,
            0.0,
            1.0
          ]
        ]
      },
      "bone_length_armature_space": 0.26752442082902883,
      "parent": "upperarm_l",
      "has_children": true,
      "is_end_bone": false
    },
    "metacarpal_thumb_l": {
      "name": "metacarpal_thumb_l",
      "local": {
        "location": {
          "x": 0.0,
          "y": 0.0,
          "z": 0.0
        },
        "rotation_quaternion": {
          "w": 0.9990284442901611,
          "x": -0.04195573925971985,
          "y": -0.013231392949819565,
          "z": 0.002608741633594036
        },
        "scale": {
          "x": 1.0,
          "y": 1.0,
          "z": 1.0
        },
        "matrix_basis": [
          [
            0.9996362328529358,
            -0.0041021485812962055,
            -0.026655979454517365,
            0.0
          ],
          [
            0.006322680041193962,
            0.996465802192688,
            0.08376091718673706,
            0.0
          ],
          [
            0.026218172162771225,
            -0.08389899134635925,
            0.9961292743682861,
            0.0
          ],
          [
            0.0,
            0.0,
            0.0,
            1.0
          ]
        ],
        "rotation_mode": "QUATERNION"
      },
      "armature_space": {
        "head": {
          "x": 0.6325763463973999,
          "y": 0.12424309551715851,
          "z": 0.5776602625846863
        },
        "tail": {
          "x": 0.6702958941459656,
          "y": 0.12661810219287872,
          "z": 0.5456416606903076
        }
      },
      "world_space": {
        "head": {
          "x": 0.6325763463973999,
          "y": 0.18748709559440613,
          "z": 1.5275142192840576
        },
        "tail": {
          "x": 0.6702958941459656,
          "y": 0.18986210227012634,
          "z": 1.4954956769943237
        },
        "rotation_quaternion": {
          "w": 0.5178119540214539,
          "x": -0.68694669008255,
          "y": -0.5058102011680603,
          "z": -0.06427429616451263
        },
        "matrix": [
          [
            0.48004716634750366,
            0.7614931464195251,
            -0.43552541732788086,
            0.6325763463973999
          ],
          [
            0.6283683776855469,
            0.04794736206531525,
            0.7764371633529663,
            0.18748709559440613
          ],
          [
            0.6121386885643005,
            -0.6464012861251831,
            -0.4554837644100189,
            1.5275142192840576
          ],
          [
            0.0,
            0.0,
            0.0,
            1.0
          ]
        ]
      },
      "bone_length_armature_space": 0.04953378376518263,
      "parent": "lowerarm_l",
      "has_children": true,
      "is_end_bone": false
    },
    "thumb_01_l": {
      "name": "thumb_01_l",
      "local": {
        "location": {
          "x": 0.0,
          "y": 0.0,
          "z": 0.0
        },
        "rotation_quaternion": {
          "w": 0.9998194575309753,
          "x": 0.008666902780532837,
          "y": 0.014892162755131721,
          "z": -0.008007190190255642
        },
        "scale": {
          "x": 1.0,
          "y": 1.0,
          "z": 1.0
        },
        "matrix_basis": [
          [
            0.9994282126426697,
            0.016269626095891,
            0.02964015305042267,
            0.0
          ],
          [
            -0.015753351151943207,
            0.9997215270996094,
            -0.0175691656768322,
            0.0
          ],
          [
            -0.029917743057012558,
            0.017092186957597733,
            0.9994062185287476,
            0.0
          ],
          [
            0.0,
            0.0,
            0.0,
            1.0
          ]
        ],
        "rotation_mode": "QUATERNION"
      },
      "armature_space": {
        "head": {
          "x": 0.6702958941459656,
          "y": 0.12661810219287872,
          "z": 0.5456416606903076
        },
        "tail": {
          "x": 0.6752036809921265,
          "y": 0.14483076333999634,
          "z": 0.5173071026802063
        }
      },
      "world_space": {
        "head": {
          "x": 0.6702958941459656,
          "y": 0.18986210227012634,
          "z": 1.4954956769943237
        },
        "tail": {
          "x": 0.6752036809921265,
          "y": 0.20807476341724396,
          "z": 1.4671611785888672
        },
        "rotation_quaternion": {
          "w": 0.8509705662727356,
          "x": -0.44189485907554626,
          "y": 0.2082759588956833,
          "z": -0.19287119805812836
        },
        "matrix": [
          [
            0.8388433456420898,
            0.14418360590934753,
            0.5249308347702026,
            0.6702958941459656
          ],
          [
            -0.5123279094696045,
            0.5350593328475952,
            0.6717380881309509,
            0.18986210227012634
          ],
          [
            -0.184017151594162,
            -0.8324251770973206,
            0.5227044224739075,
            1.4954956769943237
          ],
          [
            0.0,
            0.0,
            0.0,
            1.0
          ]
        ]
      },
      "bone_length_armature_space": 0.03403872109182773,
      "parent": "metacarpal_thumb_l",
      "has_children": true,
      "is_end_bone": false
    },
    "thumb_02_l": {
      "name": "thumb_02_l",
      "local": {
        "location": {
          "x": 0.0,
          "y": 0.0,
          "z": 0.0
        },
        "rotation_quaternion": {
          "w": 0.9985395669937134,
          "x": 0.053362973034381866,
          "y": -0.0001586081925779581,
          "z": 0.008434646762907505
        },
        "scale": {
          "x": 1.0,
          "y": 1.0,
          "z": 1.0
        },
        "matrix_basis": [
          [
            0.9998576641082764,
            -0.016861584037542343,
            0.0005834425683133304,
            0.0
          ],
          [
            0.01682772859930992,
            0.9941624999046326,
            -0.10657275468111038,
            0.0
          ],
          [
            0.0012169487308710814,
            0.10656740516424179,
            0.9943047165870667,
            0.0
          ],
          [
            0.0,
            0.0,
            0.0,
            1.0
          ]
        ],
        "rotation_mode": "QUATERNION"
      },
      "armature_space": {
        "head": {
          "x": 0.6752036809921265,
          "y": 0.14483073353767395,
          "z": 0.5173071026802063
        },
        "tail": {
          "x": 0.7129928469657898,
          "y": 0.15775759518146515,
          "z": 0.5130581259727478
        }
      },
      "world_space": {
        "head": {
          "x": 0.6752036809921265,
          "y": 0.20807473361492157,
          "z": 1.4671611785888672
        },
        "tail": {
          "x": 0.7129928469657898,
          "y": 0.22100159525871277,
          "z": 1.4629120826721191
        },
        "rotation_quaternion": {
          "w": 0.787858247756958,
          "x": 0.07966404408216476,
          "y": 0.20051032304763794,
          "z": -0.5768264532089233
        },
        "matrix": [
          [
            0.2541332542896271,
            0.9408619999885559,
            0.22404086589813232,
            0.6752036809921265
          ],
          [
            -0.8769683241844177,
            0.32184869050979614,
            -0.35684800148010254,
            0.20807473361492157
          ],
          [
            -0.4078556001186371,
            -0.10579021275043488,
            0.9069046974182129,
            1.4671611785888672
          ],
          [
            0.0,
            0.0,
            0.0,
            1.0
          ]
        ]
      },
      "bone_length_armature_space": 0.040164395513408856,
      "parent": "thumb_01_l",
      "has_children": true,
      "is_end_bone": false
    },
    "thumb_03_l": {
      "name": "thumb_03_l",
      "local": {
        "location": {
          "x": 0.0,
          "y": 0.0,
          "z": 0.0
        },
        "rotation_quaternion": {
          "w": 0.9980989098548889,
          "x": 0.061346933245658875,
          "y": 0.005421353504061699,
          "z": 0.0023880377411842346
        },
        "scale": {
          "x": 1.0,
          "y": 1.0,
          "z": 1.0
        },
        "matrix_basis": [
          [
            0.9999297857284546,
            -0.004101829137653112,
            0.011115091852843761,
            0.0
          ],
          [
            0.005432162433862686,
            0.9924616813659668,
            -0.12243472039699554,
            0.0
          ],
          [
            -0.010529096238315105,
            0.12248650938272476,
            0.9924142956733704,
            0.0
          ],
          [
            0.0,
            0.0,
            0.0,
            1.0
          ]
        ],
        "rotation_mode": "QUATERNION"
      },
      "armature_space": {
        "head": {
          "x": 0.712992787361145,
          "y": 0.15775756537914276,
          "z": 0.5130580067634583
        },
        "tail": {
          "x": 0.7409675121307373,
          "y": 0.16571858525276184,
          "z": 0.5220540165901184
        }
      },
      "world_space": {
        "head": {
          "x": 0.712992787361145,
          "y": 0.22100156545639038,
          "z": 1.4629120826721191
        },
        "tail": {
          "x": 0.7409675121307373,
          "y": 0.22896258533000946,
          "z": 1.4719080924987793
        },
        "rotation_quaternion": {
          "w": 0.7580389380455017,
          "x": 0.3501163423061371,
          "y": 0.23690231144428253,
          "z": -0.4966617822647095
        },
        "matrix": [
          [
            0.39440780878067017,
            0.9188646674156189,
            0.011381663382053375,
            0.712992787361145
          ],
          [
            -0.5870931148529053,
            0.26148977875709534,
            -0.7661235332489014,
            0.22100156545639038
          ],
          [
            -0.7069453597068787,
            0.29548537731170654,
            0.6425966620445251,
            1.4629120826721191
          ],
          [
            0.0,
            0.0,
            0.0,
            1.0
          ]
        ]
      },
      "bone_length_armature_space": 0.030444889046371673,
      "parent": "thumb_02_l",
      "has_children": false,
      "is_end_bone": true
    },
    "metacarpal_index_l": {
      "name": "metacarpal_index_l",
      "local": {
        "location": {
          "x": 0.0,
          "y": 0.0,
          "z": 0.0
        },
        "rotation_quaternion": {
          "w": 0.997305154800415,
          "x": -0.07001975923776627,
          "y": -0.019395574927330017,
          "z": 0.010173878632485867
        },
        "scale": {
          "x": 1.0,
          "y": 1.0,
          "z": 1.0
        },
        "matrix_basis": [
          [
            0.9990406036376953,
            -0.017576776444911957,
            -0.04011135920882225,
            0.0
          ],
          [
            0.02300906926393509,
            0.9899874329566956,
            0.1392674744129181,
            0.0
          ],
          [
            0.03726186975836754,
            -0.1400567889213562,
            0.9894421100616455,
            0.0
          ],
          [
            0.0,
            0.0,
            0.0,
            1.0
          ]
        ],
        "rotation_mode": "QUATERNION"
      },
      "armature_space": {
        "head": {
          "x": 0.6325763463973999,
          "y": 0.12424309551715851,
          "z": 0.5776602625846863
        },
        "tail": {
          "x": 0.7445293664932251,
          "y": 0.13809742033481598,
          "z": 0.5459773540496826
        }
      },
      "world_space": {
        "head": {
          "x": 0.6325763463973999,
          "y": 0.18748709559440613,
          "z": 1.5275142192840576
        },
        "tail": {
          "x": 0.7445293664932251,
          "y": 0.2013414204120636,
          "z": 1.4958313703536987
        },
        "rotation_quaternion": {
          "w": 0.2316373735666275,
          "x": -0.6634782552719116,
          "y": -0.7109603881835938,
          "z": -0.026003742590546608
        },
        "matrix": [
          [
            -0.012280724942684174,
            0.9554608464241028,
            -0.2948616147041321,
            0.6325763463973999
          ],
          [
            0.9313663840293884,
            0.11823949217796326,
            0.3443494439125061,
            0.18748709559440613
          ],
          [
            0.3638799488544464,
            -0.27039721608161926,
            -0.8913421034812927,
            1.5275142192840576
          ],
          [
            0.0,
            0.0,
            0.0,
            1.0
          ]
        ]
      },
      "bone_length_armature_space": 0.11717178616868194,
      "parent": "lowerarm_l",
      "has_children": true,
      "is_end_bone": false
    },
    "index_01_l": {
      "name": "index_01_l",
      "local": {
        "location": {
          "x": 0.0,
          "y": 0.0,
          "z": 0.0
        },
        "rotation_quaternion": {
          "w": 0.9935402870178223,
          "x": -0.11267852783203125,
          "y": 0.0008946232264861465,
          "z": -0.01343942154198885
        },
        "scale": {
          "x": 1.0,
          "y": 1.0,
          "z": 1.0
        },
        "matrix_basis": [
          [
            0.9996371865272522,
            0.026503603905439377,
            0.004806356970220804,
            0.0
          ],
          [
            -0.026906823739409447,
            0.9742458462715149,
            0.22387726604938507,
            0.0
          ],
          [
            0.0012509800726547837,
            -0.2239253669977188,
            0.9746055006980896,
            0.0
          ],
          [
            0.0,
            0.0,
            0.0,
            1.0
          ]
        ],
        "rotation_mode": "QUATERNION"
      },
      "armature_space": {
        "head": {
          "x": 0.7445293664932251,
          "y": 0.13809742033481598,
          "z": 0.5459773540496826
        },
        "tail": {
          "x": 0.7710466980934143,
          "y": 0.146798774600029,
          "z": 0.5518242120742798
        }
      },
      "world_space": {
        "head": {
          "x": 0.7445293664932251,
          "y": 0.2013414204120636,
          "z": 1.4958313703536987
        },
        "tail": {
          "x": 0.7710466980934143,
          "y": 0.2100427746772766,
          "z": 1.501678228378296
        },
        "rotation_quaternion": {
          "w": 0.12893864512443542,
          "x": -0.5479625463485718,
          "y": -0.7974672913551331,
          "z": -0.21715882420539856
        },
        "matrix": [
          [
            -0.3662232458591461,
            0.929964542388916,
            0.03234320878982544,
            0.7445293664932251
          ],
          [
            0.817965030670166,
            0.30515697598457336,
            0.48766055703163147,
            0.2013414204120636
          ],
          [
            0.4436410665512085,
            0.20504982769489288,
            -0.8724398016929626,
            1.4958313703536987
          ],
          [
            0.0,
            0.0,
            0.0,
            1.0
          ]
        ]
      },
      "bone_length_armature_space": 0.02851435026136921,
      "parent": "metacarpal_index_l",
      "has_children": true,
      "is_end_bone": false
    },
    "index_02_l": {
      "name": "index_02_l",
      "local": {
        "location": {
          "x": 0.0,
          "y": 0.0,
          "z": 0.0
        },
        "rotation_quaternion": {
          "w": 0.9997330904006958,
          "x": 0.01906668394804001,
          "y": 0.010399330407381058,
          "z": 0.00788858626037836
        },
        "scale": {
          "x": 1.0,
          "y": 1.0,
          "z": 1.0
        },
        "matrix_basis": [
          [
            0.9996592402458191,
            -0.015376400202512741,
            0.021093927323818207,
            0.0
          ],
          [
            0.01616952382028103,
            0.9991484880447388,
            -0.03795911744236946,
            0.0
          ],
          [
            -0.02049229107797146,
            0.03828726336359978,
            0.9990566372871399,
            0.0
          ],
          [
            0.0,
            0.0,
            0.0,
            1.0
          ]
        ],
        "rotation_mode": "QUATERNION"
      },
      "armature_space": {
        "head": {
          "x": 0.7710471749305725,
          "y": 0.14679884910583496,
          "z": 0.5518239140510559
        },
        "tail": {
          "x": 0.7947793006896973,
          "y": 0.15493744611740112,
          "z": 0.5571754574775696
        }
      },
      "world_space": {
        "head": {
          "x": 0.7710471749305725,
          "y": 0.21004284918308258,
          "z": 1.5016779899597168
        },
        "tail": {
          "x": 0.7947793006896973,
          "y": 0.21818144619464874,
          "z": 1.5070295333862305
        },
        "rotation_quaternion": {
          "w": 0.11017875373363495,
          "x": -0.5472346544265747,
          "y": -0.8040448427200317,
          "z": -0.20471182465553284
        },
        "matrix": [
          [
            -0.3767893612384796,
            0.9251118898391724,
            0.046875521540641785,
            0.7710471749305725
          ],
          [
            0.8348934054374695,
            0.31725361943244934,
            0.44978153705596924,
            0.21004284918308258
          ],
          [
            0.4012303054332733,
            0.20861057937145233,
            -0.891913652420044,
            1.5016779899597168
          ],
          [
            0.0,
            0.0,
            0.0,
            1.0
          ]
        ]
      },
      "bone_length_armature_space": 0.02565325619343742,
      "parent": "index_01_l",
      "has_children": true,
      "is_end_bone": false
    },
    "index_03_l": {
      "name": "index_03_l",
      "local": {
        "location": {
          "x": 0.0,
          "y": 0.0,
          "z": 0.0
        },
        "rotation_quaternion": {
          "w": 0.9998318552970886,
          "x": 0.016948450356721878,
          "y": -0.003284617094323039,
          "z": 0.006195501424372196
        },
        "scale": {
          "x": 1.0,
          "y": 1.0,
          "z": 1.0
        },
        "matrix_basis": [
          [
            0.9999016523361206,
            -0.012500258162617683,
            -0.006358121521770954,
            0.0
          ],
          [
            0.012277580797672272,
            0.9993487596511841,
            -0.033931899815797806,
            0.0
          ],
          [
            0.006778137758374214,
            0.03385050222277641,
            0.9994038939476013,
            0.0
          ],
          [
            0.0,
            0.0,
            0.0,
            1.0
          ]
        ],
        "rotation_mode": "QUATERNION"
      },
      "armature_space": {
        "head": {
          "x": 0.7947793006896973,
          "y": 0.15493735671043396,
          "z": 0.5571755766868591
        },
        "tail": {
          "x": 0.820798933506012,
          "y": 0.1676819622516632,
          "z": 0.5609551072120667
        }
      },
      "world_space": {
        "head": {
          "x": 0.7947793006896973,
          "y": 0.21818135678768158,
          "z": 1.5070295333862305
        },
        "tail": {
          "x": 0.820798933506012,
          "y": 0.23092596232891083,
          "z": 1.5108091831207275
        },
        "rotation_quaternion": {
          "w": 0.16145648062229156,
          "x": -0.5012702941894531,
          "y": -0.8318789601325989,
          "z": -0.17503567039966583
        },
        "matrix": [
          [
            -0.44531944394111633,
            0.8905137181282043,
            -0.09314228594303131,
            0.7947793006896973
          ],
          [
            0.7774717211723328,
            0.4361802041530609,
            0.45308348536491394,
            0.21818135678768158
          ],
          [
            0.44410765171051025,
            0.12935255467891693,
            -0.8865947127342224,
            1.5070295333862305
          ],
          [
            0.0,
            0.0,
            0.0,
            1.0
          ]
        ]
      },
      "bone_length_armature_space": 0.029218677254552156,
      "parent": "index_02_l",
      "has_children": false,
      "is_end_bone": true
    },
    "metacarpal_pinky_l": {
      "name": "metacarpal_pinky_l",
      "local": {
        "location": {
          "x": 0.0,
          "y": 0.0,
          "z": 0.0
        },
        "rotation_quaternion": {
          "w": 0.9999395608901978,
          "x": -0.00020254403352737427,
          "y": -0.003780149854719639,
          "z": 0.010322581976652145
        },
        "scale": {
          "x": 1.0,
          "y": 1.0,
          "z": 1.0
        },
        "matrix_basis": [
          [
            0.9997583031654358,
            -0.020642384886741638,
            -0.007564024534076452,
            0.0
          ],
          [
            0.020645447075366974,
            0.9997867941856384,
            0.00032702175667509437,
            0.0
          ],
          [
            0.007555661257356405,
            -0.000483105395687744,
            0.999971330165863,
            0.0
          ],
          [
            0.0,
            0.0,
            0.0,
            1.0
          ]
        ],
        "rotation_mode": "QUATERNION"
      },
      "armature_space": {
        "head": {
          "x": 0.6325763463973999,
          "y": 0.12424309551715851,
          "z": 0.5776602625846863
        },
        "tail": {
          "x": 0.7241777777671814,
          "y": 0.16939297318458557,
          "z": 0.5980044007301331
        }
      },
      "world_space": {
        "head": {
          "x": 0.6325763463973999,
          "y": 0.18748709559440613,
          "z": 1.5275142192840576
        },
        "tail": {
          "x": 0.7241777777671814,
          "y": 0.2326369732618332,
          "z": 1.547858476638794
        },
        "rotation_quaternion": {
          "w": 0.6918797492980957,
          "x": 0.39370596408843994,
          "y": 0.48795104026794434,
          "z": -0.35805270075798035
        },
        "matrix": [
          [
            0.26740407943725586,
            0.8796770572662354,
            0.39327216148376465,
            0.6325763463973999
          ],
          [
            -0.1112418919801712,
            0.43358832597732544,
            -0.8942186236381531,
            0.18748709559440613
          ],
          [
            -0.9571486115455627,
            0.19537098705768585,
            0.213800847530365,
            1.5275142192840576
          ],
          [
            0.0,
            0.0,
            0.0,
            1.0
          ]
        ]
      },
      "bone_length_armature_space": 0.10413077277421681,
      "parent": "lowerarm_l",
      "has_children": true,
      "is_end_bone": false
    },
    "pinky_01_l": {
      "name": "pinky_01_l",
      "local": {
        "location": {
          "x": 0.0,
          "y": 0.0,
          "z": 0.0
        },
        "rotation_quaternion": {
          "w": 0.9622347354888916,
          "x": 0.27180665731430054,
          "y": 0.011727966368198395,
          "z": 0.009382585994899273
        },
        "scale": {
          "x": 1.0,
          "y": 1.0,
          "z": 1.0
        },
        "matrix_basis": [
          [
            0.9995488524436951,
            -0.011681021191179752,
            0.027670612558722496,
            0.0
          ],
          [
            0.024431979283690453,
            0.8520662188529968,
            -0.522863507270813,
            0.0
          ],
          [
            -0.0174696147441864,
            0.5233036875724792,
            0.8519672155380249,
            0.0
          ],
          [
            0.0,
            0.0,
            0.0,
            1.0
          ]
        ],
        "rotation_mode": "QUATERNION"
      },
      "armature_space": {
        "head": {
          "x": 0.7241777777671814,
          "y": 0.16939297318458557,
          "z": 0.5980044007301331
        },
        "tail": {
