{
  "metadata": {
    "armature_name": "KIM_caucasian_male",
    "export_time": "2026-01-13T21:13:15.322913",
    "blender_version": "4.4.1",
    "bone_count": 56,
    "end_bone_count": 13,
    "spaces_included": [
      "LOCAL_CHANNELS",
      "ARMATURE_SPACE",
      "WORLD_SPACE"
    ],
    "note": "LOCAL matches Transform panel; replay pose via local.matrix_basis for best fidelity."
  },
  "bones": {
    "Root": {
      "name": "Root",
      "local": {
        "location": {
          "x": 0.0,
          "y": 0.0,
          "z": 0.0
        },
        "rotation_quaternion": {
          "w": 0.9998157620429993,
          "x": -0.01647401973605156,
          "y": 0.006292113568633795,
          "z": -0.0075920685194432735
        },
        "scale": {
          "x": 1.0,
          "y": 1.0,
          "z": 1.0
        },
        "matrix_basis": [
          [
            0.9998055100440979,
            0.014974026940762997,
            0.012832052074372768,
            0.0
          ],
          [
            -0.015388652682304382,
            0.9993419051170349,
            0.03284642845392227,
            0.0
          ],
          [
            -0.0123317651450634,
            -0.03303750976920128,
            0.9993780255317688,
            0.0
          ],
          [
            0.0,
            0.0,
            0.0,
            1.0
          ]
        ],
        "rotation_mode": "QUATERNION"
      },
      "armature_space": {
        "head": {
          "x": 0.0,
          "y": 0.07072800397872925,
          "z": -0.009595036506652832
        },
        "tail": {
          "x": 0.0010687841568142176,
          "y": 0.00036354362964630127,
          "z": 0.0023303786292672157
        }
      },
      "world_space": {
        "head": {
          "x": 0.0,
          "y": 0.13397200405597687,
          "z": 0.9402589797973633
        },
        "tail": {
          "x": 0.0010687841568142176,
          "y": 0.06360754370689392,
          "z": 0.9521843791007996
        },
        "rotation_quaternion": {
          "w": 0.08379184454679489,
          "x": 0.9964345097541809,
          "y": 0.007998708635568619,
          "z": 0.005766357760876417
        },
        "matrix": [
          [
            0.9998055100440979,
            0.014974026940762997,
            0.012832052074372768,
            0.0
          ],
          [
            0.016906727105379105,
            -0.9858298301696777,
            -0.16689437627792358,
            0.13397200405597687
          ],
          [
            0.010151227004826069,
            0.16707909107208252,
            -0.9858983755111694,
            0.9402589797973633
          ],
          [
            0.0,
            0.0,
            0.0,
            1.0
          ]
        ]
      },
      "bone_length_armature_space": 0.07137587108994302,
      "parent": null,
      "has_children": true,
      "is_end_bone": false
    },
    "spine_01": {
      "name": "spine_01",
      "local": {
        "location": {
          "x": 0.0,
          "y": 0.0,
          "z": 0.0
        },
        "rotation_quaternion": {
          "w": 0.9955285787582397,
          "x": 0.08176450431346893,
          "y": -0.04729756712913513,
          "z": -0.0007143038092181087
        },
        "scale": {
          "x": 1.0,
          "y": 1.0,
          "z": 1.0
        },
        "matrix_basis": [
          [
            0.9955248832702637,
            -0.006312304642051458,
            -0.09428896754980087,
            0.0
          ],
          [
            -0.009156743995845318,
            0.9866281151771545,
            -0.16273023188114166,
            0.0
          ],
          [
            0.09405534714460373,
            0.16286537051200867,
            0.9821550250053406,
            0.0
          ],
          [
            0.0,
            0.0,
            0.0,
            1.0
          ]
        ],
        "rotation_mode": "QUATERNION"
      },
      "armature_space": {
        "head": {
          "x": 0.0010687841568142176,
          "y": 0.00036354362964630127,
          "z": 0.0023303786292672157
        },
        "tail": {
          "x": -0.006255959160625935,
          "y": -0.04061457887291908,
          "z": 0.4885563552379608
        }
      },
      "world_space": {
        "head": {
          "x": 0.0010687841568142176,
          "y": 0.06360754370689392,
          "z": 0.9521843791007996
        },
        "tail": {
          "x": -0.006255959160625935,
          "y": 0.022629421204328537,
          "z": 1.4384104013442993
        },
        "rotation_quaternion": {
          "w": 0.6760349273681641,
          "x": 0.7358325719833374,
          "y": -0.03147818520665169,
          "z": -0.02316129580140114
        },
        "matrix": [
          [
            0.996945321559906,
            -0.01500968262553215,
            -0.07664643973112106,
            0.0010687841568142176
          ],
          [
            -0.07764109969139099,
            -0.08397135138511658,
            -0.9934388995170593,
            0.06360754370689392
          ],
          [
            0.008475085720419884,
            0.9963621497154236,
            -0.0848817378282547,
            0.9521843791007996
          ],
          [
            0.0,
            0.0,
            0.0,
            1.0
          ]
        ]
      },
      "bone_length_armature_space": 0.48800465426374373,
      "parent": "Root",
      "has_children": true,
      "is_end_bone": false
    },
    "neck_01": {
      "name": "neck_01",
      "local": {
        "location": {
          "x": 0.0,
          "y": 0.0,
          "z": 0.0
        },
        "rotation_quaternion": {
          "w": 0.9911928176879883,
          "x": 0.023167746141552925,
          "y": -0.06865358352661133,
          "z": -0.11084628105163574
        },
        "scale": {
          "x": 1.0,
          "y": 1.0,
          "z": 1.0
        },
        "matrix_basis": [
          [
            0.9659996032714844,
            0.21655897796154022,
            -0.14123399555683136,
            0.0
          ],
          [
            -0.22292117774486542,
            0.9743527173995972,
            -0.03070741891860962,
            0.0
          ],
          [
            0.13096176087856293,
            0.06114739552140236,
            0.9894998669624329,
            0.0
          ],
          [
            0.0,
            0.0,
            0.0,
            1.0
          ]
        ],
        "rotation_mode": "QUATERNION"
      },
      "armature_space": {
        "head": {
          "x": -0.010013077408075333,
          "y": -0.08121573179960251,
          "z": 0.5585647225379944
        },
        "tail": {
          "x": 0.007403252646327019,
          "y": -0.13399311900138855,
          "z": 0.644715428352356
        }
      },
      "world_space": {
        "head": {
          "x": -0.010013077408075333,
          "y": -0.01797173172235489,
          "z": 1.5084187984466553
        },
        "tail": {
          "x": 0.007403252646327019,
          "y": -0.07074911892414093,
          "z": 1.594569444656372
        },
        "rotation_quaternion": {
          "w": 0.4920161962509155,
          "x": 0.860115647315979,
          "y": 0.022868866100907326,
          "z": -0.13265854120254517
        },
        "matrix": [
          [
            0.9637576341629028,
            0.16988004744052887,
            -0.20569878816604614,
            -0.010013077408075333
          ],
          [
            -0.0911998376250267,
            -0.514794111251831,
            -0.852449357509613,
            -0.01797173172235489
          ],
          [
            -0.25070852041244507,
            0.8403195738792419,
            -0.4806479215621948,
            1.5084187984466553
          ],
          [
            0.0,
            0.0,
            0.0,
            1.0
          ]
        ]
      },
      "bone_length_armature_space": 0.10252182934905711,
      "parent": "spine_01",
      "has_children": true,
      "is_end_bone": false
    },
    "head": {
      "name": "head",
      "local": {
        "location": {
          "x": 0.0,
          "y": 0.0,
          "z": 0.0
        },
        "rotation_quaternion": {
          "w": 0.9947206974029541,
          "x": -0.04849487170577049,
          "y": -0.09040725976228714,
          "z": -0.002377412747591734
        },
        "scale": {
          "x": 1.0,
          "y": 1.0,
          "z": 1.0
        },
        "matrix_basis": [
          [
            0.9836417436599731,
            0.013498300686478615,
            -0.1796293556690216,
            0.0
          ],
          [
            0.004038853570818901,
            0.9952852129936218,
            0.09690757840871811,
            0.0
          ],
          [
            0.18009053170681,
            -0.09604783356189728,
            0.9789495468139648,
            0.0
          ],
          [
            0.0,
            0.0,
            0.0,
            1.0
          ]
        ],
        "rotation_mode": "QUATERNION"
      },
      "armature_space": {
        "head": {
          "x": 0.007403207942843437,
          "y": -0.1339932084083557,
          "z": 0.6447153091430664
        },
        "tail": {
          "x": 0.047239162027835846,
          "y": -0.14609602093696594,
          "z": 0.79411381483078
        }
      },
      "world_space": {
        "head": {
          "x": 0.007403207942843437,
          "y": -0.0707492083311081,
          "z": 1.5945693254470825
        },
        "tail": {
          "x": 0.047239162027835846,
          "y": -0.08285202085971832,
          "z": 1.7439677715301514
        },
        "rotation_quaternion": {
          "w": 0.6789402365684509,
          "x": 0.7080821394920349,
          "y": -0.00464646378532052,
          "z": -0.19400598108768463
        },
        "matrix": [
          [
            0.9246807098388672,
            0.25685667991638184,
            -0.2810520529747009,
            0.007403207942843437
          ],
          [
            -0.2700154483318329,
            -0.07803725451231003,
            -0.9596886038780212,
            -0.0707492083311081
          ],
          [
            -0.26843708753585815,
            0.9633006453514099,
            -0.0028052479028701782,
            1.5945693254470825
          ],
          [
            0.0,
            0.0,
            0.0,
            1.0
          ]
        ]
      },
      "bone_length_armature_space": 0.1550912444182802,
      "parent": "neck_01",
      "has_children": false,
      "is_end_bone": true
    },
    "upperarm_l": {
      "name": "upperarm_l",
      "local": {
        "location": {
          "x": 0.0,
          "y": 0.0,
          "z": 0.0
        },
        "rotation_quaternion": {
          "w": 0.9295506477355957,
          "x": 0.16607201099395752,
          "y": -0.14517365396022797,
          "z": -0.29543253779411316
        },
        "scale": {
          "x": 1.0,
          "y": 1.0,
          "z": 1.0
        },
        "matrix_basis": [
          [
            0.7832884788513184,
            0.5010204315185547,
            -0.3680186867713928,
            0.0
          ],
          [
            -0.5974575877189636,
            0.7702794075012207,
            -0.22296665608882904,
            0.0
          ],
          [
            0.17176637053489685,
            0.3945227265357971,
            0.9026893973350525,
            0.0
          ],
          [
            0.0,
            0.0,
            0.0,
            1.0
          ]
        ],
        "rotation_mode": "QUATERNION"
      },
      "armature_space": {
        "head": {
          "x": 0.14029306173324585,
          "y": -0.09038657695055008,
          "z": 0.49260202050209045
        },
        "tail": {
          "x": 0.3417658805847168,
          "y": -0.18830421566963196,
          "z": 0.34553468227386475
        }
      },
      "world_space": {
        "head": {
          "x": 0.14029306173324585,
          "y": -0.02714257687330246,
          "z": 1.4424560070037842
        },
        "tail": {
          "x": 0.3417658805847168,
          "y": -0.12506021559238434,
          "z": 1.2953886985778809
        },
        "rotation_quaternion": {
          "w": 0.27199047803878784,
          "x": 0.3491903245449066,
          "y": 0.4932735860347748,
          "z": -0.7488448619842529
        },
        "matrix": [
          [
            -0.6081749796867371,
            0.7518499493598938,
            -0.2546466290950775,
            0.14029306173324585
          ],
          [
            -0.06286735832691193,
            -0.36540600657463074,
            -0.9287230372428894,
            -0.02714257687330246
          ],
          [
            -0.7913152575492859,
            -0.5488213300704956,
            0.2694985866546631,
            1.4424560070037842
          ],
          [
            0.0,
            0.0,
            0.0,
            1.0
          ]
        ]
      },
      "bone_length_armature_space": 0.2679700782592818,
      "parent": "spine_01",
      "has_children": true,
      "is_end_bone": false
    },
    "lowerarm_l": {
      "name": "lowerarm_l",
      "local": {
        "location": {
          "x": 0.0,
          "y": 0.0,
          "z": 0.0
        },
        "rotation_quaternion": {
          "w": 0.8356115818023682,
          "x": 0.4543021619319916,
          "y": -0.2666657567024231,
          "z": 0.1557314097881317
        },
        "scale": {
          "x": 1.0,
          "y": 1.0,
          "z": 1.0
        },
        "matrix_basis": [
          [
            0.8092741966247559,
            -0.5025556087493896,
            -0.3041597604751587,
            0.0
          ],
          [
            0.017968280240893364,
            0.5387145280838013,
            -0.8422967791557312,
            0.0
          ],
          [
            0.5871562361717224,
            0.676183819770813,
            0.4449978470802307,
            0.0
          ],
          [
            0.0,
            0.0,
            0.0,
            1.0
          ]
        ],
        "rotation_mode": "QUATERNION"
      },
      "armature_space": {
        "head": {
          "x": 0.34176599979400635,
          "y": -0.18830427527427673,
          "z": 0.3455347418785095
        },
        "tail": {
          "x": 0.48417794704437256,
          "y": -0.3816642761230469,
          "z": 0.4634340703487396
        }
      },
      "world_space": {
        "head": {
          "x": 0.34176599979400635,
          "y": -0.1250602751970291,
          "z": 1.2953886985778809
        },
        "tail": {
          "x": 0.48417794704437256,
          "y": -0.31842029094696045,
          "z": 1.4132881164550781
        },
        "rotation_quaternion": {
          "w": 0.3429042398929596,
          "x": 0.26665470004081726,
          "y": -0.14501413702964783,
          "z": -0.8889786601066589
        },
        "matrix": [
          [
            -0.6226233839988708,
            0.5323324203491211,
            -0.5735523104667664,
            0.34176599979400635
          ],
          [
            -0.6870070099830627,
            -0.7227749824523926,
            0.07495379447937012,
            -0.1250602751970291
          ],
          [
            -0.37465208768844604,
            0.4407048225402832,
            0.8157384395599365,
            1.2953886985778809
          ],
          [
            0.0,
            0.0,
            0.0,
            1.0
          ]
        ]
      },
      "bone_length_armature_space": 0.2675247730889858,
      "parent": "upperarm_l",
      "has_children": true,
      "is_end_bone": false
    },
    "metacarpal_thumb_l": {
      "name": "metacarpal_thumb_l",
      "local": {
        "location": {
          "x": 0.0,
          "y": 0.0,
          "z": 0.0
        },
        "rotation_quaternion": {
          "w": 0.9988993406295776,
          "x": -0.04524154216051102,
          "y": 0.0068100690841674805,
          "z": 0.010340644046664238
        },
        "scale": {
          "x": 1.0,
          "y": 1.0,
          "z": 1.0
        },
        "matrix_basis": [
          [
            0.9996933937072754,
            -0.02127472124993801,
            0.012669493444263935,
            0.0
          ],
          [
            0.020042328163981438,
            0.9956925511360168,
            0.0905243307352066,
            0.0
          ],
          [
            -0.01454080082476139,
            -0.0902426540851593,
            0.9958136677742004,
            0.0
          ],
          [
            0.0,
            0.0,
            0.0,
            1.0
          ]
        ],
        "rotation_mode": "QUATERNION"
      },
      "armature_space": {
        "head": {
          "x": 0.48417794704437256,
          "y": -0.3816642761230469,
          "z": 0.4634340703487396
        },
        "tail": {
          "x": 0.48490458726882935,
          "y": -0.41078171133995056,
          "z": 0.5034996271133423
        }
      },
      "world_space": {
        "head": {
          "x": 0.48417794704437256,
          "y": -0.31842029094696045,
          "z": 1.4132881164550781
        },
        "tail": {
          "x": 0.48490458726882935,
          "y": -0.34753769636154175,
          "z": 1.4533536434173584
        },
        "rotation_quaternion": {
          "w": 0.42584967613220215,
          "x": 0.8300997614860535,
          "y": -0.15727876126766205,
          "z": -0.3238053023815155
        },
        "matrix": [
          [
            0.7408275604248047,
            0.014669626951217651,
            -0.6715351343154907,
            0.48417794704437256
          ],
          [
            -0.5368987917900085,
            -0.5878311991691589,
            -0.605139970779419,
            -0.31842029094696045
          ],
          [
            -0.4036298394203186,
            0.8088556528091431,
            -0.4276089072227478,
            1.4132881164550781
          ],
          [
            0.0,
            0.0,
            0.0,
            1.0
          ]
        ]
      },
      "bone_length_armature_space": 0.04953384624107732,
      "parent": "lowerarm_l",
      "has_children": true,
      "is_end_bone": false
    },
    "thumb_01_l": {
      "name": "thumb_01_l",
      "local": {
        "location": {
          "x": 0.0,
          "y": 0.0,
          "z": 0.0
        },
        "rotation_quaternion": {
          "w": 0.99941086769104,
          "x": -0.03372843936085701,
          "y": 0.005306909792125225,
          "z": -0.003477811813354492
        },
        "scale": {
          "x": 1.0,
          "y": 1.0,
          "z": 1.0
        },
        "matrix_basis": [
          [
            0.9999194741249084,
            0.006593538448214531,
            0.01084216870367527,
            0.0
          ],
          [
            -0.007309513632208109,
            0.997700572013855,
            0.06738022714853287,
            0.0
          ],
          [
            -0.010372964665293694,
            -0.06745404750108719,
            0.997668445110321,
            0.0
          ],
          [
            0.0,
            0.0,
            0.0,
            1.0
          ]
        ],
        "rotation_mode": "QUATERNION"
      },
      "armature_space": {
        "head": {
          "x": 0.48490458726882935,
          "y": -0.41078171133995056,
          "z": 0.5034996271133423
        },
        "tail": {
          "x": 0.46382737159729004,
          "y": -0.43553686141967773,
          "z": 0.5135772824287415
        }
      },
      "world_space": {
        "head": {
          "x": 0.48490458726882935,
          "y": -0.34753769636154175,
          "z": 1.4533536434173584
        },
        "tail": {
          "x": 0.46382737159729004,
          "y": -0.3722928762435913,
          "z": 1.4634313583374023
        },
        "rotation_quaternion": {
          "w": 0.30924662947654724,
          "x": 0.7939260005950928,
          "y": -0.20182397961616516,
          "z": 0.48302698135375977
        },
        "matrix": [
          [
            0.45190414786338806,
            -0.6192156672477722,
            0.6421485543251038,
            0.48490458726882935
          ],
          [
            -0.021718161180615425,
            -0.7272674441337585,
            -0.6860108375549316,
            -0.34753769636154175
          ],
          [
            0.8918080925941467,
            0.29606613516807556,
            -0.3421064615249634,
            1.4533536434173584
          ],
          [
            0.0,
            0.0,
            0.0,
            1.0
          ]
        ]
      },
      "bone_length_armature_space": 0.03403859019316384,
      "parent": "metacarpal_thumb_l",
      "has_children": true,
      "is_end_bone": false
    },
    "thumb_02_l": {
      "name": "thumb_02_l",
      "local": {
        "location": {
          "x": 0.0,
          "y": 0.0,
          "z": 0.0
        },
        "rotation_quaternion": {
          "w": 0.9967830181121826,
          "x": 0.07974479347467422,
          "y": -0.004348812624812126,
          "z": 0.006749548017978668
        },
        "scale": {
          "x": 1.0,
          "y": 1.0,
          "z": 1.0
        },
        "matrix_basis": [
          [
            0.9998710751533508,
            -0.014149259775876999,
            -0.007593162357807159,
            0.0
          ],
          [
            0.012762079015374184,
            0.9871904253959656,
            -0.15903522074222565,
            0.0
          ],
          [
            0.009746127761900425,
            0.15891779959201813,
            0.9872437119483948,
            0.0
          ],
          [
            0.0,
            0.0,
            0.0,
            1.0
          ]
        ],
        "rotation_mode": "QUATERNION"
      },
      "armature_space": {
        "head": {
          "x": 0.46382734179496765,
          "y": -0.43553683161735535,
          "z": 0.5135772824287415
        },
        "tail": {
          "x": 0.484397828578949,
          "y": -0.46472087502479553,
          "z": 0.5319710373878479
        }
      },
      "world_space": {
        "head": {
          "x": 0.46382734179496765,
          "y": -0.37229281663894653,
          "z": 1.4634313583374023
        },
        "tail": {
          "x": 0.484397828578949,
          "y": -0.4014768600463867,
          "z": 1.4818251132965088
        },
        "rotation_quaternion": {
          "w": 0.0018022645963355899,
          "x": 0.6956383585929871,
          "y": 0.36971426010131836,
          "z": 0.6159507632255554
        },
        "matrix": [
          [
            -0.032168615609407425,
            0.5121570229530334,
            0.8582893013954163,
            0.46382734179496765
          ],
          [
            0.5165959000587463,
            -0.7266145944595337,
            0.452946275472641,
            -0.37229281663894653
          ],
          [
            0.855631411075592,
            0.4579614996910095,
            -0.24120531976222992,
            1.4634313583374023
          ],
          [
            0.0,
            0.0,
            0.0,
            1.0
          ]
        ]
      },
      "bone_length_armature_space": 0.04016445640389079,
      "parent": "thumb_01_l",
      "has_children": true,
      "is_end_bone": false
    },
    "thumb_03_l": {
      "name": "thumb_03_l",
      "local": {
        "location": {
          "x": 0.0,
          "y": 0.0,
          "z": 0.0
        },
        "rotation_quaternion": {
          "w": 0.9970820546150208,
          "x": 0.07628830522298813,
          "y": -0.000789748621173203,
          "z": 0.0026311606634408236
        },
        "scale": {
          "x": 1.0,
          "y": 1.0,
          "z": 1.0
        },
        "matrix_basis": [
          [
            0.9999849200248718,
            -0.005367463454604149,
            -0.001173434779047966,
            0.0
          ],
          [
            0.0051264688372612,
            0.9883463382720947,
            -0.15213555097579956,
            0.0
          ],
          [
            0.0019763419404625893,
            0.1521272510290146,
            0.9883589148521423,
            0.0
          ],
          [
            0.0,
            0.0,
            0.0,
            1.0
          ]
        ],
        "rotation_mode": "QUATERNION"
      },
      "armature_space": {
        "head": {
          "x": 0.4843977391719818,
          "y": -0.46472084522247314,
          "z": 0.5319710373878479
        },
        "tail": {
          "x": 0.5092756748199463,
          "y": -0.48084715008735657,
          "z": 0.5388936400413513
        }
      },
      "world_space": {
        "head": {
          "x": 0.4843977391719818,
          "y": -0.4014768600463867,
          "z": 1.4818251132965088
        },
        "tail": {
          "x": 0.5092756748199463,
          "y": -0.41760313510894775,
          "z": 1.4887475967407227
        },
        "rotation_quaternion": {
          "w": 0.26181185245513916,
          "x": -0.5826171040534973,
          "y": -0.40817880630493164,
          "z": -0.6522284150123596
        },
        "matrix": [
          [
            -0.18402402102947235,
            0.817146897315979,
            0.5462657809257507,
            0.4843977391719818
          ],
          [
            0.13410170376300812,
            -0.52968829870224,
            0.8375246524810791,
            -0.4014768600463867
          ],
          [
            0.973737895488739,
            0.22738055884838104,
            -0.01210472360253334,
            1.4818251132965088
          ],
          [
            0.0,
            0.0,
            0.0,
            1.0
          ]
        ]
      },
      "bone_length_armature_space": 0.0304448984266421,
      "parent": "thumb_02_l",
      "has_children": false,
      "is_end_bone": true
    },
    "metacarpal_index_l": {
      "name": "metacarpal_index_l",
      "local": {
        "location": {
          "x": 0.0,
          "y": 0.0,
          "z": 0.0
        },
        "rotation_quaternion": {
          "w": 0.9998246431350708,
          "x": 0.004774312023073435,
          "y": 0.0012453356757760048,
          "z": -0.0180667731910944
        },
        "scale": {
          "x": 1.0,
          "y": 1.0,
          "z": 1.0
        },
        "matrix_basis": [
          [
            0.9993441104888916,
            0.036139100790023804,
            0.0023177217226475477,
            0.0
          ],
          [
            -0.03611531853675842,
            0.9993016123771667,
            -0.009591948240995407,
            0.0
          ],
          [
            -0.002662747399881482,
            0.009501950815320015,
            0.9999513030052185,
            0.0
          ],
          [
            0.0,
            0.0,
            0.0,
            1.0
          ]
        ],
        "rotation_mode": "QUATERNION"
      },
      "armature_space": {
        "head": {
          "x": 0.48417794704437256,
          "y": -0.3816642761230469,
          "z": 0.4634340703487396
        },
        "tail": {
          "x": 0.5190938711166382,
          "y": -0.4665469527244568,
          "z": 0.5362701416015625
        }
      },
      "world_space": {
        "head": {
          "x": 0.48417794704437256,
          "y": -0.31842029094696045,
          "z": 1.4132881164550781
        },
        "tail": {
          "x": 0.5190938711166382,
          "y": -0.40330296754837036,
          "z": 1.4861241579055786
        },
        "rotation_quaternion": {
          "w": 0.3553845286369324,
          "x": 0.6857651472091675,
          "y": -0.10717418789863586,
          "z": -0.6260524392127991
        },
        "matrix": [
          [
            0.1931435465812683,
            0.2979893088340759,
            -0.9348250031471252,
            0.48417794704437256
          ],
          [
            -0.5919721126556396,
            -0.7244295477867126,
            -0.3532297611236572,
            -0.31842029094696045
          ],
          [
            -0.7824795246124268,
            0.6216180324554443,
            0.03648243471980095,
            1.4132881164550781
          ],
          [
            0.0,
            0.0,
            0.0,
            1.0
          ]
        ]
      },
      "bone_length_armature_space": 0.11717202561253452,
      "parent": "lowerarm_l",
      "has_children": true,
      "is_end_bone": false
    },
    "index_01_l": {
      "name": "index_01_l",
      "local": {
        "location": {
          "x": 0.0,
          "y": 0.0,
          "z": 0.0
        },
        "rotation_quaternion": {
          "w": 0.9951248168945312,
          "x": -0.09838157892227173,
          "y": -0.005029419437050819,
          "z": 0.004728998988866806
        },
        "scale": {
          "x": 1.0,
          "y": 1.0,
          "z": 1.0
        },
        "matrix_basis": [
          [
            0.9999046921730042,
            -0.00842228438705206,
            -0.010940292850136757,
            0.0
          ],
          [
            0.010401492938399315,
            0.9805973768234253,
            0.19575633108615875,
            0.0
          ],
          [
            0.009079307317733765,
            -0.19585147500038147,
            0.9805915355682373,
            0.0
          ],
          [
            0.0,
            0.0,
            0.0,
            1.0
          ]
        ],
        "rotation_mode": "QUATERNION"
      },
      "armature_space": {
        "head": {
          "x": 0.5190938711166382,
          "y": -0.4665469527244568,
          "z": 0.5362701416015625
        },
        "tail": {
          "x": 0.537066638469696,
          "y": -0.4870510697364807,
          "z": 0.5446145534515381
        }
      },
      "world_space": {
        "head": {
          "x": 0.5190938711166382,
          "y": -0.40330296754837036,
          "z": 1.4861241579055786
        },
        "tail": {
          "x": 0.537066638469696,
          "y": -0.4238070845603943,
          "z": 1.4944685697555542
        },
        "rotation_quaternion": {
          "w": 0.35387030243873596,
          "x": 0.6455774307250977,
          "y": 0.1234302818775177,
          "z": -0.6654101610183716
        },
        "matrix": [
          [
            0.08398953825235367,
            0.630306601524353,
            -0.77178955078125,
            0.5190938711166382
          ],
          [
            -0.3115706443786621,
            -0.7190802097320557,
            -0.6211665272712708,
            -0.40330296754837036
          ],
          [
            -0.9465108513832092,
            0.29263976216316223,
            0.13599026203155518,
            1.4861241579055786
          ],
          [
            0.0,
            0.0,
            0.0,
            1.0
          ]
        ]
      },
      "bone_length_armature_space": 0.028514353769932797,
      "parent": "metacarpal_index_l",
      "has_children": true,
      "is_end_bone": false
    },
    "index_02_l": {
      "name": "index_02_l",
      "local": {
        "location": {
          "x": 0.0,
          "y": 0.0,
          "z": 0.0
        },
        "rotation_quaternion": {
          "w": 0.9995197653770447,
          "x": 0.030086703598499298,
          "y": -0.006857156287878752,
          "z": 0.0028523732908070087
        },
        "scale": {
          "x": 1.0,
          "y": 1.0,
          "z": 1.0
        },
        "matrix_basis": [
          [
            0.9998896718025208,
            -0.006114625371992588,
            -0.013536089099943638,
            0.0
          ],
          [
            0.005289388354867697,
            0.9981732964515686,
            -0.060183629393577576,
            0.0
          ],
          [
            0.013879363425076008,
            0.06010539084672928,
            0.9980955123901367,
            0.0
          ],
          [
            0.0,
            0.0,
            0.0,
            1.0
          ]
        ],
        "rotation_mode": "QUATERNION"
      },
      "armature_space": {
        "head": {
          "x": 0.537066638469696,
          "y": -0.48705148696899414,
          "z": 0.5446149706840515
        },
        "tail": {
          "x": 0.5527770519256592,
          "y": -0.5060555338859558,
          "z": 0.5516945123672485
        }
      },
      "world_space": {
        "head": {
          "x": 0.537066638469696,
          "y": -0.4238075017929077,
          "z": 1.4944689273834229
        },
        "tail": {
          "x": 0.5527770519256592,
          "y": -0.4428115487098694,
          "z": 1.5015485286712646
        },
        "rotation_quaternion": {
          "w": 0.3433380722999573,
          "x": 0.6213034391403198,
          "y": 0.10824054479598999,
          "z": -0.6959777474403381
        },
        "matrix": [
          [
            0.007798764854669571,
            0.6124129891395569,
            -0.7904993295669556,
            0.537066638469696
          ],
          [
            -0.34341156482696533,
            -0.7408045530319214,
            -0.5773019194602966,
            -0.4238075017929077
          ],
          [
            -0.939159631729126,
            0.2759699523448944,
            0.20453333854675293,
            1.4944689273834229
          ],
          [
            0.0,
            0.0,
            0.0,
            1.0
          ]
        ]
      },
      "bone_length_armature_space": 0.02565328065625962,
      "parent": "index_01_l",
      "has_children": true,
      "is_end_bone": false
    },
    "index_03_l": {
      "name": "index_03_l",
      "local": {
        "location": {
          "x": 0.0,
          "y": 0.0,
          "z": 0.0
        },
        "rotation_quaternion": {
          "w": 0.9998914003372192,
          "x": 0.013262118212878704,
          "y": 0.005717399064451456,
          "z": 0.002943586790934205
        },
        "scale": {
          "x": 1.0,
          "y": 1.0,
          "z": 1.0
        },
        "matrix_basis": [
          [
            0.9999172687530518,
            -0.005734884645789862,
            0.011511632241308689,
            0.0
          ],
          [
            0.0060381838120520115,
            0.9996309280395508,
            -0.026487696915864944,
            0.0
          ],
          [
            -0.011355480179190636,
            0.0265550147742033,
            0.999582827091217,
            0.0
          ],
          [
            0.0,
            0.0,
            0.0,
            1.0
          ]
        ],
        "rotation_mode": "QUATERNION"
      },
      "armature_space": {
        "head": {
          "x": 0.5527771711349487,
          "y": -0.5060554146766663,
          "z": 0.5516945123672485
        },
        "tail": {
          "x": 0.567852258682251,
          "y": -0.5302830934524536,
          "z": 0.5579788088798523
        }
      },
      "world_space": {
        "head": {
          "x": 0.5527771711349487,
          "y": -0.44281142950057983,
          "z": 1.5015485286712646
        },
        "tail": {
          "x": 0.567852258682251,
          "y": -0.4670391082763672,
          "z": 1.5078327655792236
        },
        "rotation_quaternion": {
          "w": 0.2723032236099243,
          "x": 0.6633474826812744,
          "y": 0.10610399395227432,
          "z": -0.6888853311538696
        },
        "matrix": [
          [
            0.02835811674594879,
            0.5159398317337036,
            -0.8561550974845886,
            0.5527771711349487
          ],
          [
            -0.23440444469451904,
            -0.8291851282119751,
            -0.5074513554573059,
            -0.44281142950057983
          ],
          [
            -0.971732497215271,
            0.21507751941680908,
            0.09742478281259537,
            1.5015485286712646
          ],
          [
            0.0,
            0.0,
            0.0,
            1.0
          ]
        ]
      },
      "bone_length_armature_space": 0.02921867681877179,
      "parent": "index_02_l",
      "has_children": false,
      "is_end_bone": true
    },
    "metacarpal_pinky_l": {
      "name": "metacarpal_pinky_l",
      "local": {
        "location": {
          "x": 0.0,
          "y": 0.0,
          "z": 0.0
        },
        "rotation_quaternion": {
          "w": 0.999941349029541,
          "x": 0.0036841544788330793,
          "y": -0.005481553263962269,
          "z": 0.008587312884628773
        },
        "scale": {
          "x": 1.0,
          "y": 1.0,
          "z": 1.0
        },
        "matrix_basis": [
          [
            0.9997923970222473,
            -0.017214007675647736,
            -0.010899189859628677,
            0.0
          ],
          [
            0.017133228480815887,
            0.9998253583908081,
            -0.007462020497769117,
            0.0
          ],
          [
            0.011025737971067429,
            0.007273733150213957,
            0.9999127388000488,
            0.0
          ],
          [
            0.0,
            0.0,
            0.0,
            1.0
          ]
        ],
        "rotation_mode": "QUATERNION"
      },
      "armature_space": {
        "head": {
          "x": 0.48417794704437256,
          "y": -0.3816642761230469,
          "z": 0.4634340703487396
        },
        "tail": {
          "x": 0.5561153292655945,
          "y": -0.45505762100219727,
          "z": 0.48021650314331055
        }
      },
      "world_space": {
        "head": {
          "x": 0.48417794704437256,
          "y": -0.31842029094696045,
          "z": 1.4132881164550781
        },
        "tail": {
          "x": 0.5561153292655945,
          "y": -0.39181363582611084,
          "z": 1.4300705194473267
        },
        "rotation_quaternion": {
          "w": 0.3042105436325073,
          "x": -0.38300278782844543,
          "y": -0.2346191108226776,
          "z": -0.8400707244873047
        },
        "matrix": [
          [
            -0.5215294361114502,
            0.6908369064331055,
            0.500750720500946,
            0.48417794704437256
          ],
          [
            -0.3313977122306824,
            -0.7048189640045166,
            0.6272211074829102,
            -0.31842029094696045
          ],
          [
            0.7862512469291687,
            0.16116704046726227,
            0.5965301394462585,
            1.4132881164550781
          ],
          [
            0.0,
            0.0,
            0.0,
            1.0
          ]
        ]
      },
      "bone_length_armature_space": 0.10413078367444639,
      "parent": "lowerarm_l",
      "has_children": true,
      "is_end_bone": false
    },
    "pinky_01_l": {
      "name": "pinky_01_l",
      "local": {
        "location": {
          "x": 0.0,
          "y": 0.0,
          "z": 0.0
        },
        "rotation_quaternion": {
          "w": 0.9481406211853027,
          "x": 0.31736671924591064,
          "y": -0.00456865131855011,
          "z": -0.016942305490374565
        },
        "scale": {
          "x": 1.0,
          "y": 1.0,
          "z": 1.0
        },
        "matrix_basis": [
          [
            0.9993841648101807,
            0.029227500781416893,
            -0.0194172952324152,
            0.0
          ],
          [
            -0.03502725064754486,
            0.7979826331138611,
            -0.601661741733551,
            0.0
          ],
          [
            -0.0020904000848531723,
            0.6019713878631592,
            0.7985149621963501,
            0.0
          ],
          [
            0.0,
            0.0,
            0.0,
            1.0
          ]
        ],
        "rotation_mode": "QUATERNION"
      },
      "armature_space": {
        "head": {
          "x": 0.5561153292655945,
          "y": -0.45505762100219727,
          "z": 0.48021650314331055
        },
