{
  "metadata": {
    "armature_name": "KIM_caucasian_male",
    "export_time": "2026-01-13T20:59:55.279596",
    "blender_version": "4.4.1",
    "bone_count": 56,
    "end_bone_count": 13,
    "spaces_included": [
      "LOCAL_CHANNELS",
      "ARMATURE_SPACE",
      "WORLD_SPACE"
    ],
    "note": "LOCAL matches Transform panel; replay pose via local.matrix_basis for best fidelity."
  },
  "bones": {
    "Root": {
      "name": "Root",
      "local": {
        "location": {
          "x": 0.0,
          "y": 0.0,
          "z": 0.0
        },
        "rotation_quaternion": {
          "w": 0.999729573726654,
          "x": 0.010488137602806091,
          "y": -0.008033327758312225,
          "z": 0.019136926159262657
        },
        "scale": {
          "x": 1.0,
          "y": 1.0,
          "z": 1.0
        },
        "matrix_basis": [
          [
            0.9991384744644165,
            -0.038432009518146515,
            -0.015660889446735382,
            0.0
          ],
          [
            0.03809499368071556,
            0.999047577381134,
            -0.02127806842327118,
            0.0
          ],
          [
            0.016463732346892357,
            0.02066313661634922,
            0.9996509552001953,
            0.0
          ],
          [
            0.0,
            0.0,
            0.0,
            1.0
          ]
        ],
        "rotation_mode": "QUATERNION"
      },
      "armature_space": {
        "head": {
          "x": 0.0,
          "y": 0.07072800397872925,
          "z": -0.009595036506652832
        },
        "tail": {
          "x": -0.0027431179769337177,
          "y": -0.00013089925050735474,
          "z": -0.0014706114307045937
        }
      },
      "world_space": {
        "head": {
          "x": 0.0,
          "y": 0.13397200405597687,
          "z": 0.9402589797973633
        },
        "tail": {
          "x": -0.0027431179769337177,
          "y": 0.06311310082674026,
          "z": 0.9483833909034729
        },
        "rotation_quaternion": {
          "w": 0.05688512325286865,
          "x": 0.9981650114059448,
          "y": -0.019634639844298363,
          "z": -0.006725864019244909
        },
        "matrix": [
          [
            0.9991384744644165,
            -0.038432009518146515,
            -0.015660889446735382,
            0.0
          ],
          [
            -0.03996242582798004,
            -0.9927571415901184,
            -0.11329783499240875,
            0.13397200405597687
          ],
          [
            -0.011193310841917992,
            0.11382593214511871,
            -0.9934447407722473,
            0.9402589797973633
          ],
          [
            0.0,
            0.0,
            0.0,
            1.0
          ]
        ]
      },
      "bone_length_armature_space": 0.07137587098402243,
      "parent": null,
      "has_children": true,
      "is_end_bone": false
    },
    "spine_01": {
      "name": "spine_01",
      "local": {
        "location": {
          "x": 0.0,
          "y": 0.0,
          "z": 0.0
        },
        "rotation_quaternion": {
          "w": 0.9972341060638428,
          "x": -0.04517200589179993,
          "y": -0.0560154989361763,
          "z": -0.018602315336465836
        },
        "scale": {
          "x": 1.0,
          "y": 1.0,
          "z": 1.0
        },
        "matrix_basis": [
          [
            0.9930324554443359,
            0.042162392288446426,
            -0.11004052311182022,
            0.0
          ],
          [
            -0.03204106166958809,
            0.9952268600463867,
            0.09217816591262817,
            0.0
          ],
          [
            0.11340174078941345,
            -0.08801009505987167,
            0.9896435141563416,
            0.0
          ],
          [
            0.0,
            0.0,
            0.0,
            1.0
          ]
        ],
        "rotation_mode": "QUATERNION"
      },
      "armature_space": {
        "head": {
          "x": -0.0027431179769337177,
          "y": -0.00013089925050735474,
          "z": -0.0014706114307045937
        },
        "tail": {
          "x": 0.025452440604567528,
          "y": 0.054345257580280304,
          "z": 0.4826635718345642
        }
      },
      "world_space": {
        "head": {
          "x": -0.0027431179769337177,
          "y": 0.06311310082674026,
          "z": 0.9483833909034729
        },
        "tail": {
          "x": 0.025452440604567528,
          "y": 0.11758925765752792,
          "z": 1.4325175285339355
        },
        "rotation_quaternion": {
          "w": 0.7446500658988953,
          "x": 0.6626765727996826,
          "y": -0.036216046661138535,
          "z": -0.07102440297603607
        },
        "matrix": [
          [
            0.9872878193855286,
            0.05777763947844505,
            -0.14806930720806122,
            -0.0027431179769337177
          ],
          [
            -0.15377607941627502,
            0.11163118481636047,
            -0.9817797541618347,
            0.06311310082674026
          ],
          [
            -0.04019618779420853,
            0.9920758008956909,
            0.11909685283899307,
            0.9483833909034729
          ],
          [
            0.0,
            0.0,
            0.0,
            1.0
          ]
        ]
      },
      "bone_length_armature_space": 0.48800467597585845,
      "parent": "Root",
      "has_children": true,
      "is_end_bone": false
    },
    "neck_01": {
      "name": "neck_01",
      "local": {
        "location": {
          "x": 0.0,
          "y": 0.0,
          "z": 0.0
        },
        "rotation_quaternion": {
          "w": 0.9852982759475708,
          "x": 0.09326877444982529,
          "y": -0.09643296897411346,
          "z": -0.1057780459523201
        },
        "scale": {
          "x": 1.0,
          "y": 1.0,
          "z": 1.0
        },
        "matrix_basis": [
          [
            0.9590233564376831,
            0.19045747816562653,
            -0.20976205170154572,
            0.0
          ],
          [
            -0.22643421590328217,
            0.9602238535881042,
            -0.16339413821697235,
            0.0
          ],
          [
            0.17029890418052673,
            0.20419611036777496,
            0.9640032649040222,
            0.0
          ],
          [
            0.0,
            0.0,
            0.0,
            1.0
          ]
        ],
        "rotation_mode": "QUATERNION"
      },
      "armature_space": {
        "head": {
          "x": 0.024547720327973366,
          "y": 0.028470169752836227,
          "z": 0.5594322085380554
        },
        "tail": {
          "x": 0.04018092155456543,
          "y": -0.021010972559452057,
          "z": 0.6478513479232788
        }
      },
      "world_space": {
        "head": {
          "x": 0.024547720327973366,
          "y": 0.09171417355537415,
          "z": 1.5092861652374268
        },
        "tail": {
          "x": 0.04018092155456543,
          "y": 0.04223302751779556,
          "z": 1.597705364227295
        },
        "rotation_quaternion": {
          "w": 0.5077748894691467,
          "x": 0.8379058837890625,
          "y": -0.029042981564998627,
          "z": -0.19807793200016022
        },
        "matrix": [
          [
            0.9198436737060547,
            0.15248727798461914,
            -0.36143505573272705,
            0.024547720327973366
          ],
          [
            -0.24982789158821106,
            -0.48264238238334656,
            -0.839430034160614,
            0.09171417355537415
          ],
          [
            -0.302448570728302,
            0.8624463081359863,
            -0.40586358308792114,
            1.5092861652374268
          ],
          [
            0.0,
            0.0,
            0.0,
            1.0
          ]
        ]
      },
      "bone_length_armature_space": 0.10252182679414291,
      "parent": "spine_01",
      "has_children": true,
      "is_end_bone": false
    },
    "head": {
      "name": "head",
      "local": {
        "location": {
          "x": 0.0,
          "y": 0.0,
          "z": 0.0
        },
        "rotation_quaternion": {
          "w": 0.9895042181015015,
          "x": -0.02596242167055607,
          "y": 0.09131230413913727,
          "z": -0.10894724726676941
        },
        "scale": {
          "x": 1.0,
          "y": 1.0,
          "z": 1.0
        },
        "matrix_basis": [
          [
            0.9595851302146912,
            0.21086613833904266,
            0.18636488914489746,
            0.0
          ],
          [
            -0.22034889459609985,
            0.9749128818511963,
            0.03148340433835983,
            0.0
          ],
          [
            -0.175050750374794,
            -0.07127629965543747,
            0.9819760322570801,
            0.0
          ],
          [
            0.0,
            0.0,
            0.0,
            1.0
          ]
        ],
        "rotation_mode": "QUATERNION"
      },
      "armature_space": {
        "head": {
          "x": 0.04018085449934006,
          "y": -0.02101106569170952,
          "z": 0.6478512287139893
        },
        "tail": {
          "x": 0.1145515963435173,
          "y": -0.04084061086177826,
          "z": 0.7824952602386475
        }
      },
      "world_space": {
        "head": {
          "x": 0.04018085449934006,
          "y": 0.0422329343855381,
          "z": 1.5977052450180054
        },
        "tail": {
          "x": 0.1145515963435173,
          "y": 0.02240338921546936,
          "z": 1.7323492765426636
        },
        "rotation_quaternion": {
          "w": 0.642864465713501,
          "x": 0.7229452729225159,
          "y": 0.1509847491979599,
          "z": -0.20317237079143524
        },
        "matrix": [
          [
            0.8718493580818176,
            0.4795321226119995,
            -0.09963744878768921,
            0.04018085449934006
          ],
          [
            -0.042914584279060364,
            -0.12785813212394714,
            -0.9908638000488281,
            0.0422329343855381
          ],
          [
            -0.48789384961128235,
            0.8681656718254089,
            -0.09089571237564087,
            1.5977052450180054
          ],
          [
            0.0,
            0.0,
            0.0,
            1.0
          ]
        ]
      },
      "bone_length_armature_space": 0.15509104944338678,
      "parent": "neck_01",
      "has_children": false,
      "is_end_bone": true
    },
    "upperarm_l": {
      "name": "upperarm_l",
      "local": {
        "location": {
          "x": 0.0,
          "y": 0.0,
          "z": 0.0
        },
        "rotation_quaternion": {
          "w": 0.8683112859725952,
          "x": 0.42527711391448975,
          "y": -0.23403006792068481,
          "z": -0.10200326889753342
        },
        "scale": {
          "x": 1.0,
          "y": 1.0,
          "z": 1.0
        },
        "matrix_basis": [
          [
            0.8696505427360535,
            -0.021914085373282433,
            -0.4931811988353729,
            0.0
          ],
          [
            -0.3761964440345764,
            0.6174694299697876,
            -0.6908021569252014,
            0.0
          ],
          [
            0.31966260075569153,
            0.7862895131111145,
            0.5287386178970337,
            0.0
          ],
          [
            0.0,
            0.0,
            0.0,
            1.0
          ]
        ],
        "rotation_mode": "QUATERNION"
      },
      "armature_space": {
        "head": {
          "x": 0.1682855784893036,
          "y": -0.005229748785495758,
          "z": 0.48710739612579346
        },
        "tail": {
          "x": 0.3092437982559204,
          "y": -0.23267582058906555,
          "z": 0.5014837384223938
        }
      },
      "world_space": {
        "head": {
          "x": 0.1682855784893036,
          "y": 0.05801425129175186,
          "z": 1.4369614124298096
        },
        "tail": {
          "x": 0.3092437982559204,
          "y": -0.16943182051181793,
          "z": 1.4513378143310547
        },
        "rotation_quaternion": {
          "w": 0.25551995635032654,
          "x": 0.44403785467147827,
          "y": 0.10159330070018768,
          "z": -0.8527712821960449
        },
        "matrix": [
          [
            -0.4750797748565674,
            0.5260235071182251,
            -0.7054065465927124,
            0.1682855784893036
          ],
          [
            -0.3455783426761627,
            -0.8487762212753296,
            -0.40019330382347107,
            0.05801425129175186
          ],
          [
            -0.8092494606971741,
            0.053649116307497025,
            0.5850224494934082,
            1.4369614124298096
          ],
          [
            0.0,
            0.0,
            0.0,
            1.0
          ]
        ]
      },
      "bone_length_armature_space": 0.26796943725109945,
      "parent": "spine_01",
      "has_children": true,
      "is_end_bone": false
    },
    "lowerarm_l": {
      "name": "lowerarm_l",
      "local": {
        "location": {
          "x": 0.0,
          "y": 0.0,
          "z": 0.0
        },
        "rotation_quaternion": {
          "w": 0.9107496738433838,
          "x": 0.3872882127761841,
          "y": -0.09585960954427719,
          "z": 0.10655440390110016
        },
        "scale": {
          "x": 1.0,
          "y": 1.0,
          "z": 1.0
        },
        "matrix_basis": [
          [
            0.9589141607284546,
            -0.2683393657207489,
            -0.09207368642091751,
            0.0
          ],
          [
            0.119838185608387,
            0.6773080229759216,
            -0.7258737683296204,
            0.0
          ],
          [
            0.2571427524089813,
            0.6850166916847229,
            0.6816375255584717,
            0.0
          ],
          [
            0.0,
            0.0,
            0.0,
            1.0
          ]
        ],
        "rotation_mode": "QUATERNION"
      },
      "armature_space": {
        "head": {
          "x": 0.3092438578605652,
          "y": -0.23267588019371033,
          "z": 0.5014838576316833
        },
        "tail": {
          "x": 0.3068036735057831,
          "y": -0.4011366367340088,
          "z": 0.7092936635017395
        }
      },
      "world_space": {
        "head": {
          "x": 0.3092438578605652,
          "y": -0.1694318801164627,
          "z": 1.4513378143310547
        },
        "tail": {
          "x": 0.3068036735057831,
          "y": -0.33789265155792236,
          "z": 1.6591477394104004
        },
        "rotation_quaternion": {
          "w": 0.1783193200826645,
          "x": 0.38371244072914124,
          "y": -0.39160093665122986,
          "z": -0.81707763671875
        },
        "matrix": [
          [
            -0.6419346332550049,
            -0.00912138819694519,
            -0.7667049169540405,
            0.3092438578605652
          ],
          [
            -0.5919256806373596,
            -0.6297022104263306,
            0.5030895471572876,
            -0.1694318801164627
          ],
          [
            -0.4873887896537781,
            0.7767879962921143,
            0.39883172512054443,
            1.4513378143310547
          ],
          [
            0.0,
            0.0,
            0.0,
            1.0
          ]
        ]
      },
      "bone_length_armature_space": 0.26752550344744547,
      "parent": "upperarm_l",
      "has_children": true,
      "is_end_bone": false
    },
    "metacarpal_thumb_l": {
      "name": "metacarpal_thumb_l",
      "local": {
        "location": {
          "x": 0.0,
          "y": 0.0,
          "z": 0.0
        },
        "rotation_quaternion": {
          "w": 0.9998705387115479,
          "x": -0.012805514968931675,
          "y": 0.009653904475271702,
          "z": 0.0013566312845796347
        },
        "scale": {
          "x": 1.0,
          "y": 1.0,
          "z": 1.0
        },
        "matrix_basis": [
          [
            0.9998099207878113,
            -0.0029601578135043383,
            0.01927056536078453,
            0.0
          ],
          [
            0.0024656648747622967,
            0.9996683597564697,
            0.025633908808231354,
            0.0
          ],
          [
            -0.01934005320072174,
            -0.025581520050764084,
            0.9994856715202332,
            0.0
          ],
          [
            0.0,
            0.0,
            0.0,
            1.0
          ]
        ],
        "rotation_mode": "QUATERNION"
      },
      "armature_space": {
        "head": {
          "x": 0.3068036735057831,
          "y": -0.4011366367340088,
          "z": 0.7092936635017395
        },
        "tail": {
          "x": 0.27898716926574707,
          "y": -0.41566988825798035,
          "z": 0.7476163506507874
        }
      },
      "world_space": {
        "head": {
          "x": 0.3068036735057831,
          "y": -0.33789265155792236,
          "z": 1.6591477394104004
        },
        "tail": {
          "x": 0.27898716926574707,
          "y": -0.35242587327957153,
          "z": 1.6974704265594482
        },
        "rotation_quaternion": {
          "w": 0.4068535268306732,
          "x": 0.7898534536361694,
          "y": -0.4333229660987854,
          "z": -0.1511056274175644
        },
        "matrix": [
          [
            0.5787947177886963,
            -0.5615677237510681,
            -0.5913019180297852,
            0.3068036735057831
          ],
          [
            -0.8074802756309509,
            -0.2934017479419708,
            -0.5117528438568115,
            -0.33789265155792236
          ],
          [
            0.11389508098363876,
            0.7736696004867554,
            -0.6232793927192688,
            1.6591477394104004
          ],
          [
            0.0,
            0.0,
            0.0,
            1.0
          ]
        ]
      },
      "bone_length_armature_space": 0.049533843259697556,
      "parent": "lowerarm_l",
      "has_children": true,
      "is_end_bone": false
    },
    "thumb_01_l": {
      "name": "thumb_01_l",
      "local": {
        "location": {
          "x": 0.0,
          "y": 0.0,
          "z": 0.0
        },
        "rotation_quaternion": {
          "w": 0.9992416501045227,
          "x": -0.03338364511728287,
          "y": 0.014865961857140064,
          "z": -0.013444281183183193
        },
        "scale": {
          "x": 1.0,
          "y": 1.0,
          "z": 1.0
        },
        "matrix_basis": [
          [
            0.9991965293884277,
            0.02587561123073101,
            0.030607014894485474,
            0.0
          ],
          [
            -0.02786073088645935,
            0.9974095821380615,
            0.06631693243980408,
            0.0
          ],
          [
            -0.028811737895011902,
            -0.067116379737854,
            0.99732905626297,
            0.0
          ],
          [
            0.0,
            0.0,
            0.0,
            1.0
          ]
        ],
        "rotation_mode": "QUATERNION"
      },
      "armature_space": {
        "head": {
          "x": 0.27898716926574707,
          "y": -0.41566988825798035,
          "z": 0.7476163506507874
        },
        "tail": {
          "x": 0.24802882969379425,
          "y": -0.4297073185443878,
          "z": 0.7493929266929626
        }
      },
      "world_space": {
        "head": {
          "x": 0.27898716926574707,
          "y": -0.35242587327957153,
          "z": 1.6974704265594482
        },
        "tail": {
          "x": 0.24802882969379425,
          "y": -0.366463303565979,
          "z": 1.699246883392334
        },
        "rotation_quaternion": {
          "w": 0.425944060087204,
          "x": 0.55669766664505,
          "y": -0.33522048592567444,
          "z": 0.6295129656791687
        },
        "matrix": [
          [
            -0.017318062484264374,
            -0.9095076322555542,
            0.4153258800506592,
            0.27898716926574707
          ],
          [
            0.163042351603508,
            -0.4123972952365875,
            -0.8962955474853516,
            -0.35242587327957153
          ],
          [
            0.9864740371704102,
            0.052193302661180496,
            0.1554306149482727,
            1.6974704265594482
          ],
          [
            0.0,
            0.0,
            0.0,
            1.0
          ]
        ]
      },
      "bone_length_armature_space": 0.03403857276201424,
      "parent": "metacarpal_thumb_l",
      "has_children": true,
      "is_end_bone": false
    },
    "thumb_02_l": {
      "name": "thumb_02_l",
      "local": {
        "location": {
          "x": 0.0,
          "y": 0.0,
          "z": 0.0
        },
        "rotation_quaternion": {
          "w": 0.9956848621368408,
          "x": 0.09198707342147827,
          "y": -0.011322769336402416,
          "z": 0.004695717711001635
        },
        "scale": {
          "x": 1.0,
          "y": 1.0,
          "z": 1.0
        },
        "matrix_basis": [
          [
            0.9996994733810425,
            -0.011434006504714489,
            -0.02168392948806286,
            0.0
          ],
          [
            0.0072678131982684135,
            0.9830326437950134,
            -0.1832866072654724,
            0.0
          ],
          [
            0.023411709815263748,
            0.18307393789291382,
            0.9828203320503235,
            0.0
          ],
          [
            0.0,
            0.0,
            0.0,
            1.0
          ]
        ],
        "rotation_mode": "QUATERNION"
      },
      "armature_space": {
        "head": {
          "x": 0.24802881479263306,
          "y": -0.42970728874206543,
          "z": 0.7493929266929626
        },
        "tail": {
          "x": 0.24702942371368408,
          "y": -0.4550875723361969,
          "z": 0.7805061936378479
        }
      },
      "world_space": {
        "head": {
          "x": 0.24802881479263306,
          "y": -0.366463303565979,
          "z": 1.699246883392334
        },
        "tail": {
          "x": 0.24702942371368408,
          "y": -0.3918435573577881,
          "z": 1.7303602695465088
        },
        "rotation_quaternion": {
          "w": 0.28278857469558716,
          "x": 0.5733209848403931,
          "y": 0.3226076066493988,
          "z": 0.6980387568473816
        },
        "matrix": [
          [
            -0.18266858160495758,
            -0.024882450699806213,
            0.9828594923019409,
            0.24802881479263306
          ],
          [
            0.7647103667259216,
            -0.6319097876548767,
            0.12612709403038025,
            -0.366463303565979
          ],
          [
            0.6179452538490295,
            0.7746471166610718,
            0.13445931673049927,
            1.699246883392334
          ],
          [
            0.0,
            0.0,
            0.0,
            1.0
          ]
        ]
      },
      "bone_length_armature_space": 0.040164573395329334,
      "parent": "thumb_01_l",
      "has_children": true,
      "is_end_bone": false
    },
    "thumb_03_l": {
      "name": "thumb_03_l",
      "local": {
        "location": {
          "x": 0.0,
          "y": 0.0,
          "z": 0.0
        },
        "rotation_quaternion": {
          "w": 0.9950007200241089,
          "x": 0.09963736683130264,
          "y": 0.0024476037360727787,
          "z": -0.006324360147118568
        },
        "scale": {
          "x": 1.0,
          "y": 1.0,
          "z": 1.0
        },
        "matrix_basis": [
          [
            0.9999080300331116,
            0.013073231093585491,
            0.003610449843108654,
            0.0
          ],
          [
            -0.012097740545868874,
            0.9800648093223572,
            -0.19830946624279022,
            0.0
          ],
          [
            -0.006131020374596119,
            0.1982475370168686,
            0.9801328182220459,
            0.0
          ],
          [
            0.0,
            0.0,
            0.0,
            1.0
          ]
        ],
        "rotation_mode": "QUATERNION"
      },
      "armature_space": {
        "head": {
          "x": 0.2470293641090393,
          "y": -0.45508748292922974,
          "z": 0.7805061936378479
        },
        "tail": {
          "x": 0.25989705324172974,
          "y": -0.47224295139312744,
          "z": 0.8021165728569031
        }
      },
      "world_space": {
        "head": {
          "x": 0.2470293641090393,
          "y": -0.3918434977531433,
          "z": 1.7303602695465088
        },
        "tail": {
          "x": 0.25989705324172974,
          "y": -0.408998966217041,
          "z": 1.7519705295562744
        },
        "rotation_quaternion": {
          "w": 0.02624323219060898,
          "x": 0.49431246519088745,
          "y": 0.4664391279220581,
          "z": 0.7330764532089233
        },
        "matrix": [
          [
            -0.5099344849586487,
            0.422654926776886,
            0.7492192983627319,
            0.2470293641090393
          ],
          [
            0.49960869550704956,
            -0.5634929537773132,
            0.6579262018203735,
            -0.3918434977531433
          ],
          [
            0.7002607583999634,
            0.7098201513290405,
            0.07618391513824463,
            1.7303602695465088
          ],
          [
            0.0,
            0.0,
            0.0,
            1.0
          ]
        ]
      },
      "bone_length_armature_space": 0.030444967195287987,
      "parent": "thumb_02_l",
      "has_children": false,
      "is_end_bone": true
    },
    "metacarpal_index_l": {
      "name": "metacarpal_index_l",
      "local": {
        "location": {
          "x": 0.0,
          "y": 0.0,
          "z": 0.0
        },
        "rotation_quaternion": {
          "w": 0.9997926354408264,
          "x": -0.01817299798130989,
          "y": -0.006236464716494083,
          "z": 0.006749812047928572
        },
        "scale": {
          "x": 1.0,
          "y": 1.0,
          "z": 1.0
        },
        "matrix_basis": [
          [
            0.9998310804367065,
            -0.013270154595375061,
            -0.012715671211481094,
            0.0
          ],
          [
            0.013723495416343212,
            0.9992483854293823,
            0.036254268139600754,
            0.0
          ],
          [
            0.01222501415759325,
            -0.036422647535800934,
            0.9992616772651672,
            0.0
          ],
          [
            0.0,
            0.0,
            0.0,
            1.0
          ]
        ],
        "rotation_mode": "QUATERNION"
      },
      "armature_space": {
        "head": {
          "x": 0.3068036735057831,
          "y": -0.4011366367340088,
          "z": 0.7092936635017395
        },
        "tail": {
          "x": 0.2782464921474457,
          "y": -0.4551178216934204,
          "z": 0.8092930316925049
        }
      },
      "world_space": {
        "head": {
          "x": 0.3068036735057831,
          "y": -0.33789265155792236,
          "z": 1.6591477394104004
        },
        "tail": {
          "x": 0.2782464921474457,
          "y": -0.391873836517334,
          "z": 1.759147047996521
        },
        "rotation_quaternion": {
          "w": 0.3299311399459839,
          "x": 0.7033302187919617,
          "y": -0.4009917080402374,
          "z": -0.48546651005744934
        },
        "matrix": [
          [
            0.20705579221248627,
            -0.24372068047523499,
            -0.9474849700927734,
            0.3068036735057831
          ],
          [
            -0.8844007253646851,
            -0.4607013165950775,
            -0.0747641921043396,
            -0.33789265155792236
          ],
          [
            -0.41828984022140503,
            0.8534425497055054,
            -0.31094008684158325,
            1.6591477394104004
          ],
          [
            0.0,
            0.0,
            0.0,
            1.0
          ]
        ]
      },
      "bone_length_armature_space": 0.11717233062951359,
      "parent": "lowerarm_l",
      "has_children": true,
      "is_end_bone": false
    },
    "index_01_l": {
      "name": "index_01_l",
      "local": {
        "location": {
          "x": 0.0,
          "y": 0.0,
          "z": 0.0
        },
        "rotation_quaternion": {
          "w": 0.9945777654647827,
          "x": -0.10134609788656235,
          "y": -0.01260821707546711,
          "z": 0.019626479595899582
        },
        "scale": {
          "x": 1.0,
          "y": 1.0,
          "z": 1.0
        },
        "matrix_basis": [
          [
            0.9989116787910461,
            -0.03648453205823898,
            -0.029057839885354042,
            0.0
          ],
          [
            0.041595708578825,
            0.9786875247955322,
            0.2010982483625412,
            0.0
          ],
          [
            0.0211015697568655,
            -0.20208805799484253,
            0.9791399836540222,
            0.0
          ],
          [
            0.0,
            0.0,
            0.0,
            1.0
          ]
        ],
        "rotation_mode": "QUATERNION"
      },
      "armature_space": {
        "head": {
          "x": 0.2782464921474457,
          "y": -0.4551178216934204,
          "z": 0.8092930316925049
        },
        "tail": {
          "x": 0.28264570236206055,
          "y": -0.4735509157180786,
          "z": 0.8305989503860474
        }
      },
      "world_space": {
        "head": {
          "x": 0.2782464921474457,
          "y": -0.391873836517334,
          "z": 1.759147047996521
        },
        "tail": {
          "x": 0.28264570236206055,
          "y": -0.4103069305419922,
          "z": 1.7804529666900635
        },
        "rotation_quaternion": {
          "w": 0.3728848993778229,
          "x": 0.7032877206802368,
          "y": -0.19424881041049957,
          "z": -0.5732457637786865
        },
        "matrix": [
          [
            0.2673148810863495,
            0.15428084135055542,
            -0.9511780738830566,
            0.2782464921474457
          ],
          [
            -0.7007347941398621,
            -0.6464490294456482,
            -0.30178534984588623,
            -0.391873836517334
          ],
          [
            -0.6614534258842468,
            0.7472001314163208,
            -0.06469637155532837,
            1.759147047996521
          ],
          [
            0.0,
            0.0,
            0.0,
            1.0
          ]
        ]
      },
      "bone_length_armature_space": 0.028514455454297198,
      "parent": "metacarpal_index_l",
      "has_children": true,
      "is_end_bone": false
    },
    "index_02_l": {
      "name": "index_02_l",
      "local": {
        "location": {
          "x": 0.0,
          "y": 0.0,
          "z": 0.0
        },
        "rotation_quaternion": {
          "w": 0.99748295545578,
          "x": 0.07054007053375244,
          "y": 0.006491765379905701,
          "z": 0.0031450821552425623
        },
        "scale": {
          "x": 1.0,
          "y": 1.0,
          "z": 1.0
        },
        "matrix_basis": [
          [
            0.9998959302902222,
            -0.005358472466468811,
            0.013394559733569622,
            0.0
          ],
          [
            0.0071901907213032246,
            0.990028440952301,
            -0.14068420231342316,
            0.0
          ],
          [
            -0.012507141567766666,
            0.14076587557792664,
            0.9899638891220093,
            0.0
          ],
          [
            0.0,
            0.0,
            0.0,
            1.0
          ]
        ],
        "rotation_mode": "QUATERNION"
      },
      "armature_space": {
        "head": {
          "x": 0.28264540433883667,
          "y": -0.47355109453201294,
          "z": 0.8305994272232056
        },
        "tail": {
          "x": 0.28411057591438293,
          "y": -0.49115169048309326,
          "z": 0.8492050170898438
        }
      },
      "world_space": {
        "head": {
          "x": 0.28264540433883667,
          "y": -0.4103071093559265,
          "z": 1.7804534435272217
        },
        "tail": {
          "x": 0.28411057591438293,
          "y": -0.42790770530700684,
          "z": 1.7990590333938599
        },
        "rotation_quaternion": {
          "w": 0.3243398666381836,
          "x": 0.7079800367355347,
          "y": -0.22749972343444824,
          "z": -0.5846468210220337
        },
        "matrix": [
          [
            0.21286535263061523,
            0.05711483955383301,
            -0.9754105806350708,
            0.28264540433883667
          ],
          [
            -0.7013790607452393,
            -0.6860952377319336,
            -0.19323718547821045,
            -0.4103071093559265
          ],
          [
            -0.6802669763565063,
            0.7252707481384277,
            -0.10598780959844589,
            1.7804534435272217
          ],
          [
            0.0,
            0.0,
            0.0,
            1.0
          ]
        ]
      },
      "bone_length_armature_space": 0.025653375387432162,
      "parent": "index_01_l",
      "has_children": true,
      "is_end_bone": false
    },
    "index_03_l": {
      "name": "index_03_l",
      "local": {
        "location": {
          "x": 0.0,
          "y": 0.0,
          "z": 0.0
        },
        "rotation_quaternion": {
          "w": 0.9978793859481812,
          "x": 0.0647289976477623,
          "y": -0.00682916771620512,
          "z": -0.0005819995421916246
        },
        "scale": {
          "x": 1.0,
          "y": 1.0,
          "z": 1.0
        },
        "matrix_basis": [
          [
            0.999906063079834,
            0.00027744032558985054,
            -0.013704716227948666,
            0.0
          ],
          [
            -0.0020456211641430855,
            0.9916196465492249,
            -0.12917551398277283,
            0.0
          ],
          [
            0.013554027304053307,
            0.12919141352176666,
            0.9915270209312439,
            0.0
          ],
          [
            0.0,
            0.0,
            0.0,
            1.0
          ]
        ],
        "rotation_mode": "QUATERNION"
      },
      "armature_space": {
        "head": {
          "x": 0.2841107249259949,
          "y": -0.4911516308784485,
          "z": 0.8492050170898438
        },
        "tail": {
          "x": 0.2802019417285919,
          "y": -0.5138707756996155,
          "z": 0.8671576976776123
        }
      },
      "world_space": {
        "head": {
          "x": 0.2841107249259949,
          "y": -0.42790764570236206,
          "z": 1.7990590333938599
        },
        "tail": {
          "x": 0.2802019417285919,
          "y": -0.45062679052352905,
          "z": 1.8170117139816284
        },
        "rotation_quaternion": {
          "w": 0.2225799560546875,
          "x": 0.764150083065033,
          "y": -0.24835588037967682,
          "z": -0.5521342754364014
        },
        "matrix": [
          [
            0.2669345736503601,
            -0.13377706706523895,
            -0.9543840885162354,
            0.2841107249259949
          ],
          [
            -0.6253508925437927,
            -0.7775546312332153,
            -0.06591564416885376,
            -0.42790764570236206
          ],
          [
            -0.7332739233970642,
            0.6144239902496338,
            -0.29121607542037964,
            1.7990590333938599
          ],
          [
            0.0,
            0.0,
            0.0,
            1.0
          ]
        ]
      },
      "bone_length_armature_space": 0.02921877536722379,
      "parent": "index_02_l",
      "has_children": false,
      "is_end_bone": true
    },
    "metacarpal_pinky_l": {
      "name": "metacarpal_pinky_l",
      "local": {
        "location": {
          "x": 0.0,
          "y": 0.0,
          "z": 0.0
        },
        "rotation_quaternion": {
          "w": 0.9996344447135925,
          "x": -0.020818542689085007,
          "y": -0.00897741224616766,
          "z": -0.01473313756287098
        },
        "scale": {
          "x": 1.0,
          "y": 1.0,
          "z": 1.0
        },
        "matrix_basis": [
          [
            0.9994046688079834,
            0.029829297214746475,
            -0.017334816977381706,
            0.0
          ],
          [
            -0.029081709682941437,
            0.9986990690231323,
            0.04188639670610428,
            0.0
          ],
          [
            0.018561705946922302,
            -0.041357334703207016,
            0.9989719986915588,
            0.0
          ],
          [
            0.0,
            0.0,
            0.0,
            1.0
          ]
        ],
        "rotation_mode": "QUATERNION"
      },
      "armature_space": {
        "head": {
          "x": 0.3068036735057831,
          "y": -0.4011366367340088,
          "z": 0.7092936635017395
        },
        "tail": {
          "x": 0.3252074122428894,
          "y": -0.4821457862854004,
          "z": 0.7720797061920166
        }
      },
      "world_space": {
        "head": {
          "x": 0.3068036735057831,
          "y": -0.33789265155792236,
          "z": 1.6591477394104004
        },
        "tail": {
          "x": 0.3252074122428894,
          "y": -0.41890180110931396,
          "z": 1.7219337224960327
        },
        "rotation_quaternion": {
          "w": 0.006363712251186371,
          "x": -0.24788297712802887,
          "y": -0.333139032125473,
          "z": -0.9096878170967102
        },
        "matrix": [
          [
            -0.8770272135734558,
            0.17673681676387787,
            0.4467517137527466,
            0.3068036735057831
          ],
          [
            0.1535806953907013,
            -0.7779558897018433,
            0.6092600226402283,
            -0.33789265155792236
          ],
          [
            0.45523515343666077,
            0.6029536724090576,
            0.6551504731178284,
            1.6591477394104004
          ],
          [
            0.0,
            0.0,
            0.0,
            1.0
          ]
        ]
      },
      "bone_length_armature_space": 0.10413100880585578,
      "parent": "lowerarm_l",
      "has_children": true,
      "is_end_bone": false
    },
    "pinky_01_l": {
      "name": "pinky_01_l",
      "local": {
        "location": {
          "x": 0.0,
          "y": 0.0,
          "z": 0.0
        },
        "rotation_quaternion": {
          "w": 0.9583644866943359,
          "x": 0.28400301933288574,
          "y": 0.017888592556118965,
          "z": 0.02365969680249691
        },
        "scale": {
          "x": 1.0,
          "y": 1.0,
          "z": 1.0
        },
        "matrix_basis": [
          [
            0.9982404112815857,
            -0.035188399255275726,
            0.04772643372416496,
            0.0
          ],
          [
            0.055510055273771286,
            0.837565004825592,
            -0.5435103178024292,
            0.0
          ],
          [
            -0.020848732441663742,
            0.5452032685279846,
            0.8380445837974548,
            0.0
          ],
          [
            0.0,
            0.0,
            0.0,
            1.0
          ]
        ],
        "rotation_mode": "QUATERNION"
      },
      "armature_space": {
        "head": {
          "x": 0.3252074122428894,
          "y": -0.4821457862854004,
          "z": 0.7720797061920166
        },
        "tail": {
