{
  "metadata": {
    "armature_name": "KIM_caucasian_male",
    "export_time": "2026-01-13T20:55:14.943473",
    "blender_version": "4.4.1",
    "bone_count": 56,
    "end_bone_count": 13,
    "spaces_included": [
      "LOCAL_CHANNELS",
      "ARMATURE_SPACE",
      "WORLD_SPACE"
    ],
    "note": "LOCAL matches Transform panel; replay pose via local.matrix_basis for best fidelity."
  },
  "bones": {
    "Root": {
      "name": "Root",
      "local": {
        "location": {
          "x": 0.0,
          "y": 0.0,
          "z": 0.0
        },
        "rotation_quaternion": {
          "w": 0.999845027923584,
          "x": -0.009968867525458336,
          "y": -0.003360952017828822,
          "z": -0.014121515676379204
        },
        "scale": {
          "x": 1.0,
          "y": 1.0,
          "z": 1.0
        },
        "matrix_basis": [
          [
            0.999578595161438,
            0.028305664658546448,
            -0.006439311429858208,
            0.0
          ],
          [
            -0.02817164547741413,
            0.9994024038314819,
            0.020029569044709206,
            0.0
          ],
          [
            0.007002413272857666,
            -0.01983972266316414,
            0.9997786283493042,
            0.0
          ],
          [
            0.0,
            0.0,
            0.0,
            1.0
          ]
        ],
        "rotation_mode": "QUATERNION"
      },
      "armature_space": {
        "head": {
          "x": 0.0,
          "y": 0.07072800397872925,
          "z": -0.009595036506652832
        },
        "tail": {
          "x": 0.002020341344177723,
          "y": 0.00023262947797775269,
          "z": 0.0013974988833069801
        }
      },
      "world_space": {
        "head": {
          "x": 0.0,
          "y": 0.13397200405597687,
          "z": 0.9402589797973633
        },
        "tail": {
          "x": 0.002020341344177723,
          "y": 0.06347662955522537,
          "z": 0.9512515068054199
        },
        "rotation_quaternion": {
          "w": 0.0773034319281578,
          "x": 0.9969019293785095,
          "y": 0.013863014988601208,
          "z": -0.004304654896259308
        },
        "matrix": [
          [
            0.999578595161438,
            0.028305664658546448,
            -0.006439311429858208,
            0.0
          ],
          [
            0.026974603533744812,
            -0.9876639246940613,
            -0.1542477011680603,
            0.13397200405597687
          ],
          [
            -0.01072600856423378,
            0.1540091335773468,
            -0.988018274307251,
            0.9402589797973633
          ],
          [
            0.0,
            0.0,
            0.0,
            1.0
          ]
        ]
      },
      "bone_length_armature_space": 0.07137587414730508,
      "parent": null,
      "has_children": true,
      "is_end_bone": false
    },
    "spine_01": {
      "name": "spine_01",
      "local": {
        "location": {
          "x": 0.0,
          "y": 0.0,
          "z": 0.0
        },
        "rotation_quaternion": {
          "w": 0.997888445854187,
          "x": -0.03321240469813347,
          "y": -0.001169054419733584,
          "z": 0.05580529570579529
        },
        "scale": {
          "x": 1.0,
          "y": 1.0,
          "z": 1.0
        },
        "matrix_basis": [
          [
            0.9937688112258911,
            -0.11129726469516754,
            -0.00604002783074975,
            0.0
          ],
          [
            0.11145257204771042,
            0.9915654063224792,
            0.06615407019853592,
            0.0
          ],
          [
            -0.0013736843829974532,
            -0.06641502678394318,
            0.9977911114692688,
            0.0
          ],
          [
            0.0,
            0.0,
            0.0,
            1.0
          ]
        ],
        "rotation_mode": "QUATERNION"
      },
      "armature_space": {
        "head": {
          "x": 0.002020341344177723,
          "y": 0.00023262947797775269,
          "z": 0.0013974988833069801
        },
        "tail": {
          "x": -0.04885677248239517,
          "y": 0.06340109556913376,
          "z": 0.4826144278049469
        }
      },
      "world_space": {
        "head": {
          "x": 0.002020341344177723,
          "y": 0.06347662955522537,
          "z": 0.9512515068054199
        },
        "tail": {
          "x": -0.04885677248239517,
          "y": 0.12664508819580078,
          "z": 1.4324684143066406
        },
        "rotation_quaternion": {
          "w": 0.75102698802948,
          "x": 0.6581115126609802,
          "y": -0.02607419714331627,
          "z": 0.04656066372990608
        },
        "matrix": [
          [
            0.9943044781684875,
            -0.10425611585378647,
            0.022120021283626556,
            0.002020341344177723
          ],
          [
            0.0356178805232048,
            0.12944325804710388,
            -0.990946888923645,
            0.06347662955522537
          ],
          [
            0.10044972598552704,
            0.9860978126525879,
            0.1324194073677063,
            0.9512515068054199
          ],
          [
            0.0,
            0.0,
            0.0,
            1.0
          ]
        ]
      },
      "bone_length_armature_space": 0.48800458317845974,
      "parent": "Root",
      "has_children": true,
      "is_end_bone": false
    },
    "neck_01": {
      "name": "neck_01",
      "local": {
        "location": {
          "x": 0.0,
          "y": 0.0,
          "z": 0.0
        },
        "rotation_quaternion": {
          "w": 0.9890258312225342,
          "x": -0.021092507988214493,
          "y": -0.05519073083996773,
          "z": -0.13541461527347565
        },
        "scale": {
          "x": 1.0,
          "y": 1.0,
          "z": 1.0
        },
        "matrix_basis": [
          [
            0.957233726978302,
            0.27018532156944275,
            -0.10345765203237534,
            0.0
          ],
          [
            -0.2655288875102997,
            0.9624359607696533,
            0.05666933208703995,
            0.0
          ],
          [
            0.11488258093595505,
            -0.026774806901812553,
            0.9930181503295898,
            0.0
          ],
          [
            0.0,
            0.0,
            0.0,
            1.0
          ]
        ],
        "rotation_mode": "QUATERNION"
      },
      "armature_space": {
        "head": {
          "x": -0.05572311207652092,
          "y": 0.03851225972175598,
          "z": 0.5594073534011841
        },
        "tail": {
          "x": -0.037024952471256256,
          "y": 0.016772648319602013,
          "z": 0.6578376293182373
        }
      },
      "world_space": {
        "head": {
          "x": -0.05572311207652092,
          "y": 0.1017562597990036,
          "z": 1.5092613697052002
        },
        "tail": {
          "x": -0.037024952471256256,
          "y": 0.08001665025949478,
          "z": 1.6076916456222534
        },
        "rotation_quaternion": {
          "w": 0.6252131462097168,
          "x": 0.7746533751487732,
          "y": 0.05553076043725014,
          "z": -0.07705282419919968
        },
        "matrix": [
          [
            0.9819584488868713,
            0.18238312005996704,
            -0.04994024708867073,
            -0.05572311207652092
          ],
          [
            -0.010313630104064941,
            -0.21204963326454163,
            -0.9772046208381653,
            0.1017562597990036
          ],
          [
            -0.18881674110889435,
            0.9600957036018372,
            -0.20634523034095764,
            1.5092613697052002
          ],
          [
            0.0,
            0.0,
            0.0,
            1.0
          ]
        ]
      },
      "bone_length_armature_space": 0.10252195283650076,
      "parent": "spine_01",
      "has_children": true,
      "is_end_bone": false
    },
    "head": {
      "name": "head",
      "local": {
        "location": {
          "x": 0.0,
          "y": 0.0,
          "z": 0.0
        },
        "rotation_quaternion": {
          "w": 0.9869576692581177,
          "x": -0.13388150930404663,
          "y": 0.0288755614310503,
          "z": -0.08459672331809998
        },
        "scale": {
          "x": 1.0,
          "y": 1.0,
          "z": 1.0
        },
        "matrix_basis": [
          [
            0.9840192198753357,
            0.15925496816635132,
            0.07964979112148285,
            0.0
          ],
          [
            -0.17471857368946075,
            0.9498382806777954,
            0.25938519835472107,
            0.0
          ],
          [
            -0.03434604033827782,
            -0.2691563069820404,
            0.9624838829040527,
            0.0
          ],
          [
            0.0,
            0.0,
            0.0,
            1.0
          ]
        ],
        "rotation_mode": "QUATERNION"
      },
      "armature_space": {
        "head": {
          "x": -0.03702497109770775,
          "y": 0.01677251048386097,
          "z": 0.6578375101089478
        },
        "tail": {
          "x": 0.014165885746479034,
          "y": 0.08059364557266235,
          "z": 0.7895933389663696
        }
      },
      "world_space": {
        "head": {
          "x": -0.03702497109770775,
          "y": 0.08001650869846344,
          "z": 1.6076915264129639
        },
        "tail": {
          "x": 0.014165885746479034,
          "y": 0.14383764564990997,
          "z": 1.7394473552703857
        },
        "rotation_quaternion": {
          "w": 0.826236367225647,
          "x": 0.532814085483551,
          "y": 0.1519469916820526,
          "z": -0.10175804048776627
        },
        "matrix": [
          [
            0.9331150054931641,
            0.33007147908210754,
            0.1426505595445633,
            -0.03702497109770775
          ],
          [
            -0.006235208362340927,
            0.41150975227355957,
            -0.911384105682373,
            0.08001650869846344
          ],
          [
            -0.35952648520469666,
            0.8495430946350098,
            0.38604575395584106,
            1.6076915264129639
          ],
          [
            0.0,
            0.0,
            0.0,
            1.0
          ]
        ]
      },
      "bone_length_armature_space": 0.1550910661448069,
      "parent": "neck_01",
      "has_children": false,
      "is_end_bone": true
    },
    "upperarm_l": {
      "name": "upperarm_l",
      "local": {
        "location": {
          "x": 0.0,
          "y": 0.0,
          "z": 0.0
        },
        "rotation_quaternion": {
          "w": 0.9036155939102173,
          "x": 0.2871813476085663,
          "y": -0.04836057499051094,
          "z": 0.31411296129226685
        },
        "scale": {
          "x": 1.0,
          "y": 1.0,
          "z": 1.0
        },
        "matrix_basis": [
          [
            0.7979885935783386,
            -0.5954512357711792,
            0.09301602840423584,
            0.0
          ],
          [
            0.5398982167243958,
            0.6377198696136475,
            -0.5493844747543335,
            0.0
          ],
          [
            0.267813503742218,
            0.48862171173095703,
            0.8303762674331665,
            0.0
          ],
          [
            0.0,
            0.0,
            0.0,
            1.0
          ]
        ],
        "rotation_mode": "QUATERNION"
      },
      "armature_space": {
        "head": {
          "x": 0.10049993544816971,
          "y": 0.031995099037885666,
          "z": 0.5086237192153931
        },
        "tail": {
          "x": 0.2658323049545288,
          "y": -0.06864352524280548,
          "z": 0.6939481496810913
        }
      },
      "world_space": {
        "head": {
          "x": 0.10049993544816971,
          "y": 0.09523910284042358,
          "z": 1.4584777355194092
        },
        "tail": {
          "x": 0.2658323049545288,
          "y": -0.005399525165557861,
          "z": 1.6438021659851074
        },
        "rotation_quaternion": {
          "w": 0.5484375953674316,
          "x": 0.7130734920501709,
          "y": 0.1069432869553566,
          "z": -0.423444926738739
        },
        "matrix": [
          [
            0.6185163259506226,
            0.6169821619987488,
            -0.48659074306488037,
            0.10049993544816971
          ],
          [
            -0.3119473159313202,
            -0.37556010484695435,
            -0.8727219104766846,
            0.09523910284042358
          ],
          [
            -0.7212032079696655,
            0.6915879249572754,
            -0.03982522338628769,
            1.4584777355194092
          ],
          [
            0.0,
            0.0,
            0.0,
            1.0
          ]
        ]
      },
      "bone_length_armature_space": 0.26797028504980175,
      "parent": "spine_01",
      "has_children": true,
      "is_end_bone": false
    },
    "lowerarm_l": {
      "name": "lowerarm_l",
      "local": {
        "location": {
          "x": 0.0,
          "y": 0.0,
          "z": 0.0
        },
        "rotation_quaternion": {
          "w": 0.8724271059036255,
          "x": 0.47131532430648804,
          "y": 0.07538032531738281,
          "z": -0.10512296855449677
        },
        "scale": {
          "x": 1.0,
          "y": 1.0,
          "z": 1.0
        },
        "matrix_basis": [
          [
            0.9665339589118958,
            0.2544800639152527,
            0.032435547560453415,
            0.0
          ],
          [
            -0.11236844956874847,
            0.5336220264434814,
            -0.8382249474525452,
            0.0
          ],
          [
            -0.23061980307102203,
            0.8065281510353088,
            0.5443593263626099,
            0.0
          ],
          [
            0.0,
            0.0,
            0.0,
            1.0
          ]
        ],
        "rotation_mode": "QUATERNION"
      },
      "armature_space": {
        "head": {
          "x": 0.26583224534988403,
          "y": -0.06864356994628906,
          "z": 0.6939482688903809
        },
        "tail": {
          "x": 0.23997271060943604,
          "y": -0.329723060131073,
          "z": 0.7462756633758545
        }
      },
      "world_space": {
        "head": {
          "x": 0.26583224534988403,
          "y": -0.005399569869041443,
          "z": 1.643802285194397
        },
        "tail": {
          "x": 0.23997271060943604,
          "y": -0.2664790749549866,
          "z": 1.6961296796798706
        },
        "rotation_quaternion": {
          "w": 0.06934317946434021,
          "x": 0.904334545135498,
          "y": -0.08507143706083298,
          "z": -0.41247260570526123
        },
        "matrix": [
          [
            0.6452584862709045,
            -0.09666231274604797,
            -0.7578244209289551,
            0.26583224534988403
          ],
          [
            -0.21107064187526703,
            -0.9759088158607483,
            -0.055239349603652954,
            -0.005399569869041443
          ],
          [
            -0.7342332601547241,
            0.1955985128879547,
            -0.6501205563545227,
            1.643802285194397
          ],
          [
            0.0,
            0.0,
            0.0,
            1.0
          ]
        ]
      },
      "bone_length_armature_space": 0.2675245268987065,
      "parent": "upperarm_l",
      "has_children": true,
      "is_end_bone": false
    },
    "metacarpal_thumb_l": {
      "name": "metacarpal_thumb_l",
      "local": {
        "location": {
          "x": 0.0,
          "y": 0.0,
          "z": 0.0
        },
        "rotation_quaternion": {
          "w": 0.9990248084068298,
          "x": -0.04319366067647934,
          "y": 0.002145041013136506,
          "z": -0.008898571133613586
        },
        "scale": {
          "x": 1.0,
          "y": 1.0,
          "z": 1.0
        },
        "matrix_basis": [
          [
            0.9998324513435364,
            0.017594482749700546,
            0.005054621957242489,
            0.0
          ],
          [
            -0.01796509139239788,
            0.9961102604866028,
            0.08626490086317062,
            0.0
          ],
          [
            -0.0035171746276319027,
            -0.0863412544131279,
            0.9962593913078308,
            0.0
          ],
          [
            0.0,
            0.0,
            0.0,
            1.0
          ]
        ],
        "rotation_mode": "QUATERNION"
      },
      "armature_space": {
        "head": {
          "x": 0.23997271060943604,
          "y": -0.329723060131073,
          "z": 0.7462756633758545
        },
        "tail": {
          "x": 0.21760651469230652,
          "y": -0.3715558350086212,
          "z": 0.7320151925086975
        }
      },
      "world_space": {
        "head": {
          "x": 0.23997271060943604,
          "y": -0.2664790749549866,
          "z": 1.6961296796798706
        },
        "tail": {
          "x": 0.21760651469230652,
          "y": -0.3083118200302124,
          "z": 1.6818692684173584
        },
        "rotation_quaternion": {
          "w": 0.053743425756692886,
          "x": -0.8940929770469666,
          "y": 0.2735791504383087,
          "z": -0.350519597530365
        },
        "matrix": [
          [
            0.6045804023742676,
            -0.4515353739261627,
            0.6561999320983887,
            0.23997271060943604
          ],
          [
            -0.5268867015838623,
            -0.8445319533348083,
            -0.09568826109170914,
            -0.2664790749549866
          ],
          [
            0.5973921418190002,
            -0.2878945469856262,
            -0.7485007047653198,
            1.6961296796798706
          ],
          [
            0.0,
            0.0,
            0.0,
            1.0
          ]
        ]
      },
      "bone_length_armature_space": 0.049533713997548016,
      "parent": "lowerarm_l",
      "has_children": true,
      "is_end_bone": false
    },
    "thumb_01_l": {
      "name": "thumb_01_l",
      "local": {
        "location": {
          "x": 0.0,
          "y": 0.0,
          "z": 0.0
        },
        "rotation_quaternion": {
          "w": 0.9852261543273926,
          "x": 0.17025385797023773,
          "y": -0.009854916483163834,
          "z": -0.015685319900512695
        },
        "scale": {
          "x": 1.0,
          "y": 1.0,
          "z": 1.0
        },
        "matrix_basis": [
          [
            0.9993137121200562,
            0.027551500126719475,
            -0.02475961484014988,
            0.0
          ],
          [
            -0.034262850880622864,
            0.9415351748466492,
            -0.33516794443130493,
            0.0
          ],
          [
            0.014077670872211456,
            0.33578625321388245,
            0.9418330192565918,
            0.0
          ],
          [
            0.0,
            0.0,
            0.0,
            1.0
          ]
        ],
        "rotation_mode": "QUATERNION"
      },
      "armature_space": {
        "head": {
          "x": 0.21760651469230652,
          "y": -0.3715558350086212,
          "z": 0.7320151925086975
        },
        "tail": {
          "x": 0.22765590250492096,
          "y": -0.3970623016357422,
          "z": 0.7118394374847412
        }
      },
      "world_space": {
        "head": {
          "x": 0.21760651469230652,
          "y": -0.3083118200302124,
          "z": 1.6818692684173584
        },
        "tail": {
          "x": 0.22765590250492096,
          "y": -0.33381831645965576,
          "z": 1.6616934537887573
        },
        "rotation_quaternion": {
          "w": 0.23494726419448853,
          "x": -0.24365893006324768,
          "y": 0.26482075452804565,
          "z": -0.9029396772384644
        },
        "matrix": [
          [
            -0.7708597779273987,
            0.2952352464199066,
            0.5644566416740417,
            0.21760651469230652
          ],
          [
            -0.5533386468887329,
            -0.7493398189544678,
            -0.3637392818927765,
            -0.3083118200302124
          ],
          [
            0.315582811832428,
            -0.5927324295043945,
            0.7410058975219727,
            1.6818692684173584
          ],
          [
            0.0,
            0.0,
            0.0,
            1.0
          ]
        ]
      },
      "bone_length_armature_space": 0.034038671634155346,
      "parent": "metacarpal_thumb_l",
      "has_children": true,
      "is_end_bone": false
    },
    "thumb_02_l": {
      "name": "thumb_02_l",
      "local": {
        "location": {
          "x": 0.0,
          "y": 0.0,
          "z": 0.0
        },
        "rotation_quaternion": {
          "w": 0.9422414898872375,
          "x": 0.33482804894447327,
          "y": -0.0020408565178513527,
          "z": -0.008183985948562622
        },
        "scale": {
          "x": 1.0,
          "y": 1.0,
          "z": 1.0
        },
        "matrix_basis": [
          [
            0.9998577237129211,
            0.014055910520255566,
            -0.00932641513645649,
            0.0
          ],
          [
            -0.016789253801107407,
            0.7756463885307312,
            -0.6309443712234497,
            0.0
          ],
          [
            -0.0016344967298209667,
            0.6310111880302429,
            0.7757720351219177,
            0.0
          ],
          [
            0.0,
            0.0,
            0.0,
            1.0
          ]
        ],
        "rotation_mode": "QUATERNION"
      },
      "armature_space": {
        "head": {
          "x": 0.22765588760375977,
          "y": -0.3970622420310974,
          "z": 0.7118393778800964
        },
        "tail": {
          "x": 0.22124268114566803,
          "y": -0.417456716299057,
          "z": 0.7458413243293762
        }
      },
      "world_space": {
        "head": {
          "x": 0.22765588760375977,
          "y": -0.333818256855011,
          "z": 1.6616933345794678
        },
        "tail": {
          "x": 0.22124268114566803,
          "y": -0.3542127013206482,
          "z": 1.695695400238037
        },
        "rotation_quaternion": {
          "w": 0.027605578303337097,
          "x": -0.11320261657238007,
          "y": 0.49532878398895264,
          "z": 0.860855758190155
        },
        "matrix": [
          [
            -0.9728463888168335,
            -0.15967386960983276,
            -0.16755369305610657,
            0.22765588760375977
          ],
          [
            -0.06461546570062637,
            -0.5077745318412781,
            0.8590633869171143,
            -0.333818256855011
          ],
          [
            -0.22225122153759003,
            0.8465687036514282,
            0.4836732745170593,
            1.6616933345794678
          ],
          [
            0.0,
            0.0,
            0.0,
            1.0
          ]
        ]
      },
      "bone_length_armature_space": 0.04016461260374547,
      "parent": "thumb_01_l",
      "has_children": true,
      "is_end_bone": false
    },
    "thumb_03_l": {
      "name": "thumb_03_l",
      "local": {
        "location": {
          "x": 0.0,
          "y": 0.0,
          "z": 0.0
        },
        "rotation_quaternion": {
          "w": 0.9799694418907166,
          "x": 0.1990249902009964,
          "y": -0.005037127062678337,
          "z": 0.004870712291449308
        },
        "scale": {
          "x": 1.0,
          "y": 1.0,
          "z": 1.0
        },
        "matrix_basis": [
          [
            0.9999018311500549,
            -0.01155132707208395,
            -0.00793367438018322,
            0.0
          ],
          [
            0.00754126999527216,
            0.9207306504249573,
            -0.39012590050697327,
            0.0
          ],
          [
            0.011811248026788235,
            0.3900277614593506,
            0.9207273721694946,
            0.0
          ],
          [
            0.0,
            0.0,
            0.0,
            1.0
          ]
        ],
        "rotation_mode": "QUATERNION"
      },
      "armature_space": {
        "head": {
          "x": 0.22124265134334564,
          "y": -0.4174567461013794,
          "z": 0.7458412051200867
        },
        "tail": {
          "x": 0.21453233063220978,
          "y": -0.41392388939857483,
          "z": 0.775326669216156
        }
      },
      "world_space": {
        "head": {
          "x": 0.22124265134334564,
          "y": -0.35421276092529297,
          "z": 1.695695161819458
        },
        "tail": {
          "x": 0.21453233063220978,
          "y": -0.350679874420166,
          "z": 1.7251806259155273
        },
        "rotation_quaternion": {
          "w": 0.09822120517492294,
          "x": 0.2314816415309906,
          "y": -0.740522027015686,
          "z": -0.6232141256332397
        },
        "matrix": [
          [
            -0.8735371232032776,
            -0.22040894627571106,
            -0.4339964985847473,
            0.22124265134334564
          ],
          [
            -0.4652614891529083,
            0.11604072153568268,
            0.8775343298912048,
            -0.35421276092529297
          ],
          [
            -0.14305664598941803,
            0.9684873223304749,
            -0.20391437411308289,
            1.695695161819458
          ],
          [
            0.0,
            0.0,
            0.0,
            1.0
          ]
        ]
      },
      "bone_length_armature_space": 0.030445066449499743,
      "parent": "thumb_02_l",
      "has_children": false,
      "is_end_bone": true
    },
    "metacarpal_index_l": {
      "name": "metacarpal_index_l",
      "local": {
        "location": {
          "x": 0.0,
          "y": 0.0,
          "z": 0.0
        },
        "rotation_quaternion": {
          "w": 0.999064028263092,
          "x": -0.042074866592884064,
          "y": -0.0003248584980610758,
          "z": -0.010038529522716999
        },
        "scale": {
          "x": 1.0,
          "y": 1.0,
          "z": 1.0
        },
        "matrix_basis": [
          [
            0.9997982382774353,
            0.02008560486137867,
            0.00019563069508876652,
            0.0
          ],
          [
            -0.020030930638313293,
            0.9962578415870667,
            0.08407749235630035,
            0.0
          ],
          [
            0.001493848511017859,
            -0.08406444638967514,
            0.9964591860771179,
            0.0
          ],
          [
            0.0,
            0.0,
            0.0,
            1.0
          ]
        ],
        "rotation_mode": "QUATERNION"
      },
      "armature_space": {
        "head": {
          "x": 0.23997271060943604,
          "y": -0.329723060131073,
          "z": 0.7462756633758545
        },
        "tail": {
          "x": 0.206988126039505,
          "y": -0.44207483530044556,
          "z": 0.7505549192428589
        }
      },
      "world_space": {
        "head": {
          "x": 0.23997271060943604,
          "y": -0.2664790749549866,
          "z": 1.6961296796798706
        },
        "tail": {
          "x": 0.206988126039505,
          "y": -0.37883085012435913,
          "z": 1.700408935546875
        },
        "rotation_quaternion": {
          "w": 0.026728162541985512,
          "x": 0.9879725575447083,
          "y": -0.1409025341272354,
          "z": 0.057813405990600586
        },
        "matrix": [
          [
            0.9536081552505493,
            -0.28150632977485657,
            0.1067039966583252,
            0.23997271060943604
          ],
          [
            -0.27532508969306946,
            -0.9588642716407776,
            -0.06910611689090729,
            -0.2664790749549866
          ],
          [
            0.1217689961194992,
            0.03652113676071167,
            -0.991893470287323,
            1.6961296796798706
          ],
          [
            0.0,
            0.0,
            0.0,
            1.0
          ]
        ]
      },
      "bone_length_armature_space": 0.11717173954196455,
      "parent": "lowerarm_l",
      "has_children": true,
      "is_end_bone": false
    },
    "index_01_l": {
      "name": "index_01_l",
      "local": {
        "location": {
          "x": 0.0,
          "y": 0.0,
          "z": 0.0
        },
        "rotation_quaternion": {
          "w": 0.9743309020996094,
          "x": 0.22463509440422058,
          "y": 0.012749823741614819,
          "z": -0.007479263469576836
        },
        "scale": {
          "x": 1.0,
          "y": 1.0,
          "z": 1.0
        },
        "matrix_basis": [
          [
            0.9995629787445068,
            0.02030267007648945,
            0.02148488350212574,
            0.0
          ],
          [
            -0.00884643942117691,
            0.8989662528038025,
            -0.43792855739593506,
            0.0
          ],
          [
            -0.028205305337905884,
            0.43754711747169495,
            0.8987530469894409,
            0.0
          ],
          [
            0.0,
            0.0,
            0.0,
            1.0
          ]
        ],
        "rotation_mode": "QUATERNION"
      },
      "armature_space": {
        "head": {
          "x": 0.206988126039505,
          "y": -0.44207483530044556,
          "z": 0.7505549192428589
        },
        "tail": {
          "x": 0.2104627639055252,
          "y": -0.46956485509872437,
          "z": 0.7438247203826904
        }
      },
      "world_space": {
        "head": {
          "x": 0.206988126039505,
          "y": -0.37883085012435913,
          "z": 1.700408935546875
        },
        "tail": {
          "x": 0.2104627639055252,
          "y": -0.40632086992263794,
          "z": 1.6936787366867065
        },
        "rotation_quaternion": {
          "w": 0.12274519354104996,
          "x": -0.9889858365058899,
          "y": -0.053811170160770416,
          "z": -0.0628090351819992
        },
        "matrix": [
          [
            0.986318826675415,
            0.12185589969158173,
            0.11102424561977386,
            0.206988126039505
          ],
          [
            0.09101816266775131,
            -0.9640762805938721,
            0.24954576790332794,
            -0.37883085012435913
          ],
          [
            0.13744547963142395,
            -0.23602905869483948,
            -0.9619839787483215,
            1.700408935546875
          ],
          [
            0.0,
            0.0,
            0.0,
            1.0
          ]
        ]
      },
      "bone_length_armature_space": 0.028514380546637953,
      "parent": "metacarpal_index_l",
      "has_children": true,
      "is_end_bone": false
    },
    "index_02_l": {
      "name": "index_02_l",
      "local": {
        "location": {
          "x": 0.0,
          "y": 0.0,
          "z": 0.0
        },
        "rotation_quaternion": {
          "w": 0.9070640206336975,
          "x": 0.42093101143836975,
          "y": 0.006451031658798456,
          "z": 0.0032226836774498224
        },
        "scale": {
          "x": 1.0,
          "y": 1.0,
          "z": 1.0
        },
        "matrix_basis": [
          [
            0.9998959898948669,
            -0.0004154822672717273,
            0.014416052028536797,
            0.0
          ],
          [
            0.01127723976969719,
            0.6456133723258972,
            -0.7635811567306519,
            0.0
          ],
          [
            -0.008989942260086536,
            0.7636643052101135,
            0.6455509066581726,
            0.0
          ],
          [
            0.0,
            0.0,
            0.0,
            1.0
          ]
        ],
        "rotation_mode": "QUATERNION"
      },
      "armature_space": {
        "head": {
          "x": 0.21046261489391327,
          "y": -0.46956515312194824,
          "z": 0.743824303150177
        },
        "tail": {
          "x": 0.2139153629541397,
          "y": -0.4815426766872406,
          "z": 0.7214030027389526
        }
      },
      "world_space": {
        "head": {
          "x": 0.21046261489391327,
          "y": -0.4063211679458618,
          "z": 1.693678379058838
        },
        "tail": {
          "x": 0.2139153629541397,
          "y": -0.4182986617088318,
          "z": 1.6712570190429688
        },
        "rotation_quaternion": {
          "w": 0.510814905166626,
          "x": -0.8563954830169678,
          "y": -0.0749526098370552,
          "z": -0.006083149462938309
        },
        "matrix": [
          [
            0.9886902570724487,
            0.1345929503440857,
            -0.06615519523620605,
            0.21046261489391327
          ],
          [
            0.12216417491436005,
            -0.46690088510513306,
            0.875830888748169,
            -0.4063211679458618
          ],
          [
            0.08699344098567963,
            -0.8740137815475464,
            -0.47806525230407715,
            1.693678379058838
          ],
          [
            0.0,
            0.0,
            0.0,
            1.0
          ]
        ]
      },
      "bone_length_armature_space": 0.025653406338072525,
      "parent": "index_01_l",
      "has_children": true,
      "is_end_bone": false
    },
    "index_03_l": {
      "name": "index_03_l",
      "local": {
        "location": {
          "x": 0.0,
          "y": 0.0,
          "z": 0.0
        },
        "rotation_quaternion": {
          "w": 0.9663491249084473,
          "x": 0.2572149932384491,
          "y": 0.0023908938746899366,
          "z": -0.002059733960777521
        },
        "scale": {
          "x": 1.0,
          "y": 1.0,
          "z": 1.0
        },
        "matrix_basis": [
          [
            0.999980092048645,
            0.00521079171448946,
            0.003561287419870496,
            0.0
          ],
          [
            -0.00275089661590755,
            0.8676723837852478,
            -0.49712881445884705,
            0.0
          ],
          [
            -0.005680465139448643,
            0.4971091151237488,
            0.8676694631576538,
            0.0
          ],
          [
            0.0,
            0.0,
            0.0,
            1.0
          ]
        ],
        "rotation_mode": "QUATERNION"
      },
      "armature_space": {
        "head": {
          "x": 0.21391534805297852,
          "y": -0.48154279589653015,
          "z": 0.7214030623435974
        },
        "tail": {
          "x": 0.21940001845359802,
          "y": -0.47763967514038086,
          "z": 0.6929702162742615
        }
      },
      "world_space": {
        "head": {
          "x": 0.21391534805297852,
          "y": -0.41829878091812134,
          "z": 1.6712570190429688
        },
        "tail": {
          "x": 0.21940001845359802,
          "y": -0.41439568996429443,
          "z": 1.6428241729736328
        },
        "rotation_quaternion": {
          "w": 0.7453723549842834,
          "x": -0.6573811173439026,
          "y": -0.1058865338563919,
          "z": -0.03253084793686867
        },
        "matrix": [
          [
            0.9754598140716553,
            0.1877109706401825,
            -0.11507818102836609,
            0.21391534805297852
          ],
          [
            0.09071934968233109,
            0.13358348608016968,
            0.9868767857551575,
            -0.41829878091812134
          ],
          [
            0.2006215751171112,
            -0.9731050729751587,
            0.11327803134918213,
            1.6712570190429688
          ],
          [
            0.0,
            0.0,
            0.0,
            1.0
          ]
        ]
      },
      "bone_length_armature_space": 0.029218876140920915,
      "parent": "index_02_l",
      "has_children": false,
      "is_end_bone": true
    },
    "metacarpal_pinky_l": {
      "name": "metacarpal_pinky_l",
      "local": {
        "location": {
          "x": 0.0,
          "y": 0.0,
          "z": 0.0
        },
        "rotation_quaternion": {
          "w": 0.9992218017578125,
          "x": -0.03690067678689957,
          "y": -0.013933837413787842,
          "z": -0.0002453248016536236
        },
        "scale": {
          "x": 1.0,
          "y": 1.0,
          "z": 1.0
        },
        "matrix_basis": [
          [
            0.9996115565299988,
            0.0015186038799583912,
            -0.027827883139252663,
            0.0
          ],
          [
            0.0005380682996474206,
            0.9972765445709229,
            0.07375075668096542,
            0.0
          ],
          [
            0.027864092960953712,
            -0.07373708486557007,
            0.9968883991241455,
            0.0
          ],
          [
            0.0,
            0.0,
            0.0,
            1.0
          ]
        ],
        "rotation_mode": "QUATERNION"
      },
      "armature_space": {
        "head": {
          "x": 0.23997271060943604,
          "y": -0.329723060131073,
          "z": 0.7462756633758545
        },
        "tail": {
          "x": 0.26089417934417725,
          "y": -0.42552316188812256,
          "z": 0.7813165187835693
        }
      },
      "world_space": {
        "head": {
          "x": 0.23997271060943604,
          "y": -0.2664790749549866,
          "z": 1.6961296796798706
        },
        "tail": {
          "x": 0.26089417934417725,
          "y": -0.36227917671203613,
          "z": 1.7311705350875854
        },
        "rotation_quaternion": {
          "w": 0.16753530502319336,
          "x": 0.4303567111492157,
          "y": -0.10923762619495392,
          "z": -0.8802227973937988
        },
        "matrix": [
          [
            -0.573449969291687,
            0.20091545581817627,
            -0.7942217588424683,
            0.23997271060943604
          ],
          [
            -0.38895976543426514,
            -0.919998049736023,
            0.048106059432029724,
            -0.2664790749549866
          ],
          [
            -0.7210224866867065,
            0.33650803565979004,
            0.6057250499725342,
            1.6961296796798706
          ],
          [
            0.0,
            0.0,
            0.0,
            1.0
          ]
        ]
      },
      "bone_length_armature_space": 0.10413082629712797,
      "parent": "lowerarm_l",
      "has_children": true,
      "is_end_bone": false
    },
    "pinky_01_l": {
      "name": "pinky_01_l",
      "local": {
        "location": {
          "x": 0.0,
          "y": 0.0,
          "z": 0.0
        },
        "rotation_quaternion": {
          "w": 0.9455848336219788,
          "x": 0.3241444230079651,
          "y": 0.026713300496339798,
          "z": -0.009278110228478909
        },
        "scale": {
          "x": 1.0,
          "y": 1.0,
          "z": 1.0
        },
        "matrix_basis": [
          [
            0.9984006285667419,
            0.03486441448330879,
            0.04450448974967003,
            0.0
          ],
          [
            -0.0002285458758706227,
            0.7896886467933655,
            -0.6135078072547913,
            0.0
          ],
          [
            -0.05653427913784981,
            0.6125164031982422,
            0.7884336113929749,
            0.0
          ],
          [
            0.0,
            0.0,
            0.0,
            1.0
          ]
        ],
        "rotation_mode": "QUATERNION"
      },
      "armature_space": {
        "head": {
          "x": 0.26089417934417725,
          "y": -0.42552316188812256,
          "z": 0.7813165187835693
        },
