{
  "metadata": {
    "armature_name": "KIM_caucasian_male",
    "export_time": "2026-01-13T21:04:02.689963",
    "blender_version": "4.4.1",
    "bone_count": 56,
    "end_bone_count": 13,
    "spaces_included": [
      "LOCAL_CHANNELS",
      "ARMATURE_SPACE",
      "WORLD_SPACE"
    ],
    "note": "LOCAL matches Transform panel; replay pose via local.matrix_basis for best fidelity."
  },
  "bones": {
    "Root": {
      "name": "Root",
      "local": {
        "location": {
          "x": 0.0,
          "y": 0.0,
          "z": 0.0
        },
        "rotation_quaternion": {
          "w": 0.999915599822998,
          "x": 0.002700077835470438,
          "y": -0.009988848119974136,
          "z": -0.007860064506530762
        },
        "scale": {
          "x": 1.0,
          "y": 1.0,
          "z": 1.0
        },
        "matrix_basis": [
          [
            0.9996768832206726,
            0.015664860606193542,
            -0.020018456503748894,
            0.0
          ],
          [
            -0.01577274315059185,
            0.9998618364334106,
            -0.005242674145847559,
            0.0
          ],
          [
            0.019933564588427544,
            0.005556725896894932,
            0.999785840511322,
            0.0
          ],
          [
            0.0,
            0.0,
            0.0,
            1.0
          ]
        ],
        "rotation_mode": "QUATERNION"
      },
      "armature_space": {
        "head": {
          "x": 0.0,
          "y": 0.07072800397872925,
          "z": -0.009595036506652832
        },
        "tail": {
          "x": 0.001118093030527234,
          "y": -4.354119300842285e-05,
          "z": -0.0003943443298339844
        }
      },
      "world_space": {
        "head": {
          "x": 0.0,
          "y": 0.13397200405597687,
          "z": 0.9402589797973633
        },
        "tail": {
          "x": 0.001118093030527234,
          "y": 0.0632004588842392,
          "z": 0.9494596719741821
        },
        "rotation_quaternion": {
          "w": 0.06466802954673767,
          "x": 0.9978259205818176,
          "y": 0.0071692802011966705,
          "z": -0.01049567200243473
        },
        "matrix": [
          [
            0.9996768832206726,
            0.015664860606193542,
            -0.020018456503748894,
            0.0
          ],
          [
            0.012949913740158081,
            -0.9915332198143005,
            -0.1292058229446411,
            0.13397200405597687
          ],
          [
            -0.021873096004128456,
            0.1289048045873642,
            -0.9914227724075317,
            0.9402589797973633
          ],
          [
            0.0,
            0.0,
            0.0,
            1.0
          ]
        ]
      },
      "bone_length_armature_space": 0.07137586917301915,
      "parent": null,
      "has_children": true,
      "is_end_bone": false
    },
    "spine_01": {
      "name": "spine_01",
      "local": {
        "location": {
          "x": 0.0,
          "y": 0.0,
          "z": 0.0
        },
        "rotation_quaternion": {
          "w": 0.9954289197921753,
          "x": 0.07079263031482697,
          "y": -0.04533940926194191,
          "z": 0.04532140493392944
        },
        "scale": {
          "x": 1.0,
          "y": 1.0,
          "z": 1.0
        },
        "matrix_basis": [
          [
            0.9917806386947632,
            -0.09664786607027054,
            -0.08384747803211212,
            0.0
          ],
          [
            0.08380908519029617,
            0.9858687520027161,
            -0.14504775404930115,
            0.0
          ],
          [
            0.09668116271495819,
            0.13682837784290314,
            0.9858654737472534,
            0.0
          ],
          [
            0.0,
            0.0,
            0.0,
            1.0
          ]
        ],
        "rotation_mode": "QUATERNION"
      },
      "armature_space": {
        "head": {
          "x": 0.001118093030527234,
          "y": -4.354119300842285e-05,
          "z": -0.0003943443298339844
        },
        "tail": {
          "x": -0.03484998643398285,
          "y": -0.04740701988339424,
          "z": 0.4839726984500885
        }
      },
      "world_space": {
        "head": {
          "x": 0.001118093030527234,
          "y": 0.0632004588842392,
          "z": 0.9494596719741821
        },
        "tail": {
          "x": -0.03484998643398285,
          "y": 0.01583698019385338,
          "z": 1.4338266849517822
        },
        "rotation_quaternion": {
          "w": 0.6699032187461853,
          "x": 0.7406229376792908,
          "y": -0.0519745908677578,
          "z": -0.002449840772897005
        },
        "matrix": [
          [
            0.9945852756500244,
            -0.07370489835739136,
            -0.07326517254114151,
            0.001118093030527234
          ],
          [
            -0.08026988804340363,
            -0.0970560610294342,
            -0.9920367002487183,
            0.0632004588842392
          ],
          [
            0.06600753217935562,
            0.9925529360771179,
            -0.10244841873645782,
            0.9494596719741821
          ],
          [
            0.0,
            0.0,
            0.0,
            1.0
          ]
        ]
      },
      "bone_length_armature_space": 0.4880045476339501,
      "parent": "Root",
      "has_children": true,
      "is_end_bone": false
    },
    "neck_01": {
      "name": "neck_01",
      "local": {
        "location": {
          "x": 0.0,
          "y": 0.0,
          "z": 0.0
        },
        "rotation_quaternion": {
          "w": 0.9951046705245972,
          "x": 0.030817149206995964,
          "y": -0.02832161635160446,
          "z": -0.0895262137055397
        },
        "scale": {
          "x": 1.0,
          "y": 1.0,
          "z": 1.0
        },
        "matrix_basis": [
          [
            0.9823659062385559,
            0.1764303296804428,
            -0.0618838295340538,
            0.0
          ],
          [
            -0.179921492934227,
            0.9820707440376282,
            -0.05626152455806732,
            0.0
          ],
          [
            0.050848059356212616,
            0.06640363484621048,
            0.9964963793754578,
            0.0
          ],
          [
            0.0,
            0.0,
            0.0,
            1.0
          ]
        ],
        "rotation_mode": "QUATERNION"
      },
      "armature_space": {
        "head": {
          "x": -0.04278741404414177,
          "y": -0.08891758322715759,
          "z": 0.5530929565429688
        },
        "tail": {
          "x": -0.034748174250125885,
          "y": -0.14337687194347382,
          "z": 0.639581561088562
        }
      },
      "world_space": {
        "head": {
          "x": -0.04278741404414177,
          "y": -0.025673583149909973,
          "z": 1.5029469728469849
        },
        "tail": {
          "x": -0.034748174250125885,
          "y": -0.0801328718662262,
          "z": 1.5894355773925781
        },
        "rotation_quaternion": {
          "w": 0.4840313494205475,
          "x": 0.8728025555610657,
          "y": 0.010665134526789188,
          "z": -0.06177092343568802
        },
        "matrix": [
          [
            0.9921413660049438,
            0.07841527462005615,
            -0.09750272333621979,
            -0.04278741404414177
          ],
          [
            -0.04118070378899574,
            -0.53119957447052,
            -0.8462454676628113,
            -0.025673583149909973
          ],
          [
            -0.11815280467271805,
            0.8436155319213867,
            -0.523800253868103,
            1.5029469728469849
          ],
          [
            0.0,
            0.0,
            0.0,
            1.0
          ]
        ]
      },
      "bone_length_armature_space": 0.10252181323890264,
      "parent": "spine_01",
      "has_children": true,
      "is_end_bone": false
    },
    "head": {
      "name": "head",
      "local": {
        "location": {
          "x": 0.0,
          "y": 0.0,
          "z": 0.0
        },
        "rotation_quaternion": {
          "w": 0.9874776601791382,
          "x": 0.03691752254962921,
          "y": 0.11431949585676193,
          "z": -0.10225427895784378
        },
        "scale": {
          "x": 1.0,
          "y": 1.0,
          "z": 1.0
        },
        "matrix_basis": [
          [
            0.9529502391815186,
            0.2103884220123291,
            0.21822594106197357,
            0.0
          ],
          [
            -0.1935068517923355,
            0.9763623476028442,
            -0.09628977626562119,
            0.0
          ],
          [
            -0.23332583904266357,
            0.04953114315867424,
            0.9711362719535828,
            0.0
          ],
          [
            0.0,
            0.0,
            0.0,
            1.0
          ]
        ],
        "rotation_mode": "QUATERNION"
      },
      "armature_space": {
        "head": {
          "x": -0.034748196601867676,
          "y": -0.14337697625160217,
          "z": 0.6395814418792725
        },
        "tail": {
          "x": 0.013430505990982056,
          "y": -0.18102554976940155,
          "z": 0.7821109294891357
        }
      },
      "world_space": {
        "head": {
          "x": -0.034748196601867676,
          "y": -0.08013297617435455,
          "z": 1.5894354581832886
        },
        "tail": {
          "x": 0.013430505990982056,
          "y": -0.11778154969215393,
          "z": 1.7319649457931519
        },
        "rotation_quaternion": {
          "w": 0.591506838798523,
          "x": 0.7874102592468262,
          "y": 0.16953793168067932,
          "z": -0.036903560161590576
        },
        "matrix": [
          [
            0.9397898316383362,
            0.3106495440006256,
            0.14245077967643738,
            -0.034748196601867676
          ],
          [
            0.2233358919620514,
            -0.24275273084640503,
            -0.9440298676490784,
            -0.08013297617435455
          ],
          [
            -0.2586837112903595,
            0.9190100431442261,
            -0.29751861095428467,
            1.5894354581832886
          ],
          [
            0.0,
            0.0,
            0.0,
            1.0
          ]
        ]
      },
      "bone_length_armature_space": 0.1550911243182786,
      "parent": "neck_01",
      "has_children": false,
      "is_end_bone": true
    },
    "upperarm_l": {
      "name": "upperarm_l",
      "local": {
        "location": {
          "x": 0.0,
          "y": 0.0,
          "z": 0.0
        },
        "rotation_quaternion": {
          "w": 0.8834535479545593,
          "x": 0.08048968762159348,
          "y": 0.4610772132873535,
          "z": 0.02095511369407177
        },
        "scale": {
          "x": 1.0,
          "y": 1.0,
          "z": 1.0
        },
        "matrix_basis": [
          [
            0.5739373564720154,
            0.037198182195425034,
            0.8180539608001709,
            0.0
          ],
          [
            0.1112496629357338,
            0.9861645698547363,
            -0.12289395183324814,
            0.0
          ],
          [
            -0.8113072514533997,
            0.1615416556596756,
            0.5618584156036377,
            0.0
          ],
          [
            0.0,
            0.0,
            0.0,
            1.0
          ]
        ],
        "rotation_mode": "QUATERNION"
      },
      "armature_space": {
        "head": {
          "x": 0.11112027615308762,
          "y": -0.09759888052940369,
          "z": 0.4959601163864136
        },
        "tail": {
          "x": 0.37396952509880066,
          "y": -0.14967074990272522,
          "z": 0.4934302568435669
        }
      },
      "world_space": {
        "head": {
          "x": 0.11112027615308762,
          "y": -0.03435488045215607,
          "z": 1.4458141326904297
        },
        "tail": {
          "x": 0.37396952509880066,
          "y": -0.0864267498254776,
          "z": 1.443284273147583
        },
        "rotation_quaternion": {
          "w": 0.14758692681789398,
          "x": 0.749815046787262,
          "y": 0.6172983646392822,
          "z": -0.18691781163215637
        },
        "matrix": [
          [
            0.16800832748413086,
            0.9808926582336426,
            -0.09809514880180359,
            0.11112027615308762
          ],
          [
            0.8705458045005798,
            -0.1943201720714569,
            -0.4520949125289917,
            -0.03435488045215607
          ],
          [
            -0.46252086758613586,
            -0.00944087840616703,
            -0.8865660429000854,
            1.4458141326904297
          ],
          [
            0.0,
            0.0,
            0.0,
            1.0
          ]
        ]
      },
      "bone_length_armature_space": 0.26796941122996465,
      "parent": "spine_01",
      "has_children": true,
      "is_end_bone": false
    },
    "lowerarm_l": {
      "name": "lowerarm_l",
      "local": {
        "location": {
          "x": 0.0,
          "y": 0.0,
          "z": 0.0
        },
        "rotation_quaternion": {
          "w": 0.9965410232543945,
          "x": 0.07577496767044067,
          "y": 0.011952965520322323,
          "z": 0.03195803984999657
        },
        "scale": {
          "x": 1.0,
          "y": 1.0,
          "z": 1.0
        },
        "matrix_basis": [
          [
            0.9976716041564941,
            -0.06188352406024933,
            0.028666479513049126,
            0.0
          ],
          [
            0.0655064657330513,
            0.9864736795425415,
            -0.1502617448568344,
            0.0
          ],
          [
            -0.018980002030730247,
            0.15178970992565155,
            0.9882305860519409,
            0.0
          ],
          [
            0.0,
            0.0,
            0.0,
            1.0
          ]
        ],
        "rotation_mode": "QUATERNION"
      },
      "armature_space": {
        "head": {
          "x": 0.37396955490112305,
          "y": -0.14967089891433716,
          "z": 0.4934302568435669
        },
        "tail": {
          "x": 0.611110270023346,
          "y": -0.26545220613479614,
          "z": 0.44951769709587097
        }
      },
      "world_space": {
        "head": {
          "x": 0.37396955490112305,
          "y": -0.08642689883708954,
          "z": 1.443284273147583
        },
        "tail": {
          "x": 0.611110270023346,
          "y": -0.20220820605754852,
          "z": 1.3993717432022095
        },
        "rotation_quaternion": {
          "w": 0.09468688070774078,
          "x": 0.7915905714035034,
          "y": 0.5240607857704163,
          "z": -0.29963189363479614
        },
        "matrix": [
          [
            0.2711610198020935,
            0.8864262104034424,
            -0.3751262426376343,
            0.37396955490112305
          ],
          [
            0.7729402780532837,
            -0.43278777599334717,
            -0.4639592170715332,
            -0.08642689883708954
          ],
          [
            -0.57361900806427,
            -0.1641441285610199,
            -0.8025161027908325,
            1.443284273147583
          ],
          [
            0.0,
            0.0,
            0.0,
            1.0
          ]
        ]
      },
      "bone_length_armature_space": 0.2675244723952158,
      "parent": "upperarm_l",
      "has_children": true,
      "is_end_bone": false
    },
    "metacarpal_thumb_l": {
      "name": "metacarpal_thumb_l",
      "local": {
        "location": {
          "x": 0.0,
          "y": 0.0,
          "z": 0.0
        },
        "rotation_quaternion": {
          "w": 0.9998314380645752,
          "x": -0.003572325222194195,
          "y": -0.012453364208340645,
          "z": -0.013016904704272747
        },
        "scale": {
          "x": 1.0,
          "y": 1.0,
          "z": 1.0
        },
        "matrix_basis": [
          [
            0.9993509650230408,
            0.02611839585006237,
            -0.02480952814221382,
            0.0
          ],
          [
            -0.02594044618308544,
            0.9996355772018433,
            0.007467654533684254,
            0.0
          ],
          [
            0.024995531886816025,
            -0.0068192374892532825,
            0.999664306640625,
            0.0
          ],
          [
            0.0,
            0.0,
            0.0,
            1.0
          ]
        ],
        "rotation_mode": "QUATERNION"
      },
      "armature_space": {
        "head": {
          "x": 0.611110270023346,
          "y": -0.26545220613479614,
          "z": 0.44951769709587097
        },
        "tail": {
          "x": 0.6382749080657959,
          "y": -0.2889306843280792,
          "z": 0.41539373993873596
        }
      },
      "world_space": {
        "head": {
          "x": 0.611110270023346,
          "y": -0.20220820605754852,
          "z": 1.3993717432022095
        },
        "tail": {
          "x": 0.6382749080657959,
          "y": -0.2256866842508316,
          "z": 1.3652477264404297
        },
        "rotation_quaternion": {
          "w": 0.4605444073677063,
          "x": -0.8383868932723999,
          "y": -0.22561906278133392,
          "z": -0.18466804921627045
        },
        "matrix": [
          [
            0.8299872875213623,
            0.548407793045044,
            0.10182957351207733,
            0.611110270023346
          ],
          [
            0.20821888744831085,
            -0.4739900827407837,
            0.8555572628974915,
            -0.20220820605754852
          ],
          [
            0.5174646973609924,
            -0.6889042258262634,
            -0.5075974464416504,
            1.3993717432022095
          ],
          [
            0.0,
            0.0,
            0.0,
            1.0
          ]
        ]
      },
      "bone_length_armature_space": 0.04953383679659809,
      "parent": "lowerarm_l",
      "has_children": true,
      "is_end_bone": false
    },
    "thumb_01_l": {
      "name": "thumb_01_l",
      "local": {
        "location": {
          "x": 0.0,
          "y": 0.0,
          "z": 0.0
        },
        "rotation_quaternion": {
          "w": 0.9984736442565918,
          "x": 0.053998541086912155,
          "y": 0.011302828788757324,
          "z": 0.002602531109005213
        },
        "scale": {
          "x": 1.0,
          "y": 1.0,
          "z": 1.0
        },
        "matrix_basis": [
          [
            0.9997309446334839,
            -0.003976444713771343,
            0.02285221964120865,
            0.0
          ],
          [
            0.006417789962142706,
            0.9941547513008118,
            -0.10777340829372406,
            0.0
          ],
          [
            -0.02229008823633194,
            0.10789107531309128,
            0.9939128160476685,
            0.0
          ],
          [
            0.0,
            0.0,
            0.0,
            1.0
          ]
        ],
        "rotation_mode": "QUATERNION"
      },
      "armature_space": {
        "head": {
          "x": 0.6382749080657959,
          "y": -0.2889306843280792,
          "z": 0.41539373993873596
        },
        "tail": {
          "x": 0.6528610587120056,
          "y": -0.27789515256881714,
          "z": 0.38668668270111084
        }
      },
      "world_space": {
        "head": {
          "x": 0.6382749080657959,
          "y": -0.2256866842508316,
          "z": 1.3652477264404297
        },
        "tail": {
          "x": 0.6528610587120056,
          "y": -0.21465115249156952,
          "z": 1.336540699005127
        },
        "rotation_quaternion": {
          "w": 0.7324981093406677,
          "x": -0.3518519699573517,
          "y": 0.35433098673820496,
          "z": -0.4627056121826172
        },
        "matrix": [
          [
            0.3207045793533325,
            0.428519070148468,
            0.8447008728981018,
            0.6382749080657959
          ],
          [
            -0.9272063374519348,
            0.32420653104782104,
            0.18755866587162018,
            -0.2256866842508316
          ],
          [
            -0.1934872567653656,
            -0.8433687686920166,
            0.5013041496276855,
            1.3652477264404297
          ],
          [
            0.0,
            0.0,
            0.0,
            1.0
          ]
        ]
      },
      "bone_length_armature_space": 0.034038712033944964,
      "parent": "metacarpal_thumb_l",
      "has_children": true,
      "is_end_bone": false
    },
    "thumb_02_l": {
      "name": "thumb_02_l",
      "local": {
        "location": {
          "x": 0.0,
          "y": 0.0,
          "z": 0.0
        },
        "rotation_quaternion": {
          "w": 0.9905146956443787,
          "x": 0.13714611530303955,
          "y": -0.007842237129807472,
          "z": -0.003194383578374982
        },
        "scale": {
          "x": 1.0,
          "y": 1.0,
          "z": 1.0
        },
        "matrix_basis": [
          [
            0.9998565912246704,
            0.004177102819085121,
            -0.01641189679503441,
            0.0
          ],
          [
            -0.008479232899844646,
            0.9623614549636841,
            -0.2716403901576996,
            0.0
          ],
          [
            0.01465950720012188,
            0.271740585565567,
            0.9622588753700256,
            0.0
          ],
          [
            0.0,
            0.0,
            0.0,
            1.0
          ]
        ],
        "rotation_mode": "QUATERNION"
      },
      "armature_space": {
        "head": {
          "x": 0.6528609991073608,
          "y": -0.27789512276649475,
          "z": 0.38668665289878845
        },
        "tail": {
          "x": 0.6891466975212097,
          "y": -0.2951037883758545,
          "z": 0.38730862736701965
        }
      },
      "world_space": {
        "head": {
          "x": 0.6528609991073608,
          "y": -0.21465112268924713,
          "z": 1.336540699005127
        },
        "tail": {
          "x": 0.6891466975212097,
          "y": -0.23185978829860687,
          "z": 1.3371626138687134
        },
        "rotation_quaternion": {
          "w": 0.5255928635597229,
          "x": 0.16850094497203827,
          "y": 0.0975898802280426,
          "z": -0.8281521201133728
        },
        "matrix": [
          [
            -0.39071905612945557,
            0.9034296870231628,
            -0.1765020191669464,
            0.6528609991073608
          ],
          [
            -0.8376538753509521,
            -0.42845574021339417,
            -0.33876460790634155,
            -0.21465112268924713
          ],
          [
            -0.3816770017147064,
            0.015485718846321106,
            0.9241735935211182,
            1.336540699005127
          ],
          [
            0.0,
            0.0,
            0.0,
            1.0
          ]
        ]
      },
      "bone_length_armature_space": 0.040164374211129915,
      "parent": "thumb_01_l",
      "has_children": true,
      "is_end_bone": false
    },
    "thumb_03_l": {
      "name": "thumb_03_l",
      "local": {
        "location": {
          "x": 0.0,
          "y": 0.0,
          "z": 0.0
        },
        "rotation_quaternion": {
          "w": 0.998719334602356,
          "x": 0.050112586468458176,
          "y": -0.0058385711163282394,
          "z": -0.003783679800108075
        },
        "scale": {
          "x": 1.0,
          "y": 1.0,
          "z": 1.0
        },
        "matrix_basis": [
          [
            0.9999032020568848,
            0.006972496397793293,
            -0.012041407637298107,
            0.0
          ],
          [
            -0.00814284011721611,
            0.9949488043785095,
            -0.10005263239145279,
            0.0
          ],
          [
            0.011282967403531075,
            0.1001410037279129,
            0.9949092864990234,
            0.0
          ],
          [
            0.0,
            0.0,
            0.0,
            1.0
          ]
        ],
        "rotation_mode": "QUATERNION"
      },
      "armature_space": {
        "head": {
          "x": 0.6891466379165649,
          "y": -0.2951037883758545,
          "z": 0.3873085379600525
        },
        "tail": {
          "x": 0.7140904068946838,
          "y": -0.30793917179107666,
          "z": 0.39913874864578247
        }
      },
      "world_space": {
        "head": {
          "x": 0.6891466379165649,
          "y": -0.23185978829860687,
          "z": 1.3371624946594238
        },
        "tail": {
          "x": 0.7140904068946838,
          "y": -0.24469517171382904,
          "z": 1.3489928245544434
        },
        "rotation_quaternion": {
          "w": 0.5364745259284973,
          "x": 0.4133453965187073,
          "y": 0.037371646612882614,
          "z": -0.7348088622093201
        },
        "matrix": [
          [
            -0.08267995715141296,
            0.8193089962005615,
            -0.5673591494560242,
            0.6891466379165649
          ],
          [
            -0.7575178146362305,
            -0.42159411311149597,
            -0.49842268228530884,
            -0.23185978829860687
          ],
          [
            -0.6475628614425659,
            0.3885776698589325,
            0.6555026769638062,
            1.3371624946594238
          ],
          [
            0.0,
            0.0,
            0.0,
            1.0
          ]
        ]
      },
      "bone_length_armature_space": 0.030444909838304772,
      "parent": "thumb_02_l",
      "has_children": false,
      "is_end_bone": true
    },
    "metacarpal_index_l": {
      "name": "metacarpal_index_l",
      "local": {
        "location": {
          "x": 0.0,
          "y": 0.0,
          "z": 0.0
        },
        "rotation_quaternion": {
          "w": 0.9997236132621765,
          "x": 0.008416527882218361,
          "y": -0.02060849592089653,
          "z": 0.0075775012373924255
        },
        "scale": {
          "x": 1.0,
          "y": 1.0,
          "z": 1.0
        },
        "matrix_basis": [
          [
            0.9990357160568237,
            -0.015497718006372452,
            -0.04107804596424103,
            0.0
          ],
          [
            0.014803909696638584,
            0.9997434616088867,
            -0.017140725627541542,
            0.0
          ],
          [
            0.0413331538438797,
            0.016516081988811493,
            0.9990088939666748,
            0.0
          ],
          [
            0.0,
            0.0,
            0.0,
            1.0
          ]
        ],
        "rotation_mode": "QUATERNION"
      },
      "armature_space": {
        "head": {
          "x": 0.611110270023346,
          "y": -0.26545220613479614,
          "z": 0.44951769709587097
        },
        "tail": {
          "x": 0.6965345144271851,
          "y": -0.3260754346847534,
          "z": 0.3970126211643219
        }
      },
      "world_space": {
        "head": {
          "x": 0.611110270023346,
          "y": -0.20220820605754852,
          "z": 1.3993717432022095
        },
        "tail": {
          "x": 0.6965345144271851,
          "y": -0.262831449508667,
          "z": 1.3468666076660156
        },
        "rotation_quaternion": {
          "w": 0.25684311985969543,
          "x": -0.8710302114486694,
          "y": -0.4187331199645996,
          "z": 0.0007920866482891142
        },
        "matrix": [
          [
            0.649323046207428,
            0.7290513515472412,
            -0.21647894382476807,
            0.611110270023346
          ],
          [
            0.7298664450645447,
            -0.517387866973877,
            0.4467715919017792,
            -0.20220820605754852
          ],
          [
            0.2137182652950287,
            -0.44810357689857483,
            -0.8680679202079773,
            1.3993717432022095
          ],
          [
            0.0,
            0.0,
            0.0,
            1.0
          ]
        ]
      },
      "bone_length_armature_space": 0.11717192725184103,
      "parent": "lowerarm_l",
      "has_children": true,
      "is_end_bone": false
    },
    "index_01_l": {
      "name": "index_01_l",
      "local": {
        "location": {
          "x": 0.0,
          "y": 0.0,
          "z": 0.0
        },
        "rotation_quaternion": {
          "w": 0.995201587677002,
          "x": -0.09720324724912643,
          "y": 0.0028598648495972157,
          "z": -0.010825498029589653
        },
        "scale": {
          "x": 1.0,
          "y": 1.0,
          "z": 1.0
        },
        "matrix_basis": [
          [
            0.9997492432594299,
            0.0209911298006773,
            0.007796831429004669,
            0.0
          ],
          [
            -0.02210308238863945,
            0.9808686971664429,
            0.19341173768043518,
            0.0
          ],
          [
            -0.0035877369809895754,
            -0.19353556632995605,
            0.9810866713523865,
            0.0
          ],
          [
            0.0,
            0.0,
            0.0,
            1.0
          ]
        ],
        "rotation_mode": "QUATERNION"
      },
      "armature_space": {
        "head": {
          "x": 0.6965345144271851,
          "y": -0.3260754346847534,
          "z": 0.3970126211643219
        },
        "tail": {
          "x": 0.723249614238739,
          "y": -0.33597618341445923,
          "z": 0.39585161209106445
        }
      },
      "world_space": {
        "head": {
          "x": 0.6965345144271851,
          "y": -0.262831449508667,
          "z": 1.3468666076660156
        },
        "tail": {
          "x": 0.723249614238739,
          "y": -0.2727321982383728,
          "z": 1.3457056283950806
        },
        "rotation_quaternion": {
          "w": 0.12522605061531067,
          "x": -0.8078339099884033,
          "y": -0.5574122071266174,
          "z": -0.14496386051177979
        },
        "matrix": [
          [
            0.33655402064323425,
            0.9368994235992432,
            0.09460648149251938,
            0.6965345144271851
          ],
          [
            0.8642868399620056,
            -0.3472192883491516,
            0.3639328181743622,
            -0.262831449508667
          ],
          [
            0.37382131814956665,
            -0.040716513991355896,
            -0.9266142845153809,
            1.3468666076660156
          ],
          [
            0.0,
            0.0,
            0.0,
            1.0
          ]
        ]
      },
      "bone_length_armature_space": 0.028514370961888132,
      "parent": "metacarpal_index_l",
      "has_children": true,
      "is_end_bone": false
    },
    "index_02_l": {
      "name": "index_02_l",
      "local": {
        "location": {
          "x": 0.0,
          "y": 0.0,
          "z": 0.0
        },
        "rotation_quaternion": {
          "w": 0.9889110922813416,
          "x": 0.14840035140514374,
          "y": -0.00040929438546299934,
          "z": 0.0056596253998577595
        },
        "scale": {
          "x": 1.0,
          "y": 1.0,
          "z": 1.0
        },
        "matrix_basis": [
          [
            0.9999356269836426,
            -0.011315211653709412,
            0.0008702692575752735,
            0.0
          ],
          [
            0.011072253808379173,
            0.9558905959129333,
            -0.2935141324996948,
            0.0
          ],
          [
            0.0024892922956496477,
            0.29350486397743225,
            0.9559543132781982,
            0.0
          ],
          [
            0.0,
            0.0,
            0.0,
            1.0
          ]
        ],
        "rotation_mode": "QUATERNION"
      },
      "armature_space": {
        "head": {
          "x": 0.7232499718666077,
          "y": -0.33597639203071594,
          "z": 0.3958512246608734
        },
        "tail": {
          "x": 0.7470881938934326,
          "y": -0.34217604994773865,
          "z": 0.38868218660354614
        }
      },
      "world_space": {
        "head": {
          "x": 0.7232499718666077,
          "y": -0.27273237705230713,
          "z": 1.345705270767212
        },
        "tail": {
          "x": 0.7470881938934326,
          "y": -0.27893203496932983,
          "z": 1.338536262512207
        },
        "rotation_quaternion": {
          "w": 0.20942838490009308,
          "x": -0.7867441773414612,
          "y": -0.579054057598114,
          "z": -0.043240517377853394
        },
        "matrix": [
          [
            0.325652539730072,
            0.9292460680007935,
            -0.1745043396949768,
            0.7232499718666077
          ],
          [
            0.893024206161499,
            -0.24167132377624512,
            0.37960880994796753,
            -0.27273237705230713
          ],
          [
            0.3105805516242981,
            -0.2794593870639801,
            -0.9085463285446167,
            1.345705270767212
          ],
          [
            0.0,
            0.0,
            0.0,
            1.0
          ]
        ]
      },
      "bone_length_armature_space": 0.025653298241114498,
      "parent": "index_01_l",
      "has_children": true,
      "is_end_bone": false
    },
    "index_03_l": {
      "name": "index_03_l",
      "local": {
        "location": {
          "x": 0.0,
          "y": 0.0,
          "z": 0.0
        },
        "rotation_quaternion": {
          "w": 0.9685612320899963,
          "x": 0.2487671673297882,
          "y": 0.0018092567333951592,
          "z": 0.0008974506636150181
        },
        "scale": {
          "x": 1.0,
          "y": 1.0,
          "z": 1.0
        },
        "matrix_basis": [
          [
            0.9999918341636658,
            -0.0008383045205846429,
            0.0039512645453214645,
            0.0
          ],
          [
            0.002638639183714986,
            0.8762281537055969,
            -0.4818892180919647,
            0.0
          ],
          [
            -0.0030582393519580364,
            0.48189571499824524,
            0.8762232661247253,
            0.0
          ],
          [
            0.0,
            0.0,
            0.0,
            1.0
          ]
        ],
        "rotation_mode": "QUATERNION"
      },
      "armature_space": {
        "head": {
          "x": 0.7470881342887878,
          "y": -0.3421761393547058,
          "z": 0.3886823058128357
        },
        "tail": {
          "x": 0.7676778435707092,
          "y": -0.33893147110939026,
          "z": 0.3682061433792114
        }
      },
      "world_space": {
        "head": {
          "x": 0.7470881342887878,
          "y": -0.2789321541786194,
          "z": 1.338536262512207
        },
        "tail": {
          "x": 0.7676778435707092,
          "y": -0.27568745613098145,
          "z": 1.3180601596832275
        },
        "rotation_quaternion": {
          "w": 0.44255560636520386,
          "x": -0.659511387348175,
          "y": -0.599722683429718,
          "z": 0.0975814238190651
        },
        "matrix": [
          [
            0.2616172730922699,
            0.7046762108802795,
            -0.6595357060432434,
            0.7470881342887878
          ],
          [
            0.8774200677871704,
            0.11104753613471985,
            0.46669304370880127,
            -0.2789321541786194
          ],
          [
            0.4021112620830536,
            -0.7007898092269897,
            -0.5892490148544312,
            1.338536262512207
          ],
          [
            0.0,
            0.0,
            0.0,
            1.0
          ]
        ]
      },
      "bone_length_armature_space": 0.029218781686017173,
      "parent": "index_02_l",
      "has_children": false,
      "is_end_bone": true
    },
    "metacarpal_pinky_l": {
      "name": "metacarpal_pinky_l",
      "local": {
        "location": {
          "x": 0.0,
          "y": 0.0,
          "z": 0.0
        },
        "rotation_quaternion": {
          "w": 0.9996140599250793,
          "x": 0.018754009157419205,
          "y": -0.01914036087691784,
          "z": -0.007327919360250235
        },
        "scale": {
          "x": 1.0,
          "y": 1.0,
          "z": 1.0
        },
        "matrix_basis": [
          [
            0.9991598725318909,
            0.013932265341281891,
            -0.0385408028960228,
            0.0
          ],
          [
            -0.015368099324405193,
            0.9991891980171204,
            -0.037213023751974106,
            0.0
          ],
          [
            0.03799109160900116,
            0.03777405992150307,
            0.9985638856887817,
            0.0
          ],
          [
            0.0,
            0.0,
            0.0,
            1.0
          ]
        ],
        "rotation_mode": "QUATERNION"
      },
      "armature_space": {
        "head": {
          "x": 0.611110270023346,
          "y": -0.26545220613479614,
          "z": 0.44951769709587097
        },
        "tail": {
          "x": 0.7098650336265564,
          "y": -0.29730573296546936,
          "z": 0.45823878049850464
        }
      },
      "world_space": {
        "head": {
          "x": 0.611110270023346,
          "y": -0.20220820605754852,
          "z": 1.3993717432022095
        },
        "tail": {
          "x": 0.7098650336265564,
          "y": -0.23406173288822174,
          "z": 1.408092737197876
        },
        "rotation_quaternion": {
          "w": 0.5054987072944641,
          "x": 0.47434258460998535,
          "y": 0.30252325534820557,
          "z": -0.6541787981987
        },
        "matrix": [
          [
            -0.03893938288092613,
            0.9483726620674133,
            -0.31475764513015747,
            0.611110270023346
          ],
          [
            -0.3743743598461151,
            -0.30589938163757324,
            -0.8753682374954224,
            -0.20220820605754852
          ],
          [
            -0.926466703414917,
            0.08375124633312225,
            0.3669596016407013,
            1.3993717432022095
          ],
          [
            0.0,
            0.0,
            0.0,
            1.0
          ]
        ]
      },
      "bone_length_armature_space": 0.10413072592417866,
      "parent": "lowerarm_l",
      "has_children": true,
      "is_end_bone": false
    },
    "pinky_01_l": {
      "name": "pinky_01_l",
      "local": {
        "location": {
          "x": 0.0,
          "y": 0.0,
          "z": 0.0
        },
        "rotation_quaternion": {
          "w": 0.9998353123664856,
          "x": 0.011346971616148949,
          "y": 0.0105867525562644,
          "z": -0.009412132203578949
        },
        "scale": {
          "x": 1.0,
          "y": 1.0,
          "z": 1.0
        },
        "matrix_basis": [
          [
            0.9995986819267273,
            0.019061420112848282,
            0.02095641940832138,
            0.0
          ],
          [
            -0.018580909818410873,
            0.9995653033256531,
            -0.02288949303328991,
            0.0
          ],
          [
            -0.0213836170732975,
            0.02249091863632202,
            0.9995183348655701,
            0.0
          ],
          [
            0.0,
            0.0,
            0.0,
            1.0
          ]
        ],
        "rotation_mode": "QUATERNION"
      },
      "armature_space": {
        "head": {
          "x": 0.7098650336265564,
          "y": -0.29730573296546936,
          "z": 0.45823878049850464
        },
        "tail": {
