{
  "metadata": {
    "armature_name": "KIM_caucasian_male",
    "export_time": "2026-01-13T21:05:00.426668",
    "blender_version": "4.4.1",
    "bone_count": 56,
    "end_bone_count": 13,
    "spaces_included": [
      "LOCAL_CHANNELS",
      "ARMATURE_SPACE",
      "WORLD_SPACE"
    ],
    "note": "LOCAL matches Transform panel; replay pose via local.matrix_basis for best fidelity."
  },
  "bones": {
    "Root": {
      "name": "Root",
      "local": {
        "location": {
          "x": 0.0,
          "y": 0.0,
          "z": 0.0
        },
        "rotation_quaternion": {
          "w": 0.9998905062675476,
          "x": -0.007825001142919064,
          "y": -0.006003913469612598,
          "z": -0.011041688732802868
        },
        "scale": {
          "x": 1.0,
          "y": 1.0,
          "z": 1.0
        },
        "matrix_basis": [
          [
            0.9996840953826904,
            0.02217492088675499,
            -0.01183370966464281,
            0.0
          ],
          [
            -0.02198699861764908,
            0.9996337294578552,
            0.015780875459313393,
            0.0
          ],
          [
            0.012179314158856869,
            -0.015515701845288277,
            0.9998054504394531,
            0.0
          ],
          [
            0.0,
            0.0,
            0.0,
            1.0
          ]
        ],
        "rotation_mode": "QUATERNION"
      },
      "armature_space": {
        "head": {
          "x": 0.0,
          "y": 0.07072800397872925,
          "z": -0.009595036506652832
        },
        "tail": {
          "x": 0.00158275431022048,
          "y": 0.00017477571964263916,
          "z": 0.0010938877239823341
        }
      },
      "world_space": {
        "head": {
          "x": 0.0,
          "y": 0.13397200405597687,
          "z": 0.9402589797973633
        },
        "tail": {
          "x": 0.00158275431022048,
          "y": 0.06341877579689026,
          "z": 0.9509478807449341
        },
        "rotation_quaternion": {
          "w": 0.07516749948263168,
          "x": 0.9970917105674744,
          "y": 0.01061213482171297,
          "z": -0.006734130904078484
        },
        "matrix": [
          [
            0.9996840953826904,
            0.02217492088675499,
            -0.01183370966464281,
            0.0
          ],
          [
            0.020150164142251015,
            -0.9884744882583618,
            -0.15004117786884308,
            0.13397200405597687
          ],
          [
            -0.01502455584704876,
            0.14975543320178986,
            -0.9886160492897034,
            0.9402589797973633
          ],
          [
            0.0,
            0.0,
            0.0,
            1.0
          ]
        ]
      },
      "bone_length_armature_space": 0.07137588008204346,
      "parent": null,
      "has_children": true,
      "is_end_bone": false
    },
    "spine_01": {
      "name": "spine_01",
      "local": {
        "location": {
          "x": 0.0,
          "y": 0.0,
          "z": 0.0
        },
        "rotation_quaternion": {
          "w": 0.9990853071212769,
          "x": -0.027639610692858696,
          "y": 0.02223248779773712,
          "z": 0.023883624002337456
        },
        "scale": {
          "x": 1.0,
          "y": 1.0,
          "z": 1.0
        },
        "matrix_basis": [
          [
            0.9978705644607544,
            -0.04895254969596863,
            0.043104033917188644,
            0.0
          ],
          [
            0.046494562178850174,
            0.9973312616348267,
            0.0562906414270401,
            0.0
          ],
          [
            -0.04574457183480263,
            -0.05416667461395264,
            0.9974835515022278,
            0.0
          ],
          [
            0.0,
            0.0,
            0.0,
            1.0
          ]
        ],
        "rotation_mode": "QUATERNION"
      },
      "armature_space": {
        "head": {
          "x": 0.00158275431022048,
          "y": 0.00017477571964263916,
          "z": 0.0010938877239823341
        },
        "tail": {
          "x": -0.016168441623449326,
          "y": 0.056490618735551834,
          "z": 0.4855130910873413
        }
      },
      "world_space": {
        "head": {
          "x": 0.00158275431022048,
          "y": 0.06341877579689026,
          "z": 0.9509478807449341
        },
        "tail": {
          "x": -0.016168441623449326,
          "y": 0.11973461508750916,
          "z": 1.4353671073913574
        },
        "rotation_quaternion": {
          "w": 0.7466944456100464,
          "x": 0.6641258001327515,
          "y": 0.012152687646448612,
          "z": 0.035166412591934204
        },
        "matrix": [
          [
            0.9972312450408936,
            -0.03637531027197838,
            0.06485875695943832,
            0.00158275431022048
          ],
          [
            0.06865920126438141,
            0.11540102958679199,
            -0.990943431854248,
            0.06341877579689026
          ],
          [
            0.028561372309923172,
            0.9926598072052002,
            0.1175789088010788,
            0.9509478807449341
          ],
          [
            0.0,
            0.0,
            0.0,
            1.0
          ]
        ]
      },
      "bone_length_armature_space": 0.48800464222050854,
      "parent": "Root",
      "has_children": true,
      "is_end_bone": false
    },
    "neck_01": {
      "name": "neck_01",
      "local": {
        "location": {
          "x": 0.0,
          "y": 0.0,
          "z": 0.0
        },
        "rotation_quaternion": {
          "w": 0.9959668517112732,
          "x": 0.0677163228392601,
          "y": -0.050291042774915695,
          "z": 0.03058253973722458
        },
        "scale": {
          "x": 1.0,
          "y": 1.0,
          "z": 1.0
        },
        "matrix_basis": [
          [
            0.9930710196495056,
            -0.06772944331169128,
            -0.09603454917669296,
            0.0
          ],
          [
            0.054107341915369034,
            0.9889584183692932,
            -0.1379624754190445,
            0.0
          ],
          [
            0.1043182983994484,
            0.13181036710739136,
            0.9857706427574158,
            0.0
          ],
          [
            0.0,
            0.0,
            0.0,
            1.0
          ]
        ],
        "rotation_mode": "QUATERNION"
      },
      "armature_space": {
        "head": {
          "x": -0.01658245548605919,
          "y": 0.03057374805212021,
          "z": 0.5622718334197998
        },
        "tail": {
          "x": -0.023447168990969658,
          "y": -0.010218292474746704,
          "z": 0.6560781598091125
        }
      },
      "world_space": {
        "head": {
          "x": -0.01658245548605919,
          "y": 0.09381774812936783,
          "z": 1.512125849723816
        },
        "tail": {
          "x": -0.023447168990969658,
          "y": 0.053025707602500916,
          "z": 1.6059322357177734
        },
        "rotation_quaternion": {
          "w": 0.5476020574569702,
          "x": 0.8359854221343994,
          "y": -0.034462474286556244,
          "z": 0.008526792749762535
        },
        "matrix": [
          [
            0.997479259967804,
            -0.06695888191461563,
            -0.02348720282316208,
            -0.01658245548605919
          ],
          [
            -0.04828198254108429,
            -0.39788830280303955,
            -0.9161628484725952,
            0.09381774812936783
          ],
          [
            0.0520002618432045,
            0.914993166923523,
            -0.4001217484474182,
            1.512125849723816
          ],
          [
            0.0,
            0.0,
            0.0,
            1.0
          ]
        ]
      },
      "bone_length_armature_space": 0.10252190661743905,
      "parent": "spine_01",
      "has_children": true,
      "is_end_bone": false
    },
    "head": {
      "name": "head",
      "local": {
        "location": {
          "x": 0.0,
          "y": 0.0,
          "z": 0.0
        },
        "rotation_quaternion": {
          "w": 0.9974575042724609,
          "x": 0.06869564950466156,
          "y": 0.0014462658436968923,
          "z": -0.018903519958257675
        },
        "scale": {
          "x": 1.0,
          "y": 1.0,
          "z": 1.0
        },
        "matrix_basis": [
          [
            0.999281108379364,
            0.0379096195101738,
            0.0002879982639569789,
            0.0
          ],
          [
            -0.03751221299171448,
            0.9898471236228943,
            -0.13709665834903717,
            0.0
          ],
          [
            -0.005482356529682875,
            0.13698729872703552,
            0.9905576109886169,
            0.0
          ],
          [
            0.0,
            0.0,
            0.0,
            1.0
          ]
        ],
        "rotation_mode": "QUATERNION"
      },
      "armature_space": {
        "head": {
          "x": -0.02344716712832451,
          "y": -0.010218406096100807,
          "z": 0.656078040599823
        },
        "tail": {
          "x": -0.02700410969555378,
          "y": -0.037823840975761414,
          "z": 0.8086512088775635
        }
      },
      "world_space": {
        "head": {
          "x": -0.02344716712832451,
          "y": 0.05302559584379196,
          "z": 1.6059319972991943
        },
        "tail": {
          "x": -0.02700410969555378,
          "y": 0.025420159101486206,
          "z": 1.7585052251815796
        },
        "rotation_quaternion": {
          "w": 0.6407198309898376,
          "x": 0.7674168348312378,
          "y": -0.021907871589064598,
          "z": -0.008342405781149864
        },
        "matrix": [
          [
            0.9989009499549866,
            -0.02293466404080391,
            -0.04087792709469795,
            -0.02344716712832451
          ],
          [
            -0.04431536793708801,
            -0.1779959797859192,
            -0.9830331206321716,
            0.05302559584379196
          ],
          [
            0.015269490890204906,
            0.9837706685066223,
            -0.17881876230239868,
            1.6059319972991943
          ],
          [
            0.0,
            0.0,
            0.0,
            1.0
          ]
        ]
      },
      "bone_length_armature_space": 0.15509121044664367,
      "parent": "neck_01",
      "has_children": false,
      "is_end_bone": true
    },
    "upperarm_l": {
      "name": "upperarm_l",
      "local": {
        "location": {
          "x": 0.0,
          "y": 0.0,
          "z": 0.0
        },
        "rotation_quaternion": {
          "w": 0.8576635122299194,
          "x": -0.12408002465963364,
          "y": 0.47757530212402344,
          "z": 0.14470410346984863
        },
        "scale": {
          "x": 1.0,
          "y": 1.0,
          "z": 1.0
        },
        "matrix_basis": [
          [
            0.5019651055335999,
            -0.3667299747467041,
            0.7832880616188049,
            0.0
          ],
          [
            0.12969975173473358,
            0.9273297190666199,
            0.35105204582214355,
            0.0
          ],
          [
            -0.8551076054573059,
            -0.07462360709905624,
            0.5130519270896912,
            0.0
          ],
          [
            0.0,
            0.0,
            0.0,
            1.0
          ]
        ],
        "rotation_mode": "QUATERNION"
      },
      "armature_space": {
        "head": {
          "x": 0.1356537938117981,
          "y": 0.02995654195547104,
          "z": 0.500216543674469
        },
        "tail": {
          "x": 0.37951749563217163,
          "y": 0.08497047424316406,
          "z": 0.5967138409614563
        }
      },
      "world_space": {
        "head": {
          "x": 0.1356537938117981,
          "y": 0.09320054203271866,
          "z": 1.4500706195831299
        },
        "tail": {
          "x": 0.37951749563217163,
          "y": 0.14821447432041168,
          "z": 1.5465679168701172
        },
        "rotation_quaternion": {
          "w": 0.3606756925582886,
          "x": 0.6267920136451721,
          "y": 0.6874330043792725,
          "z": -0.06693936884403229
        },
        "matrix": [
          [
            0.0459122508764267,
            0.910042941570282,
            0.4119635820388794,
            0.1356537938117981
          ],
          [
            0.8134672045707703,
            0.2052992880344391,
            -0.5441725850105286,
            0.09320054203271866
          ],
          [
            -0.5797994136810303,
            0.36010560393333435,
            -0.7308697700500488,
            1.4500706195831299
          ],
          [
            0.0,
            0.0,
            0.0,
            1.0
          ]
        ]
      },
      "bone_length_armature_space": 0.267969712900011,
      "parent": "spine_01",
      "has_children": true,
      "is_end_bone": false
    },
    "lowerarm_l": {
      "name": "lowerarm_l",
      "local": {
        "location": {
          "x": 0.0,
          "y": 0.0,
          "z": 0.0
        },
        "rotation_quaternion": {
          "w": 0.9045294523239136,
          "x": 0.4217596650123596,
          "y": -0.01373264379799366,
          "z": -0.06129223853349686
        },
        "scale": {
          "x": 1.0,
          "y": 1.0,
          "z": 1.0
        },
        "matrix_basis": [
          [
            0.9921093583106995,
            0.09929751604795456,
            -0.07654435187578201,
            0.0
          ],
          [
            -0.12246502190828323,
            0.6367241144180298,
            -0.7613046765327454,
            0.0
          ],
          [
            -0.026858026161789894,
            0.7646715044975281,
            0.643860399723053,
            0.0
          ],
          [
            0.0,
            0.0,
            0.0,
            1.0
          ]
        ],
        "rotation_mode": "QUATERNION"
      },
      "armature_space": {
        "head": {
          "x": 0.3795175850391388,
          "y": 0.0849703699350357,
          "z": 0.5967139005661011
        },
        "tail": {
          "x": 0.6031333208084106,
          "y": -0.018687009811401367,
          "z": 0.49269139766693115
        }
      },
      "world_space": {
        "head": {
          "x": 0.3795175850391388,
          "y": 0.14821437001228333,
          "z": 1.5465679168701172
        },
        "tail": {
          "x": 0.6031333208084106,
          "y": 0.04455699026584625,
          "z": 1.4425454139709473
        },
        "rotation_quaternion": {
          "w": 0.05690288171172142,
          "x": 0.7150714993476868,
          "y": 0.5504783391952515,
          "z": -0.4270930290222168
        },
        "matrix": [
          [
            0.02912816032767296,
            0.8358702063560486,
            -0.5481536388397217,
            0.3795175850391388
          ],
          [
            0.7386565208435059,
            -0.38746875524520874,
            -0.5515930652618408,
            0.14821437001228333
          ],
          [
            -0.6734565496444702,
            -0.38883358240127563,
            -0.628711998462677,
            1.5465679168701172
          ],
          [
            0.0,
            0.0,
            0.0,
            1.0
          ]
        ]
      },
      "bone_length_armature_space": 0.26752482356721224,
      "parent": "upperarm_l",
      "has_children": true,
      "is_end_bone": false
    },
    "metacarpal_thumb_l": {
      "name": "metacarpal_thumb_l",
      "local": {
        "location": {
          "x": 0.0,
          "y": 0.0,
          "z": 0.0
        },
        "rotation_quaternion": {
          "w": 0.9995590448379517,
          "x": -0.026140205562114716,
          "y": 0.009008385241031647,
          "z": 0.010838370770215988
        },
        "scale": {
          "x": 1.0,
          "y": 1.0,
          "z": 1.0
        },
        "matrix_basis": [
          [
            0.999602735042572,
            -0.022138144820928574,
            0.017442191019654274,
            0.0
          ],
          [
            0.021196220070123672,
            0.9983984231948853,
            0.052452631294727325,
            0.0
          ],
          [
            -0.018575459718704224,
            -0.05206208676099777,
            0.9984710812568665,
            0.0
          ],
          [
            0.0,
            0.0,
            0.0,
            1.0
          ]
        ],
        "rotation_mode": "QUATERNION"
      },
      "armature_space": {
        "head": {
          "x": 0.6031333208084106,
          "y": -0.018687009811401367,
          "z": 0.49269139766693115
        },
        "tail": {
          "x": 0.6192653179168701,
          "y": -0.04558776319026947,
          "z": 0.45435452461242676
        }
      },
      "world_space": {
        "head": {
          "x": 0.6031333208084106,
          "y": 0.04455699026584625,
          "z": 1.4425454139709473
        },
        "tail": {
          "x": 0.6192653179168701,
          "y": 0.01765623688697815,
          "z": 1.4042085409164429
        },
        "rotation_quaternion": {
          "w": 0.44961056113243103,
          "x": -0.8771829009056091,
          "y": -0.1622047871351242,
          "z": -0.045717958360910416
        },
        "matrix": [
          [
            0.9431986808776855,
            0.3256773352622986,
            -0.06565313786268234,
            0.6031333208084106
          ],
          [
            0.24345722794532776,
            -0.54308021068573,
            0.8036122918128967,
            0.04455699026584625
          ],
          [
            0.22606511414051056,
            -0.7739556431770325,
            -0.5915244221687317,
            1.4425454139709473
          ],
          [
            0.0,
            0.0,
            0.0,
            1.0
          ]
        ]
      },
      "bone_length_armature_space": 0.04953390436532356,
      "parent": "lowerarm_l",
      "has_children": true,
      "is_end_bone": false
    },
    "thumb_01_l": {
      "name": "thumb_01_l",
      "local": {
        "location": {
          "x": 0.0,
          "y": 0.0,
          "z": 0.0
        },
        "rotation_quaternion": {
          "w": 0.9555119276046753,
          "x": 0.2943083643913269,
          "y": -0.009117711335420609,
          "z": 0.017222244292497635
        },
        "scale": {
          "x": 1.0,
          "y": 1.0,
          "z": 1.0
        },
        "matrix_basis": [
          [
            0.999240517616272,
            -0.03827895596623421,
            -0.007286862935870886,
            0.0
          ],
          [
            0.027545282617211342,
            0.8261719346046448,
            -0.5627443790435791,
            0.0
          ],
          [
            0.02756146527826786,
            0.562116265296936,
            0.8265988826751709,
            0.0
          ],
          [
            0.0,
            0.0,
            0.0,
            1.0
          ]
        ],
        "rotation_mode": "QUATERNION"
      },
      "armature_space": {
        "head": {
          "x": 0.6192653179168701,
          "y": -0.04558776319026947,
          "z": 0.45435452461242676
        },
        "tail": {
          "x": 0.6386876106262207,
          "y": -0.03341564163565636,
          "z": 0.42919012904167175
        }
      },
      "world_space": {
        "head": {
          "x": 0.6192653179168701,
          "y": 0.01765623688697815,
          "z": 1.4042085409164429
        },
        "tail": {
          "x": 0.6386876106262207,
          "y": 0.029828358441591263,
          "z": 1.3790441751480103
        },
        "rotation_quaternion": {
          "w": 0.7596593499183655,
          "x": -0.2796294391155243,
          "y": 0.3189312517642975,
          "z": -0.4929584264755249
        },
        "matrix": [
          [
            0.3105480968952179,
            0.5705971121788025,
            0.760249137878418,
            0.6192653179168701
          ],
          [
            -0.9273265600204468,
            0.35759785771369934,
            0.11040490120649338,
            0.01765623688697815
          ],
          [
            -0.20886904001235962,
            -0.7392902374267578,
            0.6401857137680054,
            1.4042085409164429
          ],
          [
            0.0,
            0.0,
            0.0,
            1.0
          ]
        ]
      },
      "bone_length_armature_space": 0.03403869546789946,
      "parent": "metacarpal_thumb_l",
      "has_children": true,
      "is_end_bone": false
    },
    "thumb_02_l": {
      "name": "thumb_02_l",
      "local": {
        "location": {
          "x": 0.0,
          "y": 0.0,
          "z": 0.0
        },
        "rotation_quaternion": {
          "w": 0.9011253714561462,
          "x": 0.43345314264297485,
          "y": 0.007660725619643927,
          "z": 0.0057209571823477745
        },
        "scale": {
          "x": 1.0,
          "y": 1.0,
          "z": 1.0
        },
        "matrix_basis": [
          [
            0.9998171925544739,
            -0.003669468220323324,
            0.01876608282327652,
            0.0
          ],
          [
            0.016951730474829674,
            0.6241713166236877,
            -0.7811036109924316,
            0.0
          ],
          [
            -0.008847014978528023,
            0.7812789082527161,
            0.6241194009780884,
            0.0
          ],
          [
            0.0,
            0.0,
            0.0,
            1.0
          ]
        ],
        "rotation_mode": "QUATERNION"
      },
      "armature_space": {
        "head": {
          "x": 0.6386875510215759,
          "y": -0.03341561555862427,
          "z": 0.42919012904167175
        },
        "tail": {
          "x": 0.6592629551887512,
          "y": -0.05809962749481201,
          "z": 0.45328450202941895
        }
      },
      "world_space": {
        "head": {
          "x": 0.6386875510215759,
          "y": 0.029828384518623352,
          "z": 1.3790441751480103
        },
        "tail": {
          "x": 0.6592629551887512,
          "y": 0.005144372582435608,
          "z": 1.403138518333435
        },
        "rotation_quaternion": {
          "w": 0.4062720239162445,
          "x": 0.4113062620162964,
          "y": -0.1662992537021637,
          "z": -0.798820972442627
        },
        "matrix": [
          [
            -0.33153945207595825,
            0.5122793912887573,
            -0.7922444343566895,
            0.6386875510215759
          ],
          [
            -0.7858776450157166,
            -0.6145743131637573,
            -0.06851959228515625,
            0.029828384518623352
          ],
          [
            -0.5219985842704773,
            0.5998939871788025,
            0.6063488125801086,
            1.3790441751480103
          ],
          [
            0.0,
            0.0,
            0.0,
            1.0
          ]
        ]
      },
      "bone_length_armature_space": 0.04016449335931863,
      "parent": "thumb_01_l",
      "has_children": true,
      "is_end_bone": false
    },
    "thumb_03_l": {
      "name": "thumb_03_l",
      "local": {
        "location": {
          "x": 0.0,
          "y": 0.0,
          "z": 0.0
        },
        "rotation_quaternion": {
          "w": 0.9879449605941772,
          "x": 0.15474529564380646,
          "y": 0.004242393188178539,
          "z": -0.0008572132792323828
        },
        "scale": {
          "x": 1.0,
          "y": 1.0,
          "z": 1.0
        },
        "matrix_basis": [
          [
            0.9999625086784363,
            0.0030067397747188807,
            0.008117202669382095,
            0.0
          ],
          [
            -0.0003807783068623394,
            0.9521062970161438,
            -0.3057669401168823,
            0.0
          ],
          [
            -0.008647801354527473,
            0.30575239658355713,
            0.9520717859268188,
            0.0
          ],
          [
            0.0,
            0.0,
            0.0,
            1.0
          ]
        ],
        "rotation_mode": "QUATERNION"
      },
      "armature_space": {
        "head": {
          "x": 0.6592629551887512,
          "y": -0.05809963867068291,
          "z": 0.45328444242477417
        },
        "tail": {
          "x": 0.6599367260932922,
          "y": -0.07425355166196823,
          "z": 0.4790816605091095
        }
      },
      "world_space": {
        "head": {
          "x": 0.6592629551887512,
          "y": 0.0051443614065647125,
          "z": 1.4031383991241455
        },
        "tail": {
          "x": 0.6599367260932922,
          "y": -0.011009551584720612,
          "z": 1.4289356470108032
        },
        "rotation_quaternion": {
          "w": 0.3657732307910919,
          "x": 0.6452892422676086,
          "y": -0.3176667392253876,
          "z": -0.5906772017478943
        },
        "matrix": [
          [
            0.10037826746702194,
            0.022130846977233887,
            -0.9947031736373901,
            0.6592629551887512
          ],
          [
            -0.8420819044113159,
            -0.5305953621864319,
            -0.09678186476230621,
            0.0051443614065647125
          ],
          [
            -0.5299311876296997,
            0.8473418951034546,
            -0.03462451696395874,
            1.4031383991241455
          ],
          [
            0.0,
            0.0,
            0.0,
            1.0
          ]
        ]
      },
      "bone_length_armature_space": 0.030445021299702602,
      "parent": "thumb_02_l",
      "has_children": false,
      "is_end_bone": true
    },
    "metacarpal_index_l": {
      "name": "metacarpal_index_l",
      "local": {
        "location": {
          "x": 0.0,
          "y": 0.0,
          "z": 0.0
        },
        "rotation_quaternion": {
          "w": 0.998984694480896,
          "x": -0.044097766280174255,
          "y": 0.008953538723289967,
          "z": 0.0022188920993357897
        },
        "scale": {
          "x": 1.0,
          "y": 1.0,
          "z": 1.0
        },
        "matrix_basis": [
          [
            0.9998298287391663,
            -0.005222940817475319,
            0.01769319921731949,
            0.0
          ],
          [
            0.003643616335466504,
            0.996100902557373,
            0.08814571797847748,
            0.0
          ],
          [
            -0.01808459311723709,
            -0.08806625008583069,
            0.99595046043396,
            0.0
          ],
          [
            0.0,
            0.0,
            0.0,
            1.0
          ]
        ],
        "rotation_mode": "QUATERNION"
      },
      "armature_space": {
        "head": {
          "x": 0.6031333208084106,
          "y": -0.018687009811401367,
          "z": 0.49269139766693115
        },
        "tail": {
          "x": 0.6808845400810242,
          "y": -0.08140803128480911,
          "z": 0.4314533472061157
        }
      },
      "world_space": {
        "head": {
          "x": 0.6031333208084106,
          "y": 0.04455699026584625,
          "z": 1.4425454139709473
        },
        "tail": {
          "x": 0.6808845400810242,
          "y": -0.018164031207561493,
          "z": 1.3813073635101318
        },
        "rotation_quaternion": {
          "w": 0.25100961327552795,
          "x": -0.8699127435684204,
          "y": -0.41151973605155945,
          "z": 0.1043911874294281
        },
        "matrix": [
          [
            0.6395069360733032,
            0.6635662913322449,
            -0.3882143199443817,
            0.6031333208084106
          ],
          [
            0.7683798670768738,
            -0.5352913737297058,
            0.35079339146614075,
            0.04455699026584625
          ],
          [
            0.02496771141886711,
            -0.5226351022720337,
            -0.8521990776062012,
            1.4425454139709473
          ],
          [
            0.0,
            0.0,
            0.0,
            1.0
          ]
        ]
      },
      "bone_length_armature_space": 0.1171719997804412,
      "parent": "lowerarm_l",
      "has_children": true,
      "is_end_bone": false
    },
    "index_01_l": {
      "name": "index_01_l",
      "local": {
        "location": {
          "x": 0.0,
          "y": 0.0,
          "z": 0.0
        },
        "rotation_quaternion": {
          "w": 0.9422072172164917,
          "x": 0.33407652378082275,
          "y": 0.0179820004850626,
          "z": 0.01774967461824417
        },
        "scale": {
          "x": 1.0,
          "y": 1.0,
          "z": 1.0
        },
        "matrix_basis": [
          [
            0.9987232089042664,
            -0.021433014422655106,
            0.045745041221380234,
            0.0
          ],
          [
            0.0454624705016613,
            0.7761556506156921,
            -0.6289002895355225,
            0.0
          ],
          [
            -0.02202604152262211,
            0.6301769614219666,
            0.7761390209197998,
            0.0
          ],
          [
            0.0,
            0.0,
            0.0,
            1.0
          ]
        ],
        "rotation_mode": "QUATERNION"
      },
      "armature_space": {
        "head": {
          "x": 0.6808845400810242,
          "y": -0.08140803128480911,
          "z": 0.4314533472061157
        },
        "tail": {
          "x": 0.6954970359802246,
          "y": -0.082296222448349,
          "z": 0.40698370337486267
        }
      },
      "world_space": {
        "head": {
          "x": 0.6808845400810242,
          "y": -0.018164031207561493,
          "z": 1.3813073635101318
        },
        "tail": {
          "x": 0.6954970359802246,
          "y": -0.01905222237110138,
          "z": 1.3568377494812012
        },
        "rotation_quaternion": {
          "w": 0.48010948300361633,
          "x": -0.6917845606803894,
          "y": -0.5039047002792358,
          "z": 0.19237789511680603
        },
        "matrix": [
          [
            0.41813868284225464,
            0.5124617218971252,
            -0.7500285506248474,
            0.6808845400810242
          ],
          [
            0.8819134831428528,
            -0.031149014830589294,
            0.47038155794143677,
            -0.018164031207561493
          ],
          [
            0.21769218146800995,
            -0.8581510782241821,
            -0.46497416496276855,
            1.3813073635101318
          ],
          [
            0.0,
            0.0,
            0.0,
            1.0
          ]
        ]
      },
      "bone_length_armature_space": 0.028514511888085833,
      "parent": "metacarpal_index_l",
      "has_children": true,
      "is_end_bone": false
    },
    "index_02_l": {
      "name": "index_02_l",
      "local": {
        "location": {
          "x": 0.0,
          "y": 0.0,
          "z": 0.0
        },
        "rotation_quaternion": {
          "w": 0.8791005611419678,
          "x": 0.47658291459083557,
          "y": 0.006214608438313007,
          "z": 0.0035205830354243517
        },
        "scale": {
          "x": 1.0,
          "y": 1.0,
          "z": 1.0
        },
        "matrix_basis": [
          [
            0.9998979568481445,
            -0.00026634064852260053,
            0.014282231219112873,
            0.0
          ],
          [
            0.012113445438444614,
            0.5457126498222351,
            -0.8378848433494568,
            0.0
          ],
          [
            -0.007570832036435604,
            0.8379724025726318,
            0.5456601977348328,
            0.0
          ],
          [
            0.0,
            0.0,
            0.0,
            1.0
          ]
        ],
        "rotation_mode": "QUATERNION"
      },
      "armature_space": {
        "head": {
          "x": 0.6954969167709351,
          "y": -0.08229629695415497,
          "z": 0.4069831669330597
        },
        "tail": {
          "x": 0.6869466304779053,
          "y": -0.07375233620405197,
          "z": 0.38435596227645874
        }
      },
      "world_space": {
        "head": {
          "x": 0.6954969167709351,
          "y": -0.01905229687690735,
          "z": 1.3568371534347534
        },
        "tail": {
          "x": 0.6869466304779053,
          "y": -0.010508336126804352,
          "z": 1.33420991897583
        },
        "rotation_quaternion": {
          "w": 0.7284556031227112,
          "x": -0.3898274004459381,
          "y": -0.3686198592185974,
          "z": 0.4260358214378357
        },
        "matrix": [
          [
            0.36522477865219116,
            -0.3333015441894531,
            -0.8692070245742798,
            0.6954969167709351
          ],
          [
            0.9080932140350342,
            0.3330555260181427,
            0.2538525462150574,
            -0.01905229687690735
          ],
          [
            0.20488697290420532,
            -0.8820400238037109,
            0.4243122935295105,
            1.3568371534347534
          ],
          [
            0.0,
            0.0,
            0.0,
            1.0
          ]
        ]
      },
      "bone_length_armature_space": 0.025653402473676166,
      "parent": "index_01_l",
      "has_children": true,
      "is_end_bone": false
    },
    "index_03_l": {
      "name": "index_03_l",
      "local": {
        "location": {
          "x": 0.0,
          "y": 0.0,
          "z": 0.0
        },
        "rotation_quaternion": {
          "w": 0.9274110198020935,
          "x": 0.37400761246681213,
          "y": -0.00231060734950006,
          "z": 0.004669259302318096
        },
        "scale": {
          "x": 1.0,
          "y": 1.0,
          "z": 1.0
        },
        "matrix_basis": [
          [
            0.9999457001686096,
            -0.010389014147222042,
            -0.000793088402133435,
            0.0
          ],
          [
            0.006932275369763374,
            0.7201930284500122,
            -0.693739116191864,
            0.0
          ],
          [
            0.0077784424647688866,
            0.6936959624290466,
            0.7202259302139282,
            0.0
          ],
          [
            0.0,
            0.0,
            0.0,
            1.0
          ]
        ],
        "rotation_mode": "QUATERNION"
      },
      "armature_space": {
        "head": {
          "x": 0.6869467496871948,
          "y": -0.07375239580869675,
          "z": 0.38435590267181396
        },
        "tail": {
          "x": 0.6625718474388123,
          "y": -0.059146612882614136,
          "z": 0.37755393981933594
        }
      },
      "world_space": {
        "head": {
          "x": 0.6869467496871948,
          "y": -0.010508395731449127,
          "z": 1.33420991897583
        },
        "tail": {
          "x": 0.6625718474388123,
          "y": 0.004097387194633484,
          "z": 1.327407956123352
        },
        "rotation_quaternion": {
          "w": 0.8497876524925232,
          "x": -0.03915846347808838,
          "y": -0.16673406958580017,
          "z": 0.4985252320766449
        },
        "matrix": [
          [
            0.44734418392181396,
            -0.8342234492301941,
            -0.3224193751811981,
            0.6869467496871948
          ],
          [
            0.8603394031524658,
            0.49987825751304626,
            -0.09969036281108856,
            -0.010508395731449127
          ],
          [
            0.24433687329292297,
            -0.2327953279018402,
            0.9413394927978516,
            1.33420991897583
          ],
          [
            0.0,
            0.0,
            0.0,
            1.0
          ]
        ]
      },
      "bone_length_armature_space": 0.029218682919696346,
      "parent": "index_02_l",
      "has_children": false,
      "is_end_bone": true
    },
    "metacarpal_pinky_l": {
      "name": "metacarpal_pinky_l",
      "local": {
        "location": {
          "x": 0.0,
          "y": 0.0,
          "z": 0.0
        },
        "rotation_quaternion": {
          "w": 0.9997513294219971,
          "x": -0.016429515555500984,
          "y": 0.0007215443183667958,
          "z": 0.015064368024468422
        },
        "scale": {
          "x": 1.0,
          "y": 1.0,
          "z": 1.0
        },
        "matrix_basis": [
          [
            0.9995450973510742,
            -0.03014495223760605,
            0.0009477292187511921,
            0.0
          ],
          [
            0.030097534880042076,
            0.9990062713623047,
            0.03287259861826897,
            0.0
          ],
          [
            -0.001937730354256928,
            -0.03282912075519562,
            0.9994590878486633,
            0.0
          ],
          [
            0.0,
            0.0,
            0.0,
            1.0
          ]
        ],
        "rotation_mode": "QUATERNION"
      },
      "armature_space": {
        "head": {
          "x": 0.6031333208084106,
          "y": -0.018687009811401367,
          "z": 0.49269139766693115
        },
        "tail": {
          "x": 0.7044286727905273,
          "y": -0.03490683436393738,
          "z": 0.4748200476169586
        }
      },
      "world_space": {
        "head": {
          "x": 0.6031333208084106,
          "y": 0.04455699026584625,
          "z": 1.4425454139709473
        },
        "tail": {
          "x": 0.7044286727905273,
          "y": 0.02833716571331024,
          "z": 1.4246740341186523
        },
        "rotation_quaternion": {
          "w": 0.5171136856079102,
          "x": 0.3480951189994812,
          "y": 0.39333289861679077,
          "z": -0.6758050918579102
        },
        "matrix": [
          [
            -0.22284531593322754,
            0.9727709293365479,
            -0.06369184702634811,
            0.6031333208084106
          ],
          [
            -0.42510321736335754,
            -0.15576399862766266,
            -0.8916419744491577,
            0.04455699026584625
          ],
          [
            -0.8772905468940735,
            -0.1716241091489792,
            0.4482415020465851,
            1.4425454139709473
          ],
          [
            0.0,
            0.0,
            0.0,
            1.0
          ]
        ]
      },
      "bone_length_armature_space": 0.10413076648562232,
      "parent": "lowerarm_l",
      "has_children": true,
      "is_end_bone": false
    },
    "pinky_01_l": {
      "name": "pinky_01_l",
      "local": {
        "location": {
          "x": 0.0,
          "y": 0.0,
          "z": 0.0
        },
        "rotation_quaternion": {
          "w": 0.952377438545227,
          "x": 0.304429292678833,
          "y": -0.01723286509513855,
          "z": -0.0017750385450199246
        },
        "scale": {
          "x": 1.0,
          "y": 1.0,
          "z": 1.0
        },
        "matrix_basis": [
          [
            0.9993997812271118,
            -0.007111364509910345,
            -0.03390512987971306,
            0.0
          ],
          [
            -0.013873390853404999,
            0.8146393299102783,
            -0.5798019766807556,
            0.0
          ],
          [
            0.03174363821744919,
            0.5799243450164795,
            0.8140516877174377,
            0.0
          ],
          [
            0.0,
            0.0,
            0.0,
            1.0
          ]
        ],
        "rotation_mode": "QUATERNION"
      },
      "armature_space": {
        "head": {
          "x": 0.7044286727905273,
          "y": -0.03490683436393738,
          "z": 0.4748200476169586
        },
