{
  "metadata": {
    "armature_name": "KIM_caucasian_male",
    "export_time": "2026-01-13T21:01:20.734960",
    "blender_version": "4.4.1",
    "bone_count": 56,
    "end_bone_count": 13,
    "spaces_included": [
      "LOCAL_CHANNELS",
      "ARMATURE_SPACE",
      "WORLD_SPACE"
    ],
    "note": "LOCAL matches Transform panel; replay pose via local.matrix_basis for best fidelity."
  },
  "bones": {
    "Root": {
      "name": "Root",
      "local": {
        "location": {
          "x": 0.0,
          "y": 0.0,
          "z": 0.0
        },
        "rotation_quaternion": {
          "w": 0.9997814893722534,
          "x": -0.010904916562139988,
          "y": -0.017125239595770836,
          "z": -0.004990346264094114
        },
        "scale": {
          "x": 1.0,
          "y": 1.0,
          "z": 1.0
        },
        "matrix_basis": [
          [
            0.9993636608123779,
            0.010352009907364845,
            -0.0341341570019722,
            0.0
          ],
          [
            -0.009605012834072113,
            0.999712347984314,
            0.021975988522171974,
            0.0
          ],
          [
            0.034351833164691925,
            -0.021634146571159363,
            0.9991756081581116,
            0.0
          ],
          [
            0.0,
            0.0,
            0.0,
            1.0
          ]
        ],
        "rotation_mode": "QUATERNION"
      },
      "armature_space": {
        "head": {
          "x": 0.0,
          "y": 0.07072800397872925,
          "z": -0.009595036506652832
        },
        "tail": {
          "x": 0.0007388836820609868,
          "y": 0.00022792816162109375,
          "z": 0.001527390442788601
        }
      },
      "world_space": {
        "head": {
          "x": 0.0,
          "y": 0.13397200405597687,
          "z": 0.9402589797973633
        },
        "tail": {
          "x": 0.0007388836820609868,
          "y": 0.06347192823886871,
          "z": 0.9513813853263855
        },
        "rotation_quaternion": {
          "w": 0.07823308557271957,
          "x": 0.9967755079269409,
          "y": 0.0038253183010965586,
          "z": -0.017422527074813843
        },
        "matrix": [
          [
            0.9993636608123779,
            0.010352009907364845,
            -0.0341341570019722,
            0.0
          ],
          [
            0.00489992368966341,
            -0.9877298474311829,
            -0.15609538555145264,
            0.13397200405597687
          ],
          [
            -0.035331469029188156,
            0.15582895278930664,
            -0.987159013748169,
            0.9402589797973633
          ],
          [
            0.0,
            0.0,
            0.0,
            1.0
          ]
        ]
      },
      "bone_length_armature_space": 0.07137587283404903,
      "parent": null,
      "has_children": true,
      "is_end_bone": false
    },
    "spine_01": {
      "name": "spine_01",
      "local": {
        "location": {
          "x": 0.0,
          "y": 0.0,
          "z": 0.0
        },
        "rotation_quaternion": {
          "w": 0.9937719702720642,
          "x": 0.09284822642803192,
          "y": 0.04140067845582962,
          "z": -0.045635078102350235
        },
        "scale": {
          "x": 1.0,
          "y": 1.0,
          "z": 1.0
        },
        "matrix_basis": [
          [
            0.9924068450927734,
            0.09838968515396118,
            0.07381139695644379,
            0.0
          ],
          [
            -0.08301376551389694,
            0.9785932898521423,
            -0.18831858038902283,
            0.0
          ],
          [
            -0.09075994044542313,
            0.18076127767562866,
            0.9793303608894348,
            0.0
          ],
          [
            0.0,
            0.0,
            0.0,
            1.0
          ]
        ],
        "rotation_mode": "QUATERNION"
      },
      "armature_space": {
        "head": {
          "x": 0.0007388836820609868,
          "y": 0.00022792816162109375,
          "z": 0.001527390442788601
        },
        "tail": {
          "x": 0.06603998690843582,
          "y": -0.0547790601849556,
          "z": 0.4820046126842499
        }
      },
      "world_space": {
        "head": {
          "x": 0.0007388836820609868,
          "y": 0.06347192823886871,
          "z": 0.9513813853263855
        },
        "tail": {
          "x": 0.06603998690843582,
          "y": 0.008464939892292023,
          "z": 1.4318586587905884
        },
        "rotation_quaternion": {
          "w": 0.6618344187736511,
          "x": 0.7457091212272644,
          "y": 0.07493721693754196,
          "z": -0.01665867492556572
        },
        "matrix": [
          [
            0.9882137179374695,
            0.13381341099739075,
            0.07434781640768051,
            0.0007388836820609868
          ],
          [
            0.0897129476070404,
            -0.11271895468235016,
            -0.9895686507225037,
            0.06347192823886871
          ],
          [
            -0.12403792142868042,
            0.9845820069313049,
            -0.12339699268341064,
            0.9513813853263855
          ],
          [
            0.0,
            0.0,
            0.0,
            1.0
          ]
        ]
      },
      "bone_length_armature_space": 0.48800446628710975,
      "parent": "Root",
      "has_children": true,
      "is_end_bone": false
    },
    "neck_01": {
      "name": "neck_01",
      "local": {
        "location": {
          "x": 0.0,
          "y": 0.0,
          "z": 0.0
        },
        "rotation_quaternion": {
          "w": 0.9781047105789185,
          "x": -0.154837965965271,
          "y": 0.012618012726306915,
          "z": 0.13848218321800232
        },
        "scale": {
          "x": 1.0,
          "y": 1.0,
          "z": 1.0
        },
        "matrix_basis": [
          [
            0.9613269567489624,
            -0.2748076319694519,
            -0.018201123923063278,
            0.0
          ],
          [
            0.2669926583766937,
            0.913695752620697,
            0.3063902258872986,
            0.0
          ],
          [
            -0.06756807118654251,
            -0.2994007468223572,
            0.9517319798469543,
            0.0
          ],
          [
            0.0,
            0.0,
            0.0,
            1.0
          ]
        ],
        "rotation_mode": "QUATERNION"
      },
      "armature_space": {
        "head": {
          "x": 0.07841601967811584,
          "y": -0.0973508432507515,
          "z": 0.549814760684967
        },
        "tail": {
          "x": 0.06431663781404495,
          "y": -0.11803019046783447,
          "z": 0.6492347121238708
        }
      },
      "world_space": {
        "head": {
          "x": 0.07841601967811584,
          "y": -0.034106843173503876,
          "z": 1.499668836593628
        },
        "tail": {
          "x": 0.06431663781404495,
          "y": -0.05478619039058685,
          "z": 1.5990886688232422
        },
        "rotation_quaternion": {
          "w": 0.6305462121963501,
          "x": 0.772768497467041,
          "y": -0.039464786648750305,
          "z": 0.06068703532218933
        },
        "matrix": [
          [
            0.9895193576812744,
            -0.13752628862857819,
            0.044024474918842316,
            0.07841601967811584
          ],
          [
            0.015536855906248093,
            -0.20170778036117554,
            -0.9793226718902588,
            -0.034106843173503876
          ],
          [
            0.14356368780136108,
            0.9697490334510803,
            -0.19745934009552002,
            1.499668836593628
          ],
          [
            0.0,
            0.0,
            0.0,
            1.0
          ]
        ]
      },
      "bone_length_armature_space": 0.10252197178542291,
      "parent": "spine_01",
      "has_children": true,
      "is_end_bone": false
    },
    "head": {
      "name": "head",
      "local": {
        "location": {
          "x": 0.0,
          "y": 0.0,
          "z": 0.0
        },
        "rotation_quaternion": {
          "w": 0.9540308713912964,
          "x": -0.18501804769039154,
          "y": 0.07667305320501328,
          "z": -0.22296789288520813
        },
        "scale": {
          "x": 1.0,
          "y": 1.0,
          "z": 1.0
        },
        "matrix_basis": [
          [
            0.8888131380081177,
            0.3970647156238556,
            0.22880308330059052,
            0.0
          ],
          [
            -0.4538083076477051,
            0.8321073055267334,
            0.3188346028327942,
            0.0
          ],
          [
            -0.06379075348377228,
            -0.38721710443496704,
            0.9197791218757629,
            0.0
          ],
          [
            0.0,
            0.0,
            0.0,
            1.0
          ]
        ],
        "rotation_mode": "QUATERNION"
      },
      "armature_space": {
        "head": {
          "x": 0.06431666016578674,
          "y": -0.11803032457828522,
          "z": 0.6492345929145813
        },
        "tail": {
          "x": 0.10726219415664673,
          "y": -0.03661802411079407,
          "z": 0.7740582227706909
        }
      },
      "world_space": {
        "head": {
          "x": 0.06431666016578674,
          "y": -0.0547863245010376,
          "z": 1.5990886688232422
        },
        "tail": {
          "x": 0.10726219415664673,
          "y": 0.026625975966453552,
          "z": 1.723912239074707
        },
        "rotation_quaternion": {
          "w": 0.8613328337669373,
          "x": 0.48064494132995605,
          "y": 0.14343290030956268,
          "z": -0.08070403337478638
        },
        "matrix": [
          [
            0.9458280205726624,
            0.276906818151474,
            0.16950581967830658,
            0.06431666016578674
          ],
          [
            -0.0011468082666397095,
            0.5249351263046265,
            -0.851141631603241,
            -0.0547863245010376
          ],
          [
            -0.32466867566108704,
            0.8048452138900757,
            0.496818482875824,
            1.5990886688232422
          ],
          [
            0.0,
            0.0,
            0.0,
            1.0
          ]
        ]
      },
      "bone_length_armature_space": 0.15509100421818398,
      "parent": "neck_01",
      "has_children": false,
      "is_end_bone": true
    },
    "upperarm_l": {
      "name": "upperarm_l",
      "local": {
        "location": {
          "x": 0.0,
          "y": 0.0,
          "z": 0.0
        },
        "rotation_quaternion": {
          "w": 0.8631336092948914,
          "x": 0.24529479444026947,
          "y": 0.3673415184020996,
          "z": 0.24472646415233612
        },
        "scale": {
          "x": 1.0,
          "y": 1.0,
          "z": 1.0
        },
        "matrix_basis": [
          [
            0.6103383302688599,
            -0.24224935472011566,
            0.7541898488998413,
            0.0
          ],
          [
            0.6026772260665894,
            0.7598788142204285,
            -0.2436479777097702,
            0.0
          ],
          [
            -0.5140693783760071,
            0.6032407283782959,
            0.6097813248634338,
            0.0
          ],
          [
            0.0,
            0.0,
            0.0,
            1.0
          ]
        ],
        "rotation_mode": "QUATERNION"
      },
      "armature_space": {
        "head": {
          "x": 0.2178918868303299,
          "y": -0.07947418093681335,
          "z": 0.4646439850330353
        },
        "tail": {
          "x": 0.4456239640712738,
          "y": -0.22033371031284332,
          "z": 0.4748571217060089
        }
      },
      "world_space": {
        "head": {
          "x": 0.2178918868303299,
          "y": -0.016230180859565735,
          "z": 1.414497971534729
        },
        "tail": {
          "x": 0.4456239640712738,
          "y": -0.1570897102355957,
          "z": 1.4247111082077026
        },
        "rotation_quaternion": {
          "w": 0.1708223968744278,
          "x": 0.8308122754096985,
          "y": 0.45606088638305664,
          "z": -0.26940545439720154
        },
        "matrix": [
          [
            0.4388579726219177,
            0.8498435020446777,
            -0.2918383777141571,
            0.2178918868303299
          ],
          [
            0.6657609939575195,
            -0.525655210018158,
            -0.529574453830719,
            -0.016230180859565735
          ],
          [
            -0.6034653186798096,
            0.038113102316856384,
            -0.7964866161346436,
            1.414497971534729
          ],
          [
            0.0,
            0.0,
            0.0,
            1.0
          ]
        ]
      },
      "bone_length_armature_space": 0.267969430137225,
      "parent": "spine_01",
      "has_children": true,
      "is_end_bone": false
    },
    "lowerarm_l": {
      "name": "lowerarm_l",
      "local": {
        "location": {
          "x": 0.0,
          "y": 0.0,
          "z": 0.0
        },
        "rotation_quaternion": {
          "w": 0.8991581797599792,
          "x": 0.28560060262680054,
          "y": 0.2604409158229828,
          "z": -0.20522527396678925
        },
        "scale": {
          "x": 1.0,
          "y": 1.0,
          "z": 1.0
        },
        "matrix_basis": [
          [
            0.780106246471405,
            0.517824113368988,
            0.35113024711608887,
            0.0
          ],
          [
            -0.22029580175876617,
            0.7526297569274902,
            -0.6204983592033386,
            0.0
          ],
          [
            -0.5855801105499268,
            0.4067021310329437,
            0.7012056708335876,
            0.0
          ],
          [
            0.0,
            0.0,
            0.0,
            1.0
          ]
        ],
        "rotation_mode": "QUATERNION"
      },
      "armature_space": {
        "head": {
          "x": 0.4456239640712738,
          "y": -0.22033385932445526,
          "z": 0.4748571813106537
        },
        "tail": {
          "x": 0.6134932041168213,
          "y": -0.32979118824005127,
          "z": 0.29763180017471313
        }
      },
      "world_space": {
        "head": {
          "x": 0.4456239640712738,
          "y": -0.15708985924720764,
          "z": 1.4247112274169922
        },
        "tail": {
          "x": 0.6134932041168213,
          "y": -0.26654720306396484,
          "z": 1.247485876083374
        },
        "rotation_quaternion": {
          "w": 0.2690434157848358,
          "x": -0.803209125995636,
          "y": -0.47227221727371216,
          "z": 0.24378237128257751
        },
        "matrix": [
          [
            0.4350564777851105,
            0.6274909973144531,
            -0.6457403302192688,
            0.4456239640712738
          ],
          [
            0.8898434638977051,
            -0.40914881229400635,
            0.20193058252334595,
            -0.15708985924720764
          ],
          [
            -0.13749432563781738,
            -0.6624640822410583,
            -0.7363766431808472,
            1.4247112274169922
          ],
          [
            0.0,
            0.0,
            0.0,
            1.0
          ]
        ]
      },
      "bone_length_armature_space": 0.26752537012395006,
      "parent": "upperarm_l",
      "has_children": true,
      "is_end_bone": false
    },
    "metacarpal_thumb_l": {
      "name": "metacarpal_thumb_l",
      "local": {
        "location": {
          "x": 0.0,
          "y": 0.0,
          "z": 0.0
        },
        "rotation_quaternion": {
          "w": 0.999936580657959,
          "x": 0.003817313816398382,
          "y": 0.009855067357420921,
          "z": -0.0039148409850895405
        },
        "scale": {
          "x": 1.0,
          "y": 1.0,
          "z": 1.0
        },
        "matrix_basis": [
          [
            0.9997751116752625,
            0.007904425263404846,
            0.01967899687588215,
            0.0
          ],
          [
            -0.007753945421427488,
            0.9999402165412903,
            -0.007711305283010006,
            0.0
          ],
          [
            -0.01973877288401127,
            0.007556981407105923,
            0.9997766017913818,
            0.0
          ],
          [
            0.0,
            0.0,
            0.0,
            1.0
          ]
        ],
        "rotation_mode": "QUATERNION"
      },
      "armature_space": {
        "head": {
          "x": 0.6134932041168213,
          "y": -0.32979118824005127,
          "z": 0.29763180017471313
        },
        "tail": {
          "x": 0.6235989332199097,
          "y": -0.331620991230011,
          "z": 0.24917417764663696
        }
      },
      "world_space": {
        "head": {
          "x": 0.6134932041168213,
          "y": -0.26654720306396484,
          "z": 1.247485876083374
        },
        "tail": {
          "x": 0.6235989332199097,
          "y": -0.26837700605392456,
          "z": 1.1990282535552979
        },
        "rotation_quaternion": {
          "w": 0.6916470527648926,
          "x": -0.6906720399856567,
          "y": 0.056165315210819244,
          "z": -0.20357292890548706
        },
        "matrix": [
          [
            0.9108063578605652,
            0.20401760935783386,
            0.3588988184928894,
            0.6134932041168213
          ],
          [
            -0.3591860234737396,
            -0.0369403138756752,
            0.9325346350669861,
            -0.26654720306396484
          ],
          [
            0.2035125195980072,
            -0.9782766103744507,
            0.03963603079319,
            1.247485876083374
          ],
          [
            0.0,
            0.0,
            0.0,
            1.0
          ]
        ]
      },
      "bone_length_armature_space": 0.04953398046953954,
      "parent": "lowerarm_l",
      "has_children": true,
      "is_end_bone": false
    },
    "thumb_01_l": {
      "name": "thumb_01_l",
      "local": {
        "location": {
          "x": 0.0,
          "y": 0.0,
          "z": 0.0
        },
        "rotation_quaternion": {
          "w": 0.9976831078529358,
          "x": -0.06188853830099106,
          "y": 0.021893901750445366,
          "z": -0.01786014251410961
        },
        "scale": {
          "x": 1.0,
          "y": 1.0,
          "z": 1.0
        },
        "matrix_basis": [
          [
            0.9984033703804016,
            0.032927561551332474,
            0.04589702934026718,
            0.0
          ],
          [
            -0.03834748640656471,
            0.9917016625404358,
            0.12270823866128922,
            0.0
          ],
          [
            -0.041475676000118256,
            -0.12427235394716263,
            0.9913809299468994,
            0.0
          ],
          [
            0.0,
            0.0,
            0.0,
            1.0
          ]
        ],
        "rotation_mode": "QUATERNION"
      },
      "armature_space": {
        "head": {
          "x": 0.6235989332199097,
          "y": -0.331620991230011,
          "z": 0.24917417764663696
        },
        "tail": {
          "x": 0.6292737126350403,
          "y": -0.3071895241737366,
          "z": 0.2261626422405243
        }
      },
      "world_space": {
        "head": {
          "x": 0.6235989332199097,
          "y": -0.26837700605392456,
          "z": 1.1990282535552979
        },
        "tail": {
          "x": 0.6292737126350403,
          "y": -0.24394552409648895,
          "z": 1.1760166883468628
        },
        "rotation_quaternion": {
          "w": 0.6297270059585571,
          "x": -0.1818440705537796,
          "y": 0.6799440383911133,
          "z": -0.3287140727043152
        },
        "matrix": [
          [
            -0.14075246453285217,
            0.16671618819236755,
            0.9759069681167603,
            0.6235989332199097
          ],
          [
            -0.6612882614135742,
            0.7177585959434509,
            -0.2179918885231018,
            -0.26837700605392456
          ],
          [
            -0.736814022064209,
            -0.6760426759719849,
            0.009221173822879791,
            1.1990282535552979
          ],
          [
            0.0,
            0.0,
            0.0,
            1.0
          ]
        ]
      },
      "bone_length_armature_space": 0.03403866099981122,
      "parent": "metacarpal_thumb_l",
      "has_children": true,
      "is_end_bone": false
    },
    "thumb_02_l": {
      "name": "thumb_02_l",
      "local": {
        "location": {
          "x": 0.0,
          "y": 0.0,
          "z": 0.0
        },
        "rotation_quaternion": {
          "w": 0.995648980140686,
          "x": 0.09235305339097977,
          "y": -0.0074419621378183365,
          "z": -0.009934536181390285
        },
        "scale": {
          "x": 1.0,
          "y": 1.0,
          "z": 1.0
        },
        "matrix_basis": [
          [
            0.9996918439865112,
            0.018408045172691345,
            -0.016654133796691895,
            0.0
          ],
          [
            -0.021157197654247284,
            0.9827444553375244,
            -0.1837545782327652,
            0.0
          ],
          [
            0.012984194792807102,
            0.1840503066778183,
            0.9828310608863831,
            0.0
          ],
          [
            0.0,
            0.0,
            0.0,
            1.0
          ]
        ],
        "rotation_mode": "QUATERNION"
      },
      "armature_space": {
        "head": {
          "x": 0.6292736530303955,
          "y": -0.3071894943714142,
          "z": 0.22616268694400787
        },
        "tail": {
          "x": 0.6532799601554871,
          "y": -0.32187020778656006,
          "z": 0.1975032389163971
        }
      },
      "world_space": {
        "head": {
          "x": 0.6292736530303955,
          "y": -0.24394549429416656,
          "z": 1.1760166883468628
        },
        "tail": {
          "x": 0.6532799601554871,
          "y": -0.25862622261047363,
          "z": 1.1473572254180908
        },
        "rotation_quaternion": {
          "w": 0.3075886368751526,
          "x": 0.09856629371643066,
          "y": 0.4718381464481354,
          "z": -0.8203918933868408
        },
        "matrix": [
          [
            -0.7913472056388855,
            0.5977014303207397,
            0.12854021787643433,
            0.6292736530303955
          ],
          [
            -0.4116741716861725,
            -0.3655158579349518,
            -0.8348188996315002,
            -0.24394549429416656
          ],
          [
            -0.45199263095855713,
            -0.7135533690452576,
            0.5353111028671265,
            1.1760166883468628
          ],
          [
            0.0,
            0.0,
            0.0,
            1.0
          ]
        ]
      },
      "bone_length_armature_space": 0.04016453719855659,
      "parent": "thumb_01_l",
      "has_children": true,
      "is_end_bone": false
    },
    "thumb_03_l": {
      "name": "thumb_03_l",
      "local": {
        "location": {
          "x": 0.0,
          "y": 0.0,
          "z": 0.0
        },
        "rotation_quaternion": {
          "w": 0.9987006187438965,
          "x": 0.050750959664583206,
          "y": -0.004457412287592888,
          "z": -0.0013103282544761896
        },
        "scale": {
          "x": 1.0,
          "y": 1.0,
          "z": 1.0
        },
        "matrix_basis": [
          [
            0.9999568462371826,
            0.0021648153197020292,
            -0.00903624203056097,
            0.0
          ],
          [
            -0.00306968716904521,
            0.9948452711105347,
            -0.10135834664106369,
            0.0
          ],
          [
            0.008770239539444447,
            0.10138171166181564,
            0.9948089718818665,
            0.0
          ],
          [
            0.0,
            0.0,
            0.0,
            1.0
          ]
        ],
        "rotation_mode": "QUATERNION"
      },
      "armature_space": {
        "head": {
          "x": 0.6532799005508423,
          "y": -0.32187017798423767,
          "z": 0.1975032240152359
        },
        "tail": {
          "x": 0.6743971705436707,
          "y": -0.33982402086257935,
          "z": 0.18490897119045258
        }
      },
      "world_space": {
        "head": {
          "x": 0.6532799005508423,
          "y": -0.25862616300582886,
          "z": 1.1473572254180908
        },
        "tail": {
          "x": 0.6743971705436707,
          "y": -0.2765800356864929,
          "z": 1.1347630023956299
        },
        "rotation_quaternion": {
          "w": 0.269042044878006,
          "x": 0.34472063183784485,
          "y": 0.3643603026866913,
          "z": -0.8222078084945679
        },
        "matrix": [
          [
            -0.6175684928894043,
            0.6936219930648804,
            -0.3708066940307617,
            0.6532799005508423
          ],
          [
            -0.19121374189853668,
            -0.5897161960601807,
            -0.7846478819847107,
            -0.25862616300582886
          ],
          [
            -0.7629252076148987,
            -0.41367363929748535,
            0.49682289361953735,
            1.1473572254180908
          ],
          [
            0.0,
            0.0,
            0.0,
            1.0
          ]
        ]
      },
      "bone_length_armature_space": 0.030444946642381423,
      "parent": "thumb_02_l",
      "has_children": false,
      "is_end_bone": true
    },
    "metacarpal_index_l": {
      "name": "metacarpal_index_l",
      "local": {
        "location": {
          "x": 0.0,
          "y": 0.0,
          "z": 0.0
        },
        "rotation_quaternion": {
          "w": 0.9999279379844666,
          "x": -0.008425578474998474,
          "y": -0.006831223610788584,
          "z": 0.005158389452844858
        },
        "scale": {
          "x": 1.0,
          "y": 1.0,
          "z": 1.0
        },
        "matrix_basis": [
          [
            0.9998534321784973,
            -0.010200921446084976,
            -0.013748387806117535,
            0.0
          ],
          [
            0.010431149043142796,
            0.9998047947883606,
            0.016779465600848198,
            0.0
          ],
          [
            0.013574537821114063,
            -0.0169204194098711,
            0.9997646808624268,
            0.0
          ],
          [
            0.0,
            0.0,
            0.0,
            1.0
          ]
        ],
        "rotation_mode": "QUATERNION"
      },
      "armature_space": {
        "head": {
          "x": 0.6134932041168213,
          "y": -0.32979118824005127,
          "z": 0.29763180017471313
        },
        "tail": {
          "x": 0.6620859503746033,
          "y": -0.3650383949279785,
          "z": 0.19700506329536438
        }
      },
      "world_space": {
        "head": {
          "x": 0.6134932041168213,
          "y": -0.26654720306396484,
          "z": 1.247485876083374
        },
        "tail": {
          "x": 0.6620859503746033,
          "y": -0.3017944097518921,
          "z": 1.146859049797058
        },
        "rotation_quaternion": {
          "w": 0.5502384305000305,
          "x": -0.8042013645172119,
          "y": -0.21640120446681976,
          "z": -0.06056775152683258
        },
        "matrix": [
          [
            0.8990035653114319,
            0.41471371054649353,
            -0.14072898030281067,
            0.6134932041168213
          ],
          [
            0.2814091742038727,
            -0.30081671476364136,
            0.9112180471420288,
            -0.26654720306396484
          ],
          [
            0.3355637788772583,
            -0.8587969541549683,
            -0.3871414363384247,
            1.247485876083374
          ],
          [
            0.0,
            0.0,
            0.0,
            1.0
          ]
        ]
      },
      "bone_length_armature_space": 0.11717235596476441,
      "parent": "lowerarm_l",
      "has_children": true,
      "is_end_bone": false
    },
    "index_01_l": {
      "name": "index_01_l",
      "local": {
        "location": {
          "x": 0.0,
          "y": 0.0,
          "z": 0.0
        },
        "rotation_quaternion": {
          "w": 0.9948635697364807,
          "x": -0.10071735084056854,
          "y": -0.003136164043098688,
          "z": 0.009631329216063023
        },
        "scale": {
          "x": 1.0,
          "y": 1.0,
          "z": 1.0
        },
        "matrix_basis": [
          [
            0.9997947812080383,
            -0.018531985580921173,
            -0.008180194534361362,
            0.0
          ],
          [
            0.019795449450612068,
            0.9795265197753906,
            0.20033963024616241,
            0.0
          ],
          [
            0.004300026688724756,
            -0.20046046376228333,
            0.9796923398971558,
            0.0
          ],
          [
            0.0,
            0.0,
            0.0,
            1.0
          ]
        ],
        "rotation_mode": "QUATERNION"
      },
      "armature_space": {
        "head": {
          "x": 0.6620859503746033,
          "y": -0.3650383949279785,
          "z": 0.19700506329536438
        },
        "tail": {
          "x": 0.6818650960922241,
          "y": -0.3787657916545868,
          "z": 0.18172705173492432
        }
      },
      "world_space": {
        "head": {
          "x": 0.6620859503746033,
          "y": -0.3017944097518921,
          "z": 1.146859049797058
        },
        "tail": {
          "x": 0.6818650960922241,
          "y": -0.315521776676178,
          "z": 1.1315810680389404
        },
        "rotation_quaternion": {
          "w": 0.4003710448741913,
          "x": -0.8345156908035278,
          "y": -0.3146316111087799,
          "z": -0.21046042442321777
        },
        "matrix": [
          [
            0.7134264707565308,
            0.6936546564102173,
            0.09932475537061691,
            0.6620859503746033
          ],
          [
            0.3566077947616577,
            -0.4814198911190033,
            0.8006659746170044,
            -0.3017944097518921
          ],
          [
            0.6032072901725769,
            -0.5358003973960876,
            -0.5908236503601074,
            1.146859049797058
          ],
          [
            0.0,
            0.0,
            0.0,
            1.0
          ]
        ]
      },
      "bone_length_armature_space": 0.028514446395855358,
      "parent": "metacarpal_index_l",
      "has_children": true,
      "is_end_bone": false
    },
    "index_02_l": {
      "name": "index_02_l",
      "local": {
        "location": {
          "x": 0.0,
          "y": 0.0,
          "z": 0.0
        },
        "rotation_quaternion": {
          "w": 0.999078631401062,
          "x": 0.04175150766968727,
          "y": 0.009931080974638462,
          "z": 0.0002200094168074429
        },
        "scale": {
          "x": 1.0,
          "y": 1.0,
          "z": 1.0
        },
        "matrix_basis": [
          [
            0.9998026490211487,
            0.00038966178544797003,
            0.019862232729792595,
            0.0
          ],
          [
            0.0012688885908573866,
            0.9965135455131531,
            -0.08342170715332031,
            0.0
          ],
          [
            -0.019825490191578865,
            0.0834304466843605,
            0.9963163733482361,
            0.0
          ],
          [
            0.0,
            0.0,
            0.0,
            1.0
          ]
        ],
        "rotation_mode": "QUATERNION"
      },
      "armature_space": {
        "head": {
          "x": 0.6818652153015137,
          "y": -0.3787657916545868,
          "z": 0.18172651529312134
        },
        "tail": {
          "x": 0.7002320885658264,
          "y": -0.38985735177993774,
          "z": 0.16766490042209625
        }
      },
      "world_space": {
        "head": {
          "x": 0.6818652153015137,
          "y": -0.315521776676178,
          "z": 1.1315805912017822
        },
        "tail": {
          "x": 0.7002320885658264,
          "y": -0.3266133666038513,
          "z": 1.1175189018249512
        },
        "rotation_quaternion": {
          "w": 0.40999922156333923,
          "x": -0.8249815106391907,
          "y": -0.3401738703250885,
          "z": -0.1886477917432785
        },
        "matrix": [
          [
            0.6973870992660522,
            0.7159652709960938,
            0.032318104058504105,
            0.6818652153015137
          ],
          [
            0.40658578276634216,
            -0.4323645234107971,
            0.8048286437988281,
            -0.315521776676178
          ],
          [
            0.5902072191238403,
            -0.5481411218643188,
            -0.5926300883293152,
            1.1315805912017822
          ],
          [
            0.0,
            0.0,
            0.0,
            1.0
          ]
        ]
      },
      "bone_length_armature_space": 0.025653337948806976,
      "parent": "index_01_l",
      "has_children": true,
      "is_end_bone": false
    },
    "index_03_l": {
      "name": "index_03_l",
      "local": {
        "location": {
          "x": 0.0,
          "y": 0.0,
          "z": 0.0
        },
        "rotation_quaternion": {
          "w": 0.999415397644043,
          "x": 0.033360883593559265,
          "y": -0.004762555472552776,
          "z": -0.005774841643869877
        },
        "scale": {
          "x": 1.0,
          "y": 1.0,
          "z": 1.0
        },
        "matrix_basis": [
          [
            0.9998879432678223,
            0.011225164867937565,
            -0.009904850274324417,
            0.0
          ],
          [
            -0.011860697530210018,
            0.9977074265480042,
            -0.06662775576114655,
            0.0
          ],
          [
            0.009134234860539436,
            0.06673777103424072,
            0.9977287650108337,
            0.0
          ],
          [
            0.0,
            0.0,
            0.0,
            1.0
          ]
        ],
        "rotation_mode": "QUATERNION"
      },
      "armature_space": {
        "head": {
          "x": 0.7002320289611816,
          "y": -0.3898574709892273,
          "z": 0.16766498982906342
        },
        "tail": {
          "x": 0.7230926156044006,
          "y": -0.39740288257598877,
          "z": 0.1511061191558838
        }
      },
      "world_space": {
        "head": {
          "x": 0.7002320289611816,
          "y": -0.32661348581314087,
          "z": 1.1175190210342407
        },
        "tail": {
          "x": 0.7230926156044006,
          "y": -0.33415889739990234,
          "z": 1.1009601354599
        },
        "rotation_quaternion": {
          "w": 0.4732860326766968,
          "x": -0.7658441066741943,
          "y": -0.3832501173019409,
          "z": -0.20640341937541962
        },
        "matrix": [
          [
            0.6210331916809082,
            0.7823956608772278,
            -0.046629875898361206,
            0.7002320289611816
          ],
          [
            0.39164701104164124,
            -0.25823909044265747,
            0.8831338286399841,
            -0.32661348581314087
          ],
          [
            0.6789237260818481,
            -0.5667219758033752,
            -0.46680036187171936,
            1.1175190210342407
          ],
          [
            0.0,
            0.0,
            0.0,
            1.0
          ]
        ]
      },
      "bone_length_armature_space": 0.029218758869875013,
      "parent": "index_02_l",
      "has_children": false,
      "is_end_bone": true
    },
    "metacarpal_pinky_l": {
      "name": "metacarpal_pinky_l",
      "local": {
        "location": {
          "x": 0.0,
          "y": 0.0,
          "z": 0.0
        },
        "rotation_quaternion": {
          "w": 0.9999005794525146,
          "x": -0.011179116554558277,
          "y": 0.00771693279966712,
          "z": -0.0038086147978901863
        },
        "scale": {
          "x": 1.0,
          "y": 1.0,
          "z": 1.0
        },
        "matrix_basis": [
          [
            0.9998518824577332,
            0.007443935144692659,
            0.015517485328018665,
            0.0
          ],
          [
            -0.007789009250700474,
            0.9997210502624512,
            0.022297227755188942,
            0.0
          ],
          [
            -0.015347177162766457,
            -0.022414792329072952,
            0.9996309280395508,
            0.0
          ],
          [
            0.0,
            0.0,
            0.0,
            1.0
          ]
        ],
        "rotation_mode": "QUATERNION"
      },
      "armature_space": {
        "head": {
          "x": 0.6134932041168213,
          "y": -0.32979118824005127,
          "z": 0.29763180017471313
        },
        "tail": {
          "x": 0.6973933577537537,
          "y": -0.3740621507167816,
          "z": 0.25468897819519043
        }
      },
      "world_space": {
        "head": {
          "x": 0.6134932041168213,
          "y": -0.26654720306396484,
          "z": 1.247485876083374
        },
        "tail": {
          "x": 0.6973933577537537,
          "y": -0.3108181357383728,
          "z": 1.2045429944992065
        },
        "rotation_quaternion": {
          "w": 0.19252857565879822,
          "x": 0.5631910562515259,
          "y": 0.5003568530082703,
          "z": -0.6288018226623535
        },
        "matrix": [
          [
            -0.2914988398551941,
            0.8057191967964172,
            -0.5156012177467346,
            0.6134932041168213
          ],
          [
            0.32146701216697693,
            -0.42514780163764954,
            -0.8461136817932129,
            -0.26654720306396484
          ],
          [
            -0.9009429216384888,
            -0.4123933017253876,
            -0.13508394360542297,
            1.247485876083374
          ],
          [
            0.0,
            0.0,
            0.0,
            1.0
          ]
        ]
      },
      "bone_length_armature_space": 0.10413087898153324,
      "parent": "lowerarm_l",
      "has_children": true,
      "is_end_bone": false
    },
    "pinky_01_l": {
      "name": "pinky_01_l",
      "local": {
        "location": {
          "x": 0.0,
          "y": 0.0,
          "z": 0.0
        },
        "rotation_quaternion": {
          "w": 0.9950730800628662,
          "x": -0.09769202023744583,
          "y": 0.014149376191198826,
          "z": -0.009257614612579346
        },
        "scale": {
          "x": 1.0,
          "y": 1.0,
          "z": 1.0
        },
        "matrix_basis": [
          [
            0.9994282126426697,
            0.01565944403409958,
            0.02996811643242836,
            0.0
          ],
          [
            -0.02118856832385063,
            0.9807411432266235,
            0.19415941834449768,
            0.0
          ],
          [
            -0.026350537315011024,
            -0.19468337297439575,
            0.9805121421813965,
            0.0
          ],
          [
            0.0,
            0.0,
            0.0,
            1.0
          ]
        ],
        "rotation_mode": "QUATERNION"
      },
      "armature_space": {
        "head": {
          "x": 0.6973933577537537,
          "y": -0.3740621507167816,
          "z": 0.25468897819519043
        },
        "tail": {
