{
  "metadata": {
    "armature_name": "KIM_caucasian_male",
    "export_time": "2026-01-13T21:16:24.169384",
    "blender_version": "4.4.1",
    "bone_count": 56,
    "end_bone_count": 13,
    "spaces_included": [
      "LOCAL_CHANNELS",
      "ARMATURE_SPACE",
      "WORLD_SPACE"
    ],
    "note": "LOCAL matches Transform panel; replay pose via local.matrix_basis for best fidelity."
  },
  "bones": {
    "Root": {
      "name": "Root",
      "local": {
        "location": {
          "x": 0.0,
          "y": 0.0,
          "z": 0.0
        },
        "rotation_quaternion": {
          "w": 0.9997753500938416,
          "x": 0.0030404841527342796,
          "y": 0.018282126635313034,
          "z": 0.010282661765813828
        },
        "scale": {
          "x": 1.0,
          "y": 1.0,
          "z": 1.0
        },
        "matrix_basis": [
          [
            0.9991200566291809,
            -0.020449530333280563,
            0.03661856800317764,
            0.0
          ],
          [
            0.020671876147389412,
            0.9997700452804565,
            -0.005703624337911606,
            0.0
          ],
          [
            -0.036493510007858276,
            0.006455580238252878,
            0.9993130564689636,
            0.0
          ],
          [
            0.0,
            0.0,
            0.0,
            1.0
          ]
        ],
        "rotation_mode": "QUATERNION"
      },
      "armature_space": {
        "head": {
          "x": 0.0,
          "y": 0.07072800397872925,
          "z": -0.009595036506652832
        },
        "tail": {
          "x": -0.001459602965041995,
          "y": -4.567950963973999e-05,
          "z": -0.00045880023390054703
        }
      },
      "world_space": {
        "head": {
          "x": 0.0,
          "y": 0.13397200405597687,
          "z": 0.9402589797973633
        },
        "tail": {
          "x": -0.001459602965041995,
          "y": 0.06319832056760788,
          "z": 0.9493952393531799
        },
        "rotation_quaternion": {
          "w": 0.06431894749403,
          "x": 0.9977090358734131,
          "y": -0.009027673862874508,
          "z": 0.018933316692709923
        },
        "matrix": [
          [
            0.9991200566291809,
            -0.020449530333280563,
            0.03661856800317764,
            0.0
          ],
          [
            -0.015578429214656353,
            -0.9915631413459778,
            -0.12868550419807434,
            0.13397200405597687
          ],
          [
            0.038941435515880585,
            0.12800174951553345,
            -0.9910162687301636,
            0.9402589797973633
          ],
          [
            0.0,
            0.0,
            0.0,
            1.0
          ]
        ]
      },
      "bone_length_armature_space": 0.07137587333816733,
      "parent": null,
      "has_children": true,
      "is_end_bone": false
    },
    "spine_01": {
      "name": "spine_01",
      "local": {
        "location": {
          "x": 0.0,
          "y": 0.0,
          "z": 0.0
        },
        "rotation_quaternion": {
          "w": 0.9979395270347595,
          "x": -0.02320306934416294,
          "y": 0.05392300337553024,
          "z": 0.02589871734380722
        },
        "scale": {
          "x": 1.0,
          "y": 1.0,
          "z": 1.0
        },
        "matrix_basis": [
          [
            0.9928431510925293,
            -0.05419306457042694,
            0.10642193257808685,
            0.0
          ],
          [
            0.04918834939599037,
            0.9975817203521729,
            0.049103591591119766,
            0.0
          ],
          [
            -0.10882565379142761,
            -0.043517448008060455,
            0.9931078553199768,
            0.0
          ],
          [
            0.0,
            0.0,
            0.0,
            1.0
          ]
        ],
        "rotation_mode": "QUATERNION"
      },
      "armature_space": {
        "head": {
          "x": -0.001459602965041995,
          "y": -4.567950963973999e-05,
          "z": -0.00045880023390054703
        },
        "tail": {
          "x": -0.04615176469087601,
          "y": 0.04152262210845947,
          "z": 0.48371392488479614
        }
      },
      "world_space": {
        "head": {
          "x": -0.001459602965041995,
          "y": 0.06319832056760788,
          "z": 0.9493952393531799
        },
        "tail": {
          "x": -0.04615176469087601,
          "y": 0.10476662218570709,
          "z": 1.433568000793457
        },
        "rotation_quaternion": {
          "w": 0.7366059422492981,
          "x": 0.6733410954475403,
          "y": 0.0013686335878446698,
          "z": 0.06341598182916641
        },
        "matrix": [
          [
            0.9919530153274536,
            -0.09158206731081009,
            0.08741804957389832,
            -0.001459602965041995
          ],
          [
            0.09526892751455307,
            0.08518072962760925,
            -0.9918004870414734,
            0.06319832056760788
          ],
          [
            0.08338547497987747,
            0.9921547174453735,
            0.09321993589401245,
            0.9493952393531799
          ],
          [
            0.0,
            0.0,
            0.0,
            1.0
          ]
        ]
      },
      "bone_length_armature_space": 0.4880046599927602,
      "parent": "Root",
      "has_children": true,
      "is_end_bone": false
    },
    "neck_01": {
      "name": "neck_01",
      "local": {
        "location": {
          "x": 0.0,
          "y": 0.0,
          "z": 0.0
        },
        "rotation_quaternion": {
          "w": 0.9974184632301331,
          "x": -0.06271679699420929,
          "y": -0.018661433830857277,
          "z": 0.029576728120446205
        },
        "scale": {
          "x": 1.0,
          "y": 1.0,
          "z": 1.0
        },
        "matrix_basis": [
          [
            0.9975539445877075,
            -0.05665997788310051,
            -0.0409364327788353,
            0.0
          ],
          [
            0.06134152039885521,
            0.9903836250305176,
            0.12400589138269424,
            0.0
          ],
          [
            0.03351660072803497,
            -0.1262136697769165,
            0.9914367198944092,
            0.0
          ],
          [
            0.0,
            0.0,
            0.0,
            1.0
          ]
        ],
        "rotation_mode": "QUATERNION"
      },
      "armature_space": {
        "head": {
          "x": -0.04982556402683258,
          "y": 0.013363346457481384,
          "z": 0.5595908761024475
        },
        "tail": {
          "x": -0.06229265779256821,
          "y": -0.005144942551851273,
          "z": 0.6596547365188599
        }
      },
      "world_space": {
        "head": {
          "x": -0.04982556402683258,
          "y": 0.076607346534729,
          "z": 1.5094449520111084
        },
        "tail": {
          "x": -0.06229265779256821,
          "y": 0.05809905752539635,
          "z": 1.609508752822876
        },
        "rotation_quaternion": {
          "w": 0.6395935416221619,
          "x": 0.7655800580978394,
          "y": -0.025581609457731247,
          "z": 0.06444349884986877
        },
        "matrix": [
          [
            0.9903852939605713,
            -0.12160488218069077,
            0.06594885885715485,
            -0.04982556402683258
          ],
          [
            0.043265022337436676,
            -0.1805310994386673,
            -0.9826174378395081,
            0.076607346534729
          ],
          [
            0.13139782845973969,
            0.9760295748710632,
            -0.1735363006591797,
            1.5094449520111084
          ],
          [
            0.0,
            0.0,
            0.0,
            1.0
          ]
        ]
      },
      "bone_length_armature_space": 0.10252200634768015,
      "parent": "spine_01",
      "has_children": true,
      "is_end_bone": false
    },
    "head": {
      "name": "head",
      "local": {
        "location": {
          "x": 0.0,
          "y": 0.0,
          "z": 0.0
        },
        "rotation_quaternion": {
          "w": 0.9627217054367065,
          "x": -0.15175095200538635,
          "y": 0.033915963023900986,
          "z": -0.22133326530456543
        },
        "scale": {
          "x": 1.0,
          "y": 1.0,
          "z": 1.0
        },
        "matrix_basis": [
          [
            0.8997225761413574,
            0.41587111353874207,
            0.13247834146022797,
            0.0
          ],
          [
            -0.4364582300186157,
            0.8559664487838745,
            0.2771744132041931,
            0.0
          ],
          [
            0.0018717999337241054,
            -0.3072013258934021,
            0.9516426920890808,
            0.0
          ],
          [
            0.0,
            0.0,
            0.0,
            1.0
          ]
        ],
        "rotation_mode": "QUATERNION"
      },
      "armature_space": {
        "head": {
          "x": -0.062292639166116714,
          "y": -0.005145082250237465,
          "z": 0.6596546769142151
        },
        "tail": {
          "x": -0.017409931868314743,
          "y": 0.06903432309627533,
          "z": 0.7882477641105652
        }
      },
      "world_space": {
        "head": {
          "x": -0.062292639166116714,
          "y": 0.058098919689655304,
          "z": 1.609508752822876
        },
        "tail": {
          "x": -0.017409931868314743,
          "y": 0.13227832317352295,
          "z": 1.7381017208099365
        },
        "rotation_quaternion": {
          "w": 0.8511912226676941,
          "x": 0.5010867118835449,
          "y": 0.12092366069555283,
          "z": -0.09880905598402023
        },
        "matrix": [
          [
            0.951228678226471,
            0.2893974184989929,
            0.10683322697877884,
            -0.062292639166116714
          ],
          [
            -0.04702572897076607,
            0.4782984256744385,
            -0.8769376277923584,
            0.058098919689655304
          ],
          [
            -0.30488377809524536,
            0.829150378704071,
            0.4685826301574707,
            1.609508752822876
          ],
          [
            0.0,
            0.0,
            0.0,
            1.0
          ]
        ]
      },
      "bone_length_armature_space": 0.1550910158528847,
      "parent": "neck_01",
      "has_children": false,
      "is_end_bone": true
    },
    "upperarm_l": {
      "name": "upperarm_l",
      "local": {
        "location": {
          "x": 0.0,
          "y": 0.0,
          "z": 0.0
        },
        "rotation_quaternion": {
          "w": 0.9777160882949829,
          "x": 0.013082197867333889,
          "y": 0.2049029916524887,
          "z": -0.043761786073446274
        },
        "scale": {
          "x": 1.0,
          "y": 1.0,
          "z": 1.0
        },
        "matrix_basis": [
          [
            0.9121993184089661,
            0.09093436598777771,
            0.3995288908481598,
            0.0
          ],
          [
            -0.08021204173564911,
            0.9958274960517883,
            -0.043515194207429886,
            0.0
          ],
          [
            -0.4018189013004303,
            0.007647508755326271,
            0.9156872630119324,
            0.0
          ],
          [
            0.0,
            0.0,
            0.0,
            1.0
          ]
        ],
        "rotation_mode": "QUATERNION"
      },
      "armature_space": {
        "head": {
          "x": 0.10540119558572769,
          "y": 0.018765900284051895,
          "z": 0.5057154893875122
        },
        "tail": {
          "x": 0.3713498115539551,
          "y": 0.05044914782047272,
          "z": 0.49704837799072266
        }
      },
      "world_space": {
        "head": {
          "x": 0.10540119558572769,
          "y": 0.08200989663600922,
          "z": 1.4555695056915283
        },
        "tail": {
          "x": 0.3713498115539551,
          "y": 0.11369314789772034,
          "z": 1.4469023942947388
        },
        "rotation_quaternion": {
          "w": 0.42240625619888306,
          "x": 0.5353842377662659,
          "y": 0.6170019507408142,
          "z": -0.3927406370639801
        },
        "matrix": [
          [
            -0.06987182050943375,
            0.9924588203430176,
            0.10071465373039246,
            0.10540119558572769
          ],
          [
            0.3288741409778595,
            0.1182345598936081,
            -0.9369432926177979,
            0.08200989663600922
          ],
          [
            -0.9417916536331177,
            -0.03234364837408066,
            -0.3346584439277649,
            1.4555695056915283
          ],
          [
            0.0,
            0.0,
            0.0,
            1.0
          ]
        ]
      },
      "bone_length_armature_space": 0.26796942742200575,
      "parent": "spine_01",
      "has_children": true,
      "is_end_bone": false
    },
    "lowerarm_l": {
      "name": "lowerarm_l",
      "local": {
        "location": {
          "x": 0.0,
          "y": 0.0,
          "z": 0.0
        },
        "rotation_quaternion": {
          "w": 0.9085538387298584,
          "x": 0.37772971391677856,
          "y": 0.15931349992752075,
          "z": -0.08043400943279266
        },
        "scale": {
          "x": 1.0,
          "y": 1.0,
          "z": 1.0
        },
        "matrix_basis": [
          [
            0.9362991452217102,
            0.2665121555328369,
            0.2287251502275467,
            0.0
          ],
          [
            -0.0258023701608181,
            0.701701283454895,
            -0.7120040059089661,
            0.0
          ],
          [
            -0.3502544164657593,
            0.6607471108436584,
            0.6638789176940918,
            0.0
          ],
          [
            0.0,
            0.0,
            0.0,
            1.0
          ]
        ],
        "rotation_mode": "QUATERNION"
      },
      "armature_space": {
        "head": {
          "x": 0.37134993076324463,
          "y": 0.05044906958937645,
          "z": 0.4970484972000122
        },
        "tail": {
          "x": 0.5563509464263916,
          "y": -0.11155357956886292,
          "z": 0.3916952610015869
        }
      },
      "world_space": {
        "head": {
          "x": 0.37134993076324463,
          "y": 0.11369307339191437,
          "z": 1.4469025135040283
        },
        "tail": {
          "x": 0.5563509464263916,
          "y": -0.048309579491615295,
          "z": 1.341549277305603
        },
        "rotation_quaternion": {
          "w": 0.07252202928066254,
          "x": 0.6957271695137024,
          "y": 0.4381306767463684,
          "z": -0.5645759105682373
        },
        "matrix": [
          [
            -0.02141040936112404,
            0.691529393196106,
            -0.7220308184623718,
            0.37134993076324463
          ],
          [
            0.5277501344680786,
            -0.6055619716644287,
            -0.5956299304962158,
            0.11369307339191437
          ],
          [
            -0.8491352200508118,
            -0.39380788803100586,
            -0.3519923686981201,
            1.4469025135040283
          ],
          [
            0.0,
            0.0,
            0.0,
            1.0
          ]
        ]
      },
      "bone_length_armature_space": 0.2675248374922385,
      "parent": "upperarm_l",
      "has_children": true,
      "is_end_bone": false
    },
    "metacarpal_thumb_l": {
      "name": "metacarpal_thumb_l",
      "local": {
        "location": {
          "x": 0.0,
          "y": 0.0,
          "z": 0.0
        },
        "rotation_quaternion": {
          "w": 0.9999488592147827,
          "x": -0.007100468501448631,
          "y": -0.006740742828696966,
          "z": -0.002547509502619505
        },
        "scale": {
          "x": 1.0,
          "y": 1.0,
          "z": 1.0
        },
        "matrix_basis": [
          [
            0.9998961687088013,
            0.005190483294427395,
            -0.013444619253277779,
            0.0
          ],
          [
            -0.0049990336410701275,
            0.9998862147331238,
            0.014234554953873158,
            0.0
          ],
          [
            0.01351697277277708,
            -0.014165866188704967,
            0.9998083114624023,
            0.0
          ],
          [
            0.0,
            0.0,
            0.0,
            1.0
          ]
        ],
        "rotation_mode": "QUATERNION"
      },
      "armature_space": {
        "head": {
          "x": 0.5563509464263916,
          "y": -0.11155357956886292,
          "z": 0.3916952610015869
        },
        "tail": {
          "x": 0.562454342842102,
          "y": -0.14818841218948364,
          "z": 0.3589196801185608
        }
      },
      "world_space": {
        "head": {
          "x": 0.5563509464263916,
          "y": -0.048309579491615295,
          "z": 1.341549277305603
        },
        "tail": {
          "x": 0.562454342842102,
          "y": -0.08494441211223602,
          "z": 1.3087737560272217
        },
        "rotation_quaternion": {
          "w": 0.3518528938293457,
          "x": -0.9319016933441162,
          "y": -0.08001548051834106,
          "z": 0.03682882338762283
        },
        "matrix": [
          [
            0.9844821691513062,
            0.12321657687425613,
            -0.12494932860136032,
            0.5563509464263916
          ],
          [
            0.1750500649213791,
            -0.7395945191383362,
            0.6498904824256897,
            -0.048309579491615295
          ],
          [
            -0.012334478087723255,
            -0.661683201789856,
            -0.7496912479400635,
            1.341549277305603
          ],
          [
            0.0,
            0.0,
            0.0,
            1.0
          ]
        ]
      },
      "bone_length_armature_space": 0.049533837384152624,
      "parent": "lowerarm_l",
      "has_children": true,
      "is_end_bone": false
    },
    "thumb_01_l": {
      "name": "thumb_01_l",
      "local": {
        "location": {
          "x": 0.0,
          "y": 0.0,
          "z": 0.0
        },
        "rotation_quaternion": {
          "w": 0.9998113512992859,
          "x": -0.0030643842183053493,
          "y": -0.012956710532307625,
          "z": -0.01413913443684578
        },
        "scale": {
          "x": 1.0,
          "y": 1.0,
          "z": 1.0
        },
        "matrix_basis": [
          [
            0.9992644190788269,
            0.028352342545986176,
            -0.025821877643465996,
            0.0
          ],
          [
            -0.028193525969982147,
            0.9995813965797424,
            0.006494005676358938,
            0.0
          ],
          [
            0.02599518746137619,
            -0.005761218722909689,
            0.999645471572876,
            0.0
          ],
          [
            0.0,
            0.0,
            0.0,
            1.0
          ]
        ],
        "rotation_mode": "QUATERNION"
      },
      "armature_space": {
        "head": {
          "x": 0.562454342842102,
          "y": -0.14818841218948364,
          "z": 0.3589196801185608
        },
        "tail": {
          "x": 0.5579888820648193,
          "y": -0.15011276304721832,
          "z": 0.3252299726009369
        }
      },
      "world_space": {
        "head": {
          "x": 0.562454342842102,
          "y": -0.08494441211223602,
          "z": 1.3087737560272217
        },
        "tail": {
          "x": 0.5579888820648193,
          "y": -0.0868687629699707,
          "z": 1.2750840187072754
        },
        "rotation_quaternion": {
          "w": 0.500924289226532,
          "x": -0.5908352732658386,
          "y": 0.46990156173706055,
          "z": -0.42329785227775574
        },
        "matrix": [
          [
            0.200021892786026,
            -0.1311882883310318,
            0.970969021320343,
            0.562454342842102
          ],
          [
            -0.9793494343757629,
            -0.05653443932533264,
            0.19410982728004456,
            -0.08494441211223602
          ],
          [
            0.02942758798599243,
            -0.9897511005401611,
            -0.13978815078735352,
            1.3087737560272217
          ],
          [
            0.0,
            0.0,
            0.0,
            1.0
          ]
        ]
      },
      "bone_length_armature_space": 0.03403879970359467,
      "parent": "metacarpal_thumb_l",
      "has_children": true,
      "is_end_bone": false
    },
    "thumb_02_l": {
      "name": "thumb_02_l",
      "local": {
        "location": {
          "x": 0.0,
          "y": 0.0,
          "z": 0.0
        },
        "rotation_quaternion": {
          "w": 0.9978029131889343,
          "x": 0.06471452862024307,
          "y": -0.011321935802698135,
          "z": -0.008556581102311611
        },
        "scale": {
          "x": 1.0,
          "y": 1.0,
          "z": 1.0
        },
        "matrix_basis": [
          [
            0.9995971918106079,
            0.01561017520725727,
            -0.023701591417193413,
            0.0
          ],
          [
            -0.01854095049202442,
            0.9914776086807251,
            -0.12895093858242035,
            0.0
          ],
          [
            0.02148665115237236,
            0.12933844327926636,
            0.9913676977157593,
            0.0
          ],
          [
            0.0,
            0.0,
            0.0,
            1.0
          ]
        ],
        "rotation_mode": "QUATERNION"
      },
      "armature_space": {
        "head": {
          "x": 0.5579888224601746,
          "y": -0.15011274814605713,
          "z": 0.3252299726009369
        },
        "tail": {
          "x": 0.5864127278327942,
          "y": -0.17239165306091309,
          "z": 0.30765390396118164
        }
      },
      "world_space": {
        "head": {
          "x": 0.5579888224601746,
          "y": -0.08686874806880951,
          "z": 1.2750840187072754
        },
        "tail": {
          "x": 0.5864127278327942,
          "y": -0.10914765298366547,
          "z": 1.2575079202651978
        },
        "rotation_quaternion": {
          "w": 0.4500501751899719,
          "x": -0.21690398454666138,
          "y": 0.14180436730384827,
          "z": -0.8545753955841064
        },
        "matrix": [
          [
            -0.5008140206336975,
            0.7076883316040039,
            0.49835991859436035,
            0.5579888224601746
          ],
          [
            -0.8307195901870728,
            -0.5546926856040955,
            -0.04712784290313721,
            -0.08686874806880951
          ],
          [
            0.24308569729328156,
            -0.43760305643081665,
            0.8656944036483765,
            1.2750840187072754
          ],
          [
            0.0,
            0.0,
            0.0,
            1.0
          ]
        ]
      },
      "bone_length_armature_space": 0.04016448864931501,
      "parent": "thumb_01_l",
      "has_children": true,
      "is_end_bone": false
    },
    "thumb_03_l": {
      "name": "thumb_03_l",
      "local": {
        "location": {
          "x": 0.0,
          "y": 0.0,
          "z": 0.0
        },
        "rotation_quaternion": {
          "w": 0.9982675313949585,
          "x": 0.05877942219376564,
          "y": 0.0024302578531205654,
          "z": 0.0009971875697374344
        },
        "scale": {
          "x": 1.0,
          "y": 1.0,
          "z": 1.0
        },
        "matrix_basis": [
          [
            0.9999861717224121,
            -0.0017052215989679098,
            0.004969323053956032,
            0.0
          ],
          [
            0.002276618266478181,
            0.9930879473686218,
            -0.11735033243894577,
            0.0
          ],
          [
            -0.004734866786748171,
            0.11736002564430237,
            0.9930781722068787,
            0.0
          ],
          [
            0.0,
            0.0,
            0.0,
            1.0
          ]
        ],
        "rotation_mode": "QUATERNION"
      },
      "armature_space": {
        "head": {
          "x": 0.5864126086235046,
          "y": -0.17239166796207428,
          "z": 0.30765387415885925
        },
        "tail": {
          "x": 0.6136916279792786,
          "y": -0.18552063405513763,
          "z": 0.30443257093429565
        }
      },
      "world_space": {
        "head": {
          "x": 0.5864126086235046,
          "y": -0.10914766788482666,
          "z": 1.2575079202651978
        },
        "tail": {
          "x": 0.6136916279792786,
          "y": -0.12227663397789001,
          "z": 1.254286527633667
        },
        "rotation_quaternion": {
          "w": 0.5249303579330444,
          "x": 0.05037734657526016,
          "y": 0.09396478533744812,
          "z": -0.8444411158561707
        },
        "matrix": [
          [
            -0.4438202381134033,
            0.8960131406784058,
            0.013569727540016174,
            0.5864126086235046
          ],
          [
            -0.8770784735679626,
            -0.43123722076416016,
            -0.21158424019813538,
            -0.10914766788482666
          ],
          [
            -0.1837325096130371,
            -0.1058080717921257,
            0.9772723317146301,
            1.2575079202651978
          ],
          [
            0.0,
            0.0,
            0.0,
            1.0
          ]
        ]
      },
      "bone_length_armature_space": 0.030444891884351885,
      "parent": "thumb_02_l",
      "has_children": false,
      "is_end_bone": true
    },
    "metacarpal_index_l": {
      "name": "metacarpal_index_l",
      "local": {
        "location": {
          "x": 0.0,
          "y": 0.0,
          "z": 0.0
        },
        "rotation_quaternion": {
          "w": 0.9975965023040771,
          "x": -0.06884904950857162,
          "y": 0.007814639247953892,
          "z": -0.00012149102985858917
        },
        "scale": {
          "x": 1.0,
          "y": 1.0,
          "z": 1.0
        },
        "matrix_basis": [
          [
            0.9998778104782104,
            -0.0008336629252880812,
            0.015608442947268486,
            0.0
          ],
          [
            -0.0013184590497985482,
            0.9905195832252502,
            0.13736523687839508,
            0.0
          ],
          [
            -0.01557498425245285,
            -0.1373690366744995,
            0.9903974533081055,
            0.0
          ],
          [
            0.0,
            0.0,
            0.0,
            1.0
          ]
        ],
        "rotation_mode": "QUATERNION"
      },
      "armature_space": {
        "head": {
          "x": 0.5563509464263916,
          "y": -0.11155357956886292,
          "z": 0.3916952610015869
        },
        "tail": {
          "x": 0.6159365177154541,
          "y": -0.20023968815803528,
          "z": 0.34359538555145264
        }
      },
      "world_space": {
        "head": {
          "x": 0.5563509464263916,
          "y": -0.048309579491615295,
          "z": 1.341549277305603
        },
        "tail": {
          "x": 0.6159365177154541,
          "y": -0.13699568808078766,
          "z": 1.2934494018554688
        },
        "rotation_quaternion": {
          "w": 0.1515018790960312,
          "x": -0.912656307220459,
          "y": -0.3140100836753845,
          "z": 0.2133154422044754
        },
        "matrix": [
          [
            0.7117877006530762,
            0.5085316896438599,
            -0.48451370000839233,
            0.5563509464263916
          ],
          [
            0.637802243232727,
            -0.7568899989128113,
            0.14257042109966278,
            -0.048309579491615295
          ],
          [
            -0.2942233383655548,
            -0.4105074405670166,
            -0.863093376159668,
            1.341549277305603
          ],
          [
            0.0,
            0.0,
            0.0,
            1.0
          ]
        ]
      },
      "bone_length_armature_space": 0.11717194314852436,
      "parent": "lowerarm_l",
      "has_children": true,
      "is_end_bone": false
    },
    "index_01_l": {
      "name": "index_01_l",
      "local": {
        "location": {
          "x": 0.0,
          "y": 0.0,
          "z": 0.0
        },
        "rotation_quaternion": {
          "w": 0.9908469915390015,
          "x": -0.13488148152828217,
          "y": -0.0009461765876039863,
          "z": 0.00534013519063592
        },
        "scale": {
          "x": 1.0,
          "y": 1.0,
          "z": 1.0
        },
        "matrix_basis": [
          [
            0.9999411702156067,
            -0.01032727025449276,
            -0.0033156031277030706,
            0.0
          ],
          [
            0.010837757028639317,
            0.9635569453239441,
            0.26728370785713196,
            0.0
          ],
          [
            0.0004344617482274771,
            -0.2673039138317108,
            0.9636121988296509,
            0.0
          ],
          [
            0.0,
            0.0,
            0.0,
            1.0
          ]
        ],
        "rotation_mode": "QUATERNION"
      },
      "armature_space": {
        "head": {
          "x": 0.6159365177154541,
          "y": -0.20023968815803528,
          "z": 0.34359538555145264
        },
        "tail": {
          "x": 0.6401626467704773,
          "y": -0.21496666967868805,
          "z": 0.3405489921569824
        }
      },
      "world_space": {
        "head": {
          "x": 0.6159365177154541,
          "y": -0.13699568808078766,
          "z": 1.2934494018554688
        },
        "tail": {
          "x": 0.6401626467704773,
          "y": -0.15172266960144043,
          "z": 1.2904030084609985
        },
        "rotation_quaternion": {
          "w": 0.0149661460891366,
          "x": -0.8668712377548218,
          "y": -0.49146538972854614,
          "z": 0.08229362964630127
        },
        "matrix": [
          [
            0.5033789873123169,
            0.8496110439300537,
            -0.1573866903781891,
            0.6159365177154541
          ],
          [
            0.8545376062393188,
            -0.5164757966995239,
            -0.05494263768196106,
            -0.13699568808078766
          ],
          [
            -0.1279662549495697,
            -0.10683715343475342,
            -0.9860144257545471,
            1.2934494018554688
          ],
          [
            0.0,
            0.0,
            0.0,
            1.0
          ]
        ]
      },
      "bone_length_armature_space": 0.028514379541913912,
      "parent": "metacarpal_index_l",
      "has_children": true,
      "is_end_bone": false
    },
    "index_02_l": {
      "name": "index_02_l",
      "local": {
        "location": {
          "x": 0.0,
          "y": 0.0,
          "z": 0.0
        },
        "rotation_quaternion": {
          "w": 0.9978805780410767,
          "x": 0.06473078578710556,
          "y": 0.004474231507629156,
          "z": -0.004923674743622541
        },
        "scale": {
          "x": 1.0,
          "y": 1.0,
          "z": 1.0
        },
        "matrix_basis": [
          [
            0.9999114871025085,
            0.010405720211565495,
            0.008292070589959621,
            0.0
          ],
          [
            -0.00924723781645298,
            0.9915713667869568,
            -0.12923124432563782,
            0.0
          ],
          [
            -0.009566924534738064,
            0.1291431337594986,
            0.9915798306465149,
            0.0
          ],
          [
            0.0,
            0.0,
            0.0,
            1.0
          ]
        ],
        "rotation_mode": "QUATERNION"
      },
      "armature_space": {
        "head": {
          "x": 0.6401627659797668,
          "y": -0.21496708691120148,
          "z": 0.34054869413375854
        },
        "tail": {
          "x": 0.6618869304656982,
          "y": -0.22756335139274597,
          "z": 0.3353060483932495
        }
      },
      "world_space": {
        "head": {
          "x": 0.6401627659797668,
          "y": -0.15172308683395386,
          "z": 1.2904026508331299
        },
        "tail": {
          "x": 0.6618869304656982,
          "y": -0.16431935131549835,
          "z": 1.2851600646972656
        },
        "rotation_quaternion": {
          "w": 0.04291747510433197,
          "x": -0.8535234332084656,
          "y": -0.5026413202285767,
          "z": 0.1304134875535965
        },
        "matrix": [
          [
            0.46068763732910156,
            0.8468382954597473,
            -0.2657661437988281,
            0.6401627659797668
          ],
          [
            0.869226336479187,
            -0.4910196363925934,
            -0.05784187465906143,
            -0.15172308683395386
          ],
          [
            -0.17947939038276672,
            -0.2043658196926117,
            -0.9623075723648071,
            1.2904026508331299
          ],
          [
            0.0,
            0.0,
            0.0,
            1.0
          ]
        ]
      },
      "bone_length_armature_space": 0.025653275480070202,
      "parent": "index_01_l",
      "has_children": true,
      "is_end_bone": false
    },
    "index_03_l": {
      "name": "index_03_l",
      "local": {
        "location": {
          "x": 0.0,
          "y": 0.0,
          "z": 0.0
        },
        "rotation_quaternion": {
          "w": 0.9992497563362122,
          "x": 0.03804301470518112,
          "y": 0.0033087071496993303,
          "z": -0.0064689540304243565
        },
        "scale": {
          "x": 1.0,
          "y": 1.0,
          "z": 1.0
        },
        "matrix_basis": [
          [
            0.999894380569458,
            0.01317994762212038,
            0.006120252422988415,
            0.0
          ],
          [
            -0.012676455080509186,
            0.9970217347145081,
            -0.07607175409793854,
            0.0
          ],
          [
            -0.007104646880179644,
            0.07598613947629929,
            0.9970835447311401,
            0.0
          ],
          [
            0.0,
            0.0,
            0.0,
            1.0
          ]
        ],
        "rotation_mode": "QUATERNION"
      },
      "armature_space": {
        "head": {
          "x": 0.661886990070343,
          "y": -0.22756335139274597,
          "z": 0.33530619740486145
        },
        "tail": {
          "x": 0.6863564848899841,
          "y": -0.23914861679077148,
          "z": 0.32431721687316895
        }
      },
      "world_space": {
        "head": {
          "x": 0.661886990070343,
          "y": -0.16431935131549835,
          "z": 1.2851601839065552
        },
        "tail": {
          "x": 0.6863564848899841,
          "y": -0.17590461671352386,
          "z": 1.274171233177185
        },
        "rotation_quaternion": {
          "w": 0.13956177234649658,
          "x": -0.8242360353469849,
          "y": -0.531292200088501,
          "z": 0.13742712140083313
        },
        "matrix": [
          [
            0.3976837396621704,
            0.8374612331390381,
            -0.37484151124954224,
            0.661886990070343
          ],
          [
            0.914179801940918,
            -0.3965021073818207,
            0.08403368294239044,
            -0.16431935131549835
          ],
          [
            -0.07825003564357758,
            -0.37609440088272095,
            -0.9232788681983948,
            1.2851601839065552
          ],
          [
            0.0,
            0.0,
            0.0,
            1.0
          ]
        ]
      },
      "bone_length_armature_space": 0.029218696926916275,
      "parent": "index_02_l",
      "has_children": false,
      "is_end_bone": true
    },
    "metacarpal_pinky_l": {
      "name": "metacarpal_pinky_l",
      "local": {
        "location": {
          "x": 0.0,
          "y": 0.0,
          "z": 0.0
        },
        "rotation_quaternion": {
          "w": 0.9985135197639465,
          "x": -0.05061354115605354,
          "y": -0.017361821606755257,
          "z": -0.010371385142207146
        },
        "scale": {
          "x": 1.0,
          "y": 1.0,
          "z": 1.0
        },
        "matrix_basis": [
          [
            0.9991819858551025,
            0.022469423711299896,
            -0.03362216055393219,
            0.0
          ],
          [
            -0.018954450264573097,
            0.9946613907814026,
            0.10143674165010452,
            0.0
          ],
          [
            0.03572189062833786,
            -0.1007164791226387,
            0.9942736625671387,
            0.0
          ],
          [
            0.0,
            0.0,
            0.0,
            1.0
          ]
        ],
        "rotation_mode": "QUATERNION"
      },
      "armature_space": {
        "head": {
          "x": 0.5563509464263916,
          "y": -0.11155357956886292,
          "z": 0.3916952610015869
        },
        "tail": {
          "x": 0.6472795605659485,
          "y": -0.1461775153875351,
          "z": 0.35459524393081665
        }
      },
      "world_space": {
        "head": {
          "x": 0.5563509464263916,
          "y": -0.048309579491615295,
          "z": 1.341549277305603
        },
        "tail": {
          "x": 0.6472795605659485,
          "y": -0.08293351531028748,
          "z": 1.3044493198394775
        },
        "rotation_quaternion": {
          "w": 0.4651240408420563,
          "x": 0.19998691976070404,
          "y": 0.34264692664146423,
          "z": -0.7913646101951599
        },
        "matrix": [
          [
            -0.4873288869857788,
            0.8732154965400696,
            0.002223402261734009,
            0.5563509464263916
          ],
          [
            -0.5991176962852478,
            -0.3325044512748718,
            -0.7283539772033691,
            -0.048309579491615295
          ],
          [
            -0.6352755427360535,
            -0.35628288984298706,
            0.6852017641067505,
            1.341549277305603
          ],
          [
            0.0,
            0.0,
            0.0,
            1.0
          ]
        ]
      },
      "bone_length_armature_space": 0.10413088345341787,
      "parent": "lowerarm_l",
      "has_children": true,
      "is_end_bone": false
    },
    "pinky_01_l": {
      "name": "pinky_01_l",
      "local": {
        "location": {
          "x": 0.0,
          "y": 0.0,
          "z": 0.0
        },
        "rotation_quaternion": {
          "w": 0.9605796337127686,
          "x": 0.2768034338951111,
          "y": -0.01931166462600231,
          "z": -0.017143139615654945
        },
        "scale": {
          "x": 1.0,
          "y": 1.0,
          "z": 1.0
        },
        "matrix_basis": [
          [
            0.9986663460731506,
            0.02224363200366497,
            -0.046591341495513916,
            0.0
          ],
          [
            -0.04362577199935913,
            0.8461719155311584,
            -0.5311213731765747,
            0.0
          ],
          [
            0.02761022374033928,
            0.5324456095695496,
            0.8460138440132141,
            0.0
          ],
          [
            0.0,
            0.0,
            0.0,
            1.0
          ]
        ],
        "rotation_mode": "QUATERNION"
      },
      "armature_space": {
        "head": {
          "x": 0.6472795605659485,
          "y": -0.1461775153875351,
