{
  "metadata": {
    "armature_name": "KIM_caucasian_male",
    "export_time": "2026-01-13T21:04:57.812218",
    "blender_version": "4.4.1",
    "bone_count": 56,
    "end_bone_count": 13,
    "spaces_included": [
      "LOCAL_CHANNELS",
      "ARMATURE_SPACE",
      "WORLD_SPACE"
    ],
    "note": "LOCAL matches Transform panel; replay pose via local.matrix_basis for best fidelity."
  },
  "bones": {
    "Root": {
      "name": "Root",
      "local": {
        "location": {
          "x": 0.0,
          "y": 0.0,
          "z": 0.0
        },
        "rotation_quaternion": {
          "w": 0.9998178482055664,
          "x": 0.006770931649953127,
          "y": -0.015281861647963524,
          "z": -0.009211987257003784
        },
        "scale": {
          "x": 1.0,
          "y": 1.0,
          "z": 1.0
        },
        "matrix_basis": [
          [
            0.9993631839752197,
            0.018213674426078796,
            -0.03068290278315544,
            0.0
          ],
          [
            -0.01862756349146366,
            0.9997385740280151,
            -0.013257844373583794,
            0.0
          ],
          [
            0.03043340891599655,
            0.013820949010550976,
            0.9994412660598755,
            0.0
          ],
          [
            0.0,
            0.0,
            0.0,
            1.0
          ]
        ],
        "rotation_mode": "QUATERNION"
      },
      "armature_space": {
        "head": {
          "x": 0.0,
          "y": 0.07072800397872925,
          "z": -0.009595036506652832
        },
        "tail": {
          "x": 0.0013000168837606907,
          "y": -0.00011412054300308228,
          "z": -0.0009800437837839127
        }
      },
      "world_space": {
        "head": {
          "x": 0.0,
          "y": 0.13397200405597687,
          "z": 0.9402589797973633
        },
        "tail": {
          "x": 0.0013000168837606907,
          "y": 0.06312987953424454,
          "z": 0.9488739967346191
        },
        "rotation_quaternion": {
          "w": 0.06059983745217323,
          "x": 0.9980026483535767,
          "y": 0.008161553181707859,
          "z": -0.01586773805320263
        },
        "matrix": [
          [
            0.9993631839752197,
            0.018213674426078796,
            -0.03068290278315544,
            0.0
          ],
          [
            0.014367329888045788,
            -0.9925220608711243,
            -0.12121707201004028,
            0.13397200405597687
          ],
          [
            -0.03266148269176483,
            0.1206989586353302,
            -0.9921587705612183,
            0.9402589797973633
          ],
          [
            0.0,
            0.0,
            0.0,
            1.0
          ]
        ]
      },
      "bone_length_armature_space": 0.07137587075386413,
      "parent": null,
      "has_children": true,
      "is_end_bone": false
    },
    "spine_01": {
      "name": "spine_01",
      "local": {
        "location": {
          "x": 0.0,
          "y": 0.0,
          "z": 0.0
        },
        "rotation_quaternion": {
          "w": 0.997014045715332,
          "x": 0.02362402342259884,
          "y": 0.000862471351865679,
          "z": 0.07351350784301758
        },
        "scale": {
          "x": 1.0,
          "y": 1.0,
          "z": 1.0
        },
        "matrix_basis": [
          [
            0.9891900420188904,
            -0.14654724299907684,
            0.005193161778151989,
            0.0
          ],
          [
            0.1466287523508072,
            0.988075315952301,
            -0.04698016121983528,
            0.0
          ],
          [
            0.0017535776132717729,
            0.04723377153277397,
            0.9988822937011719,
            0.0
          ],
          [
            0.0,
            0.0,
            0.0,
            1.0
          ]
        ],
        "rotation_mode": "QUATERNION"
      },
      "armature_space": {
        "head": {
          "x": 0.0013000168837606907,
          "y": -0.00011412054300308228,
          "z": -0.0009800437837839127
        },
        "tail": {
          "x": -0.05430373176932335,
          "y": -0.008054211735725403,
          "z": 0.4837813973426819
        }
      },
      "world_space": {
        "head": {
          "x": 0.0013000168837606907,
          "y": 0.06312987953424454,
          "z": 0.9488739967346191
        },
        "tail": {
          "x": -0.05430373176932335,
          "y": 0.05518978834152222,
          "z": 1.4336354732513428
        },
        "rotation_quaternion": {
          "w": 0.7005085945129395,
          "x": 0.7112943530082703,
          "y": -0.03394472226500511,
          "z": 0.04686056077480316
        },
        "matrix": [
          [
            0.993303656578064,
            -0.11394182592630386,
            0.019105345010757446,
            0.0013000168837606907
          ],
          [
            0.017362290993332863,
            -0.01627063751220703,
            -0.9997168183326721,
            0.06312987953424454
          ],
          [
            0.11422125995159149,
            0.9933611154556274,
            -0.014184411615133286,
            0.9488739967346191
          ],
          [
            0.0,
            0.0,
            0.0,
            1.0
          ]
        ]
      },
      "bone_length_armature_space": 0.4880045987813655,
      "parent": "Root",
      "has_children": true,
      "is_end_bone": false
    },
    "neck_01": {
      "name": "neck_01",
      "local": {
        "location": {
          "x": 0.0,
          "y": 0.0,
          "z": 0.0
        },
        "rotation_quaternion": {
          "w": 0.990392804145813,
          "x": -0.12570324540138245,
          "y": 0.029274603351950645,
          "z": -0.04963725432753563
        },
        "scale": {
          "x": 1.0,
          "y": 1.0,
          "z": 1.0
        },
        "matrix_basis": [
          [
            0.9933582544326782,
            0.09096093475818634,
            0.07046584039926529,
            0.0
          ],
          [
            -0.10568058490753174,
            0.9634696841239929,
            0.24608495831489563,
            0.0
          ],
          [
            -0.045507583767175674,
            -0.251897394657135,
            0.9666833877563477,
            0.0
          ],
          [
            0.0,
            0.0,
            0.0,
            1.0
          ]
        ],
        "rotation_mode": "QUATERNION"
      },
      "armature_space": {
        "head": {
          "x": -0.06198379769921303,
          "y": -0.04391614347696304,
          "z": 0.5560218691825867
        },
        "tail": {
          "x": -0.06394338607788086,
          "y": -0.05904732272028923,
          "z": 0.6574022173881531
        }
      },
      "world_space": {
        "head": {
          "x": -0.06198379769921303,
          "y": 0.019327856600284576,
          "z": 1.505875825881958
        },
        "tail": {
          "x": -0.06394338607788086,
          "y": 0.004196677356958389,
          "z": 1.6072561740875244
        },
        "rotation_quaternion": {
          "w": 0.6523064374923706,
          "x": 0.7561347484588623,
          "y": 0.026474623009562492,
          "z": 0.045339733362197876
        },
        "matrix": [
          [
            0.9944867491722107,
            -0.019113976508378983,
            0.10310481488704681,
            -0.06198379769921303
          ],
          [
            0.09918735921382904,
            -0.1475905328989029,
            -0.9840624928474426,
            0.019327856600284576
          ],
          [
            0.03402700275182724,
            0.9888706207275391,
            -0.1448829472064972,
            1.505875825881958
          ],
          [
            0.0,
            0.0,
            0.0,
            1.0
          ]
        ]
      },
      "bone_length_armature_space": 0.10252203628802446,
      "parent": "spine_01",
      "has_children": true,
      "is_end_bone": false
    },
    "head": {
      "name": "head",
      "local": {
        "location": {
          "x": 0.0,
          "y": 0.0,
          "z": 0.0
        },
        "rotation_quaternion": {
          "w": 0.9904409646987915,
          "x": -0.05435317009687424,
          "y": -0.09589233249425888,
          "z": 0.08292832225561142
        },
        "scale": {
          "x": 1.0,
          "y": 1.0,
          "z": 1.0
        },
        "matrix_basis": [
          [
            0.9678550958633423,
            -0.1538471132516861,
            -0.19896622002124786,
            0.0
          ],
          [
            0.17469531297683716,
            0.9803372621536255,
            0.09176283329725266,
            0.0
          ],
          [
            0.1809365600347519,
            -0.12357158958911896,
            0.9757007956504822,
            0.0
          ],
          [
            0.0,
            0.0,
            0.0,
            1.0
          ]
        ],
        "rotation_mode": "QUATERNION"
      },
      "armature_space": {
        "head": {
          "x": -0.06394337117671967,
          "y": -0.05904746428132057,
          "z": 0.6574021577835083
        },
        "tail": {
          "x": -0.09780175983905792,
          "y": -0.009580358862876892,
          "z": 0.80044025182724
        }
      },
      "world_space": {
        "head": {
          "x": -0.06394337117671967,
          "y": 0.004196535795927048,
          "z": 1.6072561740875244
        },
        "tail": {
          "x": -0.09780175983905792,
          "y": 0.05366364121437073,
          "z": 1.7502942085266113
        },
        "rotation_quaternion": {
          "w": 0.8041815161705017,
          "x": 0.5810304284095764,
          "y": -0.11300557851791382,
          "z": 0.0540890172123909
        },
        "matrix": [
          [
            0.9686083197593689,
            -0.21831412613391876,
            -0.11889801919460297,
            -0.06394337117671967
          ],
          [
            -0.04432320594787598,
            0.31895697116851807,
            -0.9467322826385498,
            0.004196535795927048
          ],
          [
            0.24461008608341217,
            0.9222896099090576,
            0.2992691695690155,
            1.6072561740875244
          ],
          [
            0.0,
            0.0,
            0.0,
            1.0
          ]
        ]
      },
      "bone_length_armature_space": 0.1550912016326653,
      "parent": "neck_01",
      "has_children": false,
      "is_end_bone": true
    },
    "upperarm_l": {
      "name": "upperarm_l",
      "local": {
        "location": {
          "x": 0.0,
          "y": 0.0,
          "z": 0.0
        },
        "rotation_quaternion": {
          "w": 0.9316771030426025,
          "x": -0.1252589076757431,
          "y": 0.15495911240577698,
          "z": -0.3037692606449127
        },
        "scale": {
          "x": 1.0,
          "y": 1.0,
          "z": 1.0
        },
        "matrix_basis": [
          [
            0.7674238085746765,
            0.5272096991539001,
            0.36484333872795105,
            0.0
          ],
          [
            -0.6048497557640076,
            0.7840688824653625,
            0.13925808668136597,
            0.0
          ],
          [
            -0.21264410018920898,
            -0.3275453448295593,
            0.9205957651138306,
            0.0
          ],
          [
            0.0,
            0.0,
            0.0,
            1.0
          ]
        ],
        "rotation_mode": "QUATERNION"
      },
      "armature_space": {
        "head": {
          "x": 0.0947304517030716,
          "y": -0.04340650886297226,
          "z": 0.5063482522964478
        },
        "tail": {
          "x": 0.31111276149749756,
          "y": 0.061716608703136444,
          "z": 0.38829904794692993
        }
      },
      "world_space": {
        "head": {
          "x": 0.0947304517030716,
          "y": 0.01983749121427536,
          "z": 1.4562022686004639
        },
        "tail": {
          "x": 0.31111276149749756,
          "y": 0.12496060878038406,
          "z": 1.3381531238555908
        },
        "rotation_quaternion": {
          "w": 0.3413437604904175,
          "x": 0.3335481882095337,
          "y": 0.7613357901573181,
          "z": -0.4388596713542938
        },
        "matrix": [
          [
            -0.5444598197937012,
            0.8074888586997986,
            0.2269917130470276,
            0.0947304517030716
          ],
          [
            0.20828202366828918,
            0.3922951817512512,
            -0.8959481716156006,
            0.01983749121427536
          ],
          [
            -0.8125214576721191,
            -0.44053229689598083,
            -0.38177788257598877,
            1.4562022686004639
          ],
          [
            0.0,
            0.0,
            0.0,
            1.0
          ]
        ]
      },
      "bone_length_armature_space": 0.2679697515646899,
      "parent": "spine_01",
      "has_children": true,
      "is_end_bone": false
    },
    "lowerarm_l": {
      "name": "lowerarm_l",
      "local": {
        "location": {
          "x": 0.0,
          "y": 0.0,
          "z": 0.0
        },
        "rotation_quaternion": {
          "w": 0.8561685085296631,
          "x": 0.515826404094696,
          "y": 0.023406125605106354,
          "z": -0.018728818744421005
        },
        "scale": {
          "x": 1.0,
          "y": 1.0,
          "z": 1.0
        },
        "matrix_basis": [
          [
            0.9982027411460876,
            0.056217044591903687,
            0.020757537335157394,
            0.0
          ],
          [
            -0.00792305450886488,
            0.4671446979045868,
            -0.8841453790664673,
            0.0
          ],
          [
            -0.05940081551671028,
            0.8823919296264648,
            0.4667505621910095,
            0.0
          ],
          [
            0.0,
            0.0,
            0.0,
            1.0
          ]
        ],
        "rotation_mode": "QUATERNION"
      },
      "armature_space": {
        "head": {
          "x": 0.3111129403114319,
          "y": 0.061716578900814056,
          "z": 0.3882991075515747
        },
        "tail": {
          "x": 0.4587436616420746,
          "y": -0.1291053593158722,
          "z": 0.27270612120628357
        }
      },
      "world_space": {
        "head": {
          "x": 0.3111129403114319,
          "y": 0.12496057897806168,
          "z": 1.3381531238555908
        },
        "tail": {
          "x": 0.4587436616420746,
          "y": -0.06586135923862457,
          "z": 1.222560167312622
        },
        "rotation_quaternion": {
          "w": 0.12751086056232452,
          "x": 0.4940142035484314,
          "y": 0.356507807970047,
          "z": -0.782683253288269
        },
        "matrix": [
          [
            -0.4793825149536133,
            0.55184006690979,
            -0.6823961734771729,
            0.3111129403114319
          ],
          [
            0.15263716876506805,
            -0.7132877111434937,
            -0.6840486526489258,
            0.12496057897806168
          ],
          [
            -0.8642362952232361,
            -0.43208378553390503,
            0.25770753622055054,
            1.3381531238555908
          ],
          [
            0.0,
            0.0,
            0.0,
            1.0
          ]
        ]
      },
      "bone_length_armature_space": 0.2675249175611256,
      "parent": "upperarm_l",
      "has_children": true,
      "is_end_bone": false
    },
    "metacarpal_thumb_l": {
      "name": "metacarpal_thumb_l",
      "local": {
        "location": {
          "x": 0.0,
          "y": 0.0,
          "z": 0.0
        },
        "rotation_quaternion": {
          "w": 0.9996094703674316,
          "x": -0.025756647810339928,
          "y": 0.00670101772993803,
          "z": 0.008521175011992455
        },
        "scale": {
          "x": 1.0,
          "y": 1.0,
          "z": 1.0
        },
        "matrix_basis": [
          [
            0.9997649788856506,
            -0.017380885779857635,
            0.01295784767717123,
            0.0
          ],
          [
            0.016690503805875778,
            0.9985279440879822,
            0.05160737782716751,
            0.0
          ],
          [
            -0.013835755176842213,
            -0.05137897655367851,
            0.9985833764076233,
            0.0
          ],
          [
            0.0,
            0.0,
            0.0,
            1.0
          ]
        ],
        "rotation_mode": "QUATERNION"
      },
      "armature_space": {
        "head": {
          "x": 0.4587436616420746,
          "y": -0.1291053593158722,
          "z": 0.27270612120628357
        },
        "tail": {
          "x": 0.4567272663116455,
          "y": -0.1763608455657959,
          "z": 0.2579941749572754
        }
      },
      "world_space": {
        "head": {
          "x": 0.4587436616420746,
          "y": -0.06586135923862457,
          "z": 1.222560167312622
        },
        "tail": {
          "x": 0.4567272663116455,
          "y": -0.11311684548854828,
          "z": 1.2078481912612915
        },
        "rotation_quaternion": {
          "w": 0.15002964437007904,
          "x": -0.9493034482002258,
          "y": -0.0220783818513155,
          "z": 0.2753663659095764
        },
        "matrix": [
          [
            0.8473717570304871,
            -0.04070761427283287,
            -0.5294371247291565,
            0.4587436616420746
          ],
          [
            0.12454412132501602,
            -0.9540073871612549,
            0.27268725633621216,
            -0.06586135923862457
          ],
          [
            -0.5161910057067871,
            -0.2970087230205536,
            -0.8033347129821777,
            1.222560167312622
          ],
          [
            0.0,
            0.0,
            0.0,
            1.0
          ]
        ]
      },
      "bone_length_armature_space": 0.049533708135758595,
      "parent": "lowerarm_l",
      "has_children": true,
      "is_end_bone": false
    },
    "thumb_01_l": {
      "name": "thumb_01_l",
      "local": {
        "location": {
          "x": 0.0,
          "y": 0.0,
          "z": 0.0
        },
        "rotation_quaternion": {
          "w": 0.9993457794189453,
          "x": -0.02992599457502365,
          "y": 0.013712149113416672,
          "z": -0.014983255416154861
        },
        "scale": {
          "x": 1.0,
          "y": 1.0,
          "z": 1.0
        },
        "matrix_basis": [
          [
            0.999174952507019,
            0.029126206412911415,
            0.028303135186433792,
            0.0
          ],
          [
            -0.03076760470867157,
            0.9977598786354065,
            0.05940192565321922,
            0.0
          ],
          [
            -0.02650957927107811,
            -0.060223739594221115,
            0.9978328347206116,
            0.0
          ],
          [
            0.0,
            0.0,
            0.0,
            1.0
          ]
        ],
        "rotation_mode": "QUATERNION"
      },
      "armature_space": {
        "head": {
          "x": 0.4567272663116455,
          "y": -0.1763608455657959,
          "z": 0.2579941749572754
        },
        "tail": {
          "x": 0.4376945197582245,
          "y": -0.19242127239704132,
          "z": 0.2347896546125412
        }
      },
      "world_space": {
        "head": {
          "x": 0.4567272663116455,
          "y": -0.11311684548854828,
          "z": 1.2078481912612915
        },
        "tail": {
          "x": 0.4376945197582245,
          "y": -0.1291772723197937,
          "z": 1.1846436262130737
        },
        "rotation_quaternion": {
          "w": 0.22399654984474182,
          "x": -0.7787467241287231,
          "y": 0.4625040590763092,
          "z": -0.3598182499408722
        },
        "matrix": [
          [
            0.3132399618625641,
            -0.5591523051261902,
            0.7676126956939697,
            0.4567272663116455
          ],
          [
            -0.8815433382987976,
            -0.4718303084373474,
            0.016035959124565125,
            -0.11311684548854828
          ],
          [
            0.353218138217926,
            -0.6817124485969543,
            -0.6407177448272705,
            1.2078481912612915
          ],
          [
            0.0,
            0.0,
            0.0,
            1.0
          ]
        ]
      },
      "bone_length_armature_space": 0.034038691834056146,
      "parent": "metacarpal_thumb_l",
      "has_children": true,
      "is_end_bone": false
    },
    "thumb_02_l": {
      "name": "thumb_02_l",
      "local": {
        "location": {
          "x": 0.0,
          "y": 0.0,
          "z": 0.0
        },
        "rotation_quaternion": {
          "w": 0.992978572845459,
          "x": 0.11827412247657776,
          "y": 0.0003290850727353245,
          "z": 0.002202063798904419
        },
        "scale": {
          "x": 1.0,
          "y": 1.0,
          "z": 1.0
        },
        "matrix_basis": [
          [
            0.9999901056289673,
            -0.004295359831303358,
            0.001174443168565631,
            0.0
          ],
          [
            0.004451049026101828,
            0.9720127582550049,
            -0.23488588631153107,
            0.0
          ],
          [
            -0.0001326545316260308,
            0.23488879203796387,
            0.9720222353935242,
            0.0
          ],
          [
            0.0,
            0.0,
            0.0,
            1.0
          ]
        ],
        "rotation_mode": "QUATERNION"
      },
      "armature_space": {
        "head": {
          "x": 0.4376944899559021,
          "y": -0.19242124259471893,
          "z": 0.2347896844148636
        },
        "tail": {
          "x": 0.46121975779533386,
          "y": -0.22100690007209778,
          "z": 0.21921385824680328
        }
      },
      "world_space": {
        "head": {
          "x": 0.4376944899559021,
          "y": -0.1291772425174713,
          "z": 1.1846437454223633
        },
        "tail": {
          "x": 0.46121975779533386,
          "y": -0.15776289999485016,
          "z": 1.1690678596496582
        },
        "rotation_quaternion": {
          "w": 0.37949275970458984,
          "x": -0.48764166235923767,
          "y": 0.011248508468270302,
          "z": -0.7861706614494324
        },
        "matrix": [
          [
            -0.23638050258159637,
            0.5857239961624146,
            0.7752749919891357,
            0.4376944899559021
          ],
          [
            -0.6076627373695374,
            -0.7117160558700562,
            0.35242897272109985,
            -0.1291772425174713
          ],
          [
            0.758206844329834,
            -0.38780176639556885,
            0.5241624712944031,
            1.1846437454223633
          ],
          [
            0.0,
            0.0,
            0.0,
            1.0
          ]
        ]
      },
      "bone_length_armature_space": 0.040164466548521426,
      "parent": "thumb_01_l",
      "has_children": true,
      "is_end_bone": false
    },
    "thumb_03_l": {
      "name": "thumb_03_l",
      "local": {
        "location": {
          "x": 0.0,
          "y": 0.0,
          "z": 0.0
        },
        "rotation_quaternion": {
          "w": 0.9988412857055664,
          "x": 0.04748979210853577,
          "y": 0.007193238940089941,
          "z": 0.0030373644549399614
        },
        "scale": {
          "x": 1.0,
          "y": 1.0,
          "z": 1.0
        },
        "matrix_basis": [
          [
            0.9998780488967896,
            -0.005384479183703661,
            0.014658295549452305,
            0.0
          ],
          [
            0.006750900764018297,
            0.9954710006713867,
            -0.09482583403587341,
            0.0
          ],
          [
            -0.014081320725381374,
            0.09491322934627533,
            0.9953859448432922,
            0.0
          ],
          [
            0.0,
            0.0,
            0.0,
            1.0
          ]
        ],
        "rotation_mode": "QUATERNION"
      },
      "armature_space": {
        "head": {
          "x": 0.4612196385860443,
          "y": -0.22100691497325897,
          "z": 0.21921388804912567
        },
        "tail": {
          "x": 0.48706817626953125,
          "y": -0.23484691977500916,
          "z": 0.21101638674736023
        }
      },
      "world_space": {
        "head": {
          "x": 0.4612196385860443,
          "y": -0.15776291489601135,
          "z": 1.1690678596496582
        },
        "tail": {
          "x": 0.48706817626953125,
          "y": -0.17160291969776154,
          "z": 1.1608704328536987
        },
        "rotation_quaternion": {
          "w": 0.5221849083900452,
          "x": -0.249771848320961,
          "y": 0.005152030382305384,
          "z": -0.815420389175415
        },
        "matrix": [
          [
            -0.3298727571964264,
            0.8490275740623474,
            0.41271764039993286,
            0.4612196385860443
          ],
          [
            -0.8541738390922546,
            -0.4545919895172119,
            0.25245410203933716,
            -0.15776291489601135
          ],
          [
            0.40196090936660767,
            -0.26925715804100037,
            0.875181257724762,
            1.1690678596496582
          ],
          [
            0.0,
            0.0,
            0.0,
            1.0
          ]
        ]
      },
      "bone_length_armature_space": 0.030444895260054318,
      "parent": "thumb_02_l",
      "has_children": false,
      "is_end_bone": true
    },
    "metacarpal_index_l": {
      "name": "metacarpal_index_l",
      "local": {
        "location": {
          "x": 0.0,
          "y": 0.0,
          "z": 0.0
        },
        "rotation_quaternion": {
          "w": 0.9998900890350342,
          "x": 0.011700568720698357,
          "y": -0.003816789947450161,
          "z": -0.008266977965831757
        },
        "scale": {
          "x": 1.0,
          "y": 1.0,
          "z": 1.0
        },
        "matrix_basis": [
          [
            0.9998341798782349,
            0.01644282229244709,
            -0.007826197892427444,
            0.0
          ],
          [
            -0.016621455550193787,
            0.9995895028114319,
            -0.02333545871078968,
            0.0
          ],
          [
            0.00743928411975503,
            0.02346167154610157,
            0.9996970295906067,
            0.0
          ],
          [
            0.0,
            0.0,
            0.0,
            1.0
          ]
        ],
        "rotation_mode": "QUATERNION"
      },
      "armature_space": {
        "head": {
          "x": 0.4587436616420746,
          "y": -0.1291053593158722,
          "z": 0.27270612120628357
        },
        "tail": {
          "x": 0.491286963224411,
          "y": -0.2314535677433014,
          "z": 0.22585496306419373
        }
      },
      "world_space": {
        "head": {
          "x": 0.4587436616420746,
          "y": -0.06586135923862457,
          "z": 1.222560167312622
        },
        "tail": {
          "x": 0.491286963224411,
          "y": -0.16820956766605377,
          "z": 1.1757090091705322
        },
        "rotation_quaternion": {
          "w": 0.0986349955201149,
          "x": -0.819660484790802,
          "y": -0.23135799169540405,
          "z": 0.5146856307983398
        },
        "matrix": [
          [
            0.3631439805030823,
            0.27774015069007874,
            -0.8893741965293884,
            0.4587436616420746
          ],
          [
            0.48080211877822876,
            -0.8734889626502991,
            -0.076461061835289,
            -0.06586135923862457
          ],
          [
            -0.7981001138687134,
            -0.39985036849975586,
            -0.4507436454296112,
            1.222560167312622
          ],
          [
            0.0,
            0.0,
            0.0,
            1.0
          ]
        ]
      },
      "bone_length_armature_space": 0.11717189645201094,
      "parent": "lowerarm_l",
      "has_children": true,
      "is_end_bone": false
    },
    "index_01_l": {
      "name": "index_01_l",
      "local": {
        "location": {
          "x": 0.0,
          "y": 0.0,
          "z": 0.0
        },
        "rotation_quaternion": {
          "w": 0.9957438707351685,
          "x": -0.09028985351324081,
          "y": 0.009362162090837955,
          "z": 0.01594621129333973
        },
        "scale": {
          "x": 1.0,
          "y": 1.0,
          "z": 1.0
        },
        "matrix_basis": [
          [
            0.9993161559104919,
            -0.033447299152612686,
            0.01576506905257702,
            0.0
          ],
          [
            0.03006606735289097,
            0.9831869006156921,
            0.18010972440242767,
            0.0
          ],
          [
            -0.02152419276535511,
            -0.17951256036758423,
            0.9835202097892761,
            0.0
          ],
          [
            0.0,
            0.0,
            0.0,
            1.0
          ]
        ],
        "rotation_mode": "QUATERNION"
      },
      "armature_space": {
        "head": {
          "x": 0.491286963224411,
          "y": -0.2314535677433014,
          "z": 0.22585496306419373
        },
        "tail": {
          "x": 0.5093395113945007,
          "y": -0.24922217428684235,
          "z": 0.21276089549064636
        }
      },
      "world_space": {
        "head": {
          "x": 0.491286963224411,
          "y": -0.16820956766605377,
          "z": 1.1757090091705322
        },
        "tail": {
          "x": 0.5093395113945007,
          "y": -0.18597817420959473,
          "z": 1.1626149415969849
        },
        "rotation_quaternion": {
          "w": 0.06397608667612076,
          "x": -0.7992357015609741,
          "y": -0.4293408989906311,
          "z": 0.41568705439567566
        },
        "matrix": [
          [
            0.2857397198677063,
            0.6331030130386353,
            -0.7193976044654846,
            0.491286963224411
          ],
          [
            0.739477276802063,
            -0.6231458187103271,
            -0.25468164682388306,
            -0.16820956766605377
          ],
          [
            -0.6095329523086548,
            -0.45920950174331665,
            -0.6462277173995972,
            1.1757090091705322
          ],
          [
            0.0,
            0.0,
            0.0,
            1.0
          ]
        ]
      },
      "bone_length_armature_space": 0.028514426237622344,
      "parent": "metacarpal_index_l",
      "has_children": true,
      "is_end_bone": false
    },
    "index_02_l": {
      "name": "index_02_l",
      "local": {
        "location": {
          "x": 0.0,
          "y": 0.0,
          "z": 0.0
        },
        "rotation_quaternion": {
          "w": 0.9998222589492798,
          "x": 0.018299948424100876,
          "y": 0.004522787407040596,
          "z": -0.00044172178604640067
        },
        "scale": {
          "x": 1.0,
          "y": 1.0,
          "z": 1.0
        },
        "matrix_basis": [
          [
            0.9999586939811707,
            0.0010488200932741165,
            0.009027800522744656,
            0.0
          ],
          [
            -0.000717753020580858,
            0.9993298053741455,
            -0.03659738600254059,
            0.0
          ],
          [
            -0.009060134179890156,
            0.03658939525485039,
            0.999289333820343,
            0.0
          ],
          [
            0.0,
            0.0,
            0.0,
            1.0
          ]
        ],
        "rotation_mode": "QUATERNION"
      },
      "armature_space": {
        "head": {
          "x": 0.509339451789856,
          "y": -0.24922266602516174,
          "z": 0.21276065707206726
        },
        "tail": {
          "x": 0.5257542133331299,
          "y": -0.2646501064300537,
          "z": 0.20048701763153076
        }
      },
      "world_space": {
        "head": {
          "x": 0.509339451789856,
          "y": -0.18597866594791412,
          "z": 1.1626147031784058
        },
        "tail": {
          "x": 0.5257542133331299,
          "y": -0.2014061063528061,
          "z": 1.1503410339355469
        },
        "rotation_quaternion": {
          "w": 0.058375801891088486,
          "x": -0.7805485129356384,
          "y": -0.44260576367378235,
          "z": 0.43753451108932495
        },
        "matrix": [
          [
            0.2253257930278778,
            0.6398696899414062,
            -0.7347071766853333,
            0.509339451789856
          ],
          [
            0.7420333623886108,
            -0.6013835072517395,
            -0.2961830198764801,
            -0.18597866594791412
          ],
          [
            -0.6313630938529968,
            -0.47844359278678894,
            -0.6103166341781616,
            1.1626147031784058
          ],
          [
            0.0,
            0.0,
            0.0,
            1.0
          ]
        ]
      },
      "bone_length_armature_space": 0.02565331440782528,
      "parent": "index_01_l",
      "has_children": true,
      "is_end_bone": false
    },
    "index_03_l": {
      "name": "index_03_l",
      "local": {
        "location": {
          "x": 0.0,
          "y": 0.0,
          "z": 0.0
        },
        "rotation_quaternion": {
          "w": 0.9997155666351318,
          "x": 0.022642923519015312,
          "y": 0.00737787876278162,
          "z": -0.0013040555641055107
        },
        "scale": {
          "x": 1.0,
          "y": 1.0,
          "z": 1.0
        },
        "matrix_basis": [
          [
            0.9998877048492432,
            0.002941482700407505,
            0.01469250489026308,
            0.0
          ],
          [
            -0.0022732557263225317,
            0.9989712238311768,
            -0.0452922098338604,
            0.0
          ],
          [
            -0.01481061615049839,
            0.04525372385978699,
            0.9988657236099243,
            0.0
          ],
          [
            0.0,
            0.0,
            0.0,
            1.0
          ]
        ],
        "rotation_mode": "QUATERNION"
      },
      "armature_space": {
        "head": {
          "x": 0.5257543325424194,
          "y": -0.2646500766277313,
          "z": 0.20048712193965912
        },
        "tail": {
          "x": 0.5419843792915344,
          "y": -0.2810373306274414,
          "z": 0.1825488805770874
        }
      },
      "world_space": {
        "head": {
          "x": 0.5257543325424194,
          "y": -0.2014060765504837,
          "z": 1.1503411531448364
        },
        "tail": {
          "x": 0.5419843792915344,
          "y": -0.2177933305501938,
          "z": 1.1324028968811035
        },
        "rotation_quaternion": {
          "w": 0.1502101719379425,
          "x": -0.7714150547981262,
          "y": -0.44386065006256104,
          "z": 0.4305152893066406
        },
        "matrix": [
          [
            0.2352868914604187,
            0.5554680824279785,
            -0.7975555658340454,
            0.5257543325424194
          ],
          [
            0.8141373991966248,
            -0.5608482360839844,
            -0.15043137967586517,
            -0.2014060765504837
          ],
          [
            -0.5308704376220703,
            -0.6139302849769592,
            -0.5841919183731079,
            1.1503411531448364
          ],
          [
            0.0,
            0.0,
            0.0,
            1.0
          ]
        ]
      },
      "bone_length_armature_space": 0.02921877823091357,
      "parent": "index_02_l",
      "has_children": false,
      "is_end_bone": true
    },
    "metacarpal_pinky_l": {
      "name": "metacarpal_pinky_l",
      "local": {
        "location": {
          "x": 0.0,
          "y": 0.0,
          "z": 0.0
        },
        "rotation_quaternion": {
          "w": 0.9994974732398987,
          "x": -0.028984148055315018,
          "y": -0.008218989707529545,
          "z": -0.009866847656667233
        },
        "scale": {
          "x": 1.0,
          "y": 1.0,
          "z": 1.0
        },
        "matrix_basis": [
          [
            0.9996702075004578,
            0.020200219005346298,
            -0.01585775427520275,
            0.0
          ],
          [
            -0.01924733817577362,
            0.9981251358985901,
            0.0581013560295105,
            0.0
          ],
          [
            0.01700168289244175,
            -0.05777697265148163,
            0.9981847405433655,
            0.0
          ],
          [
            0.0,
            0.0,
            0.0,
            1.0
          ]
        ],
        "rotation_mode": "QUATERNION"
      },
      "armature_space": {
        "head": {
          "x": 0.4587436616420746,
          "y": -0.1291053593158722,
          "z": 0.27270612120628357
        },
        "tail": {
          "x": 0.531390905380249,
          "y": -0.17743360996246338,
          "z": 0.21587280929088593
        }
      },
      "world_space": {
        "head": {
          "x": 0.4587436616420746,
          "y": -0.06586135923862457,
          "z": 1.222560167312622
        },
        "tail": {
          "x": 0.531390905380249,
          "y": -0.11418960988521576,
          "z": 1.1657267808914185
        },
        "rotation_quaternion": {
          "w": 0.4374489486217499,
          "x": -0.08525418490171432,
          "y": 0.27673569321632385,
          "z": -0.8513445258140564
        },
        "matrix": [
          [
            -0.6027389764785767,
            0.6976538896560669,
            0.3872782588005066,
            0.4587436616420746
          ],
          [
            -0.7920263409614563,
            -0.46411117911338806,
            -0.3966045081615448,
            -0.06586135923862457
          ],
          [
            -0.09695390611886978,
            -0.5457879304885864,
            0.8323036432266235,
            1.222560167312622
          ],
          [
            0.0,
            0.0,
            0.0,
            1.0
          ]
        ]
      },
      "bone_length_armature_space": 0.10413100978407935,
      "parent": "lowerarm_l",
      "has_children": true,
      "is_end_bone": false
    },
    "pinky_01_l": {
      "name": "pinky_01_l",
      "local": {
        "location": {
          "x": 0.0,
          "y": 0.0,
          "z": 0.0
        },
        "rotation_quaternion": {
          "w": 0.9922542572021484,
          "x": -0.12273651361465454,
          "y": 0.016060736030340195,
          "z": 0.010459110140800476
        },
        "scale": {
          "x": 1.0,
          "y": 1.0,
          "z": 1.0
        },
        "matrix_basis": [
          [
            0.9992653131484985,
            -0.024698670953512192,
            0.029305238276720047,
            0.0
          ],
          [
            0.016813715919852257,
            0.9696527123451233,
            0.2439076155424118,
            0.0
          ],
          [
            -0.03444009646773338,
            -0.24323569238185883,
            0.969355583190918,
            0.0
          ],
          [
            0.0,
            0.0,
            0.0,
            1.0
          ]
        ],
        "rotation_mode": "QUATERNION"
      },
      "armature_space": {
        "head": {
          "x": 0.531390905380249,
          "y": -0.17743360996246338,
          "z": 0.21587280929088593
        },
