{
  "metadata": {
    "armature_name": "KIM_caucasian_male",
    "export_time": "2026-01-13T21:04:30.169967",
    "blender_version": "4.4.1",
    "bone_count": 56,
    "end_bone_count": 13,
    "spaces_included": [
      "LOCAL_CHANNELS",
      "ARMATURE_SPACE",
      "WORLD_SPACE"
    ],
    "note": "LOCAL matches Transform panel; replay pose via local.matrix_basis for best fidelity."
  },
  "bones": {
    "Root": {
      "name": "Root",
      "local": {
        "location": {
          "x": 0.0,
          "y": 0.0,
          "z": 0.0
        },
        "rotation_quaternion": {
          "w": 0.999618411064148,
          "x": 0.010502559132874012,
          "y": -0.0029942619148641825,
          "z": 0.025375107303261757
        },
        "scale": {
          "x": 1.0,
          "y": 1.0,
          "z": 1.0
        },
        "matrix_basis": [
          [
            0.9986943006515503,
            -0.05079374462366104,
            -0.005453231744468212,
            0.0
          ],
          [
            0.05066795274615288,
            0.9984915852546692,
            -0.021149061620235443,
            0.0
          ],
          [
            0.00651924591511488,
            0.020845143124461174,
            0.9997614622116089,
            0.0
          ],
          [
            0.0,
            0.0,
            0.0,
            1.0
          ]
        ],
        "rotation_mode": "QUATERNION"
      },
      "armature_space": {
        "head": {
          "x": 0.0,
          "y": 0.07072800397872925,
          "z": -0.009595036506652832
        },
        "tail": {
          "x": -0.003625447629019618,
          "y": -9.331852197647095e-05,
          "z": -0.0014888187870383263
        }
      },
      "world_space": {
        "head": {
          "x": 0.0,
          "y": 0.13397200405597687,
          "z": 0.9402589797973633
        },
        "tail": {
          "x": -0.003625447629019618,
          "y": 0.06315068155527115,
          "z": 0.9483652114868164
        },
        "rotation_quaternion": {
          "w": 0.05686325207352638,
          "x": 0.9980550408363342,
          "y": -0.02551918290555477,
          "z": -0.001277994248084724
        },
        "matrix": [
          [
            0.9986943006515503,
            -0.05079374462366104,
            -0.005453231744468212,
            0.0
          ],
          [
            -0.051084429025650024,
            -0.9922306537628174,
            -0.11344052851200104,
            0.13397200405597687
          ],
          [
            0.00035115983337163925,
            0.11357083916664124,
            -0.9935368895530701,
            0.9402589797973633
          ],
          [
            0.0,
            0.0,
            0.0,
            1.0
          ]
        ]
      },
      "bone_length_armature_space": 0.07137586600814348,
      "parent": null,
      "has_children": true,
      "is_end_bone": false
    },
    "spine_01": {
      "name": "spine_01",
      "local": {
        "location": {
          "x": 0.0,
          "y": 0.0,
          "z": 0.0
        },
        "rotation_quaternion": {
          "w": 0.9956051111221313,
          "x": 0.07949742674827576,
          "y": -0.04883019998669624,
          "z": 0.008146226406097412
        },
        "scale": {
          "x": 1.0,
          "y": 1.0,
          "z": 1.0
        },
        "matrix_basis": [
          [
            0.9950984716415405,
            -0.023984599858522415,
            -0.09593598544597626,
            0.0
          ],
          [
            0.008457099087536335,
            0.9872276186943054,
            -0.15909165143966675,
            0.0
          ],
          [
            0.09852640330791473,
            0.1575005203485489,
            0.9825915694236755,
            0.0
          ],
          [
            0.0,
            0.0,
            0.0,
            1.0
          ]
        ],
        "rotation_mode": "QUATERNION"
      },
      "armature_space": {
        "head": {
          "x": -0.003625447629019618,
          "y": -9.331852197647095e-05,
          "z": -0.0014888187870383263
        },
        "tail": {
          "x": -0.01877610757946968,
          "y": -0.06384123116731644,
          "z": 0.4820968508720398
        }
      },
      "world_space": {
        "head": {
          "x": -0.003625447629019618,
          "y": 0.06315068155527115,
          "z": 0.9483652114868164
        },
        "tail": {
          "x": -0.01877610757946968,
          "y": -0.0005972310900688171,
          "z": 1.4319508075714111
        },
        "rotation_quaternion": {
          "w": 0.6565732955932617,
          "x": 0.7505325078964233,
          "y": -0.05996670573949814,
          "z": -0.044905614107847214
        },
        "matrix": [
          [
            0.9887749552726746,
            -0.03104635514318943,
            -0.14615142345428467,
            -0.003625447629019618
          ],
          [
            -0.1489817053079605,
            -0.13063064217567444,
            -0.9801735877990723,
            0.06315068155527115
          ],
          [
            0.011338903568685055,
            0.9909517168998718,
            -0.1337914764881134,
            0.9483652114868164
          ],
          [
            0.0,
            0.0,
            0.0,
            1.0
          ]
        ]
      },
      "bone_length_armature_space": 0.48800453105446323,
      "parent": "Root",
      "has_children": true,
      "is_end_bone": false
    },
    "neck_01": {
      "name": "neck_01",
      "local": {
        "location": {
          "x": 0.0,
          "y": 0.0,
          "z": 0.0
        },
        "rotation_quaternion": {
          "w": 0.9896169304847717,
          "x": -0.0933481976389885,
          "y": -0.10077627003192902,
          "z": 0.042291637510061264
        },
        "scale": {
          "x": 1.0,
          "y": 1.0,
          "z": 1.0
        },
        "matrix_basis": [
          [
            0.976111114025116,
            -0.06489047408103943,
            -0.20735549926757812,
            0.0
          ],
          [
            0.10251960903406143,
            0.9789950847625732,
            0.1762339323759079,
            0.0
          ],
          [
            0.19156411290168762,
            -0.19328190386295319,
            0.9622605443000793,
            0.0
          ],
          [
            0.0,
            0.0,
            0.0,
            1.0
          ]
        ],
        "rotation_mode": "QUATERNION"
      },
      "armature_space": {
        "head": {
          "x": -0.026117868721485138,
          "y": -0.10739865899085999,
          "z": 0.5500128269195557
        },
        "tail": {
          "x": -0.03867020085453987,
          "y": -0.13892169296741486,
          "z": 0.6467572450637817
        }
      },
      "world_space": {
        "head": {
          "x": -0.026117868721485138,
          "y": -0.044154658913612366,
          "z": 1.4998668432235718
        },
        "tail": {
          "x": -0.03867020085453987,
          "y": -0.07567769289016724,
          "z": 1.5966112613677979
        },
        "rotation_quaternion": {
          "w": 0.568752110004425,
          "x": 0.8016793131828308,
          "y": -0.15093687176704407,
          "z": -0.10511600971221924
        },
        "matrix": [
          [
            0.9323372840881348,
            -0.1224362924695015,
            -0.3402303457260132,
            -0.026117868721485138
          ],
          [
            -0.36157628893852234,
            -0.30747777223587036,
            -0.8801820874214172,
            -0.044154658913612366
          ],
          [
            0.003152623772621155,
            0.9436517953872681,
            -0.3309461772441864,
            1.4998668432235718
          ],
          [
            0.0,
            0.0,
            0.0,
            1.0
          ]
        ]
      },
      "bone_length_armature_space": 0.10252192615187036,
      "parent": "spine_01",
      "has_children": true,
      "is_end_bone": false
    },
    "head": {
      "name": "head",
      "local": {
        "location": {
          "x": 0.0,
          "y": 0.0,
          "z": 0.0
        },
        "rotation_quaternion": {
          "w": 0.9967359304428101,
          "x": 0.011959623545408249,
          "y": -0.0074875568971037865,
          "z": -0.07948886603116989
        },
        "scale": {
          "x": 1.0,
          "y": 1.0,
          "z": 1.0
        },
        "matrix_basis": [
          [
            0.9872509241104126,
            0.15827971696853638,
            -0.016827547922730446,
            0.0
          ],
          [
            -0.1586379110813141,
            0.987076997756958,
            -0.022650817409157753,
            0.0
          ],
          [
            0.013024920597672462,
            0.025031527504324913,
            0.9996017813682556,
            0.0
          ],
          [
            0.0,
            0.0,
            0.0,
            1.0
          ]
        ],
        "rotation_mode": "QUATERNION"
      },
      "armature_space": {
        "head": {
          "x": -0.03867024555802345,
          "y": -0.1389217972755432,
          "z": 0.6467571258544922
        },
        "tail": {
          "x": -0.01596158556640148,
          "y": -0.1466216892004013,
          "z": 0.799983561038971
        }
      },
      "world_space": {
        "head": {
          "x": -0.03867024555802345,
          "y": -0.0756777971982956,
          "z": 1.5966111421585083
        },
        "tail": {
          "x": -0.01596158556640148,
          "y": -0.08337768912315369,
          "z": 1.7498376369476318
        },
        "rotation_quaternion": {
          "w": 0.6843815445899963,
          "x": 0.6987729072570801,
          "y": -0.0824480801820755,
          "z": -0.1911560744047165
        },
        "matrix": [
          [
            0.9133229851722717,
            0.14642226696014404,
            -0.38000234961509705,
            -0.03867024555802345
          ],
          [
            -0.376873642206192,
            -0.04964783042669296,
            -0.9249334335327148,
            -0.0756777971982956
          ],
          [
            -0.1542985737323761,
            0.9879825115203857,
            0.009837320074439049,
            1.5966111421585083
          ],
          [
            0.0,
            0.0,
            0.0,
            1.0
          ]
        ]
      },
      "bone_length_armature_space": 0.1550913020052597,
      "parent": "neck_01",
      "has_children": false,
      "is_end_bone": true
    },
    "upperarm_l": {
      "name": "upperarm_l",
      "local": {
        "location": {
          "x": 0.0,
          "y": 0.0,
          "z": 0.0
        },
        "rotation_quaternion": {
          "w": 0.843070924282074,
          "x": 0.5355650782585144,
          "y": 0.014225116930902004,
          "z": -0.04689418897032738
        },
        "scale": {
          "x": 1.0,
          "y": 1.0,
          "z": 1.0
        },
        "matrix_basis": [
          [
            0.9951971769332886,
            0.09430720657110214,
            -0.026244215667247772,
            0.0
          ],
          [
            -0.06383330374956131,
            0.42194196581840515,
            -0.9043728709220886,
            0.0
          ],
          [
            -0.0742153450846672,
            0.9017045497894287,
            0.42593538761138916,
            0.0
          ],
          [
            0.0,
            0.0,
            0.0,
            1.0
          ]
        ],
        "rotation_mode": "QUATERNION"
      },
      "armature_space": {
        "head": {
          "x": 0.12381883710622787,
          "y": -0.12409242987632751,
          "z": 0.4846873879432678
        },
        "tail": {
          "x": 0.21066097915172577,
          "y": -0.36947599053382874,
          "z": 0.4210236668586731
        }
      },
      "world_space": {
        "head": {
          "x": 0.12381883710622787,
          "y": -0.060848429799079895,
          "z": 1.4345414638519287
        },
        "tail": {
          "x": 0.21066097915172577,
          "y": -0.3062319755554199,
          "z": 1.370877742767334
        },
        "rotation_quaternion": {
          "w": 0.03161972761154175,
          "x": 0.690773069858551,
          "y": 0.20283634960651398,
          "z": -0.6933183073997498
        },
        "matrix": [
          [
            -0.04366565868258476,
            0.32407480478286743,
            -0.945023238658905,
            0.12381883710622787
          ],
          [
            0.2363823652267456,
            -0.9157147407531738,
            -0.3249463737010956,
            -0.060848429799079895
          ],
          [
            -0.9706850647926331,
            -0.23757833242416382,
            -0.03662079572677612,
            1.4345414638519287
          ],
          [
            0.0,
            0.0,
            0.0,
            1.0
          ]
        ]
      },
      "bone_length_armature_space": 0.26796962470976754,
      "parent": "spine_01",
      "has_children": true,
      "is_end_bone": false
    },
    "lowerarm_l": {
      "name": "lowerarm_l",
      "local": {
        "location": {
          "x": 0.0,
          "y": 0.0,
          "z": 0.0
        },
        "rotation_quaternion": {
          "w": 0.9518542289733887,
          "x": 0.019040651619434357,
          "y": 0.034190986305475235,
          "z": -0.3040427267551422
        },
        "scale": {
          "x": 1.0,
          "y": 1.0,
          "z": 1.0
        },
        "matrix_basis": [
          [
            0.8127779960632324,
            0.5801107287406921,
            0.053511325269937515,
            0.0
          ],
          [
            -0.5775066614151001,
            0.8143909573554993,
            -0.057038892060518265,
            0.0
          ],
          [
            -0.07666801661252975,
            0.015456807799637318,
            0.9969368577003479,
            0.0
          ],
          [
            0.0,
            0.0,
            0.0,
            1.0
          ]
        ],
        "rotation_mode": "QUATERNION"
      },
      "armature_space": {
        "head": {
          "x": 0.21066096425056458,
          "y": -0.3694761097431183,
          "z": 0.42102375626564026
        },
        "tail": {
          "x": 0.22843880951404572,
          "y": -0.5586506724357605,
          "z": 0.23269732296466827
        }
      },
      "world_space": {
        "head": {
          "x": 0.21066096425056458,
          "y": -0.3062320947647095,
          "z": 1.370877742767334
        },
        "tail": {
          "x": 0.22843880951404572,
          "y": -0.4954066872596741,
          "z": 1.182551383972168
        },
        "rotation_quaternion": {
          "w": 0.22029665112495422,
          "x": -0.6005130410194397,
          "y": -0.31289756298065186,
          "z": 0.7021030783653259
        },
        "matrix": [
          [
            -0.1817084550857544,
            0.06645315140485764,
            -0.9811045527458191,
            0.21066096425056458
          ],
          [
            0.6851394176483154,
            -0.7071298360824585,
            -0.1747894585132599,
            -0.3062320947647095
          ],
          [
            -0.7053878307342529,
            -0.7039596438407898,
            0.08296224474906921,
            1.370877742767334
          ],
          [
            0.0,
            0.0,
            0.0,
            1.0
          ]
        ]
      },
      "bone_length_armature_space": 0.2675255390188945,
      "parent": "upperarm_l",
      "has_children": true,
      "is_end_bone": false
    },
    "metacarpal_thumb_l": {
      "name": "metacarpal_thumb_l",
      "local": {
        "location": {
          "x": 0.0,
          "y": 0.0,
          "z": 0.0
        },
        "rotation_quaternion": {
          "w": 0.9997004866600037,
          "x": -0.005950361490249634,
          "y": -0.013113927096128464,
          "z": 0.019786937162280083
        },
        "scale": {
          "x": 1.0,
          "y": 1.0,
          "z": 1.0
        },
        "matrix_basis": [
          [
            0.9988729953765869,
            -0.039405956864356995,
            -0.026455476880073547,
            0.0
          ],
          [
            0.03971808776259422,
            0.9991461634635925,
            0.01137818954885006,
            0.0
          ],
          [
            0.025984520092606544,
            -0.012416127137839794,
            0.9995852112770081,
            0.0
          ],
          [
            0.0,
            0.0,
            0.0,
            1.0
          ]
        ],
        "rotation_mode": "QUATERNION"
      },
      "armature_space": {
        "head": {
          "x": 0.22843880951404572,
          "y": -0.5586506724357605,
          "z": 0.23269732296466827
        },
        "tail": {
          "x": 0.19932836294174194,
          "y": -0.5851890444755554,
          "z": 0.2026657611131668
        }
      },
      "world_space": {
        "head": {
          "x": 0.22843880951404572,
          "y": -0.4954066872596741,
          "z": 1.182551383972168
        },
        "tail": {
          "x": 0.19932836294174194,
          "y": -0.521945059299469,
          "z": 1.1525198221206665
        },
        "rotation_quaternion": {
          "w": 0.4180544912815094,
          "x": -0.8491285443305969,
          "y": 0.2394750863313675,
          "z": 0.21647827327251434
        },
        "matrix": [
          [
            0.7915778160095215,
            -0.5876900553703308,
            -0.1674070507287979,
            0.22843880951404572
          ],
          [
            -0.22569279372692108,
            -0.5357645153999329,
            0.8136455416679382,
            -0.4954066872596741
          ],
          [
            -0.567866325378418,
            -0.606285810470581,
            -0.5567398071289062,
            1.182551383972168
          ],
          [
            0.0,
            0.0,
            0.0,
            1.0
          ]
        ]
      },
      "bone_length_armature_space": 0.04953380624375284,
      "parent": "lowerarm_l",
      "has_children": true,
      "is_end_bone": false
    },
    "thumb_01_l": {
      "name": "thumb_01_l",
      "local": {
        "location": {
          "x": 0.0,
          "y": 0.0,
          "z": 0.0
        },
        "rotation_quaternion": {
          "w": 0.9959805607795715,
          "x": 0.08942762762308121,
          "y": -0.0025223353877663612,
          "z": 0.0043863276951014996
        },
        "scale": {
          "x": 1.0,
          "y": 1.0,
          "z": 1.0
        },
        "matrix_basis": [
          [
            0.9999487996101379,
            -0.00918852724134922,
            -0.004239876288920641,
            0.0
          ],
          [
            0.00828626099973917,
            0.9839669466018677,
            -0.1781584918498993,
            0.0
          ],
          [
            0.005808911751955748,
            0.17811423540115356,
            0.9839926958084106,
            0.0
          ],
          [
            0.0,
            0.0,
            0.0,
            1.0
          ]
        ],
        "rotation_mode": "QUATERNION"
      },
      "armature_space": {
        "head": {
          "x": 0.19932836294174194,
          "y": -0.5851890444755554,
          "z": 0.2026657611131668
        },
        "tail": {
          "x": 0.18344902992248535,
          "y": -0.5768206119537354,
          "z": 0.17374427616596222
        }
      },
      "world_space": {
        "head": {
          "x": 0.19932836294174194,
          "y": -0.521945059299469,
          "z": 1.1525198221206665
        },
        "tail": {
          "x": 0.18344902992248535,
          "y": -0.5135766267776489,
          "z": 1.123598337173462
        },
        "rotation_quaternion": {
          "w": 0.31418460607528687,
          "x": -0.48538297414779663,
          "y": 0.724026620388031,
          "z": -0.37613430619239807
        },
        "matrix": [
          [
            -0.3313811719417572,
            -0.4665100574493408,
            0.8200945854187012,
            0.19932836294174194
          ],
          [
            -0.9392120838165283,
            0.24585166573524475,
            -0.239661306142807,
            -0.521945059299469
          ],
          [
            -0.08981864899396896,
            -0.8496676683425903,
            -0.5196264386177063,
            1.1525198221206665
          ],
          [
            0.0,
            0.0,
            0.0,
            1.0
          ]
        ]
      },
      "bone_length_armature_space": 0.03403874537976694,
      "parent": "metacarpal_thumb_l",
      "has_children": true,
      "is_end_bone": false
    },
    "thumb_02_l": {
      "name": "thumb_02_l",
      "local": {
        "location": {
          "x": 0.0,
          "y": 0.0,
          "z": 0.0
        },
        "rotation_quaternion": {
          "w": 0.990547776222229,
          "x": 0.137063667178154,
          "y": -0.00352305406704545,
          "z": 0.004058854188770056
        },
        "scale": {
          "x": 1.0,
          "y": 1.0,
          "z": 1.0
        },
        "matrix_basis": [
          [
            0.9999422430992126,
            -0.0090067433193326,
            -0.005866863764822483,
            0.0
          ],
          [
            0.007075212430208921,
            0.9623941779136658,
            -0.2715648114681244,
            0.0
          ],
          [
            0.008092149160802364,
            0.2715076208114624,
            0.9624022841453552,
            0.0
          ],
          [
            0.0,
            0.0,
            0.0,
            1.0
          ]
        ],
        "rotation_mode": "QUATERNION"
      },
      "armature_space": {
        "head": {
          "x": 0.18344900012016296,
          "y": -0.5768205523490906,
          "z": 0.1737443208694458
        },
        "tail": {
          "x": 0.19307561218738556,
          "y": -0.6066552400588989,
          "z": 0.14863638579845428
        }
      },
      "world_space": {
        "head": {
          "x": 0.18344900012016296,
          "y": -0.5135765671730042,
          "z": 1.123598337173462
        },
        "tail": {
          "x": 0.19307561218738556,
          "y": -0.5434112548828125,
          "z": 1.0984903573989868
        },
        "rotation_quaternion": {
          "w": 0.22249722480773926,
          "x": -0.2787269055843353,
          "y": 0.2812255918979645,
          "z": -0.8909087777137756
        },
        "matrix": [
          [
            -0.7456125020980835,
            0.2396802008152008,
            0.6217843890190125,
            0.18344900012016296
          ],
          [
            -0.5532200336456299,
            -0.7428146600723267,
            -0.3770596385002136,
            -0.5135765671730042
          ],
          [
            0.37149888277053833,
            -0.6251289248466492,
            0.6864520311355591,
            1.123598337173462
          ],
          [
            0.0,
            0.0,
            0.0,
            1.0
          ]
        ]
      },
      "bone_length_armature_space": 0.040164519807790226,
      "parent": "thumb_01_l",
      "has_children": true,
      "is_end_bone": false
    },
    "thumb_03_l": {
      "name": "thumb_03_l",
      "local": {
        "location": {
          "x": 0.0,
          "y": 0.0,
          "z": 0.0
        },
        "rotation_quaternion": {
          "w": 0.9980474710464478,
          "x": 0.06239356845617294,
          "y": -2.250191755592823e-06,
          "z": 0.0028963820077478886
        },
        "scale": {
          "x": 1.0,
          "y": 1.0,
          "z": 1.0
        },
        "matrix_basis": [
          [
            0.9999832510948181,
            -0.005781734362244606,
            0.0003569396212697029,
            0.0
          ],
          [
            0.005781172774732113,
            0.9921973347663879,
            -0.12454350292682648,
            0.0
          ],
          [
            0.00036592280957847834,
            0.12454347312450409,
            0.9922140836715698,
            0.0
          ],
          [
            0.0,
            0.0,
            0.0,
            1.0
          ]
        ],
        "rotation_mode": "QUATERNION"
      },
      "armature_space": {
        "head": {
          "x": 0.1930755227804184,
          "y": -0.6066552400588989,
          "z": 0.14863640069961548
        },
        "tail": {
          "x": 0.2096661627292633,
          "y": -0.6298031210899353,
          "z": 0.13787448406219482
        }
      },
      "world_space": {
        "head": {
          "x": 0.1930755227804184,
          "y": -0.5434112548828125,
          "z": 1.0984904766082764
        },
        "tail": {
          "x": 0.2096661627292633,
          "y": -0.5665591359138489,
          "z": 1.087728500366211
        },
        "rotation_quaternion": {
          "w": 0.29617413878440857,
          "x": -0.0293256938457489,
          "y": 0.17922088503837585,
          "z": -0.9377104640007019
        },
        "matrix": [
          [
            -0.8228417634963989,
            0.5449398756027222,
            0.16115999221801758,
            0.1930755227804184
          ],
          [
            -0.565963089466095,
            -0.7603215575218201,
            -0.3187427520751953,
            -0.5434112548828125
          ],
          [
            -0.05116305127739906,
            -0.35348862409591675,
            0.9340461492538452,
            1.0984904766082764
          ],
          [
            0.0,
            0.0,
            0.0,
            1.0
          ]
        ]
      },
      "bone_length_armature_space": 0.030444910435773905,
      "parent": "thumb_02_l",
      "has_children": false,
      "is_end_bone": true
    },
    "metacarpal_index_l": {
      "name": "metacarpal_index_l",
      "local": {
        "location": {
          "x": 0.0,
          "y": 0.0,
          "z": 0.0
        },
        "rotation_quaternion": {
          "w": 0.9998993873596191,
          "x": -0.0066596874967217445,
          "y": 0.0015915357507765293,
          "z": 0.012430994771420956
        },
        "scale": {
          "x": 1.0,
          "y": 1.0,
          "z": 1.0
        },
        "matrix_basis": [
          [
            0.9996858835220337,
            -0.02488068677484989,
            0.0030171782709658146,
            0.0
          ],
          [
            0.024838289245963097,
            0.9996022582054138,
            0.013357603922486305,
            0.0
          ],
          [
            -0.003348324215039611,
            -0.01327846571803093,
            0.9999062418937683,
            0.0
          ],
          [
            0.0,
            0.0,
            0.0,
            1.0
          ]
        ],
        "rotation_mode": "QUATERNION"
      },
      "armature_space": {
        "head": {
          "x": 0.22843880951404572,
          "y": -0.5586506724357605,
          "z": 0.23269732296466827
        },
        "tail": {
          "x": 0.19881491363048553,
          "y": -0.6416735649108887,
          "z": 0.15550318360328674
        }
      },
      "world_space": {
        "head": {
          "x": 0.22843880951404572,
          "y": -0.4954066872596741,
          "z": 1.182551383972168
        },
        "tail": {
          "x": 0.19881491363048553,
          "y": -0.5784295797348022,
          "z": 1.1053571701049805
        },
        "rotation_quaternion": {
          "w": 0.38032209873199463,
          "x": -0.8312461972236633,
          "y": -0.03281873092055321,
          "z": 0.4041135013103485
        },
        "matrix": [
          [
            0.6712315082550049,
            -0.2528245449066162,
            -0.69679856300354,
            0.22843880951404572
          ],
          [
            0.3619465231895447,
            -0.7085572481155396,
            0.6057568192481995,
            -0.4954066872596741
          ],
          [
            -0.6468760371208191,
            -0.6588120460510254,
            -0.3840990662574768,
            1.182551383972168
          ],
          [
            0.0,
            0.0,
            0.0,
            1.0
          ]
        ]
      },
      "bone_length_armature_space": 0.11717214359558069,
      "parent": "lowerarm_l",
      "has_children": true,
      "is_end_bone": false
    },
    "index_01_l": {
      "name": "index_01_l",
      "local": {
        "location": {
          "x": 0.0,
          "y": 0.0,
          "z": 0.0
        },
        "rotation_quaternion": {
          "w": 0.9988240599632263,
          "x": -0.043459922075271606,
          "y": -0.01818704791367054,
          "z": -0.011448153294622898
        },
        "scale": {
          "x": 1.0,
          "y": 1.0,
          "z": 1.0
        },
        "matrix_basis": [
          [
            0.9990763664245605,
            0.02445019781589508,
            -0.03533624857664108,
            0.0
          ],
          [
            -0.021288566291332245,
            0.9959603548049927,
            0.08723405003547668,
            0.0
          ],
          [
            0.0373263955116272,
            -0.08640121668577194,
            0.9955609440803528,
            0.0
          ],
          [
            0.0,
            0.0,
            0.0,
            1.0
          ]
        ],
        "rotation_mode": "QUATERNION"
      },
      "armature_space": {
        "head": {
          "x": 0.19881491363048553,
          "y": -0.6416735649108887,
          "z": 0.15550318360328674
        },
        "tail": {
          "x": 0.20352232456207275,
          "y": -0.6600444912910461,
          "z": 0.13420942425727844
        }
      },
      "world_space": {
        "head": {
          "x": 0.19881491363048553,
          "y": -0.5784295797348022,
          "z": 1.1053571701049805
        },
        "tail": {
          "x": 0.20352232456207275,
          "y": -0.5968005061149597,
          "z": 1.0840634107589722
        },
        "rotation_quaternion": {
          "w": 0.3544158637523651,
          "x": -0.8500944375991821,
          "y": -0.22859258949756622,
          "z": 0.31539565324783325
        },
        "matrix": [
          [
            0.6965420842170715,
            0.16508926451206207,
            -0.6982656121253967,
            0.19881491363048553
          ],
          [
            0.6122131943702698,
            -0.6442700624465942,
            0.45837879180908203,
            -0.5784295797348022
          ],
          [
            -0.37420031428337097,
            -0.7467731833457947,
            -0.5498344898223877,
            1.1053571701049805
          ],
          [
            0.0,
            0.0,
            0.0,
            1.0
          ]
        ]
      },
      "bone_length_armature_space": 0.028514466873033162,
      "parent": "metacarpal_index_l",
      "has_children": true,
      "is_end_bone": false
    },
    "index_02_l": {
      "name": "index_02_l",
      "local": {
        "location": {
          "x": 0.0,
          "y": 0.0,
          "z": 0.0
        },
        "rotation_quaternion": {
          "w": 0.9845815896987915,
          "x": 0.1748880296945572,
          "y": -0.002422705292701721,
          "z": -0.0027444392908364534
        },
        "scale": {
          "x": 1.0,
          "y": 1.0,
          "z": 1.0
        },
        "matrix_basis": [
          [
            0.9999731779098511,
            0.004556844476610422,
            -0.005730641074478626,
            0.0
          ],
          [
            -0.0062516531907022,
            0.9388132691383362,
            -0.3443697690963745,
            0.0
          ],
          [
            0.003810762893408537,
            0.34439635276794434,
            0.9388166069984436,
            0.0
          ],
          [
            0.0,
            0.0,
            0.0,
            1.0
          ]
        ],
        "rotation_mode": "QUATERNION"
      },
      "armature_space": {
        "head": {
          "x": 0.2035219967365265,
          "y": -0.66004478931427,
          "z": 0.1342090368270874
        },
        "tail": {
          "x": 0.20217391848564148,
          "y": -0.6719105243682861,
          "z": 0.11150475591421127
        }
      },
      "world_space": {
        "head": {
          "x": 0.2035219967365265,
          "y": -0.5968008041381836,
          "z": 1.0840630531311035
        },
        "tail": {
          "x": 0.20217391848564148,
          "y": -0.6086665391921997,
          "z": 1.0613588094711304
        },
        "rotation_quaternion": {
          "w": 0.47860974073410034,
          "x": -0.7686606645584106,
          "y": -0.1991516500711441,
          "z": 0.37474292516708374
        },
        "matrix": [
          [
            0.6398136019706726,
            -0.05254998803138733,
            -0.7667315006256104,
            0.2035219967365265
          ],
          [
            0.6648706197738647,
            -0.4625435471534729,
            0.5865155458450317,
            -0.5968008041381836
          ],
          [
            -0.38547027111053467,
            -0.8850443959236145,
            -0.26100409030914307,
            1.0840630531311035
          ],
          [
            0.0,
            0.0,
            0.0,
            1.0
          ]
        ]
      },
      "bone_length_armature_space": 0.025653408270270482,
      "parent": "index_01_l",
      "has_children": true,
      "is_end_bone": false
    },
    "index_03_l": {
      "name": "index_03_l",
      "local": {
        "location": {
          "x": 0.0,
          "y": 0.0,
          "z": 0.0
        },
        "rotation_quaternion": {
          "w": 0.9699022173881531,
          "x": 0.2434113770723343,
          "y": 0.002900849562138319,
          "z": -0.0056869215331971645
        },
        "scale": {
          "x": 1.0,
          "y": 1.0,
          "z": 1.0
        },
        "matrix_basis": [
          [
            0.9999184608459473,
            0.012443714775145054,
            0.0028585579711943865,
            0.0
          ],
          [
            -0.009619316086173058,
            0.8814371228218079,
            -0.47220346331596375,
            0.0
          ],
          [
            -0.008395603857934475,
            0.4721374809741974,
            0.8814849853515625,
            0.0
          ],
          [
            0.0,
            0.0,
            0.0,
            1.0
          ]
        ],
        "rotation_mode": "QUATERNION"
      },
      "armature_space": {
        "head": {
          "x": 0.20217400789260864,
          "y": -0.6719106435775757,
          "z": 0.11150480806827545
        },
        "tail": {
          "x": 0.19099582731723785,
          "y": -0.6713516116142273,
          "z": 0.08451449126005173
        }
      },
      "world_space": {
        "head": {
          "x": 0.20217400789260864,
          "y": -0.6086666584014893,
          "z": 1.0613588094711304
        },
        "tail": {
          "x": 0.19099582731723785,
          "y": -0.6081076264381409,
          "z": 1.0343685150146484
        },
        "rotation_quaternion": {
          "w": 0.7047626376152039,
          "x": -0.5961900949478149,
          "y": -0.11347469687461853,
          "z": 0.3674106299877167
        },
        "matrix": [
          [
            0.7042641043663025,
            -0.3825697898864746,
            -0.5980404615402222,
            0.20217400789260864
          ],
          [
            0.6531811356544495,
            0.019132375717163086,
            0.756959855556488,
            -0.6086666584014893
          ],
          [
            -0.27814948558807373,
            -0.9237349033355713,
            0.2633640170097351,
            1.0613588094711304
          ],
          [
            0.0,
            0.0,
            0.0,
            1.0
          ]
        ]
      },
      "bone_length_armature_space": 0.02921885417743997,
      "parent": "index_02_l",
      "has_children": false,
      "is_end_bone": true
    },
    "metacarpal_pinky_l": {
      "name": "metacarpal_pinky_l",
      "local": {
        "location": {
          "x": 0.0,
          "y": 0.0,
          "z": 0.0
        },
        "rotation_quaternion": {
          "w": 0.9991621971130371,
          "x": -0.04029522091150284,
          "y": 0.0034824961330741644,
          "z": -0.006263830233365297
        },
        "scale": {
          "x": 1.0,
          "y": 1.0,
          "z": 1.0
        },
        "matrix_basis": [
          [
            0.999897301197052,
            0.012236508540809155,
            0.007463961839675903,
            0.0
          ],
          [
            -0.012797820381820202,
            0.996674120426178,
            0.08047929406166077,
            0.0
          ],
          [
            -0.006454352289438248,
            -0.08056654781103134,
            0.9967283606529236,
            0.0
          ],
          [
            0.0,
            0.0,
            0.0,
            1.0
          ]
        ],
        "rotation_mode": "QUATERNION"
      },
      "armature_space": {
        "head": {
          "x": 0.22843880951404572,
          "y": -0.5586506724357605,
          "z": 0.23269732296466827
        },
        "tail": {
          "x": 0.2652216851711273,
          "y": -0.6164948344230652,
          "z": 0.15431120991706848
        }
      },
      "world_space": {
        "head": {
          "x": 0.22843880951404572,
          "y": -0.4954066872596741,
          "z": 1.182551383972168
        },
        "tail": {
          "x": 0.2652216851711273,
          "y": -0.5532508492469788,
          "z": 1.1041651964187622
        },
        "rotation_quaternion": {
          "w": 0.1492413431406021,
          "x": 0.10263393819332123,
          "y": 0.44719064235687256,
          "z": -0.8759073615074158
        },
        "matrix": [
          [
            -0.9343866109848022,
            0.3532373011112213,
            -0.0463157519698143,
            0.22843880951404572
          ],
          [
            -0.1696508228778839,
            -0.5554953813552856,
            -0.8140292167663574,
            -0.4954066872596741
          ],
          [
            -0.3132759630680084,
            -0.7527662515640259,
            0.578977644443512,
            1.182551383972168
          ],
          [
            0.0,
            0.0,
            0.0,
            1.0
          ]
        ]
      },
      "bone_length_armature_space": 0.10413121269539624,
      "parent": "lowerarm_l",
      "has_children": true,
      "is_end_bone": false
    },
    "pinky_01_l": {
      "name": "pinky_01_l",
      "local": {
        "location": {
          "x": 0.0,
          "y": 0.0,
          "z": 0.0
        },
        "rotation_quaternion": {
          "w": 0.9983463287353516,
          "x": 0.05512136220932007,
          "y": 0.01462087593972683,
          "z": -0.007251322735100985
        },
        "scale": {
          "x": 1.0,
          "y": 1.0,
          "z": 1.0
        },
        "matrix_basis": [
          [
            0.9994673132896423,
            0.016090508550405502,
            0.02839398942887783,
            0.0
          ],
          [
            -0.01286681741476059,
            0.9938181042671204,
            -0.11027245968580246,
            0.0
          ],
          [
            -0.029992802068591118,
            0.10984838008880615,
            0.9934957027435303,
            0.0
          ],
          [
            0.0,
            0.0,
            0.0,
            1.0
          ]
        ],
        "rotation_mode": "QUATERNION"
      },
      "armature_space": {
        "head": {
          "x": 0.2652216851711273,
          "y": -0.6164948344230652,
