{
  "metadata": {
    "armature_name": "KIM_caucasian_male",
    "export_time": "2026-01-13T20:55:22.868933",
    "blender_version": "4.4.1",
    "bone_count": 56,
    "end_bone_count": 13,
    "spaces_included": [
      "LOCAL_CHANNELS",
      "ARMATURE_SPACE",
      "WORLD_SPACE"
    ],
    "note": "LOCAL matches Transform panel; replay pose via local.matrix_basis for best fidelity."
  },
  "bones": {
    "Root": {
      "name": "Root",
      "local": {
        "location": {
          "x": 0.0,
          "y": 0.0,
          "z": 0.0
        },
        "rotation_quaternion": {
          "w": 0.9995501041412354,
          "x": -0.015674684196710587,
          "y": 0.007484861649572849,
          "z": -0.024455225095152855
        },
        "scale": {
          "x": 1.0,
          "y": 1.0,
          "z": 1.0
        },
        "matrix_basis": [
          [
            0.9986918568611145,
            0.048653800040483475,
            0.015729645267128944,
            0.0
          ],
          [
            -0.049123089760541916,
            0.9983124732971191,
            0.030969176441431046,
            0.0
          ],
          [
            -0.014196332544088364,
            -0.03170135244727135,
            0.999396562576294,
            0.0
          ],
          [
            0.0,
            0.0,
            0.0,
            1.0
          ]
        ],
        "rotation_mode": "QUATERNION"
      },
      "armature_space": {
        "head": {
          "x": 0.0,
          "y": 0.07072800397872925,
          "z": -0.009595036506652832
        },
        "tail": {
          "x": 0.0034727072343230247,
          "y": 0.00042353570461273193,
          "z": 0.0022259969264268875
        }
      },
      "world_space": {
        "head": {
          "x": 0.0,
          "y": 0.13397200405597687,
          "z": 0.9402589797973633
        },
        "tail": {
          "x": 0.0034727072343230247,
          "y": 0.06366753578186035,
          "z": 0.9520800113677979
        },
        "rotation_quaternion": {
          "w": 0.08297643810510635,
          "x": 0.9962233901023865,
          "y": 0.0249039139598608,
          "z": 0.005820360034704208
        },
        "matrix": [
          [
            0.9986918568611145,
            0.048653800040483475,
            0.015729645267128944,
            0.0
          ],
          [
            0.05058561637997627,
            -0.9849893450737,
            -0.1650366485118866,
            0.13397200405597687
          ],
          [
            0.007463972549885511,
            0.16561666131019592,
            -0.9861690402030945,
            0.9402589797973633
          ],
          [
            0.0,
            0.0,
            0.0,
            1.0
          ]
        ]
      },
      "bone_length_armature_space": 0.07137587095853777,
      "parent": null,
      "has_children": true,
      "is_end_bone": false
    },
    "spine_01": {
      "name": "spine_01",
      "local": {
        "location": {
          "x": 0.0,
          "y": 0.0,
          "z": 0.0
        },
        "rotation_quaternion": {
          "w": 0.9982473850250244,
          "x": 0.0012499438598752022,
          "y": -0.05252726376056671,
          "z": 0.02723214030265808
        },
        "scale": {
          "x": 1.0,
          "y": 1.0,
          "z": 1.0
        },
        "matrix_basis": [
          [
            0.9929986000061035,
            -0.05450013652443886,
            -0.10480233281850815,
            0.0
          ],
          [
            0.05423751473426819,
            0.9985136985778809,
            -0.005356365814805031,
            0.0
          ],
          [
            0.10493848472833633,
            -0.00036535324761644006,
            0.9944786429405212,
            0.0
          ],
          [
            0.0,
            0.0,
            0.0,
            1.0
          ]
        ],
        "rotation_mode": "QUATERNION"
      },
      "armature_space": {
        "head": {
          "x": 0.0034727072343230247,
          "y": 0.00042353570461273193,
          "z": 0.0022259969264268875
        },
        "tail": {
          "x": -0.028646934777498245,
          "y": 0.03714059665799141,
          "z": 0.4877862334251404
        }
      },
      "world_space": {
        "head": {
          "x": 0.0034727072343230247,
          "y": 0.06366753578186035,
          "z": 0.9520800113677979
        },
        "tail": {
          "x": -0.028646934777498245,
          "y": 0.10038459300994873,
          "z": 1.4376401901245117
        },
        "rotation_quaternion": {
          "w": 0.7319871187210083,
          "x": 0.6799642443656921,
          "y": -0.0425967276096344,
          "z": 0.0053896293975412846
        },
        "matrix": [
          [
            0.9963130354881287,
            -0.06581877171993256,
            -0.05503056198358536,
            0.0034727072343230247
          ],
          [
            -0.05003775283694267,
            0.07523968815803528,
            -0.9959092140197754,
            0.06366753578186035
          ],
          [
            0.06969045102596283,
            0.9949979782104492,
            0.07166844606399536,
            0.9520800113677979
          ],
          [
            0.0,
            0.0,
            0.0,
            1.0
          ]
        ]
      },
      "bone_length_armature_space": 0.48800467645296586,
      "parent": "Root",
      "has_children": true,
      "is_end_bone": false
    },
    "neck_01": {
      "name": "neck_01",
      "local": {
        "location": {
          "x": 0.0,
          "y": 0.0,
          "z": 0.0
        },
        "rotation_quaternion": {
          "w": 0.9835829138755798,
          "x": -0.14212945103645325,
          "y": 0.11118891835212708,
          "z": 0.0009852563962340355
        },
        "scale": {
          "x": 1.0,
          "y": 1.0,
          "z": 1.0
        },
        "matrix_basis": [
          [
            0.9752721190452576,
            -0.03354460373520851,
            0.21844696998596191,
            0.0
          ],
          [
            -0.029668277129530907,
            0.9595965147018433,
            0.279811292886734,
            0.0
          ],
          [
            -0.21900710463523865,
            -0.2793731093406677,
            0.9348725080490112,
            0.0
          ],
          [
            0.0,
            0.0,
            0.0,
            1.0
          ]
        ],
        "rotation_mode": "QUATERNION"
      },
      "armature_space": {
        "head": {
          "x": -0.03537456691265106,
          "y": 0.008110959082841873,
          "z": 0.5631239414215088
        },
        "tail": {
          "x": -0.04605565220117569,
          "y": 0.005116487853229046,
          "z": 0.6650440692901611
        }
      },
      "world_space": {
        "head": {
          "x": -0.03537456691265106,
          "y": 0.0713549554347992,
          "z": 1.512977957725525
        },
        "tail": {
          "x": -0.04605565220117569,
          "y": 0.06836048513650894,
          "z": 1.6148980855941772
        },
        "rotation_quaternion": {
          "w": 0.6963558197021484,
          "x": 0.7107345461845398,
          "y": 0.02200569026172161,
          "z": 0.09726668149232864
        },
        "matrix": [
          [
            0.9801101088523865,
            -0.10418400168418884,
            0.16890837252140045,
            -0.03537456691265106
          ],
          [
            0.16674411296844482,
            -0.029208272695541382,
            -0.985567569732666,
            0.0713549554347992
          ],
          [
            0.10761483013629913,
            0.9941360354423523,
            -0.011256307363510132,
            1.512977957725525
          ],
          [
            0.0,
            0.0,
            0.0,
            1.0
          ]
        ]
      },
      "bone_length_armature_space": 0.10252202006701235,
      "parent": "spine_01",
      "has_children": true,
      "is_end_bone": false
    },
    "head": {
      "name": "head",
      "local": {
        "location": {
          "x": 0.0,
          "y": 0.0,
          "z": 0.0
        },
        "rotation_quaternion": {
          "w": 0.9749924540519714,
          "x": -0.09277433902025223,
          "y": 0.05793667584657669,
          "z": 0.19345822930335999
        },
        "scale": {
          "x": 1.0,
          "y": 1.0,
          "z": 1.0
        },
        "matrix_basis": [
          [
            0.9184345006942749,
            -0.38799071311950684,
            0.07707972824573517,
            0.0
          ],
          [
            0.36649054288864136,
            0.9079336524009705,
            0.20332521200180054,
            0.0
          ],
          [
            -0.1488715559244156,
            -0.15849190950393677,
            0.9760725498199463,
            0.0
          ],
          [
            0.0,
            0.0,
            0.0,
            1.0
          ]
        ],
        "rotation_mode": "QUATERNION"
      },
      "armature_space": {
        "head": {
          "x": -0.046055614948272705,
          "y": 0.005116336513310671,
          "z": 0.6650440096855164
        },
        "tail": {
          "x": -0.1302836835384369,
          "y": 0.06441742181777954,
          "z": 0.7809844613075256
        }
      },
      "world_space": {
        "head": {
          "x": -0.046055614948272705,
          "y": 0.068360336124897,
          "z": 1.6148979663848877
        },
        "tail": {
          "x": -0.1302836835384369,
          "y": 0.12766142189502716,
          "z": 1.7308385372161865
        },
        "rotation_quaternion": {
          "w": 0.8284138441085815,
          "x": 0.4755321145057678,
          "y": -0.07009509205818176,
          "z": 0.28755277395248413
        },
        "matrix": [
          [
            0.8247995972633362,
            -0.5430908203125,
            0.15734770894050598,
            -0.046055614948272705
          ],
          [
            0.4097626805305481,
            0.3823651075363159,
            -0.8281857371330261,
            0.068360336124897
          ],
          [
            0.3896188735961914,
            0.7475679516792297,
            0.537915825843811,
            1.6148979663848877
          ],
          [
            0.0,
            0.0,
            0.0,
            1.0
          ]
        ]
      },
      "bone_length_armature_space": 0.1550908597226344,
      "parent": "neck_01",
      "has_children": false,
      "is_end_bone": true
    },
    "upperarm_l": {
      "name": "upperarm_l",
      "local": {
        "location": {
          "x": 0.0,
          "y": 0.0,
          "z": 0.0
        },
        "rotation_quaternion": {
          "w": 0.9970623850822449,
          "x": -0.055284686386585236,
          "y": -0.03108064830303192,
          "z": 0.042944733053445816
        },
        "scale": {
          "x": 1.0,
          "y": 1.0,
          "z": 1.0
        },
        "matrix_basis": [
          [
            0.994379460811615,
            -0.08220058679580688,
            -0.06672706454992294,
            0.0
          ],
          [
            0.08907372504472733,
            0.9901987314224243,
            0.10757505893707275,
            0.0
          ],
          [
            0.05723031982779503,
            -0.1129140630364418,
            0.9919552206993103,
            0.0
          ],
          [
            0.0,
            0.0,
            0.0,
            1.0
          ]
        ],
        "rotation_mode": "QUATERNION"
      },
      "armature_space": {
        "head": {
          "x": 0.11832042783498764,
          "y": -0.007627476006746292,
          "z": 0.5069344639778137
        },
        "tail": {
          "x": 0.3828476667404175,
          "y": 0.02033957466483116,
          "z": 0.5393509864807129
        }
      },
      "world_space": {
        "head": {
          "x": 0.11832042783498764,
          "y": 0.05561652407050133,
          "z": 1.4567885398864746
        },
        "tail": {
          "x": 0.3828476667404175,
          "y": 0.08358357846736908,
          "z": 1.489205002784729
        },
        "rotation_quaternion": {
          "w": 0.5824905037879944,
          "x": 0.4762323498725891,
          "y": 0.4613977074623108,
          "z": -0.4701273441314697
        },
        "matrix": [
          [
            0.13218474388122559,
            0.9871545433998108,
            0.08974024653434753,
            0.11832042783498764
          ],
          [
            -0.10822570323944092,
            0.10436657071113586,
            -0.98863285779953,
            0.05561652407050133
          ],
          [
            -0.9853061437606812,
            0.12097087502479553,
            0.12063108384609222,
            1.4567885398864746
          ],
          [
            0.0,
            0.0,
            0.0,
            1.0
          ]
        ]
      },
      "bone_length_armature_space": 0.2679694763502531,
      "parent": "spine_01",
      "has_children": true,
      "is_end_bone": false
    },
    "lowerarm_l": {
      "name": "lowerarm_l",
      "local": {
        "location": {
          "x": 0.0,
          "y": 0.0,
          "z": 0.0
        },
        "rotation_quaternion": {
          "w": 0.9376250505447388,
          "x": 0.2931104898452759,
          "y": -0.16951006650924683,
          "z": 0.07881520688533783
        },
        "scale": {
          "x": 1.0,
          "y": 1.0,
          "z": 1.0
        },
        "matrix_basis": [
          [
            0.9301090240478516,
            -0.24716858565807343,
            -0.2716706395149231,
            0.0
          ],
          [
            0.04842786863446236,
            0.8157488107681274,
            -0.576375424861908,
            0.0
          ],
          [
            0.3640768826007843,
            0.5229355096817017,
            0.7707051634788513,
            0.0
          ],
          [
            0.0,
            0.0,
            0.0,
            1.0
          ]
        ],
        "rotation_mode": "QUATERNION"
      },
      "armature_space": {
        "head": {
          "x": 0.38284772634506226,
          "y": 0.020339546725153923,
          "z": 0.5393511056900024
        },
        "tail": {
          "x": 0.5761232972145081,
          "y": -0.09991654008626938,
          "z": 0.6798951029777527
        }
      },
      "world_space": {
        "head": {
          "x": 0.38284772634506226,
          "y": 0.08358354866504669,
          "z": 1.4892051219940186
        },
        "tail": {
          "x": 0.5761232972145081,
          "y": -0.03667254000902176,
          "z": 1.629749059677124
        },
        "rotation_quaternion": {
          "w": 0.52099609375,
          "x": 0.5781536102294922,
          "y": 0.06167770177125931,
          "z": -0.624897837638855
        },
        "matrix": [
          [
            0.2113983929157257,
            0.7224594354629517,
            -0.6583031415939331,
            0.38284772634506226
          ],
          [
            -0.5798205733299255,
            -0.44951432943344116,
            -0.6795182824134827,
            0.08358354866504669
          ],
          [
            -0.7868471741676331,
            0.5253499746322632,
            0.323871910572052,
            1.4892051219940186
          ],
          [
            0.0,
            0.0,
            0.0,
            1.0
          ]
        ]
      },
      "bone_length_armature_space": 0.2675249297455194,
      "parent": "upperarm_l",
      "has_children": true,
      "is_end_bone": false
    },
    "metacarpal_thumb_l": {
      "name": "metacarpal_thumb_l",
      "local": {
        "location": {
          "x": 0.0,
          "y": 0.0,
          "z": 0.0
        },
        "rotation_quaternion": {
          "w": 0.9997200965881348,
          "x": 0.019885914400219917,
          "y": 0.004769067745655775,
          "z": 0.011897558346390724
        },
        "scale": {
          "x": 1.0,
          "y": 1.0,
          "z": 1.0
        },
        "matrix_basis": [
          [
            0.9996713995933533,
            -0.02359878271818161,
            0.010008653625845909,
            0.0
          ],
          [
            0.023978130891919136,
            0.9989259839057922,
            -0.039647217839956284,
            0.0
          ],
          [
            -0.00906227808445692,
            0.03987417742609978,
            0.9991636276245117,
            0.0
          ],
          [
            0.0,
            0.0,
            0.0,
            1.0
          ]
        ],
        "rotation_mode": "QUATERNION"
      },
      "armature_space": {
        "head": {
          "x": 0.5761232972145081,
          "y": -0.09991654008626938,
          "z": 0.6798951029777527
        },
        "tail": {
          "x": 0.5861253142356873,
          "y": -0.143620103597641,
          "z": 0.7009556293487549
        }
      },
      "world_space": {
        "head": {
          "x": 0.5761232972145081,
          "y": -0.03667254000902176,
          "z": 1.629749059677124
        },
        "tail": {
          "x": 0.5861253142356873,
          "y": -0.08037610352039337,
          "z": 1.650809645652771
        },
        "rotation_quaternion": {
          "w": 0.21577110886573792,
          "x": 0.9696545004844666,
          "y": 0.11087232828140259,
          "z": 0.030337650328874588
        },
        "matrix": [
          [
            0.9735739231109619,
            0.201923668384552,
            0.10668043792247772,
            0.5761232972145081
          ],
          [
            0.22810786962509155,
            -0.8823000192642212,
            -0.4117199778556824,
            -0.03667254000902176
          ],
          [
            0.010988359339535236,
            0.4251764714717865,
            -0.9050514698028564,
            1.629749059677124
          ],
          [
            0.0,
            0.0,
            0.0,
            1.0
          ]
        ]
      },
      "bone_length_armature_space": 0.049533701952648716,
      "parent": "lowerarm_l",
      "has_children": true,
      "is_end_bone": false
    },
    "thumb_01_l": {
      "name": "thumb_01_l",
      "local": {
        "location": {
          "x": 0.0,
          "y": 0.0,
          "z": 0.0
        },
        "rotation_quaternion": {
          "w": 0.9505006670951843,
          "x": 0.31059712171554565,
          "y": -0.0077410475350916386,
          "z": -0.004248384386301041
        },
        "scale": {
          "x": 1.0,
          "y": 1.0,
          "z": 1.0
        },
        "matrix_basis": [
          [
            0.9998440742492676,
            0.003267490305006504,
            -0.01735481433570385,
            0.0
          ],
          [
            -0.012884878553450108,
            0.807022750377655,
            -0.5903797745704651,
            0.0
          ],
          [
            0.012076669372618198,
            0.5905113220214844,
            0.8069390058517456,
            0.0
          ],
          [
            0.0,
            0.0,
            0.0,
            1.0
          ]
        ],
        "rotation_mode": "QUATERNION"
      },
      "armature_space": {
        "head": {
          "x": 0.5861253142356873,
          "y": -0.143620103597641,
          "z": 0.7009556293487549
        },
        "tail": {
          "x": 0.6086824536323547,
          "y": -0.16646195948123932,
          "z": 0.6896396279335022
        }
      },
      "world_space": {
        "head": {
          "x": 0.5861253142356873,
          "y": -0.08037610352039337,
          "z": 1.650809645652771
        },
        "tail": {
          "x": 0.6086824536323547,
          "y": -0.1032179594039917,
          "z": 1.639493703842163
        },
        "rotation_quaternion": {
          "w": 0.3886338174343109,
          "x": -0.6262751817703247,
          "y": -0.11590351909399033,
          "z": -0.665814995765686
        },
        "matrix": [
          [
            0.0865146592259407,
            0.6626937389373779,
            0.7438766360282898,
            0.5861253142356873
          ],
          [
            -0.3723408877849579,
            -0.6710580587387085,
            0.6411265730857849,
            -0.08037610352039337
          ],
          [
            0.9240608215332031,
            -0.3324456810951233,
            0.188693568110466,
            1.650809645652771
          ],
          [
            0.0,
            0.0,
            0.0,
            1.0
          ]
        ]
      },
      "bone_length_armature_space": 0.03403860740052868,
      "parent": "metacarpal_thumb_l",
      "has_children": true,
      "is_end_bone": false
    },
    "thumb_02_l": {
      "name": "thumb_02_l",
      "local": {
        "location": {
          "x": 0.0,
          "y": 0.0,
          "z": 0.0
        },
        "rotation_quaternion": {
          "w": 0.9046503305435181,
          "x": 0.4261491596698761,
          "y": 0.001074124244041741,
          "z": 0.0018820910481736064
        },
        "scale": {
          "x": 1.0,
          "y": 1.0,
          "z": 1.0
        },
        "matrix_basis": [
          [
            0.9999905824661255,
            -0.0024897942785173655,
            0.0035475166514515877,
            0.0
          ],
          [
            0.004320743028074503,
            0.636786699295044,
            -0.7710279226303101,
            0.0
          ],
          [
            -0.00033931067446246743,
            0.7710360288619995,
            0.636791467666626,
            0.0
          ],
          [
            0.0,
            0.0,
            0.0,
            1.0
          ]
        ],
        "rotation_mode": "QUATERNION"
      },
      "armature_space": {
        "head": {
          "x": 0.60868239402771,
          "y": -0.1664619743824005,
          "z": 0.6896396279335022
        },
        "tail": {
          "x": 0.6224825382232666,
          "y": -0.14774927496910095,
          "z": 0.7223899960517883
        }
      },
      "world_space": {
        "head": {
          "x": 0.60868239402771,
          "y": -0.1032179743051529,
          "z": 1.639493703842163
        },
        "tail": {
          "x": 0.6224825382232666,
          "y": -0.08450527489185333,
          "z": 1.6722440719604492
        },
        "rotation_quaternion": {
          "w": 0.48601147532463074,
          "x": 0.10514403879642487,
          "y": -0.7048001885414124,
          "z": -0.5059588551521301
        },
        "matrix": [
          [
            -0.5054770708084106,
            0.34359094500541687,
            -0.7914785146713257,
            0.60868239402771
          ],
          [
            -0.6400129795074463,
            0.46590253710746765,
            0.6109976768493652,
            -0.1032179743051529
          ],
          [
            0.578688383102417,
            0.8154079914093018,
            -0.015599727630615234,
            1.639493703842163
          ],
          [
            0.0,
            0.0,
            0.0,
            1.0
          ]
        ]
      },
      "bone_length_armature_space": 0.04016460802962093,
      "parent": "thumb_01_l",
      "has_children": true,
      "is_end_bone": false
    },
    "thumb_03_l": {
      "name": "thumb_03_l",
      "local": {
        "location": {
          "x": 0.0,
          "y": 0.0,
          "z": 0.0
        },
        "rotation_quaternion": {
          "w": 0.9875288009643555,
          "x": 0.1572338342666626,
          "y": -0.007326277904212475,
          "z": 0.0032902141101658344
        },
        "scale": {
          "x": 1.0,
          "y": 1.0,
          "z": 1.0
        },
        "matrix_basis": [
          [
            0.999871015548706,
            -0.008802239783108234,
            -0.013435155153274536,
            0.0
          ],
          [
            0.0041944850236177444,
            0.950533390045166,
            -0.3105940818786621,
            0.0
          ],
          [
            0.015504486858844757,
            0.3104976713657379,
            0.950447678565979,
            0.0
          ],
          [
            0.0,
            0.0,
            0.0,
            1.0
          ]
        ],
        "rotation_mode": "QUATERNION"
      },
      "armature_space": {
        "head": {
          "x": 0.6224825382232666,
          "y": -0.1477493792772293,
          "z": 0.7223899960517883
        },
        "tail": {
          "x": 0.6188869476318359,
          "y": -0.12497161328792572,
          "z": 0.7422682046890259
        }
      },
      "world_space": {
        "head": {
          "x": 0.6224825382232666,
          "y": -0.08450537919998169,
          "z": 1.6722440719604492
        },
        "tail": {
          "x": 0.6188869476318359,
          "y": -0.0617276132106781,
          "z": 1.692122220993042
        },
        "rotation_quaternion": {
          "w": 0.6033170819282532,
          "x": 0.273580938577652,
          "y": -0.7142062187194824,
          "z": -0.2259899377822876
        },
        "matrix": [
          [
            -0.1223246157169342,
            -0.1181023120880127,
            -0.985438346862793,
            0.6224825382232666
          ],
          [
            -0.6634735465049744,
            0.7481639981269836,
            -0.007307335734367371,
            -0.08450537919998169
          ],
          [
            0.7381367683410645,
            0.6529237627983093,
            -0.1698777675628662,
            1.6722440719604492
          ],
          [
            0.0,
            0.0,
            0.0,
            1.0
          ]
        ]
      },
      "bone_length_armature_space": 0.030445001146388855,
      "parent": "thumb_02_l",
      "has_children": false,
      "is_end_bone": true
    },
    "metacarpal_index_l": {
      "name": "metacarpal_index_l",
      "local": {
        "location": {
          "x": 0.0,
          "y": 0.0,
          "z": 0.0
        },
        "rotation_quaternion": {
          "w": 0.9989376068115234,
          "x": 0.041322819888591766,
          "y": 0.016786010935902596,
          "z": -0.0115888686850667
        },
        "scale": {
          "x": 1.0,
          "y": 1.0,
          "z": 1.0
        },
        "matrix_basis": [
          [
            0.9991678595542908,
            0.024540403857827187,
            0.03257858753204346,
            0.0
          ],
          [
            -0.021765822544693947,
            0.9963162541389465,
            -0.08294689655303955,
            0.0
          ],
          [
            -0.034494124352931976,
            0.08216877281665802,
            0.9960213303565979,
            0.0
          ],
          [
            0.0,
            0.0,
            0.0,
            1.0
          ]
        ],
        "rotation_mode": "QUATERNION"
      },
      "armature_space": {
        "head": {
          "x": 0.5761232972145081,
          "y": -0.09991654008626938,
          "z": 0.6798951029777527
        },
        "tail": {
          "x": 0.6331002116203308,
          "y": -0.1843162477016449,
          "z": 0.737856924533844
        }
      },
      "world_space": {
        "head": {
          "x": 0.5761232972145081,
          "y": -0.03667254000902176,
          "z": 1.629749059677124
        },
        "tail": {
          "x": 0.6331002116203308,
          "y": -0.12107224762439728,
          "z": 1.6877110004425049
        },
        "rotation_quaternion": {
          "w": 0.33077332377433777,
          "x": 0.8883222937583923,
          "y": 0.17445622384548187,
          "z": -0.2665289640426636
        },
        "matrix": [
          [
            0.7970548868179321,
            0.4862682521343231,
            -0.3581153452396393,
            0.5761232972145081
          ],
          [
            0.13362613320350647,
            -0.7203078269958496,
            -0.6806619763374329,
            -0.03667254000902176
          ],
          [
            -0.5889416337013245,
            0.4946741461753845,
            -0.6391082406044006,
            1.629749059677124
          ],
          [
            0.0,
            0.0,
            0.0,
            1.0
          ]
        ]
      },
      "bone_length_armature_space": 0.11717189148429565,
      "parent": "lowerarm_l",
      "has_children": true,
      "is_end_bone": false
    },
    "index_01_l": {
      "name": "index_01_l",
      "local": {
        "location": {
          "x": 0.0,
          "y": 0.0,
          "z": 0.0
        },
        "rotation_quaternion": {
          "w": 0.9534741640090942,
          "x": 0.30136263370513916,
          "y": -0.006985548883676529,
          "z": -0.004332580603659153
        },
        "scale": {
          "x": 1.0,
          "y": 1.0,
          "z": 1.0
        },
        "matrix_basis": [
          [
            0.9998648762702942,
            0.004051640629768372,
            -0.015932437032461166,
            0.0
          ],
          [
            -0.012472374364733696,
            0.8183236122131348,
            -0.5746224522590637,
            0.0
          ],
          [
            0.010709725320339203,
            0.5747435092926025,
            0.8182635307312012,
            0.0
          ],
          [
            0.0,
            0.0,
            0.0,
            1.0
          ]
        ],
        "rotation_mode": "QUATERNION"
      },
      "armature_space": {
        "head": {
          "x": 0.6331002116203308,
          "y": -0.1843162477016449,
          "z": 0.737856924533844
        },
        "tail": {
          "x": 0.6471079587936401,
          "y": -0.20906905829906464,
          "z": 0.735819399356842
        }
      },
      "world_space": {
        "head": {
          "x": 0.6331002116203308,
          "y": -0.12107224762439728,
          "z": 1.6877110004425049
        },
        "tail": {
          "x": 0.6471079587936401,
          "y": -0.14582505822181702,
          "z": 1.685673475265503
        },
        "rotation_quaternion": {
          "w": 0.06954623013734818,
          "x": 0.8829891085624695,
          "y": 0.24722884595394135,
          "z": -0.3929014503955841
        },
        "matrix": [
          [
            0.5690122842788696,
            0.4912514388561249,
            -0.6594672203063965,
            0.6331002116203308
          ],
          [
            0.38195109367370605,
            -0.8680819272994995,
            -0.31709182262420654,
            -0.12107224762439728
          ],
          [
            -0.7282480597496033,
            -0.07145649194717407,
            -0.6815884709358215,
            1.6877110004425049
          ],
          [
            0.0,
            0.0,
            0.0,
            1.0
          ]
        ]
      },
      "bone_length_armature_space": 0.028514384517689763,
      "parent": "metacarpal_index_l",
      "has_children": true,
      "is_end_bone": false
    },
    "index_02_l": {
      "name": "index_02_l",
      "local": {
        "location": {
          "x": 0.0,
          "y": 0.0,
          "z": 0.0
        },
        "rotation_quaternion": {
          "w": 0.905868411064148,
          "x": 0.42352232336997986,
          "y": 0.002916062017902732,
          "z": -0.0047904122620821
        },
        "scale": {
          "x": 1.0,
          "y": 1.0,
          "z": 1.0
        },
        "matrix_basis": [
          [
            0.999937117099762,
            0.011149001307785511,
            0.0012254439061507583,
            0.0
          ],
          [
            -0.006208931561559439,
            0.6412118077278137,
            -0.7673389315605164,
            0.0
          ],
          [
            -0.009340830147266388,
            0.767283022403717,
            0.641240656375885,
            0.0
          ],
          [
            0.0,
            0.0,
            0.0,
            1.0
          ]
        ],
        "rotation_mode": "QUATERNION"
      },
      "armature_space": {
        "head": {
          "x": 0.6471077799797058,
          "y": -0.20906957983970642,
          "z": 0.7358192801475525
        },
        "tail": {
          "x": 0.6426737308502197,
          "y": -0.23018339276313782,
          "z": 0.7219398021697998
        }
      },
      "world_space": {
        "head": {
          "x": 0.6471077799797058,
          "y": -0.1458255797624588,
          "z": 1.6856732368469238
        },
        "tail": {
          "x": 0.6426737308502197,
          "y": -0.1669393926858902,
          "z": 1.671793818473816
        },
        "rotation_quaternion": {
          "w": 0.2897297441959381,
          "x": -0.8200696110725403,
          "y": -0.06733642518520355,
          "z": 0.48888492584228516
        },
        "matrix": [
          [
            0.5129155516624451,
            -0.17284610867500305,
            -0.8408578634262085,
            0.6471077799797058
          ],
          [
            0.39372944831848145,
            -0.823046088218689,
            0.40935608744621277,
            -0.1458255797624588
          ],
          [
            -0.762825071811676,
            -0.541040301322937,
            -0.35410064458847046,
            1.6856732368469238
          ],
          [
            0.0,
            0.0,
            0.0,
            1.0
          ]
        ]
      },
      "bone_length_armature_space": 0.025653338906045233,
      "parent": "index_01_l",
      "has_children": true,
      "is_end_bone": false
    },
    "index_03_l": {
      "name": "index_03_l",
      "local": {
        "location": {
          "x": 0.0,
          "y": 0.0,
          "z": 0.0
        },
        "rotation_quaternion": {
          "w": 0.927656352519989,
          "x": 0.37337663769721985,
          "y": 0.004794232081621885,
          "z": -0.0045522949658334255
        },
        "scale": {
          "x": 1.0,
          "y": 1.0,
          "z": 1.0
        },
        "matrix_basis": [
          [
            0.9999125599861145,
            0.012026038952171803,
            0.005495358724147081,
            0.0
          ],
          [
            -0.00486582238227129,
            0.7211382985115051,
            -0.6927740573883057,
            0.0
          ],
          [
            -0.012294241227209568,
            0.6926867961883545,
            0.721133828163147,
            0.0
          ],
          [
            0.0,
            0.0,
            0.0,
            1.0
          ]
        ],
        "rotation_mode": "QUATERNION"
      },
      "armature_space": {
        "head": {
          "x": 0.6426738500595093,
          "y": -0.2301834672689438,
          "z": 0.7219399213790894
        },
        "tail": {
          "x": 0.6228101849555969,
          "y": -0.2353881597518921,
          "z": 0.7011532783508301
        }
      },
      "world_space": {
        "head": {
          "x": 0.6426738500595093,
          "y": -0.16693946719169617,
          "z": 1.6717939376831055
        },
        "tail": {
          "x": 0.6228101849555969,
          "y": -0.17214415967464447,
          "z": 1.6510072946548462
        },
        "rotation_quaternion": {
          "w": 0.6331719160079956,
          "x": -0.6309113502502441,
          "y": 0.10014658421278,
          "z": 0.4370526373386383
        },
        "matrix": [
          [
            0.5979089736938477,
            -0.679826557636261,
            -0.42466551065444946,
            0.6426738500595093
          ],
          [
            0.4270946681499481,
            -0.1781291365623474,
            0.8864876627922058,
            -0.16693946719169617
          ],
          [
            -0.6783071160316467,
            -0.711416482925415,
            0.18384751677513123,
            1.6717939376831055
          ],
          [
            0.0,
            0.0,
            0.0,
            1.0
          ]
        ]
      },
      "bone_length_armature_space": 0.02921880456439558,
      "parent": "index_02_l",
      "has_children": false,
      "is_end_bone": true
    },
    "metacarpal_pinky_l": {
      "name": "metacarpal_pinky_l",
      "local": {
        "location": {
          "x": 0.0,
          "y": 0.0,
          "z": 0.0
        },
        "rotation_quaternion": {
          "w": 0.9997773170471191,
          "x": -0.008959737606346607,
          "y": 0.017630403861403465,
          "z": -0.007362006232142448
        },
        "scale": {
          "x": 1.0,
          "y": 1.0,
          "z": 1.0
        },
        "matrix_basis": [
          [
            0.999269962310791,
            0.014404806308448315,
            0.035384878516197205,
            0.0
          ],
          [
            -0.015036661177873611,
            0.9997310638427734,
            0.01765589416027069,
            0.0
          ],
          [
            -0.03512103110551834,
            -0.018175074830651283,
            0.9992178082466125,
            0.0
          ],
          [
            0.0,
            0.0,
            0.0,
            1.0
          ]
        ],
        "rotation_mode": "QUATERNION"
      },
      "armature_space": {
        "head": {
          "x": 0.5761232972145081,
          "y": -0.09991654008626938,
          "z": 0.6798951029777527
        },
        "tail": {
          "x": 0.6687873601913452,
          "y": -0.12536294758319855,
          "z": 0.7200084924697876
        }
      },
      "world_space": {
        "head": {
          "x": 0.5761232972145081,
          "y": -0.03667254000902176,
          "z": 1.629749059677124
        },
        "tail": {
          "x": 0.6687873601913452,
          "y": -0.06211894750595093,
          "z": 1.6698625087738037
        },
        "rotation_quaternion": {
          "w": 0.5736793279647827,
          "x": 0.032553497701883316,
          "y": -0.2206960916519165,
          "z": -0.7881152033805847
        },
        "matrix": [
          [
            -0.33966368436813354,
            0.8898817896842957,
            -0.30453065037727356,
            0.5761232972145081
          ],
          [
            -0.9186202883720398,
            -0.2443697601556778,
            0.3105161786079407,
            -0.03667254000902176
          ],
          [
            0.2019052654504776,
            0.38522157073020935,
            0.9004736542701721,
            1.629749059677124
          ],
          [
            0.0,
            0.0,
            0.0,
            1.0
          ]
        ]
      },
      "bone_length_armature_space": 0.10413084069101324,
      "parent": "lowerarm_l",
      "has_children": true,
      "is_end_bone": false
    },
    "pinky_01_l": {
      "name": "pinky_01_l",
      "local": {
        "location": {
          "x": 0.0,
          "y": 0.0,
          "z": 0.0
        },
        "rotation_quaternion": {
          "w": 0.9439488649368286,
          "x": 0.3299330174922943,
          "y": -0.010219625197350979,
          "z": -0.0005755957681685686
        },
        "scale": {
          "x": 1.0,
          "y": 1.0,
          "z": 1.0
        },
        "matrix_basis": [
          [
            0.9997904300689697,
            -0.005656917579472065,
            -0.01967342384159565,
            0.0
          ],
          [
            -0.007830249145627022,
            0.7822877168655396,
            -0.622868001461029,
            0.0
          ],
          [
            0.018913790583610535,
            0.6228915452957153,
            0.7820795178413391,
            0.0
          ],
          [
            0.0,
            0.0,
            0.0,
            1.0
          ]
        ],
        "rotation_mode": "QUATERNION"
      },
      "armature_space": {
        "head": {
          "x": 0.6687873601913452,
          "y": -0.12536294758319855,
          "z": 0.7200084924697876
        },
        "tail": {
          "x": 0.6837472915649414,
          "y": -0.14287027716636658,
