{
  "metadata": {
    "armature_name": "KIM_caucasian_male",
    "export_time": "2026-01-13T21:16:13.660792",
    "blender_version": "4.4.1",
    "bone_count": 56,
    "end_bone_count": 13,
    "spaces_included": [
      "LOCAL_CHANNELS",
      "ARMATURE_SPACE",
      "WORLD_SPACE"
    ],
    "note": "LOCAL matches Transform panel; replay pose via local.matrix_basis for best fidelity."
  },
  "bones": {
    "Root": {
      "name": "Root",
      "local": {
        "location": {
          "x": 0.0,
          "y": 0.0,
          "z": 0.0
        },
        "rotation_quaternion": {
          "w": 0.9999289512634277,
          "x": -0.007876348681747913,
          "y": 0.0016450275434181094,
          "z": 0.008795262314379215
        },
        "scale": {
          "x": 1.0,
          "y": 1.0,
          "z": 1.0
        },
        "matrix_basis": [
          [
            0.9998399019241333,
            -0.017615187913179398,
            0.003151272190734744,
            0.0
          ],
          [
            0.017563361674547195,
            0.9997212290763855,
            0.01578051596879959,
            0.0
          ],
          [
            -0.0034283704590052366,
            -0.015722641721367836,
            0.9998705387115479,
            0.0
          ],
          [
            0.0,
            0.0,
            0.0,
            1.0
          ]
        ],
        "rotation_mode": "QUATERNION"
      },
      "armature_space": {
        "head": {
          "x": 0.0,
          "y": 0.07072800397872925,
          "z": -0.009595036506652832
        },
        "tail": {
          "x": -0.0012572993291541934,
          "y": 0.00017058104276657104,
          "z": 0.0011093635112047195
        }
      },
      "world_space": {
        "head": {
          "x": 0.0,
          "y": 0.13397200405597687,
          "z": 0.9402589797973633
        },
        "tail": {
          "x": -0.0012572993291541934,
          "y": 0.06341458112001419,
          "z": 0.9509633779525757
        },
        "rotation_quaternion": {
          "w": 0.07522131502628326,
          "x": 0.9971267580986023,
          "y": -0.008664458990097046,
          "z": 0.002233809093013406
        },
        "matrix": [
          [
            0.9998399019241333,
            -0.017615187913179398,
            0.003151272190734744,
            0.0
          ],
          [
            -0.0169430673122406,
            -0.9885333180427551,
            -0.15004956722259521,
            0.13397200405597687
          ],
          [
            0.005758313462138176,
            0.14997225999832153,
            -0.9886805415153503,
            0.9402589797973633
          ],
          [
            0.0,
            0.0,
            0.0,
            1.0
          ]
        ]
      },
      "bone_length_armature_space": 0.07137587044088073,
      "parent": null,
      "has_children": true,
      "is_end_bone": false
    },
    "spine_01": {
      "name": "spine_01",
      "local": {
        "location": {
          "x": 0.0,
          "y": 0.0,
          "z": 0.0
        },
        "rotation_quaternion": {
          "w": 0.9968388080596924,
          "x": 0.008093629963696003,
          "y": 0.051975831389427185,
          "z": -0.059544339776039124
        },
        "scale": {
          "x": 1.0,
          "y": 1.0,
          "z": 1.0
        },
        "matrix_basis": [
          [
            0.9875059723854065,
            0.1195535659790039,
            0.1026591882109642,
            0.0
          ],
          [
            -0.11787087470293045,
            0.992777943611145,
            -0.022325821220874786,
            0.0
          ],
          [
            -0.10458691418170929,
            0.00994635559618473,
            0.9944660067558289,
            0.0
          ],
          [
            0.0,
            0.0,
            0.0,
            1.0
          ]
        ],
        "rotation_mode": "QUATERNION"
      },
      "armature_space": {
        "head": {
          "x": -0.0012572993291541934,
          "y": 0.00017058104276657104,
          "z": 0.0011093635112047195
        },
        "tail": {
          "x": 0.054720282554626465,
          "y": 0.024621957913041115,
          "z": 0.48527583479881287
        }
      },
      "world_space": {
        "head": {
          "x": -0.0012572993291541934,
          "y": 0.06341458112001419,
          "z": 0.9509633779525757
        },
        "tail": {
          "x": 0.054720282554626465,
          "y": 0.08786595612764359,
          "z": 1.4351298809051514
        },
        "rotation_quaternion": {
          "w": 0.7211436629295349,
          "x": 0.6890611052513123,
          "y": 0.07074003666639328,
          "z": -0.011939002200961113
        },
        "matrix": [
          [
            0.9897067546844482,
            0.11470787227153778,
            0.08557331562042236,
            -0.0012572993291541934
          ],
          [
            0.08026814460754395,
            0.050105154514312744,
            -0.9955132603645325,
            0.06341458112001419
          ],
          [
            -0.11848162114620209,
            0.9921419024467468,
            0.04038138687610626,
            0.9509633779525757
          ],
          [
            0.0,
            0.0,
            0.0,
            1.0
          ]
        ]
      },
      "bone_length_armature_space": 0.4880046412066552,
      "parent": "Root",
      "has_children": true,
      "is_end_bone": false
    },
    "neck_01": {
      "name": "neck_01",
      "local": {
        "location": {
          "x": 0.0,
          "y": 0.0,
          "z": 0.0
        },
        "rotation_quaternion": {
          "w": 0.9985425472259521,
          "x": -0.032150719314813614,
          "y": -0.03320576623082161,
          "z": -0.027866719290614128
        },
        "scale": {
          "x": 1.0,
          "y": 1.0,
          "z": 1.0
        },
        "matrix_basis": [
          [
            0.9962416291236877,
            0.05778738856315613,
            -0.0645228698849678,
            0.0
          ],
          [
            -0.05351703241467476,
            0.996379554271698,
            0.06605839729309082,
            0.0
          ],
          [
            0.06810661405324936,
            -0.06235704943537712,
            0.9957274198532104,
            0.0
          ],
          [
            0.0,
            0.0,
            0.0,
            1.0
          ]
        ],
        "rotation_mode": "QUATERNION"
      },
      "armature_space": {
        "head": {
          "x": 0.06608673930168152,
          "y": -0.006234258413314819,
          "z": 0.5593193769454956
        },
        "tail": {
          "x": 0.0858939066529274,
          "y": -0.03365705534815788,
          "z": 0.6560996174812317
        }
      },
      "world_space": {
        "head": {
          "x": 0.06608673930168152,
          "y": 0.0570097416639328,
          "z": 1.5091733932495117
        },
        "tail": {
          "x": 0.0858939066529274,
          "y": 0.029586944729089737,
          "z": 1.6059536933898926
        },
        "rotation_quaternion": {
          "w": 0.6010137796401978,
          "x": 0.79325270652771,
          "y": 0.07099534571170807,
          "z": -0.06702489405870438
        },
        "matrix": [
          [
            0.9809346795082092,
            0.19320042431354523,
            -0.02099590003490448,
            0.06608673930168152
          ],
          [
            0.03206973522901535,
            -0.26748380064964294,
            -0.9630287289619446,
            0.0570097416639328
          ],
          [
            -0.19167488813400269,
            0.9440010786056519,
            -0.2685827910900116,
            1.5091733932495117
          ],
          [
            0.0,
            0.0,
            0.0,
            1.0
          ]
        ]
      },
      "bone_length_armature_space": 0.10252194006194452,
      "parent": "spine_01",
      "has_children": true,
      "is_end_bone": false
    },
    "head": {
      "name": "head",
      "local": {
        "location": {
          "x": 0.0,
          "y": 0.0,
          "z": 0.0
        },
        "rotation_quaternion": {
          "w": 0.9763160943984985,
          "x": -0.1494818478822708,
          "y": -0.02413010410964489,
          "z": 0.15453070402145386
        },
        "scale": {
          "x": 1.0,
          "y": 1.0,
          "z": 1.0
        },
        "matrix_basis": [
          [
            0.9510759711265564,
            -0.2945275902748108,
            -0.09331628680229187,
            0.0
          ],
          [
            0.3089556396007538,
            0.9075508713722229,
            0.28442537784576416,
            0.0
          ],
          [
            0.0009181476198136806,
            -0.29934075474739075,
            0.9541458487510681,
            0.0
          ],
          [
            0.0,
            0.0,
            0.0,
            1.0
          ]
        ],
        "rotation_mode": "QUATERNION"
      },
      "armature_space": {
        "head": {
          "x": 0.0858938917517662,
          "y": -0.03365718573331833,
          "z": 0.6560994982719421
        },
        "tail": {
          "x": 0.06521362066268921,
          "y": 0.025085441768169403,
          "z": 0.798137903213501
        }
      },
      "world_space": {
        "head": {
          "x": 0.0858938917517662,
          "y": 0.02958681434392929,
          "z": 1.6059534549713135
        },
        "tail": {
          "x": 0.06521362066268921,
          "y": 0.08832944184541702,
          "z": 1.747991919517517
        },
        "rotation_quaternion": {
          "w": 0.829581618309021,
          "x": 0.5543623566627502,
          "y": -0.03429515287280083,
          "z": 0.05745036154985428
        },
        "matrix": [
          [
            0.991046667098999,
            -0.13334351778030396,
            0.006796073168516159,
            0.0858938917517662
          ],
          [
            0.05729639530181885,
            0.37876424193382263,
            -0.9237181544303894,
            0.02958681434392929
          ],
          [
            0.12059860676527023,
            0.9158437252044678,
            0.38301485776901245,
            1.6059534549713135
          ],
          [
            0.0,
            0.0,
            0.0,
            1.0
          ]
        ]
      },
      "bone_length_armature_space": 0.1550911968474313,
      "parent": "neck_01",
      "has_children": false,
      "is_end_bone": true
    },
    "upperarm_l": {
      "name": "upperarm_l",
      "local": {
        "location": {
          "x": 0.0,
          "y": 0.0,
          "z": 0.0
        },
        "rotation_quaternion": {
          "w": 0.9644993543624878,
          "x": 0.12794922292232513,
          "y": -0.16585880517959595,
          "z": -0.1608135998249054
        },
        "scale": {
          "x": 1.0,
          "y": 1.0,
          "z": 1.0
        },
        "matrix_basis": [
          [
            0.8932597041130066,
            0.26776620745658875,
            -0.3610933721065521,
            0.0
          ],
          [
            -0.35265225172042847,
            0.9155359864234924,
            -0.19346918165683746,
            0.0
          ],
          [
            0.2787894606590271,
            0.3001585900783539,
            0.9122397303581238,
            0.0
          ],
          [
            0.0,
            0.0,
            0.0,
            1.0
          ]
        ],
        "rotation_mode": "QUATERNION"
      },
      "armature_space": {
        "head": {
          "x": 0.20710641145706177,
          "y": -0.0007363110780715942,
          "z": 0.47499626874923706
        },
        "tail": {
          "x": 0.4479556679725647,
          "y": -0.05362647771835327,
          "z": 0.3701055943965912
        }
      },
      "world_space": {
        "head": {
          "x": 0.20710641145706177,
          "y": 0.06250768899917603,
          "z": 1.4248502254486084
        },
        "tail": {
          "x": 0.4479556679725647,
          "y": 0.009617522358894348,
          "z": 1.3199596405029297
        },
        "rotation_quaternion": {
          "w": 0.4359697997570038,
          "x": 0.3020668029785156,
          "y": 0.4596121907234192,
          "z": -0.7123501896858215
        },
        "matrix": [
          [
            -0.4373714029788971,
            0.8987938165664673,
            -0.029599599540233612,
            0.20710641145706177
          ],
          [
            -0.34346169233322144,
            -0.1973738819360733,
            -0.9181927442550659,
            0.06250768899917603
          ],
          [
            -0.8311140537261963,
            -0.39142778515815735,
            0.3950287997722626,
            1.4248502254486084
          ],
          [
            0.0,
            0.0,
            0.0,
            1.0
          ]
        ]
      },
      "bone_length_armature_space": 0.26796975286799357,
      "parent": "spine_01",
      "has_children": true,
      "is_end_bone": false
    },
    "lowerarm_l": {
      "name": "lowerarm_l",
      "local": {
        "location": {
          "x": 0.0,
          "y": 0.0,
          "z": 0.0
        },
        "rotation_quaternion": {
          "w": 0.9105465412139893,
          "x": 0.3615657389163971,
          "y": -0.18704605102539062,
          "z": 0.07203558832406998
        },
        "scale": {
          "x": 1.0,
          "y": 1.0,
          "z": 1.0
        },
        "matrix_basis": [
          [
            0.9196493029594421,
            -0.2664423882961273,
            -0.28853705525398254,
            0.0
          ],
          [
            -0.004075375851243734,
            0.7281621694564819,
            -0.6853927969932556,
            0.0
          ],
          [
            0.39271947741508484,
            0.6314969062805176,
            0.668567955493927,
            0.0
          ],
          [
            0.0,
            0.0,
            0.0,
            1.0
          ]
        ],
        "rotation_mode": "QUATERNION"
      },
      "armature_space": {
        "head": {
          "x": 0.44795581698417664,
          "y": -0.05362650007009506,
          "z": 0.37010568380355835
        },
        "tail": {
          "x": 0.640731930732727,
          "y": -0.21365538239479065,
          "z": 0.4639011025428772
        }
      },
      "world_space": {
        "head": {
          "x": 0.44795581698417664,
          "y": 0.009617500007152557,
          "z": 1.3199596405029297
        },
        "tail": {
          "x": 0.640731930732727,
          "y": -0.15041138231754303,
          "z": 1.413755178451538
        },
        "rotation_quaternion": {
          "w": 0.44667816162109375,
          "x": 0.3229815363883972,
          "y": -0.03723103925585747,
          "z": -0.83353191614151
        },
        "matrix": [
          [
            -0.3923223614692688,
            0.7205923795700073,
            -0.5716902613639832,
            0.44795581698417664
          ],
          [
            -0.7686913013458252,
            -0.5981840491294861,
            -0.2264726758003235,
            0.009617500007152557
          ],
          [
            -0.5051745772361755,
            0.35060495138168335,
            0.7885992527008057,
            1.3199596405029297
          ],
          [
            0.0,
            0.0,
            0.0,
            1.0
          ]
        ]
      },
      "bone_length_armature_space": 0.26752467561376314,
      "parent": "upperarm_l",
      "has_children": true,
      "is_end_bone": false
    },
    "metacarpal_thumb_l": {
      "name": "metacarpal_thumb_l",
      "local": {
        "location": {
          "x": 0.0,
          "y": 0.0,
          "z": 0.0
        },
        "rotation_quaternion": {
          "w": 0.9999702572822571,
          "x": -0.0021220026537775993,
          "y": -0.007420574780553579,
          "z": -0.00015829328913241625
        },
        "scale": {
          "x": 1.0,
          "y": 1.0,
          "z": 1.0
        },
        "matrix_basis": [
          [
            0.9998897910118103,
            0.0003480701125226915,
            -0.014840036630630493,
            0.0
          ],
          [
            -0.000285084213828668,
            0.9999909400939941,
            0.004246228374540806,
            0.0
          ],
          [
            0.014841379597783089,
            -0.004241529852151871,
            0.999880850315094,
            0.0
          ],
          [
            0.0,
            0.0,
            0.0,
            1.0
          ]
        ],
        "rotation_mode": "QUATERNION"
      },
      "armature_space": {
        "head": {
          "x": 0.640731930732727,
          "y": -0.21365538239479065,
          "z": 0.4639011025428772
        },
        "tail": {
          "x": 0.6487815380096436,
          "y": -0.25041893124580383,
          "z": 0.4961073398590088
        }
      },
      "world_space": {
        "head": {
          "x": 0.640731930732727,
          "y": -0.15041138231754303,
          "z": 1.413755178451538
        },
        "tail": {
          "x": 0.6487815380096436,
          "y": -0.1871749311685562,
          "z": 1.445961356163025
        },
        "rotation_quaternion": {
          "w": 0.3585280179977417,
          "x": 0.8922225832939148,
          "y": -0.019004028290510178,
          "z": -0.2739258110523224
        },
        "matrix": [
          [
            0.84920734167099,
            0.16250814497470856,
            -0.5024319887161255,
            0.640731930732727
          ],
          [
            -0.2303314059972763,
            -0.7421932220458984,
            -0.6293622851371765,
            -0.15041138231754303
          ],
          [
            -0.47518160939216614,
            0.6501886248588562,
            -0.5928497910499573,
            1.413755178451538
          ],
          [
            0.0,
            0.0,
            0.0,
            1.0
          ]
        ]
      },
      "bone_length_armature_space": 0.04953379089387876,
      "parent": "lowerarm_l",
      "has_children": true,
      "is_end_bone": false
    },
    "thumb_01_l": {
      "name": "thumb_01_l",
      "local": {
        "location": {
          "x": 0.0,
          "y": 0.0,
          "z": 0.0
        },
        "rotation_quaternion": {
          "w": 0.9594518542289734,
          "x": 0.28093451261520386,
          "y": 0.022789862006902695,
          "z": 0.0029335131403058767
        },
        "scale": {
          "x": 1.0,
          "y": 1.0,
          "z": 1.0
        },
        "matrix_basis": [
          [
            0.9989440441131592,
            0.0071757882833480835,
            0.04537980258464813,
            0.0
          ],
          [
            0.01843404769897461,
            0.842134416103363,
            -0.5389525890350342,
            0.0
          ],
          [
            -0.04208330065011978,
            0.5392199754714966,
            0.8411128520965576,
            0.0
          ],
          [
            0.0,
            0.0,
            0.0,
            1.0
          ]
        ],
        "rotation_mode": "QUATERNION"
      },
      "armature_space": {
        "head": {
          "x": 0.6487815380096436,
          "y": -0.25041893124580383,
          "z": 0.4961073398590088
        },
        "tail": {
          "x": 0.6532562375068665,
          "y": -0.2834186553955078,
          "z": 0.4890630841255188
        }
      },
      "world_space": {
        "head": {
          "x": 0.6487815380096436,
          "y": -0.1871749311685562,
          "z": 1.445961356163025
        },
        "tail": {
          "x": 0.6532562375068665,
          "y": -0.2201746553182602,
          "z": 1.4389171600341797
        },
        "rotation_quaternion": {
          "w": 0.12352189421653748,
          "x": -0.8307145237922668,
          "y": 0.0015890930080786347,
          "z": -0.5428198575973511
        },
        "matrix": [
          [
            0.41068845987319946,
            0.13145896792411804,
            0.9022491574287415,
            0.6487815380096436
          ],
          [
            -0.13673993945121765,
            -0.9694800972938538,
            0.203496515750885,
            -0.1871749311685562
          ],
          [
            0.9014698266983032,
            -0.20694956183433533,
            -0.3801809847354889,
            1.445961356163025
          ],
          [
            0.0,
            0.0,
            0.0,
            1.0
          ]
        ]
      },
      "bone_length_armature_space": 0.03403859903732294,
      "parent": "metacarpal_thumb_l",
      "has_children": true,
      "is_end_bone": false
    },
    "thumb_02_l": {
      "name": "thumb_02_l",
      "local": {
        "location": {
          "x": 0.0,
          "y": 0.0,
          "z": 0.0
        },
        "rotation_quaternion": {
          "w": 0.9047670960426331,
          "x": 0.4256952106952667,
          "y": -0.01331549696624279,
          "z": 0.0016954595921561122
        },
        "scale": {
          "x": 1.0,
          "y": 1.0,
          "z": 1.0
        },
        "matrix_basis": [
          [
            0.999639630317688,
            -0.014404678717255592,
            -0.022651348263025284,
            0.0
          ],
          [
            -0.008268694393336773,
            0.6375614404678345,
            -0.7703551650047302,
            0.0
          ],
          [
            0.02553834579885006,
            0.7702648639678955,
            0.6372125744819641,
            0.0
          ],
          [
            0.0,
            0.0,
            0.0,
            1.0
          ]
        ],
        "rotation_mode": "QUATERNION"
      },
      "armature_space": {
        "head": {
          "x": 0.6532561182975769,
          "y": -0.2834186255931854,
          "z": 0.4890630841255188
        },
        "tail": {
          "x": 0.6872682571411133,
          "y": -0.2670901119709015,
          "z": 0.502837598323822
        }
      },
      "world_space": {
        "head": {
          "x": 0.6532561182975769,
          "y": -0.2201746255159378,
          "z": 1.4389171600341797
        },
        "tail": {
          "x": 0.6872682571411133,
          "y": -0.20384611189365387,
          "z": 1.4526915550231934
        },
        "rotation_quaternion": {
          "w": 0.5112516283988953,
          "x": -0.27556347846984863,
          "y": -0.6647494435310364,
          "z": -0.4698880612850189
        },
        "matrix": [
          [
            -0.32537388801574707,
            0.8468226194381714,
            -0.4207414388656616,
            0.6532561182975769
          ],
          [
            -0.11409883946180344,
            0.406542032957077,
            0.9064795970916748,
            -0.2201746255159378
          ],
          [
            0.9386826753616333,
            0.34295356273651123,
            -0.03565599024295807,
            1.4389171600341797
          ],
          [
            0.0,
            0.0,
            0.0,
            1.0
          ]
        ]
      },
      "bone_length_armature_space": 0.04016445169388284,
      "parent": "thumb_01_l",
      "has_children": true,
      "is_end_bone": false
    },
    "thumb_03_l": {
      "name": "thumb_03_l",
      "local": {
        "location": {
          "x": 0.0,
          "y": 0.0,
          "z": 0.0
        },
        "rotation_quaternion": {
          "w": 0.9876770377159119,
          "x": 0.15612459182739258,
          "y": -0.010287744924426079,
          "z": -0.0036499982234090567
        },
        "scale": {
          "x": 1.0,
          "y": 1.0,
          "z": 1.0
        },
        "matrix_basis": [
          [
            0.999761700630188,
            0.00399769889190793,
            -0.021461647003889084,
            0.0
          ],
          [
            -0.010422378778457642,
            0.9512235522270203,
            -0.30832624435424805,
            0.0
          ],
          [
            0.019182229414582253,
            0.30847644805908203,
            0.9510385394096375,
            0.0
          ],
          [
            0.0,
            0.0,
            0.0,
            1.0
          ]
        ],
        "rotation_mode": "QUATERNION"
      },
      "armature_space": {
        "head": {
          "x": 0.6872681975364685,
          "y": -0.26709020137786865,
          "z": 0.5028376579284668
        },
        "tail": {
          "x": 0.7025001049041748,
          "y": -0.2417794018983841,
          "z": 0.5102028250694275
        }
      },
      "world_space": {
        "head": {
          "x": 0.6872681975364685,
          "y": -0.20384620130062103,
          "z": 1.452691674232483
        },
        "tail": {
          "x": 0.7025001049041748,
          "y": -0.17853540182113647,
          "z": 1.4600567817687988
        },
        "rotation_quaternion": {
          "w": 0.7155126929283142,
          "x": -0.07906606793403625,
          "y": -0.6353932619094849,
          "z": -0.27940237522125244
        },
        "matrix": [
          [
            0.036418937146663666,
            0.5003100037574768,
            -0.8650801777839661,
            0.6872681975364685
          ],
          [
            -0.2993555963039398,
            0.8313647508621216,
            0.468208372592926,
            -0.20384620130062103
          ],
          [
            0.9534526467323303,
            0.24191738665103912,
            0.18004973232746124,
            1.452691674232483
          ],
          [
            0.0,
            0.0,
            0.0,
            1.0
          ]
        ]
      },
      "bone_length_armature_space": 0.03044492136945695,
      "parent": "thumb_02_l",
      "has_children": false,
      "is_end_bone": true
    },
    "metacarpal_index_l": {
      "name": "metacarpal_index_l",
      "local": {
        "location": {
          "x": 0.0,
          "y": 0.0,
          "z": 0.0
        },
        "rotation_quaternion": {
          "w": 0.9983245730400085,
          "x": -0.053460896015167236,
          "y": -0.0158377792686224,
          "z": 0.015469093807041645
        },
        "scale": {
          "x": 1.0,
          "y": 1.0,
          "z": 1.0
        },
        "matrix_basis": [
          [
            0.9990197420120239,
            -0.02919294871389866,
            -0.03327647224068642,
            0.0
          ],
          [
            0.032579757273197174,
            0.9938052892684937,
            0.10625266283750534,
            0.0
          ],
          [
            0.02996850572526455,
            -0.10723264515399933,
            0.9937822222709656,
            0.0
          ],
          [
            0.0,
            0.0,
            0.0,
            1.0
          ]
        ],
        "rotation_mode": "QUATERNION"
      },
      "armature_space": {
        "head": {
          "x": 0.640731930732727,
          "y": -0.21365538239479065,
          "z": 0.4639011025428772
        },
        "tail": {
          "x": 0.7064942717552185,
          "y": -0.28334560990333557,
          "z": 0.5313388705253601
        }
      },
      "world_space": {
        "head": {
          "x": 0.640731930732727,
          "y": -0.15041138231754303,
          "z": 1.413755178451538
        },
        "tail": {
          "x": 0.7064942717552185,
          "y": -0.22010160982608795,
          "z": 1.4811928272247314
        },
        "rotation_quaternion": {
          "w": 0.44812846183776855,
          "x": 0.6951468586921692,
          "y": 0.04236167296767235,
          "z": -0.5604973435401917
        },
        "matrix": [
          [
            0.3680964708328247,
            0.5612475872039795,
            -0.7412868738174438,
            0.640731930732727
          ],
          [
            -0.443454772233963,
            -0.5947699546813965,
            -0.6705198287963867,
            -0.15041138231754303
          ],
          [
            -0.8172287344932556,
            0.5755465626716614,
            0.02995476871728897,
            1.413755178451538
          ],
          [
            0.0,
            0.0,
            0.0,
            1.0
          ]
        ]
      },
      "bone_length_armature_space": 0.11717195010332264,
      "parent": "lowerarm_l",
      "has_children": true,
      "is_end_bone": false
    },
    "index_01_l": {
      "name": "index_01_l",
      "local": {
        "location": {
          "x": 0.0,
          "y": 0.0,
          "z": 0.0
        },
        "rotation_quaternion": {
          "w": 0.9522789120674133,
          "x": 0.3044784367084503,
          "y": 0.021396076306700706,
          "z": -0.00012891041114926338
        },
        "scale": {
          "x": 1.0,
          "y": 1.0,
          "z": 1.0
        },
        "matrix_basis": [
          [
            0.9990843534469604,
            0.013274804688990116,
            0.040671564638614655,
            0.0
          ],
          [
            0.012783770449459553,
            0.8145857453346252,
            -0.5799022912979126,
            0.0
          ],
          [
            -0.04082856699824333,
            0.5798912644386292,
            0.8136701583862305,
            0.0
          ],
          [
            0.0,
            0.0,
            0.0,
            1.0
          ]
        ],
        "rotation_mode": "QUATERNION"
      },
      "armature_space": {
        "head": {
          "x": 0.7064942717552185,
          "y": -0.28334560990333557,
          "z": 0.5313388705253601
        },
        "tail": {
          "x": 0.7132231593132019,
          "y": -0.31032416224479675,
          "z": 0.5376594066619873
        }
      },
      "world_space": {
        "head": {
          "x": 0.7064942717552185,
          "y": -0.22010160982608795,
          "z": 1.4811928272247314
        },
        "tail": {
          "x": 0.7132231593132019,
          "y": -0.24708016216754913,
          "z": 1.4875134229660034
        },
        "rotation_quaternion": {
          "w": 0.16297480463981628,
          "x": 0.754975438117981,
          "y": 0.019233515486121178,
          "z": -0.6348870396614075
        },
        "matrix": [
          [
            0.19309744238853455,
            0.23598188161849976,
            -0.9523792266845703,
            0.7064942717552185
          ],
          [
            -0.17789965867996216,
            -0.946138858795166,
            -0.27050551772117615,
            -0.22010160982608795
          ],
          [
            -0.9649239182472229,
            0.2216624915599823,
            -0.14071711897850037,
            1.4811928272247314
          ],
          [
            0.0,
            0.0,
            0.0,
            1.0
          ]
        ]
      },
      "bone_length_armature_space": 0.028514371376536278,
      "parent": "metacarpal_index_l",
      "has_children": true,
      "is_end_bone": false
    },
    "index_02_l": {
      "name": "index_02_l",
      "local": {
        "location": {
          "x": 0.0,
          "y": 0.0,
          "z": 0.0
        },
        "rotation_quaternion": {
          "w": 0.8987053632736206,
          "x": 0.43840497732162476,
          "y": -0.001113747013732791,
          "z": -0.011338645592331886
        },
        "scale": {
          "x": 1.0,
          "y": 1.0,
          "z": 1.0
        },
        "matrix_basis": [
          [
            0.9997403621673584,
            0.01940365880727768,
            -0.011943697929382324,
            0.0
          ],
          [
            -0.021356748417019844,
            0.6153450012207031,
            -0.7879685759544373,
            0.0
          ],
          [
            -0.007939976640045643,
            0.788019061088562,
            0.6155996918678284,
            0.0
          ],
          [
            0.0,
            0.0,
            0.0,
            1.0
          ]
        ],
        "rotation_mode": "QUATERNION"
      },
      "armature_space": {
        "head": {
          "x": 0.7132229208946228,
          "y": -0.3103245794773102,
          "z": 0.5376597046852112
        },
        "tail": {
          "x": 0.6983414888381958,
          "y": -0.33118563890457153,
          "z": 0.5388634204864502
        }
      },
      "world_space": {
        "head": {
          "x": 0.7132229208946228,
          "y": -0.24708057940006256,
          "z": 1.487513780593872
        },
        "tail": {
          "x": 0.6983414888381958,
          "y": -0.2679416537284851,
          "z": 1.4887174367904663
        },
        "rotation_quaternion": {
          "w": 0.1772346943616867,
          "x": -0.7286520004272461,
          "y": 0.2489805370569229,
          "z": 0.6129134893417358
        },
        "matrix": [
          [
            0.1246914491057396,
            -0.5800998210906982,
            -0.804945170879364,
            0.7132229208946228
          ],
          [
            -0.14558172225952148,
            -0.8131930232048035,
            0.563491940498352,
            -0.24708057940006256
          ],
          [
            -0.9814639091491699,
            0.04692220315337181,
            -0.18585093319416046,
            1.487513780593872
          ],
          [
            0.0,
            0.0,
            0.0,
            1.0
          ]
        ]
      },
      "bone_length_armature_space": 0.02565326047000132,
      "parent": "index_01_l",
      "has_children": true,
      "is_end_bone": false
    },
    "index_03_l": {
      "name": "index_03_l",
      "local": {
        "location": {
          "x": 0.0,
          "y": 0.0,
          "z": 0.0
        },
        "rotation_quaternion": {
          "w": 0.9252837896347046,
          "x": 0.37926945090293884,
          "y": 0.0016870014369487762,
          "z": 0.0013113468885421753
        },
        "scale": {
          "x": 1.0,
          "y": 1.0,
          "z": 1.0
        },
        "matrix_basis": [
          [
            0.9999908804893494,
            -0.0011470798635855317,
            0.004116617608815432,
            0.0
          ],
          [
            0.003706392366439104,
            0.7123059034347534,
            -0.7018592953681946,
            0.0
          ],
          [
            -0.002127202460542321,
            0.7018681764602661,
            0.7123036980628967,
            0.0
          ],
          [
            0.0,
            0.0,
            0.0,
            1.0
          ]
        ],
        "rotation_mode": "QUATERNION"
      },
      "armature_space": {
        "head": {
          "x": 0.6983416080474854,
          "y": -0.3311856985092163,
          "z": 0.5388634204864502
        },
        "tail": {
          "x": 0.6700143814086914,
          "y": -0.33436211943626404,
          "z": 0.5324437022209167
        }
      },
      "world_space": {
        "head": {
          "x": 0.6983416080474854,
          "y": -0.2679417133331299,
          "z": 1.4887174367904663
        },
        "tail": {
          "x": 0.6700143814086914,
          "y": -0.2711181044578552,
          "z": 1.482297658920288
        },
        "rotation_quaternion": {
          "w": 0.49485093355178833,
          "x": -0.609368622303009,
          "y": 0.4480701684951782,
          "z": 0.4278148412704468
        },
        "matrix": [
          [
            0.2324150651693344,
            -0.9694892168045044,
            -0.07793831825256348,
            0.6983416080474854
          ],
          [
            -0.12267248332500458,
            -0.10871228575706482,
            0.9864751100540161,
            -0.2679417133331299
          ],
          [
            -0.9648562073707581,
            -0.21971242129802704,
            -0.1441960632801056,
            1.4887174367904663
          ],
          [
            0.0,
            0.0,
            0.0,
            1.0
          ]
        ]
      },
      "bone_length_armature_space": 0.029218730466398928,
      "parent": "index_02_l",
      "has_children": false,
      "is_end_bone": true
    },
    "metacarpal_pinky_l": {
      "name": "metacarpal_pinky_l",
      "local": {
        "location": {
          "x": 0.0,
          "y": 0.0,
          "z": 0.0
        },
        "rotation_quaternion": {
          "w": 0.9998331069946289,
          "x": -0.017357824370265007,
          "y": -0.004485952667891979,
          "z": 0.003528336063027382
        },
        "scale": {
          "x": 1.0,
          "y": 1.0,
          "z": 1.0
        },
        "matrix_basis": [
          [
            0.9999348521232605,
            -0.006899761501699686,
            -0.009092896245419979,
            0.0
          ],
          [
            0.007211226969957352,
            0.9993725419044495,
            0.034678198397159576,
            0.0
          ],
          [
            0.008847919292747974,
            -0.03474150970578194,
            0.9993571639060974,
            0.0
          ],
          [
            0.0,
            0.0,
            0.0,
            1.0
          ]
        ],
        "rotation_mode": "QUATERNION"
      },
      "armature_space": {
        "head": {
          "x": 0.640731930732727,
          "y": -0.21365538239479065,
          "z": 0.4639011025428772
        },
        "tail": {
          "x": 0.7292629480361938,
          "y": -0.2680947184562683,
          "z": 0.4703693091869354
        }
      },
      "world_space": {
        "head": {
          "x": 0.640731930732727,
          "y": -0.15041138231754303,
          "z": 1.413755178451538
        },
        "tail": {
          "x": 0.7292629480361938,
          "y": -0.2048507183790207,
          "z": 1.420223355293274
        },
        "rotation_quaternion": {
          "w": 0.4414188861846924,
          "x": -0.31519362330436707,
          "y": -0.2091643214225769,
          "z": -0.8136662244796753
        },
        "matrix": [
          [
            -0.41160422563552856,
            0.8501905798912048,
            0.3282650411128998,
            0.640731930732727
          ],
          [
            -0.5864810347557068,
            -0.5227978229522705,
            0.6186459064483643,
            -0.15041138231754303
          ],
          [
            0.6975874900817871,
            0.06211609020829201,
            0.7138118147850037,
            1.413755178451538
          ],
          [
            0.0,
            0.0,
            0.0,
            1.0
          ]
        ]
      },
      "bone_length_armature_space": 0.10413078232938607,
      "parent": "lowerarm_l",
      "has_children": true,
      "is_end_bone": false
    },
    "pinky_01_l": {
      "name": "pinky_01_l",
      "local": {
        "location": {
          "x": 0.0,
          "y": 0.0,
          "z": 0.0
        },
        "rotation_quaternion": {
          "w": 0.942484974861145,
          "x": 0.33400610089302063,
          "y": 0.012547167018055916,
          "z": 0.002175931353121996
        },
        "scale": {
          "x": 1.0,
          "y": 1.0,
          "z": 1.0
        },
        "matrix_basis": [
          [
            0.9996756911277771,
            0.00428009545430541,
            0.0251045823097229,
            0.0
          ],
          [
            0.012483226135373116,
            0.7768703699111938,
            -0.6295368671417236,
            0.0
          ],
          [
            -0.022197484970092773,
            0.6296460628509521,
            0.7765650153160095,
            0.0
          ],
          [
            0.0,
            0.0,
            0.0,
            1.0
          ]
        ],
        "rotation_mode": "QUATERNION"
      },
      "armature_space": {
        "head": {
          "x": 0.7292629480361938,
          "y": -0.2680947184562683,
          "z": 0.4703693091869354
        },
        "tail": {
          "x": 0.7341665625572205,
