{
  "metadata": {
    "armature_name": "KIM_caucasian_male",
    "export_time": "2026-01-13T21:04:02.644964",
    "blender_version": "4.4.1",
    "bone_count": 56,
    "end_bone_count": 13,
    "spaces_included": [
      "LOCAL_CHANNELS",
      "ARMATURE_SPACE",
      "WORLD_SPACE"
    ],
    "note": "LOCAL matches Transform panel; replay pose via local.matrix_basis for best fidelity."
  },
  "bones": {
    "Root": {
      "name": "Root",
      "local": {
        "location": {
          "x": 0.0,
          "y": 0.0,
          "z": 0.0
        },
        "rotation_quaternion": {
          "w": 0.9993939399719238,
          "x": 0.010652556084096432,
          "y": 0.012568831443786621,
          "z": 0.03066404163837433
        },
        "scale": {
          "x": 1.0,
          "y": 1.0,
          "z": 1.0
        },
        "matrix_basis": [
          [
            0.9978035092353821,
            -0.06102313473820686,
            0.02577572874724865,
            0.0
          ],
          [
            0.061558693647384644,
            0.9978924989700317,
            -0.02052137814462185,
            0.0
          ],
          [
            -0.024469127878546715,
            0.02206302247941494,
            0.9994571208953857,
            0.0
          ],
          [
            0.0,
            0.0,
            0.0,
            1.0
          ]
        ],
        "rotation_mode": "QUATERNION"
      },
      "armature_space": {
        "head": {
          "x": 0.0,
          "y": 0.07072800397872925,
          "z": -0.009595036506652832
        },
        "tail": {
          "x": -0.004355579148977995,
          "y": -6.263703107833862e-05,
          "z": -0.0015807067975401878
        }
      },
      "world_space": {
        "head": {
          "x": 0.0,
          "y": 0.13397200405597687,
          "z": 0.9402589797973633
        },
        "tail": {
          "x": -0.004355579148977995,
          "y": 0.06318136304616928,
          "z": 0.9482733011245728
        },
        "rotation_quaternion": {
          "w": 0.05669847130775452,
          "x": 0.9978411793708801,
          "y": -0.02974764257669449,
          "z": 0.014606048353016376
        },
        "matrix": [
          [
            0.9978035092353821,
            -0.06102313473820686,
            0.02577572874724865,
            0.0
          ],
          [
            -0.05771055817604065,
            -0.9918007254600525,
            -0.11402159929275513,
            0.13397200405597687
          ],
          [
            0.03252251446247101,
            0.11228346079587936,
            -0.9931509494781494,
            0.9402589797973633
          ],
          [
            0.0,
            0.0,
            0.0,
            1.0
          ]
        ]
      },
      "bone_length_armature_space": 0.07137587509342282,
      "parent": null,
      "has_children": true,
      "is_end_bone": false
    },
    "spine_01": {
      "name": "spine_01",
      "local": {
        "location": {
          "x": 0.0,
          "y": 0.0,
          "z": 0.0
        },
        "rotation_quaternion": {
          "w": 0.9990248680114746,
          "x": 0.0012897445121780038,
          "y": 0.014108724892139435,
          "z": 0.041817329823970795
        },
        "scale": {
          "x": 1.0,
          "y": 1.0,
          "z": 1.0
        },
        "matrix_basis": [
          [
            0.9961045384407043,
            -0.08351670950651169,
            0.028297800570726395,
            0.0
          ],
          [
            0.08358950167894363,
            0.9964993000030518,
            -0.0013969952706247568,
            0.0
          ],
          [
            -0.028082067146897316,
            0.003756952006369829,
            0.9995985627174377,
            0.0
          ],
          [
            0.0,
            0.0,
            0.0,
            1.0
          ]
        ],
        "rotation_mode": "QUATERNION"
      },
      "armature_space": {
        "head": {
          "x": -0.004355579148977995,
          "y": -6.263703107833862e-05,
          "z": -0.0015807067975401878
        },
        "tail": {
          "x": -0.06022605299949646,
          "y": 0.01326475478708744,
          "z": 0.48303189873695374
        }
      },
      "world_space": {
        "head": {
          "x": -0.004355579148977995,
          "y": 0.06318136304616928,
          "z": 0.9482733011245728
        },
        "tail": {
          "x": -0.06022605299949646,
          "y": 0.07650875300168991,
          "z": 1.4328858852386475
        },
        "rotation_quaternion": {
          "w": 0.7148900628089905,
          "x": 0.6967170834541321,
          "y": -0.05086296796798706,
          "z": 0.030504141002893448
        },
        "matrix": [
          [
            0.992965042591095,
            -0.114488385617733,
            -0.030216598883271217,
            -0.004355579148977995
          ],
          [
            -0.027259163558483124,
            0.027310160920023918,
            -0.999255359172821,
            0.06318136304616928
          ],
          [
            0.11522912979125977,
            0.9930561184883118,
            0.02399642951786518,
            0.9482733011245728
          ],
          [
            0.0,
            0.0,
            0.0,
            1.0
          ]
        ]
      },
      "bone_length_armature_space": 0.4880046183353169,
      "parent": "Root",
      "has_children": true,
      "is_end_bone": false
    },
    "neck_01": {
      "name": "neck_01",
      "local": {
        "location": {
          "x": 0.0,
          "y": 0.0,
          "z": 0.0
        },
        "rotation_quaternion": {
          "w": 0.9897469282150269,
          "x": 0.03384178504347801,
          "y": 0.09764645993709564,
          "z": -0.09859468787908554
        },
        "scale": {
          "x": 1.0,
          "y": 1.0,
          "z": 1.0
        },
        "matrix_basis": [
          [
            0.9614884853363037,
            0.2017766386270523,
            0.18661732971668243,
            0.0
          ],
          [
            -0.18855851888656616,
            0.9782676696777344,
            -0.08624444901943207,
            0.0
          ],
          [
            -0.19996380805969238,
            0.047734759747982025,
            0.9786397814750671,
            0.0
          ],
          [
            0.0,
            0.0,
            0.0,
            1.0
          ]
        ],
        "rotation_mode": "QUATERNION"
      },
      "armature_space": {
        "head": {
          "x": -0.06965664029121399,
          "y": -0.019390255212783813,
          "z": 0.5565741062164307
        },
        "tail": {
          "x": -0.060820482671260834,
          "y": -0.060101430863142014,
          "z": 0.6502504944801331
        }
      },
      "world_space": {
        "head": {
          "x": -0.06965664029121399,
          "y": 0.043853744864463806,
          "z": 1.5064281225204468
        },
        "tail": {
          "x": -0.060820482671260834,
          "y": 0.003142569214105606,
          "z": 1.600104570388794
        },
        "rotation_quaternion": {
          "w": 0.5410000681877136,
          "x": 0.8332942724227905,
          "y": 0.0936426967382431,
          "z": 0.06457997113466263
        },
        "matrix": [
          [
            0.9741209149360657,
            0.08618847280740738,
            0.20894989371299744,
            -0.06965664029121399
          ],
          [
            0.22593972086906433,
            -0.3970995247364044,
            -0.8895300030708313,
            0.043853744864463806
          ],
          [
            0.006306946277618408,
            0.9137256741523743,
            -0.4062999486923218,
            1.5064281225204468
          ],
          [
            0.0,
            0.0,
            0.0,
            1.0
          ]
        ]
      },
      "bone_length_armature_space": 0.10252191660643573,
      "parent": "spine_01",
      "has_children": true,
      "is_end_bone": false
    },
    "head": {
      "name": "head",
      "local": {
        "location": {
          "x": 0.0,
          "y": 0.0,
          "z": 0.0
        },
        "rotation_quaternion": {
          "w": 0.9955213069915771,
          "x": 0.059617962688207626,
          "y": 0.014750244095921516,
          "z": -0.07187114655971527
        },
        "scale": {
          "x": 1.0,
          "y": 1.0,
          "z": 1.0
        },
        "matrix_basis": [
          [
            0.9892339110374451,
            0.1448572725057602,
            0.02079874277114868,
            0.0
          ],
          [
            -0.1413397490978241,
            0.9825604557991028,
            -0.12082213908433914,
            0.0
          ],
          [
            -0.037937987595796585,
            0.11658167093992233,
            0.9924562573432922,
            0.0
          ],
          [
            0.0,
            0.0,
            0.0,
            1.0
          ]
        ],
        "rotation_mode": "QUATERNION"
      },
      "armature_space": {
        "head": {
          "x": -0.06082046031951904,
          "y": -0.06010153889656067,
          "z": 0.6502503752708435
        },
        "tail": {
          "x": -0.034246355295181274,
          "y": -0.08013515919446945,
          "z": 0.8017289638519287
        }
      },
      "world_space": {
        "head": {
          "x": -0.06082046031951904,
          "y": 0.0031424611806869507,
          "z": 1.6001043319702148
        },
        "tail": {
          "x": -0.034246355295181274,
          "y": -0.016891159117221832,
          "z": 1.7515829801559448
        },
        "rotation_quaternion": {
          "w": 0.6436953544616699,
          "x": 0.7505203485488892,
          "y": 0.14515171945095062,
          "z": 0.03614502400159836
        },
        "matrix": [
          [
            0.9552488327026367,
            0.17134609818458557,
            0.24112308025360107,
            -0.06082046031951904
          ],
          [
            0.2644123435020447,
            -0.12917397916316986,
            -0.9557199478149414,
            0.0031424611806869507
          ],
          [
            -0.1326126754283905,
            0.9767127633094788,
            -0.16870133578777313,
            1.6001043319702148
          ],
          [
            0.0,
            0.0,
            0.0,
            1.0
          ]
        ]
      },
      "bone_length_armature_space": 0.15509123953921944,
      "parent": "neck_01",
      "has_children": false,
      "is_end_bone": true
    },
    "upperarm_l": {
      "name": "upperarm_l",
      "local": {
        "location": {
          "x": 0.0,
          "y": 0.0,
          "z": 0.0
        },
        "rotation_quaternion": {
          "w": 0.9388395547866821,
          "x": 0.2952812612056732,
          "y": -0.17141354084014893,
          "z": -0.04479857534170151
        },
        "scale": {
          "x": 1.0,
          "y": 1.0,
          "z": 1.0
        },
        "matrix_basis": [
          [
            0.9372209906578064,
            -0.017113063484430313,
            -0.3483159840106964,
            0.0
          ],
          [
            -0.1853477656841278,
            0.8216041326522827,
            -0.5390852689743042,
            0.0
          ],
          [
            0.29540327191352844,
            0.5698016285896301,
            0.7668527364730835,
            0.0
          ],
          [
            0.0,
            0.0,
            0.0,
            1.0
          ]
        ],
        "rotation_mode": "QUATERNION"
      },
      "armature_space": {
        "head": {
          "x": 0.08688627183437347,
          "y": -0.02850133553147316,
          "z": 0.5071939826011658
        },
        "tail": {
          "x": 0.3073485493659973,
          "y": -0.1786823570728302,
          "z": 0.5326827764511108
        }
      },
      "world_space": {
        "head": {
          "x": 0.08688627183437347,
          "y": 0.03474266454577446,
          "z": 1.457047939300537
        },
        "tail": {
          "x": 0.3073485493659973,
          "y": -0.11543835699558258,
          "z": 1.482536792755127
        },
        "rotation_quaternion": {
          "w": 0.4015020728111267,
          "x": 0.5398728251457214,
          "y": 0.24202297627925873,
          "z": -0.699112594127655
        },
        "matrix": [
          [
            -0.09466609358787537,
            0.8227143287658691,
            -0.5605173110961914,
            0.08688627183437347
          ],
          [
            -0.3000676929950714,
            -0.5604408979415894,
            -0.7719234824180603,
            0.03474266454577446
          ],
          [
            -0.9492160081863403,
            0.09511822462081909,
            0.29992610216140747,
            1.457047939300537
          ],
          [
            0.0,
            0.0,
            0.0,
            1.0
          ]
        ]
      },
      "bone_length_armature_space": 0.26796946679268274,
      "parent": "spine_01",
      "has_children": true,
      "is_end_bone": false
    },
    "lowerarm_l": {
      "name": "lowerarm_l",
      "local": {
        "location": {
          "x": 0.0,
          "y": 0.0,
          "z": 0.0
        },
        "rotation_quaternion": {
          "w": 0.9412083625793457,
          "x": 0.3007041811943054,
          "y": -0.11056363582611084,
          "z": 0.10714267939329147
        },
        "scale": {
          "x": 1.0,
          "y": 1.0,
          "z": 1.0
        },
        "matrix_basis": [
          [
            0.9525922536849976,
            -0.26818105578422546,
            -0.1436903327703476,
            0.0
          ],
          [
            0.13519327342510223,
            0.7961949110031128,
            -0.5897427201271057,
            0.0
          ],
          [
            0.2725633382797241,
            0.5423583984375,
            0.794705331325531,
            0.0
          ],
          [
            0.0,
            0.0,
            0.0,
            1.0
          ]
        ],
        "rotation_mode": "QUATERNION"
      },
      "armature_space": {
        "head": {
          "x": 0.3073486089706421,
          "y": -0.17868243157863617,
          "z": 0.5326828956604004
        },
        "tail": {
          "x": 0.38501429557800293,
          "y": -0.37401914596557617,
          "z": 0.6981558203697205
        }
      },
      "world_space": {
        "head": {
          "x": 0.3073486089706421,
          "y": -0.11543843150138855,
          "z": 1.4825369119644165
        },
        "tail": {
          "x": 0.38501429557800293,
          "y": -0.31077516078948975,
          "z": 1.6480097770690918
        },
        "rotation_quaternion": {
          "w": 0.3216550052165985,
          "x": 0.5464990139007568,
          "y": -0.17735761404037476,
          "z": -0.7526096105575562
        },
        "matrix": [
          [
            -0.19575384259223938,
            0.2903124690055847,
            -0.9366958141326904,
            0.3073486089706421
          ],
          [
            -0.6780136823654175,
            -0.7301639318466187,
            -0.08460807800292969,
            -0.11543843150138855
          ],
          [
            -0.7085097432136536,
            0.6185337901115417,
            0.3397705852985382,
            1.4825369119644165
          ],
          [
            0.0,
            0.0,
            0.0,
            1.0
          ]
        ]
      },
      "bone_length_armature_space": 0.267525097716034,
      "parent": "upperarm_l",
      "has_children": true,
      "is_end_bone": false
    },
    "metacarpal_thumb_l": {
      "name": "metacarpal_thumb_l",
      "local": {
        "location": {
          "x": 0.0,
          "y": 0.0,
          "z": 0.0
        },
        "rotation_quaternion": {
          "w": 0.9989767074584961,
          "x": -0.03852337598800659,
          "y": -0.022021785378456116,
          "z": 0.00874701701104641
        },
        "scale": {
          "x": 1.0,
          "y": 1.0,
          "z": 1.0
        },
        "matrix_basis": [
          [
            0.9988770484924316,
            -0.01577942632138729,
            -0.04467242956161499,
            0.0
          ],
          [
            0.01917283982038498,
            0.9968788623809814,
            0.0765826627612114,
            0.0
          ],
          [
            0.04332457110285759,
            -0.07735315710306168,
            0.9960619807243347,
            0.0
          ],
          [
            0.0,
            0.0,
            0.0,
            1.0
          ]
        ],
        "rotation_mode": "QUATERNION"
      },
      "armature_space": {
        "head": {
          "x": 0.38501429557800293,
          "y": -0.37401914596557617,
          "z": 0.6981558203697205
        },
        "tail": {
          "x": 0.36739563941955566,
          "y": -0.4086735248565674,
          "z": 0.7288519740104675
        }
      },
      "world_space": {
        "head": {
          "x": 0.38501429557800293,
          "y": -0.31077516078948975,
          "z": 1.6480097770690918
        },
        "tail": {
          "x": 0.36739563941955566,
          "y": -0.34542953968048096,
          "z": 1.6787059307098389
        },
        "rotation_quaternion": {
          "w": 0.3208971619606018,
          "x": 0.9193149209022522,
          "y": -0.21729855239391327,
          "z": -0.0683109313249588
        },
        "matrix": [
          [
            0.89622962474823,
            -0.35569024085998535,
            -0.2650601267814636,
            0.38501429557800293
          ],
          [
            -0.44337373971939087,
            -0.6996123194694519,
            -0.5603235363960266,
            -0.31077516078948975
          ],
          [
            0.013861846178770065,
            0.6197028160095215,
            -0.7847230434417725,
            1.6480097770690918
          ],
          [
            0.0,
            0.0,
            0.0,
            1.0
          ]
        ]
      },
      "bone_length_armature_space": 0.04953379566776355,
      "parent": "lowerarm_l",
      "has_children": true,
      "is_end_bone": false
    },
    "thumb_01_l": {
      "name": "thumb_01_l",
      "local": {
        "location": {
          "x": 0.0,
          "y": 0.0,
          "z": 0.0
        },
        "rotation_quaternion": {
          "w": 0.9883213043212891,
          "x": 0.15135453641414642,
          "y": -0.017502719536423683,
          "z": -0.002534934552386403
        },
        "scale": {
          "x": 1.0,
          "y": 1.0,
          "z": 1.0
        },
        "matrix_basis": [
          [
            0.9993744492530823,
            -0.0002875723585020751,
            -0.03536396846175194,
            0.0
          ],
          [
            -0.010308891534805298,
            0.9541707634925842,
            -0.2990850806236267,
            0.0
          ],
          [
            0.03382927179336548,
            0.29926255345344543,
            0.9535709023475647,
            0.0
          ],
          [
            0.0,
            0.0,
            0.0,
            1.0
          ]
        ],
        "rotation_mode": "QUATERNION"
      },
      "armature_space": {
        "head": {
          "x": 0.36739563941955566,
          "y": -0.4086735248565674,
          "z": 0.7288519740104675
        },
        "tail": {
          "x": 0.35838744044303894,
          "y": -0.44099900126457214,
          "z": 0.723147451877594
        }
      },
      "world_space": {
        "head": {
          "x": 0.36739563941955566,
          "y": -0.34542953968048096,
          "z": 1.6787059307098389
        },
        "tail": {
          "x": 0.35838744044303894,
          "y": -0.37775498628616333,
          "z": 1.6730015277862549
        },
        "rotation_quaternion": {
          "w": 0.03765345737338066,
          "x": 0.6849339604377747,
          "y": -0.1540995091199875,
          "z": 0.7111267447471619
        },
        "matrix": [
          [
            -0.058895908296108246,
            -0.26464715600013733,
            0.9625450968742371,
            0.36739563941955566
          ],
          [
            -0.15754252672195435,
            -0.9496718049049377,
            -0.2707473635673523,
            -0.34542953968048096
          ],
          [
            0.9857609868049622,
            -0.16758988797664642,
            0.014238402247428894,
            1.6787059307098389
          ],
          [
            0.0,
            0.0,
            0.0,
            1.0
          ]
        ]
      },
      "bone_length_armature_space": 0.03403859131538355,
      "parent": "metacarpal_thumb_l",
      "has_children": true,
      "is_end_bone": false
    },
    "thumb_02_l": {
      "name": "thumb_02_l",
      "local": {
        "location": {
          "x": 0.0,
          "y": 0.0,
          "z": 0.0
        },
        "rotation_quaternion": {
          "w": 0.9362390041351318,
          "x": 0.3511575162410736,
          "y": 0.0070055145770311356,
          "z": 0.009798763319849968
        },
        "scale": {
          "x": 1.0,
          "y": 1.0,
          "z": 1.0
        },
        "matrix_basis": [
          [
            0.9997097849845886,
            -0.013427890837192535,
            0.019999491050839424,
            0.0
          ],
          [
            0.023268047720193863,
            0.7531847953796387,
            -0.657397449016571,
            0.0
          ],
          [
            -0.006235853303223848,
            0.6576719880104065,
            0.7532786726951599,
            0.0
          ],
          [
            0.0,
            0.0,
            0.0,
            1.0
          ]
        ],
        "rotation_mode": "QUATERNION"
      },
      "armature_space": {
        "head": {
          "x": 0.35838738083839417,
          "y": -0.44099897146224976,
          "z": 0.7231473922729492
        },
        "tail": {
          "x": 0.3875250816345215,
          "y": -0.4454840421676636,
          "z": 0.7504249811172485
        }
      },
      "world_space": {
        "head": {
          "x": 0.35838738083839417,
          "y": -0.37775498628616333,
          "z": 1.6730014085769653
        },
        "tail": {
          "x": 0.3875250816345215,
          "y": -0.38224005699157715,
          "z": 1.7002789974212646
        },
        "rotation_quaternion": {
          "w": 0.22015619277954102,
          "x": -0.3453996777534485,
          "y": -0.6290440559387207,
          "z": -0.6607071161270142
        },
        "matrix": [
          [
            -0.6644601225852966,
            0.7254608273506165,
            0.17944154143333435,
            0.35838738083839417
          ],
          [
            0.14362964034080505,
            -0.1116679310798645,
            0.9833113551139832,
            -0.37775498628616333
          ],
          [
            0.7333967685699463,
            0.67914879322052,
            -0.029997944831848145,
            1.6730014085769653
          ],
          [
            0.0,
            0.0,
            0.0,
            1.0
          ]
        ]
      },
      "bone_length_armature_space": 0.04016451534687629,
      "parent": "thumb_01_l",
      "has_children": true,
      "is_end_bone": false
    },
    "thumb_03_l": {
      "name": "thumb_03_l",
      "local": {
        "location": {
          "x": 0.0,
          "y": 0.0,
          "z": 0.0
        },
        "rotation_quaternion": {
          "w": 0.9827834367752075,
          "x": 0.18469107151031494,
          "y": -0.0045759426429867744,
          "z": -0.002257780870422721
        },
        "scale": {
          "x": 1.0,
          "y": 1.0,
          "z": 1.0
        },
        "matrix_basis": [
          [
            0.9999479055404663,
            0.0027475478127598763,
            -0.009828304871916771,
            0.0
          ],
          [
            -0.006128090899437666,
            0.9317682385444641,
            -0.3630020022392273,
            0.0
          ],
          [
            0.008160336874425411,
            0.36304330825805664,
            0.9317365288734436,
            0.0
          ],
          [
            0.0,
            0.0,
            0.0,
            1.0
          ]
        ],
        "rotation_mode": "QUATERNION"
      },
      "armature_space": {
        "head": {
          "x": 0.3875250220298767,
          "y": -0.44548410177230835,
          "z": 0.7504249811172485
        },
        "tail": {
          "x": 0.40884843468666077,
          "y": -0.4309591054916382,
          "z": 0.7665876746177673
        }
      },
      "world_space": {
        "head": {
          "x": 0.3875250220298767,
          "y": -0.3822401165962219,
          "z": 1.7002789974212646
        },
        "tail": {
          "x": 0.40884843468666077,
          "y": -0.36771512031555176,
          "z": 1.7164416313171387
        },
        "rotation_quaternion": {
          "w": 0.47643667459487915,
          "x": -0.16790597140789032,
          "y": -0.7152291536331177,
          "z": -0.48297300934791565
        },
        "matrix": [
          [
            -0.4896324574947357,
            0.7003934979438782,
            -0.519335150718689,
            0.3875250220298767
          ],
          [
            -0.22002725303173065,
            0.47709161043167114,
            0.8508654832839966,
            -0.3822401165962219
          ],
          [
            0.8437165021896362,
            0.5308834314346313,
            -0.07949360460042953,
            1.7002789974212646
          ],
          [
            0.0,
            0.0,
            0.0,
            1.0
          ]
        ]
      },
      "bone_length_armature_space": 0.030444968390223988,
      "parent": "thumb_02_l",
      "has_children": false,
      "is_end_bone": true
    },
    "metacarpal_index_l": {
      "name": "metacarpal_index_l",
      "local": {
        "location": {
          "x": 0.0,
          "y": 0.0,
          "z": 0.0
        },
        "rotation_quaternion": {
          "w": 0.9998834133148193,
          "x": -0.008752589114010334,
          "y": 0.0075585986487567425,
          "z": -0.009979764930903912
        },
        "scale": {
          "x": 1.0,
          "y": 1.0,
          "z": 1.0
        },
        "matrix_basis": [
          [
            0.9996865391731262,
            0.019824888557195663,
            0.015290132723748684,
            0.0
          ],
          [
            -0.020089518278837204,
            0.9996476173400879,
            0.01735227182507515,
            0.0
          ],
          [
            -0.014940736815333366,
            -0.01765400357544422,
            0.999732494354248,
            0.0
          ],
          [
            0.0,
            0.0,
            0.0,
            1.0
          ]
        ],
        "rotation_mode": "QUATERNION"
      },
      "armature_space": {
        "head": {
          "x": 0.38501429557800293,
          "y": -0.37401914596557617,
          "z": 0.6981558203697205
        },
        "tail": {
          "x": 0.3858107924461365,
          "y": -0.46262043714523315,
          "z": 0.7748269438743591
        }
      },
      "world_space": {
        "head": {
          "x": 0.38501429557800293,
          "y": -0.31077516078948975,
          "z": 1.6480097770690918
        },
        "tail": {
          "x": 0.3858107924461365,
          "y": -0.39937645196914673,
          "z": 1.7246809005737305
        },
        "rotation_quaternion": {
          "w": 0.3224516212940216,
          "x": 0.8615846037864685,
          "y": -0.1339481920003891,
          "z": -0.3684493899345398
        },
        "matrix": [
          [
            0.6926063299179077,
            0.00679762102663517,
            -0.7212837338447571,
            0.38501429557800293
          ],
          [
            -0.46842965483665466,
            -0.7561662197113037,
            -0.4569319784641266,
            -0.31077516078948975
          ],
          [
            -0.5485207438468933,
            0.6543484926223755,
            -0.5205451846122742,
            1.6480097770690918
          ],
          [
            0.0,
            0.0,
            0.0,
            1.0
          ]
        ]
      },
      "bone_length_armature_space": 0.11717202835326457,
      "parent": "lowerarm_l",
      "has_children": true,
      "is_end_bone": false
    },
    "index_01_l": {
      "name": "index_01_l",
      "local": {
        "location": {
          "x": 0.0,
          "y": 0.0,
          "z": 0.0
        },
        "rotation_quaternion": {
          "w": 0.9724396467208862,
          "x": 0.23309892416000366,
          "y": 0.004978677723556757,
          "z": 0.0011132275685667992
        },
        "scale": {
          "x": 1.0,
          "y": 1.0,
          "z": 1.0
        },
        "matrix_basis": [
          [
            0.9999479651451111,
            0.00015595559671055526,
            0.010201911441981792,
            0.0
          ],
          [
            0.0044861421920359135,
            0.8913273215293884,
            -0.4533381760120392,
            0.0
          ],
          [
            -0.009163943119347095,
            0.45336034893989563,
            0.8912802338600159,
            0.0
          ],
          [
            0.0,
            0.0,
            0.0,
            1.0
          ]
        ],
        "rotation_mode": "QUATERNION"
      },
      "armature_space": {
        "head": {
          "x": 0.3858107924461365,
          "y": -0.46262043714523315,
          "z": 0.7748269438743591
        },
        "tail": {
          "x": 0.3857439458370209,
          "y": -0.49041256308555603,
          "z": 0.7812036871910095
        }
      },
      "world_space": {
        "head": {
          "x": 0.3858107924461365,
          "y": -0.39937645196914673,
          "z": 1.7246809005737305
        },
        "tail": {
          "x": 0.3857439458370209,
          "y": -0.4271685481071472,
          "z": 1.7310576438903809
        },
        "rotation_quaternion": {
          "w": 0.10210756212472916,
          "x": 0.9058899283409119,
          "y": -0.047314077615737915,
          "z": -0.40828779339790344
        },
        "matrix": [
          [
            0.6621250510215759,
            -0.0023446083068847656,
            -0.7493897080421448,
            0.3858107924461365
          ],
          [
            -0.16910144686698914,
            -0.9746711254119873,
            -0.14636069536209106,
            -0.39937645196914673
          ],
          [
            -0.7300705909729004,
            0.22363264858722687,
            -0.6457550525665283,
            1.7246809005737305
          ],
          [
            0.0,
            0.0,
            0.0,
            1.0
          ]
        ]
      },
      "bone_length_armature_space": 0.02851437528593102,
      "parent": "metacarpal_index_l",
      "has_children": true,
      "is_end_bone": false
    },
    "index_02_l": {
      "name": "index_02_l",
      "local": {
        "location": {
          "x": 0.0,
          "y": 0.0,
          "z": 0.0
        },
        "rotation_quaternion": {
          "w": 0.9239523410797119,
          "x": 0.38248950242996216,
          "y": 0.002621720777824521,
          "z": -0.0026609175838530064
        },
        "scale": {
          "x": 1.0,
          "y": 1.0,
          "z": 1.0
        },
        "matrix_basis": [
          [
            0.9999721050262451,
            0.006922683212906122,
            0.002809144090861082,
            0.0
          ],
          [
            -0.0029115607030689716,
            0.7073894143104553,
            -0.7068181037902832,
            0.0
          ],
          [
            -0.0068802363239228725,
            0.7067902088165283,
            0.7073898315429688,
            0.0
          ],
          [
            0.0,
            0.0,
            0.0,
            1.0
          ]
        ],
        "rotation_mode": "QUATERNION"
      },
      "armature_space": {
        "head": {
          "x": 0.38574352860450745,
          "y": -0.49041295051574707,
          "z": 0.7812037467956543
        },
        "tail": {
          "x": 0.37232309579849243,
          "y": -0.5112042427062988,
          "z": 0.7744432687759399
        }
      },
      "world_space": {
        "head": {
          "x": 0.38574352860450745,
          "y": -0.42716896533966064,
          "z": 1.7310577630996704
        },
        "tail": {
          "x": 0.37232309579849243,
          "y": -0.4479602575302124,
          "z": 1.724297285079956
        },
        "rotation_quaternion": {
          "w": 0.23970189690589905,
          "x": -0.8664431571960449,
          "y": 0.1931474804878235,
          "z": 0.39308199286460876
        },
        "matrix": [
          [
            0.6163615584373474,
            -0.523147702217102,
            -0.588570237159729,
            0.38574352860450745
          ],
          [
            -0.1462586224079132,
            -0.8104745745658875,
            0.5672212839126587,
            -0.42716896533966064
          ],
          [
            -0.7737671732902527,
            -0.2635323405265808,
            -0.5760636329650879,
            1.7310577630996704
          ],
          [
            0.0,
            0.0,
            0.0,
            1.0
          ]
        ]
      },
      "bone_length_armature_space": 0.02565326314229943,
      "parent": "index_01_l",
      "has_children": true,
      "is_end_bone": false
    },
    "index_03_l": {
      "name": "index_03_l",
      "local": {
        "location": {
          "x": 0.0,
          "y": 0.0,
          "z": 0.0
        },
        "rotation_quaternion": {
          "w": 0.9619568586349487,
          "x": 0.2731125056743622,
          "y": -0.006918895058333874,
          "z": 0.0008861226378940046
        },
        "scale": {
          "x": 1.0,
          "y": 1.0,
          "z": 1.0
        },
        "matrix_basis": [
          [
            0.9999026656150818,
            -0.005484097171574831,
            -0.012827334925532341,
            0.0
          ],
          [
            -0.002074450021609664,
            0.8508175611495972,
            -0.5254571437835693,
            0.0
          ],
          [
            0.013795379549264908,
            0.5254326462745667,
            0.850723385810852,
            0.0
          ],
          [
            0.0,
            0.0,
            0.0,
            1.0
          ]
        ],
        "rotation_mode": "QUATERNION"
      },
      "armature_space": {
        "head": {
          "x": 0.3723231554031372,
          "y": -0.5112043619155884,
          "z": 0.7744433879852295
        },
        "tail": {
          "x": 0.35182878375053406,
          "y": -0.5205874443054199,
          "z": 0.7558510303497314
        }
      },
      "world_space": {
        "head": {
          "x": 0.3723231554031372,
          "y": -0.44796037673950195,
          "z": 1.7242974042892456
        },
        "tail": {
          "x": 0.35182878375053406,
          "y": -0.4573434591293335,
          "z": 1.7057050466537476
        },
        "rotation_quaternion": {
          "w": 0.5181418061256409,
          "x": -0.7608978152275085,
          "y": 0.26639002561569214,
          "z": 0.28565695881843567
        },
        "matrix": [
          [
            0.694873034954071,
            -0.7014130353927612,
            -0.1586545705795288,
            0.3723231554031372
          ],
          [
            -0.10937242209911346,
            -0.32113194465637207,
            0.9406979084014893,
            -0.44796037673950195
          ],
          [
            -0.7107717394828796,
            -0.6363176703453064,
            -0.2998623251914978,
            1.7242974042892456
          ],
          [
            0.0,
            0.0,
            0.0,
            1.0
          ]
        ]
      },
      "bone_length_armature_space": 0.029218782837718282,
      "parent": "index_02_l",
      "has_children": false,
      "is_end_bone": true
    },
    "metacarpal_pinky_l": {
      "name": "metacarpal_pinky_l",
      "local": {
        "location": {
          "x": 0.0,
          "y": 0.0,
          "z": 0.0
        },
        "rotation_quaternion": {
          "w": 0.9990068674087524,
          "x": -0.04028918966650963,
          "y": -0.018759863451123238,
          "z": 0.00318162958137691
        },
        "scale": {
          "x": 1.0,
          "y": 1.0,
          "z": 1.0
        },
        "matrix_basis": [
          [
            0.9992758631706238,
            -0.0048453002236783504,
            -0.03773883357644081,
            0.0
          ],
          [
            0.007868578657507896,
            0.9967333078384399,
            0.08037897944450378,
            0.0
          ],
          [
            0.03722609579563141,
            -0.08061772584915161,
            0.996049702167511,
            0.0
          ],
          [
            0.0,
            0.0,
            0.0,
            1.0
          ]
        ],
        "rotation_mode": "QUATERNION"
      },
      "armature_space": {
        "head": {
          "x": 0.38501429557800293,
          "y": -0.37401914596557617,
          "z": 0.6981558203697205
        },
        "tail": {
          "x": 0.44376155734062195,
          "y": -0.4484657645225525,
          "z": 0.741163969039917
        }
      },
      "world_space": {
        "head": {
          "x": 0.38501429557800293,
          "y": -0.31077516078948975,
          "z": 1.6480097770690918
        },
        "tail": {
          "x": 0.44376155734062195,
          "y": -0.38522177934646606,
          "z": 1.691017985343933
        },
        "rotation_quaternion": {
          "w": 0.2772500216960907,
          "x": -0.10545079410076141,
          "y": -0.2562525272369385,
          "z": -0.9199714064598083
        },
        "matrix": [
          [
            -0.8240250945091248,
            0.5641682744026184,
            0.051930323243141174,
            0.38501429557800293
          ],
          [
            -0.4560806453227997,
            -0.7149338126182556,
            0.5299627780914307,
            -0.31077516078948975
          ],
          [
            0.3361169397830963,
            0.4130203425884247,
            0.8464359641075134,
            1.6480097770690918
          ],
          [
            0.0,
            0.0,
            0.0,
            1.0
          ]
        ]
      },
      "bone_length_armature_space": 0.1041308828944323,
      "parent": "lowerarm_l",
      "has_children": true,
      "is_end_bone": false
    },
    "pinky_01_l": {
      "name": "pinky_01_l",
      "local": {
        "location": {
          "x": 0.0,
          "y": 0.0,
          "z": 0.0
        },
        "rotation_quaternion": {
          "w": 0.948530912399292,
          "x": 0.316663533449173,
          "y": 0.0034150900319218636,
          "z": -0.0013481873320415616
        },
        "scale": {
          "x": 1.0,
          "y": 1.0,
          "z": 1.0
        },
        "matrix_basis": [
          [
            0.9999730587005615,
            0.0047204638831317425,
            0.005624793469905853,
            0.0
          ],
          [
            -0.0003947257646359503,
            0.7994447946548462,
            -0.6007395386695862,
            0.0
          ],
          [
            -0.007332480512559414,
            0.6007211208343506,
            0.7994250655174255,
            0.0
          ],
          [
            0.0,
            0.0,
            0.0,
            1.0
          ]
        ],
        "rotation_mode": "QUATERNION"
      },
      "armature_space": {
        "head": {
          "x": 0.44376155734062195,
          "y": -0.4484657645225525,
