{
  "metadata": {
    "armature_name": "KIM_caucasian_male",
    "export_time": "2026-01-13T20:55:34.242668",
    "blender_version": "4.4.1",
    "bone_count": 56,
    "end_bone_count": 13,
    "spaces_included": [
      "LOCAL_CHANNELS",
      "ARMATURE_SPACE",
      "WORLD_SPACE"
    ],
    "note": "LOCAL matches Transform panel; replay pose via local.matrix_basis for best fidelity."
  },
  "bones": {
    "Root": {
      "name": "Root",
      "local": {
        "location": {
          "x": 0.0,
          "y": 0.0,
          "z": 0.0
        },
        "rotation_quaternion": {
          "w": 0.9994941353797913,
          "x": -0.018836738541722298,
          "y": 0.0042368643917143345,
          "z": 0.025273967534303665
        },
        "scale": {
          "x": 1.0,
          "y": 1.0,
          "z": 1.0
        },
        "matrix_basis": [
          [
            0.9986865520477295,
            -0.050681982189416885,
            0.007517283782362938,
            0.0
          ],
          [
            0.05036274716258049,
            0.9980127811431885,
            0.03786858543753624,
            0.0
          ],
          [
            -0.00942160002887249,
            -0.03744025528430939,
            0.9992544651031494,
            0.0
          ],
          [
            0.0,
            0.0,
            0.0,
            1.0
          ]
        ],
        "rotation_mode": "QUATERNION"
      },
      "armature_space": {
        "head": {
          "x": 0.0,
          "y": 0.07072800397872925,
          "z": -0.009595036506652832
        },
        "tail": {
          "x": -0.003617470618337393,
          "y": 0.0004997923970222473,
          "z": 0.0026290249079465866
        }
      },
      "world_space": {
        "head": {
          "x": 0.0,
          "y": 0.13397200405597687,
          "z": 0.9402589797973633
        },
        "tail": {
          "x": -0.003617470618337393,
          "y": 0.06374379247426987,
          "z": 0.952483057975769
        },
        "rotation_quaternion": {
          "w": 0.08612751215696335,
          "x": 0.9959545135498047,
          "y": -0.02493111975491047,
          "z": 0.005929896607995033
        },
        "matrix": [
          [
            0.9986865520477295,
            -0.050681982189416885,
            0.007517283782362938,
            0.0
          ],
          [
            -0.048639070242643356,
            -0.9839209318161011,
            -0.17185433208942413,
            0.13397200405597687
          ],
          [
            0.016106396913528442,
            0.1712632179260254,
            -0.9851007461547852,
            0.9402589797973633
          ],
          [
            0.0,
            0.0,
            0.0,
            1.0
          ]
        ]
      },
      "bone_length_armature_space": 0.07137587458372976,
      "parent": null,
      "has_children": true,
      "is_end_bone": false
    },
    "spine_01": {
      "name": "spine_01",
      "local": {
        "location": {
          "x": 0.0,
          "y": 0.0,
          "z": 0.0
        },
        "rotation_quaternion": {
          "w": 0.9985315203666687,
          "x": -0.03693820908665657,
          "y": -0.011862625367939472,
          "z": 0.03781162202358246
        },
        "scale": {
          "x": 1.0,
          "y": 1.0,
          "z": 1.0
        },
        "matrix_basis": [
          [
            0.9968591332435608,
            -0.0746358260512352,
            -0.026483798399567604,
            0.0
          ],
          [
            0.07638856023550034,
            0.9944117069244385,
            0.07287084311246872,
            0.0
          ],
          [
            0.020897023379802704,
            -0.07466502487659454,
            0.9969896674156189,
            0.0
          ],
          [
            0.0,
            0.0,
            0.0,
            1.0
          ]
        ],
        "rotation_mode": "QUATERNION"
      },
      "armature_space": {
        "head": {
          "x": -0.003617470618337393,
          "y": 0.0004997923970222473,
          "z": 0.0026290249079465866
        },
        "tail": {
          "x": -0.04397394508123398,
          "y": 0.07960447669029236,
          "z": 0.4824855625629425
        }
      },
      "world_space": {
        "head": {
          "x": -0.003617470618337393,
          "y": 0.06374379247426987,
          "z": 0.952483057975769
        },
        "tail": {
          "x": -0.04397394508123398,
          "y": 0.14284847676753998,
          "z": 1.4323395490646362
        },
        "rotation_quaternion": {
          "w": 0.7601908445358276,
          "x": 0.6472309827804565,
          "y": -0.056207358837127686,
          "z": 0.006537316367030144
        },
        "matrix": [
          [
            0.9935960173606873,
            -0.08269748836755753,
            -0.07699379324913025,
            -0.003617470618337393
          ],
          [
            -0.0628184825181961,
            0.16209936141967773,
            -0.9847729206085205,
            0.06374379247426987
          ],
          [
            0.09391948580741882,
            0.9833101034164429,
            0.15586648881435394,
            0.952483057975769
          ],
          [
            0.0,
            0.0,
            0.0,
            1.0
          ]
        ]
      },
      "bone_length_armature_space": 0.4880046164567063,
      "parent": "Root",
      "has_children": true,
      "is_end_bone": false
    },
    "neck_01": {
      "name": "neck_01",
      "local": {
        "location": {
          "x": 0.0,
          "y": 0.0,
          "z": 0.0
        },
        "rotation_quaternion": {
          "w": 0.9906103610992432,
          "x": -0.10192907601594925,
          "y": -0.05964110046625137,
          "z": 0.06887973845005035
        },
        "scale": {
          "x": 1.0,
          "y": 1.0,
          "z": 1.0
        },
        "matrix_basis": [
          [
            0.9833970665931702,
            -0.12430763989686966,
            -0.1322038769721985,
            0.0
          ],
          [
            0.14862428605556488,
            0.9697321057319641,
            0.19372786581516266,
            0.0
          ],
          [
            0.10412048548460007,
            -0.21016012132167816,
            0.9721068143844604,
            0.0
          ],
          [
            0.0,
            0.0,
            0.0,
            1.0
          ]
        ],
        "rotation_mode": "QUATERNION"
      },
      "armature_space": {
        "head": {
          "x": -0.05269910767674446,
          "y": 0.057320788502693176,
          "z": 0.5598875284194946
        },
        "tail": {
          "x": -0.07497905194759369,
          "y": 0.05680789053440094,
          "z": 0.659958004951477
        }
      },
      "world_space": {
        "head": {
          "x": -0.05269910767674446,
          "y": 0.1205647885799408,
          "z": 1.5097415447235107
        },
        "tail": {
          "x": -0.07497905194759369,
          "y": 0.12005189061164856,
          "z": 1.6098120212554932
        },
        "rotation_quaternion": {
          "w": 0.6899576783180237,
          "x": 0.708838939666748,
          "y": -0.1464812457561493,
          "z": 0.006998057477176189
        },
        "matrix": [
          [
            0.9569883346557617,
            -0.21732009947299957,
            -0.19221216440200806,
            -0.05269910767674446
          ],
          [
            -0.19800789654254913,
            -0.005002826452255249,
            -0.9801878333091736,
            0.1205647885799408
          ],
          [
            0.21205417811870575,
            0.9760943651199341,
            -0.047820016741752625,
            1.5097415447235107
          ],
          [
            0.0,
            0.0,
            0.0,
            1.0
          ]
        ]
      },
      "bone_length_armature_space": 0.10252199269612775,
      "parent": "spine_01",
      "has_children": true,
      "is_end_bone": false
    },
    "head": {
      "name": "head",
      "local": {
        "location": {
          "x": 0.0,
          "y": 0.0,
          "z": 0.0
        },
        "rotation_quaternion": {
          "w": 0.9876477718353271,
          "x": -0.09228894114494324,
          "y": -0.047131750732660294,
          "z": 0.11753000319004059
        },
        "scale": {
          "x": 1.0,
          "y": 1.0,
          "z": 1.0
        },
        "matrix_basis": [
          [
            0.9679306149482727,
            -0.22345700860023499,
            -0.11479257792234421,
            0.0
          ],
          [
            0.24085597693920135,
            0.9553388953208923,
            0.171219140291214,
            0.0
          ],
          [
            0.07140570133924484,
            -0.19337671995162964,
            0.9785227179527283,
            0.0
          ],
          [
            0.0,
            0.0,
            0.0,
            1.0
          ]
        ],
        "rotation_mode": "QUATERNION"
      },
      "armature_space": {
        "head": {
          "x": -0.07497906684875488,
          "y": 0.0568077377974987,
          "z": 0.6599579453468323
        },
        "tail": {
          "x": -0.12011276185512543,
          "y": 0.14303021132946014,
          "z": 0.7807132005691528
        }
      },
      "world_space": {
        "head": {
          "x": -0.07497906684875488,
          "y": 0.12005174160003662,
          "z": 1.6098120212554932
        },
        "tail": {
          "x": -0.12011276185512543,
          "y": 0.20627421140670776,
          "z": 1.730567216873169
        },
        "rotation_quaternion": {
          "w": 0.8464409708976746,
          "x": 0.4699524939060211,
          "y": -0.24801695346832275,
          "z": 0.0342041477560997
        },
        "matrix": [
          [
            0.8746359944343567,
            -0.29101577401161194,
            -0.3877137303352356,
            -0.07497906684875488
          ],
          [
            -0.17520740628242493,
            0.555950403213501,
            -0.8125403523445129,
            0.12005174160003662
          ],
          [
            0.45201459527015686,
            0.7786132097244263,
            0.4352683126926422,
            1.6098120212554932
          ],
          [
            0.0,
            0.0,
            0.0,
            1.0
          ]
        ]
      },
      "bone_length_armature_space": 0.155090930281517,
      "parent": "neck_01",
      "has_children": false,
      "is_end_bone": true
    },
    "upperarm_l": {
      "name": "upperarm_l",
      "local": {
        "location": {
          "x": 0.0,
          "y": 0.0,
          "z": 0.0
        },
        "rotation_quaternion": {
          "w": 0.9610621929168701,
          "x": 0.15218095481395721,
          "y": 0.04263461381196976,
          "z": 0.2266780287027359
        },
        "scale": {
          "x": 1.0,
          "y": 1.0,
          "z": 1.0
        },
        "matrix_basis": [
          [
            0.893598735332489,
            -0.4227270185947418,
            0.15094119310379028,
            0.0
          ],
          [
            0.44867971539497375,
            0.8509160280227661,
            -0.27318206429481506,
            0.0
          ],
          [
            -0.012956873513758183,
            0.31183937191963196,
            0.9500464797019958,
            0.0
          ],
          [
            0.0,
            0.0,
            0.0,
            1.0
          ]
        ],
        "rotation_mode": "QUATERNION"
      },
      "armature_space": {
        "head": {
          "x": 0.10165266692638397,
          "y": 0.03386311233043671,
          "z": 0.5083864331245422
        },
        "tail": {
          "x": 0.31903713941574097,
          "y": -0.039688222110271454,
          "z": 0.6467412710189819
        }
      },
      "world_space": {
        "head": {
          "x": 0.10165266692638397,
          "y": 0.09710711240768433,
          "z": 1.4582405090332031
        },
        "tail": {
          "x": 0.31903713941574097,
          "y": 0.023555777966976166,
          "z": 1.596595287322998
        },
        "rotation_quaternion": {
          "w": 0.5453489422798157,
          "x": 0.6739358305931091,
          "y": 0.25565004348754883,
          "z": -0.4278412461280823
        },
        "matrix": [
          [
            0.5031904578208923,
            0.8112285733222961,
            -0.2978381812572479,
            0.10165266692638397
          ],
          [
            -0.12205991894006729,
            -0.2744765877723694,
            -0.9538155794143677,
            0.09710711240768433
          ],
          [
            -0.8555181622505188,
            0.5163083076477051,
            -0.0390966534614563,
            1.4582405090332031
          ],
          [
            0.0,
            0.0,
            0.0,
            1.0
          ]
        ]
      },
      "bone_length_armature_space": 0.26796990101013773,
      "parent": "spine_01",
      "has_children": true,
      "is_end_bone": false
    },
    "lowerarm_l": {
      "name": "lowerarm_l",
      "local": {
        "location": {
          "x": 0.0,
          "y": 0.0,
          "z": 0.0
        },
        "rotation_quaternion": {
          "w": 0.8867689371109009,
          "x": 0.3835794925689697,
          "y": -0.17915315926074982,
          "z": 0.18550463020801544
        },
        "scale": {
          "x": 1.0,
          "y": 1.0,
          "z": 1.0
        },
        "matrix_basis": [
          [
            0.8669843673706055,
            -0.4664384424686432,
            -0.17542336881160736,
            0.0
          ],
          [
            0.1915605366230011,
            0.6369096040725708,
            -0.7467602491378784,
            0.0
          ],
          [
            0.4600464701652527,
            0.613825261592865,
            0.6415418386459351,
            0.0
          ],
          [
            0.0,
            0.0,
            0.0,
            1.0
          ]
        ],
        "rotation_mode": "QUATERNION"
      },
      "armature_space": {
        "head": {
          "x": 0.31903713941574097,
          "y": -0.03968827798962593,
          "z": 0.6467413902282715
        },
        "tail": {
          "x": 0.3059624135494232,
          "y": -0.2148890346288681,
          "z": 0.8484927415847778
        }
      },
      "world_space": {
        "head": {
          "x": 0.31903713941574097,
          "y": 0.02355572208762169,
          "z": 1.5965954065322876
        },
        "tail": {
          "x": 0.3059624135494232,
          "y": -0.15164503455162048,
          "z": 1.798346757888794
        },
        "rotation_quaternion": {
          "w": 0.32950374484062195,
          "x": 0.7558659315109253,
          "y": -0.2529413104057312,
          "z": -0.5060778260231018
        },
        "matrix": [
          [
            0.35981276631355286,
            -0.04887297749519348,
            -0.9317436218261719,
            0.31903713941574097
          ],
          [
            -0.7158887386322021,
            -0.6548961997032166,
            -0.24210447072982788,
            0.02355572208762169
          ],
          [
            -0.5983678102493286,
            0.7541416883468628,
            -0.2706296145915985,
            1.5965954065322876
          ],
          [
            0.0,
            0.0,
            0.0,
            1.0
          ]
        ]
      },
      "bone_length_armature_space": 0.26752544584111704,
      "parent": "upperarm_l",
      "has_children": true,
      "is_end_bone": false
    },
    "metacarpal_thumb_l": {
      "name": "metacarpal_thumb_l",
      "local": {
        "location": {
          "x": 0.0,
          "y": 0.0,
          "z": 0.0
        },
        "rotation_quaternion": {
          "w": 0.9986729621887207,
          "x": -0.04894273355603218,
          "y": 0.004227261990308762,
          "z": -0.015466016717255116
        },
        "scale": {
          "x": 1.0,
          "y": 1.0,
          "z": 1.0
        },
        "matrix_basis": [
          [
            0.9994858503341675,
            0.030477197840809822,
            0.009957202710211277,
            0.0
          ],
          [
            -0.031304772943258286,
            0.9947308301925659,
            0.09762480854988098,
            0.0
          ],
          [
            -0.006929406430572271,
            -0.09788632392883301,
            0.995173454284668,
            0.0
          ],
          [
            0.0,
            0.0,
            0.0,
            1.0
          ]
        ],
        "rotation_mode": "QUATERNION"
      },
      "armature_space": {
        "head": {
          "x": 0.3059624135494232,
          "y": -0.2148890346288681,
          "z": 0.8484927415847778
        },
        "tail": {
          "x": 0.27944380044937134,
          "y": -0.2513810694217682,
          "z": 0.8689545392990112
        }
      },
      "world_space": {
        "head": {
          "x": 0.3059624135494232,
          "y": -0.15164503455162048,
          "z": 1.798346757888794
        },
        "tail": {
          "x": 0.27944380044937134,
          "y": -0.18813706934452057,
          "z": 1.8188085556030273
        },
        "rotation_quaternion": {
          "w": 0.29650309681892395,
          "x": 0.8904131054878235,
          "y": -0.2091168761253357,
          "z": 0.27481016516685486
        },
        "matrix": [
          [
            0.7614990472793579,
            -0.5353652834892273,
            0.36538058519363403,
            0.3059624135494232
          ],
          [
            -0.209437295794487,
            -0.7367116212844849,
            -0.6429556012153625,
            -0.15164503455162048
          ],
          [
            0.6134005188941956,
            0.4130880832672119,
            -0.6731361150741577,
            1.798346757888794
          ],
          [
            0.0,
            0.0,
            0.0,
            1.0
          ]
        ]
      },
      "bone_length_armature_space": 0.049533731918002526,
      "parent": "lowerarm_l",
      "has_children": true,
      "is_end_bone": false
    },
    "thumb_01_l": {
      "name": "thumb_01_l",
      "local": {
        "location": {
          "x": 0.0,
          "y": 0.0,
          "z": 0.0
        },
        "rotation_quaternion": {
          "w": 0.9605258703231812,
          "x": 0.277972549200058,
          "y": -0.009739775210618973,
          "z": -0.005160070490092039
        },
        "scale": {
          "x": 1.0,
          "y": 1.0,
          "z": 1.0
        },
        "matrix_basis": [
          [
            0.9997569918632507,
            0.004497982095927,
            -0.021579328924417496,
            0.0
          ],
          [
            -0.015327543020248413,
            0.8454092741012573,
            -0.5338991284370422,
            0.0
          ],
          [
            0.0158418957144022,
            0.5341001749038696,
            0.8452727794647217,
            0.0
          ],
          [
            0.0,
            0.0,
            0.0,
            1.0
          ]
        ],
        "rotation_mode": "QUATERNION"
      },
      "armature_space": {
        "head": {
          "x": 0.27944380044937134,
          "y": -0.2513810694217682,
          "z": 0.8689545392990112
        },
        "tail": {
          "x": 0.28782764077186584,
          "y": -0.2843047082424164,
          "z": 0.8710448741912842
        }
      },
      "world_space": {
        "head": {
          "x": 0.27944380044937134,
          "y": -0.18813706934452057,
          "z": 1.8188085556030273
        },
        "tail": {
          "x": 0.28782764077186584,
          "y": -0.22106070816516876,
          "z": 1.8208988904953003
        },
        "rotation_quaternion": {
          "w": 0.09958713501691818,
          "x": -0.4176652133464813,
          "y": -0.08037316054105759,
          "z": -0.8995434045791626
        },
        "matrix": [
          [
            -0.6312761306762695,
            0.2463044971227646,
            0.7354075312614441,
            0.27944380044937134
          ],
          [
            -0.11202771216630936,
            -0.9672449827194214,
            0.2277871072292328,
            -0.18813706934452057
          ],
          [
            0.7674296498298645,
            0.06141015887260437,
            0.6381964683532715,
            1.8188085556030273
          ],
          [
            0.0,
            0.0,
            0.0,
            1.0
          ]
        ]
      },
      "bone_length_armature_space": 0.034038570367276186,
      "parent": "metacarpal_thumb_l",
      "has_children": true,
      "is_end_bone": false
    },
    "thumb_02_l": {
      "name": "thumb_02_l",
      "local": {
        "location": {
          "x": 0.0,
          "y": 0.0,
          "z": 0.0
        },
        "rotation_quaternion": {
          "w": 0.9045169949531555,
          "x": 0.426368772983551,
          "y": 0.007190030999481678,
          "z": 0.002690464025363326
        },
        "scale": {
          "x": 1.0,
          "y": 1.0,
          "z": 1.0
        },
        "matrix_basis": [
          [
            0.9998821020126343,
            0.0012640685308724642,
            0.01530127041041851,
            0.0
          ],
          [
            0.010998350568115711,
            0.6364048719406128,
            -0.7712768912315369,
            0.0
          ],
          [
            -0.010712751187384129,
            0.7713543176651001,
            0.6363159418106079,
            0.0
          ],
          [
            0.0,
            0.0,
            0.0,
            1.0
          ]
        ],
        "rotation_mode": "QUATERNION"
      },
      "armature_space": {
        "head": {
          "x": 0.28782764077186584,
          "y": -0.284304678440094,
          "z": 0.8710448145866394
        },
        "tail": {
          "x": 0.2896111011505127,
          "y": -0.2667413353919983,
          "z": 0.9071217775344849
        }
      },
      "world_space": {
        "head": {
          "x": 0.28782764077186584,
          "y": -0.22106067836284637,
          "z": 1.8208987712860107
        },
        "tail": {
          "x": 0.2896111011505127,
          "y": -0.20349733531475067,
          "z": 1.856975793838501
        },
        "rotation_quaternion": {
          "w": 0.09337875247001648,
          "x": 0.032326001673936844,
          "y": -0.8425694704055786,
          "z": -0.5294451713562012
        },
        "matrix": [
          [
            -0.9804707169532776,
            0.044404011219739914,
            -0.19158543646335602,
            0.28782764077186584
          ],
          [
            -0.1533513367176056,
            0.4372861981391907,
            0.8861513733863831,
            -0.22106067836284637
          ],
          [
            0.1231270581483841,
            0.8982323408126831,
            -0.4219391942024231,
            1.8208987712860107
          ],
          [
            0.0,
            0.0,
            0.0,
            1.0
          ]
        ]
      },
      "bone_length_armature_space": 0.04016464918257045,
      "parent": "thumb_01_l",
      "has_children": true,
      "is_end_bone": false
    },
    "thumb_03_l": {
      "name": "thumb_03_l",
      "local": {
        "location": {
          "x": 0.0,
          "y": 0.0,
          "z": 0.0
        },
        "rotation_quaternion": {
          "w": 0.9883947372436523,
          "x": 0.15166351199150085,
          "y": -0.007027144078165293,
          "z": 0.004969353787600994
        },
        "scale": {
          "x": 1.0,
          "y": 1.0,
          "z": 1.0
        },
        "matrix_basis": [
          [
            0.9998518228530884,
            -0.011954888701438904,
            -0.012383844703435898,
            0.0
          ],
          [
            0.007691843435168266,
            0.9539469480514526,
            -0.2998766601085663,
            0.0
          ],
          [
            0.015398523770272732,
            0.29973700642585754,
            0.9538975954055786,
            0.0
          ],
          [
            0.0,
            0.0,
            0.0,
            1.0
          ]
        ],
        "rotation_mode": "QUATERNION"
      },
      "armature_space": {
        "head": {
          "x": 0.2896110415458679,
          "y": -0.26674142479896545,
          "z": 0.9071217775344849
        },
        "tail": {
          "x": 0.2891049087047577,
          "y": -0.24089378118515015,
          "z": 0.9232009053230286
        }
      },
      "world_space": {
        "head": {
          "x": 0.2896110415458679,
          "y": -0.20349742472171783,
          "z": 1.856975793838501
        },
        "tail": {
          "x": 0.2891049087047577,
          "y": -0.17764978110790253,
          "z": 1.8730549812316895
        },
        "rotation_quaternion": {
          "w": 0.2839933931827545,
          "x": 0.08937713503837585,
          "y": -0.9186112880706787,
          "z": -0.259832501411438
        },
        "matrix": [
          [
            -0.8227188587188721,
            -0.01662483811378479,
            -0.5682048201560974,
            0.2896110415458679
          ],
          [
            -0.311786949634552,
            0.8489981889724731,
            0.42660415172576904,
            -0.20349742472171783
          ],
          [
            0.47531580924987793,
            0.5281387567520142,
            -0.7036750316619873,
            1.856975793838501
          ],
          [
            0.0,
            0.0,
            0.0,
            1.0
          ]
        ]
      },
      "bone_length_armature_space": 0.030444953310221567,
      "parent": "thumb_02_l",
      "has_children": false,
      "is_end_bone": true
    },
    "metacarpal_index_l": {
      "name": "metacarpal_index_l",
      "local": {
        "location": {
          "x": 0.0,
          "y": 0.0,
          "z": 0.0
        },
        "rotation_quaternion": {
          "w": 0.9991216659545898,
          "x": -0.03901652619242668,
          "y": -0.014979287981987,
          "z": -0.003058160888031125
        },
        "scale": {
          "x": 1.0,
          "y": 1.0,
          "z": 1.0
        },
        "matrix_basis": [
          [
            0.9995325207710266,
            0.0072798291221261024,
            -0.02969362400472164,
            0.0
          ],
          [
            -0.004942070227116346,
            0.9969367384910583,
            0.07805613428354263,
            0.0
          ],
          [
            0.030170900747179985,
            -0.07787289470434189,
            0.9965066909790039,
            0.0
          ],
          [
            0.0,
            0.0,
            0.0,
            1.0
          ]
        ],
        "rotation_mode": "QUATERNION"
      },
      "armature_space": {
        "head": {
          "x": 0.3059624135494232,
          "y": -0.2148890346288681,
          "z": 0.8484927415847778
        },
        "tail": {
          "x": 0.27210500836372375,
          "y": -0.2956148386001587,
          "z": 0.9263793230056763
        }
      },
      "world_space": {
        "head": {
          "x": 0.3059624135494232,
          "y": -0.15164503455162048,
          "z": 1.798346757888794
        },
        "tail": {
          "x": 0.27210500836372375,
          "y": -0.23237083852291107,
          "z": 1.8762333393096924
        },
        "rotation_quaternion": {
          "w": 0.3487098813056946,
          "x": 0.916309118270874,
          "y": -0.1841873973608017,
          "z": -0.06967105716466904
        },
        "matrix": [
          [
            0.9224416613578796,
            -0.2889554798603058,
            -0.2561369240283966,
            0.3059624135494232
          ],
          [
            -0.38613563776016235,
            -0.6889528036117554,
            -0.6133871674537659,
            -0.15164503455162048
          ],
          [
            0.0007748827338218689,
            0.6647214293479919,
            -0.7471003532409668,
            1.798346757888794
          ],
          [
            0.0,
            0.0,
            0.0,
            1.0
          ]
        ]
      },
      "bone_length_armature_space": 0.11717209068951363,
      "parent": "lowerarm_l",
      "has_children": true,
      "is_end_bone": false
    },
    "index_01_l": {
      "name": "index_01_l",
      "local": {
        "location": {
          "x": 0.0,
          "y": 0.0,
          "z": 0.0
        },
        "rotation_quaternion": {
          "w": 0.9406355619430542,
          "x": 0.3390308916568756,
          "y": 0.015819810330867767,
          "z": 0.003550463356077671
        },
        "scale": {
          "x": 1.0,
          "y": 1.0,
          "z": 1.0
        },
        "matrix_basis": [
          [
            0.9994742274284363,
            0.004047424532473087,
            0.032168786972761154,
            0.0
          ],
          [
            0.017406193539500237,
            0.7700908780097961,
            -0.6376966834068298,
            0.0
          ],
          [
            -0.027353918179869652,
            0.6379213333129883,
            0.7696155905723572,
            0.0
          ],
          [
            0.0,
            0.0,
            0.0,
            1.0
          ]
        ],
        "rotation_mode": "QUATERNION"
      },
      "armature_space": {
        "head": {
          "x": 0.27210500836372375,
          "y": -0.2956148386001587,
          "z": 0.9263793230056763
        },
        "tail": {
          "x": 0.2697257697582245,
          "y": -0.32378408312797546,
          "z": 0.930107831954956
        }
      },
      "world_space": {
        "head": {
          "x": 0.27210500836372375,
          "y": -0.23237083852291107,
          "z": 1.8762333393096924
        },
        "tail": {
          "x": 0.2697257697582245,
          "y": -0.26054006814956665,
          "z": 1.8799618482589722
        },
        "rotation_quaternion": {
          "w": 0.06105497479438782,
          "x": 0.9919522404670715,
          "y": -0.0482071116566658,
          "z": -0.09989546239376068
        },
        "matrix": [
          [
            0.9753938913345337,
            -0.0834401324391365,
            -0.2040695995092392,
            0.27210500836372375
          ],
          [
            -0.1078365221619606,
            -0.9878969788551331,
            -0.11149629950523376,
            -0.23237083852291107
          ],
          [
            -0.19229796528816223,
            0.13075897097587585,
            -0.9725933074951172,
            1.8762333393096924
          ],
          [
            0.0,
            0.0,
            0.0,
            1.0
          ]
        ]
      },
      "bone_length_armature_space": 0.028514362852326076,
      "parent": "metacarpal_index_l",
      "has_children": true,
      "is_end_bone": false
    },
    "index_02_l": {
      "name": "index_02_l",
      "local": {
        "location": {
          "x": 0.0,
          "y": 0.0,
          "z": 0.0
        },
        "rotation_quaternion": {
          "w": 0.9025126695632935,
          "x": 0.4305984675884247,
          "y": 0.007365438621491194,
          "z": 0.0013267328031361103
        },
        "scale": {
          "x": 1.0,
          "y": 1.0,
          "z": 1.0
        },
        "matrix_basis": [
          [
            0.999888002872467,
            0.003948306664824486,
            0.01443738117814064,
            0.0
          ],
          [
            0.008737879805266857,
            0.6291664242744446,
            -0.7772216200828552,
            0.0
          ],
          [
            -0.012152224779129028,
            0.7772606611251831,
            0.6290614008903503,
            0.0
          ],
          [
            0.0,
            0.0,
            0.0,
            1.0
          ]
        ],
        "rotation_mode": "QUATERNION"
      },
      "armature_space": {
        "head": {
          "x": 0.2697254419326782,
          "y": -0.3237844705581665,
          "z": 0.9301076531410217
        },
        "tail": {
          "x": 0.2637009918689728,
          "y": -0.3425096571445465,
          "z": 0.9136404991149902
        }
      },
      "world_space": {
        "head": {
          "x": 0.2697254419326782,
          "y": -0.2605404853820801,
          "z": 1.8799617290496826
        },
        "tail": {
          "x": 0.2637009918689728,
          "y": -0.2792656421661377,
          "z": 1.8634945154190063
        },
        "rotation_quaternion": {
          "w": 0.3565934896469116,
          "x": -0.9247336983680725,
          "y": 0.08873677998781204,
          "z": 0.09916882961988449
        },
        "matrix": [
          [
            0.9645826816558838,
            -0.23484188318252563,
            -0.12012273818254471,
            0.2697254419326782
          ],
          [
            -0.0933905616402626,
            -0.7299342751502991,
            0.6771076917648315,
            -0.2605404853820801
          ],
          [
            -0.24669679999351501,
            -0.6419130563735962,
            -0.7260183095932007,
            1.8799617290496826
          ],
          [
            0.0,
            0.0,
            0.0,
            1.0
          ]
        ]
      },
      "bone_length_armature_space": 0.025653338657872355,
      "parent": "index_01_l",
      "has_children": true,
      "is_end_bone": false
    },
    "index_03_l": {
      "name": "index_03_l",
      "local": {
        "location": {
          "x": 0.0,
          "y": 0.0,
          "z": 0.0
        },
        "rotation_quaternion": {
          "w": 0.9277392625808716,
          "x": 0.3731200397014618,
          "y": 0.008230856619775295,
          "z": -0.0036833370104432106
        },
        "scale": {
          "x": 1.0,
          "y": 1.0,
          "z": 1.0
        },
        "matrix_basis": [
          [
            0.9998373985290527,
            0.012976547703146935,
            0.012523524463176727,
            0.0
          ],
          [
            -0.0006921575986780226,
            0.7215357422828674,
            -0.6923768520355225,
            0.0
          ],
          [
            -0.018020831048488617,
            0.6922556161880493,
            0.7214273810386658,
            0.0
          ],
          [
            0.0,
            0.0,
            0.0,
            1.0
          ]
        ],
        "rotation_mode": "QUATERNION"
      },
      "armature_space": {
        "head": {
          "x": 0.2637009918689728,
          "y": -0.34250974655151367,
          "z": 0.9136406183242798
        },
        "tail": {
          "x": 0.2601296305656433,
          "y": -0.341858446598053,
          "z": 0.8846481442451477
        }
      },
      "world_space": {
        "head": {
          "x": 0.2637009918689728,
          "y": -0.27926576137542725,
          "z": 1.863494634628296
        },
        "tail": {
          "x": 0.2601296305656433,
          "y": -0.27861446142196655,
          "z": 1.8345022201538086
        },
        "rotation_quaternion": {
          "w": 0.7107142210006714,
          "x": -0.6991153359413147,
          "y": 0.07765913009643555,
          "z": 0.009598187170922756
        },
        "matrix": [
          [
            0.9877539277076721,
            -0.12222839891910553,
            0.09696556627750397,
            0.2637009918689728
          ],
          [
            -0.09494126588106155,
            0.022290974855422974,
            0.9952335357666016,
            -0.27926576137542725
          ],
          [
            -0.12380827963352203,
            -0.9922587275505066,
            0.010414540767669678,
            1.863494634628296
          ],
          [
            0.0,
            0.0,
            0.0,
            1.0
          ]
        ]
      },
      "bone_length_armature_space": 0.029218870158708252,
      "parent": "index_02_l",
      "has_children": false,
      "is_end_bone": true
    },
    "metacarpal_pinky_l": {
      "name": "metacarpal_pinky_l",
      "local": {
        "location": {
          "x": 0.0,
          "y": 0.0,
          "z": 0.0
        },
        "rotation_quaternion": {
          "w": 0.9999820590019226,
          "x": -0.004338472615927458,
          "y": 0.003988743294030428,
          "z": 0.001150975120253861
        },
        "scale": {
          "x": 1.0,
          "y": 1.0,
          "z": 1.0
        },
        "matrix_basis": [
          [
            0.9999655485153198,
            -0.0023365190718322992,
            0.007967356592416763,
            0.0
          ],
          [
            0.0022672987543046474,
            0.9999597072601318,
            0.008685971610248089,
            0.0
          ],
          [
            -0.007987330667674541,
            -0.00866760779172182,
            0.9999305605888367,
            0.0
          ],
          [
            0.0,
            0.0,
            0.0,
            1.0
          ]
        ],
        "rotation_mode": "QUATERNION"
      },
      "armature_space": {
        "head": {
          "x": 0.3059624135494232,
          "y": -0.2148890346288681,
          "z": 0.8484927415847778
        },
        "tail": {
          "x": 0.3314955532550812,
          "y": -0.27296972274780273,
          "z": 0.9310638904571533
        }
      },
      "world_space": {
        "head": {
          "x": 0.3059624135494232,
          "y": -0.15164503455162048,
          "z": 1.798346757888794
        },
        "tail": {
          "x": 0.3314955532550812,
          "y": -0.20972572267055511,
          "z": 1.8809179067611694
        },
        "rotation_quaternion": {
          "w": 0.2512085735797882,
          "x": 0.23003028333187103,
          "y": -0.39750561118125916,
          "z": -0.8520385026931763
        },
        "matrix": [
          [
            -0.7679603695869446,
            0.2452026605606079,
            -0.5917031764984131,
            0.3059624135494232
          ],
          [
            -0.6109561324119568,
            -0.557766854763031,
            0.5618087649345398,
            -0.15164503455162048
          ],
          [
            -0.19227716326713562,
            0.7929564118385315,
            0.5781554579734802,
            1.798346757888794
          ],
          [
            0.0,
            0.0,
            0.0,
            1.0
          ]
        ]
      },
      "bone_length_armature_space": 0.10413117775890292,
      "parent": "lowerarm_l",
      "has_children": true,
      "is_end_bone": false
    },
    "pinky_01_l": {
      "name": "pinky_01_l",
      "local": {
        "location": {
          "x": 0.0,
          "y": 0.0,
          "z": 0.0
        },
        "rotation_quaternion": {
          "w": 0.9498916864395142,
          "x": 0.312049925327301,
          "y": 0.01087688934057951,
          "z": 0.014575588516891003
        },
        "scale": {
          "x": 1.0,
          "y": 1.0,
          "z": 1.0
        },
        "matrix_basis": [
          [
            0.9993385076522827,
            -0.020902195945382118,
            0.02976035699248314,
            0.0
          ],
          [
            0.034478724002838135,
            0.8048247694969177,
            -0.5925101637840271,
            0.0
          ],
          [
            -0.011567111127078533,
            0.5931443572044373,
            0.8050130605697632,
            0.0
          ],
          [
            0.0,
            0.0,
            0.0,
            1.0
          ]
        ],
        "rotation_mode": "QUATERNION"
      },
      "armature_space": {
        "head": {
          "x": 0.3314955532550812,
          "y": -0.27296972274780273,
          "z": 0.9310638904571533
        },
        "tail": {
