{
  "metadata": {
    "armature_name": "KIM_caucasian_male",
    "export_time": "2026-01-13T21:05:45.751903",
    "blender_version": "4.4.1",
    "bone_count": 56,
    "end_bone_count": 13,
    "spaces_included": [
      "LOCAL_CHANNELS",
      "ARMATURE_SPACE",
      "WORLD_SPACE"
    ],
    "note": "LOCAL matches Transform panel; replay pose via local.matrix_basis for best fidelity."
  },
  "bones": {
    "Root": {
      "name": "Root",
      "local": {
        "location": {
          "x": 0.0,
          "y": 0.0,
          "z": 0.0
        },
        "rotation_quaternion": {
          "w": 0.999335527420044,
          "x": -0.016827162355184555,
          "y": 0.019315505400300026,
          "z": 0.025930030271410942
        },
        "scale": {
          "x": 1.0,
          "y": 1.0,
          "z": 1.0
        },
        "matrix_basis": [
          [
            0.9979090690612793,
            -0.05247564986348152,
            0.03773268312215805,
            0.0
          ],
          [
            0.0511755496263504,
            0.9980889558792114,
            0.03463366627693176,
            0.0
          ],
          [
            -0.03947800025343895,
            -0.032630257308483124,
            0.9986875057220459,
            0.0
          ],
          [
            0.0,
            0.0,
            0.0,
            1.0
          ]
        ],
        "rotation_mode": "QUATERNION"
      },
      "armature_space": {
        "head": {
          "x": 0.0,
          "y": 0.07072800397872925,
          "z": -0.009595036506652832
        },
        "tail": {
          "x": -0.003745495108887553,
          "y": 0.0004482567310333252,
          "z": 0.0022895531728863716
        }
      },
      "world_space": {
        "head": {
          "x": 0.0,
          "y": 0.13397200405597687,
          "z": 0.9402589797973633
        },
        "tail": {
          "x": -0.003745495108887553,
          "y": 0.06369225680828094,
          "z": 0.9521435499191284
        },
        "rotation_quaternion": {
          "w": 0.08411181718111038,
          "x": 0.9959316253662109,
          "y": -0.024569878354668617,
          "z": 0.021018479019403458
        },
        "matrix": [
          [
            0.9979090690612793,
            -0.05247564986348152,
            0.03773268312215805,
            0.0
          ],
          [
            -0.04540402442216873,
            -0.9846429824829102,
            -0.1685725450515747,
            0.13397200405597687
          ],
          [
            0.04599945619702339,
            0.16650710999965668,
            -0.9849738478660583,
            0.9402589797973633
          ],
          [
            0.0,
            0.0,
            0.0,
            1.0
          ]
        ]
      },
      "bone_length_armature_space": 0.07137587078651635,
      "parent": null,
      "has_children": true,
      "is_end_bone": false
    },
    "spine_01": {
      "name": "spine_01",
      "local": {
        "location": {
          "x": 0.0,
          "y": 0.0,
          "z": 0.0
        },
        "rotation_quaternion": {
          "w": 0.9954236745834351,
          "x": 0.0670783668756485,
          "y": -0.004710325971245766,
          "z": 0.06789882481098175
        },
        "scale": {
          "x": 1.0,
          "y": 1.0,
          "z": 1.0
        },
        "matrix_basis": [
          [
            0.9907351136207581,
            -0.13580811023712158,
            -0.00026845542015507817,
            0.0
          ],
          [
            0.1345442682504654,
            0.981780469417572,
            -0.13418243825435638,
            0.0
          ],
          [
            0.01848662458360195,
            0.13290314376354218,
            0.9909566044807434,
            0.0
          ],
          [
            0.0,
            0.0,
            0.0,
            1.0
          ]
        ],
        "rotation_mode": "QUATERNION"
      },
      "armature_space": {
        "head": {
          "x": -0.003745495108887553,
          "y": 0.0004482567310333252,
          "z": 0.0022895531728863716
        },
        "tail": {
          "x": -0.09327608346939087,
          "y": -0.022165555506944656,
          "z": 0.4814777076244354
        }
      },
      "world_space": {
        "head": {
          "x": -0.003745495108887553,
          "y": 0.06369225680828094,
          "z": 0.9521435499191284
        },
        "tail": {
          "x": -0.09327608346939087,
          "y": 0.04107844457030296,
          "z": 1.431331753730774
        },
        "rotation_quaternion": {
          "w": 0.6856763362884521,
          "x": 0.7217258810997009,
          "y": -0.08171858638525009,
          "z": 0.04776813089847565
        },
        "matrix": [
          [
            0.9820804595947266,
            -0.18346385657787323,
            -0.04311525449156761,
            -0.003745495108887553
          ],
          [
            -0.05245107412338257,
            -0.04633966088294983,
            -0.9975478053092957,
            0.06369225680828094
          ],
          [
            0.18101724982261658,
            0.9819404482841492,
            -0.055133409798145294,
            0.9521435499191284
          ],
          [
            0.0,
            0.0,
            0.0,
            1.0
          ]
        ]
      },
      "bone_length_armature_space": 0.48800449437681936,
      "parent": "Root",
      "has_children": true,
      "is_end_bone": false
    },
    "neck_01": {
      "name": "neck_01",
      "local": {
        "location": {
          "x": 0.0,
          "y": 0.0,
          "z": 0.0
        },
        "rotation_quaternion": {
          "w": 0.9922077059745789,
          "x": 0.03821072727441788,
          "y": -0.061869166791439056,
          "z": 0.10117281228303909
        },
        "scale": {
          "x": 1.0,
          "y": 1.0,
          "z": 1.0
        },
        "matrix_basis": [
          [
            0.9718725085258484,
            -0.20549702644348145,
            -0.11504235118627548,
            0.0
          ],
          [
            0.19604074954986572,
            0.9766079783439636,
            -0.08834490925073624,
            0.0
          ],
          [
            0.13050590455532074,
            0.06330700218677521,
            0.9894242882728577,
            0.0
          ],
          [
            0.0,
            0.0,
            0.0,
            1.0
          ]
        ],
        "rotation_mode": "QUATERNION"
      },
      "armature_space": {
        "head": {
          "x": -0.10820428282022476,
          "y": -0.06015387177467346,
          "z": 0.5514618158340454
        },
        "tail": {
          "x": -0.14734502136707306,
          "y": -0.1071251705288887,
          "z": 0.6337564587593079
        }
      },
      "world_space": {
        "head": {
          "x": -0.10820428282022476,
          "y": 0.0030901283025741577,
          "z": 1.5013158321380615
        },
        "tail": {
          "x": -0.14734502136707306,
          "y": -0.04388117045164108,
          "z": 1.5836105346679688
        },
        "rotation_quaternion": {
          "w": 0.48593562841415405,
          "x": 0.851300835609436,
          "y": -0.18650920689105988,
          "z": 0.06608924269676208
        },
        "matrix": [
          [
            0.9216927289962769,
            -0.3817814290523529,
            -0.06874076277017593,
            -0.10820428282022476
          ],
          [
            -0.253322035074234,
            -0.45816120505332947,
            -0.8520073890686035,
            0.0030901283025741577
          ],
          [
            0.2937880754470825,
            0.8027076125144958,
            -0.5190019011497498,
            1.5013158321380615
          ],
          [
            0.0,
            0.0,
            0.0,
            1.0
          ]
        ]
      },
      "bone_length_armature_space": 0.10252174730789163,
      "parent": "spine_01",
      "has_children": true,
      "is_end_bone": false
    },
    "head": {
      "name": "head",
      "local": {
        "location": {
          "x": 0.0,
          "y": 0.0,
          "z": 0.0
        },
        "rotation_quaternion": {
          "w": 0.9776780605316162,
          "x": -0.10279998928308487,
          "y": 0.1384442299604416,
          "z": -0.12004609405994415
        },
        "scale": {
          "x": 1.0,
          "y": 1.0,
          "z": 1.0
        },
        "matrix_basis": [
          [
            0.9328442811965942,
            0.20626872777938843,
            0.29538923501968384,
            0.0
          ],
          [
            -0.26319700479507446,
            0.950042188167572,
            0.16777120530605316,
            0.0
          ],
          [
            -0.24602629244327545,
            -0.23424996435642242,
            0.9405307173728943,
            0.0
          ],
          [
            0.0,
            0.0,
            0.0,
            1.0
          ]
        ],
        "rotation_mode": "QUATERNION"
      },
      "armature_space": {
        "head": {
          "x": -0.14734500646591187,
          "y": -0.10712526738643646,
          "z": 0.6337563395500183
        },
        "tail": {
          "x": -0.15931519865989685,
          "y": -0.09801078587770462,
          "z": 0.7881161570549011
        }
      },
      "world_space": {
        "head": {
          "x": -0.14734500646591187,
          "y": -0.04388126730918884,
          "z": 1.5836102962493896
        },
        "tail": {
          "x": -0.15931519865989685,
          "y": -0.034766785800457,
          "z": 1.7379701137542725
        },
        "rotation_quaternion": {
          "w": 0.7273687720298767,
          "x": 0.685056746006012,
          "y": -0.01785844936966896,
          "z": 0.036236125975847244
        },
        "matrix": [
          [
            0.9967359900474548,
            -0.07718215882778168,
            0.023668736219406128,
            -0.14734500646591187
          ],
          [
            0.02824649214744568,
            0.05876888334751129,
            -0.9978720545768738,
            -0.04388126730918884
          ],
          [
            0.07562744617462158,
            0.9952905774116516,
            0.06075672805309296,
            1.5836102962493896
          ],
          [
            0.0,
            0.0,
            0.0,
            1.0
          ]
        ]
      },
      "bone_length_armature_space": 0.15509130310773936,
      "parent": "neck_01",
      "has_children": false,
      "is_end_bone": true
    },
    "upperarm_l": {
      "name": "upperarm_l",
      "local": {
        "location": {
          "x": 0.0,
          "y": 0.0,
          "z": 0.0
        },
        "rotation_quaternion": {
          "w": 0.8999419212341309,
          "x": 0.2810477018356323,
          "y": -0.014798220247030258,
          "z": -0.33301299810409546
        },
        "scale": {
          "x": 1.0,
          "y": 1.0,
          "z": 1.0
        },
        "matrix_basis": [
          [
            0.7777667045593262,
            0.5910667181015015,
            -0.21382015943527222,
            0.0
          ],
          [
            -0.6077027320861816,
            0.6202290654182434,
            -0.49599722027778625,
            0.0
          ],
          [
            -0.16054999828338623,
            0.5157092213630676,
            0.8415864109992981,
            0.0
          ],
          [
            0.0,
            0.0,
            0.0,
            1.0
          ]
        ],
        "rotation_mode": "QUATERNION"
      },
      "armature_space": {
        "head": {
          "x": 0.05130049213767052,
          "y": -0.06808845698833466,
          "z": 0.5124446153640747
        },
        "tail": {
          "x": 0.24087287485599518,
          "y": -0.19666333496570587,
          "z": 0.3733808100223541
        }
      },
      "world_space": {
        "head": {
          "x": 0.05130049213767052,
          "y": -0.004844456911087036,
          "z": 1.4622986316680908
        },
        "tail": {
          "x": 0.24087287485599518,
          "y": -0.13341933488845825,
          "z": 1.3232347965240479
        },
        "rotation_quaternion": {
          "w": 0.1702568233013153,
          "x": 0.4839348793029785,
          "y": 0.48073676228523254,
          "z": -0.7111341953277588
        },
        "matrix": [
          [
            -0.47364047169685364,
            0.7074403166770935,
            -0.5245883464813232,
            0.05130049213767052
          ],
          [
            0.22313737869262695,
            -0.47981172800064087,
            -0.8485226035118103,
            -0.004844456911087036
          ],
          [
            -0.8519883751869202,
            -0.5189539790153503,
            0.06940166652202606,
            1.4622986316680908
          ],
          [
            0.0,
            0.0,
            0.0,
            1.0
          ]
        ]
      },
      "bone_length_armature_space": 0.26797001048756414,
      "parent": "spine_01",
      "has_children": true,
      "is_end_bone": false
    },
    "lowerarm_l": {
      "name": "lowerarm_l",
      "local": {
        "location": {
          "x": 0.0,
          "y": 0.0,
          "z": 0.0
        },
        "rotation_quaternion": {
          "w": 0.966906726360321,
          "x": 0.2447059154510498,
          "y": 0.04492101073265076,
          "z": -0.05650350823998451
        },
        "scale": {
          "x": 1.0,
          "y": 1.0,
          "z": 1.0
        },
        "matrix_basis": [
          [
            0.989578902721405,
            0.13125212490558624,
            0.05921537056565285,
            0.0
          ],
          [
            -0.08728236705064774,
            0.8738527297973633,
            -0.47829198837280273,
            0.0
          ],
          [
            -0.11452233791351318,
            0.4681392014026642,
            0.8762022256851196,
            0.0
          ],
          [
            0.0,
            0.0,
            0.0,
            1.0
          ]
        ],
        "rotation_mode": "QUATERNION"
      },
      "armature_space": {
        "head": {
          "x": 0.24087296426296234,
          "y": -0.19666345417499542,
          "z": 0.3733808696269989
        },
        "tail": {
          "x": 0.31318479776382446,
          "y": -0.4326525628566742,
          "z": 0.2701835632324219
        }
      },
      "world_space": {
        "head": {
          "x": 0.24087296426296234,
          "y": -0.1334194540977478,
          "z": 1.3232349157333374
        },
        "tail": {
          "x": 0.31318479776382446,
          "y": -0.3694085478782654,
          "z": 1.220037579536438
        },
        "rotation_quaternion": {
          "w": 0.016568349674344063,
          "x": 0.5011749863624573,
          "y": 0.24220889806747437,
          "z": -0.8305925726890564
        },
        "matrix": [
          [
            -0.4970988631248474,
            0.27029991149902344,
            -0.8245184421539307,
            0.24087296426296234
          ],
          [
            0.2152543067932129,
            -0.8821215629577637,
            -0.4189598858356476,
            -0.1334194540977478
          ],
          [
            -0.8405758142471313,
            -0.38574907183647156,
            0.3803207278251648,
            1.3232349157333374
          ],
          [
            0.0,
            0.0,
            0.0,
            1.0
          ]
        ]
      },
      "bone_length_armature_space": 0.2675248470656937,
      "parent": "upperarm_l",
      "has_children": true,
      "is_end_bone": false
    },
    "metacarpal_thumb_l": {
      "name": "metacarpal_thumb_l",
      "local": {
        "location": {
          "x": 0.0,
          "y": 0.0,
          "z": 0.0
        },
        "rotation_quaternion": {
          "w": 0.9991545677185059,
          "x": -0.036608483642339706,
          "y": -0.01713589020073414,
          "z": 0.007502511143684387
        },
        "scale": {
          "x": 1.0,
          "y": 1.0,
          "z": 1.0
        },
        "matrix_basis": [
          [
            0.9993001222610474,
            -0.013737699016928673,
            -0.03479211777448654,
            0.0
          ],
          [
            0.0162469744682312,
            0.9972070455551147,
            0.07289794087409973,
            0.0
          ],
          [
            0.03369349613785744,
            -0.07341219484806061,
            0.9967323541641235,
            0.0
          ],
          [
            0.0,
            0.0,
            0.0,
            1.0
          ]
        ],
        "rotation_mode": "QUATERNION"
      },
      "armature_space": {
        "head": {
          "x": 0.31318479776382446,
          "y": -0.4326525628566742,
          "z": 0.2701835632324219
        },
        "tail": {
          "x": 0.29654353857040405,
          "y": -0.47855645418167114,
          "z": 0.2618475556373596
        }
      },
      "world_space": {
        "head": {
          "x": 0.31318479776382446,
          "y": -0.3694085478782654,
          "z": 1.220037579536438
        },
        "tail": {
          "x": 0.29654353857040405,
          "y": -0.4153124690055847,
          "z": 1.2117016315460205
        },
        "rotation_quaternion": {
          "w": 0.13599595427513123,
          "x": -0.9298793077468872,
          "y": 0.13470253348350525,
          "z": 0.31414151191711426
        },
        "matrix": [
          [
            0.7663408517837524,
            -0.33595824241638184,
            -0.5475890040397644,
            0.31318479776382446
          ],
          [
            -0.16507069766521454,
            -0.9267206788063049,
            0.33755069971084595,
            -0.3694085478782654
          ],
          [
            -0.620869517326355,
            -0.1682898998260498,
            -0.7656456232070923,
            1.220037579536438
          ],
          [
            0.0,
            0.0,
            0.0,
            1.0
          ]
        ]
      },
      "bone_length_armature_space": 0.04953370246676033,
      "parent": "lowerarm_l",
      "has_children": true,
      "is_end_bone": false
    },
    "thumb_01_l": {
      "name": "thumb_01_l",
      "local": {
        "location": {
          "x": 0.0,
          "y": 0.0,
          "z": 0.0
        },
        "rotation_quaternion": {
          "w": 0.9997790455818176,
          "x": 0.014804709702730179,
          "y": 0.0067587909288704395,
          "z": -0.013307444751262665
        },
        "scale": {
          "x": 1.0,
          "y": 1.0,
          "z": 1.0
        },
        "matrix_basis": [
          [
            0.999554455280304,
            0.02680913358926773,
            0.013120569288730621,
            0.0
          ],
          [
            -0.026408884674310684,
            0.9992074370384216,
            -0.02978276088833809,
            0.0
          ],
          [
            -0.013908620923757553,
            0.02942299284040928,
            0.9994702935218811,
            0.0
          ],
          [
            0.0,
            0.0,
            0.0,
            1.0
          ]
        ],
        "rotation_mode": "QUATERNION"
      },
      "armature_space": {
        "head": {
          "x": 0.29654353857040405,
          "y": -0.47855645418167114,
          "z": 0.2618475556373596
        },
        "tail": {
          "x": 0.27282488346099854,
          "y": -0.4912204444408417,
          "z": 0.24097460508346558
        }
      },
      "world_space": {
        "head": {
          "x": 0.29654353857040405,
          "y": -0.4153124690055847,
          "z": 1.2117016315460205
        },
        "tail": {
          "x": 0.27282488346099854,
          "y": -0.42797642946243286,
          "z": 1.190828561782837
        },
        "rotation_quaternion": {
          "w": 0.13581039011478424,
          "x": -0.7358673214912415,
          "y": 0.5436273813247681,
          "z": -0.3801631033420563
        },
        "matrix": [
          [
            0.1198882907629013,
            -0.6968166828155518,
            0.707158625125885,
            0.29654353857040405
          ],
          [
            -0.9033353328704834,
            -0.37204837799072266,
            -0.21346013247966766,
            -0.4153124690055847
          ],
          [
            0.4118416905403137,
            -0.6132145524024963,
            -0.6740683317184448,
            1.2117016315460205
          ],
          [
            0.0,
            0.0,
            0.0,
            1.0
          ]
        ]
      },
      "bone_length_armature_space": 0.03403867366483375,
      "parent": "metacarpal_thumb_l",
      "has_children": true,
      "is_end_bone": false
    },
    "thumb_02_l": {
      "name": "thumb_02_l",
      "local": {
        "location": {
          "x": 0.0,
          "y": 0.0,
          "z": 0.0
        },
        "rotation_quaternion": {
          "w": 0.9961105585098267,
          "x": 0.08751144260168076,
          "y": -0.00934924278408289,
          "z": 0.004252034705132246
        },
        "scale": {
          "x": 1.0,
          "y": 1.0,
          "z": 1.0
        },
        "matrix_basis": [
          [
            0.9997889995574951,
            -0.010107324458658695,
            -0.01788155548274517,
            0.0
          ],
          [
            0.006834662053734064,
            0.9846473336219788,
            -0.17442165315151215,
            0.0
          ],
          [
            0.019369961693882942,
            0.1742626428604126,
            0.9845086932182312,
            0.0
          ],
          [
            0.0,
            0.0,
            0.0,
            1.0
          ]
        ],
        "rotation_mode": "QUATERNION"
      },
      "armature_space": {
        "head": {
          "x": 0.27282485365867615,
          "y": -0.4912204146385193,
          "z": 0.24097463488578796
        },
        "tail": {
          "x": 0.2858280837535858,
          "y": -0.5259369015693665,
          "z": 0.22551937401294708
        }
      },
      "world_space": {
        "head": {
          "x": 0.27282485365867615,
          "y": -0.42797642946243286,
          "z": 1.1908286809921265
        },
        "tail": {
          "x": 0.2858280837535858,
          "y": -0.46269291639328003,
          "z": 1.1753734350204468
        },
        "rotation_quaternion": {
          "w": 0.24991388618946075,
          "x": -0.534188449382782,
          "y": 0.07323267310857773,
          "z": -0.8042528629302979
        },
        "matrix": [
          [
            -0.3043712377548218,
            0.3237501382827759,
            0.8958480954170227,
            0.27282485365867615
          ],
          [
            -0.48022812604904175,
            -0.8643595576286316,
            0.14920933544635773,
            -0.42797642946243286
          ],
          [
            0.8226467967033386,
            -0.3848000168800354,
            0.41856297850608826,
            1.1908286809921265
          ],
          [
            0.0,
            0.0,
            0.0,
            1.0
          ]
        ]
      },
      "bone_length_armature_space": 0.0401644560415825,
      "parent": "thumb_01_l",
      "has_children": true,
      "is_end_bone": false
    },
    "thumb_03_l": {
      "name": "thumb_03_l",
      "local": {
        "location": {
          "x": 0.0,
          "y": 0.0,
          "z": 0.0
        },
        "rotation_quaternion": {
          "w": 0.9973526000976562,
          "x": 0.07256964594125748,
          "y": 0.0010269925696775317,
          "z": -0.00450783409178257
        },
        "scale": {
          "x": 1.0,
          "y": 1.0,
          "z": 1.0
        },
        "matrix_basis": [
          [
            0.999957263469696,
            0.009140857495367527,
            0.001394283608533442,
            0.0
          ],
          [
            -0.008842743001878262,
            0.9894266724586487,
            -0.14476430416107178,
            0.0
          ],
          [
            -0.0027028112672269344,
            0.14474579691886902,
            0.9894651770591736,
            0.0
          ],
          [
            0.0,
            0.0,
            0.0,
            1.0
          ]
        ],
        "rotation_mode": "QUATERNION"
      },
      "armature_space": {
        "head": {
          "x": 0.28582799434661865,
          "y": -0.5259369015693665,
          "z": 0.22551940381526947
        },
        "tail": {
          "x": 0.30649781227111816,
          "y": -0.5467901229858398,
          "z": 0.2174699902534485
        }
      },
      "world_space": {
        "head": {
          "x": 0.28582799434661865,
          "y": -0.46269291639328003,
          "z": 1.1753734350204468
        },
        "tail": {
          "x": 0.30649781227111816,
          "y": -0.4835461378097534,
          "z": 1.1673240661621094
        },
        "rotation_quaternion": {
          "w": 0.3966352045536041,
          "x": -0.3020070791244507,
          "y": 0.014316744171082973,
          "z": -0.866756796836853
        },
        "matrix": [
          [
            -0.502943754196167,
            0.6789261102676392,
            0.5348896384239197,
            0.28582799434661865
          ],
          [
            -0.6962199807167053,
            -0.6849504709243774,
            0.2147570550441742,
            -0.46269291639328003
          ],
          [
            0.5121800899505615,
            -0.2643927335739136,
            0.817179262638092,
            1.1753734350204468
          ],
          [
            0.0,
            0.0,
            0.0,
            1.0
          ]
        ]
      },
      "bone_length_armature_space": 0.030444889046371673,
      "parent": "thumb_02_l",
      "has_children": false,
      "is_end_bone": true
    },
    "metacarpal_index_l": {
      "name": "metacarpal_index_l",
      "local": {
        "location": {
          "x": 0.0,
          "y": 0.0,
          "z": 0.0
        },
        "rotation_quaternion": {
          "w": 0.999608039855957,
          "x": -0.023958832025527954,
          "y": -0.008759783580899239,
          "z": 0.011537369340658188
        },
        "scale": {
          "x": 1.0,
          "y": 1.0,
          "z": 1.0
        },
        "matrix_basis": [
          [
            0.9995803236961365,
            -0.022645946592092514,
            -0.018065543845295906,
            0.0
          ],
          [
            0.023485442623496056,
            0.9985857009887695,
            0.04769675433635712,
            0.0
          ],
          [
            0.01695985719561577,
            -0.04810101166367531,
            0.9986984729766846,
            0.0
          ],
          [
            0.0,
            0.0,
            0.0,
            1.0
          ]
        ],
        "rotation_mode": "QUATERNION"
      },
      "armature_space": {
        "head": {
          "x": 0.31318479776382446,
          "y": -0.4326525628566742,
          "z": 0.2701835632324219
        },
        "tail": {
          "x": 0.3149186968803406,
          "y": -0.5459595918655396,
          "z": 0.2403886318206787
        }
      },
      "world_space": {
        "head": {
          "x": 0.31318479776382446,
          "y": -0.3694085478782654,
          "z": 1.220037579536438
        },
        "tail": {
          "x": 0.3149186968803406,
          "y": -0.4827156066894531,
          "z": 1.1902426481246948
        },
        "rotation_quaternion": {
          "w": 0.10314222425222397,
          "x": -0.8294914960861206,
          "y": -0.07650680094957352,
          "z": 0.5435552597045898
        },
        "matrix": [
          [
            0.3973890244960785,
            0.014797862619161606,
            -0.91753089427948,
            0.31318479776382446
          ],
          [
            0.23905040323734283,
            -0.9670169949531555,
            0.08793830126523972,
            -0.3694085478782654
          ],
          [
            -0.8859726786613464,
            -0.2542843520641327,
            -0.38782185316085815,
            1.220037579536438
          ],
          [
            0.0,
            0.0,
            0.0,
            1.0
          ]
        ]
      },
      "bone_length_armature_space": 0.1171717850916958,
      "parent": "lowerarm_l",
      "has_children": true,
      "is_end_bone": false
    },
    "index_01_l": {
      "name": "index_01_l",
      "local": {
        "location": {
          "x": 0.0,
          "y": 0.0,
          "z": 0.0
        },
        "rotation_quaternion": {
          "w": 0.9965933561325073,
          "x": -0.08084547519683838,
          "y": -0.015851035714149475,
          "z": 0.003813407151028514
        },
        "scale": {
          "x": 1.0,
          "y": 1.0,
          "z": 1.0
        },
        "matrix_basis": [
          [
            0.9994683861732483,
            -0.005037863273173571,
            -0.03221066668629646,
            0.0
          ],
          [
            0.010163801722228527,
            0.9868989586830139,
            0.1610192358493805,
            0.0
          ],
          [
            0.030977480113506317,
            -0.16126102209091187,
            0.986425518989563,
            0.0
          ],
          [
            0.0,
            0.0,
            0.0,
            1.0
          ]
        ],
        "rotation_mode": "QUATERNION"
      },
      "armature_space": {
        "head": {
          "x": 0.3149186968803406,
          "y": -0.5459595918655396,
          "z": 0.2403886318206787
        },
        "tail": {
          "x": 0.32660621404647827,
          "y": -0.5692727565765381,
          "z": 0.22885741293430328
        }
      },
      "world_space": {
        "head": {
          "x": 0.3149186968803406,
          "y": -0.4827156066894531,
          "z": 1.1902426481246948
        },
        "tail": {
          "x": 0.32660621404647827,
          "y": -0.5060287714004517,
          "z": 1.1787114143371582
        },
        "rotation_quaternion": {
          "w": 0.07223963737487793,
          "x": -0.8190701007843018,
          "y": -0.29323044419288635,
          "z": 0.4877720773220062
        },
        "matrix": [
          [
            0.35218799114227295,
            0.4098818004131317,
            -0.8414039611816406,
            0.3149186968803406
          ],
          [
            0.550825834274292,
            -0.8175941109657288,
            -0.16772298514842987,
            -0.4827156066894531
          ],
          [
            -0.7566783428192139,
            -0.404400497674942,
            -0.5137239098548889,
            1.1902426481246948
          ],
          [
            0.0,
            0.0,
            0.0,
            1.0
          ]
        ]
      },
      "bone_length_armature_space": 0.028514395362326427,
      "parent": "metacarpal_index_l",
      "has_children": true,
      "is_end_bone": false
    },
    "index_02_l": {
      "name": "index_02_l",
      "local": {
        "location": {
          "x": 0.0,
          "y": 0.0,
          "z": 0.0
        },
        "rotation_quaternion": {
          "w": 0.9986523389816284,
          "x": 0.05149539187550545,
          "y": 0.006220356561243534,
          "z": 0.0018139488529413939
        },
        "scale": {
          "x": 1.0,
          "y": 1.0,
          "z": 1.0
        },
        "matrix_basis": [
          [
            0.9999160170555115,
            -0.0029823691584169865,
            0.012610767036676407,
            0.0
          ],
          [
            0.004263647831976414,
            0.9946898818016052,
            -0.10282941907644272,
            0.0
          ],
          [
            -0.0122371269389987,
            0.10287455469369888,
            0.9946190714836121,
            0.0
          ],
          [
            0.0,
            0.0,
            0.0,
            1.0
          ]
        ],
        "rotation_mode": "QUATERNION"
      },
      "armature_space": {
        "head": {
          "x": 0.32660603523254395,
          "y": -0.5692732930183411,
          "z": 0.22885726392269135
        },
        "tail": {
          "x": 0.3358183205127716,
          "y": -0.590185821056366,
          "z": 0.2171999216079712
        }
      },
      "world_space": {
        "head": {
          "x": 0.32660603523254395,
          "y": -0.5060293078422546,
          "z": 1.1787112951278687
        },
        "tail": {
          "x": 0.3358183205127716,
          "y": -0.5269418358802795,
          "z": 1.1670539379119873
        },
        "rotation_quaternion": {
          "w": 0.09745846688747406,
          "x": -0.7991464138031006,
          "y": -0.2879277467727661,
          "z": 0.5186178088188171
        },
        "matrix": [
          [
            0.29626575112342834,
            0.3591079115867615,
            -0.88502436876297,
            0.32660603523254395
          ],
          [
            0.5612806677818298,
            -0.8151983022689819,
            -0.1428842544555664,
            -0.5060293078422546
          ],
          [
            -0.7727862000465393,
            -0.45441919565200806,
            -0.44307881593704224,
            1.1787112951278687
          ],
          [
            0.0,
            0.0,
            0.0,
            1.0
          ]
        ]
      },
      "bone_length_armature_space": 0.025653336247049987,
      "parent": "index_01_l",
      "has_children": true,
      "is_end_bone": false
    },
    "index_03_l": {
      "name": "index_03_l",
      "local": {
        "location": {
          "x": 0.0,
          "y": 0.0,
          "z": 0.0
        },
        "rotation_quaternion": {
          "w": 0.9989464282989502,
          "x": 0.04579087346792221,
          "y": 0.0030263224616646767,
          "z": 0.00013713142834603786
        },
        "scale": {
          "x": 1.0,
          "y": 1.0,
          "z": 1.0
        },
        "matrix_basis": [
          [
            0.9999816417694092,
            3.181996817147592e-06,
            0.006058826576918364,
            0.0
          ],
          [
            0.0005511298077180982,
            0.9958063364028931,
            -0.0914844274520874,
            0.0
          ],
          [
            -0.006033709272742271,
            0.09148608893156052,
            0.9957880973815918,
            0.0
          ],
          [
            0.0,
            0.0,
            0.0,
            1.0
          ]
        ],
        "rotation_mode": "QUATERNION"
      },
      "armature_space": {
        "head": {
          "x": 0.33581843972206116,
          "y": -0.590185821056366,
          "z": 0.21720001101493835
        },
        "tail": {
          "x": 0.34231066703796387,
          "y": -0.6126720309257507,
          "z": 0.19970835745334625
        }
      },
      "world_space": {
        "head": {
          "x": 0.33581843972206116,
          "y": -0.5269418358802795,
          "z": 1.1670540571212769
        },
        "tail": {
          "x": 0.34231066703796387,
          "y": -0.5494280457496643,
          "z": 1.1495623588562012
        },
        "rotation_quaternion": {
          "w": 0.20394665002822876,
          "x": -0.7915048599243164,
          "y": -0.2713194787502289,
          "z": 0.5082436203956604
        },
        "matrix": [
          [
            0.33614853024482727,
            0.22219471633434296,
            -0.9152233004570007,
            0.33581843972206116
          ],
          [
            0.636810839176178,
            -0.769582986831665,
            0.04705478996038437,
            -0.5269418358802795
          ],
          [
            -0.693889319896698,
            -0.598646342754364,
            -0.40019282698631287,
            1.1670540571212769
          ],
          [
            0.0,
            0.0,
            0.0,
            1.0
          ]
        ]
      },
      "bone_length_armature_space": 0.029218771320705137,
      "parent": "index_02_l",
      "has_children": false,
      "is_end_bone": true
    },
    "metacarpal_pinky_l": {
      "name": "metacarpal_pinky_l",
      "local": {
        "location": {
          "x": 0.0,
          "y": 0.0,
          "z": 0.0
        },
        "rotation_quaternion": {
          "w": 0.9998120665550232,
          "x": 0.008281360380351543,
          "y": 0.01456629391759634,
          "z": -0.00975574180483818
        },
        "scale": {
          "x": 1.0,
          "y": 1.0,
          "z": 1.0
        },
        "matrix_basis": [
          [
            0.9993852972984314,
            0.019749073311686516,
            0.028965530917048454,
            0.0
          ],
          [
            -0.019266558811068535,
            0.9996724724769592,
            -0.01684381812810898,
            0.0
          ],
          [
            -0.029288694262504578,
            0.016275398433208466,
            0.999438464641571,
            0.0
          ],
          [
            0.0,
            0.0,
            0.0,
            1.0
          ]
        ],
        "rotation_mode": "QUATERNION"
      },
      "armature_space": {
        "head": {
          "x": 0.31318479776382446,
          "y": -0.4326525628566742,
          "z": 0.2701835632324219
        },
        "tail": {
          "x": 0.36460867524147034,
          "y": -0.5086380243301392,
          "z": 0.2209388017654419
        }
      },
      "world_space": {
        "head": {
          "x": 0.31318479776382446,
          "y": -0.3694085478782654,
          "z": 1.220037579536438
        },
        "tail": {
          "x": 0.36460867524147034,
          "y": -0.44539403915405273,
          "z": 1.170792818069458
        },
        "rotation_quaternion": {
          "w": 0.28361594676971436,
          "x": -0.06888552010059357,
          "y": 0.23389314115047455,
          "z": -0.9274216890335083
        },
        "matrix": [
          [
            -0.8296332359313965,
            0.4938395321369171,
            0.26044419407844543,
            0.31318479776382446
          ],
          [
            -0.5582874417304993,
            -0.7297121286392212,
            -0.3947601318359375,
            -0.3694085478782654
          ],
          [
            -0.004899239167571068,
            -0.4729127585887909,
            0.8811034560203552,
            1.220037579536438
          ],
          [
            0.0,
            0.0,
            0.0,
            1.0
          ]
        ]
      },
      "bone_length_armature_space": 0.10413093711601847,
      "parent": "lowerarm_l",
      "has_children": true,
      "is_end_bone": false
    },
    "pinky_01_l": {
      "name": "pinky_01_l",
      "local": {
        "location": {
          "x": 0.0,
          "y": 0.0,
          "z": 0.0
        },
        "rotation_quaternion": {
          "w": 0.9548617005348206,
          "x": 0.2965336740016937,
          "y": -0.012031315825879574,
          "z": -0.012742731720209122
        },
        "scale": {
          "x": 1.0,
          "y": 1.0,
          "z": 1.0
        },
        "matrix_basis": [
          [
            0.9993857145309448,
            0.017199711874127388,
            -0.03053378313779831,
            0.0
          ],
          [
            -0.03147047385573387,
            0.8238108158111572,
            -0.565990686416626,
            0.0
          ],
          [
            0.015419187024235725,
            0.5666038990020752,
            0.8238460421562195,
            0.0
          ],
          [
            0.0,
            0.0,
            0.0,
            1.0
          ]
        ],
        "rotation_mode": "QUATERNION"
      },
      "armature_space": {
        "head": {
          "x": 0.36460867524147034,
          "y": -0.5086380243301392,
          "z": 0.2209388017654419
        },
