{
  "metadata": {
    "armature_name": "KIM_caucasian_male",
    "export_time": "2026-01-13T20:59:28.066914",
    "blender_version": "4.4.1",
    "bone_count": 56,
    "end_bone_count": 13,
    "spaces_included": [
      "LOCAL_CHANNELS",
      "ARMATURE_SPACE",
      "WORLD_SPACE"
    ],
    "note": "LOCAL matches Transform panel; replay pose via local.matrix_basis for best fidelity."
  },
  "bones": {
    "Root": {
      "name": "Root",
      "local": {
        "location": {
          "x": 0.0,
          "y": 0.0,
          "z": 0.0
        },
        "rotation_quaternion": {
          "w": 0.9997394680976868,
          "x": 0.01728181354701519,
          "y": -0.009357830509543419,
          "z": 0.011609782464802265
        },
        "scale": {
          "x": 1.0,
          "y": 1.0,
          "z": 1.0
        },
        "matrix_basis": [
          [
            0.9995552897453308,
            -0.023536955937743187,
            -0.01830950938165188,
            0.0
          ],
          [
            0.02289007417857647,
            0.9991331100463867,
            -0.034771908074617386,
            0.0
          ],
          [
            0.019112061709165573,
            0.03433733806014061,
            0.9992275238037109,
            0.0
          ],
          [
            0.0,
            0.0,
            0.0,
            1.0
          ]
        ],
        "rotation_mode": "QUATERNION"
      },
      "armature_space": {
        "head": {
          "x": 0.0,
          "y": 0.07072800397872925,
          "z": -0.009595036506652832
        },
        "tail": {
          "x": -0.0016799706500023603,
          "y": -0.0002681538462638855,
          "z": -0.0024369475431740284
        }
      },
      "world_space": {
        "head": {
          "x": 0.0,
          "y": 0.13397200405597687,
          "z": 0.9402589797973633
        },
        "tail": {
          "x": -0.0016799706500023603,
          "y": 0.06297584623098373,
          "z": 0.9474170804023743
        },
        "rotation_quaternion": {
          "w": 0.05010754615068436,
          "x": 0.9986324906349182,
          "y": -0.012213824316859245,
          "z": -0.008554446510970592
        },
        "matrix": [
          [
            0.9995552897453308,
            -0.023536955937743187,
            -0.01830950938165188,
            0.0
          ],
          [
            -0.025251533836126328,
            -0.9946801066398621,
            -0.09986955672502518,
            0.13397200405597687
          ],
          [
            -0.01586161181330681,
            0.10028724372386932,
            -0.9948391318321228,
            0.9402589797973633
          ],
          [
            0.0,
            0.0,
            0.0,
            1.0
          ]
        ]
      },
      "bone_length_armature_space": 0.07137586954573222,
      "parent": null,
      "has_children": true,
      "is_end_bone": false
    },
    "spine_01": {
      "name": "spine_01",
      "local": {
        "location": {
          "x": 0.0,
          "y": 0.0,
          "z": 0.0
        },
        "rotation_quaternion": {
          "w": 0.9990934133529663,
          "x": -0.019899781793355942,
          "y": 0.03662092611193657,
          "z": -0.00868322141468525
        },
        "scale": {
          "x": 1.0,
          "y": 1.0,
          "z": 1.0
        },
        "matrix_basis": [
          [
            0.9971669912338257,
            0.015893202275037766,
            0.07352104038000107,
            0.0
          ],
          [
            -0.018808195367455482,
            0.9990571737289429,
            0.03912750631570816,
            0.0
          ],
          [
            -0.07282986491918564,
            -0.0403994582593441,
            0.9965258240699768,
            0.0
          ],
          [
            0.0,
            0.0,
            0.0,
            1.0
          ]
        ],
        "rotation_mode": "QUATERNION"
      },
      "armature_space": {
        "head": {
          "x": -0.0016799706500023603,
          "y": -0.0002681538462638855,
          "z": -0.0024369475431740284
        },
        "tail": {
          "x": 0.014449036680161953,
          "y": 0.025084735825657845,
          "z": 0.48464176058769226
        }
      },
      "world_space": {
        "head": {
          "x": -0.0016799706500023603,
          "y": 0.06297584623098373,
          "z": 0.9474170804023743
        },
        "tail": {
          "x": 0.014449036680161953,
          "y": 0.08832873404026031,
          "z": 1.4344958066940308
        },
        "rotation_quaternion": {
          "w": 0.7246534824371338,
          "x": 0.6884762048721313,
          "y": 0.029212141409516335,
          "z": 0.004948968067765236
        },
        "matrix": [
          [
            0.9982442855834961,
            0.03305116295814514,
            0.04915163666009903,
            -0.0016799706500023603
          ],
          [
            0.04739607125520706,
            0.051952511072158813,
            -0.9975243210792542,
            0.06297584623098373
          ],
          [
            -0.03552308678627014,
            0.9981095790863037,
            0.050294239073991776,
            0.9474170804023743
          ],
          [
            0.0,
            0.0,
            0.0,
            1.0
          ]
        ]
      },
      "bone_length_armature_space": 0.4880046904679956,
      "parent": "Root",
      "has_children": true,
      "is_end_bone": false
    },
    "neck_01": {
      "name": "neck_01",
      "local": {
        "location": {
          "x": 0.0,
          "y": 0.0,
          "z": 0.0
        },
        "rotation_quaternion": {
          "w": 0.9950733780860901,
          "x": -0.020277831703424454,
          "y": 0.06669000536203384,
          "z": 0.07050085067749023
        },
        "scale": {
          "x": 1.0,
          "y": 1.0,
          "z": 1.0
        },
        "matrix_basis": [
          [
            0.9811641573905945,
            -0.14301170408725739,
            0.1298636943101883,
            0.0
          ],
          [
            0.13760238885879517,
            0.9892368912696838,
            0.049759265035390854,
            0.0
          ],
          [
            -0.1355821043252945,
            -0.03095245733857155,
            0.9902824759483337,
            0.0
          ],
          [
            0.0,
            0.0,
            0.0,
            1.0
          ]
        ],
        "rotation_mode": "QUATERNION"
      },
      "armature_space": {
        "head": {
          "x": 0.018573593348264694,
          "y": -0.005705965682864189,
          "z": 0.5594660043716431
        },
        "tail": {
          "x": 0.008832275867462158,
          "y": -0.036945268511772156,
          "z": 0.656625509262085
        }
      },
      "world_space": {
        "head": {
          "x": 0.018573593348264694,
          "y": 0.05753803253173828,
          "z": 1.5093200206756592
        },
        "tail": {
          "x": 0.008832275867462158,
          "y": 0.026298731565475464,
          "z": 1.606479525566101
        },
        "rotation_quaternion": {
          "w": 0.5895289182662964,
          "x": 0.8021712899208069,
          "y": 0.010014931671321392,
          "z": 0.09421490132808685
        },
        "matrix": [
          [
            0.9820466637611389,
            -0.0950174629688263,
            0.16296055912971497,
            0.018573593348264694
          ],
          [
            0.12715168297290802,
            -0.3047102391719818,
            -0.9439197182655334,
            0.05753803253173828
          ],
          [
            0.1393456757068634,
            0.9477000832557678,
            -0.28716084361076355,
            1.5093200206756592
          ],
          [
            0.0,
            0.0,
            0.0,
            1.0
          ]
        ]
      },
      "bone_length_armature_space": 0.10252198175667081,
      "parent": "spine_01",
      "has_children": true,
      "is_end_bone": false
    },
    "head": {
      "name": "head",
      "local": {
        "location": {
          "x": 0.0,
          "y": 0.0,
          "z": 0.0
        },
        "rotation_quaternion": {
          "w": 0.9896758794784546,
          "x": -0.12468793988227844,
          "y": -0.032356634736061096,
          "z": -0.06283022463321686
        },
        "scale": {
          "x": 1.0,
          "y": 1.0,
          "z": 1.0
        },
        "matrix_basis": [
          [
            0.9900107979774475,
            0.13243207335472107,
            -0.04837682098150253,
            0.0
          ],
          [
            -0.11629415303468704,
            0.9610105752944946,
            0.25086724758148193,
            0.0
          ],
          [
            0.07971350103616714,
            -0.2427353411912918,
            0.9668119549751282,
            0.0
          ],
          [
            0.0,
            0.0,
            0.0,
            1.0
          ]
        ],
        "rotation_mode": "QUATERNION"
      },
      "armature_space": {
        "head": {
          "x": 0.008832309395074844,
          "y": -0.036945391446352005,
          "z": 0.6566253304481506
        },
        "tail": {
          "x": 0.0026159347034990788,
          "y": 0.011400274932384491,
          "z": 0.8038576245307922
        }
      },
      "world_space": {
        "head": {
          "x": 0.008832309395074844,
          "y": 0.026298608630895615,
          "z": 1.6064794063568115
        },
        "tail": {
          "x": 0.0026159347034990788,
          "y": 0.07464427500963211,
          "z": 1.7537117004394531
        },
        "rotation_quaternion": {
          "w": 0.8098527789115906,
          "x": 0.586144745349884,
          "y": -0.001159911509603262,
          "z": 0.0239071324467659
        },
        "matrix": [
          [
            0.9988542795181274,
            -0.04008231312036514,
            0.026147566735744476,
            0.008832309395074844
          ],
          [
            0.03736298531293869,
            0.31172609329223633,
            -0.9494373202323914,
            0.026298608630895615
          ],
          [
            0.029904982075095177,
            0.9493331909179688,
            0.3128678798675537,
            1.6064794063568115
          ],
          [
            0.0,
            0.0,
            0.0,
            1.0
          ]
        ]
      },
      "bone_length_armature_space": 0.15509124912141314,
      "parent": "neck_01",
      "has_children": false,
      "is_end_bone": true
    },
    "upperarm_l": {
      "name": "upperarm_l",
      "local": {
        "location": {
          "x": 0.0,
          "y": 0.0,
          "z": 0.0
        },
        "rotation_quaternion": {
          "w": 0.9331033825874329,
          "x": 0.3200020492076874,
          "y": 0.08765604346990585,
          "z": -0.13868393003940582
        },
        "scale": {
          "x": 1.0,
          "y": 1.0,
          "z": 1.0
        },
        "matrix_basis": [
          [
            0.9461663961410522,
            0.3149131238460541,
            0.07482601702213287,
            0.0
          ],
          [
            -0.20271265506744385,
            0.7567309141159058,
            -0.6215029358863831,
            0.0
          ],
          [
            -0.2523425817489624,
            0.572877049446106,
            0.7798302173614502,
            0.0
          ],
          [
            0.0,
            0.0,
            0.0,
            1.0
          ]
        ],
        "rotation_mode": "QUATERNION"
      },
      "armature_space": {
        "head": {
          "x": 0.16624568402767181,
          "y": -0.005269397050142288,
          "z": 0.4872172474861145
        },
        "tail": {
          "x": 0.37644296884536743,
          "y": -0.14332859218120575,
          "z": 0.3946724832057953
        }
      },
      "world_space": {
        "head": {
          "x": 0.16624568402767181,
          "y": 0.05797460302710533,
          "z": 1.4370713233947754
        },
        "tail": {
          "x": 0.37644296884536743,
          "y": -0.08008459210395813,
          "z": 1.3445265293121338
        },
        "rotation_quaternion": {
          "w": 0.21697770059108734,
          "x": 0.5605116486549377,
          "y": 0.44194671511650085,
          "z": -0.6659057140350342
        },
        "matrix": [
          [
            -0.2774956524372101,
            0.7844076752662659,
            -0.5547078251838684,
            0.16624568402767181
          ],
          [
            0.20645809173583984,
            -0.5152050256729126,
            -0.8318288922309875,
            0.05797460302710533
          ],
          [
            -0.9382874369621277,
            -0.34535568952560425,
            -0.018981024622917175,
            1.4370713233947754
          ],
          [
            0.0,
            0.0,
            0.0,
            1.0
          ]
        ]
      },
      "bone_length_armature_space": 0.26796972897409166,
      "parent": "spine_01",
      "has_children": true,
      "is_end_bone": false
    },
    "lowerarm_l": {
      "name": "lowerarm_l",
      "local": {
        "location": {
          "x": 0.0,
          "y": 0.0,
          "z": 0.0
        },
        "rotation_quaternion": {
          "w": 0.8808093667030334,
          "x": 0.36126744747161865,
          "y": -0.24464920163154602,
          "z": 0.18386869132518768
        },
        "scale": {
          "x": 1.0,
          "y": 1.0,
          "z": 1.0
        },
        "matrix_basis": [
          [
            0.8126781582832336,
            -0.5006741285324097,
            -0.29812708497047424,
            0.0
          ],
          [
            0.14713895320892334,
            0.6713562607765198,
            -0.7263821363449097,
            0.0
          ],
          [
            0.5638301372528076,
            0.546448826789856,
            0.6192651987075806,
            0.0
          ],
          [
            0.0,
            0.0,
            0.0,
            1.0
          ]
        ],
        "rotation_mode": "QUATERNION"
      },
      "armature_space": {
        "head": {
          "x": 0.3764430284500122,
          "y": -0.1433287113904953,
          "z": 0.39467257261276245
        },
        "tail": {
          "x": 0.46136733889579773,
          "y": -0.3767207860946655,
          "z": 0.4940983057022095
        }
      },
      "world_space": {
        "head": {
          "x": 0.3764430284500122,
          "y": -0.08008471131324768,
          "z": 1.3445265293121338
        },
        "tail": {
          "x": 0.46136733889579773,
          "y": -0.3134768009185791,
          "z": 1.4439523220062256
        },
        "rotation_quaternion": {
          "w": 0.23445211350917816,
          "x": 0.4492081105709076,
          "y": -0.09394223988056183,
          "z": -0.8569825887680054
        },
        "matrix": [
          [
            -0.4864881634712219,
            0.31744498014450073,
            -0.813976526260376,
            0.3764430284500122
          ],
          [
            -0.48624280095100403,
            -0.8724139332771301,
            -0.0496232807636261,
            -0.08008471131324768
          ],
          [
            -0.7258825302124023,
            0.37165090441703796,
            0.5787784457206726,
            1.3445265293121338
          ],
          [
            0.0,
            0.0,
            0.0,
            1.0
          ]
        ]
      },
      "bone_length_armature_space": 0.26752472087012097,
      "parent": "upperarm_l",
      "has_children": true,
      "is_end_bone": false
    },
    "metacarpal_thumb_l": {
      "name": "metacarpal_thumb_l",
      "local": {
        "location": {
          "x": 0.0,
          "y": 0.0,
          "z": 0.0
        },
        "rotation_quaternion": {
          "w": 0.9999619126319885,
          "x": 0.0005646380013786256,
          "y": 0.004401193931698799,
          "z": 0.007519897073507309
        },
        "scale": {
          "x": 1.0,
          "y": 1.0,
          "z": 1.0
        },
        "matrix_basis": [
          [
            0.9998481869697571,
            -0.015034250915050507,
            0.00881054438650608,
            0.0
          ],
          [
            0.015044191852211952,
            0.9998862743377686,
            -0.001063039992004633,
            0.0
          ],
          [
            -0.008793560788035393,
            0.0011954260990023613,
            0.9999606013298035,
            0.0
          ],
          [
            0.0,
            0.0,
            0.0,
            1.0
          ]
        ],
        "rotation_mode": "QUATERNION"
      },
      "armature_space": {
        "head": {
          "x": 0.46136733889579773,
          "y": -0.3767207860946655,
          "z": 0.4940983057022095
        },
        "tail": {
          "x": 0.4450249969959259,
          "y": -0.41625189781188965,
          "z": 0.5190744996070862
        }
      },
      "world_space": {
        "head": {
          "x": 0.46136733889579773,
          "y": -0.3134768009185791,
          "z": 1.4439523220062256
        },
        "tail": {
          "x": 0.4450249969959259,
          "y": -0.3530079126358032,
          "z": 1.468928575515747
        },
        "rotation_quaternion": {
          "w": 0.22109714150428772,
          "x": 0.9249377846717834,
          "y": -0.22821779549121857,
          "z": -0.20862127840518951
        },
        "matrix": [
          [
            0.8087873458862305,
            -0.3299238383769989,
            -0.48684003949165344,
            0.46136733889579773
          ],
          [
            -0.5144261121749878,
            -0.7980654239654541,
            -0.31377968192100525,
            -0.3134768009185791
          ],
          [
            -0.2850094437599182,
            0.5042271018028259,
            -0.8151926398277283,
            1.4439523220062256
          ],
          [
            0.0,
            0.0,
            0.0,
            1.0
          ]
        ]
      },
      "bone_length_armature_space": 0.04953373779355997,
      "parent": "lowerarm_l",
      "has_children": true,
      "is_end_bone": false
    },
    "thumb_01_l": {
      "name": "thumb_01_l",
      "local": {
        "location": {
          "x": 0.0,
          "y": 0.0,
          "z": 0.0
        },
        "rotation_quaternion": {
          "w": 0.999717116355896,
          "x": 0.020092971622943878,
          "y": 0.011632146313786507,
          "z": -0.0051804580725729465
        },
        "scale": {
          "x": 1.0,
          "y": 1.0,
          "z": 1.0
        },
        "matrix_basis": [
          [
            0.9996756911277771,
            0.010825433768332005,
            0.023049529641866684,
            0.0
          ],
          [
            -0.009890536777675152,
            0.9991388916969299,
            -0.04029509425163269,
            0.0
          ],
          [
            -0.023465892300009727,
            0.04005405679345131,
            0.9989219307899475,
            0.0
          ],
          [
            0.0,
            0.0,
            0.0,
            1.0
          ]
        ],
        "rotation_mode": "QUATERNION"
      },
      "armature_space": {
        "head": {
          "x": 0.4450249969959259,
          "y": -0.41625189781188965,
          "z": 0.5190744996070862
        },
        "tail": {
          "x": 0.42304012179374695,
          "y": -0.44092857837677,
          "z": 0.510928750038147
        }
      },
      "world_space": {
        "head": {
          "x": 0.4450249969959259,
          "y": -0.3530079126358032,
          "z": 1.468928575515747
        },
        "tail": {
          "x": 0.42304012179374695,
          "y": -0.3776845932006836,
          "z": 1.460782766342163
        },
        "rotation_quaternion": {
          "w": 0.12013141065835953,
          "x": 0.7193595170974731,
          "y": -0.3508373498916626,
          "z": 0.587369978427887
        },
        "matrix": [
          [
            0.06381820142269135,
            -0.6458814144134521,
            0.7607656717300415,
            0.4450249969959259
          ],
          [
            -0.36363306641578674,
            -0.7249616980552673,
            -0.5849802494049072,
            -0.3530079126358032
          ],
          [
            0.9293598532676697,
            -0.23930948972702026,
            -0.2811322808265686,
            1.468928575515747
          ],
          [
            0.0,
            0.0,
            0.0,
            1.0
          ]
        ]
      },
      "bone_length_armature_space": 0.03403860365979793,
      "parent": "metacarpal_thumb_l",
      "has_children": true,
      "is_end_bone": false
    },
    "thumb_02_l": {
      "name": "thumb_02_l",
      "local": {
        "location": {
          "x": 0.0,
          "y": 0.0,
          "z": 0.0
        },
        "rotation_quaternion": {
          "w": 0.9904945492744446,
          "x": 0.1374126672744751,
          "y": -0.006185802631080151,
          "z": 0.00032492465106770396
        },
        "scale": {
          "x": 1.0,
          "y": 1.0,
          "z": 1.0
        },
        "matrix_basis": [
          [
            0.9999232888221741,
            -0.0023436874616891146,
            -0.012164710089564323,
            0.0
          ],
          [
            -0.0010563430842012167,
            0.9622353315353394,
            -0.2722170054912567,
            0.0
          ],
          [
            0.01234330516308546,
            0.2722089886665344,
            0.9621589779853821,
            0.0
          ],
          [
            0.0,
            0.0,
            0.0,
            1.0
          ]
        ],
        "rotation_mode": "QUATERNION"
      },
      "armature_space": {
        "head": {
          "x": 0.42304009199142456,
          "y": -0.44092851877212524,
          "z": 0.5109286904335022
        },
        "tail": {
          "x": 0.43991461396217346,
          "y": -0.4740341901779175,
          "z": 0.5261749029159546
        }
      },
      "world_space": {
        "head": {
          "x": 0.42304009199142456,
          "y": -0.3776845335960388,
          "z": 1.460782766342163
        },
        "tail": {
          "x": 0.43991461396217346,
          "y": -0.41079020500183105,
          "z": 1.4760289192199707
        },
        "rotation_quaternion": {
          "w": 0.06688130646944046,
          "x": -0.5459229350090027,
          "y": -0.28879082202911377,
          "z": -0.7836421132087708
        },
        "matrix": [
          [
            -0.3949907124042511,
            0.42013609409332275,
            0.8169870972633362,
            0.42304009199142456
          ],
          [
            0.21049292385578156,
            -0.8242541551589966,
            0.5256406664848328,
            -0.3776845335960388
          ],
          [
            0.8942522406578064,
            0.3795948624610901,
            0.23713910579681396,
            1.460782766342163
          ],
          [
            0.0,
            0.0,
            0.0,
            1.0
          ]
        ]
      },
      "bone_length_armature_space": 0.040164437201547214,
      "parent": "thumb_01_l",
      "has_children": true,
      "is_end_bone": false
    },
    "thumb_03_l": {
      "name": "thumb_03_l",
      "local": {
        "location": {
          "x": 0.0,
          "y": 0.0,
          "z": 0.0
        },
        "rotation_quaternion": {
          "w": 0.9972153306007385,
          "x": 0.07455836236476898,
          "y": -0.00025059201288968325,
          "z": 0.0016298455884680152
        },
        "scale": {
          "x": 1.0,
          "y": 1.0,
          "z": 1.0
        },
        "matrix_basis": [
          [
            0.9999945759773254,
            -0.0032879814971238375,
            -0.00025675116921775043,
            0.0
          ],
          [
            0.0032132465858012438,
            0.9888767600059509,
            -0.14870229363441467,
            0.0
          ],
          [
            0.0007428256212733686,
            0.14870066940784454,
            0.9888820052146912,
            0.0
          ],
          [
            0.0,
            0.0,
            0.0,
            1.0
          ]
        ],
        "rotation_mode": "QUATERNION"
      },
      "armature_space": {
        "head": {
          "x": 0.4399144947528839,
          "y": -0.4740341901779175,
          "z": 0.5261749029159546
        },
        "tail": {
          "x": 0.4628276526927948,
          "y": -0.4910738170146942,
          "z": 0.5367357134819031
        }
      },
      "world_space": {
        "head": {
          "x": 0.4399144947528839,
          "y": -0.41079020500183105,
          "z": 1.4760289192199707
        },
        "tail": {
          "x": 0.4628276526927948,
          "y": -0.4278298020362854,
          "z": 1.4865896701812744
        },
        "rotation_quaternion": {
          "w": 0.2974623441696167,
          "x": -0.3858923614025116,
          "y": -0.36286652088165283,
          "z": -0.7943116426467896
        },
        "matrix": [
          [
            -0.5252063274383545,
            0.752610981464386,
            0.3971586227416992,
            0.4399144947528839
          ],
          [
            -0.19250178337097168,
            -0.5596875548362732,
            0.8060355186462402,
            -0.41079020500183105
          ],
          [
            0.8289216160774231,
            0.3468828797340393,
            0.4388343095779419,
            1.4760289192199707
          ],
          [
            0.0,
            0.0,
            0.0,
            1.0
          ]
        ]
      },
      "bone_length_armature_space": 0.030444907567921963,
      "parent": "thumb_02_l",
      "has_children": false,
      "is_end_bone": true
    },
    "metacarpal_index_l": {
      "name": "metacarpal_index_l",
      "local": {
        "location": {
          "x": 0.0,
          "y": 0.0,
          "z": 0.0
        },
        "rotation_quaternion": {
          "w": 0.9998986124992371,
          "x": 0.00041896855691447854,
          "y": 0.01381940022110939,
          "z": -0.0034225413110107183
        },
        "scale": {
          "x": 1.0,
          "y": 1.0,
          "z": 1.0
        },
        "matrix_basis": [
          [
            0.9995946288108826,
            0.00685596838593483,
            0.02763313055038452,
            0.0
          ],
          [
            -0.006832808721810579,
            0.9999762177467346,
            -0.0009324470884166658,
            0.0
          ],
          [
            -0.027638865634799004,
            0.000743257231079042,
            0.9996176958084106,
            0.0
          ],
          [
            0.0,
            0.0,
            0.0,
            1.0
          ]
        ],
        "rotation_mode": "QUATERNION"
      },
      "armature_space": {
        "head": {
          "x": 0.46136733889579773,
          "y": -0.3767207860946655,
          "z": 0.4940983057022095
        },
        "tail": {
          "x": 0.4650172293186188,
          "y": -0.47895073890686035,
          "z": 0.5512382388114929
        }
      },
      "world_space": {
        "head": {
          "x": 0.46136733889579773,
          "y": -0.3134768009185791,
          "z": 1.4439523220062256
        },
        "tail": {
          "x": 0.4650172293186188,
          "y": -0.4157067537307739,
          "z": 1.5010921955108643
        },
        "rotation_quaternion": {
          "w": 0.22230251133441925,
          "x": 0.820859968662262,
          "y": -0.11975820362567902,
          "z": -0.5122777819633484
        },
        "matrix": [
          [
            0.44645944237709045,
            0.03115001693367958,
            -0.8942614197731018,
            0.46136733889579773
          ],
          [
            -0.42437106370925903,
            -0.8724796175956726,
            -0.24225842952728271,
            -0.3134768009185791
          ],
          [
            -0.7877771258354187,
            0.48765984177589417,
            -0.3763103187084198,
            1.4439523220062256
          ],
          [
            0.0,
            0.0,
            0.0,
            1.0
          ]
        ]
      },
      "bone_length_armature_space": 0.11717191062552246,
      "parent": "lowerarm_l",
      "has_children": true,
      "is_end_bone": false
    },
    "index_01_l": {
      "name": "index_01_l",
      "local": {
        "location": {
          "x": 0.0,
          "y": 0.0,
          "z": 0.0
        },
        "rotation_quaternion": {
          "w": 0.9955483675003052,
          "x": -0.09351592510938644,
          "y": 0.0074966237880289555,
          "z": 0.009056215174496174
        },
        "scale": {
          "x": 1.0,
          "y": 1.0,
          "z": 1.0
        },
        "matrix_basis": [
          [
            0.9997235536575317,
            -0.01943390816450119,
            0.013232702389359474,
            0.0
          ],
          [
            0.016629692167043686,
            0.9823455214500427,
            0.18633504211902618,
            0.0
          ],
          [
            -0.016620304435491562,
            -0.1860634684562683,
            0.9823971390724182,
            0.0
          ],
          [
            0.0,
            0.0,
            0.0,
            1.0
          ]
        ],
        "rotation_mode": "QUATERNION"
      },
      "armature_space": {
        "head": {
          "x": 0.4650172293186188,
          "y": -0.47895073890686035,
          "z": 0.5512382388114929
        },
        "tail": {
          "x": 0.4777827262878418,
          "y": -0.5028405785560608,
          "z": 0.5601481795310974
        }
      },
      "world_space": {
        "head": {
          "x": 0.4650172293186188,
          "y": -0.4157067537307739,
          "z": 1.5010921955108643
        },
        "tail": {
          "x": 0.4777827262878418,
          "y": -0.43959659337997437,
          "z": 1.5100021362304688
        },
        "rotation_quaternion": {
          "w": 0.263572096824646,
          "x": 0.8053867220878601,
          "y": 0.10780071467161179,
          "z": -0.5198663473129272
        },
        "matrix": [
          [
            0.43623626232147217,
            0.44768649339675903,
            -0.7805604338645935,
            0.4650172293186188
          ],
          [
            -0.10040167719125748,
            -0.8378181457519531,
            -0.536638617515564,
            -0.4157067537307739
          ],
          [
            -0.8942198157310486,
            0.3124721646308899,
            -0.32054075598716736,
            1.5010921955108643
          ],
          [
            0.0,
            0.0,
            0.0,
            1.0
          ]
        ]
      },
      "bone_length_armature_space": 0.028514371631704366,
      "parent": "metacarpal_index_l",
      "has_children": true,
      "is_end_bone": false
    },
    "index_02_l": {
      "name": "index_02_l",
      "local": {
        "location": {
          "x": 0.0,
          "y": 0.0,
          "z": 0.0
        },
        "rotation_quaternion": {
          "w": 0.9812945127487183,
          "x": 0.19216537475585938,
          "y": -0.010886226780712605,
          "z": 0.003880281699821353
        },
        "scale": {
          "x": 1.0,
          "y": 1.0,
          "z": 1.0
        },
        "matrix_basis": [
          [
            0.9997328519821167,
            -0.011799310334026814,
            -0.019873877987265587,
            0.0
          ],
          [
            0.0034314866643399,
            0.9261147975921631,
            -0.3772261440753937,
            0.0
          ],
          [
            0.02285649999976158,
            0.37705716490745544,
            0.9259079098701477,
            0.0
          ],
          [
            0.0,
            0.0,
            0.0,
            1.0
          ]
        ],
        "rotation_mode": "QUATERNION"
      },
      "armature_space": {
        "head": {
          "x": 0.47778254747390747,
          "y": -0.502841055393219,
          "z": 0.5601484179496765
        },
        "tail": {
          "x": 0.4816133379936218,
          "y": -0.5277334451675415,
          "z": 0.5650252103805542
        }
      },
      "world_space": {
        "head": {
          "x": 0.47778254747390747,
          "y": -0.43959707021713257,
          "z": 1.5100023746490479
        },
        "tail": {
          "x": 0.4816133379936218,
          "y": -0.4644894599914551,
          "z": 1.5148792266845703
        },
        "rotation_quaternion": {
          "w": 0.12158357352018356,
          "x": 0.813851535320282,
          "y": 0.00686264131218195,
          "z": -0.568169116973877
        },
        "matrix": [
          [
            0.35427355766296387,
            0.14932981133460999,
            -0.9231417179107666,
            0.47778254747390747
          ],
          [
            -0.12698985636234283,
            -0.9703410267829895,
            -0.20570003986358643,
            -0.43959707021713257
          ],
          [
            -0.9264860153198242,
            0.19010412693023682,
            -0.3248051702976227,
            1.5100023746490479
          ],
          [
            0.0,
            0.0,
            0.0,
            1.0
          ]
        ]
      },
      "bone_length_armature_space": 0.02565324826960523,
      "parent": "index_01_l",
      "has_children": true,
      "is_end_bone": false
    },
    "index_03_l": {
      "name": "index_03_l",
      "local": {
        "location": {
          "x": 0.0,
          "y": 0.0,
          "z": 0.0
        },
        "rotation_quaternion": {
          "w": 0.9719614386558533,
          "x": 0.23497819900512695,
          "y": -0.007035680115222931,
          "z": -0.0051733204163610935
        },
        "scale": {
          "x": 1.0,
          "y": 1.0,
          "z": 1.0
        },
        "matrix_basis": [
          [
            0.9998474717140198,
            0.006750072818249464,
            -0.016108054667711258,
            0.0
          ],
          [
            -0.013362999074161053,
            0.8895169496536255,
            -0.456706702709198,
            0.0
          ],
          [
            0.01124558411538601,
            0.4568522870540619,
            0.8894714713096619,
            0.0
          ],
          [
            0.0,
            0.0,
            0.0,
            1.0
          ]
        ],
        "rotation_mode": "QUATERNION"
      },
      "armature_space": {
        "head": {
          "x": 0.4816134572029114,
          "y": -0.5277334451675415,
          "z": 0.565025269985199
        },
        "tail": {
          "x": 0.47215625643730164,
          "y": -0.5551462173461914,
          "z": 0.5614428520202637
        }
      },
      "world_space": {
        "head": {
          "x": 0.4816134572029114,
          "y": -0.4644894599914551,
          "z": 1.5148792266845703
        },
        "tail": {
          "x": 0.47215625643730164,
          "y": -0.491902232170105,
          "z": 1.5112968683242798
        },
        "rotation_quaternion": {
          "w": 0.14214256405830383,
          "x": -0.8236408233642578,
          "y": 0.10343706607818604,
          "z": 0.5391773581504822
        },
        "matrix": [
          [
            0.39717739820480347,
            -0.32366976141929626,
            -0.858771026134491,
            0.4816134572029114
          ],
          [
            -0.017110472545027733,
            -0.9381930828094482,
            0.3456900119781494,
            -0.4644894599914551
          ],
          [
            -0.9175889492034912,
            -0.12260796874761581,
            -0.378169447183609,
            1.5148792266845703
          ],
          [
            0.0,
            0.0,
            0.0,
            1.0
          ]
        ]
      },
      "bone_length_armature_space": 0.029218700397593063,
      "parent": "index_02_l",
      "has_children": false,
      "is_end_bone": true
    },
    "metacarpal_pinky_l": {
      "name": "metacarpal_pinky_l",
      "local": {
        "location": {
          "x": 0.0,
          "y": 0.0,
          "z": 0.0
        },
        "rotation_quaternion": {
          "w": 0.9981499910354614,
          "x": -0.06042763963341713,
          "y": -0.0057963659055531025,
          "z": 0.0034042801707983017
        },
        "scale": {
          "x": 1.0,
          "y": 1.0,
          "z": 1.0
        },
        "matrix_basis": [
          [
            0.9999096393585205,
            -0.006095442920923233,
            -0.011982710100710392,
            0.0
          ],
          [
            0.007496485952287912,
            0.9926738142967224,
            0.12059222906827927,
            0.0
          ],
          [
            0.011159859597682953,
            -0.12067116051912308,
            0.9926298260688782,
            0.0
          ],
          [
            0.0,
            0.0,
            0.0,
            1.0
          ]
        ],
        "rotation_mode": "QUATERNION"
      },
      "armature_space": {
        "head": {
          "x": 0.46136733889579773,
          "y": -0.3767207860946655,
          "z": 0.4940983057022095
        },
        "tail": {
          "x": 0.5147796273231506,
          "y": -0.4658571481704712,
          "z": 0.5008107423782349
        }
      },
      "world_space": {
        "head": {
          "x": 0.46136733889579773,
          "y": -0.3134768009185791,
          "z": 1.4439523220062256
        },
        "tail": {
          "x": 0.5147796273231506,
          "y": -0.40261316299438477,
          "z": 1.450664758682251
        },
        "rotation_quaternion": {
          "w": 0.2517494261264801,
          "x": -0.21802836656570435,
          "y": -0.0928446352481842,
          "z": -0.9383314251899719
        },
        "matrix": [
          [
            -0.7781715989112854,
            0.512934684753418,
            0.3624180853366852,
            0.46136733889579773
          ],
          [
            -0.4319634437561035,
            -0.8560041189193726,
            0.2840161621570587,
            -0.3134768009185791
          ],
          [
            0.45591601729393005,
            0.06446163356304169,
            0.8876935243606567,
            1.4439523220062256
          ],
          [
            0.0,
            0.0,
            0.0,
            1.0
          ]
        ]
      },
      "bone_length_armature_space": 0.10413078341242166,
      "parent": "lowerarm_l",
      "has_children": true,
      "is_end_bone": false
    },
    "pinky_01_l": {
      "name": "pinky_01_l",
      "local": {
        "location": {
          "x": 0.0,
          "y": 0.0,
          "z": 0.0
        },
        "rotation_quaternion": {
          "w": 0.9968284964561462,
          "x": 0.07891449332237244,
          "y": -0.008335770107805729,
          "z": -0.005996465217322111
        },
        "scale": {
          "x": 1.0,
          "y": 1.0,
          "z": 1.0
        },
        "matrix_basis": [
          [
            0.9997891187667847,
            0.010639268904924393,
            -0.017565082758665085,
            0.0
          ],
          [
            -0.013270520605146885,
            0.9874730706214905,
            -0.15722845494747162,
            0.0
          ],
          [
            0.01567224971950054,
            0.15742839872837067,
            0.9874060153961182,
            0.0
          ],
          [
            0.0,
            0.0,
            0.0,
            1.0
          ]
        ],
        "rotation_mode": "QUATERNION"
      },
      "armature_space": {
        "head": {
          "x": 0.5147796273231506,
          "y": -0.4658571481704712,
