{
  "metadata": {
    "armature_name": "KIM_caucasian_male",
    "export_time": "2026-01-13T21:04:45.591224",
    "blender_version": "4.4.1",
    "bone_count": 56,
    "end_bone_count": 13,
    "spaces_included": [
      "LOCAL_CHANNELS",
      "ARMATURE_SPACE",
      "WORLD_SPACE"
    ],
    "note": "LOCAL matches Transform panel; replay pose via local.matrix_basis for best fidelity."
  },
  "bones": {
    "Root": {
      "name": "Root",
      "local": {
        "location": {
          "x": 0.0,
          "y": 0.0,
          "z": 0.0
        },
        "rotation_quaternion": {
          "w": 0.9997414350509644,
          "x": -0.014145282097160816,
          "y": -0.0028632658068090677,
          "z": 0.017569728195667267
        },
        "scale": {
          "x": 1.0,
          "y": 1.0,
          "z": 1.0
        },
        "matrix_basis": [
          [
            0.9993662238121033,
            -0.03504936769604683,
            -0.006222108379006386,
            0.0
          ],
          [
            0.03521137312054634,
            0.9989824295043945,
            0.028182635083794594,
            0.0
          ],
          [
            0.005227993242442608,
            -0.028383862227201462,
            0.9995834231376648,
            0.0
          ],
          [
            0.0,
            0.0,
            0.0,
            1.0
          ]
        ],
        "rotation_mode": "QUATERNION"
      },
      "armature_space": {
        "head": {
          "x": 0.0,
          "y": 0.07072800397872925,
          "z": -0.009595036506652832
        },
        "tail": {
          "x": -0.0025016791187226772,
          "y": 0.0003443211317062378,
          "z": 0.0019977837800979614
        }
      },
      "world_space": {
        "head": {
          "x": 0.0,
          "y": 0.13397200405597687,
          "z": 0.9402589797973633
        },
        "tail": {
          "x": -0.0025016791187226772,
          "y": 0.06358832120895386,
          "z": 0.9518517851829529
        },
        "rotation_quaternion": {
          "w": 0.08146338909864426,
          "x": 0.9965173602104187,
          "y": -0.017722705379128456,
          "z": -0.0016731239156797528
        },
        "matrix": [
          [
            0.9993662238121033,
            -0.03504936769604683,
            -0.006222108379006386,
            0.0
          ],
          [
            -0.03559456393122673,
            -0.9860991835594177,
            -0.16230052709579468,
            0.13397200405597687
          ],
          [
            -0.00044712238013744354,
            0.16241931915283203,
            -0.9867287874221802,
            0.9402589797973633
          ],
          [
            0.0,
            0.0,
            0.0,
            1.0
          ]
        ]
      },
      "bone_length_armature_space": 0.07137586789400802,
      "parent": null,
      "has_children": true,
      "is_end_bone": false
    },
    "spine_01": {
      "name": "spine_01",
      "local": {
        "location": {
          "x": 0.0,
          "y": 0.0,
          "z": 0.0
        },
        "rotation_quaternion": {
          "w": 0.9985730648040771,
          "x": 0.00598309887573123,
          "y": -0.05264698341488838,
          "z": 0.006667272187769413
        },
        "scale": {
          "x": 1.0,
          "y": 1.0,
          "z": 1.0
        },
        "matrix_basis": [
          [
            0.9943676590919495,
            -0.013945501297712326,
            -0.10506393760442734,
            0.0
          ],
          [
            0.012685532681643963,
            0.9998394846916199,
            -0.01265114638954401,
            0.0
          ],
          [
            0.10522349923849106,
            0.011247099377214909,
            0.9943850040435791,
            0.0
          ],
          [
            0.0,
            0.0,
            0.0,
            1.0
          ]
        ],
        "rotation_mode": "QUATERNION"
      },
      "armature_space": {
        "head": {
          "x": -0.0025016791187226772,
          "y": 0.0003443211317062378,
          "z": 0.0019977837800979614
        },
        "tail": {
          "x": -0.00797766912728548,
          "y": 0.031674619764089584,
          "z": 0.48896491527557373
        }
      },
      "world_space": {
        "head": {
          "x": -0.0025016791187226772,
          "y": 0.06358832120895386,
          "z": 0.9518517851829529
        },
        "tail": {
          "x": -0.00797766912728548,
          "y": 0.0949186235666275,
          "z": 1.4388189315795898
        },
        "rotation_quaternion": {
          "w": 0.7273660898208618,
          "x": 0.682613730430603,
          "y": -0.05512847751379013,
          "z": -0.044022995978593826
        },
        "matrix": [
          [
            0.9900456666946411,
            -0.011221262626349926,
            -0.1402984857559204,
            -0.0025016791187226772
          ],
          [
            -0.1393044888973236,
            0.06420127302408218,
            -0.9881662726402283,
            0.06358832120895386
          ],
          [
            0.0200958214700222,
            0.9978809356689453,
            0.06199852377176285,
            0.9518517851829529
          ],
          [
            0.0,
            0.0,
            0.0,
            1.0
          ]
        ]
      },
      "bone_length_armature_space": 0.48800469133648017,
      "parent": "Root",
      "has_children": true,
      "is_end_bone": false
    },
    "neck_01": {
      "name": "neck_01",
      "local": {
        "location": {
          "x": 0.0,
          "y": 0.0,
          "z": 0.0
        },
        "rotation_quaternion": {
          "w": 0.9841709136962891,
          "x": -0.11298784613609314,
          "y": 0.03696071729063988,
          "z": -0.13143618404865265
        },
        "scale": {
          "x": 1.0,
          "y": 1.0,
          "z": 1.0
        },
        "matrix_basis": [
          [
            0.9627168774604797,
            0.25035911798477173,
            0.10245271027088165,
            0.0
          ],
          [
            -0.26706355810165405,
            0.9399165511131287,
            0.21268275380134583,
            0.0
          ],
          [
            -0.04304994270205498,
            -0.23211465775966644,
            0.9717352986335754,
            0.0
          ],
          [
            0.0,
            0.0,
            0.0,
            1.0
          ]
        ],
        "rotation_mode": "QUATERNION"
      },
      "armature_space": {
        "head": {
          "x": -0.013664886355400085,
          "y": 0.0021052993834018707,
          "z": 0.5641784071922302
        },
        "tail": {
          "x": 0.00863281823694706,
          "y": -0.009637448005378246,
          "z": 0.663554847240448
        }
      },
      "world_space": {
        "head": {
          "x": -0.013664886355400085,
          "y": 0.06534929573535919,
          "z": 1.5140323638916016
        },
        "tail": {
          "x": 0.00863281823694706,
          "y": 0.0536065511405468,
          "z": 1.6134088039398193
        },
        "rotation_quaternion": {
          "w": 0.6617238521575928,
          "x": 0.74150151014328,
          "y": 0.06965377181768417,
          "z": -0.08628708869218826
        },
        "matrix": [
          [
            0.9754058122634888,
            0.21749331057071686,
            -0.035779550671577454,
            -0.013664886355400085
          ],
          [
            -0.010898370295763016,
            -0.11453954875469208,
            -0.9933590292930603,
            0.06534929573535919
          ],
          [
            -0.22014860808849335,
            0.9693247079849243,
            -0.10935395956039429,
            1.5140323638916016
          ],
          [
            0.0,
            0.0,
            0.0,
            1.0
          ]
        ]
      },
      "bone_length_armature_space": 0.10252197966306367,
      "parent": "spine_01",
      "has_children": true,
      "is_end_bone": false
    },
    "head": {
      "name": "head",
      "local": {
        "location": {
          "x": 0.0,
          "y": 0.0,
          "z": 0.0
        },
        "rotation_quaternion": {
          "w": 0.9940958023071289,
          "x": 0.015984194353222847,
          "y": -0.06518851965665817,
          "z": 0.08525579422712326
        },
        "scale": {
          "x": 1.0,
          "y": 1.0,
          "z": 1.0
        },
        "matrix_basis": [
          [
            0.9769638180732727,
            -0.17158882319927216,
            -0.12688177824020386,
            0.0
          ],
          [
            0.1674208790063858,
            0.984951913356781,
            -0.042895037680864334,
            0.0
          ],
          [
            0.13233275711536407,
            0.020664243027567863,
            0.9909899234771729,
            0.0
          ],
          [
            0.0,
            0.0,
            0.0,
            1.0
          ]
        ],
        "rotation_mode": "QUATERNION"
      },
      "armature_space": {
        "head": {
          "x": 0.008632797747850418,
          "y": -0.009637594223022461,
          "z": 0.6635547876358032
        },
        "tail": {
          "x": 0.015662606805562973,
          "y": 0.026167452335357666,
          "z": 0.8142926096916199
        }
      },
      "world_space": {
        "head": {
          "x": 0.008632797747850418,
          "y": 0.05360640585422516,
          "z": 1.6134088039398193
        },
        "tail": {
          "x": 0.015662606805562973,
          "y": 0.08941145241260529,
          "z": 1.7641465663909912
        },
        "rotation_quaternion": {
          "w": 0.7841936945915222,
          "x": 0.6184223890304565,
          "y": -0.02175258658826351,
          "z": -0.04605475440621376
        },
        "matrix": [
          [
            0.9948115944862366,
            0.04532722011208534,
            -0.09107924997806549,
            0.008632797747850418
          ],
          [
            -0.09913645684719086,
            0.230865940451622,
            -0.967922031879425,
            0.05360640585422516
          ],
          [
            -0.0228462815284729,
            0.9719364047050476,
            0.2341623604297638,
            1.6134088039398193
          ],
          [
            0.0,
            0.0,
            0.0,
            1.0
          ]
        ]
      },
      "bone_length_armature_space": 0.1550912955545808,
      "parent": "neck_01",
      "has_children": false,
      "is_end_bone": true
    },
    "upperarm_l": {
      "name": "upperarm_l",
      "local": {
        "location": {
          "x": 0.0,
          "y": 0.0,
          "z": 0.0
        },
        "rotation_quaternion": {
          "w": 0.7905555367469788,
          "x": 0.5410579442977905,
          "y": 0.22093282639980316,
          "z": -0.18293984234333038
        },
        "scale": {
          "x": 1.0,
          "y": 1.0,
          "z": 1.0
        },
        "matrix_basis": [
          [
            0.835443377494812,
            0.5283231139183044,
            0.1513572335243225,
            0.0
          ],
          [
            -0.05017329007387161,
            0.34757864475250244,
            -0.9363075494766235,
            0.0
          ],
          [
            -0.5472814440727234,
            0.7746378779411316,
            0.3168899714946747,
            0.0
          ],
          [
            0.0,
            0.0,
            0.0,
            1.0
          ]
        ],
        "rotation_mode": "QUATERNION"
      },
      "armature_space": {
        "head": {
          "x": 0.13514868915081024,
          "y": -0.026256591081619263,
          "z": 0.5003251433372498
        },
        "tail": {
          "x": 0.20555904507637024,
          "y": -0.2473861128091812,
          "z": 0.36633986234664917
        }
      },
      "world_space": {
        "head": {
          "x": 0.13514868915081024,
          "y": 0.03698740899562836,
          "z": 1.450179100036621
        },
        "tail": {
          "x": 0.20555904507637024,
          "y": -0.1841421127319336,
          "z": 1.3161938190460205
        },
        "rotation_quaternion": {
          "w": 0.09813130646944046,
          "x": -0.6998984813690186,
          "y": -0.27886879444122314,
          "z": 0.650188148021698
        },
        "matrix": [
          [
            -0.0010247230529785156,
            0.2627551853656769,
            -0.964862048625946,
            0.13514868915081024
          ],
          [
            0.5179673433303833,
            -0.8252043128013611,
            -0.22527310252189636,
            0.03698740899562836
          ],
          [
            -0.855405330657959,
            -0.5000020861625671,
            -0.1352541148662567,
            1.450179100036621
          ],
          [
            0.0,
            0.0,
            0.0,
            1.0
          ]
        ]
      },
      "bone_length_armature_space": 0.26797003134040215,
      "parent": "spine_01",
      "has_children": true,
      "is_end_bone": false
    },
    "lowerarm_l": {
      "name": "lowerarm_l",
      "local": {
        "location": {
          "x": 0.0,
          "y": 0.0,
          "z": 0.0
        },
        "rotation_quaternion": {
          "w": 0.9202693700790405,
          "x": 0.2130093276500702,
          "y": -0.13059334456920624,
          "z": 0.30112573504447937
        },
        "scale": {
          "x": 1.0,
          "y": 1.0,
          "z": 1.0
        },
        "matrix_basis": [
          [
            0.7845373153686523,
            -0.6098687648773193,
            -0.11207693070173264,
            0.0
          ],
          [
            0.4985983669757843,
            0.7279006242752075,
            -0.4707019627094269,
            0.0
          ],
          [
            0.3686472773551941,
            0.31340187788009644,
            0.8751447796821594,
            0.0
          ],
          [
            0.0,
            0.0,
            0.0,
            1.0
          ]
        ],
        "rotation_mode": "QUATERNION"
      },
      "armature_space": {
        "head": {
          "x": 0.20555901527404785,
          "y": -0.24738626182079315,
          "z": 0.36633992195129395
        },
        "tail": {
          "x": 0.17283238470554352,
          "y": -0.5056425333023071,
          "z": 0.42800065875053406
        }
      },
      "world_space": {
        "head": {
          "x": 0.20555901527404785,
          "y": -0.18414226174354553,
          "z": 1.31619393825531
        },
        "tail": {
          "x": 0.17283238470554352,
          "y": -0.4423985481262207,
          "z": 1.3778547048568726
        },
        "rotation_quaternion": {
          "w": 0.013793244026601315,
          "x": 0.5539435744285583,
          "y": -0.1308891624212265,
          "z": -0.8220853805541992
        },
        "matrix": [
          [
            -0.38591268658638,
            -0.12233133614063263,
            -0.9143886566162109,
            0.20555901527404785
          ],
          [
            -0.16768920421600342,
            -0.965355634689331,
            0.19992217421531677,
            -0.18414226174354553
          ],
          [
            -0.9071732759475708,
            0.23048631846904755,
            0.352031946182251,
            1.31619393825531
          ],
          [
            0.0,
            0.0,
            0.0,
            1.0
          ]
        ]
      },
      "bone_length_armature_space": 0.26752452678991706,
      "parent": "upperarm_l",
      "has_children": true,
      "is_end_bone": false
    },
    "metacarpal_thumb_l": {
      "name": "metacarpal_thumb_l",
      "local": {
        "location": {
          "x": 0.0,
          "y": 0.0,
          "z": 0.0
        },
        "rotation_quaternion": {
          "w": 0.9993788599967957,
          "x": -0.03515539690852165,
          "y": 0.002028327900916338,
          "z": -0.0013894563307985663
        },
        "scale": {
          "x": 1.0,
          "y": 1.0,
          "z": 1.0
        },
        "matrix_basis": [
          [
            0.9999879002571106,
            0.0026345732621848583,
            0.004151829984039068,
            0.0
          ],
          [
            -0.002919799881055951,
            0.9975243210792542,
            0.07026148587465286,
            0.0
          ],
          [
            -0.003956442233175039,
            -0.07027275860309601,
            0.9975199699401855,
            0.0
          ],
          [
            0.0,
            0.0,
            0.0,
            1.0
          ]
        ],
        "rotation_mode": "QUATERNION"
      },
      "armature_space": {
        "head": {
          "x": 0.17283238470554352,
          "y": -0.5056425333023071,
          "z": 0.42800065875053406
        },
        "tail": {
          "x": 0.13917939364910126,
          "y": -0.5390541553497314,
          "z": 0.4423089325428009
        }
      },
      "world_space": {
        "head": {
          "x": 0.17283238470554352,
          "y": -0.4423985481262207,
          "z": 1.3778547048568726
        },
        "tail": {
          "x": 0.13917939364910126,
          "y": -0.475810170173645,
          "z": 1.3921629190444946
        },
        "rotation_quaternion": {
          "w": 0.09222516417503357,
          "x": 0.9016186594963074,
          "y": -0.3927249312400818,
          "z": -0.15603116154670715
        },
        "matrix": [
          [
            0.642842710018158,
            -0.6793962717056274,
            -0.3537991940975189,
            0.17283238470554352
          ],
          [
            -0.7369561195373535,
            -0.6745231747627258,
            -0.04374859482049942,
            -0.4423985481262207
          ],
          [
            -0.208925262093544,
            0.2888593375682831,
            -0.9343041777610779,
            1.3778547048568726
          ],
          [
            0.0,
            0.0,
            0.0,
            1.0
          ]
        ]
      },
      "bone_length_armature_space": 0.04953369460819649,
      "parent": "lowerarm_l",
      "has_children": true,
      "is_end_bone": false
    },
    "thumb_01_l": {
      "name": "thumb_01_l",
      "local": {
        "location": {
          "x": 0.0,
          "y": 0.0,
          "z": 0.0
        },
        "rotation_quaternion": {
          "w": 0.9996579885482788,
          "x": -0.025967583060264587,
          "y": 0.003101753070950508,
          "z": 5.113962106406689e-05
        },
        "scale": {
          "x": 1.0,
          "y": 1.0,
          "z": 1.0
        },
        "matrix_basis": [
          [
            0.9999807476997375,
            -0.0002633343101479113,
            0.006198728457093239,
            0.0
          ],
          [
            -5.8845798776019365e-05,
            0.998651385307312,
            0.05191772058606148,
            0.0
          ],
          [
            -0.006204040255397558,
            -0.05191708728671074,
            0.9986321330070496,
            0.0
          ],
          [
            0.0,
            0.0,
            0.0,
            1.0
          ]
        ],
        "rotation_mode": "QUATERNION"
      },
      "armature_space": {
        "head": {
          "x": 0.13917939364910126,
          "y": -0.5390541553497314,
          "z": 0.4423089325428009
        },
        "tail": {
          "x": 0.11140293627977371,
          "y": -0.5508567094802856,
          "z": 0.4265673756599426
        }
      },
      "world_space": {
        "head": {
          "x": 0.13917939364910126,
          "y": -0.475810170173645,
          "z": 1.3921629190444946
        },
        "tail": {
          "x": 0.11140293627977371,
          "y": -0.4876127243041992,
          "z": 1.3764214515686035
        },
        "rotation_quaternion": {
          "w": 0.15098713338375092,
          "x": 0.5816644430160522,
          "y": -0.5512081384658813,
          "z": 0.5788254141807556
        },
        "matrix": [
          [
            -0.2777407467365265,
            -0.8160287141799927,
            0.5069095492362976,
            0.13917939364910126
          ],
          [
            -0.46644464135169983,
            -0.3467406928539276,
            -0.8137568831443787,
            -0.475810170173645
          ],
          [
            0.839820384979248,
            -0.4624623656272888,
            -0.28433093428611755,
            1.3921629190444946
          ],
          [
            0.0,
            0.0,
            0.0,
            1.0
          ]
        ]
      },
      "bone_length_armature_space": 0.034038632623730976,
      "parent": "metacarpal_thumb_l",
      "has_children": true,
      "is_end_bone": false
    },
    "thumb_02_l": {
      "name": "thumb_02_l",
      "local": {
        "location": {
          "x": 0.0,
          "y": 0.0,
          "z": 0.0
        },
        "rotation_quaternion": {
          "w": 0.9935461282730103,
          "x": 0.11340095102787018,
          "y": 0.002423693658784032,
          "z": -0.0006367847672663629
        },
        "scale": {
          "x": 1.0,
          "y": 1.0,
          "z": 1.0
        },
        "matrix_basis": [
          [
            0.9999874234199524,
            0.0018150483956560493,
            0.004671678878366947,
            0.0
          ],
          [
            -0.0007156517240218818,
            0.9742796421051025,
            -0.22534124553203583,
            0.0
          ],
          [
            -0.004960526712238789,
            0.22533506155014038,
            0.9742686748504639,
            0.0
          ],
          [
            0.0,
            0.0,
            0.0,
            1.0
          ]
        ],
        "rotation_mode": "QUATERNION"
      },
      "armature_space": {
        "head": {
          "x": 0.11140292882919312,
          "y": -0.5508566498756409,
          "z": 0.42656734585762024
        },
        "tail": {
          "x": 0.10846668481826782,
          "y": -0.5896836519241333,
          "z": 0.43641728162765503
        }
      },
      "world_space": {
        "head": {
          "x": 0.11140292882919312,
          "y": -0.48761266469955444,
          "z": 1.376421332359314
        },
        "tail": {
          "x": 0.10846668481826782,
          "y": -0.5264396667480469,
          "z": 1.3862712383270264
        },
        "rotation_quaternion": {
          "w": 0.09486965835094452,
          "x": 0.5067107081413269,
          "y": 0.0874563455581665,
          "z": 0.8524057269096375
        },
        "matrix": [
          [
            -0.46848803758621216,
            -0.07310554385185242,
            0.8804398775100708,
            0.11140292882919312
          ],
          [
            0.2503654956817627,
            -0.9667021036148071,
            0.05295296013355255,
            -0.48761266469955444
          ],
          [
            0.8472581505775452,
            0.24524027109146118,
            0.47119492292404175,
            1.376421332359314
          ],
          [
            0.0,
            0.0,
            0.0,
            1.0
          ]
        ]
      },
      "bone_length_armature_space": 0.040164397245697925,
      "parent": "thumb_01_l",
      "has_children": true,
      "is_end_bone": false
    },
    "thumb_03_l": {
      "name": "thumb_03_l",
      "local": {
        "location": {
          "x": 0.0,
          "y": 0.0,
          "z": 0.0
        },
        "rotation_quaternion": {
          "w": 0.997407853603363,
          "x": 0.07174987345933914,
          "y": 0.0006945331697352231,
          "z": -0.005401745438575745
        },
        "scale": {
          "x": 1.0,
          "y": 1.0,
          "z": 1.0
        },
        "matrix_basis": [
          [
            0.9999406933784485,
            0.010875152423977852,
            0.000610316579695791,
            0.0
          ],
          [
            -0.010675821453332901,
            0.9896455407142639,
            -0.14313527941703796,
            0.0
          ],
          [
            -0.0021606148220598698,
            0.14312027394771576,
            0.9897029399871826,
            0.0
          ],
          [
            0.0,
            0.0,
            0.0,
            1.0
          ]
        ],
        "rotation_mode": "QUATERNION"
      },
      "armature_space": {
        "head": {
          "x": 0.10846661031246185,
          "y": -0.5896835923194885,
          "z": 0.43641728162765503
        },
        "tail": {
          "x": 0.11832012981176376,
          "y": -0.6166840195655823,
          "z": 0.44645604491233826
        }
      },
      "world_space": {
        "head": {
          "x": 0.10846661031246185,
          "y": -0.5264396071434021,
          "z": 1.3862712383270264
        },
        "tail": {
          "x": 0.11832012981176376,
          "y": -0.5534400343894958,
          "z": 1.3963100910186768
        },
        "rotation_quaternion": {
          "w": 0.09530466049909592,
          "x": -0.3456176221370697,
          "y": -0.21791218221187592,
          "z": -0.9077333807945251
        },
        "matrix": [
          [
            -0.742931067943573,
            0.32365110516548157,
            0.5859208106994629,
            0.10846661031246185
          ],
          [
            -0.022393956780433655,
            -0.8868623971939087,
            0.4614903926849365,
            -0.5264396071434021
          ],
          [
            0.6689977049827576,
            0.3297358751296997,
            0.666130781173706,
            1.3862712383270264
          ],
          [
            0.0,
            0.0,
            0.0,
            1.0
          ]
        ]
      },
      "bone_length_armature_space": 0.03044489597701762,
      "parent": "thumb_02_l",
      "has_children": false,
      "is_end_bone": true
    },
    "metacarpal_index_l": {
      "name": "metacarpal_index_l",
      "local": {
        "location": {
          "x": 0.0,
          "y": 0.0,
          "z": 0.0
        },
        "rotation_quaternion": {
          "w": 0.9998849630355835,
          "x": -0.012809928506612778,
          "y": -0.002357377903535962,
          "z": 0.007787083741277456
        },
        "scale": {
          "x": 1.0,
          "y": 1.0,
          "z": 1.0
        },
        "matrix_basis": [
          [
            0.9998676180839539,
            -0.015511980280280113,
            -0.00491371750831604,
            0.0
          ],
          [
            0.01563277095556259,
            0.9995505213737488,
            0.02558019571006298,
            0.0
          ],
          [
            0.004514709580689669,
            -0.025653624907135963,
            0.9996606707572937,
            0.0
          ],
          [
            0.0,
            0.0,
            0.0,
            1.0
          ]
        ],
        "rotation_mode": "QUATERNION"
      },
      "armature_space": {
        "head": {
          "x": 0.17283238470554352,
          "y": -0.5056425333023071,
          "z": 0.42800065875053406
        },
        "tail": {
          "x": 0.12576188147068024,
          "y": -0.606709897518158,
          "z": 0.4640420377254486
        }
      },
      "world_space": {
        "head": {
          "x": 0.17283238470554352,
          "y": -0.4423985481262207,
          "z": 1.3778547048568726
        },
        "tail": {
          "x": 0.12576188147068024,
          "y": -0.5434659123420715,
          "z": 1.413896083831787
        },
        "rotation_quaternion": {
          "w": 0.04243334382772446,
          "x": 0.8510745167732239,
          "y": -0.25868961215019226,
          "z": -0.45491892099380493
        },
        "matrix": [
          [
            0.4522566497325897,
            -0.40172237157821655,
            -0.7962934374809265,
            0.17283238470554352
          ],
          [
            -0.4789363741874695,
            -0.8625576496124268,
            0.1631389856338501,
            -0.4423985481262207
          ],
          [
            -0.7523911595344543,
            0.30759450793266296,
            -0.582500696182251,
            1.3778547048568726
          ],
          [
            0.0,
            0.0,
            0.0,
            1.0
          ]
        ]
      },
      "bone_length_armature_space": 0.1171717762332418,
      "parent": "lowerarm_l",
      "has_children": true,
      "is_end_bone": false
    },
    "index_01_l": {
      "name": "index_01_l",
      "local": {
        "location": {
          "x": 0.0,
          "y": 0.0,
          "z": 0.0
        },
        "rotation_quaternion": {
          "w": 0.9910685420036316,
          "x": -0.13312086462974548,
          "y": 0.007542784791439772,
          "z": 0.0022725919261574745
        },
        "scale": {
          "x": 1.0,
          "y": 1.0,
          "z": 1.0
        },
        "matrix_basis": [
          [
            0.9998759031295776,
            -0.006512792780995369,
            0.014345774427056313,
            0.0
          ],
          [
            0.002496384782716632,
            0.964547336101532,
            0.2638980746269226,
            0.0
          ],
          [
            -0.015555892139673233,
            -0.2638295292854309,
            0.9644438624382019,
            0.0
          ],
          [
            0.0,
            0.0,
            0.0,
            1.0
          ]
        ],
        "rotation_mode": "QUATERNION"
      },
      "armature_space": {
        "head": {
          "x": 0.12576188147068024,
          "y": -0.606709897518158,
          "z": 0.4640420377254486
        },
        "tail": {
          "x": 0.12869217991828918,
          "y": -0.6340888738632202,
          "z": 0.4714498817920685
        }
      },
      "world_space": {
        "head": {
          "x": 0.12576188147068024,
          "y": -0.5434659123420715,
          "z": 1.413896083831787
        },
        "tail": {
          "x": 0.12869217991828918,
          "y": -0.5708448886871338,
          "z": 1.4213038682937622
        },
        "rotation_quaternion": {
          "w": 0.1403757929801941,
          "x": 0.8789710402488708,
          "y": -0.01429075375199318,
          "z": -0.45552220940589905
        },
        "matrix": [
          [
            0.5845907330513,
            0.10276579856872559,
            -0.8047937154769897,
            0.12576188147068024
          ],
          [
            -0.15301111340522766,
            -0.960180938243866,
            -0.23375266790390015,
            -0.5434659123420715
          ],
          [
            -0.7967749834060669,
            0.25979292392730713,
            -0.5455925464630127,
            1.413896083831787
          ],
          [
            0.0,
            0.0,
            0.0,
            1.0
          ]
        ]
      },
      "bone_length_armature_space": 0.02851440212427426,
      "parent": "metacarpal_index_l",
      "has_children": true,
      "is_end_bone": false
    },
    "index_02_l": {
      "name": "index_02_l",
      "local": {
        "location": {
          "x": 0.0,
          "y": 0.0,
          "z": 0.0
        },
        "rotation_quaternion": {
          "w": 0.997338056564331,
          "x": 0.07262057811021805,
          "y": -0.005700030364096165,
          "z": -0.003244741354137659
        },
        "scale": {
          "x": 1.0,
          "y": 1.0,
          "z": 1.0
        },
        "matrix_basis": [
          [
            0.9999139904975891,
            0.0056443288922309875,
            -0.011840984225273132,
            0.0
          ],
          [
            -0.007300087250769138,
            0.9894314408302307,
            -0.1448175460100174,
            0.0
          ],
          [
            0.010898444801568985,
            0.14489151537418365,
            0.9893875122070312,
            0.0
          ],
          [
            0.0,
            0.0,
            0.0,
            1.0
          ]
        ],
        "rotation_mode": "QUATERNION"
      },
      "armature_space": {
        "head": {
          "x": 0.12869183719158173,
          "y": -0.6340892314910889,
          "z": 0.47144997119903564
        },
        "tail": {
          "x": 0.1294311136007309,
          "y": -0.6593302488327026,
          "z": 0.4759703278541565
        }
      },
      "world_space": {
        "head": {
          "x": 0.12869183719158173,
          "y": -0.5708452463150024,
          "z": 1.4213039875030518
        },
        "tail": {
          "x": 0.1294311136007309,
          "y": -0.5960862636566162,
          "z": 1.4258244037628174
        },
        "rotation_quaternion": {
          "w": 0.08411276340484619,
          "x": 0.8667928576469421,
          "y": -0.03097854182124138,
          "z": -0.49054616689682007
        },
        "matrix": [
          [
            0.5168095231056213,
            0.028818055987358093,
            -0.8556151390075684,
            0.12869183719158173
          ],
          [
            -0.13622666895389557,
            -0.983930766582489,
            -0.11542366445064545,
            -0.5708452463150024
          ],
          [
            -0.8451984524726868,
            0.1762099266052246,
            -0.5045827031135559,
            1.4213039875030518
          ],
          [
            0.0,
            0.0,
            0.0,
            1.0
          ]
        ]
      },
      "bone_length_armature_space": 0.025653248104525368,
      "parent": "index_01_l",
      "has_children": true,
      "is_end_bone": false
    },
    "index_03_l": {
      "name": "index_03_l",
      "local": {
        "location": {
          "x": 0.0,
          "y": 0.0,
          "z": 0.0
        },
        "rotation_quaternion": {
          "w": 0.9987623691558838,
          "x": 0.04897380247712135,
          "y": 0.007693927735090256,
          "z": 0.004023928195238113
        },
        "scale": {
          "x": 1.0,
          "y": 1.0,
          "z": 1.0
        },
        "matrix_basis": [
          [
            0.9998492002487183,
            -0.007284294348210096,
            0.015762945637106895,
            0.0
          ],
          [
            0.00879149790853262,
            0.9951707720756531,
            -0.09776446223258972,
            0.0
          ],
          [
            -0.014974677003920078,
            0.09788829833269119,
            0.9950847625732422,
            0.0
          ],
          [
            0.0,
            0.0,
            0.0,
            1.0
          ]
        ],
        "rotation_mode": "QUATERNION"
      },
      "armature_space": {
        "head": {
          "x": 0.12943121790885925,
          "y": -0.6593302488327026,
          "z": 0.47597041726112366
        },
        "tail": {
          "x": 0.12697342038154602,
          "y": -0.6884452104568481,
          "z": 0.47606179118156433
        }
      },
      "world_space": {
        "head": {
          "x": 0.12943121790885925,
          "y": -0.5960862636566162,
          "z": 1.4258244037628174
        },
        "tail": {
          "x": 0.12697342038154602,
          "y": -0.6252012252807617,
          "z": 1.4259158372879028
        },
        "rotation_quaternion": {
          "w": 0.017671160399913788,
          "x": -0.8907521963119507,
          "y": 0.038239460438489914,
          "z": 0.45253294706344604
        },
        "matrix": [
          [
            0.5875032544136047,
            -0.08411724865436554,
            -0.8048378825187683,
            0.12943121790885925
          ],
          [
            -0.05213052034378052,
            -0.9964510798454285,
            0.06609013676643372,
            -0.5960862636566162
          ],
          [
            -0.8075464963912964,
            0.0031274817883968353,
            -0.5898075103759766,
            1.4258244037628174
          ],
          [
            0.0,
            0.0,
            0.0,
            1.0
          ]
        ]
      },
      "bone_length_armature_space": 0.029218660749913347,
      "parent": "index_02_l",
      "has_children": false,
      "is_end_bone": true
    },
    "metacarpal_pinky_l": {
      "name": "metacarpal_pinky_l",
      "local": {
        "location": {
          "x": 0.0,
          "y": 0.0,
          "z": 0.0
        },
        "rotation_quaternion": {
          "w": 0.999481201171875,
          "x": 0.03136336803436279,
          "y": -0.007305514998733997,
          "z": 0.0005884477868676186
        },
        "scale": {
          "x": 1.0,
          "y": 1.0,
          "z": 1.0
        },
        "matrix_basis": [
          [
            0.9998925924301147,
            -0.0016345360781997442,
            -0.014566538855433464,
            0.0
          ],
          [
            0.0007180338725447655,
            0.9980319738388062,
            -0.06270278990268707,
            0.0
          ],
          [
            0.014640361070632935,
            0.06268559396266937,
            0.9979259371757507,
            0.0
          ],
          [
            0.0,
            0.0,
            0.0,
            1.0
          ]
        ],
        "rotation_mode": "QUATERNION"
      },
      "armature_space": {
        "head": {
          "x": 0.17283238470554352,
          "y": -0.5056425333023071,
          "z": 0.42800065875053406
        },
        "tail": {
          "x": 0.1903717815876007,
          "y": -0.6067649722099304,
          "z": 0.4456027150154114
        }
      },
      "world_space": {
        "head": {
          "x": 0.17283238470554352,
          "y": -0.4423985481262207,
          "z": 1.3778547048568726
        },
        "tail": {
          "x": 0.1903717815876007,
          "y": -0.543520987033844,
          "z": 1.3954567909240723
        },
        "rotation_quaternion": {
          "w": 0.07822602242231369,
          "x": -0.0742713212966919,
          "y": -0.09124384075403214,
          "z": -0.9899691939353943
        },
        "matrix": [
          [
            -0.9767290949821472,
            0.16843630373477936,
            0.13277724385261536,
            0.17283238470554352
          ],
          [
            -0.14132912456989288,
            -0.9711104035377502,
            0.19227756559848785,
            -0.4423985481262207
          ],
          [
            0.1613289713859558,
            0.1690380573272705,
            0.972323477268219,
            1.3778547048568726
          ],
          [
            0.0,
            0.0,
            0.0,
            1.0
          ]
        ]
      },
      "bone_length_armature_space": 0.1041307378375759,
      "parent": "lowerarm_l",
      "has_children": true,
      "is_end_bone": false
    },
    "pinky_01_l": {
      "name": "pinky_01_l",
      "local": {
        "location": {
          "x": 0.0,
          "y": 0.0,
          "z": 0.0
        },
        "rotation_quaternion": {
          "w": 0.9639440774917603,
          "x": 0.265779972076416,
          "y": -0.007866334170103073,
          "z": 0.010536505840718746
        },
        "scale": {
          "x": 1.0,
          "y": 1.0,
          "z": 1.0
        },
        "matrix_basis": [
          [
            0.999654233455658,
            -0.024494633078575134,
            -0.009564627893269062,
            0.0
          ],
          [
            0.016131777316331863,
            0.8585000038146973,
            -0.5125598311424255,
            0.0
          ],
          [
            0.02076619677245617,
            0.5122283101081848,
            0.8585982322692871,
            0.0
          ],
          [
            0.0,
            0.0,
            0.0,
            1.0
          ]
        ],
        "rotation_mode": "QUATERNION"
      },
      "armature_space": {
        "head": {
          "x": 0.1903717815876007,
          "y": -0.6067649722099304,
