{
  "metadata": {
    "armature_name": "KIM_caucasian_male",
    "export_time": "2026-01-13T20:25:44.770281",
    "blender_version": "4.4.1",
    "bone_count": 56,
    "end_bone_count": 13,
    "spaces_included": [
      "LOCAL_CHANNELS",
      "ARMATURE_SPACE",
      "WORLD_SPACE"
    ],
    "note": "LOCAL matches Transform panel; replay pose via local.matrix_basis for best fidelity."
  },
  "bones": {
    "Root": {
      "name": "Root",
      "local": {
        "location": {
          "x": 0.0,
          "y": 0.0,
          "z": 0.0
        },
        "rotation_quaternion": {
          "w": 0.9997265338897705,
          "x": -0.014289519749581814,
          "y": -0.00765871861949563,
          "z": -0.016852974891662598
        },
        "scale": {
          "x": 1.0,
          "y": 1.0,
          "z": 1.0
        },
        "matrix_basis": [
          [
            0.9993146657943726,
            0.03391561284661293,
            -0.014831606298685074,
            0.0
          ],
          [
            -0.03347785398364067,
            0.9990235567092896,
            0.028829367831349373,
            0.0
          ],
          [
            0.015794890001416206,
            -0.028313079848885536,
            0.999474287033081,
            0.0
          ],
          [
            0.0,
            0.0,
            0.0,
            1.0
          ]
        ],
        "rotation_mode": "QUATERNION"
      },
      "armature_space": {
        "head": {
          "x": 0.0,
          "y": 0.07072800397872925,
          "z": -0.009595036506652832
        },
        "tail": {
          "x": 0.0024207562673836946,
          "y": 0.0003407299518585205,
          "z": 0.0019931718707084656
        }
      },
      "world_space": {
        "head": {
          "x": 0.0,
          "y": 0.13397200405597687,
          "z": 0.9402589797973633
        },
        "tail": {
          "x": 0.0024207562673836946,
          "y": 0.06358473002910614,
          "z": 0.9518471956253052
        },
        "rotation_quaternion": {
          "w": 0.08160629123449326,
          "x": 0.9964927434921265,
          "y": 0.01629873737692833,
          "z": -0.008776670321822166
        },
        "matrix": [
          [
            0.9993146657943726,
            0.03391561284661293,
            -0.014831606298685074,
            0.0
          ],
          [
            0.031050680205225945,
            -0.9861494898796082,
            -0.16292670369148254,
            0.13397200405597687
          ],
          [
            -0.020152051001787186,
            0.1623547077178955,
            -0.9865337610244751,
            0.9402589797973633
          ],
          [
            0.0,
            0.0,
            0.0,
            1.0
          ]
        ]
      },
      "bone_length_armature_space": 0.07137587109870337,
      "parent": null,
      "has_children": true,
      "is_end_bone": false
    },
    "spine_01": {
      "name": "spine_01",
      "local": {
        "location": {
          "x": 0.0,
          "y": 0.0,
          "z": 0.0
        },
        "rotation_quaternion": {
          "w": 0.9977461099624634,
          "x": -0.0056532686576247215,
          "y": 0.02418884076178074,
          "z": 0.062336068600416183
        },
        "scale": {
          "x": 1.0,
          "y": 1.0,
          "z": 1.0
        },
        "matrix_basis": [
          [
            0.9910582304000854,
            -0.12466463446617126,
            0.047563839703798294,
            0.0
          ],
          [
            0.1241176500916481,
            0.9921644926071167,
            0.014296728186309338,
            0.0
          ],
          [
            -0.048973448574543,
            -0.008265378884971142,
            0.9987658858299255,
            0.0
          ],
          [
            0.0,
            0.0,
            0.0,
            1.0
          ]
        ],
        "rotation_mode": "QUATERNION"
      },
      "armature_space": {
        "head": {
          "x": 0.0024207562673836946,
          "y": 0.0003407299518585205,
          "z": 0.0019931718707084656
        },
        "tail": {
          "x": -0.04990720748901367,
          "y": 0.03904873505234718,
          "z": 0.48563769459724426
        }
      },
      "world_space": {
        "head": {
          "x": 0.0024207562673836946,
          "y": 0.06358473002910614,
          "z": 0.9518471956253052
        },
        "tail": {
          "x": -0.04990720748901367,
          "y": 0.1022927314043045,
          "z": 1.435491681098938
        },
        "rotation_quaternion": {
          "w": 0.7345840930938721,
          "x": 0.6751906871795654,
          "y": -0.006764981430023909,
          "z": 0.06676828116178513
        },
        "matrix": [
          [
            0.9909924864768982,
            -0.10722916573286057,
            0.08022444695234299,
            0.0024207562673836946
          ],
          [
            0.08895926922559738,
            0.07931948453187943,
            -0.9928719997406006,
            0.06358473002910614
          ],
          [
            0.1001022532582283,
            0.9910723567008972,
            0.0881437435746193,
            0.9518471956253052
          ],
          [
            0.0,
            0.0,
            0.0,
            1.0
          ]
        ]
      },
      "bone_length_armature_space": 0.4880046583228842,
      "parent": "Root",
      "has_children": true,
      "is_end_bone": false
    },
    "neck_01": {
      "name": "neck_01",
      "local": {
        "location": {
          "x": 0.0,
          "y": 0.0,
          "z": 0.0
        },
        "rotation_quaternion": {
          "w": 0.9976773262023926,
          "x": 0.03155090659856796,
          "y": -0.027669478207826614,
          "z": -0.05365493521094322
        },
        "scale": {
          "x": 1.0,
          "y": 1.0,
          "z": 1.0
        },
        "matrix_basis": [
          [
            0.992711067199707,
            0.10531462728977203,
            -0.05859614536166191,
            0.0
          ],
          [
            -0.10880661755800247,
            0.9922513961791992,
            -0.059986039996147156,
            0.0
          ],
          [
            0.051824700087308884,
            0.06592445820569992,
            0.9964779019355774,
            0.0
          ],
          [
            0.0,
            0.0,
            0.0,
            1.0
          ]
        ],
        "rotation_mode": "QUATERNION"
      },
      "armature_space": {
        "head": {
          "x": -0.054976142942905426,
          "y": 0.010423149913549423,
          "z": 0.561259388923645
        },
        "tail": {
          "x": -0.05049896240234375,
          "y": -0.0259530171751976,
          "z": 0.6570063233375549
        }
      },
      "world_space": {
        "head": {
          "x": -0.054976142942905426,
          "y": 0.07366715371608734,
          "z": 1.5111134052276611
        },
        "tail": {
          "x": -0.05049896240234375,
          "y": 0.03729098290205002,
          "z": 1.6068603992462158
        },
        "rotation_quaternion": {
          "w": 0.5669108033180237,
          "x": 0.8229625821113586,
          "y": 0.03470085561275482,
          "z": 0.011857575736939907
        },
        "matrix": [
          [
            0.9973105788230896,
            0.04367070645093918,
            0.058861441910266876,
            -0.054976142942905426
          ],
          [
            0.070559561252594,
            -0.3548155725002289,
            -0.9322701692581177,
            0.07366715371608734
          ],
          [
            -0.019827991724014282,
            0.9339221715927124,
            -0.3569459915161133,
            1.5111134052276611
          ],
          [
            0.0,
            0.0,
            0.0,
            1.0
          ]
        ]
      },
      "bone_length_armature_space": 0.10252193096894345,
      "parent": "spine_01",
      "has_children": true,
      "is_end_bone": false
    },
    "head": {
      "name": "head",
      "local": {
        "location": {
          "x": 0.0,
          "y": 0.0,
          "z": 0.0
        },
        "rotation_quaternion": {
          "w": 0.9952005743980408,
          "x": -0.012205689214169979,
          "y": 0.08934666216373444,
          "z": -0.038001738488674164
        },
        "scale": {
          "x": 1.0,
          "y": 1.0,
          "z": 1.0
        },
        "matrix_basis": [
          [
            0.9811460971832275,
            0.07345762848854065,
            0.17876337468624115,
            0.0
          ],
          [
            -0.07781977951526642,
            0.9968137741088867,
            0.017503561452031136,
            0.0
          ],
          [
            -0.17690803110599518,
            -0.031084874644875526,
            0.9837363958358765,
            0.0
          ],
          [
            0.0,
            0.0,
            0.0,
            1.0
          ]
        ],
        "rotation_mode": "QUATERNION"
      },
      "armature_space": {
        "head": {
          "x": -0.05049895867705345,
          "y": -0.025953136384487152,
          "z": 0.6570062041282654
        },
        "tail": {
          "x": -0.03655271977186203,
          "y": -0.019422583281993866,
          "z": 0.8113310933113098
        }
      },
      "world_space": {
        "head": {
          "x": -0.05049895867705345,
          "y": 0.03729086369276047,
          "z": 1.6068601608276367
        },
        "tail": {
          "x": -0.03655271977186203,
          "y": 0.043821416795253754,
          "z": 1.7611851692199707
        },
        "rotation_quaternion": {
          "w": 0.7117328643798828,
          "x": 0.689986526966095,
          "y": 0.12037530541419983,
          "z": 0.05352519080042839
        },
        "matrix": [
          [
            0.9652899503707886,
            0.08992340415716171,
            0.2452128827571869,
            -0.05049895867705345
          ],
          [
            0.24230533838272095,
            0.042108096182346344,
            -0.9692860245704651,
            0.03729086369276047
          ],
          [
            -0.09748739004135132,
            0.9950653910636902,
            0.01885688491165638,
            1.6068601608276367
          ],
          [
            0.0,
            0.0,
            0.0,
            1.0
          ]
        ]
      },
      "bone_length_armature_space": 0.15509132064185602,
      "parent": "neck_01",
      "has_children": false,
      "is_end_bone": true
    },
    "upperarm_l": {
      "name": "upperarm_l",
      "local": {
        "location": {
          "x": 0.0,
          "y": 0.0,
          "z": 0.0
        },
        "rotation_quaternion": {
          "w": 0.9673666954040527,
          "x": -0.1728602796792984,
          "y": 0.1446053385734558,
          "z": 0.11580373346805573
        },
        "scale": {
          "x": 1.0,
          "y": 1.0,
          "z": 1.0
        },
        "matrix_basis": [
          [
            0.9313575625419617,
            -0.27404239773750305,
            0.23973704874515533,
            0.0
          ],
          [
            0.1740563064813614,
            0.913417637348175,
            0.36793023347854614,
            0.0
          ],
          [
            -0.3198085129261017,
            -0.3009468913078308,
            0.8984172344207764,
            0.0
          ],
          [
            0.0,
            0.0,
            0.0,
            1.0
          ]
        ],
        "rotation_mode": "QUATERNION"
      },
      "armature_space": {
        "head": {
          "x": 0.10113520920276642,
          "y": 0.01526976004242897,
          "z": 0.5099480748176575
        },
        "tail": {
          "x": 0.32743415236473083,
          "y": 0.13020434975624084,
          "z": 0.5958932638168335
        }
      },
      "world_space": {
        "head": {
          "x": 0.10113520920276642,
          "y": 0.07851375639438629,
          "z": 1.4598021507263184
        },
        "tail": {
          "x": 0.32743415236473083,
          "y": 0.19344834983348846,
          "z": 1.5457472801208496
        },
        "rotation_quaternion": {
          "w": 0.6100813746452332,
          "x": 0.48268887400627136,
          "y": 0.585027277469635,
          "z": -0.22924934327602386
        },
        "matrix": [
          [
            0.2103772759437561,
            0.8444953560829163,
            0.49251317977905273,
            0.10113520920276642
          ],
          [
            0.2850497364997864,
            0.4289093613624573,
            -0.8571953177452087,
            0.07851375639438629
          ],
          [
            -0.9351470470428467,
            0.32072770595550537,
            -0.15049222111701965,
            1.4598021507263184
          ],
          [
            0.0,
            0.0,
            0.0,
            1.0
          ]
        ]
      },
      "bone_length_armature_space": 0.2679696768419347,
      "parent": "spine_01",
      "has_children": true,
      "is_end_bone": false
    },
    "lowerarm_l": {
      "name": "lowerarm_l",
      "local": {
        "location": {
          "x": 0.0,
          "y": 0.0,
          "z": 0.0
        },
        "rotation_quaternion": {
          "w": 0.9377377033233643,
          "x": 0.14961278438568115,
          "y": -0.0022641222458332777,
          "z": 0.3134627342224121
        },
        "scale": {
          "x": 1.0,
          "y": 1.0,
          "z": 1.0
        },
        "matrix_basis": [
          [
            0.8034719824790955,
            -0.5885691046714783,
            0.08954975754022598,
            0.0
          ],
          [
            0.5872141718864441,
            0.7587142586708069,
            -0.28201451897621155,
            0.0
          ],
          [
            0.09804236888885498,
            0.27917566895484924,
            0.9552217721939087,
            0.0
          ],
          [
            0.0,
            0.0,
            0.0,
            1.0
          ]
        ],
        "rotation_mode": "QUATERNION"
      },
      "armature_space": {
        "head": {
          "x": 0.3274342119693756,
          "y": 0.13020431995391846,
          "z": 0.5958934426307678
        },
        "tail": {
          "x": 0.48086103796958923,
          "y": 0.09386710822582245,
          "z": 0.8120179176330566
        }
      },
      "world_space": {
        "head": {
          "x": 0.3274342119693756,
          "y": 0.19344832003116608,
          "z": 1.5457475185394287
        },
        "tail": {
          "x": 0.48086103796958923,
          "y": 0.15711110830307007,
          "z": 1.7618719339370728
        },
        "rotation_quaternion": {
          "w": 0.5981158018112183,
          "x": 0.7400928735733032,
          "y": 0.2726602256298065,
          "z": -0.14204400777816772
        },
        "matrix": [
          [
            0.8109591007232666,
            0.5735057592391968,
            0.11591571569442749,
            0.3274342119693756
          ],
          [
            0.23367290198802948,
            -0.13582760095596313,
            -0.962781548500061,
            0.19344832003116608
          ],
          [
            -0.5364197492599487,
            0.8078681230545044,
            -0.24416588246822357,
            1.5457475185394287
          ],
          [
            0.0,
            0.0,
            0.0,
            1.0
          ]
        ]
      },
      "bone_length_armature_space": 0.2675256453601011,
      "parent": "upperarm_l",
      "has_children": true,
      "is_end_bone": false
    },
    "metacarpal_thumb_l": {
      "name": "metacarpal_thumb_l",
      "local": {
        "location": {
          "x": 0.0,
          "y": 0.0,
          "z": 0.0
        },
        "rotation_quaternion": {
          "w": 0.9994543194770813,
          "x": -0.03033917024731636,
          "y": 0.0019281425047665834,
          "z": 0.012923368252813816
        },
        "scale": {
          "x": 1.0,
          "y": 1.0,
          "z": 1.0
        },
        "matrix_basis": [
          [
            0.9996585249900818,
            -0.02594962902367115,
            0.0030700122006237507,
            0.0
          ],
          [
            0.02571563608944416,
            0.997825026512146,
            0.060695067048072815,
            0.0
          ],
          [
            -0.004638349171727896,
            -0.06059539318084717,
            0.9981516599655151,
            0.0
          ],
          [
            0.0,
            0.0,
            0.0,
            1.0
          ]
        ],
        "rotation_mode": "QUATERNION"
      },
      "armature_space": {
        "head": {
          "x": 0.48086103796958923,
          "y": 0.09386710822582245,
          "z": 0.8120179176330566
        },
        "tail": {
          "x": 0.5114505887031555,
          "y": 0.0608711764216423,
          "z": 0.8327335119247437
        }
      },
      "world_space": {
        "head": {
          "x": 0.48086103796958923,
          "y": 0.15711110830307007,
          "z": 1.7618719339370728
        },
        "tail": {
          "x": 0.5114505887031555,
          "y": 0.12411517649888992,
          "z": 1.7825875282287598
        },
        "rotation_quaternion": {
          "w": 0.04631263390183449,
          "x": 0.8088762760162354,
          "y": 0.40594199299812317,
          "z": 0.4228302538394928
        },
        "matrix": [
          [
            0.31285032629966736,
            0.6175507307052612,
            0.7216339707374573,
            0.48086103796958923
          ],
          [
            0.6958791613578796,
            -0.6661313772201538,
            0.2683684825897217,
            0.15711110830307007
          ],
          [
            0.646439254283905,
            0.4182128608226776,
            -0.6381443738937378,
            1.7618719339370728
          ],
          [
            0.0,
            0.0,
            0.0,
            1.0
          ]
        ]
      },
      "bone_length_armature_space": 0.04953370606554149,
      "parent": "lowerarm_l",
      "has_children": true,
      "is_end_bone": false
    },
    "thumb_01_l": {
      "name": "thumb_01_l",
      "local": {
        "location": {
          "x": 0.0,
          "y": 0.0,
          "z": 0.0
        },
        "rotation_quaternion": {
          "w": 0.9968692064285278,
          "x": 0.07724755257368088,
          "y": 0.014501604251563549,
          "z": 0.008629140444099903
        },
        "scale": {
          "x": 1.0,
          "y": 1.0,
          "z": 1.0
        },
        "matrix_basis": [
          [
            0.9994304776191711,
            -0.01496382150799036,
            0.030245564877986908,
            0.0
          ],
          [
            0.019444676116108894,
            0.9879167079925537,
            -0.1537611335515976,
            0.0
          ],
          [
            -0.02757924608886242,
            0.15426167845726013,
            0.9876450300216675,
            0.0
          ],
          [
            0.0,
            0.0,
            0.0,
            1.0
          ]
        ],
        "rotation_mode": "QUATERNION"
      },
      "armature_space": {
        "head": {
          "x": 0.5114505887031555,
          "y": 0.0608711764216423,
          "z": 0.8327335119247437
        },
        "tail": {
          "x": 0.5441195368766785,
          "y": 0.05374529957771301,
          "z": 0.826362669467926
        }
      },
      "world_space": {
        "head": {
          "x": 0.5114505887031555,
          "y": 0.12411517649888992,
          "z": 1.7825875282287598
        },
        "tail": {
          "x": 0.5441195368766785,
          "y": 0.11698929965496063,
          "z": 1.776216745376587
        },
        "rotation_quaternion": {
          "w": 0.602829098701477,
          "x": -0.3595852851867676,
          "y": -0.17866726219654083,
          "z": -0.6894733905792236
        },
        "matrix": [
          [
            -0.014589352533221245,
            0.959762454032898,
            0.2804339528083801,
            0.5114505887031555
          ],
          [
            -0.7027761936187744,
            -0.20934711396694183,
            0.6799116134643555,
            0.12411517649888992
          ],
          [
            0.7112656831741333,
            -0.18716460466384888,
            0.6775577068328857,
            1.7825875282287598
          ],
          [
            0.0,
            0.0,
            0.0,
            1.0
          ]
        ]
      },
      "bone_length_armature_space": 0.03403859457516441,
      "parent": "metacarpal_thumb_l",
      "has_children": true,
      "is_end_bone": false
    },
    "thumb_02_l": {
      "name": "thumb_02_l",
      "local": {
        "location": {
          "x": 0.0,
          "y": 0.0,
          "z": 0.0
        },
        "rotation_quaternion": {
          "w": 0.9943338632583618,
          "x": 0.10598796606063843,
          "y": -0.008159501478075981,
          "z": -0.0005047543672844768
        },
        "scale": {
          "x": 1.0,
          "y": 1.0,
          "z": 1.0
        },
        "matrix_basis": [
          [
            0.9998663067817688,
            -0.0007258292171172798,
            -0.016333533450961113,
            0.0
          ],
          [
            -0.002733406610786915,
            0.9775325655937195,
            -0.21076661348342896,
            0.0
          ],
          [
            0.016119541600346565,
            0.21078307926654816,
            0.9773999452590942,
            0.0
          ],
          [
            0.0,
            0.0,
            0.0,
            1.0
          ]
        ],
        "rotation_mode": "QUATERNION"
      },
      "armature_space": {
        "head": {
          "x": 0.5441195368766785,
          "y": 0.053745292127132416,
          "z": 0.8263626098632812
        },
        "tail": {
          "x": 0.5627616047859192,
          "y": 0.050749436020851135,
          "z": 0.8618124723434448
        }
      },
      "world_space": {
        "head": {
          "x": 0.5441195368766785,
          "y": 0.11698929220438004,
          "z": 1.7762166261672974
        },
        "tail": {
          "x": 0.5627616047859192,
          "y": 0.11399343609809875,
          "z": 1.811666488647461
        },
        "rotation_quaternion": {
          "w": 0.5189818143844604,
          "x": 0.27443286776542664,
          "y": -0.4397296905517578,
          "z": -0.679692804813385
        },
        "matrix": [
          [
            -0.31068649888038635,
            0.46414411067962646,
            -0.829484224319458,
            0.5441195368766785
          ],
          [
            -0.9468498229980469,
            -0.07458987832069397,
            0.3129090666770935,
            0.11698929220438004
          ],
          [
            0.0833633616566658,
            0.8826193809509277,
            0.4626524746417999,
            1.7762166261672974
          ],
          [
            0.0,
            0.0,
            0.0,
            1.0
          ]
        ]
      },
      "bone_length_armature_space": 0.040164594420465126,
      "parent": "thumb_01_l",
      "has_children": true,
      "is_end_bone": false
    },
    "thumb_03_l": {
      "name": "thumb_03_l",
      "local": {
        "location": {
          "x": 0.0,
          "y": 0.0,
          "z": 0.0
        },
        "rotation_quaternion": {
          "w": 0.9957974553108215,
          "x": 0.09127448499202728,
          "y": 0.0050560180097818375,
          "z": 0.005555720534175634
        },
        "scale": {
          "x": 1.0,
          "y": 1.0,
          "z": 1.0
        },
        "matrix_basis": [
          [
            0.9998871684074402,
            -0.010141774080693722,
            0.01108373049646616,
            0.0
          ],
          [
            0.01198771595954895,
            0.9832761883735657,
            -0.1817256212234497,
            0.0
          ],
          [
            -0.009055349044501781,
            0.18183797597885132,
            0.9832867980003357,
            0.0
          ],
          [
            0.0,
            0.0,
            0.0,
            1.0
          ]
        ],
        "rotation_mode": "QUATERNION"
      },
      "armature_space": {
        "head": {
          "x": 0.5627616047859192,
          "y": 0.050749365240335464,
          "z": 0.8618124723434448
        },
        "tail": {
          "x": 0.5653911828994751,
          "y": 0.055654510855674744,
          "z": 0.8917445540428162
        }
      },
      "world_space": {
        "head": {
          "x": 0.5627616047859192,
          "y": 0.11399336159229279,
          "z": 1.811666488647461
        },
        "tail": {
          "x": 0.5653911828994751,
          "y": 0.11889851093292236,
          "z": 1.8415985107421875
        },
        "rotation_quaternion": {
          "w": 0.5893594026565552,
          "x": 0.4631040692329407,
          "y": -0.48292168974876404,
          "z": -0.4527437388896942
        },
        "matrix": [
          [
            0.1236194297671318,
            0.08637197315692902,
            -0.9885637760162354,
            0.5627616047859192
          ],
          [
            -0.9809436798095703,
            0.1611156314611435,
            -0.10858955979347229,
            0.11399336159229279
          ],
          [
            0.1498938798904419,
            0.9831557869911194,
            0.10464386641979218,
            1.811666488647461
          ],
          [
            0.0,
            0.0,
            0.0,
            1.0
          ]
        ]
      },
      "bone_length_armature_space": 0.030445108914370664,
      "parent": "thumb_02_l",
      "has_children": false,
      "is_end_bone": true
    },
    "metacarpal_index_l": {
      "name": "metacarpal_index_l",
      "local": {
        "location": {
          "x": 0.0,
          "y": 0.0,
          "z": 0.0
        },
        "rotation_quaternion": {
          "w": 0.9994296431541443,
          "x": -0.032799623906612396,
          "y": 0.004012798424810171,
          "z": 0.006975690834224224
        },
        "scale": {
          "x": 1.0,
          "y": 1.0,
          "z": 1.0
        },
        "matrix_basis": [
          [
            0.9998704791069031,
            -0.01420666091144085,
            0.007563419174402952,
            0.0
          ],
          [
            0.013680187985301018,
            0.9977510571479797,
            0.06561781466007233,
            0.0
          ],
          [
            -0.008478619158267975,
            -0.06550584733486176,
            0.9978161454200745,
            0.0
          ],
          [
            0.0,
            0.0,
            0.0,
            1.0
          ]
        ],
        "rotation_mode": "QUATERNION"
      },
      "armature_space": {
        "head": {
          "x": 0.48086103796958923,
          "y": 0.09386710822582245,
          "z": 0.8120179176330566
        },
        "tail": {
          "x": 0.548127293586731,
          "y": 0.046711504459381104,
          "z": 0.8955697417259216
        }
      },
      "world_space": {
        "head": {
          "x": 0.48086103796958923,
          "y": 0.15711110830307007,
          "z": 1.7618719339370728
        },
        "tail": {
          "x": 0.548127293586731,
          "y": 0.10995550453662872,
          "z": 1.845423698425293
        },
        "rotation_quaternion": {
          "w": 0.321093887090683,
          "x": 0.8081437945365906,
          "y": 0.4423507750034332,
          "z": 0.21938163042068481
        },
        "matrix": [
          [
            0.5123935341835022,
            0.5740823745727539,
            0.6386566162109375,
            0.48086103796958923
          ],
          [
            0.8558510541915894,
            -0.4024486243724823,
            -0.32489150762557983,
            0.15711110830307007
          ],
          [
            0.07051310688257217,
            0.7130716443061829,
            -0.6975462436676025,
            1.7618719339370728
          ],
          [
            0.0,
            0.0,
            0.0,
            1.0
          ]
        ]
      },
      "bone_length_armature_space": 0.11717212695376875,
      "parent": "lowerarm_l",
      "has_children": true,
      "is_end_bone": false
    },
    "index_01_l": {
      "name": "index_01_l",
      "local": {
        "location": {
          "x": 0.0,
          "y": 0.0,
          "z": 0.0
        },
        "rotation_quaternion": {
          "w": 0.9978549480438232,
          "x": -0.06484124064445496,
          "y": 0.006031834054738283,
          "z": -0.00668912660330534
        },
        "scale": {
          "x": 1.0,
          "y": 1.0,
          "z": 1.0
        },
        "matrix_basis": [
          [
            0.9998377561569214,
            0.012567332945764065,
            0.01290525309741497,
            0.0
          ],
          [
            -0.014131779782474041,
            0.9915017485618591,
            0.12932361662387848,
            0.0
          ],
          [
            -0.011170328594744205,
            -0.12948499619960785,
            0.9915184378623962,
            0.0
          ],
          [
            0.0,
            0.0,
            0.0,
            1.0
          ]
        ],
        "rotation_mode": "QUATERNION"
      },
      "armature_space": {
        "head": {
          "x": 0.548127293586731,
          "y": 0.046711504459381104,
          "z": 0.8955697417259216
        },
        "tail": {
          "x": 0.5631909370422363,
          "y": 0.047212738543748856,
          "z": 0.9197753667831421
        }
      },
      "world_space": {
        "head": {
          "x": 0.548127293586731,
          "y": 0.10995550453662872,
          "z": 1.845423698425293
        },
        "tail": {
          "x": 0.5631909370422363,
          "y": 0.11045673489570618,
          "z": 1.8696293830871582
        },
        "rotation_quaternion": {
          "w": 0.44066381454467773,
          "x": 0.6588056683540344,
          "y": 0.5608954429626465,
          "z": 0.23913763463497162
        },
        "matrix": [
          [
            0.2564157545566559,
            0.5282833576202393,
            0.8094242215156555,
            0.548127293586731
          ],
          [
            0.9498019218444824,
            0.01757826656103134,
            -0.31235867738723755,
            0.10995550453662872
          ],
          [
            -0.17924261093139648,
            0.8488920331001282,
            -0.4972609281539917,
            1.845423698425293
          ],
          [
            0.0,
            0.0,
            0.0,
            1.0
          ]
        ]
      },
      "bone_length_armature_space": 0.02851450247631555,
      "parent": "metacarpal_index_l",
      "has_children": true,
      "is_end_bone": false
    },
    "index_02_l": {
      "name": "index_02_l",
      "local": {
        "location": {
          "x": 0.0,
          "y": 0.0,
          "z": 0.0
        },
        "rotation_quaternion": {
          "w": 0.9884041547775269,
          "x": 0.15145757794380188,
          "y": 0.010250864550471306,
          "z": 0.00357574550434947
        },
        "scale": {
          "x": 1.0,
          "y": 1.0,
          "z": 1.0
        },
        "matrix_basis": [
          [
            0.9997642636299133,
            -0.00396342109888792,
            0.02134714089334011,
            0.0
          ],
          [
            0.010173705406486988,
            0.9540956616401672,
            -0.2993292808532715,
            0.0
          ],
          [
            -0.019180847331881523,
            0.29947590827941895,
            0.9539110660552979,
            0.0
          ],
          [
            0.0,
            0.0,
            0.0,
            1.0
          ]
        ],
        "rotation_mode": "QUATERNION"
      },
      "armature_space": {
        "head": {
          "x": 0.5631913542747498,
          "y": 0.04721241816878319,
          "z": 0.9197755455970764
        },
        "tail": {
          "x": 0.5818096995353699,
          "y": 0.04567375034093857,
          "z": 0.9373563528060913
        }
      },
      "world_space": {
        "head": {
          "x": 0.5631913542747498,
          "y": 0.1104564219713211,
          "z": 1.8696296215057373
        },
        "tail": {
          "x": 0.5818096995353699,
          "y": 0.10891775041818619,
          "z": 1.8872103691101074
        },
        "rotation_quaternion": {
          "w": 0.363596647977829,
          "x": 0.7138203978538513,
          "y": 0.5812118053436279,
          "z": 0.14300648868083954
        },
        "matrix": [
          [
            0.283481240272522,
            0.7257680296897888,
            0.6268166899681091,
            0.5631913542747498
          ],
          [
            0.9337562918663025,
            -0.0599793866276741,
            -0.3528488278388977,
            0.1104564219713211
          ],
          [
            -0.21849100291728973,
            0.685324490070343,
            -0.6946985721588135,
            1.8696296215057373
          ],
          [
            0.0,
            0.0,
            0.0,
            1.0
          ]
        ]
      },
      "bone_length_armature_space": 0.025653363266860504,
      "parent": "index_01_l",
      "has_children": true,
      "is_end_bone": false
    },
    "index_03_l": {
      "name": "index_03_l",
      "local": {
        "location": {
          "x": 0.0,
          "y": 0.0,
          "z": 0.0
        },
        "rotation_quaternion": {
          "w": 0.9784877300262451,
          "x": 0.2062612622976303,
          "y": 0.0034640380181372166,
          "z": 0.002471574582159519
        },
        "scale": {
          "x": 1.0,
          "y": 1.0,
          "z": 1.0
        },
        "matrix_basis": [
          [
            0.9999637603759766,
            -0.0034078171011060476,
            0.007798617705702782,
            0.0
          ],
          [
            0.006265804637223482,
            0.9149003624916077,
            -0.4036310911178589,
            0.0
          ],
          [
            -0.005759457126259804,
            0.40366536378860474,
            0.9148885607719421,
            0.0
          ],
          [
            0.0,
            0.0,
            0.0,
            1.0
          ]
        ],
        "rotation_mode": "QUATERNION"
      },
      "armature_space": {
        "head": {
          "x": 0.5818095803260803,
          "y": 0.04567377641797066,
          "z": 0.9373564720153809
        },
        "tail": {
          "x": 0.6099613904953003,
          "y": 0.042093850672245026,
          "z": 0.9443128108978271
        }
      },
      "world_space": {
        "head": {
          "x": 0.5818095803260803,
          "y": 0.10891777276992798,
          "z": 1.887210488319397
        },
        "tail": {
          "x": 0.6099613904953003,
          "y": 0.10533785074949265,
          "z": 1.8941668272018433
        },
        "rotation_quaternion": {
          "w": 0.16231496632099152,
          "x": 0.7491629719734192,
          "y": 0.6421781182289124,
          "z": -0.003989475779235363
        },
        "matrix": [
          [
            0.1751820296049118,
            0.9634871482849121,
            0.202493816614151,
            0.5818095803260803
          ],
          [
            0.9608975648880005,
            -0.12252183258533478,
            -0.2483239769935608,
            0.10891777276992798
          ],
          [
            -0.21444766223430634,
            0.23807910084724426,
            -0.9472826719284058,
            1.887210488319397
          ],
          [
            0.0,
            0.0,
            0.0,
            1.0
          ]
        ]
      },
      "bone_length_armature_space": 0.02921867463986985,
      "parent": "index_02_l",
      "has_children": false,
      "is_end_bone": true
    },
    "metacarpal_pinky_l": {
      "name": "metacarpal_pinky_l",
      "local": {
        "location": {
          "x": 0.0,
          "y": 0.0,
          "z": 0.0
        },
        "rotation_quaternion": {
          "w": 0.9995992183685303,
          "x": -0.028233451768755913,
          "y": -0.0008212498505599797,
          "z": 0.001909058541059494
        },
        "scale": {
          "x": 1.0,
          "y": 1.0,
          "z": 1.0
        },
        "matrix_basis": [
          [
            0.9999913573265076,
            -0.0037702133413404226,
            -0.0017496400978416204,
            0.0
          ],
          [
            0.0038629602640867233,
            0.99839848279953,
            0.056441135704517365,
            0.0
          ],
          [
            0.0015340427635237575,
            -0.056447409093379974,
            0.9984043836593628,
            0.0
          ],
          [
            0.0,
            0.0,
            0.0,
            1.0
          ]
        ],
        "rotation_mode": "QUATERNION"
      },
      "armature_space": {
        "head": {
          "x": 0.48086103796958923,
          "y": 0.09386710822582245,
          "z": 0.8120179176330566
        },
        "tail": {
          "x": 0.5383924245834351,
          "y": 0.11410841345787048,
          "z": 0.8964201807975769
        }
      },
      "world_space": {
        "head": {
          "x": 0.48086103796958923,
          "y": 0.15711110830307007,
          "z": 1.7618719339370728
        },
        "tail": {
          "x": 0.5383924245834351,
          "y": 0.1773524135351181,
          "z": 1.8462741374969482
        },
        "rotation_quaternion": {
          "w": 0.7512872815132141,
          "x": 0.4261157214641571,
          "y": -0.18099647760391235,
          "z": -0.4703543782234192
        },
        "matrix": [
          [
            0.49201199412345886,
            0.5524916052818298,
            -0.6728129386901855,
            0.48086103796958923
          ],
          [
            -0.8609950542449951,
            0.19438356161117554,
            -0.4700033664703369,
            0.15711110830307007
          ],
          [
            -0.1288907825946808,
            0.8105413317680359,
            0.5713350772857666,
            1.7618719339370728
          ],
          [
            0.0,
            0.0,
            0.0,
            1.0
          ]
        ]
      },
      "bone_length_armature_space": 0.10413122988414666,
      "parent": "lowerarm_l",
      "has_children": true,
      "is_end_bone": false
    },
    "pinky_01_l": {
      "name": "pinky_01_l",
      "local": {
        "location": {
          "x": 0.0,
          "y": 0.0,
          "z": 0.0
        },
        "rotation_quaternion": {
          "w": 0.9996837377548218,
          "x": 0.002605288289487362,
          "y": -0.02471715584397316,
          "z": -0.003836523974314332
        },
        "scale": {
          "x": 1.0,
          "y": 1.0,
          "z": 1.0
        },
        "matrix_basis": [
          [
            0.9987486600875854,
            0.007541830651462078,
            -0.04943866655230522,
            0.0
          ],
          [
            -0.007799411658197641,
            0.9999569654464722,
            -0.005019272677600384,
            0.0
          ],
          [
            0.04939868673682213,
            0.0053985845297575,
            0.9987645745277405,
            0.0
          ],
          [
            0.0,
            0.0,
            0.0,
            1.0
          ]
        ],
        "rotation_mode": "QUATERNION"
      },
      "armature_space": {
        "head": {
          "x": 0.5383924245834351,
          "y": 0.11410841345787048,
          "z": 0.8964201807975769
        },
        "tail": {
          "x": 0.5540692210197449,
