{
  "metadata": {
    "armature_name": "KIM_caucasian_male",
    "export_time": "2026-01-13T21:16:38.777958",
    "blender_version": "4.4.1",
    "bone_count": 56,
    "end_bone_count": 13,
    "spaces_included": [
      "LOCAL_CHANNELS",
      "ARMATURE_SPACE",
      "WORLD_SPACE"
    ],
    "note": "LOCAL matches Transform panel; replay pose via local.matrix_basis for best fidelity."
  },
  "bones": {
    "Root": {
      "name": "Root",
      "local": {
        "location": {
          "x": 0.0,
          "y": 0.0,
          "z": 0.0
        },
        "rotation_quaternion": {
          "w": 0.9994813203811646,
          "x": -0.012347926385700703,
          "y": -0.007084136363118887,
          "z": 0.02888651192188263
        },
        "scale": {
          "x": 1.0,
          "y": 1.0,
          "z": 1.0
        },
        "matrix_basis": [
          [
            0.9982307553291321,
            -0.05756811052560806,
            -0.014874300919473171,
            0.0
          ],
          [
            0.0579180084168911,
            0.9980261921882629,
            0.024273771792650223,
            0.0
          ],
          [
            0.01344754733145237,
            -0.025092314928770065,
            0.9995946884155273,
            0.0
          ],
          [
            0.0,
            0.0,
            0.0,
            1.0
          ]
        ],
        "rotation_mode": "QUATERNION"
      },
      "armature_space": {
        "head": {
          "x": 0.0,
          "y": 0.07072800397872925,
          "z": -0.009595036506652832
        },
        "tail": {
          "x": -0.004108973778784275,
          "y": 0.0003803670406341553,
          "z": 0.00175580196082592
        }
      },
      "world_space": {
        "head": {
          "x": 0.0,
          "y": 0.13397200405597687,
          "z": 0.9402589797973633
        },
        "tail": {
          "x": -0.004108973778784275,
          "y": 0.06362436711788177,
          "z": 0.9516097903251648
        },
        "rotation_quaternion": {
          "w": 0.0796525850892067,
          "x": 0.9963788986206055,
          "y": -0.029298128560185432,
          "z": -0.005122017115354538
        },
        "matrix": [
          [
            0.9982307553291321,
            -0.05756811052560806,
            -0.014874300919473171,
            0.0
          ],
          [
            -0.059200044721364975,
            -0.9855941534042358,
            -0.15842865407466888,
            0.13397200405597687
          ],
          [
            -0.005539680365473032,
            0.15902908146381378,
            -0.9872654676437378,
            0.9402589797973633
          ],
          [
            0.0,
            0.0,
            0.0,
            1.0
          ]
        ]
      },
      "bone_length_armature_space": 0.07137587398484041,
      "parent": null,
      "has_children": true,
      "is_end_bone": false
    },
    "spine_01": {
      "name": "spine_01",
      "local": {
        "location": {
          "x": 0.0,
          "y": 0.0,
          "z": 0.0
        },
        "rotation_quaternion": {
          "w": 0.9933378100395203,
          "x": 0.11012915521860123,
          "y": -0.018701357766985893,
          "z": 0.028316205367445946
        },
        "scale": {
          "x": 1.0,
          "y": 1.0,
          "z": 1.0
        },
        "matrix_basis": [
          [
            0.9976968765258789,
            -0.060374245047569275,
            -0.030916651710867882,
            0.0
          ],
          [
            0.05213598534464836,
            0.9741395115852356,
            -0.21985000371932983,
            0.0
          ],
          [
            0.043390411883592606,
            0.2177318036556244,
            0.9750436544418335,
            0.0
          ],
          [
            0.0,
            0.0,
            0.0,
            1.0
          ]
        ],
        "rotation_mode": "QUATERNION"
      },
      "armature_space": {
        "head": {
          "x": -0.004108973778784275,
          "y": 0.0003803670406341553,
          "z": 0.00175580196082592
        },
        "tail": {
          "x": -0.035115551203489304,
          "y": -0.06986729800701141,
          "z": 0.4836813807487488
        }
      },
      "world_space": {
        "head": {
          "x": -0.004108973778784275,
          "y": 0.06362436711788177,
          "z": 0.9516097903251648
        },
        "tail": {
          "x": -0.035115551203489304,
          "y": -0.006623297929763794,
          "z": 1.4335353374481201
        },
        "rotation_quaternion": {
          "w": 0.6520374417304993,
          "x": 0.7561711668968201,
          "y": -0.05359167978167534,
          "z": -0.013428004458546638
        },
        "matrix": [
          [
            0.9938951134681702,
            -0.06353791058063507,
            -0.0901956558227539,
            -0.004108973778784275
          ],
          [
            -0.09856043756008148,
            -0.14394977688789368,
            -0.9846646785736084,
            0.06362436711788177
          ],
          [
            0.04958014190196991,
            0.987549901008606,
            -0.14933526515960693,
            0.9516097903251648
          ],
          [
            0.0,
            0.0,
            0.0,
            1.0
          ]
        ]
      },
      "bone_length_armature_space": 0.4880045057677627,
      "parent": "Root",
      "has_children": true,
      "is_end_bone": false
    },
    "neck_01": {
      "name": "neck_01",
      "local": {
        "location": {
          "x": 0.0,
          "y": 0.0,
          "z": 0.0
        },
        "rotation_quaternion": {
          "w": 0.9889103770256042,
          "x": 0.020942462608218193,
          "y": -0.10895691812038422,
          "z": 0.09872246533632278
        },
        "scale": {
          "x": 1.0,
          "y": 1.0,
          "z": 1.0
        },
        "matrix_basis": [
          [
            0.9567645192146301,
            -0.19981899857521057,
            -0.21136227250099182,
            0.0
          ],
          [
            0.19069169461727142,
            0.9796305894851685,
            -0.06293343007564545,
            0.0
          ],
          [
            0.21963223814964294,
            0.019907446578145027,
            0.9753795862197876,
            0.0
          ],
          [
            0.0,
            0.0,
            0.0,
            1.0
          ]
        ],
        "rotation_mode": "QUATERNION"
      },
      "armature_space": {
        "head": {
          "x": -0.04289572685956955,
          "y": -0.11455568671226501,
          "z": 0.5508092641830444
        },
        "tail": {
          "x": -0.07272304594516754,
          "y": -0.16519594192504883,
          "z": 0.6348128914833069
        }
      },
      "world_space": {
        "head": {
          "x": -0.04289572685956955,
          "y": -0.051311686635017395,
          "z": 1.5006632804870605
        },
        "tail": {
          "x": -0.07272304594516754,
          "y": -0.10195194184780121,
          "z": 1.5846669673919678
        },
        "rotation_quaternion": {
          "w": 0.4638877809047699,
          "x": 0.8629295229911804,
          "y": -0.19450891017913818,
          "z": -0.04824172705411911
        },
        "matrix": [
          [
            0.9196776151657104,
            -0.2909376323223114,
            -0.2637198865413666,
            -0.04289572685956955
          ],
          [
            -0.38045328855514526,
            -0.49394840002059937,
            -0.7818379998207092,
            -0.051311686635017395
          ],
          [
            0.0972023531794548,
            0.8193771839141846,
            -0.5649662017822266,
            1.5006632804870605
          ],
          [
            0.0,
            0.0,
            0.0,
            1.0
          ]
        ]
      },
      "bone_length_armature_space": 0.10252177115377349,
      "parent": "spine_01",
      "has_children": true,
      "is_end_bone": false
    },
    "head": {
      "name": "head",
      "local": {
        "location": {
          "x": 0.0,
          "y": 0.0,
          "z": 0.0
        },
        "rotation_quaternion": {
          "w": 0.9682462215423584,
          "x": -0.09998511523008347,
          "y": 0.13032403588294983,
          "z": 0.18846186995506287
        },
        "scale": {
          "x": 1.0,
          "y": 1.0,
          "z": 1.0
        },
        "matrix_basis": [
          [
            0.8949955105781555,
            -0.3910159170627594,
            0.21468473970890045,
            0.0
          ],
          [
            0.3388940691947937,
            0.9089701771736145,
            0.2427426427602768,
            0.0
          ],
          [
            -0.29005828499794006,
            -0.14449819922447205,
            0.946037232875824,
            0.0
          ],
          [
            0.0,
            0.0,
            0.0,
            1.0
          ]
        ],
        "rotation_mode": "QUATERNION"
      },
      "armature_space": {
        "head": {
          "x": -0.07272306084632874,
          "y": -0.1651960164308548,
          "z": 0.6348127722740173
        },
        "tail": {
          "x": -0.14537687599658966,
          "y": -0.14668603241443634,
          "z": 0.7705774307250977
        }
      },
      "world_space": {
        "head": {
          "x": -0.07272306084632874,
          "y": -0.10195201635360718,
          "z": 1.5846667289733887
        },
        "tail": {
          "x": -0.14537687599658966,
          "y": -0.08344203233718872,
          "z": 1.7204314470291138
        },
        "rotation_quaternion": {
          "w": 0.7109299302101135,
          "x": 0.6534631252288818,
          "y": -0.23292221128940582,
          "z": 0.11537686735391617
        },
        "matrix": [
          [
            0.8648712038993835,
            -0.46846163272857666,
            -0.18039187788963318,
            -0.07272306084632874
          ],
          [
            -0.14035949110984802,
            0.11934977769851685,
            -0.9828810691833496,
            -0.10195201635360718
          ],
          [
            0.4819749891757965,
            0.8753916025161743,
            0.03746843338012695,
            1.5846667289733887
          ],
          [
            0.0,
            0.0,
            0.0,
            1.0
          ]
        ]
      },
      "bone_length_armature_space": 0.15509106286081992,
      "parent": "neck_01",
      "has_children": false,
      "is_end_bone": true
    },
    "upperarm_l": {
      "name": "upperarm_l",
      "local": {
        "location": {
          "x": 0.0,
          "y": 0.0,
          "z": 0.0
        },
        "rotation_quaternion": {
          "w": 0.925315260887146,
          "x": 0.09979455173015594,
          "y": 0.34043747186660767,
          "z": 0.1339220106601715
        },
        "scale": {
          "x": 1.0,
          "y": 1.0,
          "z": 1.0
        },
        "matrix_basis": [
          [
            0.7323344349861145,
            -0.17989255487918854,
            0.6567533612251282,
            0.0
          ],
          [
            0.31578776240348816,
            0.9442119002342224,
            -0.09349869936704636,
            0.0
          ],
          [
            -0.6032946109771729,
            0.2758669853210449,
            0.7482867240905762,
            0.0
          ],
          [
            0.0,
            0.0,
            0.0,
            1.0
          ]
        ],
        "rotation_mode": "QUATERNION"
      },
      "armature_space": {
        "head": {
          "x": 0.1101711317896843,
          "y": -0.12280543148517609,
          "z": 0.49139901995658875
        },
        "tail": {
          "x": 0.3568618595600128,
          "y": -0.2180766463279724,
          "z": 0.5346968770027161
        }
      },
      "world_space": {
        "head": {
          "x": 0.1101711317896843,
          "y": -0.05956143140792847,
          "z": 1.4412530660629272
        },
        "tail": {
          "x": 0.3568618595600128,
          "y": -0.1548326462507248,
          "z": 1.484550952911377
        },
        "rotation_quaternion": {
          "w": 0.24646416306495667,
          "x": 0.7922458052635193,
          "y": 0.5113604664802551,
          "z": -0.22385838627815247
        },
        "matrix": [
          [
            0.3767952024936676,
            0.9205927848815918,
            -0.10263571888208389,
            0.1101711317896843
          ],
          [
            0.69990074634552,
            -0.3555302023887634,
            -0.6194656491279602,
            -0.05956143140792847
          ],
          [
            -0.6067692041397095,
            0.16157764196395874,
            -0.7782915234565735,
            1.4412530660629272
          ],
          [
            0.0,
            0.0,
            0.0,
            1.0
          ]
        ]
      },
      "bone_length_armature_space": 0.2679694413782326,
      "parent": "spine_01",
      "has_children": true,
      "is_end_bone": false
    },
    "lowerarm_l": {
      "name": "lowerarm_l",
      "local": {
        "location": {
          "x": 0.0,
          "y": 0.0,
          "z": 0.0
        },
        "rotation_quaternion": {
          "w": 0.9455220699310303,
          "x": 0.30471131205558777,
          "y": 0.02809705212712288,
          "z": -0.11112863570451736
        },
        "scale": {
          "x": 1.0,
          "y": 1.0,
          "z": 1.0
        },
        "matrix_basis": [
          [
            0.973721981048584,
            0.2272721379995346,
            -0.014591539278626442,
            0.0
          ],
          [
            -0.19302617013454437,
            0.7896028757095337,
            -0.5824673175811768,
            0.0
          ],
          [
            -0.12085706740617752,
            0.5699777603149414,
            0.8127231597900391,
            0.0
          ],
          [
            0.0,
            0.0,
            0.0,
            1.0
          ]
        ],
        "rotation_mode": "QUATERNION"
      },
      "armature_space": {
        "head": {
          "x": 0.3568618893623352,
          "y": -0.21807679533958435,
          "z": 0.5346969366073608
        },
        "tail": {
          "x": 0.5254634618759155,
          "y": -0.3832879662513733,
          "z": 0.40880656242370605
        }
      },
      "world_space": {
        "head": {
          "x": 0.3568618893623352,
          "y": -0.15483279526233673,
          "z": 1.484550952911377
        },
        "tail": {
          "x": 0.5254634618759155,
          "y": -0.32004398107528687,
          "z": 1.3586605787277222
        },
        "rotation_quaternion": {
          "w": 0.06364770978689194,
          "x": -0.7912470102310181,
          "y": -0.43263235688209534,
          "z": 0.42744195461273193
        },
        "matrix": [
          [
            0.26024380326271057,
            0.630228579044342,
            -0.7314949035644531,
            0.3568618893623352
          ],
          [
            0.7390495538711548,
            -0.6175553202629089,
            -0.26913103461265564,
            -0.15483279526233673
          ],
          [
            -0.6213562488555908,
            -0.470575213432312,
            -0.6264896988868713,
            1.484550952911377
          ],
          [
            0.0,
            0.0,
            0.0,
            1.0
          ]
        ]
      },
      "bone_length_armature_space": 0.26752496803932474,
      "parent": "upperarm_l",
      "has_children": true,
      "is_end_bone": false
    },
    "metacarpal_thumb_l": {
      "name": "metacarpal_thumb_l",
      "local": {
        "location": {
          "x": 0.0,
          "y": 0.0,
          "z": 0.0
        },
        "rotation_quaternion": {
          "w": 0.9998770952224731,
          "x": 0.006536497734487057,
          "y": 0.013014812022447586,
          "z": -0.00581694021821022
        },
        "scale": {
          "x": 1.0,
          "y": 1.0,
          "z": 1.0
        },
        "matrix_basis": [
          [
            0.9995935559272766,
            0.011802593246102333,
            0.02595037966966629,
            0.0
          ],
          [
            -0.011462307535111904,
            0.999846875667572,
            -0.013222801499068737,
            0.0
          ],
          [
            -0.026102470234036446,
            0.012919976375997066,
            0.9995757937431335,
            0.0
          ],
          [
            0.0,
            0.0,
            0.0,
            1.0
          ]
        ],
        "rotation_mode": "QUATERNION"
      },
      "armature_space": {
        "head": {
          "x": 0.5254634618759155,
          "y": -0.3832879662513733,
          "z": 0.40880656242370605
        },
        "tail": {
          "x": 0.5317939519882202,
          "y": -0.40805670619010925,
          "z": 0.36637961864471436
        }
      },
      "world_space": {
        "head": {
          "x": 0.5254634618759155,
          "y": -0.32004398107528687,
          "z": 1.3586605787277222
        },
        "tail": {
          "x": 0.5317939519882202,
          "y": -0.34481269121170044,
          "z": 1.3162336349487305
        },
        "rotation_quaternion": {
          "w": 0.4999538064002991,
          "x": -0.857841968536377,
          "y": -0.005221965257078409,
          "z": -0.11885377764701843
        },
        "matrix": [
          [
            0.9716929793357849,
            0.12780193984508514,
            0.19869324564933777,
            0.5254634618759155
          ],
          [
            -0.10988277196884155,
            -0.5000384449958801,
            0.8590038418769836,
            -0.32004398107528687
          ],
          [
            0.20913800597190857,
            -0.8565273284912109,
            -0.4718432128429413,
            1.3586605787277222
          ],
          [
            0.0,
            0.0,
            0.0,
            1.0
          ]
        ]
      },
      "bone_length_armature_space": 0.04953393965525712,
      "parent": "lowerarm_l",
      "has_children": true,
      "is_end_bone": false
    },
    "thumb_01_l": {
      "name": "thumb_01_l",
      "local": {
        "location": {
          "x": 0.0,
          "y": 0.0,
          "z": 0.0
        },
        "rotation_quaternion": {
          "w": 0.9998667240142822,
          "x": 0.014677637256681919,
          "y": 0.005748720373958349,
          "z": -0.004257675260305405
        },
        "scale": {
          "x": 1.0,
          "y": 1.0,
          "z": 1.0
        },
        "matrix_basis": [
          [
            0.9998976588249207,
            0.008682970888912678,
            0.01137092337012291,
            0.0
          ],
          [
            -0.008345460519194603,
            0.9995328783988953,
            -0.029400315135717392,
            0.0
          ],
          [
            -0.011620894074440002,
            0.029302408918738365,
            0.9995030164718628,
            0.0
          ],
          [
            0.0,
            0.0,
            0.0,
            1.0
          ]
        ],
        "rotation_mode": "QUATERNION"
      },
      "armature_space": {
        "head": {
          "x": 0.5317939519882202,
          "y": -0.40805670619010925,
          "z": 0.36637961864471436
        },
        "tail": {
          "x": 0.5366516709327698,
          "y": -0.397523432970047,
          "z": 0.334378182888031
        }
      },
      "world_space": {
        "head": {
          "x": 0.5317939519882202,
          "y": -0.34481269121170044,
          "z": 1.3162336349487305
        },
        "tail": {
          "x": 0.5366516709327698,
          "y": -0.3342794179916382,
          "z": 1.2842321395874023
        },
        "rotation_quaternion": {
          "w": 0.5862398147583008,
          "x": -0.3601189851760864,
          "y": 0.5577175617218018,
          "z": -0.4643149971961975
        },
        "matrix": [
          [
            -0.05327362194657326,
            0.14271299540996552,
            0.9883291721343994,
            0.5317939519882202
          ],
          [
            -0.946089506149292,
            0.3094508647918701,
            -0.09568093717098236,
            -0.34481269121170044
          ],
          [
            -0.3194971978664398,
            -0.940151572227478,
            0.11853441596031189,
            1.3162336349487305
          ],
          [
            0.0,
            0.0,
            0.0,
            1.0
          ]
        ]
      },
      "bone_length_armature_space": 0.034038788611721486,
      "parent": "metacarpal_thumb_l",
      "has_children": true,
      "is_end_bone": false
    },
    "thumb_02_l": {
      "name": "thumb_02_l",
      "local": {
        "location": {
          "x": 0.0,
          "y": 0.0,
          "z": 0.0
        },
        "rotation_quaternion": {
          "w": 0.9912106990814209,
          "x": 0.13219526410102844,
          "y": -0.005072392523288727,
          "z": 9.751375182531774e-05
        },
        "scale": {
          "x": 1.0,
          "y": 1.0,
          "z": 1.0
        },
        "matrix_basis": [
          [
            0.9999485015869141,
            -0.0015344058629125357,
            -0.010029837489128113,
            0.0
          ],
          [
            -0.0011477791704237461,
            0.9650487899780273,
            -0.2620677053928375,
            0.0
          ],
          [
            0.010081401094794273,
            0.26206573843955994,
            0.9649973511695862,
            0.0
          ],
          [
            0.0,
            0.0,
            0.0,
            1.0
          ]
        ],
        "rotation_mode": "QUATERNION"
      },
      "armature_space": {
        "head": {
          "x": 0.536651611328125,
          "y": -0.3975234031677246,
          "z": 0.3343782126903534
        },
        "tail": {
          "x": 0.5640742778778076,
          "y": -0.4229303300380707,
          "z": 0.31969261169433594
        }
      },
      "world_space": {
        "head": {
          "x": 0.536651611328125,
          "y": -0.3342794179916382,
          "z": 1.284232258796692
        },
        "tail": {
          "x": 0.5640742778778076,
          "y": -0.35968631505966187,
          "z": 1.269546627998352
        },
        "rotation_quaternion": {
          "w": 0.3713446855545044,
          "x": 0.028214819729328156,
          "y": 0.21404726803302765,
          "z": -0.9030454158782959
        },
        "matrix": [
          [
            -0.7226136922836304,
            0.6827606558799744,
            0.1080133318901062,
            0.536651611328125
          ],
          [
            -0.6586043238639832,
            -0.6325735449790955,
            -0.40754276514053345,
            -0.3342794179916382
          ],
          [
            -0.20992985367774963,
            -0.3656371235847473,
            0.9067815542221069,
            1.284232258796692
          ],
          [
            0.0,
            0.0,
            0.0,
            1.0
          ]
        ]
      },
      "bone_length_armature_space": 0.04016443049884021,
      "parent": "thumb_01_l",
      "has_children": true,
      "is_end_bone": false
    },
    "thumb_03_l": {
      "name": "thumb_03_l",
      "local": {
        "location": {
          "x": 0.0,
          "y": 0.0,
          "z": 0.0
        },
        "rotation_quaternion": {
          "w": 0.9959302544593811,
          "x": 0.08984079957008362,
          "y": 0.0030310077127069235,
          "z": 0.006518334615975618
        },
        "scale": {
          "x": 1.0,
          "y": 1.0,
          "z": 1.0
        },
        "matrix_basis": [
          [
            0.9998966455459595,
            -0.012438996694982052,
            0.007208569440990686,
            0.0
          ],
          [
            0.013528229668736458,
            0.9837722778320312,
            -0.17891082167625427,
            0.0
          ],
          [
            -0.0048661199398338795,
            0.17898985743522644,
            0.9838389158248901,
            0.0
          ],
          [
            0.0,
            0.0,
            0.0,
            1.0
          ]
        ],
        "rotation_mode": "QUATERNION"
      },
      "armature_space": {
        "head": {
          "x": 0.5640742182731628,
          "y": -0.4229303300380707,
          "z": 0.31969255208969116
        },
        "tail": {
          "x": 0.5863400101661682,
          "y": -0.44353151321411133,
          "z": 0.32228416204452515
        }
      },
      "world_space": {
        "head": {
          "x": 0.5640742182731628,
          "y": -0.35968631505966187,
          "z": 1.2695465087890625
        },
        "tail": {
          "x": 0.5863400101661682,
          "y": -0.3802875280380249,
          "z": 1.2721381187438965
        },
        "rotation_quaternion": {
          "w": 0.39237233996391296,
          "x": 0.30188795924186707,
          "y": 0.08779383450746536,
          "z": -0.8644072413444519
        },
        "matrix": [
          [
            -0.5098147392272949,
            0.7313475608825684,
            -0.4530113637447357,
            0.5640742182731628
          ],
          [
            -0.6253317594528198,
            -0.6766714453697205,
            -0.3886851370334625,
            -0.35968631505966187
          ],
          [
            -0.5908084511756897,
            0.08512507379055023,
            0.8023173213005066,
            1.2695465087890625
          ],
          [
            0.0,
            0.0,
            0.0,
            1.0
          ]
        ]
      },
      "bone_length_armature_space": 0.030444879337490002,
      "parent": "thumb_02_l",
      "has_children": false,
      "is_end_bone": true
    },
    "metacarpal_index_l": {
      "name": "metacarpal_index_l",
      "local": {
        "location": {
          "x": 0.0,
          "y": 0.0,
          "z": 0.0
        },
        "rotation_quaternion": {
          "w": 0.9989316463470459,
          "x": -0.04614732787013054,
          "y": -0.001444852096028626,
          "z": -0.0020157841499894857
        },
        "scale": {
          "x": 1.0,
          "y": 1.0,
          "z": 1.0
        },
        "matrix_basis": [
          [
            0.9999877214431763,
            0.004160613287240267,
            -0.002700570970773697,
            0.0
          ],
          [
            -0.0038939090445637703,
            0.9957327246665955,
            0.09220188111066818,
            0.0
          ],
          [
            0.00307266297750175,
            -0.0921902284026146,
            0.9957366585731506,
            0.0
          ],
          [
            0.0,
            0.0,
            0.0,
            1.0
          ]
        ],
        "rotation_mode": "QUATERNION"
      },
      "armature_space": {
        "head": {
          "x": 0.5254634618759155,
          "y": -0.3832879662513733,
          "z": 0.40880656242370605
        },
        "tail": {
          "x": 0.574803352355957,
          "y": -0.46312469244003296,
          "z": 0.3386569321155548
        }
      },
      "world_space": {
        "head": {
          "x": 0.5254634618759155,
          "y": -0.32004398107528687,
          "z": 1.3586605787277222
        },
        "tail": {
          "x": 0.574803352355957,
          "y": -0.39988070726394653,
          "z": 1.2885109186172485
        },
        "rotation_quaternion": {
          "w": 0.307241827249527,
          "x": -0.9140005707740784,
          "y": -0.25479423999786377,
          "z": 0.07270129024982452
        },
        "matrix": [
          [
            0.8595882654190063,
            0.4210905134677887,
            -0.2894657552242279,
            0.5254634618759155
          ],
          [
            0.5104387402534485,
            -0.6813649535179138,
            0.5245897173881531,
            -0.32004398107528687
          ],
          [
            0.023668598383665085,
            -0.5986906290054321,
            -0.8006393313407898,
            1.3586605787277222
          ],
          [
            0.0,
            0.0,
            0.0,
            1.0
          ]
        ]
      },
      "bone_length_armature_space": 0.11717208820566014,
      "parent": "lowerarm_l",
      "has_children": true,
      "is_end_bone": false
    },
    "index_01_l": {
      "name": "index_01_l",
      "local": {
        "location": {
          "x": 0.0,
          "y": 0.0,
          "z": 0.0
        },
        "rotation_quaternion": {
          "w": 0.9991903305053711,
          "x": -0.040215227752923965,
          "y": 0.001121022622101009,
          "z": 0.0002619190781842917
        },
        "scale": {
          "x": 1.0,
          "y": 1.0,
          "z": 1.0
        },
        "matrix_basis": [
          [
            0.9999973773956299,
            -0.000613578362390399,
            0.00221916357986629,
            0.0
          ],
          [
            0.0004332496610004455,
            0.9967653155326843,
            0.08036591857671738,
            0.0
          ],
          [
            -0.002261296147480607,
            -0.08036474883556366,
            0.9967629313468933,
            0.0
          ],
          [
            0.0,
            0.0,
            0.0,
            1.0
          ]
        ],
        "rotation_mode": "QUATERNION"
      },
      "armature_space": {
        "head": {
          "x": 0.574803352355957,
          "y": -0.46312469244003296,
          "z": 0.3386569321155548
        },
        "tail": {
          "x": 0.5958458185195923,
          "y": -0.47919926047325134,
          "z": 0.32807889580726624
        }
      },
      "world_space": {
        "head": {
          "x": 0.574803352355957,
          "y": -0.39988070726394653,
          "z": 1.2885109186172485
        },
        "tail": {
          "x": 0.5958458185195923,
          "y": -0.41595524549484253,
          "z": 1.27793288230896
        },
        "rotation_quaternion": {
          "w": 0.22483758628368378,
          "x": -0.8836455345153809,
          "y": -0.4093657433986664,
          "z": -0.032225869596004486
        },
        "matrix": [
          [
            0.6627618670463562,
            0.7379594445228577,
            -0.12713056802749634,
            0.574803352355957
          ],
          [
            0.7089782357215881,
            -0.5637352466583252,
            0.4237368106842041,
            -0.39988070726394653
          ],
          [
            0.24103499948978424,
            -0.37097257375717163,
            -0.8968251943588257,
            1.2885109186172485
          ],
          [
            0.0,
            0.0,
            0.0,
            1.0
          ]
        ]
      },
      "bone_length_armature_space": 0.028514416668835862,
      "parent": "metacarpal_index_l",
      "has_children": true,
      "is_end_bone": false
    },
    "index_02_l": {
      "name": "index_02_l",
      "local": {
        "location": {
          "x": 0.0,
          "y": 0.0,
          "z": 0.0
        },
        "rotation_quaternion": {
          "w": 0.9844207167625427,
          "x": 0.17574673891067505,
          "y": 0.0038572687190026045,
          "z": 0.0037574139423668385
        },
        "scale": {
          "x": 1.0,
          "y": 1.0,
          "z": 1.0
        },
        "matrix_basis": [
          [
            0.9999420046806335,
            -0.006041947286576033,
            0.00891505740582943,
            0.0
          ],
          [
            0.00875355675816536,
            0.938197910785675,
            -0.3459884822368622,
            0.0
          ],
          [
            -0.006273644044995308,
            0.34604644775390625,
            0.9381964206695557,
            0.0
          ],
          [
            0.0,
            0.0,
            0.0,
            1.0
          ]
        ],
        "rotation_mode": "QUATERNION"
      },
      "armature_space": {
        "head": {
          "x": 0.5958458781242371,
          "y": -0.47919946908950806,
          "z": 0.32807838916778564
        },
        "tail": {
          "x": 0.6128239035606384,
          "y": -0.4895308017730713,
          "z": 0.3118578791618347
        }
      },
      "world_space": {
        "head": {
          "x": 0.5958458781242371,
          "y": -0.41595548391342163,
          "z": 1.2779324054718018
        },
        "tail": {
          "x": 0.6128239035606384,
          "y": -0.42628681659698486,
          "z": 1.261711835861206
        },
        "rotation_quaternion": {
          "w": 0.3487130105495453,
          "x": -0.8353930115699768,
          "y": -0.42075416445732117,
          "z": 0.05902276933193207
        },
        "matrix": [
          [
            0.6389631032943726,
            0.6618261933326721,
            -0.3920610547065735,
            0.5958458781242371
          ],
          [
            0.7441558837890625,
            -0.40272989869117737,
            0.5329549908638,
            -0.41595548391342163
          ],
          [
            0.1948309987783432,
            -0.6322978734970093,
            -0.7498361468315125,
            1.2779324054718018
          ],
          [
            0.0,
            0.0,
            0.0,
            1.0
          ]
        ]
      },
      "bone_length_armature_space": 0.025653357235378288,
      "parent": "index_01_l",
      "has_children": true,
      "is_end_bone": false
    },
    "index_03_l": {
      "name": "index_03_l",
      "local": {
        "location": {
          "x": 0.0,
          "y": 0.0,
          "z": 0.0
        },
        "rotation_quaternion": {
          "w": 0.9639354944229126,
          "x": 0.26602229475975037,
          "y": -0.00150648457929492,
          "z": -0.007635596673935652
        },
        "scale": {
          "x": 1.0,
          "y": 1.0,
          "z": 1.0
        },
        "matrix_basis": [
          [
            0.9998788833618164,
            0.013918928802013397,
            -0.006966785993427038,
            0.0
          ],
          [
            -0.015521962195634842,
            0.8583476543426514,
            -0.5128336548805237,
            0.0
          ],
          [
            -0.001158169936388731,
            0.5128796696662903,
            0.8584597110748291,
            0.0
          ],
          [
            0.0,
            0.0,
            0.0,
            1.0
          ]
        ],
        "rotation_mode": "QUATERNION"
      },
      "armature_space": {
        "head": {
          "x": 0.6128239035606384,
          "y": -0.48953092098236084,
          "z": 0.31185799837112427
        },
        "tail": {
          "x": 0.6239960789680481,
          "y": -0.4871313273906708,
          "z": 0.28496626019477844
        }
      },
      "world_space": {
        "head": {
          "x": 0.6128239035606384,
          "y": -0.4262869358062744,
          "z": 1.2617120742797852
        },
        "tail": {
          "x": 0.6239960789680481,
          "y": -0.42388731241226196,
          "z": 1.2348202466964722
        },
        "rotation_quaternion": {
          "w": 0.6016517281532288,
          "x": -0.6612364649772644,
          "y": -0.42317575216293335,
          "z": 0.14732277393341064
        },
        "matrix": [
          [
            0.598434329032898,
            0.3823642134666443,
            -0.7040410041809082,
            0.6128239035606384
          ],
          [
            0.7369145750999451,
            0.08212527632713318,
            0.6709789037704468,
            -0.4262869358062744
          ],
          [
            0.31438085436820984,
            -0.9203611016273499,
            -0.2326241135597229,
            1.2617120742797852
          ],
          [
            0.0,
            0.0,
            0.0,
            1.0
          ]
        ]
      },
      "bone_length_armature_space": 0.029218848990420043,
      "parent": "index_02_l",
      "has_children": false,
      "is_end_bone": true
    },
    "metacarpal_pinky_l": {
      "name": "metacarpal_pinky_l",
      "local": {
        "location": {
          "x": 0.0,
          "y": 0.0,
          "z": 0.0
        },
        "rotation_quaternion": {
          "w": 0.9997495412826538,
          "x": -0.02224448136985302,
          "y": -0.0009765706490725279,
          "z": -0.0022874418646097183
        },
        "scale": {
          "x": 1.0,
          "y": 1.0,
          "z": 1.0
        },
        "matrix_basis": [
          [
            0.9999876022338867,
            0.004617184400558472,
            -0.0018508861539885402,
            0.0
          ],
          [
            -0.004530291073024273,
            0.9989998936653137,
            0.044482287019491196,
            0.0
          ],
          [
            0.002054417971521616,
            -0.044473353773355484,
            0.9990084767341614,
            0.0
          ],
          [
            0.0,
            0.0,
            0.0,
            1.0
          ]
        ],
        "rotation_mode": "QUATERNION"
      },
      "armature_space": {
        "head": {
          "x": 0.5254634618759155,
          "y": -0.3832879662513733,
          "z": 0.40880656242370605
        },
        "tail": {
          "x": 0.6127487421035767,
          "y": -0.43183213472366333,
          "z": 0.37934520840644836
        }
      },
      "world_space": {
        "head": {
          "x": 0.5254634618759155,
          "y": -0.32004398107528687,
          "z": 1.3586605787277222
        },
        "tail": {
          "x": 0.6127487421035767,
          "y": -0.3685881495475769,
          "z": 1.329199194908142
        },
        "rotation_quaternion": {
          "w": 0.3532790541648865,
          "x": 0.40469035506248474,
          "y": 0.37696385383605957,
          "z": -0.7545315623283386
        },
        "matrix": [
          [
            -0.42283910512924194,
            0.8382276892662048,
            -0.3443560004234314,
            0.5254634618759155
          ],
          [
            -0.22801505029201508,
            -0.4661845862865448,
            -0.8547991514205933,
            -0.32004398107528687
          ],
          [
            -0.8770560622215271,
            -0.2829265892505646,
            0.3882514238357544,
            1.3586605787277222
          ],
          [
            0.0,
            0.0,
            0.0,
            1.0
          ]
        ]
      },
      "bone_length_armature_space": 0.10413082056752261,
      "parent": "lowerarm_l",
      "has_children": true,
      "is_end_bone": false
    },
    "pinky_01_l": {
      "name": "pinky_01_l",
      "local": {
        "location": {
          "x": 0.0,
          "y": 0.0,
          "z": 0.0
        },
        "rotation_quaternion": {
          "w": 0.9996582269668579,
          "x": 0.024854037910699844,
          "y": 0.007986118085682392,
          "z": 0.0014071657788008451
        },
        "scale": {
          "x": 1.0,
          "y": 1.0,
          "z": 1.0
        },
        "matrix_basis": [
          [
            0.9998685121536255,
            -0.002416395116597414,
            0.01603672467172146,
            0.0
          ],
          [
            0.0032103443518280983,
            0.9987605810165405,
            -0.04966861009597778,
            0.0
          ],
          [
            -0.015896830707788467,
            0.04971356317400932,
            0.9986370205879211,
            0.0
          ],
          [
            0.0,
            0.0,
            0.0,
            1.0
          ]
        ],
        "rotation_mode": "QUATERNION"
      },
      "armature_space": {
        "head": {
          "x": 0.6127487421035767,
          "y": -0.43183213472366333,
          "z": 0.37934520840644836
