{
  "metadata": {
    "armature_name": "KIM_caucasian_male",
    "export_time": "2026-01-13T21:16:07.577514",
    "blender_version": "4.4.1",
    "bone_count": 56,
    "end_bone_count": 13,
    "spaces_included": [
      "LOCAL_CHANNELS",
      "ARMATURE_SPACE",
      "WORLD_SPACE"
    ],
    "note": "LOCAL matches Transform panel; replay pose via local.matrix_basis for best fidelity."
  },
  "bones": {
    "Root": {
      "name": "Root",
      "local": {
        "location": {
          "x": 0.0,
          "y": 0.0,
          "z": 0.0
        },
        "rotation_quaternion": {
          "w": 0.999565601348877,
          "x": -0.01950712874531746,
          "y": 0.016034932807087898,
          "z": -0.015198573470115662
        },
        "scale": {
          "x": 1.0,
          "y": 1.0,
          "z": 1.0
        },
        "matrix_basis": [
          [
            0.9990237951278687,
            0.029758350923657417,
            0.03264889493584633,
            0.0
          ],
          [
            -0.031009534373879433,
            0.9987769722938538,
            0.03850989416241646,
            0.0
          ],
          [
            -0.03146297484636307,
            -0.03948472440242767,
            0.9987246990203857,
            0.0
          ],
          [
            0.0,
            0.0,
            0.0,
            1.0
          ]
        ],
        "rotation_mode": "QUATERNION"
      },
      "armature_space": {
        "head": {
          "x": 0.0,
          "y": 0.07072800397872925,
          "z": -0.009595036506652832
        },
        "tail": {
          "x": 0.0021240280475467443,
          "y": 0.0004653632640838623,
          "z": 0.0027809608727693558
        }
      },
      "world_space": {
        "head": {
          "x": 0.0,
          "y": 0.13397200405597687,
          "z": 0.9402589797973633
        },
        "tail": {
          "x": 0.0021240280475467443,
          "y": 0.06370936334133148,
          "z": 0.9526349902153015
        },
        "rotation_quaternion": {
          "w": 0.08680121600627899,
          "x": 0.9959807395935059,
          "y": 0.01624428667128086,
          "z": 0.014974609948694706
        },
        "matrix": [
          [
            0.9990237951278687,
            0.029758350923657417,
            0.03264889493584633,
            0.0
          ],
          [
            0.03495762497186661,
            -0.9844033122062683,
            -0.17241859436035156,
            0.13397200405597687
          ],
          [
            0.027009010314941406,
            0.1733918935060501,
            -0.9844895601272583,
            0.9402589797973633
          ],
          [
            0.0,
            0.0,
            0.0,
            1.0
          ]
        ]
      },
      "bone_length_armature_space": 0.07137587357390038,
      "parent": null,
      "has_children": true,
      "is_end_bone": false
    },
    "spine_01": {
      "name": "spine_01",
      "local": {
        "location": {
          "x": 0.0,
          "y": 0.0,
          "z": 0.0
        },
        "rotation_quaternion": {
          "w": 0.9968233704566956,
          "x": 0.0613982193171978,
          "y": 0.03298571705818176,
          "z": 0.038540616631507874
        },
        "scale": {
          "x": 1.0,
          "y": 1.0,
          "z": 1.0
        },
        "matrix_basis": [
          [
            0.994853138923645,
            -0.07278584688901901,
            0.07049451768398285,
            0.0
          ],
          [
            0.08088690042495728,
            0.989489734172821,
            -0.11986377835273743,
            0.0
          ],
          [
            -0.06102921813726425,
            0.12494894117116928,
            0.9902843832969666,
            0.0
          ],
          [
            0.0,
            0.0,
            0.0,
            1.0
          ]
        ],
        "rotation_mode": "QUATERNION"
      },
      "armature_space": {
        "head": {
          "x": 0.0021240280475467443,
          "y": 0.0004653632640838623,
          "z": 0.0027809608727693558
        },
        "tail": {
          "x": -0.04581832513213158,
          "y": -0.02037452906370163,
          "z": 0.4879775047302246
        }
      },
      "world_space": {
        "head": {
          "x": 0.0021240280475467443,
          "y": 0.06370936334133148,
          "z": 0.9526349902153015
        },
        "tail": {
          "x": -0.04581832513213158,
          "y": 0.04286947101354599,
          "z": 1.4378315210342407
        },
        "rotation_quaternion": {
          "w": 0.6918420791625977,
          "x": 0.718396782875061,
          "y": 0.0014594942331314087,
          "z": 0.07251603156328201
        },
        "matrix": [
          [
            0.9894787073135376,
            -0.09824227541685104,
            0.10620933771133423,
            0.0021240280475467443
          ],
          [
            0.10243560373783112,
            -0.042704589664936066,
            -0.9938225746154785,
            0.06370936334133148
          ],
          [
            0.10217181593179703,
            0.9942526817321777,
            -0.03219287097454071,
            0.9526349902153015
          ],
          [
            0.0,
            0.0,
            0.0,
            1.0
          ]
        ]
      },
      "bone_length_armature_space": 0.48800454647100056,
      "parent": "Root",
      "has_children": true,
      "is_end_bone": false
    },
    "neck_01": {
      "name": "neck_01",
      "local": {
        "location": {
          "x": 0.0,
          "y": 0.0,
          "z": 0.0
        },
        "rotation_quaternion": {
          "w": 0.9873485565185547,
          "x": -0.10827179253101349,
          "y": -0.032773058861494064,
          "z": -0.1111130341887474
        },
        "scale": {
          "x": 1.0,
          "y": 1.0,
          "z": 1.0
        },
        "matrix_basis": [
          [
            0.9731596112251282,
            0.2265113890171051,
            -0.04065604880452156,
            0.0
          ],
          [
            -0.2123177945613861,
            0.9518622159957886,
            0.2210870236158371,
            0.0
          ],
          [
            0.08877767622470856,
            -0.20652097463607788,
            0.9744063019752502,
            0.0
          ],
          [
            0.0,
            0.0,
            0.0,
            1.0
          ]
        ],
        "rotation_mode": "QUATERNION"
      },
      "armature_space": {
        "head": {
          "x": -0.04932808503508568,
          "y": -0.057967498898506165,
          "z": 0.5596587061882019
        },
        "tail": {
          "x": -0.034109361469745636,
          "y": -0.07719959318637848,
          "z": 0.6592040657997131
        }
      },
      "world_space": {
        "head": {
          "x": -0.04932808503508568,
          "y": 0.005276501178741455,
          "z": 1.5095126628875732
        },
        "tail": {
          "x": -0.034109361469745636,
          "y": -0.01395559310913086,
          "z": 1.609058141708374
        },
        "rotation_quaternion": {
          "w": 0.631948709487915,
          "x": 0.7704029083251953,
          "y": 0.08273465186357498,
          "z": -0.016588561236858368
        },
        "matrix": [
          [
            0.9857595562934875,
            0.14844442903995514,
            0.07900920510292053,
            -0.04932808503508568
          ],
          [
            0.10651260614395142,
            -0.18759115040302277,
            -0.9764552116394043,
            0.005276501178741455
          ],
          [
            -0.1301286816596985,
            0.9709718823432922,
            -0.20073328912258148,
            1.5095126628875732
          ],
          [
            0.0,
            0.0,
            0.0,
            1.0
          ]
        ]
      },
      "bone_length_armature_space": 0.10252200599283157,
      "parent": "spine_01",
      "has_children": true,
      "is_end_bone": false
    },
    "head": {
      "name": "head",
      "local": {
        "location": {
          "x": 0.0,
          "y": 0.0,
          "z": 0.0
        },
        "rotation_quaternion": {
          "w": 0.9931233525276184,
          "x": -0.05795225501060486,
          "y": -0.04834949970245361,
          "z": 0.08949796110391617
        },
        "scale": {
          "x": 1.0,
          "y": 1.0,
          "z": 1.0
        },
        "matrix_basis": [
          [
            0.9793049097061157,
            -0.17216110229492188,
            -0.10640725493431091,
            0.0
          ],
          [
            0.18336895108222961,
            0.977263331413269,
            0.10645311325788498,
            0.0
          ],
          [
            0.08566081523895264,
            -0.12376184016466141,
            0.9886077046394348,
            0.0
          ],
          [
            0.0,
            0.0,
            0.0,
            1.0
          ]
        ],
        "rotation_mode": "QUATERNION"
      },
      "armature_space": {
        "head": {
          "x": -0.034109361469745636,
          "y": -0.07719973474740982,
          "z": 0.6592038869857788
        },
        "tail": {
          "x": -0.046274393796920776,
          "y": -0.03420437499880791,
          "z": 0.8077188730239868
        }
      },
      "world_space": {
        "head": {
          "x": -0.034109361469745636,
          "y": -0.013955734670162201,
          "z": 1.609057903289795
        },
        "tail": {
          "x": -0.046274393796920776,
          "y": 0.029039625078439713,
          "z": 1.757572889328003
        },
        "rotation_quaternion": {
          "w": 0.7990474104881287,
          "x": 0.5998021364212036,
          "y": -0.011707421392202377,
          "z": 0.04029430076479912
        },
        "matrix": [
          [
            0.9964786767959595,
            -0.07843843102455139,
            0.029628075659275055,
            -0.034109361469745636
          ],
          [
            0.05035031586885452,
            0.27722805738449097,
            -0.9594840407371521,
            -0.013955734670162201
          ],
          [
            0.06704720854759216,
            0.9576040506362915,
            0.2802022099494934,
            1.609057903289795
          ],
          [
            0.0,
            0.0,
            0.0,
            1.0
          ]
        ]
      },
      "bone_length_armature_space": 0.15509122992183963,
      "parent": "neck_01",
      "has_children": false,
      "is_end_bone": true
    },
    "upperarm_l": {
      "name": "upperarm_l",
      "local": {
        "location": {
          "x": 0.0,
          "y": 0.0,
          "z": 0.0
        },
        "rotation_quaternion": {
          "w": 0.8395808935165405,
          "x": 0.527193009853363,
          "y": -0.13078080117702484,
          "z": -0.008240845054388046
        },
        "scale": {
          "x": 1.0,
          "y": 1.0,
          "z": 1.0
        },
        "matrix_basis": [
          [
            0.9656569361686707,
            -0.12405573576688766,
            -0.22829115390777588,
            0.0
          ],
          [
            -0.15173116326332092,
            0.4439992308616638,
            -0.8830868601799011,
            0.0
          ],
          [
            0.21091309189796448,
            0.887397825717926,
            0.4099278151988983,
            0.0
          ],
          [
            0.0,
            0.0,
            0.0,
            1.0
          ]
        ],
        "rotation_mode": "QUATERNION"
      },
      "armature_space": {
        "head": {
          "x": 0.10603508353233337,
          "y": -0.042901504784822464,
          "z": 0.5080602765083313
        },
        "tail": {
          "x": 0.2558690309524536,
          "y": -0.2630026340484619,
          "z": 0.5382747054100037
        }
      },
      "world_space": {
        "head": {
          "x": 0.10603508353233337,
          "y": 0.020342495292425156,
          "z": 1.4579143524169922
        },
        "tail": {
          "x": 0.2558690309524536,
          "y": -0.1997586339712143,
          "z": 1.488128662109375
        },
        "rotation_quaternion": {
          "w": 0.25688037276268005,
          "x": 0.6402337551116943,
          "y": 0.15273845195770264,
          "z": -0.7076610922813416
        },
        "matrix": [
          [
            -0.048226166516542435,
            0.5591456294059753,
            -0.8276657462120056,
            0.10603508353233337
          ],
          [
            -0.16799235343933105,
            -0.821366548538208,
            -0.5451015830039978,
            0.020342495292425156
          ],
          [
            -0.9846149682998657,
            0.11275336891412735,
            0.13354402780532837,
            1.4579143524169922
          ],
          [
            0.0,
            0.0,
            0.0,
            1.0
          ]
        ]
      },
      "bone_length_armature_space": 0.26796946396885507,
      "parent": "spine_01",
      "has_children": true,
      "is_end_bone": false
    },
    "lowerarm_l": {
      "name": "lowerarm_l",
      "local": {
        "location": {
          "x": 0.0,
          "y": 0.0,
          "z": 0.0
        },
        "rotation_quaternion": {
          "w": 0.9750871062278748,
          "x": 0.18806424736976624,
          "y": 0.07069047540426254,
          "z": -0.09402064979076385
        },
        "scale": {
          "x": 1.0,
          "y": 1.0,
          "z": 1.0
        },
        "matrix_basis": [
          [
            0.9723259210586548,
            0.20994535088539124,
            0.10249489545822144,
            0.0
          ],
          [
            -0.15676794946193695,
            0.9115839004516602,
            -0.38005077838897705,
            0.0
          ],
          [
            -0.1732225865125656,
            0.35346531867980957,
            0.9192693829536438,
            0.0
          ],
          [
            0.0,
            0.0,
            0.0,
            1.0
          ]
        ],
        "rotation_mode": "QUATERNION"
      },
      "armature_space": {
        "head": {
          "x": 0.2558690309524536,
          "y": -0.2630026936531067,
          "z": 0.538274884223938
        },
        "tail": {
          "x": 0.2779448628425598,
          "y": -0.5289638042449951,
          "z": 0.5568944215774536
        }
      },
      "world_space": {
        "head": {
          "x": 0.2558690309524536,
          "y": -0.19975869357585907,
          "z": 1.488128900527954
        },
        "tail": {
          "x": 0.2779448628425598,
          "y": -0.4657198190689087,
          "z": 1.5067484378814697
        },
        "rotation_quaternion": {
          "w": 0.053968269377946854,
          "x": 0.6858668923377991,
          "y": 0.003052742686122656,
          "z": -0.7257167100906372
        },
        "matrix": [
          [
            -0.05334798991680145,
            0.08251890540122986,
            -0.995160698890686,
            0.2558690309524536
          ],
          [
            -0.07414430379867554,
            -0.9941561818122864,
            -0.07846105098724365,
            -0.19975869357585907
          ],
          [
            -0.9958264827728271,
            0.06959933042526245,
            0.05915500223636627,
            1.488128900527954
          ],
          [
            0.0,
            0.0,
            0.0,
            1.0
          ]
        ]
      },
      "bone_length_armature_space": 0.267524470872164,
      "parent": "upperarm_l",
      "has_children": true,
      "is_end_bone": false
    },
    "metacarpal_thumb_l": {
      "name": "metacarpal_thumb_l",
      "local": {
        "location": {
          "x": 0.0,
          "y": 0.0,
          "z": 0.0
        },
        "rotation_quaternion": {
          "w": 0.9995640516281128,
          "x": -0.028445430099964142,
          "y": 0.007815895602107048,
          "z": 0.0012850227067247033
        },
        "scale": {
          "x": 1.0,
          "y": 1.0,
          "z": 1.0
        },
        "matrix_basis": [
          [
            0.9998745322227478,
            -0.003013578010722995,
            0.015551870688796043,
            0.0
          ],
          [
            0.0021242720540612936,
            0.9983783960342407,
            0.05688614770770073,
            0.0
          ],
          [
            -0.015698082745075226,
            -0.05684597045183182,
            0.9982595443725586,
            0.0
          ],
          [
            0.0,
            0.0,
            0.0,
            1.0
          ]
        ],
        "rotation_mode": "QUATERNION"
      },
      "armature_space": {
        "head": {
          "x": 0.2779448628425598,
          "y": -0.5289638042449951,
          "z": 0.5568944215774536
        },
        "tail": {
          "x": 0.25166067481040955,
          "y": -0.5709123611450195,
          "z": 0.5551490187644958
        }
      },
      "world_space": {
        "head": {
          "x": 0.2779448628425598,
          "y": -0.4657198190689087,
          "z": 1.5067484378814697
        },
        "tail": {
          "x": 0.25166067481040955,
          "y": -0.5076683759689331,
          "z": 1.5050029754638672
        },
        "rotation_quaternion": {
          "w": 0.025318939238786697,
          "x": -0.96064692735672,
          "y": 0.27554386854171753,
          "z": 0.02433142252266407
        },
        "matrix": [
          [
            0.8469672203063965,
            -0.5306327939033508,
            -0.03279455751180649,
            0.2779448628425598
          ],
          [
            -0.5281685590744019,
            -0.8468689918518066,
            0.062053509056568146,
            -0.4657198190689087
          ],
          [
            -0.060701288282871246,
            -0.0352371484041214,
            -0.9975407123565674,
            1.5067484378814697
          ],
          [
            0.0,
            0.0,
            0.0,
            1.0
          ]
        ]
      },
      "bone_length_armature_space": 0.04953368890017927,
      "parent": "lowerarm_l",
      "has_children": true,
      "is_end_bone": false
    },
    "thumb_01_l": {
      "name": "thumb_01_l",
      "local": {
        "location": {
          "x": 0.0,
          "y": 0.0,
          "z": 0.0
        },
        "rotation_quaternion": {
          "w": 0.9993103742599487,
          "x": -0.03444827347993851,
          "y": -0.013257842510938644,
          "z": -0.00405610678717494
        },
        "scale": {
          "x": 1.0,
          "y": 1.0,
          "z": 1.0
        },
        "matrix_basis": [
          [
            0.9996155500411987,
            0.00902003888040781,
            -0.026217946782708168,
            0.0
          ],
          [
            -0.007193199824541807,
            0.9975937008857727,
            0.06895658373832703,
            0.0
          ],
          [
            0.02677685022354126,
            -0.06874148547649384,
            0.9972751140594482,
            0.0
          ],
          [
            0.0,
            0.0,
            0.0,
            1.0
          ]
        ],
        "rotation_mode": "QUATERNION"
      },
      "armature_space": {
        "head": {
          "x": 0.25166067481040955,
          "y": -0.5709123611450195,
          "z": 0.5551490187644958
        },
        "tail": {
          "x": 0.23348623514175415,
          "y": -0.5849889516830444,
          "z": 0.530045747756958
        }
      },
      "world_space": {
        "head": {
          "x": 0.25166067481040955,
          "y": -0.5076683759689331,
          "z": 1.5050029754638672
        },
        "tail": {
          "x": 0.23348623514175415,
          "y": -0.521744966506958,
          "z": 1.4798997640609741
        },
        "rotation_quaternion": {
          "w": 0.06015625223517418,
          "x": -0.5656097531318665,
          "y": 0.538149893283844,
          "z": -0.6219819188117981
        },
        "matrix": [
          [
            -0.352934867143631,
            -0.533936619758606,
            0.7683416604995728,
            0.25166067481040955
          ],
          [
            -0.6835975050926208,
            -0.4135485589504242,
            -0.6013915538787842,
            -0.5076683759689331
          ],
          [
            0.6388552784919739,
            -0.7374939918518066,
            -0.21904417872428894,
            1.5050029754638672
          ],
          [
            0.0,
            0.0,
            0.0,
            1.0
          ]
        ]
      },
      "bone_length_armature_space": 0.03403872646242964,
      "parent": "metacarpal_thumb_l",
      "has_children": true,
      "is_end_bone": false
    },
    "thumb_02_l": {
      "name": "thumb_02_l",
      "local": {
        "location": {
          "x": 0.0,
          "y": 0.0,
          "z": 0.0
        },
        "rotation_quaternion": {
          "w": 0.9919648766517639,
          "x": 0.1259639412164688,
          "y": 0.011505228467285633,
          "z": -0.0025562893133610487
        },
        "scale": {
          "x": 1.0,
          "y": 1.0,
          "z": 1.0
        },
        "matrix_basis": [
          [
            0.9997221827507019,
            0.007969986647367477,
            0.022181564942002296,
            0.0
          ],
          [
            -0.002173010492697358,
            0.9682530760765076,
            -0.2499624341726303,
            0.0
          ],
          [
            -0.02346956543624401,
            0.24984478950500488,
            0.9680014252662659,
            0.0
          ],
          [
            0.0,
            0.0,
            0.0,
            1.0
          ]
        ],
        "rotation_mode": "QUATERNION"
      },
      "armature_space": {
        "head": {
          "x": 0.23348622024059296,
          "y": -0.5849889516830444,
          "z": 0.530045747756958
        },
        "tail": {
          "x": 0.23933586478233337,
          "y": -0.6245273351669312,
          "z": 0.5340050458908081
        }
      },
      "world_space": {
        "head": {
          "x": 0.23348622024059296,
          "y": -0.521744966506958,
          "z": 1.4798997640609741
        },
        "tail": {
          "x": 0.23933586478233337,
          "y": -0.5612833499908447,
          "z": 1.4838590621948242
        },
        "rotation_quaternion": {
          "w": 0.050571732223033905,
          "x": -0.3562816083431244,
          "y": -0.07235683500766754,
          "z": -0.930199146270752
        },
        "matrix": [
          [
            -0.7410119771957397,
            0.14564268290996552,
            0.6555072069168091,
            0.23348622024059296
          ],
          [
            -0.042524553835392,
            -0.9844138026237488,
            0.17064854502677917,
            -0.521744966506958
          ],
          [
            0.6701486706733704,
            0.09857715666294098,
            0.7356610298156738,
            1.4798997640609741
          ],
          [
            0.0,
            0.0,
            0.0,
            1.0
          ]
        ]
      },
      "bone_length_armature_space": 0.04016438862954046,
      "parent": "thumb_01_l",
      "has_children": true,
      "is_end_bone": false
    },
    "thumb_03_l": {
      "name": "thumb_03_l",
      "local": {
        "location": {
          "x": 0.0,
          "y": 0.0,
          "z": 0.0
        },
        "rotation_quaternion": {
          "w": 0.9980542659759521,
          "x": 0.06217076629400253,
          "y": -0.0020511208567768335,
          "z": 0.004267762415111065
        },
        "scale": {
          "x": 1.0,
          "y": 1.0,
          "z": 1.0
        },
        "matrix_basis": [
          [
            0.9999551773071289,
            -0.008773956447839737,
            -0.0035635996609926224,
            0.0
          ],
          [
            0.008263877592980862,
            0.992233157157898,
            -0.12411710619926453,
            0.0
          ],
          [
            0.004624919965863228,
            0.12408208847045898,
            0.9922611713409424,
            0.0
          ],
          [
            0.0,
            0.0,
            0.0,
            1.0
          ]
        ],
        "rotation_mode": "QUATERNION"
      },
      "armature_space": {
        "head": {
          "x": 0.2393357753753662,
          "y": -0.6245273351669312,
          "z": 0.5340049862861633
        },
        "tail": {
          "x": 0.253754198551178,
          "y": -0.6498247981071472,
          "z": 0.5428953766822815
        }
      },
      "world_space": {
        "head": {
          "x": 0.2393357753753662,
          "y": -0.5612833499908447,
          "z": 1.4838590621948242
        },
        "tail": {
          "x": 0.253754198551178,
          "y": -0.5865808129310608,
          "z": 1.4927494525909424
        },
        "rotation_quaternion": {
          "w": 0.2177397757768631,
          "x": -0.16364990174770355,
          "y": -0.19268125295639038,
          "z": -0.9426993131637573
        },
        "matrix": [
          [
            -0.8516163229942322,
            0.4735911190509796,
            0.22463595867156982,
            0.2393357753753662
          ],
          [
            -0.34746184945106506,
            -0.8309261798858643,
            0.4345477521419525,
            -0.5612833499908447
          ],
          [
            0.3924562633037567,
            0.2920167148113251,
            0.8721916675567627,
            1.4838590621948242
          ],
          [
            0.0,
            0.0,
            0.0,
            1.0
          ]
        ]
      },
      "bone_length_armature_space": 0.030444894423597112,
      "parent": "thumb_02_l",
      "has_children": false,
      "is_end_bone": true
    },
    "metacarpal_index_l": {
      "name": "metacarpal_index_l",
      "local": {
        "location": {
          "x": 0.0,
          "y": 0.0,
          "z": 0.0
        },
        "rotation_quaternion": {
          "w": 0.9987685680389404,
          "x": -0.04773480072617531,
          "y": 0.011004931293427944,
          "z": -0.007857817225158215
        },
        "scale": {
          "x": 1.0,
          "y": 1.0,
          "z": 1.0
        },
        "matrix_basis": [
          [
            0.9996342658996582,
            0.014645645394921303,
            0.022732941433787346,
            0.0
          ],
          [
            -0.016746917739510536,
            0.9953193068504333,
            0.09517908841371536,
            0.0
          ],
          [
            -0.02123257704079151,
            -0.09552498906850815,
            0.9952005743980408,
            0.0
          ],
          [
            0.0,
            0.0,
            0.0,
            1.0
          ]
        ],
        "rotation_mode": "QUATERNION"
      },
      "armature_space": {
        "head": {
          "x": 0.2779448628425598,
          "y": -0.5289638042449951,
          "z": 0.5568944215774536
        },
        "tail": {
          "x": 0.25942671298980713,
          "y": -0.6440649032592773,
          "z": 0.5686426758766174
        }
      },
      "world_space": {
        "head": {
          "x": 0.2779448628425598,
          "y": -0.4657198190689087,
          "z": 1.5067484378814697
        },
        "tail": {
          "x": 0.25942671298980713,
          "y": -0.5808209180831909,
          "z": 1.5184967517852783
        },
        "rotation_quaternion": {
          "w": 0.022360078990459442,
          "x": 0.943402111530304,
          "y": -0.09130033850669861,
          "z": -0.3180515468120575
        },
        "matrix": [
          [
            0.7810150384902954,
            -0.15804286301136017,
            -0.6041839122772217,
            0.2779448628425598
          ],
          [
            -0.18648934364318848,
            -0.982328474521637,
            0.01588735729455948,
            -0.4657198190689087
          ],
          [
            -0.5960222482681274,
            0.10026545077562332,
            -0.7966920137405396,
            1.5067484378814697
          ],
          [
            0.0,
            0.0,
            0.0,
            1.0
          ]
        ]
      },
      "bone_length_armature_space": 0.11717169575614562,
      "parent": "lowerarm_l",
      "has_children": true,
      "is_end_bone": false
    },
    "index_01_l": {
      "name": "index_01_l",
      "local": {
        "location": {
          "x": 0.0,
          "y": 0.0,
          "z": 0.0
        },
        "rotation_quaternion": {
          "w": 0.9924662113189697,
          "x": -0.12238060683012009,
          "y": -0.005788382608443499,
          "z": -0.0005520986160263419
        },
        "scale": {
          "x": 1.0,
          "y": 1.0,
          "z": 1.0
        },
        "matrix_basis": [
          [
            0.9999324083328247,
            0.0025126500986516476,
            -0.01135441567748785,
            0.0
          ],
          [
            0.00032089310116134584,
            0.9700453877449036,
            0.24292363226413727,
            0.0
          ],
          [
            0.011624680832028389,
            -0.24291084706783295,
            0.9699789881706238,
            0.0
          ],
          [
            0.0,
            0.0,
            0.0,
            1.0
          ]
        ],
        "rotation_mode": "QUATERNION"
      },
      "armature_space": {
        "head": {
          "x": 0.25942671298980713,
          "y": -0.6440649032592773,
          "z": 0.5686426758766174
        },
        "tail": {
          "x": 0.269052654504776,
          "y": -0.6703534722328186,
          "z": 0.5740575194358826
        }
      },
      "world_space": {
        "head": {
          "x": 0.25942671298980713,
          "y": -0.5808209180831909,
          "z": 1.5184967517852783
        },
        "tail": {
          "x": 0.269052654504776,
          "y": -0.6071094870567322,
          "z": 1.523911476135254
        },
        "rotation_quaternion": {
          "w": 0.14452891051769257,
          "x": 0.9340938329696655,
          "y": 0.13468626141548157,
          "z": -0.29738849401474
        },
        "matrix": [
          [
            0.7868396043777466,
            0.337581992149353,
            -0.5166451334953308,
            0.25942671298980713
          ],
          [
            0.16565677523612976,
            -0.9219416975975037,
            -0.35011595487594604,
            -0.5808209180831909
          ],
          [
            -0.594513475894928,
            0.18989978730678558,
            -0.7813485860824585,
            1.5184967517852783
          ],
          [
            0.0,
            0.0,
            0.0,
            1.0
          ]
        ]
      },
      "bone_length_armature_space": 0.02851434955965644,
      "parent": "metacarpal_index_l",
      "has_children": true,
      "is_end_bone": false
    },
    "index_02_l": {
      "name": "index_02_l",
      "local": {
        "location": {
          "x": 0.0,
          "y": 0.0,
          "z": 0.0
        },
        "rotation_quaternion": {
          "w": 0.9999751448631287,
          "x": 0.00120066711679101,
          "y": -0.006936281453818083,
          "z": -0.0005444673006422818
        },
        "scale": {
          "x": 1.0,
          "y": 1.0,
          "z": 1.0
        },
        "matrix_basis": [
          [
            0.9999032020568848,
            0.0010722512379288673,
            -0.013873525895178318,
            0.0
          ],
          [
            -0.0011055638315156102,
            0.999996542930603,
            -0.0023937213700264692,
            0.0
          ],
          [
            0.013870910741388798,
            0.002408827655017376,
            0.9999008774757385,
            0.0
          ],
          [
            0.0,
            0.0,
            0.0,
            1.0
          ]
        ],
        "rotation_mode": "QUATERNION"
      },
      "armature_space": {
        "head": {
          "x": 0.2690524458885193,
          "y": -0.6703540086746216,
          "z": 0.5740575194358826
        },
        "tail": {
          "x": 0.27877506613731384,
          "y": -0.6935563087463379,
          "z": 0.5790790319442749
        }
      },
      "world_space": {
        "head": {
          "x": 0.2690524458885193,
          "y": -0.6071100234985352,
          "z": 1.523911476135254
        },
        "tail": {
          "x": 0.27877506613731384,
          "y": -0.6303123235702515,
          "z": 1.528933048248291
        },
        "rotation_quaternion": {
          "w": 0.16072702407836914,
          "x": 0.9168383479118347,
          "y": 0.14811566472053528,
          "z": -0.33411985635757446
        },
        "matrix": [
          [
            0.732851505279541,
            0.37900081276893616,
            -0.5650551915168762,
            0.2690524458885193
          ],
          [
            0.16419215500354767,
            -0.9044567942619324,
            -0.3936987519264221,
            -0.6071100234985352
          ],
          [
            -0.6602845191955566,
            0.1957455724477768,
            -0.7250667810440063,
            1.523911476135254
          ],
          [
            0.0,
            0.0,
            0.0,
            1.0
          ]
        ]
      },
      "bone_length_armature_space": 0.025653296822981484,
      "parent": "index_01_l",
      "has_children": true,
      "is_end_bone": false
    },
    "index_03_l": {
      "name": "index_03_l",
      "local": {
        "location": {
          "x": 0.0,
          "y": 0.0,
          "z": 0.0
        },
        "rotation_quaternion": {
          "w": 0.9999046325683594,
          "x": 0.012184474617242813,
          "y": 0.0065031349658966064,
          "z": 0.00018686617841012776
        },
        "scale": {
          "x": 1.0,
          "y": 1.0,
          "z": 1.0
        },
        "matrix_basis": [
          [
            0.999915361404419,
            -0.00021522214228753,
            0.013009583577513695,
            0.0
          ],
          [
            0.0005321712815202773,
            0.9997029900550842,
            -0.02436419390141964,
            0.0
          ],
          [
            -0.01300047617405653,
            0.024369055405259132,
            0.9996184706687927,
            0.0
          ],
          [
            0.0,
            0.0,
            0.0,
            1.0
          ]
        ],
        "rotation_mode": "QUATERNION"
      },
      "armature_space": {
        "head": {
          "x": 0.2787751257419586,
          "y": -0.6935561895370483,
          "z": 0.5790791511535645
        },
        "tail": {
          "x": 0.2898511290550232,
          "y": -0.720552384853363,
          "z": 0.5805824398994446
        }
      },
      "world_space": {
        "head": {
          "x": 0.2787751257419586,
          "y": -0.6303122043609619,
          "z": 1.5289331674575806
        },
        "tail": {
          "x": 0.2898511290550232,
          "y": -0.6573083996772766,
          "z": 1.5304365158081055
        },
        "rotation_quaternion": {
          "w": 0.08605214953422546,
          "x": 0.930362343788147,
          "y": 0.17500633001327515,
          "z": -0.3104737102985382
        },
        "matrix": [
          [
            0.7459577322006226,
            0.37907296419143677,
            -0.5475865006446838,
            0.2787751257419586
          ],
          [
            0.272204726934433,
            -0.9239353537559509,
            -0.26879000663757324,
            -0.6303122043609619
          ],
          [
            -0.6078293919563293,
            0.05144982784986496,
            -0.7924076318740845,
            1.5289331674575806
          ],
          [
            0.0,
            0.0,
            0.0,
            1.0
          ]
        ]
      },
      "bone_length_armature_space": 0.029218697440514214,
      "parent": "index_02_l",
      "has_children": false,
      "is_end_bone": true
    },
    "metacarpal_pinky_l": {
      "name": "metacarpal_pinky_l",
      "local": {
        "location": {
          "x": 0.0,
          "y": 0.0,
          "z": 0.0
        },
        "rotation_quaternion": {
          "w": 0.9998863339424133,
          "x": -0.008692150004208088,
          "y": -0.011826146394014359,
          "z": 0.003456269856542349
        },
        "scale": {
          "x": 1.0,
          "y": 1.0,
          "z": 1.0
        },
        "matrix_basis": [
          [
            0.9996963739395142,
            -0.006706164684146643,
            -0.02370968833565712,
            0.0
          ],
          [
            0.007117343135178089,
            0.9998250007629395,
            0.017300575971603394,
            0.0
          ],
          [
            0.023589519783854485,
            -0.01746407337486744,
            0.9995691776275635,
            0.0
          ],
          [
            0.0,
            0.0,
            0.0,
            1.0
          ]
        ],
        "rotation_mode": "QUATERNION"
      },
      "armature_space": {
        "head": {
          "x": 0.2779448628425598,
          "y": -0.5289638042449951,
          "z": 0.5568944215774536
        },
        "tail": {
          "x": 0.31855010986328125,
          "y": -0.6248095631599426,
          "z": 0.5597270131111145
        }
      },
      "world_space": {
        "head": {
          "x": 0.2779448628425598,
          "y": -0.4657198190689087,
          "z": 1.5067484378814697
        },
        "tail": {
          "x": 0.31855010986328125,
          "y": -0.5615655779838562,
          "z": 1.5095810890197754
        },
        "rotation_quaternion": {
          "w": 0.19942088425159454,
          "x": 0.08593457192182541,
          "y": 0.0036222946364432573,
          "z": -0.9761319160461426
        },
        "matrix": [
          [
            -0.9056932330131531,
            0.3899447023868561,
            -0.16632220149040222,
            0.2779448628425598
          ],
          [
            -0.3886997103691101,
            -0.9204363822937012,
            -0.041345760226249695,
            -0.4657198190689087
          ],
          [
            -0.16921284794807434,
            0.02720213495194912,
            0.9852110147476196,
            1.5067484378814697
          ],
          [
            0.0,
            0.0,
            0.0,
            1.0
          ]
        ]
      },
      "bone_length_armature_space": 0.10413077891433024,
      "parent": "lowerarm_l",
      "has_children": true,
      "is_end_bone": false
    },
    "pinky_01_l": {
      "name": "pinky_01_l",
      "local": {
        "location": {
          "x": 0.0,
          "y": 0.0,
          "z": 0.0
        },
        "rotation_quaternion": {
          "w": 0.962682843208313,
          "x": 0.2700404226779938,
          "y": 0.017750686034560204,
          "z": -0.0022307506296783686
        },
        "scale": {
          "x": 1.0,
          "y": 1.0,
          "z": 1.0
        },
        "matrix_basis": [
          [
            0.9993598461151123,
            0.013881816528737545,
            0.03297177702188492,
            0.0
          ],
          [
            0.005291794892400503,
            0.8541463613510132,
            -0.5200057625770569,
            0.0
          ],
          [
            -0.03538134694099426,
            0.5198473930358887,
            0.8535261750221252,
            0.0
          ],
          [
            0.0,
            0.0,
            0.0,
            1.0
          ]
        ],
        "rotation_mode": "QUATERNION"
      },
      "armature_space": {
        "head": {
          "x": 0.31855010986328125,
          "y": -0.6248095631599426,
          "z": 0.5597270131111145
        },
