{
  "metadata": {
    "armature_name": "KIM_caucasian_male",
    "export_time": "2026-01-13T21:16:40.547470",
    "blender_version": "4.4.1",
    "bone_count": 56,
    "end_bone_count": 13,
    "spaces_included": [
      "LOCAL_CHANNELS",
      "ARMATURE_SPACE",
      "WORLD_SPACE"
    ],
    "note": "LOCAL matches Transform panel; replay pose via local.matrix_basis for best fidelity."
  },
  "bones": {
    "Root": {
      "name": "Root",
      "local": {
        "location": {
          "x": 0.0,
          "y": 0.0,
          "z": 0.0
        },
        "rotation_quaternion": {
          "w": 0.9997701644897461,
          "x": 0.00508723221719265,
          "y": -0.017986996099352837,
          "z": -0.010504924692213535
        },
        "scale": {
          "x": 1.0,
          "y": 1.0,
          "z": 1.0
        },
        "matrix_basis": [
          [
            0.9991322159767151,
            0.020822012796998024,
            -0.03607260435819626,
            0.0
          ],
          [
            -0.021188028156757355,
            0.9997275471687317,
            -0.009794222190976143,
            0.0
          ],
          [
            0.035858843475580215,
            0.010550030507147312,
            0.9993011951446533,
            0.0
          ],
          [
            0.0,
            0.0,
            0.0,
            1.0
          ]
        ],
        "rotation_mode": "QUATERNION"
      },
      "armature_space": {
        "head": {
          "x": 0.0,
          "y": 0.07072800397872925,
          "z": -0.009595036506652832
        },
        "tail": {
          "x": 0.0014861893141642213,
          "y": -8.195638656616211e-05,
          "z": -0.000748801976442337
        }
      },
      "world_space": {
        "head": {
          "x": 0.0,
          "y": 0.13397200405597687,
          "z": 0.9402589797973633
        },
        "tail": {
          "x": 0.0014861893141642213,
          "y": 0.06316204369068146,
          "z": 0.9491052031517029
        },
        "rotation_quaternion": {
          "w": 0.06227649748325348,
          "x": 0.9978415369987488,
          "y": 0.00926931481808424,
          "z": -0.018653830513358116
        },
        "matrix": [
          [
            0.9991322159767151,
            0.020822012796998024,
            -0.03607260435819626,
            0.0
          ],
          [
            0.01617521420121193,
            -0.9920713901519775,
            -0.12463043630123138,
            0.13397200405597687
          ],
          [
            -0.0383819118142128,
            0.12393872439861298,
            -0.991554319858551,
            0.9402589797973633
          ],
          [
            0.0,
            0.0,
            0.0,
            1.0
          ]
        ]
      },
      "bone_length_armature_space": 0.07137587063201563,
      "parent": null,
      "has_children": true,
      "is_end_bone": false
    },
    "spine_01": {
      "name": "spine_01",
      "local": {
        "location": {
          "x": 0.0,
          "y": 0.0,
          "z": 0.0
        },
        "rotation_quaternion": {
          "w": 0.9971819519996643,
          "x": 0.04397192224860191,
          "y": 0.02904295176267624,
          "z": 0.053396403789520264
        },
        "scale": {
          "x": 1.0,
          "y": 1.0,
          "z": 1.0
        },
        "matrix_basis": [
          [
            0.9926106333732605,
            -0.10393770784139633,
            0.06261809915304184,
            0.0
          ],
          [
            0.10904601216316223,
            0.9904305934906006,
            -0.08459443598985672,
            0.0
          ],
          [
            -0.05322632938623428,
            0.09079759567975998,
            0.9944459795951843,
            0.0
          ],
          [
            0.0,
            0.0,
            0.0,
            1.0
          ]
        ],
        "rotation_mode": "QUATERNION"
      },
      "armature_space": {
        "head": {
          "x": 0.0014861893141642213,
          "y": -8.195638656616211e-05,
          "z": -0.000748801976442337
        },
        "tail": {
          "x": -0.03016035258769989,
          "y": -0.027352550998330116,
          "z": 0.4854644238948822
        }
      },
      "world_space": {
        "head": {
          "x": 0.0014861893141642213,
          "y": 0.06316204369068146,
          "z": 0.9491052031517029
        },
        "tail": {
          "x": -0.03016035258769989,
          "y": 0.03589145094156265,
          "z": 1.4353184700012207
        },
        "rotation_quaternion": {
          "w": 0.6870591640472412,
          "x": 0.7248557806015015,
          "y": 0.0029009750578552485,
          "z": 0.050253964960575104
        },
        "matrix": [
          [
            0.9949322938919067,
            -0.06484930962324142,
            0.07683955132961273,
            0.0014861893141642213
          ],
          [
            0.07326001673936844,
            -0.055882226675748825,
            -0.9957461357116699,
            0.06316204369068146
          ],
          [
            0.06886795908212662,
            0.9963361024856567,
            -0.05084943398833275,
            0.9491052031517029
          ],
          [
            0.0,
            0.0,
            0.0,
            1.0
          ]
        ]
      },
      "bone_length_armature_space": 0.4880046160392373,
      "parent": "Root",
      "has_children": true,
      "is_end_bone": false
    },
    "neck_01": {
      "name": "neck_01",
      "local": {
        "location": {
          "x": 0.0,
          "y": 0.0,
          "z": 0.0
        },
        "rotation_quaternion": {
          "w": 0.9873057007789612,
          "x": -0.10492974519729614,
          "y": -0.09850811213254929,
          "z": 0.0671822801232338
        },
        "scale": {
          "x": 1.0,
          "y": 1.0,
          "z": 1.0
        },
        "matrix_basis": [
          [
            0.9715653657913208,
            -0.11198603361845016,
            -0.20861408114433289,
            0.0
          ],
          [
            0.15333175659179688,
            0.9689525961875916,
            0.19395947456359863,
            0.0
          ],
          [
            0.18041640520095825,
            -0.22043147683143616,
            0.9585717916488647,
            0.0
          ],
          [
            0.0,
            0.0,
            0.0,
            1.0
          ]
        ],
        "rotation_mode": "QUATERNION"
      },
      "armature_space": {
        "head": {
          "x": -0.03224368765950203,
          "y": -0.065977081656456,
          "z": 0.5566511750221252
        },
        "tail": {
          "x": -0.048851437866687775,
          "y": -0.08917461335659027,
          "z": 0.6551235914230347
        }
      },
      "world_space": {
        "head": {
          "x": -0.03224368765950203,
          "y": -0.002733081579208374,
          "z": 1.5065052509307861
        },
        "tail": {
          "x": -0.048851437866687775,
          "y": -0.02593061327934265,
          "z": 1.6049776077270508
        },
        "rotation_quaternion": {
          "w": 0.6135019063949585,
          "x": 0.7830285429954529,
          "y": -0.10237222909927368,
          "z": 0.0013628312153741717
        },
        "matrix": [
          [
            0.9790360927581787,
            -0.1619930863380432,
            -0.12347766757011414,
            -0.03224368765950203
          ],
          [
            -0.15864938497543335,
            -0.22627030313014984,
            -0.9610580801963806,
            -0.002733081579208374
          ],
          [
            0.127746120095253,
            0.9605064392089844,
            -0.24722950160503387,
            1.5065052509307861
          ],
          [
            0.0,
            0.0,
            0.0,
            1.0
          ]
        ]
      },
      "bone_length_armature_space": 0.10252199697967729,
      "parent": "spine_01",
      "has_children": true,
      "is_end_bone": false
    },
    "head": {
      "name": "head",
      "local": {
        "location": {
          "x": 0.0,
          "y": 0.0,
          "z": 0.0
        },
        "rotation_quaternion": {
          "w": 0.9801613092422485,
          "x": -0.009617769159376621,
          "y": 0.1419273316860199,
          "z": -0.1380142718553543
        },
        "scale": {
          "x": 1.0,
          "y": 1.0,
          "z": 1.0
        },
        "matrix_basis": [
          [
            0.9216173887252808,
            0.2678224444389343,
            0.28087812662124634,
            0.0
          ],
          [
            -0.27328255772590637,
            0.9617190957069397,
            -0.02032206393778324,
            0.0
          ],
          [
            -0.27556857466697693,
            -0.05802992358803749,
            0.9595282673835754,
            0.0
          ],
          [
            0.0,
            0.0,
            0.0,
            1.0
          ]
        ],
        "rotation_mode": "QUATERNION"
      },
      "armature_space": {
        "head": {
          "x": -0.04885144159197807,
          "y": -0.08917474746704102,
          "z": 0.6551234722137451
        },
        "tail": {
          "x": -0.02258259244263172,
          "y": -0.06671939790248871,
          "z": 0.8063154220581055
        }
      },
      "world_space": {
        "head": {
          "x": -0.04885144159197807,
          "y": -0.025930747389793396,
          "z": 1.6049774885177612
        },
        "tail": {
          "x": -0.02258259244263172,
          "y": -0.003475397825241089,
          "z": 1.7561694383621216
        },
        "rotation_quaternion": {
          "w": 0.7503693103790283,
          "x": 0.6532847285270691,
          "y": 0.09664463996887207,
          "z": -0.028722524642944336
        },
        "matrix": [
          [
            0.9796698689460754,
            0.169377863407135,
            0.1075093001127243,
            -0.04885144159197807
          ],
          [
            0.08316670358181,
            0.1447889804840088,
            -0.985961377620697,
            -0.025930747389793396
          ],
          [
            -0.18256744742393494,
            0.974864661693573,
            0.12775874137878418,
            1.6049774885177612
          ],
          [
            0.0,
            0.0,
            0.0,
            1.0
          ]
        ]
      },
      "bone_length_armature_space": 0.15509126487280245,
      "parent": "neck_01",
      "has_children": false,
      "is_end_bone": true
    },
    "upperarm_l": {
      "name": "upperarm_l",
      "local": {
        "location": {
          "x": 0.0,
          "y": 0.0,
          "z": 0.0
        },
        "rotation_quaternion": {
          "w": 0.7985736131668091,
          "x": 0.5898388624191284,
          "y": -0.11351406574249268,
          "z": -0.03853445500135422
        },
        "scale": {
          "x": 1.0,
          "y": 1.0,
          "z": 1.0
        },
        "matrix_basis": [
          [
            0.9712592959403992,
            -0.07236481457948685,
            -0.22675691545009613,
            0.0
          ],
          [
            -0.19545520842075348,
            0.3012104332447052,
            -0.9333111047744751,
            0.0
          ],
          [
            0.13584043085575104,
            0.9508079290390015,
            0.27840933203697205,
            0.0
          ],
          [
            0.0,
            0.0,
            0.0,
            1.0
          ]
        ],
        "rotation_mode": "QUATERNION"
      },
      "armature_space": {
        "head": {
          "x": 0.12159958481788635,
          "y": -0.05440791696310043,
          "z": 0.49985766410827637
        },
        "tail": {
          "x": 0.23066937923431396,
          "y": -0.29913073778152466,
          "z": 0.5045657753944397
        }
      },
      "world_space": {
        "head": {
          "x": 0.12159958481788635,
          "y": 0.008836083114147186,
          "z": 1.4497116804122925
        },
        "tail": {
          "x": 0.23066937923431396,
          "y": -0.23588673770427704,
          "z": 1.4544198513031006
        },
        "rotation_quaternion": {
          "w": 0.16404269635677338,
          "x": 0.6352733969688416,
          "y": 0.12831836938858032,
          "z": -0.7436747550964355
        },
        "matrix": [
          [
            -0.13903525471687317,
            0.4070233106613159,
            -0.9027742147445679,
            0.12159958481788635
          ],
          [
            -0.08095492422580719,
            -0.9132490158081055,
            -0.39927810430526733,
            0.008836083114147186
          ],
          [
            -0.9869799017906189,
            0.017569541931152344,
            0.15992514789104462,
            1.4497116804122925
          ],
          [
            0.0,
            0.0,
            0.0,
            1.0
          ]
        ]
      },
      "bone_length_armature_space": 0.2679694820352424,
      "parent": "spine_01",
      "has_children": true,
      "is_end_bone": false
    },
    "lowerarm_l": {
      "name": "lowerarm_l",
      "local": {
        "location": {
          "x": 0.0,
          "y": 0.0,
          "z": 0.0
        },
        "rotation_quaternion": {
          "w": 0.8793646693229675,
          "x": 0.4047248661518097,
          "y": 0.20023342967033386,
          "z": -0.15107037127017975
        },
        "scale": {
          "x": 1.0,
          "y": 1.0,
          "z": 1.0
        },
        "matrix_basis": [
          [
            0.8741686344146729,
            0.42777079343795776,
            0.22987253963947296,
            0.0
          ],
          [
            -0.1036129966378212,
            0.6267510652542114,
            -0.7723001837730408,
            0.0
          ],
          [
            -0.4744402766227722,
            0.6513028144836426,
            0.5922086834907532,
            0.0
          ],
          [
            0.0,
            0.0,
            0.0,
            1.0
          ]
        ],
        "rotation_mode": "QUATERNION"
      },
      "armature_space": {
        "head": {
          "x": 0.23066939413547516,
          "y": -0.2991308271884918,
          "z": 0.5045658946037292
        },
        "tail": {
          "x": 0.09426862001419067,
          "y": -0.5256540775299072,
          "z": 0.4639277458190918
        }
      },
      "world_space": {
        "head": {
          "x": 0.23066939413547516,
          "y": -0.2358868271112442,
          "z": 1.4544198513031006
        },
        "tail": {
          "x": 0.09426862001419067,
          "y": -0.4624100923538208,
          "z": 1.413781762123108
        },
        "rotation_quaternion": {
          "w": 0.2311679720878601,
          "x": -0.7357501983642578,
          "y": 0.15229105949401855,
          "z": 0.6180943250656128
        },
        "matrix": [
          [
            0.18953418731689453,
            -0.5098627805709839,
            -0.8391168117523193,
            0.23066939413547516
          ],
          [
            0.061670154333114624,
            -0.8467383980751038,
            0.5284233689308167,
            -0.2358868271112442
          ],
          [
            -0.9799423217773438,
            -0.15190443396568298,
            -0.1290428787469864,
            1.4544198513031006
          ],
          [
            0.0,
            0.0,
            0.0,
            1.0
          ]
        ]
      },
      "bone_length_armature_space": 0.2675246003315356,
      "parent": "upperarm_l",
      "has_children": true,
      "is_end_bone": false
    },
    "metacarpal_thumb_l": {
      "name": "metacarpal_thumb_l",
      "local": {
        "location": {
          "x": 0.0,
          "y": 0.0,
          "z": 0.0
        },
        "rotation_quaternion": {
          "w": 0.9988357424736023,
          "x": -0.046190593391656876,
          "y": -0.013620631769299507,
          "z": -0.0028665373101830482
        },
        "scale": {
          "x": 1.0,
          "y": 1.0,
          "z": 1.0
        },
        "matrix_basis": [
          [
            0.9996125102043152,
            0.0069846902042627335,
            -0.026944734156131744,
            0.0
          ],
          [
            -0.004468109924346209,
            0.9957164525985718,
            0.09235171973705292,
            0.0
          ],
          [
            0.027474362403154373,
            -0.0921955406665802,
            0.9953618049621582,
            0.0
          ],
          [
            0.0,
            0.0,
            0.0,
            1.0
          ]
        ],
        "rotation_mode": "QUATERNION"
      },
      "armature_space": {
        "head": {
          "x": 0.09426862001419067,
          "y": -0.5256540775299072,
          "z": 0.4639277458190918
        },
        "tail": {
          "x": 0.05047143995761871,
          "y": -0.5438803434371948,
          "z": 0.44967299699783325
        }
      },
      "world_space": {
        "head": {
          "x": 0.09426862001419067,
          "y": -0.4624100923538208,
          "z": 1.413781762123108
        },
        "tail": {
          "x": 0.05047143995761871,
          "y": -0.4806363582611084,
          "z": 1.3995270729064941
        },
        "rotation_quaternion": {
          "w": 0.14288757741451263,
          "x": -0.8256556391716003,
          "y": 0.5436952710151672,
          "z": -0.04765976965427399
        },
        "matrix": [
          [
            0.4042474329471588,
            -0.8841901421546936,
            0.2340768426656723,
            0.09426862001419067
          ],
          [
            -0.9114305973052979,
            -0.3679570257663727,
            0.18412570655345917,
            -0.4624100923538208
          ],
          [
            -0.0766732320189476,
            -0.2877792418003082,
            -0.9546298980712891,
            1.413781762123108
          ],
          [
            0.0,
            0.0,
            0.0,
            1.0
          ]
        ]
      },
      "bone_length_armature_space": 0.049533701511981616,
      "parent": "lowerarm_l",
      "has_children": true,
      "is_end_bone": false
    },
    "thumb_01_l": {
      "name": "thumb_01_l",
      "local": {
        "location": {
          "x": 0.0,
          "y": 0.0,
          "z": 0.0
        },
        "rotation_quaternion": {
          "w": 0.9867250919342041,
          "x": 0.1614186316728592,
          "y": 0.007784256711602211,
          "z": 0.016030533239245415
        },
        "scale": {
          "x": 1.0,
          "y": 1.0,
          "z": 1.0
        },
        "matrix_basis": [
          [
            0.9993648529052734,
            -0.029122410342097282,
            0.02053709700703621,
            0.0
          ],
          [
            0.034148506820201874,
            0.9473741054534912,
            -0.31830206513404846,
            0.0
          ],
          [
            -0.010186589322984219,
            0.3188011944293976,
            0.9477668404579163,
            0.0
          ],
          [
            0.0,
            0.0,
            0.0,
            1.0
          ]
        ],
        "rotation_mode": "QUATERNION"
      },
      "armature_space": {
        "head": {
          "x": 0.05047143995761871,
          "y": -0.5438803434371948,
          "z": 0.44967299699783325
        },
        "tail": {
          "x": 0.04025234282016754,
          "y": -0.5533397793769836,
          "z": 0.41861292719841003
        }
      },
      "world_space": {
        "head": {
          "x": 0.05047143995761871,
          "y": -0.4806363582611084,
          "z": 1.3995270729064941
        },
        "tail": {
          "x": 0.04025234282016754,
          "y": -0.4900957942008972,
          "z": 1.3684669733047485
        },
        "rotation_quaternion": {
          "w": 0.02794482372701168,
          "x": -0.28486329317092896,
          "y": 0.6002237200737,
          "z": -0.7468624711036682
        },
        "matrix": [
          [
            -0.8361449837684631,
            -0.3002210855484009,
            0.45905235409736633,
            0.05047143995761871
          ],
          [
            -0.3837035000324249,
            -0.2779025733470917,
            -0.8806487917900085,
            -0.4806363582611084
          ],
          [
            0.3919634521007538,
            -0.9124964475631714,
            0.11717092990875244,
            1.3995270729064941
          ],
          [
            0.0,
            0.0,
            0.0,
            1.0
          ]
        ]
      },
      "bone_length_armature_space": 0.03403878417630717,
      "parent": "metacarpal_thumb_l",
      "has_children": true,
      "is_end_bone": false
    },
    "thumb_02_l": {
      "name": "thumb_02_l",
      "local": {
        "location": {
          "x": 0.0,
          "y": 0.0,
          "z": 0.0
        },
        "rotation_quaternion": {
          "w": 0.9389093518257141,
          "x": 0.3441312313079834,
          "y": 0.001817543525248766,
          "z": -0.004446462728083134
        },
        "scale": {
          "x": 1.0,
          "y": 1.0,
          "z": 1.0
        },
        "matrix_basis": [
          [
            0.9999538660049438,
            0.009600597433745861,
            0.00035268382634967566,
            0.0
          ],
          [
            -0.007098704110831022,
            0.7631078362464905,
            -0.6462322473526001,
            0.0
          ],
          [
            -0.006473350804299116,
            0.6461998820304871,
            0.7631407976150513,
            0.0
          ],
          [
            0.0,
            0.0,
            0.0,
            1.0
          ]
        ],
        "rotation_mode": "QUATERNION"
      },
      "armature_space": {
        "head": {
          "x": 0.04025235399603844,
          "y": -0.5533396601676941,
          "z": 0.41861292719841003
        },
        "tail": {
          "x": 0.03354785218834877,
          "y": -0.5870838165283203,
          "z": 0.43933895230293274
        }
      },
      "world_space": {
        "head": {
          "x": 0.04025235399603844,
          "y": -0.49009567499160767,
          "z": 1.3684669733047485
        },
        "tail": {
          "x": 0.03354785218834877,
          "y": -0.5238398313522339,
          "z": 1.3891929388046265
        },
        "rotation_quaternion": {
          "w": 0.13895118236541748,
          "x": 0.1914561539888382,
          "y": 0.24620628356933594,
          "z": 0.9399040341377258
        },
        "matrix": [
          [
            -0.8880743980407715,
            -0.16692642867565155,
            0.4283221960067749,
            0.04025235399603844
          ],
          [
            0.35547730326652527,
            -0.8401501774787903,
            0.4096144139766693,
            -0.49009567499160767
          ],
          [
            0.29148179292678833,
            0.5160295367240906,
            0.8054600954055786,
            1.3684669733047485
          ],
          [
            0.0,
            0.0,
            0.0,
            1.0
          ]
        ]
      },
      "bone_length_armature_space": 0.040164493042299174,
      "parent": "thumb_01_l",
      "has_children": true,
      "is_end_bone": false
    },
    "thumb_03_l": {
      "name": "thumb_03_l",
      "local": {
        "location": {
          "x": 0.0,
          "y": 0.0,
          "z": 0.0
        },
        "rotation_quaternion": {
          "w": 0.9842962026596069,
          "x": 0.17649291455745697,
          "y": -0.0020083042327314615,
          "z": -0.0026952277403324842
        },
        "scale": {
          "x": 1.0,
          "y": 1.0,
          "z": 1.0
        },
        "matrix_basis": [
          [
            0.9999774098396301,
            0.004596902057528496,
            -0.004904909525066614,
            0.0
          ],
          [
            -0.006014707963913679,
            0.9376859664916992,
            -0.3474317789077759,
            0.0
          ],
          [
            0.003002155339345336,
            0.34745344519615173,
            0.9376924633979797,
            0.0
          ],
          [
            0.0,
            0.0,
            0.0,
            1.0
          ]
        ],
        "rotation_mode": "QUATERNION"
      },
      "armature_space": {
        "head": {
          "x": 0.0335477851331234,
          "y": -0.5870837569236755,
          "z": 0.43933889269828796
        },
        "tail": {
          "x": 0.037082210183143616,
          "y": -0.6012543439865112,
          "z": 0.46605223417282104
        }
      },
      "world_space": {
        "head": {
          "x": 0.0335477851331234,
          "y": -0.5238397717475891,
          "z": 1.3891929388046265
        },
        "tail": {
          "x": 0.037082210183143616,
          "y": -0.5380103588104248,
          "z": 1.4159061908721924
        },
        "rotation_quaternion": {
          "w": 0.03915144130587578,
          "x": -0.0476912222802639,
          "y": -0.5155011415481567,
          "z": -0.8546645641326904
        },
        "matrix": [
          [
            -0.9923856854438782,
            0.11609257012605667,
            0.04115419089794159,
            0.0335477851331234
          ],
          [
            -0.017753401771187782,
            -0.465451180934906,
            0.8848958015441895,
            -0.5238397717475891
          ],
          [
            0.12188588827848434,
            0.8774325847625732,
            0.46397215127944946,
            1.3891929388046265
          ],
          [
            0.0,
            0.0,
            0.0,
            1.0
          ]
        ]
      },
      "bone_length_armature_space": 0.0304450378756718,
      "parent": "thumb_02_l",
      "has_children": false,
      "is_end_bone": true
    },
    "metacarpal_index_l": {
      "name": "metacarpal_index_l",
      "local": {
        "location": {
          "x": 0.0,
          "y": 0.0,
          "z": 0.0
        },
        "rotation_quaternion": {
          "w": 0.9987519979476929,
          "x": -0.047938790172338486,
          "y": -0.003623051568865776,
          "z": -0.01354162022471428
        },
        "scale": {
          "x": 1.0,
          "y": 1.0,
          "z": 1.0
        },
        "matrix_basis": [
          [
            0.9996069669723511,
            0.027396809309720993,
            -0.005938722286373377,
            0.0
          ],
          [
            -0.026702070608735085,
            0.9950370192527771,
            0.09585604816675186,
            0.0
          ],
          [
            0.008535398170351982,
            -0.09565979987382889,
            0.9953774809837341,
            0.0
          ],
          [
            0.0,
            0.0,
            0.0,
            1.0
          ]
        ],
        "rotation_mode": "QUATERNION"
      },
      "armature_space": {
        "head": {
          "x": 0.09426862001419067,
          "y": -0.5256540775299072,
          "z": 0.4639277458190918
        },
        "tail": {
          "x": 0.013255417346954346,
          "y": -0.6080285906791687,
          "z": 0.4444205164909363
        }
      },
      "world_space": {
        "head": {
          "x": 0.09426862001419067,
          "y": -0.4624100923538208,
          "z": 1.413781762123108
        },
        "tail": {
          "x": 0.013255417346954346,
          "y": -0.5447846055030823,
          "z": 1.3942744731903076
        },
        "rotation_quaternion": {
          "w": 0.17488983273506165,
          "x": -0.8974541425704956,
          "y": 0.34336793422698975,
          "z": 0.21468119323253632
        },
        "matrix": [
          [
            0.6720208525657654,
            -0.6914056539535522,
            -0.265228807926178,
            0.09426862001419067
          ],
          [
            -0.5412236452102661,
            -0.7030236721038818,
            0.4613405764102936,
            -0.4624100923538208
          ],
          [
            -0.5054395794868469,
            -0.1664840281009674,
            -0.8466569185256958,
            1.413781762123108
          ],
          [
            0.0,
            0.0,
            0.0,
            1.0
          ]
        ]
      },
      "bone_length_armature_space": 0.11717180355570017,
      "parent": "lowerarm_l",
      "has_children": true,
      "is_end_bone": false
    },
    "index_01_l": {
      "name": "index_01_l",
      "local": {
        "location": {
          "x": 0.0,
          "y": 0.0,
          "z": 0.0
        },
        "rotation_quaternion": {
          "w": 0.9725276231765747,
          "x": 0.23271635174751282,
          "y": 7.940189243527129e-05,
          "z": -0.00577269634231925
        },
        "scale": {
          "x": 1.0,
          "y": 1.0,
          "z": 1.0
        },
        "matrix_basis": [
          [
            0.9999333620071411,
            0.011265169829130173,
            -0.0025323606096208096,
            0.0
          ],
          [
            -0.011191257275640965,
            0.8916195631027222,
            -0.4526470899581909,
            0.0
          ],
          [
            -0.0028412428218871355,
            0.4526452422142029,
            0.891686201095581,
            0.0
          ],
          [
            0.0,
            0.0,
            0.0,
            1.0
          ]
        ],
        "rotation_mode": "QUATERNION"
      },
      "armature_space": {
        "head": {
          "x": 0.013255417346954346,
          "y": -0.6080285906791687,
          "z": 0.4444205164909363
        },
        "tail": {
          "x": -1.2961216270923615e-05,
          "y": -0.6266135573387146,
          "z": 0.4273435175418854
        }
      },
      "world_space": {
        "head": {
          "x": 0.013255417346954346,
          "y": -0.5447846055030823,
          "z": 1.3942744731903076
        },
        "tail": {
          "x": -1.2961216270923615e-05,
          "y": -0.5633695721626282,
          "z": 1.377197504043579
        },
        "rotation_quaternion": {
          "w": 0.36540597677230835,
          "x": -0.897655189037323,
          "y": 0.20147207379341125,
          "z": 0.14178387820720673
        },
        "matrix": [
          [
            0.878612756729126,
            -0.4653225541114807,
            -0.10730649530887604,
            0.013255417346954346
          ],
          [
            -0.25808894634246826,
            -0.6517752408981323,
            0.7131476402282715,
            -0.5447846055030823
          ],
          [
            -0.4017864763736725,
            -0.5988905429840088,
            -0.692756712436676,
            1.3942744731903076
          ],
          [
            0.0,
            0.0,
            0.0,
            1.0
          ]
        ]
      },
      "bone_length_armature_space": 0.028514466043739643,
      "parent": "metacarpal_index_l",
      "has_children": true,
      "is_end_bone": false
    },
    "index_02_l": {
      "name": "index_02_l",
      "local": {
        "location": {
          "x": 0.0,
          "y": 0.0,
          "z": 0.0
        },
        "rotation_quaternion": {
          "w": 0.9148522615432739,
          "x": 0.40364646911621094,
          "y": -0.007338804192841053,
          "z": -0.007815062999725342
        },
        "scale": {
          "x": 1.0,
          "y": 1.0,
          "z": 1.0
        },
        "matrix_basis": [
          [
            0.9997701048851013,
            0.008374691009521484,
            -0.019736887887120247,
            0.0
          ],
          [
            -0.020223820582032204,
            0.6740168929100037,
            -0.7384390830993652,
            0.0
          ],
          [
            0.0071187978610396385,
            0.7386685013771057,
            0.6740313172340393,
            0.0
          ],
          [
            0.0,
            0.0,
            0.0,
            1.0
          ]
        ],
        "rotation_mode": "QUATERNION"
      },
      "armature_space": {
        "head": {
          "x": -1.338217407464981e-05,
          "y": -0.6266134977340698,
          "z": 0.4273431897163391
        },
        "tail": {
          "x": -0.010753973387181759,
          "y": -0.6251348257064819,
          "z": 0.4040934443473816
        }
      },
      "world_space": {
        "head": {
          "x": -1.338217407464981e-05,
          "y": -0.5633695125579834,
          "z": 1.377197265625
        },
        "tail": {
          "x": -0.010753973387181759,
          "y": -0.5618908405303955,
          "z": 1.353947401046753
        },
        "rotation_quaternion": {
          "w": 0.6939988136291504,
          "x": -0.6806844472885132,
          "y": 0.21722495555877686,
          "z": 0.08858802914619446
        },
        "matrix": [
          [
            0.8899306058883667,
            -0.41868317127227783,
            0.18090903759002686,
            -1.338217407464981e-05
          ],
          [
            -0.17276616394519806,
            0.057641059160232544,
            0.9832750558853149,
            -0.5633695125579834
          ],
          [
            -0.4221116006374359,
            -0.906307578086853,
            -0.021037131547927856,
            1.377197265625
          ],
          [
            0.0,
            0.0,
            0.0,
            1.0
          ]
        ]
      },
      "bone_length_armature_space": 0.025653410171446775,
      "parent": "index_01_l",
      "has_children": true,
      "is_end_bone": false
    },
    "index_03_l": {
      "name": "index_03_l",
      "local": {
        "location": {
          "x": 0.0,
          "y": 0.0,
          "z": 0.0
        },
        "rotation_quaternion": {
          "w": 0.9710081815719604,
          "x": 0.23901879787445068,
          "y": -0.0008064574212767184,
          "z": -0.0035353016573935747
        },
        "scale": {
          "x": 1.0,
          "y": 1.0,
          "z": 1.0
        },
        "matrix_basis": [
          [
            0.999973714351654,
            0.006480096839368343,
            -0.003256160533055663,
            0.0
          ],
          [
            -0.0072511304169893265,
            0.8857150077819824,
            -0.46417272090911865,
            0.0
          ],
          [
            -0.00012385359150357544,
            0.46418410539627075,
            0.885738730430603,
            0.0
          ],
          [
            0.0,
            0.0,
            0.0,
            1.0
          ]
        ],
        "rotation_mode": "QUATERNION"
      },
      "armature_space": {
        "head": {
          "x": -0.010754017159342766,
          "y": -0.6251349449157715,
          "z": 0.404093474149704
        },
        "tail": {
          "x": -0.015046440064907074,
          "y": -0.6088520884513855,
          "z": 0.38021495938301086
        }
      },
      "world_space": {
        "head": {
          "x": -0.010754017159342766,
          "y": -0.5618909597396851,
          "z": 1.3539475202560425
        },
        "tail": {
          "x": -0.015046440064907074,
          "y": -0.5456081032752991,
          "z": 1.3300689458847046
        },
        "rotation_quaternion": {
          "w": 0.8565359115600586,
          "x": -0.46950235962867737,
          "y": 0.21209311485290527,
          "z": -0.0305003821849823
        },
        "matrix": [
          [
            0.9081729054450989,
            -0.1469068080186844,
            0.3919699788093567,
            -0.010754017159342766
          ],
          [
            -0.25140511989593506,
            0.5572747588157654,
            0.791353702545166,
            -0.5618909597396851
          ],
          [
            -0.3346928656101227,
            -0.8172343969345093,
            0.46917253732681274,
            1.3539475202560425
          ],
          [
            0.0,
            0.0,
            0.0,
            1.0
          ]
        ]
      },
      "bone_length_armature_space": 0.029218825326119396,
      "parent": "index_02_l",
      "has_children": false,
      "is_end_bone": true
    },
    "metacarpal_pinky_l": {
      "name": "metacarpal_pinky_l",
      "local": {
        "location": {
          "x": 0.0,
          "y": 0.0,
          "z": 0.0
        },
        "rotation_quaternion": {
          "w": 0.9997978210449219,
          "x": 0.005271328147500753,
          "y": -0.006850073114037514,
          "z": 0.018158700317144394
        },
        "scale": {
          "x": 1.0,
          "y": 1.0,
          "z": 1.0
        },
        "matrix_basis": [
          [
            0.9992466568946838,
            -0.0363822765648365,
            -0.013505935668945312,
            0.0
          ],
          [
            0.03623783960938454,
            0.9992849230766296,
            -0.010789301246404648,
            0.0
          ],
          [
            0.01388881728053093,
            0.010291747748851776,
            0.9998505711555481,
            0.0
          ],
          [
            0.0,
            0.0,
            0.0,
            1.0
          ]
        ],
        "rotation_mode": "QUATERNION"
      },
      "armature_space": {
        "head": {
          "x": 0.09426862001419067,
          "y": -0.5256540775299072,
          "z": 0.4639277458190918
        },
        "tail": {
          "x": 0.07315964996814728,
          "y": -0.6272292733192444,
          "z": 0.45497745275497437
        }
      },
      "world_space": {
        "head": {
          "x": 0.09426862001419067,
          "y": -0.4624100923538208,
          "z": 1.413781762123108
        },
        "tail": {
          "x": 0.07315964996814728,
          "y": -0.563985288143158,
          "z": 1.4048314094543457
        },
        "rotation_quaternion": {
          "w": 0.10897067934274673,
          "x": -0.21720805764198303,
          "y": -0.01990731805562973,
          "z": 0.9698194265365601
        },
        "matrix": [
          [
            -0.8818921446800232,
            -0.20271602272987366,
            -0.4256439507007599,
            0.09426862001419067
          ],
          [
            0.22001181542873383,
            -0.9754583239555359,
            0.008726360276341438,
            -0.4624100923538208
          ],
          [
            -0.41696932911872864,
            -0.08595234900712967,
            0.9048550128936768,
            1.413781762123108
          ],
          [
            0.0,
            0.0,
            0.0,
            1.0
          ]
        ]
      },
      "bone_length_armature_space": 0.10413076680005205,
      "parent": "lowerarm_l",
      "has_children": true,
      "is_end_bone": false
    },
    "pinky_01_l": {
      "name": "pinky_01_l",
      "local": {
        "location": {
          "x": 0.0,
          "y": 0.0,
          "z": 0.0
        },
        "rotation_quaternion": {
          "w": 0.949497640132904,
          "x": 0.3131428062915802,
          "y": -0.019807154312729836,
          "z": -0.001904150703921914
        },
        "scale": {
          "x": 1.0,
          "y": 1.0,
          "z": 1.0
        },
        "matrix_basis": [
          [
            0.9992080926895142,
            -0.008788962848484516,
            -0.038806233555078506,
            0.0
          ],
          [
            -0.01602090895175934,
            0.8038759231567383,
            -0.5945813059806824,
            0.0
          ],
          [
            0.03642114996910095,
            0.5947321653366089,
            0.8030984997749329,
            0.0
          ],
          [
            0.0,
            0.0,
            0.0,
            1.0
          ]
        ],
        "rotation_mode": "QUATERNION"
      },
      "armature_space": {
        "head": {
          "x": 0.07315964996814728,
