{
  "metadata": {
    "armature_name": "KIM_caucasian_male",
    "export_time": "2026-01-13T21:07:57.444555",
    "blender_version": "4.4.1",
    "bone_count": 56,
    "end_bone_count": 13,
    "spaces_included": [
      "LOCAL_CHANNELS",
      "ARMATURE_SPACE",
      "WORLD_SPACE"
    ],
    "note": "LOCAL matches Transform panel; replay pose via local.matrix_basis for best fidelity."
  },
  "bones": {
    "Root": {
      "name": "Root",
      "local": {
        "location": {
          "x": 0.0,
          "y": 0.0,
          "z": 0.0
        },
        "rotation_quaternion": {
          "w": 0.9998650550842285,
          "x": 0.013966153375804424,
          "y": -0.007151767611503601,
          "z": 0.004884873051196337
        },
        "scale": {
          "x": 1.0,
          "y": 1.0,
          "z": 1.0
        },
        "matrix_basis": [
          [
            0.9998499751091003,
            -0.009968193247914314,
            -0.014165159314870834,
            0.0
          ],
          [
            0.009568662382662296,
            0.99956214427948,
            -0.027998408302664757,
            0.0
          ],
          [
            0.014438050799071789,
            0.027858667075634003,
            0.9995076060295105,
            0.0
          ],
          [
            0.0,
            0.0,
            0.0,
            1.0
          ]
        ],
        "rotation_mode": "QUATERNION"
      },
      "armature_space": {
        "head": {
          "x": 0.0,
          "y": 0.07072800397872925,
          "z": -0.009595036506652832
        },
        "tail": {
          "x": -0.000711488479282707,
          "y": -0.00023633241653442383,
          "z": -0.001974603161215782
        }
      },
      "world_space": {
        "head": {
          "x": 0.0,
          "y": 0.13397200405597687,
          "z": 0.9402589797973633
        },
        "tail": {
          "x": -0.000711488479282707,
          "y": 0.0630076676607132,
          "z": 0.947879433631897
        },
        "rotation_quaternion": {
          "w": 0.05342413857579231,
          "x": 0.9985344409942627,
          "y": -0.0053555769845843315,
          "z": -0.006806439254432917
        },
        "matrix": [
          [
            0.9998499751091003,
            -0.009968193247914314,
            -0.014165159314870834,
            0.0
          ],
          [
            -0.011422712355852127,
            -0.9942343235015869,
            -0.10661923140287399,
            0.13397200405597687
          ],
          [
            -0.013020788319408894,
            0.10676483809947968,
            -0.9942060708999634,
            0.9402589797973633
          ],
          [
            0.0,
            0.0,
            0.0,
            1.0
          ]
        ]
      },
      "bone_length_armature_space": 0.07137586463356482,
      "parent": null,
      "has_children": true,
      "is_end_bone": false
    },
    "spine_01": {
      "name": "spine_01",
      "local": {
        "location": {
          "x": 0.0,
          "y": 0.0,
          "z": 0.0
        },
        "rotation_quaternion": {
          "w": 0.9972696900367737,
          "x": -0.012336618266999722,
          "y": 0.039693232625722885,
          "z": -0.06103683263063431
        },
        "scale": {
          "x": 1.0,
          "y": 1.0,
          "z": 1.0
        },
        "matrix_basis": [
          [
            0.9893978834152222,
            0.12076100707054138,
            0.08067569136619568,
            0.0
          ],
          [
            -0.12271972745656967,
            0.9922446012496948,
            0.01976037211716175,
            0.0
          ],
          [
            -0.07766374200582504,
            -0.029451370239257812,
            0.9965445399284363,
            0.0
          ],
          [
            0.0,
            0.0,
            0.0,
            1.0
          ]
        ],
        "rotation_mode": "QUATERNION"
      },
      "armature_space": {
        "head": {
          "x": -0.000711488479282707,
          "y": -0.00023633241653442383,
          "z": -0.001974603161215782
        },
        "tail": {
          "x": 0.0647796168923378,
          "y": 0.022535592317581177,
          "z": 0.48107901215553284
        }
      },
      "world_space": {
        "head": {
          "x": -0.000711488479282707,
          "y": 0.0630076676607132,
          "z": 0.947879433631897
        },
        "tail": {
          "x": 0.0647796168923378,
          "y": 0.0857795923948288,
          "z": 1.4309329986572266
        },
        "rotation_quaternion": {
          "w": 0.7198416590690613,
          "x": 0.6899816989898682,
          "y": 0.07183047384023666,
          "z": -0.024366017431020737
        },
        "matrix": [
          [
            0.9884934425354004,
            0.1342027485370636,
            0.06978806108236313,
            -0.000711488479282707
          ],
          [
            0.06404314935207367,
            0.046663664281368256,
            -0.996855616569519,
            0.0630076676607132
          ],
          [
            -0.1370382159948349,
            0.9898614883422852,
            0.037531305104494095,
            0.947879433631897
          ],
          [
            0.0,
            0.0,
            0.0,
            1.0
          ]
        ]
      },
      "bone_length_armature_space": 0.48800455425381706,
      "parent": "Root",
      "has_children": true,
      "is_end_bone": false
    },
    "neck_01": {
      "name": "neck_01",
      "local": {
        "location": {
          "x": 0.0,
          "y": 0.0,
          "z": 0.0
        },
        "rotation_quaternion": {
          "w": 0.9875785112380981,
          "x": -0.06257886439561844,
          "y": -0.09208414703607559,
          "z": -0.11087439954280853
        },
        "scale": {
          "x": 1.0,
          "y": 1.0,
          "z": 1.0
        },
        "matrix_basis": [
          [
            0.9584547281265259,
            0.2305193841457367,
            -0.1680038571357727,
            0.0
          ],
          [
            -0.20746929943561554,
            0.9675815105438232,
            0.1440226286649704,
            0.0
          ],
          [
            0.1957574337720871,
            -0.10318353772163391,
            0.9752088189125061,
            0.0
          ],
          [
            0.0,
            0.0,
            0.0,
            1.0
          ]
        ],
        "rotation_mode": "QUATERNION"
      },
      "armature_space": {
        "head": {
          "x": 0.07702601701021194,
          "y": -0.00861915573477745,
          "z": 0.5548567771911621
        },
        "tail": {
          "x": 0.11520692706108093,
          "y": -0.030485935509204865,
          "z": 0.6474570035934448
        }
      },
      "world_space": {
        "head": {
          "x": 0.07702601701021194,
          "y": 0.05462484434247017,
          "z": 1.5047107934951782
        },
        "tail": {
          "x": 0.11520692706108093,
          "y": 0.032758064568042755,
          "z": 1.597311019897461
        },
        "rotation_quaternion": {
          "w": 0.6183927059173584,
          "x": 0.7595036625862122,
          "y": 0.10462096333503723,
          "z": -0.17262417078018188
        },
        "matrix": [
          [
            0.918510913848877,
            0.37241917848587036,
            -0.13282187283039093,
            0.07702601701021194
          ],
          [
            -0.05457700788974762,
            -0.2132900357246399,
            -0.9754635691642761,
            0.05462484434247017
          ],
          [
            -0.39161360263824463,
            0.9032288193702698,
            -0.1755858212709427,
            1.5047107934951782
          ],
          [
            0.0,
            0.0,
            0.0,
            1.0
          ]
        ]
      },
      "bone_length_armature_space": 0.10252189733813932,
      "parent": "spine_01",
      "has_children": true,
      "is_end_bone": false
    },
    "head": {
      "name": "head",
      "local": {
        "location": {
          "x": 0.0,
          "y": 0.0,
          "z": 0.0
        },
        "rotation_quaternion": {
          "w": 0.9921094179153442,
          "x": -0.034671537578105927,
          "y": 0.09010568261146545,
          "z": -0.07998690754175186
        },
        "scale": {
          "x": 1.0,
          "y": 1.0,
          "z": 1.0
        },
        "matrix_basis": [
          [
            0.970966100692749,
            0.15246331691741943,
            0.18433593213558197,
            0.0
          ],
          [
            -0.16495972871780396,
            0.9847999811172485,
            0.054381366819143295,
            0.0
          ],
          [
            -0.17324285209178925,
            -0.08321046829223633,
            0.9813576936721802,
            0.0
          ],
          [
            0.0,
            0.0,
            0.0,
            1.0
          ]
        ],
        "rotation_mode": "QUATERNION"
      },
      "armature_space": {
        "head": {
          "x": 0.11520688235759735,
          "y": -0.03048606961965561,
          "z": 0.6474569439888
        },
        "tail": {
          "x": 0.19710761308670044,
          "y": 0.004375677555799484,
          "z": 0.7744614481925964
        }
      },
      "world_space": {
        "head": {
          "x": 0.11520688235759735,
          "y": 0.03275793045759201,
          "z": 1.597311019897461
        },
        "tail": {
          "x": 0.19710761308670044,
          "y": 0.0676196813583374,
          "z": 1.7243154048919678
        },
        "rotation_quaternion": {
          "w": 0.7396947741508484,
          "x": 0.6046985387802124,
          "y": 0.25542643666267395,
          "z": -0.14815068244934082
        },
        "matrix": [
          [
            0.8256179094314575,
            0.5280844569206238,
            0.19870054721832275,
            0.11520688235759735
          ],
          [
            0.08973650634288788,
            0.22478365898132324,
            -0.9702681303024292,
            0.03275793045759201
          ],
          [
            -0.5570517778396606,
            0.8189072012901306,
            0.13819700479507446,
            1.597311019897461
          ],
          [
            0.0,
            0.0,
            0.0,
            1.0
          ]
        ]
      },
      "bone_length_armature_space": 0.1550909892056656,
      "parent": "neck_01",
      "has_children": false,
      "is_end_bone": true
    },
    "upperarm_l": {
      "name": "upperarm_l",
      "local": {
        "location": {
          "x": 0.0,
          "y": 0.0,
          "z": 0.0
        },
        "rotation_quaternion": {
          "w": 0.9293859601020813,
          "x": -0.05385245382785797,
          "y": 0.36354005336761475,
          "z": -0.034355342388153076
        },
        "scale": {
          "x": 1.0,
          "y": 1.0,
          "z": 1.0
        },
        "matrix_basis": [
          [
            0.7333166599273682,
            0.024703698232769966,
            0.6794382929801941,
            0.0
          ],
          [
            -0.1030137911438942,
            0.9918392300605774,
            0.07512034475803375,
            0.0
          ],
          [
            -0.6720377802848816,
            -0.12507851421833038,
            0.7298771142959595,
            0.0
          ],
          [
            0.0,
            0.0,
            0.0,
            1.0
          ]
        ],
        "rotation_mode": "QUATERNION"
      },
      "armature_space": {
        "head": {
          "x": 0.21650312840938568,
          "y": -0.005327943712472916,
          "z": 0.4678943455219269
        },
        "tail": {
          "x": 0.4729018807411194,
          "y": 0.0549488291144371,
          "z": 0.41855841875076294
        }
      },
      "world_space": {
        "head": {
          "x": 0.21650312840938568,
          "y": 0.057916056364774704,
          "z": 1.4177483320236206
        },
        "tail": {
          "x": 0.4729018807411194,
          "y": 0.11819282919168472,
          "z": 1.3684124946594238
        },
        "rotation_quaternion": {
          "w": 0.2550901770591736,
          "x": 0.5395796895027161,
          "y": 0.7398645877838135,
          "z": -0.31045639514923096
        },
        "matrix": [
          [
            -0.28756457567214966,
            0.9568209052085876,
            0.04243023693561554,
            0.21650312840938568
          ],
          [
            0.6400437951087952,
            0.2249389886856079,
            -0.7346745729446411,
            0.057916056364774704
          ],
          [
            -0.7125003933906555,
            -0.18411028385162354,
            -0.6770970225334167,
            1.4177483320236206
          ],
          [
            0.0,
            0.0,
            0.0,
            1.0
          ]
        ]
      },
      "bone_length_armature_space": 0.26796946223111495,
      "parent": "spine_01",
      "has_children": true,
      "is_end_bone": false
    },
    "lowerarm_l": {
      "name": "lowerarm_l",
      "local": {
        "location": {
          "x": 0.0,
          "y": 0.0,
          "z": 0.0
        },
        "rotation_quaternion": {
          "w": 0.9569394588470459,
          "x": -0.007392413914203644,
          "y": 0.060292258858680725,
          "z": -0.2838611304759979
        },
        "scale": {
          "x": 1.0,
          "y": 1.0,
          "z": 1.0
        },
        "matrix_basis": [
          [
            0.8315753936767578,
            0.5423844456672668,
            0.11958891898393631,
            0.0
          ],
          [
            -0.5441672205924988,
            0.8387364149093628,
            -0.02008107304573059,
            0.0
          ],
          [
            -0.11119524389505386,
            -0.048377443104982376,
            0.9926204085350037,
            0.0
          ],
          [
            0.0,
            0.0,
            0.0,
            1.0
          ]
        ],
        "rotation_mode": "QUATERNION"
      },
      "armature_space": {
        "head": {
          "x": 0.47290199995040894,
          "y": 0.05494873225688934,
          "z": 0.4185584485530853
        },
        "tail": {
          "x": 0.6589505076408386,
          "y": 0.1647363007068634,
          "z": 0.260753870010376
        }
      },
      "world_space": {
        "head": {
          "x": 0.47290199995040894,
          "y": 0.11819273233413696,
          "z": 1.3684124946594238
        },
        "tail": {
          "x": 0.6589505076408386,
          "y": 0.22798030078411102,
          "z": 1.210607886314392
        },
        "rotation_quaternion": {
          "w": 0.12506859004497528,
          "x": 0.3571491837501526,
          "y": 0.830391526222229,
          "z": -0.40896502137184143
        },
        "matrix": [
          [
            -0.7136039137840271,
            0.6954448223114014,
            -0.08441311120986938,
            0.47290199995040894
          ],
          [
            0.49085164070129395,
            0.41038328409194946,
            -0.7685379981994629,
            0.11819273233413696
          ],
          [
            -0.4998369812965393,
            -0.5898697376251221,
            -0.6342164874076843,
            1.3684124946594238
          ],
          [
            0.0,
            0.0,
            0.0,
            1.0
          ]
        ]
      },
      "bone_length_armature_space": 0.26752503244253045,
      "parent": "upperarm_l",
      "has_children": true,
      "is_end_bone": false
    },
    "metacarpal_thumb_l": {
      "name": "metacarpal_thumb_l",
      "local": {
        "location": {
          "x": 0.0,
          "y": 0.0,
          "z": 0.0
        },
        "rotation_quaternion": {
          "w": 0.9986649751663208,
          "x": -0.04878227412700653,
          "y": 0.007055853959172964,
          "z": 0.015456321649253368
        },
        "scale": {
          "x": 1.0,
          "y": 1.0,
          "z": 1.0
        },
        "matrix_basis": [
          [
            0.9994226098060608,
            -0.0315597765147686,
            0.01258487906306982,
            0.0
          ],
          [
            0.03018297255039215,
            0.9947627782821655,
            0.09765241295099258,
            0.0
          ],
          [
            -0.015600857324898243,
            -0.0972161814570427,
            0.9951410293579102,
            0.0
          ],
          [
            0.0,
            0.0,
            0.0,
            1.0
          ]
        ],
        "rotation_mode": "QUATERNION"
      },
      "armature_space": {
        "head": {
          "x": 0.6589505076408386,
          "y": 0.1647363007068634,
          "z": 0.260753870010376
        },
        "tail": {
          "x": 0.6804061532020569,
          "y": 0.15927888453006744,
          "z": 0.21644267439842224
        }
      },
      "world_space": {
        "head": {
          "x": 0.6589505076408386,
          "y": 0.22798030078411102,
          "z": 1.210607886314392
        },
        "tail": {
          "x": 0.6804061532020569,
          "y": 0.22252288460731506,
          "z": 1.1662967205047607
        },
        "rotation_quaternion": {
          "w": 0.47600314021110535,
          "x": -0.7059933543205261,
          "y": -0.46726086735725403,
          "z": 0.23803724348545074
        },
        "matrix": [
          [
            0.45000866055488586,
            0.43315306305885315,
            -0.7809418439865112,
            0.6589505076408386
          ],
          [
            0.8863804936408997,
            -0.11017588526010513,
            0.4496569037437439,
            0.22798030078411102
          ],
          [
            0.1087309718132019,
            -0.8945671916007996,
            -0.4335211515426636,
            1.210607886314392
          ],
          [
            0.0,
            0.0,
            0.0,
            1.0
          ]
        ]
      },
      "bone_length_armature_space": 0.04953392891404691,
      "parent": "lowerarm_l",
      "has_children": true,
      "is_end_bone": false
    },
    "thumb_01_l": {
      "name": "thumb_01_l",
      "local": {
        "location": {
          "x": 0.0,
          "y": 0.0,
          "z": 0.0
        },
        "rotation_quaternion": {
          "w": 0.9982790946960449,
          "x": -0.0549476221203804,
          "y": 0.0176010150462389,
          "z": 0.010480598546564579
        },
        "scale": {
          "x": 1.0,
          "y": 1.0,
          "z": 1.0
        },
        "matrix_basis": [
          [
            0.9991607069969177,
            -0.022859392687678337,
            0.03398968279361725,
            0.0
          ],
          [
            0.018990857526659966,
            0.9937418103218079,
            0.11007506400346756,
            0.0
          ],
          [
            -0.03629321977496147,
            -0.10933718830347061,
            0.9933419227600098,
            0.0
          ],
          [
            0.0,
            0.0,
            0.0,
            1.0
          ]
        ],
        "rotation_mode": "QUATERNION"
      },
      "armature_space": {
        "head": {
          "x": 0.6804061532020569,
          "y": 0.15927888453006744,
          "z": 0.21644267439842224
        },
        "tail": {
          "x": 0.6664557456970215,
          "y": 0.16137738525867462,
          "z": 0.18546491861343384
        }
      },
      "world_space": {
        "head": {
          "x": 0.6804061532020569,
          "y": 0.22252288460731506,
          "z": 1.1662967205047607
        },
        "tail": {
          "x": 0.6664557456970215,
          "y": 0.22462138533592224,
          "z": 1.1353189945220947
        },
        "rotation_quaternion": {
          "w": 0.6634914875030518,
          "x": -0.6849606037139893,
          "y": 0.30100589990615845,
          "z": -0.0018944819457828999
        },
        "matrix": [
          [
            0.8187822699546814,
            -0.40984034538269043,
            0.4020271301269531,
            0.6804061532020569
          ],
          [
            -0.414870947599411,
            0.061650656163692474,
            0.9077894687652588,
            0.22252288460731506
          ],
          [
            -0.3968368172645569,
            -0.9100776314735413,
            -0.11955233663320541,
            1.1662967205047607
          ],
          [
            0.0,
            0.0,
            0.0,
            1.0
          ]
        ]
      },
      "bone_length_armature_space": 0.03403878531188017,
      "parent": "metacarpal_thumb_l",
      "has_children": true,
      "is_end_bone": false
    },
    "thumb_02_l": {
      "name": "thumb_02_l",
      "local": {
        "location": {
          "x": 0.0,
          "y": 0.0,
          "z": 0.0
        },
        "rotation_quaternion": {
          "w": 0.992196261882782,
          "x": 0.12441091239452362,
          "y": 0.007901911623775959,
          "z": -0.002452696207910776
        },
        "scale": {
          "x": 1.0,
          "y": 1.0,
          "z": 1.0
        },
        "matrix_basis": [
          [
            0.9998630881309509,
            0.006833279971033335,
            0.015070210210978985,
            0.0
          ],
          [
            -0.002900943858548999,
            0.969031810760498,
            -0.24691884219646454,
            0.0
          ],
          [
            -0.016290778294205666,
            0.24684132635593414,
            0.9689189791679382,
            0.0
          ],
          [
            0.0,
            0.0,
            0.0,
            1.0
          ]
        ],
        "rotation_mode": "QUATERNION"
      },
      "armature_space": {
        "head": {
          "x": 0.6664557456970215,
          "y": 0.16137735545635223,
          "z": 0.18546494841575623
        },
        "tail": {
          "x": 0.6956707239151001,
          "y": 0.17551124095916748,
          "z": 0.16180263459682465
        }
      },
      "world_space": {
        "head": {
          "x": 0.6664557456970215,
          "y": 0.22462135553359985,
          "z": 1.1353189945220947
        },
        "tail": {
          "x": 0.6956707239151001,
          "y": 0.2387552410364151,
          "z": 1.111656665802002
        },
        "rotation_quaternion": {
          "w": 0.7904791235923767,
          "x": -0.22285708785057068,
          "y": 0.22603857517242432,
          "z": -0.5238168835639954
        },
        "matrix": [
          [
            0.34904325008392334,
            0.7273843884468079,
            0.5908300876617432,
            0.6664557456970215
          ],
          [
            -0.9288817644119263,
            0.3519006371498108,
            0.11552038788795471,
            0.22462135553359985
          ],
          [
            -0.12388735264539719,
            -0.5891364216804504,
            0.798488438129425,
            1.1353189945220947
          ],
          [
            0.0,
            0.0,
            0.0,
            1.0
          ]
        ]
      },
      "bone_length_armature_space": 0.040164495895474196,
      "parent": "thumb_01_l",
      "has_children": true,
      "is_end_bone": false
    },
    "thumb_03_l": {
      "name": "thumb_03_l",
      "local": {
        "location": {
          "x": 0.0,
          "y": 0.0,
          "z": 0.0
        },
        "rotation_quaternion": {
          "w": 0.9970027208328247,
          "x": 0.07695244252681732,
          "y": 0.0010363415349274874,
          "z": -0.007932893931865692
        },
        "scale": {
          "x": 1.0,
          "y": 1.0,
          "z": 1.0
        },
        "matrix_basis": [
          [
            0.9998719692230225,
            0.015977730974555016,
            0.0008455595234408975,
            0.0
          ],
          [
            -0.01565873622894287,
            0.9880307912826538,
            -0.15346002578735352,
            0.0
          ],
          [
            -0.003287381725385785,
            0.1534271538257599,
            0.9881544709205627,
            0.0
          ],
          [
            0.0,
            0.0,
            0.0,
            1.0
          ]
        ],
        "rotation_mode": "QUATERNION"
      },
      "armature_space": {
        "head": {
          "x": 0.6956706047058105,
          "y": 0.1755111664533615,
          "z": 0.16180260479450226
        },
        "tail": {
          "x": 0.7221701741218567,
          "y": 0.18910960853099823,
          "z": 0.15549810230731964
        }
      },
      "world_space": {
        "head": {
          "x": 0.6956706047058105,
          "y": 0.23875516653060913,
          "z": 1.111656665802002
        },
        "tail": {
          "x": 0.7221701741218567,
          "y": 0.25235360860824585,
          "z": 1.1053521633148193
        },
        "rotation_quaternion": {
          "w": 0.7998061180114746,
          "x": 0.059519048780202866,
          "y": 0.28920525312423706,
          "z": -0.5226165652275085
        },
        "matrix": [
          [
            0.2864636480808258,
            0.8704110383987427,
            0.4004032611846924,
            0.6956706047058105
          ],
          [
            -0.8015576601028442,
            0.44665759801864624,
            -0.3974955081939697,
            0.23875516653060913
          ],
          [
            -0.5248318314552307,
            -0.20707903802394867,
            0.8256412148475647,
            1.111656665802002
          ],
          [
            0.0,
            0.0,
            0.0,
            1.0
          ]
        ]
      },
      "bone_length_armature_space": 0.030444893826127667,
      "parent": "thumb_02_l",
      "has_children": false,
      "is_end_bone": true
    },
    "metacarpal_index_l": {
      "name": "metacarpal_index_l",
      "local": {
        "location": {
          "x": 0.0,
          "y": 0.0,
          "z": 0.0
        },
        "rotation_quaternion": {
          "w": 0.9999540448188782,
          "x": 0.0039009321480989456,
          "y": 0.00280246720649302,
          "z": 0.008303171955049038
        },
        "scale": {
          "x": 1.0,
          "y": 1.0,
          "z": 1.0
        },
        "matrix_basis": [
          [
            0.9998463988304138,
            -0.016583716496825218,
            0.005669456906616688,
            0.0
          ],
          [
            0.016627445816993713,
            0.9998316764831543,
            -0.0077549670822918415,
            0.0
          ],
          [
            -0.005539896432310343,
            0.007848044857382774,
            0.9999538660049438,
            0.0
          ],
          [
            0.0,
            0.0,
            0.0,
            1.0
          ]
        ],
        "rotation_mode": "QUATERNION"
      },
      "armature_space": {
        "head": {
          "x": 0.6589505076408386,
          "y": 0.1647363007068634,
          "z": 0.260753870010376
        },
        "tail": {
          "x": 0.7288604974746704,
          "y": 0.18388588726520538,
          "z": 0.168692946434021
        }
      },
      "world_space": {
        "head": {
          "x": 0.6589505076408386,
          "y": 0.22798030078411102,
          "z": 1.210607886314392
        },
        "tail": {
          "x": 0.7288604974746704,
          "y": 0.247129887342453,
          "z": 1.118546962738037
        },
        "rotation_quaternion": {
          "w": 0.3018963634967804,
          "x": -0.5630685687065125,
          "y": -0.7004108428955078,
          "z": 0.3181779980659485
        },
        "matrix": [
          [
            -0.18362221121788025,
            0.5966455340385437,
            -0.7812147736549377,
            0.6589505076408386
          ],
          [
            0.9808727502822876,
            0.1634318083524704,
            -0.10573162883520126,
            0.22798030078411102
          ],
          [
            0.0645924061536789,
            -0.7856921553611755,
            -0.6152474880218506,
            1.210607886314392
          ],
          [
            0.0,
            0.0,
            0.0,
            1.0
          ]
        ]
      },
      "bone_length_armature_space": 0.1171722095418421,
      "parent": "lowerarm_l",
      "has_children": true,
      "is_end_bone": false
    },
    "index_01_l": {
      "name": "index_01_l",
      "local": {
        "location": {
          "x": 0.0,
          "y": 0.0,
          "z": 0.0
        },
        "rotation_quaternion": {
          "w": 0.9893490076065063,
          "x": -0.14321428537368774,
          "y": 0.013962000608444214,
          "z": -0.021987535059452057
        },
        "scale": {
          "x": 1.0,
          "y": 1.0,
          "z": 1.0
        },
        "matrix_basis": [
          [
            0.9986432194709778,
            0.03950757533311844,
            0.033924441784620285,
            0.0
          ],
          [
            -0.047505807131528854,
            0.9580124616622925,
            0.28276383876800537,
            0.0
          ],
          [
            -0.021328724920749664,
            -0.28399181365966797,
            0.9585894346237183,
            0.0
          ],
          [
            0.0,
            0.0,
            0.0,
            1.0
          ]
        ],
        "rotation_mode": "QUATERNION"
      },
      "armature_space": {
        "head": {
          "x": 0.7288604974746704,
          "y": 0.18388588726520538,
          "z": 0.168692946434021
        },
        "tail": {
          "x": 0.750474214553833,
          "y": 0.19885213673114777,
          "z": 0.15765084326267242
        }
      },
      "world_space": {
        "head": {
          "x": 0.7288604974746704,
          "y": 0.247129887342453,
          "z": 1.118546962738037
        },
        "tail": {
          "x": 0.750474214553833,
          "y": 0.2620961368083954,
          "z": 1.1075048446655273
        },
        "rotation_quaternion": {
          "w": 0.2751607298851013,
          "x": -0.4818081557750702,
          "y": -0.828685998916626,
          "z": 0.07366861402988434
        },
        "matrix": [
          [
            -0.3842938244342804,
            0.7579948306083679,
            -0.5270309448242188,
            0.7288604974746704
          ],
          [
            0.8390772938728333,
            0.5248669981956482,
            0.14305466413497925,
            0.247129887342453
          ],
          [
            0.3850592076778412,
            -0.3872467875480652,
            -0.8377249240875244,
            1.118546962738037
          ],
          [
            0.0,
            0.0,
            0.0,
            1.0
          ]
        ]
      },
      "bone_length_armature_space": 0.02851437252479265,
      "parent": "metacarpal_index_l",
      "has_children": true,
      "is_end_bone": false
    },
    "index_02_l": {
      "name": "index_02_l",
      "local": {
        "location": {
          "x": 0.0,
          "y": 0.0,
          "z": 0.0
        },
        "rotation_quaternion": {
          "w": 0.9983295202255249,
          "x": 0.05725225806236267,
          "y": -0.0077638207003474236,
          "z": -0.00023038871586322784
        },
        "scale": {
          "x": 1.0,
          "y": 1.0,
          "z": 1.0
        },
        "matrix_basis": [
          [
            0.9998793601989746,
            -0.0004289848147891462,
            -0.01552808377891779,
            0.0
          ],
          [
            -0.001349000260233879,
            0.9934442639350891,
            -0.11430966109037399,
            0.0
          ],
          [
            0.015475322492420673,
            0.11431681364774704,
            0.993323802947998,
            0.0
          ],
          [
            0.0,
            0.0,
            0.0,
            1.0
          ]
        ],
        "rotation_mode": "QUATERNION"
      },
      "armature_space": {
        "head": {
          "x": 0.7504744529724121,
          "y": 0.19885218143463135,
          "z": 0.15765033662319183
        },
        "tail": {
          "x": 0.7685486078262329,
          "y": 0.21305881440639496,
          "z": 0.14626666903495789
        }
      },
      "world_space": {
        "head": {
          "x": 0.7504744529724121,
          "y": 0.2620961666107178,
          "z": 1.1075043678283691
        },
        "tail": {
          "x": 0.7685486078262329,
          "y": 0.2763028144836426,
          "z": 1.0961207151412964
        },
        "rotation_quaternion": {
          "w": 0.260398268699646,
          "x": -0.45619913935661316,
          "y": -0.8420748710632324,
          "z": 0.12241358309984207
        },
        "matrix": [
          [
            -0.448149174451828,
            0.704555869102478,
            -0.5502389669418335,
            0.7504744529724121
          ],
          [
            0.8320608139038086,
            0.5537941455841064,
            0.03142552077770233,
            0.2620961666107178
          ],
          [
            0.3268631398677826,
            -0.44375136494636536,
            -0.8344213962554932,
            1.1075043678283691
          ],
          [
            0.0,
            0.0,
            0.0,
            1.0
          ]
        ]
      },
      "bone_length_armature_space": 0.025653291717701997,
      "parent": "index_01_l",
      "has_children": true,
      "is_end_bone": false
    },
    "index_03_l": {
      "name": "index_03_l",
      "local": {
        "location": {
          "x": 0.0,
          "y": 0.0,
          "z": 0.0
        },
        "rotation_quaternion": {
          "w": 0.9995818138122559,
          "x": 0.027869263663887978,
          "y": 0.0067263394594192505,
          "z": -0.00378888426348567
        },
        "scale": {
          "x": 1.0,
          "y": 1.0,
          "z": 1.0
        },
        "matrix_basis": [
          [
            0.9998807907104492,
            0.00794951617717743,
            0.013235866092145443,
            0.0
          ],
          [
            -0.007199683226644993,
            0.9984179139137268,
            -0.055766187608242035,
            0.0
          ],
          [
            -0.01365824043750763,
            0.05566424876451492,
            0.9983561038970947,
            0.0
          ],
          [
            0.0,
            0.0,
            0.0,
            1.0
          ]
        ],
        "rotation_mode": "QUATERNION"
      },
      "armature_space": {
        "head": {
          "x": 0.7685486674308777,
          "y": 0.21305878460407257,
          "z": 0.14626677334308624
        },
        "tail": {
          "x": 0.7851841449737549,
          "y": 0.23160509765148163,
          "z": 0.13100148737430573
        }
      },
      "world_space": {
        "head": {
          "x": 0.7685486674308777,
          "y": 0.2763027846813202,
          "z": 1.096120834350586
        },
        "tail": {
          "x": 0.7851841449737549,
          "y": 0.29484909772872925,
          "z": 1.0808554887771606
        },
        "rotation_quaternion": {
          "w": 0.33344006538391113,
          "x": -0.39923882484436035,
          "y": -0.8403504490852356,
          "z": 0.15243805944919586
        },
        "matrix": [
          [
            -0.458851158618927,
            0.5693442225456238,
            -0.6821305751800537,
            0.7685486674308777
          ],
          [
            0.7726596593856812,
            0.6347416639328003,
            0.010043129324913025,
            0.2763027846813202
          ],
          [
            0.4386983811855316,
            -0.5224493741989136,
            -0.7311663031578064,
            1.096120834350586
          ],
          [
            0.0,
            0.0,
            0.0,
            1.0
          ]
        ]
      },
      "bone_length_armature_space": 0.029218723447234283,
      "parent": "index_02_l",
      "has_children": false,
      "is_end_bone": true
    },
    "metacarpal_pinky_l": {
      "name": "metacarpal_pinky_l",
      "local": {
        "location": {
          "x": 0.0,
          "y": 0.0,
          "z": 0.0
        },
        "rotation_quaternion": {
          "w": 0.9995908737182617,
          "x": 0.02829868346452713,
          "y": 0.003444873495027423,
          "z": 0.002362258033826947
        },
        "scale": {
          "x": 1.0,
          "y": 1.0,
          "z": 1.0
        },
        "matrix_basis": [
          [
            0.9999651312828064,
            -0.004527612589299679,
            0.007020625751465559,
            0.0
          ],
          [
            0.0049175540916621685,
            0.9983872175216675,
            -0.05655793473124504,
            0.0
          ],
          [
            -0.006753230467438698,
            0.056590486317873,
            0.9983746409416199,
            0.0
          ],
          [
            0.0,
            0.0,
            0.0,
            1.0
          ]
        ],
        "rotation_mode": "QUATERNION"
      },
      "armature_space": {
        "head": {
          "x": 0.6589505076408386,
          "y": 0.1647363007068634,
          "z": 0.260753870010376
        },
        "tail": {
          "x": 0.7344146370887756,
          "y": 0.2264074981212616,
          "z": 0.22407883405685425
        }
      },
      "world_space": {
        "head": {
          "x": 0.6589505076408386,
          "y": 0.22798030078411102,
          "z": 1.210607886314392
        },
        "tail": {
          "x": 0.7344146370887756,
          "y": 0.2896515130996704,
          "z": 1.1739327907562256
        },
        "rotation_quaternion": {
          "w": 0.6722822189331055,
          "x": 0.11830560863018036,
          "y": 0.586652934551239,
          "z": -0.43575096130371094
        },
        "matrix": [
          [
            -0.06808196753263474,
            0.7247053980827332,
            0.6856869459152222,
            0.6589505076408386
          ],
          [
            -0.44708701968193054,
            0.5922476649284363,
            -0.6703404784202576,
            0.22798030078411102
          ],
          [
            -0.8919024467468262,
            -0.3522017300128937,
            0.28368622064590454,
            1.210607886314392
          ],
          [
            0.0,
            0.0,
            0.0,
            1.0
          ]
        ]
      },
      "bone_length_armature_space": 0.10413082979078962,
      "parent": "lowerarm_l",
      "has_children": true,
      "is_end_bone": false
    },
    "pinky_01_l": {
      "name": "pinky_01_l",
      "local": {
        "location": {
          "x": 0.0,
          "y": 0.0,
          "z": 0.0
        },
        "rotation_quaternion": {
          "w": 0.9927324056625366,
          "x": -0.11813139170408249,
          "y": -0.010019221343100071,
          "z": 0.020667945966124535
        },
        "scale": {
          "x": 1.0,
          "y": 1.0,
          "z": 1.0
        },
        "matrix_basis": [
          [
            0.998944878578186,
            -0.03866831213235855,
            -0.024775877594947815,
            0.0
          ],
          [
            0.04340264946222305,
            0.9712356328964233,
            0.2341315746307373,
            0.0
          ],
          [
            0.01500974502414465,
            -0.23495987057685852,
            0.9718891978263855,
            0.0
          ],
          [
            0.0,
            0.0,
            0.0,
            1.0
          ]
        ],
        "rotation_mode": "QUATERNION"
      },
      "armature_space": {
        "head": {
          "x": 0.7344146370887756,
          "y": 0.2264074981212616,
          "z": 0.22407883405685425
        },
        "tail": {
          "x": 0.7538126707077026,
          "y": 0.23461072146892548,
