{
  "metadata": {
    "armature_name": "KIM_caucasian_male",
    "export_time": "2026-01-13T20:55:56.974146",
    "blender_version": "4.4.1",
    "bone_count": 56,
    "end_bone_count": 13,
    "spaces_included": [
      "LOCAL_CHANNELS",
      "ARMATURE_SPACE",
      "WORLD_SPACE"
    ],
    "note": "LOCAL matches Transform panel; replay pose via local.matrix_basis for best fidelity."
  },
  "bones": {
    "Root": {
      "name": "Root",
      "local": {
        "location": {
          "x": 0.0,
          "y": 0.0,
          "z": 0.0
        },
        "rotation_quaternion": {
          "w": 0.9998635053634644,
          "x": 0.013041658326983452,
          "y": 0.009466513060033321,
          "z": 0.003660763381049037
        },
        "scale": {
          "x": 1.0,
          "y": 1.0,
          "z": 1.0
        },
        "matrix_basis": [
          [
            0.9997939467430115,
            -0.007073609158396721,
            0.019025927409529686,
            0.0
          ],
          [
            0.007567445281893015,
            0.9996330142021179,
            -0.02601044625043869,
            0.0
          ],
          [
            -0.018834957852959633,
            0.026149066165089607,
            0.9994806051254272,
            0.0
          ],
          [
            0.0,
            0.0,
            0.0,
            1.0
          ]
        ],
        "rotation_mode": "QUATERNION"
      },
      "armature_space": {
        "head": {
          "x": 0.0,
          "y": 0.07072800397872925,
          "z": -0.009595036506652832
        },
        "tail": {
          "x": -0.0005048849852755666,
          "y": -0.0002249404788017273,
          "z": -0.0018530059605836868
        }
      },
      "world_space": {
        "head": {
          "x": 0.0,
          "y": 0.13397200405597687,
          "z": 0.9402589797973633
        },
        "tail": {
          "x": -0.0005048849852755666,
          "y": 0.06301905959844589,
          "z": 0.9480010271072388
        },
        "rotation_quaternion": {
          "w": 0.05434643477201462,
          "x": 0.998470664024353,
          "y": -0.0030147088691592216,
          "z": 0.009691626764833927
        },
        "matrix": [
          [
            0.9997939467430115,
            -0.007073609158396721,
            0.019025927409529686,
            0.0
          ],
          [
            -0.004966779612004757,
            -0.9940747022628784,
            -0.10858551412820816,
            0.13397200405597687
          ],
          [
            0.01968141831457615,
            0.10846845805644989,
            -0.9939121007919312,
            0.9402589797973633
          ],
          [
            0.0,
            0.0,
            0.0,
            1.0
          ]
        ]
      },
      "bone_length_armature_space": 0.07137586754518678,
      "parent": null,
      "has_children": true,
      "is_end_bone": false
    },
    "spine_01": {
      "name": "spine_01",
      "local": {
        "location": {
          "x": 0.0,
          "y": 0.0,
          "z": 0.0
        },
        "rotation_quaternion": {
          "w": 0.996023416519165,
          "x": 0.03237685561180115,
          "y": 0.04131091386079788,
          "z": 0.07199010252952576
        },
        "scale": {
          "x": 1.0,
          "y": 1.0,
          "z": 1.0
        },
        "matrix_basis": [
          [
            0.9862216711044312,
            -0.14073261618614197,
            0.08695489913225174,
            0.0
          ],
          [
            0.14608268439769745,
            0.9875383377075195,
            -0.05854826048016548,
            0.0
          ],
          [
            -0.07763165235519409,
            0.07044416666030884,
            0.9944902658462524,
            0.0
          ],
          [
            0.0,
            0.0,
            0.0,
            1.0
          ]
        ],
        "rotation_mode": "QUATERNION"
      },
      "armature_space": {
        "head": {
          "x": -0.0005048849852755666,
          "y": -0.0002249404788017273,
          "z": -0.0018530059605836868
        },
        "tail": {
          "x": -0.07878642529249191,
          "y": -0.024268992245197296,
          "z": 0.47923150658607483
        }
      },
      "world_space": {
        "head": {
          "x": -0.0005048849852755666,
          "y": 0.06301905959844589,
          "z": 0.9480010271072388
        },
        "tail": {
          "x": -0.07878642529249191,
          "y": 0.038975007832050323,
          "z": 1.4290854930877686
        },
        "rotation_quaternion": {
          "w": 0.688838541507721,
          "x": 0.7192283868789673,
          "y": -0.02943064644932747,
          "z": 0.08570794016122818
        },
        "matrix": [
          [
            0.9835760593414307,
            -0.16041257977485657,
            0.08274013549089432,
            -0.0005048849852755666
          ],
          [
            0.07574206590652466,
            -0.049270473420619965,
            -0.9959093928337097,
            0.06301905959844589
          ],
          [
            0.16383427381515503,
            0.9858264923095703,
            -0.03631245717406273,
            0.9480010271072388
          ],
          [
            0.0,
            0.0,
            0.0,
            1.0
          ]
        ]
      },
      "bone_length_armature_space": 0.48800454196829823,
      "parent": "Root",
      "has_children": true,
      "is_end_bone": false
    },
    "neck_01": {
      "name": "neck_01",
      "local": {
        "location": {
          "x": 0.0,
          "y": 0.0,
          "z": 0.0
        },
        "rotation_quaternion": {
          "w": 0.9938716292381287,
          "x": -0.026502156630158424,
          "y": -0.09362372010946274,
          "z": -0.052454374730587006
        },
        "scale": {
          "x": 1.0,
          "y": 1.0,
          "z": 1.0
        },
        "matrix_basis": [
          [
            0.9769662618637085,
            0.10922829061746597,
            -0.18331961333751678,
            0.0
          ],
          [
            -0.09930337220430374,
            0.9930923581123352,
            0.06250143051147461,
            0.0
          ],
          [
            0.18888022005558014,
            -0.04285753518342972,
            0.98106449842453,
            0.0
          ],
          [
            0.0,
            0.0,
            0.0,
            1.0
          ]
        ],
        "rotation_mode": "QUATERNION"
      },
      "armature_space": {
        "head": {
          "x": -0.08766211569309235,
          "y": -0.06241507828235626,
          "z": 0.5501528978347778
        },
        "tail": {
          "x": -0.08914899826049805,
          "y": -0.10077939927577972,
          "z": 0.6452145576477051
        }
      },
      "world_space": {
        "head": {
          "x": -0.08766211569309235,
          "y": 0.0008289217948913574,
          "z": 1.500006914138794
        },
        "tail": {
          "x": -0.08914899826049805,
          "y": -0.037535399198532104,
          "z": 1.5950685739517212
        },
        "rotation_quaternion": {
          "w": 0.5589669942855835,
          "x": 0.8287104368209839,
          "y": -0.02124982513487339,
          "z": -0.01853129081428051
        },
        "matrix": [
          [
            0.9984101057052612,
            -0.014503169804811478,
            -0.05447007715702057,
            -0.08766211569309235
          ],
          [
            -0.055936723947525024,
            -0.3742082118988037,
            -0.925656259059906,
            0.0008289217948913574
          ],
          [
            -0.00695829838514328,
            0.9272375106811523,
            -0.37442803382873535,
            1.500006914138794
          ],
          [
            0.0,
            0.0,
            0.0,
            1.0
          ]
        ]
      },
      "bone_length_armature_space": 0.10252195272117491,
      "parent": "spine_01",
      "has_children": true,
      "is_end_bone": false
    },
    "head": {
      "name": "head",
      "local": {
        "location": {
          "x": 0.0,
          "y": 0.0,
          "z": 0.0
        },
        "rotation_quaternion": {
          "w": 0.9776595830917358,
          "x": -0.07974066585302353,
          "y": -0.10238583385944366,
          "z": 0.16534923017024994
        },
        "scale": {
          "x": 1.0,
          "y": 1.0,
          "z": 1.0
        },
        "matrix_basis": [
          [
            0.9243535399436951,
            -0.3069818913936615,
            -0.2265671044588089,
            0.0
          ],
          [
            0.33963915705680847,
            0.9326021075248718,
            0.12205961346626282,
            0.0
          ],
          [
            0.17382687330245972,
            -0.18977728486061096,
            0.9663171172142029,
            0.0
          ],
          [
            0.0,
            0.0,
            0.0,
            1.0
          ]
        ],
        "rotation_mode": "QUATERNION"
      },
      "armature_space": {
        "head": {
          "x": -0.08914900571107864,
          "y": -0.10077951848506927,
          "z": 0.6452143788337708
        },
        "tail": {
          "x": -0.13413628935813904,
          "y": -0.0706540197134018,
          "z": 0.7905480861663818
        }
      },
      "world_space": {
        "head": {
          "x": -0.08914900571107864,
          "y": -0.037535518407821655,
          "z": 1.5950684547424316
        },
        "tail": {
          "x": -0.13413628935813904,
          "y": -0.007410019636154175,
          "z": 1.740402102470398
        },
        "rotation_quaternion": {
          "w": 0.7447575926780701,
          "x": 0.6344359517097473,
          "y": -0.2060536891222,
          "z": 0.019211679697036743
        },
        "matrix": [
          [
            0.9143462181091309,
            -0.2900716960430145,
            -0.2825414538383484,
            -0.08914900571107864
          ],
          [
            -0.23283778131008148,
            0.19424498081207275,
            -0.952919602394104,
            -0.037535518407821655
          ],
          [
            0.3312993347644806,
            0.9370914697647095,
            0.11006738990545273,
            1.5950684547424316
          ],
          [
            0.0,
            0.0,
            0.0,
            1.0
          ]
        ]
      },
      "bone_length_armature_space": 0.15509122152422458,
      "parent": "neck_01",
      "has_children": false,
      "is_end_bone": true
    },
    "upperarm_l": {
      "name": "upperarm_l",
      "local": {
        "location": {
          "x": 0.0,
          "y": 0.0,
          "z": 0.0
        },
        "rotation_quaternion": {
          "w": 0.7883381843566895,
          "x": -0.36440643668174744,
          "y": 0.40476417541503906,
          "z": -0.2861767113208771
        },
        "scale": {
          "x": 1.0,
          "y": 1.0,
          "z": 1.0
        },
        "matrix_basis": [
          [
            0.5085377097129822,
            0.15621072053909302,
            0.8467513918876648,
            0.0
          ],
          [
            -0.7462053894996643,
            0.57062166929245,
            0.34288284182548523,
            0.0
          ],
          [
            -0.4296128451824188,
            -0.8062191605567932,
            0.40674781799316406,
            0.0
          ],
          [
            0.0,
            0.0,
            0.0,
            1.0
          ]
        ],
        "rotation_mode": "QUATERNION"
      },
      "armature_space": {
        "head": {
          "x": 0.07091912627220154,
          "y": -0.05091848969459534,
          "z": 0.508357048034668
        },
        "tail": {
          "x": 0.19997581839561462,
          "y": 0.18380071222782135,
          "z": 0.5006826519966125
        }
      },
      "world_space": {
        "head": {
          "x": 0.07091912627220154,
          "y": 0.012325510382652283,
          "z": 1.458211064338684
        },
        "tail": {
          "x": 0.19997581839561462,
          "y": 0.24704471230506897,
          "z": 1.4505367279052734
        },
        "rotation_quaternion": {
          "w": 0.2951269745826721,
          "x": 0.2323097139596939,
          "y": 0.92242032289505,
          "z": -0.0898507833480835
        },
        "matrix": [
          [
            -0.7178645730018616,
            0.4816097617149353,
            0.502715528011322,
            0.07091912627220154
          ],
          [
            0.37553972005844116,
            0.8759178519248962,
            -0.3028831481933594,
            0.012325510382652283
          ],
          [
            -0.5862125158309937,
            -0.028639059513807297,
            -0.8096597790718079,
            1.458211064338684
          ],
          [
            0.0,
            0.0,
            0.0,
            1.0
          ]
        ]
      },
      "bone_length_armature_space": 0.2679694535084739,
      "parent": "spine_01",
      "has_children": true,
      "is_end_bone": false
    },
    "lowerarm_l": {
      "name": "lowerarm_l",
      "local": {
        "location": {
          "x": 0.0,
          "y": 0.0,
          "z": 0.0
        },
        "rotation_quaternion": {
          "w": 0.9728877544403076,
          "x": 0.20206542313098907,
          "y": -0.04634910076856613,
          "z": -0.10252268612384796
        },
        "scale": {
          "x": 1.0,
          "y": 1.0,
          "z": 1.0
        },
        "matrix_basis": [
          [
            0.9746817350387573,
            0.18075503408908844,
            -0.13161753118038177,
            0.0
          ],
          [
            -0.21821723878383636,
            0.8973173499107361,
            -0.38367027044296265,
            0.0
          ],
          [
            0.04875236377120018,
            0.40267762541770935,
            0.9140426516532898,
            0.0
          ],
          [
            0.0,
            0.0,
            0.0,
            1.0
          ]
        ],
        "rotation_mode": "QUATERNION"
      },
      "armature_space": {
        "head": {
          "x": 0.19997596740722656,
          "y": 0.18380074203014374,
          "z": 0.5006826519966125
        },
        "tail": {
          "x": 0.3684760630130768,
          "y": 0.34613037109375,
          "z": 0.3709661364555359
        }
      },
      "world_space": {
        "head": {
          "x": 0.19997596740722656,
          "y": 0.24704474210739136,
          "z": 1.4505367279052734
        },
        "tail": {
          "x": 0.3684760630130768,
          "y": 0.4093743562698364,
          "z": 1.3208200931549072
        },
        "rotation_quaternion": {
          "w": 0.3085736036300659,
          "x": 0.2367573231458664,
          "y": 0.8415310978889465,
          "z": -0.37490496039390564
        },
        "matrix": [
          [
            -0.6974568963050842,
            0.6298492550849915,
            0.3418247103691101,
            0.19997596740722656
          ],
          [
            0.16710709035396576,
            0.6067842245101929,
            -0.7771024703979492,
            0.24704474210739136
          ],
          [
            -0.6968758702278137,
            -0.48487722873687744,
            -0.5284624099731445,
            1.4505367279052734
          ],
          [
            0.0,
            0.0,
            0.0,
            1.0
          ]
        ]
      },
      "bone_length_armature_space": 0.26752488448919687,
      "parent": "upperarm_l",
      "has_children": true,
      "is_end_bone": false
    },
    "metacarpal_thumb_l": {
      "name": "metacarpal_thumb_l",
      "local": {
        "location": {
          "x": 0.0,
          "y": 0.0,
          "z": 0.0
        },
        "rotation_quaternion": {
          "w": 0.9997654557228088,
          "x": 0.01233435794711113,
          "y": -0.012904505245387554,
          "z": 0.012266768142580986
        },
        "scale": {
          "x": 1.0,
          "y": 1.0,
          "z": 1.0
        },
        "matrix_basis": [
          [
            0.9993659853935242,
            -0.024846119806170464,
            -0.025500351563096046,
            0.0
          ],
          [
            0.02420944534242153,
            0.9993947744369507,
            -0.024979522451758385,
            0.0
          ],
          [
            0.02610556222498417,
            0.024346336722373962,
            0.9993626475334167,
            0.0
          ],
          [
            0.0,
            0.0,
            0.0,
            1.0
          ]
        ],
        "rotation_mode": "QUATERNION"
      },
      "armature_space": {
        "head": {
          "x": 0.3684760630130768,
          "y": 0.34613037109375,
          "z": 0.3709661364555359
        },
        "tail": {
          "x": 0.39565256237983704,
          "y": 0.3475762903690338,
          "z": 0.3295782506465912
        }
      },
      "world_space": {
        "head": {
          "x": 0.3684760630130768,
          "y": 0.4093743562698364,
          "z": 1.3208200931549072
        },
        "tail": {
          "x": 0.39565256237983704,
          "y": 0.4108203053474426,
          "z": 1.2794322967529297
        },
        "rotation_quaternion": {
          "w": 0.3606250584125519,
          "x": -0.6233481764793396,
          "y": -0.6201164126396179,
          "z": 0.31119513511657715
        },
        "matrix": [
          [
            0.03722253441810608,
            0.548646867275238,
            -0.8352252244949341,
            0.3684760630130768
          ],
          [
            0.9975464940071106,
            0.029190875589847565,
            0.06363185495138168,
            0.4093743562698364
          ],
          [
            0.059293508529663086,
            -0.8355503678321838,
            -0.5462179183959961,
            1.3208200931549072
          ],
          [
            0.0,
            0.0,
            0.0,
            1.0
          ]
        ]
      },
      "bone_length_armature_space": 0.04953392648809377,
      "parent": "lowerarm_l",
      "has_children": true,
      "is_end_bone": false
    },
    "thumb_01_l": {
      "name": "thumb_01_l",
      "local": {
        "location": {
          "x": 0.0,
          "y": 0.0,
          "z": 0.0
        },
        "rotation_quaternion": {
          "w": 0.962812066078186,
          "x": 0.26985689997673035,
          "y": -0.012956690043210983,
          "z": -0.0015237622428685427
        },
        "scale": {
          "x": 1.0,
          "y": 1.0,
          "z": 1.0
        },
        "matrix_basis": [
          [
            0.9996595978736877,
            -0.004058711230754852,
            -0.025772109627723694,
            0.0
          ],
          [
            -0.009927097707986832,
            0.8543498516082764,
            -0.5196034908294678,
            0.0
          ],
          [
            0.02412731945514679,
            0.5196824669837952,
            0.8540187478065491,
            0.0
          ],
          [
            0.0,
            0.0,
            0.0,
            1.0
          ]
        ],
        "rotation_mode": "QUATERNION"
      },
      "armature_space": {
        "head": {
          "x": 0.39565256237983704,
          "y": 0.3475762903690338,
          "z": 0.3295782506465912
        },
        "tail": {
          "x": 0.38808420300483704,
          "y": 0.3636578619480133,
          "z": 0.3005482852458954
        }
      },
      "world_space": {
        "head": {
          "x": 0.39565256237983704,
          "y": 0.4108203053474426,
          "z": 1.2794322967529297
        },
        "tail": {
          "x": 0.38808420300483704,
          "y": 0.4269018769264221,
          "z": 1.2504023313522339
        },
        "rotation_quaternion": {
          "w": 0.8510687947273254,
          "x": -0.5094199776649475,
          "y": 0.10912161320447922,
          "z": 0.06531143188476562
        },
        "matrix": [
          [
            0.9676538705825806,
            -0.22234681248664856,
            0.11919701844453812,
            0.39565256237983704
          ],
          [
            -7.554888725280762e-06,
            0.47245123982429504,
            0.881356954574585,
            0.4108203053474426
          ],
          [
            -0.25228339433670044,
            -0.8528550863265991,
            0.45717141032218933,
            1.2794322967529297
          ],
          [
            0.0,
            0.0,
            0.0,
            1.0
          ]
        ]
      },
      "bone_length_armature_space": 0.03403874142529617,
      "parent": "metacarpal_thumb_l",
      "has_children": true,
      "is_end_bone": false
    },
    "thumb_02_l": {
      "name": "thumb_02_l",
      "local": {
        "location": {
          "x": 0.0,
          "y": 0.0,
          "z": 0.0
        },
        "rotation_quaternion": {
          "w": 0.9036170244216919,
          "x": 0.4282413423061371,
          "y": 0.0004497063346207142,
          "z": -0.00924727600067854
        },
        "scale": {
          "x": 1.0,
          "y": 1.0,
          "z": 1.0
        },
        "matrix_basis": [
          [
            0.999828577041626,
            0.01709715835750103,
            -0.007107407320290804,
            0.0
          ],
          [
            -0.016326826065778732,
            0.6330476999282837,
            -0.7739406228065491,
            0.0
          ],
          [
            -0.008732856251299381,
            0.7739239931106567,
            0.6332182884216309,
            0.0
          ],
          [
            0.0,
            0.0,
            0.0,
            1.0
          ]
        ],
        "rotation_mode": "QUATERNION"
      },
      "armature_space": {
        "head": {
          "x": 0.38808417320251465,
          "y": 0.3636578321456909,
          "z": 0.300548255443573
        },
        "tail": {
          "x": 0.4188306927680969,
          "y": 0.38134217262268066,
          "z": 0.3193923830986023
        }
      },
      "world_space": {
        "head": {
          "x": 0.38808417320251465,
          "y": 0.42690181732177734,
          "z": 1.2504022121429443
        },
        "tail": {
          "x": 0.4188306927680969,
          "y": 0.4445861577987671,
          "z": 1.2692463397979736
        },
        "rotation_quaternion": {
          "w": 0.8444664478302002,
          "x": 0.3196331560611725,
          "y": 0.08382431417703629,
          "z": -0.421526700258255
        },
        "matrix": [
          [
            0.6305769085884094,
            0.765516459941864,
            -0.1278960406780243,
            0.38808417320251465
          ],
          [
            -0.6583458185195923,
            0.44029906392097473,
            -0.6105061173439026,
            0.42690181732177734
          ],
          [
            -0.41104331612586975,
            0.46917450428009033,
            0.781622052192688,
            1.2504022121429443
          ],
          [
            0.0,
            0.0,
            0.0,
            1.0
          ]
        ]
      },
      "bone_length_armature_space": 0.04016448104084646,
      "parent": "thumb_01_l",
      "has_children": true,
      "is_end_bone": false
    },
    "thumb_03_l": {
      "name": "thumb_03_l",
      "local": {
        "location": {
          "x": 0.0,
          "y": 0.0,
          "z": 0.0
        },
        "rotation_quaternion": {
          "w": 0.9913397431373596,
          "x": 0.13116568326950073,
          "y": 0.006012110970914364,
          "z": -0.0022415928542613983
        },
        "scale": {
          "x": 1.0,
          "y": 1.0,
          "z": 1.0
        },
        "matrix_basis": [
          [
            0.9999176859855652,
            0.006021525245159864,
            0.011332049034535885,
            0.0
          ],
          [
            -0.0028671948239207268,
            0.9655810594558716,
            -0.2600864768028259,
            0.0
          ],
          [
            -0.012508128769695759,
            0.2600325644016266,
            0.9655188322067261,
            0.0
          ],
          [
            0.0,
            0.0,
            0.0,
            1.0
          ]
        ],
        "rotation_mode": "QUATERNION"
      },
      "armature_space": {
        "head": {
          "x": 0.4188306927680969,
          "y": 0.3813421428203583,
          "z": 0.31939226388931274
        },
        "tail": {
          "x": 0.4361833930015564,
          "y": 0.3847934603691101,
          "z": 0.34416869282722473
        }
      },
      "world_space": {
        "head": {
          "x": 0.4188306927680969,
          "y": 0.4445861577987671,
          "z": 1.2692463397979736
        },
        "tail": {
          "x": 0.4361833930015564,
          "y": 0.44803744554519653,
          "z": 1.2940226793289185
        },
        "rotation_quaternion": {
          "w": 0.7358348965644836,
          "x": 0.6010297536849976,
          "y": 0.12340389937162399,
          "z": -0.2864992618560791
        },
        "matrix": [
          [
            0.8053787350654602,
            0.5699714422225952,
            -0.16278162598609924,
            0.4188306927680969
          ],
          [
            -0.27329665422439575,
            0.11336328089237213,
            -0.9552266597747803,
            0.4445861577987671
          ],
          [
            -0.5260023474693298,
            0.8138125538825989,
            0.24707283079624176,
            1.2692463397979736
          ],
          [
            0.0,
            0.0,
            0.0,
            1.0
          ]
        ]
      },
      "bone_length_armature_space": 0.03044501987698439,
      "parent": "thumb_02_l",
      "has_children": false,
      "is_end_bone": true
    },
    "metacarpal_index_l": {
      "name": "metacarpal_index_l",
      "local": {
        "location": {
          "x": 0.0,
          "y": 0.0,
          "z": 0.0
        },
        "rotation_quaternion": {
          "w": 0.9986721277236938,
          "x": -0.04693746194243431,
          "y": 0.020500384271144867,
          "z": 0.005542117170989513
        },
        "scale": {
          "x": 1.0,
          "y": 1.0,
          "z": 1.0
        },
        "matrix_basis": [
          [
            0.9990980625152588,
            -0.012993987649679184,
            0.04042606055736542,
            0.0
          ],
          [
            0.009145043790340424,
            0.9955323338508606,
            0.09397750347852707,
            0.0
          ],
          [
            -0.04146659001708031,
            -0.0935230404138565,
            0.9947532415390015,
            0.0
          ],
          [
            0.0,
            0.0,
            0.0,
            1.0
          ]
        ],
        "rotation_mode": "QUATERNION"
      },
      "armature_space": {
        "head": {
          "x": 0.3684760630130768,
          "y": 0.34613037109375,
          "z": 0.3709661364555359
        },
        "tail": {
          "x": 0.45287516713142395,
          "y": 0.3900856375694275,
          "z": 0.3025994300842285
        }
      },
      "world_space": {
        "head": {
          "x": 0.3684760630130768,
          "y": 0.4093743562698364,
          "z": 1.3208200931549072
        },
        "tail": {
          "x": 0.45287516713142395,
          "y": 0.4533296227455139,
          "z": 1.2524534463882446
        },
        "rotation_quaternion": {
          "w": 0.120945043861866,
          "x": -0.4810090661048889,
          "y": -0.8203295469284058,
          "z": 0.2847141623497009
        },
        "matrix": [
          [
            -0.5080040097236633,
            0.7203026413917542,
            -0.47233083844184875,
            0.3684760630130768
          ],
          [
            0.8580423593521118,
            0.37513548135757446,
            -0.350766122341156,
            0.4093743562698364
          ],
          [
            -0.07546956837177277,
            -0.5834743976593018,
            -0.8086262941360474,
            1.3208200931549072
          ],
          [
            0.0,
            0.0,
            0.0,
            1.0
          ]
        ]
      },
      "bone_length_armature_space": 0.11717201369003062,
      "parent": "lowerarm_l",
      "has_children": true,
      "is_end_bone": false
    },
    "index_01_l": {
      "name": "index_01_l",
      "local": {
        "location": {
          "x": 0.0,
          "y": 0.0,
          "z": 0.0
        },
        "rotation_quaternion": {
          "w": 0.9525830745697021,
          "x": 0.3038374185562134,
          "y": -0.005574467591941357,
          "z": -0.015409596264362335
        },
        "scale": {
          "x": 1.0,
          "y": 1.0,
          "z": 1.0
        },
        "matrix_basis": [
          [
            0.9994629621505737,
            0.025970377027988434,
            -0.019984310492873192,
            0.0
          ],
          [
            -0.03274530544877052,
            0.8148907423019409,
            -0.5786889791488647,
            0.0
          ],
          [
            0.00125626299995929,
            0.5790325403213501,
            0.8153035044670105,
            0.0
          ],
          [
            0.0,
            0.0,
            0.0,
            1.0
          ]
        ],
        "rotation_mode": "QUATERNION"
      },
      "armature_space": {
        "head": {
          "x": 0.45287516713142395,
          "y": 0.3900856375694275,
          "z": 0.3025994300842285
        },
        "tail": {
          "x": 0.4585375487804413,
          "y": 0.40244045853614807,
          "z": 0.27753204107284546
        }
      },
      "world_space": {
        "head": {
          "x": 0.45287516713142395,
          "y": 0.4533296227455139,
          "z": 1.2524534463882446
        },
        "tail": {
          "x": 0.4585375487804413,
          "y": 0.4656844735145569,
          "z": 1.2273859977722168
        },
        "rotation_quaternion": {
          "w": 0.24601627886295319,
          "x": -0.263120174407959,
          "y": -0.8100112080574036,
          "z": 0.46273714303970337
        },
        "matrix": [
          [
            -0.7404875159263611,
            0.19857969880104065,
            -0.6420629024505615,
            0.45287516713142395
          ],
          [
            0.653942883014679,
            0.43328404426574707,
            -0.6201805472373962,
            0.4533296227455139
          ],
          [
            0.15504199266433716,
            -0.8791142702102661,
            -0.4507046043872833,
            1.2524534463882446
          ],
          [
            0.0,
            0.0,
            0.0,
            1.0
          ]
        ]
      },
      "bone_length_armature_space": 0.028514525433853015,
      "parent": "metacarpal_index_l",
      "has_children": true,
      "is_end_bone": false
    },
    "index_02_l": {
      "name": "index_02_l",
      "local": {
        "location": {
          "x": 0.0,
          "y": 0.0,
          "z": 0.0
        },
        "rotation_quaternion": {
          "w": 0.911064863204956,
          "x": 0.41217276453971863,
          "y": 0.008317292667925358,
          "z": 0.0023345043882727623
        },
        "scale": {
          "x": 1.0,
          "y": 1.0,
          "z": 1.0
        },
        "matrix_basis": [
          [
            0.9998507499694824,
            0.00260255322791636,
            0.01707962527871132,
            0.0
          ],
          [
            0.011110092513263226,
            0.6602163314819336,
            -0.7509934306144714,
            0.0
          ],
          [
            -0.013230747543275356,
            0.7510710954666138,
            0.6600888967514038,
            0.0
          ],
          [
            0.0,
            0.0,
            0.0,
            1.0
          ]
        ],
        "rotation_mode": "QUATERNION"
      },
      "armature_space": {
        "head": {
          "x": 0.45853757858276367,
          "y": 0.40244024991989136,
          "z": 0.2775315046310425
        },
        "tail": {
          "x": 0.450559139251709,
          "y": 0.3980896472930908,
          "z": 0.25354161858558655
        }
      },
      "world_space": {
        "head": {
          "x": 0.45853757858276367,
          "y": 0.4656842350959778,
          "z": 1.2273855209350586
        },
        "tail": {
          "x": 0.450559139251709,
          "y": 0.46133363246917725,
          "z": 1.2033956050872803
        },
        "rotation_quaternion": {
          "w": 0.3066234886646271,
          "x": -0.13304345309734344,
          "y": -0.5667321681976318,
          "z": 0.7530578970909119
        },
        "matrix": [
          [
            -0.776561975479126,
            -0.3110107183456421,
            -0.54792720079422,
            0.45853757858276367
          ],
          [
            0.6126121282577515,
            -0.16959306597709656,
            -0.7719746828079224,
            0.4656842350959778
          ],
          [
            0.1471693515777588,
            -0.9351596236228943,
            0.3222303092479706,
            1.2273855209350586
          ],
          [
            0.0,
            0.0,
            0.0,
            1.0
          ]
        ]
      },
      "bone_length_armature_space": 0.025653418108523892,
      "parent": "index_01_l",
      "has_children": true,
      "is_end_bone": false
    },
    "index_03_l": {
      "name": "index_03_l",
      "local": {
        "location": {
          "x": 0.0,
          "y": 0.0,
          "z": 0.0
        },
        "rotation_quaternion": {
          "w": 0.9247883558273315,
          "x": 0.38042303919792175,
          "y": -0.0065915086306631565,
          "z": 0.0012173757422715425
        },
        "scale": {
          "x": 1.0,
          "y": 1.0,
          "z": 1.0
        },
        "matrix_basis": [
          [
            0.9999101161956787,
            -0.007266753353178501,
            -0.011265265755355358,
            0.0
          ],
          [
            -0.002763493685051799,
            0.7105536460876465,
            -0.7036376595497131,
            0.0
          ],
          [
            0.013117736205458641,
            0.7036055326461792,
            0.7104697227478027,
            0.0
          ],
          [
            0.0,
            0.0,
            0.0,
            1.0
          ]
        ],
        "rotation_mode": "QUATERNION"
      },
      "armature_space": {
        "head": {
          "x": 0.45055925846099854,
          "y": 0.398089736700058,
          "z": 0.2535415589809418
        },
        "tail": {
          "x": 0.43018215894699097,
          "y": 0.37960493564605713,
          "z": 0.24370190501213074
        }
      },
      "world_space": {
        "head": {
          "x": 0.45055925846099854,
          "y": 0.4613337516784668,
          "z": 1.2033956050872803
        },
        "tail": {
          "x": 0.43018215894699097,
          "y": 0.44284892082214355,
          "z": 1.1935559511184692
        },
        "rotation_quaternion": {
          "w": 0.3791709542274475,
          "x": 0.03167509660124779,
          "y": -0.19977694749832153,
          "z": 0.9029482007026672
        },
        "matrix": [
          [
            -0.7104520201683044,
            -0.6973994970321655,
            -0.09429863095283508,
            0.45055925846099854
          ],
          [
            0.6720882058143616,
            -0.6326368451118469,
            -0.3847963511943817,
            0.4613337516784668
          ],
          [
            0.20870204269886017,
            -0.3367590308189392,
            0.9181783199310303,
            1.2033956050872803
          ],
          [
            0.0,
            0.0,
            0.0,
            1.0
          ]
        ]
      },
      "bone_length_armature_space": 0.029218707136619015,
      "parent": "index_02_l",
      "has_children": false,
      "is_end_bone": true
    },
    "metacarpal_pinky_l": {
      "name": "metacarpal_pinky_l",
      "local": {
        "location": {
          "x": 0.0,
          "y": 0.0,
          "z": 0.0
        },
        "rotation_quaternion": {
          "w": 0.9995849132537842,
          "x": -0.02366774156689644,
          "y": 0.0039124274626374245,
          "z": -0.015959417447447777
        },
        "scale": {
          "x": 1.0,
          "y": 1.0,
          "z": 1.0
        },
        "matrix_basis": [
          [
            0.999459981918335,
            0.03172038868069649,
            0.008577053435146809,
            0.0
          ],
          [
            -0.03209078311920166,
            0.9983702898025513,
            0.04719095304608345,
            0.0
          ],
          [
            -0.007066159974783659,
            -0.04744071513414383,
            0.9988490343093872,
            0.0
          ],
          [
            0.0,
            0.0,
            0.0,
            1.0
          ]
        ],
        "rotation_mode": "QUATERNION"
      },
      "armature_space": {
        "head": {
          "x": 0.3684760630130768,
          "y": 0.34613037109375,
          "z": 0.3709661364555359
        },
        "tail": {
          "x": 0.4166910648345947,
          "y": 0.43074584007263184,
          "z": 0.33410465717315674
        }
      },
      "world_space": {
        "head": {
          "x": 0.3684760630130768,
          "y": 0.4093743562698364,
          "z": 1.3208200931549072
        },
        "tail": {
          "x": 0.4166910648345947,
          "y": 0.49398982524871826,
          "z": 1.2839586734771729
        },
        "rotation_quaternion": {
          "w": 0.802195131778717,
          "x": -0.025717854499816895,
          "y": 0.5126186609268188,
          "z": -0.30503085255622864
        },
        "matrix": [
          [
            0.28835633397102356,
            0.4630236327648163,
            0.8381289839744568,
            0.3684760630130768
          ],
          [
            -0.5157560706138611,
            0.8125884532928467,
            -0.27146947383880615,
            0.4093743562698364
          ],
          [
            -0.8067567348480225,
            -0.35399216413497925,
            0.4731251895427704,
            1.3208200931549072
          ],
          [
            0.0,
            0.0,
            0.0,
            1.0
          ]
        ]
      },
      "bone_length_armature_space": 0.10413084320644929,
      "parent": "lowerarm_l",
      "has_children": true,
      "is_end_bone": false
    },
    "pinky_01_l": {
      "name": "pinky_01_l",
      "local": {
        "location": {
          "x": 0.0,
          "y": 0.0,
          "z": 0.0
        },
        "rotation_quaternion": {
          "w": 0.9439206123352051,
          "x": 0.3298821747303009,
          "y": -0.0027302599046379328,
          "z": -0.013580906204879284
        },
        "scale": {
          "x": 1.0,
          "y": 1.0,
          "z": 1.0
        },
        "matrix_basis": [
          [
            0.9996162056922913,
            0.023837266489863396,
            -0.014114495366811752,
            0.0
          ],
          [
            -0.027439922094345093,
            0.7819865942001343,
            -0.6226910352706909,
            0.0
          ],
          [
            -0.0038059004582464695,
            0.6228393316268921,
            0.7823405861854553,
            0.0
          ],
          [
            0.0,
            0.0,
            0.0,
            1.0
          ]
        ],
        "rotation_mode": "QUATERNION"
      },
      "armature_space": {
        "head": {
          "x": 0.4166910648345947,
          "y": 0.43074584007263184,
          "z": 0.33410465717315674
        },
        "tail": {
          "x": 0.41532114148139954,
