{
  "metadata": {
    "armature_name": "KIM_caucasian_male",
    "export_time": "2026-01-13T21:05:02.955621",
    "blender_version": "4.4.1",
    "bone_count": 56,
    "end_bone_count": 13,
    "spaces_included": [
      "LOCAL_CHANNELS",
      "ARMATURE_SPACE",
      "WORLD_SPACE"
    ],
    "note": "LOCAL matches Transform panel; replay pose via local.matrix_basis for best fidelity."
  },
  "bones": {
    "Root": {
      "name": "Root",
      "local": {
        "location": {
          "x": 0.0,
          "y": 0.0,
          "z": 0.0
        },
        "rotation_quaternion": {
          "w": 0.9999275207519531,
          "x": -0.0019205788848921657,
          "y": -0.011090636253356934,
          "z": 0.004289367236196995
        },
        "scale": {
          "x": 1.0,
          "y": 1.0,
          "z": 1.0
        },
        "matrix_basis": [
          [
            0.9997171759605408,
            -0.008535511791706085,
            -0.02219614014029503,
            0.0
          ],
          [
            0.008620713837444782,
            0.9999558329582214,
            0.0037457358557730913,
            0.0
          ],
          [
            0.022163188084959984,
            -0.003936022985726595,
            0.9997466206550598,
            0.0
          ],
          [
            0.0,
            0.0,
            0.0,
            1.0
          ]
        ],
        "rotation_mode": "QUATERNION"
      },
      "armature_space": {
        "head": {
          "x": 0.0,
          "y": 0.07072800397872925,
          "z": -0.009595036506652832
        },
        "tail": {
          "x": -0.000609229551628232,
          "y": 4.088878631591797e-05,
          "z": 0.00027796532958745956
        }
      },
      "world_space": {
        "head": {
          "x": 0.0,
          "y": 0.13397200405597687,
          "z": 0.9402589797973633
        },
        "tail": {
          "x": -0.000609229551628232,
          "y": 0.06328488886356354,
          "z": 0.9501319527626038
        },
        "rotation_quaternion": {
          "w": 0.06927898526191711,
          "x": 0.9975264668464661,
          "y": -0.005026776343584061,
          "z": -0.010776476003229618
        },
        "matrix": [
          [
            0.9997171759605408,
            -0.008535511791706085,
            -0.02219614014029503,
            0.0
          ],
          [
            -0.011521855369210243,
            -0.9903503060340881,
            -0.13810735940933228,
            0.13397200405597687
          ],
          [
            -0.020803293213248253,
            0.1383240818977356,
            -0.9901756048202515,
            0.9402589797973633
          ],
          [
            0.0,
            0.0,
            0.0,
            1.0
          ]
        ]
      },
      "bone_length_armature_space": 0.07137587412142223,
      "parent": null,
      "has_children": true,
      "is_end_bone": false
    },
    "spine_01": {
      "name": "spine_01",
      "local": {
        "location": {
          "x": 0.0,
          "y": 0.0,
          "z": 0.0
        },
        "rotation_quaternion": {
          "w": 0.9965833425521851,
          "x": 0.05405223369598389,
          "y": 0.05100981146097183,
          "z": 0.036029037088155746
        },
        "scale": {
          "x": 1.0,
          "y": 1.0,
          "z": 1.0
        },
        "matrix_basis": [
          [
            0.9921998381614685,
            -0.0662974864244461,
            0.10556595772504807,
            0.0
          ],
          [
            0.07732626795768738,
            0.9915605187416077,
            -0.10405944287776947,
            0.0
          ],
          [
            -0.09777615964412689,
            0.11141078174114227,
            0.9889526963233948,
            0.0
          ],
          [
            0.0,
            0.0,
            0.0,
            1.0
          ]
        ],
        "rotation_mode": "QUATERNION"
      },
      "armature_space": {
        "head": {
          "x": -0.000609229551628232,
          "y": 4.088878631591797e-05,
          "z": 0.00027796532958745956
        },
        "tail": {
          "x": -0.023186393082141876,
          "y": -0.029469288885593414,
          "z": 0.4868660271167755
        }
      },
      "world_space": {
        "head": {
          "x": -0.000609229551628232,
          "y": 0.06328488886356354,
          "z": 0.9501319527626038
        },
        "tail": {
          "x": -0.023186393082141876,
          "y": 0.033774711191654205,
          "z": 1.4367200136184692
        },
        "rotation_quaternion": {
          "w": 0.6852272748947144,
          "x": 0.7264710664749146,
          "y": 0.015090134926140308,
          "z": 0.0497569777071476
        },
        "matrix": [
          [
            0.99459308385849,
            -0.046264562755823135,
            0.0929739847779274,
            -0.000609229551628232
          ],
          [
            0.09011442959308624,
            -0.06047152355313301,
            -0.9940939545631409,
            0.06328488886356354
          ],
          [
            0.051614049822092056,
            0.9971041679382324,
            -0.055976733565330505,
            0.9501319527626038
          ],
          [
            0.0,
            0.0,
            0.0,
            1.0
          ]
        ]
      },
      "bone_length_armature_space": 0.4880046378072647,
      "parent": "Root",
      "has_children": true,
      "is_end_bone": false
    },
    "neck_01": {
      "name": "neck_01",
      "local": {
        "location": {
          "x": 0.0,
          "y": 0.0,
          "z": 0.0
        },
        "rotation_quaternion": {
          "w": 0.9970992803573608,
          "x": 0.043831080198287964,
          "y": -0.011915301904082298,
          "z": 0.06107325479388237
        },
        "scale": {
          "x": 1.0,
          "y": 1.0,
          "z": 1.0
        },
        "matrix_basis": [
          [
            0.9922561645507812,
            -0.12283671647310257,
            -0.018407665193080902,
            0.0
          ],
          [
            0.12074767798185349,
            0.9886977672576904,
            -0.08886329084634781,
            0.0
          ],
          [
            0.02911529131233692,
            0.08595246821641922,
            0.995873749256134,
            0.0
          ],
          [
            0.0,
            0.0,
            0.0,
            1.0
          ]
        ],
        "rotation_mode": "QUATERNION"
      },
      "armature_space": {
        "head": {
          "x": -0.02334943413734436,
          "y": -0.06837253272533417,
          "z": 0.5579311847686768
        },
        "tail": {
          "x": -0.03573721647262573,
          "y": -0.12134011834859848,
          "z": 0.6448317170143127
        }
      },
      "world_space": {
        "head": {
          "x": -0.02334943413734436,
          "y": -0.005128532648086548,
          "z": 1.5077852010726929
        },
        "tail": {
          "x": -0.03573721647262573,
          "y": -0.05809611827135086,
          "z": 1.5946857929229736
        },
        "rotation_quaternion": {
          "w": 0.49055665731430054,
          "x": 0.868285596370697,
          "y": -0.03208330273628235,
          "z": 0.06636977195739746
        },
        "matrix": [
          [
            0.989131510257721,
            -0.12083127349615097,
            0.08377789705991745,
            -0.02334943413734436
          ],
          [
            0.009400835260748863,
            -0.5166493654251099,
            -0.8561457395553589,
            -0.005128532648086548
          ],
          [
            0.14673399925231934,
            0.8476334810256958,
            -0.5099025964736938,
            1.5077852010726929
          ],
          [
            0.0,
            0.0,
            0.0,
            1.0
          ]
        ]
      },
      "bone_length_armature_space": 0.10252182615541436,
      "parent": "spine_01",
      "has_children": true,
      "is_end_bone": false
    },
    "head": {
      "name": "head",
      "local": {
        "location": {
          "x": 0.0,
          "y": 0.0,
          "z": 0.0
        },
        "rotation_quaternion": {
          "w": 0.9733030796051025,
          "x": 0.07277306169271469,
          "y": -0.012667795643210411,
          "z": -0.2173125445842743
        },
        "scale": {
          "x": 1.0,
          "y": 1.0,
          "z": 1.0
        },
        "matrix_basis": [
          [
            0.9052295684814453,
            0.4211781919002533,
            -0.056288208812475204,
            0.0
          ],
          [
            -0.4248656928539276,
            0.8949586749076843,
            -0.13615474104881287,
            0.0
          ],
          [
            -0.006969789508730173,
            0.14716623723506927,
            0.9890872240066528,
            0.0
          ],
          [
            0.0,
            0.0,
            0.0,
            1.0
          ]
        ],
        "rotation_mode": "QUATERNION"
      },
      "armature_space": {
        "head": {
          "x": -0.03573719412088394,
          "y": -0.12134021520614624,
          "z": 0.6448315978050232
        },
        "tail": {
          "x": 0.00966465100646019,
          "y": -0.16731342673301697,
          "z": 0.7858222723007202
        }
      },
      "world_space": {
        "head": {
          "x": -0.03573719412088394,
          "y": -0.05809621512889862,
          "z": 1.5946855545043945
        },
        "tail": {
          "x": 0.00966465100646019,
          "y": -0.10406942665576935,
          "z": 1.7356762886047363
        },
        "rotation_quaternion": {
          "w": 0.5812065601348877,
          "x": 0.8001798391342163,
          "y": 0.11825551092624664,
          "z": -0.08903302997350693
        },
        "matrix": [
          [
            0.9561774730682373,
            0.2927447557449341,
            -0.005021614953875542,
            -0.03573719412088394
          ],
          [
            0.08575964719057083,
            -0.2964288890361786,
            -0.9511969685554504,
            -0.05809621512889862
          ],
          [
            -0.27994832396507263,
            0.9090883731842041,
            -0.30854731798171997,
            1.5946855545043945
          ],
          [
            0.0,
            0.0,
            0.0,
            1.0
          ]
        ]
      },
      "bone_length_armature_space": 0.15509105188292016,
      "parent": "neck_01",
      "has_children": false,
      "is_end_bone": true
    },
    "upperarm_l": {
      "name": "upperarm_l",
      "local": {
        "location": {
          "x": 0.0,
          "y": 0.0,
          "z": 0.0
        },
        "rotation_quaternion": {
          "w": 0.8752554655075073,
          "x": -0.21748802065849304,
          "y": 0.37391549348831177,
          "z": -0.21636538207530975
        },
        "scale": {
          "x": 1.0,
          "y": 1.0,
          "z": 1.0
        },
        "matrix_basis": [
          [
            0.6267464756965637,
            0.21610568463802338,
            0.7486569285392761,
            0.0
          ],
          [
            -0.5413942337036133,
            0.811769962310791,
            0.21891042590141296,
            0.0
          ],
          [
            -0.5604293942451477,
            -0.5425198674201965,
            0.6257723569869995,
            0.0
          ],
          [
            0.0,
            0.0,
            0.0,
            1.0
          ]
        ],
        "rotation_mode": "QUATERNION"
      },
      "armature_space": {
        "head": {
          "x": 0.12924537062644958,
          "y": -0.053961511701345444,
          "z": 0.4984816312789917
        },
        "tail": {
          "x": 0.3267905116081238,
          "y": 0.12277749180793762,
          "z": 0.4591512978076935
        }
      },
      "world_space": {
        "head": {
          "x": 0.12924537062644958,
          "y": 0.009282488375902176,
          "z": 1.4483356475830078
        },
        "tail": {
          "x": 0.3267905116081238,
          "y": 0.18602149188518524,
          "z": 1.4090052843093872
        },
        "rotation_quaternion": {
          "w": 0.2617119252681732,
          "x": 0.36443576216697693,
          "y": 0.8725147247314453,
          "z": -0.1934206336736679
        },
        "matrix": [
          [
            -0.5973865985870361,
            0.7371927499771118,
            0.3157151937484741,
            0.12924537062644958
          ],
          [
            0.5347104668617249,
            0.6595491170883179,
            -0.5282801389694214,
            0.009282488375902176
          ],
          [
            -0.5976775884628296,
            -0.14677166938781738,
            -0.7881965041160583,
            1.4483356475830078
          ],
          [
            0.0,
            0.0,
            0.0,
            1.0
          ]
        ]
      },
      "bone_length_armature_space": 0.26796946223111495,
      "parent": "spine_01",
      "has_children": true,
      "is_end_bone": false
    },
    "lowerarm_l": {
      "name": "lowerarm_l",
      "local": {
        "location": {
          "x": 0.0,
          "y": 0.0,
          "z": 0.0
        },
        "rotation_quaternion": {
          "w": 0.9936323165893555,
          "x": 0.08956180512905121,
          "y": -0.061831291764974594,
          "z": 0.029163261875510216
        },
        "scale": {
          "x": 1.0,
          "y": 1.0,
          "z": 1.0
        },
        "matrix_basis": [
          [
            0.9906527996063232,
            -0.06903056055307388,
            -0.1176513135433197,
            0.0
          ],
          [
            0.04687967523932457,
            0.9822563529014587,
            -0.18158940970897675,
            0.0
          ],
          [
            0.1280989646911621,
            0.17437660694122314,
            0.9763111472129822,
            0.0
          ],
          [
            0.0,
            0.0,
            0.0,
            1.0
          ]
        ],
        "rotation_mode": "QUATERNION"
      },
      "armature_space": {
        "head": {
          "x": 0.32679063081741333,
          "y": 0.12277746945619583,
          "z": 0.45915132761001587
        },
        "tail": {
          "x": 0.5627769231796265,
          "y": 0.22801434993743896,
          "z": 0.38983282446861267
        }
      },
      "world_space": {
        "head": {
          "x": 0.32679063081741333,
          "y": 0.18602147698402405,
          "z": 1.4090054035186768
        },
        "tail": {
          "x": 0.5627769231796265,
          "y": 0.2912583351135254,
          "z": 1.3396868705749512
        },
        "rotation_quaternion": {
          "w": 0.3277015686035156,
          "x": 0.42504629492759705,
          "y": 0.7676581144332886,
          "z": -0.35021188855171204
        },
        "matrix": [
          [
            -0.4238940179347992,
            0.8821108937263489,
            0.20541153848171234,
            0.32679063081741333
          ],
          [
            0.42305153608322144,
            0.39337286353111267,
            -0.81626296043396,
            0.18602147698402405
          ],
          [
            -0.8008430004119873,
            -0.25911083817481995,
            -0.5399315357208252,
            1.4090054035186768
          ],
          [
            0.0,
            0.0,
            0.0,
            1.0
          ]
        ]
      },
      "bone_length_armature_space": 0.26752454941810955,
      "parent": "upperarm_l",
      "has_children": true,
      "is_end_bone": false
    },
    "metacarpal_thumb_l": {
      "name": "metacarpal_thumb_l",
      "local": {
        "location": {
          "x": 0.0,
          "y": 0.0,
          "z": 0.0
        },
        "rotation_quaternion": {
          "w": 0.9998728036880493,
          "x": 0.006845216732472181,
          "y": -0.014249416068196297,
          "z": 0.0021648204419761896
        },
        "scale": {
          "x": 1.0,
          "y": 1.0,
          "z": 1.0
        },
        "matrix_basis": [
          [
            0.9995845556259155,
            -0.004524170886725187,
            -0.028465569019317627,
            0.0
          ],
          [
            0.004134009592235088,
            0.9998968839645386,
            -0.013750387355685234,
            0.0
          ],
          [
            0.028524843975901604,
            0.013626997359097004,
            0.9995002150535583,
            0.0
          ],
          [
            0.0,
            0.0,
            0.0,
            1.0
          ]
        ],
        "rotation_mode": "QUATERNION"
      },
      "armature_space": {
        "head": {
          "x": 0.5627769231796265,
          "y": 0.22801434993743896,
          "z": 0.38983282446861267
        },
        "tail": {
          "x": 0.5988853573799133,
          "y": 0.22347252070903778,
          "z": 0.3562299609184265
        }
      },
      "world_space": {
        "head": {
          "x": 0.5627769231796265,
          "y": 0.2912583351135254,
          "z": 1.3396868705749512
        },
        "tail": {
          "x": 0.5988853573799133,
          "y": 0.2867165207862854,
          "z": 1.3060839176177979
        },
        "rotation_quaternion": {
          "w": 0.3573243319988251,
          "x": -0.7254348397254944,
          "y": -0.5713781118392944,
          "z": 0.13996708393096924
        },
        "matrix": [
          [
            0.30786949396133423,
            0.7289672493934631,
            -0.6114103198051453,
            0.5627769231796265
          ],
          [
            0.929023802280426,
            -0.09169177711009979,
            0.35847947001457214,
            0.2912583351135254
          ],
          [
            0.2052610069513321,
            -0.67838454246521,
            -0.7054616808891296,
            1.3396868705749512
          ],
          [
            0.0,
            0.0,
            0.0,
            1.0
          ]
        ]
      },
      "bone_length_armature_space": 0.04953382387039663,
      "parent": "lowerarm_l",
      "has_children": true,
      "is_end_bone": false
    },
    "thumb_01_l": {
      "name": "thumb_01_l",
      "local": {
        "location": {
          "x": 0.0,
          "y": 0.0,
          "z": 0.0
        },
        "rotation_quaternion": {
          "w": 0.9979680776596069,
          "x": -0.05970223620533943,
          "y": 0.018008144572377205,
          "z": -0.01307881809771061
        },
        "scale": {
          "x": 1.0,
          "y": 1.0,
          "z": 1.0
        },
        "matrix_basis": [
          [
            0.9990093111991882,
            0.023954233154654503,
            0.03750477731227875,
            0.0
          ],
          [
            -0.028254738077521324,
            0.9925291538238525,
            0.11869080364704132,
            0.0
          ],
          [
            -0.0343814380466938,
            -0.11963289976119995,
            0.9922227263450623,
            0.0
          ],
          [
            0.0,
            0.0,
            0.0,
            1.0
          ]
        ],
        "rotation_mode": "QUATERNION"
      },
      "armature_space": {
        "head": {
          "x": 0.5988853573799133,
          "y": 0.22347252070903778,
          "z": 0.3562299609184265
        },
        "tail": {
          "x": 0.5980708599090576,
          "y": 0.22250087559223175,
          "z": 0.3222147524356842
        }
      },
      "world_space": {
        "head": {
          "x": 0.5988853573799133,
          "y": 0.2867165207862854,
          "z": 1.3060839176177979
        },
        "tail": {
          "x": 0.5980708599090576,
          "y": 0.28574487566947937,
          "z": 1.272068738937378
        },
        "rotation_quaternion": {
          "w": 0.6845969557762146,
          "x": -0.7074405550956726,
          "y": 0.13059382140636444,
          "z": -0.11747462302446365
        },
        "matrix": [
          [
            0.9382897019386292,
            -0.023929011076688766,
            0.3450208306312561,
            0.5988853573799133
          ],
          [
            -0.34562045335769653,
            -0.02854529768228531,
            0.937940239906311,
            0.2867165207862854
          ],
          [
            -0.01259566005319357,
            -0.9993131160736084,
            -0.035053350031375885,
            1.3060839176177979
          ],
          [
            0.0,
            0.0,
            0.0,
            1.0
          ]
        ]
      },
      "bone_length_armature_space": 0.03403882961673208,
      "parent": "metacarpal_thumb_l",
      "has_children": true,
      "is_end_bone": false
    },
    "thumb_02_l": {
      "name": "thumb_02_l",
      "local": {
        "location": {
          "x": 0.0,
          "y": 0.0,
          "z": 0.0
        },
        "rotation_quaternion": {
          "w": 0.9971562027931213,
          "x": 0.07477913051843643,
          "y": -0.008507993072271347,
          "z": -0.003910752013325691
        },
        "scale": {
          "x": 1.0,
          "y": 1.0,
          "z": 1.0
        },
        "matrix_basis": [
          [
            0.9998246431350708,
            0.006526820827275515,
            -0.017552481964230537,
            0.0
          ],
          [
            -0.009071702137589455,
            0.9887855648994446,
            -0.14906640350818634,
            0.0
          ],
          [
            0.01638271100819111,
            0.1491994857788086,
            0.9886713624000549,
            0.0
          ],
          [
            0.0,
            0.0,
            0.0,
            1.0
          ]
        ],
        "rotation_mode": "QUATERNION"
      },
      "armature_space": {
        "head": {
          "x": 0.5980708003044128,
          "y": 0.22250084578990936,
          "z": 0.3222147822380066
        },
        "tail": {
          "x": 0.6319993138313293,
          "y": 0.23742692172527313,
          "z": 0.30674704909324646
        }
      },
      "world_space": {
        "head": {
          "x": 0.5980708003044128,
          "y": 0.285744845867157,
          "z": 1.272068738937378
        },
        "tail": {
          "x": 0.6319993138313293,
          "y": 0.30067092180252075,
          "z": 1.256601095199585
        },
        "rotation_quaternion": {
          "w": 0.8267740607261658,
          "x": -0.2028704136610031,
          "y": 0.047511424869298935,
          "z": -0.5225237607955933
        },
        "matrix": [
          [
            0.4494226574897766,
            0.8447405099868774,
            0.2905724048614502,
            0.5980708003044128
          ],
          [
            -0.8832959532737732,
            0.3716246485710144,
            0.28580349683761597,
            0.285744845867157
          ],
          [
            0.1334458589553833,
            -0.3851102590560913,
            0.9131791591644287,
            1.272068738937378
          ],
          [
            0.0,
            0.0,
            0.0,
            1.0
          ]
        ]
      },
      "bone_length_armature_space": 0.04016444390425309,
      "parent": "thumb_01_l",
      "has_children": true,
      "is_end_bone": false
    },
    "thumb_03_l": {
      "name": "thumb_03_l",
      "local": {
        "location": {
          "x": 0.0,
          "y": 0.0,
          "z": 0.0
        },
        "rotation_quaternion": {
          "w": 0.9981442093849182,
          "x": 0.06054568290710449,
          "y": 0.0003973236307501793,
          "z": -0.0064941043965518475
        },
        "scale": {
          "x": 1.0,
          "y": 1.0,
          "z": 1.0
        },
        "matrix_basis": [
          [
            0.999915361404419,
            0.013012218289077282,
            6.792591648263624e-06,
            0.0
          ],
          [
            -0.012915993109345436,
            0.9925841093063354,
            -0.12087180465459824,
            0.0
          ],
          [
            -0.0015795525396242738,
            0.1208614856004715,
            0.9926681518554688,
            0.0
          ],
          [
            0.0,
            0.0,
            0.0,
            1.0
          ]
        ],
        "rotation_mode": "QUATERNION"
      },
      "armature_space": {
        "head": {
          "x": 0.6319993138313293,
          "y": 0.23742684721946716,
          "z": 0.3067470192909241
        },
        "tail": {
          "x": 0.6576298475265503,
          "y": 0.2538358271121979,
          "z": 0.30590319633483887
        }
      },
      "world_space": {
        "head": {
          "x": 0.6319993138313293,
          "y": 0.300670862197876,
          "z": 1.256601095199585
        },
        "tail": {
          "x": 0.6576298475265503,
          "y": 0.3170798420906067,
          "z": 1.255757212638855
        },
        "rotation_quaternion": {
          "w": 0.8673621416091919,
          "x": 0.056058119982481,
          "y": 0.13103383779525757,
          "z": -0.47683408856391907
        },
        "matrix": [
          [
            0.5109186768531799,
            0.8418665528297424,
            0.17384567856788635,
            0.6319993138313293
          ],
          [
            -0.8124849200248718,
            0.5389730334281921,
            -0.22220827639102936,
            0.300670862197876
          ],
          [
            -0.28077074885368347,
            -0.027716174721717834,
            0.9593818783760071,
            1.256601095199585
          ],
          [
            0.0,
            0.0,
            0.0,
            1.0
          ]
        ]
      },
      "bone_length_armature_space": 0.030444883268653907,
      "parent": "thumb_02_l",
      "has_children": false,
      "is_end_bone": true
    },
    "metacarpal_index_l": {
      "name": "metacarpal_index_l",
      "local": {
        "location": {
          "x": 0.0,
          "y": 0.0,
          "z": 0.0
        },
        "rotation_quaternion": {
          "w": 0.9981290102005005,
          "x": -0.05888650566339493,
          "y": 0.014400744810700417,
          "z": -0.00797348190099001
        },
        "scale": {
          "x": 1.0,
          "y": 1.0,
          "z": 1.0
        },
        "matrix_basis": [
          [
            0.9994580745697021,
            0.01422110851854086,
            0.029686663299798965,
            0.0
          ],
          [
            -0.01761314645409584,
            0.9929376244544983,
            0.11732301115989685,
            0.0
          ],
          [
            -0.02780854143202305,
            -0.11778230965137482,
            0.9926499724388123,
            0.0
          ],
          [
            0.0,
            0.0,
            0.0,
            1.0
          ]
        ],
        "rotation_mode": "QUATERNION"
      },
      "armature_space": {
        "head": {
          "x": 0.5627769231796265,
          "y": 0.22801434993743896,
          "z": 0.38983282446861267
        },
        "tail": {
          "x": 0.67066490650177,
          "y": 0.24924419820308685,
          "z": 0.3493518829345703
        }
      },
      "world_space": {
        "head": {
          "x": 0.5627769231796265,
          "y": 0.2912583351135254,
          "z": 1.3396868705749512
        },
        "tail": {
          "x": 0.67066490650177,
          "y": 0.3124881982803345,
          "z": 1.2992058992385864
        },
        "rotation_quaternion": {
          "w": 0.0829985961318016,
          "x": -0.6198399066925049,
          "y": -0.7640056014060974,
          "z": 0.15876179933547974
        },
        "matrix": [
          [
            -0.2178187072277069,
            0.9207682013511658,
            -0.32363682985305786,
            0.5627769231796265
          ],
          [
            0.9734765887260437,
            0.18118572235107422,
            -0.13969670236110687,
            0.2912583351135254
          ],
          [
            -0.0699893981218338,
            -0.34548377990722656,
            -0.9358185529708862,
            1.3396868705749512
          ],
          [
            0.0,
            0.0,
            0.0,
            1.0
          ]
        ]
      },
      "bone_length_armature_space": 0.11717179610412125,
      "parent": "lowerarm_l",
      "has_children": true,
      "is_end_bone": false
    },
    "index_01_l": {
      "name": "index_01_l",
      "local": {
        "location": {
          "x": 0.0,
          "y": 0.0,
          "z": 0.0
        },
        "rotation_quaternion": {
          "w": 0.9926221966743469,
          "x": -0.12028183788061142,
          "y": 0.01319526880979538,
          "z": -0.007707647047936916
        },
        "scale": {
          "x": 1.0,
          "y": 1.0,
          "z": 1.0
        },
        "matrix_basis": [
          [
            0.99953293800354,
            0.01212726067751646,
            0.0280500128865242,
            0.0
          ],
          [
            -0.018475865945219994,
            0.9709457159042358,
            0.2385854423046112,
            0.0
          ],
          [
            -0.024341654032468796,
            -0.23899225890636444,
            0.9707163572311401,
            0.0
          ],
          [
            0.0,
            0.0,
            0.0,
            1.0
          ]
        ],
        "rotation_mode": "QUATERNION"
      },
      "armature_space": {
        "head": {
          "x": 0.67066490650177,
          "y": 0.24924419820308685,
          "z": 0.3493518829345703
        },
        "tail": {
          "x": 0.6948065161705017,
          "y": 0.2644084095954895,
          "z": 0.3498985171318054
        }
      },
      "world_space": {
        "head": {
          "x": 0.67066490650177,
          "y": 0.3124881982803345,
          "z": 1.2992058992385864
        },
        "tail": {
          "x": 0.6948065161705017,
          "y": 0.3276523947715759,
          "z": 1.2997524738311768
        },
        "rotation_quaternion": {
          "w": 0.035865191370248795,
          "x": -0.48285454511642456,
          "y": -0.8744247555732727,
          "z": -0.030765701085329056
        },
        "matrix": [
          [
            -0.5311304330825806,
            0.8466466665267944,
            -0.033011436462402344,
            0.67066490650177
          ],
          [
            0.8422333002090454,
            0.5318096280097961,
            0.08843960613012314,
            0.3124881982803345
          ],
          [
            0.09243445843458176,
            0.019170165061950684,
            -0.9955412149429321,
            1.2992058992385864
          ],
          [
            0.0,
            0.0,
            0.0,
            1.0
          ]
        ]
      },
      "bone_length_armature_space": 0.028514372140545405,
      "parent": "metacarpal_index_l",
      "has_children": true,
      "is_end_bone": false
    },
    "index_02_l": {
      "name": "index_02_l",
      "local": {
        "location": {
          "x": 0.0,
          "y": 0.0,
          "z": 0.0
        },
        "rotation_quaternion": {
          "w": 0.9984076023101807,
          "x": 0.05631126090884209,
          "y": -0.002884464804083109,
          "z": -0.0017226797062903643
        },
        "scale": {
          "x": 1.0,
          "y": 1.0,
          "z": 1.0
        },
        "matrix_basis": [
          [
            0.9999774098396301,
            0.003115017432719469,
            -0.00595375569537282,
            0.0
          ],
          [
            -0.003764728782698512,
            0.9936521649360657,
            -0.11243324726819992,
            0.0
          ],
          [
            0.005565730854868889,
            0.11245311796665192,
            0.9936414361000061,
            0.0
          ],
          [
            0.0,
            0.0,
            0.0,
            1.0
          ]
        ],
        "rotation_mode": "QUATERNION"
      },
      "armature_space": {
        "head": {
          "x": 0.6948069334030151,
          "y": 0.2644084393978119,
          "z": 0.34989815950393677
        },
        "tail": {
          "x": 0.7160221934318542,
          "y": 0.27875879406929016,
          "z": 0.3484594523906708
        }
      },
      "world_space": {
        "head": {
          "x": 0.6948069334030151,
          "y": 0.3276524543762207,
          "z": 1.2997522354125977
        },
        "tail": {
          "x": 0.7160221934318542,
          "y": 0.342002809047699,
          "z": 1.2983134984970093
        },
        "rotation_quaternion": {
          "w": 0.02210168167948723,
          "x": -0.4689357280731201,
          "y": -0.882728636264801,
          "z": 0.020025677978992462
        },
        "matrix": [
          [
            -0.5592218041419983,
            0.8270005583763123,
            -0.05780079588294029,
            0.6948069334030151
          ],
          [
            0.82877117395401,
            0.5593962669372559,
            -0.0146261528134346,
            0.3276524543762207
          ],
          [
            0.020238753408193588,
            -0.05608288571238518,
            -0.9982279539108276,
            1.2997522354125977
          ],
          [
            0.0,
            0.0,
            0.0,
            1.0
          ]
        ]
      },
      "bone_length_armature_space": 0.02565326106827704,
      "parent": "index_01_l",
      "has_children": true,
      "is_end_bone": false
    },
    "index_03_l": {
      "name": "index_03_l",
      "local": {
        "location": {
          "x": 0.0,
          "y": 0.0,
          "z": 0.0
        },
        "rotation_quaternion": {
          "w": 0.9999737739562988,
          "x": 0.005004194565117359,
          "y": -0.00042675534496083856,
          "z": -0.005235549993813038
        },
        "scale": {
          "x": 1.0,
          "y": 1.0,
          "z": 1.0
        },
        "matrix_basis": [
          [
            0.999944806098938,
            0.010466554202139378,
            -0.0009058877476491034,
            0.0
          ],
          [
            -0.01047509629279375,
            0.9998950958251953,
            -0.010003658011555672,
            0.0
          ],
          [
            0.0008010888705030084,
            0.010012594982981682,
            0.99994957447052,
            0.0
          ],
          [
            0.0,
            0.0,
            0.0,
            1.0
          ]
        ],
        "rotation_mode": "QUATERNION"
      },
      "armature_space": {
        "head": {
          "x": 0.7160221934318542,
          "y": 0.2787587642669678,
          "z": 0.3484596014022827
        },
        "tail": {
          "x": 0.7381179928779602,
          "y": 0.29736441373825073,
          "z": 0.34406226873397827
        }
      },
      "world_space": {
        "head": {
          "x": 0.7160221934318542,
          "y": 0.3420027494430542,
          "z": 1.2983136177062988
        },
        "tail": {
          "x": 0.7381179928779602,
          "y": 0.36060839891433716,
          "z": 1.2939162254333496
        },
        "rotation_quaternion": {
          "w": 0.07780127227306366,
          "x": -0.42357006669044495,
          "y": -0.9012953639030457,
          "z": 0.04692597687244415
        },
        "matrix": [
          [
            -0.6290707588195801,
            0.7562215328216553,
            -0.17999644577503204,
            0.7160221934318542
          ],
          [
            0.7708253264427185,
            0.6367723941802979,
            -0.018679548054933548,
            0.3420027494430542
          ],
          [
            0.100492462515831,
            -0.150497168302536,
            -0.9834967255592346,
            1.2983136177062988
          ],
          [
            0.0,
            0.0,
            0.0,
            1.0
          ]
        ]
      },
      "bone_length_armature_space": 0.029218676756517452,
      "parent": "index_02_l",
      "has_children": false,
      "is_end_bone": true
    },
    "metacarpal_pinky_l": {
      "name": "metacarpal_pinky_l",
      "local": {
        "location": {
          "x": 0.0,
          "y": 0.0,
          "z": 0.0
        },
        "rotation_quaternion": {
          "w": 0.9996414184570312,
          "x": -0.024881914258003235,
          "y": 0.005767053458839655,
          "z": -0.008054323494434357
        },
        "scale": {
          "x": 1.0,
          "y": 1.0,
          "z": 1.0
        },
        "matrix_basis": [
          [
            0.9998037219047546,
            0.01581588014960289,
            0.01193078514188528,
            0.0
          ],
          [
            -0.016389861702919006,
            0.99863201379776,
            0.049653083086013794,
            0.0
          ],
          [
            -0.011129156686365604,
            -0.04983888193964958,
            0.9986952543258667,
            0.0
          ],
          [
            0.0,
            0.0,
            0.0,
            1.0
          ]
        ],
        "rotation_mode": "QUATERNION"
      },
      "armature_space": {
        "head": {
          "x": 0.5627769231796265,
          "y": 0.22801434993743896,
          "z": 0.38983282446861267
        },
        "tail": {
          "x": 0.6412113308906555,
          "y": 0.2951565086841583,
          "z": 0.3762982487678528
        }
      },
      "world_space": {
        "head": {
          "x": 0.5627769231796265,
          "y": 0.2912583351135254,
          "z": 1.3396868705749512
        },
        "tail": {
          "x": 0.6412113308906555,
          "y": 0.35840052366256714,
          "z": 1.3261523246765137
        },
        "rotation_quaternion": {
          "w": 0.7992246747016907,
          "x": 0.1330854743719101,
          "y": 0.4285256862640381,
          "z": -0.399867445230484
        },
        "matrix": [
          [
            0.3129429519176483,
            0.7532299757003784,
            0.5785421133041382,
            0.5627769231796265
          ],
          [
            -0.5251075625419617,
            0.6447869539260864,
            -0.5554383993148804,
            0.2912583351135254
          ],
          [
            -0.7914155721664429,
            -0.12997661530971527,
            0.5973118543624878,
            1.3396868705749512
          ],
          [
            0.0,
            0.0,
            0.0,
            1.0
          ]
        ]
      },
      "bone_length_armature_space": 0.10413073748820943,
      "parent": "lowerarm_l",
      "has_children": true,
      "is_end_bone": false
    },
    "pinky_01_l": {
      "name": "pinky_01_l",
      "local": {
        "location": {
          "x": 0.0,
          "y": 0.0,
          "z": 0.0
        },
        "rotation_quaternion": {
          "w": 0.9955410957336426,
          "x": -0.09155496954917908,
          "y": -0.022448107600212097,
          "z": -0.0034403963945806026
        },
        "scale": {
          "x": 1.0,
          "y": 1.0,
          "z": 1.0
        },
        "matrix_basis": [
          [
            0.9989684820175171,
            0.010960583575069904,
            -0.04406605660915375,
            0.0
          ],
          [
            -0.0027396404184401035,
            0.9832116961479187,
            0.18244792520999908,
            0.0
          ],
          [
            0.04532599821686745,
            -0.18213900923728943,
            0.9822275638580322,
            0.0
          ],
          [
            0.0,
            0.0,
            0.0,
            1.0
          ]
        ],
        "rotation_mode": "QUATERNION"
      },
      "armature_space": {
        "head": {
          "x": 0.6412113308906555,
          "y": 0.2951565086841583,
          "z": 0.3762982487678528
        },
        "tail": {
          "x": 0.6614680290222168,
