{
  "metadata": {
    "armature_name": "KIM_caucasian_male",
    "export_time": "2026-01-13T21:08:17.329436",
    "blender_version": "4.4.1",
    "bone_count": 56,
    "end_bone_count": 13,
    "spaces_included": [
      "LOCAL_CHANNELS",
      "ARMATURE_SPACE",
      "WORLD_SPACE"
    ],
    "note": "LOCAL matches Transform panel; replay pose via local.matrix_basis for best fidelity."
  },
  "bones": {
    "Root": {
      "name": "Root",
      "local": {
        "location": {
          "x": 0.0,
          "y": 0.0,
          "z": 0.0
        },
        "rotation_quaternion": {
          "w": 0.9995377659797668,
          "x": -0.004068520851433277,
          "y": -0.007288618478924036,
          "z": 0.029234936460852623
        },
        "scale": {
          "x": 1.0,
          "y": 1.0,
          "z": 1.0
        },
        "matrix_basis": [
          [
            0.9981843829154968,
            -0.05838353931903839,
            -0.014808384701609612,
            0.0
          ],
          [
            0.05850215256214142,
            0.9982575178146362,
            0.007707115728408098,
            0.0
          ],
          [
            0.014332612976431847,
            -0.008559444919228554,
            0.9998606443405151,
            0.0
          ],
          [
            0.0,
            0.0,
            0.0,
            1.0
          ]
        ],
        "rotation_mode": "QUATERNION"
      },
      "armature_space": {
        "head": {
          "x": 0.0,
          "y": 0.07072800397872925,
          "z": -0.009595036506652832
        },
        "tail": {
          "x": -0.004167175851762295,
          "y": 0.00020537525415420532,
          "z": 0.000588676892220974
        }
      },
      "world_space": {
        "head": {
          "x": 0.0,
          "y": 0.13397200405597687,
          "z": 0.9402589797973633
        },
        "tail": {
          "x": -0.004167175851762295,
          "y": 0.06344937533140182,
          "z": 0.9504426717758179
        },
        "rotation_quaternion": {
          "w": 0.07139579951763153,
          "x": 0.9969928860664368,
          "y": -0.029659543186426163,
          "z": -0.005302563775330782
        },
        "matrix": [
          [
            0.9981843829154968,
            -0.05838353931903839,
            -0.014808384701609612,
            0.0
          ],
          [
            -0.05989786610007286,
            -0.9880458116531372,
            -0.14204812049865723,
            0.13397200405597687
          ],
          [
            -0.0063381921499967575,
            0.14267726242542267,
            -0.9897560477256775,
            0.9402589797973633
          ],
          [
            0.0,
            0.0,
            0.0,
            1.0
          ]
        ]
      },
      "bone_length_armature_space": 0.07137586944857198,
      "parent": null,
      "has_children": true,
      "is_end_bone": false
    },
    "spine_01": {
      "name": "spine_01",
      "local": {
        "location": {
          "x": 0.0,
          "y": 0.0,
          "z": 0.0
        },
        "rotation_quaternion": {
          "w": 0.9919570684432983,
          "x": 0.09696479886770248,
          "y": 0.022241000086069107,
          "z": 0.0782584697008133
        },
        "scale": {
          "x": 1.0,
          "y": 1.0,
          "z": 1.0
        },
        "matrix_basis": [
          [
            0.9867619276046753,
            -0.15094490349292755,
            0.05930086970329285,
            0.0
          ],
          [
            0.15957127511501312,
            0.9689468741416931,
            -0.18888874351978302,
            0.0
          ],
          [
            -0.028947601094841957,
            0.1958509236574173,
            0.980206310749054,
            0.0
          ],
          [
            0.0,
            0.0,
            0.0,
            1.0
          ]
        ],
        "rotation_mode": "QUATERNION"
      },
      "armature_space": {
        "head": {
          "x": -0.004167175851762295,
          "y": 0.00020537525415420532,
          "z": 0.000588676892220974
        },
        "tail": {
          "x": -0.07883119583129883,
          "y": -0.0648355782032013,
          "z": 0.4784415066242218
        }
      },
      "world_space": {
        "head": {
          "x": -0.004167175851762295,
          "y": 0.06344937533140182,
          "z": 0.9504426717758179
        },
        "tail": {
          "x": -0.07883119583129883,
          "y": -0.0015915781259536743,
          "z": 1.4282954931259155
        },
        "rotation_quaternion": {
          "w": 0.6557319760322571,
          "x": 0.7510849237442017,
          "y": -0.058096546679735184,
          "z": 0.05011856183409691
        },
        "matrix": [
          [
            0.9882258176803589,
            -0.1529996544122696,
            -0.0009059198200702667,
            -0.004167175851762295
          ],
          [
            -0.021543115377426147,
            -0.13328030705451965,
            -0.990844190120697,
            0.06344937533140182
          ],
          [
            0.15147912502288818,
            0.9792041182518005,
            -0.1350090056657791,
            0.9504426717758179
          ],
          [
            0.0,
            0.0,
            0.0,
            1.0
          ]
        ]
      },
      "bone_length_armature_space": 0.4880044715352934,
      "parent": "Root",
      "has_children": true,
      "is_end_bone": false
    },
    "neck_01": {
      "name": "neck_01",
      "local": {
        "location": {
          "x": 0.0,
          "y": 0.0,
          "z": 0.0
        },
        "rotation_quaternion": {
          "w": 0.9938865900039673,
          "x": 0.07077854871749878,
          "y": -0.0065236506052315235,
          "z": -0.08448254317045212
        },
        "scale": {
          "x": 1.0,
          "y": 1.0,
          "z": 1.0
        },
        "matrix_basis": [
          [
            0.985640287399292,
            0.1670086681842804,
            -0.024926641955971718,
            0.0
          ],
          [
            -0.16885560750961304,
            0.9757062196731567,
            -0.13958942890167236,
            0.0
          ],
          [
            0.001008434104733169,
            0.14179396629333496,
            0.9898957014083862,
            0.0
          ],
          [
            0.0,
            0.0,
            0.0,
            1.0
          ]
        ],
        "rotation_mode": "QUATERNION"
      },
      "armature_space": {
        "head": {
          "x": -0.09006501734256744,
          "y": -0.10895706713199615,
          "z": 0.5454551577568054
        },
        "tail": {
          "x": -0.08652690798044205,
          "y": -0.17192548513412476,
          "z": 0.6262831687927246
        }
      },
      "world_space": {
        "head": {
          "x": -0.09006501734256744,
          "y": -0.045713067054748535,
          "z": 1.4953091144561768
        },
        "tail": {
          "x": -0.08652690798044205,
          "y": -0.10868148505687714,
          "z": 1.5761371850967407
        },
        "rotation_quaternion": {
          "w": 0.43840327858924866,
          "x": 0.8982621431350708,
          "y": 0.026522018015384674,
          "z": 0.014982243999838829
        },
        "matrix": [
          [
            0.9981442093849182,
            0.034510962665081024,
            0.05017071217298508,
            -0.09006501734256744
          ],
          [
            0.060784053057432175,
            -0.6141980886459351,
            -0.7868075966835022,
            -0.045713067054748535
          ],
          [
            0.0036613699048757553,
            0.7884019613265991,
            -0.6151610612869263,
            1.4953091144561768
          ],
          [
            0.0,
            0.0,
            0.0,
            1.0
          ]
        ]
      },
      "bone_length_armature_space": 0.10252173974072633,
      "parent": "spine_01",
      "has_children": true,
      "is_end_bone": false
    },
    "head": {
      "name": "head",
      "local": {
        "location": {
          "x": 0.0,
          "y": 0.0,
          "z": 0.0
        },
        "rotation_quaternion": {
          "w": 0.9772043228149414,
          "x": 0.089232437312603,
          "y": -0.04362311214208603,
          "z": -0.18763402104377747
        },
        "scale": {
          "x": 1.0,
          "y": 1.0,
          "z": 1.0
        },
        "matrix_basis": [
          [
            0.9257810115814209,
            0.3589283525943756,
            -0.11874347180128098,
            0.0
          ],
          [
            -0.37449875473976135,
            0.9136620759963989,
            -0.1580262929201126,
            0.0
          ],
          [
            0.05177130550146103,
            0.19076700508594513,
            0.980269193649292,
            0.0
          ],
          [
            0.0,
            0.0,
            0.0,
            1.0
          ]
        ],
        "rotation_mode": "QUATERNION"
      },
      "armature_space": {
        "head": {
          "x": -0.08652690052986145,
          "y": -0.17192554473876953,
          "z": 0.6262829899787903
        },
        "tail": {
          "x": -0.02738930657505989,
          "y": -0.23783855140209198,
          "z": 0.7536070346832275
        }
      },
      "world_space": {
        "head": {
          "x": -0.08652690052986145,
          "y": -0.10868154466152191,
          "z": 1.5761370658874512
        },
        "tail": {
          "x": -0.02738930657505989,
          "y": -0.17459455132484436,
          "z": 1.7034610509872437
        },
        "rotation_quaternion": {
          "w": 0.5154007077217102,
          "x": 0.8339202404022217,
          "y": 0.14786182343959808,
          "z": -0.13067574799060822
        },
        "matrix": [
          [
            0.9221214652061462,
            0.38131093978881836,
            -0.06552855670452118,
            -0.08652690052986145
          ],
          [
            0.11191073060035706,
            -0.42499786615371704,
            -0.8982499837875366,
            -0.10868154466152191
          ],
          [
            -0.3703645169734955,
            0.8209676742553711,
            -0.4345763325691223,
            1.5761370658874512
          ],
          [
            0.0,
            0.0,
            0.0,
            1.0
          ]
        ]
      },
      "bone_length_armature_space": 0.15509091601961777,
      "parent": "neck_01",
      "has_children": false,
      "is_end_bone": true
    },
    "upperarm_l": {
      "name": "upperarm_l",
      "local": {
        "location": {
          "x": 0.0,
          "y": 0.0,
          "z": 0.0
        },
        "rotation_quaternion": {
          "w": 0.9001601934432983,
          "x": -0.06488627195358276,
          "y": 0.43048736453056335,
          "z": -0.013497485779225826
        },
        "scale": {
          "x": 1.0,
          "y": 1.0,
          "z": 1.0
        },
        "matrix_basis": [
          [
            0.6289969086647034,
            -0.03156564012169838,
            0.7767667770385742,
            0.0
          ],
          [
            -0.08016523718833923,
            0.991215169429779,
            0.10519508272409439,
            0.0
          ],
          [
            -0.7732635736465454,
            -0.1284370720386505,
            0.6209408044815063,
            0.0
          ],
          [
            0.0,
            0.0,
            0.0,
            1.0
          ]
        ],
        "rotation_mode": "QUATERNION"
      },
      "armature_space": {
        "head": {
          "x": 0.0684487372636795,
          "y": -0.10639099776744843,
          "z": 0.5019363164901733
        },
        "tail": {
          "x": 0.32905805110931396,
          "y": -0.0683782696723938,
          "z": 0.551388144493103
        }
      },
      "world_space": {
        "head": {
          "x": 0.0684487372636795,
          "y": -0.043146997690200806,
          "z": 1.4517903327941895
        },
        "tail": {
          "x": 0.32905805110931396,
          "y": -0.005134269595146179,
          "z": 1.5012421607971191
        },
        "rotation_quaternion": {
          "w": 0.26045259833335876,
          "x": 0.6462045907974243,
          "y": 0.7092904448509216,
          "z": -0.10719730705022812
        },
        "matrix": [
          [
            -0.02916703000664711,
            0.972533643245697,
            0.23092760145664215,
            0.0684487372636795
          ],
          [
            0.8608531355857849,
            0.14185473322868347,
            -0.4886811673641205,
            -0.043146997690200806
          ],
          [
            -0.5080198049545288,
            0.184542715549469,
            -0.8413525223731995,
            1.4517903327941895
          ],
          [
            0.0,
            0.0,
            0.0,
            1.0
          ]
        ]
      },
      "bone_length_armature_space": 0.2679695339128856,
      "parent": "spine_01",
      "has_children": true,
      "is_end_bone": false
    },
    "lowerarm_l": {
      "name": "lowerarm_l",
      "local": {
        "location": {
          "x": 0.0,
          "y": 0.0,
          "z": 0.0
        },
        "rotation_quaternion": {
          "w": 0.9468715190887451,
          "x": 0.0915764793753624,
          "y": 0.08123879134654999,
          "z": -0.29740291833877563
        },
        "scale": {
          "x": 1.0,
          "y": 1.0,
          "z": 1.0
        },
        "matrix_basis": [
          [
            0.8099035024642944,
            0.5780838131904602,
            0.0993751734495163,
            0.0
          ],
          [
            -0.5483255982398987,
            0.8063305020332336,
            -0.2217436283826828,
            0.0
          ],
          [
            -0.2083156257867813,
            0.1251010149717331,
            0.9700280427932739,
            0.0
          ],
          [
            0.0,
            0.0,
            0.0,
            1.0
          ]
        ],
        "rotation_mode": "QUATERNION"
      },
      "armature_space": {
        "head": {
          "x": 0.32905811071395874,
          "y": -0.06837838143110275,
          "z": 0.551388144493103
        },
        "tail": {
          "x": 0.5556046962738037,
          "y": 0.03783682733774185,
          "z": 0.45670753717422485
        }
      },
      "world_space": {
        "head": {
          "x": 0.32905811071395874,
          "y": -0.005134381353855133,
          "z": 1.5012421607971191
        },
        "tail": {
          "x": 0.5556046962738037,
          "y": 0.10108082741498947,
          "z": 1.4065616130828857
        },
        "rotation_quaternion": {
          "w": 0.0881379023194313,
          "x": 0.48145967721939087,
          "y": 0.8311120867729187,
          "z": -0.26397180557250977
        },
        "matrix": [
          [
            -0.5208560228347778,
            0.8468257188796997,
            -0.10768026113510132,
            0.32905811071395874
          ],
          [
            0.7537627816200256,
            0.3970298767089844,
            -0.5236497521400452,
            -0.005134381353855133
          ],
          [
            -0.4006897807121277,
            -0.3539137542247772,
            -0.8451077342033386,
            1.5012421607971191
          ],
          [
            0.0,
            0.0,
            0.0,
            1.0
          ]
        ]
      },
      "bone_length_armature_space": 0.2675246582074696,
      "parent": "upperarm_l",
      "has_children": true,
      "is_end_bone": false
    },
    "metacarpal_thumb_l": {
      "name": "metacarpal_thumb_l",
      "local": {
        "location": {
          "x": 0.0,
          "y": 0.0,
          "z": 0.0
        },
        "rotation_quaternion": {
          "w": 0.9990521669387817,
          "x": -0.0413719043135643,
          "y": 0.011400899849832058,
          "z": 0.007291705347597599
        },
        "scale": {
          "x": 1.0,
          "y": 1.0,
          "z": 1.0
        },
        "matrix_basis": [
          [
            0.9996337294578552,
            -0.015512942336499691,
            0.022176843136548996,
            0.0
          ],
          [
            0.013626234605908394,
            0.9964703917503357,
            0.08283164352178574,
            0.0
          ],
          [
            -0.023383531719446182,
            -0.08249911665916443,
            0.9963167905807495,
            0.0
          ],
          [
            0.0,
            0.0,
            0.0,
            1.0
          ]
        ],
        "rotation_mode": "QUATERNION"
      },
      "armature_space": {
        "head": {
          "x": 0.5556046962738037,
          "y": 0.03783682733774185,
          "z": 0.45670753717422485
        },
        "tail": {
          "x": 0.5830225944519043,
          "y": 0.04149894043803215,
          "z": 0.4156167209148407
        }
      },
      "world_space": {
        "head": {
          "x": 0.5556046962738037,
          "y": 0.10108082741498947,
          "z": 1.4065616130828857
        },
        "tail": {
          "x": 0.5830225944519043,
          "y": 0.10474294424057007,
          "z": 1.3654707670211792
        },
        "rotation_quaternion": {
          "w": 0.5704659223556519,
          "x": -0.6777050495147705,
          "y": -0.4599284529685974,
          "z": 0.06124028190970421
        },
        "matrix": [
          [
            0.5694282054901123,
            0.5535205602645874,
            -0.6077550649642944,
            0.5556046962738037
          ],
          [
            0.693265438079834,
            0.07393176108598709,
            0.716880202293396,
            0.10108082741498947
          ],
          [
            0.44174426794052124,
            -0.8295531868934631,
            -0.3416394591331482,
            1.4065616130828857
          ],
          [
            0.0,
            0.0,
            0.0,
            1.0
          ]
        ]
      },
      "bone_length_armature_space": 0.04953390170297063,
      "parent": "lowerarm_l",
      "has_children": true,
      "is_end_bone": false
    },
    "thumb_01_l": {
      "name": "thumb_01_l",
      "local": {
        "location": {
          "x": 0.0,
          "y": 0.0,
          "z": 0.0
        },
        "rotation_quaternion": {
          "w": 0.9956562519073486,
          "x": -0.09214852750301361,
          "y": 0.0014113987563177943,
          "z": 0.013246183283627033
        },
        "scale": {
          "x": 1.0,
          "y": 1.0,
          "z": 1.0
        },
        "matrix_basis": [
          [
            0.9996451139450073,
            -0.026637407019734383,
            0.00036930342321284115,
            0.0
          ],
          [
            0.026117173954844475,
            0.9826663732528687,
            0.1835339069366455,
            0.0
          ],
          [
            -0.005251768510788679,
            -0.1834591180086136,
            0.9830133318901062,
            0.0
          ],
          [
            0.0,
            0.0,
            0.0,
            1.0
          ]
        ],
        "rotation_mode": "QUATERNION"
      },
      "armature_space": {
        "head": {
          "x": 0.5830225944519043,
          "y": 0.04149894043803215,
          "z": 0.4156167209148407
        },
        "tail": {
          "x": 0.5736436247825623,
          "y": 0.053756967186927795,
          "z": 0.3852784335613251
        }
      },
      "world_space": {
        "head": {
          "x": 0.5830225944519043,
          "y": 0.10474294424057007,
          "z": 1.3654707670211792
        },
        "tail": {
          "x": 0.5736436247825623,
          "y": 0.11700096726417542,
          "z": 1.3351324796676636
        },
        "rotation_quaternion": {
          "w": 0.7656069993972778,
          "x": -0.5637818574905396,
          "y": 0.30644163489341736,
          "z": -0.045710086822509766
        },
        "matrix": [
          [
            0.8080090880393982,
            -0.27553993463516235,
            0.5207675695419312,
            0.5830225944519043
          ],
          [
            -0.4155229926109314,
            0.36012163758277893,
            0.8352563977241516,
            0.10474294424057007
          ],
          [
            -0.4176894724369049,
            -0.891291618347168,
            0.17649051547050476,
            1.3654707670211792
          ],
          [
            0.0,
            0.0,
            0.0,
            1.0
          ]
        ]
      },
      "bone_length_armature_space": 0.03403874195968414,
      "parent": "metacarpal_thumb_l",
      "has_children": true,
      "is_end_bone": false
    },
    "thumb_02_l": {
      "name": "thumb_02_l",
      "local": {
        "location": {
          "x": 0.0,
          "y": 0.0,
          "z": 0.0
        },
        "rotation_quaternion": {
          "w": 0.9971497654914856,
          "x": 0.0754452794790268,
          "y": -7.424690556945279e-05,
          "z": -0.0007275584503076971
        },
        "scale": {
          "x": 1.0,
          "y": 1.0,
          "z": 1.0
        },
        "matrix_basis": [
          [
            0.999998927116394,
            0.0014397663762792945,
            -0.0002578522835392505,
            0.0
          ],
          [
            -0.001462172600440681,
            0.9886149764060974,
            -0.1504603773355484,
            0.0
          ],
          [
            3.8288868381641805e-05,
            0.1504606008529663,
            0.9886159896850586,
            0.0
          ],
          [
            0.0,
            0.0,
            0.0,
            1.0
          ]
        ],
        "rotation_mode": "QUATERNION"
      },
      "armature_space": {
        "head": {
          "x": 0.5736435651779175,
          "y": 0.053756941109895706,
          "z": 0.38527846336364746
        },
        "tail": {
          "x": 0.6050829291343689,
          "y": 0.06981426477432251,
          "z": 0.3661235272884369
        }
      },
      "world_space": {
        "head": {
          "x": 0.5736435651779175,
          "y": 0.11700093746185303,
          "z": 1.3351324796676636
        },
        "tail": {
          "x": 0.6050829291343689,
          "y": 0.13305826485157013,
          "z": 1.3159775733947754
        },
        "rotation_quaternion": {
          "w": 0.7862944602966309,
          "x": -0.10811655968427658,
          "y": 0.2857210040092468,
          "z": -0.5370432138442993
        },
        "matrix": [
          [
            0.25989478826522827,
            0.7827670574188232,
            0.5654469132423401,
            0.5736435651779175
          ],
          [
            -0.9063307642936707,
            0.3997899293899536,
            -0.13686785101890564,
            0.11700093746185303
          ],
          [
            -0.33319899439811707,
            -0.47691357135772705,
            0.8133547902107239,
            1.3351324796676636
          ],
          [
            0.0,
            0.0,
            0.0,
            1.0
          ]
        ]
      },
      "bone_length_armature_space": 0.0401644473461827,
      "parent": "thumb_01_l",
      "has_children": true,
      "is_end_bone": false
    },
    "thumb_03_l": {
      "name": "thumb_03_l",
      "local": {
        "location": {
          "x": 0.0,
          "y": 0.0,
          "z": 0.0
        },
        "rotation_quaternion": {
          "w": 0.9954187870025635,
          "x": 0.09534779191017151,
          "y": -0.004160680342465639,
          "z": -0.005736241117119789
        },
        "scale": {
          "x": 1.0,
          "y": 1.0,
          "z": 1.0
        },
        "matrix_basis": [
          [
            0.9998995661735535,
            0.010626501403748989,
            -0.009377114474773407,
            0.0
          ],
          [
            -0.012213347479701042,
            0.9817517995834351,
            -0.18977423012256622,
            0.0
          ],
          [
            0.007189362775534391,
            0.1898697018623352,
            0.9817829728126526,
            0.0
          ],
          [
            0.0,
            0.0,
            0.0,
            1.0
          ]
        ],
        "rotation_mode": "QUATERNION"
      },
      "armature_space": {
        "head": {
          "x": 0.6050828695297241,
          "y": 0.06981420516967773,
          "z": 0.3661234676837921
        },
        "tail": {
          "x": 0.6333510279655457,
          "y": 0.08101353794336319,
          "z": 0.3645821809768677
        }
      },
      "world_space": {
        "head": {
          "x": 0.6050828695297241,
          "y": 0.13305820524692535,
          "z": 1.3159774541854858
        },
        "tail": {
          "x": 0.6333510279655457,
          "y": 0.1442575454711914,
          "z": 1.3144361972808838
        },
        "rotation_quaternion": {
          "w": 0.7627977728843689,
          "x": 0.18863226473331451,
          "y": 0.3194819986820221,
          "z": -0.5296119451522827
        },
        "matrix": [
          [
            0.23488391935825348,
            0.9285036325454712,
            0.28759413957595825,
            0.6050828695297241
          ],
          [
            -0.6874449849128723,
            0.3678560256958008,
            -0.6261800527572632,
            0.13305820524692535
          ],
          [
            -0.6872093081474304,
            -0.050625383853912354,
            0.7247031927108765,
            1.3159774541854858
          ],
          [
            0.0,
            0.0,
            0.0,
            1.0
          ]
        ]
      },
      "bone_length_armature_space": 0.030444858590346336,
      "parent": "thumb_02_l",
      "has_children": false,
      "is_end_bone": true
    },
    "metacarpal_index_l": {
      "name": "metacarpal_index_l",
      "local": {
        "location": {
          "x": 0.0,
          "y": 0.0,
          "z": 0.0
        },
        "rotation_quaternion": {
          "w": 0.9988582730293274,
          "x": -0.044592827558517456,
          "y": 0.014519017189741135,
          "z": -0.009100926108658314
        },
        "scale": {
          "x": 1.0,
          "y": 1.0,
          "z": 1.0
        },
        "matrix_basis": [
          [
            0.9994127154350281,
            0.016886182129383087,
            0.029816552996635437,
            0.0
          ],
          [
            -0.01947595924139023,
            0.995857298374176,
            0.08881955593824387,
            0.0
          ],
          [
            -0.028193209320306778,
            -0.08934810012578964,
            0.9956013560295105,
            0.0
          ],
          [
            0.0,
            0.0,
            0.0,
            1.0
          ]
        ],
        "rotation_mode": "QUATERNION"
      },
      "armature_space": {
        "head": {
          "x": 0.5556046962738037,
          "y": 0.03783682733774185,
          "z": 0.45670753717422485
        },
        "tail": {
          "x": 0.6495633125305176,
          "y": 0.06703738123178482,
          "z": 0.3930806815624237
        }
      },
      "world_space": {
        "head": {
          "x": 0.5556046962738037,
          "y": 0.10108082741498947,
          "z": 1.4065616130828857
        },
        "tail": {
          "x": 0.6495633125305176,
          "y": 0.13028138875961304,
          "z": 1.3429347276687622
        },
        "rotation_quaternion": {
          "w": 0.34311509132385254,
          "x": -0.6061611771583557,
          "y": -0.7119543552398682,
          "z": 0.08922907710075378
        },
        "matrix": [
          [
            -0.029679346829652786,
            0.8018880486488342,
            -0.5967366099357605,
            0.5556046962738037
          ],
          [
            0.9243495464324951,
            0.2492116093635559,
            0.28891435265541077,
            0.10108082741498947
          ],
          [
            0.3803943693637848,
            -0.5430222153663635,
            -0.7486263513565063,
            1.4065616130828857
          ],
          [
            0.0,
            0.0,
            0.0,
            1.0
          ]
        ]
      },
      "bone_length_armature_space": 0.1171719717128718,
      "parent": "lowerarm_l",
      "has_children": true,
      "is_end_bone": false
    },
    "index_01_l": {
      "name": "index_01_l",
      "local": {
        "location": {
          "x": 0.0,
          "y": 0.0,
          "z": 0.0
        },
        "rotation_quaternion": {
          "w": 0.9949232339859009,
          "x": -0.10027840733528137,
          "y": -0.00848475843667984,
          "z": 0.00016124965623021126
        },
        "scale": {
          "x": 1.0,
          "y": 1.0,
          "z": 1.0
        },
        "matrix_basis": [
          [
            0.9998559951782227,
            0.001380814122967422,
            -0.016915706917643547,
            0.0
          ],
          [
            0.002022538101300597,
            0.9798884391784668,
            0.19953589141368866,
            0.0
          ],
          [
            0.016851026564836502,
            -0.199541375041008,
            0.9797444939613342,
            0.0
          ],
          [
            0.0,
            0.0,
            0.0,
            1.0
          ]
        ],
        "rotation_mode": "QUATERNION"
      },
      "armature_space": {
        "head": {
          "x": 0.6495633125305176,
          "y": 0.06703738123178482,
          "z": 0.3930806815624237
        },
        "tail": {
          "x": 0.6751329898834229,
          "y": 0.07925373315811157,
          "z": 0.389914870262146
        }
      },
      "world_space": {
        "head": {
          "x": 0.6495633125305176,
          "y": 0.13028138875961304,
          "z": 1.3429347276687622
        },
        "tail": {
          "x": 0.6751329898834229,
          "y": 0.1424977332353592,
          "z": 1.339768886566162
        },
        "rotation_quaternion": {
          "w": 0.26759541034698486,
          "x": -0.5240387320518494,
          "y": -0.801628053188324,
          "z": -0.10568138211965561
        },
        "matrix": [
          [
            -0.30755141377449036,
            0.8967289924621582,
            -0.3182596266269684,
            0.6495633125305176
          ],
          [
            0.7836089730262756,
            0.4284279942512512,
            0.449895977973938,
            0.13028138875961304
          ],
          [
            0.5397908091545105,
            -0.11102543771266937,
            -0.8344540596008301,
            1.3429347276687622
          ],
          [
            0.0,
            0.0,
            0.0,
            1.0
          ]
        ]
      },
      "bone_length_armature_space": 0.028514382715565917,
      "parent": "metacarpal_index_l",
      "has_children": true,
      "is_end_bone": false
    },
    "index_02_l": {
      "name": "index_02_l",
      "local": {
        "location": {
          "x": 0.0,
          "y": 0.0,
          "z": 0.0
        },
        "rotation_quaternion": {
          "w": 0.9987137913703918,
          "x": 0.050688326358795166,
          "y": -0.0010589341400191188,
          "z": -0.0006311190081760287
        },
        "scale": {
          "x": 1.0,
          "y": 1.0,
          "z": 1.0
        },
        "matrix_basis": [
          [
            0.9999969601631165,
            0.0011532632634043694,
            -0.002179125091060996,
            0.0
          ],
          [
            -0.0013679657131433487,
            0.9948605895042419,
            -0.10124492645263672,
            0.0
          ],
          [
            0.002051163464784622,
            0.10124760121107101,
            0.9948591589927673,
            0.0
          ],
          [
            0.0,
            0.0,
            0.0,
            1.0
          ]
        ],
        "rotation_mode": "QUATERNION"
      },
      "armature_space": {
        "head": {
          "x": 0.6751332879066467,
          "y": 0.07925385236740112,
          "z": 0.3899144232273102
        },
        "tail": {
          "x": 0.697333037853241,
          "y": 0.09149876236915588,
          "z": 0.38599997758865356
        }
      },
      "world_space": {
        "head": {
          "x": 0.6751332879066467,
          "y": 0.14249785244464874,
          "z": 1.339768409729004
        },
        "tail": {
          "x": 0.697333037853241,
          "y": 0.1547427624464035,
          "z": 1.3358540534973145
        },
        "rotation_quaternion": {
          "w": 0.25536492466926575,
          "x": -0.5070854425430298,
          "y": -0.8206407427787781,
          "z": -0.06482288241386414
        },
        "matrix": [
          [
            -0.3553057014942169,
            0.8653777837753296,
            -0.353382408618927,
            0.6751332879066467
          ],
          [
            0.7991632223129272,
            0.4773234724998474,
            0.3653772175312042,
            0.14249785244464874
          ],
          [
            0.48487135767936707,
            -0.1525903344154358,
            -0.8611796498298645,
            1.339768409729004
          ],
          [
            0.0,
            0.0,
            0.0,
            1.0
          ]
        ]
      },
      "bone_length_armature_space": 0.025653257292492255,
      "parent": "index_01_l",
      "has_children": true,
      "is_end_bone": false
    },
    "index_03_l": {
      "name": "index_03_l",
      "local": {
        "location": {
          "x": 0.0,
          "y": 0.0,
          "z": 0.0
        },
        "rotation_quaternion": {
          "w": 0.9974485635757446,
          "x": 0.07121588289737701,
          "y": 0.00039667263627052307,
          "z": -0.0049479347653687
        },
        "scale": {
          "x": 1.0,
          "y": 1.0,
          "z": 1.0
        },
        "matrix_basis": [
          [
            0.9999507069587708,
            0.009927120059728622,
            8.657801663503051e-05,
            0.0
          ],
          [
            -0.009814121760427952,
            0.9898076057434082,
            -0.14207229018211365,
            0.0
          ],
          [
            -0.001496064243838191,
            0.1420644372701645,
            0.9898563027381897,
            0.0
          ],
          [
            0.0,
            0.0,
            0.0,
            1.0
          ]
        ],
        "rotation_mode": "QUATERNION"
      },
      "armature_space": {
        "head": {
          "x": 0.6973330974578857,
          "y": 0.09149868041276932,
          "z": 0.3860000967979431
        },
        "tail": {
          "x": 0.7183168530464172,
          "y": 0.10997296869754791,
          "z": 0.3775080442428589
        }
      },
      "world_space": {
        "head": {
          "x": 0.6973330974578857,
          "y": 0.15474268794059753,
          "z": 1.3358540534973145
        },
        "tail": {
          "x": 0.7183168530464172,
          "y": 0.17321696877479553,
          "z": 1.327362060546875
        },
        "rotation_quaternion": {
          "w": 0.3360085189342499,
          "x": -0.42878785729408264,
          "y": -0.8385923504829407,
          "z": 0.001481485553085804
        },
        "matrix": [
          [
            -0.4064777195453644,
            0.7181622385978699,
            -0.5648174285888672,
            0.6973330974578857
          ],
          [
            0.7201523780822754,
            0.6322764158248901,
            0.2856694757938385,
            0.15474268794059753
          ],
          [
            0.5622825622558594,
            -0.29063791036605835,
            -0.7741978168487549,
            1.3358540534973145
          ],
          [
            0.0,
            0.0,
            0.0,
            1.0
          ]
        ]
      },
      "bone_length_armature_space": 0.029218697549459226,
      "parent": "index_02_l",
      "has_children": false,
      "is_end_bone": true
    },
    "metacarpal_pinky_l": {
      "name": "metacarpal_pinky_l",
      "local": {
        "location": {
          "x": 0.0,
          "y": 0.0,
          "z": 0.0
        },
        "rotation_quaternion": {
          "w": 0.9989863038063049,
          "x": -0.044517356902360916,
          "y": 0.006510443519800901,
          "z": -0.0015102033503353596
        },
        "scale": {
          "x": 1.0,
          "y": 1.0,
          "z": 1.0
        },
        "matrix_basis": [
          [
            0.9999106526374817,
            0.0024376893416047096,
            0.013142148032784462,
            0.0
          ],
          [
            -0.0035970003809779882,
            0.9960318207740784,
            0.08892479538917542,
            0.0
          ],
          [
            -0.012873227708041668,
            -0.08896412700414658,
            0.9959516525268555,
            0.0
          ],
          [
            0.0,
            0.0,
            0.0,
            1.0
          ]
        ],
        "rotation_mode": "QUATERNION"
      },
      "armature_space": {
        "head": {
          "x": 0.5556046962738037,
          "y": 0.03783682733774185,
          "z": 0.45670753717422485
        },
        "tail": {
          "x": 0.6373193264007568,
          "y": 0.10158117860555649,
          "z": 0.4465790390968323
        }
      },
      "world_space": {
        "head": {
          "x": 0.5556046962738037,
          "y": 0.10108082741498947,
          "z": 1.4065616130828857
        },
        "tail": {
          "x": 0.6373193264007568,
          "y": 0.1648251712322235,
          "z": 1.3964331150054932
        },
        "rotation_quaternion": {
          "w": 0.6575918793678284,
          "x": 0.2578664720058441,
          "y": 0.6112706065177917,
          "z": -0.35696813464164734
        },
        "matrix": [
          [
            -0.00215610908344388,
            0.7847311496734619,
            0.6198323369026184,
            0.5556046962738037
          ],
          [
            -0.15422676503658295,
            0.6121568083763123,
            -0.7755503058433533,
            0.10108082741498947
          ],
          [
            -0.9880403280258179,
            -0.0972670465707779,
            0.11970654875040054,
            1.4065616130828857
          ],
          [
            0.0,
            0.0,
            0.0,
            1.0
          ]
        ]
      },
      "bone_length_armature_space": 0.10413073203809237,
      "parent": "lowerarm_l",
      "has_children": true,
      "is_end_bone": false
    },
    "pinky_01_l": {
      "name": "pinky_01_l",
      "local": {
        "location": {
          "x": 0.0,
          "y": 0.0,
          "z": 0.0
        },
        "rotation_quaternion": {
          "w": 0.989004909992218,
          "x": -0.1474517434835434,
          "y": -0.010773309506475925,
          "z": -0.0033523798920214176
        },
        "scale": {
          "x": 1.0,
          "y": 1.0,
          "z": 1.0
        },
        "matrix_basis": [
          [
            0.9997453689575195,
            0.009808126837015152,
            -0.020321084186434746,
            0.0
          ],
          [
            -0.003453953890129924,
            0.9564934968948364,
            0.2917332351207733,
            0.0
          ],
          [
            0.022298339754343033,
            -0.29158875346183777,
            0.9562838673591614,
            0.0
          ],
          [
            0.0,
            0.0,
            0.0,
            1.0
          ]
        ],
        "rotation_mode": "QUATERNION"
      },
      "armature_space": {
        "head": {
          "x": 0.6373193264007568,
          "y": 0.10158117860555649,
          "z": 0.4465790390968323
        },
        "tail": {
