{
  "metadata": {
    "armature_name": "KIM_caucasian_male",
    "export_time": "2026-01-13T20:26:55.324568",
    "blender_version": "4.4.1",
    "bone_count": 56,
    "end_bone_count": 13,
    "spaces_included": [
      "LOCAL_CHANNELS",
      "ARMATURE_SPACE",
      "WORLD_SPACE"
    ],
    "note": "LOCAL matches Transform panel; replay pose via local.matrix_basis for best fidelity."
  },
  "bones": {
    "Root": {
      "name": "Root",
      "local": {
        "location": {
          "x": 0.0,
          "y": 0.0,
          "z": 0.0
        },
        "rotation_quaternion": {
          "w": 0.9997603893280029,
          "x": 0.01768065057694912,
          "y": -0.0007093215244822204,
          "z": 0.012890752404928207
        },
        "scale": {
          "x": 1.0,
          "y": 1.0,
          "z": 1.0
        },
        "matrix_basis": [
          [
            0.9996666312217712,
            -0.02580041065812111,
            -0.0009624693775549531,
            0.0
          ],
          [
            0.02575024403631687,
            0.9990424513816833,
            -0.035371117293834686,
            0.0
          ],
          [
            0.0018741368548944592,
            0.03533454239368439,
            0.9993737936019897,
            0.0
          ],
          [
            0.0,
            0.0,
            0.0,
            1.0
          ]
        ],
        "rotation_mode": "QUATERNION"
      },
      "armature_space": {
        "head": {
          "x": 0.0,
          "y": 0.07072800397872925,
          "z": -0.009595036506652832
        },
        "tail": {
          "x": -0.00184152671135962,
          "y": -0.0002713128924369812,
          "z": -0.0025083469226956367
        }
      },
      "world_space": {
        "head": {
          "x": 0.0,
          "y": 0.13397200405597687,
          "z": 0.9402589797973633
        },
        "tail": {
          "x": -0.00184152671135962,
          "y": 0.06297268718481064,
          "z": 0.9473456740379333
        },
        "rotation_quaternion": {
          "w": 0.049711037427186966,
          "x": 0.9986802935600281,
          "y": -0.012909255921840668,
          "z": 0.00016071116260718554
        },
        "matrix": [
          [
            0.9996666312217712,
            -0.02580041065812111,
            -0.0009624693775549531,
            0.0
          ],
          [
            -0.025768453255295753,
            -0.9947243332862854,
            -0.09929545223712921,
            0.13397200405597687
          ],
          [
            0.0016044586664065719,
            0.09928691387176514,
            -0.9950645565986633,
            0.9402589797973633
          ],
          [
            0.0,
            0.0,
            0.0,
            1.0
          ]
        ]
      },
      "bone_length_armature_space": 0.07137587477805024,
      "parent": null,
      "has_children": true,
      "is_end_bone": false
    },
    "spine_01": {
      "name": "spine_01",
      "local": {
        "location": {
          "x": 0.0,
          "y": 0.0,
          "z": 0.0
        },
        "rotation_quaternion": {
          "w": 0.9950061440467834,
          "x": 0.08247587829828262,
          "y": 0.0237998366355896,
          "z": 0.050934240221977234
        },
        "scale": {
          "x": 1.0,
          "y": 1.0,
          "z": 1.0
        },
        "matrix_basis": [
          [
            0.9936785697937012,
            -0.09743393957614899,
            0.05576365813612938,
            0.0
          ],
          [
            0.10528559237718582,
            0.9812068939208984,
            -0.16170355677604675,
            0.0
          ],
          [
            -0.03896027430891991,
            0.16655246913433075,
            0.9852625727653503,
            0.0
          ],
          [
            0.0,
            0.0,
            0.0,
            1.0
          ]
        ],
        "rotation_mode": "QUATERNION"
      },
      "armature_space": {
        "head": {
          "x": -0.00184152671135962,
          "y": -0.0002713128924369812,
          "z": -0.0025083469226956367
        },
        "tail": {
          "x": -0.052097007632255554,
          "y": -0.07483022660017014,
          "z": 0.47714123129844666
        }
      },
      "world_space": {
        "head": {
          "x": -0.00184152671135962,
          "y": 0.06297268718481064,
          "z": 0.9473456740379333
        },
        "tail": {
          "x": -0.052097007632255554,
          "y": -0.011586226522922516,
          "z": 1.4269952774047852
        },
        "rotation_quaternion": {
          "w": 0.6501973867416382,
          "x": 0.7578591108322144,
          "y": -0.02917478419840336,
          "z": 0.04518743231892586
        },
        "matrix": [
          [
            0.9942138195037842,
            -0.1029822826385498,
            0.03055199608206749,
            -0.00184152671135962
          ],
          [
            0.01454009860754013,
            -0.15278427302837372,
            -0.9881526231765747,
            0.06297268718481064
          ],
          [
            0.10643083602190018,
            0.982886016368866,
            -0.15040481090545654,
            0.9473456740379333
          ],
          [
            0.0,
            0.0,
            0.0,
            1.0
          ]
        ]
      },
      "bone_length_armature_space": 0.48800445841483414,
      "parent": "Root",
      "has_children": true,
      "is_end_bone": false
    },
    "neck_01": {
      "name": "neck_01",
      "local": {
        "location": {
          "x": 0.0,
          "y": 0.0,
          "z": 0.0
        },
        "rotation_quaternion": {
          "w": 0.9837106466293335,
          "x": -0.14653822779655457,
          "y": 0.03894234821200371,
          "z": 0.09655721485614777
        },
        "scale": {
          "x": 1.0,
          "y": 1.0,
          "z": 1.0
        },
        "matrix_basis": [
          [
            0.9783204197883606,
            -0.20138180255889893,
            0.048317357897758484,
            0.0
          ],
          [
            0.17855563759803772,
            0.9384065270423889,
            0.29582276940345764,
            0.0
          ],
          [
            -0.10491465032100677,
            -0.2807821035385132,
            0.954020082950592,
            0.0
          ],
          [
            0.0,
            0.0,
            0.0,
            1.0
          ]
        ],
        "rotation_mode": "QUATERNION"
      },
      "armature_space": {
        "head": {
          "x": -0.058577653020620346,
          "y": -0.12028641998767853,
          "z": 0.5438905358314514
        },
        "tail": {
          "x": -0.0890444964170456,
          "y": -0.14562629163265228,
          "z": 0.6384442448616028
        }
      },
      "world_space": {
        "head": {
          "x": -0.058577653020620346,
          "y": -0.05704241991043091,
          "z": 1.4937446117401123
        },
        "tail": {
          "x": -0.0890444964170456,
          "y": -0.08238229155540466,
          "z": 1.5882983207702637
        },
        "rotation_quaternion": {
          "w": 0.6065894365310669,
          "x": 0.7794378399848938,
          "y": -0.09200926125049591,
          "z": 0.12672865390777588
        },
        "matrix": [
          [
            0.9509484171867371,
            -0.29717567563056946,
            0.08592890202999115,
            -0.058577653020620346
          ],
          [
            0.010311946272850037,
            -0.24716678261756897,
            -0.9689182043075562,
            -0.05704241991043091
          ],
          [
            0.3091798722743988,
            0.922283411026001,
            -0.23198094964027405,
            1.4937446117401123
          ],
          [
            0.0,
            0.0,
            0.0,
            1.0
          ]
        ]
      },
      "bone_length_armature_space": 0.10252190940300306,
      "parent": "spine_01",
      "has_children": true,
      "is_end_bone": false
    },
    "head": {
      "name": "head",
      "local": {
        "location": {
          "x": 0.0,
          "y": 0.0,
          "z": 0.0
        },
        "rotation_quaternion": {
          "w": 0.9903801083564758,
          "x": 0.038185372948646545,
          "y": 0.06463159620761871,
          "z": 0.11624033749103546
        },
        "scale": {
          "x": 1.0,
          "y": 1.0,
          "z": 1.0
        },
        "matrix_basis": [
          [
            0.964621901512146,
            -0.22530826926231384,
            0.13689705729484558,
            0.0
          ],
          [
            0.23518019914627075,
            0.9700601100921631,
            -0.06061046943068504,
            0.0
          ],
          [
            -0.1191423311829567,
            0.0906616672873497,
            0.9887292385101318,
            0.0
          ],
          [
            0.0,
            0.0,
            0.0,
            1.0
          ]
        ],
        "rotation_mode": "QUATERNION"
      },
      "armature_space": {
        "head": {
          "x": -0.0890444666147232,
          "y": -0.14562642574310303,
          "z": 0.6384441256523132
        },
        "tail": {
          "x": -0.1691371351480484,
          "y": -0.14181938767433167,
          "z": 0.7711991667747498
        }
      },
      "world_space": {
        "head": {
          "x": -0.0890444666147232,
          "y": -0.08238242566585541,
          "z": 1.5882980823516846
        },
        "tail": {
          "x": -0.1691371351480484,
          "y": -0.07857538759708405,
          "z": 1.721053123474121
        },
        "rotation_quaternion": {
          "w": 0.7022640705108643,
          "x": 0.6563805341720581,
          "y": -0.13819655776023865,
          "z": 0.2385193109512329
        },
        "matrix": [
          [
            0.8480201959609985,
            -0.5164263248443604,
            0.11902013421058655,
            -0.0890444666147232
          ],
          [
            0.15359126031398773,
            0.024547263979911804,
            -0.9878296256065369,
            -0.08238242566585541
          ],
          [
            0.5072232484817505,
            0.8559858798980713,
            0.10013484954833984,
            1.5882980823516846
          ],
          [
            0.0,
            0.0,
            0.0,
            1.0
          ]
        ]
      },
      "bone_length_armature_space": 0.1550910385798392,
      "parent": "neck_01",
      "has_children": false,
      "is_end_bone": true
    },
    "upperarm_l": {
      "name": "upperarm_l",
      "local": {
        "location": {
          "x": 0.0,
          "y": 0.0,
          "z": 0.0
        },
        "rotation_quaternion": {
          "w": 0.8568605780601501,
          "x": 0.4038105607032776,
          "y": 0.24016965925693512,
          "z": 0.21223922073841095
        },
        "scale": {
          "x": 1.0,
          "y": 1.0,
          "z": 1.0
        },
        "matrix_basis": [
          [
            0.7945460677146912,
            -0.16975274682044983,
            0.5829927325248718,
            0.0
          ],
          [
            0.5576849579811096,
            0.5837830901145935,
            -0.5900718569755554,
            0.0
          ],
          [
            -0.24017494916915894,
            0.7939655184745789,
            0.5585111379623413,
            0.0
          ],
          [
            0.0,
            0.0,
            0.0,
            1.0
          ]
        ],
        "rotation_mode": "QUATERNION"
      },
      "armature_space": {
        "head": {
          "x": 0.09757306426763535,
          "y": -0.11098846793174744,
          "z": 0.49331796169281006
        },
        "tail": {
          "x": 0.26470136642456055,
          "y": -0.3192378282546997,
          "z": 0.5158558487892151
        }
      },
      "world_space": {
        "head": {
          "x": 0.09757306426763535,
          "y": -0.04774446785449982,
          "z": 1.4431719779968262
        },
        "tail": {
          "x": 0.26470136642456055,
          "y": -0.2559938430786133,
          "z": 1.465709924697876
        },
        "rotation_quaternion": {
          "w": 0.1601373851299286,
          "x": 0.88010573387146,
          "y": 0.2928931415081024,
          "z": -0.33761459589004517
        },
        "matrix": [
          [
            0.600459635257721,
            0.6236841678619385,
            -0.5004660487174988,
            0.09757306426763535
          ],
          [
            0.4074246287345886,
            -0.7771384716033936,
            -0.47964686155319214,
            -0.04774446785449982
          ],
          [
            -0.6880840063095093,
            0.08410623669624329,
            -0.7207500338554382,
            1.4431719779968262
          ],
          [
            0.0,
            0.0,
            0.0,
            1.0
          ]
        ]
      },
      "bone_length_armature_space": 0.26796943703388193,
      "parent": "spine_01",
      "has_children": true,
      "is_end_bone": false
    },
    "lowerarm_l": {
      "name": "lowerarm_l",
      "local": {
        "location": {
          "x": 0.0,
          "y": 0.0,
          "z": 0.0
        },
        "rotation_quaternion": {
          "w": 0.9238890409469604,
          "x": 0.23597212135791779,
          "y": -0.17310461401939392,
          "z": 0.2465382218360901
        },
        "scale": {
          "x": 1.0,
          "y": 1.0,
          "z": 1.0
        },
        "matrix_basis": [
          [
            0.8185073733329773,
            -0.537243664264679,
            -0.20350661873817444,
            0.0
          ],
          [
            0.3738521933555603,
            0.7670721411705017,
            -0.5213779211044312,
            0.0
          ],
          [
            0.4362111985683441,
            0.35067030787467957,
            0.8287038803100586,
            0.0
          ],
          [
            0.0,
            0.0,
            0.0,
            1.0
          ]
        ],
        "rotation_mode": "QUATERNION"
      },
      "armature_space": {
        "head": {
          "x": 0.26470130681991577,
          "y": -0.31923794746398926,
          "z": 0.5158559083938599
        },
        "tail": {
          "x": 0.23001934587955475,
          "y": -0.5768204927444458,
          "z": 0.5792418122291565
        }
      },
      "world_space": {
        "head": {
          "x": 0.26470130681991577,
          "y": -0.25599396228790283,
          "z": 1.465709924697876
        },
        "tail": {
          "x": 0.23001934587955475,
          "y": -0.5135765075683594,
          "z": 1.5290958881378174
        },
        "rotation_quaternion": {
          "w": 0.06299193948507309,
          "x": 0.8233129382133484,
          "y": -0.12088555842638016,
          "z": -0.5509759783744812
        },
        "matrix": [
          [
            0.36362433433532715,
            -0.1296403408050537,
            -0.9224807024002075,
            0.26470130681991577
          ],
          [
            -0.26846784353256226,
            -0.9628373384475708,
            0.02948668599128723,
            -0.25599396228790283
          ],
          [
            -0.8920280337333679,
            0.23693503439426422,
            -0.3849179446697235,
            1.465709924697876
          ],
          [
            0.0,
            0.0,
            0.0,
            1.0
          ]
        ]
      },
      "bone_length_armature_space": 0.26752454049738006,
      "parent": "upperarm_l",
      "has_children": true,
      "is_end_bone": false
    },
    "metacarpal_thumb_l": {
      "name": "metacarpal_thumb_l",
      "local": {
        "location": {
          "x": 0.0,
          "y": 0.0,
          "z": 0.0
        },
        "rotation_quaternion": {
          "w": 0.9983194470405579,
          "x": -0.056298185139894485,
          "y": 0.012620223686099052,
          "z": -0.005436550825834274
        },
        "scale": {
          "x": 1.0,
          "y": 1.0,
          "z": 1.0
        },
        "matrix_basis": [
          [
            0.9996223449707031,
            0.009433837607502937,
            0.02581016533076763,
            0.0
          ],
          [
            -0.012275820598006248,
            0.99360191822052,
            0.11226992309093475,
            0.0
          ],
          [
            -0.024585893377661705,
            -0.11254436522722244,
            0.9933424592018127,
            0.0
          ],
          [
            0.0,
            0.0,
            0.0,
            1.0
          ]
        ],
        "rotation_mode": "QUATERNION"
      },
      "armature_space": {
        "head": {
          "x": 0.23001934587955475,
          "y": -0.5768204927444458,
          "z": 0.5792418122291565
        },
        "tail": {
          "x": 0.1994929313659668,
          "y": -0.615537703037262,
          "z": 0.5744771361351013
        }
      },
      "world_space": {
        "head": {
          "x": 0.23001934587955475,
          "y": -0.5135765075683594,
          "z": 1.5290958881378174
        },
        "tail": {
          "x": 0.1994929313659668,
          "y": -0.5522937178611755,
          "z": 1.5243310928344727
        },
        "rotation_quaternion": {
          "w": 0.0248617772012949,
          "x": 0.9189450740814209,
          "y": -0.32949182391166687,
          "z": 0.21530717611312866
        },
        "matrix": [
          [
            0.6901556253433228,
            -0.6162759065628052,
            0.3793269693851471,
            0.23001934587955475
          ],
          [
            -0.5948637127876282,
            -0.7816338539123535,
            -0.18757840991020203,
            -0.5135765075683594
          ],
          [
            0.4120972454547882,
            -0.0961909070611,
            -0.9060558080673218,
            1.5290958881378174
          ],
          [
            0.0,
            0.0,
            0.0,
            1.0
          ]
        ]
      },
      "bone_length_armature_space": 0.04953369036677483,
      "parent": "lowerarm_l",
      "has_children": true,
      "is_end_bone": false
    },
    "thumb_01_l": {
      "name": "thumb_01_l",
      "local": {
        "location": {
          "x": 0.0,
          "y": 0.0,
          "z": 0.0
        },
        "rotation_quaternion": {
          "w": 0.9996660947799683,
          "x": 0.022259559482336044,
          "y": -0.011881167069077492,
          "z": -0.005585252773016691
        },
        "scale": {
          "x": 1.0,
          "y": 1.0,
          "z": 1.0
        },
        "matrix_basis": [
          [
            0.9996553063392639,
            0.010637836530804634,
            -0.024003051221370697,
            0.0
          ],
          [
            -0.01169571466743946,
            0.9989466071128845,
            -0.04437153413891792,
            0.0
          ],
          [
            0.02350574918091297,
            0.04463697224855423,
            0.9987267255783081,
            0.0
          ],
          [
            0.0,
            0.0,
            0.0,
            1.0
          ]
        ],
        "rotation_mode": "QUATERNION"
      },
      "armature_space": {
        "head": {
          "x": 0.1994929313659668,
          "y": -0.615537703037262,
          "z": 0.5744771361351013
        },
        "tail": {
          "x": 0.1931348741054535,
          "y": -0.6365488767623901,
          "z": 0.5484628677368164
        }
      },
      "world_space": {
        "head": {
          "x": 0.1994929313659668,
          "y": -0.5522937178611755,
          "z": 1.5243310928344727
        },
        "tail": {
          "x": 0.1931348741054535,
          "y": -0.5733048915863037,
          "z": 1.4983168840408325
        },
        "rotation_quaternion": {
          "w": 0.08534639328718185,
          "x": -0.3798219859600067,
          "y": 0.42904460430145264,
          "z": -0.8150901794433594
        },
        "matrix": [
          [
            -0.6969033479690552,
            -0.18678994476795197,
            0.6924124360084534,
            0.1994929313659668
          ],
          [
            -0.46505019068717957,
            -0.6172746419906616,
            -0.6345868110656738,
            -0.5522937178611755
          ],
          [
            0.5459465980529785,
            -0.764258086681366,
            0.3433160185813904,
            1.5243310928344727
          ],
          [
            0.0,
            0.0,
            0.0,
            1.0
          ]
        ]
      },
      "bone_length_armature_space": 0.0340387498686251,
      "parent": "metacarpal_thumb_l",
      "has_children": true,
      "is_end_bone": false
    },
    "thumb_02_l": {
      "name": "thumb_02_l",
      "local": {
        "location": {
          "x": 0.0,
          "y": 0.0,
          "z": 0.0
        },
        "rotation_quaternion": {
          "w": 0.9902322292327881,
          "x": 0.13919055461883545,
          "y": 0.00020879320800304413,
          "z": 0.008131463080644608
        },
        "scale": {
          "x": 1.0,
          "y": 1.0,
          "z": 1.0
        },
        "matrix_basis": [
          [
            0.9998676776885986,
            -0.0160459503531456,
            0.002677153330296278,
            0.0
          ],
          [
            0.016162198036909103,
            0.9611197113990784,
            -0.2756585478782654,
            0.0
          ],
          [
            0.0018501381855458021,
            0.2756653428077698,
            0.9612519145011902,
            0.0
          ],
          [
            0.0,
            0.0,
            0.0,
            1.0
          ]
        ],
        "rotation_mode": "QUATERNION"
      },
      "armature_space": {
        "head": {
          "x": 0.1931348592042923,
          "y": -0.6365488171577454,
          "z": 0.5484628677368164
        },
        "tail": {
          "x": 0.19225400686264038,
          "y": -0.6728103756904602,
          "z": 0.5657112002372742
        }
      },
      "world_space": {
        "head": {
          "x": 0.1931348592042923,
          "y": -0.5733048319816589,
          "z": 1.4983168840408325
        },
        "tail": {
          "x": 0.19225400686264038,
          "y": -0.6095663905143738,
          "z": 1.5155651569366455
        },
        "rotation_quaternion": {
          "w": 0.04182860255241394,
          "x": 0.13601422309875488,
          "y": 0.21641606092453003,
          "z": 0.9658750295639038
        },
        "matrix": [
          [
            -0.9595009684562683,
            -0.021931089460849762,
            0.2808501422405243,
            0.1931348592042923
          ],
          [
            0.13967378437519073,
            -0.9028288125991821,
            0.4066833257675171,
            -0.5733048319816589
          ],
          [
            0.24464242160320282,
            0.42944279313087463,
            0.8693346977233887,
            1.4983168840408325
          ],
          [
            0.0,
            0.0,
            0.0,
            1.0
          ]
        ]
      },
      "bone_length_armature_space": 0.040164430227108826,
      "parent": "thumb_01_l",
      "has_children": true,
      "is_end_bone": false
    },
    "thumb_03_l": {
      "name": "thumb_03_l",
      "local": {
        "location": {
          "x": 0.0,
          "y": 0.0,
          "z": 0.0
        },
        "rotation_quaternion": {
          "w": 0.9956543445587158,
          "x": 0.09305358678102493,
          "y": -0.0012294015614315867,
          "z": -0.0034812435042113066
        },
        "scale": {
          "x": 1.0,
          "y": 1.0,
          "z": 1.0
        },
        "matrix_basis": [
          [
            0.9999727606773376,
            0.006703429855406284,
            -0.003096002386882901,
            0.0
          ],
          [
            -0.007161031011492014,
            0.9826578497886658,
            -0.18528985977172852,
            0.0
          ],
          [
            0.0018002336146309972,
            0.18530698120594025,
            0.982679009437561,
            0.0
          ],
          [
            0.0,
            0.0,
            0.0,
            1.0
          ]
        ],
        "rotation_mode": "QUATERNION"
      },
      "armature_space": {
        "head": {
          "x": 0.1922539472579956,
          "y": -0.6728103756904602,
          "z": 0.5657111406326294
        },
        "tail": {
          "x": 0.19769559800624847,
          "y": -0.6925218105316162,
          "z": 0.5882664918899536
        }
      },
      "world_space": {
        "head": {
          "x": 0.1922539472579956,
          "y": -0.6095663905143738,
          "z": 1.5155651569366455
        },
        "tail": {
          "x": 0.19769559800624847,
          "y": -0.6292778253555298,
          "z": 1.5381205081939697
        },
        "rotation_quaternion": {
          "w": 0.11220080405473709,
          "x": 0.03066248819231987,
          "y": -0.4045830965042114,
          "z": -0.9070740342140198
        },
        "matrix": [
          [
            -0.9729413986206055,
            0.17873796820640564,
            -0.1464158594608307,
            0.1922539472579956
          ],
          [
            -0.2283603698015213,
            -0.6474467515945435,
            0.7270930409431458,
            -0.6095663905143738
          ],
          [
            0.03516276180744171,
            0.7408592700958252,
            0.6707496047019958,
            1.5155651569366455
          ],
          [
            0.0,
            0.0,
            0.0,
            1.0
          ]
        ]
      },
      "bone_length_armature_space": 0.030444968420097387,
      "parent": "thumb_02_l",
      "has_children": false,
      "is_end_bone": true
    },
    "metacarpal_index_l": {
      "name": "metacarpal_index_l",
      "local": {
        "location": {
          "x": 0.0,
          "y": 0.0,
          "z": 0.0
        },
        "rotation_quaternion": {
          "w": 0.9982928037643433,
          "x": -0.0578167662024498,
          "y": 0.008168637752532959,
          "z": 0.0014087691670283675
        },
        "scale": {
          "x": 1.0,
          "y": 1.0,
          "z": 1.0
        },
        "matrix_basis": [
          [
            0.999862551689148,
            -0.003757296595722437,
            0.016146482899785042,
            0.0
          ],
          [
            0.0018681598594412208,
            0.9933104515075684,
            0.1154591366648674,
            0.0
          ],
          [
            -0.016472285613417625,
            -0.1154131069779396,
            0.9931809902191162,
            0.0
          ],
          [
            0.0,
            0.0,
            0.0,
            1.0
          ]
        ],
        "rotation_mode": "QUATERNION"
      },
      "armature_space": {
        "head": {
          "x": 0.23001934587955475,
          "y": -0.5768204927444458,
          "z": 0.5792418122291565
        },
        "tail": {
          "x": 0.18707090616226196,
          "y": -0.6838561296463013,
          "z": 0.5999306440353394
        }
      },
      "world_space": {
        "head": {
          "x": 0.23001934587955475,
          "y": -0.5135765075683594,
          "z": 1.5290958881378174
        },
        "tail": {
          "x": 0.18707090616226196,
          "y": -0.6206121444702148,
          "z": 1.5497846603393555
        },
        "rotation_quaternion": {
          "w": 0.0721663162112236,
          "x": 0.9737661480903625,
          "y": -0.19505198299884796,
          "z": -0.09233873337507248
        },
        "matrix": [
          [
            0.9068564772605896,
            -0.36654260754585266,
            -0.2079850286245346,
            0.23001934587955475
          ],
          [
            -0.3931974470615387,
            -0.9134935736656189,
            -0.10452473908662796,
            -0.5135765075683594
          ],
          [
            -0.15168169140815735,
            0.1765684336423874,
            -0.9725381135940552,
            1.5290958881378174
          ],
          [
            0.0,
            0.0,
            0.0,
            1.0
          ]
        ]
      },
      "bone_length_armature_space": 0.11717177002359129,
      "parent": "lowerarm_l",
      "has_children": true,
      "is_end_bone": false
    },
    "index_01_l": {
      "name": "index_01_l",
      "local": {
        "location": {
          "x": 0.0,
          "y": 0.0,
          "z": 0.0
        },
        "rotation_quaternion": {
          "w": 0.9971814155578613,
          "x": -0.07236859202384949,
          "y": -0.017112435773015022,
          "z": -0.0099596306681633
        },
        "scale": {
          "x": 1.0,
          "y": 1.0,
          "z": 1.0
        },
        "matrix_basis": [
          [
            0.9992159605026245,
            0.022339923307299614,
            -0.032686877995729446,
            0.0
          ],
          [
            -0.017386311665177345,
            0.9893271923065186,
            0.14467009902000427,
            0.0
          ],
          [
            0.0355699360370636,
            -0.14398835599422455,
            0.9889398813247681,
            0.0
          ],
          [
            0.0,
            0.0,
            0.0,
            1.0
          ]
        ],
        "rotation_mode": "QUATERNION"
      },
      "armature_space": {
        "head": {
          "x": 0.18707090616226196,
          "y": -0.6838561296463013,
          "z": 0.5999306440353394
        },
        "tail": {
          "x": 0.18848517537117004,
          "y": -0.7102927565574646,
          "z": 0.6105219125747681
        }
      },
      "world_space": {
        "head": {
          "x": 0.18707090616226196,
          "y": -0.6206121444702148,
          "z": 1.5497846603393555
        },
        "tail": {
          "x": 0.18848517537117004,
          "y": -0.6470487713813782,
          "z": 1.5603759288787842
        },
        "rotation_quaternion": {
          "w": 0.19086141884326935,
          "x": 0.9744716882705688,
          "y": 0.0022979199420660734,
          "z": -0.11820124834775925
        },
        "matrix": [
          [
            0.9720463752746582,
            0.049598559737205505,
            -0.2294902801513672,
            0.18707090616226196
          ],
          [
            -0.040641505271196365,
            -0.9271332621574402,
            -0.3725217878818512,
            -0.6206121444702148
          ],
          [
            -0.23124627768993378,
            0.3714369535446167,
            -0.899207353591919,
            1.5497846603393555
          ],
          [
            0.0,
            0.0,
            0.0,
            1.0
          ]
        ]
      },
      "bone_length_armature_space": 0.028514388923323905,
      "parent": "metacarpal_index_l",
      "has_children": true,
      "is_end_bone": false
    },
    "index_02_l": {
      "name": "index_02_l",
      "local": {
        "location": {
          "x": 0.0,
          "y": 0.0,
          "z": 0.0
        },
        "rotation_quaternion": {
          "w": 0.9868335723876953,
          "x": 0.16139903664588928,
          "y": -0.007869765162467957,
          "z": -0.006920293904840946
        },
        "scale": {
          "x": 1.0,
          "y": 1.0,
          "z": 1.0
        },
        "matrix_basis": [
          [
            0.9997803568840027,
            0.011118011549115181,
            -0.017766155302524567,
            0.0
          ],
          [
            -0.01619870215654373,
            0.9478049278259277,
            -0.3184390664100647,
            0.0
          ],
          [
            0.013298439793288708,
            0.31865689158439636,
            0.9477768540382385,
            0.0
          ],
          [
            0.0,
            0.0,
            0.0,
            1.0
          ]
        ],
        "rotation_mode": "QUATERNION"
      },
      "armature_space": {
        "head": {
          "x": 0.18848489224910736,
          "y": -0.7102932333946228,
          "z": 0.6105218529701233
        },
        "tail": {
          "x": 0.18851777911186218,
          "y": -0.7358320951461792,
          "z": 0.6129416227340698
        }
      },
      "world_space": {
        "head": {
          "x": 0.18848489224910736,
          "y": -0.6470492482185364,
          "z": 1.5603759288787842
        },
        "tail": {
          "x": 0.18851777911186218,
          "y": -0.6725881099700928,
          "z": 1.562795639038086
        },
        "rotation_quaternion": {
          "w": 0.04669499769806862,
          "x": 0.9856780767440796,
          "y": -0.007019083481281996,
          "z": -0.16189274191856384
        },
        "matrix": [
          [
            0.9474828839302063,
            0.0012819990515708923,
            -0.3198036849498749,
            0.18848489224910736
          ],
          [
            -0.028956234455108643,
            -0.9955406188964844,
            -0.08978027105331421,
            -0.6470492482185364
          ],
          [
            -0.31849488615989685,
            0.09432521462440491,
            -0.9432274103164673,
            1.5603759288787842
          ],
          [
            0.0,
            0.0,
            0.0,
            1.0
          ]
        ]
      },
      "bone_length_armature_space": 0.025653262072885985,
      "parent": "index_01_l",
      "has_children": true,
      "is_end_bone": false
    },
    "index_03_l": {
      "name": "index_03_l",
      "local": {
        "location": {
          "x": 0.0,
          "y": 0.0,
          "z": 0.0
        },
        "rotation_quaternion": {
          "w": 0.969893753528595,
          "x": 0.24336132407188416,
          "y": -0.009013762697577477,
          "z": -0.0004819304449483752
        },
        "scale": {
          "x": 1.0,
          "y": 1.0,
          "z": 1.0
        },
        "matrix_basis": [
          [
            0.9998370409011841,
            -0.0034523596987128258,
            -0.01771935075521469,
            0.0
          ],
          [
            -0.0053220451809465885,
            0.8815500736236572,
            -0.47206056118011475,
            0.0
          ],
          [
            0.017250217497348785,
            0.4720779359340668,
            0.8813880085945129,
            0.0
          ],
          [
            0.0,
            0.0,
            0.0,
            1.0
          ]
        ],
        "rotation_mode": "QUATERNION"
      },
      "armature_space": {
        "head": {
          "x": 0.18851779401302338,
          "y": -0.7358320951461792,
          "z": 0.6129417419433594
        },
        "tail": {
          "x": 0.186435729265213,
          "y": -0.7615085244178772,
          "z": 0.5991533398628235
        }
      },
      "world_space": {
        "head": {
          "x": 0.18851779401302338,
          "y": -0.6725881099700928,
          "z": 1.5627957582473755
        },
        "tail": {
          "x": 0.186435729265213,
          "y": -0.6982645392417908,
          "z": 1.5490074157714844
        },
        "rotation_quaternion": {
          "w": 0.2462012618780136,
          "x": -0.9589719772338867,
          "y": 0.0010672181379050016,
          "z": 0.1405581533908844
        },
        "matrix": [
          [
            0.9604846239089966,
            -0.0712580680847168,
            -0.26905685663223267,
            0.18851779401302338
          ],
          [
            0.06716422736644745,
            -0.8787679672241211,
            0.47249963879585266,
            -0.6725881099700928
          ],
          [
            -0.27010977268218994,
            -0.47190386056900024,
            -0.8392624258995056,
            1.5627957582473755
          ],
          [
            0.0,
            0.0,
            0.0,
            1.0
          ]
        ]
      },
      "bone_length_armature_space": 0.02921872730699687,
      "parent": "index_02_l",
      "has_children": false,
      "is_end_bone": true
    },
    "metacarpal_pinky_l": {
      "name": "metacarpal_pinky_l",
      "local": {
        "location": {
          "x": 0.0,
          "y": 0.0,
          "z": 0.0
        },
        "rotation_quaternion": {
          "w": 0.9995383620262146,
          "x": -0.027489498257637024,
          "y": -0.012937471270561218,
          "z": 0.0003138404281344265
        },
        "scale": {
          "x": 1.0,
          "y": 1.0,
          "z": 1.0
        },
        "matrix_basis": [
          [
            0.9996650218963623,
            8.389809227082878e-05,
            -0.025880252942442894,
            0.0
          ],
          [
            0.001338680274784565,
            0.9984884858131409,
            0.05494549497961998,
            0.0
          ],
          [
            0.025845743715763092,
            -0.054961737245321274,
            0.9981539249420166,
            0.0
          ],
          [
            0.0,
            0.0,
            0.0,
            1.0
          ]
        ],
        "rotation_mode": "QUATERNION"
      },
      "armature_space": {
        "head": {
          "x": 0.23001934587955475,
          "y": -0.5768204927444458,
          "z": 0.5792418122291565
        },
        "tail": {
          "x": 0.24991002678871155,
          "y": -0.6743299961090088,
          "z": 0.609892725944519
        }
      },
      "world_space": {
        "head": {
          "x": 0.23001934587955475,
          "y": -0.5135765075683594,
          "z": 1.5290958881378174
        },
        "tail": {
          "x": 0.24991002678871155,
          "y": -0.6110860109329224,
          "z": 1.5597467422485352
        },
        "rotation_quaternion": {
          "w": 0.13605210185050964,
          "x": 0.28358620405197144,
          "y": -0.11525069922208786,
          "z": -0.9422239661216736
        },
        "matrix": [
          [
            -0.8021373152732849,
            0.19101637601852417,
            -0.5657635927200317,
            0.23001934587955475
          ],
          [
            -0.32175058126449585,
            -0.9364141821861267,
            0.14001867175102234,
            -0.5135765075683594
          ],
          [
            -0.5030469298362732,
            0.2943500280380249,
            0.8125982284545898,
            1.5290958881378174
          ],
          [
            0.0,
            0.0,
            0.0,
            1.0
          ]
        ]
      },
      "bone_length_armature_space": 0.10413078716810947,
      "parent": "lowerarm_l",
      "has_children": true,
      "is_end_bone": false
    },
    "pinky_01_l": {
      "name": "pinky_01_l",
      "local": {
        "location": {
          "x": 0.0,
          "y": 0.0,
          "z": 0.0
        },
        "rotation_quaternion": {
          "w": 0.9992560744285583,
          "x": 0.03776886314153671,
          "y": 0.007047859486192465,
          "z": -0.0033434065990149975
        },
        "scale": {
          "x": 1.0,
          "y": 1.0,
          "z": 1.0
        },
        "matrix_basis": [
          [
            0.9998782873153687,
            0.007214217912405729,
            0.013832679018378258,
            0.0
          ],
          [
            -0.006149459630250931,
            0.9971246719360352,
            -0.07552865892648697,
            0.0
          ],
          [
            -0.014337786473333836,
            0.07543440163135529,
            0.9970476627349854,
            0.0
          ],
          [
            0.0,
            0.0,
            0.0,
            1.0
          ]
        ],
        "rotation_mode": "QUATERNION"
      },
      "armature_space": {
        "head": {
          "x": 0.24991002678871155,
          "y": -0.6743299961090088,
          "z": 0.609892725944519
