{
  "metadata": {
    "armature_name": "KIM_caucasian_male",
    "export_time": "2026-01-13T21:00:11.263647",
    "blender_version": "4.4.1",
    "bone_count": 56,
    "end_bone_count": 13,
    "spaces_included": [
      "LOCAL_CHANNELS",
      "ARMATURE_SPACE",
      "WORLD_SPACE"
    ],
    "note": "LOCAL matches Transform panel; replay pose via local.matrix_basis for best fidelity."
  },
  "bones": {
    "Root": {
      "name": "Root",
      "local": {
        "location": {
          "x": 0.0,
          "y": 0.0,
          "z": 0.0
        },
        "rotation_quaternion": {
          "w": 0.9997601509094238,
          "x": -0.017267292365431786,
          "y": 0.0025894539430737495,
          "z": 0.013226732611656189
        },
        "scale": {
          "x": 1.0,
          "y": 1.0,
          "z": 1.0
        },
        "matrix_basis": [
          [
            0.999636709690094,
            -0.026536546647548676,
            0.004720886237919331,
            0.0
          ],
          [
            0.02635769546031952,
            0.9990537762641907,
            0.03459480032324791,
            0.0
          ],
          [
            -0.005634445231407881,
            -0.03445780277252197,
            0.9993902444839478,
            0.0
          ],
          [
            0.0,
            0.0,
            0.0,
            1.0
          ]
        ],
        "rotation_mode": "QUATERNION"
      },
      "armature_space": {
        "head": {
          "x": 0.0,
          "y": 0.07072800397872925,
          "z": -0.009595036506652832
        },
        "tail": {
          "x": -0.0018940691370517015,
          "y": 0.00039755553007125854,
          "z": 0.0024280697107315063
        }
      },
      "world_space": {
        "head": {
          "x": 0.0,
          "y": 0.13397200405597687,
          "z": 0.9402589797973633
        },
        "tail": {
          "x": -0.0018940691370517015,
          "y": 0.06364155560731888,
          "z": 0.9522820711135864
        },
        "rotation_quaternion": {
          "w": 0.08457955718040466,
          "x": 0.9963256120681763,
          "y": -0.013022240251302719,
          "z": 0.0034746304154396057
        },
        "matrix": [
          [
            0.999636709690094,
            -0.026536546647548676,
            0.004720886237919331,
            0.0
          ],
          [
            -0.025361014530062675,
            -0.9853533506393433,
            -0.1686285138130188,
            0.13397200405597687
          ],
          [
            0.009126598946750164,
            0.16844777762889862,
            -0.9856753945350647,
            0.9402589797973633
          ],
          [
            0.0,
            0.0,
            0.0,
            1.0
          ]
        ]
      },
      "bone_length_armature_space": 0.07137586841485065,
      "parent": null,
      "has_children": true,
      "is_end_bone": false
    },
    "spine_01": {
      "name": "spine_01",
      "local": {
        "location": {
          "x": 0.0,
          "y": 0.0,
          "z": 0.0
        },
        "rotation_quaternion": {
          "w": 0.9963127374649048,
          "x": -0.03024381212890148,
          "y": -0.044885020703077316,
          "z": 0.0665716752409935
        },
        "scale": {
          "x": 1.0,
          "y": 1.0,
          "z": 1.0
        },
        "matrix_basis": [
          [
            0.9871070981025696,
            -0.12993742525577545,
            -0.09346579760313034,
            0.0
          ],
          [
            0.13536740839481354,
            0.9893070459365845,
            0.05428844690322876,
            0.0
          ],
          [
            0.08541227132081985,
            -0.06624073535203934,
            0.9941412806510925,
            0.0
          ],
          [
            0.0,
            0.0,
            0.0,
            1.0
          ]
        ],
        "rotation_mode": "QUATERNION"
      },
      "armature_space": {
        "head": {
          "x": -0.0018940691370517015,
          "y": 0.00039755553007125854,
          "z": 0.0024280697107315063
        },
        "tail": {
          "x": -0.0678369328379631,
          "y": 0.07346134632825851,
          "z": 0.48040473461151123
        }
      },
      "world_space": {
        "head": {
          "x": -0.0018940691370517015,
          "y": 0.06364155560731888,
          "z": 0.9522820711135864
        },
        "tail": {
          "x": -0.0678369328379631,
          "y": 0.13670533895492554,
          "z": 1.4302587509155273
        },
        "rotation_quaternion": {
          "w": 0.7528542280197144,
          "x": 0.6519180536270142,
          "y": -0.08983523398637772,
          "z": 0.011953212320804596
        },
        "matrix": [
          [
            0.9835736155509949,
            -0.1351284682750702,
            -0.11967981606721878,
            -0.0018940691370517015
          ],
          [
            -0.09913144260644913,
            0.14972050487995148,
            -0.9837462902069092,
            0.06364155560731888
          ],
          [
            0.15085162222385406,
            0.9794579148292542,
            0.13386569917201996,
            0.9522820711135864
          ],
          [
            0.0,
            0.0,
            0.0,
            1.0
          ]
        ]
      },
      "bone_length_armature_space": 0.48800460178565164,
      "parent": "Root",
      "has_children": true,
      "is_end_bone": false
    },
    "neck_01": {
      "name": "neck_01",
      "local": {
        "location": {
          "x": 0.0,
          "y": 0.0,
          "z": 0.0
        },
        "rotation_quaternion": {
          "w": 0.9947553873062134,
          "x": -0.02514433115720749,
          "y": -0.09847991913557053,
          "z": 0.01145884394645691
        },
        "scale": {
          "x": 1.0,
          "y": 1.0,
          "z": 1.0
        },
        "matrix_basis": [
          [
            0.9803407788276672,
            -0.017845069989562035,
            -0.19650310277938843,
            0.0
          ],
          [
            0.027749916538596153,
            0.9984729290008545,
            0.04776798561215401,
            0.0
          ],
          [
            0.19535061717033386,
            -0.05228184908628464,
            0.9793389439582825,
            0.0
          ],
          [
            0.0,
            0.0,
            0.0,
            1.0
          ]
        ],
        "rotation_mode": "QUATERNION"
      },
      "armature_space": {
        "head": {
          "x": -0.08188137412071228,
          "y": 0.05030689761042595,
          "z": 0.5567616820335388
        },
        "tail": {
          "x": -0.1008027195930481,
          "y": 0.03159350901842117,
          "z": 0.6557695269584656
        }
      },
      "world_space": {
        "head": {
          "x": -0.08188137412071228,
          "y": 0.11355090141296387,
          "z": 1.5066156387329102
        },
        "tail": {
          "x": -0.1008027195930481,
          "y": 0.09483750909566879,
          "z": 1.605623483657837
        },
        "rotation_quaternion": {
          "w": 0.6200194358825684,
          "x": 0.7676663398742676,
          "y": -0.15591615438461304,
          "z": -0.04421097785234451
        },
        "matrix": [
          [
            0.9474707841873169,
            -0.18456003069877625,
            -0.2612215578556061,
            -0.08188137412071228
          ],
          [
            -0.2942073941230774,
            -0.18253162503242493,
            -0.9381495118141174,
            0.11355090141296387
          ],
          [
            0.1254643052816391,
            0.9657290577888489,
            -0.2272447645664215,
            1.5066156387329102
          ],
          [
            0.0,
            0.0,
            0.0,
            1.0
          ]
        ]
      },
      "bone_length_armature_space": 0.10252200748319559,
      "parent": "spine_01",
      "has_children": true,
      "is_end_bone": false
    },
    "head": {
      "name": "head",
      "local": {
        "location": {
          "x": 0.0,
          "y": 0.0,
          "z": 0.0
        },
        "rotation_quaternion": {
          "w": 0.9968996047973633,
          "x": -0.0008604731410741806,
          "y": 0.02433869056403637,
          "z": -0.07482047379016876
        },
        "scale": {
          "x": 1.0,
          "y": 1.0,
          "z": 1.0
        },
        "matrix_basis": [
          [
            0.9876190423965454,
            0.14913511276245117,
            0.04865522310137749,
            0.0
          ],
          [
            -0.14921888709068298,
            0.9888023138046265,
            -0.0019264540169388056,
            0.0
          ],
          [
            -0.04839770123362541,
            -0.00535767525434494,
            0.9988137483596802,
            0.0
          ],
          [
            0.0,
            0.0,
            0.0,
            1.0
          ]
        ],
        "rotation_mode": "QUATERNION"
      },
      "armature_space": {
        "head": {
          "x": -0.10080273449420929,
          "y": 0.031593382358551025,
          "z": 0.655769407749176
        },
        "tail": {
          "x": -0.09064996242523193,
          "y": 0.051444560289382935,
          "z": 0.8092495799064636
        }
      },
      "world_space": {
        "head": {
          "x": -0.10080273449420929,
          "y": 0.09483738243579865,
          "z": 1.605623483657837
        },
        "tail": {
          "x": -0.09064996242523193,
          "y": 0.11468856036663055,
          "z": 1.759103536605835
        },
        "rotation_quaternion": {
          "w": 0.74675053358078,
          "x": 0.6505081653594971,
          "y": -0.07976405322551727,
          "z": -0.11331627517938614
        },
        "matrix": [
          [
            0.9615941643714905,
            0.06546363234519958,
            -0.2665543258190155,
            -0.10080273449420929
          ],
          [
            -0.2730126976966858,
            0.12799762189388275,
            -0.9534573554992676,
            0.09483738243579865
          ],
          [
            -0.028298938646912575,
            0.9896187782287598,
            0.14095425605773926,
            1.605623483657837
          ],
          [
            0.0,
            0.0,
            0.0,
            1.0
          ]
        ]
      },
      "bone_length_armature_space": 0.155091300808952,
      "parent": "neck_01",
      "has_children": false,
      "is_end_bone": true
    },
    "upperarm_l": {
      "name": "upperarm_l",
      "local": {
        "location": {
          "x": 0.0,
          "y": 0.0,
          "z": 0.0
        },
        "rotation_quaternion": {
          "w": 0.9215672612190247,
          "x": 0.2411307990550995,
          "y": -0.022541040554642677,
          "z": -0.3034166395664215
        },
        "scale": {
          "x": 1.0,
          "y": 1.0,
          "z": 1.0
        },
        "matrix_basis": [
          [
            0.814860463142395,
            0.5483670234680176,
            -0.18787236511707306,
            0.0
          ],
          [
            -0.5701083540916443,
            0.6995885372161865,
            -0.4307578504085541,
            0.0
          ],
          [
            -0.10478002578020096,
            0.4581151604652405,
            0.8826956748962402,
            0.0
          ],
          [
            0.0,
            0.0,
            0.0,
            1.0
          ]
        ],
        "rotation_mode": "QUATERNION"
      },
      "armature_space": {
        "head": {
          "x": 0.07435468584299088,
          "y": 0.022237509489059448,
          "z": 0.5139891505241394
        },
        "tail": {
          "x": 0.2673478126525879,
          "y": -0.1294844001531601,
          "z": 0.40655577182769775
        }
      },
      "world_space": {
        "head": {
          "x": 0.07435468584299088,
          "y": 0.08548150956630707,
          "z": 1.4638431072235107
        },
        "tail": {
          "x": 0.2673478126525879,
          "y": -0.06624040007591248,
          "z": 1.3564097881317139
        },
        "rotation_quaternion": {
          "w": 0.2263919711112976,
          "x": 0.46647751331329346,
          "y": 0.4070034623146057,
          "z": -0.7519931197166443
        },
        "matrix": [
          [
            -0.462291419506073,
            0.7202057242393494,
            -0.5172913670539856,
            0.07435468584299088
          ],
          [
            0.039223626255989075,
            -0.5661911368370056,
            -0.8233402967453003,
            0.08548150956630707
          ],
          [
            -0.8858662843704224,
            -0.40091657638549805,
            0.23349711298942566,
            1.4638431072235107
          ],
          [
            0.0,
            0.0,
            0.0,
            1.0
          ]
        ]
      },
      "bone_length_armature_space": 0.267969808910046,
      "parent": "spine_01",
      "has_children": true,
      "is_end_bone": false
    },
    "lowerarm_l": {
      "name": "lowerarm_l",
      "local": {
        "location": {
          "x": 0.0,
          "y": 0.0,
          "z": 0.0
        },
        "rotation_quaternion": {
          "w": 0.9888290166854858,
          "x": 0.11232700198888779,
          "y": 0.0579933263361454,
          "z": 0.0789722353219986
        },
        "scale": {
          "x": 1.0,
          "y": 1.0,
          "z": 1.0
        },
        "matrix_basis": [
          [
            0.9808003306388855,
            -0.1431516408920288,
            0.13243240118026733,
            0.0
          ],
          [
            0.16920851171016693,
            0.9622920751571655,
            -0.21298466622829437,
            0.0
          ],
          [
            -0.09694954007863998,
            0.2313041239976883,
            0.9680388569831848,
            0.0
          ],
          [
            0.0,
            0.0,
            0.0,
            1.0
          ]
        ],
        "rotation_mode": "QUATERNION"
      },
      "armature_space": {
        "head": {
          "x": 0.26734790205955505,
          "y": -0.12948450446128845,
          "z": 0.40655583143234253
        },
        "tail": {
          "x": 0.42986488342285156,
          "y": -0.3409186005592346,
          "z": 0.3852669894695282
        }
      },
      "world_space": {
        "head": {
          "x": 0.26734790205955505,
          "y": -0.06624050438404083,
          "z": 1.3564097881317139
        },
        "tail": {
          "x": 0.42986488342285156,
          "y": -0.2776746153831482,
          "z": 1.3351210355758667
        },
        "rotation_quaternion": {
          "w": 0.24150942265987396,
          "x": 0.5331672430038452,
          "y": 0.21565113961696625,
          "z": -0.7816013097763062
        },
        "matrix": [
          [
            -0.3148117661476135,
            0.6074844598770142,
            -0.7292846441268921,
            0.26734790205955505
          ],
          [
            -0.14757275581359863,
            -0.7903355360031128,
            -0.594636082649231,
            -0.06624050438404083
          ],
          [
            -0.9376183748245239,
            -0.07957716286182404,
            0.33845698833465576,
            1.3564097881317139
          ],
          [
            0.0,
            0.0,
            0.0,
            1.0
          ]
        ]
      },
      "bone_length_armature_space": 0.2675245079693517,
      "parent": "upperarm_l",
      "has_children": true,
      "is_end_bone": false
    },
    "metacarpal_thumb_l": {
      "name": "metacarpal_thumb_l",
      "local": {
        "location": {
          "x": 0.0,
          "y": 0.0,
          "z": 0.0
        },
        "rotation_quaternion": {
          "w": 0.9994683265686035,
          "x": 0.02566860243678093,
          "y": -0.014877956360578537,
          "z": 0.013524211011826992
        },
        "scale": {
          "x": 1.0,
          "y": 1.0,
          "z": 1.0
        },
        "matrix_basis": [
          [
            0.9991914629936218,
            -0.02779783308506012,
            -0.029045797884464264,
            0.0
          ],
          [
            0.026270247995853424,
            0.9983164668083191,
            -0.05171233415603638,
            0.0
          ],
          [
            0.030434386804699898,
            0.05090748518705368,
            0.9982395172119141,
            0.0
          ],
          [
            0.0,
            0.0,
            0.0,
            1.0
          ]
        ],
        "rotation_mode": "QUATERNION"
      },
      "armature_space": {
        "head": {
          "x": 0.42986488342285156,
          "y": -0.3409186005592346,
          "z": 0.3852669894695282
        },
        "tail": {
          "x": 0.4272514581680298,
          "y": -0.390258252620697,
          "z": 0.3817521035671234
        }
      },
      "world_space": {
        "head": {
          "x": 0.42986488342285156,
          "y": -0.2776746153831482,
          "z": 1.3351210355758667
        },
        "tail": {
          "x": 0.4272514581680298,
          "y": -0.3270142674446106,
          "z": 1.331606149673462
        },
        "rotation_quaternion": {
          "w": 0.04029088839888573,
          "x": -0.9764753580093384,
          "y": 0.018308060243725777,
          "z": 0.2110387235879898
        },
        "matrix": [
          [
            0.910254955291748,
            -0.05276055634021759,
            -0.4106728434562683,
            0.42986488342285156
          ],
          [
            -0.01874893717467785,
            -0.9960828423500061,
            0.08641309291124344,
            -0.2776746153831482
          ],
          [
            -0.41362637281417847,
            -0.07095962017774582,
            -0.9076848030090332,
            1.3351210355758667
          ],
          [
            0.0,
            0.0,
            0.0,
            1.0
          ]
        ]
      },
      "bone_length_armature_space": 0.049533682701001,
      "parent": "lowerarm_l",
      "has_children": true,
      "is_end_bone": false
    },
    "thumb_01_l": {
      "name": "thumb_01_l",
      "local": {
        "location": {
          "x": 0.0,
          "y": 0.0,
          "z": 0.0
        },
        "rotation_quaternion": {
          "w": 0.9977723360061646,
          "x": -0.06603213399648666,
          "y": 0.006876790430396795,
          "z": -0.0065618050284683704
        },
        "scale": {
          "x": 1.0,
          "y": 1.0,
          "z": 1.0
        },
        "matrix_basis": [
          [
            0.999819278717041,
            0.012186196632683277,
            0.014589522033929825,
            0.0
          ],
          [
            -0.014002553187310696,
            0.991193413734436,
            0.13167981803417206,
            0.0
          ],
          [
            -0.012856362387537956,
            -0.13186031579971313,
            0.9911849498748779,
            0.0
          ],
          [
            0.0,
            0.0,
            0.0,
            1.0
          ]
        ],
        "rotation_mode": "QUATERNION"
      },
      "armature_space": {
        "head": {
          "x": 0.4272514581680298,
          "y": -0.390258252620697,
          "z": 0.3817521035671234
        },
        "tail": {
          "x": 0.4083084166049957,
          "y": -0.41011422872543335,
          "z": 0.36161425709724426
        }
      },
      "world_space": {
        "head": {
          "x": 0.4272514581680298,
          "y": -0.3270142674446106,
          "z": 1.331606149673462
        },
        "tail": {
          "x": 0.4083084166049957,
          "y": -0.3468702435493469,
          "z": 1.311468243598938
        },
        "rotation_quaternion": {
          "w": 0.132419615983963,
          "x": -0.7714364528656006,
          "y": 0.43680182099342346,
          "z": -0.4433453381061554
        },
        "matrix": [
          [
            0.22529667615890503,
            -0.556516706943512,
            0.7997065782546997,
            0.4272514581680298
          ],
          [
            -0.7913448810577393,
            -0.5833373665809631,
            -0.18300403654575348,
            -0.3270142674446106
          ],
          [
            0.5683466196060181,
            -0.5916182994842529,
            -0.5718249082565308,
            1.331606149673462
          ],
          [
            0.0,
            0.0,
            0.0,
            1.0
          ]
        ]
      },
      "bone_length_armature_space": 0.03403867601614543,
      "parent": "metacarpal_thumb_l",
      "has_children": true,
      "is_end_bone": false
    },
    "thumb_02_l": {
      "name": "thumb_02_l",
      "local": {
        "location": {
          "x": 0.0,
          "y": 0.0,
          "z": 0.0
        },
        "rotation_quaternion": {
          "w": 0.9982827305793762,
          "x": 0.05786031112074852,
          "y": -0.005500464700162411,
          "z": 0.007314235437661409
        },
        "scale": {
          "x": 1.0,
          "y": 1.0,
          "z": 1.0
        },
        "matrix_basis": [
          [
            0.9998325109481812,
            -0.015239867381751537,
            -0.010135630145668983,
            0.0
          ],
          [
            0.013966832309961319,
            0.9931973814964294,
            -0.11560235917568207,
            0.0
          ],
          [
            0.011828445829451084,
            0.11544143408536911,
            0.9932438731193542,
            0.0
          ],
          [
            0.0,
            0.0,
            0.0,
            1.0
          ]
        ],
        "rotation_mode": "QUATERNION"
      },
      "armature_space": {
        "head": {
          "x": 0.40830838680267334,
          "y": -0.41011419892311096,
          "z": 0.36161428689956665
        },
        "tail": {
          "x": 0.4265943765640259,
          "y": -0.4445810616016388,
          "z": 0.35208338499069214
        }
      },
      "world_space": {
        "head": {
          "x": 0.40830838680267334,
          "y": -0.34687018394470215,
          "z": 1.3114683628082275
        },
        "tail": {
          "x": 0.4265943765640259,
          "y": -0.38133704662323,
          "z": 1.3019373416900635
        },
        "rotation_quaternion": {
          "w": 0.2651139497756958,
          "x": -0.5247923135757446,
          "y": -0.025333601981401443,
          "z": -0.8084960579872131
        },
        "matrix": [
          [
            -0.3086146414279938,
            0.45527884364128113,
            0.8351516723632812,
            0.40830838680267334
          ],
          [
            -0.40209734439849854,
            -0.8581445813179016,
            0.31922590732574463,
            -0.34687018394470215
          ],
          [
            0.8620234131813049,
            -0.23729704320430756,
            0.4479058086872101,
            1.3114683628082275
          ],
          [
            0.0,
            0.0,
            0.0,
            1.0
          ]
        ]
      },
      "bone_length_armature_space": 0.040164413289182,
      "parent": "thumb_01_l",
      "has_children": true,
      "is_end_bone": false
    },
    "thumb_03_l": {
      "name": "thumb_03_l",
      "local": {
        "location": {
          "x": 0.0,
          "y": 0.0,
          "z": 0.0
        },
        "rotation_quaternion": {
          "w": 0.9959829449653625,
          "x": 0.0893392264842987,
          "y": 0.0022942391224205494,
          "z": 0.005591216962784529
        },
        "scale": {
          "x": 1.0,
          "y": 1.0,
          "z": 1.0
        },
        "matrix_basis": [
          [
            0.9999269247055054,
            -0.01072758249938488,
            0.005569076165556908,
            0.0
          ],
          [
            0.011547444388270378,
            0.9839744567871094,
            -0.17793503403663635,
            0.0
          ],
          [
            -0.003571016015484929,
            0.17798635363578796,
            0.9840264916419983,
            0.0
          ],
          [
            0.0,
            0.0,
            0.0,
            1.0
          ]
        ],
        "rotation_mode": "QUATERNION"
      },
      "armature_space": {
        "head": {
          "x": 0.4265942871570587,
          "y": -0.4445810914039612,
          "z": 0.3520834147930145
        },
        "tail": {
          "x": 0.45091065764427185,
          "y": -0.4626149535179138,
          "z": 0.3488606810569763
        }
      },
      "world_space": {
        "head": {
          "x": 0.4265942871570587,
          "y": -0.38133710622787476,
          "z": 1.301937460899353
        },
        "tail": {
          "x": 0.45091065764427185,
          "y": -0.3993709683418274,
          "z": 1.2987146377563477
        },
        "rotation_quaternion": {
          "w": 0.4425678551197052,
          "x": -0.2897348999977112,
          "y": -0.08922454714775085,
          "z": -0.8439351320266724
        },
        "matrix": [
          [
            -0.44037431478500366,
            0.7987009286880493,
            0.41005784273147583,
            0.4265942871570587
          ],
          [
            -0.6952937841415405,
            -0.5923442244529724,
            0.40705588459968567,
            -0.38133710622787476
          ],
          [
            0.5680146813392639,
            -0.10585509240627289,
            0.8161911964416504,
            1.301937460899353
          ],
          [
            0.0,
            0.0,
            0.0,
            1.0
          ]
        ]
      },
      "bone_length_armature_space": 0.030444902041331524,
      "parent": "thumb_02_l",
      "has_children": false,
      "is_end_bone": true
    },
    "metacarpal_index_l": {
      "name": "metacarpal_index_l",
      "local": {
        "location": {
          "x": 0.0,
          "y": 0.0,
          "z": 0.0
        },
        "rotation_quaternion": {
          "w": 0.998538076877594,
          "x": -0.05372288450598717,
          "y": -0.0013799250591546297,
          "z": -0.005809418857097626
        },
        "scale": {
          "x": 1.0,
          "y": 1.0,
          "z": 1.0
        },
        "matrix_basis": [
          [
            0.9999287128448486,
            0.011750118806958199,
            -0.002131617860868573,
            0.0
          ],
          [
            -0.011453584767878056,
            0.9941601753234863,
            0.10730472207069397,
            0.0
          ],
          [
            0.00338001293130219,
            -0.10727265477180481,
            0.9942238926887512,
            0.0
          ],
          [
            0.0,
            0.0,
            0.0,
            1.0
          ]
        ],
        "rotation_mode": "QUATERNION"
      },
      "armature_space": {
        "head": {
          "x": 0.42986488342285156,
          "y": -0.3409186005592346,
          "z": 0.3852669894695282
        },
        "tail": {
          "x": 0.479956716299057,
          "y": -0.4467829167842865,
          "z": 0.3888404667377472
        }
      },
      "world_space": {
        "head": {
          "x": 0.42986488342285156,
          "y": -0.2776746153831482,
          "z": 1.3351210355758667
        },
        "tail": {
          "x": 0.479956716299057,
          "y": -0.3835389018058777,
          "z": 1.338694453239441
        },
        "rotation_quaternion": {
          "w": 0.11643624305725098,
          "x": 0.8619439601898193,
          "y": 0.18626293540000916,
          "z": -0.45694807171821594
        },
        "matrix": [
          [
            0.5130090117454529,
            0.42750781774520874,
            -0.7443512678146362,
            0.42986488342285156
          ],
          [
            0.21468585729599,
            -0.9034969806671143,
            -0.3709489107131958,
            -0.2776746153831482
          ],
          [
            -0.8311084508895874,
            0.030497873201966286,
            -0.5552862286567688,
            1.3351210355758667
          ],
          [
            0.0,
            0.0,
            0.0,
            1.0
          ]
        ]
      },
      "bone_length_armature_space": 0.11717173312661736,
      "parent": "lowerarm_l",
      "has_children": true,
      "is_end_bone": false
    },
    "index_01_l": {
      "name": "index_01_l",
      "local": {
        "location": {
          "x": 0.0,
          "y": 0.0,
          "z": 0.0
        },
        "rotation_quaternion": {
          "w": 0.9950457215309143,
          "x": -0.09747643768787384,
          "y": 0.006477823480963707,
          "z": 0.018455378711223602
        },
        "scale": {
          "x": 1.0,
          "y": 1.0,
          "z": 1.0
        },
        "matrix_basis": [
          [
            0.9992348551750183,
            -0.0379907600581646,
            0.009293531998991966,
            0.0
          ],
          [
            0.035465020686388016,
            0.9803155064582825,
            0.19422613084316254,
            0.0
          ],
          [
            -0.016489390283823013,
            -0.19374792277812958,
            0.9809127449989319,
            0.0
          ],
          [
            0.0,
            0.0,
            0.0,
            1.0
          ]
        ],
        "rotation_mode": "QUATERNION"
      },
      "armature_space": {
        "head": {
          "x": 0.479956716299057,
          "y": -0.4467829167842865,
          "z": 0.3888404667377472
        },
        "tail": {
          "x": 0.5020291805267334,
          "y": -0.46480685472488403,
          "z": 0.3878340721130371
        }
      },
      "world_space": {
        "head": {
          "x": 0.479956716299057,
          "y": -0.3835389018058777,
          "z": 1.338694453239441
        },
        "tail": {
          "x": 0.5020291805267334,
          "y": -0.4015628695487976,
          "z": 1.3376880884170532
        },
        "rotation_quaternion": {
          "w": 0.17112025618553162,
          "x": 0.8110637068748474,
          "y": 0.39327698945999146,
          "z": -0.3977771997451782
        },
        "matrix": [
          [
            0.37421220541000366,
            0.7740822434425354,
            -0.5106486082077026,
            0.479956716299057
          ],
          [
            0.5018099546432495,
            -0.6321004629135132,
            -0.5904537439346313,
            -0.3835389018058777
          ],
          [
            -0.7798460721969604,
            -0.03529439866542816,
            -0.6249868273735046,
            1.338694453239441
          ],
          [
            0.0,
            0.0,
            0.0,
            1.0
          ]
        ]
      },
      "bone_length_armature_space": 0.0285143619751855,
      "parent": "metacarpal_index_l",
      "has_children": true,
      "is_end_bone": false
    },
    "index_02_l": {
      "name": "index_02_l",
      "local": {
        "location": {
          "x": 0.0,
          "y": 0.0,
          "z": 0.0
        },
        "rotation_quaternion": {
          "w": 0.9982873201370239,
          "x": 0.05794888362288475,
          "y": -0.00423230417072773,
          "z": 0.006823851261287928
        },
        "scale": {
          "x": 1.0,
          "y": 1.0,
          "z": 1.0
        },
        "matrix_basis": [
          [
            0.999871015548706,
            -0.014114842750132084,
            -0.007659242022782564,
            0.0
          ],
          [
            0.013133813627064228,
            0.9931907057762146,
            -0.1157570332288742,
            0.0
          ],
          [
            0.009240980260074139,
            0.1156415119767189,
            0.9932480454444885,
            0.0
          ],
          [
            0.0,
            0.0,
            0.0,
            1.0
          ]
        ],
        "rotation_mode": "QUATERNION"
      },
      "armature_space": {
        "head": {
          "x": 0.5020292401313782,
          "y": -0.464807391166687,
          "z": 0.3878340423107147
        },
        "tail": {
          "x": 0.520862877368927,
          "y": -0.4820629954338074,
          "z": 0.3854617178440094
        }
      },
      "world_space": {
        "head": {
          "x": 0.5020292401313782,
          "y": -0.4015634059906006,
          "z": 1.3376880884170532
        },
        "tail": {
          "x": 0.520862877368927,
          "y": -0.41881901025772095,
          "z": 1.3353157043457031
        },
        "rotation_quaternion": {
          "w": 0.15088316798210144,
          "x": 0.7992513179779053,
          "y": 0.3753793239593506,
          "z": -0.4444347023963928
        },
        "matrix": [
          [
            0.3231355845928192,
            0.7341616153717041,
            -0.5971518158912659,
            0.5020292401313782
          ],
          [
            0.465929239988327,
            -0.6726477146148682,
            -0.5748519897460938,
            -0.4015634059906006
          ],
          [
            -0.8237124085426331,
            -0.09247665107250214,
            -0.559428334236145,
            1.3376880884170532
          ],
          [
            0.0,
            0.0,
            0.0,
            1.0
          ]
        ]
      },
      "bone_length_armature_space": 0.025653259082887927,
      "parent": "index_01_l",
      "has_children": true,
      "is_end_bone": false
    },
    "index_03_l": {
      "name": "index_03_l",
      "local": {
        "location": {
          "x": 0.0,
          "y": 0.0,
          "z": 0.0
        },
        "rotation_quaternion": {
          "w": 0.999845027923584,
          "x": 0.016871368512511253,
          "y": -0.004905716050416231,
          "z": 0.0010862377239391208
        },
        "scale": {
          "x": 1.0,
          "y": 1.0,
          "z": 1.0
        },
        "matrix_basis": [
          [
            0.9999495148658752,
            -0.0023376711178570986,
            -0.009773259051144123,
            0.0
          ],
          [
            0.0020066064316779375,
            0.9994283318519592,
            -0.033748164772987366,
            0.0
          ],
          [
            0.009846564382314682,
            0.03372684866189957,
            0.9993825554847717,
            0.0
          ],
          [
            0.0,
            0.0,
            0.0,
            1.0
          ]
        ],
        "rotation_mode": "QUATERNION"
      },
      "armature_space": {
        "head": {
          "x": 0.5208629369735718,
          "y": -0.4820629060268402,
          "z": 0.38546183705329895
        },
        "tail": {
          "x": 0.5407983660697937,
          "y": -0.5022993087768555,
          "z": 0.37862101197242737
        }
      },
      "world_space": {
        "head": {
          "x": 0.5208629369735718,
          "y": -0.4188188910484314,
          "z": 1.3353158235549927
        },
        "tail": {
          "x": 0.5407983660697937,
          "y": -0.43905532360076904,
          "z": 1.328474998474121
        },
        "rotation_quaternion": {
          "w": 0.06992386281490326,
          "x": 0.802932858467102,
          "y": 0.3857685327529907,
          "z": -0.4489901065826416
        },
        "matrix": [
          [
            0.2991800904273987,
            0.6822845935821533,
            -0.6670675277709961,
            0.5208629369735718
          ],
          [
            0.5567020773887634,
            -0.6925849914550781,
            -0.45870310068130493,
            -0.4188188910484314
          ],
          [
            -0.7749719619750977,
            -0.23412543535232544,
            -0.5870414972305298,
            1.3353158235549927
          ],
          [
            0.0,
            0.0,
            0.0,
            1.0
          ]
        ]
      },
      "bone_length_armature_space": 0.02921866212674416,
      "parent": "index_02_l",
      "has_children": false,
      "is_end_bone": true
    },
    "metacarpal_pinky_l": {
      "name": "metacarpal_pinky_l",
      "local": {
        "location": {
          "x": 0.0,
          "y": 0.0,
          "z": 0.0
        },
        "rotation_quaternion": {
          "w": 0.9997237324714661,
          "x": -0.02300868183374405,
          "y": -0.001307487254962325,
          "z": 0.004620228428393602
        },
        "scale": {
          "x": 1.0,
          "y": 1.0,
          "z": 1.0
        },
        "matrix_basis": [
          [
            0.9999538660049438,
            -0.009177736937999725,
            -0.002826862735673785,
            0.0
          ],
          [
            0.009298071265220642,
            0.9988985061645508,
            0.045992568135261536,
            0.0
          ],
          [
            0.0024016413372009993,
            -0.04601673409342766,
            0.9989377856254578,
            0.0
          ],
          [
            0.0,
            0.0,
            0.0,
            1.0
          ]
        ],
        "rotation_mode": "QUATERNION"
      },
      "armature_space": {
        "head": {
          "x": 0.42986488342285156,
          "y": -0.3409186005592346,
          "z": 0.3852669894695282
        },
        "tail": {
          "x": 0.5126653909683228,
          "y": -0.3993908762931824,
          "z": 0.36142799258232117
        }
      },
      "world_space": {
        "head": {
          "x": 0.42986488342285156,
          "y": -0.2776746153831482,
          "z": 1.3351210355758667
        },
        "tail": {
          "x": 0.5126653909683228,
          "y": -0.33614689111709595,
          "z": 1.3112820386886597
        },
        "rotation_quaternion": {
          "w": 0.4587533473968506,
          "x": -0.06957899034023285,
          "y": 0.09371037036180496,
          "z": -0.8808646202087402
        },
        "matrix": [
          [
            -0.5694078803062439,
            0.7951586842536926,
            0.20855975151062012,
            0.42986488342285156
          ],
          [
            -0.8212400674819946,
            -0.5615273714065552,
            -0.10125195235013962,
            -0.2776746153831482
          ],
          [
            0.03660028427839279,
            -0.22893337905406952,
            0.9727609157562256,
            1.3351210355758667
          ],
          [
            0.0,
            0.0,
            0.0,
            1.0
          ]
        ]
      },
      "bone_length_armature_space": 0.10413082559839563,
      "parent": "lowerarm_l",
      "has_children": true,
      "is_end_bone": false
    },
    "pinky_01_l": {
      "name": "pinky_01_l",
      "local": {
        "location": {
          "x": 0.0,
          "y": 0.0,
          "z": 0.0
        },
        "rotation_quaternion": {
          "w": 0.9948408603668213,
          "x": -0.10048961639404297,
          "y": -0.012098109349608421,
          "z": -0.0068650091998279095
        },
        "scale": {
          "x": 1.0,
          "y": 1.0,
          "z": 1.0
        },
        "matrix_basis": [
          [
            0.9996129870414734,
            0.016090651974081993,
            -0.02269166335463524,
            0.0
          ],
          [
            -0.011227714829146862,
            0.9797094464302063,
            0.20010845363140106,
            0.0
          ],
          [
            0.025451110675930977,
            -0.19977624714374542,
            0.9795109629631042,
            0.0
          ],
          [
            0.0,
            0.0,
            0.0,
            1.0
          ]
        ],
        "rotation_mode": "QUATERNION"
      },
      "armature_space": {
        "head": {
          "x": 0.5126653909683228,
          "y": -0.3993908762931824,
          "z": 0.36142799258232117
        },
        "tail": {
