{
  "metadata": {
    "armature_name": "KIM_caucasian_male",
    "export_time": "2026-01-13T21:05:24.852586",
    "blender_version": "4.4.1",
    "bone_count": 56,
    "end_bone_count": 13,
    "spaces_included": [
      "LOCAL_CHANNELS",
      "ARMATURE_SPACE",
      "WORLD_SPACE"
    ],
    "note": "LOCAL matches Transform panel; replay pose via local.matrix_basis for best fidelity."
  },
  "bones": {
    "Root": {
      "name": "Root",
      "local": {
        "location": {
          "x": 0.0,
          "y": 0.0,
          "z": 0.0
        },
        "rotation_quaternion": {
          "w": 0.9996869564056396,
          "x": -0.0041402848437428474,
          "y": -0.009102556854486465,
          "z": 0.022934777662158012
        },
        "scale": {
          "x": 1.0,
          "y": 1.0,
          "z": 1.0
        },
        "matrix_basis": [
          [
            0.9987822771072388,
            -0.045779820531606674,
            -0.018389327451586723,
            0.0
          ],
          [
            0.04593057185411453,
            0.9989137053489685,
            0.007860447280108929,
            0.0
          ],
          [
            0.018009502440690994,
            -0.008695507422089577,
            0.9998000264167786,
            0.0
          ],
          [
            0.0,
            0.0,
            0.0,
            1.0
          ]
        ],
        "rotation_mode": "QUATERNION"
      },
      "armature_space": {
        "head": {
          "x": 0.0,
          "y": 0.07072800397872925,
          "z": -0.009595036506652832
        },
        "tail": {
          "x": -0.0032675745896995068,
          "y": 0.00016026943922042847,
          "z": 0.000604596920311451
        }
      },
      "world_space": {
        "head": {
          "x": 0.0,
          "y": 0.13397200405597687,
          "z": 0.9402589797973633
        },
        "tail": {
          "x": -0.0032675745896995068,
          "y": 0.06340426951646805,
          "z": 0.9504585862159729
        },
        "rotation_quaternion": {
          "w": 0.07147745043039322,
          "x": 0.9971369504928589,
          "y": -0.02349589392542839,
          "z": -0.007536810357123613
        },
        "matrix": [
          [
            0.9987822771072388,
            -0.045779820531606674,
            -0.018389327451586723,
            0.0
          ],
          [
            -0.047934677451848984,
            -0.9886777997016907,
            -0.14219191670417786,
            0.13397200405597687
          ],
          [
            -0.011671727523207664,
            0.14290030300617218,
            -0.9896753430366516,
            0.9402589797973633
          ],
          [
            0.0,
            0.0,
            0.0,
            1.0
          ]
        ]
      },
      "bone_length_armature_space": 0.07137586886242492,
      "parent": null,
      "has_children": true,
      "is_end_bone": false
    },
    "spine_01": {
      "name": "spine_01",
      "local": {
        "location": {
          "x": 0.0,
          "y": 0.0,
          "z": 0.0
        },
        "rotation_quaternion": {
          "w": 0.9969667196273804,
          "x": -0.043362993746995926,
          "y": -0.0249907448887825,
          "z": 0.059603553265333176
        },
        "scale": {
          "x": 1.0,
          "y": 1.0,
          "z": 1.0
        },
        "matrix_basis": [
          [
            0.9916457533836365,
            -0.11667817085981369,
            -0.054999057203531265,
            0.0
          ],
          [
            0.1210128664970398,
            0.9891341328620911,
            0.08348385244607925,
            0.0
          ],
          [
            0.04466070607304573,
            -0.08944199979305267,
            0.9949902296066284,
            0.0
          ],
          [
            0.0,
            0.0,
            0.0,
            1.0
          ]
        ],
        "rotation_mode": "QUATERNION"
      },
      "armature_space": {
        "head": {
          "x": -0.0032675745896995068,
          "y": 0.00016026943922042847,
          "z": 0.000604596920311451
        },
        "tail": {
          "x": -0.051178112626075745,
          "y": 0.07280996441841125,
          "z": 0.4807870090007782
        }
      },
      "world_space": {
        "head": {
          "x": -0.0032675745896995068,
          "y": 0.06340426951646805,
          "z": 0.9504585862159729
        },
        "tail": {
          "x": -0.051178112626075745,
          "y": 0.13605396449565887,
          "z": 1.4306410551071167
        },
        "rotation_quaternion": {
          "w": 0.7546408176422119,
          "x": 0.6523392796516418,
          "y": -0.07037711143493652,
          "z": 0.004212324507534504
        },
        "matrix": [
          [
            0.9900587201118469,
            -0.09817708283662796,
            -0.10072250664234161,
            -0.0032675745896995068
          ],
          [
            -0.08546122163534164,
            0.14887195825576782,
            -0.9851565957069397,
            0.06340426951646805
          ],
          [
            0.11171527206897736,
            0.9839778542518616,
            0.13900169730186462,
            0.9504585862159729
          ],
          [
            0.0,
            0.0,
            0.0,
            1.0
          ]
        ]
      },
      "bone_length_armature_space": 0.48800465379036373,
      "parent": "Root",
      "has_children": true,
      "is_end_bone": false
    },
    "neck_01": {
      "name": "neck_01",
      "local": {
        "location": {
          "x": 0.0,
          "y": 0.0,
          "z": 0.0
        },
        "rotation_quaternion": {
          "w": 0.9869264364242554,
          "x": 0.0697641372680664,
          "y": -0.007636347785592079,
          "z": -0.14508967101573944
        },
        "scale": {
          "x": 1.0,
          "y": 1.0,
          "z": 1.0
        },
        "matrix_basis": [
          [
            0.9577813744544983,
            0.2853201627731323,
            -0.03531713783740997,
            0.0
          ],
          [
            -0.2874511480331421,
            0.9481639266014099,
            -0.13548822700977325,
            0.0
          ],
          [
            -0.005171084310859442,
            0.13992005586624146,
            0.9901493191719055,
            0.0
          ],
          [
            0.0,
            0.0,
            0.0,
            1.0
          ]
        ],
        "rotation_mode": "QUATERNION"
      },
      "armature_space": {
        "head": {
          "x": -0.06185958907008171,
          "y": 0.049544475972652435,
          "z": 0.5576529502868652
        },
        "tail": {
          "x": -0.04627571254968643,
          "y": 0.010119311511516571,
          "z": 0.6509993076324463
        }
      },
      "world_space": {
        "head": {
          "x": -0.06185958907008171,
          "y": 0.11278847604990005,
          "z": 1.5075069665908813
        },
        "tail": {
          "x": -0.04627571254968643,
          "y": 0.07336331158876419,
          "z": 1.6008533239364624
        },
        "rotation_quaternion": {
          "w": 0.5530816316604614,
          "x": 0.8287849426269531,
          "y": 0.042694203555583954,
          "z": -0.07344076782464981
        },
        "matrix": [
          [
            0.9855674505233765,
            0.15200619399547577,
            -0.07450564950704575,
            -0.06185958907008171
          ],
          [
            -0.01046810857951641,
            -0.3845556974411011,
            -0.9230425953865051,
            0.11278847604990005
          ],
          [
            -0.16896089911460876,
            0.9105064868927002,
            -0.37741780281066895,
            1.5075069665908813
          ],
          [
            0.0,
            0.0,
            0.0,
            1.0
          ]
        ]
      },
      "bone_length_armature_space": 0.10252191621610195,
      "parent": "spine_01",
      "has_children": true,
      "is_end_bone": false
    },
    "head": {
      "name": "head",
      "local": {
        "location": {
          "x": 0.0,
          "y": 0.0,
          "z": 0.0
        },
        "rotation_quaternion": {
          "w": 0.9751492738723755,
          "x": 0.026434985920786858,
          "y": -0.04439201578497887,
          "z": -0.2154403030872345
        },
        "scale": {
          "x": 1.0,
          "y": 1.0,
          "z": 1.0
        },
        "matrix_basis": [
          [
            0.9032296538352966,
            0.4178259074687958,
            -0.09796800464391708,
            0.0
          ],
          [
            -0.4225199222564697,
            0.9057733416557312,
            -0.03242845460772514,
            0.0
          ],
          [
            0.07518736273050308,
            0.07068376988172531,
            0.9946610927581787,
            0.0
          ],
          [
            0.0,
            0.0,
            0.0,
            1.0
          ]
        ],
        "rotation_mode": "QUATERNION"
      },
      "armature_space": {
        "head": {
          "x": -0.04627573490142822,
          "y": 0.010119196027517319,
          "z": 0.6509991884231567
        },
        "tail": {
          "x": 0.041007332503795624,
          "y": -0.005205824971199036,
          "z": 0.7782784700393677
        }
      },
      "world_space": {
        "head": {
          "x": -0.04627573490142822,
          "y": 0.07336319983005524,
          "z": 1.6008532047271729
        },
        "tail": {
          "x": 0.041007332503795624,
          "y": 0.058038175106048584,
          "z": 1.7281324863433838
        },
        "rotation_quaternion": {
          "w": 0.6483718752861023,
          "x": 0.698984682559967,
          "y": 0.17380324006080627,
          "z": -0.24663111567497253
        },
        "matrix": [
          [
            0.8179315328598022,
            0.5627890229225159,
            -0.1194024607539177,
            -0.04627573490142822
          ],
          [
            -0.0768427774310112,
            -0.09881359338760376,
            -0.9921347498893738,
            0.07336319983005524
          ],
          [
            -0.5701650977134705,
            0.8206790685653687,
            -0.03757767751812935,
            1.6008532047271729
          ],
          [
            0.0,
            0.0,
            0.0,
            1.0
          ]
        ]
      },
      "bone_length_armature_space": 0.15509095805468537,
      "parent": "neck_01",
      "has_children": false,
      "is_end_bone": true
    },
    "upperarm_l": {
      "name": "upperarm_l",
      "local": {
        "location": {
          "x": 0.0,
          "y": 0.0,
          "z": 0.0
        },
        "rotation_quaternion": {
          "w": 0.6806567311286926,
          "x": 0.5215869545936584,
          "y": 0.04622086510062218,
          "z": 0.5123642683029175
        },
        "scale": {
          "x": 1.0,
          "y": 1.0,
          "z": 1.0
        },
        "matrix_basis": [
          [
            0.4706929624080658,
            -0.6492719650268555,
            0.5974061489105225,
            0.0
          ],
          [
            0.7457047700881958,
            -0.06914018839597702,
            -0.6626794934272766,
            0.0
          ],
          [
            0.4715639650821686,
            0.7574071884155273,
            0.4516213536262512,
            0.0
          ],
          [
            0.0,
            0.0,
            0.0,
            1.0
          ]
        ],
        "rotation_mode": "QUATERNION"
      },
      "armature_space": {
        "head": {
          "x": 0.0929262787103653,
          "y": 0.023578152060508728,
          "z": 0.5087226629257202
        },
        "tail": {
          "x": 0.048767317086458206,
          "y": -0.1552051305770874,
          "z": 0.7033880949020386
        }
      },
      "world_space": {
        "head": {
          "x": 0.0929262787103653,
          "y": 0.08682215213775635,
          "z": 1.4585766792297363
        },
        "tail": {
          "x": 0.048767317086458206,
          "y": -0.09196113049983978,
          "z": 1.6532421112060547
        },
        "rotation_quaternion": {
          "w": 0.34995177388191223,
          "x": 0.8676245808601379,
          "y": -0.2096301168203354,
          "z": -0.2842824161052704
        },
        "matrix": [
          [
            0.7504774332046509,
            -0.1647910475730896,
            -0.6400216817855835,
            0.0929262787103653
          ],
          [
            -0.5627312660217285,
            -0.6671779155731201,
            -0.4880649149417877,
            0.08682215213775635
          ],
          [
            -0.3465825021266937,
            0.7264463305473328,
            -0.5934395790100098,
            1.4585766792297363
          ],
          [
            0.0,
            0.0,
            0.0,
            1.0
          ]
        ]
      },
      "bone_length_armature_space": 0.26797034673937975,
      "parent": "spine_01",
      "has_children": true,
      "is_end_bone": false
    },
    "lowerarm_l": {
      "name": "lowerarm_l",
      "local": {
        "location": {
          "x": 0.0,
          "y": 0.0,
          "z": 0.0
        },
        "rotation_quaternion": {
          "w": 0.9806793928146362,
          "x": 0.03185207396745682,
          "y": -0.06343956291675568,
          "z": 0.18228793144226074
        },
        "scale": {
          "x": 1.0,
          "y": 1.0,
          "z": 1.0
        },
        "matrix_basis": [
          [
            0.925493061542511,
            -0.36157339811325073,
            -0.1128152459859848,
            0.0
          ],
          [
            0.3534906804561615,
            0.9315131306648254,
            -0.08560188114643097,
            0.0
          ],
          [
            0.13604024052619934,
            0.03934480994939804,
            0.9899217486381531,
            0.0
          ],
          [
            0.0,
            0.0,
            0.0,
            1.0
          ]
        ],
        "rotation_mode": "QUATERNION"
      },
      "armature_space": {
        "head": {
          "x": 0.04876718297600746,
          "y": -0.1552051454782486,
          "z": 0.7033880949020386
        },
        "tail": {
          "x": -0.09306921064853668,
          "y": -0.26331913471221924,
          "z": 0.9027963876724243
        }
      },
      "world_space": {
        "head": {
          "x": 0.04876718297600746,
          "y": -0.09196114540100098,
          "z": 1.6532421112060547
        },
        "tail": {
          "x": -0.09306921064853668,
          "y": -0.20007513463497162,
          "z": 1.8526504039764404
        },
        "rotation_quaternion": {
          "w": 0.29801639914512634,
          "x": 0.7796740531921387,
          "y": -0.4572986960411072,
          "z": -0.30687570571899414
        },
        "matrix": [
          [
            0.3934091329574585,
            -0.5301809906959534,
            -0.7510910034179688,
            0.04876718297600746
          ],
          [
            -0.8959964513778687,
            -0.40412744879722595,
            -0.18404214084148407,
            -0.09196114540100098
          ],
          [
            -0.20596320927143097,
            0.7453833222389221,
            -0.6340323090553284,
            1.6532421112060547
          ],
          [
            0.0,
            0.0,
            0.0,
            1.0
          ]
        ]
      },
      "bone_length_armature_space": 0.2675254449708049,
      "parent": "upperarm_l",
      "has_children": true,
      "is_end_bone": false
    },
    "metacarpal_thumb_l": {
      "name": "metacarpal_thumb_l",
      "local": {
        "location": {
          "x": 0.0,
          "y": 0.0,
          "z": 0.0
        },
        "rotation_quaternion": {
          "w": 0.9970083832740784,
          "x": -0.07390336692333221,
          "y": -0.01603877730667591,
          "z": 0.01598028652369976
        },
        "scale": {
          "x": 1.0,
          "y": 1.0,
          "z": 1.0
        },
        "matrix_basis": [
          [
            0.9989748001098633,
            -0.02949431911110878,
            -0.03434358537197113,
            0.0
          ],
          [
            0.034235600382089615,
            0.9885658621788025,
            0.14685194194316864,
            0.0
          ],
          [
            0.029619596898555756,
            -0.14787715673446655,
            0.9885621070861816,
            0.0
          ],
          [
            0.0,
            0.0,
            0.0,
            1.0
          ]
        ],
        "rotation_mode": "QUATERNION"
      },
      "armature_space": {
        "head": {
          "x": -0.09306921064853668,
          "y": -0.26331913471221924,
          "z": 0.9027963876724243
        },
        "tail": {
          "x": -0.13595393300056458,
          "y": -0.2861875295639038,
          "z": 0.9123630523681641
        }
      },
      "world_space": {
        "head": {
          "x": -0.09306921064853668,
          "y": -0.20007513463497162,
          "z": 1.8526504039764404
        },
        "tail": {
          "x": -0.13595393300056458,
          "y": -0.2229435294866562,
          "z": 1.8622170686721802
        },
        "rotation_quaternion": {
          "w": 0.36664852499961853,
          "x": 0.7218680381774902,
          "y": -0.36705783009529114,
          "z": 0.45797818899154663
        },
        "matrix": [
          [
            0.3110487461090088,
            -0.8657691478729248,
            0.39203643798828125,
            -0.09306921064853668
          ],
          [
            -0.19410112500190735,
            -0.4616738557815552,
            -0.8655529618263245,
            -0.20007513463497162
          ],
          [
            0.9303684234619141,
            0.1931350976228714,
            -0.3116529583930969,
            1.8526504039764404
          ],
          [
            0.0,
            0.0,
            0.0,
            1.0
          ]
        ]
      },
      "bone_length_armature_space": 0.04953366530382126,
      "parent": "lowerarm_l",
      "has_children": true,
      "is_end_bone": false
    },
    "thumb_01_l": {
      "name": "thumb_01_l",
      "local": {
        "location": {
          "x": 0.0,
          "y": 0.0,
          "z": 0.0
        },
        "rotation_quaternion": {
          "w": 0.9674724340438843,
          "x": 0.25225377082824707,
          "y": 0.017491336911916733,
          "z": -0.0077015068382024765
        },
        "scale": {
          "x": 1.0,
          "y": 1.0,
          "z": 1.0
        },
        "matrix_basis": [
          [
            0.9992694854736328,
            0.023726502433419228,
            0.02995930425822735,
            0.0
          ],
          [
            -0.00607747957110405,
            0.8726174235343933,
            -0.4883665442466736,
            0.0
          ],
          [
            -0.03773023933172226,
            0.48782771825790405,
            0.872124195098877,
            0.0
          ],
          [
            0.0,
            0.0,
            0.0,
            1.0
          ]
        ],
        "rotation_mode": "QUATERNION"
      },
      "armature_space": {
        "head": {
          "x": -0.13595393300056458,
          "y": -0.2861875295639038,
          "z": 0.9123630523681641
        },
        "tail": {
          "x": -0.14165346324443817,
          "y": -0.31851354241371155,
          "z": 0.9213724732398987
        }
      },
      "world_space": {
        "head": {
          "x": -0.13595393300056458,
          "y": -0.2229435294866562,
          "z": 1.8622170686721802
        },
        "tail": {
          "x": -0.14165346324443817,
          "y": -0.25526952743530273,
          "z": 1.8712265491485596
        },
        "rotation_quaternion": {
          "w": 0.10716666281223297,
          "x": 0.17464172840118408,
          "y": 0.11692557483911514,
          "z": 0.9717736840248108
        },
        "matrix": [
          [
            -0.9160310626029968,
            -0.16744327545166016,
            0.36448562145233154,
            -0.13595393300056458
          ],
          [
            0.24912390112876892,
            -0.9496873617172241,
            0.18981903791427612,
            -0.2229435294866562
          ],
          [
            0.3143657445907593,
            0.26468294858932495,
            0.9116640090942383,
            1.8622170686721802
          ],
          [
            0.0,
            0.0,
            0.0,
            1.0
          ]
        ]
      },
      "bone_length_armature_space": 0.03403858639899217,
      "parent": "metacarpal_thumb_l",
      "has_children": true,
      "is_end_bone": false
    },
    "thumb_02_l": {
      "name": "thumb_02_l",
      "local": {
        "location": {
          "x": 0.0,
          "y": 0.0,
          "z": 0.0
        },
        "rotation_quaternion": {
          "w": 0.8830857872962952,
          "x": 0.46917110681533813,
          "y": 0.005307255778461695,
          "z": 0.003119730856269598
        },
        "scale": {
          "x": 1.0,
          "y": 1.0,
          "z": 1.0
        },
        "matrix_basis": [
          [
            0.9999241828918457,
            -0.0005299578187987208,
            0.012300899252295494,
            0.0
          ],
          [
            0.010490002110600471,
            0.559737503528595,
            -0.8286035656929016,
            0.0
          ],
          [
            -0.0064461492002010345,
            0.8286697864532471,
            0.559700608253479,
            0.0
          ],
          [
            0.0,
            0.0,
            0.0,
            1.0
          ]
        ],
        "rotation_mode": "QUATERNION"
      },
      "armature_space": {
        "head": {
          "x": -0.14165344834327698,
          "y": -0.31851354241371155,
          "z": 0.9213724136352539
        },
        "tail": {
          "x": -0.1499214619398117,
          "y": -0.29057827591896057,
          "z": 0.9490211606025696
        }
      },
      "world_space": {
        "head": {
          "x": -0.14165344834327698,
          "y": -0.25526952743530273,
          "z": 1.87122642993927
        },
        "tail": {
          "x": -0.1499214619398117,
          "y": -0.22733427584171295,
          "z": 1.8988752365112305
        },
        "rotation_quaternion": {
          "w": 0.22119686007499695,
          "x": -0.018707577139139175,
          "y": 0.893774688243866,
          "z": 0.3897290825843811
        },
        "matrix": [
          [
            -0.9014444351196289,
            -0.20585419237613678,
            0.38081762194633484,
            -0.14165344834327698
          ],
          [
            0.13897211849689484,
            0.6955232620239258,
            0.7049355506896973,
            -0.25526952743530273
          ],
          [
            -0.40998440980911255,
            0.6883888244628906,
            -0.5983707904815674,
            1.87122642993927
          ],
          [
            0.0,
            0.0,
            0.0,
            1.0
          ]
        ]
      },
      "bone_length_armature_space": 0.0401645660019968,
      "parent": "thumb_01_l",
      "has_children": true,
      "is_end_bone": false
    },
    "thumb_03_l": {
      "name": "thumb_03_l",
      "local": {
        "location": {
          "x": 0.0,
          "y": 0.0,
          "z": 0.0
        },
        "rotation_quaternion": {
          "w": 0.9875108003616333,
          "x": 0.15745839476585388,
          "y": -0.001712395460344851,
          "z": 0.005133599974215031
        },
        "scale": {
          "x": 1.0,
          "y": 1.0,
          "z": 1.0
        },
        "matrix_basis": [
          [
            0.9999414086341858,
            -0.01067823264747858,
            -0.0017653611721470952,
            0.0
          ],
          [
            0.009599708952009678,
            0.9503610134124756,
            -0.3110013008117676,
            0.0
          ],
          [
            0.004998674616217613,
            0.3109661638736725,
            0.950407862663269,
            0.0
          ],
          [
            0.0,
            0.0,
            0.0,
            1.0
          ]
        ],
        "rotation_mode": "QUATERNION"
      },
      "armature_space": {
        "head": {
          "x": -0.14992153644561768,
          "y": -0.29057830572128296,
          "z": 0.9490211606025696
        },
        "tail": {
          "x": -0.14773209393024445,
          "y": -0.26135963201522827,
          "z": 0.9572896957397461
        }
      },
      "world_space": {
        "head": {
          "x": -0.14992153644561768,
          "y": -0.22733430564403534,
          "z": 1.8988752365112305
        },
        "tail": {
          "x": -0.14773209393024445,
          "y": -0.19811563193798065,
          "z": 1.9071437120437622
        },
        "rotation_quaternion": {
          "w": 0.004459088668227196,
          "x": 0.03694281354546547,
          "y": 0.9898695945739746,
          "z": 0.13701677322387695
        },
        "matrix": [
          [
            -0.9972307085990906,
            0.0719151496887207,
            0.018951334059238434,
            -0.14992153644561768
          ],
          [
            0.07435917109251022,
            0.9597234725952148,
            0.27092742919921875,
            -0.22733430564403534
          ],
          [
            0.0012955516576766968,
            0.2715894281864166,
            -0.9624196887016296,
            1.8988752365112305
          ],
          [
            0.0,
            0.0,
            0.0,
            1.0
          ]
        ]
      },
      "bone_length_armature_space": 0.030444921123001026,
      "parent": "thumb_02_l",
      "has_children": false,
      "is_end_bone": true
    },
    "metacarpal_index_l": {
      "name": "metacarpal_index_l",
      "local": {
        "location": {
          "x": 0.0,
          "y": 0.0,
          "z": 0.0
        },
        "rotation_quaternion": {
          "w": 0.9992138147354126,
          "x": -0.03939507529139519,
          "y": 0.0005748465773649514,
          "z": -0.004425554070621729
        },
        "scale": {
          "x": 1.0,
          "y": 1.0,
          "z": 1.0
        },
        "matrix_basis": [
          [
            0.99996018409729,
            0.008798857219517231,
            0.0014974793884903193,
            0.0
          ],
          [
            -0.008889441378414631,
            0.9968568682670593,
            0.07872311770915985,
            0.0
          ],
          [
            -0.0008000992238521576,
            -0.07873329520225525,
            0.9968953728675842,
            0.0
          ],
          [
            0.0,
            0.0,
            0.0,
            1.0
          ]
        ],
        "rotation_mode": "QUATERNION"
      },
      "armature_space": {
        "head": {
          "x": -0.09306921064853668,
          "y": -0.26331913471221924,
          "z": 0.9027963876724243
        },
        "tail": {
          "x": -0.1759217381477356,
          "y": -0.31372565031051636,
          "z": 0.968552827835083
        }
      },
      "world_space": {
        "head": {
          "x": -0.09306921064853668,
          "y": -0.20007513463497162,
          "z": 1.8526504039764404
        },
        "tail": {
          "x": -0.1759217381477356,
          "y": -0.25048166513442993,
          "z": 1.9184068441390991
        },
        "rotation_quaternion": {
          "w": 0.40149185061454773,
          "x": 0.8318926692008972,
          "y": -0.35172003507614136,
          "z": 0.1518290936946869
        },
        "matrix": [
          [
            0.7064815163612366,
            -0.7071033716201782,
            -0.029816238209605217,
            -0.09306921064853668
          ],
          [
            -0.4632719159126282,
            -0.43019360303878784,
            -0.774798572063446,
            -0.20007513463497162
          ],
          [
            0.5350390672683716,
            0.5611971616744995,
            -0.6315100789070129,
            1.8526504039764404
          ],
          [
            0.0,
            0.0,
            0.0,
            1.0
          ]
        ]
      },
      "bone_length_armature_space": 0.1171719570581205,
      "parent": "lowerarm_l",
      "has_children": true,
      "is_end_bone": false
    },
    "index_01_l": {
      "name": "index_01_l",
      "local": {
        "location": {
          "x": 0.0,
          "y": 0.0,
          "z": 0.0
        },
        "rotation_quaternion": {
          "w": 0.9429994821548462,
          "x": 0.3315848410129547,
          "y": 0.028138943016529083,
          "z": 0.003418260719627142
        },
        "scale": {
          "x": 1.0,
          "y": 1.0,
          "z": 1.0
        },
        "matrix_basis": [
          [
            0.9983930587768555,
            0.012214058078825474,
            0.055336903780698776,
            0.0
          ],
          [
            0.0251077301800251,
            0.7800796031951904,
            -0.6251763105392456,
            0.0
          ],
          [
            -0.050803132355213165,
            0.6255610585212708,
            0.7785193920135498,
            0.0
          ],
          [
            0.0,
            0.0,
            0.0,
            1.0
          ]
        ],
        "rotation_mode": "QUATERNION"
      },
      "armature_space": {
        "head": {
          "x": -0.1759217381477356,
          "y": -0.31372565031051636,
          "z": 0.968552827835083
        },
        "tail": {
          "x": -0.18607617914676666,
          "y": -0.339057594537735,
          "z": 0.9768142104148865
        }
      },
      "world_space": {
        "head": {
          "x": -0.1759217381477356,
          "y": -0.25048166513442993,
          "z": 1.9184068441390991
        },
        "tail": {
          "x": -0.18607617914676666,
          "y": -0.27581357955932617,
          "z": 1.9266681671142578
        },
        "rotation_quaternion": {
          "w": 0.17693069577217102,
          "x": 0.958728551864624,
          "y": -0.15652303397655487,
          "z": 0.1582270711660385
        },
        "matrix": [
          [
            0.9009297490119934,
            -0.35611674189567566,
            0.24800574779510498,
            -0.1759217381477356
          ],
          [
            -0.24413588643074036,
            -0.8883919715881348,
            -0.3887900412082672,
            -0.25048166513442993
          ],
          [
            0.35878318548202515,
            0.28972625732421875,
            -0.8873259425163269,
            1.9184068441390991
          ],
          [
            0.0,
            0.0,
            0.0,
            1.0
          ]
        ]
      },
      "bone_length_armature_space": 0.02851439115205621,
      "parent": "metacarpal_index_l",
      "has_children": true,
      "is_end_bone": false
    },
    "index_02_l": {
      "name": "index_02_l",
      "local": {
        "location": {
          "x": 0.0,
          "y": 0.0,
          "z": 0.0
        },
        "rotation_quaternion": {
          "w": 0.9032067060470581,
          "x": 0.4291624128818512,
          "y": 0.005940175149589777,
          "z": -0.0014298707246780396
        },
        "scale": {
          "x": 1.0,
          "y": 1.0,
          "z": 1.0
        },
        "matrix_basis": [
          [
            0.9999253153800964,
            0.007681537419557571,
            0.009503118693828583,
            0.0
          ],
          [
            0.0025156622286885977,
            0.6316351294517517,
            -0.7752617001533508,
            0.0
          ],
          [
            -0.011957705952227116,
            0.7752277255058289,
            0.6315686702728271,
            0.0
          ],
          [
            0.0,
            0.0,
            0.0,
            1.0
          ]
        ],
        "rotation_mode": "QUATERNION"
      },
      "armature_space": {
        "head": {
          "x": -0.18607646226882935,
          "y": -0.339057981967926,
          "z": 0.9768139123916626
        },
        "tail": {
          "x": -0.18784555792808533,
          "y": -0.3614315688610077,
          "z": 0.9643886685371399
        }
      },
      "world_space": {
        "head": {
          "x": -0.18607646226882935,
          "y": -0.2758139967918396,
          "z": 1.9266679286956787
        },
        "tail": {
          "x": -0.18784555792808533,
          "y": -0.2981875538825989,
          "z": 1.9142427444458008
        },
        "rotation_quaternion": {
          "w": 0.23933733999729156,
          "x": -0.9506864547729492,
          "y": 0.08149471879005432,
          "z": -0.17964288592338562
        },
        "matrix": [
          [
            0.9221742749214172,
            -0.06896159052848816,
            0.3805775046348572,
            -0.18607646226882935
          ],
          [
            -0.24094243347644806,
            -0.8721530437469482,
            0.4257888197898865,
            -0.2758139967918396
          ],
          [
            0.30256059765815735,
            -0.48435312509536743,
            -0.8208978176116943,
            1.9266679286956787
          ],
          [
            0.0,
            0.0,
            0.0,
            1.0
          ]
        ]
      },
      "bone_length_armature_space": 0.025653338321066303,
      "parent": "index_01_l",
      "has_children": true,
      "is_end_bone": false
    },
    "index_03_l": {
      "name": "index_03_l",
      "local": {
        "location": {
          "x": 0.0,
          "y": 0.0,
          "z": 0.0
        },
        "rotation_quaternion": {
          "w": 0.9320246577262878,
          "x": 0.3622519373893738,
          "y": -0.010182647965848446,
          "z": -0.00020036622299812734
        },
        "scale": {
          "x": 1.0,
          "y": 1.0,
          "z": 1.0
        },
        "matrix_basis": [
          [
            0.9997925758361816,
            -0.007003875449299812,
            -0.019126124680042267,
            0.0
          ],
          [
            -0.0077508604153990746,
            0.737546980381012,
            -0.6752514243125916,
            0.0
          ],
          [
            0.01883579231798649,
            0.675259530544281,
            0.7373396754264832,
            0.0
          ],
          [
            0.0,
            0.0,
            0.0,
            1.0
          ]
        ],
        "rotation_mode": "QUATERNION"
      },
      "armature_space": {
        "head": {
          "x": -0.1878456324338913,
          "y": -0.3614315986633301,
          "z": 0.9643887877464294
        },
        "tail": {
          "x": -0.17817001044750214,
          "y": -0.3700500726699829,
          "z": 0.9382001161575317
        }
      },
      "world_space": {
        "head": {
          "x": -0.1878456324338913,
          "y": -0.29818761348724365,
          "z": 1.9142427444458008
        },
        "tail": {
          "x": -0.17817001044750214,
          "y": -0.3068060874938965,
          "z": 1.8880541324615479
        },
        "rotation_quaternion": {
          "w": 0.5917819738388062,
          "x": -0.7749006152153015,
          "y": -0.04808678850531578,
          "z": -0.2168198972940445
        },
        "matrix": [
          [
            0.9013543725013733,
            0.3311450481414795,
            0.27911239862442017,
            -0.1878456324338913
          ],
          [
            -0.1820933222770691,
            -0.2949649691581726,
            0.9379968643188477,
            -0.29818761348724365
          ],
          [
            0.3929439187049866,
            -0.8962982892990112,
            -0.20556873083114624,
            1.9142427444458008
          ],
          [
            0.0,
            0.0,
            0.0,
            1.0
          ]
        ]
      },
      "bone_length_armature_space": 0.029218868001220522,
      "parent": "index_02_l",
      "has_children": false,
      "is_end_bone": true
    },
    "metacarpal_pinky_l": {
      "name": "metacarpal_pinky_l",
      "local": {
        "location": {
          "x": 0.0,
          "y": 0.0,
          "z": 0.0
        },
        "rotation_quaternion": {
          "w": 0.9991240501403809,
          "x": -0.04017258435487747,
          "y": 0.006294017657637596,
          "z": -0.009889019653201103
        },
        "scale": {
          "x": 1.0,
          "y": 1.0,
          "z": 1.0
        },
        "matrix_basis": [
          [
            0.9997251629829407,
            0.0192550215870142,
            0.01337154395878315,
            0.0
          ],
          [
            -0.02026640810072422,
            0.996576726436615,
            0.080150306224823,
            0.0
          ],
          [
            -0.011782473884522915,
            -0.0803992748260498,
            0.9966930747032166,
            0.0
          ],
          [
            0.0,
            0.0,
            0.0,
            1.0
          ]
        ],
        "rotation_mode": "QUATERNION"
      },
      "armature_space": {
        "head": {
          "x": -0.09306921064853668,
          "y": -0.26331913471221924,
          "z": 0.9027963876724243
        },
        "tail": {
          "x": -0.11792704463005066,
          "y": -0.30557048320770264,
          "z": 0.9946671724319458
        }
      },
      "world_space": {
        "head": {
          "x": -0.09306921064853668,
          "y": -0.20007513463497162,
          "z": 1.8526504039764404
        },
        "tail": {
          "x": -0.11792704463005066,
          "y": -0.24232648313045502,
          "z": 1.944521188735962
        },
        "rotation_quaternion": {
          "w": 0.0958719477057457,
          "x": 0.35789552330970764,
          "y": -0.5365933179855347,
          "z": -0.7581470608711243
        },
        "matrix": [
          [
            -0.7254402041435242,
            -0.2387174516916275,
            -0.6455625891685486,
            -0.09306921064853668
          ],
          [
            -0.5294576287269592,
            -0.40575286746025085,
            0.7450096011161804,
            -0.20007513463497162
          ],
          [
            -0.4397893249988556,
            0.8822633624076843,
            0.167960524559021,
            1.8526504039764404
          ],
          [
            0.0,
            0.0,
            0.0,
            1.0
          ]
        ]
      },
      "bone_length_armature_space": 0.10413130939954865,
      "parent": "lowerarm_l",
      "has_children": true,
      "is_end_bone": false
    },
    "pinky_01_l": {
      "name": "pinky_01_l",
      "local": {
        "location": {
          "x": 0.0,
          "y": 0.0,
          "z": 0.0
        },
        "rotation_quaternion": {
          "w": 0.9517033100128174,
          "x": 0.30591195821762085,
          "y": 0.026014480739831924,
          "z": -0.0014202084857970476
        },
        "scale": {
          "x": 1.0,
          "y": 1.0,
          "z": 1.0
        },
        "matrix_basis": [
          [
            0.9986424446105957,
            0.018619515001773834,
            0.04864721745252609,
            0.0
          ],
          [
            0.013213046826422215,
            0.812831699848175,
            -0.5823487639427185,
            0.0
          ],
          [
            -0.05038505420088768,
            0.5822009444236755,
            0.8114822506904602,
            0.0
          ],
          [
            0.0,
            0.0,
            0.0,
            1.0
          ]
        ],
        "rotation_mode": "QUATERNION"
      },
      "armature_space": {
        "head": {
          "x": -0.11792704463005066,
