{
  "metadata": {
    "armature_name": "KIM_caucasian_male",
    "export_time": "2026-01-13T21:16:09.826199",
    "blender_version": "4.4.1",
    "bone_count": 56,
    "end_bone_count": 13,
    "spaces_included": [
      "LOCAL_CHANNELS",
      "ARMATURE_SPACE",
      "WORLD_SPACE"
    ],
    "note": "LOCAL matches Transform panel; replay pose via local.matrix_basis for best fidelity."
  },
  "bones": {
    "Root": {
      "name": "Root",
      "local": {
        "location": {
          "x": 0.0,
          "y": 0.0,
          "z": 0.0
        },
        "rotation_quaternion": {
          "w": 0.9999266266822815,
          "x": 0.00572054972872138,
          "y": -0.007518315222114325,
          "z": 0.007584189996123314
        },
        "scale": {
          "x": 1.0,
          "y": 1.0,
          "z": 1.0
        },
        "matrix_basis": [
          [
            0.9997718930244446,
            -0.015253284946084023,
            -0.014948755502700806,
            0.0
          ],
          [
            0.015081249177455902,
            0.9998195171356201,
            -0.011554300785064697,
            0.0
          ],
          [
            0.015122299082577229,
            0.011326218955218792,
            0.9998214840888977,
            0.0
          ],
          [
            0.0,
            0.0,
            0.0,
            1.0
          ]
        ],
        "rotation_mode": "QUATERNION"
      },
      "armature_space": {
        "head": {
          "x": 0.0,
          "y": 0.07072800397872925,
          "z": -0.009595036506652832
        },
        "tail": {
          "x": -0.0010887164389714599,
          "y": -9.591132402420044e-05,
          "z": -0.0008028186857700348
        }
      },
      "world_space": {
        "head": {
          "x": 0.0,
          "y": 0.13397200405597687,
          "z": 0.9402589797973633
        },
        "tail": {
          "x": -0.0010887164389714599,
          "y": 0.06314808875322342,
          "z": 0.9490512013435364
        },
        "rotation_quaternion": {
          "w": 0.06165516376495361,
          "x": 0.9980403780937195,
          "y": -0.008073453791439533,
          "z": -0.0069903056137263775
        },
        "matrix": [
          [
            0.9997718930244446,
            -0.015253284946084023,
            -0.014948755502700806,
            0.0
          ],
          [
            -0.01697724498808384,
            -0.9922668933868408,
            -0.1229562759399414,
            0.13397200405597687
          ],
          [
            -0.012957775965332985,
            0.12318193912506104,
            -0.9923065304756165,
            0.9402589797973633
          ],
          [
            0.0,
            0.0,
            0.0,
            1.0
          ]
        ]
      },
      "bone_length_armature_space": 0.07137587416960414,
      "parent": null,
      "has_children": true,
      "is_end_bone": false
    },
    "spine_01": {
      "name": "spine_01",
      "local": {
        "location": {
          "x": 0.0,
          "y": 0.0,
          "z": 0.0
        },
        "rotation_quaternion": {
          "w": 0.9985924959182739,
          "x": -0.012227801606059074,
          "y": -0.046973444521427155,
          "z": 0.021381432190537453
        },
        "scale": {
          "x": 1.0,
          "y": 1.0,
          "z": 1.0
        },
        "matrix_basis": [
          [
            0.9946726560592651,
            -0.041553910821676254,
            -0.09433755278587341,
            0.0
          ],
          [
            0.04385143890976906,
            0.9987866282463074,
            0.022412462159991264,
            0.0
          ],
          [
            0.0932917594909668,
            -0.026429900899529457,
            0.9952879548072815,
            0.0
          ],
          [
            0.0,
            0.0,
            0.0,
            1.0
          ]
        ],
        "rotation_mode": "QUATERNION"
      },
      "armature_space": {
        "head": {
          "x": -0.0010887164389714599,
          "y": -9.591132402420044e-05,
          "z": -0.0008028186857700348
        },
        "tail": {
          "x": -0.014545617625117302,
          "y": 0.030288729816675186,
          "z": 0.48606905341148376
        }
      },
      "world_space": {
        "head": {
          "x": -0.0010887164389714599,
          "y": 0.06314808875322342,
          "z": 0.9490512013435364
        },
        "tail": {
          "x": -0.014545617625117302,
          "y": 0.09353272616863251,
          "z": 1.4359230995178223
        },
        "rotation_quaternion": {
          "w": 0.7270879149436951,
          "x": 0.6841732859611511,
          "y": -0.049746133387088776,
          "z": -0.027846980839967728
        },
        "matrix": [
          [
            0.9934996962547302,
            -0.027575548738241196,
            -0.11044375598430634,
            -0.0010887164389714599
          ],
          [
            -0.10856415331363678,
            0.062263451516628265,
            -0.9921376705169678,
            0.06314808875322342
          ],
          [
            0.03423548862338066,
            0.9976857304573059,
            0.058864519000053406,
            0.9490512013435364
          ],
          [
            0.0,
            0.0,
            0.0,
            1.0
          ]
        ]
      },
      "bone_length_armature_space": 0.488004641176836,
      "parent": "Root",
      "has_children": true,
      "is_end_bone": false
    },
    "neck_01": {
      "name": "neck_01",
      "local": {
        "location": {
          "x": 0.0,
          "y": 0.0,
          "z": 0.0
        },
        "rotation_quaternion": {
          "w": 0.9931673407554626,
          "x": -0.03785872831940651,
          "y": -0.026655783876776695,
          "z": -0.10712090134620667
        },
        "scale": {
          "x": 1.0,
          "y": 1.0,
          "z": 1.0
        },
        "matrix_basis": [
          [
            0.9756291508674622,
            0.2147962749004364,
            -0.044836387038230896,
            0.0
          ],
          [
            -0.21075965464115143,
            0.9741836786270142,
            0.08091089129447937,
            0.0
          ],
          [
            0.06105823069810867,
            -0.06948932260274887,
            0.995712399482727,
            0.0
          ],
          [
            0.0,
            0.0,
            0.0,
            1.0
          ]
        ],
        "rotation_mode": "QUATERNION"
      },
      "armature_space": {
        "head": {
          "x": -0.02039489522576332,
          "y": 0.0004397928714752197,
          "z": 0.5611595511436462
        },
        "tail": {
          "x": -0.004592983052134514,
          "y": -0.027173522859811783,
          "z": 0.6586201190948486
        }
      },
      "world_space": {
        "head": {
          "x": -0.02039489522576332,
          "y": 0.06368379294872284,
          "z": 1.5110135078430176
        },
        "tail": {
          "x": -0.004592983052134514,
          "y": 0.03607047721743584,
          "z": 1.6084741353988647
        },
        "rotation_quaternion": {
          "w": 0.6041603684425354,
          "x": 0.7898182272911072,
          "y": 0.01786581240594387,
          "z": -0.10420367121696472
        },
        "matrix": [
          [
            0.9776448607444763,
            0.1541329175233841,
            -0.1430152952671051,
            -0.02039489522576332
          ],
          [
            -0.09768901765346527,
            -0.2693421244621277,
            -0.9580772519111633,
            0.06368379294872284
          ],
          [
            -0.18619266152381897,
            0.950636625289917,
            -0.24826648831367493,
            1.5110135078430176
          ],
          [
            0.0,
            0.0,
            0.0,
            1.0
          ]
        ]
      },
      "bone_length_armature_space": 0.10252198931494703,
      "parent": "spine_01",
      "has_children": true,
      "is_end_bone": false
    },
    "head": {
      "name": "head",
      "local": {
        "location": {
          "x": 0.0,
          "y": 0.0,
          "z": 0.0
        },
        "rotation_quaternion": {
          "w": 0.9730432033538818,
          "x": 0.004075966775417328,
          "y": 0.05586206912994385,
          "z": -0.22371813654899597
        },
        "scale": {
          "x": 1.0,
          "y": 1.0,
          "z": 1.0
        },
        "matrix_basis": [
          [
            0.893659234046936,
            0.4358302056789398,
            0.10688868165016174,
            0.0
          ],
          [
            -0.43491944670677185,
            0.8998671770095825,
            -0.03292689844965935,
            0.0
          ],
          [
            -0.11053615063428879,
            -0.017062531784176826,
            0.9937256574630737,
            0.0
          ],
          [
            0.0,
            0.0,
            0.0,
            1.0
          ]
        ],
        "rotation_mode": "QUATERNION"
      },
      "armature_space": {
        "head": {
          "x": -0.0045930165797472,
          "y": -0.02717365138232708,
          "z": 0.6586199402809143
        },
        "tail": {
          "x": 0.08887979388237,
          "y": -0.01805638149380684,
          "z": 0.7820415496826172
        }
      },
      "world_space": {
        "head": {
          "x": -0.0045930165797472,
          "y": 0.03607034683227539,
          "z": 1.6084740161895752
        },
        "tail": {
          "x": 0.08887979388237,
          "y": 0.04518761858344078,
          "z": 1.7318955659866333
        },
        "rotation_quaternion": {
          "w": 0.6922128200531006,
          "x": 0.6478610038757324,
          "y": 0.22412961721420288,
          "z": -0.22557371854782104
        },
        "matrix": [
          [
            0.7977648973464966,
            0.6026995778083801,
            0.018008068203926086,
            -0.0045930165797472
          ],
          [
            -0.021883875131607056,
            0.05878688395023346,
            -0.9980309009552002,
            0.03607034683227539
          ],
          [
            -0.6025756001472473,
            0.7958054542541504,
            0.06008697301149368,
            1.6084740161895752
          ],
          [
            0.0,
            0.0,
            0.0,
            1.0
          ]
        ]
      },
      "bone_length_armature_space": 0.15509089160080375,
      "parent": "neck_01",
      "has_children": false,
      "is_end_bone": true
    },
    "upperarm_l": {
      "name": "upperarm_l",
      "local": {
        "location": {
          "x": 0.0,
          "y": 0.0,
          "z": 0.0
        },
        "rotation_quaternion": {
          "w": 0.8959000110626221,
          "x": -0.2852321267127991,
          "y": 0.08902135491371155,
          "z": -0.32875680923461914
        },
        "scale": {
          "x": 1.0,
          "y": 1.0,
          "z": 1.0
        },
        "matrix_basis": [
          [
            0.7679883241653442,
            0.5382829308509827,
            0.3470524847507477,
            0.0
          ],
          [
            -0.6398499608039856,
            0.621123194694519,
            0.4525461792945862,
            0.0
          ],
          [
            0.028035541996359825,
            -0.569611668586731,
            0.8214356899261475,
            0.0
          ],
          [
            0.0,
            0.0,
            0.0,
            1.0
          ]
        ],
        "rotation_mode": "QUATERNION"
      },
      "armature_space": {
        "head": {
          "x": 0.13013112545013428,
          "y": -0.023193472996354103,
          "z": 0.4994303584098816
        },
        "tail": {
          "x": 0.30810534954071045,
          "y": 0.11195268481969833,
          "z": 0.35155007243156433
        }
      },
      "world_space": {
        "head": {
          "x": 0.13013112545013428,
          "y": 0.040050528943538666,
          "z": 1.449284315109253
        },
        "tail": {
          "x": 0.30810534954071045,
          "y": 0.17519667744636536,
          "z": 1.3014041185379028
        },
        "rotation_quaternion": {
          "w": 0.3730483055114746,
          "x": 0.20881789922714233,
          "y": 0.7829442620277405,
          "z": -0.4519162178039551
        },
        "matrix": [
          [
            -0.6344605088233948,
            0.6641587018966675,
            0.39541494846343994,
            0.13013112545013428
          ],
          [
            -0.010185940191149712,
            0.5043342113494873,
            -0.8634486198425293,
            0.040050528943538666
          ],
          [
            -0.7728935480117798,
            -0.5518550872802734,
            -0.31321799755096436,
            1.449284315109253
          ],
          [
            0.0,
            0.0,
            0.0,
            1.0
          ]
        ]
      },
      "bone_length_armature_space": 0.26796993750261816,
      "parent": "spine_01",
      "has_children": true,
      "is_end_bone": false
    },
    "lowerarm_l": {
      "name": "lowerarm_l",
      "local": {
        "location": {
          "x": 0.0,
          "y": 0.0,
          "z": 0.0
        },
        "rotation_quaternion": {
          "w": 0.9302457571029663,
          "x": 0.12574230134487152,
          "y": -0.19298714399337769,
          "z": 0.28563591837882996
        },
        "scale": {
          "x": 1.0,
          "y": 1.0,
          "z": 1.0
        },
        "matrix_basis": [
          [
            0.7623361945152283,
            -0.5799564719200134,
            -0.287217915058136,
            0.0
          ],
          [
            0.48288992047309875,
            0.8052020072937012,
            -0.3441905975341797,
            0.0
          ],
          [
            0.4308839738368988,
            0.12369436770677567,
            0.8938896656036377,
            0.0
          ],
          [
            0.0,
            0.0,
            0.0,
            1.0
          ]
        ],
        "rotation_mode": "QUATERNION"
      },
      "armature_space": {
        "head": {
          "x": 0.3081054985523224,
          "y": 0.11195268481969833,
          "z": 0.35155007243156433
        },
        "tail": {
          "x": 0.5652551054954529,
          "y": 0.1847597062587738,
          "z": 0.3634900152683258
        }
      },
      "world_space": {
        "head": {
          "x": 0.3081054985523224,
          "y": 0.17519667744636536,
          "z": 1.3014041185379028
        },
        "tail": {
          "x": 0.5652551054954529,
          "y": 0.24800370633602142,
          "z": 1.3133440017700195
        },
        "rotation_quaternion": {
          "w": 0.6516678333282471,
          "x": 0.37027156352996826,
          "y": 0.459788054227829,
          "z": -0.4762595295906067
        },
        "matrix": [
          [
            0.1235431581735611,
            0.9612189531326294,
            0.24656663835048676,
            0.3081054985523224
          ],
          [
            -0.280234158039093,
            0.27215084433555603,
            -0.9205449223518372,
            0.17519667744636536
          ],
          [
            -0.9519553780555725,
            0.04463125020265579,
            0.3029899597167969,
            1.3014041185379028
          ],
          [
            0.0,
            0.0,
            0.0,
            1.0
          ]
        ]
      },
      "bone_length_armature_space": 0.26752447810665997,
      "parent": "upperarm_l",
      "has_children": true,
      "is_end_bone": false
    },
    "metacarpal_thumb_l": {
      "name": "metacarpal_thumb_l",
      "local": {
        "location": {
          "x": 0.0,
          "y": 0.0,
          "z": 0.0
        },
        "rotation_quaternion": {
          "w": 0.9998171329498291,
          "x": -0.013427894562482834,
          "y": -0.013261043466627598,
          "z": 0.003113559680059552
        },
        "scale": {
          "x": 1.0,
          "y": 1.0,
          "z": 1.0
        },
        "matrix_basis": [
          [
            0.9996289014816284,
            -0.005869844928383827,
            -0.026600854471325874,
            0.0
          ],
          [
            0.006582116242498159,
            0.9996200203895569,
            0.02676830068230629,
            0.0
          ],
          [
            0.02643362060189247,
            -0.02693345583975315,
            0.9992876648902893,
            0.0
          ],
          [
            0.0,
            0.0,
            0.0,
            1.0
          ]
        ],
        "rotation_mode": "QUATERNION"
      },
      "armature_space": {
        "head": {
          "x": 0.5652551054954529,
          "y": 0.1847597062587738,
          "z": 0.3634900152683258
        },
        "tail": {
          "x": 0.6110439896583557,
          "y": 0.16616089642047882,
          "z": 0.3668135404586792
        }
      },
      "world_space": {
        "head": {
          "x": 0.5652551054954529,
          "y": 0.24800370633602142,
          "z": 1.3133440017700195
        },
        "tail": {
          "x": 0.6110439896583557,
          "y": 0.22940489649772644,
          "z": 1.3166675567626953
        },
        "rotation_quaternion": {
          "w": 0.11513921618461609,
          "x": 0.8217464089393616,
          "y": 0.5468122959136963,
          "z": -0.11167939752340317
        },
        "matrix": [
          [
            0.37704798579216003,
            0.9243992567062378,
            -0.057624153792858124,
            0.5652551054954529
          ],
          [
            0.8729645609855652,
            -0.37547826766967773,
            -0.3113664984703064,
            0.24800370633602142
          ],
          [
            -0.30946481227874756,
            0.06709639728069305,
            -0.9485480785369873,
            1.3133440017700195
          ],
          [
            0.0,
            0.0,
            0.0,
            1.0
          ]
        ]
      },
      "bone_length_armature_space": 0.0495336609614108,
      "parent": "lowerarm_l",
      "has_children": true,
      "is_end_bone": false
    },
    "thumb_01_l": {
      "name": "thumb_01_l",
      "local": {
        "location": {
          "x": 0.0,
          "y": 0.0,
          "z": 0.0
        },
        "rotation_quaternion": {
          "w": 0.9999553561210632,
          "x": 0.007549824193120003,
          "y": -0.0028040155302733183,
          "z": 0.004960236605256796
        },
        "scale": {
          "x": 1.0,
          "y": 1.0,
          "z": 1.0
        },
        "matrix_basis": [
          [
            0.9999350905418396,
            -0.009962369687855244,
            -0.005532882642000914,
            0.0
          ],
          [
            0.00987769104540348,
            0.999836802482605,
            -0.015126791782677174,
            0.0
          ],
          [
            0.005682678427547216,
            0.015071157366037369,
            0.9998703002929688,
            0.0
          ],
          [
            0.0,
            0.0,
            0.0,
            1.0
          ]
        ],
        "rotation_mode": "QUATERNION"
      },
      "armature_space": {
        "head": {
          "x": 0.6110439896583557,
          "y": 0.16616089642047882,
          "z": 0.3668135404586792
        },
        "tail": {
          "x": 0.6287871599197388,
          "y": 0.1467134952545166,
          "z": 0.34523552656173706
        }
      },
      "world_space": {
        "head": {
          "x": 0.6110439896583557,
          "y": 0.22940489649772644,
          "z": 1.3166675567626953
        },
        "tail": {
          "x": 0.6287871599197388,
          "y": 0.20995749533176422,
          "z": 1.2950894832611084
        },
        "rotation_quaternion": {
          "w": 0.4427490532398224,
          "x": -0.81927889585495,
          "y": -0.1353025883436203,
          "z": -0.33830246329307556
        },
        "matrix": [
          [
            0.7344898581504822,
            0.5212670564651489,
            0.4345169961452484,
            0.6110439896583557
          ],
          [
            -0.07786298543214798,
            -0.5713343024253845,
            0.8170158267021179,
            0.22940489649772644
          ],
          [
            0.6741423010826111,
            -0.6339277625083923,
            -0.37905365228652954,
            1.3166675567626953
          ],
          [
            0.0,
            0.0,
            0.0,
            1.0
          ]
        ]
      },
      "bone_length_armature_space": 0.034038686703923744,
      "parent": "metacarpal_thumb_l",
      "has_children": true,
      "is_end_bone": false
    },
    "thumb_02_l": {
      "name": "thumb_02_l",
      "local": {
        "location": {
          "x": 0.0,
          "y": 0.0,
          "z": 0.0
        },
        "rotation_quaternion": {
          "w": 0.993851900100708,
          "x": 0.1104963943362236,
          "y": -0.006290866993367672,
          "z": 0.0030642650090157986
        },
        "scale": {
          "x": 1.0,
          "y": 1.0,
          "z": 1.0
        },
        "matrix_basis": [
          [
            0.999902069568634,
            -0.00748108746483922,
            -0.011827199719846249,
            0.0
          ],
          [
            0.00470061507076025,
            0.975562334060669,
            -0.21967265009880066,
            0.0
          ],
          [
            0.013181560672819614,
            0.2195955514907837,
            0.9755019545555115,
            0.0
          ],
          [
            0.0,
            0.0,
            0.0,
            1.0
          ]
        ],
        "rotation_mode": "QUATERNION"
      },
      "armature_space": {
        "head": {
          "x": 0.6287871599197388,
          "y": 0.14671345055103302,
          "z": 0.34523555636405945
        },
        "tail": {
          "x": 0.6665185689926147,
          "y": 0.16047486662864685,
          "z": 0.34561359882354736
        }
      },
      "world_space": {
        "head": {
          "x": 0.6287871599197388,
          "y": 0.20995745062828064,
          "z": 1.295089602470398
        },
        "tail": {
          "x": 0.6665185689926147,
          "y": 0.22371886670589447,
          "z": 1.2954676151275635
        },
        "rotation_quaternion": {
          "w": 0.7258764505386353,
          "x": -0.2608100175857544,
          "y": -0.3800240457057953,
          "z": -0.5105519890785217
        },
        "matrix": [
          [
            0.1898355633020401,
            0.9394241571426392,
            -0.2853845953941345,
            0.6287871599197388
          ],
          [
            -0.5429670810699463,
            0.3426271677017212,
            0.7666770815849304,
            0.20995745062828064
          ],
          [
            0.8180205225944519,
            0.009412169456481934,
            0.5751239657402039,
            1.295089602470398
          ],
          [
            0.0,
            0.0,
            0.0,
            1.0
          ]
        ]
      },
      "bone_length_armature_space": 0.0401643966447394,
      "parent": "thumb_01_l",
      "has_children": true,
      "is_end_bone": false
    },
    "thumb_03_l": {
      "name": "thumb_03_l",
      "local": {
        "location": {
          "x": 0.0,
          "y": 0.0,
          "z": 0.0
        },
        "rotation_quaternion": {
          "w": 0.999016523361206,
          "x": 0.04377918317914009,
          "y": -0.0064053721725940704,
          "z": 0.0029335415456444025
        },
        "scale": {
          "x": 1.0,
          "y": 1.0,
          "z": 1.0
        },
        "matrix_basis": [
          [
            0.999900758266449,
            -0.006422156933695078,
            -0.012541289441287518,
            0.0
          ],
          [
            0.005300469230860472,
            0.9961495399475098,
            -0.08750983327627182,
            0.0
          ],
          [
            0.013055001385509968,
            0.08743467181921005,
            0.9960846900939941,
            0.0
          ],
          [
            0.0,
            0.0,
            0.0,
            1.0
          ]
        ],
        "rotation_mode": "QUATERNION"
      },
      "armature_space": {
        "head": {
          "x": 0.6665185689926147,
          "y": 0.1604747772216797,
          "z": 0.34561359882354736
        },
        "tail": {
          "x": 0.689220666885376,
          "y": 0.1805213987827301,
          "z": 0.34871843457221985
        }
      },
      "world_space": {
        "head": {
          "x": 0.6665185689926147,
          "y": 0.2237187772989273,
          "z": 1.2954676151275635
        },
        "tail": {
          "x": 0.689220666885376,
          "y": 0.24376539885997772,
          "z": 1.2985724210739136
        },
        "rotation_quaternion": {
          "w": 0.8631715774536133,
          "x": -0.07736092805862427,
          "y": -0.2901093065738678,
          "z": -0.4059394598007202
        },
        "matrix": [
          [
            0.502098798751831,
            0.7456778287887573,
            -0.4380195736885071,
            0.6665185689926147
          ],
          [
            -0.6559044718742371,
            0.6584561467170715,
            0.36908695101737976,
            0.2237187772989273
          ],
          [
            0.563639760017395,
            0.10198218375444412,
            0.8197095394134521,
            1.2954676151275635
          ],
          [
            0.0,
            0.0,
            0.0,
            1.0
          ]
        ]
      },
      "bone_length_armature_space": 0.030444905566400136,
      "parent": "thumb_02_l",
      "has_children": false,
      "is_end_bone": true
    },
    "metacarpal_index_l": {
      "name": "metacarpal_index_l",
      "local": {
        "location": {
          "x": 0.0,
          "y": 0.0,
          "z": 0.0
        },
        "rotation_quaternion": {
          "w": 0.9987427592277527,
          "x": -0.04887513071298599,
          "y": -0.0015233894810080528,
          "z": -0.011037573218345642
        },
        "scale": {
          "x": 1.0,
          "y": 1.0,
          "z": 1.0
        },
        "matrix_basis": [
          [
            0.9997516870498657,
            0.02219630405306816,
            -0.001964022871106863,
            0.0
          ],
          [
            -0.021898480132222176,
            0.9949787855148315,
            0.09766099601984024,
            0.0
          ],
          [
            0.004121873993426561,
            -0.09759373962879181,
            0.9952178001403809,
            0.0
          ],
          [
            0.0,
            0.0,
            0.0,
            1.0
          ]
        ],
        "rotation_mode": "QUATERNION"
      },
      "armature_space": {
        "head": {
          "x": 0.5652551054954529,
          "y": 0.1847597062587738,
          "z": 0.3634900152683258
        },
        "tail": {
          "x": 0.6812704801559448,
          "y": 0.19113774597644806,
          "z": 0.37862175703048706
        }
      },
      "world_space": {
        "head": {
          "x": 0.5652551054954529,
          "y": 0.24800370633602142,
          "z": 1.3133440017700195
        },
        "tail": {
          "x": 0.6812704801559448,
          "y": 0.2543817460536957,
          "z": 1.3284757137298584
        },
        "rotation_quaternion": {
          "w": 0.3606424331665039,
          "x": 0.6359400153160095,
          "y": 0.6302000284194946,
          "z": -0.26146769523620605
        },
        "matrix": [
          [
            0.06896355748176575,
            0.990131139755249,
            0.12200119346380234,
            0.5652551054954529
          ],
          [
            0.6129464507102966,
            0.054433226585388184,
            -0.7882474064826965,
            0.24800370633602142
          ],
          [
            -0.7871140241622925,
            0.12914150953292847,
            -0.603148341178894,
            1.3133440017700195
          ],
          [
            0.0,
            0.0,
            0.0,
            1.0
          ]
        ]
      },
      "bone_length_armature_space": 0.11717173714348633,
      "parent": "lowerarm_l",
      "has_children": true,
      "is_end_bone": false
    },
    "index_01_l": {
      "name": "index_01_l",
      "local": {
        "location": {
          "x": 0.0,
          "y": 0.0,
          "z": 0.0
        },
        "rotation_quaternion": {
          "w": 0.9975718259811401,
          "x": -0.06728700548410416,
          "y": -0.00522528775036335,
          "z": 0.017193550243973732
        },
        "scale": {
          "x": 1.0,
          "y": 1.0,
          "z": 1.0
        },
        "matrix_basis": [
          [
            0.9993541836738586,
            -0.03360041603446007,
            -0.01273900456726551,
            0.0
          ],
          [
            0.03500679135322571,
            0.9903537034988403,
            0.134067565202713,
            0.0
          ],
          [
            0.008111394941806793,
            -0.13442692160606384,
            0.9908903241157532,
            0.0
          ],
          [
            0.0,
            0.0,
            0.0,
            1.0
          ]
        ],
        "rotation_mode": "QUATERNION"
      },
      "armature_space": {
        "head": {
          "x": 0.6812704801559448,
          "y": 0.19113774597644806,
          "z": 0.37862175703048706
        },
        "tail": {
          "x": 0.7068024277687073,
          "y": 0.2037811577320099,
          "z": 0.3797769844532013
        }
      },
      "world_space": {
        "head": {
          "x": 0.6812704801559448,
          "y": 0.2543817460536957,
          "z": 1.3284757137298584
        },
        "tail": {
          "x": 0.7068024277687073,
          "y": 0.2670251727104187,
          "z": 1.329630970954895
        },
        "rotation_quaternion": {
          "w": 0.379537969827652,
          "x": 0.48213428258895874,
          "y": 0.7600358128547668,
          "z": -0.214109867811203
        },
        "matrix": [
          [
            -0.24699383974075317,
            0.8954054117202759,
            0.37046343088150024,
            0.6812704801559448
          ],
          [
            0.5703529715538025,
            0.4434047043323517,
            -0.6914405822753906,
            0.2543817460536957
          ],
          [
            -0.783389687538147,
            0.040514156222343445,
            -0.6202203631401062,
            1.3284757137298584
          ],
          [
            0.0,
            0.0,
            0.0,
            1.0
          ]
        ]
      },
      "bone_length_armature_space": 0.028514395515825852,
      "parent": "metacarpal_index_l",
      "has_children": true,
      "is_end_bone": false
    },
    "index_02_l": {
      "name": "index_02_l",
      "local": {
        "location": {
          "x": 0.0,
          "y": 0.0,
          "z": 0.0
        },
        "rotation_quaternion": {
          "w": 0.9817579388618469,
          "x": 0.18996009230613708,
          "y": -0.00560858566313982,
          "z": -0.005917626433074474
        },
        "scale": {
          "x": 1.0,
          "y": 1.0,
          "z": 1.0
        },
        "matrix_basis": [
          [
            0.9998670220375061,
            0.009488538838922977,
            -0.013260772451758385,
            0.0
          ],
          [
            -0.0137501684948802,
            0.9277603030204773,
            -0.3729232847690582,
            0.0
          ],
          [
            0.008764320984482765,
            0.373056024312973,
            0.9277673959732056,
            0.0
          ],
          [
            0.0,
            0.0,
            0.0,
            1.0
          ]
        ],
        "rotation_mode": "QUATERNION"
      },
      "armature_space": {
        "head": {
          "x": 0.7068029046058655,
          "y": 0.20378096401691437,
          "z": 0.3797769844532013
        },
        "tail": {
          "x": 0.731544554233551,
          "y": 0.20863990485668182,
          "z": 0.37505146861076355
        }
      },
      "world_space": {
        "head": {
          "x": 0.7068029046058655,
          "y": 0.267024964094162,
          "z": 1.329630970954895
        },
        "tail": {
          "x": 0.731544554233551,
          "y": 0.27188390493392944,
          "z": 1.324905514717102
        },
        "rotation_quaternion": {
          "w": 0.31820446252822876,
          "x": 0.520327627658844,
          "y": 0.702460765838623,
          "z": -0.36681586503982544
        },
        "matrix": [
          [
            -0.2560090124607086,
            0.9644648432731628,
            0.06532132625579834,
            0.7068029046058655
          ],
          [
            0.4975753724575043,
            0.18940803408622742,
            -0.8464890122413635,
            0.267024964094162
          ],
          [
            -0.8287864327430725,
            -0.18420752882957458,
            -0.5283886790275574,
            1.329630970954895
          ],
          [
            0.0,
            0.0,
            0.0,
            1.0
          ]
        ]
      },
      "bone_length_armature_space": 0.02565324644375541,
      "parent": "index_01_l",
      "has_children": true,
      "is_end_bone": false
    },
    "index_03_l": {
      "name": "index_03_l",
      "local": {
        "location": {
          "x": 0.0,
          "y": 0.0,
          "z": 0.0
        },
        "rotation_quaternion": {
          "w": 0.9791266918182373,
          "x": 0.20317181944847107,
          "y": 0.001392572419717908,
          "z": 0.005499585065990686
        },
        "scale": {
          "x": 1.0,
          "y": 1.0,
          "z": 1.0
        },
        "matrix_basis": [
          [
            0.9999356269836426,
            -0.010203718207776546,
            0.004961730912327766,
            0.0
          ],
          [
            0.011335443705320358,
            0.9173819422721863,
            -0.3978465795516968,
            0.0
          ],
          [
            -0.0004922882653772831,
            0.39787721633911133,
            0.9174385666847229,
            0.0
          ],
          [
            0.0,
            0.0,
            0.0,
            1.0
          ]
        ],
        "rotation_mode": "QUATERNION"
      },
      "armature_space": {
        "head": {
          "x": 0.731544554233551,
          "y": 0.20864000916481018,
          "z": 0.3750515580177307
        },
        "tail": {
          "x": 0.756319522857666,
          "y": 0.20313261449337006,
          "z": 0.3605738580226898
        }
      },
      "world_space": {
        "head": {
          "x": 0.731544554233551,
          "y": 0.271884024143219,
          "z": 1.3249056339263916
        },
        "tail": {
          "x": 0.756319522857666,
          "y": 0.2663766145706177,
          "z": 1.3104279041290283
        },
        "rotation_quaternion": {
          "w": 0.1435602456331253,
          "x": 0.5607861876487732,
          "y": 0.6206023097038269,
          "z": -0.5289254188537598
        },
        "matrix": [
          [
            -0.3298158049583435,
            0.847915530204773,
            -0.4150429964065552,
            0.731544554233551
          ],
          [
            0.5441875457763672,
            -0.18848899006843567,
            -0.8175158500671387,
            0.271884024143219
          ],
          [
            -0.7714201807975769,
            -0.49549442529678345,
            -0.39926210045814514,
            1.3249056339263916
          ],
          [
            0.0,
            0.0,
            0.0,
            1.0
          ]
        ]
      },
      "bone_length_armature_space": 0.02921873157141139,
      "parent": "index_02_l",
      "has_children": false,
      "is_end_bone": true
    },
    "metacarpal_pinky_l": {
      "name": "metacarpal_pinky_l",
      "local": {
        "location": {
          "x": 0.0,
          "y": 0.0,
          "z": 0.0
        },
        "rotation_quaternion": {
          "w": 0.9997577667236328,
          "x": -0.0125620411708951,
          "y": -0.005757161881774664,
          "z": -0.017129575833678246
        },
        "scale": {
          "x": 1.0,
          "y": 1.0,
          "z": 1.0
        },
        "matrix_basis": [
          [
            0.9993468523025513,
            0.0343954972922802,
            -0.011081169359385967,
            0.0
          ],
          [
            -0.03410620987415314,
            0.9990975260734558,
            0.025315232574939728,
            0.0
          ],
          [
            0.011941899545490742,
            -0.024920761585235596,
            0.9996181130409241,
            0.0
          ],
          [
            0.0,
            0.0,
            0.0,
            1.0
          ]
        ],
        "rotation_mode": "QUATERNION"
      },
      "armature_space": {
        "head": {
          "x": 0.5652551054954529,
          "y": 0.1847597062587738,
          "z": 0.3634900152683258
        },
        "tail": {
          "x": 0.6546739935874939,
          "y": 0.23749715089797974,
          "z": 0.3553514778614044
        }
      },
      "world_space": {
        "head": {
          "x": 0.5652551054954529,
          "y": 0.24800370633602142,
          "z": 1.3133440017700195
        },
        "tail": {
          "x": 0.6546739935874939,
          "y": 0.30074113607406616,
          "z": 1.3052054643630981
        },
        "rotation_quaternion": {
          "w": 0.8678839206695557,
          "x": -0.046245235949754715,
          "y": -0.0021373664494603872,
          "z": -0.49460530281066895
        },
        "matrix": [
          [
            0.5107221603393555,
            0.8587175011634827,
            0.04203639179468155,
            0.5652551054954529
          ],
          [
            -0.858322262763977,
            0.5064539909362793,
            0.08238561451435089,
            0.24800370633602142
          ],
          [
            0.049456045031547546,
            -0.07815692573785782,
            0.995720624923706,
            1.3133440017700195
          ],
          [
            0.0,
            0.0,
            0.0,
            1.0
          ]
        ]
      },
      "bone_length_armature_space": 0.10413074321781936,
      "parent": "lowerarm_l",
      "has_children": true,
      "is_end_bone": false
    },
    "pinky_01_l": {
      "name": "pinky_01_l",
      "local": {
        "location": {
          "x": 0.0,
          "y": 0.0,
          "z": 0.0
        },
        "rotation_quaternion": {
          "w": 0.9987110495567322,
          "x": 0.04779278114438057,
          "y": 0.010638408362865448,
          "z": -0.013381523080170155
        },
        "scale": {
          "x": 1.0,
          "y": 1.0,
          "z": 1.0
        },
        "matrix_basis": [
          [
            0.9994155168533325,
            0.027745427563786507,
            0.019970310851931572,
            0.0
          ],
          [
            -0.025711672380566597,
            0.9950735569000244,
            -0.09574707597494125,
            0.0
          ],
          [
            -0.022528473287820816,
            0.09517764300107956,
            0.9952053427696228,
            0.0
          ],
          [
            0.0,
            0.0,
            0.0,
            1.0
          ]
        ],
        "rotation_mode": "QUATERNION"
      },
      "armature_space": {
        "head": {
          "x": 0.6546739935874939,
          "y": 0.23749715089797974,
          "z": 0.3553514778614044
        },
        "tail": {
          "x": 0.6768292188644409,
