{
  "metadata": {
    "armature_name": "KIM_caucasian_male",
    "export_time": "2026-01-13T21:02:35.042061",
    "blender_version": "4.4.1",
    "bone_count": 56,
    "end_bone_count": 13,
    "spaces_included": [
      "LOCAL_CHANNELS",
      "ARMATURE_SPACE",
      "WORLD_SPACE"
    ],
    "note": "LOCAL matches Transform panel; replay pose via local.matrix_basis for best fidelity."
  },
  "bones": {
    "Root": {
      "name": "Root",
      "local": {
        "location": {
          "x": 0.0,
          "y": 0.0,
          "z": 0.0
        },
        "rotation_quaternion": {
          "w": 0.9997332096099854,
          "x": -0.013505573384463787,
          "y": 0.018270615488290787,
          "z": -0.0041642868891358376
        },
        "scale": {
          "x": 1.0,
          "y": 1.0,
          "z": 1.0
        },
        "matrix_basis": [
          [
            0.9992976784706116,
            0.007832841947674751,
            0.03664396330714226,
            0.0
          ],
          [
            -0.008819862268865108,
            0.9996005296707153,
            0.026851771399378777,
            0.0
          ],
          [
            -0.03641900047659874,
            -0.027156108990311623,
            0.9989675879478455,
            0.0
          ],
          [
            0.0,
            0.0,
            0.0,
            1.0
          ]
        ],
        "rotation_mode": "QUATERNION"
      },
      "armature_space": {
        "head": {
          "x": 0.0,
          "y": 0.07072800397872925,
          "z": -0.009595036506652832
        },
        "tail": {
          "x": 0.0005590759101323783,
          "y": 0.0002888217568397522,
          "z": 0.0019168779253959656
        }
      },
      "world_space": {
        "head": {
          "x": 0.0,
          "y": 0.13397200405597687,
          "z": 0.9402589797973633
        },
        "tail": {
          "x": 0.0005590759101323783,
          "y": 0.06353282183408737,
          "z": 0.9517709016799927
        },
        "rotation_quaternion": {
          "w": 0.08082457631826401,
          "x": 0.9965522289276123,
          "y": 0.005385680124163628,
          "z": 0.017948569729924202
        },
        "matrix": [
          [
            0.9992976784706116,
            0.007832841947674751,
            0.03664396330714226,
            0.0
          ],
          [
            0.013635600917041302,
            -0.9868767261505127,
            -0.16089895367622375,
            0.13397200405597687
          ],
          [
            0.03490303456783295,
            0.16128580272197723,
            -0.9862974882125854,
            0.9402589797973633
          ],
          [
            0.0,
            0.0,
            0.0,
            1.0
          ]
        ]
      },
      "bone_length_armature_space": 0.07137587151163441,
      "parent": null,
      "has_children": true,
      "is_end_bone": false
    },
    "spine_01": {
      "name": "spine_01",
      "local": {
        "location": {
          "x": 0.0,
          "y": 0.0,
          "z": 0.0
        },
        "rotation_quaternion": {
          "w": 0.9965404272079468,
          "x": 0.0827191174030304,
          "y": -0.007965555414557457,
          "z": 0.0011762849753722548
        },
        "scale": {
          "x": 1.0,
          "y": 1.0,
          "z": 1.0
        },
        "matrix_basis": [
          [
            0.9998703598976135,
            -0.003662238596007228,
            -0.015681393444538116,
            0.0
          ],
          [
            0.0010266236495226622,
            0.9863123297691345,
            -0.16488462686538696,
            0.0
          ],
          [
            0.016070598736405373,
            0.16484715044498444,
            0.9861881732940674,
            0.0
          ],
          [
            0.0,
            0.0,
            0.0,
            1.0
          ]
        ],
        "rotation_mode": "QUATERNION"
      },
      "armature_space": {
        "head": {
          "x": 0.0005590759101323783,
          "y": 0.0002888217568397522,
          "z": 0.0019168779253959656
        },
        "tail": {
          "x": -0.01757735200226307,
          "y": -0.04459807649254799,
          "z": 0.4875141382217407
        }
      },
      "world_space": {
        "head": {
          "x": 0.0005590759101323783,
          "y": 0.06353282183408737,
          "z": 0.9517709016799927
        },
        "tail": {
          "x": -0.01757735200226307,
          "y": 0.01864592358469963,
          "z": 1.4373681545257568
        },
        "rotation_quaternion": {
          "w": 0.6736695766448975,
          "x": 0.7387987375259399,
          "y": -0.013359827920794487,
          "z": 0.012932345271110535
        },
        "matrix": [
          [
            0.9993085861206055,
            -0.03716471791267395,
            0.0011083250865340233,
            0.0005590759101323783
          ],
          [
            -0.0023164311423897743,
            -0.09198112040758133,
            -0.9957581162452698,
            0.06353282183408737
          ],
          [
            0.03710927441716194,
            0.9950738549232483,
            -0.0920051857829094,
            0.9517709016799927
          ],
          [
            0.0,
            0.0,
            0.0,
            1.0
          ]
        ]
      },
      "bone_length_armature_space": 0.48800456522728997,
      "parent": "Root",
      "has_children": true,
      "is_end_bone": false
    },
    "neck_01": {
      "name": "neck_01",
      "local": {
        "location": {
          "x": 0.0,
          "y": 0.0,
          "z": 0.0
        },
        "rotation_quaternion": {
          "w": 0.9972021579742432,
          "x": -0.031773556023836136,
          "y": -0.06766222417354584,
          "z": 0.0004564474802464247
        },
        "scale": {
          "x": 1.0,
          "y": 1.0,
          "z": 1.0
        },
        "matrix_basis": [
          [
            0.9908432364463806,
            0.0033893981017172337,
            -0.13497483730316162,
            0.0
          ],
          [
            0.0052100797183811665,
            0.9979804754257202,
            0.06330754607915878,
            0.0
          ],
          [
            0.13491682708263397,
            -0.06343108415603638,
            0.9888245463371277,
            0.0
          ],
          [
            0.0,
            0.0,
            0.0,
            1.0
          ]
        ],
        "rotation_mode": "QUATERNION"
      },
      "armature_space": {
        "head": {
          "x": -0.020260058343410492,
          "y": -0.08586612343788147,
          "z": 0.5571811199188232
        },
        "tail": {
          "x": -0.023474276065826416,
          "y": -0.12751460075378418,
          "z": 0.6508070230484009
        }
      },
      "world_space": {
        "head": {
          "x": -0.020260058343410492,
          "y": -0.02262212336063385,
          "z": 1.5070351362228394
        },
        "tail": {
          "x": -0.023474276065826416,
          "y": -0.06427060067653656,
          "z": 1.600661039352417
        },
        "rotation_quaternion": {
          "w": 0.5428422689437866,
          "x": 0.8373943567276001,
          "y": -0.04691602289676666,
          "z": -0.04349588602781296
        },
        "matrix": [
          [
            0.9918140769004822,
            -0.03135170042514801,
            -0.12378246337175369,
            -0.020260058343410492
          ],
          [
            -0.1257973313331604,
            -0.4062420427799225,
            -0.9050650596618652,
            -0.02262212336063385
          ],
          [
            -0.021910585463047028,
            0.9132334589958191,
            -0.4068642556667328,
            1.5070351362228394
          ],
          [
            0.0,
            0.0,
            0.0,
            1.0
          ]
        ]
      },
      "bone_length_armature_space": 0.10252188544182743,
      "parent": "spine_01",
      "has_children": true,
      "is_end_bone": false
    },
    "head": {
      "name": "head",
      "local": {
        "location": {
          "x": 0.0,
          "y": 0.0,
          "z": 0.0
        },
        "rotation_quaternion": {
          "w": 0.9940609335899353,
          "x": -0.03431110084056854,
          "y": 0.057384591549634933,
          "z": 0.08586421608924866
        },
        "scale": {
          "x": 1.0,
          "y": 1.0,
          "z": 1.0
        },
        "matrix_basis": [
          [
            0.9786686897277832,
            -0.17464637756347656,
            0.10819537192583084,
            0.0
          ],
          [
            0.16677066683769226,
            0.9829001426696777,
            0.07806921750307083,
            0.0
          ],
          [
            -0.11997975409030914,
            -0.058360084891319275,
            0.9910595417022705,
            0.0
          ],
          [
            0.0,
            0.0,
            0.0,
            1.0
          ]
        ],
        "rotation_mode": "QUATERNION"
      },
      "armature_space": {
        "head": {
          "x": -0.02347429282963276,
          "y": -0.12751471996307373,
          "z": 0.6508069038391113
        },
        "tail": {
          "x": -0.04688413441181183,
          "y": -0.12291382998228073,
          "z": 0.8040522336959839
        }
      },
      "world_space": {
        "head": {
          "x": -0.02347429282963276,
          "y": -0.06427071988582611,
          "z": 1.6006609201431274
        },
        "tail": {
          "x": -0.04688413441181183,
          "y": -0.05966982990503311,
          "z": 1.75390625
        },
        "rotation_quaternion": {
          "w": 0.7150054574012756,
          "x": 0.6949358582496643,
          "y": -0.05999898910522461,
          "z": 0.04723915830254555
        },
        "matrix": [
          [
            0.9883372783660889,
            -0.15094338357448578,
            -0.020141854882240295,
            -0.02347429282963276
          ],
          [
            -0.015837304294109344,
            0.0296658743172884,
            -0.9994345903396606,
            -0.06427071988582611
          ],
          [
            0.15145659446716309,
            0.9881042838096619,
            0.026928484439849854,
            1.6006609201431274
          ],
          [
            0.0,
            0.0,
            0.0,
            1.0
          ]
        ]
      },
      "bone_length_armature_space": 0.1550913286231038,
      "parent": "neck_01",
      "has_children": false,
      "is_end_bone": true
    },
    "upperarm_l": {
      "name": "upperarm_l",
      "local": {
        "location": {
          "x": 0.0,
          "y": 0.0,
          "z": 0.0
        },
        "rotation_quaternion": {
          "w": 0.8021475672721863,
          "x": 0.526739239692688,
          "y": -0.20407550036907196,
          "z": -0.1935415118932724
        },
        "scale": {
          "x": 1.0,
          "y": 1.0,
          "z": 1.0
        },
        "matrix_basis": [
          [
            0.841789722442627,
            0.09550856053829193,
            -0.5312891602516174,
            0.0
          ],
          [
            -0.5254868268966675,
            0.37017491459846497,
            -0.7660510540008545,
            0.0
          ],
          [
            0.12350551784038544,
            0.924039363861084,
            0.36179792881011963,
            0.0
          ],
          [
            0.0,
            0.0,
            0.0,
            1.0
          ]
        ],
        "rotation_mode": "QUATERNION"
      },
      "armature_space": {
        "head": {
          "x": 0.13213753700256348,
          "y": -0.08320734649896622,
          "z": 0.49557745456695557
        },
        "tail": {
          "x": 0.24166041612625122,
          "y": -0.3221678137779236,
          "z": 0.44351649284362793
        }
      },
      "world_space": {
        "head": {
          "x": 0.13213753700256348,
          "y": -0.019963346421718597,
          "z": 1.4454314708709717
        },
        "tail": {
          "x": 0.24166041612625122,
          "y": -0.25892382860183716,
          "z": 1.393370509147644
        },
        "rotation_quaternion": {
          "w": 0.13400502502918243,
          "x": 0.47754770517349243,
          "y": 0.1901848316192627,
          "z": -0.8472428917884827
        },
        "matrix": [
          [
            -0.5079820156097412,
            0.40871408581733704,
            -0.7582264542579651,
            0.13213753700256348
          ],
          [
            -0.045425720512866974,
            -0.8917452096939087,
            -0.4502525329589844,
            -0.019963346421718597
          ],
          [
            -0.8601750731468201,
            -0.19427943229675293,
            0.47155940532684326,
            1.4454314708709717
          ],
          [
            0.0,
            0.0,
            0.0,
            1.0
          ]
        ]
      },
      "bone_length_armature_space": 0.26796961515220247,
      "parent": "spine_01",
      "has_children": true,
      "is_end_bone": false
    },
    "lowerarm_l": {
      "name": "lowerarm_l",
      "local": {
        "location": {
          "x": 0.0,
          "y": 0.0,
          "z": 0.0
        },
        "rotation_quaternion": {
          "w": 0.9697097539901733,
          "x": 0.10566097497940063,
          "y": -0.057459842413663864,
          "z": 0.21259662508964539
        },
        "scale": {
          "x": 1.0,
          "y": 1.0,
          "z": 1.0
        },
        "matrix_basis": [
          [
            0.9030020833015442,
            -0.42445656657218933,
            -0.06651240587234497,
            0.0
          ],
          [
            0.40017151832580566,
            0.8872768878936768,
            -0.22935248911380768,
            0.0
          ],
          [
            0.1563650667667389,
            0.1804894208908081,
            0.971068263053894,
            0.0
          ],
          [
            0.0,
            0.0,
            0.0,
            1.0
          ]
        ],
        "rotation_mode": "QUATERNION"
      },
      "armature_space": {
        "head": {
          "x": 0.241660475730896,
          "y": -0.32216790318489075,
          "z": 0.4435166120529175
        },
        "tail": {
          "x": 0.35734182596206665,
          "y": -0.541248083114624,
          "z": 0.5444679260253906
        }
      },
      "world_space": {
        "head": {
          "x": 0.241660475730896,
          "y": -0.25892388820648193,
          "z": 1.3933706283569336
        },
        "tail": {
          "x": 0.35734182596206665,
          "y": -0.4780040979385376,
          "z": 1.4943219423294067
        },
        "rotation_quaternion": {
          "w": 0.28930428624153137,
          "x": 0.40531089901924133,
          "y": -0.08273249119520187,
          "z": -0.863239049911499
        },
        "matrix": [
          [
            -0.504051923751831,
            0.43241411447525024,
            -0.7476295828819275,
            0.241660475730896
          ],
          [
            -0.5665428638458252,
            -0.8189162611961365,
            -0.09168186783790588,
            -0.25892388820648193
          ],
          [
            -0.6518953442573547,
            0.3773534595966339,
            0.6577619314193726,
            1.3933706283569336
          ],
          [
            0.0,
            0.0,
            0.0,
            1.0
          ]
        ]
      },
      "bone_length_armature_space": 0.26752470694508856,
      "parent": "upperarm_l",
      "has_children": true,
      "is_end_bone": false
    },
    "metacarpal_thumb_l": {
      "name": "metacarpal_thumb_l",
      "local": {
        "location": {
          "x": 0.0,
          "y": 0.0,
          "z": 0.0
        },
        "rotation_quaternion": {
          "w": 0.9998878240585327,
          "x": -0.008495059795677662,
          "y": -0.011573262512683868,
          "z": -0.004286780487746
        },
        "scale": {
          "x": 1.0,
          "y": 1.0,
          "z": 1.0
        },
        "matrix_basis": [
          [
            0.999695360660553,
            0.008769229985773563,
            -0.02307109534740448,
            0.0
          ],
          [
            -0.008375967852771282,
            0.9998189210891724,
            0.017087437212467194,
            0.0
          ],
          [
            0.023216761648654938,
            -0.016888989135622978,
            0.9995877742767334,
            0.0
          ],
          [
            0.0,
            0.0,
            0.0,
            1.0
          ]
        ],
        "rotation_mode": "QUATERNION"
      },
      "armature_space": {
        "head": {
          "x": 0.35734182596206665,
          "y": -0.541248083114624,
          "z": 0.5444679260253906
        },
        "tail": {
          "x": 0.3486987054347992,
          "y": -0.5808582305908203,
          "z": 0.5729271769523621
        }
      },
      "world_space": {
        "head": {
          "x": 0.35734182596206665,
          "y": -0.4780040979385376,
          "z": 1.4943219423294067
        },
        "tail": {
          "x": 0.3486987054347992,
          "y": -0.5176142454147339,
          "z": 1.5227811336517334
        },
        "rotation_quaternion": {
          "w": 0.26676687598228455,
          "x": 0.9133769869804382,
          "y": -0.17030881345272064,
          "z": -0.25607216358184814
        },
        "matrix": [
          [
            0.8108440041542053,
            -0.1744898557662964,
            -0.5586462020874023,
            0.35734182596206665
          ],
          [
            -0.44773560762405396,
            -0.7996606826782227,
            -0.4000943899154663,
            -0.4780040979385376
          ],
          [
            -0.37691816687583923,
            0.5745430588722229,
            -0.7265306115150452,
            1.4943219423294067
          ],
          [
            0.0,
            0.0,
            0.0,
            1.0
          ]
        ]
      },
      "bone_length_armature_space": 0.049533789131213486,
      "parent": "lowerarm_l",
      "has_children": true,
      "is_end_bone": false
    },
    "thumb_01_l": {
      "name": "thumb_01_l",
      "local": {
        "location": {
          "x": 0.0,
          "y": 0.0,
          "z": 0.0
        },
        "rotation_quaternion": {
          "w": 0.95432448387146,
          "x": 0.298380047082901,
          "y": -0.015155300498008728,
          "z": 0.002128576161339879
        },
        "scale": {
          "x": 1.0,
          "y": 1.0,
          "z": 1.0
        },
        "matrix_basis": [
          [
            0.9995315670967102,
            -0.013106782920658588,
            -0.02765589952468872,
            0.0
          ],
          [
            -0.004981373902410269,
            0.8219296336174011,
            -0.5695672631263733,
            0.0
          ],
          [
            0.030196398496627808,
            0.5694382786750793,
            0.821479320526123,
            0.0
          ],
          [
            0.0,
            0.0,
            0.0,
            1.0
          ]
        ],
        "rotation_mode": "QUATERNION"
      },
      "armature_space": {
        "head": {
          "x": 0.3486987054347992,
          "y": -0.5808582305908203,
          "z": 0.5729271769523621
        },
        "tail": {
          "x": 0.3454059660434723,
          "y": -0.6128518581390381,
          "z": 0.5617830753326416
        }
      },
      "world_space": {
        "head": {
          "x": 0.3486987054347992,
          "y": -0.5176142454147339,
          "z": 1.5227811336517334
        },
        "tail": {
          "x": 0.3454059660434723,
          "y": -0.5496078729629517,
          "z": 1.5116370916366577
        },
        "rotation_quaternion": {
          "w": 0.1035449430346489,
          "x": -0.7880661487579346,
          "y": 0.1389852613210678,
          "z": -0.5906887650489807
        },
        "matrix": [
          [
            0.26353979110717773,
            -0.09673565626144409,
            0.9597861766815186,
            0.3486987054347992
          ],
          [
            -0.3413846492767334,
            -0.9399231672286987,
            -0.0009955763816833496,
            -0.5176142454147339
          ],
          [
            0.9022270441055298,
            -0.32739710807800293,
            -0.28073328733444214,
            1.5227811336517334
          ],
          [
            0.0,
            0.0,
            0.0,
            1.0
          ]
        ]
      },
      "bone_length_armature_space": 0.03403858595812008,
      "parent": "metacarpal_thumb_l",
      "has_children": true,
      "is_end_bone": false
    },
    "thumb_02_l": {
      "name": "thumb_02_l",
      "local": {
        "location": {
          "x": 0.0,
          "y": 0.0,
          "z": 0.0
        },
        "rotation_quaternion": {
          "w": 0.8908653259277344,
          "x": 0.4542180895805359,
          "y": 0.0005989610217511654,
          "z": -0.006671978160738945
        },
        "scale": {
          "x": 1.0,
          "y": 1.0,
          "z": 1.0
        },
        "matrix_basis": [
          [
            0.9999102354049683,
            0.012431785464286804,
            -0.004993879236280918,
            0.0
          ],
          [
            -0.011343549937009811,
            0.5872828364372253,
            -0.8093022704124451,
            0.0
          ],
          [
            -0.0071282535791397095,
            0.8092862963676453,
            0.5873711109161377,
            0.0
          ],
          [
            0.0,
            0.0,
            0.0,
            1.0
          ]
        ],
        "rotation_mode": "QUATERNION"
      },
      "armature_space": {
        "head": {
          "x": 0.3454059362411499,
          "y": -0.6128518581390381,
          "z": 0.5617830157279968
        },
        "tail": {
          "x": 0.3797425329685211,
          "y": -0.6054403185844421,
          "z": 0.5812574028968811
        }
      },
      "world_space": {
        "head": {
          "x": 0.3454059362411499,
          "y": -0.5496078729629517,
          "z": 1.5116369724273682
        },
        "tail": {
          "x": 0.3797425329685211,
          "y": -0.5421963334083557,
          "z": 1.531111478805542
        },
        "rotation_quaternion": {
          "w": 0.43730515241622925,
          "x": -0.2780410051345825,
          "y": -0.6332691311836243,
          "z": -0.5748283863067627
        },
        "matrix": [
          [
            -0.46291378140449524,
            0.8549009561538696,
            -0.23421284556388855,
            0.3454059362411499
          ],
          [
            -0.15060406923294067,
            0.18453067541122437,
            0.9712191820144653,
            -0.5496078729629517
          ],
          [
            0.8735213875770569,
            0.4848673939704895,
            0.04333113133907318,
            1.5116369724273682
          ],
          [
            0.0,
            0.0,
            0.0,
            1.0
          ]
        ]
      },
      "bone_length_armature_space": 0.04016446872237051,
      "parent": "thumb_01_l",
      "has_children": true,
      "is_end_bone": false
    },
    "thumb_03_l": {
      "name": "thumb_03_l",
      "local": {
        "location": {
          "x": 0.0,
          "y": 0.0,
          "z": 0.0
        },
        "rotation_quaternion": {
          "w": 0.9888305068016052,
          "x": 0.14899492263793945,
          "y": -0.0018996301805600524,
          "z": -0.003351961262524128
        },
        "scale": {
          "x": 1.0,
          "y": 1.0,
          "z": 1.0
        },
        "matrix_basis": [
          [
            0.9999703168869019,
            0.006062972825020552,
            -0.004755674861371517,
            0.0
          ],
          [
            -0.007195113692432642,
            0.9555785655975342,
            -0.2946487069129944,
            0.0
          ],
          [
            0.00275797420181334,
            0.29467418789863586,
            0.9555938243865967,
            0.0
          ],
          [
            0.0,
            0.0,
            0.0,
            1.0
          ]
        ],
        "rotation_mode": "QUATERNION"
      },
      "armature_space": {
        "head": {
          "x": 0.37974244356155396,
          "y": -0.6054403781890869,
          "z": 0.5812574625015259
        },
        "tail": {
          "x": 0.39867907762527466,
          "y": -0.5850449204444885,
          "z": 0.5935993790626526
        }
      },
      "world_space": {
        "head": {
          "x": 0.37974244356155396,
          "y": -0.5421963930130005,
          "z": 1.531111478805542
        },
        "tail": {
          "x": 0.39867907762527466,
          "y": -0.5218009352684021,
          "z": 1.5434534549713135
        },
        "rotation_quaternion": {
          "w": 0.6524191498756409,
          "x": -0.07991757243871689,
          "y": -0.6397715210914612,
          "z": -0.3983151912689209
        },
        "matrix": [
          [
            -0.13592612743377686,
            0.6219975352287292,
            -0.7711314558982849,
            0.37974244356155396
          ],
          [
            -0.4174784719944,
            0.6699142456054688,
            0.6139435172080994,
            -0.5421963930130005
          ],
          [
            0.8984687328338623,
            0.40538501739501953,
            0.16861365735530853,
            1.531111478805542
          ],
          [
            0.0,
            0.0,
            0.0,
            1.0
          ]
        ]
      },
      "bone_length_armature_space": 0.03044492943528619,
      "parent": "thumb_02_l",
      "has_children": false,
      "is_end_bone": true
    },
    "metacarpal_index_l": {
      "name": "metacarpal_index_l",
      "local": {
        "location": {
          "x": 0.0,
          "y": 0.0,
          "z": 0.0
        },
        "rotation_quaternion": {
          "w": 0.9993739724159241,
          "x": -0.02877006307244301,
          "y": 0.004735702648758888,
          "z": 0.020038608461618423
        },
        "scale": {
          "x": 1.0,
          "y": 1.0,
          "z": 1.0
        },
        "matrix_basis": [
          [
            0.9991520643234253,
            -0.0403246209025383,
            0.008312451653182507,
            0.0
          ],
          [
            0.03977963328361511,
            0.9975414872169495,
            0.05769389867782593,
            0.0
          ],
          [
            -0.010618500411510468,
            -0.05731431022286415,
            0.9982997179031372,
            0.0
          ],
          [
            0.0,
            0.0,
            0.0,
            1.0
          ]
        ],
        "rotation_mode": "QUATERNION"
      },
      "armature_space": {
        "head": {
          "x": 0.35734182596206665,
          "y": -0.541248083114624,
          "z": 0.5444679260253906
        },
        "tail": {
          "x": 0.3800536096096039,
          "y": -0.6345909833908081,
          "z": 0.6115540266036987
        }
      },
      "world_space": {
        "head": {
          "x": 0.35734182596206665,
          "y": -0.4780040979385376,
          "z": 1.4943219423294067
        },
        "tail": {
          "x": 0.3800536096096039,
          "y": -0.5713469982147217,
          "z": 1.5614080429077148
        },
        "rotation_quaternion": {
          "w": 0.30644479393959045,
          "x": 0.7786919474601746,
          "y": -0.08817768096923828,
          "z": -0.5403288006782532
        },
        "matrix": [
          [
            0.4005401134490967,
            0.19383329153060913,
            -0.8955426216125488,
            0.35734182596206665
          ],
          [
            -0.4684883654117584,
            -0.796633243560791,
            -0.38196122646331787,
            -0.4780040979385376
          ],
          [
            -0.7874616384506226,
            0.5725452303886414,
            -0.22827665507793427,
            1.4943219423294067
          ],
          [
            0.0,
            0.0,
            0.0,
            1.0
          ]
        ]
      },
      "bone_length_armature_space": 0.11717195606457798,
      "parent": "lowerarm_l",
      "has_children": true,
      "is_end_bone": false
    },
    "index_01_l": {
      "name": "index_01_l",
      "local": {
        "location": {
          "x": 0.0,
          "y": 0.0,
          "z": 0.0
        },
        "rotation_quaternion": {
          "w": 0.9305325746536255,
          "x": 0.365442156791687,
          "y": -0.018937285989522934,
          "z": -0.01423182524740696
        },
        "scale": {
          "x": 1.0,
          "y": 1.0,
          "z": 1.0
        },
        "matrix_basis": [
          [
            0.9988776445388794,
            0.012645388953387737,
            -0.0456453412771225,
            0.0
          ],
          [
            -0.040327318012714386,
            0.7324989438056946,
            -0.6795726418495178,
            0.0
          ],
          [
            0.024841705337166786,
            0.6806507110595703,
            0.7321867942810059,
            0.0
          ],
          [
            0.0,
            0.0,
            0.0,
            1.0
          ]
        ],
        "rotation_mode": "QUATERNION"
      },
      "armature_space": {
        "head": {
          "x": 0.3800536096096039,
          "y": -0.6345909833908081,
          "z": 0.6115540266036987
        },
        "tail": {
          "x": 0.37296682596206665,
          "y": -0.6621485948562622,
          "z": 0.6134042739868164
        }
      },
      "world_space": {
        "head": {
          "x": 0.3800536096096039,
          "y": -0.5713469982147217,
          "z": 1.5614080429077148
        },
        "tail": {
          "x": 0.37296682596206665,
          "y": -0.5989046096801758,
          "z": 1.5632582902908325
        },
        "rotation_quaternion": {
          "w": 0.04803917557001114,
          "x": -0.7980827689170837,
          "y": 0.12028535455465317,
          "z": 0.588462233543396
        },
        "matrix": [
          [
            0.27848735451698303,
            -0.2485342025756836,
            -0.927726149559021,
            0.3800536096096039
          ],
          [
            -0.13545730710029602,
            -0.9664474129676819,
            0.21824538707733154,
            -0.5713469982147217
          ],
          [
            -0.9508465528488159,
            0.06488834321498871,
            -0.3028108477592468,
            1.5614080429077148
          ],
          [
            0.0,
            0.0,
            0.0,
            1.0
          ]
        ]
      },
      "bone_length_armature_space": 0.028514345173951242,
      "parent": "metacarpal_index_l",
      "has_children": true,
      "is_end_bone": false
    },
    "index_02_l": {
      "name": "index_02_l",
      "local": {
        "location": {
          "x": 0.0,
          "y": 0.0,
          "z": 0.0
        },
        "rotation_quaternion": {
          "w": 0.8946332931518555,
          "x": 0.4467165172100067,
          "y": 0.00026385116507299244,
          "z": 0.008705982007086277
        },
        "scale": {
          "x": 1.0,
          "y": 1.0,
          "z": 1.0
        },
        "matrix_basis": [
          [
            0.9998482465744019,
            -0.015341589227318764,
            0.008250311948359013,
            0.0
          ],
          [
            0.015813056379556656,
            0.6007370948791504,
            -0.7992903590202332,
            0.0
          ],
          [
            0.007306111976504326,
            0.7992995381355286,
            0.6008885502815247,
            0.0
          ],
          [
            0.0,
            0.0,
            0.0,
            1.0
          ]
        ],
        "rotation_mode": "QUATERNION"
      },
      "armature_space": {
        "head": {
          "x": 0.37296634912490845,
          "y": -0.6621488928794861,
          "z": 0.613404393196106
        },
        "tail": {
          "x": 0.35015344619750977,
          "y": -0.6732521057128906,
          "z": 0.6096121668815613
        }
      },
      "world_space": {
        "head": {
          "x": 0.37296634912490845,
          "y": -0.5989049077033997,
          "z": 1.563258409500122
        },
        "tail": {
          "x": 0.35015344619750977,
          "y": -0.6100081205368042,
          "z": 1.5594661235809326
        },
        "rotation_quaternion": {
          "w": 0.38508135080337524,
          "x": -0.6770901083946228,
          "y": 0.36783549189567566,
          "z": 0.5078961253166199
        },
        "matrix": [
          [
            0.2134772539138794,
            -0.8892782926559448,
            -0.4044899344444275,
            0.37296634912490845
          ],
          [
            -0.10695403814315796,
            -0.43281933665275574,
            0.8951138257980347,
            -0.5989049077033997
          ],
          [
            -0.9710827469825745,
            -0.14782583713531494,
            -0.1875094175338745,
            1.563258409500122
          ],
          [
            0.0,
            0.0,
            0.0,
            1.0
          ]
        ]
      },
      "bone_length_armature_space": 0.025653281347599907,
      "parent": "index_01_l",
      "has_children": true,
      "is_end_bone": false
    },
    "index_03_l": {
      "name": "index_03_l",
      "local": {
        "location": {
          "x": 0.0,
          "y": 0.0,
          "z": 0.0
        },
        "rotation_quaternion": {
          "w": 0.9316989183425903,
          "x": 0.363018661737442,
          "y": -0.005300402175635099,
          "z": -0.011249342001974583
        },
        "scale": {
          "x": 1.0,
          "y": 1.0,
          "z": 1.0
        },
        "matrix_basis": [
          [
            0.9996907114982605,
            0.017113709822297096,
            -0.01804419979453087,
            0.0
          ],
          [
            -0.024810289964079857,
            0.7361817955970764,
            -0.6763289570808411,
            0.0
          ],
          [
            0.0017093158094212413,
            0.6765674352645874,
            0.7363787293434143,
            0.0
          ],
          [
            0.0,
            0.0,
            0.0,
            1.0
          ]
        ],
        "rotation_mode": "QUATERNION"
      },
      "armature_space": {
        "head": {
          "x": 0.35015350580215454,
          "y": -0.6732522249221802,
          "z": 0.609612226486206
        },
        "tail": {
          "x": 0.32498621940612793,
          "y": -0.662828266620636,
          "z": 0.5990442037582397
        }
      },
      "world_space": {
        "head": {
          "x": 0.35015350580215454,
          "y": -0.6100082397460938,
          "z": 1.5594662427902222
        },
        "tail": {
          "x": 0.32498621940612793,
          "y": -0.5995842814445496,
          "z": 1.5488982200622559
        },
        "rotation_quaternion": {
          "w": 0.6534184813499451,
          "x": -0.4925171434879303,
          "y": 0.5014198422431946,
          "z": 0.2811570465564728
        },
        "matrix": [
          [
            0.3390583395957947,
            -0.8613418340682983,
            0.3783254325389862,
            0.35015350580215454
          ],
          [
            -0.1264880746603012,
            0.35675638914108276,
            0.9255950450897217,
            -0.6100082397460938
          ],
          [
            -0.9322299361228943,
            -0.3616863191127777,
            0.012012571096420288,
            1.5594662427902222
          ],
          [
            0.0,
            0.0,
            0.0,
            1.0
          ]
        ]
      },
      "bone_length_armature_space": 0.029218732287334934,
      "parent": "index_02_l",
      "has_children": false,
      "is_end_bone": true
    },
    "metacarpal_pinky_l": {
      "name": "metacarpal_pinky_l",
      "local": {
        "location": {
          "x": 0.0,
          "y": 0.0,
          "z": 0.0
        },
        "rotation_quaternion": {
          "w": 0.9997159242630005,
          "x": -0.000265687849605456,
          "y": -0.016199667006731033,
          "z": 0.01748441345989704
        },
        "scale": {
          "x": 1.0,
          "y": 1.0,
          "z": 1.0
        },
        "matrix_basis": [
          [
            0.9988637566566467,
            -0.03495028614997864,
            -0.03239941969513893,
            0.0
          ],
          [
            0.03496750071644783,
            0.9993884563446045,
            -3.525860302033834e-05,
            0.0
          ],
          [
            0.0323808379471302,
            -0.0010977081255987287,
            0.9994750022888184,
            0.0
          ],
          [
            0.0,
            0.0,
            0.0,
            1.0
          ]
        ],
        "rotation_mode": "QUATERNION"
      },
      "armature_space": {
        "head": {
          "x": 0.35734182596206665,
          "y": -0.541248083114624,
          "z": 0.5444679260253906
        },
        "tail": {
          "x": 0.4260587692260742,
          "y": -0.6181849837303162,
          "z": 0.5586774945259094
        }
      },
      "world_space": {
        "head": {
          "x": 0.35734182596206665,
          "y": -0.4780040979385376,
          "z": 1.4943219423294067
        },
        "tail": {
          "x": 0.4260587692260742,
          "y": -0.5549409985542297,
          "z": 1.5085315704345703
        },
        "rotation_quaternion": {
          "w": 0.3197413980960846,
          "x": -0.2583281099796295,
          "y": -0.1683468222618103,
          "z": -0.8959305286407471
        },
        "matrix": [
          [
            -0.6620640754699707,
            0.6599102020263672,
            0.35523226857185364,
            0.35734182596206665
          ],
          [
            -0.4859549403190613,
            -0.7388489246368408,
            0.46685150265693665,
            -0.4780040979385376
          ],
          [
            0.5705466866493225,
            0.1364588588476181,
            0.8098577260971069,
            1.4943219423294067
          ],
          [
            0.0,
            0.0,
            0.0,
            1.0
          ]
        ]
      },
      "bone_length_armature_space": 0.10413076690486196,
      "parent": "lowerarm_l",
      "has_children": true,
      "is_end_bone": false
    },
    "pinky_01_l": {
      "name": "pinky_01_l",
      "local": {
        "location": {
          "x": 0.0,
          "y": 0.0,
          "z": 0.0
        },
        "rotation_quaternion": {
          "w": 0.9406332969665527,
          "x": 0.3388204574584961,
          "y": -0.016916435211896896,
          "z": -0.011119216680526733
        },
        "scale": {
          "x": 1.0,
          "y": 1.0,
          "z": 1.0
        },
        "matrix_basis": [
          [
            0.9991803765296936,
            0.009454942308366299,
            -0.039359159767627716,
            0.0
          ],
          [
            -0.03238147869706154,
            0.7701541185379028,
            -0.6370354294776917,
            0.0
          ],
          [
            0.024289488792419434,
            0.6377878189086914,
            0.7698290348052979,
            0.0
          ],
          [
            0.0,
            0.0,
            0.0,
            1.0
          ]
        ],
        "rotation_mode": "QUATERNION"
      },
      "armature_space": {
        "head": {
          "x": 0.4260587692260742,
          "y": -0.6181849837303162,
          "z": 0.5586774945259094
        },
