{
  "metadata": {
    "armature_name": "KIM_caucasian_male",
    "export_time": "2026-01-13T21:02:28.794440",
    "blender_version": "4.4.1",
    "bone_count": 56,
    "end_bone_count": 13,
    "spaces_included": [
      "LOCAL_CHANNELS",
      "ARMATURE_SPACE",
      "WORLD_SPACE"
    ],
    "note": "LOCAL matches Transform panel; replay pose via local.matrix_basis for best fidelity."
  },
  "bones": {
    "Root": {
      "name": "Root",
      "local": {
        "location": {
          "x": 0.0,
          "y": 0.0,
          "z": 0.0
        },
        "rotation_quaternion": {
          "w": 0.9997111558914185,
          "x": 0.007245168089866638,
          "y": -0.014066789299249649,
          "z": 0.018090801313519478
        },
        "scale": {
          "x": 1.0,
          "y": 1.0,
          "z": 1.0
        },
        "matrix_basis": [
          [
            0.9989497065544128,
            -0.036374982446432114,
            -0.027863310649991035,
            0.0
          ],
          [
            0.03596732020378113,
            0.9992404580116272,
            -0.014995109289884567,
            0.0
          ],
          [
            0.02838759496808052,
            0.013977191410958767,
            0.9994992613792419,
            0.0
          ],
          [
            0.0,
            0.0,
            0.0,
            1.0
          ]
        ],
        "rotation_mode": "QUATERNION"
      },
      "armature_space": {
        "head": {
          "x": 0.0,
          "y": 0.07072800397872925,
          "z": -0.009595036506652832
        },
        "tail": {
          "x": -0.002596295904368162,
          "y": -8.03917646408081e-05,
          "z": -0.000995873473584652
        }
      },
      "world_space": {
        "head": {
          "x": 0.0,
          "y": 0.13397200405597687,
          "z": 0.9402589797973633
        },
        "tail": {
          "x": -0.002596295904368162,
          "y": 0.06316360831260681,
          "z": 0.9488581418991089
        },
        "rotation_quaternion": {
          "w": 0.060119498521089554,
          "x": 0.9979280829429626,
          "y": -0.018997352570295334,
          "z": -0.012816096656024456
        },
        "matrix": [
          [
            0.9989497065544128,
            -0.036374982446432114,
            -0.027863310649991035,
            0.0
          ],
          [
            -0.039456985890865326,
            -0.992049515247345,
            -0.11950338631868362,
            0.13397200405597687
          ],
          [
            -0.023295048624277115,
            0.12047716975212097,
            -0.9924497604370117,
            0.9402589797973633
          ],
          [
            0.0,
            0.0,
            0.0,
            1.0
          ]
        ]
      },
      "bone_length_armature_space": 0.07137587447860556,
      "parent": null,
      "has_children": true,
      "is_end_bone": false
    },
    "spine_01": {
      "name": "spine_01",
      "local": {
        "location": {
          "x": 0.0,
          "y": 0.0,
          "z": 0.0
        },
        "rotation_quaternion": {
          "w": 0.9984297752380371,
          "x": -0.038458794355392456,
          "y": 0.03438972309231758,
          "z": -0.02182612195611
        },
        "scale": {
          "x": 1.0,
          "y": 1.0,
          "z": 1.0
        },
        "matrix_basis": [
          [
            0.9966819286346436,
            0.04093852639198303,
            0.07035025954246521,
            0.0
          ],
          [
            -0.04622887447476387,
            0.9960891008377075,
            0.07529561966657639,
            0.0
          ],
          [
            -0.0669926330447197,
            -0.07829800248146057,
            0.9946765303611755,
            0.0
          ],
          [
            0.0,
            0.0,
            0.0,
            1.0
          ]
        ],
        "rotation_mode": "QUATERNION"
      },
      "armature_space": {
        "head": {
          "x": -0.002596295904368162,
          "y": -8.03917646408081e-05,
          "z": -0.000995873473584652
        },
        "tail": {
          "x": 0.030775126069784164,
          "y": 0.05273524671792984,
          "z": 0.48299312591552734
        }
      },
      "world_space": {
        "head": {
          "x": -0.002596295904368162,
          "y": 0.06316360831260681,
          "z": 0.9488581418991089
        },
        "tail": {
          "x": 0.030775126069784164,
          "y": 0.11597924679517746,
          "z": 1.4328471422195435
        },
        "rotation_quaternion": {
          "w": 0.7435467839241028,
          "x": 0.6675956845283508,
          "y": 0.03538675606250763,
          "z": -0.014212816022336483
        },
        "matrix": [
          [
            0.99709153175354,
            0.06838388741016388,
            0.03364615514874458,
            -0.002596295904368162
          ],
          [
            0.026111841201782227,
            0.10822849720716476,
            -0.993783175945282,
            0.06316360831260681
          ],
          [
            -0.07160069048404694,
            0.9917782545089722,
            0.10612791031599045,
            0.9488581418991089
          ],
          [
            0.0,
            0.0,
            0.0,
            1.0
          ]
        ]
      },
      "bone_length_armature_space": 0.488004598684453,
      "parent": "Root",
      "has_children": true,
      "is_end_bone": false
    },
    "neck_01": {
      "name": "neck_01",
      "local": {
        "location": {
          "x": 0.0,
          "y": 0.0,
          "z": 0.0
        },
        "rotation_quaternion": {
          "w": 0.9944549798965454,
          "x": 0.01954677514731884,
          "y": 0.1014590710401535,
          "z": 0.01958025060594082
        },
        "scale": {
          "x": 1.0,
          "y": 1.0,
          "z": 1.0
        },
        "matrix_basis": [
          [
            0.9786453247070312,
            -0.034976959228515625,
            0.20255841314792633,
            0.0
          ],
          [
            0.04290975257754326,
            0.9984690546989441,
            -0.03490358591079712,
            0.0
          ],
          [
            -0.2010274976491928,
            0.04284996539354324,
            0.9786479473114014,
            0.0
          ],
          [
            0.0,
            0.0,
            0.0,
            1.0
          ]
        ],
        "rotation_mode": "QUATERNION"
      },
      "armature_space": {
        "head": {
          "x": 0.036948952823877335,
          "y": 0.026194732636213303,
          "z": 0.5592901706695557
        },
        "tail": {
          "x": 0.04117213562130928,
          "y": -0.0065105631947517395,
          "z": 0.6563637256622314
        }
      },
      "world_space": {
        "head": {
          "x": 0.036948952823877335,
          "y": 0.08943873643875122,
          "z": 1.5091441869735718
        },
        "tail": {
          "x": 0.04117213562130928,
          "y": 0.05673343688249588,
          "z": 1.6062177419662476
        },
        "rotation_quaternion": {
          "w": 0.5785351991653442,
          "x": 0.8090051412582397,
          "y": 0.07610538601875305,
          "z": 0.0708221048116684
        },
        "matrix": [
          [
            0.9783843159675598,
            0.04119320958852768,
            0.20265020430088043,
            0.036948952823877335
          ],
          [
            0.20508559048175812,
            -0.3190096318721771,
            -0.9252963662147522,
            0.08943873643875122
          ],
          [
            0.026531808078289032,
            0.9468620419502258,
            -0.3205651640892029,
            1.5091441869735718
          ],
          [
            0.0,
            0.0,
            0.0,
            1.0
          ]
        ]
      },
      "bone_length_armature_space": 0.10252193513841722,
      "parent": "spine_01",
      "has_children": true,
      "is_end_bone": false
    },
    "head": {
      "name": "head",
      "local": {
        "location": {
          "x": 0.0,
          "y": 0.0,
          "z": 0.0
        },
        "rotation_quaternion": {
          "w": 0.9965540766716003,
          "x": -0.026081353425979614,
          "y": 0.059617139399051666,
          "z": 0.0514347106218338
        },
        "scale": {
          "x": 1.0,
          "y": 1.0,
          "z": 1.0
        },
        "matrix_basis": [
          [
            0.9876005053520203,
            -0.1056247353553772,
            0.11614043265581131,
            0.0
          ],
          [
            0.09940514713525772,
            0.9933484792709351,
            0.05811573937535286,
            0.0
          ],
          [
            -0.12150637805461884,
            -0.045850176364183426,
            0.9915311336517334,
            0.0
          ],
          [
            0.0,
            0.0,
            0.0,
            1.0
          ]
        ],
        "rotation_mode": "QUATERNION"
      },
      "armature_space": {
        "head": {
          "x": 0.04117216169834137,
          "y": -0.006510680541396141,
          "z": 0.6563636064529419
        },
        "tail": {
          "x": 0.018242711201310158,
          "y": 0.0028262482956051826,
          "z": 0.8094660639762878
        }
      },
      "world_space": {
        "head": {
          "x": 0.04117216169834137,
          "y": 0.05673331767320633,
          "z": 1.606217622756958
        },
        "tail": {
          "x": 0.018242711201310158,
          "y": 0.06607025116682053,
          "z": 1.7593200206756592
        },
        "rotation_quaternion": {
          "w": 0.7251322865486145,
          "x": 0.6660574674606323,
          "y": 0.06545644998550415,
          "z": 0.16206799447536469
        },
        "matrix": [
          [
            0.938898503780365,
            -0.14784589409828186,
            0.3108232617378235,
            0.04117216169834137
          ],
          [
            0.3222380578517914,
            0.06020320951938629,
            -0.944742739200592,
            0.05673331767320633
          ],
          [
            0.12096487730741501,
            0.9871832728385925,
            0.10416607558727264,
            1.606217622756958
          ],
          [
            0.0,
            0.0,
            0.0,
            1.0
          ]
        ]
      },
      "bone_length_armature_space": 0.15509126613948152,
      "parent": "neck_01",
      "has_children": false,
      "is_end_bone": true
    },
    "upperarm_l": {
      "name": "upperarm_l",
      "local": {
        "location": {
          "x": 0.0,
          "y": 0.0,
          "z": 0.0
        },
        "rotation_quaternion": {
          "w": 0.9052070379257202,
          "x": 0.3256225883960724,
          "y": -0.20540860295295715,
          "z": 0.1799374520778656
        },
        "scale": {
          "x": 1.0,
          "y": 1.0,
          "z": 1.0
        },
        "matrix_basis": [
          [
            0.8508596420288086,
            -0.45953264832496643,
            -0.2546912431716919,
            0.0
          ],
          [
            0.191989928483963,
            0.7231848835945129,
            -0.6634331345558167,
            0.0
          ],
          [
            0.4890580177307129,
            0.5155903100967407,
            0.7035544514656067,
            0.0
          ],
          [
            0.0,
            0.0,
            0.0,
            1.0
          ]
        ],
        "rotation_mode": "QUATERNION"
      },
      "armature_space": {
        "head": {
          "x": 0.1820240467786789,
          "y": 0.019668415188789368,
          "z": 0.48223334550857544
        },
        "tail": {
          "x": 0.39556270837783813,
          "y": -0.0951213464140892,
          "z": 0.5963925123214722
        }
      },
      "world_space": {
        "head": {
          "x": 0.1820240467786789,
          "y": 0.08291241526603699,
          "z": 1.4320874214172363
        },
        "tail": {
          "x": 0.39556270837783813,
          "y": -0.03187734633684158,
          "z": 1.5462465286254883
        },
        "rotation_quaternion": {
          "w": 0.5222973227500916,
          "x": 0.5483134388923645,
          "y": 0.11410270631313324,
          "z": -0.6430696845054626
        },
        "matrix": [
          [
            0.14688575267791748,
            0.7968770265579224,
            -0.5860133171081543,
            0.1820240467786789
          ],
          [
            -0.5466190576553345,
            -0.42836886644363403,
            -0.719519317150116,
            0.08291241526603699
          ],
          [
            -0.8244044184684753,
            0.4260156452655792,
            0.3726688027381897,
            1.4320874214172363
          ],
          [
            0.0,
            0.0,
            0.0,
            1.0
          ]
        ]
      },
      "bone_length_armature_space": 0.26796970812123005,
      "parent": "spine_01",
      "has_children": true,
      "is_end_bone": false
    },
    "lowerarm_l": {
      "name": "lowerarm_l",
      "local": {
        "location": {
          "x": 0.0,
          "y": 0.0,
          "z": 0.0
        },
        "rotation_quaternion": {
          "w": 0.974079966545105,
          "x": 0.18592216074466705,
          "y": 0.09495675563812256,
          "z": -0.0870879665017128
        },
        "scale": {
          "x": 1.0,
          "y": 1.0,
          "z": 1.0
        },
        "matrix_basis": [
          [
            0.9667978286743164,
            0.20497041940689087,
            0.1526077836751938,
            0.0
          ],
          [
            -0.1343521624803543,
            0.9156972765922546,
            -0.37874528765678406,
            0.0
          ],
          [
            -0.21737411618232727,
            0.34566691517829895,
            0.9128323197364807,
            0.0
          ],
          [
            0.0,
            0.0,
            0.0,
            1.0
          ]
        ],
        "rotation_mode": "QUATERNION"
      },
      "armature_space": {
        "head": {
          "x": 0.3955627679824829,
          "y": -0.0951213538646698,
          "z": 0.5963926911354065
        },
        "tail": {
          "x": 0.51125168800354,
          "y": -0.3000805675983429,
          "z": 0.7235827445983887
        }
      },
      "world_space": {
        "head": {
          "x": 0.3955627679824829,
          "y": -0.03187735378742218,
          "z": 1.5462467670440674
        },
        "tail": {
          "x": 0.51125168800354,
          "y": -0.23683656752109528,
          "z": 1.6734367609024048
        },
        "rotation_quaternion": {
          "w": 0.3418465256690979,
          "x": 0.6790531873703003,
          "y": -0.008595172315835953,
          "z": -0.6495798230171204
        },
        "matrix": [
          [
            0.15594470500946045,
            0.43244242668151855,
            -0.8880735635757446,
            0.3955627679824829
          ],
          [
            -0.4557870030403137,
            -0.7661325335502625,
            -0.45309978723526,
            -0.03187735378742218
          ],
          [
            -0.87632817029953,
            0.475433349609375,
            0.07762759923934937,
            1.5462467670440674
          ],
          [
            0.0,
            0.0,
            0.0,
            1.0
          ]
        ]
      },
      "bone_length_armature_space": 0.2675247957171575,
      "parent": "upperarm_l",
      "has_children": true,
      "is_end_bone": false
    },
    "metacarpal_thumb_l": {
      "name": "metacarpal_thumb_l",
      "local": {
        "location": {
          "x": 0.0,
          "y": 0.0,
          "z": 0.0
        },
        "rotation_quaternion": {
          "w": 0.9988993406295776,
          "x": -0.04623068496584892,
          "y": 0.0072813620790839195,
          "z": -0.003153128083795309
        },
        "scale": {
          "x": 1.0,
          "y": 1.0,
          "z": 1.0
        },
        "matrix_basis": [
          [
            0.9998740553855896,
            0.005626070313155651,
            0.01483823824673891,
            0.0
          ],
          [
            -0.006972559727728367,
            0.9957055449485779,
            0.09231368452310562,
            0.0
          ],
          [
            -0.014255153015255928,
            -0.0924055203795433,
            0.9956194162368774,
            0.0
          ],
          [
            0.0,
            0.0,
            0.0,
            1.0
          ]
        ],
        "rotation_mode": "QUATERNION"
      },
      "armature_space": {
        "head": {
          "x": 0.51125168800354,
          "y": -0.3000805675983429,
          "z": 0.7235827445983887
        },
        "tail": {
          "x": 0.5034419894218445,
          "y": -0.34585240483283997,
          "z": 0.7408319115638733
        }
      },
      "world_space": {
        "head": {
          "x": 0.51125168800354,
          "y": -0.23683656752109528,
          "z": 1.6734367609024048
        },
        "tail": {
          "x": 0.5034419894218445,
          "y": -0.28260838985443115,
          "z": 1.6906859874725342
        },
        "rotation_quaternion": {
          "w": 0.18299353122711182,
          "x": 0.9781244993209839,
          "y": -0.06697454303503036,
          "z": 0.07280276715755463
        },
        "matrix": [
          [
            0.9804282784461975,
            -0.15766386687755585,
            0.11790839582681656,
            0.51125168800354
          ],
          [
            -0.10437396168708801,
            -0.924055278301239,
            -0.3677332401275635,
            -0.23683656752109528
          ],
          [
            0.16693302989006042,
            0.3482310175895691,
            -0.9224328994750977,
            1.6734367609024048
          ],
          [
            0.0,
            0.0,
            0.0,
            1.0
          ]
        ]
      },
      "bone_length_armature_space": 0.049533688218522165,
      "parent": "lowerarm_l",
      "has_children": true,
      "is_end_bone": false
    },
    "thumb_01_l": {
      "name": "thumb_01_l",
      "local": {
        "location": {
          "x": 0.0,
          "y": 0.0,
          "z": 0.0
        },
        "rotation_quaternion": {
          "w": 0.9996724128723145,
          "x": -0.025323329493403435,
          "y": 0.0019305774476379156,
          "z": 0.003188001923263073
        },
        "scale": {
          "x": 1.0,
          "y": 1.0,
          "z": 1.0
        },
        "matrix_basis": [
          [
            0.9999722242355347,
            -0.006471692584455013,
            0.0036984283942729235,
            0.0
          ],
          [
            0.006276137661188841,
            0.9986971020698547,
            0.05064237862825394,
            0.0
          ],
          [
            -0.00402135169133544,
            -0.0506177581846714,
            0.9987099766731262,
            0.0
          ],
          [
            0.0,
            0.0,
            0.0,
            1.0
          ]
        ],
        "rotation_mode": "QUATERNION"
      },
      "armature_space": {
        "head": {
          "x": 0.5034419894218445,
          "y": -0.34585240483283997,
          "z": 0.7408319115638733
        },
        "tail": {
          "x": 0.49721282720565796,
          "y": -0.3749614953994751,
          "z": 0.7243247032165527
        }
      },
      "world_space": {
        "head": {
          "x": 0.5034419894218445,
          "y": -0.28260838985443115,
          "z": 1.6906859874725342
        },
        "tail": {
          "x": 0.49721282720565796,
          "y": -0.31171751022338867,
          "z": 1.6741787195205688
        },
        "rotation_quaternion": {
          "w": 0.09072912484407425,
          "x": -0.623948335647583,
          "y": 0.253336101770401,
          "z": -0.7336739897727966
        },
        "matrix": [
          [
            -0.20491452515125275,
            -0.18300339579582214,
            0.9615194797515869,
            0.5034419894218445
          ],
          [
            -0.44926780462265015,
            -0.855178952217102,
            -0.25850969552993774,
            -0.28260838985443115
          ],
          [
            0.8695850372314453,
            -0.4849564731121063,
            0.09302131831645966,
            1.6906859874725342
          ],
          [
            0.0,
            0.0,
            0.0,
            1.0
          ]
        ]
      },
      "bone_length_armature_space": 0.03403864801415031,
      "parent": "metacarpal_thumb_l",
      "has_children": true,
      "is_end_bone": false
    },
    "thumb_02_l": {
      "name": "thumb_02_l",
      "local": {
        "location": {
          "x": 0.0,
          "y": 0.0,
          "z": 0.0
        },
        "rotation_quaternion": {
          "w": 0.9950187802314758,
          "x": 0.09914562106132507,
          "y": -0.010040359571576118,
          "z": -0.0026663027238100767
        },
        "scale": {
          "x": 1.0,
          "y": 1.0,
          "z": 1.0
        },
        "matrix_basis": [
          [
            0.9997841715812683,
            0.003315127221867442,
            -0.020509397611021996,
            0.0
          ],
          [
            -0.00729695800691843,
            0.9803260564804077,
            -0.19724996387958527,
            0.0
          ],
          [
            0.019451988860964775,
            0.19735705852508545,
            0.9801386594772339,
            0.0
          ],
          [
            0.0,
            0.0,
            0.0,
            1.0
          ]
        ],
        "rotation_mode": "QUATERNION"
      },
      "armature_space": {
        "head": {
          "x": 0.4972127676010132,
          "y": -0.3749614357948303,
          "z": 0.724324643611908
        },
        "tail": {
          "x": 0.5152989625930786,
          "y": -0.4046920835971832,
          "z": 0.7443785667419434
        }
      },
      "world_space": {
        "head": {
          "x": 0.4972127676010132,
          "y": -0.3117174506187439,
          "z": 1.6741786003112793
        },
        "tail": {
          "x": 0.5152989625930786,
          "y": -0.3414480686187744,
          "z": 1.6942325830459595
        },
        "rotation_quaternion": {
          "w": 0.14143221080303192,
          "x": -0.3027780055999756,
          "y": -0.3314887583255768,
          "z": -0.8822911977767944
        },
        "matrix": [
          [
            -0.7766451835632324,
            0.4503038227558136,
            0.4405095875263214,
            0.4972127676010132
          ],
          [
            -0.0488344207406044,
            -0.7402240633964539,
            0.6705842614173889,
            -0.3117174506187439
          ],
          [
            0.628046989440918,
            0.4992966651916504,
            0.5968866944313049,
            1.6741786003112793
          ],
          [
            0.0,
            0.0,
            0.0,
            1.0
          ]
        ]
      },
      "bone_length_armature_space": 0.040164433578462486,
      "parent": "thumb_01_l",
      "has_children": true,
      "is_end_bone": false
    },
    "thumb_03_l": {
      "name": "thumb_03_l",
      "local": {
        "location": {
          "x": 0.0,
          "y": 0.0,
          "z": 0.0
        },
        "rotation_quaternion": {
          "w": 0.9988552331924438,
          "x": 0.04732673242688179,
          "y": 0.0057045225985348225,
          "z": -0.003993178717792034
        },
        "scale": {
          "x": 1.0,
          "y": 1.0,
          "z": 1.0
        },
        "matrix_basis": [
          [
            0.9999030232429504,
            0.008517167530953884,
            0.011018016375601292,
            0.0
          ],
          [
            -0.0074372622184455395,
            0.9954884648323059,
            -0.09459066390991211,
            0.0
          ],
          [
            -0.011773952282965183,
            0.09449955075979233,
            0.995455265045166,
            0.0
          ],
          [
            0.0,
            0.0,
            0.0,
            1.0
          ]
        ],
        "rotation_mode": "QUATERNION"
      },
      "armature_space": {
        "head": {
          "x": 0.5152988433837891,
          "y": -0.4046920835971832,
          "z": 0.7443785667419434
        },
        "tail": {
          "x": 0.5354973673820496,
          "y": -0.4182678759098053,
          "z": 0.7626709342002869
        }
      },
      "world_space": {
        "head": {
          "x": 0.5152988433837891,
          "y": -0.3414480686187744,
          "z": 1.6942325830459595
        },
        "tail": {
          "x": 0.5354973673820496,
          "y": -0.3550238609313965,
          "z": 1.7125248908996582
        },
        "rotation_quaternion": {
          "w": 0.3336227834224701,
          "x": -0.125692218542099,
          "y": -0.4071096181869507,
          "z": -0.8409276008605957
        },
        "matrix": [
          [
            -0.7457940578460693,
            0.6634464859962463,
            -0.06024785339832306,
            0.5152988433837891
          ],
          [
            -0.4587656855583191,
            -0.445914089679718,
            0.7685665488243103,
            -0.3414480686187744
          ],
          [
            0.483040452003479,
            0.6008356809616089,
            0.6369319558143616,
            1.6942325830459595
          ],
          [
            0.0,
            0.0,
            0.0,
            1.0
          ]
        ]
      },
      "bone_length_armature_space": 0.030444920831734928,
      "parent": "thumb_02_l",
      "has_children": false,
      "is_end_bone": true
    },
    "metacarpal_index_l": {
      "name": "metacarpal_index_l",
      "local": {
        "location": {
          "x": 0.0,
          "y": 0.0,
          "z": 0.0
        },
        "rotation_quaternion": {
          "w": 0.9996857643127441,
          "x": -0.01505228690803051,
          "y": -0.016197416931390762,
          "z": 0.011812219396233559
        },
        "scale": {
          "x": 1.0,
          "y": 1.0,
          "z": 1.0
        },
        "matrix_basis": [
          [
            0.9991962313652039,
            -0.023129398003220558,
            -0.03274025768041611,
            0.0
          ],
          [
            0.024104630574584007,
            0.9992678165435791,
            0.029712459072470665,
            0.0
          ],
          [
            0.03202905133366585,
            -0.030477769672870636,
            0.9990221261978149,
            0.0
          ],
          [
            0.0,
            0.0,
            0.0,
            1.0
          ]
        ],
        "rotation_mode": "QUATERNION"
      },
      "armature_space": {
        "head": {
          "x": 0.51125168800354,
          "y": -0.3000805675983429,
          "z": 0.7235827445983887
        },
        "tail": {
          "x": 0.5278205275535583,
          "y": -0.4024469256401062,
          "z": 0.7781341075897217
        }
      },
      "world_space": {
        "head": {
          "x": 0.51125168800354,
          "y": -0.23683656752109528,
          "z": 1.6734367609024048
        },
        "tail": {
          "x": 0.5278205275535583,
          "y": -0.3392029404640198,
          "z": 1.7279881238937378
        },
        "rotation_quaternion": {
          "w": 0.25126203894615173,
          "x": 0.9333423376083374,
          "y": 0.00675282534211874,
          "z": -0.256308376789093
        },
        "matrix": [
          [
            0.868520975112915,
            0.14140629768371582,
            -0.47505301237106323,
            0.51125168800354
          ],
          [
            -0.11619553714990616,
            -0.8736436367034912,
            -0.47248873114585876,
            -0.23683656752109528
          ],
          [
            -0.48184359073638916,
            0.46556779742240906,
            -0.7423526048660278,
            1.6734367609024048
          ],
          [
            0.0,
            0.0,
            0.0,
            1.0
          ]
        ]
      },
      "bone_length_armature_space": 0.11717187670534142,
      "parent": "lowerarm_l",
      "has_children": true,
      "is_end_bone": false
    },
    "index_01_l": {
      "name": "index_01_l",
      "local": {
        "location": {
          "x": 0.0,
          "y": 0.0,
          "z": 0.0
        },
        "rotation_quaternion": {
          "w": 0.9928905963897705,
          "x": -0.11891045421361923,
          "y": -0.00364791601896286,
          "z": 0.0039236340671777725
        },
        "scale": {
          "x": 1.0,
          "y": 1.0,
          "z": 1.0
        },
        "matrix_basis": [
          [
            0.9999426007270813,
            -0.006923927925527096,
            -0.008177084848284721,
            0.0
          ],
          [
            0.008659029379487038,
            0.9716898202896118,
            0.23610152304172516,
            0.0
          ],
          [
            0.006310840602964163,
            -0.23615877330303192,
            0.9716939926147461,
            0.0
          ],
          [
            0.0,
            0.0,
            0.0,
            1.0
          ]
        ],
        "rotation_mode": "QUATERNION"
      },
      "armature_space": {
        "head": {
          "x": 0.5278205275535583,
          "y": -0.4024469256401062,
          "z": 0.7781341075897217
        },
        "tail": {
          "x": 0.5440669655799866,
          "y": -0.42044055461883545,
          "z": 0.7931458950042725
        }
      },
      "world_space": {
        "head": {
          "x": 0.5278205275535583,
          "y": -0.3392029404640198,
          "z": 1.7279881238937378
        },
        "tail": {
          "x": 0.5440669655799866,
          "y": -0.357196569442749,
          "z": 1.7429999113082886
        },
        "rotation_quaternion": {
          "w": 0.3692431151866913,
          "x": 0.8656808733940125,
          "y": 0.21940937638282776,
          "z": -0.2571295499801636
        },
        "matrix": [
          [
            0.7714878916740417,
            0.5697639584541321,
            -0.28315234184265137,
            0.5278205275535583
          ],
          [
            0.1899915337562561,
            -0.6310375928878784,
            -0.752126932144165,
            -0.3392029404640198
          ],
          [
            -0.6072188019752502,
            0.5264632701873779,
            -0.5950930714607239,
            1.7279881238937378
          ],
          [
            0.0,
            0.0,
            0.0,
            1.0
          ]
        ]
      },
      "bone_length_armature_space": 0.028514403272529392,
      "parent": "metacarpal_index_l",
      "has_children": true,
      "is_end_bone": false
    },
    "index_02_l": {
      "name": "index_02_l",
      "local": {
        "location": {
          "x": 0.0,
          "y": 0.0,
          "z": 0.0
        },
        "rotation_quaternion": {
          "w": 0.9973673224449158,
          "x": 0.07133451104164124,
          "y": -0.009964336641132832,
          "z": 0.008399274200201035
        },
        "scale": {
          "x": 1.0,
          "y": 1.0,
          "z": 1.0
        },
        "matrix_basis": [
          [
            0.999660313129425,
            -0.018175926059484482,
            -0.01867789216339588,
            0.0
          ],
          [
            0.015332721173763275,
            0.9896816611289978,
            -0.14246080815792084,
            0.0
          ],
          [
            0.021074524149298668,
            0.14212603867053986,
            0.9896242022514343,
            0.0
          ],
          [
            0.0,
            0.0,
            0.0,
            1.0
          ]
        ],
        "rotation_mode": "QUATERNION"
      },
      "armature_space": {
        "head": {
          "x": 0.5440669059753418,
          "y": -0.4204410910606384,
          "z": 0.793146014213562
        },
        "tail": {
          "x": 0.5578957796096802,
          "y": -0.4385722577571869,
          "z": 0.804898202419281
        }
      },
      "world_space": {
        "head": {
          "x": 0.5440669059753418,
          "y": -0.357197105884552,
          "z": 1.7430000305175781
        },
        "tail": {
          "x": 0.5578957796096802,
          "y": -0.3753282427787781,
          "z": 1.7547521591186523
        },
        "rotation_quaternion": {
          "w": 0.3308982849121094,
          "x": 0.8711686730384827,
          "y": 0.19265854358673096,
          "z": -0.3073342442512512
        },
        "matrix": [
          [
            0.7368569374084473,
            0.5390689969062805,
            -0.40797826647758484,
            0.5440669059753418
          ],
          [
            0.1322842836380005,
            -0.7067777514457703,
            -0.6949576735496521,
            -0.357197105884552
          ],
          [
            -0.6629847884178162,
            0.45811766386032104,
            -0.5921093225479126,
            1.7430000305175781
          ],
          [
            0.0,
            0.0,
            0.0,
            1.0
          ]
        ]
      },
      "bone_length_armature_space": 0.025653282074393522,
      "parent": "index_01_l",
      "has_children": true,
      "is_end_bone": false
    },
    "index_03_l": {
      "name": "index_03_l",
      "local": {
        "location": {
          "x": 0.0,
          "y": 0.0,
          "z": 0.0
        },
        "rotation_quaternion": {
          "w": 0.9998713135719299,
          "x": 0.014553561806678772,
          "y": 0.00464217085391283,
          "z": -0.004892533179372549
        },
        "scale": {
          "x": 1.0,
          "y": 1.0,
          "z": 1.0
        },
        "matrix_basis": [
          [
            0.9999090433120728,
            0.00991892721503973,
            0.00914073921740055,
            0.0
          ],
          [
            -0.009648687206208706,
            0.9995285272598267,
            -0.029148802161216736,
            0.0
          ],
          [
            -0.009425554424524307,
            0.029057953506708145,
            0.9995332956314087,
            0.0
          ],
          [
            0.0,
            0.0,
            0.0,
            1.0
          ]
        ],
        "rotation_mode": "QUATERNION"
      },
      "armature_space": {
        "head": {
          "x": 0.557895839214325,
          "y": -0.4385721683502197,
          "z": 0.8048983216285706
        },
        "tail": {
          "x": 0.5742790699005127,
          "y": -0.4609360098838806,
          "z": 0.8141276836395264
        }
      },
      "world_space": {
        "head": {
          "x": 0.557895839214325,
          "y": -0.3753281831741333,
          "z": 1.7547523975372314
        },
        "tail": {
          "x": 0.5742790699005127,
          "y": -0.3976920247077942,
          "z": 1.7639816999435425
        },
        "rotation_quaternion": {
          "w": 0.2543987035751343,
          "x": 0.8905795216560364,
          "y": 0.2293107807636261,
          "z": -0.2992761433124542
        },
        "matrix": [
          [
            0.7157008051872253,
            0.5607101917266846,
            -0.41638481616973877,
            0.557895839214325
          ],
          [
            0.2561684846878052,
            -0.7653952240943909,
            -0.5903794765472412,
            -0.3753281831741333
          ],
          [
            -0.649735152721405,
            0.3158717453479767,
            -0.6914356350898743,
            1.7547523975372314
          ],
          [
            0.0,
            0.0,
            0.0,
            1.0
          ]
        ]
      },
      "bone_length_armature_space": 0.02921870601604206,
      "parent": "index_02_l",
      "has_children": false,
      "is_end_bone": true
    },
    "metacarpal_pinky_l": {
      "name": "metacarpal_pinky_l",
      "local": {
        "location": {
          "x": 0.0,
          "y": 0.0,
          "z": 0.0
        },
        "rotation_quaternion": {
          "w": 0.9997300505638123,
          "x": 0.004697922617197037,
          "y": 0.016567770391702652,
          "z": 0.015602482482790947
        },
        "scale": {
          "x": 1.0,
          "y": 1.0,
          "z": 1.0
        },
        "matrix_basis": [
          [
            0.9989641308784485,
            -0.031040873378515244,
            0.03327319398522377,
            0.0
          ],
          [
            0.0313522107899189,
            0.999468982219696,
            -0.008876312524080276,
            0.0
          ],
          [
            -0.032979998737573624,
            0.009910305961966515,
            0.9994068741798401,
            0.0
          ],
          [
            0.0,
            0.0,
            0.0,
            1.0
          ]
        ],
        "rotation_mode": "QUATERNION"
      },
      "armature_space": {
        "head": {
          "x": 0.51125168800354,
          "y": -0.3000805675983429,
          "z": 0.7235827445983887
        },
        "tail": {
          "x": 0.5840314626693726,
          "y": -0.35925406217575073,
          "z": 0.7688026428222656
        }
      },
      "world_space": {
        "head": {
          "x": 0.51125168800354,
          "y": -0.23683656752109528,
          "z": 1.6734367609024048
        },
        "tail": {
          "x": 0.5840314626693726,
          "y": -0.2960100769996643,
          "z": 1.7186566591262817
        },
        "rotation_quaternion": {
          "w": 0.42340677976608276,
          "x": 0.1161876693367958,
          "y": -0.1913006454706192,
          "z": -0.8778561353683472
        },
        "matrix": [
          [
            -0.6144537329673767,
            0.6989268660545349,
            -0.3659886419773102,
            0.51125168800354
          ],
          [
            -0.7878344655036926,
            -0.5682613253593445,
            0.23747888207435608,
            -0.23683656752109528
          ],
          [
            -0.04199767857789993,
            0.4342605471611023,
            0.899815559387207,
            1.6734367609024048
          ],
          [
            0.0,
            0.0,
            0.0,
            1.0
          ]
        ]
      },
      "bone_length_armature_space": 0.10413086668384952,
      "parent": "lowerarm_l",
      "has_children": true,
      "is_end_bone": false
    },
    "pinky_01_l": {
      "name": "pinky_01_l",
      "local": {
        "location": {
          "x": 0.0,
          "y": 0.0,
          "z": 0.0
        },
        "rotation_quaternion": {
          "w": 0.963972806930542,
          "x": 0.2653425335884094,
          "y": 0.016328934580087662,
          "z": -0.009127017110586166
        },
        "scale": {
          "x": 1.0,
          "y": 1.0,
          "z": 1.0
        },
        "matrix_basis": [
          [
            0.9993001222610474,
            0.026261914521455765,
            0.0266377255320549,
            0.0
          ],
          [
            -0.0089308712631464,
            0.8590200543403625,
            -0.5118640661239624,
            0.0
          ],
          [
            -0.036324869841337204,
            0.511267900466919,
            0.8586534261703491,
            0.0
          ],
          [
            0.0,
            0.0,
            0.0,
            1.0
          ]
        ],
        "rotation_mode": "QUATERNION"
      },
      "armature_space": {
        "head": {
          "x": 0.5840314626693726,
          "y": -0.35925406217575073,
          "z": 0.7688026428222656
        },
        "tail": {
          "x": 0.595525324344635,
          "y": -0.37940555810928345,
