{
  "metadata": {
    "armature_name": "KIM_caucasian_male",
    "export_time": "2026-01-13T21:12:43.250839",
    "blender_version": "4.4.1",
    "bone_count": 56,
    "end_bone_count": 13,
    "spaces_included": [
      "LOCAL_CHANNELS",
      "ARMATURE_SPACE",
      "WORLD_SPACE"
    ],
    "note": "LOCAL matches Transform panel; replay pose via local.matrix_basis for best fidelity."
  },
  "bones": {
    "Root": {
      "name": "Root",
      "local": {
        "location": {
          "x": 0.0,
          "y": 0.0,
          "z": 0.0
        },
        "rotation_quaternion": {
          "w": 0.9994797110557556,
          "x": 0.016470834612846375,
          "y": 0.014037271961569786,
          "z": 0.023919738829135895
        },
        "scale": {
          "x": 1.0,
          "y": 1.0,
          "z": 1.0
        },
        "matrix_basis": [
          [
            0.9984616041183472,
            -0.047352176159620285,
            0.028847893700003624,
            0.0
          ],
          [
            0.04827699810266495,
            0.9983131289482117,
            -0.03225299343466759,
            0.0
          ],
          [
            -0.027271980419754982,
            0.033596064895391464,
            0.9990633130073547,
            0.0
          ],
          [
            0.0,
            0.0,
            0.0,
            1.0
          ]
        ],
        "rotation_mode": "QUATERNION"
      },
      "armature_space": {
        "head": {
          "x": 0.0,
          "y": 0.07072800397872925,
          "z": -0.009595036506652832
        },
        "tail": {
          "x": -0.0033798026852309704,
          "y": -0.00020304322242736816,
          "z": -0.0023923851549625397
        }
      },
      "world_space": {
        "head": {
          "x": 0.0,
          "y": 0.13397200405597687,
          "z": 0.9402589797973633
        },
        "tail": {
          "x": -0.0033798026852309704,
          "y": 0.06304095685482025,
          "z": 0.9474616050720215
        },
        "rotation_quaternion": {
          "w": 0.050899188965559006,
          "x": 0.9983187317848206,
          "y": -0.02291974052786827,
          "z": 0.015616805292665958
        },
        "matrix": [
          [
            0.9984616041183472,
            -0.047352176159620285,
            0.028847893700003624,
            0.0
          ],
          [
            -0.044172633439302444,
            -0.9937679171562195,
            -0.10234354436397552,
            0.13397200405597687
          ],
          [
            0.033514492213726044,
            0.10091157257556915,
            -0.994337797164917,
            0.9402589797973633
          ],
          [
            0.0,
            0.0,
            0.0,
            1.0
          ]
        ]
      },
      "bone_length_armature_space": 0.07137587044247351,
      "parent": null,
      "has_children": true,
      "is_end_bone": false
    },
    "spine_01": {
      "name": "spine_01",
      "local": {
        "location": {
          "x": 0.0,
          "y": 0.0,
          "z": 0.0
        },
        "rotation_quaternion": {
          "w": 0.9994156360626221,
          "x": 0.01750798709690571,
          "y": 0.02919859252870083,
          "z": 0.0030635036528110504
        },
        "scale": {
          "x": 1.0,
          "y": 1.0,
          "z": 1.0
        },
        "matrix_basis": [
          [
            0.9982761144638062,
            -0.005101009737700224,
            0.05847033113241196,
            0.0
          ],
          [
            0.007145843934267759,
            0.9993681907653809,
            -0.03481661155819893,
            0.0
          ],
          [
            -0.05825578793883324,
            0.035174410790205,
            0.9976817965507507,
            0.0
          ],
          [
            0.0,
            0.0,
            0.0,
            1.0
          ]
        ],
        "rotation_mode": "QUATERNION"
      },
      "armature_space": {
        "head": {
          "x": -0.0033798026852309704,
          "y": -0.00020304322242736816,
          "z": -0.0023923851549625397
        },
        "tail": {
          "x": -0.022677233442664146,
          "y": -0.010155398398637772,
          "z": 0.4851290285587311
        }
      },
      "world_space": {
        "head": {
          "x": -0.0033798026852309704,
          "y": 0.06304095685482025,
          "z": 0.9474616050720215
        },
        "tail": {
          "x": -0.022677233442664146,
          "y": 0.05308860167860985,
          "z": 1.4349830150604248
        },
        "rotation_quaternion": {
          "w": 0.699802815914154,
          "x": 0.7140228748321533,
          "y": -0.00887347012758255,
          "z": 0.019199753180146217
        },
        "matrix": [
          [
            0.9991052746772766,
            -0.039543814957141876,
            0.014998476952314377,
            -0.0033798026852309704
          ],
          [
            0.014200091361999512,
            -0.02039411850273609,
            -0.9996911883354187,
            0.06304095685482025
          ],
          [
            0.03983777388930321,
            0.9990167617797852,
            -0.01981539838016033,
            0.9474616050720215
          ],
          [
            0.0,
            0.0,
            0.0,
            1.0
          ]
        ]
      },
      "bone_length_armature_space": 0.48800467959889277,
      "parent": "Root",
      "has_children": true,
      "is_end_bone": false
    },
    "neck_01": {
      "name": "neck_01",
      "local": {
        "location": {
          "x": 0.0,
          "y": 0.0,
          "z": 0.0
        },
        "rotation_quaternion": {
          "w": 0.9897278547286987,
          "x": -0.12620939314365387,
          "y": 0.03451979160308838,
          "z": -0.057606011629104614
        },
        "scale": {
          "x": 1.0,
          "y": 1.0,
          "z": 1.0
        },
        "matrix_basis": [
          [
            0.9909798502922058,
            0.10531510412693024,
            0.08287123590707779,
            0.0
          ],
          [
            -0.12274198979139328,
            0.9615054726600647,
            0.24584880471229553,
            0.0
          ],
          [
            -0.05378955975174904,
            -0.25380298495292664,
            0.9657591581344604,
            0.0
          ],
          [
            0.0,
            0.0,
            0.0,
            1.0
          ]
        ],
        "rotation_mode": "QUATERNION"
      },
      "armature_space": {
        "head": {
          "x": -0.02505241520702839,
          "y": -0.046318355947732925,
          "z": 0.5575882792472839
        },
        "tail": {
          "x": -0.01801518350839615,
          "y": -0.06161803752183914,
          "z": 0.658717691898346
        }
      },
      "world_space": {
        "head": {
          "x": -0.02505241520702839,
          "y": 0.016925644129514694,
          "z": 1.5074422359466553
        },
        "tail": {
          "x": -0.01801518350839615,
          "y": 0.0016259625554084778,
          "z": 1.6085717678070068
        },
        "rotation_quaternion": {
          "w": 0.6495237946510315,
          "x": 0.7578619122505188,
          "y": 0.05917495861649513,
          "z": 0.016205230727791786
        },
        "matrix": [
          [
            0.9924713969230652,
            0.06864162534475327,
            0.10143411159515381,
            -0.02505241520702839
          ],
          [
            0.11074462532997131,
            -0.1492341160774231,
            -0.9825807809829712,
            0.016925644129514694
          ],
          [
            -0.05230876803398132,
            0.9864233136177063,
            -0.15571431815624237,
            1.5074422359466553
          ],
          [
            0.0,
            0.0,
            0.0,
            1.0
          ]
        ]
      },
      "bone_length_armature_space": 0.10252200068784519,
      "parent": "spine_01",
      "has_children": true,
      "is_end_bone": false
    },
    "head": {
      "name": "head",
      "local": {
        "location": {
          "x": 0.0,
          "y": 0.0,
          "z": 0.0
        },
        "rotation_quaternion": {
          "w": 0.9980398416519165,
          "x": -0.029722576960921288,
          "y": 0.04439683258533478,
          "z": -0.03258906304836273
        },
        "scale": {
          "x": 1.0,
          "y": 1.0,
          "z": 1.0
        },
        "matrix_basis": [
          [
            0.9939337372779846,
            0.06241118907928467,
            0.09055687487125397,
            0.0
          ],
          [
            -0.06768954545259476,
            0.9961090683937073,
            0.05643492937088013,
            0.0
          ],
          [
            -0.08668235689401627,
            -0.06222233548760414,
            0.9942910075187683,
            0.0
          ],
          [
            0.0,
            0.0,
            0.0,
            1.0
          ]
        ],
        "rotation_mode": "QUATERNION"
      },
      "armature_space": {
        "head": {
          "x": -0.018015174195170403,
          "y": -0.06161817908287048,
          "z": 0.6587176322937012
        },
        "tail": {
          "x": -0.005402668379247189,
          "y": -0.017840780317783356,
          "z": 0.8069666624069214
        }
      },
      "world_space": {
        "head": {
          "x": -0.018015174195170403,
          "y": 0.0016258209943771362,
          "z": 1.6085716485977173
        },
        "tail": {
          "x": -0.005402668379247189,
          "y": 0.045403219759464264,
          "z": 1.7568206787109375
        },
        "rotation_quaternion": {
          "w": 0.7934114933013916,
          "x": 0.5982975959777832,
          "y": 0.10785742104053497,
          "z": 0.03008396178483963
        },
        "matrix": [
          [
            0.9749236106872559,
            0.08132367581129074,
            0.20714838802814484,
            -0.018015174195170403
          ],
          [
            0.1767989844083786,
            0.28227055072784424,
            -0.9429028034210205,
            0.0016258209943771362
          ],
          [
            -0.13515298068523407,
            0.9558888077735901,
            0.26081520318984985,
            1.6085716485977173
          ],
          [
            0.0,
            0.0,
            0.0,
            1.0
          ]
        ]
      },
      "bone_length_armature_space": 0.15509129827559448,
      "parent": "neck_01",
      "has_children": false,
      "is_end_bone": true
    },
    "upperarm_l": {
      "name": "upperarm_l",
      "local": {
        "location": {
          "x": 0.0,
          "y": 0.0,
          "z": 0.0
        },
        "rotation_quaternion": {
          "w": 0.8125147819519043,
          "x": 0.13363295793533325,
          "y": 0.4011383354663849,
          "z": 0.40131044387817383
        },
        "scale": {
          "x": 1.0,
          "y": 1.0,
          "z": 1.0
        },
        "matrix_basis": [
          [
            0.3560759127140045,
            -0.5449307560920715,
            0.7591182589530945,
            0.0
          ],
          [
            0.7593519687652588,
            0.642184317111969,
            0.10480450093746185,
            0.0
          ],
          [
            -0.5446050763130188,
            0.53911954164505,
            0.6424605250358582,
            0.0
          ],
          [
            0.0,
            0.0,
            0.0,
            1.0
          ]
        ],
        "rotation_mode": "QUATERNION"
      },
      "armature_space": {
        "head": {
          "x": 0.12751886248588562,
          "y": -0.046005841344594955,
          "z": 0.49635910987854004
        },
        "tail": {
          "x": 0.30482208728790283,
          "y": -0.1872928887605667,
          "z": 0.6392205953598022
        }
      },
      "world_space": {
        "head": {
          "x": 0.12751886248588562,
          "y": 0.017238158732652664,
          "z": 1.4462131261825562
        },
        "tail": {
          "x": 0.30482208728790283,
          "y": -0.12404888868331909,
          "z": 1.5890746116638184
        },
        "rotation_quaternion": {
          "w": 0.32519614696502686,
          "x": 0.8725611567497253,
          "y": 0.36141636967658997,
          "z": -0.047569505870342255
        },
        "matrix": [
          [
            0.7342302799224854,
            0.6616547107696533,
            0.15204939246177673,
            0.12751886248588562
          ],
          [
            0.5997779965400696,
            -0.5272505879402161,
            -0.6018915176391602,
            0.017238158732652664
          ],
          [
            -0.3180779814720154,
            0.533126175403595,
            -0.78397536277771,
            1.4462131261825562
          ],
          [
            0.0,
            0.0,
            0.0,
            1.0
          ]
        ]
      },
      "bone_length_armature_space": 0.26796989579692587,
      "parent": "spine_01",
      "has_children": true,
      "is_end_bone": false
    },
    "lowerarm_l": {
      "name": "lowerarm_l",
      "local": {
        "location": {
          "x": 0.0,
          "y": 0.0,
          "z": 0.0
        },
        "rotation_quaternion": {
          "w": 0.9606145620346069,
          "x": 0.24485735595226288,
          "y": 0.012207313440740108,
          "z": -0.13082708418369293
        },
        "scale": {
          "x": 1.0,
          "y": 1.0,
          "z": 1.0
        },
        "matrix_basis": [
          [
            0.9654704928398132,
            0.2573269009590149,
            -0.04061490297317505,
            0.0
          ],
          [
            -0.24537070095539093,
            0.8458582758903503,
            -0.4736211895942688,
            0.0
          ],
          [
            -0.08752099424600601,
            0.46723300218582153,
            0.8797917366027832,
            0.0
          ],
          [
            0.0,
            0.0,
            0.0,
            1.0
          ]
        ],
        "rotation_mode": "QUATERNION"
      },
      "armature_space": {
        "head": {
          "x": 0.30482208728790283,
          "y": -0.18729303777217865,
          "z": 0.6392207145690918
        },
        "tail": {
          "x": 0.49512937664985657,
          "y": -0.37397027015686035,
          "z": 0.6167687177658081
        }
      },
      "world_space": {
        "head": {
          "x": 0.30482208728790283,
          "y": -0.12404903769493103,
          "z": 1.589074730873108
        },
        "tail": {
          "x": 0.49512937664985657,
          "y": -0.3107262849807739,
          "z": 1.5666227340698242
        },
        "rotation_quaternion": {
          "w": 0.04738766700029373,
          "x": 0.8950260281562805,
          "y": 0.3858194649219513,
          "z": -0.21869225800037384
        },
        "matrix": [
          [
            0.6066337823867798,
            0.7113640308380127,
            -0.3549036979675293,
            0.30482208728790283
          ],
          [
            0.6699102520942688,
            -0.697795033454895,
            -0.25357940793037415,
            -0.12404903769493103
          ],
          [
            -0.4280397295951843,
            -0.08392512798309326,
            -0.8998627662658691,
            1.589074730873108
          ],
          [
            0.0,
            0.0,
            0.0,
            1.0
          ]
        ]
      },
      "bone_length_armature_space": 0.2675244785962123,
      "parent": "upperarm_l",
      "has_children": true,
      "is_end_bone": false
    },
    "metacarpal_thumb_l": {
      "name": "metacarpal_thumb_l",
      "local": {
        "location": {
          "x": 0.0,
          "y": 0.0,
          "z": 0.0
        },
        "rotation_quaternion": {
          "w": 0.9998059868812561,
          "x": 0.012504152953624725,
          "y": -0.015083842910826206,
          "z": -0.0020289579406380653
        },
        "scale": {
          "x": 1.0,
          "y": 1.0,
          "z": 1.0
        },
        "matrix_basis": [
          [
            0.9995366930961609,
            0.0036799071822315454,
            -0.03021257370710373,
            0.0
          ],
          [
            -0.004434349946677685,
            0.9996790885925293,
            -0.024942245334386826,
            0.0
          ],
          [
            0.03011109121143818,
            0.025064662098884583,
            0.9992322325706482,
            0.0
          ],
          [
            0.0,
            0.0,
            0.0,
            1.0
          ]
        ],
        "rotation_mode": "QUATERNION"
      },
      "armature_space": {
        "head": {
          "x": 0.49512937664985657,
          "y": -0.37397027015686035,
          "z": 0.6167687177658081
        },
        "tail": {
          "x": 0.5187667608261108,
          "y": -0.4015639126300812,
          "z": 0.5831016898155212
        }
      },
      "world_space": {
        "head": {
          "x": 0.49512937664985657,
          "y": -0.3107262849807739,
          "z": 1.5666227340698242
        },
        "tail": {
          "x": 0.5187667608261108,
          "y": -0.33831989765167236,
          "z": 1.5329556465148926
        },
        "rotation_quaternion": {
          "w": 0.45854857563972473,
          "x": -0.8176522254943848,
          "y": -0.10582828521728516,
          "z": -0.33163005113601685
        },
        "matrix": [
          [
            0.757644534111023,
            0.47719791531562805,
            0.445260226726532,
            0.49512937664985657
          ],
          [
            -0.13107338547706604,
            -0.5570683479309082,
            0.8200576901435852,
            -0.3107262849807739
          ],
          [
            0.6393747329711914,
            -0.6796794533729553,
            -0.35951370000839233,
            1.5666227340698242
          ],
          [
            0.0,
            0.0,
            0.0,
            1.0
          ]
        ]
      },
      "bone_length_armature_space": 0.04953386558676195,
      "parent": "lowerarm_l",
      "has_children": true,
      "is_end_bone": false
    },
    "thumb_01_l": {
      "name": "thumb_01_l",
      "local": {
        "location": {
          "x": 0.0,
          "y": 0.0,
          "z": 0.0
        },
        "rotation_quaternion": {
          "w": 0.9998016953468323,
          "x": -0.007327117957174778,
          "y": -0.018384410068392754,
          "z": 0.0022439092863351107
        },
        "scale": {
          "x": 1.0,
          "y": 1.0,
          "z": 1.0
        },
        "matrix_basis": [
          [
            0.9993139505386353,
            -0.004217518959194422,
            -0.03679441288113594,
            0.0
          ],
          [
            0.004756337963044643,
            0.9998825788497925,
            0.01456882432103157,
            0.0
          ],
          [
            0.036728646606206894,
            -0.014733836054801941,
            0.9992166757583618,
            0.0
          ],
          [
            0.0,
            0.0,
            0.0,
            1.0
          ]
        ],
        "rotation_mode": "QUATERNION"
      },
      "armature_space": {
        "head": {
          "x": 0.5187667608261108,
          "y": -0.4015639126300812,
          "z": 0.5831016898155212
        },
        "tail": {
          "x": 0.5371759533882141,
          "y": -0.3926584720611572,
          "z": 0.5558908581733704
        }
      },
      "world_space": {
        "head": {
          "x": 0.5187667608261108,
          "y": -0.33831989765167236,
          "z": 1.5329556465148926
        },
        "tail": {
          "x": 0.5371759533882141,
          "y": -0.3294144868850708,
          "z": 1.5057449340820312
        },
        "rotation_quaternion": {
          "w": 0.6884598135948181,
          "x": -0.2664617896080017,
          "y": 0.39602747559547424,
          "z": -0.5460618138313293
        },
        "matrix": [
          [
            0.08995535969734192,
            0.5408326983451843,
            0.8363061547279358,
            0.5187667608261108
          ],
          [
            -0.9629358053207397,
            0.2616276144981384,
            -0.06561632454395294,
            -0.33831989765167236
          ],
          [
            -0.25429096817970276,
            -0.7994122505187988,
            0.5443258285522461,
            1.5329556465148926
          ],
          [
            0.0,
            0.0,
            0.0,
            1.0
          ]
        ]
      },
      "bone_length_armature_space": 0.034038722294201365,
      "parent": "metacarpal_thumb_l",
      "has_children": true,
      "is_end_bone": false
    },
    "thumb_02_l": {
      "name": "thumb_02_l",
      "local": {
        "location": {
          "x": 0.0,
          "y": 0.0,
          "z": 0.0
        },
        "rotation_quaternion": {
          "w": 0.9984550476074219,
          "x": 0.054919153451919556,
          "y": -0.002306483220309019,
          "z": 0.008131337352097034
        },
        "scale": {
          "x": 1.0,
          "y": 1.0,
          "z": 1.0
        },
        "matrix_basis": [
          [
            0.9998571276664734,
            -0.016490889713168144,
            -0.0037127071991562843,
            0.0
          ],
          [
            0.01598420925438404,
            0.9938355088233948,
            -0.10970611870288849,
            0.0
          ],
          [
            0.005498971790075302,
            0.10963109880685806,
            0.9939571619033813,
            0.0
          ],
          [
            0.0,
            0.0,
            0.0,
            1.0
          ]
        ],
        "rotation_mode": "QUATERNION"
      },
      "armature_space": {
        "head": {
          "x": 0.5371758937835693,
          "y": -0.39265844225883484,
          "z": 0.5558908581733704
        },
        "tail": {
          "x": 0.5700659155845642,
          "y": -0.4151903986930847,
          "z": 0.5510189533233643
        }
      },
      "world_space": {
        "head": {
          "x": 0.5371758937835693,
          "y": -0.329414427280426,
          "z": 1.5057449340820312
        },
        "tail": {
          "x": 0.5700659155845642,
          "y": -0.3519464135169983,
          "z": 1.5008729696273804
        },
        "rotation_quaternion": {
          "w": 0.43789052963256836,
          "x": 0.1897687017917633,
          "y": 0.16659802198410034,
          "z": -0.8628354072570801
        },
        "matrix": [
          [
            -0.5444793701171875,
            0.818885326385498,
            -0.18157340586185455,
            0.5371758937835693
          ],
          [
            -0.6924254298210144,
            -0.5609931349754333,
            -0.4536890983581543,
            -0.329414427280426
          ],
          [
            -0.47338488698005676,
            -0.12129978835582733,
            0.8724721670150757,
            1.5057449340820312
          ],
          [
            0.0,
            0.0,
            0.0,
            1.0
          ]
        ]
      },
      "bone_length_armature_space": 0.04016438795021128,
      "parent": "thumb_01_l",
      "has_children": true,
      "is_end_bone": false
    },
    "thumb_03_l": {
      "name": "thumb_03_l",
      "local": {
        "location": {
          "x": 0.0,
          "y": 0.0,
          "z": 0.0
        },
        "rotation_quaternion": {
          "w": 0.9971895217895508,
          "x": 0.07446509599685669,
          "y": 0.004937397316098213,
          "z": 0.006608019582927227
        },
        "scale": {
          "x": 1.0,
          "y": 1.0,
          "z": 1.0
        },
        "matrix_basis": [
          [
            0.9998639225959778,
            -0.01244356855750084,
            0.010831175372004509,
            0.0
          ],
          [
            0.01391422376036644,
            0.9888225793838501,
            -0.14844638109207153,
            0.0
          ],
          [
            -0.008862907998263836,
            0.14857688546180725,
            0.9888611435890198,
            0.0
          ],
          [
            0.0,
            0.0,
            0.0,
            1.0
          ]
        ],
        "rotation_mode": "QUATERNION"
      },
      "armature_space": {
        "head": {
          "x": 0.5700658559799194,
          "y": -0.41519036889076233,
          "z": 0.5510188341140747
        },
        "tail": {
          "x": 0.592308759689331,
          "y": -0.43389832973480225,
          "z": 0.5600829720497131
        }
      },
      "world_space": {
        "head": {
          "x": 0.5700658559799194,
          "y": -0.3519463539123535,
          "z": 1.5008728504180908
        },
        "tail": {
          "x": 0.592308759689331,
          "y": -0.3706543445587158,
          "z": 1.509937047958374
        },
        "rotation_quaternion": {
          "w": 0.43471938371658325,
          "x": 0.4521632492542267,
          "y": 0.061441946774721146,
          "z": -0.7763969898223877
        },
        "matrix": [
          [
            -0.2131337672472,
            0.730595052242279,
            -0.6486946940422058,
            0.5700658559799194
          ],
          [
            -0.6194667220115662,
            -0.6144858002662659,
            -0.4885368347167969,
            -0.3519463539123535
          ],
          [
            -0.7555423378944397,
            0.29772257804870605,
            0.5835508704185486,
            1.5008728504180908
          ],
          [
            0.0,
            0.0,
            0.0,
            1.0
          ]
        ]
      },
      "bone_length_armature_space": 0.030444920353759786,
      "parent": "thumb_02_l",
      "has_children": false,
      "is_end_bone": true
    },
    "metacarpal_index_l": {
      "name": "metacarpal_index_l",
      "local": {
        "location": {
          "x": 0.0,
          "y": 0.0,
          "z": 0.0
        },
        "rotation_quaternion": {
          "w": 0.9996504783630371,
          "x": -0.021818730980157852,
          "y": 0.014655349776148796,
          "z": 0.0028692102059721947
        },
        "scale": {
          "x": 1.0,
          "y": 1.0,
          "z": 1.0
        },
        "matrix_basis": [
          [
            0.9995539784431458,
            -0.006375936791300774,
            0.029175249859690666,
            0.0
          ],
          [
            0.005096892360597849,
            0.9990314245223999,
            0.04370630905032158,
            0.0
          ],
          [
            -0.029425660148262978,
            -0.043538112193346024,
            0.9986183047294617,
            0.0
          ],
          [
            0.0,
            0.0,
            0.0,
            1.0
          ]
        ],
        "rotation_mode": "QUATERNION"
      },
      "armature_space": {
        "head": {
          "x": 0.49512937664985657,
          "y": -0.37397027015686035,
          "z": 0.6167687177658081
        },
        "tail": {
          "x": 0.5639054775238037,
          "y": -0.45991086959838867,
          "z": 0.5766027569770813
        }
      },
      "world_space": {
        "head": {
          "x": 0.49512937664985657,
          "y": -0.3107262849807739,
          "z": 1.5666227340698242
        },
        "tail": {
          "x": 0.5639054775238037,
          "y": -0.39666688442230225,
          "z": 1.5264568328857422
        },
        "rotation_quaternion": {
          "w": 0.24086402356624603,
          "x": -0.9138826131820679,
          "y": -0.27432671189308167,
          "z": -0.1776174008846283
        },
        "matrix": [
          [
            0.7863938808441162,
            0.5869683027267456,
            0.19249096512794495,
            0.49512937664985657
          ],
          [
            0.4158426523208618,
            -0.7334585189819336,
            0.5376928448677063,
            -0.3107262849807739
          ],
          [
            0.45679646730422974,
            -0.3427956998348236,
            -0.8208791017532349,
            1.5666227340698242
          ],
          [
            0.0,
            0.0,
            0.0,
            1.0
          ]
        ]
      },
      "bone_length_armature_space": 0.11717185223933746,
      "parent": "lowerarm_l",
      "has_children": true,
      "is_end_bone": false
    },
    "index_01_l": {
      "name": "index_01_l",
      "local": {
        "location": {
          "x": 0.0,
          "y": 0.0,
          "z": 0.0
        },
        "rotation_quaternion": {
          "w": 0.9918732047080994,
          "x": -0.1265011429786682,
          "y": 0.010135719552636147,
          "z": 0.00908028706908226
        },
        "scale": {
          "x": 1.0,
          "y": 1.0,
          "z": 1.0
        },
        "matrix_basis": [
          [
            0.9996296167373657,
            -0.02057734690606594,
            0.017809363082051277,
            0.0
          ],
          [
            0.015448627062141895,
            0.9678300023078918,
            0.25113025307655334,
            0.0
          ],
          [
            -0.022404029965400696,
            -0.25076210498809814,
            0.9677894711494446,
            0.0
          ],
          [
            0.0,
            0.0,
            0.0,
            1.0
          ]
        ],
        "rotation_mode": "QUATERNION"
      },
      "armature_space": {
        "head": {
          "x": 0.5639054775238037,
          "y": -0.45991086959838867,
          "z": 0.5766027569770813
        },
        "tail": {
          "x": 0.5832205414772034,
          "y": -0.4804697036743164,
          "z": 0.5807660818099976
        }
      },
      "world_space": {
        "head": {
          "x": 0.5639054775238037,
          "y": -0.39666688442230225,
          "z": 1.5264568328857422
        },
        "tail": {
          "x": 0.5832205414772034,
          "y": -0.41722571849823,
          "z": 1.5306200981140137
        },
        "rotation_quaternion": {
          "w": 0.04699816554784775,
          "x": -0.8750015497207642,
          "y": -0.37052854895591736,
          "z": -0.3080129325389862
        },
        "matrix": [
          [
            0.5356729030609131,
            0.6773791313171387,
            0.5041943788528442,
            0.5639054775238037
          ],
          [
            0.6194745898246765,
            -0.7209986448287964,
            0.3105030655860901,
            -0.39666688442230225
          ],
          [
            0.5738565921783447,
            0.14600779116153717,
            -0.805844247341156,
            1.5264568328857422
          ],
          [
            0.0,
            0.0,
            0.0,
            1.0
          ]
        ]
      },
      "bone_length_armature_space": 0.028514393193399424,
      "parent": "metacarpal_index_l",
      "has_children": true,
      "is_end_bone": false
    },
    "index_02_l": {
      "name": "index_02_l",
      "local": {
        "location": {
          "x": 0.0,
          "y": 0.0,
          "z": 0.0
        },
        "rotation_quaternion": {
          "w": 0.9997379183769226,
          "x": 0.022304562851786613,
          "y": 0.004129116423428059,
          "z": -0.0030976177658885717
        },
        "scale": {
          "x": 1.0,
          "y": 1.0,
          "z": 1.0
        },
        "matrix_basis": [
          [
            0.9999467134475708,
            0.006377808284014463,
            0.008117886260151863,
            0.0
          ],
          [
            -0.006009415723383427,
            0.9989858269691467,
            -0.04462301358580589,
            0.0
          ],
          [
            -0.008394250646233559,
            0.044571854174137115,
            0.9989709258079529,
            0.0
          ],
          [
            0.0,
            0.0,
            0.0,
            1.0
          ]
        ],
        "rotation_mode": "QUATERNION"
      },
      "armature_space": {
        "head": {
          "x": 0.5832208395004272,
          "y": -0.48047003149986267,
          "z": 0.5807657837867737
        },
        "tail": {
          "x": 0.6011949181556702,
          "y": -0.4983227550983429,
          "z": 0.5848035216331482
        }
      },
      "world_space": {
        "head": {
          "x": 0.5832208395004272,
          "y": -0.41722601652145386,
          "z": 1.5306198596954346
        },
        "tail": {
          "x": 0.6011949181556702,
          "y": -0.4350787401199341,
          "z": 1.5346574783325195
        },
        "rotation_quaternion": {
          "w": 0.03495485335588455,
          "x": -0.8767463564872742,
          "y": -0.38835006952285767,
          "z": -0.2815641164779663
        },
        "matrix": [
          [
            0.5398114919662476,
            0.7006537914276123,
            0.46657025814056396,
            0.5832208395004272
          ],
          [
            0.6612853407859802,
            -0.6959239840507507,
            0.27998489141464233,
            -0.41722601652145386
          ],
          [
            0.5208743214607239,
            0.1573973447084427,
            -0.8390057682991028,
            1.5306198596954346
          ],
          [
            0.0,
            0.0,
            0.0,
            1.0
          ]
        ]
      },
      "bone_length_armature_space": 0.025653276153683954,
      "parent": "index_01_l",
      "has_children": true,
      "is_end_bone": false
    },
    "index_03_l": {
      "name": "index_03_l",
      "local": {
        "location": {
          "x": 0.0,
          "y": 0.0,
          "z": 0.0
        },
        "rotation_quaternion": {
          "w": 0.9992752075195312,
          "x": 0.03755180910229683,
          "y": -0.0061036571860313416,
          "z": -0.0013242203276604414
        },
        "scale": {
          "x": 1.0,
          "y": 1.0,
          "z": 1.0
        },
        "matrix_basis": [
          [
            0.999921977519989,
            0.0021881144493818283,
            -0.0122979199513793,
            0.0
          ],
          [
            -0.0031049277167767286,
            0.9971762299537659,
            -0.07503301650285721,
            0.0
          ],
          [
            0.012099012732505798,
            0.07506535202264786,
            0.9971052408218384,
            0.0
          ],
          [
            0.0,
            0.0,
            0.0,
            1.0
          ]
        ],
        "rotation_mode": "QUATERNION"
      },
      "armature_space": {
        "head": {
          "x": 0.6011947989463806,
          "y": -0.4983227849006653,
          "z": 0.5848036408424377
        },
        "tail": {
          "x": 0.6250486969947815,
          "y": -0.5150744318962097,
          "z": 0.5868297815322876
        }
      },
      "world_space": {
        "head": {
          "x": 0.6011947989463806,
          "y": -0.43507879972457886,
          "z": 1.5346577167510986
        },
        "tail": {
          "x": 0.6250486969947815,
          "y": -0.4518304467201233,
          "z": 1.5366837978363037
        },
        "rotation_quaternion": {
          "w": 0.1050761342048645,
          "x": -0.8435065746307373,
          "y": -0.4497760832309723,
          "z": -0.2741480767726898
        },
        "matrix": [
          [
            0.4450882077217102,
            0.8163917660713196,
            0.3679686188697815,
            0.6011947989463806
          ],
          [
            0.7011658549308777,
            -0.5733197927474976,
            0.4238761067390442,
            -0.43507879972457886
          ],
          [
            0.5570173263549805,
            0.06934452056884766,
            -0.8276095986366272,
            1.5346577167510986
          ],
          [
            0.0,
            0.0,
            0.0,
            1.0
          ]
        ]
      },
      "bone_length_armature_space": 0.029218682203771593,
      "parent": "index_02_l",
      "has_children": false,
      "is_end_bone": true
    },
    "metacarpal_pinky_l": {
      "name": "metacarpal_pinky_l",
      "local": {
        "location": {
          "x": 0.0,
          "y": 0.0,
          "z": 0.0
        },
        "rotation_quaternion": {
          "w": 0.9997142553329468,
          "x": -0.02035011351108551,
          "y": -0.004436111077666283,
          "z": -0.011731010861694813
        },
        "scale": {
          "x": 1.0,
          "y": 1.0,
          "z": 1.0
        },
        "matrix_basis": [
          [
            0.9996854066848755,
            0.0236358679831028,
            -0.008392232470214367,
            0.0
          ],
          [
            -0.02327476628124714,
            0.9988965392112732,
            0.04079267755150795,
            0.0
          ],
          [
            0.009347141720354557,
            -0.040584515780210495,
            0.9991323947906494,
            0.0
          ],
          [
            0.0,
            0.0,
            0.0,
            1.0
          ]
        ],
        "rotation_mode": "QUATERNION"
      },
      "armature_space": {
        "head": {
          "x": 0.49512937664985657,
          "y": -0.37397027015686035,
          "z": 0.6167687177658081
        },
        "tail": {
          "x": 0.5798735618591309,
          "y": -0.4321177005767822,
          "z": 0.6335173845291138
        }
      },
      "world_space": {
        "head": {
          "x": 0.49512937664985657,
          "y": -0.3107262849807739,
          "z": 1.5666227340698242
        },
        "tail": {
          "x": 0.5798735618591309,
          "y": -0.3688737154006958,
          "z": 1.5833714008331299
        },
        "rotation_quaternion": {
          "w": 0.40424519777297974,
          "x": 0.5887031555175781,
          "y": 0.2395438700914383,
          "z": -0.6577485203742981
        },
        "matrix": [
          [
            0.0199718214571476,
            0.8138246536254883,
            -0.5807672739028931,
            0.49512937664985657
          ],
          [
            -0.24974343180656433,
            -0.5584078431129456,
            -0.7910810112953186,
            -0.3107262849807739
          ],
          [
            -0.9681133031845093,
            0.16084270179271698,
            0.19209547340869904,
            1.5666227340698242
          ],
          [
            0.0,
            0.0,
            0.0,
            1.0
          ]
        ]
      },
      "bone_length_armature_space": 0.10413077612813373,
      "parent": "lowerarm_l",
      "has_children": true,
      "is_end_bone": false
    },
    "pinky_01_l": {
      "name": "pinky_01_l",
      "local": {
        "location": {
          "x": 0.0,
          "y": 0.0,
          "z": 0.0
        },
        "rotation_quaternion": {
          "w": 0.9624419212341309,
          "x": 0.271115243434906,
          "y": 0.013401597738265991,
          "z": -0.0047610788606107235
        },
        "scale": {
          "x": 1.0,
          "y": 1.0,
          "z": 1.0
        },
        "matrix_basis": [
          [
            0.9995954632759094,
            0.016431279480457306,
            0.0232149176299572,
            0.0
          ],
          [
            -0.0018977689323946834,
            0.8529477119445801,
            -0.5219929814338684,
            0.0
          ],
          [
            -0.028378121554851532,
            0.5217377543449402,
            0.8526338338851929,
            0.0
          ],
          [
            0.0,
            0.0,
            0.0,
            1.0
          ]
        ],
        "rotation_mode": "QUATERNION"
      },
      "armature_space": {
        "head": {
          "x": 0.5798735618591309,
          "y": -0.4321177005767822,
          "z": 0.6335173845291138
