{
  "metadata": {
    "armature_name": "KIM_caucasian_male",
    "export_time": "2026-01-13T21:01:18.796677",
    "blender_version": "4.4.1",
    "bone_count": 56,
    "end_bone_count": 13,
    "spaces_included": [
      "LOCAL_CHANNELS",
      "ARMATURE_SPACE",
      "WORLD_SPACE"
    ],
    "note": "LOCAL matches Transform panel; replay pose via local.matrix_basis for best fidelity."
  },
  "bones": {
    "Root": {
      "name": "Root",
      "local": {
        "location": {
          "x": 0.0,
          "y": 0.0,
          "z": 0.0
        },
        "rotation_quaternion": {
          "w": 0.9996387958526611,
          "x": -0.016518954187631607,
          "y": -0.01781739667057991,
          "z": -0.011487155221402645
        },
        "scale": {
          "x": 1.0,
          "y": 1.0,
          "z": 1.0
        },
        "matrix_basis": [
          [
            0.9991011619567871,
            0.023554662242531776,
            -0.03524240851402283,
            0.0
          ],
          [
            -0.022377362474799156,
            0.9991903305053711,
            0.03343531861901283,
            0.0
          ],
          [
            0.036001432687044144,
            -0.03261663392186165,
            0.9988193511962891,
            0.0
          ],
          [
            0.0,
            0.0,
            0.0,
            1.0
          ]
        ],
        "rotation_mode": "QUATERNION"
      },
      "armature_space": {
        "head": {
          "x": 0.0,
          "y": 0.07072800397872925,
          "z": -0.009595036506652832
        },
        "tail": {
          "x": 0.0016812344547361135,
          "y": 0.00037022680044174194,
          "z": 0.0022991569712758064
        }
      },
      "world_space": {
        "head": {
          "x": 0.0,
          "y": 0.13397200405597687,
          "z": 0.9402589797973633
        },
        "tail": {
          "x": 0.0016812344547361135,
          "y": 0.06361422687768936,
          "z": 0.9521531462669373
        },
        "rotation_quaternion": {
          "w": 0.0838247612118721,
          "x": 0.9962549805641174,
          "y": 0.010260739363729954,
          "z": -0.01855078898370266
        },
        "matrix": [
          [
            0.9991011619567871,
            0.023554662242531776,
            -0.03524240851402283,
            0.0
          ],
          [
            0.017334584146738052,
            -0.9857361912727356,
            -0.16740280389785767,
            0.13397200405597687
          ],
          [
            -0.03868309035897255,
            0.16664166748523712,
            -0.9852655529975891,
            0.9402589797973633
          ],
          [
            0.0,
            0.0,
            0.0,
            1.0
          ]
        ]
      },
      "bone_length_armature_space": 0.07137587381759737,
      "parent": null,
      "has_children": true,
      "is_end_bone": false
    },
    "spine_01": {
      "name": "spine_01",
      "local": {
        "location": {
          "x": 0.0,
          "y": 0.0,
          "z": 0.0
        },
        "rotation_quaternion": {
          "w": 0.997310996055603,
          "x": 0.04479891061782837,
          "y": -0.022526564076542854,
          "z": 0.05344565957784653
        },
        "scale": {
          "x": 1.0,
          "y": 1.0,
          "z": 1.0
        },
        "matrix_basis": [
          [
            0.9932722449302673,
            -0.10862221568822861,
            -0.040143366903066635,
            0.0
          ],
          [
            0.10458555817604065,
            0.9902732372283936,
            -0.09176478534936905,
            0.0
          ],
          [
            0.04972059652209282,
            0.08694899827241898,
            0.9949712157249451,
            0.0
          ],
          [
            0.0,
            0.0,
            0.0,
            1.0
          ]
        ],
        "rotation_mode": "QUATERNION"
      },
      "armature_space": {
        "head": {
          "x": 0.0016812344547361135,
          "y": 0.00037022680044174194,
          "z": 0.0022991569712758064
        },
        "tail": {
          "x": -0.03244849666953087,
          "y": -0.0041577862575650215,
          "z": 0.4890877902507782
        }
      },
      "world_space": {
        "head": {
          "x": 0.0016812344547361135,
          "y": 0.06361422687768936,
          "z": 0.9521531462669373
        },
        "tail": {
          "x": -0.03244849666953087,
          "y": 0.05908621475100517,
          "z": 1.4389418363571167
        },
        "rotation_quaternion": {
          "w": 0.7030417919158936,
          "x": 0.7101917862892151,
          "y": -0.0330551341176033,
          "z": 0.016348110511898994
        },
        "matrix": [
          [
            0.9972801208496094,
            -0.0699377954006195,
            -0.023258190602064133,
            0.0016812344547361135
          ],
          [
            -0.02396462671458721,
            -0.009278692305088043,
            -0.9996697306632996,
            0.06361422687768936
          ],
          [
            0.06969936192035675,
            0.9975152015686035,
            -0.010930478572845459,
            0.9521531462669373
          ],
          [
            0.0,
            0.0,
            0.0,
            1.0
          ]
        ]
      },
      "bone_length_armature_space": 0.4880046201058329,
      "parent": "Root",
      "has_children": true,
      "is_end_bone": false
    },
    "neck_01": {
      "name": "neck_01",
      "local": {
        "location": {
          "x": 0.0,
          "y": 0.0,
          "z": 0.0
        },
        "rotation_quaternion": {
          "w": 0.9888715744018555,
          "x": -0.13942109048366547,
          "y": -0.023486562073230743,
          "z": -0.04629369452595711
        },
        "scale": {
          "x": 1.0,
          "y": 1.0,
          "z": 1.0
        },
        "matrix_basis": [
          [
            0.9946105480194092,
            0.09810607880353928,
            -0.03354175388813019,
            0.0
          ],
          [
            -0.08500799536705017,
            0.9568372964859009,
            0.2779136598110199,
            0.0
          ],
          [
            0.05935902148485184,
            -0.27356454730033875,
            0.9600203037261963,
            0.0
          ],
          [
            0.0,
            0.0,
            0.0,
            1.0
          ]
        ],
        "rotation_mode": "QUATERNION"
      },
      "armature_space": {
        "head": {
          "x": -0.03837583586573601,
          "y": -0.03950614482164383,
          "z": 0.561745285987854
        },
        "tail": {
          "x": -0.03565119579434395,
          "y": -0.05202498286962509,
          "z": 0.6634636521339417
        }
      },
      "world_space": {
        "head": {
          "x": -0.03837583586573601,
          "y": 0.02373785525560379,
          "z": 1.5115993022918701
        },
        "tail": {
          "x": -0.03565119579434395,
          "y": 0.011219017207622528,
          "z": 1.6133177280426025
        },
        "rotation_quaternion": {
          "w": 0.662493884563446,
          "x": 0.7485198974609375,
          "y": -0.006854133680462837,
          "z": -0.027801955118775368
        },
        "matrix": [
          [
            0.9983601570129395,
            0.026576321572065353,
            -0.050702065229415894,
            -0.03837583586573601
          ],
          [
            -0.04709796607494354,
            -0.12210959196090698,
            -0.9913986325263977,
            0.02373785525560379
          ],
          [
            -0.032539211213588715,
            0.9921675324440002,
            -0.1206594705581665,
            1.5115993022918701
          ],
          [
            0.0,
            0.0,
            0.0,
            1.0
          ]
        ]
      },
      "bone_length_armature_space": 0.1025220507946726,
      "parent": "spine_01",
      "has_children": true,
      "is_end_bone": false
    },
    "head": {
      "name": "head",
      "local": {
        "location": {
          "x": 0.0,
          "y": 0.0,
          "z": 0.0
        },
        "rotation_quaternion": {
          "w": 0.9927642345428467,
          "x": 0.06132012605667114,
          "y": 0.10300653427839279,
          "z": -0.006976557429879904
        },
        "scale": {
          "x": 1.0,
          "y": 1.0,
          "z": 1.0
        },
        "matrix_basis": [
          [
            0.9786819815635681,
            0.02648490108549595,
            0.2036668062210083,
            0.0
          ],
          [
            -0.0012194060254842043,
            0.9923823475837708,
            -0.12319011986255646,
            0.0
          ],
          [
            -0.20537801086902618,
            0.12031559646129608,
            0.9712589979171753,
            0.0
          ],
          [
            0.0,
            0.0,
            0.0,
            1.0
          ]
        ],
        "rotation_mode": "QUATERNION"
      },
      "armature_space": {
        "head": {
          "x": -0.035651206970214844,
          "y": -0.05202512815594673,
          "z": 0.6634635329246521
        },
        "tail": {
          "x": -0.02577190287411213,
          "y": -0.03265772759914398,
          "z": 0.8170233368873596
        }
      },
      "world_space": {
        "head": {
          "x": -0.035651206970214844,
          "y": 0.011218871921300888,
          "z": 1.6133174896240234
        },
        "tail": {
          "x": -0.02577190287411213,
          "y": 0.030586272478103638,
          "z": 1.7668774127960205
        },
        "rotation_quaternion": {
          "w": 0.7455982565879822,
          "x": 0.6608541011810303,
          "y": 0.08075952529907227,
          "z": 0.028862817212939262
        },
        "matrix": [
          [
            0.9852898120880127,
            0.063700370490551,
            0.1585761308670044,
            -0.035651206970214844
          ],
          [
            0.14978019893169403,
            0.12487829476594925,
            -0.980801522731781,
            0.011218871921300888
          ],
          [
            -0.08228054642677307,
            0.990132212638855,
            0.11350004374980927,
            1.6133174896240234
          ],
          [
            0.0,
            0.0,
            0.0,
            1.0
          ]
        ]
      },
      "bone_length_armature_space": 0.15509129393604676,
      "parent": "neck_01",
      "has_children": false,
      "is_end_bone": true
    },
    "upperarm_l": {
      "name": "upperarm_l",
      "local": {
        "location": {
          "x": 0.0,
          "y": 0.0,
          "z": 0.0
        },
        "rotation_quaternion": {
          "w": 0.9331778883934021,
          "x": 0.30243659019470215,
          "y": -0.18636566400527954,
          "z": 0.05457928031682968
        },
        "scale": {
          "x": 1.0,
          "y": 1.0,
          "z": 1.0
        },
        "matrix_basis": [
          [
            0.9245778918266296,
            -0.21459195017814636,
            -0.3148110806941986,
            0.0
          ],
          [
            -0.010863237082958221,
            0.8111064434051514,
            -0.5847976803779602,
            0.0
          ],
          [
            0.38083818554878235,
            0.544110894203186,
            0.7475998997688293,
            0.0
          ],
          [
            0.0,
            0.0,
            0.0,
            1.0
          ]
        ],
        "rotation_mode": "QUATERNION"
      },
      "armature_space": {
        "head": {
          "x": 0.11584237962961197,
          "y": -0.04566531628370285,
          "z": 0.505124568939209
        },
        "tail": {
          "x": 0.33265453577041626,
          "y": -0.18996325135231018,
          "z": 0.5681979656219482
        }
      },
      "world_space": {
        "head": {
          "x": 0.11584237962961197,
          "y": 0.01757868379354477,
          "z": 1.454978585243225
        },
        "tail": {
          "x": 0.33265453577041626,
          "y": -0.12671925127506256,
          "z": 1.5180519819259644
        },
        "rotation_quaternion": {
          "w": 0.43664610385894775,
          "x": 0.5737394094467163,
          "y": 0.20023973286151886,
          "z": -0.6633757948875427
        },
        "matrix": [
          [
            0.03967433050274849,
            0.8090928196907043,
            -0.5863400101661682,
            0.11584237962961197
          ],
          [
            -0.3495503067970276,
            -0.5384865403175354,
            -0.7667118310928345,
            0.01757868379354477
          ],
          [
            -0.9360841512680054,
            0.23537522554397583,
            0.2614557147026062,
            1.454978585243225
          ],
          [
            0.0,
            0.0,
            0.0,
            1.0
          ]
        ]
      },
      "bone_length_armature_space": 0.26796951523218354,
      "parent": "spine_01",
      "has_children": true,
      "is_end_bone": false
    },
    "lowerarm_l": {
      "name": "lowerarm_l",
      "local": {
        "location": {
          "x": 0.0,
          "y": 0.0,
          "z": 0.0
        },
        "rotation_quaternion": {
          "w": 0.9600419998168945,
          "x": 0.2609042227268219,
          "y": -0.06789983063936234,
          "z": -0.0750870555639267
        },
        "scale": {
          "x": 1.0,
          "y": 1.0,
          "z": 1.0
        },
        "matrix_basis": [
          [
            0.9795030951499939,
            0.10874275118112564,
            -0.1695544421672821,
            0.0
          ],
          [
            -0.1796041578054428,
            0.8525818586349487,
            -0.4907612204551697,
            0.0
          ],
          [
            0.0911923199892044,
            0.51115483045578,
            0.8546372056007385,
            0.0
          ],
          [
            0.0,
            0.0,
            0.0,
            1.0
          ]
        ],
        "rotation_mode": "QUATERNION"
      },
      "armature_space": {
        "head": {
          "x": 0.33265456557273865,
          "y": -0.18996328115463257,
          "z": 0.5681980848312378
        },
        "tail": {
          "x": 0.4060572385787964,
          "y": -0.4276620149612427,
          "z": 0.6665891408920288
        }
      },
      "world_space": {
        "head": {
          "x": 0.33265456557273865,
          "y": -0.12671928107738495,
          "z": 1.518052101135254
        },
        "tail": {
          "x": 0.4060572385787964,
          "y": -0.36441802978515625,
          "z": 1.616443157196045
        },
        "rotation_quaternion": {
          "w": 0.2272738367319107,
          "x": 0.5923485159873962,
          "y": -0.06395526975393295,
          "z": -0.7703113555908203
        },
        "matrix": [
          [
            -0.19493955373764038,
            0.2743774354457855,
            -0.9416556358337402,
            0.33265456557273865
          ],
          [
            -0.42591163516044617,
            -0.8885120153427124,
            -0.17072147130966187,
            -0.12671928107738495
          ],
          [
            -0.8835211396217346,
            0.36778348684310913,
            0.29006868600845337,
            1.518052101135254
          ],
          [
            0.0,
            0.0,
            0.0,
            1.0
          ]
        ]
      },
      "bone_length_armature_space": 0.2675246547262108,
      "parent": "upperarm_l",
      "has_children": true,
      "is_end_bone": false
    },
    "metacarpal_thumb_l": {
      "name": "metacarpal_thumb_l",
      "local": {
        "location": {
          "x": 0.0,
          "y": 0.0,
          "z": 0.0
        },
        "rotation_quaternion": {
          "w": 0.9995995759963989,
          "x": -0.024761607870459557,
          "y": 0.012284214608371258,
          "z": 0.006049599498510361
        },
        "scale": {
          "x": 1.0,
          "y": 1.0,
          "z": 1.0
        },
        "matrix_basis": [
          [
            0.999625027179718,
            -0.012702708132565022,
            0.024258995428681374,
            0.0
          ],
          [
            0.011486000381410122,
            0.9987005591392517,
            0.049652013927698135,
            0.0
          ],
          [
            -0.02485818788409233,
            -0.049354758113622665,
            0.9984719157218933,
            0.0
          ],
          [
            0.0,
            0.0,
            0.0,
            1.0
          ]
        ],
        "rotation_mode": "QUATERNION"
      },
      "armature_space": {
        "head": {
          "x": 0.4060572385787964,
          "y": -0.4276620149612427,
          "z": 0.6665891408920288
        },
        "tail": {
          "x": 0.38750654458999634,
          "y": -0.47025859355926514,
          "z": 0.6837644577026367
        }
      },
      "world_space": {
        "head": {
          "x": 0.4060572385787964,
          "y": -0.36441802978515625,
          "z": 1.616443157196045
        },
        "tail": {
          "x": 0.38750654458999634,
          "y": -0.4070146083831787,
          "z": 1.6336184740066528
        },
        "rotation_quaternion": {
          "w": 0.16670149564743042,
          "x": 0.962290346622467,
          "y": -0.20551081001758575,
          "z": -0.06303375214338303
        },
        "matrix": [
          [
            0.907584011554718,
            -0.37450650334358215,
            -0.1898316740989685,
            0.4060572385787964
          ],
          [
            -0.4165378212928772,
            -0.8599517345428467,
            -0.2949223816394806,
            -0.36441802978515625
          ],
          [
            -0.052796583622694016,
            0.34674057364463806,
            -0.9364814758300781,
            1.616443157196045
          ],
          [
            0.0,
            0.0,
            0.0,
            1.0
          ]
        ]
      },
      "bone_length_armature_space": 0.04953370870954381,
      "parent": "lowerarm_l",
      "has_children": true,
      "is_end_bone": false
    },
    "thumb_01_l": {
      "name": "thumb_01_l",
      "local": {
        "location": {
          "x": 0.0,
          "y": 0.0,
          "z": 0.0
        },
        "rotation_quaternion": {
          "w": 0.9817712306976318,
          "x": 0.1893700659275055,
          "y": 0.011865807697176933,
          "z": 0.011114760302007198
        },
        "scale": {
          "x": 1.0,
          "y": 1.0,
          "z": 1.0
        },
        "matrix_basis": [
          [
            0.9994713068008423,
            -0.017330246046185493,
            0.027508623898029327,
            0.0
          ],
          [
            0.02631836198270321,
            0.9280309081077576,
            -0.3715724050998688,
            0.0
          ],
          [
            -0.019089411944150925,
            0.37209993600845337,
            0.9279963374137878,
            0.0
          ],
          [
            0.0,
            0.0,
            0.0,
            1.0
          ]
        ],
        "rotation_mode": "QUATERNION"
      },
      "armature_space": {
        "head": {
          "x": 0.38750654458999634,
          "y": -0.47025859355926514,
          "z": 0.6837644577026367
        },
        "tail": {
          "x": 0.3826768696308136,
          "y": -0.49971750378608704,
          "z": 0.6674097776412964
        }
      },
      "world_space": {
        "head": {
          "x": 0.38750654458999634,
          "y": -0.4070146083831787,
          "z": 1.6336184740066528
        },
        "tail": {
          "x": 0.3826768696308136,
          "y": -0.4364734888076782,
          "z": 1.6172637939453125
        },
        "rotation_quaternion": {
          "w": 0.10624702274799347,
          "x": -0.6289481520652771,
          "y": 0.23660854995250702,
          "z": -0.7329067587852478
        },
        "matrix": [
          [
            -0.18627262115478516,
            -0.14188796281814575,
            0.9721986651420593,
            0.38750654458999634
          ],
          [
            -0.4533667266368866,
            -0.8654568195343018,
            -0.21317419409751892,
            -0.4070146083831787
          ],
          [
            0.871648371219635,
            -0.48047536611557007,
            0.09688406437635422,
            1.6336184740066528
          ],
          [
            0.0,
            0.0,
            0.0,
            1.0
          ]
        ]
      },
      "bone_length_armature_space": 0.0340386354025572,
      "parent": "metacarpal_thumb_l",
      "has_children": true,
      "is_end_bone": false
    },
    "thumb_02_l": {
      "name": "thumb_02_l",
      "local": {
        "location": {
          "x": 0.0,
          "y": 0.0,
          "z": 0.0
        },
        "rotation_quaternion": {
          "w": 0.9344877004623413,
          "x": 0.3557431399822235,
          "y": -0.01119168009608984,
          "z": -0.0073713744059205055
        },
        "scale": {
          "x": 1.0,
          "y": 1.0,
          "z": 1.0
        },
        "matrix_basis": [
          [
            0.9996408224105835,
            0.005814190488308668,
            -0.02616160735487938,
            0.0
          ],
          [
            -0.021739644929766655,
            0.7467849850654602,
            -0.6647101640701294,
            0.0
          ],
          [
            0.015672342851758003,
            0.6650401949882507,
            0.7466431260108948,
            0.0
          ],
          [
            0.0,
            0.0,
            0.0,
            1.0
          ]
        ],
        "rotation_mode": "QUATERNION"
      },
      "armature_space": {
        "head": {
          "x": 0.3826768398284912,
          "y": -0.49971747398376465,
          "z": 0.6674097180366516
        },
        "tail": {
          "x": 0.4072546064853668,
          "y": -0.5105282664299011,
          "z": 0.6972802877426147
        }
      },
      "world_space": {
        "head": {
          "x": 0.3826768398284912,
          "y": -0.4364734888076782,
          "z": 1.6172637939453125
        },
        "tail": {
          "x": 0.4072546064853668,
          "y": -0.4472842812538147,
          "z": 1.6471343040466309
        },
        "rotation_quaternion": {
          "w": 0.2248973250389099,
          "x": -0.24095645546913147,
          "y": -0.5611057281494141,
          "z": -0.7592902183532715
        },
        "matrix": [
          [
            -0.7827223539352417,
            0.6119291186332703,
            0.11352755129337311,
            0.3826768398284912
          ],
          [
            -0.07112303376197815,
            -0.2691631019115448,
            0.9604648351669312,
            -0.4364734888076782
          ],
          [
            0.6182980537414551,
            0.7437077760696411,
            0.25420504808425903,
            1.6172637939453125
          ],
          [
            0.0,
            0.0,
            0.0,
            1.0
          ]
        ]
      },
      "bone_length_armature_space": 0.04016454580336007,
      "parent": "thumb_01_l",
      "has_children": true,
      "is_end_bone": false
    },
    "thumb_03_l": {
      "name": "thumb_03_l",
      "local": {
        "location": {
          "x": 0.0,
          "y": 0.0,
          "z": 0.0
        },
        "rotation_quaternion": {
          "w": 0.9804587364196777,
          "x": 0.19671016931533813,
          "y": -0.001506405882537365,
          "z": 0.0018754422198981047
        },
        "scale": {
          "x": 1.0,
          "y": 1.0,
          "z": 1.0
        },
        "matrix_basis": [
          [
            0.9999884366989136,
            -0.00427023833617568,
            -0.00221610045991838,
            0.0
          ],
          [
            0.0030849366448819637,
            0.922603189945221,
            -0.3857380449771881,
            0.0
          ],
          [
            0.003691774792969227,
            0.3857267498970032,
            0.9226056933403015,
            0.0
          ],
          [
            0.0,
            0.0,
            0.0,
            1.0
          ]
        ],
        "rotation_mode": "QUATERNION"
      },
      "armature_space": {
        "head": {
          "x": 0.40725454688072205,
          "y": -0.5105283260345459,
          "z": 0.6972802877426147
        },
        "tail": {
          "x": 0.4243277609348297,
          "y": -0.499558687210083,
          "z": 0.719975471496582
        }
      },
      "world_space": {
        "head": {
          "x": 0.40725454688072205,
          "y": -0.4472843408584595,
          "z": 1.6471343040466309
        },
        "tail": {
          "x": 0.4243277609348297,
          "y": -0.4363147020339966,
          "z": 1.6698294878005981
        },
        "rotation_quaternion": {
          "w": 0.4481451213359833,
          "x": -0.03983190655708313,
          "y": -0.6923302412033081,
          "z": -0.5641437768936157
        },
        "matrix": [
          [
            -0.5951558351516724,
            0.560790479183197,
            -0.5755897760391235,
            0.40725454688072205
          ],
          [
            -0.4504861533641815,
            0.3603111505508423,
            0.8168465495109558,
            -0.4472843408584595
          ],
          [
            0.6654752492904663,
            0.745451807975769,
            0.03818821907043457,
            1.6471343040466309
          ],
          [
            0.0,
            0.0,
            0.0,
            1.0
          ]
        ]
      },
      "bone_length_armature_space": 0.030445016187625577,
      "parent": "thumb_02_l",
      "has_children": false,
      "is_end_bone": true
    },
    "metacarpal_index_l": {
      "name": "metacarpal_index_l",
      "local": {
        "location": {
          "x": 0.0,
          "y": 0.0,
          "z": 0.0
        },
        "rotation_quaternion": {
          "w": 0.9997392892837524,
          "x": 0.010088810697197914,
          "y": -0.01784607581794262,
          "z": 0.010061648674309254
        },
        "scale": {
          "x": 1.0,
          "y": 1.0,
          "z": 1.0
        },
        "matrix_basis": [
          [
            0.9991605877876282,
            -0.0204781424254179,
            -0.0354798249900341,
            0.0
          ],
          [
            0.019757959991693497,
            0.99959397315979,
            -0.020531482994556427,
            0.0
          ],
          [
            0.03588586673140526,
            0.019813239574432373,
            0.9991594552993774,
            0.0
          ],
          [
            0.0,
            0.0,
            0.0,
            1.0
          ]
        ],
        "rotation_mode": "QUATERNION"
      },
      "armature_space": {
        "head": {
          "x": 0.4060572385787964,
          "y": -0.4276620149612427,
          "z": 0.6665891408920288
        },
        "tail": {
          "x": 0.3984779119491577,
          "y": -0.5350688695907593,
          "z": 0.7128012776374817
        }
      },
      "world_space": {
        "head": {
          "x": 0.4060572385787964,
          "y": -0.36441802978515625,
          "z": 1.616443157196045
        },
        "tail": {
          "x": 0.3984779119491577,
          "y": -0.47182488441467285,
          "z": 1.6626553535461426
        },
        "rotation_quaternion": {
          "w": 0.17036761343479156,
          "x": 0.8935335874557495,
          "y": -0.11244580149650574,
          "z": -0.3999107778072357
        },
        "matrix": [
          [
            0.6548547148704529,
            -0.06468552350997925,
            -0.7529813051223755,
            0.4060572385787964
          ],
          [
            -0.33721211552619934,
            -0.91666179895401,
            -0.2145211398601532,
            -0.36441802978515625
          ],
          [
            -0.6763580441474915,
            0.3943965435028076,
            -0.6220974922180176,
            1.616443157196045
          ],
          [
            0.0,
            0.0,
            0.0,
            1.0
          ]
        ]
      },
      "bone_length_armature_space": 0.1171718393387965,
      "parent": "lowerarm_l",
      "has_children": true,
      "is_end_bone": false
    },
    "index_01_l": {
      "name": "index_01_l",
      "local": {
        "location": {
          "x": 0.0,
          "y": 0.0,
          "z": 0.0
        },
        "rotation_quaternion": {
          "w": 0.9697001576423645,
          "x": 0.24396388232707977,
          "y": -0.006260658148676157,
          "z": 0.01114601269364357
        },
        "scale": {
          "x": 1.0,
          "y": 1.0,
          "z": 1.0
        },
        "matrix_basis": [
          [
            0.9996731281280518,
            -0.02467132918536663,
            -0.006703473161906004,
            0.0
          ],
          [
            0.0185618307441473,
            0.8807147741317749,
            -0.47328320145606995,
            0.0
          ],
          [
            0.017580371350049973,
            0.4730040729045868,
            0.8808848857879639,
            0.0
          ],
          [
            0.0,
            0.0,
            0.0,
            1.0
          ]
        ],
        "rotation_mode": "QUATERNION"
      },
      "armature_space": {
        "head": {
          "x": 0.3984779119491577,
          "y": -0.5350688695907593,
          "z": 0.7128012776374817
        },
        "tail": {
          "x": 0.3950158655643463,
          "y": -0.5632863640785217,
          "z": 0.7105977535247803
        }
      },
      "world_space": {
        "head": {
          "x": 0.3984779119491577,
          "y": -0.47182488441467285,
          "z": 1.6626553535461426
        },
        "tail": {
          "x": 0.3950158655643463,
          "y": -0.5000423789024353,
          "z": 1.6604517698287964
        },
        "rotation_quaternion": {
          "w": 0.060965970158576965,
          "x": -0.902489960193634,
          "y": 0.03858165070414543,
          "z": 0.42462509870529175
        },
        "matrix": [
          [
            0.6364099979400635,
            -0.12141433358192444,
            -0.7617353200912476,
            0.3984779119491577
          ],
          [
            -0.01786397397518158,
            -0.9895894527435303,
            0.14280730485916138,
            -0.47182488441467285
          ],
          [
            -0.7711496353149414,
            -0.0772777795791626,
            -0.6319577097892761,
            1.6626553535461426
          ],
          [
            0.0,
            0.0,
            0.0,
            1.0
          ]
        ]
      },
      "bone_length_armature_space": 0.02851435254193559,
      "parent": "metacarpal_index_l",
      "has_children": true,
      "is_end_bone": false
    },
    "index_02_l": {
      "name": "index_02_l",
      "local": {
        "location": {
          "x": 0.0,
          "y": 0.0,
          "z": 0.0
        },
        "rotation_quaternion": {
          "w": 0.921689510345459,
          "x": 0.387863427400589,
          "y": 0.005189166869968176,
          "z": 0.004839485511183739
        },
        "scale": {
          "x": 1.0,
          "y": 1.0,
          "z": 1.0
        },
        "matrix_basis": [
          [
            0.9998993277549744,
            -0.0048956298269331455,
            0.013319720514118671,
            0.0
          ],
          [
            0.01294638216495514,
            0.6990770697593689,
            -0.7149291038513184,
            0.0
          ],
          [
            -0.005811482667922974,
            0.7150295376777649,
            0.6990700960159302,
            0.0
          ],
          [
            0.0,
            0.0,
            0.0,
            1.0
          ]
        ],
        "rotation_mode": "QUATERNION"
      },
      "armature_space": {
        "head": {
          "x": 0.3950154185295105,
          "y": -0.5632867217063904,
          "z": 0.7105977535247803
        },
        "tail": {
          "x": 0.37882140278816223,
          "y": -0.5791448950767517,
          "z": 0.6985825896263123
        }
      },
      "world_space": {
        "head": {
          "x": 0.3950154185295105,
          "y": -0.500042736530304,
          "z": 1.6604517698287964
        },
        "tail": {
          "x": 0.37882140278816223,
          "y": -0.5159009099006653,
          "z": 1.6484365463256836
        },
        "rotation_quaternion": {
          "w": 0.3911193013191223,
          "x": -0.8017889857292175,
          "y": 0.19478020071983337,
          "z": 0.4077017605304718
        },
        "matrix": [
          [
            0.5916805863380432,
            -0.6312649846076965,
            -0.5014165043830872,
            0.3950154185295105
          ],
          [
            0.006572925020009279,
            -0.6181737184524536,
            0.7860140800476074,
            -0.500042736530304
          ],
          [
            -0.8061515688896179,
            -0.468368798494339,
            -0.3616139590740204,
            1.6604517698287964
          ],
          [
            0.0,
            0.0,
            0.0,
            1.0
          ]
        ]
      },
      "bone_length_armature_space": 0.025653303346392688,
      "parent": "index_01_l",
      "has_children": true,
      "is_end_bone": false
    },
    "index_03_l": {
      "name": "index_03_l",
      "local": {
        "location": {
          "x": 0.0,
          "y": 0.0,
          "z": 0.0
        },
        "rotation_quaternion": {
          "w": 0.9663103818893433,
          "x": 0.25715991854667664,
          "y": -0.010354992002248764,
          "z": 0.002421147655695677
        },
        "scale": {
          "x": 1.0,
          "y": 1.0,
          "z": 1.0
        },
        "matrix_basis": [
          [
            0.9997738003730774,
            -0.010004937648773193,
            -0.01876702904701233,
            0.0
          ],
          [
            -0.0006466175545938313,
            0.8677258491516113,
            -0.4970427453517914,
            0.0
          ],
          [
            0.021257515996694565,
            0.4969424605369568,
            0.8675230741500854,
            0.0
          ],
          [
            0.0,
            0.0,
            0.0,
            1.0
          ]
        ],
        "rotation_mode": "QUATERNION"
      },
      "armature_space": {
        "head": {
          "x": 0.378821462392807,
          "y": -0.5791450142860413,
          "z": 0.698582649230957
        },
        "tail": {
          "x": 0.3571973741054535,
          "y": -0.5807331204414368,
          "z": 0.6789966225624084
        }
      },
      "world_space": {
        "head": {
          "x": 0.378821462392807,
          "y": -0.5159010291099548,
          "z": 1.6484366655349731
        },
        "tail": {
          "x": 0.3571973741054535,
          "y": -0.5174891352653503,
          "z": 1.6288506984710693
        },
        "rotation_quaternion": {
          "w": 0.6310396790504456,
          "x": -0.6610857844352722,
          "y": 0.2731556296348572,
          "z": 0.30023428797721863
        },
        "matrix": [
          [
            0.6704909801483154,
            -0.740077793598175,
            -0.05221608281135559,
            0.378821462392807
          ],
          [
            0.017757294699549675,
            -0.05435192584991455,
            0.9983639717102051,
            -0.5159010291099548
          ],
          [
            -0.7417104244232178,
            -0.6703259944915771,
            -0.023299992084503174,
            1.6484366655349731
          ],
          [
            0.0,
            0.0,
            0.0,
            1.0
          ]
        ]
      },
      "bone_length_armature_space": 0.029218756340799495,
      "parent": "index_02_l",
      "has_children": false,
      "is_end_bone": true
    },
    "metacarpal_pinky_l": {
      "name": "metacarpal_pinky_l",
      "local": {
        "location": {
          "x": 0.0,
          "y": 0.0,
          "z": 0.0
        },
        "rotation_quaternion": {
          "w": 0.9995943307876587,
          "x": -0.021608851850032806,
          "y": -0.015613268129527569,
          "z": 0.01002078503370285
        },
        "scale": {
          "x": 1.0,
          "y": 1.0,
          "z": 1.0
        },
        "matrix_basis": [
          [
            0.999311625957489,
            -0.019358670338988304,
            -0.03164694458246231,
            0.0
          ],
          [
            0.02070820890367031,
            0.9988653063774109,
            0.04288725554943085,
            0.0
          ],
          [
            0.030780794098973274,
            -0.043513085693120956,
            0.9985785484313965,
            0.0
          ],
          [
            0.0,
            0.0,
            0.0,
            1.0
          ]
        ],
        "rotation_mode": "QUATERNION"
      },
      "armature_space": {
        "head": {
          "x": 0.4060572385787964,
          "y": -0.4276620149612427,
          "z": 0.6665891408920288
        },
        "tail": {
          "x": 0.46469753980636597,
          "y": -0.5108025074005127,
          "z": 0.6887745261192322
        }
      },
      "world_space": {
        "head": {
          "x": 0.4060572385787964,
          "y": -0.36441802978515625,
          "z": 1.616443157196045
        },
        "tail": {
          "x": 0.46469753980636597,
          "y": -0.44755852222442627,
          "z": 1.6386284828186035
        },
        "rotation_quaternion": {
          "w": 0.2904624938964844,
          "x": -0.05098114162683487,
          "y": -0.128138467669487,
          "z": -0.9468966126441956
        },
        "matrix": [
          [
            -0.8260648846626282,
            0.5631409287452698,
            0.022108376026153564,
            0.4060572385787964
          ],
          [
            -0.5370107293128967,
            -0.7984240055084229,
            0.2722843587398529,
            -0.36441802978515625
          ],
          [
            0.17098721861839294,
            0.2130528688430786,
            0.9619698524475098,
            1.616443157196045
          ],
          [
            0.0,
            0.0,
            0.0,
            1.0
          ]
        ]
      },
      "bone_length_armature_space": 0.10413077109725832,
      "parent": "lowerarm_l",
      "has_children": true,
      "is_end_bone": false
    },
    "pinky_01_l": {
      "name": "pinky_01_l",
      "local": {
        "location": {
          "x": 0.0,
          "y": 0.0,
          "z": 0.0
        },
        "rotation_quaternion": {
          "w": 0.9552709460258484,
          "x": 0.2953343093395233,
          "y": -0.015089957043528557,
          "z": -0.0027008624747395515
        },
        "scale": {
          "x": 1.0,
          "y": 1.0,
          "z": 1.0
        },
        "matrix_basis": [
          [
            0.999530017375946,
            -0.003753053257241845,
            -0.030425310134887695,
            0.0
          ],
          [
            -0.014073275029659271,
            0.8255407214164734,
            -0.5641670823097229,
            0.0
          ],
          [
            0.027234680950641632,
            0.5643301010131836,
            0.8250998854637146,
            0.0
          ],
          [
            0.0,
            0.0,
            0.0,
            1.0
          ]
        ],
        "rotation_mode": "QUATERNION"
      },
      "armature_space": {
        "head": {
          "x": 0.46469753980636597,
          "y": -0.5108025074005127,
          "z": 0.6887745261192322
        },
        "tail": {
