{
  "metadata": {
    "armature_name": "KIM_caucasian_male",
    "export_time": "2026-01-13T20:24:57.890483",
    "blender_version": "4.4.1",
    "bone_count": 56,
    "end_bone_count": 13,
    "spaces_included": [
      "LOCAL_CHANNELS",
      "ARMATURE_SPACE",
      "WORLD_SPACE"
    ],
    "note": "LOCAL matches Transform panel; replay pose via local.matrix_basis for best fidelity."
  },
  "bones": {
    "Root": {
      "name": "Root",
      "local": {
        "location": {
          "x": 0.0,
          "y": 0.0,
          "z": 0.0
        },
        "rotation_quaternion": {
          "w": 0.9996819496154785,
          "x": -0.013842563144862652,
          "y": 0.01047583855688572,
          "z": -0.018295347690582275
        },
        "scale": {
          "x": 1.0,
          "y": 1.0,
          "z": 1.0
        },
        "matrix_basis": [
          [
            0.9991110563278198,
            0.036289032548666,
            0.021451521664857864,
            0.0
          ],
          [
            -0.03686908259987831,
            0.9989473223686218,
            0.027293002232909203,
            0.0
          ],
          [
            -0.020438505336642265,
            -0.028059639036655426,
            0.9993972778320312,
            0.0
          ],
          [
            0.0,
            0.0,
            0.0,
            1.0
          ]
        ],
        "rotation_mode": "QUATERNION"
      },
      "armature_space": {
        "head": {
          "x": 0.0,
          "y": 0.07072800397872925,
          "z": -0.009595036506652832
        },
        "tail": {
          "x": 0.00259016128256917,
          "y": 0.00034368783235549927,
          "z": 0.0019745156168937683
        }
      },
      "world_space": {
        "head": {
          "x": 0.0,
          "y": 0.13397200405597687,
          "z": 0.9402589797973633
        },
        "tail": {
          "x": 0.00259016128256917,
          "y": 0.06358768790960312,
          "z": 0.9518285393714905
        },
        "rotation_quaternion": {
          "w": 0.08115734159946442,
          "x": 0.9964783191680908,
          "y": 0.018959520384669304,
          "z": 0.009219519793987274
        },
        "matrix": [
          [
            0.9991110563278198,
            0.036289032548666,
            0.021451521664857864,
            0.0
          ],
          [
            0.039281971752643585,
            -0.9861080050468445,
            -0.161393940448761,
            0.13397200405597687
          ],
          [
            0.015296833589673042,
            0.16209332644939423,
            -0.9866639971733093,
            0.9402589797973633
          ],
          [
            0.0,
            0.0,
            0.0,
            1.0
          ]
        ]
      },
      "bone_length_armature_space": 0.07137587489273119,
      "parent": null,
      "has_children": true,
      "is_end_bone": false
    },
    "spine_01": {
      "name": "spine_01",
      "local": {
        "location": {
          "x": 0.0,
          "y": 0.0,
          "z": 0.0
        },
        "rotation_quaternion": {
          "w": 0.997157096862793,
          "x": -0.026543419808149338,
          "y": -0.05830565467476845,
          "z": -0.03967038914561272
        },
        "scale": {
          "x": 1.0,
          "y": 1.0,
          "z": 1.0
        },
        "matrix_basis": [
          [
            0.9900534152984619,
            0.0822104811668396,
            -0.11417382210493088,
            0.0
          ],
          [
            -0.07601995766162872,
            0.9954434037208557,
            0.05756193399429321,
            0.0
          ],
          [
            0.11838576942682266,
            -0.04830990359187126,
            0.9917917847633362,
            0.0
          ],
          [
            0.0,
            0.0,
            0.0,
            1.0
          ]
        ],
        "rotation_mode": "QUATERNION"
      },
      "armature_space": {
        "head": {
          "x": 0.00259016128256917,
          "y": 0.00034368783235549927,
          "z": 0.0019745156168937683
        },
        "tail": {
          "x": 0.03294709697365761,
          "y": 0.06136994808912277,
          "z": 0.4851957857608795
        }
      },
      "world_space": {
        "head": {
          "x": 0.00259016128256917,
          "y": 0.06358768790960312,
          "z": 0.9518285393714905
        },
        "tail": {
          "x": 0.03294709697365761,
          "y": 0.12461394816637039,
          "z": 1.4350497722625732
        },
        "rotation_quaternion": {
          "w": 0.7499692440032959,
          "x": 0.6596022248268127,
          "y": -0.00852716900408268,
          "z": -0.04897250235080719
        },
        "matrix": [
          [
            0.9950578808784485,
            0.06220667436718941,
            -0.07739536464214325,
            0.00259016128256917
          ],
          [
            -0.08470523357391357,
            0.1250534951686859,
            -0.9885275959968567,
            0.06358768790960312
          ],
          [
            -0.05181489884853363,
            0.9902049899101257,
            0.12970469892024994,
            0.9518285393714905
          ],
          [
            0.0,
            0.0,
            0.0,
            1.0
          ]
        ]
      },
      "bone_length_armature_space": 0.4880046498542274,
      "parent": "Root",
      "has_children": true,
      "is_end_bone": false
    },
    "neck_01": {
      "name": "neck_01",
      "local": {
        "location": {
          "x": 0.0,
          "y": 0.0,
          "z": 0.0
        },
        "rotation_quaternion": {
          "w": 0.998013973236084,
          "x": -0.04678064584732056,
          "y": 0.041960157454013824,
          "z": -0.004357790574431419
        },
        "scale": {
          "x": 1.0,
          "y": 1.0,
          "z": 1.0
        },
        "matrix_basis": [
          [
            0.9964407086372375,
            0.004772425163537264,
            0.08416137099266052,
            0.0
          ],
          [
            -0.012624118477106094,
            0.9955851435661316,
            0.09300976991653442,
            0.0
          ],
          [
            -0.083345927298069,
            -0.09374118596315384,
            0.9921018481254578,
            0.0
          ],
          [
            0.0,
            0.0,
            0.0,
            1.0
          ]
        ],
        "rotation_mode": "QUATERNION"
      },
      "armature_space": {
        "head": {
          "x": 0.034817665815353394,
          "y": 0.03624360263347626,
          "z": 0.5621952414512634
        },
        "tail": {
          "x": 0.0391085147857666,
          "y": 0.018920380622148514,
          "z": 0.6631519794464111
        }
      },
      "world_space": {
        "head": {
          "x": 0.034817665815353394,
          "y": 0.09948760271072388,
          "z": 1.5120491981506348
        },
        "tail": {
          "x": 0.0391085147857666,
          "y": 0.08216437697410583,
          "z": 1.6130059957504272
        },
        "rotation_quaternion": {
          "w": 0.6444759964942932,
          "x": 0.7643222808837891,
          "y": 0.012827967293560505,
          "z": -0.017257291823625565
        },
        "matrix": [
          [
            0.9990752339363098,
            0.04185321927070618,
            -0.009845361113548279,
            0.034817665815353394
          ],
          [
            -0.0026341453194618225,
            -0.16897186636924744,
            -0.9856175184249878,
            0.09948760271072388
          ],
          [
            -0.04291515797376633,
            0.9847385883331299,
            -0.16870750486850739,
            1.5120491981506348
          ],
          [
            0.0,
            0.0,
            0.0,
            1.0
          ]
        ]
      },
      "bone_length_armature_space": 0.10252203833727438,
      "parent": "spine_01",
      "has_children": true,
      "is_end_bone": false
    },
    "head": {
      "name": "head",
      "local": {
        "location": {
          "x": 0.0,
          "y": 0.0,
          "z": 0.0
        },
        "rotation_quaternion": {
          "w": 0.9864845275878906,
          "x": 0.05238671600818634,
          "y": -0.13091899454593658,
          "z": -0.08345190435647964
        },
        "scale": {
          "x": 1.0,
          "y": 1.0,
          "z": 1.0
        },
        "matrix_basis": [
          [
            0.9517920017242432,
            0.1509311944246292,
            -0.2670426666736603,
            0.0
          ],
          [
            -0.1783648580312729,
            0.9805828332901001,
            -0.08150649070739746,
            0.0
          ],
          [
            0.2495555877685547,
            0.12520824372768402,
            0.9602317214012146,
            0.0
          ],
          [
            0.0,
            0.0,
            0.0,
            1.0
          ]
        ],
        "rotation_mode": "QUATERNION"
      },
      "armature_space": {
        "head": {
          "x": 0.0391085110604763,
          "y": 0.01892024092376232,
          "z": 0.6631518602371216
        },
        "tail": {
          "x": 0.06893288344144821,
          "y": 0.029988478869199753,
          "z": 0.8149455189704895
        }
      },
      "world_space": {
        "head": {
          "x": 0.0391085110604763,
          "y": 0.08216424286365509,
          "z": 1.6130058765411377
        },
        "tail": {
          "x": 0.06893288344144821,
          "y": 0.09323248267173767,
          "z": 1.7647995948791504
        },
        "rotation_quaternion": {
          "w": 0.7310609221458435,
          "x": 0.6615516543388367,
          "y": -0.035113900899887085,
          "z": -0.16329871118068695
        },
        "matrix": [
          [
            0.9442008137702942,
            0.1923033744096756,
            -0.2674030363559723,
            0.0391085110604763
          ],
          [
            -0.28522318601608276,
            0.07136644423007965,
            -0.9558006525039673,
            0.08216424286365509
          ],
          [
            -0.16472148895263672,
            0.9787441492080688,
            0.12223353236913681,
            1.6130058765411377
          ],
          [
            0.0,
            0.0,
            0.0,
            1.0
          ]
        ]
      },
      "bone_length_armature_space": 0.1550913101448433,
      "parent": "neck_01",
      "has_children": false,
      "is_end_bone": true
    },
    "upperarm_l": {
      "name": "upperarm_l",
      "local": {
        "location": {
          "x": 0.0,
          "y": 0.0,
          "z": 0.0
        },
        "rotation_quaternion": {
          "w": 0.7794487476348877,
          "x": 0.3362293839454651,
          "y": 0.41723889112472534,
          "z": 0.32453227043151855
        },
        "scale": {
          "x": 1.0,
          "y": 1.0,
          "z": 1.0
        },
        "matrix_basis": [
          [
            0.4411810338497162,
            -0.22533659636974335,
            0.8686672449111938,
            0.0
          ],
          [
            0.7864884734153748,
            0.5632572174072266,
            -0.2533321678638458,
            0.0
          ],
          [
            -0.43219807744026184,
            0.7949621081352234,
            0.42572301626205444,
            0.0
          ],
          [
            0.0,
            0.0,
            0.0,
            1.0
          ]
        ],
        "rotation_mode": "QUATERNION"
      },
      "armature_space": {
        "head": {
          "x": 0.179648756980896,
          "y": 0.011980708688497543,
          "z": 0.48828721046447754
        },
        "tail": {
          "x": 0.32633981108665466,
          "y": -0.20107921957969666,
          "z": 0.5582506656646729
        }
      },
      "world_space": {
        "head": {
          "x": 0.179648756980896,
          "y": 0.07522471249103546,
          "z": 1.4381412267684937
        },
        "tail": {
          "x": 0.32633981108665466,
          "y": -0.13783521950244904,
          "z": 1.508104681968689
        },
        "rotation_quaternion": {
          "w": 0.20692218840122223,
          "x": 0.9160556793212891,
          "y": 0.24420858919620514,
          "z": -0.24163523316383362
        },
        "matrix": [
          [
            0.7639492154121399,
            0.5474171042442322,
            -0.341637521982193,
            0.179648756980896
          ],
          [
            0.34741824865341187,
            -0.7950904369354248,
            -0.49712392687797546,
            0.07522471249103546
          ],
          [
            -0.5437703132629395,
            0.2610873579978943,
            -0.7975972294807434,
            1.4381412267684937
          ],
          [
            0.0,
            0.0,
            0.0,
            1.0
          ]
        ]
      },
      "bone_length_armature_space": 0.2679695638888931,
      "parent": "spine_01",
      "has_children": true,
      "is_end_bone": false
    },
    "lowerarm_l": {
      "name": "lowerarm_l",
      "local": {
        "location": {
          "x": 0.0,
          "y": 0.0,
          "z": 0.0
        },
        "rotation_quaternion": {
          "w": 0.9081627130508423,
          "x": 0.395375519990921,
          "y": -0.13649991154670715,
          "z": 0.016928572207689285
        },
        "scale": {
          "x": 1.0,
          "y": 1.0,
          "z": 1.0
        },
        "matrix_basis": [
          [
            0.9621623754501343,
            -0.13868524134159088,
            -0.23454196751117706,
            0.0
          ],
          [
            -0.07718965411186218,
            0.6867832541465759,
            -0.7227520942687988,
            0.0
          ],
          [
            0.2613145411014557,
            0.7135091423988342,
            0.6500919461250305,
            0.0
          ],
          [
            0.0,
            0.0,
            0.0,
            1.0
          ]
        ],
        "rotation_mode": "QUATERNION"
      },
      "armature_space": {
        "head": {
          "x": 0.3263397514820099,
          "y": -0.2010793685913086,
          "z": 0.5582507252693176
        },
        "tail": {
          "x": 0.28451651334762573,
          "y": -0.4528142809867859,
          "z": 0.4779397249221802
        }
      },
      "world_space": {
        "head": {
          "x": 0.3263397514820099,
          "y": -0.13783536851406097,
          "z": 1.5081048011779785
        },
        "tail": {
          "x": 0.28451651334762573,
          "y": -0.38957029581069946,
          "z": 1.4277937412261963
        },
        "rotation_quaternion": {
          "w": 0.17171868681907654,
          "x": -0.86055588722229,
          "y": -0.00485005509108305,
          "z": 0.4795129895210266
        },
        "matrix": [
          [
            0.540087878704071,
            -0.15633419156074524,
            -0.8269611597061157,
            0.3263397514820099
          ],
          [
            0.1730298101902008,
            -0.94097900390625,
            0.29089444875717163,
            -0.13783536851406097
          ],
          [
            -0.8236352801322937,
            -0.30020052194595337,
            -0.4811638295650482,
            1.5081048011779785
          ],
          [
            0.0,
            0.0,
            0.0,
            1.0
          ]
        ]
      },
      "bone_length_armature_space": 0.2675247770054003,
      "parent": "upperarm_l",
      "has_children": true,
      "is_end_bone": false
    },
    "metacarpal_thumb_l": {
      "name": "metacarpal_thumb_l",
      "local": {
        "location": {
          "x": 0.0,
          "y": 0.0,
          "z": 0.0
        },
        "rotation_quaternion": {
          "w": 0.9994831085205078,
          "x": -0.027603428810834885,
          "y": -0.006123318336904049,
          "z": 0.015303144231438637
        },
        "scale": {
          "x": 1.0,
          "y": 1.0,
          "z": 1.0
        },
        "matrix_basis": [
          [
            0.9994566440582275,
            -0.030252419412136078,
            -0.013085144571959972,
            0.0
          ],
          [
            0.030928516760468483,
            0.9980077147483826,
            0.05499090999364853,
            0.0
          ],
          [
            0.0113954683765769,
            -0.05536573380231857,
            0.9984011054039001,
            0.0
          ],
          [
            0.0,
            0.0,
            0.0,
            1.0
          ]
        ],
        "rotation_mode": "QUATERNION"
      },
      "armature_space": {
        "head": {
          "x": 0.28451651334762573,
          "y": -0.4528142809867859,
          "z": 0.4779397249221802
        },
        "tail": {
          "x": 0.25668948888778687,
          "y": -0.4792041778564453,
          "z": 0.4465896189212799
        }
      },
      "world_space": {
        "head": {
          "x": 0.28451651334762573,
          "y": -0.38957029581069946,
          "z": 1.4277937412261963
        },
        "tail": {
          "x": 0.25668948888778687,
          "y": -0.4159601926803589,
          "z": 1.3964436054229736
        },
        "rotation_quaternion": {
          "w": 0.2772413492202759,
          "x": -0.8515809178352356,
          "y": 0.3959214687347412,
          "z": -0.2029617428779602
        },
        "matrix": [
          [
            0.6041041612625122,
            -0.5617799758911133,
            0.5652089715003967,
            0.28451651334762573
          ],
          [
            -0.7868579626083374,
            -0.5327667593955994,
            0.3114713132381439,
            -0.38957029581069946
          ],
          [
            0.1261463165283203,
            -0.632905125617981,
            -0.7638927698135376,
            1.4277937412261963
          ],
          [
            0.0,
            0.0,
            0.0,
            1.0
          ]
        ]
      },
      "bone_length_armature_space": 0.049533817407294636,
      "parent": "lowerarm_l",
      "has_children": true,
      "is_end_bone": false
    },
    "thumb_01_l": {
      "name": "thumb_01_l",
      "local": {
        "location": {
          "x": 0.0,
          "y": 0.0,
          "z": 0.0
        },
        "rotation_quaternion": {
          "w": 0.9997633695602417,
          "x": 0.017139246687293053,
          "y": 0.010369810275733471,
          "z": 0.008488832041621208
        },
        "scale": {
          "x": 1.0,
          "y": 1.0,
          "z": 1.0
        },
        "matrix_basis": [
          [
            0.9996408224105835,
            -0.016618184745311737,
            0.021025696769356728,
            0.0
          ],
          [
            0.017329107969999313,
            0.9992683529853821,
            -0.034094326198101044,
            0.0
          ],
          [
            -0.02044372819364071,
            0.034446436911821365,
            0.9991974234580994,
            0.0
          ],
          [
            0.0,
            0.0,
            0.0,
            1.0
          ]
        ],
        "rotation_mode": "QUATERNION"
      },
      "armature_space": {
        "head": {
          "x": 0.25668948888778687,
          "y": -0.4792041778564453,
          "z": 0.4465896189212799
        },
        "tail": {
          "x": 0.2569974958896637,
          "y": -0.4806685149669647,
          "z": 0.41258370876312256
        }
      },
      "world_space": {
        "head": {
          "x": 0.25668948888778687,
          "y": -0.4159601926803589,
          "z": 1.3964436054229736
        },
        "tail": {
          "x": 0.2569974958896637,
          "y": -0.4174244999885559,
          "z": 1.3624377250671387
        },
        "rotation_quaternion": {
          "w": 0.2160799652338028,
          "x": -0.2193615734577179,
          "y": 0.6571146845817566,
          "z": -0.6880336403846741
        },
        "matrix": [
          [
            -0.8103797435760498,
            0.009049140848219395,
            0.5858349800109863,
            0.25668948888778687
          ],
          [
            -0.5856320261955261,
            -0.04302005097270012,
            -0.8094348311424255,
            -0.4159601926803589
          ],
          [
            0.01787763088941574,
            -0.9990403056144714,
            0.040161486715078354,
            1.3964436054229736
          ],
          [
            0.0,
            0.0,
            0.0,
            1.0
          ]
        ]
      },
      "bone_length_armature_space": 0.03403881737593709,
      "parent": "metacarpal_thumb_l",
      "has_children": true,
      "is_end_bone": false
    },
    "thumb_02_l": {
      "name": "thumb_02_l",
      "local": {
        "location": {
          "x": 0.0,
          "y": 0.0,
          "z": 0.0
        },
        "rotation_quaternion": {
          "w": 0.9887760877609253,
          "x": 0.14919720590114594,
          "y": -0.007296914234757423,
          "z": 0.0029745865613222122
        },
        "scale": {
          "x": 1.0,
          "y": 1.0,
          "z": 1.0
        },
        "matrix_basis": [
          [
            0.9998758435249329,
            -0.008059758692979813,
            -0.013542428612709045,
            0.0
          ],
          [
            0.003705041715875268,
            0.9554626941680908,
            -0.29508867859840393,
            0.0
          ],
          [
            0.015317629091441631,
            0.2950018346309662,
            0.9553738832473755,
            0.0
          ],
          [
            0.0,
            0.0,
            0.0,
            1.0
          ]
        ],
        "rotation_mode": "QUATERNION"
      },
      "armature_space": {
        "head": {
          "x": 0.2569974958896637,
          "y": -0.48066845536231995,
          "z": 0.41258370876312256
        },
        "tail": {
          "x": 0.25161170959472656,
          "y": -0.5198641419410706,
          "z": 0.4056646525859833
        }
      },
      "world_space": {
        "head": {
          "x": 0.2569974958896637,
          "y": -0.41742444038391113,
          "z": 1.3624377250671387
        },
        "tail": {
          "x": 0.25161170959472656,
          "y": -0.45662015676498413,
          "z": 1.3555186986923218
        },
        "rotation_quaternion": {
          "w": 0.06359749287366867,
          "x": 0.043499600142240524,
          "y": -0.08952662348747253,
          "z": 0.9929995536804199
        },
        "matrix": [
          [
            -0.988126277923584,
            -0.13409318029880524,
            0.07500265538692474,
            0.2569974958896637
          ],
          [
            0.11851602792739868,
            -0.9758808612823486,
            -0.18333229422569275,
            -0.41742444038391113
          ],
          [
            0.09777817130088806,
            -0.1722685694694519,
            0.980192244052887,
            1.3624377250671387
          ],
          [
            0.0,
            0.0,
            0.0,
            1.0
          ]
        ]
      },
      "bone_length_armature_space": 0.04016443495976358,
      "parent": "thumb_01_l",
      "has_children": true,
      "is_end_bone": false
    },
    "thumb_03_l": {
      "name": "thumb_03_l",
      "local": {
        "location": {
          "x": 0.0,
          "y": 0.0,
          "z": 0.0
        },
        "rotation_quaternion": {
          "w": 0.9971282482147217,
          "x": 0.07554571330547333,
          "y": -0.002759150927886367,
          "z": 0.0045380075462162495
        },
        "scale": {
          "x": 1.0,
          "y": 1.0,
          "z": 1.0
        },
        "matrix_basis": [
          [
            0.9999436140060425,
            -0.009466835297644138,
            -0.004816800821572542,
            0.0
          ],
          [
            0.008633066900074482,
            0.9885445237159729,
            -0.15068256855010986,
            0.0
          ],
          [
            0.0061881085857748985,
            0.15063248574733734,
            0.9885704517364502,
            0.0
          ],
          [
            0.0,
            0.0,
            0.0,
            1.0
          ]
        ],
        "rotation_mode": "QUATERNION"
      },
      "armature_space": {
        "head": {
          "x": 0.2516116797924042,
          "y": -0.5198640823364258,
          "z": 0.4056645929813385
        },
        "tail": {
          "x": 0.25213780999183655,
          "y": -0.5494762659072876,
          "z": 0.412716805934906
        }
      },
      "world_space": {
        "head": {
          "x": 0.2516116797924042,
          "y": -0.45662009716033936,
          "z": 1.3555185794830322
        },
        "tail": {
          "x": 0.25213780999183655,
          "y": -0.48623228073120117,
          "z": 1.3625707626342773
        },
        "rotation_quaternion": {
          "w": 0.02545417845249176,
          "x": 0.14345239102840424,
          "y": -0.11413924396038055,
          "z": -0.9827236533164978
        },
        "matrix": [
          [
            -0.9575469493865967,
            0.017281826585531235,
            -0.2877587676048279,
            0.2516116797924042
          ],
          [
            -0.08277591317892075,
            -0.9726487398147583,
            0.21703216433525085,
            -0.45662009716033936
          ],
          [
            -0.27613937854766846,
            0.2316386103630066,
            0.932793915271759,
            1.3555185794830322
          ],
          [
            0.0,
            0.0,
            0.0,
            1.0
          ]
        ]
      },
      "bone_length_armature_space": 0.03044489996652599,
      "parent": "thumb_02_l",
      "has_children": false,
      "is_end_bone": true
    },
    "metacarpal_index_l": {
      "name": "metacarpal_index_l",
      "local": {
        "location": {
          "x": 0.0,
          "y": 0.0,
          "z": 0.0
        },
        "rotation_quaternion": {
          "w": 0.9997552037239075,
          "x": 0.018781235441565514,
          "y": 0.009937806986272335,
          "z": -0.006173938512802124
        },
        "scale": {
          "x": 1.0,
          "y": 1.0,
          "z": 1.0
        },
        "matrix_basis": [
          [
            0.9997262358665466,
            0.012718142941594124,
            0.01963884010910988,
            0.0
          ],
          [
            -0.011971565894782543,
            0.9992182850837708,
            -0.03767598792910576,
            0.0
          ],
          [
            -0.02010265737771988,
            0.03743056580424309,
            0.9990969896316528,
            0.0
          ],
          [
            0.0,
            0.0,
            0.0,
            1.0
          ]
        ],
        "rotation_mode": "QUATERNION"
      },
      "armature_space": {
        "head": {
          "x": 0.28451651334762573,
          "y": -0.4528142809867859,
          "z": 0.4779397249221802
        },
        "tail": {
          "x": 0.24223579466342926,
          "y": -0.5444555282592773,
          "z": 0.41841238737106323
        }
      },
      "world_space": {
        "head": {
          "x": 0.28451651334762573,
          "y": -0.38957029581069946,
          "z": 1.4277937412261963
        },
        "tail": {
          "x": 0.24223579466342926,
          "y": -0.4812115430831909,
          "z": 1.3682663440704346
        },
        "rotation_quaternion": {
          "w": 0.2740444839000702,
          "x": -0.94362872838974,
          "y": 0.18396863341331482,
          "z": 0.02490033023059368
        },
        "matrix": [
          [
            0.931070864200592,
            -0.3608439862728119,
            0.05383872240781784,
            0.28451651334762573
          ],
          [
            -0.33354926109313965,
            -0.7821105718612671,
            0.5263537168502808,
            -0.38957029581069946
          ],
          [
            -0.14782515168190002,
            -0.5080348253250122,
            -0.8485649824142456,
            1.4277937412261963
          ],
          [
            0.0,
            0.0,
            0.0,
            1.0
          ]
        ]
      },
      "bone_length_armature_space": 0.1171720161738857,
      "parent": "lowerarm_l",
      "has_children": true,
      "is_end_bone": false
    },
    "index_01_l": {
      "name": "index_01_l",
      "local": {
        "location": {
          "x": 0.0,
          "y": 0.0,
          "z": 0.0
        },
        "rotation_quaternion": {
          "w": 0.9956486225128174,
          "x": -0.09225913137197495,
          "y": -0.0076128290966153145,
          "z": 0.010683495551347733
        },
        "scale": {
          "x": 1.0,
          "y": 1.0,
          "z": 1.0
        },
        "matrix_basis": [
          [
            0.9996558427810669,
            -0.019869308918714523,
            -0.01713070645928383,
            0.0
          ],
          [
            0.022678721696138382,
            0.9827482104301453,
            0.18355269730091095,
            0.0
          ],
          [
            0.013188106007874012,
            -0.18387801945209503,
            0.9828606247901917,
            0.0
          ],
          [
            0.0,
            0.0,
            0.0,
            1.0
          ]
        ],
        "rotation_mode": "QUATERNION"
      },
      "armature_space": {
        "head": {
          "x": 0.24223579466342926,
          "y": -0.5444555282592773,
          "z": 0.41841238737106323
        },
        "tail": {
          "x": 0.24072155356407166,
          "y": -0.5721197128295898,
          "z": 0.41166913509368896
        }
      },
      "world_space": {
        "head": {
          "x": 0.24223579466342926,
          "y": -0.4812115430831909,
          "z": 1.3682663440704346
        },
        "tail": {
          "x": 0.24072155356407166,
          "y": -0.5088757276535034,
          "z": 1.361523151397705
        },
        "rotation_quaternion": {
          "w": 0.11866903305053711,
          "x": -0.9923790693283081,
          "y": 0.028741389513015747,
          "z": -0.016600901260972023
        },
        "matrix": [
          [
            0.9977967143058777,
            -0.053104739636182785,
            0.03977026790380478,
            0.24223579466342926
          ],
          [
            -0.06098468229174614,
            -0.9701834321022034,
            0.23457452654838562,
            -0.4812115430831909
          ],
          [
            0.026127522811293602,
            -0.23648567497730255,
            -0.9712908864021301,
            1.3682663440704346
          ],
          [
            0.0,
            0.0,
            0.0,
            1.0
          ]
        ]
      },
      "bone_length_armature_space": 0.028514408359936995,
      "parent": "metacarpal_index_l",
      "has_children": true,
      "is_end_bone": false
    },
    "index_02_l": {
      "name": "index_02_l",
      "local": {
        "location": {
          "x": 0.0,
          "y": 0.0,
          "z": 0.0
        },
        "rotation_quaternion": {
          "w": 0.9873985052108765,
          "x": 0.15819256007671356,
          "y": 0.004412721376866102,
          "z": 5.855109520780388e-06
        },
        "scale": {
          "x": 1.0,
          "y": 1.0,
          "z": 1.0
        },
        "matrix_basis": [
          [
            0.9999610781669617,
            0.0013845567591488361,
            0.008716081269085407,
            0.0
          ],
          [
            0.0014076820807531476,
            0.9499502182006836,
            -0.31239813566207886,
            0.0
          ],
          [
            -0.008712376467883587,
            0.3123982548713684,
            0.9499112963676453,
            0.0
          ],
          [
            0.0,
            0.0,
            0.0,
            1.0
          ]
        ],
        "rotation_mode": "QUATERNION"
      },
      "armature_space": {
        "head": {
          "x": 0.24072130024433136,
          "y": -0.5721200108528137,
          "z": 0.4116687476634979
        },
        "tail": {
          "x": 0.2399703413248062,
          "y": -0.5943591594696045,
          "z": 0.39890357851982117
        }
      },
      "world_space": {
        "head": {
          "x": 0.24072130024433136,
          "y": -0.5088760256767273,
          "z": 1.3615227937698364
        },
        "tail": {
          "x": 0.2399703413248062,
          "y": -0.5311151742935181,
          "z": 1.3487576246261597
        },
        "rotation_quaternion": {
          "w": 0.25763818621635437,
          "x": -0.9661186933517456,
          "y": 0.012903030961751938,
          "z": 0.00842529907822609
        },
        "matrix": [
          [
            0.9995251297950745,
            -0.029273133724927902,
            -0.009630953893065453,
            0.24072130024433136
          ],
          [
            -0.020590361207723618,
            -0.8669124841690063,
            0.4980350732803345,
            -0.5088760256767273
          ],
          [
            -0.022928446531295776,
            -0.4976045489311218,
            -0.8671090602874756,
            1.3615227937698364
          ],
          [
            0.0,
            0.0,
            0.0,
            1.0
          ]
        ]
      },
      "bone_length_armature_space": 0.025653327344953483,
      "parent": "index_01_l",
      "has_children": true,
      "is_end_bone": false
    },
    "index_03_l": {
      "name": "index_03_l",
      "local": {
        "location": {
          "x": 0.0,
          "y": 0.0,
          "z": 0.0
        },
        "rotation_quaternion": {
          "w": 0.9800240993499756,
          "x": 0.19872333109378815,
          "y": -0.00672175083309412,
          "z": -0.004085065796971321
        },
        "scale": {
          "x": 1.0,
          "y": 1.0,
          "z": 1.0
        },
        "matrix_basis": [
          [
            0.9998762607574463,
            0.0053353882394731045,
            -0.014798551797866821,
            0.0
          ],
          [
            -0.010678463615477085,
            0.92098468542099,
            -0.38945239782333374,
            0.0
          ],
          [
            0.011551359668374062,
            0.3895622193813324,
            0.9209277033805847,
            0.0
          ],
          [
            0.0,
            0.0,
            0.0,
            1.0
          ]
        ],
        "rotation_mode": "QUATERNION"
      },
      "armature_space": {
        "head": {
          "x": 0.23997032642364502,
          "y": -0.5943592190742493,
          "z": 0.3989036977291107
        },
        "tail": {
          "x": 0.24244770407676697,
          "y": -0.609822690486908,
          "z": 0.37423622608184814
        }
      },
      "world_space": {
        "head": {
          "x": 0.23997032642364502,
          "y": -0.5311152338981628,
          "z": 1.3487577438354492
        },
        "tail": {
          "x": 0.24244770407676697,
          "y": -0.5465787053108215,
          "z": 1.3240902423858643
        },
        "rotation_quaternion": {
          "w": 0.48404109477996826,
          "x": -0.8739741444587708,
          "y": -0.03298438712954521,
          "z": -0.028026944026350975
        },
        "matrix": [
          [
            0.9962531328201294,
            0.08478741347789764,
            0.017057694494724274,
            0.23997032642364502
          ],
          [
            0.03052307292819023,
            -0.5292330384254456,
            0.847927451133728,
            -0.5311152338981628
          ],
          [
            0.08092163503170013,
            -0.8442361354827881,
            -0.5298408269882202,
            1.3487577438354492
          ],
          [
            0.0,
            0.0,
            0.0,
            1.0
          ]
        ]
      },
      "bone_length_armature_space": 0.02921883797146494,
      "parent": "index_02_l",
      "has_children": false,
      "is_end_bone": true
    },
    "metacarpal_pinky_l": {
      "name": "metacarpal_pinky_l",
      "local": {
        "location": {
          "x": 0.0,
          "y": 0.0,
          "z": 0.0
        },
        "rotation_quaternion": {
          "w": 0.9996696710586548,
          "x": 0.019808143377304077,
          "y": 0.004126302432268858,
          "z": -0.015849199146032333
        },
        "scale": {
          "x": 1.0,
          "y": 1.0,
          "z": 1.0
        },
        "matrix_basis": [
          [
            0.9994635581970215,
            0.0318513959646225,
            0.007621992379426956,
            0.0
          ],
          [
            -0.03152445703744888,
            0.9987128973007202,
            -0.039733998477458954,
            0.0
          ],
          [
            -0.008877765387296677,
            0.03947240486741066,
            0.9991812109947205,
            0.0
          ],
          [
            0.0,
            0.0,
            0.0,
            1.0
          ]
        ],
        "rotation_mode": "QUATERNION"
      },
      "armature_space": {
        "head": {
          "x": 0.28451651334762573,
          "y": -0.4528142809867859,
          "z": 0.4779397249221802
        },
        "tail": {
          "x": 0.29019656777381897,
          "y": -0.5557252764701843,
          "z": 0.4630976617336273
        }
      },
      "world_space": {
        "head": {
          "x": 0.28451651334762573,
          "y": -0.38957029581069946,
          "z": 1.4277937412261963
        },
        "tail": {
          "x": 0.29019656777381897,
          "y": -0.4924812912940979,
          "z": 1.4129517078399658
        },
        "rotation_quaternion": {
          "w": 0.004838816821575165,
          "x": -0.41454240679740906,
          "y": -0.07637782394886017,
          "z": 0.9068062901496887
        },
        "matrix": [
          [
            -0.6562625169754028,
            0.054547421634197235,
            -0.7525584697723389,
            0.28451651334762573
          ],
          [
            0.07209915667772293,
            -0.9882863759994507,
            -0.1345071792602539,
            -0.38957029581069946
          ],
          [
            -0.7510852813720703,
            -0.1425328403711319,
            0.6446466445922852,
            1.4277937412261963
          ],
          [
            0.0,
            0.0,
            0.0,
            1.0
          ]
        ]
      },
      "bone_length_armature_space": 0.10413079888934824,
      "parent": "lowerarm_l",
      "has_children": true,
      "is_end_bone": false
    },
    "pinky_01_l": {
      "name": "pinky_01_l",
      "local": {
        "location": {
          "x": 0.0,
          "y": 0.0,
          "z": 0.0
        },
        "rotation_quaternion": {
          "w": 0.999781608581543,
          "x": 0.00793124083429575,
          "y": -0.011341223493218422,
          "z": -0.015662016347050667
        },
        "scale": {
          "x": 1.0,
          "y": 1.0,
          "z": 1.0
        },
        "matrix_basis": [
          [
            0.9992521405220032,
            0.031137291342020035,
            -0.022925931960344315,
            0.0
          ],
          [
            -0.03149709105491638,
            0.9993835687637329,
            -0.015503764152526855,
            0.0
          ],
          [
            0.022429054602980614,
            0.016214270144701004,
            0.9996169209480286,
            0.0
          ],
          [
            0.0,
            0.0,
            0.0,
            1.0
          ]
        ],
        "rotation_mode": "QUATERNION"
      },
      "armature_space": {
        "head": {
          "x": 0.29019656777381897,
          "y": -0.5557252764701843,
          "z": 0.4630976617336273
