{
  "metadata": {
    "armature_name": "KIM_caucasian_male",
    "export_time": "2026-01-13T21:08:24.846741",
    "blender_version": "4.4.1",
    "bone_count": 56,
    "end_bone_count": 13,
    "spaces_included": [
      "LOCAL_CHANNELS",
      "ARMATURE_SPACE",
      "WORLD_SPACE"
    ],
    "note": "LOCAL matches Transform panel; replay pose via local.matrix_basis for best fidelity."
  },
  "bones": {
    "Root": {
      "name": "Root",
      "local": {
        "location": {
          "x": 0.0,
          "y": 0.0,
          "z": 0.0
        },
        "rotation_quaternion": {
          "w": 0.9995429515838623,
          "x": 0.006005934905260801,
          "y": 0.010454686358571053,
          "z": -0.027723830193281174
        },
        "scale": {
          "x": 1.0,
          "y": 1.0,
          "z": 1.0
        },
        "matrix_basis": [
          [
            0.9982441663742065,
            0.05554789677262306,
            0.020566800609230995,
            0.0
          ],
          [
            -0.05529673770070076,
            0.9983906149864197,
            -0.01258606743067503,
            0.0
          ],
          [
            -0.021232830360531807,
            0.011426691897213459,
            0.9997092485427856,
            0.0
          ],
          [
            0.0,
            0.0,
            0.0,
            1.0
          ]
        ],
        "rotation_mode": "QUATERNION"
      },
      "armature_space": {
        "head": {
          "x": 0.0,
          "y": 0.07072800397872925,
          "z": -0.009595036506652832
        },
        "tail": {
          "x": 0.003964779432862997,
          "y": 4.194676876068115e-06,
          "z": -0.00082363560795784
        }
      },
      "world_space": {
        "head": {
          "x": 0.0,
          "y": 0.13397200405597687,
          "z": 0.9402589797973633
        },
        "tail": {
          "x": 0.003964779432862997,
          "y": 0.06324819475412369,
          "z": 0.9490303993225098
        },
        "rotation_quaternion": {
          "w": 0.06134457886219025,
          "x": 0.9976767897605896,
          "y": 0.028365159407258034,
          "z": 0.008563240990042686
        },
        "matrix": [
          [
            0.9982441663742065,
            0.05554789677262306,
            0.020566800609230995,
            0.0
          ],
          [
            0.05764913931488991,
            -0.9908644556999207,
            -0.12191878259181976,
            0.13397200405597687
          ],
          [
            0.013606729917228222,
            0.12289028614759445,
            -0.9923340082168579,
            0.9402589797973633
          ],
          [
            0.0,
            0.0,
            0.0,
            1.0
          ]
        ]
      },
      "bone_length_armature_space": 0.07137586679816782,
      "parent": null,
      "has_children": true,
      "is_end_bone": false
    },
    "spine_01": {
      "name": "spine_01",
      "local": {
        "location": {
          "x": 0.0,
          "y": 0.0,
          "z": 0.0
        },
        "rotation_quaternion": {
          "w": 0.9989297986030579,
          "x": 0.038827359676361084,
          "y": -0.001455683377571404,
          "z": 0.025091800838708878
        },
        "scale": {
          "x": 1.0,
          "y": 1.0,
          "z": 1.0
        },
        "matrix_basis": [
          [
            0.998736560344696,
            -0.05024293437600136,
            -0.0009597542812116444,
            0.0
          ],
          [
            0.0500168539583683,
            0.995725691318512,
            -0.07764466106891632,
            0.0
          ],
          [
            0.004856747575104237,
            0.07749856263399124,
            0.996980607509613,
            0.0
          ],
          [
            0.0,
            0.0,
            0.0,
            1.0
          ]
        ],
        "rotation_mode": "QUATERNION"
      },
      "armature_space": {
        "head": {
          "x": 0.003964779432862997,
          "y": 4.194676876068115e-06,
          "z": -0.00082363560795784
        },
        "tail": {
          "x": -0.02593027614057064,
          "y": -0.022485915571451187,
          "z": 0.4857449531555176
        }
      },
      "world_space": {
        "head": {
          "x": 0.003964779432862997,
          "y": 0.06324819475412369,
          "z": 0.9490303993225098
        },
        "tail": {
          "x": -0.02593027614057064,
          "y": 0.04075808450579643,
          "z": 1.4355989694595337
        },
        "rotation_quaternion": {
          "w": 0.6906164884567261,
          "x": 0.7220034599304199,
          "y": -0.002359638921916485,
          "z": 0.04188494756817818
        },
        "matrix": [
          [
            0.9964801669120789,
            -0.06126020476222038,
            0.05722249299287796,
            0.003964779432862997
          ],
          [
            0.05444511026144028,
            -0.04608617722988129,
            -0.9974526762962341,
            0.06324819475412369
          ],
          [
            0.06374182552099228,
            0.9970642924308777,
            -0.04258986935019493,
            0.9490303993225098
          ],
          [
            0.0,
            0.0,
            0.0,
            1.0
          ]
        ]
      },
      "bone_length_armature_space": 0.48800463905967173,
      "parent": "Root",
      "has_children": true,
      "is_end_bone": false
    },
    "neck_01": {
      "name": "neck_01",
      "local": {
        "location": {
          "x": 0.0,
          "y": 0.0,
          "z": 0.0
        },
        "rotation_quaternion": {
          "w": 0.988519012928009,
          "x": -0.12982921302318573,
          "y": -0.04326658695936203,
          "z": 0.06405157595872879
        },
        "scale": {
          "x": 1.0,
          "y": 1.0,
          "z": 1.0
        },
        "matrix_basis": [
          [
            0.9880508184432983,
            -0.1153978705406189,
            -0.10217121988534927,
            0.0
          ],
          [
            0.13786692917346954,
            0.9580835700035095,
            0.2511346936225891,
            0.0
          ],
          [
            0.06890815496444702,
            -0.2622198760509491,
            0.9625447392463684,
            0.0
          ],
          [
            0.0,
            0.0,
            0.0,
            1.0
          ]
        ],
        "rotation_mode": "QUATERNION"
      },
      "armature_space": {
        "head": {
          "x": -0.028431151062250137,
          "y": -0.06045237556099892,
          "z": 0.557271420955658
        },
        "tail": {
          "x": -0.045654550194740295,
          "y": -0.07814943790435791,
          "z": 0.6567748188972473
        }
      },
      "world_space": {
        "head": {
          "x": -0.028431151062250137,
          "y": 0.002791624516248703,
          "z": 1.5071253776550293
        },
        "tail": {
          "x": -0.045654550194740295,
          "y": -0.01490543782711029,
          "z": 1.6066288948059082
        },
        "rotation_quaternion": {
          "w": 0.638533353805542,
          "x": 0.7647120952606201,
          "y": -0.07723857462406158,
          "z": 0.03904847800731659
        },
        "matrix": [
          [
            0.985018789768219,
            -0.16799817979335785,
            -0.0389181524515152,
            -0.028431151062250137
          ],
          [
            -0.06826402246952057,
            -0.1726182997226715,
            -0.9826205372810364,
            0.002791624516248703
          ],
          [
            0.1583615243434906,
            0.9705630540847778,
            -0.18150272965431213,
            1.5071253776550293
          ],
          [
            0.0,
            0.0,
            0.0,
            1.0
          ]
        ]
      },
      "bone_length_armature_space": 0.1025219884633103,
      "parent": "spine_01",
      "has_children": true,
      "is_end_bone": false
    },
    "head": {
      "name": "head",
      "local": {
        "location": {
          "x": 0.0,
          "y": 0.0,
          "z": 0.0
        },
        "rotation_quaternion": {
          "w": 0.9817293882369995,
          "x": -0.11241257190704346,
          "y": 0.11143285781145096,
          "z": -0.10561037063598633
        },
        "scale": {
          "x": 1.0,
          "y": 1.0,
          "z": 1.0
        },
        "matrix_basis": [
          [
            0.9528583288192749,
            0.18230870366096497,
            0.2425376921892166,
            0.0
          ],
          [
            -0.23241451382637024,
            0.9524196982383728,
            0.19718052446842194,
            0.0
          ],
          [
            -0.1950499564409256,
            -0.24425438046455383,
            0.9498922824859619,
            0.0
          ],
          [
            0.0,
            0.0,
            0.0,
            1.0
          ]
        ],
        "rotation_mode": "QUATERNION"
      },
      "armature_space": {
        "head": {
          "x": -0.0456545427441597,
          "y": -0.07814957201480865,
          "z": 0.6567747592926025
        },
        "tail": {
          "x": -0.03517771512269974,
          "y": -0.014395207166671753,
          "z": 0.7977672815322876
        }
      },
      "world_space": {
        "head": {
          "x": -0.0456545427441597,
          "y": -0.014905571937561035,
          "z": 1.6066287755966187
        },
        "tail": {
          "x": -0.03517771512269974,
          "y": 0.04884879291057587,
          "z": 1.7476212978363037
        },
        "rotation_quaternion": {
          "w": 0.8372853994369507,
          "x": 0.5426335334777832,
          "y": 0.06702583283185959,
          "z": 0.0030979446601122618
        },
        "matrix": [
          [
            0.9909959435462952,
            0.06755313277244568,
            0.11560111492872238,
            -0.0456545427441597
          ],
          [
            0.07792817056179047,
            0.4110792279243469,
            -0.9082627892494202,
            -0.014905571937561035
          ],
          [
            -0.10887797921895981,
            0.9091001749038696,
            0.40211552381515503,
            1.6066287755966187
          ],
          [
            0.0,
            0.0,
            0.0,
            1.0
          ]
        ]
      },
      "bone_length_armature_space": 0.15509118357075194,
      "parent": "neck_01",
      "has_children": false,
      "is_end_bone": true
    },
    "upperarm_l": {
      "name": "upperarm_l",
      "local": {
        "location": {
          "x": 0.0,
          "y": 0.0,
          "z": 0.0
        },
        "rotation_quaternion": {
          "w": 0.9099904298782349,
          "x": 0.24587689340114594,
          "y": -0.2704107463359833,
          "z": 0.19580630958080292
        },
        "scale": {
          "x": 1.0,
          "y": 1.0,
          "z": 1.0
        },
        "matrix_basis": [
          [
            0.7770758271217346,
            -0.4893392324447632,
            -0.3958538770675659,
            0.0
          ],
          [
            0.22338822484016418,
            0.8024088740348816,
            -0.5533875226974487,
            0.0
          ],
          [
            0.5884308815002441,
            0.34159499406814575,
            0.7328451871871948,
            0.0
          ],
          [
            0.0,
            0.0,
            0.0,
            1.0
          ]
        ],
        "rotation_mode": "QUATERNION"
      },
      "armature_space": {
        "head": {
          "x": 0.1253405213356018,
          "y": -0.052369263023138046,
          "z": 0.49968644976615906
        },
        "tail": {
          "x": 0.34322860836982727,
          "y": -0.13197696208953857,
          "z": 0.6338328123092651
        }
      },
      "world_space": {
        "head": {
          "x": 0.1253405213356018,
          "y": 0.010874737054109573,
          "z": 1.4495404958724976
        },
        "tail": {
          "x": 0.34322860836982727,
          "y": -0.06873296201229095,
          "z": 1.5836868286132812
        },
        "rotation_quaternion": {
          "w": 0.5775289535522461,
          "x": 0.5661567449569702,
          "y": 0.1338735967874527,
          "z": -0.5727168917655945
        },
        "matrix": [
          [
            0.3081434369087219,
            0.8131080269813538,
            -0.4938652813434601,
            0.1253405213356018
          ],
          [
            -0.5099374055862427,
            -0.29707756638526917,
            -0.807284951210022,
            0.010874737054109573
          ],
          [
            -0.8031322360038757,
            0.5006031394004822,
            0.3230932950973511,
            1.4495404958724976
          ],
          [
            0.0,
            0.0,
            0.0,
            1.0
          ]
        ]
      },
      "bone_length_armature_space": 0.26796986712425863,
      "parent": "spine_01",
      "has_children": true,
      "is_end_bone": false
    },
    "lowerarm_l": {
      "name": "lowerarm_l",
      "local": {
        "location": {
          "x": 0.0,
          "y": 0.0,
          "z": 0.0
        },
        "rotation_quaternion": {
          "w": 0.942995548248291,
          "x": 0.3315468430519104,
          "y": -0.005128944292664528,
          "z": -0.028456369414925575
        },
        "scale": {
          "x": 1.0,
          "y": 1.0,
          "z": 1.0
        },
        "matrix_basis": [
          [
            0.9983278512954712,
            0.05026748776435852,
            -0.028542382642626762,
            0.0
          ],
          [
            -0.05706942826509476,
            0.7785338759422302,
            -0.6250025033950806,
            0.0
          ],
          [
            -0.009196095168590546,
            0.6255862712860107,
            0.7801007628440857,
            0.0
          ],
          [
            0.0,
            0.0,
            0.0,
            1.0
          ]
        ],
        "rotation_mode": "QUATERNION"
      },
      "armature_space": {
        "head": {
          "x": 0.34322863817214966,
          "y": -0.13197697699069977,
          "z": 0.6338329315185547
        },
        "tail": {
          "x": 0.39311593770980835,
          "y": -0.3286791443824768,
          "z": 0.8081580400466919
        }
      },
      "world_space": {
        "head": {
          "x": 0.34322863817214966,
          "y": -0.06873297691345215,
          "z": 1.5836869478225708
        },
        "tail": {
          "x": 0.39311593770980835,
          "y": -0.2654351592063904,
          "z": 1.758012056350708
        },
        "rotation_quaternion": {
          "w": 0.3324514329433441,
          "x": 0.714197039604187,
          "y": -0.1477917581796646,
          "z": -0.5979599952697754
        },
        "matrix": [
          [
            0.24120433628559113,
            0.18647751212120056,
            -0.9523898363113403,
            0.34322863817214966
          ],
          [
            -0.6086900234222412,
            -0.7352679967880249,
            -0.29812347888946533,
            -0.06873297691345215
          ],
          [
            -0.7558609247207642,
            0.6516228914260864,
            -0.06384336948394775,
            1.5836869478225708
          ],
          [
            0.0,
            0.0,
            0.0,
            1.0
          ]
        ]
      },
      "bone_length_armature_space": 0.26752519606141584,
      "parent": "upperarm_l",
      "has_children": true,
      "is_end_bone": false
    },
    "metacarpal_thumb_l": {
      "name": "metacarpal_thumb_l",
      "local": {
        "location": {
          "x": 0.0,
          "y": 0.0,
          "z": 0.0
        },
        "rotation_quaternion": {
          "w": 0.9998371005058289,
          "x": -0.006102527491748333,
          "y": -0.011227153241634369,
          "z": -0.01274804212152958
        },
        "scale": {
          "x": 1.0,
          "y": 1.0,
          "z": 1.0
        },
        "matrix_basis": [
          [
            0.9994228482246399,
            0.025628959760069847,
            -0.022295057773590088,
            0.0
          ],
          [
            -0.02535490319132805,
            0.9996004700660706,
            0.012489315122365952,
            0.0
          ],
          [
            0.02260623872280121,
            -0.011916818097233772,
            0.9996734261512756,
            0.0
          ],
          [
            0.0,
            0.0,
            0.0,
            1.0
          ]
        ],
        "rotation_mode": "QUATERNION"
      },
      "armature_space": {
        "head": {
          "x": 0.39311593770980835,
          "y": -0.3286791443824768,
          "z": 0.8081580400466919
        },
        "tail": {
          "x": 0.37583160400390625,
          "y": -0.37157994508743286,
          "z": 0.8258882761001587
        }
      },
      "world_space": {
        "head": {
          "x": 0.39311593770980835,
          "y": -0.2654351592063904,
          "z": 1.758012056350708
        },
        "tail": {
          "x": 0.37583160400390625,
          "y": -0.30833595991134644,
          "z": 1.7757422924041748
        },
        "rotation_quaternion": {
          "w": 0.21136903762817383,
          "x": 0.9539355635643005,
          "y": -0.14925239980220795,
          "z": 0.15183551609516144
        },
        "matrix": [
          [
            0.9093392491340637,
            -0.3489411175251007,
            0.22658735513687134,
            0.39311593770980835
          ],
          [
            -0.22056779265403748,
            -0.8660934567451477,
            -0.4485888183116913,
            -0.2654351592063904
          ],
          [
            0.3527791500091553,
            0.35794344544410706,
            -0.8645445704460144,
            1.758012056350708
          ],
          [
            0.0,
            0.0,
            0.0,
            1.0
          ]
        ]
      },
      "bone_length_armature_space": 0.04953370782820972,
      "parent": "lowerarm_l",
      "has_children": true,
      "is_end_bone": false
    },
    "thumb_01_l": {
      "name": "thumb_01_l",
      "local": {
        "location": {
          "x": 0.0,
          "y": 0.0,
          "z": 0.0
        },
        "rotation_quaternion": {
          "w": 0.9998795390129089,
          "x": 0.008949576877057552,
          "y": 0.012462297454476357,
          "z": 0.002374522853642702
        },
        "scale": {
          "x": 1.0,
          "y": 1.0,
          "z": 1.0
        },
        "matrix_basis": [
          [
            0.9996781349182129,
            -0.004525409080088139,
            0.024964094161987305,
            0.0
          ],
          [
            0.004971538204699755,
            0.9998285174369812,
            -0.01783781312406063,
            0.0
          ],
          [
            -0.024879090487957,
            0.01795618236064911,
            0.9995291829109192,
            0.0
          ],
          [
            0.0,
            0.0,
            0.0,
            1.0
          ]
        ],
        "rotation_mode": "QUATERNION"
      },
      "armature_space": {
        "head": {
          "x": 0.37583160400390625,
          "y": -0.37157994508743286,
          "z": 0.8258882761001587
        },
        "tail": {
          "x": 0.3705724775791168,
          "y": -0.4015952944755554,
          "z": 0.8107209205627441
        }
      },
      "world_space": {
        "head": {
          "x": 0.37583160400390625,
          "y": -0.30833595991134644,
          "z": 1.7757422924041748
        },
        "tail": {
          "x": 0.3705724775791168,
          "y": -0.338351309299469,
          "z": 1.7605749368667603
        },
        "rotation_quaternion": {
          "w": 0.057912275195121765,
          "x": -0.526957094669342,
          "y": 0.23610271513462067,
          "z": -0.8143819570541382
        },
        "matrix": [
          [
            -0.4379254877567291,
            -0.1545047014951706,
            0.8856348991394043,
            0.37583160400390625
          ],
          [
            -0.34315699338912964,
            -0.8818041086196899,
            -0.32351934909820557,
            -0.30833595991134644
          ],
          [
            0.8309475183486938,
            -0.44559308886528015,
            0.3331471085548401,
            1.7757422924041748
          ],
          [
            0.0,
            0.0,
            0.0,
            1.0
          ]
        ]
      },
      "bone_length_armature_space": 0.03403862909675889,
      "parent": "metacarpal_thumb_l",
      "has_children": true,
      "is_end_bone": false
    },
    "thumb_02_l": {
      "name": "thumb_02_l",
      "local": {
        "location": {
          "x": 0.0,
          "y": 0.0,
          "z": 0.0
        },
        "rotation_quaternion": {
          "w": 0.9893369078636169,
          "x": 0.14540785551071167,
          "y": 0.004011272452771664,
          "z": -0.007273200899362564
        },
        "scale": {
          "x": 1.0,
          "y": 1.0,
          "z": 1.0
        },
        "matrix_basis": [
          [
            0.999862015247345,
            0.015557833015918732,
            0.0058218385092914104,
            0.0
          ],
          [
            -0.013224750757217407,
            0.9576073288917542,
            -0.287773072719574,
            0.0
          ],
          [
            -0.010052161291241646,
            0.28765636682510376,
            0.9576809406280518,
            0.0
          ],
          [
            0.0,
            0.0,
            0.0,
            1.0
          ]
        ],
        "rotation_mode": "QUATERNION"
      },
      "armature_space": {
        "head": {
          "x": 0.3705724775791168,
          "y": -0.40159523487091064,
          "z": 0.8107209205627441
        },
        "tail": {
          "x": 0.3814433515071869,
          "y": -0.42779457569122314,
          "z": 0.839156985282898
        }
      },
      "world_space": {
        "head": {
          "x": 0.3705724775791168,
          "y": -0.3383512496948242,
          "z": 1.7605749368667603
        },
        "tail": {
          "x": 0.3814433515071869,
          "y": -0.3645505905151367,
          "z": 1.789011001586914
        },
        "rotation_quaternion": {
          "w": 0.05812034383416176,
          "x": -0.20305487513542175,
          "y": -0.4128812551498413,
          "z": -0.8859570026397705
        },
        "matrix": [
          [
            -0.910781741142273,
            0.27065926790237427,
            0.31180113554000854,
            0.3705724775791168
          ],
          [
            0.06468997150659561,
            -0.6523022055625916,
            0.755193293094635,
            -0.3383512496948242
          ],
          [
            0.4077918231487274,
            0.7079911828041077,
            0.5766005516052246,
            1.7605749368667603
          ],
          [
            0.0,
            0.0,
            0.0,
            1.0
          ]
        ]
      },
      "bone_length_armature_space": 0.04016455060393385,
      "parent": "thumb_01_l",
      "has_children": true,
      "is_end_bone": false
    },
    "thumb_03_l": {
      "name": "thumb_03_l",
      "local": {
        "location": {
          "x": 0.0,
          "y": 0.0,
          "z": 0.0
        },
        "rotation_quaternion": {
          "w": 0.9973903894424438,
          "x": 0.07208458334207535,
          "y": -0.0019601883832365274,
          "z": -0.003539774799719453
        },
        "scale": {
          "x": 1.0,
          "y": 1.0,
          "z": 1.0
        },
        "matrix_basis": [
          [
            0.9999672770500183,
            0.0067784758284688,
            -0.0044204723089933395,
            0.0
          ],
          [
            -0.00734367361292243,
            0.9895825386047363,
            -0.14377906918525696,
            0.0
          ],
          [
            0.0033998198341578245,
            0.1438068151473999,
            0.9895999431610107,
            0.0
          ],
          [
            0.0,
            0.0,
            0.0,
            1.0
          ]
        ],
        "rotation_mode": "QUATERNION"
      },
      "armature_space": {
        "head": {
          "x": 0.3814432621002197,
          "y": -0.42779457569122314,
          "z": 0.8391568660736084
        },
        "tail": {
          "x": 0.39543235301971436,
          "y": -0.4370354413986206,
          "z": 0.8645696640014648
        }
      },
      "world_space": {
        "head": {
          "x": 0.3814432621002197,
          "y": -0.3645505905151367,
          "z": 1.7890108823776245
        },
        "tail": {
          "x": 0.39543235301971436,
          "y": -0.3737914562225342,
          "z": 1.814423680305481
        },
        "rotation_quaternion": {
          "w": 0.2515903413295746,
          "x": -0.0506388321518898,
          "y": -0.5337958335876465,
          "z": -0.8057296276092529
        },
        "matrix": [
          [
            -0.8682752847671509,
            0.4594893753528595,
            -0.18699537217617035,
            0.3814432621002197
          ],
          [
            -0.35136792063713074,
            -0.30352795124053955,
            0.885670006275177,
            -0.3645505905151367
          ],
          [
            0.3502001166343689,
            0.8347151279449463,
            0.4249993860721588,
            1.7890108823776245
          ],
          [
            0.0,
            0.0,
            0.0,
            1.0
          ]
        ]
      },
      "bone_length_armature_space": 0.030445008420552925,
      "parent": "thumb_02_l",
      "has_children": false,
      "is_end_bone": true
    },
    "metacarpal_index_l": {
      "name": "metacarpal_index_l",
      "local": {
        "location": {
          "x": 0.0,
          "y": 0.0,
          "z": 0.0
        },
        "rotation_quaternion": {
          "w": 0.9988614320755005,
          "x": -0.04654773324728012,
          "y": 0.00604001572355628,
          "z": -0.00852472335100174
        },
        "scale": {
          "x": 1.0,
          "y": 1.0,
          "z": 1.0
        },
        "matrix_basis": [
          [
            0.9997816681861877,
            0.016467737033963203,
            0.0128598902374506,
            0.0
          ],
          [
            -0.017592333257198334,
            0.9955212473869324,
            0.09288649260997772,
            0.0
          ],
          [
            -0.011272664181888103,
            -0.09309244900941849,
            0.9955936670303345,
            0.0
          ],
          [
            0.0,
            0.0,
            0.0,
            1.0
          ]
        ],
        "rotation_mode": "QUATERNION"
      },
      "armature_space": {
        "head": {
          "x": 0.39311593770980835,
          "y": -0.3286791443824768,
          "z": 0.8081580400466919
        },
        "tail": {
          "x": 0.38707438111305237,
          "y": -0.41958194971084595,
          "z": 0.8818429112434387
        }
      },
      "world_space": {
        "head": {
          "x": 0.39311593770980835,
          "y": -0.2654351592063904,
          "z": 1.758012056350708
        },
        "tail": {
          "x": 0.38707438111305237,
          "y": -0.3563379645347595,
          "z": 1.8316969871520996
        },
        "rotation_quaternion": {
          "w": 0.3238358795642853,
          "x": 0.9279111623764038,
          "y": -0.08500683307647705,
          "z": -0.16396622359752655
        },
        "matrix": [
          [
            0.9317777752876282,
            -0.05156154930591583,
            -0.3593485653400421,
            0.39311593770980835
          ],
          [
            -0.26395389437675476,
            -0.7758082747459412,
            -0.5731055736541748,
            -0.2654351592063904
          ],
          [
            -0.24923749268054962,
            0.628862202167511,
            -0.7364963889122009,
            1.758012056350708
          ],
          [
            0.0,
            0.0,
            0.0,
            1.0
          ]
        ]
      },
      "bone_length_armature_space": 0.1171720117495188,
      "parent": "lowerarm_l",
      "has_children": true,
      "is_end_bone": false
    },
    "index_01_l": {
      "name": "index_01_l",
      "local": {
        "location": {
          "x": 0.0,
          "y": 0.0,
          "z": 0.0
        },
        "rotation_quaternion": {
          "w": 0.9972853064537048,
          "x": -0.07208377122879028,
          "y": -0.007879984565079212,
          "z": 0.012798264622688293
        },
        "scale": {
          "x": 1.0,
          "y": 1.0,
          "z": 1.0
        },
        "matrix_basis": [
          [
            0.9995481967926025,
            -0.02439100481569767,
            -0.017562279477715492,
            0.0
          ],
          [
            0.026663079857826233,
            0.9892802834510803,
            0.14357447624206543,
            0.0
          ],
          [
            0.01387209165841341,
            -0.14397786557674408,
            0.989483654499054,
            0.0
          ],
          [
            0.0,
            0.0,
            0.0,
            1.0
          ]
        ],
        "rotation_mode": "QUATERNION"
      },
      "armature_space": {
        "head": {
          "x": 0.38707438111305237,
          "y": -0.41958194971084595,
          "z": 0.8818429112434387
        },
        "tail": {
          "x": 0.3967641592025757,
          "y": -0.4375741183757782,
          "z": 0.901729166507721
        }
      },
      "world_space": {
        "head": {
          "x": 0.38707438111305237,
          "y": -0.3563379645347595,
          "z": 1.8316969871520996
        },
        "tail": {
          "x": 0.3967641592025757,
          "y": -0.3743301033973694,
          "z": 1.8515832424163818
        },
        "rotation_quaternion": {
          "w": 0.4185536503791809,
          "x": 0.8799363374710083,
          "y": 0.09653926640748978,
          "z": -0.20299012959003448
        },
        "matrix": [
          [
            0.8989505767822266,
            0.33982139825820923,
            -0.2764219641685486,
            0.38707438111305237
          ],
          [
            -2.6635825634002686e-05,
            -0.6309858560562134,
            -0.7757943868637085,
            -0.3563379645347595
          ],
          [
            -0.43805310130119324,
            0.6974124908447266,
            -0.5672206878662109,
            1.8316969871520996
          ],
          [
            0.0,
            0.0,
            0.0,
            1.0
          ]
        ]
      },
      "bone_length_armature_space": 0.028514436061573126,
      "parent": "metacarpal_index_l",
      "has_children": true,
      "is_end_bone": false
    },
    "index_02_l": {
      "name": "index_02_l",
      "local": {
        "location": {
          "x": 0.0,
          "y": 0.0,
          "z": 0.0
        },
        "rotation_quaternion": {
          "w": 0.9799740314483643,
          "x": 0.19904613494873047,
          "y": -0.0052239247597754,
          "z": -0.0020554533693939447
        },
        "scale": {
          "x": 1.0,
          "y": 1.0,
          "z": 1.0
        },
        "matrix_basis": [
          [
            0.9999369978904724,
            0.0019489778205752373,
            -0.01105688139796257,
            0.0
          ],
          [
            -0.006108185742050409,
            0.9207528233528137,
            -0.39009860157966614,
            0.0
          ],
          [
            0.009420361369848251,
            0.3901415765285492,
            0.9207066893577576,
            0.0
          ],
          [
            0.0,
            0.0,
            0.0,
            1.0
          ]
        ],
        "rotation_mode": "QUATERNION"
      },
      "armature_space": {
        "head": {
          "x": 0.39676401019096375,
          "y": -0.4375745952129364,
          "z": 0.9017294049263
        },
        "tail": {
          "x": 0.4024931788444519,
          "y": -0.4598044753074646,
          "z": 0.913179337978363
        }
      },
      "world_space": {
        "head": {
          "x": 0.39676401019096375,
          "y": -0.3743305802345276,
          "z": 1.851583480834961
        },
        "tail": {
          "x": 0.4024931788444519,
          "y": -0.3965604901313782,
          "z": 1.8630332946777344
        },
        "rotation_quaternion": {
          "w": 0.2534133493900299,
          "x": 0.9313424229621887,
          "y": 0.05006003379821777,
          "z": -0.25666534900665283
        },
        "matrix": [
          [
            0.8632339239120483,
            0.2233307957649231,
            -0.45271438360214233,
            0.39676401019096375
          ],
          [
            -0.03683850169181824,
            -0.8665512800216675,
            -0.4977266788482666,
            -0.3743305802345276
          ],
          [
            -0.5034617185592651,
            0.44633418321609497,
            -0.7398148775100708,
            1.851583480834961
          ],
          [
            0.0,
            0.0,
            0.0,
            1.0
          ]
        ]
      },
      "bone_length_armature_space": 0.02565330192825996,
      "parent": "index_01_l",
      "has_children": true,
      "is_end_bone": false
    },
    "index_03_l": {
      "name": "index_03_l",
      "local": {
        "location": {
          "x": 0.0,
          "y": 0.0,
          "z": 0.0
        },
        "rotation_quaternion": {
          "w": 0.9722703695297241,
          "x": 0.23375868797302246,
          "y": -0.004211882594972849,
          "z": -0.005434276070445776
        },
        "scale": {
          "x": 1.0,
          "y": 1.0,
          "z": 1.0
        },
        "matrix_basis": [
          [
            0.9999054670333862,
            0.008598042652010918,
            -0.010730795562267303,
            0.0
          ],
          [
            -0.012536299414932728,
            0.8906546831130981,
            -0.4545074999332428,
            0.0
          ],
          [
            0.005649558734148741,
            0.4545990824699402,
            0.8906782865524292,
            0.0
          ],
          [
            0.0,
            0.0,
            0.0,
            1.0
          ]
        ],
        "rotation_mode": "QUATERNION"
      },
      "armature_space": {
        "head": {
          "x": 0.4024932086467743,
          "y": -0.45980438590049744,
          "z": 0.9131794571876526
        },
        "tail": {
          "x": 0.40399524569511414,
          "y": -0.488897442817688,
          "z": 0.9109277725219727
        }
      },
      "world_space": {
        "head": {
          "x": 0.4024932086467743,
          "y": -0.3965603709220886,
          "z": 1.8630335330963135
        },
        "tail": {
          "x": 0.40399524569511414,
          "y": -0.42565345764160156,
          "z": 1.8607817888259888
        },
        "rotation_quaternion": {
          "w": 0.030715901404619217,
          "x": -0.9657512307167053,
          "y": -0.03473438322544098,
          "z": 0.25529319047927856
        },
        "matrix": [
          [
            0.8672377467155457,
            0.05140654742717743,
            -0.49523308873176575,
            0.4024932086467743
          ],
          [
            0.08277269452810287,
            -0.9957001209259033,
            0.04159224033355713,
            -0.3965603709220886
          ],
          [
            -0.490969181060791,
            -0.077063649892807,
            -0.8677698373794556,
            1.8630335330963135
          ],
          [
            0.0,
            0.0,
            0.0,
            1.0
          ]
        ]
      },
      "bone_length_armature_space": 0.029218695697393906,
      "parent": "index_02_l",
      "has_children": false,
      "is_end_bone": true
    },
    "metacarpal_pinky_l": {
      "name": "metacarpal_pinky_l",
      "local": {
        "location": {
          "x": 0.0,
          "y": 0.0,
          "z": 0.0
        },
        "rotation_quaternion": {
          "w": 0.9982919692993164,
          "x": -0.05782351642847061,
          "y": -0.003834077389910817,
          "z": -0.00740885641425848
        },
        "scale": {
          "x": 1.0,
          "y": 1.0,
          "z": 1.0
        },
        "matrix_basis": [
          [
            0.9998608231544495,
            0.015235803090035915,
            -0.006798245012760162,
            0.0
          ],
          [
            -0.014349004253745079,
            0.9932031035423279,
            0.11550631374120712,
            0.0
          ],
          [
            0.008511869236826897,
            -0.11539269238710403,
            0.9932835102081299,
            0.0
          ],
          [
            0.0,
            0.0,
            0.0,
            1.0
          ]
        ],
        "rotation_mode": "QUATERNION"
      },
      "armature_space": {
        "head": {
          "x": 0.39311593770980835,
          "y": -0.3286791443824768,
          "z": 0.8081580400466919
        },
        "tail": {
          "x": 0.4458451271057129,
          "y": -0.39850708842277527,
          "z": 0.8646110892295837
        }
      },
      "world_space": {
        "head": {
          "x": 0.39311593770980835,
          "y": -0.2654351592063904,
          "z": 1.758012056350708
        },
        "tail": {
          "x": 0.4458451271057129,
          "y": -0.33526307344436646,
          "z": 1.814465045928955
        },
        "rotation_quaternion": {
          "w": 0.31639349460601807,
          "x": 0.12998318672180176,
          "y": -0.2541757822036743,
          "z": -0.9046515226364136
        },
        "matrix": [
          [
            -0.7659984827041626,
            0.506374716758728,
            -0.3960186839103699,
            0.39311593770980835
          ],
          [
            -0.6385294795036316,
            -0.6705794334411621,
            0.37762874364852905,
            -0.2654351592063904
          ],
          [
            -0.07434121519327164,
            0.5421359539031982,
            0.8370043039321899,
            1.758012056350708
          ],
          [
            0.0,
            0.0,
            0.0,
            1.0
          ]
        ]
      },
      "bone_length_armature_space": 0.10413095500354584,
      "parent": "lowerarm_l",
      "has_children": true,
      "is_end_bone": false
    },
    "pinky_01_l": {
      "name": "pinky_01_l",
      "local": {
        "location": {
          "x": 0.0,
          "y": 0.0,
          "z": 0.0
        },
        "rotation_quaternion": {
          "w": 0.9983739256858826,
          "x": 0.0553395114839077,
          "y": 0.013484595343470573,
          "z": -0.0022849366068840027
        },
        "scale": {
          "x": 1.0,
          "y": 1.0,
          "z": 1.0
        },
        "matrix_basis": [
          [
            0.9996258616447449,
            0.0060549043118953705,
            0.026672441512346268,
            0.0
          ],
          [
            -0.0030699805356562138,
            0.9938646554946899,
            -0.11056067049503326,
            0.0
          ],
          [
            -0.02717823162674904,
            0.11043743044137955,
            0.9935113787651062,
            0.0
          ],
          [
            0.0,
            0.0,
            0.0,
            1.0
          ]
        ],
        "rotation_mode": "QUATERNION"
      },
      "armature_space": {
        "head": {
          "x": 0.4458451271057129,
          "y": -0.39850708842277527,
          "z": 0.8646110892295837
        },
