{
  "metadata": {
    "armature_name": "KIM_caucasian_male",
    "export_time": "2026-01-13T21:08:10.033734",
    "blender_version": "4.4.1",
    "bone_count": 56,
    "end_bone_count": 13,
    "spaces_included": [
      "LOCAL_CHANNELS",
      "ARMATURE_SPACE",
      "WORLD_SPACE"
    ],
    "note": "LOCAL matches Transform panel; replay pose via local.matrix_basis for best fidelity."
  },
  "bones": {
    "Root": {
      "name": "Root",
      "local": {
        "location": {
          "x": 0.0,
          "y": 0.0,
          "z": 0.0
        },
        "rotation_quaternion": {
          "w": 0.9996145963668823,
          "x": 0.018242323771119118,
          "y": -0.0039006713777780533,
          "z": 0.020564209669828415
        },
        "scale": {
          "x": 1.0,
          "y": 1.0,
          "z": 1.0
        },
        "matrix_basis": [
          [
            0.9991238117218018,
            -0.041254881769418716,
            -0.007048058323562145,
            0.0
          ],
          [
            0.04097025468945503,
            0.9984886646270752,
            -0.036631014198064804,
            0.0
          ],
          [
            0.008548613637685776,
            0.03631015866994858,
            0.9993039965629578,
            0.0
          ],
          [
            0.0,
            0.0,
            0.0,
            1.0
          ]
        ],
        "rotation_mode": "QUATERNION"
      },
      "armature_space": {
        "head": {
          "x": 0.0,
          "y": 0.07072800397872925,
          "z": -0.009595036506652832
        },
        "tail": {
          "x": -0.002944603096693754,
          "y": -0.00024150311946868896,
          "z": -0.0025826646015048027
        }
      },
      "world_space": {
        "head": {
          "x": 0.0,
          "y": 0.13397200405597687,
          "z": 0.9402589797973633
        },
        "tail": {
          "x": -0.002944603096693754,
          "y": 0.06300249695777893,
          "z": 0.9472713470458984
        },
        "rotation_quaternion": {
          "w": 0.0491408072412014,
          "x": 0.9985725283622742,
          "y": -0.020780276507139206,
          "z": -0.0025064453948289156
        },
        "matrix": [
          [
            0.9991238117218018,
            -0.041254881769418716,
            -0.007048058323562145,
            0.0
          ],
          [
            -0.0417475625872612,
            -0.9943066835403442,
            -0.09803760796785355,
            0.13397200405597687
          ],
          [
            -0.0029634605161845684,
            0.09824569523334503,
            -0.9951648116111755,
            0.9402589797973633
          ],
          [
            0.0,
            0.0,
            0.0,
            1.0
          ]
        ]
      },
      "bone_length_armature_space": 0.0713758696014799,
      "parent": null,
      "has_children": true,
      "is_end_bone": false
    },
    "spine_01": {
      "name": "spine_01",
      "local": {
        "location": {
          "x": 0.0,
          "y": 0.0,
          "z": 0.0
        },
        "rotation_quaternion": {
          "w": 0.9986248016357422,
          "x": 0.010355954989790916,
          "y": 0.04406033083796501,
          "z": -0.026460207998752594
        },
        "scale": {
          "x": 1.0,
          "y": 1.0,
          "z": 1.0
        },
        "matrix_basis": [
          [
            0.9947170615196228,
            0.053760211914777756,
            0.08745143562555313,
            0.0
          ],
          [
            -0.051935065537691116,
            0.9983852505683899,
            -0.023015117272734642,
            0.0
          ],
          [
            -0.08854752033948898,
            0.018351735547184944,
            0.9959028959274292,
            0.0
          ],
          [
            0.0,
            0.0,
            0.0,
            1.0
          ]
        ],
        "rotation_mode": "QUATERNION"
      },
      "armature_space": {
        "head": {
          "x": -0.002944603096693754,
          "y": -0.00024150311946868896,
          "z": -0.0025826646015048027
        },
        "tail": {
          "x": 0.024546299129724503,
          "y": -0.0053197103552520275,
          "z": 0.4846205413341522
        }
      },
      "world_space": {
        "head": {
          "x": -0.002944603096693754,
          "y": 0.06300249695777893,
          "z": 0.9472713470458984
        },
        "tail": {
          "x": 0.024546299129724503,
          "y": 0.057924289256334305,
          "z": 1.4344745874404907
        },
        "rotation_quaternion": {
          "w": 0.7024890184402466,
          "x": 0.7107677459716797,
          "y": 0.03613796830177307,
          "z": -0.0035319062881171703
        },
        "matrix": [
          [
            0.9973631501197815,
            0.05633367598056793,
            0.04575270414352417,
            -0.002944603096693754
          ],
          [
            0.046409524977207184,
            -0.010406136512756348,
            -0.9988682866096497,
            0.06300249695777893
          ],
          [
            -0.055794164538383484,
            0.9983647465705872,
            -0.012994116172194481,
            0.9472713470458984
          ],
          [
            0.0,
            0.0,
            0.0,
            1.0
          ]
        ]
      },
      "bone_length_armature_space": 0.48800462323871424,
      "parent": "Root",
      "has_children": true,
      "is_end_bone": false
    },
    "neck_01": {
      "name": "neck_01",
      "local": {
        "location": {
          "x": 0.0,
          "y": 0.0,
          "z": 0.0
        },
        "rotation_quaternion": {
          "w": 0.9928287267684937,
          "x": 0.014372839592397213,
          "y": -0.10590920597314835,
          "z": 0.05355161800980568
        },
        "scale": {
          "x": 1.0,
          "y": 1.0,
          "z": 1.0
        },
        "matrix_basis": [
          [
            0.9718309044837952,
            -0.1093796044588089,
            -0.20876002311706543,
            0.0
          ],
          [
            0.10329073667526245,
            0.9938513040542603,
            -0.03988275304436684,
            0.0
          ],
          [
            0.21183878183364868,
            0.01719631813466549,
            0.9771533012390137,
            0.0
          ],
          [
            0.0,
            0.0,
            0.0,
            1.0
          ]
        ],
        "rotation_mode": "QUATERNION"
      },
      "armature_space": {
        "head": {
          "x": 0.030257686972618103,
          "y": -0.04072282463312149,
          "z": 0.5572686791419983
        },
        "tail": {
          "x": 0.026187513023614883,
          "y": -0.0824928730726242,
          "z": 0.6508070826530457
        }
      },
      "world_space": {
        "head": {
          "x": 0.030257686972618103,
          "y": 0.02252117544412613,
          "z": 1.5071227550506592
        },
        "tail": {
          "x": 0.026187513023614883,
          "y": -0.019248872995376587,
          "z": 1.600661039352417
        },
        "rotation_quaternion": {
          "w": 0.5399096012115479,
          "x": 0.8359243869781494,
          "y": -0.06916341930627823,
          "z": -0.07031746953725815
        },
        "matrix": [
          [
            0.9805437922477722,
            -0.03970075398683548,
            -0.19224417209625244,
            0.030257686972618103
          ],
          [
            -0.1915610134601593,
            -0.4074278175830841,
            -0.8929205536842346,
            0.02252117544412613
          ],
          [
            -0.04287648946046829,
            0.9123800992965698,
            -0.4071095585823059,
            1.5071227550506592
          ],
          [
            0.0,
            0.0,
            0.0,
            1.0
          ]
        ]
      },
      "bone_length_armature_space": 0.10252188105944224,
      "parent": "spine_01",
      "has_children": true,
      "is_end_bone": false
    },
    "head": {
      "name": "head",
      "local": {
        "location": {
          "x": 0.0,
          "y": 0.0,
          "z": 0.0
        },
        "rotation_quaternion": {
          "w": 0.9734675884246826,
          "x": 0.024973612278699875,
          "y": 0.11289054900407791,
          "z": -0.19746661186218262
        },
        "scale": {
          "x": 1.0,
          "y": 1.0,
          "z": 1.0
        },
        "matrix_basis": [
          [
            0.8965253233909607,
            0.39009326696395874,
            0.20992767810821533,
            0.0
          ],
          [
            -0.3788161277770996,
            0.9207665324211121,
            -0.09320623427629471,
            0.0
          ],
          [
            -0.2296534925699234,
            0.004037775564938784,
            0.9732640981674194,
            0.0
          ],
          [
            0.0,
            0.0,
            0.0,
            1.0
          ]
        ],
        "rotation_mode": "QUATERNION"
      },
      "armature_space": {
        "head": {
          "x": 0.026187486946582794,
          "y": -0.08249297738075256,
          "z": 0.6508069634437561
        },
        "tail": {
          "x": 0.08990266919136047,
          "y": -0.10301060974597931,
          "z": 0.7907092571258545
        }
      },
      "world_space": {
        "head": {
          "x": 0.026187486946582794,
          "y": -0.019248977303504944,
          "z": 1.600661039352417
        },
        "tail": {
          "x": 0.08990266919136047,
          "y": -0.03976660966873169,
          "z": 1.7405632734298706
        },
        "rotation_quaternion": {
          "w": 0.6381896138191223,
          "x": 0.7406314611434937,
          "y": 0.16299255192279816,
          "z": -0.1327124834060669
        },
        "matrix": [
          [
            0.9116415977478027,
            0.41082656383514404,
            0.011460363864898682,
            0.026187486946582794
          ],
          [
            0.07204562425613403,
            -0.13229484856128693,
            -0.9885887503623962,
            -0.019248977303504944
          ],
          [
            -0.4046250879764557,
            0.9020704030990601,
            -0.15020564198493958,
            1.600661039352417
          ],
          [
            0.0,
            0.0,
            0.0,
            1.0
          ]
        ]
      },
      "bone_length_armature_space": 0.15509109785873448,
      "parent": "neck_01",
      "has_children": false,
      "is_end_bone": true
    },
    "upperarm_l": {
      "name": "upperarm_l",
      "local": {
        "location": {
          "x": 0.0,
          "y": 0.0,
          "z": 0.0
        },
        "rotation_quaternion": {
          "w": 0.9459683895111084,
          "x": -0.037363450974226,
          "y": 0.2984539866447449,
          "z": -0.12113234400749207
        },
        "scale": {
          "x": 1.0,
          "y": 1.0,
          "z": 1.0
        },
        "matrix_basis": [
          [
            0.7925043702125549,
            0.20687219500541687,
            0.5737079381942749,
            0.0
          ],
          [
            -0.25147727131843567,
            0.9678618311882019,
            -0.0016155748162418604,
            0.0
          ],
          [
            -0.5556042194366455,
            -0.14299415051937103,
            0.819058358669281,
            0.0
          ],
          [
            0.0,
            0.0,
            0.0,
            1.0
          ]
        ],
        "rotation_mode": "QUATERNION"
      },
      "armature_space": {
        "head": {
          "x": 0.176222026348114,
          "y": -0.03624754399061203,
          "z": 0.48176026344299316
        },
        "tail": {
          "x": 0.42623043060302734,
          "y": 0.025976449251174927,
          "z": 0.4080605208873749
        }
      },
      "world_space": {
        "head": {
          "x": 0.176222026348114,
          "y": 0.02699645608663559,
          "z": 1.4316142797470093
        },
        "tail": {
          "x": 0.42623043060302734,
          "y": 0.08922044932842255,
          "z": 1.3579145669937134
        },
        "rotation_quaternion": {
          "w": 0.2592018246650696,
          "x": 0.5031155347824097,
          "y": 0.7408902645111084,
          "z": -0.3616226017475128
        },
        "matrix": [
          [
            -0.35937732458114624,
            0.9329736232757568,
            0.020202144980430603,
            0.176222026348114
          ],
          [
            0.5580413341522217,
            0.2322055697441101,
            -0.7966620922088623,
            0.02699645608663559
          ],
          [
            -0.7479605078697205,
            -0.2750304043292999,
            -0.6040921807289124,
            1.4316142797470093
          ],
          [
            0.0,
            0.0,
            0.0,
            1.0
          ]
        ]
      },
      "bone_length_armature_space": 0.2679695495525421,
      "parent": "spine_01",
      "has_children": true,
      "is_end_bone": false
    },
    "lowerarm_l": {
      "name": "lowerarm_l",
      "local": {
        "location": {
          "x": 0.0,
          "y": 0.0,
          "z": 0.0
        },
        "rotation_quaternion": {
          "w": 0.8463701009750366,
          "x": 0.38934627175331116,
          "y": -0.2219570130109787,
          "z": 0.2877540588378906
        },
        "scale": {
          "x": 1.0,
          "y": 1.0,
          "z": 1.0
        },
        "matrix_basis": [
          [
            0.7358653545379639,
            -0.6599291563034058,
            -0.15164361894130707,
            0.0
          ],
          [
            0.31425657868385315,
            0.53121417760849,
            -0.7868001461029053,
            0.0
          ],
          [
            0.5997874736785889,
            0.531324028968811,
            0.5982891321182251,
            0.0
          ],
          [
            0.0,
            0.0,
            0.0,
            1.0
          ]
        ],
        "rotation_mode": "QUATERNION"
      },
      "armature_space": {
        "head": {
          "x": 0.4262305498123169,
          "y": 0.025976363569498062,
          "z": 0.40806055068969727
        },
        "tail": {
          "x": 0.6081220507621765,
          "y": -0.16557778418064117,
          "z": 0.4503907859325409
        }
      },
      "world_space": {
        "head": {
          "x": 0.4262305498123169,
          "y": 0.08922035992145538,
          "z": 1.3579145669937134
        },
        "tail": {
          "x": 0.6081220507621765,
          "y": -0.10233378410339355,
          "z": 1.4002448320388794
        },
        "rotation_quaternion": {
          "w": 0.32177022099494934,
          "x": 0.6487755179405212,
          "y": 0.19608989357948303,
          "z": -0.661137580871582
        },
        "matrix": [
          [
            0.04889196902513504,
            0.6799060702323914,
            -0.7316673994064331,
            0.4262305498123169
          ],
          [
            -0.17103254795074463,
            -0.7160247564315796,
            -0.6767988204956055,
            0.08922035992145538
          ],
          [
            -0.9840586185455322,
            0.15822935104370117,
            0.08127820491790771,
            1.3579145669937134
          ],
          [
            0.0,
            0.0,
            0.0,
            1.0
          ]
        ]
      },
      "bone_length_armature_space": 0.2675245032914075,
      "parent": "upperarm_l",
      "has_children": true,
      "is_end_bone": false
    },
    "metacarpal_thumb_l": {
      "name": "metacarpal_thumb_l",
      "local": {
        "location": {
          "x": 0.0,
          "y": 0.0,
          "z": 0.0
        },
        "rotation_quaternion": {
          "w": 0.9997419118881226,
          "x": 0.014903221279382706,
          "y": 0.011170171201229095,
          "z": -0.01301559153944254
        },
        "scale": {
          "x": 1.0,
          "y": 1.0,
          "z": 1.0
        },
        "matrix_basis": [
          [
            0.9994116425514221,
            0.026357408612966537,
            0.021946627646684647,
            0.0
          ],
          [
            -0.025691522285342216,
            0.9992169737815857,
            -0.030089521780610085,
            0.0
          ],
          [
            -0.022722525522112846,
            0.02950797788798809,
            0.9993062615394592,
            0.0
          ],
          [
            0.0,
            0.0,
            0.0,
            1.0
          ]
        ],
        "rotation_mode": "QUATERNION"
      },
      "armature_space": {
        "head": {
          "x": 0.6081220507621765,
          "y": -0.16557778418064117,
          "z": 0.4503907859325409
        },
        "tail": {
          "x": 0.615024209022522,
          "y": -0.2145927995443344,
          "z": 0.44852736592292786
        }
      },
      "world_space": {
        "head": {
          "x": 0.6081220507621765,
          "y": -0.10233378410339355,
          "z": 1.4002448320388794
        },
        "tail": {
          "x": 0.615024209022522,
          "y": -0.1513487994670868,
          "z": 1.3983813524246216
        },
        "rotation_quaternion": {
          "w": 0.018126752227544785,
          "x": -0.9973242878913879,
          "y": -0.07004828006029129,
          "z": 0.010436950251460075
        },
        "matrix": [
          [
            0.9899685382843018,
            0.13934332132339478,
            -0.023357560858130455,
            0.6081220507621765
          ],
          [
            0.14010001718997955,
            -0.9895292520523071,
            0.03469383344054222,
            -0.10233378410339355
          ],
          [
            -0.01827869564294815,
            -0.03761940449476242,
            -0.9991320371627808,
            1.4002448320388794
          ],
          [
            0.0,
            0.0,
            0.0,
            1.0
          ]
        ]
      },
      "bone_length_armature_space": 0.04953366497102554,
      "parent": "lowerarm_l",
      "has_children": true,
      "is_end_bone": false
    },
    "thumb_01_l": {
      "name": "thumb_01_l",
      "local": {
        "location": {
          "x": 0.0,
          "y": 0.0,
          "z": 0.0
        },
        "rotation_quaternion": {
          "w": 0.9686232209205627,
          "x": 0.24833732843399048,
          "y": -0.00863556656986475,
          "z": 0.0048218052834272385
        },
        "scale": {
          "x": 1.0,
          "y": 1.0,
          "z": 1.0
        },
        "matrix_basis": [
          [
            0.9998043775558472,
            -0.013630092144012451,
            -0.014334351755678654,
            0.0
          ],
          [
            0.005051957909017801,
            0.8766106367111206,
            -0.48117387294769287,
            0.0
          ],
          [
            0.019124088808894157,
            0.48100733757019043,
            0.8765079975128174,
            0.0
          ],
          [
            0.0,
            0.0,
            0.0,
            1.0
          ]
        ],
        "rotation_mode": "QUATERNION"
      },
      "armature_space": {
        "head": {
          "x": 0.615024209022522,
          "y": -0.2145927995443344,
          "z": 0.44852736592292786
        },
        "tail": {
          "x": 0.6298691630363464,
          "y": -0.2324964702129364,
          "z": 0.4236733615398407
        }
      },
      "world_space": {
        "head": {
          "x": 0.615024209022522,
          "y": -0.1513487994670868,
          "z": 1.3983813524246216
        },
        "tail": {
          "x": 0.6298691630363464,
          "y": -0.16925247013568878,
          "z": 1.3735274076461792
        },
        "rotation_quaternion": {
          "w": 0.4666273891925812,
          "x": -0.5910765528678894,
          "y": 0.1388057917356491,
          "z": -0.6431332230567932
        },
        "matrix": [
          [
            0.13422614336013794,
            0.43612074851989746,
            0.8898213505744934,
            0.615024209022522
          ],
          [
            -0.7642968893051147,
            -0.5259816646575928,
            0.37308618426322937,
            -0.1513487994670868
          ],
          [
            0.6307440996170044,
            -0.7301715612411499,
            0.2627274692058563,
            1.3983813524246216
          ],
          [
            0.0,
            0.0,
            0.0,
            1.0
          ]
        ]
      },
      "bone_length_armature_space": 0.034038736722681685,
      "parent": "metacarpal_thumb_l",
      "has_children": true,
      "is_end_bone": false
    },
    "thumb_02_l": {
      "name": "thumb_02_l",
      "local": {
        "location": {
          "x": 0.0,
          "y": 0.0,
          "z": 0.0
        },
        "rotation_quaternion": {
          "w": 0.8821958303451538,
          "x": 0.47076019644737244,
          "y": -0.008790837600827217,
          "z": -0.0061860401183366776
        },
        "scale": {
          "x": 1.0,
          "y": 1.0,
          "z": 1.0
        },
        "matrix_basis": [
          [
            0.9997689127922058,
            0.002637844765558839,
            -0.02133476361632347,
            0.0
          ],
          [
            -0.019191350787878036,
            0.5566931366920471,
            -0.830496609210968,
            0.0
          ],
          [
            0.009686198085546494,
            0.8307141065597534,
            0.5566151142120361,
            0.0
          ],
          [
            0.0,
            0.0,
            0.0,
            1.0
          ]
        ],
        "rotation_mode": "QUATERNION"
      },
      "armature_space": {
        "head": {
          "x": 0.6298690438270569,
          "y": -0.232496440410614,
          "z": 0.4236733615398407
        },
        "tail": {
          "x": 0.6495077610015869,
          "y": -0.23061232268810272,
          "z": 0.4586586058139801
        }
      },
      "world_space": {
        "head": {
          "x": 0.6298690438270569,
          "y": -0.1692524403333664,
          "z": 1.3735274076461792
        },
        "tail": {
          "x": 0.6495077610015869,
          "y": -0.1673683226108551,
          "z": 1.4085125923156738
        },
        "rotation_quaternion": {
          "w": 0.45187243819236755,
          "x": 0.11206568777561188,
          "y": -0.565035879611969,
          "z": -0.6811661124229431
        },
        "matrix": [
          [
            -0.566502571105957,
            0.4889580309391022,
            -0.6633211374282837,
            0.6298690438270569
          ],
          [
            -0.742244303226471,
            0.046910107135772705,
            0.6684854030609131,
            -0.1692524403333664
          ],
          [
            0.35797959566116333,
            0.8710513114929199,
            0.3363547921180725,
            1.3735274076461792
          ],
          [
            0.0,
            0.0,
            0.0,
            1.0
          ]
        ]
      },
      "bone_length_armature_space": 0.040164616407967466,
      "parent": "thumb_01_l",
      "has_children": true,
      "is_end_bone": false
    },
    "thumb_03_l": {
      "name": "thumb_03_l",
      "local": {
        "location": {
          "x": 0.0,
          "y": 0.0,
          "z": 0.0
        },
        "rotation_quaternion": {
          "w": 0.9874608516693115,
          "x": 0.1578153520822525,
          "y": 0.0011290358379483223,
          "z": 0.0037623753305524588
        },
        "scale": {
          "x": 1.0,
          "y": 1.0,
          "z": 1.0
        },
        "matrix_basis": [
          [
            0.9999691247940063,
            -0.007074038498103619,
            0.00341727863997221,
            0.0
          ],
          [
            0.007786754984408617,
            0.9501603245735168,
            -0.3116644620895386,
            0.0
          ],
          [
            -0.0010422362247481942,
            0.31168144941329956,
            0.9501860737800598,
            0.0
          ],
          [
            0.0,
            0.0,
            0.0,
            1.0
          ]
        ],
        "rotation_mode": "QUATERNION"
      },
      "armature_space": {
        "head": {
          "x": 0.6495077610015869,
          "y": -0.23061241209506989,
          "z": 0.4586585760116577
        },
        "tail": {
          "x": 0.6517706513404846,
          "y": -0.21751980483531952,
          "z": 0.48605138063430786
        }
      },
      "world_space": {
        "head": {
          "x": 0.6495077610015869,
          "y": -0.16736841201782227,
          "z": 1.4085125923156738
        },
        "tail": {
          "x": 0.6517706513404846,
          "y": -0.1542758047580719,
          "z": 1.4359054565429688
        },
        "rotation_quaternion": {
          "w": 0.5608111619949341,
          "x": 0.31995266675949097,
          "y": -0.632860004901886,
          "z": -0.4273281395435333
        },
        "matrix": [
          [
            -0.16624397039413452,
            0.07432806491851807,
            -0.9832793474197388,
            0.6495077610015869
          ],
          [
            -0.8842706084251404,
            0.4300428628921509,
            0.1820124387741089,
            -0.16736841201782227
          ],
          [
            0.43638312816619873,
            0.8997504711151123,
            -0.005765706300735474,
            1.4085125923156738
          ],
          [
            0.0,
            0.0,
            0.0,
            1.0
          ]
        ]
      },
      "bone_length_armature_space": 0.030445077831226144,
      "parent": "thumb_02_l",
      "has_children": false,
      "is_end_bone": true
    },
    "metacarpal_index_l": {
      "name": "metacarpal_index_l",
      "local": {
        "location": {
          "x": 0.0,
          "y": 0.0,
          "z": 0.0
        },
        "rotation_quaternion": {
          "w": 0.9975314140319824,
          "x": -0.06953494250774384,
          "y": 0.00968907494097948,
          "z": 0.0014835428446531296
        },
        "scale": {
          "x": 1.0,
          "y": 1.0,
          "z": 1.0
        },
        "matrix_basis": [
          [
            0.9998078346252441,
            -0.004307219758629799,
            0.019123997539281845,
            0.0
          ],
          [
            0.001612302614375949,
            0.990325391292572,
            0.13875532150268555,
            0.0
          ],
          [
            -0.01953662931919098,
            -0.13869783282279968,
            0.9901420474052429,
            0.0
          ],
          [
            0.0,
            0.0,
            0.0,
            1.0
          ]
        ],
        "rotation_mode": "QUATERNION"
      },
      "armature_space": {
        "head": {
          "x": 0.6081220507621765,
          "y": -0.16557778418064117,
          "z": 0.4503907859325409
        },
        "tail": {
          "x": 0.665381908416748,
          "y": -0.2639884054660797,
          "z": 0.4780653417110443
        }
      },
      "world_space": {
        "head": {
          "x": 0.6081220507621765,
          "y": -0.10233378410339355,
          "z": 1.4002448320388794
        },
        "tail": {
          "x": 0.665381908416748,
          "y": -0.2007444053888321,
          "z": 1.4279193878173828
        },
        "rotation_quaternion": {
          "w": 0.19134140014648438,
          "x": 0.9184117317199707,
          "y": 0.20843815803527832,
          "z": -0.2765178382396698
        },
        "matrix": [
          [
            0.760182797908783,
            0.4886830747127533,
            -0.4281480610370636,
            0.6081220507621765
          ],
          [
            0.27704566717147827,
            -0.8398836851119995,
            -0.46673473715782166,
            -0.10233378410339355
          ],
          [
            -0.5876838564872742,
            0.23618799448013306,
            -0.7738585472106934,
            1.4002448320388794
          ],
          [
            0.0,
            0.0,
            0.0,
            1.0
          ]
        ]
      },
      "bone_length_armature_space": 0.11717176530425669,
      "parent": "lowerarm_l",
      "has_children": true,
      "is_end_bone": false
    },
    "index_01_l": {
      "name": "index_01_l",
      "local": {
        "location": {
          "x": 0.0,
          "y": 0.0,
          "z": 0.0
        },
        "rotation_quaternion": {
          "w": 0.9553620219230652,
          "x": 0.29507771134376526,
          "y": -0.01395377330482006,
          "z": -0.004236843436956406
        },
        "scale": {
          "x": 1.0,
          "y": 1.0,
          "z": 1.0
        },
        "matrix_basis": [
          [
            0.9995746612548828,
            -0.00013945635873824358,
            -0.029162205755710602,
            0.0
          ],
          [
            -0.016330333426594734,
            0.8258224129676819,
            -0.5636938214302063,
            0.0
          ],
          [
            0.024161413311958313,
            0.563930332660675,
            0.825468897819519,
            0.0
          ],
          [
            0.0,
            0.0,
            0.0,
            1.0
          ]
        ],
        "rotation_mode": "QUATERNION"
      },
      "armature_space": {
        "head": {
          "x": 0.665381908416748,
          "y": -0.2639884054660797,
          "z": 0.4780653417110443
        },
        "tail": {
          "x": 0.678392231464386,
          "y": -0.287489116191864,
          "z": 0.46849876642227173
        }
      },
      "world_space": {
        "head": {
          "x": 0.665381908416748,
          "y": -0.2007444053888321,
          "z": 1.4279193878173828
        },
        "tail": {
          "x": 0.678392231464386,
          "y": -0.2242451161146164,
          "z": 1.4183528423309326
        },
        "rotation_quaternion": {
          "w": 0.062438320368528366,
          "x": -0.8713030815124512,
          "y": -0.2898547351360321,
          "z": 0.3910457491874695
        },
        "matrix": [
          [
            0.526134192943573,
            0.4562717080116272,
            -0.7176341414451599,
            0.665381908416748
          ],
          [
            0.5539352297782898,
            -0.8241711854934692,
            -0.11788955330848694,
            -0.2007444053888321
          ],
          [
            -0.6452470421791077,
            -0.3355002999305725,
            -0.6863745450973511,
            1.4279193878173828
          ],
          [
            0.0,
            0.0,
            0.0,
            1.0
          ]
        ]
      },
      "bone_length_armature_space": 0.02851440493112006,
      "parent": "metacarpal_index_l",
      "has_children": true,
      "is_end_bone": false
    },
    "index_02_l": {
      "name": "index_02_l",
      "local": {
        "location": {
          "x": 0.0,
          "y": 0.0,
          "z": 0.0
        },
        "rotation_quaternion": {
          "w": 0.901893138885498,
          "x": 0.4318554699420929,
          "y": -0.007590778172016144,
          "z": -0.0056753321550786495
        },
        "scale": {
          "x": 1.0,
          "y": 1.0,
          "z": 1.0
        },
        "matrix_basis": [
          [
            0.999820351600647,
            0.0036808480508625507,
            -0.018593987450003624,
            0.0
          ],
          [
            -0.016793323680758476,
            0.6269372701644897,
            -0.7788888216018677,
            0.0
          ],
          [
            0.008790294639766216,
            0.7790611386299133,
            0.6268864870071411,
            0.0
          ],
          [
            0.0,
            0.0,
            0.0,
            1.0
          ]
        ],
        "rotation_mode": "QUATERNION"
      },
      "armature_space": {
        "head": {
          "x": 0.6783919930458069,
          "y": -0.2874895930290222,
          "z": 0.4684985876083374
        },
        "tail": {
          "x": 0.6717766523361206,
          "y": -0.30400335788726807,
          "z": 0.4500153660774231
        }
      },
      "world_space": {
        "head": {
          "x": 0.6783919930458069,
          "y": -0.2242455929517746,
          "z": 1.4183526039123535
        },
        "tail": {
          "x": 0.6717766523361206,
          "y": -0.24075935781002045,
          "z": 1.399869441986084
        },
        "rotation_quaternion": {
          "w": 0.4080500304698944,
          "x": -0.7471433281898499,
          "y": -0.10784934461116791,
          "z": 0.5134595632553101
        },
        "matrix": [
          [
            0.44945722818374634,
            -0.25787433981895447,
            -0.8552713394165039,
            0.6783919930458069
          ],
          [
            0.5801909565925598,
            -0.6437290906906128,
            0.49899065494537354,
            -0.2242455929517746
          ],
          [
            -0.6792440414428711,
            -0.7205013632774353,
            -0.13971289992332458,
            1.4183526039123535
          ],
          [
            0.0,
            0.0,
            0.0,
            1.0
          ]
        ]
      },
      "bone_length_armature_space": 0.025653394106724264,
      "parent": "index_01_l",
      "has_children": true,
      "is_end_bone": false
    },
    "index_03_l": {
      "name": "index_03_l",
      "local": {
        "location": {
          "x": 0.0,
          "y": 0.0,
          "z": 0.0
        },
        "rotation_quaternion": {
          "w": 0.9363557696342468,
          "x": 0.35092785954475403,
          "y": 0.0066838497295975685,
          "z": -0.006544897798448801
        },
        "scale": {
          "x": 1.0,
          "y": 1.0,
          "z": 1.0
        },
        "matrix_basis": [
          [
            0.9998250007629395,
            0.016947804018855095,
            0.007923348806798458,
            0.0
          ],
          [
            -0.007565607316792011,
            0.7536135911941528,
            -0.6572741270065308,
            0.0
          ],
          [
            -0.017110496759414673,
            0.657099187374115,
            0.7536099553108215,
            0.0
          ],
          [
            0.0,
            0.0,
            0.0,
            1.0
          ]
        ],
        "rotation_mode": "QUATERNION"
      },
      "armature_space": {
        "head": {
          "x": 0.6717767715454102,
          "y": -0.30400341749191284,
          "z": 0.45001542568206787
        },
        "tail": {
          "x": 0.6503827571868896,
          "y": -0.3042149543762207,
          "z": 0.4301159679889679
        }
      },
      "world_space": {
        "head": {
          "x": 0.6717767715454102,
          "y": -0.24075941741466522,
          "z": 1.399869441986084
        },
        "tail": {
          "x": 0.6503827571868896,
          "y": -0.24097095429897308,
          "z": 1.3799699544906616
        },
        "rotation_quaternion": {
          "w": 0.7012252807617188,
          "x": -0.531419575214386,
          "y": 0.06829377263784409,
          "z": 0.4703320860862732
        },
        "matrix": [
          [
            0.5482449531555176,
            -0.7322031259536743,
            -0.40411150455474854,
            0.6717767715454102
          ],
          [
            0.5870348215103149,
            -0.007239848375320435,
            0.8095294237136841,
            -0.24075941741466522
          ],
          [
            -0.5956692099571228,
            -0.6810528635978699,
            0.42586326599121094,
            1.399869441986084
          ],
          [
            0.0,
            0.0,
            0.0,
            1.0
          ]
        ]
      },
      "bone_length_armature_space": 0.029218778492149863,
      "parent": "index_02_l",
      "has_children": false,
      "is_end_bone": true
    },
    "metacarpal_pinky_l": {
      "name": "metacarpal_pinky_l",
      "local": {
        "location": {
          "x": 0.0,
          "y": 0.0,
          "z": 0.0
        },
        "rotation_quaternion": {
          "w": 0.9990770816802979,
          "x": -0.040252190083265305,
          "y": 0.013293723575770855,
          "z": 0.006931253243237734
        },
        "scale": {
          "x": 1.0,
          "y": 1.0,
          "z": 1.0
        },
        "matrix_basis": [
          [
            0.999550461769104,
            -0.014919915236532688,
            0.026004912331700325,
            0.0
          ],
          [
            0.012779509648680687,
            0.9966634511947632,
            0.0806143656373024,
            0.0
          ],
          [
            -0.027120904996991158,
            -0.08024580031633377,
            0.996406078338623,
            0.0
          ],
          [
            0.0,
            0.0,
            0.0,
            1.0
          ]
        ],
        "rotation_mode": "QUATERNION"
      },
      "armature_space": {
        "head": {
          "x": 0.6081220507621765,
          "y": -0.16557778418064117,
          "z": 0.4503907859325409
        },
        "tail": {
          "x": 0.7006112933158875,
          "y": -0.2132035791873932,
          "z": 0.4549453556537628
        }
      },
      "world_space": {
        "head": {
          "x": 0.6081220507621765,
          "y": -0.10233378410339355,
          "z": 1.4002448320388794
        },
        "tail": {
          "x": 0.7006112933158875,
          "y": -0.14995957911014557,
          "z": 1.4047993421554565
        },
        "rotation_quaternion": {
          "w": 0.5202599167823792,
          "x": 0.08356812596321106,
          "y": 0.025434454903006554,
          "z": -0.8495287299156189
        },
        "matrix": [
          [
            -0.44469183683395386,
            0.8882026672363281,
            -0.11552125215530396,
            0.6081220507621765
          ],
          [
            -0.8797006607055664,
            -0.4573653042316437,
            -0.13016894459724426,
            -0.10233378410339355
          ],
          [
            -0.16845369338989258,
            0.04373887926340103,
            0.9847458004951477,
            1.4002448320388794
          ],
          [
            0.0,
            0.0,
            0.0,
            1.0
          ]
        ]
      },
      "bone_length_armature_space": 0.10413078647811101,
      "parent": "lowerarm_l",
      "has_children": true,
      "is_end_bone": false
    },
    "pinky_01_l": {
      "name": "pinky_01_l",
      "local": {
        "location": {
          "x": 0.0,
          "y": 0.0,
          "z": 0.0
        },
        "rotation_quaternion": {
          "w": 0.9386202096939087,
          "x": 0.3448457717895508,
          "y": 0.007895087823271751,
          "z": -0.003334241919219494
        },
        "scale": {
          "x": 1.0,
          "y": 1.0,
          "z": 1.0
        },
        "matrix_basis": [
          [
            0.9998530745506287,
            0.01170434895902872,
            0.012521379627287388,
            0.0
          ],
          [
            -0.0008139983983710408,
            0.7621405720710754,
            -0.647411048412323,
            0.0
          ],
          [
            -0.01712057553231716,
            0.6473057866096497,
            0.7620381116867065,
            0.0
          ],
          [
            0.0,
            0.0,
            0.0,
            1.0
          ]
        ],
        "rotation_mode": "QUATERNION"
      },
      "armature_space": {
        "head": {
          "x": 0.7006112933158875,
          "y": -0.2132035791873932,
          "z": 0.4549453556537628
        },
        "tail": {
