{
  "metadata": {
    "armature_name": "KIM_caucasian_male",
    "export_time": "2026-01-13T21:05:23.912896",
    "blender_version": "4.4.1",
    "bone_count": 56,
    "end_bone_count": 13,
    "spaces_included": [
      "LOCAL_CHANNELS",
      "ARMATURE_SPACE",
      "WORLD_SPACE"
    ],
    "note": "LOCAL matches Transform panel; replay pose via local.matrix_basis for best fidelity."
  },
  "bones": {
    "Root": {
      "name": "Root",
      "local": {
        "location": {
          "x": 0.0,
          "y": 0.0,
          "z": 0.0
        },
        "rotation_quaternion": {
          "w": 0.9999164342880249,
          "x": 0.0002381987142143771,
          "y": -0.0038716658018529415,
          "z": -0.012333382852375507
        },
        "scale": {
          "x": 1.0,
          "y": 1.0,
          "z": 1.0
        },
        "matrix_basis": [
          [
            0.9996657967567444,
            0.024662859737873077,
            -0.007748560048639774,
            0.0
          ],
          [
            -0.024666549637913704,
            0.9996956586837769,
            -0.0003808561305049807,
            0.0
          ],
          [
            0.0077368090860545635,
            0.0005718590691685677,
            0.9999698996543884,
            0.0
          ],
          [
            0.0,
            0.0,
            0.0,
            1.0
          ]
        ],
        "rotation_mode": "QUATERNION"
      },
      "armature_space": {
        "head": {
          "x": 0.0,
          "y": 0.07072800397872925,
          "z": -0.009595036506652832
        },
        "tail": {
          "x": 0.001760333077982068,
          "y": 1.6041100025177002e-05,
          "z": -4.336796700954437e-05
        }
      },
      "world_space": {
        "head": {
          "x": 0.0,
          "y": 0.13397200405597687,
          "z": 0.9402589797973633
        },
        "tail": {
          "x": 0.001760333077982068,
          "y": 0.0632600411772728,
          "z": 0.9498106241226196
        },
        "rotation_quaternion": {
          "w": 0.0671243667602539,
          "x": 0.9976608753204346,
          "y": 0.012044538743793964,
          "z": -0.004693744238466024
        },
        "matrix": [
          [
            0.9996657967567444,
            0.024662859737873077,
            -0.007748560048639774,
            0.0
          ],
          [
            0.02340259961783886,
            -0.9906984567642212,
            -0.1340482383966446,
            0.13397200405597687
          ],
          [
            -0.010982554405927658,
            0.13382209837436676,
            -0.9909515976905823,
            0.9402589797973633
          ],
          [
            0.0,
            0.0,
            0.0,
            1.0
          ]
        ]
      },
      "bone_length_armature_space": 0.0713758687764142,
      "parent": null,
      "has_children": true,
      "is_end_bone": false
    },
    "spine_01": {
      "name": "spine_01",
      "local": {
        "location": {
          "x": 0.0,
          "y": 0.0,
          "z": 0.0
        },
        "rotation_quaternion": {
          "w": 0.9987772703170776,
          "x": -0.0016932536382228136,
          "y": 0.040631819516420364,
          "z": 0.028113214299082756
        },
        "scale": {
          "x": 1.0,
          "y": 1.0,
          "z": 1.0
        },
        "matrix_basis": [
          [
            0.9951174259185791,
            -0.056295279413461685,
            0.08106906712055206,
            0.0
          ],
          [
            0.05602007731795311,
            0.9984135627746582,
            0.005666948389261961,
            0.0
          ],
          [
            -0.08125948160886765,
            -0.0010977843776345253,
            0.9966923594474792,
            0.0
          ],
          [
            0.0,
            0.0,
            0.0,
            1.0
          ]
        ],
        "rotation_mode": "QUATERNION"
      },
      "armature_space": {
        "head": {
          "x": 0.001760333077982068,
          "y": 1.6041100025177002e-05,
          "z": -4.336796700954437e-05
        },
        "tail": {
          "x": -0.020897705107927322,
          "y": 0.02250467985868454,
          "z": 0.48691603541374207
        }
      },
      "world_space": {
        "head": {
          "x": 0.001760333077982068,
          "y": 0.0632600411772728,
          "z": 0.9498106241226196
        },
        "tail": {
          "x": -0.020897705107927322,
          "y": 0.08574867993593216,
          "z": 1.4367700815200806
        },
        "rotation_quaternion": {
          "w": 0.7228811979293823,
          "x": 0.6885795593261719,
          "y": 0.022003840655088425,
          "z": 0.05307447537779808
        },
        "matrix": [
          [
            0.9933978319168091,
            -0.04643028974533081,
            0.10490462183952332,
            0.001760333077982068
          ],
          [
            0.10703618824481964,
            0.04608315974473953,
            -0.9931865930557251,
            0.0632600411772728
          ],
          [
            0.04127998650074005,
            0.9978650808334351,
            0.0507480725646019,
            0.9498106241226196
          ],
          [
            0.0,
            0.0,
            0.0,
            1.0
          ]
        ]
      },
      "bone_length_armature_space": 0.4880046879631818,
      "parent": "Root",
      "has_children": true,
      "is_end_bone": false
    },
    "neck_01": {
      "name": "neck_01",
      "local": {
        "location": {
          "x": 0.0,
          "y": 0.0,
          "z": 0.0
        },
        "rotation_quaternion": {
          "w": 0.9798411130905151,
          "x": -0.10372791439294815,
          "y": -0.08989400416612625,
          "z": 0.14515860378742218
        },
        "scale": {
          "x": 1.0,
          "y": 1.0,
          "z": 1.0
        },
        "matrix_basis": [
          [
            0.9416961073875427,
            -0.26581570506095886,
            -0.20627768337726593,
            0.0
          ],
          [
            0.30311375856399536,
            0.9363390207290649,
            0.17717596888542175,
            0.0
          ],
          [
            0.14604967832565308,
            -0.22937153279781342,
            0.9623191952705383,
            0.0
          ],
          [
            0.0,
            0.0,
            0.0,
            1.0
          ]
        ],
        "rotation_mode": "QUATERNION"
      },
      "armature_space": {
        "head": {
          "x": -0.020659122616052628,
          "y": -0.008565330877900124,
          "z": 0.561738133430481
        },
        "tail": {
          "x": -0.05068957060575485,
          "y": -0.021545419469475746,
          "z": 0.6589000821113586
        }
      },
      "world_space": {
        "head": {
          "x": -0.020659122616052628,
          "y": 0.054678671061992645,
          "z": 1.511592149734497
        },
        "tail": {
          "x": -0.05068957060575485,
          "y": 0.04169858247041702,
          "z": 1.6087541580200195
        },
        "rotation_quaternion": {
          "w": 0.6448796987533569,
          "x": 0.7481589913368225,
          "y": -0.14431075751781464,
          "z": 0.05968865379691124
        },
        "matrix": [
          [
            0.9512231349945068,
            -0.29291900992393494,
            -0.09681466966867447,
            -0.020659122616052628
          ],
          [
            -0.13895246386528015,
            -0.12660865485668182,
            -0.9821724891662598,
            0.054678671061992645
          ],
          [
            0.27544116973876953,
            0.9477241635322571,
            -0.1611369550228119,
            1.511592149734497
          ],
          [
            0.0,
            0.0,
            0.0,
            1.0
          ]
        ]
      },
      "bone_length_armature_space": 0.10252197292093873,
      "parent": "spine_01",
      "has_children": true,
      "is_end_bone": false
    },
    "head": {
      "name": "head",
      "local": {
        "location": {
          "x": 0.0,
          "y": 0.0,
          "z": 0.0
        },
        "rotation_quaternion": {
          "w": 0.9952244162559509,
          "x": -0.010441530495882034,
          "y": 0.04982871189713478,
          "z": 0.08328510820865631
        },
        "scale": {
          "x": 1.0,
          "y": 1.0,
          "z": 1.0
        },
        "matrix_basis": [
          [
            0.98116135597229,
            -0.16681532561779022,
            0.09744225442409515,
            0.0
          ],
          [
            0.16473416984081268,
            0.985909104347229,
            0.029083311557769775,
            0.0
          ],
          [
            -0.10092075169086456,
            -0.012483352795243263,
            0.9948161244392395,
            0.0
          ],
          [
            0.0,
            0.0,
            0.0,
            1.0
          ]
        ],
        "rotation_mode": "QUATERNION"
      },
      "armature_space": {
        "head": {
          "x": -0.050689563155174255,
          "y": -0.021545562893152237,
          "z": 0.6589000225067139
        },
        "tail": {
          "x": -0.11139442026615143,
          "y": 0.02023446559906006,
          "z": 0.7953646779060364
        }
      },
      "world_space": {
        "head": {
          "x": -0.050689563155174255,
          "y": 0.04169843718409538,
          "z": 1.60875403881073
        },
        "tail": {
          "x": -0.11139442026615143,
          "y": 0.08347846567630768,
          "z": 1.7452187538146973
        },
        "rotation_quaternion": {
          "w": 0.77903813123703,
          "x": 0.5914105176925659,
          "y": -0.16671860218048096,
          "z": 0.12465249001979828
        },
        "matrix": [
          [
            0.913333535194397,
            -0.39141646027565,
            -0.11231693625450134,
            -0.050689563155174255
          ],
          [
            -0.002977907657623291,
            0.2693917751312256,
            -0.9630261659622192,
            0.04169843718409538
          ],
          [
            0.407204270362854,
            0.8799050450325012,
            0.24487972259521484,
            1.60875403881073
          ],
          [
            0.0,
            0.0,
            0.0,
            1.0
          ]
        ]
      },
      "bone_length_armature_space": 0.1550911085551465,
      "parent": "neck_01",
      "has_children": false,
      "is_end_bone": true
    },
    "upperarm_l": {
      "name": "upperarm_l",
      "local": {
        "location": {
          "x": 0.0,
          "y": 0.0,
          "z": 0.0
        },
        "rotation_quaternion": {
          "w": 0.7095456123352051,
          "x": 0.21311016380786896,
          "y": 0.44541212916374207,
          "z": 0.5027296543121338
        },
        "scale": {
          "x": 1.0,
          "y": 1.0,
          "z": 1.0
        },
        "matrix_basis": [
          [
            0.09774185717105865,
            -0.5235755443572998,
            0.846354067325592,
            0.0
          ],
          [
            0.9032629728317261,
            0.40369391441345215,
            0.14542101323604584,
            0.0
          ],
          [
            -0.41780683398246765,
            0.7502665519714355,
            0.5123841762542725,
            0.0
          ],
          [
            0.0,
            0.0,
            0.0,
            1.0
          ]
        ],
        "rotation_mode": "QUATERNION"
      },
      "armature_space": {
        "head": {
          "x": 0.13180558383464813,
          "y": 0.0012255534529685974,
          "z": 0.5010277032852173
        },
        "tail": {
          "x": 0.2648661136627197,
          "y": -0.17850592732429504,
          "z": 0.6486737728118896
        }
      },
      "world_space": {
        "head": {
          "x": 0.13180558383464813,
          "y": 0.06446955353021622,
          "z": 1.4508817195892334
        },
        "tail": {
          "x": 0.2648661136627197,
          "y": -0.11526192724704742,
          "z": 1.5985277891159058
        },
        "rotation_quaternion": {
          "w": 0.28957173228263855,
          "x": 0.913149893283844,
          "y": 0.28423550724983215,
          "z": 0.03893356770277023
        },
        "matrix": [
          [
            0.8353884816169739,
            0.4965512156486511,
            0.23571842908859253,
            0.13180558383464813
          ],
          [
            0.5416479110717773,
            -0.670716404914856,
            -0.506712019443512,
            0.06446955353021622
          ],
          [
            -0.09350850433111191,
            0.5509809851646423,
            -0.8292709589004517,
            1.4508817195892334
          ],
          [
            0.0,
            0.0,
            0.0,
            1.0
          ]
        ]
      },
      "bone_length_armature_space": 0.2679699131742984,
      "parent": "spine_01",
      "has_children": true,
      "is_end_bone": false
    },
    "lowerarm_l": {
      "name": "lowerarm_l",
      "local": {
        "location": {
          "x": 0.0,
          "y": 0.0,
          "z": 0.0
        },
        "rotation_quaternion": {
          "w": 0.8816163539886475,
          "x": 0.3109678328037262,
          "y": 0.3057660162448883,
          "z": -0.18044058978557587
        },
        "scale": {
          "x": 1.0,
          "y": 1.0,
          "z": 1.0
        },
        "matrix_basis": [
          [
            0.747896671295166,
            0.5083255171775818,
            0.4269142150878906,
            0.0
          ],
          [
            -0.1279919594526291,
            0.7414804100990295,
            -0.6586538553237915,
            0.0
          ],
          [
            -0.6513590812683105,
            0.43796345591545105,
            0.6196122765541077,
            0.0
          ],
          [
            0.0,
            0.0,
            0.0,
            1.0
          ]
        ],
        "rotation_mode": "QUATERNION"
      },
      "armature_space": {
        "head": {
          "x": 0.26486608386039734,
          "y": -0.17850607633590698,
          "z": 0.6486737728118896
        },
        "tail": {
          "x": 0.4831646680831909,
          "y": -0.32886117696762085,
          "z": 0.6125014424324036
        }
      },
      "world_space": {
        "head": {
          "x": 0.26486608386039734,
          "y": -0.11526207625865936,
          "z": 1.5985277891159058
        },
        "tail": {
          "x": 0.4831646680831909,
          "y": -0.2656171917915344,
          "z": 1.5623555183410645
        },
        "rotation_quaternion": {
          "w": 0.14779476821422577,
          "x": -0.8728628158569336,
          "y": -0.44400957226753235,
          "z": -0.13828548789024353
        },
        "matrix": [
          [
            0.5674651861190796,
            0.8159948587417603,
            0.11016258597373962,
            0.26486608386039734
          ],
          [
            0.734243631362915,
            -0.5620237588882446,
            0.3808089792728424,
            -0.11526207625865936
          ],
          [
            0.3726554214954376,
            -0.13521131873130798,
            -0.9180740714073181,
            1.5985277891159058
          ],
          [
            0.0,
            0.0,
            0.0,
            1.0
          ]
        ]
      },
      "bone_length_armature_space": 0.2675245119945594,
      "parent": "upperarm_l",
      "has_children": true,
      "is_end_bone": false
    },
    "metacarpal_thumb_l": {
      "name": "metacarpal_thumb_l",
      "local": {
        "location": {
          "x": 0.0,
          "y": 0.0,
          "z": 0.0
        },
        "rotation_quaternion": {
          "w": 0.9991278648376465,
          "x": -0.03894065320491791,
          "y": -0.009508887305855751,
          "z": 0.011695118620991707
        },
        "scale": {
          "x": 1.0,
          "y": 1.0,
          "z": 1.0
        },
        "matrix_basis": [
          [
            0.9995456337928772,
            -0.022629274055361748,
            -0.01991201937198639,
            0.0
          ],
          [
            0.024110402911901474,
            0.9966936707496643,
            0.07759096473455429,
            0.0
          ],
          [
            0.01809035800397396,
            -0.07803580164909363,
            0.9967864155769348,
            0.0
          ],
          [
            0.0,
            0.0,
            0.0,
            1.0
          ]
        ],
        "rotation_mode": "QUATERNION"
      },
      "armature_space": {
        "head": {
          "x": 0.4831646680831909,
          "y": -0.32886117696762085,
          "z": 0.6125014424324036
        },
        "tail": {
          "x": 0.5212037563323975,
          "y": -0.3355175256729126,
          "z": 0.5814801454544067
        }
      },
      "world_space": {
        "head": {
          "x": 0.4831646680831909,
          "y": -0.2656171917915344,
          "z": 1.5623555183410645
        },
        "tail": {
          "x": 0.5212037563323975,
          "y": -0.27227354049682617,
          "z": 1.5313341617584229
        },
        "rotation_quaternion": {
          "w": 0.6518965363502502,
          "x": -0.5501972436904907,
          "y": -0.0885540023446083,
          "z": -0.5142684578895569
        },
        "matrix": [
          [
            0.45536938309669495,
            0.7679440975189209,
            0.4504448175430298,
            0.4831646680831909
          ],
          [
            -0.573058009147644,
            -0.13438007235527039,
            0.8084222674369812,
            -0.2656171917915344
          ],
          [
            0.6813582181930542,
            -0.6262663006782532,
            0.3788873553276062,
            1.5623555183410645
          ],
          [
            0.0,
            0.0,
            0.0,
            1.0
          ]
        ]
      },
      "bone_length_armature_space": 0.04953382802000145,
      "parent": "lowerarm_l",
      "has_children": true,
      "is_end_bone": false
    },
    "thumb_01_l": {
      "name": "thumb_01_l",
      "local": {
        "location": {
          "x": 0.0,
          "y": 0.0,
          "z": 0.0
        },
        "rotation_quaternion": {
          "w": 0.9996706247329712,
          "x": -0.008579611778259277,
          "y": 0.02411147952079773,
          "z": -0.0019223227864131331
        },
        "scale": {
          "x": 1.0,
          "y": 1.0,
          "z": 1.0
        },
        "matrix_basis": [
          [
            0.9988299012184143,
            0.003429644973948598,
            0.0482400618493557,
            0.0
          ],
          [
            -0.0042571136727929115,
            0.9998453855514526,
            0.01706087216734886,
            0.0
          ],
          [
            -0.048174090683460236,
            -0.017246272414922714,
            0.9986900687217712,
            0.0
          ],
          [
            0.0,
            0.0,
            0.0,
            1.0
          ]
        ],
        "rotation_mode": "QUATERNION"
      },
      "armature_space": {
        "head": {
          "x": 0.5212037563323975,
          "y": -0.3355175256729126,
          "z": 0.5814801454544067
        },
        "tail": {
          "x": 0.5476508736610413,
          "y": -0.31555449962615967,
          "z": 0.5736920833587646
        }
      },
      "world_space": {
        "head": {
          "x": 0.5212037563323975,
          "y": -0.27227354049682617,
          "z": 1.5313341617584229
        },
        "tail": {
          "x": 0.5476508736610413,
          "y": -0.25231051445007324,
          "z": 1.5235460996627808
        },
        "rotation_quaternion": {
          "w": 0.7819117903709412,
          "x": 0.09608398377895355,
          "y": 0.42644599080085754,
          "z": -0.44443872570991516
        },
        "matrix": [
          [
            0.24123495817184448,
            0.7769747376441956,
            0.5814775824546814,
            0.5212037563323975
          ],
          [
            -0.6130749583244324,
            0.5864824056625366,
            -0.52931809425354,
            -0.27227354049682617
          ],
          [
            -0.752298891544342,
            -0.22880037128925323,
            0.6178276538848877,
            1.5313341617584229
          ],
          [
            0.0,
            0.0,
            0.0,
            1.0
          ]
        ]
      },
      "bone_length_armature_space": 0.03403860098784715,
      "parent": "metacarpal_thumb_l",
      "has_children": true,
      "is_end_bone": false
    },
    "thumb_02_l": {
      "name": "thumb_02_l",
      "local": {
        "location": {
          "x": 0.0,
          "y": 0.0,
          "z": 0.0
        },
        "rotation_quaternion": {
          "w": 0.9962415099143982,
          "x": 0.08627507090568542,
          "y": -0.0008347106631845236,
          "z": -0.007674003951251507
        },
        "scale": {
          "x": 1.0,
          "y": 1.0,
          "z": 1.0
        },
        "matrix_basis": [
          [
            0.999880850315094,
            0.015146292746067047,
            -0.0029872972518205643,
            0.0
          ],
          [
            -0.01543435174971819,
            0.984995424747467,
            -0.1718887984752655,
            0.0
          ],
          [
            0.0003389963530935347,
            0.17191442847251892,
            0.9851118326187134,
            0.0
          ],
          [
            0.0,
            0.0,
            0.0,
            1.0
          ]
        ],
        "rotation_mode": "QUATERNION"
      },
      "armature_space": {
        "head": {
          "x": 0.5476508736610413,
          "y": -0.3155544400215149,
          "z": 0.5736921429634094
        },
        "tail": {
          "x": 0.5798740983009338,
          "y": -0.33838707208633423,
          "z": 0.5663767457008362
        }
      },
      "world_space": {
        "head": {
          "x": 0.5476508736610413,
          "y": -0.25231045484542847,
          "z": 1.5235462188720703
        },
        "tail": {
          "x": 0.5798740983009338,
          "y": -0.2751430869102478,
          "z": 1.516230821609497
        },
        "rotation_quaternion": {
          "w": 0.3194333016872406,
          "x": 0.49214884638786316,
          "y": 0.3372279405593872,
          "z": -0.7362264394760132
        },
        "matrix": [
          [
            -0.3115041255950928,
            0.8022829294204712,
            -0.5092223882675171,
            0.5476508736610413
          ],
          [
            -0.13841930031776428,
            -0.5684796571731567,
            -0.8109691739082336,
            -0.25231045484542847
          ],
          [
            -0.9401161670684814,
            -0.18213587999343872,
            0.2881366014480591,
            1.5235462188720703
          ],
          [
            0.0,
            0.0,
            0.0,
            1.0
          ]
        ]
      },
      "bone_length_armature_space": 0.04016441641409417,
      "parent": "thumb_01_l",
      "has_children": true,
      "is_end_bone": false
    },
    "thumb_03_l": {
      "name": "thumb_03_l",
      "local": {
        "location": {
          "x": 0.0,
          "y": 0.0,
          "z": 0.0
        },
        "rotation_quaternion": {
          "w": 0.9970340132713318,
          "x": 0.07632436603307724,
          "y": -0.006923186592757702,
          "z": -0.007060273550450802
        },
        "scale": {
          "x": 1.0,
          "y": 1.0,
          "z": 1.0
        },
        "matrix_basis": [
          [
            0.9998044371604919,
            0.013021850027143955,
            -0.014883046969771385,
            0.0
          ],
          [
            -0.015135481022298336,
            0.9882494807243347,
            -0.15209822356700897,
            0.0
          ],
          [
            0.01272756326943636,
            0.15229374170303345,
            0.9882532954216003,
            0.0
          ],
          [
            0.0,
            0.0,
            0.0,
            1.0
          ]
        ],
        "rotation_mode": "QUATERNION"
      },
      "armature_space": {
        "head": {
          "x": 0.5798740983009338,
          "y": -0.33838701248168945,
          "z": 0.5663767457008362
        },
        "tail": {
          "x": 0.5967801213264465,
          "y": -0.36368703842163086,
          "z": 0.5673688054084778
        }
      },
      "world_space": {
        "head": {
          "x": 0.5798740983009338,
          "y": -0.275143027305603,
          "z": 1.516230821609497
        },
        "tail": {
          "x": 0.5967801213264465,
          "y": -0.30044305324554443,
          "z": 1.5172228813171387
        },
        "rotation_quaternion": {
          "w": 0.21027150750160217,
          "x": 0.7000478506088257,
          "y": 0.20069925487041473,
          "z": -0.6522566676139832
        },
        "matrix": [
          [
            0.06856201589107513,
            0.555300235748291,
            -0.8288190960884094,
            0.5798740983009338
          ],
          [
            0.006695925258100033,
            -0.831011176109314,
            -0.5562155246734619,
            -0.275143027305603
          ],
          [
            -0.9976316690444946,
            0.032584987580776215,
            -0.06069490313529968,
            1.516230821609497
          ],
          [
            0.0,
            0.0,
            0.0,
            1.0
          ]
        ]
      },
      "bone_length_armature_space": 0.03044485355665996,
      "parent": "thumb_02_l",
      "has_children": false,
      "is_end_bone": true
    },
    "metacarpal_index_l": {
      "name": "metacarpal_index_l",
      "local": {
        "location": {
          "x": 0.0,
          "y": 0.0,
          "z": 0.0
        },
        "rotation_quaternion": {
          "w": 0.9993553161621094,
          "x": -0.03346932306885719,
          "y": -0.007566662505269051,
          "z": 0.010562833398580551
        },
        "scale": {
          "x": 1.0,
          "y": 1.0,
          "z": 1.0
        },
        "matrix_basis": [
          [
            0.9996623396873474,
            -0.02060554549098015,
            -0.01583063043653965,
            0.0
          ],
          [
            0.021618548780679703,
            0.9975364804267883,
            0.06673564016819,
            0.0
          ],
          [
            0.014416507445275784,
            -0.067055344581604,
            0.9976450800895691,
            0.0
          ],
          [
            0.0,
            0.0,
            0.0,
            1.0
          ]
        ],
        "rotation_mode": "QUATERNION"
      },
      "armature_space": {
        "head": {
          "x": 0.4831646680831909,
          "y": -0.32886117696762085,
          "z": 0.6125014424324036
        },
        "tail": {
          "x": 0.5774293541908264,
          "y": -0.3806973695755005,
          "z": 0.5660641193389893
        }
      },
      "world_space": {
        "head": {
          "x": 0.4831646680831909,
          "y": -0.2656171917915344,
          "z": 1.5623555183410645
        },
        "tail": {
          "x": 0.5774293541908264,
          "y": -0.31745338439941406,
          "z": 1.5159181356430054
        },
        "rotation_quaternion": {
          "w": 0.44634246826171875,
          "x": -0.7242456078529358,
          "y": -0.2821020483970642,
          "z": -0.44346940517425537
        },
        "matrix": [
          [
            0.4475071132183075,
            0.80450040102005,
            0.39053359627723694,
            0.4831646680831909
          ],
          [
            0.012746220454573631,
            -0.44239503145217896,
            0.8967297077178955,
            -0.2656171917915344
          ],
          [
            0.8941957950592041,
            -0.3963184952735901,
            -0.2082298994064331,
            1.5623555183410645
          ],
          [
            0.0,
            0.0,
            0.0,
            1.0
          ]
        ]
      },
      "bone_length_armature_space": 0.11717186763925933,
      "parent": "lowerarm_l",
      "has_children": true,
      "is_end_bone": false
    },
    "index_01_l": {
      "name": "index_01_l",
      "local": {
        "location": {
          "x": 0.0,
          "y": 0.0,
          "z": 0.0
        },
        "rotation_quaternion": {
          "w": 0.9966112971305847,
          "x": -0.07925068587064743,
          "y": 0.019082970917224884,
          "z": 0.01100941188633442
        },
        "scale": {
          "x": 1.0,
          "y": 1.0,
          "z": 1.0
        },
        "matrix_basis": [
          [
            0.999029278755188,
            -0.024968884885311127,
            0.03629160299897194,
            0.0
          ],
          [
            0.018919531255960464,
            0.9871962666511536,
            0.15838444232940674,
            0.0
          ],
          [
            -0.039781615138053894,
            -0.1575440764427185,
            0.9867103099822998,
            0.0
          ],
          [
            0.0,
            0.0,
            0.0,
            1.0
          ]
        ],
        "rotation_mode": "QUATERNION"
      },
      "armature_space": {
        "head": {
          "x": 0.5774293541908264,
          "y": -0.3806973695755005,
          "z": 0.5660641193389893
        },
        "tail": {
          "x": 0.5989629030227661,
          "y": -0.39937543869018555,
          "z": 0.5653545260429382
        }
      },
      "world_space": {
        "head": {
          "x": 0.5774293541908264,
          "y": -0.31745338439941406,
          "z": 1.5159181356430054
        },
        "tail": {
          "x": 0.5989629030227661,
          "y": -0.3361314535140991,
          "z": 1.5152084827423096
        },
        "rotation_quaternion": {
          "w": 0.2759215831756592,
          "x": -0.69942706823349,
          "y": -0.3103977143764496,
          "z": -0.5816549062728882
        },
        "matrix": [
          [
            0.13066165149211884,
            0.7551833391189575,
            0.6423594951629639,
            0.5774293541908264
          ],
          [
            0.1132197305560112,
            -0.6550411581993103,
            0.7470625042915344,
            -0.31745338439941406
          ],
          [
            0.9849481582641602,
            -0.024885650724172592,
            -0.1710909605026245,
            1.5159181356430054
          ],
          [
            0.0,
            0.0,
            0.0,
            1.0
          ]
        ]
      },
      "bone_length_armature_space": 0.028514338667158284,
      "parent": "metacarpal_index_l",
      "has_children": true,
      "is_end_bone": false
    },
    "index_02_l": {
      "name": "index_02_l",
      "local": {
        "location": {
          "x": 0.0,
          "y": 0.0,
          "z": 0.0
        },
        "rotation_quaternion": {
          "w": 0.9987538456916809,
          "x": 0.04947677627205849,
          "y": -0.006532971281558275,
          "z": -0.0004395779687911272
        },
        "scale": {
          "x": 1.0,
          "y": 1.0,
          "z": 1.0
        },
        "matrix_basis": [
          [
            0.9999142289161682,
            0.0002315996534889564,
            -0.013093158602714539,
            0.0
          ],
          [
            -0.0015245210379362106,
            0.9951037168502808,
            -0.09882450103759766,
            0.0
          ],
          [
            0.013006162829697132,
            0.09883598238229752,
            0.995018720626831,
            0.0
          ],
          [
            0.0,
            0.0,
            0.0,
            1.0
          ]
        ],
        "rotation_mode": "QUATERNION"
      },
      "armature_space": {
        "head": {
          "x": 0.5989633798599243,
          "y": -0.3993754982948303,
          "z": 0.5653542280197144
        },
        "tail": {
          "x": 0.6194310784339905,
          "y": -0.41483762860298157,
          "z": 0.5650613903999329
        }
      },
      "world_space": {
        "head": {
          "x": 0.5989633798599243,
          "y": -0.3361315131187439,
          "z": 1.5152082443237305
        },
        "tail": {
          "x": 0.6194310784339905,
          "y": -0.35159361362457275,
          "z": 1.5149154663085938
        },
        "rotation_quaternion": {
          "w": 0.2772809863090515,
          "x": -0.7087393999099731,
          "y": -0.34892362356185913,
          "z": -0.5468602180480957
        },
        "matrix": [
          [
            0.15839233994483948,
            0.7978599667549133,
            0.581662654876709,
            0.5989633798599243
          ],
          [
            0.19132502377033234,
            -0.6027348637580872,
            0.7746647596359253,
            -0.3361315131187439
          ],
          [
            0.9686693549156189,
            -0.011415205895900726,
            -0.24812020361423492,
            1.5152082443237305
          ],
          [
            0.0,
            0.0,
            0.0,
            1.0
          ]
        ]
      },
      "bone_length_armature_space": 0.02565326306031351,
      "parent": "index_01_l",
      "has_children": true,
      "is_end_bone": false
    },
    "index_03_l": {
      "name": "index_03_l",
      "local": {
        "location": {
          "x": 0.0,
          "y": 0.0,
          "z": 0.0
        },
        "rotation_quaternion": {
          "w": 0.9990900754928589,
          "x": 0.04262750223278999,
          "y": -0.0014177863486111164,
          "z": -0.00021539992303587496
        },
        "scale": {
          "x": 1.0,
          "y": 1.0,
          "z": 1.0
        },
        "matrix_basis": [
          [
            0.9999958872795105,
            0.0003095344582106918,
            -0.0028513565193861723,
            0.0
          ],
          [
            -0.0005512812058441341,
            0.9963657259941101,
            -0.08517681807279587,
            0.0
          ],
          [
            0.0028146286495029926,
            0.08517803996801376,
            0.9963617920875549,
            0.0
          ],
          [
            0.0,
            0.0,
            0.0,
            1.0
          ]
        ],
        "rotation_mode": "QUATERNION"
      },
      "armature_space": {
        "head": {
          "x": 0.6194310188293457,
          "y": -0.4148377478122711,
          "z": 0.5650614500045776
        },
        "tail": {
          "x": 0.645659327507019,
          "y": -0.4276627004146576,
          "z": 0.5662144422531128
        }
      },
      "world_space": {
        "head": {
          "x": 0.6194310188293457,
          "y": -0.3515937328338623,
          "z": 1.5149154663085938
        },
        "tail": {
          "x": 0.645659327507019,
          "y": -0.3644186854362488,
          "z": 1.516068458557129
        },
        "rotation_quaternion": {
          "w": 0.32455548644065857,
          "x": -0.6468387246131897,
          "y": -0.4185671806335449,
          "z": -0.548693835735321
        },
        "matrix": [
          [
            0.04747287184000015,
            0.8976544141769409,
            0.4381358027458191,
            0.6194310188293457
          ],
          [
            0.18532851338386536,
            -0.4389299750328064,
            0.8792007565498352,
            -0.3515937328338623
          ],
          [
            0.9815363883972168,
            0.039460521191358566,
            -0.1871986985206604,
            1.5149154663085938
          ],
          [
            0.0,
            0.0,
            0.0,
            1.0
          ]
        ]
      },
      "bone_length_armature_space": 0.029218709019810746,
      "parent": "index_02_l",
      "has_children": false,
      "is_end_bone": true
    },
    "metacarpal_pinky_l": {
      "name": "metacarpal_pinky_l",
      "local": {
        "location": {
          "x": 0.0,
          "y": 0.0,
          "z": 0.0
        },
        "rotation_quaternion": {
          "w": 0.9991872906684875,
          "x": -0.03894808888435364,
          "y": -0.01038570236414671,
          "z": -2.8166450647404417e-05
        },
        "scale": {
          "x": 1.0,
          "y": 1.0,
          "z": 1.0
        },
        "matrix_basis": [
          [
            0.9997842907905579,
            0.0008652936085127294,
            -0.020752329379320145,
            0.0
          ],
          [
            0.0007527194102294743,
            0.9969660639762878,
            0.07783345878124237,
            0.0
          ],
          [
            0.020756717771291733,
            -0.07783228904008865,
            0.9967503547668457,
            0.0
          ],
          [
            0.0,
            0.0,
            0.0,
            1.0
          ]
        ],
        "rotation_mode": "QUATERNION"
      },
      "armature_space": {
        "head": {
          "x": 0.4831646680831909,
          "y": -0.32886117696762085,
          "z": 0.6125014424324036
        },
        "tail": {
          "x": 0.56439208984375,
          "y": -0.39067456126213074,
          "z": 0.6331030130386353
        }
      },
      "world_space": {
        "head": {
          "x": 0.4831646680831909,
          "y": -0.2656171917915344,
          "z": 1.5623555183410645
        },
        "tail": {
          "x": 0.56439208984375,
          "y": -0.3274305462837219,
          "z": 1.5829570293426514
        },
        "rotation_quaternion": {
          "w": 0.28046128153800964,
          "x": 0.8139134645462036,
          "y": 0.3528941571712494,
          "z": -0.3665406405925751
        },
        "matrix": [
          [
            0.4822269380092621,
            0.7800524234771729,
            -0.3987172842025757,
            0.4831646680831909
          ],
          [
            0.3688502609729767,
            -0.5936130285263062,
            -0.7152432799339294,
            -0.2656171917915344
          ],
          [
            -0.7946165204048157,
            0.1978432685136795,
            -0.573983371257782,
            1.5623555183410645
          ],
          [
            0.0,
            0.0,
            0.0,
            1.0
          ]
        ]
      },
      "bone_length_armature_space": 0.10413075181223368,
      "parent": "lowerarm_l",
      "has_children": true,
      "is_end_bone": false
    },
    "pinky_01_l": {
      "name": "pinky_01_l",
      "local": {
        "location": {
          "x": 0.0,
          "y": 0.0,
          "z": 0.0
        },
        "rotation_quaternion": {
          "w": 0.9589114189147949,
          "x": 0.28284022212028503,
          "y": -0.02003522962331772,
          "z": 0.009427368640899658
        },
        "scale": {
          "x": 1.0,
          "y": 1.0,
          "z": 1.0
        },
        "matrix_basis": [
          [
            0.9990194439888,
            -0.029413560405373573,
            -0.033091142773628235,
            0.0
          ],
          [
            0.006746485363692045,
            0.8398250937461853,
            -0.5428152084350586,
            0.0
          ],
          [
            0.04375689849257469,
            0.5420596599578857,
            0.8392000198364258,
            0.0
          ],
          [
            0.0,
            0.0,
            0.0,
            1.0
          ]
        ],
        "rotation_mode": "QUATERNION"
      },
      "armature_space": {
        "head": {
          "x": 0.56439208984375,
          "y": -0.39067456126213074,
          "z": 0.6331030130386353
        },
        "tail": {
