{
  "metadata": {
    "armature_name": "KIM_caucasian_male",
    "export_time": "2026-01-13T20:56:08.620050",
    "blender_version": "4.4.1",
    "bone_count": 56,
    "end_bone_count": 13,
    "spaces_included": [
      "LOCAL_CHANNELS",
      "ARMATURE_SPACE",
      "WORLD_SPACE"
    ],
    "note": "LOCAL matches Transform panel; replay pose via local.matrix_basis for best fidelity."
  },
  "bones": {
    "Root": {
      "name": "Root",
      "local": {
        "location": {
          "x": 0.0,
          "y": 0.0,
          "z": 0.0
        },
        "rotation_quaternion": {
          "w": 0.9995273351669312,
          "x": -0.014779864810407162,
          "y": -0.01236482709646225,
          "z": 0.023954512551426888
        },
        "scale": {
          "x": 1.0,
          "y": 1.0,
          "z": 1.0
        },
        "matrix_basis": [
          [
            0.9985466003417969,
            -0.04752087965607643,
            -0.025426054373383522,
            0.0
          ],
          [
            0.04825188219547272,
            0.998415470123291,
            0.028953371569514275,
            0.0
          ],
          [
            0.02400987595319748,
            -0.03013814426958561,
            0.9992573261260986,
            0.0
          ],
          [
            0.0,
            0.0,
            0.0,
            1.0
          ]
        ],
        "rotation_mode": "QUATERNION"
      },
      "armature_space": {
        "head": {
          "x": 0.0,
          "y": 0.07072800397872925,
          "z": -0.009595036506652832
        },
        "tail": {
          "x": -0.0033918439876288176,
          "y": 0.00040125101804733276,
          "z": 0.0021164221689105034
        }
      },
      "world_space": {
        "head": {
          "x": 0.0,
          "y": 0.13397200405597687,
          "z": 0.9402589797973633
        },
        "tail": {
          "x": -0.0033918439876288176,
          "y": 0.06364525109529495,
          "z": 0.9519704580307007
        },
        "rotation_quaternion": {
          "w": 0.08208209276199341,
          "x": 0.996260941028595,
          "y": -0.024733085185289383,
          "z": -0.010722968727350235
        },
        "matrix": [
          [
            0.9985466003417969,
            -0.04752087965607643,
            -0.025426054373383522,
            0.0
          ],
          [
            -0.05104154720902443,
            -0.9853015542030334,
            -0.16302041709423065,
            0.13397200405597687
          ],
          [
            -0.01730562373995781,
            0.16408148407936096,
            -0.9863020777702332,
            0.9402589797973633
          ],
          [
            0.0,
            0.0,
            0.0,
            1.0
          ]
        ]
      },
      "bone_length_armature_space": 0.0713758726468961,
      "parent": null,
      "has_children": true,
      "is_end_bone": false
    },
    "spine_01": {
      "name": "spine_01",
      "local": {
        "location": {
          "x": 0.0,
          "y": 0.0,
          "z": 0.0
        },
        "rotation_quaternion": {
          "w": 0.9947682619094849,
          "x": 0.07724801450967789,
          "y": -0.034159183502197266,
          "z": 0.057463232427835464
        },
        "scale": {
          "x": 1.0,
          "y": 1.0,
          "z": 1.0
        },
        "matrix_basis": [
          [
            0.9910622835159302,
            -0.11960265785455704,
            -0.05908310040831566,
            0.0
          ],
          [
            0.10904774069786072,
            0.9814614653587341,
            -0.15761354565620422,
            0.0
          ],
          [
            0.07683878391981125,
            0.14976194500923157,
            0.9857317805290222,
            0.0
          ],
          [
            0.0,
            0.0,
            0.0,
            1.0
          ]
        ],
        "rotation_mode": "QUATERNION"
      },
      "armature_space": {
        "head": {
          "x": -0.0033918439876288176,
          "y": 0.00040125101804733276,
          "z": 0.0021164221689105034
        },
        "tail": {
          "x": -0.055167775601148605,
          "y": -0.03313550725579262,
          "z": 0.4862062931060791
        }
      },
      "world_space": {
        "head": {
          "x": -0.0033918439876288176,
          "y": 0.06364525109529495,
          "z": 0.9519704580307007
        },
        "tail": {
          "x": -0.055167775601148605,
          "y": 0.030108492821455002,
          "z": 1.4360603094100952
        },
        "rotation_quaternion": {
          "w": 0.6780264973640442,
          "x": 0.7309852838516235,
          "y": -0.07693181186914444,
          "z": -0.004700544755905867
        },
        "matrix": [
          [
            0.9881187677383423,
            -0.10609795153141022,
            -0.11119633167982101,
            -0.0033918439876288176
          ],
          [
            -0.11884686350822449,
            -0.0687226951122284,
            -0.9905315041542053,
            0.06364525109529495
          ],
          [
            0.09745221585035324,
            0.9919849634170532,
            -0.08051706850528717,
            0.9519704580307007
          ],
          [
            0.0,
            0.0,
            0.0,
            1.0
          ]
        ]
      },
      "bone_length_armature_space": 0.4880045782881079,
      "parent": "Root",
      "has_children": true,
      "is_end_bone": false
    },
    "neck_01": {
      "name": "neck_01",
      "local": {
        "location": {
          "x": 0.0,
          "y": 0.0,
          "z": 0.0
        },
        "rotation_quaternion": {
          "w": 0.999015212059021,
          "x": 0.008603227324783802,
          "y": -0.04351810738444328,
          "z": 0.0009079554583877325
        },
        "scale": {
          "x": 1.0,
          "y": 1.0,
          "z": 1.0
        },
        "matrix_basis": [
          [
            0.9962106943130493,
            -0.002562914974987507,
            -0.0869348794221878,
            0.0
          ],
          [
            0.0010653302306309342,
            0.999850332736969,
            -0.017268534749746323,
            0.0
          ],
          [
            0.0869661271572113,
            0.017110485583543777,
            0.996064305305481,
            0.0
          ],
          [
            0.0,
            0.0,
            0.0,
            1.0
          ]
        ],
        "rotation_mode": "QUATERNION"
      },
      "armature_space": {
        "head": {
          "x": -0.06679244339466095,
          "y": -0.07251934707164764,
          "z": 0.5560455918312073
        },
        "tail": {
          "x": -0.0815553143620491,
          "y": -0.11913859844207764,
          "z": 0.6461535096168518
        }
      },
      "world_space": {
        "head": {
          "x": -0.06679244339466095,
          "y": -0.009275346994400024,
          "z": 1.5058996677398682
        },
        "tail": {
          "x": -0.0815553143620491,
          "y": -0.05589459836483002,
          "z": 1.5960075855255127
        },
        "rotation_quaternion": {
          "w": 0.5124331712722778,
          "x": 0.8524522185325623,
          "y": -0.10024137794971466,
          "z": -0.026251360774040222
        },
        "matrix": [
          [
            0.9785249829292297,
            -0.14399802684783936,
            -0.14749062061309814,
            -0.06679244339466095
          ],
          [
            -0.19780665636062622,
            -0.4547273516654968,
            -0.8683868646621704,
            -0.009275346994400024
          ],
          [
            0.05797819420695305,
            0.8789185881614685,
            -0.4734499752521515,
            1.5058996677398682
          ],
          [
            0.0,
            0.0,
            0.0,
            1.0
          ]
        ]
      },
      "bone_length_armature_space": 0.10252187029864543,
      "parent": "spine_01",
      "has_children": true,
      "is_end_bone": false
    },
    "head": {
      "name": "head",
      "local": {
        "location": {
          "x": 0.0,
          "y": 0.0,
          "z": 0.0
        },
        "rotation_quaternion": {
          "w": 0.9948672652244568,
          "x": -0.050000179558992386,
          "y": -0.04624353349208832,
          "z": -0.0748383030295372
        },
        "scale": {
          "x": 1.0,
          "y": 1.0,
          "z": 1.0
        },
        "matrix_basis": [
          [
            0.9845215082168579,
            0.1535327285528183,
            -0.08452849835157394,
            0.0
          ],
          [
            -0.1442839801311493,
            0.9837984442710876,
            0.10640865564346313,
            0.0
          ],
          [
            0.09949621558189392,
            -0.09256550669670105,
            0.9907230138778687,
            0.0
          ],
          [
            0.0,
            0.0,
            0.0,
            1.0
          ]
        ],
        "rotation_mode": "QUATERNION"
      },
      "armature_space": {
        "head": {
          "x": -0.0815553218126297,
          "y": -0.119138702750206,
          "z": 0.6461533904075623
        },
        "tail": {
          "x": -0.06795035302639008,
          "y": -0.12671804428100586,
          "z": 0.8004608154296875
        }
      },
      "world_space": {
        "head": {
          "x": -0.0815553218126297,
          "y": -0.055894702672958374,
          "z": 1.5960073471069336
        },
        "tail": {
          "x": -0.06795035302639008,
          "y": -0.06347404420375824,
          "z": 1.7503148317337036
        },
        "rotation_quaternion": {
          "w": 0.6863420009613037,
          "x": 0.7117736339569092,
          "y": -0.06707634776830673,
          "z": -0.13346801698207855
        },
        "matrix": [
          [
            0.9553744196891785,
            0.08772295713424683,
            -0.2820720076560974,
            -0.0815553218126297
          ],
          [
            -0.27869513630867004,
            -0.04887053370475769,
            -0.9591354727745056,
            -0.055894702672958374
          ],
          [
            -0.09792415052652359,
            0.9949524998664856,
            -0.022242672741413116,
            1.5960073471069336
          ],
          [
            0.0,
            0.0,
            0.0,
            1.0
          ]
        ]
      },
      "bone_length_armature_space": 0.15509133804695718,
      "parent": "neck_01",
      "has_children": false,
      "is_end_bone": true
    },
    "upperarm_l": {
      "name": "upperarm_l",
      "local": {
        "location": {
          "x": 0.0,
          "y": 0.0,
          "z": 0.0
        },
        "rotation_quaternion": {
          "w": 0.9814279079437256,
          "x": 0.07328718155622482,
          "y": 0.10838576406240463,
          "z": -0.14028827846050262
        },
        "scale": {
          "x": 1.0,
          "y": 1.0,
          "z": 1.0
        },
        "matrix_basis": [
          [
            0.9371434450149536,
            0.2912522256374359,
            0.19218295812606812,
            0.0
          ],
          [
            -0.2594790756702423,
            0.9498963952064514,
            -0.17426267266273499,
            0.0
          ],
          [
            -0.23330828547477722,
            0.11344166845083237,
            0.9657630324363708,
            0.0
          ],
          [
            0.0,
            0.0,
            0.0,
            1.0
          ]
        ],
        "rotation_mode": "QUATERNION"
      },
      "armature_space": {
        "head": {
          "x": 0.0882013663649559,
          "y": -0.08888661861419678,
          "z": 0.5037375092506409
        },
        "tail": {
          "x": 0.3457496166229248,
          "y": -0.13159829378128052,
          "z": 0.44330328702926636
        }
      },
      "world_space": {
        "head": {
          "x": 0.0882013663649559,
          "y": -0.025642618536949158,
          "z": 1.4535915851593018
        },
        "tail": {
          "x": 0.3457496166229248,
          "y": -0.0683542937040329,
          "z": 1.3931572437286377
        },
        "rotation_quaternion": {
          "w": 0.30729085206985474,
          "x": 0.5702454447746277,
          "y": 0.5708576440811157,
          "z": -0.5044940114021301
        },
        "matrix": [
          [
            -0.16078299283981323,
            0.9611105918884277,
            -0.22453391551971436,
            0.0882013663649559
          ],
          [
            0.3410060703754425,
            -0.15939009189605713,
            -0.9264500737190247,
            -0.025642618536949158
          ],
          [
            -0.9262154698371887,
            -0.2255265861749649,
            -0.30212026834487915,
            1.4535915851593018
          ],
          [
            0.0,
            0.0,
            0.0,
            1.0
          ]
        ]
      },
      "bone_length_armature_space": 0.26796954781480253,
      "parent": "spine_01",
      "has_children": true,
      "is_end_bone": false
    },
    "lowerarm_l": {
      "name": "lowerarm_l",
      "local": {
        "location": {
          "x": 0.0,
          "y": 0.0,
          "z": 0.0
        },
        "rotation_quaternion": {
          "w": 0.8916653394699097,
          "x": 0.4010125398635864,
          "y": 0.1956334114074707,
          "z": -0.07648178189992905
        },
        "scale": {
          "x": 1.0,
          "y": 1.0,
          "z": 1.0
        },
        "matrix_basis": [
          [
            0.9117562174797058,
            0.2932952046394348,
            0.2875387668609619,
            0.0
          ],
          [
            0.020510593429207802,
            0.6666789650917053,
            -0.7450627684593201,
            0.0
          ],
          [
            -0.41021937131881714,
            0.6852132081985474,
            0.6018330454826355,
            0.0
          ],
          [
            0.0,
            0.0,
            0.0,
            1.0
          ]
        ],
        "rotation_mode": "QUATERNION"
      },
      "armature_space": {
        "head": {
          "x": 0.34574970602989197,
          "y": -0.13159838318824768,
          "z": 0.4433033764362335
        },
        "tail": {
          "x": 0.44372475147247314,
          "y": -0.3396720290184021,
          "z": 0.3066434860229492
        }
      },
      "world_space": {
        "head": {
          "x": 0.34574970602989197,
          "y": -0.06835438311100006,
          "z": 1.3931573629379272
        },
        "tail": {
          "x": 0.44372475147247314,
          "y": -0.2764280438423157,
          "z": 1.2564975023269653
        },
        "rotation_quaternion": {
          "w": 0.0767558217048645,
          "x": -0.7110113501548767,
          "y": -0.32437777519226074,
          "z": 0.6191531419754028
        },
        "matrix": [
          [
            0.022856757044792175,
            0.3662283420562744,
            -0.9302442073822021,
            0.34574970602989197
          ],
          [
            0.5563198924064636,
            -0.7777742147445679,
            -0.292533278465271,
            -0.06835438311100006
          ],
          [
            -0.8306590914726257,
            -0.5108312964439392,
            -0.2215193808078766,
            1.3931573629379272
          ],
          [
            0.0,
            0.0,
            0.0,
            1.0
          ]
        ]
      },
      "bone_length_armature_space": 0.26752509510509415,
      "parent": "upperarm_l",
      "has_children": true,
      "is_end_bone": false
    },
    "metacarpal_thumb_l": {
      "name": "metacarpal_thumb_l",
      "local": {
        "location": {
          "x": 0.0,
          "y": 0.0,
          "z": 0.0
        },
        "rotation_quaternion": {
          "w": 0.9993942975997925,
          "x": -0.033702343702316284,
          "y": 0.008645002730190754,
          "z": -0.0007304376922547817
        },
        "scale": {
          "x": 1.0,
          "y": 1.0,
          "z": 1.0
        },
        "matrix_basis": [
          [
            0.9998494386672974,
            0.0008772768196649849,
            0.017328767105937004,
            0.0
          ],
          [
            -0.00204270426183939,
            0.9977272152900696,
            0.06735122948884964,
            0.0
          ],
          [
            -0.01723029837012291,
            -0.06737648695707321,
            0.9975788593292236,
            0.0
          ],
          [
            0.0,
            0.0,
            0.0,
            1.0
          ]
        ],
        "rotation_mode": "QUATERNION"
      },
      "armature_space": {
        "head": {
          "x": 0.44372475147247314,
          "y": -0.3396720290184021,
          "z": 0.3066434860229492
        },
        "tail": {
          "x": 0.4311971962451935,
          "y": -0.3758152723312378,
          "z": 0.2751740515232086
        }
      },
      "world_space": {
        "head": {
          "x": 0.44372475147247314,
          "y": -0.2764280438423157,
          "z": 1.2564975023269653
        },
        "tail": {
          "x": 0.4311971962451935,
          "y": -0.31257128715515137,
          "z": 1.2250280380249023
        },
        "rotation_quaternion": {
          "w": 0.34760981798171997,
          "x": -0.9289303421974182,
          "y": 0.11971773207187653,
          "z": 0.04385814443230629
        },
        "matrix": [
          [
            0.967488169670105,
            -0.2529100775718689,
            0.0017485592979937792,
            0.44372475147247314
          ],
          [
            -0.19192852079868317,
            -0.7296704053878784,
            0.6563113927841187,
            -0.2764280438423157
          ],
          [
            -0.16471320390701294,
            -0.6353141665458679,
            -0.7544928193092346,
            1.2564975023269653
          ],
          [
            0.0,
            0.0,
            0.0,
            1.0
          ]
        ]
      },
      "bone_length_armature_space": 0.04953381711351725,
      "parent": "lowerarm_l",
      "has_children": true,
      "is_end_bone": false
    },
    "thumb_01_l": {
      "name": "thumb_01_l",
      "local": {
        "location": {
          "x": 0.0,
          "y": 0.0,
          "z": 0.0
        },
        "rotation_quaternion": {
          "w": 0.999901533126831,
          "x": 0.0030096988193690777,
          "y": -0.013677706941962242,
          "z": 0.0009187181713059545
        },
        "scale": {
          "x": 1.0,
          "y": 1.0,
          "z": 1.0
        },
        "matrix_basis": [
          [
            0.9996241331100464,
            -0.0019195870263502002,
            -0.02734719030559063,
            0.0
          ],
          [
            0.0017549238400533795,
            0.9999802112579346,
            -0.006043937057256699,
            0.0
          ],
          [
            0.027358250692486763,
            0.005993673112243414,
            0.9996077418327332,
            0.0
          ],
          [
            0.0,
            0.0,
            0.0,
            1.0
          ]
        ],
        "rotation_mode": "QUATERNION"
      },
      "armature_space": {
        "head": {
          "x": 0.4311971962451935,
          "y": -0.3758152723312378,
          "z": 0.2751740515232086
        },
        "tail": {
          "x": 0.42177632451057434,
          "y": -0.3748343884944916,
          "z": 0.24247963726520538
        }
      },
      "world_space": {
        "head": {
          "x": 0.4311971962451935,
          "y": -0.31257128715515137,
          "z": 1.2250280380249023
        },
        "tail": {
          "x": 0.42177632451057434,
          "y": -0.31159037351608276,
          "z": 1.192333698272705
        },
        "rotation_quaternion": {
          "w": 0.38162633776664734,
          "x": -0.5196509957313538,
          "y": 0.6072647571563721,
          "z": -0.4642777740955353
        },
        "matrix": [
          [
            -0.16864684224128723,
            -0.2767706513404846,
            0.946021318435669,
            0.4311971962451935
          ],
          [
            -0.9854928255081177,
            0.028816649690270424,
            -0.1672528237104416,
            -0.31257128715515137
          ],
          [
            0.01902877166867256,
            -0.9605106115341187,
            -0.27761751413345337,
            1.2250280380249023
          ],
          [
            0.0,
            0.0,
            0.0,
            1.0
          ]
        ]
      },
      "bone_length_armature_space": 0.03403879588606691,
      "parent": "metacarpal_thumb_l",
      "has_children": true,
      "is_end_bone": false
    },
    "thumb_02_l": {
      "name": "thumb_02_l",
      "local": {
        "location": {
          "x": 0.0,
          "y": 0.0,
          "z": 0.0
        },
        "rotation_quaternion": {
          "w": 0.9923186302185059,
          "x": 0.1234729215502739,
          "y": 0.0056644887663424015,
          "z": 0.005124270915985107
        },
        "scale": {
          "x": 1.0,
          "y": 1.0,
          "z": 1.0
        },
        "matrix_basis": [
          [
            0.9998832941055298,
            -0.008770996704697609,
            0.012507372535765171,
            0.0
          ],
          [
            0.011568641290068626,
            0.9694563746452332,
            -0.24499091506004333,
            0.0
          ],
          [
            -0.009976537898182869,
            0.2451070100069046,
            0.9694446921348572,
            0.0
          ],
          [
            0.0,
            0.0,
            0.0,
            1.0
          ]
        ],
        "rotation_mode": "QUATERNION"
      },
      "armature_space": {
        "head": {
          "x": 0.42177629470825195,
          "y": -0.3748343586921692,
          "z": 0.24247965216636658
        },
        "tail": {
          "x": 0.4406123757362366,
          "y": -0.4057733714580536,
          "z": 0.22512556612491608
        }
      },
      "world_space": {
        "head": {
          "x": 0.42177629470825195,
          "y": -0.31159037351608276,
          "z": 1.192333698272705
        },
        "tail": {
          "x": 0.4406123757362366,
          "y": -0.3425293564796448,
          "z": 1.174979567527771
        },
        "rotation_quaternion": {
          "w": 0.2940189838409424,
          "x": -0.2090076059103012,
          "y": 0.16851811110973358,
          "z": -0.9173169732093811
        },
        "matrix": [
          [
            -0.7397369146347046,
            0.4689747095108032,
            0.4825476408004761,
            0.42177629470825195
          ],
          [
            -0.6098605394363403,
            -0.7703090906143188,
            -0.18626326322555542,
            -0.31159037351608276
          ],
          [
            0.28435954451560974,
            -0.4320763349533081,
            0.8558409214019775,
            1.192333698272705
          ],
          [
            0.0,
            0.0,
            0.0,
            1.0
          ]
        ]
      },
      "bone_length_armature_space": 0.04016447198314393,
      "parent": "thumb_01_l",
      "has_children": true,
      "is_end_bone": false
    },
    "thumb_03_l": {
      "name": "thumb_03_l",
      "local": {
        "location": {
          "x": 0.0,
          "y": 0.0,
          "z": 0.0
        },
        "rotation_quaternion": {
          "w": 0.9986598491668701,
          "x": 0.05156635865569115,
          "y": -0.0036784796975553036,
          "z": 0.0024424358271062374
        },
        "scale": {
          "x": 1.0,
          "y": 1.0,
          "z": 1.0
        },
        "matrix_basis": [
          [
            0.9999610185623169,
            -0.005257696844637394,
            -0.007095205131918192,
            0.0
          ],
          [
            0.004498953465372324,
            0.9946699142456055,
            -0.10301247239112854,
            0.0
          ],
          [
            0.007598995231091976,
            0.10297653824090958,
            0.9946547746658325,
            0.0
          ],
          [
            0.0,
            0.0,
            0.0,
            1.0
          ]
        ],
        "rotation_mode": "QUATERNION"
      },
      "armature_space": {
        "head": {
          "x": 0.4406122863292694,
          "y": -0.4057733714580536,
          "z": 0.2251255363225937
        },
        "tail": {
          "x": 0.4619573652744293,
          "y": -0.42715707421302795,
          "z": 0.2213817536830902
        }
      },
      "world_space": {
        "head": {
          "x": 0.4406122863292694,
          "y": -0.3425293564796448,
          "z": 1.174979567527771
        },
        "tail": {
          "x": 0.4619573652744293,
          "y": -0.36391305923461914,
          "z": 1.1712357997894287
        },
        "rotation_quaternion": {
          "w": 0.37697285413742065,
          "x": 0.03712834417819977,
          "y": 0.08187881112098694,
          "z": -0.921850860118866
        },
        "matrix": [
          [
            -0.7130260467529297,
            0.701105535030365,
            -0.0067207664251327515,
            0.4406122863292694
          ],
          [
            -0.6889455318450928,
            -0.7023746371269226,
            -0.17895236611366272,
            -0.3425293564796448
          ],
          [
            -0.13018648326396942,
            -0.12296900153160095,
            0.9838416576385498,
            1.174979567527771
          ],
          [
            0.0,
            0.0,
            0.0,
            1.0
          ]
        ]
      },
      "bone_length_armature_space": 0.030444885431680706,
      "parent": "thumb_02_l",
      "has_children": false,
      "is_end_bone": true
    },
    "metacarpal_index_l": {
      "name": "metacarpal_index_l",
      "local": {
        "location": {
          "x": 0.0,
          "y": 0.0,
          "z": 0.0
        },
        "rotation_quaternion": {
          "w": 0.9995906352996826,
          "x": -0.016981786116957664,
          "y": 0.01797301135957241,
          "z": 0.014397207647562027
        },
        "scale": {
          "x": 1.0,
          "y": 1.0,
          "z": 1.0
        },
        "matrix_basis": [
          [
            0.9989393949508667,
            -0.02939305640757084,
            0.035442326217889786,
            0.0
          ],
          [
            0.028172200545668602,
            0.9990086555480957,
            0.0344671905040741,
            0.0
          ],
          [
            -0.03642028942704201,
            -0.03343214467167854,
            0.9987771511077881,
            0.0
          ],
          [
            0.0,
            0.0,
            0.0,
            1.0
          ]
        ],
        "rotation_mode": "QUATERNION"
      },
      "armature_space": {
        "head": {
          "x": 0.44372475147247314,
          "y": -0.3396720290184021,
          "z": 0.3066434860229492
        },
        "tail": {
          "x": 0.4507957398891449,
          "y": -0.4365338087081909,
          "z": 0.24109134078025818
        }
      },
      "world_space": {
        "head": {
          "x": 0.44372475147247314,
          "y": -0.2764280438423157,
          "z": 1.2564975023269653
        },
        "tail": {
          "x": 0.4507957398891449,
          "y": -0.3732898235321045,
          "z": 1.1909453868865967
        },
        "rotation_quaternion": {
          "w": 0.2732545733451843,
          "x": -0.9200817346572876,
          "y": -0.10954277217388153,
          "z": 0.25842174887657166
        },
        "matrix": [
          [
            0.842437207698822,
            0.060347288846969604,
            -0.5354042649269104,
            0.44372475147247314
          ],
          [
            0.34280654788017273,
            -0.8266651034355164,
            0.44621583819389343,
            -0.2764280438423157
          ],
          [
            -0.41567468643188477,
            -0.559453547000885,
            -0.717105507850647,
            1.2564975023269653
          ],
          [
            0.0,
            0.0,
            0.0,
            1.0
          ]
        ]
      },
      "bone_length_armature_space": 0.11717203907192224,
      "parent": "lowerarm_l",
      "has_children": true,
      "is_end_bone": false
    },
    "index_01_l": {
      "name": "index_01_l",
      "local": {
        "location": {
          "x": 0.0,
          "y": 0.0,
          "z": 0.0
        },
        "rotation_quaternion": {
          "w": 0.9981300830841064,
          "x": -0.058314960449934006,
          "y": -0.015531372278928757,
          "z": -0.009720842353999615
        },
        "scale": {
          "x": 1.0,
          "y": 1.0,
          "z": 1.0
        },
        "matrix_basis": [
          [
            0.9993285536766052,
            0.021216753870248795,
            -0.02987091802060604,
            0.0
          ],
          [
            -0.017593907192349434,
            0.9930097460746765,
            0.11671379208564758,
            0.0
          ],
          [
            0.0321383997797966,
            -0.11610987782478333,
            0.9927163124084473,
            0.0
          ],
          [
            0.0,
            0.0,
            0.0,
            1.0
          ]
        ],
        "rotation_mode": "QUATERNION"
      },
      "armature_space": {
        "head": {
          "x": 0.4507957398891449,
          "y": -0.4365338087081909,
          "z": 0.24109134078025818
        },
        "tail": {
          "x": 0.46465229988098145,
          "y": -0.4574635624885559,
          "z": 0.22756308317184448
        }
      },
      "world_space": {
        "head": {
          "x": 0.4507957398891449,
          "y": -0.3732898235321045,
          "z": 1.1909453868865967
        },
        "tail": {
          "x": 0.46465229988098145,
          "y": -0.3942195773124695,
          "z": 1.1774170398712158
        },
        "rotation_quaternion": {
          "w": 0.2002859115600586,
          "x": -0.9140202403068542,
          "y": -0.3047654330730438,
          "z": 0.177681565284729
        },
        "matrix": [
          [
            0.7510939836502075,
            0.48594969511032104,
            -0.4468899071216583,
            0.4507957398891449
          ],
          [
            0.6282982230186462,
            -0.7340072393417358,
            0.2578269839286804,
            -0.3732898235321045
          ],
          [
            -0.20273040235042572,
            -0.4744364023208618,
            -0.8566356301307678,
            1.1909453868865967
          ],
          [
            0.0,
            0.0,
            0.0,
            1.0
          ]
        ]
      },
      "bone_length_armature_space": 0.028514427768627882,
      "parent": "metacarpal_index_l",
      "has_children": true,
      "is_end_bone": false
    },
    "index_02_l": {
      "name": "index_02_l",
      "local": {
        "location": {
          "x": 0.0,
          "y": 0.0,
          "z": 0.0
        },
        "rotation_quaternion": {
          "w": 0.9841739535331726,
          "x": 0.17703160643577576,
          "y": 0.006079281214624643,
          "z": -0.004959337878972292
        },
        "scale": {
          "x": 1.0,
          "y": 1.0,
          "z": 1.0
        },
        "matrix_basis": [
          [
            0.9998769164085388,
            0.011914151720702648,
            0.010210221633315086,
            0.0
          ],
          [
            -0.007609252352267504,
            0.9372704029083252,
            -0.34852010011672974,
            0.0
          ],
          [
            -0.013722059316933155,
            0.34839949011802673,
            0.9372457265853882,
            0.0
          ],
          [
            0.0,
            0.0,
            0.0,
            1.0
          ]
        ],
        "rotation_mode": "QUATERNION"
      },
      "armature_space": {
        "head": {
          "x": 0.4646521508693695,
          "y": -0.4574638903141022,
          "z": 0.22756268084049225
        },
        "tail": {
          "x": 0.47321251034736633,
          "y": -0.47294047474861145,
          "z": 0.20898067951202393
        }
      },
      "world_space": {
        "head": {
          "x": 0.4646521508693695,
          "y": -0.39421987533569336,
          "z": 1.1774166822433472
        },
        "tail": {
          "x": 0.47321251034736633,
          "y": -0.40969645977020264,
          "z": 1.15883469581604
        },
        "rotation_quaternion": {
          "w": 0.3372158706188202,
          "x": -0.8604474663734436,
          "y": -0.29092299938201904,
          "z": 0.24754677712917328
        },
        "matrix": [
          [
            0.708168089389801,
            0.3336952030658722,
            -0.6222100257873535,
            0.4646521508693695
          ],
          [
            0.6676020622253418,
            -0.603298544883728,
            0.4362778663635254,
            -0.39421987533569336
          ],
          [
            -0.2297956496477127,
            -0.7243523597717285,
            -0.650016725063324,
            1.1774166822433472
          ],
          [
            0.0,
            0.0,
            0.0,
            1.0
          ]
        ]
      },
      "bone_length_armature_space": 0.02565336645321975,
      "parent": "index_01_l",
      "has_children": true,
      "is_end_bone": false
    },
    "index_03_l": {
      "name": "index_03_l",
      "local": {
        "location": {
          "x": 0.0,
          "y": 0.0,
          "z": 0.0
        },
        "rotation_quaternion": {
          "w": 0.9765751361846924,
          "x": 0.21506096422672272,
          "y": -0.006273550447076559,
          "z": 0.003253867384046316
        },
        "scale": {
          "x": 1.0,
          "y": 1.0,
          "z": 1.0
        },
        "matrix_basis": [
          [
            0.9999001026153564,
            -0.009053683839738369,
            -0.010853626765310764,
            0.0
          ],
          [
            0.003656900255009532,
            0.9074763655662537,
            -0.42008721828460693,
            0.0
          ],
          [
            0.013652746565639973,
            0.42000555992126465,
            0.9074188470840454,
            0.0
          ],
          [
            0.0,
            0.0,
            0.0,
            1.0
          ]
        ],
        "rotation_mode": "QUATERNION"
      },
      "armature_space": {
        "head": {
          "x": 0.4732125997543335,
          "y": -0.4729405343532562,
          "z": 0.20898078382015228
        },
        "tail": {
          "x": 0.4746619164943695,
          "y": -0.4797983765602112,
          "z": 0.18061508238315582
        }
      },
      "world_space": {
        "head": {
          "x": 0.4732125997543335,
          "y": -0.4096965193748474,
          "z": 1.1588348150253296
        },
        "tail": {
          "x": 0.4746619164943695,
          "y": -0.41655439138412476,
          "z": 1.1304690837860107
        },
        "rotation_quaternion": {
          "w": 0.5653724670410156,
          "x": -0.7334622144699097,
          "y": -0.2509991228580475,
          "z": 0.2817564308643341
        },
        "matrix": [
          [
            0.7152255773544312,
            0.0496024489402771,
            -0.6971310973167419,
            0.4732125997543335
          ],
          [
            0.6867914199829102,
            -0.23470720648765564,
            0.6879172325134277,
            -0.4096965193748474
          ],
          [
            -0.1294996738433838,
            -0.9708067774772644,
            -0.2019360363483429,
            1.1588348150253296
          ],
          [
            0.0,
            0.0,
            0.0,
            1.0
          ]
        ]
      },
      "bone_length_armature_space": 0.02921888968114408,
      "parent": "index_02_l",
      "has_children": false,
      "is_end_bone": true
    },
    "metacarpal_pinky_l": {
      "name": "metacarpal_pinky_l",
      "local": {
        "location": {
          "x": 0.0,
          "y": 0.0,
          "z": 0.0
        },
        "rotation_quaternion": {
          "w": 0.999769926071167,
          "x": 0.014851192943751812,
          "y": 0.0075820935890078545,
          "z": 0.013494385406374931
        },
        "scale": {
          "x": 1.0,
          "y": 1.0,
          "z": 1.0
        },
        "matrix_basis": [
          [
            0.9995208382606506,
            -0.02675735577940941,
            0.015561513602733612,
            0.0
          ],
          [
            0.027207767590880394,
            0.9991946816444397,
            -0.029490921646356583,
            0.0
          ],
          [
            -0.014759883284568787,
            0.029900183901190758,
            0.9994438886642456,
            0.0
          ],
          [
            0.0,
            0.0,
            0.0,
            1.0
          ]
        ],
        "rotation_mode": "QUATERNION"
      },
      "armature_space": {
        "head": {
          "x": 0.44372475147247314,
          "y": -0.3396720290184021,
          "z": 0.3066434860229492
        },
        "tail": {
          "x": 0.5107952356338501,
          "y": -0.4083678126335144,
          "z": 0.2663238048553467
        }
      },
      "world_space": {
        "head": {
          "x": 0.44372475147247314,
          "y": -0.2764280438423157,
          "z": 1.2564975023269653
        },
        "tail": {
          "x": 0.5107952356338501,
          "y": -0.345123827457428,
          "z": 1.2161778211593628
        },
        "rotation_quaternion": {
          "w": 0.284007728099823,
          "x": 0.2430536150932312,
          "y": 0.2991422116756439,
          "z": -0.8779399394989014
        },
        "matrix": [
          [
            -0.7205292582511902,
            0.6440989375114441,
            -0.25685444474220276,
            0.44372475147247314
          ],
          [
            -0.3532697856426239,
            -0.6597070097923279,
            -0.66331547498703,
            -0.2764280438423157
          ],
          [
            -0.5966939926147461,
            -0.38720256090164185,
            0.7028830051422119,
            1.2564975023269653
          ],
          [
            0.0,
            0.0,
            0.0,
            1.0
          ]
        ]
      },
      "bone_length_armature_space": 0.10413086444790687,
      "parent": "lowerarm_l",
      "has_children": true,
      "is_end_bone": false
    },
    "pinky_01_l": {
      "name": "pinky_01_l",
      "local": {
        "location": {
          "x": 0.0,
          "y": 0.0,
          "z": 0.0
        },
        "rotation_quaternion": {
          "w": 0.9992150068283081,
          "x": 0.036004967987537384,
          "y": 0.010478034615516663,
          "z": 0.012778202071785927
        },
        "scale": {
          "x": 1.0,
          "y": 1.0,
          "z": 1.0
        },
        "matrix_basis": [
          [
            0.9994538426399231,
            -0.02478181943297386,
            0.021859776228666306,
            0.0
          ],
          [
            0.02629086561501026,
            0.9970807433128357,
            -0.07168562710285187,
            0.0
          ],
          [
            -0.02001946046948433,
            0.07222118973731995,
            0.9971877336502075,
            0.0
          ],
          [
            0.0,
            0.0,
            0.0,
            1.0
          ]
        ],
        "rotation_mode": "QUATERNION"
      },
      "armature_space": {
        "head": {
          "x": 0.5107952356338501,
          "y": -0.4083678126335144,
