{
  "metadata": {
    "armature_name": "KIM_caucasian_male",
    "export_time": "2026-01-13T21:16:38.244499",
    "blender_version": "4.4.1",
    "bone_count": 56,
    "end_bone_count": 13,
    "spaces_included": [
      "LOCAL_CHANNELS",
      "ARMATURE_SPACE",
      "WORLD_SPACE"
    ],
    "note": "LOCAL matches Transform panel; replay pose via local.matrix_basis for best fidelity."
  },
  "bones": {
    "Root": {
      "name": "Root",
      "local": {
        "location": {
          "x": 0.0,
          "y": 0.0,
          "z": 0.0
        },
        "rotation_quaternion": {
          "w": 0.9997100234031677,
          "x": 0.01139639038592577,
          "y": -0.006674497853964567,
          "z": 0.02013816311955452
        },
        "scale": {
          "x": 1.0,
          "y": 1.0,
          "z": 1.0
        },
        "matrix_basis": [
          [
            0.9990997910499573,
            -0.04041677713394165,
            -0.01288612000644207,
            0.0
          ],
          [
            0.04011251777410507,
            0.9989291429519653,
            -0.023054996505379677,
            0.0
          ],
          [
            0.01380412932485342,
            0.02251734770834446,
            0.9996511340141296,
            0.0
          ],
          [
            0.0,
            0.0,
            0.0,
            1.0
          ]
        ],
        "rotation_mode": "QUATERNION"
      },
      "armature_space": {
        "head": {
          "x": 0.0,
          "y": 0.07072800397872925,
          "z": -0.009595036506652832
        },
        "tail": {
          "x": -0.0028847826179116964,
          "y": -0.00014031678438186646,
          "z": -0.0016028936952352524
        }
      },
      "world_space": {
        "head": {
          "x": 0.0,
          "y": 0.13397200405597687,
          "z": 0.9402589797973633
        },
        "tail": {
          "x": -0.0028847826179116964,
          "y": 0.06310368329286575,
          "z": 0.9482511281967163
        },
        "rotation_quaternion": {
          "w": 0.05597761645913124,
          "x": 0.998206615447998,
          "y": -0.02054206095635891,
          "z": -0.00530267134308815
        },
        "matrix": [
          [
            0.9990997910499573,
            -0.04041677713394165,
            -0.01288612000644207,
            0.0
          ],
          [
            -0.04160410910844803,
            -0.9928890466690063,
            -0.11153706908226013,
            0.13397200405597687
          ],
          [
            -0.008286615833640099,
            0.1119726151227951,
            -0.9936837553977966,
            0.9402589797973633
          ],
          [
            0.0,
            0.0,
            0.0,
            1.0
          ]
        ]
      },
      "bone_length_armature_space": 0.07137587371725156,
      "parent": null,
      "has_children": true,
      "is_end_bone": false
    },
    "spine_01": {
      "name": "spine_01",
      "local": {
        "location": {
          "x": 0.0,
          "y": 0.0,
          "z": 0.0
        },
        "rotation_quaternion": {
          "w": 0.9990862607955933,
          "x": -0.021742327138781548,
          "y": 0.026976462453603745,
          "z": 0.025023585185408592
        },
        "scale": {
          "x": 1.0,
          "y": 1.0,
          "z": 1.0
        },
        "matrix_basis": [
          [
            0.997292160987854,
            -0.051174502819776535,
            0.05281548574566841,
            0.0
          ],
          [
            0.048828378319740295,
            0.997802197933197,
            0.044795017689466476,
            0.0
          ],
          [
            -0.054991766810417175,
            -0.04209482669830322,
            0.9975990653038025,
            0.0
          ],
          [
            0.0,
            0.0,
            0.0,
            1.0
          ]
        ],
        "rotation_mode": "QUATERNION"
      },
      "armature_space": {
        "head": {
          "x": -0.0028847826179116964,
          "y": -0.00014031678438186646,
          "z": -0.0016028936952352524
        },
        "tail": {
          "x": -0.022466139867901802,
          "y": 0.03298746794462204,
          "z": 0.4848821461200714
        }
      },
      "world_space": {
        "head": {
          "x": -0.0028847826179116964,
          "y": 0.06310368329286575,
          "z": 0.9482511281967163
        },
        "tail": {
          "x": -0.022466139867901802,
          "y": 0.09623146802186966,
          "z": 1.4347361326217651
        },
        "rotation_quaternion": {
          "w": 0.7306535840034485,
          "x": 0.6824275255203247,
          "y": -0.009352101013064384,
          "z": 0.018723901361227036
        },
        "matrix": [
          [
            0.9991238713264465,
            -0.04012563079595566,
            0.011889386922121048,
            -0.0028847826179116964
          ],
          [
            0.014597393572330475,
            0.06788463145494461,
            -0.9975864887237549,
            0.06310368329286575
          ],
          [
            0.03922196477651596,
            0.996893048286438,
            0.06841044872999191,
            0.9482511281967163
          ],
          [
            0.0,
            0.0,
            0.0,
            1.0
          ]
        ]
      },
      "bone_length_armature_space": 0.4880046847725261,
      "parent": "Root",
      "has_children": true,
      "is_end_bone": false
    },
    "neck_01": {
      "name": "neck_01",
      "local": {
        "location": {
          "x": 0.0,
          "y": 0.0,
          "z": 0.0
        },
        "rotation_quaternion": {
          "w": 0.9889591336250305,
          "x": -0.12796898186206818,
          "y": -0.02639436535537243,
          "z": -0.06990789622068405
        },
        "scale": {
          "x": 1.0,
          "y": 1.0,
          "z": 1.0
        },
        "matrix_basis": [
          [
            0.9888324737548828,
            0.14502742886543274,
            -0.03431381285190582,
            0.0
          ],
          [
            -0.13151678442955017,
            0.957473635673523,
            0.2568025290966034,
            0.0
          ],
          [
            0.07009798288345337,
            -0.2494218349456787,
            0.9658545255661011,
            0.0
          ],
          [
            0.0,
            0.0,
            0.0,
            1.0
          ]
        ],
        "rotation_mode": "QUATERNION"
      },
      "armature_space": {
        "head": {
          "x": -0.024991746991872787,
          "y": 0.003361135721206665,
          "z": 0.5602456331253052
        },
        "tail": {
          "x": -0.01396231073886156,
          "y": -0.0032270695082843304,
          "z": 0.6619595289230347
        }
      },
      "world_space": {
        "head": {
          "x": -0.024991746991872787,
          "y": 0.06660513579845428,
          "z": 1.5100996494293213
        },
        "tail": {
          "x": -0.01396231073886156,
          "y": 0.060016930103302,
          "z": 1.6118135452270508
        },
        "rotation_quaternion": {
          "w": 0.6832236051559448,
          "x": 0.7281572222709656,
          "y": 0.03277755528688431,
          "z": -0.0437978059053421
        },
        "matrix": [
          [
            0.9940148591995239,
            0.10758186131715775,
            -0.018993841484189034,
            -0.024991746991872787
          ],
          [
            -0.012112278491258621,
            -0.064261794090271,
            -0.99785977602005,
            0.06660513579845428
          ],
          [
            -0.10857293009757996,
            0.992124080657959,
            -0.06257551908493042,
            1.5100996494293213
          ],
          [
            0.0,
            0.0,
            0.0,
            1.0
          ]
        ]
      },
      "bone_length_armature_space": 0.10252204580683433,
      "parent": "spine_01",
      "has_children": true,
      "is_end_bone": false
    },
    "head": {
      "name": "head",
      "local": {
        "location": {
          "x": 0.0,
          "y": 0.0,
          "z": 0.0
        },
        "rotation_quaternion": {
          "w": 0.9962878227233887,
          "x": 0.0013075425522401929,
          "y": -0.08091680705547333,
          "z": 0.02934844046831131
        },
        "scale": {
          "x": 1.0,
          "y": 1.0,
          "z": 1.0
        },
        "matrix_basis": [
          [
            0.9851822853088379,
            -0.058690592646598816,
            -0.16115610301494598,
            0.0
          ],
          [
            0.05826738476753235,
            0.9982739090919495,
            -0.007354941684752703,
            0.0
          ],
          [
            0.161309614777565,
            -0.00214418675750494,
            0.9869015216827393,
            0.0
          ],
          [
            0.0,
            0.0,
            0.0,
            1.0
          ]
        ],
        "rotation_mode": "QUATERNION"
      },
      "armature_space": {
        "head": {
          "x": -0.01396232284605503,
          "y": -0.0032272199168801308,
          "z": 0.6619594693183899
        },
        "tail": {
          "x": -0.006521644536405802,
          "y": 0.04379807412624359,
          "z": 0.8095621466636658
        }
      },
      "world_space": {
        "head": {
          "x": -0.01396232284605503,
          "y": 0.060016781091690063,
          "z": 1.6118135452270508
        },
        "tail": {
          "x": -0.006521644536405802,
          "y": 0.10704207420349121,
          "z": 1.759416103363037
        },
        "rotation_quaternion": {
          "w": 0.8060309290885925,
          "x": 0.5870181322097778,
          "y": -0.04381977766752243,
          "z": -0.06167403981089592
        },
        "matrix": [
          [
            0.9885523319244385,
            0.047976452857255936,
            -0.14304794371128082,
            -0.01396232284605503
          ],
          [
            -0.15086860954761505,
            0.3032125234603882,
            -0.940904438495636,
            0.060016781091690063
          ],
          [
            -0.0017674826085567474,
            0.9517214894294739,
            0.306980699300766,
            1.6118135452270508
          ],
          [
            0.0,
            0.0,
            0.0,
            1.0
          ]
        ]
      },
      "bone_length_armature_space": 0.1550912374750014,
      "parent": "neck_01",
      "has_children": false,
      "is_end_bone": true
    },
    "upperarm_l": {
      "name": "upperarm_l",
      "local": {
        "location": {
          "x": 0.0,
          "y": 0.0,
          "z": 0.0
        },
        "rotation_quaternion": {
          "w": 0.8151949644088745,
          "x": 0.5185743570327759,
          "y": 0.11728133261203766,
          "z": 0.22974571585655212
        },
        "scale": {
          "x": 1.0,
          "y": 1.0,
          "z": 1.0
        },
        "matrix_basis": [
          [
            0.866923987865448,
            -0.2529369294643402,
            0.4294947683811188,
            0.0
          ],
          [
            0.49621328711509705,
            0.35659509897232056,
            -0.7915886640548706,
            0.0
          ],
          [
            0.04706617072224617,
            0.899368166923523,
            0.4346514642238617,
            0.0
          ],
          [
            0.0,
            0.0,
            0.0,
            1.0
          ]
        ],
        "rotation_mode": "QUATERNION"
      },
      "armature_space": {
        "head": {
          "x": 0.12761151790618896,
          "y": -0.002193056046962738,
          "z": 0.49934813380241394
        },
        "tail": {
          "x": 0.23427529633045197,
          "y": -0.23464450240135193,
          "z": 0.5793285965919495
        }
      },
      "world_space": {
        "head": {
          "x": 0.12761151790618896,
          "y": 0.06105094403028488,
          "z": 1.4492021799087524
        },
        "tail": {
          "x": 0.23427529633045197,
          "y": -0.1714005023241043,
          "z": 1.5291826725006104
        },
        "rotation_quaternion": {
          "w": 0.23673419654369354,
          "x": 0.8368173241615295,
          "y": 0.10114140063524246,
          "z": -0.4831811785697937
        },
        "matrix": [
          [
            0.5126129984855652,
            0.3980445861816406,
            -0.7607815861701965,
            0.12761151790618896
          ],
          [
            -0.05949705094099045,
            -0.8674551248550415,
            -0.4939457178115845,
            0.06105094403028488
          ],
          [
            -0.8565620183944702,
            0.29846855998039246,
            -0.4209894835948944,
            1.4492021799087524
          ],
          [
            0.0,
            0.0,
            0.0,
            1.0
          ]
        ]
      },
      "bone_length_armature_space": 0.2679695995125498,
      "parent": "spine_01",
      "has_children": true,
      "is_end_bone": false
    },
    "lowerarm_l": {
      "name": "lowerarm_l",
      "local": {
        "location": {
          "x": 0.0,
          "y": 0.0,
          "z": 0.0
        },
        "rotation_quaternion": {
          "w": 0.9862694144248962,
          "x": 0.13889290392398834,
          "y": 0.006012412719428539,
          "z": -0.0891370102763176
        },
        "scale": {
          "x": 1.0,
          "y": 1.0,
          "z": 1.0
        },
        "matrix_basis": [
          [
            0.9840368628501892,
            0.17749637365341187,
            -0.012901279143989086,
            0.0
          ],
          [
            -0.174156054854393,
            0.9455267190933228,
            -0.2750435173511505,
            0.0
          ],
          [
            -0.03662071377038956,
            0.2728997766971588,
            0.9613451957702637,
            0.0
          ],
          [
            0.0,
            0.0,
            0.0,
            1.0
          ]
        ],
        "rotation_mode": "QUATERNION"
      },
      "armature_space": {
        "head": {
          "x": 0.234275221824646,
          "y": -0.23464460670948029,
          "z": 0.5793286561965942
        },
        "tail": {
          "x": 0.25915947556495667,
          "y": -0.5007737874984741,
          "z": 0.5905269384384155
        }
      },
      "world_space": {
        "head": {
          "x": 0.234275221824646,
          "y": -0.17140060663223267,
          "z": 1.5291826725006104
        },
        "tail": {
          "x": 0.25915947556495667,
          "y": -0.4375298023223877,
          "z": 1.5403809547424316
        },
        "rotation_quaternion": {
          "w": 0.04309294745326042,
          "x": 0.8345257043838501,
          "y": 0.027401940897107124,
          "z": -0.5485973358154297
        },
        "matrix": [
          [
            0.3965802490711212,
            0.09301672875881195,
            -0.9132755994796753,
            0.234275221824646
          ],
          [
            -0.0015462376177310944,
            -0.994784414768219,
            -0.1019899845123291,
            -0.17140060663223267
          ],
          [
            -0.9180052280426025,
            0.04185882955789566,
            -0.3943707346916199,
            1.5291826725006104
          ],
          [
            0.0,
            0.0,
            0.0,
            1.0
          ]
        ]
      },
      "bone_length_armature_space": 0.26752453600981785,
      "parent": "upperarm_l",
      "has_children": true,
      "is_end_bone": false
    },
    "metacarpal_thumb_l": {
      "name": "metacarpal_thumb_l",
      "local": {
        "location": {
          "x": 0.0,
          "y": 0.0,
          "z": 0.0
        },
        "rotation_quaternion": {
          "w": 0.9997140765190125,
          "x": -0.020806793123483658,
          "y": 0.00755646824836731,
          "z": 0.009053600020706654
        },
        "scale": {
          "x": 1.0,
          "y": 1.0,
          "z": 1.0
        },
        "matrix_basis": [
          [
            0.999721884727478,
            -0.018416473641991615,
            0.01473186258226633,
            0.0
          ],
          [
            0.017787570133805275,
            0.9989702105522156,
            0.041738513857126236,
            0.0
          ],
          [
            -0.015485367737710476,
            -0.04146486148238182,
            0.999019980430603,
            0.0
          ],
          [
            0.0,
            0.0,
            0.0,
            1.0
          ]
        ],
        "rotation_mode": "QUATERNION"
      },
      "armature_space": {
        "head": {
          "x": 0.25915947556495667,
          "y": -0.5007737874984741,
          "z": 0.5905269384384155
        },
        "tail": {
          "x": 0.23818707466125488,
          "y": -0.5424808859825134,
          "z": 0.5739659070968628
        }
      },
      "world_space": {
        "head": {
          "x": 0.25915947556495667,
          "y": -0.4375298023223877,
          "z": 1.5403809547424316
        },
        "tail": {
          "x": 0.23818707466125488,
          "y": -0.479236900806427,
          "z": 1.523819923400879
        },
        "rotation_quaternion": {
          "w": 0.1281137764453888,
          "x": -0.9414735436439514,
          "y": 0.2501794099807739,
          "z": -0.18607714772224426
        },
        "matrix": [
          [
            0.8055709004402161,
            -0.4233970046043396,
            0.41447657346725464,
            0.25915947556495667
          ],
          [
            -0.5187528729438782,
            -0.8419944047927856,
            0.1481250822544098,
            -0.4375298023223877
          ],
          [
            0.2862727642059326,
            -0.3343389928340912,
            -0.8979306221008301,
            1.5403809547424316
          ],
          [
            0.0,
            0.0,
            0.0,
            1.0
          ]
        ]
      },
      "bone_length_armature_space": 0.04953373985000491,
      "parent": "lowerarm_l",
      "has_children": true,
      "is_end_bone": false
    },
    "thumb_01_l": {
      "name": "thumb_01_l",
      "local": {
        "location": {
          "x": 0.0,
          "y": 0.0,
          "z": 0.0
        },
        "rotation_quaternion": {
          "w": 0.9997768998146057,
          "x": 0.019825739786028862,
          "y": 0.00023587397299706936,
          "z": -0.007294694427400827
        },
        "scale": {
          "x": 1.0,
          "y": 1.0,
          "z": 1.0
        },
        "matrix_basis": [
          [
            0.9998934864997864,
            0.014595487155020237,
            0.00018239727069158107,
            0.0
          ],
          [
            -0.014576781541109085,
            0.9991074800491333,
            -0.039646074175834656,
            0.0
          ],
          [
            -0.0007608880987390876,
            0.0396391935646534,
            0.9992137551307678,
            0.0
          ],
          [
            0.0,
            0.0,
            0.0,
            1.0
          ]
        ],
        "rotation_mode": "QUATERNION"
      },
      "armature_space": {
        "head": {
          "x": 0.23818707466125488,
          "y": -0.5424808859825134,
          "z": 0.5739659070968628
        },
        "tail": {
          "x": 0.2365993708372116,
          "y": -0.556645929813385,
          "z": 0.5430552363395691
        }
      },
      "world_space": {
        "head": {
          "x": 0.23818707466125488,
          "y": -0.479236900806427,
          "z": 1.523819923400879
        },
        "tail": {
          "x": 0.2365993708372116,
          "y": -0.4934019446372986,
          "z": 1.4929091930389404
        },
        "rotation_quaternion": {
          "w": 0.22534222900867462,
          "x": -0.38971972465515137,
          "y": 0.4910682141780853,
          "z": -0.7457824349403381
        },
        "matrix": [
          [
            -0.5946797728538513,
            -0.046644166111946106,
            0.8026086688041687,
            0.23818707466125488
          ],
          [
            -0.7188699841499329,
            -0.4161466360092163,
            -0.5568196773529053,
            -0.479236900806427
          ],
          [
            0.35997718572616577,
            -0.9081072211265564,
            0.21394380927085876,
            1.523819923400879
          ],
          [
            0.0,
            0.0,
            0.0,
            1.0
          ]
        ]
      },
      "bone_length_armature_space": 0.03403878423976566,
      "parent": "metacarpal_thumb_l",
      "has_children": true,
      "is_end_bone": false
    },
    "thumb_02_l": {
      "name": "thumb_02_l",
      "local": {
        "location": {
          "x": 0.0,
          "y": 0.0,
          "z": 0.0
        },
        "rotation_quaternion": {
          "w": 0.9942066669464111,
          "x": 0.10743008553981781,
          "y": 0.0030281031504273415,
          "z": 0.0016908564139157534
        },
        "scale": {
          "x": 1.0,
          "y": 1.0,
          "z": 1.0
        },
        "matrix_basis": [
          [
            0.9999759197235107,
            -0.0027115026023238897,
            0.006384418345987797,
            0.0
          ],
          [
            0.004012740217149258,
            0.9769118428230286,
            -0.21360518038272858,
            0.0
          ],
          [
            -0.005657822825014591,
            0.21362565457820892,
            0.9768992066383362,
            0.0
          ],
          [
            0.0,
            0.0,
            0.0,
            1.0
          ]
        ],
        "rotation_mode": "QUATERNION"
      },
      "armature_space": {
        "head": {
          "x": 0.23659935593605042,
          "y": -0.5566458702087402,
          "z": 0.5430552363395691
        },
        "tail": {
          "x": 0.24189938604831696,
          "y": -0.5961610078811646,
          "z": 0.5479177832603455
        }
      },
      "world_space": {
        "head": {
          "x": 0.23659935593605042,
          "y": -0.4934018850326538,
          "z": 1.4929091930389404
        },
        "tail": {
          "x": 0.24189938604831696,
          "y": -0.5329170227050781,
          "z": 1.4977717399597168
        },
        "rotation_quaternion": {
          "w": 0.05997685715556145,
          "x": -0.097535140812397,
          "y": -0.0669746845960617,
          "z": -0.9911630153656006
        },
        "matrix": [
          [
            -0.9737796187400818,
            0.13195852935314178,
            0.18531253933906555,
            0.23659935593605042
          ],
          [
            -0.1058289036154747,
            -0.9838343858718872,
            0.1444658488035202,
            -0.4934018850326538
          ],
          [
            0.20138169825077057,
            0.12106647342443466,
            0.972009539604187,
            1.4929091930389404
          ],
          [
            0.0,
            0.0,
            0.0,
            1.0
          ]
        ]
      },
      "bone_length_armature_space": 0.04016442202987775,
      "parent": "thumb_01_l",
      "has_children": true,
      "is_end_bone": false
    },
    "thumb_03_l": {
      "name": "thumb_03_l",
      "local": {
        "location": {
          "x": 0.0,
          "y": 0.0,
          "z": 0.0
        },
        "rotation_quaternion": {
          "w": 0.9948099851608276,
          "x": 0.10165408998727798,
          "y": -0.004113503731787205,
          "z": 0.0016615275526419282
        },
        "scale": {
          "x": 1.0,
          "y": 1.0,
          "z": 1.0
        },
        "matrix_basis": [
          [
            0.9999606609344482,
            -0.004142117220908403,
            -0.007846507243812084,
            0.0
          ],
          [
            0.0024694993626326323,
            0.979327380657196,
            -0.20226667821407318,
            0.0
          ],
          [
            0.008522110991179943,
            0.20223933458328247,
            0.9792990684509277,
            0.0
          ],
          [
            0.0,
            0.0,
            0.0,
            1.0
          ]
        ],
        "rotation_mode": "QUATERNION"
      },
      "armature_space": {
        "head": {
          "x": 0.241899311542511,
          "y": -0.5961609482765198,
          "z": 0.5479177236557007
        },
        "tail": {
          "x": 0.250480979681015,
          "y": -0.6205647587776184,
          "z": 0.5639708042144775
        }
      },
      "world_space": {
        "head": {
          "x": 0.241899311542511,
          "y": -0.5329169631004333,
          "z": 1.4977717399597168
        },
        "tail": {
          "x": 0.250480979681015,
          "y": -0.557320773601532,
          "z": 1.5138248205184937
        },
        "rotation_quaternion": {
          "w": 0.17806994915008545,
          "x": 0.10410568118095398,
          "y": -0.2598152458667755,
          "z": -0.9433711767196655
        },
        "matrix": [
          [
            -0.9149063229560852,
            0.2818758487701416,
            -0.2889516055583954,
            0.241899311542511
          ],
          [
            -0.39006900787353516,
            -0.8015742897987366,
            0.45312830805778503,
            -0.5329169631004333
          ],
          [
            -0.10389120131731033,
            0.5272839069366455,
            0.8433224558830261,
            1.4977717399597168
          ],
          [
            0.0,
            0.0,
            0.0,
            1.0
          ]
        ]
      },
      "bone_length_armature_space": 0.03044490792640347,
      "parent": "thumb_02_l",
      "has_children": false,
      "is_end_bone": true
    },
    "metacarpal_index_l": {
      "name": "metacarpal_index_l",
      "local": {
        "location": {
          "x": 0.0,
          "y": 0.0,
          "z": 0.0
        },
        "rotation_quaternion": {
          "w": 0.9998151659965515,
          "x": -0.015456443652510643,
          "y": -0.006985355634242296,
          "z": 0.009050777181982994
        },
        "scale": {
          "x": 1.0,
          "y": 1.0,
          "z": 1.0
        },
        "matrix_basis": [
          [
            0.9997385740280151,
            -0.017882270738482475,
            -0.014247914776206017,
            0.0
          ],
          [
            0.018314145505428314,
            0.9993583559989929,
            0.030780727043747902,
            0.0
          ],
          [
            0.013688343577086926,
            -0.031033620238304138,
            0.9994245767593384,
            0.0
          ],
          [
            0.0,
            0.0,
            0.0,
            1.0
          ]
        ],
        "rotation_mode": "QUATERNION"
      },
      "armature_space": {
        "head": {
          "x": 0.25915947556495667,
          "y": -0.5007737874984741,
          "z": 0.5905269384384155
        },
        "tail": {
          "x": 0.23791895806789398,
          "y": -0.6154892444610596,
          "z": 0.5796446800231934
        }
      },
      "world_space": {
        "head": {
          "x": 0.25915947556495667,
          "y": -0.4375298023223877,
          "z": 1.5403809547424316
        },
        "tail": {
          "x": 0.23791895806789398,
          "y": -0.5522452592849731,
          "z": 1.5294986963272095
        },
        "rotation_quaternion": {
          "w": 0.056781306862831116,
          "x": -0.988238513469696,
          "y": 0.08519042283296585,
          "z": 0.11359205096960068
        },
        "matrix": [
          [
            0.9596790075302124,
            -0.1812768280506134,
            -0.21483749151229858,
            0.25915947556495667
          ],
          [
            -0.1554771214723587,
            -0.9790371656417847,
            0.13158056139945984,
            -0.4375298023223877
          ],
          [
            -0.23418815433979034,
            -0.0928742066025734,
            -0.96775221824646,
            1.5403809547424316
          ],
          [
            0.0,
            0.0,
            0.0,
            1.0
          ]
        ]
      },
      "bone_length_armature_space": 0.11717175229503726,
      "parent": "lowerarm_l",
      "has_children": true,
      "is_end_bone": false
    },
    "index_01_l": {
      "name": "index_01_l",
      "local": {
        "location": {
          "x": 0.0,
          "y": 0.0,
          "z": 0.0
        },
        "rotation_quaternion": {
          "w": 0.9964613914489746,
          "x": -0.08226028829813004,
          "y": 0.017132975161075592,
          "z": -0.0021175581496208906
        },
        "scale": {
          "x": 1.0,
          "y": 1.0,
          "z": 1.0
        },
        "matrix_basis": [
          [
            0.9994039535522461,
            0.0014014028711244464,
            0.03449307754635811,
            0.0
          ],
          [
            -0.007038856856524944,
            0.9864575266838074,
            0.1638658493757248,
            0.0
          ],
          [
            -0.033796314150094986,
            -0.16401095688343048,
            0.9858794212341309,
            0.0
          ],
          [
            0.0,
            0.0,
            0.0,
            1.0
          ]
        ],
        "rotation_mode": "QUATERNION"
      },
      "armature_space": {
        "head": {
          "x": 0.23791895806789398,
          "y": -0.6154892444610596,
          "z": 0.5796446800231934
        },
        "tail": {
          "x": 0.24415498971939087,
          "y": -0.6430895328521729,
          "z": 0.5831666588783264
        }
      },
      "world_space": {
        "head": {
          "x": 0.23791895806789398,
          "y": -0.5522452592849731,
          "z": 1.5294986963272095
        },
        "tail": {
          "x": 0.24415498971939087,
          "y": -0.5798455476760864,
          "z": 1.5330207347869873
        },
        "rotation_quaternion": {
          "w": 0.069342702627182,
          "x": 0.9898250699043274,
          "y": 0.10592316091060638,
          "z": -0.0649479329586029
        },
        "matrix": [
          [
            0.9691242575645447,
            0.21869811415672302,
            -0.1138840839266777,
            0.23791895806789398
          ],
          [
            0.20068354904651642,
            -0.9679438471794128,
            -0.15103378891944885,
            -0.5522452592849731
          ],
          [
            -0.14326506853103638,
            0.12351584434509277,
            -0.9819536209106445,
            1.5294986963272095
          ],
          [
            0.0,
            0.0,
            0.0,
            1.0
          ]
        ]
      },
      "bone_length_armature_space": 0.028514353690192718,
      "parent": "metacarpal_index_l",
      "has_children": true,
      "is_end_bone": false
    },
    "index_02_l": {
      "name": "index_02_l",
      "local": {
        "location": {
          "x": 0.0,
          "y": 0.0,
          "z": 0.0
        },
        "rotation_quaternion": {
          "w": 0.9807840585708618,
          "x": 0.1950499415397644,
          "y": -0.0003306228027213365,
          "z": -0.004266159143298864
        },
        "scale": {
          "x": 1.0,
          "y": 1.0,
          "z": 1.0
        },
        "matrix_basis": [
          [
            0.9999634027481079,
            0.008239385671913624,
            -0.002312767319381237,
            0.0
          ],
          [
            -0.008497337810695171,
            0.9238746166229248,
            -0.38260093331336975,
            0.0
          ],
          [
            -0.0010156889911741018,
            0.382606565952301,
            0.9239107966423035,
            0.0
          ],
          [
            0.0,
            0.0,
            0.0,
            1.0
          ]
        ],
        "rotation_mode": "QUATERNION"
      },
      "armature_space": {
        "head": {
          "x": 0.24415482580661774,
          "y": -0.643090009689331,
          "z": 0.5831664204597473
        },
        "tail": {
          "x": 0.24868811666965485,
          "y": -0.6676411628723145,
          "z": 0.5772689580917358
        }
      },
      "world_space": {
        "head": {
          "x": 0.24415482580661774,
          "y": -0.5798460245132446,
          "z": 1.5330204963684082
        },
        "tail": {
          "x": 0.24868811666965485,
          "y": -0.604397177696228,
          "z": 1.527122974395752
        },
        "rotation_quaternion": {
          "w": 0.10465027391910553,
          "x": -0.9820641875267029,
          "y": -0.10261049121618271,
          "z": 0.1186143308877945
        },
        "matrix": [
          [
            0.9508035182952881,
            0.1767142117023468,
            -0.25445032119750977,
            0.24415482580661774
          ],
          [
            0.22636635601520538,
            -0.9570391178131104,
            0.18120384216308594,
            -0.5798460245132446
          ],
          [
            -0.2114989161491394,
            -0.2298905998468399,
            -0.9499645233154297,
            1.5330204963684082
          ],
          [
            0.0,
            0.0,
            0.0,
            1.0
          ]
        ]
      },
      "bone_length_armature_space": 0.025653263319566296,
      "parent": "index_01_l",
      "has_children": true,
      "is_end_bone": false
    },
    "index_03_l": {
      "name": "index_03_l",
      "local": {
        "location": {
          "x": 0.0,
          "y": 0.0,
          "z": 0.0
        },
        "rotation_quaternion": {
          "w": 0.9785759449005127,
          "x": 0.20564228296279907,
          "y": 0.009213538840413094,
          "z": -0.0039499918930232525
        },
        "scale": {
          "x": 1.0,
          "y": 1.0,
          "z": 1.0
        },
        "matrix_basis": [
          [
            0.9997990131378174,
            0.011520120315253735,
            0.01640772446990013,
            0.0
          ],
          [
            -0.003941347822546959,
            0.9153913259506226,
            -0.4025459587574005,
            0.0
          ],
          [
            -0.019656864926218987,
            0.402400404214859,
            0.9152527451515198,
            0.0
          ],
          [
            0.0,
            0.0,
            0.0,
            1.0
          ]
        ],
        "rotation_mode": "QUATERNION"
      },
      "armature_space": {
        "head": {
          "x": 0.24868813157081604,
          "y": -0.6676411628723145,
          "z": 0.5772690773010254
        },
        "tail": {
          "x": 0.25298669934272766,
          "y": -0.688602864742279,
          "z": 0.5573726892471313
        }
      },
      "world_space": {
        "head": {
          "x": 0.24868813157081604,
          "y": -0.604397177696228,
          "z": 1.5271230936050415
        },
        "tail": {
          "x": 0.25298669934272766,
          "y": -0.6253588795661926,
          "z": 1.5072267055511475
        },
        "rotation_quaternion": {
          "w": 0.35670119524002075,
          "x": -0.9212478399276733,
          "y": -0.1185774877667427,
          "z": 0.10003051906824112
        },
        "matrix": [
          [
            0.9518665075302124,
            0.14711670577526093,
            -0.26889947056770325,
            0.24868813157081604
          ],
          [
            0.2898408770561218,
            -0.717407763004303,
            0.6334972381591797,
            -0.604397177696228
          ],
          [
            -0.0997130274772644,
            -0.6809481382369995,
            -0.7255212068557739,
            1.5271230936050415
          ],
          [
            0.0,
            0.0,
            0.0,
            1.0
          ]
        ]
      },
      "bone_length_armature_space": 0.02921877645667102,
      "parent": "index_02_l",
      "has_children": false,
      "is_end_bone": true
    },
    "metacarpal_pinky_l": {
      "name": "metacarpal_pinky_l",
      "local": {
        "location": {
          "x": 0.0,
          "y": 0.0,
          "z": 0.0
        },
        "rotation_quaternion": {
          "w": 0.9998853802680969,
          "x": -0.012554019689559937,
          "y": -0.002953678835183382,
          "z": -0.007940647192299366
        },
        "scale": {
          "x": 1.0,
          "y": 1.0,
          "z": 1.0
        },
        "matrix_basis": [
          [
            0.9998564720153809,
            0.015953635796904564,
            -0.005707306321710348,
            0.0
          ],
          [
            -0.015805313363671303,
            0.999558687210083,
            0.025152070447802544,
            0.0
          ],
          [
            0.006106054875999689,
            -0.02505825273692608,
            0.9996673464775085,
            0.0
          ],
          [
            0.0,
            0.0,
            0.0,
            1.0
          ]
        ],
        "rotation_mode": "QUATERNION"
      },
      "armature_space": {
        "head": {
          "x": 0.25915947556495667,
          "y": -0.5007737874984741,
          "z": 0.5905269384384155
        },
        "tail": {
          "x": 0.2978818714618683,
          "y": -0.5965505838394165,
          "z": 0.6035882830619812
        }
      },
      "world_space": {
        "head": {
          "x": 0.25915947556495667,
          "y": -0.4375298023223877,
          "z": 1.5403809547424316
        },
        "tail": {
          "x": 0.2978818714618683,
          "y": -0.5333065986633301,
          "z": 1.5534422397613525
        },
        "rotation_quaternion": {
          "w": 0.2002757489681244,
          "x": 0.32037752866744995,
          "y": 0.0015636053867638111,
          "z": -0.9258756041526794
        },
        "matrix": [
          [
            -0.714495837688446,
            0.3718632161617279,
            -0.5926328897476196,
            0.25915947556495667
          ],
          [
            -0.3698594272136688,
            -0.9197743535041809,
            -0.1312236189842224,
            -0.4375298023223877
          ],
          [
            -0.5938900709152222,
            0.12543223798274994,
            0.7947172522544861,
            1.5403809547424316
          ],
          [
            0.0,
            0.0,
            0.0,
            1.0
          ]
        ]
      },
      "bone_length_armature_space": 0.10413077158637121,
      "parent": "lowerarm_l",
      "has_children": true,
      "is_end_bone": false
    },
    "pinky_01_l": {
      "name": "pinky_01_l",
      "local": {
        "location": {
          "x": 0.0,
          "y": 0.0,
          "z": 0.0
        },
        "rotation_quaternion": {
          "w": 0.9988846778869629,
          "x": 0.04467019438743591,
          "y": -0.012721274979412556,
          "z": -0.008492753840982914
        },
        "scale": {
          "x": 1.0,
          "y": 1.0,
          "z": 1.0
        },
        "matrix_basis": [
          [
            0.9995321035385132,
            0.015830039978027344,
            -0.02617291919887066,
            0.0
          ],
          [
            -0.018103087320923805,
            0.9958648681640625,
            -0.08902467042207718,
            0.0
          ],
          [
            0.024655427783727646,
            0.08945682644844055,
            0.9956854581832886,
            0.0
          ],
          [
            0.0,
            0.0,
            0.0,
            1.0
          ]
        ],
        "rotation_mode": "QUATERNION"
      },
      "armature_space": {
        "head": {
          "x": 0.2978818714618683,
          "y": -0.5965505838394165,
