{
  "metadata": {
    "armature_name": "KIM_caucasian_male",
    "export_time": "2026-01-13T21:08:31.189070",
    "blender_version": "4.4.1",
    "bone_count": 56,
    "end_bone_count": 13,
    "spaces_included": [
      "LOCAL_CHANNELS",
      "ARMATURE_SPACE",
      "WORLD_SPACE"
    ],
    "note": "LOCAL matches Transform panel; replay pose via local.matrix_basis for best fidelity."
  },
  "bones": {
    "Root": {
      "name": "Root",
      "local": {
        "location": {
          "x": 0.0,
          "y": 0.0,
          "z": 0.0
        },
        "rotation_quaternion": {
          "w": 0.999817967414856,
          "x": -0.006103012710809708,
          "y": -0.016231011599302292,
          "z": -0.007968489080667496
        },
        "scale": {
          "x": 1.0,
          "y": 1.0,
          "z": 1.0
        },
        "matrix_basis": [
          [
            0.999346137046814,
            0.016132192686200142,
            -0.03235885128378868,
            0.0
          ],
          [
            -0.015735961496829987,
            0.9997985363006592,
            0.012462477199733257,
            0.0
          ],
          [
            0.032553378492593765,
            -0.011945130303502083,
            0.9993985891342163,
            0.0
          ],
          [
            0.0,
            0.0,
            0.0,
            1.0
          ]
        ],
        "rotation_mode": "QUATERNION"
      },
      "armature_space": {
        "head": {
          "x": 0.0,
          "y": 0.07072800397872925,
          "z": -0.009595036506652832
        },
        "tail": {
          "x": 0.001151449279859662,
          "y": 0.00012886524200439453,
          "z": 0.0008429288864135742
        }
      },
      "world_space": {
        "head": {
          "x": 0.0,
          "y": 0.13397200405597687,
          "z": 0.9402589797973633
        },
        "tail": {
          "x": 0.001151449279859662,
          "y": 0.06337286531925201,
          "z": 0.9506969451904297
        },
        "rotation_quaternion": {
          "w": 0.07344453036785126,
          "x": 0.9971354007720947,
          "y": 0.006856937892735004,
          "z": -0.016730960458517075
        },
        "matrix": [
          [
            0.999346137046814,
            0.016132192686200142,
            -0.03235885128378868,
            0.0
          ],
          [
            0.011216988787055016,
            -0.9891177415847778,
            -0.14669819176197052,
            0.13397200405597687
          ],
          [
            -0.034373506903648376,
            0.14623941481113434,
            -0.9886589646339417,
            0.9402589797973633
          ],
          [
            0.0,
            0.0,
            0.0,
            1.0
          ]
        ]
      },
      "bone_length_armature_space": 0.07137587226144071,
      "parent": null,
      "has_children": true,
      "is_end_bone": false
    },
    "spine_01": {
      "name": "spine_01",
      "local": {
        "location": {
          "x": 0.0,
          "y": 0.0,
          "z": 0.0
        },
        "rotation_quaternion": {
          "w": 0.9966967105865479,
          "x": 0.03350145369768143,
          "y": -0.027364959940314293,
          "z": 0.06873510777950287
        },
        "scale": {
          "x": 1.0,
          "y": 1.0,
          "z": 1.0
        },
        "matrix_basis": [
          [
            0.9890533089637756,
            -0.1388496458530426,
            -0.049943678081035614,
            0.0
          ],
          [
            0.13518257439136505,
            0.9883062839508057,
            -0.07054344564676285,
            0.0
          ],
          [
            0.059154585003852844,
            0.06301970779895782,
            0.9962576031684875,
            0.0
          ],
          [
            0.0,
            0.0,
            0.0,
            1.0
          ]
        ],
        "rotation_mode": "QUATERNION"
      },
      "armature_space": {
        "head": {
          "x": 0.001151449279859662,
          "y": 0.00012886524200439453,
          "z": 0.0008429288864135742
        },
        "tail": {
          "x": -0.04992594197392464,
          "y": -0.0028169238939881325,
          "z": 0.48615825176239014
        }
      },
      "world_space": {
        "head": {
          "x": 0.001151449279859662,
          "y": 0.06337286531925201,
          "z": 0.9506969451904297
        },
        "tail": {
          "x": -0.04992594197392464,
          "y": 0.06042707711458206,
          "z": 1.4360122680664062
        },
        "rotation_quaternion": {
          "w": 0.703121542930603,
          "x": 0.708864688873291,
          "y": -0.051006659865379333,
          "z": 0.023006577044725418
        },
        "matrix": [
          [
            0.993738055229187,
            -0.10466652363538742,
            -0.03911139443516731,
            0.001151449279859662
          ],
          [
            -0.039961494505405426,
            -0.006036438047885895,
            -0.9991830587387085,
            0.06337286531925201
          ],
          [
            0.10434561222791672,
            0.9944961071014404,
            -0.010182227939367294,
            0.9506969451904297
          ],
          [
            0.0,
            0.0,
            0.0,
            1.0
          ]
        ]
      },
      "bone_length_armature_space": 0.4880046467110959,
      "parent": "Root",
      "has_children": true,
      "is_end_bone": false
    },
    "neck_01": {
      "name": "neck_01",
      "local": {
        "location": {
          "x": 0.0,
          "y": 0.0,
          "z": 0.0
        },
        "rotation_quaternion": {
          "w": 0.9894214272499084,
          "x": -0.07467499375343323,
          "y": -0.02921203337609768,
          "z": 0.12089495360851288
        },
        "scale": {
          "x": 1.0,
          "y": 1.0,
          "z": 1.0
        },
        "matrix_basis": [
          [
            0.9690621495246887,
            -0.23486930131912231,
            -0.07586168497800827,
            0.0
          ],
          [
            0.2435949295759201,
            0.9596161246299744,
            0.1407068967819214,
            0.0
          ],
          [
            0.0397503636777401,
            -0.15483325719833374,
            0.9871405959129333,
            0.0
          ],
          [
            0.0,
            0.0,
            0.0,
            1.0
          ]
        ],
        "rotation_mode": "QUATERNION"
      },
      "armature_space": {
        "head": {
          "x": -0.05894586443901062,
          "y": -0.03791101276874542,
          "z": 0.5586206316947937
        },
        "tail": {
          "x": -0.09389068931341171,
          "y": -0.06016988307237625,
          "z": 0.6523977518081665
        }
      },
      "world_space": {
        "head": {
          "x": -0.05894586443901062,
          "y": 0.025332987308502197,
          "z": 1.508474588394165
        },
        "tail": {
          "x": -0.09389068931341171,
          "y": 0.0030741170048713684,
          "z": 1.6022517681121826
        },
        "rotation_quaternion": {
          "w": 0.6036059260368347,
          "x": 0.7769131660461426,
          "y": -0.1646282821893692,
          "z": 0.07045166194438934
        },
        "matrix": [
          [
            0.9358680248260498,
            -0.3408541679382324,
            -0.08927331119775772,
            -0.05894586443901062
          ],
          [
            -0.17075544595718384,
            -0.21711449325084686,
            -0.9610953330993652,
            0.025332987308502197
          ],
          [
            0.3082127571105957,
            0.9147083163261414,
            -0.2613958716392517,
            1.508474588394165
          ],
          [
            0.0,
            0.0,
            0.0,
            1.0
          ]
        ]
      },
      "bone_length_armature_space": 0.10252193182945188,
      "parent": "spine_01",
      "has_children": true,
      "is_end_bone": false
    },
    "head": {
      "name": "head",
      "local": {
        "location": {
          "x": 0.0,
          "y": 0.0,
          "z": 0.0
        },
        "rotation_quaternion": {
          "w": 0.9880516529083252,
          "x": 0.0618126206099987,
          "y": -0.13368922472000122,
          "z": -0.04539300128817558
        },
        "scale": {
          "x": 1.0,
          "y": 1.0,
          "z": 1.0
        },
        "matrix_basis": [
          [
            0.9601333141326904,
            0.0731738954782486,
            -0.2697954475879669,
            0.0
          ],
          [
            -0.10622861981391907,
            0.9882373213768005,
            -0.1100110113620758,
            0.0
          ],
          [
            0.2585720121860504,
            0.13428524136543274,
            0.956612765789032,
            0.0
          ],
          [
            0.0,
            0.0,
            0.0,
            1.0
          ]
        ],
        "rotation_mode": "QUATERNION"
      },
      "armature_space": {
        "head": {
          "x": -0.09389068186283112,
          "y": -0.0601700134575367,
          "z": 0.652397632598877
        },
        "tail": {
          "x": -0.13148997724056244,
          "y": -0.0601855032145977,
          "z": 0.8028622269630432
        }
      },
      "world_space": {
        "head": {
          "x": -0.09389068186283112,
          "y": 0.0030739866197109222,
          "z": 1.602251648902893
        },
        "tail": {
          "x": -0.13148997724056244,
          "y": 0.0030584968626499176,
          "z": 1.752716302871704
        },
        "rotation_quaternion": {
          "w": 0.6649569869041443,
          "x": 0.7034667730331421,
          "y": -0.24037888646125793,
          "z": -0.07200638204813004
        },
        "matrix": [
          [
            0.8740655183792114,
            -0.24243496358394623,
            -0.4209928512573242,
            -0.09389068186283112
          ],
          [
            -0.4339607357978821,
            -9.986758232116699e-05,
            -0.9009319543838501,
            0.0030739866197109222
          ],
          [
            0.21837647259235382,
            0.9701746106147766,
            -0.1052960529923439,
            1.602251648902893
          ],
          [
            0.0,
            0.0,
            0.0,
            1.0
          ]
        ]
      },
      "bone_length_armature_space": 0.15509127071303913,
      "parent": "neck_01",
      "has_children": false,
      "is_end_bone": true
    },
    "upperarm_l": {
      "name": "upperarm_l",
      "local": {
        "location": {
          "x": 0.0,
          "y": 0.0,
          "z": 0.0
        },
        "rotation_quaternion": {
          "w": 0.9619870185852051,
          "x": -0.18898826837539673,
          "y": 0.18878816068172455,
          "z": -0.056774914264678955
        },
        "scale": {
          "x": 1.0,
          "y": 1.0,
          "z": 1.0
        },
        "matrix_basis": [
          [
            0.9222712516784668,
            0.03787596523761749,
            0.38468310236930847,
            0.0
          ],
          [
            -0.18059095740318298,
            0.9221200942993164,
            0.34217166900634766,
            0.0
          ],
          [
            -0.3417639434337616,
            -0.3850453794002533,
            0.8572849035263062,
            0.0
          ],
          [
            0.0,
            0.0,
            0.0,
            1.0
          ]
        ],
        "rotation_mode": "QUATERNION"
      },
      "armature_space": {
        "head": {
          "x": 0.09702452272176743,
          "y": -0.04668606072664261,
          "z": 0.5074021220207214
        },
        "tail": {
          "x": 0.3439212441444397,
          "y": 0.05659222602844238,
          "z": 0.5209383368492126
        }
      },
      "world_space": {
        "head": {
          "x": 0.09702452272176743,
          "y": 0.01655793935060501,
          "z": 1.4572560787200928
        },
        "tail": {
          "x": 0.3439212441444397,
          "y": 0.11983622610569,
          "z": 1.470792293548584
        },
        "rotation_quaternion": {
          "w": 0.4743237793445587,
          "x": 0.47211986780166626,
          "y": 0.6839030385017395,
          "z": -0.2905105650424957
        },
        "matrix": [
          [
            -0.10423833131790161,
            0.9213615655899048,
            0.37446945905685425,
            0.09702452272176743
          ],
          [
            0.37017613649368286,
            0.38541069626808167,
            -0.8452386856079102,
            0.01655793935060501
          ],
          [
            -0.923101007938385,
            0.05051405355334282,
            -0.381244033575058,
            1.4572560787200928
          ],
          [
            0.0,
            0.0,
            0.0,
            1.0
          ]
        ]
      },
      "bone_length_armature_space": 0.26796944010207957,
      "parent": "spine_01",
      "has_children": true,
      "is_end_bone": false
    },
    "lowerarm_l": {
      "name": "lowerarm_l",
      "local": {
        "location": {
          "x": 0.0,
          "y": 0.0,
          "z": 0.0
        },
        "rotation_quaternion": {
          "w": 0.8626127243041992,
          "x": 0.5038315653800964,
          "y": -0.016918687149882317,
          "z": 0.04203338176012039
        },
        "scale": {
          "x": 1.0,
          "y": 1.0,
          "z": 1.0
        },
        "matrix_basis": [
          [
            0.9958938956260681,
            -0.08956539630889893,
            0.013166939839720726,
            0.0
          ],
          [
            0.05546872317790985,
            0.4887738823890686,
            -0.8706453442573547,
            0.0
          ],
          [
            0.07154403626918793,
            0.8678007125854492,
            0.4917350113391876,
            0.0
          ],
          [
            0.0,
            0.0,
            0.0,
            1.0
          ]
        ],
        "rotation_mode": "QUATERNION"
      },
      "armature_space": {
        "head": {
          "x": 0.34392136335372925,
          "y": 0.05659216642379761,
          "z": 0.5209384560585022
        },
        "tail": {
          "x": 0.5320327281951904,
          "y": -0.13173538446426392,
          "z": 0.49417608976364136
        }
      },
      "world_space": {
        "head": {
          "x": 0.34392136335372925,
          "y": 0.11983616650104523,
          "z": 1.470792531967163
        },
        "tail": {
          "x": 0.5320327281951904,
          "y": -0.0684913843870163,
          "z": 1.4440300464630127
        },
        "rotation_quaternion": {
          "w": 0.205470472574234,
          "x": 0.7031581401824951,
          "y": 0.3252682685852051,
          "z": -0.5979558825492859
        },
        "matrix": [
          [
            0.07329805195331573,
            0.7031557559967041,
            -0.7072477340698242,
            0.34392136335372925
          ],
          [
            0.2117052525281906,
            -0.7039638161659241,
            -0.677949845790863,
            0.11983616650104523
          ],
          [
            -0.9745877385139465,
            -0.10003704577684402,
            -0.2004629522562027,
            1.470792531967163
          ],
          [
            0.0,
            0.0,
            0.0,
            1.0
          ]
        ]
      },
      "bone_length_armature_space": 0.26752453277333355,
      "parent": "upperarm_l",
      "has_children": true,
      "is_end_bone": false
    },
    "metacarpal_thumb_l": {
      "name": "metacarpal_thumb_l",
      "local": {
        "location": {
          "x": 0.0,
          "y": 0.0,
          "z": 0.0
        },
        "rotation_quaternion": {
          "w": 0.998532772064209,
          "x": -0.05021831765770912,
          "y": -0.0011837254278361797,
          "z": 0.020223654806613922
        },
        "scale": {
          "x": 1.0,
          "y": 1.0,
          "z": 1.0
        },
        "matrix_basis": [
          [
            0.9991791844367981,
            -0.040269073098897934,
            -0.00439517293125391,
            0.0
          ],
          [
            0.04050685465335846,
            0.994138240814209,
            0.10024139285087585,
            0.0
          ],
          [
            0.0003327814338263124,
            -0.10033714771270752,
            0.994953453540802,
            0.0
          ],
          [
            0.0,
            0.0,
            0.0,
            1.0
          ]
        ],
        "rotation_mode": "QUATERNION"
      },
      "armature_space": {
        "head": {
          "x": 0.5320327281951904,
          "y": -0.13173538446426392,
          "z": 0.49417608976364136
        },
        "tail": {
          "x": 0.5376452207565308,
          "y": -0.17894406616687775,
          "z": 0.4802682399749756
        }
      },
      "world_space": {
        "head": {
          "x": 0.5320327281951904,
          "y": -0.0684913843870163,
          "z": 1.4440300464630127
        },
        "tail": {
          "x": 0.5376452207565308,
          "y": -0.11570006608963013,
          "z": 1.4301222562789917
        },
        "rotation_quaternion": {
          "w": 0.14217370748519897,
          "x": -0.9881942272186279,
          "y": -0.05705596134066582,
          "z": -0.001903944881632924
        },
        "matrix": [
          [
            0.9934819340705872,
            0.11330612003803253,
            -0.012460928410291672,
            0.5320327281951904
          ],
          [
            0.11222337186336517,
            -0.9530625343322754,
            0.28120726346969604,
            -0.0684913843870163
          ],
          [
            0.01998671516776085,
            -0.2807755470275879,
            -0.9595727324485779,
            1.4440300464630127
          ],
          [
            0.0,
            0.0,
            0.0,
            1.0
          ]
        ]
      },
      "bone_length_armature_space": 0.04953370511076284,
      "parent": "lowerarm_l",
      "has_children": true,
      "is_end_bone": false
    },
    "thumb_01_l": {
      "name": "thumb_01_l",
      "local": {
        "location": {
          "x": 0.0,
          "y": 0.0,
          "z": 0.0
        },
        "rotation_quaternion": {
          "w": 0.9671847820281982,
          "x": 0.25291845202445984,
          "y": 0.024025751277804375,
          "z": 0.0029622907750308514
        },
        "scale": {
          "x": 1.0,
          "y": 1.0,
          "z": 1.0
        },
        "matrix_basis": [
          [
            0.9988279938697815,
            0.006422946695238352,
            0.04797311872243881,
            0.0
          ],
          [
            0.01788327656686306,
            0.872046947479248,
            -0.48909541964530945,
            0.0
          ],
          [
            -0.04497624561190605,
            0.4893800914287567,
            0.8709100484848022,
            0.0
          ],
          [
            0.0,
            0.0,
            0.0,
            1.0
          ]
        ],
        "rotation_mode": "QUATERNION"
      },
      "armature_space": {
        "head": {
          "x": 0.5376452207565308,
          "y": -0.17894406616687775,
          "z": 0.4802682399749756
        },
        "tail": {
          "x": 0.5526076555252075,
          "y": -0.191091850399971,
          "z": 0.45221129059791565
        }
      },
      "world_space": {
        "head": {
          "x": 0.5376452207565308,
          "y": -0.11570006608963013,
          "z": 1.4301222562789917
        },
        "tail": {
          "x": 0.5526076555252075,
          "y": -0.1278478503227234,
          "z": 1.4020652770996094
        },
        "rotation_quaternion": {
          "w": 0.5172057151794434,
          "x": -0.5039745569229126,
          "y": 0.23249948024749756,
          "z": -0.6514998078346252
        },
        "matrix": [
          [
            0.04298587888479233,
            0.4395734667778015,
            0.8971774578094482,
            0.5376452207565308
          ],
          [
            -0.9082663655281067,
            -0.3568829894065857,
            0.2183724343776703,
            -0.11570006608963013
          ],
          [
            0.416180282831192,
            -0.8242694139480591,
            0.3839118480682373,
            1.4301222562789917
          ],
          [
            0.0,
            0.0,
            0.0,
            1.0
          ]
        ]
      },
      "bone_length_armature_space": 0.0340387358676608,
      "parent": "metacarpal_thumb_l",
      "has_children": true,
      "is_end_bone": false
    },
    "thumb_02_l": {
      "name": "thumb_02_l",
      "local": {
        "location": {
          "x": 0.0,
          "y": 0.0,
          "z": 0.0
        },
        "rotation_quaternion": {
          "w": 0.9024967551231384,
          "x": 0.43059539794921875,
          "y": -0.004969543311744928,
          "z": 0.007921736687421799
        },
        "scale": {
          "x": 1.0,
          "y": 1.0,
          "z": 1.0
        },
        "matrix_basis": [
          [
            0.999825119972229,
            -0.018578408285975456,
            -0.0021478666458278894,
            0.0
          ],
          [
            0.01001895871013403,
            0.6290497183799744,
            -0.7773006558418274,
            0.0
          ],
          [
            0.0157921202480793,
            0.7771431803703308,
            0.6291258335113525,
            0.0
          ],
          [
            0.0,
            0.0,
            0.0,
            1.0
          ]
        ],
        "rotation_mode": "QUATERNION"
      },
      "armature_space": {
        "head": {
          "x": 0.5526075959205627,
          "y": -0.19109183549880981,
          "z": 0.45221126079559326
        },
        "tail": {
          "x": 0.5730533003807068,
          "y": -0.2012920081615448,
          "z": 0.48524343967437744
        }
      },
      "world_space": {
        "head": {
          "x": 0.5526075959205627,
          "y": -0.1278478354215622,
          "z": 1.4020652770996094
        },
        "tail": {
          "x": 0.5730533003807068,
          "y": -0.13804800808429718,
          "z": 1.4350974559783936
        },
        "rotation_quaternion": {
          "w": 0.4131380617618561,
          "x": 0.14850789308547974,
          "y": -0.44981780648231506,
          "z": -0.7777700424194336
        },
        "matrix": [
          [
            -0.6145229935646057,
            0.5090502500534058,
            -0.6026852130889893,
            0.5526075959205627
          ],
          [
            -0.7762570977210999,
            -0.2539604902267456,
            0.5769999027252197,
            -0.1278478354215622
          ],
          [
            0.14066393673419952,
            0.8224241137504578,
            0.5512229800224304,
            1.4020652770996094
          ],
          [
            0.0,
            0.0,
            0.0,
            1.0
          ]
        ]
      },
      "bone_length_armature_space": 0.04016460141751919,
      "parent": "thumb_01_l",
      "has_children": true,
      "is_end_bone": false
    },
    "thumb_03_l": {
      "name": "thumb_03_l",
      "local": {
        "location": {
          "x": 0.0,
          "y": 0.0,
          "z": 0.0
        },
        "rotation_quaternion": {
          "w": 0.990440309047699,
          "x": 0.13782209157943726,
          "y": -0.005765164736658335,
          "z": 0.00011542957508936524
        },
        "scale": {
          "x": 1.0,
          "y": 1.0,
          "z": 1.0
        },
        "matrix_basis": [
          [
            0.9999334812164307,
            -0.001817786367610097,
            -0.011388286016881466,
            0.0
          ],
          [
            -0.0013604819541797042,
            0.9620101451873779,
            -0.2730104327201843,
            0.0
          ],
          [
            0.011451920494437218,
            0.2730077803134918,
            0.9619436860084534,
            0.0
          ],
          [
            0.0,
            0.0,
            0.0,
            1.0
          ]
        ],
        "rotation_mode": "QUATERNION"
      },
      "armature_space": {
        "head": {
          "x": 0.5730533003807068,
          "y": -0.20129206776618958,
          "z": 0.48524338006973267
        },
        "tail": {
          "x": 0.5780348777770996,
          "y": -0.19781896471977234,
          "z": 0.5150766968727112
        }
      },
      "world_space": {
        "head": {
          "x": 0.5730533003807068,
          "y": -0.13804806768894196,
          "z": 1.4350974559783936
        },
        "tail": {
          "x": 0.5780348777770996,
          "y": -0.13457496464252472,
          "z": 1.464930772781372
        },
        "rotation_quaternion": {
          "w": 0.500990629196167,
          "x": 0.3594028353691101,
          "y": -0.5532150268554688,
          "z": -0.5601705312728882
        },
        "matrix": [
          [
            -0.23967419564723969,
            0.16362601518630981,
            -0.9569655060768127,
            0.5730533003807068
          ],
          [
            -0.9589347839355469,
            0.1140783429145813,
            0.25967323780059814,
            -0.13804806768894196
          ],
          [
            0.15165849030017853,
            0.9799116849899292,
            0.12956631183624268,
            1.4350974559783936
          ],
          [
            0.0,
            0.0,
            0.0,
            1.0
          ]
        ]
      },
      "bone_length_armature_space": 0.030445120445447442,
      "parent": "thumb_02_l",
      "has_children": false,
      "is_end_bone": true
    },
    "metacarpal_index_l": {
      "name": "metacarpal_index_l",
      "local": {
        "location": {
          "x": 0.0,
          "y": 0.0,
          "z": 0.0
        },
        "rotation_quaternion": {
          "w": 0.9991446733474731,
          "x": -0.04044538363814354,
          "y": 0.0026509962044656277,
          "z": -0.008194787427783012
        },
        "scale": {
          "x": 1.0,
          "y": 1.0,
          "z": 1.0
        },
        "matrix_basis": [
          [
            0.999851644039154,
            0.0161611158400774,
            0.005960340145975351,
            0.0
          ],
          [
            -0.016589997336268425,
            0.9965940117835999,
            0.08077812939882278,
            0.0
          ],
          [
            -0.0046345749869942665,
            -0.08086502552032471,
            0.9967142939567566,
            0.0
          ],
          [
            0.0,
            0.0,
            0.0,
            1.0
          ]
        ],
        "rotation_mode": "QUATERNION"
      },
      "armature_space": {
        "head": {
          "x": 0.5320327281951904,
          "y": -0.13173538446426392,
          "z": 0.49417608976364136
        },
        "tail": {
          "x": 0.5913018584251404,
          "y": -0.23145368695259094,
          "z": 0.4776637852191925
        }
      },
      "world_space": {
        "head": {
          "x": 0.5320327281951904,
          "y": -0.0684913843870163,
          "z": 1.4440300464630127
        },
        "tail": {
          "x": 0.5913018584251404,
          "y": -0.16820968687534332,
          "z": 1.4275177717208862
        },
        "rotation_quaternion": {
          "w": 0.008007001131772995,
          "x": -0.9339234828948975,
          "y": -0.27278900146484375,
          "z": 0.2308877557516098
        },
        "matrix": [
          [
            0.7445536851882935,
            0.5058311820030212,
            -0.4356311559677124,
            0.5320327281951904
          ],
          [
            0.5132254362106323,
            -0.8510439991950989,
            -0.111012764275074,
            -0.0684913843870163
          ],
          [
            -0.4268975555896759,
            -0.1409238576889038,
            -0.8932598233222961,
            1.4440300464630127
          ],
          [
            0.0,
            0.0,
            0.0,
            1.0
          ]
        ]
      },
      "bone_length_armature_space": 0.11717177772355789,
      "parent": "lowerarm_l",
      "has_children": true,
      "is_end_bone": false
    },
    "index_01_l": {
      "name": "index_01_l",
      "local": {
        "location": {
          "x": 0.0,
          "y": 0.0,
          "z": 0.0
        },
        "rotation_quaternion": {
          "w": 0.9456161260604858,
          "x": 0.32521605491638184,
          "y": 0.0015869694761931896,
          "z": 0.006497766822576523
        },
        "scale": {
          "x": 1.0,
          "y": 1.0,
          "z": 1.0
        },
        "matrix_basis": [
          [
            0.9999105334281921,
            -0.011256569996476173,
            0.0072276839055120945,
            0.0
          ],
          [
            0.013321002013981342,
            0.7883846163749695,
            -0.6150384545326233,
            0.0
          ],
          [
            0.0012250283034518361,
            0.6150797009468079,
            0.7884640097618103,
            0.0
          ],
          [
            0.0,
            0.0,
            0.0,
            1.0
          ]
        ],
        "rotation_mode": "QUATERNION"
      },
      "armature_space": {
        "head": {
          "x": 0.5913018584251404,
          "y": -0.23145368695259094,
          "z": 0.4776637852191925
        },
        "tail": {
          "x": 0.6030011177062988,
          "y": -0.24841614067554474,
          "z": 0.45795395970344543
        }
      },
      "world_space": {
        "head": {
          "x": 0.5913018584251404,
          "y": -0.16820968687534332,
          "z": 1.4275177717208862
        },
        "tail": {
          "x": 0.6030011177062988,
          "y": -0.18517214059829712,
          "z": 1.4078079462051392
        },
        "rotation_quaternion": {
          "w": 0.27670222520828247,
          "x": -0.831595242023468,
          "y": -0.3549632430076599,
          "z": 0.3254019021987915
        },
        "matrix": [
          [
            0.536228358745575,
            0.41029393672943115,
            -0.7376435995101929,
            0.5913018584251404
          ],
          [
            0.7704508900642395,
            -0.5948739051818848,
            0.22919538617134094,
            -0.16820968687534332
          ],
          [
            -0.34476912021636963,
            -0.6912246942520142,
            -0.6351038217544556,
            1.4275177717208862
          ],
          [
            0.0,
            0.0,
            0.0,
            1.0
          ]
        ]
      },
      "bone_length_armature_space": 0.02851446527823791,
      "parent": "metacarpal_index_l",
      "has_children": true,
      "is_end_bone": false
    },
    "index_02_l": {
      "name": "index_02_l",
      "local": {
        "location": {
          "x": 0.0,
          "y": 0.0,
          "z": 0.0
        },
        "rotation_quaternion": {
          "w": 0.9014744758605957,
          "x": 0.43266522884368896,
          "y": -0.003392773447558284,
          "z": -0.011538496240973473
        },
        "scale": {
          "x": 1.0,
          "y": 1.0,
          "z": 1.0
        },
        "matrix_basis": [
          [
            0.9997106790542603,
            0.017867449671030045,
            -0.01610160991549492,
            0.0
          ],
          [
            -0.02373919077217579,
            0.6253353357315063,
            -0.7799950242042542,
            0.0
          ],
          [
            -0.0038676150143146515,
            0.7801516056060791,
            0.6255785822868347,
            0.0
          ],
          [
            0.0,
            0.0,
            0.0,
            1.0
          ]
        ],
        "rotation_mode": "QUATERNION"
      },
      "armature_space": {
        "head": {
          "x": 0.6030009388923645,
          "y": -0.2484164834022522,
          "z": 0.4579535722732544
        },
        "tail": {
          "x": 0.5953515768051147,
          "y": -0.2541854977607727,
          "z": 0.4341564178466797
        }
      },
      "world_space": {
        "head": {
          "x": 0.6030009388923645,
          "y": -0.18517248332500458,
          "z": 1.4078075885772705
        },
        "tail": {
          "x": 0.5953515768051147,
          "y": -0.19094149768352509,
          "z": 1.3840104341506958
        },
        "rotation_quaternion": {
          "w": 0.5872111916542053,
          "x": -0.6232271790504456,
          "y": -0.20674005150794983,
          "z": 0.47331753373146057
        },
        "matrix": [
          [
            0.46645548939704895,
            -0.29818230867385864,
            -0.8327705264091492,
            0.6030009388923645
          ],
          [
            0.8135678172111511,
            -0.22488470375537872,
            0.5362220406532288,
            -0.18517248332500458
          ],
          [
            -0.3471709191799164,
            -0.9276458024978638,
            0.13769420981407166,
            1.4078075885772705
          ],
          [
            0.0,
            0.0,
            0.0,
            1.0
          ]
        ]
      },
      "bone_length_armature_space": 0.025653436650519158,
      "parent": "index_01_l",
      "has_children": true,
      "is_end_bone": false
    },
    "index_03_l": {
      "name": "index_03_l",
      "local": {
        "location": {
          "x": 0.0,
          "y": 0.0,
          "z": 0.0
        },
        "rotation_quaternion": {
          "w": 0.9295132160186768,
          "x": 0.36874282360076904,
          "y": -0.005799116101115942,
          "z": -0.0006898883730173111
        },
        "scale": {
          "x": 1.0,
          "y": 1.0,
          "z": 1.0
        },
        "matrix_basis": [
          [
            0.999931812286377,
            -0.0029942442197352648,
            -0.011289493180811405,
            0.0
          ],
          [
            -0.0055592856369912624,
            0.7280564904212952,
            -0.6854946613311768,
            0.0
          ],
          [
            0.01027192734181881,
            0.6855106353759766,
            0.7279902100563049,
            0.0
          ],
          [
            0.0,
            0.0,
            0.0,
            1.0
          ]
        ],
        "rotation_mode": "QUATERNION"
      },
      "armature_space": {
        "head": {
          "x": 0.5953516960144043,
          "y": -0.25418561697006226,
          "z": 0.4341564178466797
        },
        "tail": {
          "x": 0.5729735493659973,
          "y": -0.24423904716968536,
          "z": 0.4182184040546417
        }
      },
      "world_space": {
        "head": {
          "x": 0.5953516960144043,
          "y": -0.19094161689281464,
          "z": 1.3840104341506958
        },
        "tail": {
          "x": 0.5729735493659973,
          "y": -0.18099504709243774,
          "z": 1.3680723905563354
        },
        "rotation_quaternion": {
          "w": 0.8183738589286804,
          "x": -0.3205892741680145,
          "y": -0.021770164370536804,
          "z": 0.47645875811576843
        },
        "matrix": [
          [
            0.545025110244751,
            -0.765884280204773,
            -0.3411290943622589,
            0.5953516960144043
          ],
          [
            0.7938023209571838,
            0.34041810035705566,
            0.5039774775505066,
            -0.19094161689281464
          ],
          [
            -0.2698630094528198,
            -0.545473039150238,
            0.7935031652450562,
            1.3840104341506958
          ],
          [
            0.0,
            0.0,
            0.0,
            1.0
          ]
        ]
      },
      "bone_length_armature_space": 0.02921876079975403,
      "parent": "index_02_l",
      "has_children": false,
      "is_end_bone": true
    },
    "metacarpal_pinky_l": {
      "name": "metacarpal_pinky_l",
      "local": {
        "location": {
          "x": 0.0,
          "y": 0.0,
          "z": 0.0
        },
        "rotation_quaternion": {
          "w": 0.99944007396698,
          "x": -0.029429227113723755,
          "y": -0.010605578310787678,
          "z": 0.011874211952090263
        },
        "scale": {
          "x": 1.0,
          "y": 1.0,
          "z": 1.0
        },
        "matrix_basis": [
          [
            0.9994930624961853,
            -0.023110898211598396,
            -0.021898178383708,
            0.0
          ],
          [
            0.024359354749321938,
            0.99798583984375,
            0.058573633432388306,
            0.0
          ],
          [
            0.020500382408499718,
            -0.05907736346125603,
            0.9980428814888,
            0.0
          ],
          [
            0.0,
            0.0,
            0.0,
            1.0
          ]
        ],
        "rotation_mode": "QUATERNION"
      },
      "armature_space": {
        "head": {
          "x": 0.5320327281951904,
          "y": -0.13173538446426392,
          "z": 0.49417608976364136
        },
        "tail": {
          "x": 0.6262034177780151,
          "y": -0.1753794103860855,
          "z": 0.48579171299934387
        }
      },
      "world_space": {
        "head": {
          "x": 0.5320327281951904,
          "y": -0.0684913843870163,
          "z": 1.4440300464630127
        },
        "tail": {
          "x": 0.6262034177780151,
          "y": -0.11213541030883789,
          "z": 1.4356456995010376
        },
        "rotation_quaternion": {
          "w": 0.5146163105964661,
          "x": 0.17779842019081116,
          "y": 0.16001857817173004,
          "z": -0.823378324508667
        },
        "matrix": [
          [
            -0.4071151316165924,
            0.9043503403663635,
            -0.12809254229068756,
            0.5320327281951904
          ],
          [
            -0.7905464172363281,
            -0.41912713646888733,
            -0.44650760293006897,
            -0.0684913843870163
          ],
          [
            -0.4574902653694153,
            -0.08051788061857224,
            0.8855696320533752,
            1.4440300464630127
          ],
          [
            0.0,
            0.0,
            0.0,
            1.0
          ]
        ]
      },
      "bone_length_armature_space": 0.10413077123700486,
      "parent": "lowerarm_l",
      "has_children": true,
      "is_end_bone": false
    },
    "pinky_01_l": {
      "name": "pinky_01_l",
      "local": {
        "location": {
          "x": 0.0,
          "y": 0.0,
          "z": 0.0
        },
        "rotation_quaternion": {
          "w": 0.9541601538658142,
          "x": 0.29785972833633423,
          "y": -0.02796744368970394,
          "z": 0.00871761329472065
        },
        "scale": {
          "x": 1.0,
          "y": 1.0,
          "z": 1.0
        },
        "matrix_basis": [
          [
            0.9982836246490479,
            -0.033296748995780945,
            -0.04817758873105049,
            0.0
          ],
          [
            -2.4751874661887996e-05,
            0.8224071860313416,
            -0.568899393081665,
            0.0
          ],
          [
            0.058564092963933945,
            0.5679241418838501,
            0.8209947943687439,
            0.0
          ],
          [
            0.0,
            0.0,
            0.0,
            1.0
          ]
        ],
        "rotation_mode": "QUATERNION"
      },
      "armature_space": {
        "head": {
          "x": 0.6262034177780151,
          "y": -0.1753794103860855,
          "z": 0.48579171299934387
        },
        "tail": {
