{
  "metadata": {
    "armature_name": "KIM_caucasian_male",
    "export_time": "2026-01-13T21:08:09.103907",
    "blender_version": "4.4.1",
    "bone_count": 56,
    "end_bone_count": 13,
    "spaces_included": [
      "LOCAL_CHANNELS",
      "ARMATURE_SPACE",
      "WORLD_SPACE"
    ],
    "note": "LOCAL matches Transform panel; replay pose via local.matrix_basis for best fidelity."
  },
  "bones": {
    "Root": {
      "name": "Root",
      "local": {
        "location": {
          "x": 0.0,
          "y": 0.0,
          "z": 0.0
        },
        "rotation_quaternion": {
          "w": 0.9996036291122437,
          "x": -0.014201597310602665,
          "y": -0.013256543315947056,
          "z": -0.020378388464450836
        },
        "scale": {
          "x": 1.0,
          "y": 1.0,
          "z": 1.0
        },
        "matrix_basis": [
          [
            0.9988179802894592,
            0.04111715033650398,
            -0.02592376619577408,
            0.0
          ],
          [
            -0.0403640940785408,
            0.9987660646438599,
            0.028932230547070503,
            0.0
          ],
          [
            0.027081388980150223,
            -0.027851643040776253,
            0.9992451667785645,
            0.0
          ],
          [
            0.0,
            0.0,
            0.0,
            1.0
          ]
        ],
        "rotation_mode": "QUATERNION"
      },
      "armature_space": {
        "head": {
          "x": 0.0,
          "y": 0.07072800397872925,
          "z": -0.009595036506652832
        },
        "tail": {
          "x": 0.002934772288426757,
          "y": 0.0003545135259628296,
          "z": 0.0019580647349357605
        }
      },
      "world_space": {
        "head": {
          "x": 0.0,
          "y": 0.13397200405597687,
          "z": 0.9402589797973633
        },
        "tail": {
          "x": 0.002934772288426757,
          "y": 0.06359851360321045,
          "z": 0.9518120884895325
        },
        "rotation_quaternion": {
          "w": 0.08151029050350189,
          "x": 0.9963760375976562,
          "y": 0.019439030438661575,
          "z": -0.01459928136318922
        },
        "matrix": [
          [
            0.9988179802894592,
            0.04111715033650398,
            -0.02592376619577408,
            0.0
          ],
          [
            0.03635717183351517,
            -0.9859563708305359,
            -0.16299784183502197,
            0.13397200405597687
          ],
          [
            -0.03226189687848091,
            0.16186285018920898,
            -0.9862928986549377,
            0.9402589797973633
          ],
          [
            0.0,
            0.0,
            0.0,
            1.0
          ]
        ]
      },
      "bone_length_armature_space": 0.07137587108596104,
      "parent": null,
      "has_children": true,
      "is_end_bone": false
    },
    "spine_01": {
      "name": "spine_01",
      "local": {
        "location": {
          "x": 0.0,
          "y": 0.0,
          "z": 0.0
        },
        "rotation_quaternion": {
          "w": 0.9938174486160278,
          "x": 0.09638091921806335,
          "y": -0.05359220504760742,
          "z": -0.01286906749010086
        },
        "scale": {
          "x": 1.0,
          "y": 1.0,
          "z": 1.0
        },
        "matrix_basis": [
          [
            0.9939244985580444,
            0.015248475596308708,
            -0.10900240391492844,
            0.0
          ],
          [
            -0.035909540951251984,
            0.9810901880264282,
            -0.19019071757793427,
            0.0
          ],
          [
            0.10404106974601746,
            0.19294944405555725,
            0.9756771922111511,
            0.0
          ],
          [
            0.0,
            0.0,
            0.0,
            1.0
          ]
        ],
        "rotation_mode": "QUATERNION"
      },
      "armature_space": {
        "head": {
          "x": 0.002934772288426757,
          "y": 0.0003545135259628296,
          "z": 0.0019580647349357605
        },
        "tail": {
          "x": 0.028104310855269432,
          "y": -0.05699160322546959,
          "z": 0.4859274625778198
        }
      },
      "world_space": {
        "head": {
          "x": 0.002934772288426757,
          "y": 0.06359851360321045,
          "z": 0.9518120884895325
        },
        "tail": {
          "x": 0.028104310855269432,
          "y": 0.00625239685177803,
          "z": 1.435781478881836
        },
        "rotation_quaternion": {
          "w": 0.6642322540283203,
          "x": 0.7460923790931702,
          "y": -0.006258372217416763,
          "z": -0.04585402458906174
        },
        "matrix": [
          [
            0.9957164525985718,
            0.05157679319381714,
            -0.07673631608486176,
            0.002934772288426757
          ],
          [
            -0.07025372982025146,
            -0.11751224100589752,
            -0.9905833601951599,
            0.06359851360321045
          ],
          [
            -0.06010904535651207,
            0.9917380809783936,
            -0.11338713020086288,
            0.9518120884895325
          ],
          [
            0.0,
            0.0,
            0.0,
            1.0
          ]
        ]
      },
      "bone_length_armature_space": 0.48800456814957344,
      "parent": "Root",
      "has_children": true,
      "is_end_bone": false
    },
    "neck_01": {
      "name": "neck_01",
      "local": {
        "location": {
          "x": 0.0,
          "y": 0.0,
          "z": 0.0
        },
        "rotation_quaternion": {
          "w": 0.9964303374290466,
          "x": 0.026773925870656967,
          "y": -0.05359552428126335,
          "z": -0.059475377202034
        },
        "scale": {
          "x": 1.0,
          "y": 1.0,
          "z": 1.0
        },
        "matrix_basis": [
          [
            0.9871804118156433,
            0.11565621197223663,
            -0.10999318957328796,
            0.0
          ],
          [
            -0.12139606475830078,
            0.9914916753768921,
            -0.04698147624731064,
            0.0
          ],
          [
            0.1036236360669136,
            0.05973193049430847,
            0.9928213357925415,
            0.0
          ],
          [
            0.0,
            0.0,
            0.0,
            1.0
          ]
        ],
        "rotation_mode": "QUATERNION"
      },
      "armature_space": {
        "head": {
          "x": 0.029219433665275574,
          "y": -0.09994953870773315,
          "z": 0.5546087026596069
        },
        "tail": {
          "x": 0.04234505072236061,
          "y": -0.15544015169143677,
          "z": 0.639809787273407
        }
      },
      "world_space": {
        "head": {
          "x": 0.029219433665275574,
          "y": -0.036705538630485535,
          "z": 1.504462718963623
        },
        "tail": {
          "x": 0.04234505072236061,
          "y": -0.09219615161418915,
          "z": 1.5896637439727783
        },
        "rotation_quaternion": {
          "w": 0.4788690209388733,
          "x": 0.8695817589759827,
          "y": 0.007400530856102705,
          "z": -0.12023894488811493
        },
        "matrix": [
          [
            0.9709758162498474,
            0.12802815437316895,
            -0.20202672481536865,
            0.029219433665275574
          ],
          [
            -0.10228614509105682,
            -0.541259229183197,
            -0.8346114754676819,
            -0.036705538630485535
          ],
          [
            -0.2162041962146759,
            0.8310573101043701,
            -0.5124584436416626,
            1.504462718963623
          ],
          [
            0.0,
            0.0,
            0.0,
            1.0
          ]
        ]
      },
      "bone_length_armature_space": 0.10252177775397195,
      "parent": "spine_01",
      "has_children": true,
      "is_end_bone": false
    },
    "head": {
      "name": "head",
      "local": {
        "location": {
          "x": 0.0,
          "y": 0.0,
          "z": 0.0
        },
        "rotation_quaternion": {
          "w": 0.9730328321456909,
          "x": 0.044420674443244934,
          "y": 0.10410644114017487,
          "z": 0.20098714530467987
        },
        "scale": {
          "x": 1.0,
          "y": 1.0,
          "z": 1.0
        },
        "matrix_basis": [
          [
            0.897532045841217,
            -0.38188523054122925,
            0.22045393288135529,
            0.0
          ],
          [
            0.4003831446170807,
            0.9152619242668152,
            -0.04459743574261665,
            0.0
          ],
          [
            -0.1847420036792755,
            0.12829366326332092,
            0.9743773341178894,
            0.0
          ],
          [
            0.0,
            0.0,
            0.0,
            1.0
          ]
        ],
        "rotation_mode": "QUATERNION"
      },
      "armature_space": {
        "head": {
          "x": 0.04234500974416733,
          "y": -0.15544024109840393,
          "z": 0.6398096680641174
        },
        "tail": {
          "x": 0.009194914251565933,
          "y": -0.19736917316913605,
          "z": 0.7853991985321045
        }
      },
      "world_space": {
        "head": {
          "x": 0.04234500974416733,
          "y": -0.09219624102115631,
          "z": 1.5896637439727783
        },
        "tail": {
          "x": 0.009194914251565933,
          "y": -0.13412517309188843,
          "z": 1.7352532148361206
        },
        "rotation_quaternion": {
          "w": 0.6003674864768982,
          "x": 0.791801393032074,
          "y": -0.0662027895450592,
          "z": 0.09070120751857758
        },
        "matrix": [
          [
            0.9747810363769531,
            -0.21374717354774475,
            0.0641414076089859,
            0.04234500974416733
          ],
          [
            0.00406801700592041,
            -0.27035191655158997,
            -0.9627532362937927,
            -0.09219624102115631
          ],
          [
            0.22312811017036438,
            0.9387407898902893,
            -0.26266708970069885,
            1.5896637439727783
          ],
          [
            0.0,
            0.0,
            0.0,
            1.0
          ]
        ]
      },
      "bone_length_armature_space": 0.15509118474360353,
      "parent": "neck_01",
      "has_children": false,
      "is_end_bone": true
    },
    "upperarm_l": {
      "name": "upperarm_l",
      "local": {
        "location": {
          "x": 0.0,
          "y": 0.0,
          "z": 0.0
        },
        "rotation_quaternion": {
          "w": 0.9030675888061523,
          "x": 0.3794982433319092,
          "y": 0.010940339416265488,
          "z": 0.20082418620586395
        },
        "scale": {
          "x": 1.0,
          "y": 1.0,
          "z": 1.0
        },
        "matrix_basis": [
          [
            0.9190999269485474,
            -0.3544119596481323,
            0.17218458652496338,
            0.0
          ],
          [
            0.37101930379867554,
            0.6313014626502991,
            -0.6810309290885925,
            0.0
          ],
          [
            0.13266511261463165,
            0.6898192763328552,
            0.7117227911949158,
            0.0
          ],
          [
            0.0,
            0.0,
            0.0,
            1.0
          ]
        ],
        "rotation_mode": "QUATERNION"
      },
      "armature_space": {
        "head": {
          "x": 0.17486582696437836,
          "y": -0.10574895888566971,
          "z": 0.47857823967933655
        },
        "tail": {
          "x": 0.3430412709712982,
          "y": -0.30706271529197693,
          "z": 0.5333271026611328
        }
      },
      "world_space": {
        "head": {
          "x": 0.17486582696437836,
          "y": -0.04250495880842209,
          "z": 1.4284322261810303
        },
        "tail": {
          "x": 0.3430412709712982,
          "y": -0.2438187152147293,
          "z": 1.483181118965149
        },
        "rotation_quaternion": {
          "w": 0.28704655170440674,
          "x": 0.7526939511299133,
          "y": 0.204880952835083,
          "z": -0.5559495687484741
        },
        "matrix": [
          [
            0.2978881001472473,
            0.6275919079780579,
            -0.7192989587783813,
            0.17486582696437836
          ],
          [
            -0.010741114616394043,
            -0.7512564063072205,
            -0.6599231958389282,
            -0.04250495880842209
          ],
          [
            -0.9545471668243408,
            0.2043100893497467,
            -0.2170514464378357,
            1.4284322261810303
          ],
          [
            0.0,
            0.0,
            0.0,
            1.0
          ]
        ]
      },
      "bone_length_armature_space": 0.26796949351043536,
      "parent": "spine_01",
      "has_children": true,
      "is_end_bone": false
    },
    "lowerarm_l": {
      "name": "lowerarm_l",
      "local": {
        "location": {
          "x": 0.0,
          "y": 0.0,
          "z": 0.0
        },
        "rotation_quaternion": {
          "w": 0.9285305738449097,
          "x": 0.20476964116096497,
          "y": -0.14945648610591888,
          "z": 0.2712251842021942
        },
        "scale": {
          "x": 1.0,
          "y": 1.0,
          "z": 1.0
        },
        "matrix_basis": [
          [
            0.8081993460655212,
            -0.5648900270462036,
            -0.16647246479988098,
            0.0
          ],
          [
            0.442473441362381,
            0.7690125703811646,
            -0.4613424837589264,
            0.0
          ],
          [
            0.38862720131874084,
            0.2991970181465149,
            0.8714643120765686,
            0.0
          ],
          [
            0.0,
            0.0,
            0.0,
            1.0
          ]
        ],
        "rotation_mode": "QUATERNION"
      },
      "armature_space": {
        "head": {
          "x": 0.3430412709712982,
          "y": -0.3070628046989441,
          "z": 0.5333272218704224
        },
        "tail": {
          "x": 0.34946686029434204,
          "y": -0.49794095754623413,
          "z": 0.7206611633300781
        }
      },
      "world_space": {
        "head": {
          "x": 0.3430412709712982,
          "y": -0.24381880462169647,
          "z": 1.4831812381744385
        },
        "tail": {
          "x": 0.34946686029434204,
          "y": -0.4346969723701477,
          "z": 1.6705151796340942
        },
        "rotation_quaternion": {
          "w": 0.2867695689201355,
          "x": 0.6801883578300476,
          "y": -0.24701061844825745,
          "z": -0.6277680397033691
        },
        "matrix": [
          [
            0.08978742361068726,
            0.024018675088882446,
            -0.9956712126731873,
            0.3430412709712982
          ],
          [
            -0.6960773468017578,
            -0.7134978175163269,
            -0.07998266816139221,
            -0.24381880462169647
          ],
          [
            -0.7123361229896545,
            0.7002498507499695,
            -0.04734475165605545,
            1.4831812381744385
          ],
          [
            0.0,
            0.0,
            0.0,
            1.0
          ]
        ]
      },
      "bone_length_armature_space": 0.26752525152346296,
      "parent": "upperarm_l",
      "has_children": true,
      "is_end_bone": false
    },
    "metacarpal_thumb_l": {
      "name": "metacarpal_thumb_l",
      "local": {
        "location": {
          "x": 0.0,
          "y": 0.0,
          "z": 0.0
        },
        "rotation_quaternion": {
          "w": 0.9989970922470093,
          "x": -0.04039570316672325,
          "y": -0.008621257729828358,
          "z": -0.01728173717856407
        },
        "scale": {
          "x": 1.0,
          "y": 1.0,
          "z": 1.0
        },
        "matrix_basis": [
          [
            0.999254047870636,
            0.035225335508584976,
            -0.01582900620996952,
            0.0
          ],
          [
            -0.033832285553216934,
            0.9961390495300293,
            0.08100835978984833,
            0.0
          ],
          [
            0.01862143911421299,
            -0.08041240274906158,
            0.9965876936912537,
            0.0
          ],
          [
            0.0,
            0.0,
            0.0,
            1.0
          ]
        ],
        "rotation_mode": "QUATERNION"
      },
      "armature_space": {
        "head": {
          "x": 0.34946686029434204,
          "y": -0.49794095754623413,
          "z": 0.7206611633300781
        },
        "tail": {
          "x": 0.32322025299072266,
          "y": -0.5328044295310974,
          "z": 0.7440971732139587
        }
      },
      "world_space": {
        "head": {
          "x": 0.34946686029434204,
          "y": -0.4346969723701477,
          "z": 1.6705151796340942
        },
        "tail": {
          "x": 0.32322025299072266,
          "y": -0.469560444355011,
          "z": 1.69395112991333
        },
        "rotation_quaternion": {
          "w": 0.2920844852924347,
          "x": 0.9148508310317993,
          "y": -0.25053882598876953,
          "z": 0.12233187258243561
        },
        "matrix": [
          [
            0.8445303440093994,
            -0.5298739075660706,
            0.07747262716293335,
            0.34946686029434204
          ],
          [
            -0.3869493305683136,
            -0.703833281993866,
            -0.595725417137146,
            -0.4346969723701477
          ],
          [
            0.3701895475387573,
            0.4731326699256897,
            -0.7994492053985596,
            1.6705151796340942
          ],
          [
            0.0,
            0.0,
            0.0,
            1.0
          ]
        ]
      },
      "bone_length_armature_space": 0.04953375218867276,
      "parent": "lowerarm_l",
      "has_children": true,
      "is_end_bone": false
    },
    "thumb_01_l": {
      "name": "thumb_01_l",
      "local": {
        "location": {
          "x": 0.0,
          "y": 0.0,
          "z": 0.0
        },
        "rotation_quaternion": {
          "w": 0.9769905805587769,
          "x": 0.21253803372383118,
          "y": 0.01710738241672516,
          "z": 0.004925972782075405
        },
        "scale": {
          "x": 1.0,
          "y": 1.0,
          "z": 1.0
        },
        "matrix_basis": [
          [
            0.9993661642074585,
            -0.002353319199755788,
            0.03552141785621643,
            0.0
          ],
          [
            0.01689719595015049,
            0.9096066355705261,
            -0.415126770734787,
            0.0
          ],
          [
            -0.03133358806371689,
            0.4154638648033142,
            0.909069836139679,
            0.0
          ],
          [
            0.0,
            0.0,
            0.0,
            1.0
          ]
        ],
        "rotation_mode": "QUATERNION"
      },
      "armature_space": {
        "head": {
          "x": 0.32322025299072266,
          "y": -0.5328044295310974,
          "z": 0.7440971732139587
        },
        "tail": {
          "x": 0.32236406207084656,
          "y": -0.5664054155349731,
          "z": 0.738724410533905
        }
      },
      "world_space": {
        "head": {
          "x": 0.32322025299072266,
          "y": -0.469560444355011,
          "z": 1.69395112991333
        },
        "tail": {
          "x": 0.32236406207084656,
          "y": -0.5031614303588867,
          "z": 1.6885783672332764
        },
        "rotation_quaternion": {
          "w": 0.02949959598481655,
          "x": -0.508050799369812,
          "y": 0.074551060795784,
          "z": -0.8575875163078308
        },
        "matrix": [
          [
            -0.4820282459259033,
            -0.02515360713005066,
            0.8757944107055664,
            0.32322025299072266
          ],
          [
            -0.12634815275669098,
            -0.9871439933776855,
            -0.09789237380027771,
            -0.469560444355011
          ],
          [
            0.8670033812522888,
            -0.15784406661987305,
            0.47265660762786865,
            1.69395112991333
          ],
          [
            0.0,
            0.0,
            0.0,
            1.0
          ]
        ]
      },
      "bone_length_armature_space": 0.034038594778065714,
      "parent": "metacarpal_thumb_l",
      "has_children": true,
      "is_end_bone": false
    },
    "thumb_02_l": {
      "name": "thumb_02_l",
      "local": {
        "location": {
          "x": 0.0,
          "y": 0.0,
          "z": 0.0
        },
        "rotation_quaternion": {
          "w": 0.9378483891487122,
          "x": 0.3469327390193939,
          "y": 0.00529684592038393,
          "z": 0.0070860059931874275
        },
        "scale": {
          "x": 1.0,
          "y": 1.0,
          "z": 1.0
        },
        "matrix_basis": [
          [
            0.9998434782028198,
            -0.009615899994969368,
            0.014852011576294899,
            0.0
          ],
          [
            0.016966497525572777,
            0.7591749429702759,
            -0.6506655812263489,
            0.0
          ],
          [
            -0.005018542055040598,
            0.6508156657218933,
            0.759219229221344,
            0.0
          ],
          [
            0.0,
            0.0,
            0.0,
            1.0
          ]
        ],
        "rotation_mode": "QUATERNION"
      },
      "armature_space": {
        "head": {
          "x": 0.32236406207084656,
          "y": -0.5664054155349731,
          "z": 0.7387243509292603
        },
        "tail": {
          "x": 0.33589330315589905,
          "y": -0.5650106072425842,
          "z": 0.7765160799026489
        }
      },
      "world_space": {
        "head": {
          "x": 0.32236406207084656,
          "y": -0.5031614303588867,
          "z": 1.6885783672332764
        },
        "tail": {
          "x": 0.33589330315589905,
          "y": -0.5017666220664978,
          "z": 1.726370096206665
        },
        "rotation_quaternion": {
          "w": 0.10196665674448013,
          "x": -0.13906824588775635,
          "y": -0.7120157480239868,
          "z": -0.6806588768959045
        },
        "matrix": [
          [
            -0.9405255317687988,
            0.33684664964675903,
            0.044114187359809875,
            0.32236406207084656
          ],
          [
            0.059230681508779526,
            0.034727782011032104,
            0.9976401329040527,
            -0.5031614303588867
          ],
          [
            0.33452197909355164,
            0.9409255385398865,
            -0.052613407373428345,
            1.6885783672332764
          ],
          [
            0.0,
            0.0,
            0.0,
            1.0
          ]
        ]
      },
      "bone_length_armature_space": 0.04016466963307133,
      "parent": "thumb_01_l",
      "has_children": true,
      "is_end_bone": false
    },
    "thumb_03_l": {
      "name": "thumb_03_l",
      "local": {
        "location": {
          "x": 0.0,
          "y": 0.0,
          "z": 0.0
        },
        "rotation_quaternion": {
          "w": 0.9816211462020874,
          "x": 0.19073258340358734,
          "y": -0.0016129541909322143,
          "z": 0.006204232573509216
        },
        "scale": {
          "x": 1.0,
          "y": 1.0,
          "z": 1.0
        },
        "matrix_basis": [
          [
            0.9999178051948547,
            -0.012795697897672653,
            -0.0007999212830327451,
            0.0
          ],
          [
            0.011565125547349453,
            0.927165150642395,
            -0.37447428703308105,
            0.0
          ],
          [
            0.005533318500965834,
            0.3744342625141144,
            0.9272369742393494,
            0.0
          ],
          [
            0.0,
            0.0,
            0.0,
            1.0
          ]
        ],
        "rotation_mode": "QUATERNION"
      },
      "armature_space": {
        "head": {
          "x": 0.3358932435512543,
          "y": -0.565010666847229,
          "z": 0.7765160202980042
        },
        "tail": {
          "x": 0.34541720151901245,
          "y": -0.5461742877960205,
          "z": 0.7984564900398254
        }
      },
      "world_space": {
        "head": {
          "x": 0.3358932435512543,
          "y": -0.5017666816711426,
          "z": 1.726370096206665
        },
        "tail": {
          "x": 0.34541720151901245,
          "y": -0.4829303026199341,
          "z": 1.7483105659484863
        },
        "rotation_quaternion": {
          "w": 0.3301668167114258,
          "x": -0.014737880788743496,
          "y": -0.8368641138076782,
          "z": -0.43638432025909424
        },
        "matrix": [
          [
            -0.7815460562705994,
            0.3128257989883423,
            -0.5397458672523499,
            0.3358932435512543
          ],
          [
            -0.26349055767059326,
            0.6187044382095337,
            0.7401201725006104,
            -0.5017666816711426
          ],
          [
            0.565475344657898,
            0.7206616401672363,
            -0.401121586561203,
            1.726370096206665
          ],
          [
            0.0,
            0.0,
            0.0,
            1.0
          ]
        ]
      },
      "bone_length_armature_space": 0.030445018696987087,
      "parent": "thumb_02_l",
      "has_children": false,
      "is_end_bone": true
    },
    "metacarpal_index_l": {
      "name": "metacarpal_index_l",
      "local": {
        "location": {
          "x": 0.0,
          "y": 0.0,
          "z": 0.0
        },
        "rotation_quaternion": {
          "w": 0.9987596273422241,
          "x": -0.048017483204603195,
          "y": -0.003623806405812502,
          "z": -0.01267045084387064
        },
        "scale": {
          "x": 1.0,
          "y": 1.0,
          "z": 1.0
        },
        "matrix_basis": [
          [
            0.9996526837348938,
            0.02565748244524002,
            -0.006021816749125719,
            0.0
          ],
          [
            -0.024961456656455994,
            0.9950675368309021,
            0.09600767493247986,
            0.0
          ],
          [
            0.00845542922616005,
            -0.09582401812076569,
            0.995362401008606,
            0.0
          ],
          [
            0.0,
            0.0,
            0.0,
            1.0
          ]
        ],
        "rotation_mode": "QUATERNION"
      },
      "armature_space": {
        "head": {
          "x": 0.34946686029434204,
          "y": -0.49794095754623413,
          "z": 0.7206611633300781
        },
        "tail": {
          "x": 0.32507336139678955,
          "y": -0.5804234147071838,
          "z": 0.8002280592918396
        }
      },
      "world_space": {
        "head": {
          "x": 0.34946686029434204,
          "y": -0.4346969723701477,
          "z": 1.6705151796340942
        },
        "tail": {
          "x": 0.32507336139678955,
          "y": -0.5171794295310974,
          "z": 1.750082015991211
        },
        "rotation_quaternion": {
          "w": 0.3328263759613037,
          "x": 0.8991274833679199,
          "y": -0.19301274418830872,
          "z": -0.2086685299873352
        },
        "matrix": [
          [
            0.8384068012237549,
            -0.2081858515739441,
            -0.5037187337875366,
            0.34946686029434204
          ],
          [
            -0.48598718643188477,
            -0.7039452195167542,
            -0.5179551243782043,
            -0.4346969723701477
          ],
          [
            -0.24676170945167542,
            0.6790620684623718,
            -0.6913737058639526,
            1.6705151796340942
          ],
          [
            0.0,
            0.0,
            0.0,
            1.0
          ]
        ]
      },
      "bone_length_armature_space": 0.11717205069946587,
      "parent": "lowerarm_l",
      "has_children": true,
      "is_end_bone": false
    },
    "index_01_l": {
      "name": "index_01_l",
      "local": {
        "location": {
          "x": 0.0,
          "y": 0.0,
          "z": 0.0
        },
        "rotation_quaternion": {
          "w": 0.977555513381958,
          "x": 0.2105308324098587,
          "y": 0.006884626112878323,
          "z": -0.0038078161887824535
        },
        "scale": {
          "x": 1.0,
          "y": 1.0,
          "z": 1.0
        },
        "matrix_basis": [
          [
            0.9998762011528015,
            0.010343555361032486,
            0.011856882832944393,
            0.0
          ],
          [
            -0.004545851144939661,
            0.9113245606422424,
            -0.41166359186172485,
            0.0
          ],
          [
            -0.015063533559441566,
            0.41155871748924255,
            0.9112587571144104,
            0.0
          ],
          [
            0.0,
            0.0,
            0.0,
            1.0
          ]
        ],
        "rotation_mode": "QUATERNION"
      },
      "armature_space": {
        "head": {
          "x": 0.32507336139678955,
          "y": -0.5804234147071838,
          "z": 0.8002280592918396
        },
        "tail": {
          "x": 0.3239363431930542,
          "y": -0.607384443283081,
          "z": 0.8094411492347717
        }
      },
      "world_space": {
        "head": {
          "x": 0.32507336139678955,
          "y": -0.5171794295310974,
          "z": 1.750082015991211
        },
        "tail": {
          "x": 0.3239363431930542,
          "y": -0.5441404581069946,
          "z": 1.7592952251434326
        },
        "rotation_quaternion": {
          "w": 0.15347830951213837,
          "x": 0.9547076225280762,
          "y": -0.06068413332104683,
          "z": -0.24757863581180573
        },
        "matrix": [
          [
            0.8700444102287292,
            -0.03987550735473633,
            -0.4913577437400818,
            0.32507336139678955
          ],
          [
            -0.1918671876192093,
            -0.9455236792564392,
            -0.26300573348999023,
            -0.5171794295310974
          ],
          [
            -0.45410630106925964,
            0.3231033980846405,
            -0.830304741859436,
            1.750082015991211
          ],
          [
            0.0,
            0.0,
            0.0,
            1.0
          ]
        ]
      },
      "bone_length_armature_space": 0.02851439759504523,
      "parent": "metacarpal_index_l",
      "has_children": true,
      "is_end_bone": false
    },
    "index_02_l": {
      "name": "index_02_l",
      "local": {
        "location": {
          "x": 0.0,
          "y": 0.0,
          "z": 0.0
        },
        "rotation_quaternion": {
          "w": 0.9162380695343018,
          "x": 0.4005754590034485,
          "y": 0.006865133997052908,
          "z": 0.0003782506682910025
        },
        "scale": {
          "x": 1.0,
          "y": 1.0,
          "z": 1.0
        },
        "matrix_basis": [
          [
            0.9999054670333862,
            0.004806872922927141,
            0.012883230112493038,
            0.0
          ],
          [
            0.006193143781274557,
            0.6790783405303955,
            -0.7340397834777832,
            0.0
          ],
          [
            -0.012277157977223396,
            0.7340501546859741,
            0.6789843440055847,
            0.0
          ],
          [
            0.0,
            0.0,
            0.0,
            1.0
          ]
        ],
        "rotation_mode": "QUATERNION"
      },
      "armature_space": {
        "head": {
          "x": 0.32393595576286316,
          "y": -0.6073848009109497,
          "z": 0.8094411492347717
        },
        "tail": {
          "x": 0.313795268535614,
          "y": -0.6291612982749939,
          "z": 0.8004388213157654
        }
      },
      "world_space": {
        "head": {
          "x": 0.32393595576286316,
          "y": -0.5441408157348633,
          "z": 1.7592952251434326
        },
        "tail": {
          "x": 0.313795268535614,
          "y": -0.5659173130989075,
          "z": 1.7502927780151367
        },
        "rotation_quaternion": {
          "w": 0.22687146067619324,
          "x": -0.932811439037323,
          "y": 0.15521013736724854,
          "z": 0.2330280840396881
        },
        "matrix": [
          [
            0.8432155251502991,
            -0.3952985405921936,
            -0.36431628465652466,
            0.32393595576286316
          ],
          [
            -0.1838293969631195,
            -0.8488785028457642,
            0.4955925941467285,
            -0.5441408157348633
          ],
          [
            -0.5051710605621338,
            -0.35092294216156006,
            -0.7884603142738342,
            1.7592952251434326
          ],
          [
            0.0,
            0.0,
            0.0,
            1.0
          ]
        ]
      },
      "bone_length_armature_space": 0.0256532898741286,
      "parent": "index_01_l",
      "has_children": true,
      "is_end_bone": false
    },
    "index_03_l": {
      "name": "index_03_l",
      "local": {
        "location": {
          "x": 0.0,
          "y": 0.0,
          "z": 0.0
        },
        "rotation_quaternion": {
          "w": 0.9563508033752441,
          "x": 0.2921605408191681,
          "y": 0.001968790777027607,
          "z": 0.005618061404675245
        },
        "scale": {
          "x": 1.0,
          "y": 1.0,
          "z": 1.0
        },
        "matrix_basis": [
          [
            0.9999291300773621,
            -0.009595269337296486,
            0.007048461120575666,
            0.0
          ],
          [
            0.011896081268787384,
            0.8292213082313538,
            -0.558793842792511,
            0.0
          ],
          [
            -0.00048295757733285427,
            0.5588380694389343,
            0.8292766809463501,
            0.0
          ],
          [
            0.0,
            0.0,
            0.0,
            1.0
          ]
        ],
        "rotation_mode": "QUATERNION"
      },
      "armature_space": {
        "head": {
          "x": 0.3137952983379364,
          "y": -0.6291613578796387,
          "z": 0.8004389405250549
        },
        "tail": {
          "x": 0.3007427453994751,
          "y": -0.6397250294685364,
          "z": 0.7765270471572876
        }
      },
      "world_space": {
        "head": {
          "x": 0.3137952983379364,
          "y": -0.5659173727035522,
          "z": 1.7502930164337158
        },
        "tail": {
          "x": 0.3007427453994751,
          "y": -0.57648104429245,
          "z": 1.7263810634613037
        },
        "rotation_quaternion": {
          "w": 0.5335677862167358,
          "x": -0.8139482140541077,
          "y": 0.18584024906158447,
          "z": 0.13511890172958374
        },
        "matrix": [
          [
            0.8944123387336731,
            -0.4467192590236664,
            -0.021641001105308533,
            0.3137952983379364
          ],
          [
            -0.15834076702594757,
            -0.3615383803844452,
            0.9188134670257568,
            -0.5659173727035522
          ],
          [
            -0.4182788133621216,
            -0.8183778524398804,
            -0.39410004019737244,
            1.7502930164337158
          ],
          [
            0.0,
            0.0,
            0.0,
            1.0
          ]
        ]
      },
      "bone_length_armature_space": 0.029218811101071836,
      "parent": "index_02_l",
      "has_children": false,
      "is_end_bone": true
    },
    "metacarpal_pinky_l": {
      "name": "metacarpal_pinky_l",
      "local": {
        "location": {
          "x": 0.0,
          "y": 0.0,
          "z": 0.0
        },
        "rotation_quaternion": {
          "w": 0.999848484992981,
          "x": 0.016317903995513916,
          "y": 0.00013935519382357597,
          "z": -0.006063495762646198
        },
        "scale": {
          "x": 1.0,
          "y": 1.0,
          "z": 1.0
        },
        "matrix_basis": [
          [
            0.9999264478683472,
            0.012129701673984528,
            8.07810720289126e-05,
            0.0
          ],
          [
            -0.012120606377720833,
            0.9993939399719238,
            -0.032632552087306976,
            0.0
          ],
          [
            -0.0004765552293974906,
            0.03262917324900627,
            0.9994674324989319,
            0.0
          ],
          [
            0.0,
            0.0,
            0.0,
            1.0
          ]
        ],
        "rotation_mode": "QUATERNION"
      },
      "armature_space": {
        "head": {
          "x": 0.34946686029434204,
          "y": -0.49794095754623413,
          "z": 0.7206611633300781
        },
        "tail": {
          "x": 0.3811030685901642,
          "y": -0.5651350021362305,
          "z": 0.7936501502990723
        }
      },
      "world_space": {
        "head": {
          "x": 0.34946686029434204,
          "y": -0.4346969723701477,
          "z": 1.6705151796340942
        },
        "tail": {
          "x": 0.3811030685901642,
          "y": -0.501891016960144,
          "z": 1.7435041666030884
        },
        "rotation_quaternion": {
          "w": 0.21210907399654388,
          "x": 0.10752352327108383,
          "y": -0.3638226091861725,
          "z": -0.9006006717681885
        },
        "matrix": [
          [
            -0.8868966102600098,
            0.3038123846054077,
            -0.34801217913627625,
            0.34946686029434204
          ],
          [
            -0.4602908492088318,
            -0.6452852487564087,
            0.6097042560577393,
            -0.4346969723701477
          ],
          [
            -0.039332207292318344,
            0.7009357213973999,
            0.7121490240097046,
            1.6705151796340942
          ],
          [
            0.0,
            0.0,
            0.0,
            1.0
          ]
        ]
      },
      "bone_length_armature_space": 0.10413107965716699,
      "parent": "lowerarm_l",
      "has_children": true,
      "is_end_bone": false
    },
    "pinky_01_l": {
      "name": "pinky_01_l",
      "local": {
        "location": {
          "x": 0.0,
          "y": 0.0,
          "z": 0.0
        },
        "rotation_quaternion": {
          "w": 0.9465379118919373,
          "x": 0.3225158452987671,
          "y": 0.006621110253036022,
          "z": 0.002396984491497278
        },
        "scale": {
          "x": 1.0,
          "y": 1.0,
          "z": 1.0
        },
        "matrix_basis": [
          [
            0.9999008178710938,
            -0.0002668474626261741,
            0.014080394990742207,
            0.0
          ],
          [
            0.008808499202132225,
            0.7919555902481079,
            -0.6105152368545532,
            0.0
          ],
          [
            -0.010988133028149605,
            0.610578715801239,
            0.7918793559074402,
            0.0
          ],
          [
            0.0,
            0.0,
            0.0,
            1.0
          ]
        ],
        "rotation_mode": "QUATERNION"
      },
      "armature_space": {
        "head": {
          "x": 0.3811030685901642,
          "y": -0.5651350021362305,
          "z": 0.7936501502990723
        },
        "tail": {
