{
  "metadata": {
    "armature_name": "KIM_caucasian_male",
    "export_time": "2026-01-13T21:00:05.185196",
    "blender_version": "4.4.1",
    "bone_count": 56,
    "end_bone_count": 13,
    "spaces_included": [
      "LOCAL_CHANNELS",
      "ARMATURE_SPACE",
      "WORLD_SPACE"
    ],
    "note": "LOCAL matches Transform panel; replay pose via local.matrix_basis for best fidelity."
  },
  "bones": {
    "Root": {
      "name": "Root",
      "local": {
        "location": {
          "x": 0.0,
          "y": 0.0,
          "z": 0.0
        },
        "rotation_quaternion": {
          "w": 0.9995783567428589,
          "x": 0.008305448107421398,
          "y": 0.010950920172035694,
          "z": 0.025579053908586502
        },
        "scale": {
          "x": 1.0,
          "y": 1.0,
          "z": 1.0
        },
        "matrix_basis": [
          [
            0.9984515905380249,
            -0.050954632461071014,
            0.022317497059702873,
            0.0
          ],
          [
            0.051318440586328506,
            0.998553454875946,
            -0.016043664887547493,
            0.0
          ],
          [
            -0.02146771550178528,
            0.017164120450615883,
            0.9996221661567688,
            0.0
          ],
          [
            0.0,
            0.0,
            0.0,
            1.0
          ]
        ],
        "rotation_mode": "QUATERNION"
      },
      "armature_space": {
        "head": {
          "x": 0.0,
          "y": 0.07072800397872925,
          "z": -0.009595036506652832
        },
        "tail": {
          "x": -0.0036369310691952705,
          "y": -6.237626075744629e-05,
          "z": -0.00122787244617939
        }
      },
      "world_space": {
        "head": {
          "x": 0.0,
          "y": 0.13397200405597687,
          "z": 0.9402589797973633
        },
        "tail": {
          "x": -0.0036369310691952705,
          "y": 0.06318162381649017,
          "z": 0.9486261606216431
        },
        "rotation_quaternion": {
          "w": 0.05905267223715782,
          "x": 0.9978671073913574,
          "y": -0.02478320710361004,
          "z": 0.012649250216782093
        },
        "matrix": [
          [
            0.9984515905380249,
            -0.050954632461071014,
            0.022317497059702873,
            0.0
          ],
          [
            -0.04796673357486725,
            -0.9917970895767212,
            -0.1184808537364006,
            0.13397200405597687
          ],
          [
            0.028171729296445847,
            0.11722678691148758,
            -0.9927124977111816,
            0.9402589797973633
          ],
          [
            0.0,
            0.0,
            0.0,
            1.0
          ]
        ]
      },
      "bone_length_armature_space": 0.07137586733971675,
      "parent": null,
      "has_children": true,
      "is_end_bone": false
    },
    "spine_01": {
      "name": "spine_01",
      "local": {
        "location": {
          "x": 0.0,
          "y": 0.0,
          "z": 0.0
        },
        "rotation_quaternion": {
          "w": 0.9985896348953247,
          "x": 0.04929489642381668,
          "y": -0.019670449197292328,
          "z": 0.001428293064236641
        },
        "scale": {
          "x": 1.0,
          "y": 1.0,
          "z": 1.0
        },
        "matrix_basis": [
          [
            0.9992220401763916,
            -0.0047918627969920635,
            -0.039144597947597504,
            0.0
          ],
          [
            0.0009132517734542489,
            0.9951359629631042,
            -0.09850693494081497,
            0.0
          ],
          [
            0.039426229894161224,
            0.09839455783367157,
            0.9943661689758301,
            0.0
          ],
          [
            0.0,
            0.0,
            0.0,
            1.0
          ]
        ],
        "rotation_mode": "QUATERNION"
      },
      "armature_space": {
        "head": {
          "x": -0.0036369310691952705,
          "y": -6.237626075744629e-05,
          "z": -0.00122787244617939
        },
        "tail": {
          "x": -0.021287426352500916,
          "y": -0.032944027334451675,
          "z": 0.4853476285934448
        }
      },
      "world_space": {
        "head": {
          "x": -0.0036369310691952705,
          "y": 0.06318162381649017,
          "z": 0.9486261606216431
        },
        "tail": {
          "x": -0.021287426352500916,
          "y": 0.030299972742795944,
          "z": 1.435201644897461
        },
        "rotation_quaternion": {
          "w": 0.6815601587295532,
          "x": 0.730300784111023,
          "y": -0.04225388914346695,
          "z": -0.01874169334769249
        },
        "matrix": [
          [
            0.9957267045974731,
            -0.036168958991765976,
            -0.08497148752212524,
            -0.0036369310691952705
          ],
          [
            -0.08726346492767334,
            -0.06738026440143585,
            -0.9939039945602417,
            0.06318162381649017
          ],
          [
            0.030223198235034943,
            0.9970784783363342,
            -0.07024993747472763,
            0.9486261606216431
          ],
          [
            0.0,
            0.0,
            0.0,
            1.0
          ]
        ]
      },
      "bone_length_armature_space": 0.48800458165767957,
      "parent": "Root",
      "has_children": true,
      "is_end_bone": false
    },
    "neck_01": {
      "name": "neck_01",
      "local": {
        "location": {
          "x": 0.0,
          "y": 0.0,
          "z": 0.0
        },
        "rotation_quaternion": {
          "w": 0.9966803193092346,
          "x": 0.03605420142412186,
          "y": 0.0018102742033079267,
          "z": -0.07297445833683014
        },
        "scale": {
          "x": 1.0,
          "y": 1.0,
          "z": 1.0
        },
        "matrix_basis": [
          [
            0.9893429279327393,
            0.14559495449066162,
            -0.0016535422764718533,
            0.0
          ],
          [
            -0.14533387124538422,
            0.9867496490478516,
            -0.07213323563337326,
            0.0
          ],
          [
            -0.00887060072273016,
            0.07160481810569763,
            0.9973936080932617,
            0.0
          ],
          [
            0.0,
            0.0,
            0.0,
            1.0
          ]
        ],
        "rotation_mode": "QUATERNION"
      },
      "armature_space": {
        "head": {
          "x": -0.026882512494921684,
          "y": -0.07234653830528259,
          "z": 0.555915892124176
        },
        "tail": {
          "x": -0.019160550087690353,
          "y": -0.12473548948764801,
          "z": 0.643702507019043
        }
      },
      "world_space": {
        "head": {
          "x": -0.026882512494921684,
          "y": -0.009102538228034973,
          "z": 1.505769968032837
        },
        "tail": {
          "x": -0.019160550087690353,
          "y": -0.06149148941040039,
          "z": 1.593556523323059
        },
        "rotation_quaternion": {
          "w": 0.4941714107990265,
          "x": 0.8679676651954651,
          "y": 0.01708204858005047,
          "z": -0.046205777674913406
        },
        "matrix": [
          [
            0.9951465725898743,
            0.0753205418586731,
            -0.06332696229219437,
            -0.026882512494921684
          ],
          [
            -0.01601351797580719,
            -0.5110053420066833,
            -0.8594285845756531,
            -0.009102538228034973
          ],
          [
            -0.09709368646144867,
            0.8562767505645752,
            -0.5073232650756836,
            1.505769968032837
          ],
          [
            0.0,
            0.0,
            0.0,
            1.0
          ]
        ]
      },
      "bone_length_armature_space": 0.10252180672741877,
      "parent": "spine_01",
      "has_children": true,
      "is_end_bone": false
    },
    "head": {
      "name": "head",
      "local": {
        "location": {
          "x": 0.0,
          "y": 0.0,
          "z": 0.0
        },
        "rotation_quaternion": {
          "w": 0.9825019836425781,
          "x": 0.06690346449613571,
          "y": 0.14699316024780273,
          "z": 0.09277278929948807
        },
        "scale": {
          "x": 1.0,
          "y": 1.0,
          "z": 1.0
        },
        "matrix_basis": [
          [
            0.9395724534988403,
            -0.16263020038604736,
            0.3012557923793793,
            0.0
          ],
          [
            0.20196759700775146,
            0.9738342761993408,
            -0.10419163852930069,
            0.0
          ],
          [
            -0.2764284908771515,
            0.15873950719833374,
            0.9478338956832886,
            0.0
          ],
          [
            0.0,
            0.0,
            0.0,
            1.0
          ]
        ],
        "rotation_mode": "QUATERNION"
      },
      "armature_space": {
        "head": {
          "x": -0.019160564988851547,
          "y": -0.12473558634519577,
          "z": 0.6437023878097534
        },
        "tail": {
          "x": -0.03114723414182663,
          "y": -0.1735619604587555,
          "z": 0.7904183268547058
        }
      },
      "world_space": {
        "head": {
          "x": -0.019160564988851547,
          "y": -0.06149158626794815,
          "z": 1.5935564041137695
        },
        "tail": {
          "x": -0.03114723414182663,
          "y": -0.11031796038150787,
          "z": 1.7402722835540771
        },
        "rotation_quaternion": {
          "w": 0.583583414554596,
          "x": 0.8006678223609924,
          "y": 0.04491667076945305,
          "z": 0.12784387171268463
        },
        "matrix": [
          [
            0.9632771611213684,
            -0.07728835940361023,
            0.25714555382728577,
            -0.019160564988851547
          ],
          [
            0.2211412787437439,
            -0.3148256838321686,
            -0.9230285882949829,
            -0.06149158626794815
          ],
          [
            0.15229663252830505,
            0.9460039734840393,
            -0.2861754894256592,
            1.5935564041137695
          ],
          [
            0.0,
            0.0,
            0.0,
            1.0
          ]
        ]
      },
      "bone_length_armature_space": 0.1550911426616833,
      "parent": "neck_01",
      "has_children": false,
      "is_end_bone": true
    },
    "upperarm_l": {
      "name": "upperarm_l",
      "local": {
        "location": {
          "x": 0.0,
          "y": 0.0,
          "z": 0.0
        },
        "rotation_quaternion": {
          "w": 0.8547698259353638,
          "x": 0.22396424412727356,
          "y": 0.40457218885421753,
          "z": 0.23564836382865906
        },
        "scale": {
          "x": 1.0,
          "y": 1.0,
          "z": 1.0
        },
        "matrix_basis": [
          [
            0.5615823864936829,
            -0.22163081169128418,
            0.7971858382225037,
            0.0
          ],
          [
            0.5840696096420288,
            0.7886197566986084,
            -0.19220221042633057,
            0.0
          ],
          [
            -0.5860785841941833,
            0.5735493302345276,
            0.5723227262496948,
            0.0
          ],
          [
            0.0,
            0.0,
            0.0,
            1.0
          ]
        ],
        "rotation_mode": "QUATERNION"
      },
      "armature_space": {
        "head": {
          "x": 0.12463635951280594,
          "y": -0.08407726883888245,
          "z": 0.4932139217853546
        },
        "tail": {
          "x": 0.3278026580810547,
          "y": -0.2523519992828369,
          "z": 0.5402749180793762
        }
      },
      "world_space": {
        "head": {
          "x": 0.12463635951280594,
          "y": -0.020833268761634827,
          "z": 1.4430679082870483
        },
        "tail": {
          "x": 0.3278026580810547,
          "y": -0.1891079992055893,
          "z": 1.490128993988037
        },
        "rotation_quaternion": {
          "w": 0.18799999356269836,
          "x": 0.8797875046730042,
          "y": 0.38816818594932556,
          "z": -0.19988878071308136
        },
        "matrix": [
          [
            0.6187398433685303,
            0.7581696510314941,
            -0.20576703548431396,
            0.12463635951280594
          ],
          [
            0.6078532338142395,
            -0.6279623508453369,
            -0.48598191142082214,
            -0.020833268761634827
          ],
          [
            -0.497673362493515,
            0.17562085390090942,
            -0.8494072556495667,
            1.4430679082870483
          ],
          [
            0.0,
            0.0,
            0.0,
            1.0
          ]
        ]
      },
      "bone_length_armature_space": 0.2679695313062761,
      "parent": "spine_01",
      "has_children": true,
      "is_end_bone": false
    },
    "lowerarm_l": {
      "name": "lowerarm_l",
      "local": {
        "location": {
          "x": 0.0,
          "y": 0.0,
          "z": 0.0
        },
        "rotation_quaternion": {
          "w": 0.9862872958183289,
          "x": 0.08544418215751648,
          "y": -0.02677825838327408,
          "z": 0.13863493502140045
        },
        "scale": {
          "x": 1.0,
          "y": 1.0,
          "z": 1.0
        },
        "matrix_basis": [
          [
            0.9601265788078308,
            -0.27804383635520935,
            -0.02913101390004158,
            0.0
          ],
          [
            0.26889166235923767,
            0.9469593167304993,
            -0.17596982419490814,
            0.0
          ],
          [
            0.07651320844888687,
            0.1611202210187912,
            0.9839644432067871,
            0.0
          ],
          [
            0.0,
            0.0,
            0.0,
            1.0
          ]
        ],
        "rotation_mode": "QUATERNION"
      },
      "armature_space": {
        "head": {
          "x": 0.3278026282787323,
          "y": -0.25235214829444885,
          "z": 0.540274977684021
        },
        "tail": {
          "x": 0.4382029175758362,
          "y": -0.49287015199661255,
          "z": 0.5794188976287842
        }
      },
      "world_space": {
        "head": {
          "x": 0.3278026282787323,
          "y": -0.18910814821720123,
          "z": 1.490128993988037
        },
        "tail": {
          "x": 0.4382029175758362,
          "y": -0.4296261668205261,
          "z": 1.5292729139328003
        },
        "rotation_quaternion": {
          "w": 0.13729102909564972,
          "x": 0.925974428653717,
          "y": 0.17783671617507935,
          "z": -0.3034742772579193
        },
        "matrix": [
          [
            0.7525549530982971,
            0.41267359256744385,
            -0.5131878852844238,
            0.3278026282787323
          ],
          [
            0.24601612985134125,
            -0.8990504145622253,
            -0.362194687128067,
            -0.18910814821720123
          ],
          [
            -0.6108537316322327,
            0.14631901681423187,
            -0.7781147956848145,
            1.490128993988037
          ],
          [
            0.0,
            0.0,
            0.0,
            1.0
          ]
        ]
      },
      "bone_length_armature_space": 0.26752454528411296,
      "parent": "upperarm_l",
      "has_children": true,
      "is_end_bone": false
    },
    "metacarpal_thumb_l": {
      "name": "metacarpal_thumb_l",
      "local": {
        "location": {
          "x": 0.0,
          "y": 0.0,
          "z": 0.0
        },
        "rotation_quaternion": {
          "w": 0.9992458820343018,
          "x": -0.036452896893024445,
          "y": 0.008549260906875134,
          "z": 0.010290747508406639
        },
        "scale": {
          "x": 1.0,
          "y": 1.0,
          "z": 1.0
        },
        "matrix_basis": [
          [
            0.999642014503479,
            -0.021189264953136444,
            0.016335371881723404,
            0.0
          ],
          [
            0.01994268409907818,
            0.9971305727958679,
            0.07302676886320114,
            0.0
          ],
          [
            -0.017835883423686028,
            -0.07267485558986664,
            0.9971961975097656,
            0.0
          ],
          [
            0.0,
            0.0,
            0.0,
            1.0
          ]
        ],
        "rotation_mode": "QUATERNION"
      },
      "armature_space": {
        "head": {
          "x": 0.4382029175758362,
          "y": -0.49287015199661255,
          "z": 0.5794188976287842
        },
        "tail": {
          "x": 0.4429253935813904,
          "y": -0.5374818444252014,
          "z": 0.5584167838096619
        }
      },
      "world_space": {
        "head": {
          "x": 0.4382029175758362,
          "y": -0.4296261668205261,
          "z": 1.5292729139328003
        },
        "tail": {
          "x": 0.4429253935813904,
          "y": -0.474237859249115,
          "z": 1.5082707405090332
        },
        "rotation_quaternion": {
          "w": 0.21907058358192444,
          "x": -0.8952973484992981,
          "y": 0.04113076254725456,
          "z": -0.38569289445877075
        },
        "matrix": [
          [
            0.6990988850593567,
            0.09533841907978058,
            0.7086405754089355,
            0.4382029175758362
          ],
          [
            -0.2426360845565796,
            -0.9006333351135254,
            0.36053794622421265,
            -0.4296261668205261
          ],
          [
            0.6726029515266418,
            -0.42399710416793823,
            -0.6065029501914978,
            1.5292729139328003
          ],
          [
            0.0,
            0.0,
            0.0,
            1.0
          ]
        ]
      },
      "bone_length_armature_space": 0.04953376226892145,
      "parent": "lowerarm_l",
      "has_children": true,
      "is_end_bone": false
    },
    "thumb_01_l": {
      "name": "thumb_01_l",
      "local": {
        "location": {
          "x": 0.0,
          "y": 0.0,
          "z": 0.0
        },
        "rotation_quaternion": {
          "w": 0.986829936504364,
          "x": 0.16094036400318146,
          "y": 0.0008249601814895868,
          "z": -0.016258863732218742
        },
        "scale": {
          "x": 1.0,
          "y": 1.0,
          "z": 1.0
        },
        "matrix_basis": [
          [
            0.9994699358940125,
            0.03235500678420067,
            -0.0036052241921424866,
            0.0
          ],
          [
            -0.03182392939925194,
            0.9476677179336548,
            -0.3176683783531189,
            0.0
          ],
          [
            -0.006861605681478977,
            0.31761470437049866,
            0.9481950402259827,
            0.0
          ],
          [
            0.0,
            0.0,
            0.0,
            1.0
          ]
        ],
        "rotation_mode": "QUATERNION"
      },
      "armature_space": {
        "head": {
          "x": 0.4429253935813904,
          "y": -0.5374818444252014,
          "z": 0.5584167838096619
        },
        "tail": {
          "x": 0.46698758006095886,
          "y": -0.5511705279350281,
          "z": 0.5386111736297607
        }
      },
      "world_space": {
        "head": {
          "x": 0.4429253935813904,
          "y": -0.474237859249115,
          "z": 1.5082707405090332
        },
        "tail": {
          "x": 0.46698758006095886,
          "y": -0.48792654275894165,
          "z": 1.4884651899337769
        },
        "rotation_quaternion": {
          "w": 0.49495285749435425,
          "x": -0.20707927644252777,
          "y": 0.2322622388601303,
          "z": -0.8112916350364685
        },
        "matrix": [
          [
            -0.4242781102657318,
            0.7069092988967896,
            0.5659219026565552,
            0.4429253935813904
          ],
          [
            -0.8992963433265686,
            -0.4021513760089874,
            -0.17187359929084778,
            -0.474237859249115
          ],
          [
            0.10608716309070587,
            -0.5818579196929932,
            0.8063504695892334,
            1.5082707405090332
          ],
          [
            0.0,
            0.0,
            0.0,
            1.0
          ]
        ]
      },
      "bone_length_armature_space": 0.03403866981723246,
      "parent": "metacarpal_thumb_l",
      "has_children": true,
      "is_end_bone": false
    },
    "thumb_02_l": {
      "name": "thumb_02_l",
      "local": {
        "location": {
          "x": 0.0,
          "y": 0.0,
          "z": 0.0
        },
        "rotation_quaternion": {
          "w": 0.9417904615402222,
          "x": 0.33606791496276855,
          "y": 0.0032075901981443167,
          "z": -0.008878516964614391
        },
        "scale": {
          "x": 1.0,
          "y": 1.0,
          "z": 1.0
        },
        "matrix_basis": [
          [
            0.9998217821121216,
            0.018879340961575508,
            7.418634049827233e-05,
            0.0
          ],
          [
            -0.014567469246685505,
            0.7739590406417847,
            -0.6330680847167969,
            0.0
          ],
          [
            -0.012009325437247753,
            0.6329541802406311,
            0.7740961313247681,
            0.0
          ],
          [
            0.0,
            0.0,
            0.0,
            1.0
          ]
        ],
        "rotation_mode": "QUATERNION"
      },
      "armature_space": {
        "head": {
          "x": 0.4669875502586365,
          "y": -0.5511704683303833,
          "z": 0.538611114025116
        },
        "tail": {
          "x": 0.46696075797080994,
          "y": -0.5777122974395752,
          "z": 0.568756103515625
        }
      },
      "world_space": {
        "head": {
          "x": 0.4669875502586365,
          "y": -0.4879264831542969,
          "z": 1.4884650707244873
        },
        "tail": {
          "x": 0.46696075797080994,
          "y": -0.5144683122634888,
          "z": 1.5186101198196411
        },
        "rotation_quaternion": {
          "w": 0.14120818674564362,
          "x": 0.31323498487472534,
          "y": -0.3868405818939209,
          "z": -0.8557443618774414
        },
        "matrix": [
          [
            -0.7638887166976929,
            -0.0006669163703918457,
            -0.6453478336334229,
            0.4669875502586365
          ],
          [
            -0.4840203821659088,
            -0.660829484462738,
            0.5736103057861328,
            -0.4879264831542969
          ],
          [
            -0.42685097455978394,
            0.7505406141281128,
            0.5044811964035034,
            1.4884650707244873
          ],
          [
            0.0,
            0.0,
            0.0,
            1.0
          ]
        ]
      },
      "bone_length_armature_space": 0.040164533816175275,
      "parent": "thumb_01_l",
      "has_children": true,
      "is_end_bone": false
    },
    "thumb_03_l": {
      "name": "thumb_03_l",
      "local": {
        "location": {
          "x": 0.0,
          "y": 0.0,
          "z": 0.0
        },
        "rotation_quaternion": {
          "w": 0.9815904498100281,
          "x": 0.19089876115322113,
          "y": 0.005894670262932777,
          "z": 0.00178524071816355
        },
        "scale": {
          "x": 1.0,
          "y": 1.0,
          "z": 1.0
        },
        "matrix_basis": [
          [
            0.9999241232872009,
            -0.0012541799806058407,
            0.012253904715180397,
            0.0
          ],
          [
            0.005755321122705936,
            0.9271089434623718,
            -0.37474775314331055,
            0.0
          ],
          [
            -0.010890703648328781,
            0.374789834022522,
            0.9270458221435547,
            0.0
          ],
          [
            0.0,
            0.0,
            0.0,
            1.0
          ]
        ],
        "rotation_mode": "QUATERNION"
      },
      "armature_space": {
        "head": {
          "x": 0.46696075797080994,
          "y": -0.57771235704422,
          "z": 0.5687559843063354
        },
        "tail": {
          "x": 0.4554973840713501,
          "y": -0.5835800170898438,
          "z": 0.5963433384895325
        }
      },
      "world_space": {
        "head": {
          "x": 0.46696075797080994,
          "y": -0.5144683718681335,
          "z": 1.5186100006103516
        },
        "tail": {
          "x": 0.4554973840713501,
          "y": -0.5203360319137573,
          "z": 1.5461974143981934
        },
        "rotation_quaternion": {
          "w": 0.17767639458179474,
          "x": 0.483940988779068,
          "y": -0.6099724173545837,
          "z": -0.6018022894859314
        },
        "matrix": [
          [
            -0.4684615731239319,
            -0.3765285909175873,
            -0.7992311120033264,
            0.46696075797080994
          ],
          [
            -0.8042353391647339,
            -0.1927308440208435,
            0.5621925592422485,
            -0.5144683718681335
          ],
          [
            -0.3657214045524597,
            0.9061415195465088,
            -0.21253176033496857,
            1.5186100006103516
          ],
          [
            0.0,
            0.0,
            0.0,
            1.0
          ]
        ]
      },
      "bone_length_armature_space": 0.030445040982498093,
      "parent": "thumb_02_l",
      "has_children": false,
      "is_end_bone": true
    },
    "metacarpal_index_l": {
      "name": "metacarpal_index_l",
      "local": {
        "location": {
          "x": 0.0,
          "y": 0.0,
          "z": 0.0
        },
        "rotation_quaternion": {
          "w": 0.9994624257087708,
          "x": -0.02898012474179268,
          "y": 0.014192230068147182,
          "z": -0.005807907320559025
        },
        "scale": {
          "x": 1.0,
          "y": 1.0,
          "z": 1.0
        },
        "matrix_basis": [
          [
            0.9995297193527222,
            0.010786985047161579,
            0.02870582975447178,
            0.0
          ],
          [
            -0.012432155199348927,
            0.9982528686523438,
            0.05776423588395119,
            0.0
          ],
          [
            -0.02803257293999195,
            -0.05809394642710686,
            0.9979174733161926,
            0.0
          ],
          [
            0.0,
            0.0,
            0.0,
            1.0
          ]
        ],
        "rotation_mode": "QUATERNION"
      },
      "armature_space": {
        "head": {
          "x": 0.4382029175758362,
          "y": -0.49287015199661255,
          "z": 0.5794188976287842
        },
        "tail": {
          "x": 0.4697728753089905,
          "y": -0.6054047346115112,
          "z": 0.5711404085159302
        }
      },
      "world_space": {
        "head": {
          "x": 0.4382029175758362,
          "y": -0.4296261668205261,
          "z": 1.5292729139328003
        },
        "tail": {
          "x": 0.4697728753089905,
          "y": -0.5421607494354248,
          "z": 1.5209944248199463
        },
        "rotation_quaternion": {
          "w": 0.05613035336136818,
          "x": -0.978339672088623,
          "y": -0.1289861500263214,
          "z": -0.1518668234348297
        },
        "matrix": [
          [
            0.9205983281135559,
            0.2694331407546997,
            0.2826744616031647,
            0.4382029175758362
          ],
          [
            0.23533619940280914,
            -0.9604241847991943,
            0.14900630712509155,
            -0.4296261668205261
          ],
          [
            0.31163695454597473,
            -0.07065283507108688,
            -0.9475783705711365,
            1.5292729139328003
          ],
          [
            0.0,
            0.0,
            0.0,
            1.0
          ]
        ]
      },
      "bone_length_armature_space": 0.11717178728641892,
      "parent": "lowerarm_l",
      "has_children": true,
      "is_end_bone": false
    },
    "index_01_l": {
      "name": "index_01_l",
      "local": {
        "location": {
          "x": 0.0,
          "y": 0.0,
          "z": 0.0
        },
        "rotation_quaternion": {
          "w": 0.97275710105896,
          "x": 0.2317962497472763,
          "y": -0.003576497547328472,
          "z": 0.0012187298852950335
        },
        "scale": {
          "x": 1.0,
          "y": 1.0,
          "z": 1.0
        },
        "matrix_basis": [
          [
            0.9999714493751526,
            -0.004029093775898218,
            -0.006393132731318474,
            0.0
          ],
          [
            0.0007130188751034439,
            0.8925380110740662,
            -0.4509716033935547,
            0.0
          ],
          [
            0.0075231208465993404,
            0.4509541690349579,
            0.8925154209136963,
            0.0
          ],
          [
            0.0,
            0.0,
            0.0,
            1.0
          ]
        ],
        "rotation_mode": "QUATERNION"
      },
      "armature_space": {
        "head": {
          "x": 0.4697728753089905,
          "y": -0.6054047346115112,
          "z": 0.5711404085159302
        },
        "tail": {
          "x": 0.4878484606742859,
          "y": -0.6260587573051453,
          "z": 0.5634103417396545
        }
      },
      "world_space": {
        "head": {
          "x": 0.4697728753089905,
          "y": -0.5421607494354248,
          "z": 1.5209944248199463
        },
        "tail": {
          "x": 0.4878484606742859,
          "y": -0.5628147721290588,
          "z": 1.5132644176483154
        },
        "rotation_quaternion": {
          "w": 0.18499340116977692,
          "x": -0.9221267104148865,
          "y": -0.3218825161457062,
          "z": -0.10886513441801071
        },
        "matrix": [
          [
            0.7690802812576294,
            0.633911669254303,
            0.08168156445026398,
            0.4697728753089905
          ],
          [
            0.5533550977706909,
            -0.7243381142616272,
            0.41125792264938354,
            -0.5421607494354248
          ],
          [
            0.31986895203590393,
            -0.2710939347743988,
            -0.9078580141067505,
            1.5209944248199463
          ],
          [
            0.0,
            0.0,
            0.0,
            1.0
          ]
        ]
      },
      "bone_length_armature_space": 0.028514371631704366,
      "parent": "metacarpal_index_l",
      "has_children": true,
      "is_end_bone": false
    },
    "index_02_l": {
      "name": "index_02_l",
      "local": {
        "location": {
          "x": 0.0,
          "y": 0.0,
          "z": 0.0
        },
        "rotation_quaternion": {
          "w": 0.9102978110313416,
          "x": 0.41385599970817566,
          "y": -0.007855121046304703,
          "z": 0.0043986039236187935
        },
        "scale": {
          "x": 1.0,
          "y": 1.0,
          "z": 1.0
        },
        "matrix_basis": [
          [
            0.9998378753662109,
            -0.014509856700897217,
            -0.010660221800208092,
            0.0
          ],
          [
            0.0015063011087477207,
            0.6574077010154724,
            -0.7535335421562195,
            0.0
          ],
          [
            0.017941776663064957,
            0.7533953189849854,
            0.6573230028152466,
            0.0
          ],
          [
            0.0,
            0.0,
            0.0,
            1.0
          ]
        ],
        "rotation_mode": "QUATERNION"
      },
      "armature_space": {
        "head": {
          "x": 0.48784855008125305,
          "y": -0.6260590553283691,
          "z": 0.5634098649024963
        },
        "tail": {
          "x": 0.4996602535247803,
          "y": -0.6317129731178284,
          "z": 0.5413505434989929
        }
      },
      "world_space": {
        "head": {
          "x": 0.48784855008125305,
          "y": -0.5628150701522827,
          "z": 1.5132639408111572
        },
        "tail": {
          "x": 0.4996602535247803,
          "y": -0.5684689879417419,
          "z": 1.4912045001983643
        },
        "rotation_quaternion": {
          "w": 0.5221379995346069,
          "x": -0.7780828475952148,
          "y": -0.342305064201355,
          "z": 0.06918337941169739
        },
        "matrix": [
          [
            0.756080687046051,
            0.4604370892047882,
            -0.46512362360954285,
            0.48784855008125305
          ],
          [
            0.6049321293830872,
            -0.22039803862571716,
            0.7651681900024414,
            -0.5628150701522827
          ],
          [
            0.24980176985263824,
            -0.85990309715271,
            -0.44517427682876587,
            1.5132639408111572
          ],
          [
            0.0,
            0.0,
            0.0,
            1.0
          ]
        ]
      },
      "bone_length_armature_space": 0.02565339715569858,
      "parent": "index_01_l",
      "has_children": true,
      "is_end_bone": false
    },
    "index_03_l": {
      "name": "index_03_l",
      "local": {
        "location": {
          "x": 0.0,
          "y": 0.0,
          "z": 0.0
        },
        "rotation_quaternion": {
          "w": 0.9678995609283447,
          "x": 0.25112441182136536,
          "y": 0.006666593719273806,
          "z": 0.0079185226932168
        },
        "scale": {
          "x": 1.0,
          "y": 1.0,
          "z": 1.0
        },
        "matrix_basis": [
          [
            0.9997857213020325,
            -0.011980380862951279,
            0.01688225567340851,
            0.0
          ],
          [
            0.018676958978176117,
            0.8737476468086243,
            -0.4860208332538605,
            0.0
          ],
          [
            -0.008928117342293262,
            0.4862319827079773,
            0.8737841844558716,
            0.0
          ],
          [
            0.0,
            0.0,
            0.0,
            1.0
          ]
        ],
        "rotation_mode": "QUATERNION"
      },
      "armature_space": {
        "head": {
          "x": 0.49966031312942505,
          "y": -0.6317130923271179,
          "z": 0.5413506031036377
        },
        "tail": {
          "x": 0.5053050518035889,
          "y": -0.6227004528045654,
          "z": 0.5141357183456421
        }
      },
      "world_space": {
        "head": {
          "x": 0.49966031312942505,
          "y": -0.5684691071510315,
          "z": 1.4912046194076538
        },
        "tail": {
          "x": 0.5053050518035889,
          "y": -0.559456467628479,
          "z": 1.4639897346496582
        },
        "rotation_quaternion": {
          "w": 0.7410335540771484,
          "x": -0.5753650069236755,
          "y": -0.3241861164569855,
          "z": 0.1213575154542923
        },
        "matrix": [
          [
            0.7603526711463928,
            0.19318997859954834,
            -0.6201143264770508,
            0.49966031312942505
          ],
          [
            0.5529098510742188,
            0.30845537781715393,
            0.774045467376709,
            -0.5684691071510315
          ],
          [
            0.34081825613975525,
            -0.9314209222793579,
            0.12771978974342346,
            1.4912046194076538
          ],
          [
            0.0,
            0.0,
            0.0,
            1.0
          ]
        ]
      },
      "bone_length_armature_space": 0.02921884116976378,
      "parent": "index_02_l",
      "has_children": false,
      "is_end_bone": true
    },
    "metacarpal_pinky_l": {
      "name": "metacarpal_pinky_l",
      "local": {
        "location": {
          "x": 0.0,
          "y": 0.0,
          "z": 0.0
        },
        "rotation_quaternion": {
          "w": 0.9996460676193237,
          "x": -0.020755421370267868,
          "y": -0.01376379281282425,
          "z": 0.009364442899823189
        },
        "scale": {
          "x": 1.0,
          "y": 1.0,
          "z": 1.0
        },
        "matrix_basis": [
          [
            0.9994457364082336,
            -0.01815091073513031,
            -0.027906568720936775,
            0.0
          ],
          [
            0.01929360441863537,
            0.9989630579948425,
            0.04123837128281593,
            0.0
          ],
          [
            0.027129117399454117,
            -0.04175393283367157,
            0.9987595677375793,
            0.0
          ],
          [
            0.0,
            0.0,
            0.0,
            1.0
          ]
        ],
        "rotation_mode": "QUATERNION"
      },
      "armature_space": {
        "head": {
          "x": 0.4382029175758362,
          "y": -0.49287015199661255,
          "z": 0.5794188976287842
        },
        "tail": {
          "x": 0.49957722425460815,
          "y": -0.5676283836364746,
          "z": 0.6179888248443604
        }
      },
      "world_space": {
        "head": {
          "x": 0.4382029175758362,
          "y": -0.4296261668205261,
          "z": 1.5292729139328003
        },
        "tail": {
          "x": 0.49957722425460815,
          "y": -0.5043843984603882,
          "z": 1.5678428411483765
        },
        "rotation_quaternion": {
          "w": 0.37516239285469055,
          "x": 0.5281783938407898,
          "y": 0.017009681090712547,
          "z": -0.7615717053413391
        },
        "matrix": [
          [
            -0.16056090593338013,
            0.5893964767456055,
            -0.7917274236679077,
            0.4382029175758362
          ],
          [
            -0.5534586906433105,
            -0.7179263234138489,
            -0.4222155511379242,
            -0.4296261668205261
          ],
          [
            -0.8172602653503418,
            0.3703989088535309,
            0.4414799213409424,
            1.5292729139328003
          ],
          [
            0.0,
            0.0,
            0.0,
            1.0
          ]
        ]
      },
      "bone_length_armature_space": 0.1041308700377634,
      "parent": "lowerarm_l",
      "has_children": true,
      "is_end_bone": false
    },
    "pinky_01_l": {
      "name": "pinky_01_l",
      "local": {
        "location": {
          "x": 0.0,
          "y": 0.0,
          "z": 0.0
        },
        "rotation_quaternion": {
          "w": 0.9510444402694702,
          "x": 0.3088557720184326,
          "y": -0.010907072573900223,
          "z": 0.001917269080877304
        },
        "scale": {
          "x": 1.0,
          "y": 1.0,
          "z": 1.0
        },
        "matrix_basis": [
          [
            0.9997547268867493,
            -0.010384241119027138,
            -0.019561901688575745,
            0.0
          ],
          [
            -0.003090608399361372,
            0.809208869934082,
            -0.5875129699707031,
            0.0
          ],
          [
            0.02193053998053074,
            0.5874292850494385,
            0.8089783191680908,
            0.0
          ],
          [
            0.0,
            0.0,
            0.0,
            1.0
          ]
        ],
        "rotation_mode": "QUATERNION"
      },
      "armature_space": {
        "head": {
          "x": 0.49957722425460815,
          "y": -0.5676283836364746,
          "z": 0.6179888248443604
        },
        "tail": {
