{
  "metadata": {
    "armature_name": "KIM_caucasian_male",
    "export_time": "2026-01-13T20:59:55.457272",
    "blender_version": "4.4.1",
    "bone_count": 56,
    "end_bone_count": 13,
    "spaces_included": [
      "LOCAL_CHANNELS",
      "ARMATURE_SPACE",
      "WORLD_SPACE"
    ],
    "note": "LOCAL matches Transform panel; replay pose via local.matrix_basis for best fidelity."
  },
  "bones": {
    "Root": {
      "name": "Root",
      "local": {
        "location": {
          "x": 0.0,
          "y": 0.0,
          "z": 0.0
        },
        "rotation_quaternion": {
          "w": 0.9998525381088257,
          "x": -0.016608530655503273,
          "y": -0.0042931269854307175,
          "z": -0.0008232966065406799
        },
        "scale": {
          "x": 1.0,
          "y": 1.0,
          "z": 1.0
        },
        "matrix_basis": [
          [
            0.999961793422699,
            0.0017889554146677256,
            -0.008557640016078949,
            0.0
          ],
          [
            -0.0015037453267723322,
            0.9994469285011292,
            0.03321923315525055,
            0.0
          ],
          [
            0.008612335659563541,
            -0.033205095678567886,
            0.9994114637374878,
            0.0
          ],
          [
            0.0,
            0.0,
            0.0,
            1.0
          ]
        ],
        "rotation_mode": "QUATERNION"
      },
      "armature_space": {
        "head": {
          "x": 0.0,
          "y": 0.07072800397872925,
          "z": -0.009595036506652832
        },
        "tail": {
          "x": 0.00012768825399689376,
          "y": 0.00035772472620010376,
          "z": 0.002343239262700081
        }
      },
      "world_space": {
        "head": {
          "x": 0.0,
          "y": 0.13397200405597687,
          "z": 0.9402589797973633
        },
        "tail": {
          "x": 0.00012768825399689376,
          "y": 0.06360172480344772,
          "z": 0.952197253704071
        },
        "rotation_quaternion": {
          "w": 0.08392851054668427,
          "x": 0.9964622259140015,
          "y": 0.0005322072538547218,
          "z": -0.004338837694376707
        },
        "matrix": [
          [
            0.999961793422699,
            0.0017889554146677256,
            -0.008557640016078949,
            0.0
          ],
          [
            0.0003323424607515335,
            -0.9859113693237305,
            -0.1672682911157608,
            0.13397200405597687
          ],
          [
            -0.008736371994018555,
            0.16725927591323853,
            -0.9858813881874084,
            0.9402589797973633
          ],
          [
            0.0,
            0.0,
            0.0,
            1.0
          ]
        ]
      },
      "bone_length_armature_space": 0.07137587110989023,
      "parent": null,
      "has_children": true,
      "is_end_bone": false
    },
    "spine_01": {
      "name": "spine_01",
      "local": {
        "location": {
          "x": 0.0,
          "y": 0.0,
          "z": 0.0
        },
        "rotation_quaternion": {
          "w": 0.9998352527618408,
          "x": -0.009499279782176018,
          "y": 0.014877389185130596,
          "z": -0.004241180140525103
        },
        "scale": {
          "x": 1.0,
          "y": 1.0,
          "z": 1.0
        },
        "matrix_basis": [
          [
            0.9995213747024536,
            0.008198313415050507,
            0.029830452054739,
            0.0
          ],
          [
            -0.008763612248003483,
            0.9997835755348206,
            0.01886923424899578,
            0.0
          ],
          [
            -0.029669299721717834,
            -0.019121624529361725,
            0.9993768334388733,
            0.0
          ],
          [
            0.0,
            0.0,
            0.0,
            1.0
          ]
        ],
        "rotation_mode": "QUATERNION"
      },
      "armature_space": {
        "head": {
          "x": 0.00012768825399689376,
          "y": 0.00035772472620010376,
          "z": 0.002343239262700081
        },
        "tail": {
          "x": 0.008354547433555126,
          "y": 0.0486387237906456,
          "z": 0.4878840446472168
        }
      },
      "world_space": {
        "head": {
          "x": 0.00012768825399689376,
          "y": 0.06360172480344772,
          "z": 0.952197253704071
        },
        "tail": {
          "x": 0.008354547433555126,
          "y": 0.11188272386789322,
          "z": 1.437738060951233
        },
        "rotation_quaternion": {
          "w": 0.7410624623298645,
          "x": 0.6712039113044739,
          "y": 0.017157569527626038,
          "z": 0.004165764898061752
        },
        "matrix": [
          [
            0.9993765950202942,
            0.01685827597975731,
            0.031021704897284508,
            0.00012768825399689376
          ],
          [
            0.029206523671746254,
            0.09893622249364853,
            -0.9946650862693787,
            0.06360172480344772
          ],
          [
            -0.019837621599435806,
            0.9949581623077393,
            0.09838192164897919,
            0.952197253704071
          ],
          [
            0.0,
            0.0,
            0.0,
            1.0
          ]
        ]
      },
      "bone_length_armature_space": 0.4880047197728251,
      "parent": "Root",
      "has_children": true,
      "is_end_bone": false
    },
    "neck_01": {
      "name": "neck_01",
      "local": {
        "location": {
          "x": 0.0,
          "y": 0.0,
          "z": 0.0
        },
        "rotation_quaternion": {
          "w": 0.9963960647583008,
          "x": -0.031915634870529175,
          "y": -0.07585346698760986,
          "z": -0.02056073397397995
        },
        "scale": {
          "x": 1.0,
          "y": 1.0,
          "z": 1.0
        },
        "matrix_basis": [
          [
            0.9876469969749451,
            0.04581509158015251,
            -0.14984777569770813,
            0.0
          ],
          [
            -0.036131445318460464,
            0.997117280960083,
            0.06672043353319168,
            0.0
          ],
          [
            0.1524726152420044,
            -0.06048202142119408,
            0.9864552617073059,
            0.0
          ],
          [
            0.0,
            0.0,
            0.0,
            1.0
          ]
        ],
        "rotation_mode": "QUATERNION"
      },
      "armature_space": {
        "head": {
          "x": 0.01066473126411438,
          "y": 0.021387256681919098,
          "z": 0.5641453266143799
        },
        "tail": {
          "x": 0.018030479550361633,
          "y": -0.0018177423626184464,
          "z": 0.6637346744537354
        }
      },
      "world_space": {
        "head": {
          "x": 0.01066473126411438,
          "y": 0.08463125675916672,
          "z": 1.513999342918396
        },
        "tail": {
          "x": 0.018030479550361633,
          "y": 0.06142625957727432,
          "z": 1.6135886907577515
        },
        "rotation_quaternion": {
          "w": 0.6218442320823669,
          "x": 0.7796895503997803,
          "y": -0.01174780074506998,
          "z": -0.07249829173088074
        },
        "matrix": [
          [
            0.9892120957374573,
            0.07184600085020065,
            -0.12766239047050476,
            0.01066473126411438
          ],
          [
            -0.10848410427570343,
            -0.22634312510490417,
            -0.9679877161979675,
            0.08463125675916672
          ],
          [
            -0.09844234585762024,
            0.9714009761810303,
            -0.21610969305038452,
            1.513999342918396
          ],
          [
            0.0,
            0.0,
            0.0,
            1.0
          ]
        ]
      },
      "bone_length_armature_space": 0.10252201724153089,
      "parent": "spine_01",
      "has_children": true,
      "is_end_bone": false
    },
    "head": {
      "name": "head",
      "local": {
        "location": {
          "x": 0.0,
          "y": 0.0,
          "z": 0.0
        },
        "rotation_quaternion": {
          "w": 0.9887769222259521,
          "x": -0.002371719107031822,
          "y": 0.13790929317474365,
          "z": -0.05740766599774361
        },
        "scale": {
          "x": 1.0,
          "y": 1.0,
          "z": 1.0
        },
        "matrix_basis": [
          [
            0.9553707838058472,
            0.11287258565425873,
            0.27299535274505615,
            0.0
          ],
          [
            -0.11418091505765915,
            0.9933974742889404,
            -0.011143898591399193,
            0.0
          ],
          [
            -0.2724507451057434,
            -0.02052430436015129,
            0.9619507789611816,
            0.0
          ],
          [
            0.0,
            0.0,
            0.0,
            1.0
          ]
        ],
        "rotation_mode": "QUATERNION"
      },
      "armature_space": {
        "head": {
          "x": 0.018030455335974693,
          "y": -0.001817876473069191,
          "z": 0.6637345552444458
        },
        "tail": {
          "x": 0.052983567118644714,
          "y": 0.02077406272292137,
          "z": 0.8131372928619385
        }
      },
      "world_space": {
        "head": {
          "x": 0.018030455335974693,
          "y": 0.06142612546682358,
          "z": 1.613588571548462
        },
        "tail": {
          "x": 0.052983567118644714,
          "y": 0.08401806652545929,
          "z": 1.7629913091659546
        },
        "rotation_quaternion": {
          "w": 0.7433969378471375,
          "x": 0.6530315279960632,
          "y": 0.14211082458496094,
          "z": -0.026746900752186775
        },
        "matrix": [
          [
            0.9581785798072815,
            0.2253727912902832,
            0.17635506391525269,
            0.018030455335974693
          ],
          [
            0.14583705365657806,
            0.14566966891288757,
            -0.9785254001617432,
            0.06142612546682358
          ],
          [
            -0.24622417986392975,
            0.9633281230926514,
            0.1067095696926117,
            1.613588571548462
          ],
          [
            0.0,
            0.0,
            0.0,
            1.0
          ]
        ]
      },
      "bone_length_armature_space": 0.15509124179109365,
      "parent": "neck_01",
      "has_children": false,
      "is_end_bone": true
    },
    "upperarm_l": {
      "name": "upperarm_l",
      "local": {
        "location": {
          "x": 0.0,
          "y": 0.0,
          "z": 0.0
        },
        "rotation_quaternion": {
          "w": 0.952342689037323,
          "x": 0.20522469282150269,
          "y": 0.21098898351192474,
          "z": -0.08006162941455841
        },
        "scale": {
          "x": 1.0,
          "y": 1.0,
          "z": 1.0
        },
        "matrix_basis": [
          [
            0.8981475830078125,
            0.23909251391887665,
            0.3690063953399658,
            0.0
          ],
          [
            -0.06589191406965256,
            0.9029459357261658,
            -0.4246727228164673,
            0.0
          ],
          [
            -0.4347288906574249,
            0.35710424184799194,
            0.8267329335212708,
            0.0
          ],
          [
            0.0,
            0.0,
            0.0,
            1.0
          ]
        ],
        "rotation_mode": "QUATERNION"
      },
      "armature_space": {
        "head": {
          "x": 0.1595371514558792,
          "y": 0.01594683900475502,
          "z": 0.49461448192596436
        },
        "tail": {
          "x": 0.40474680066108704,
          "y": -0.06815902888774872,
          "z": 0.4267459511756897
        }
      },
      "world_space": {
        "head": {
          "x": 0.1595371514558792,
          "y": 0.07919083535671234,
          "z": 1.4444684982299805
        },
        "tail": {
          "x": 0.40474680066108704,
          "y": -0.004915028810501099,
          "z": 1.3766000270843506
        },
        "rotation_quaternion": {
          "w": 0.25785452127456665,
          "x": 0.6061976552009583,
          "y": 0.5259063243865967,
          "z": -0.5380130410194397
        },
        "matrix": [
          [
            -0.13207286596298218,
            0.9150657653808594,
            -0.3810664713382721,
            0.1595371514558792
          ],
          [
            0.3601471185684204,
            -0.3138636648654938,
            -0.8785122632980347,
            0.07919083535671234
          ],
          [
            -0.9235054850578308,
            -0.2532697319984436,
            -0.288108229637146,
            1.4444684982299805
          ],
          [
            0.0,
            0.0,
            0.0,
            1.0
          ]
        ]
      },
      "bone_length_armature_space": 0.2679695995125498,
      "parent": "spine_01",
      "has_children": true,
      "is_end_bone": false
    },
    "lowerarm_l": {
      "name": "lowerarm_l",
      "local": {
        "location": {
          "x": 0.0,
          "y": 0.0,
          "z": 0.0
        },
        "rotation_quaternion": {
          "w": 0.8503679037094116,
          "x": 0.47894287109375,
          "y": 0.1950659304857254,
          "z": -0.09714723378419876
        },
        "scale": {
          "x": 1.0,
          "y": 1.0,
          "z": 1.0
        },
        "matrix_basis": [
          [
            0.9050233960151672,
            0.35207265615463257,
            0.23869965970516205,
            0.0
          ],
          [
            0.02162909507751465,
            0.5223522782325745,
            -0.8524554967880249,
            0.0
          ],
          [
            -0.42481157183647156,
            0.7766550779342651,
            0.46512600779533386,
            0.0
          ],
          [
            0.0,
            0.0,
            0.0,
            1.0
          ]
        ],
        "rotation_mode": "QUATERNION"
      },
      "armature_space": {
        "head": {
          "x": 0.4047468900680542,
          "y": -0.06815914809703827,
          "z": 0.4267460107803345
        },
        "tail": {
          "x": 0.41608092188835144,
          "y": -0.29084882140159607,
          "z": 0.2789265513420105
        }
      },
      "world_space": {
        "head": {
          "x": 0.4047468900680542,
          "y": -0.004915148019790649,
          "z": 1.3766000270843506
        },
        "tail": {
          "x": 0.41608092188835144,
          "y": -0.22760482132434845,
          "z": 1.2287805080413818
        },
        "rotation_quaternion": {
          "w": 0.2001020610332489,
          "x": -0.7126010656356812,
          "y": -0.20917709171772003,
          "z": 0.6390649080276489
        },
        "matrix": [
          [
            0.09568296372890472,
            0.042366355657577515,
            -0.9945099353790283,
            0.4047468900680542
          ],
          [
            0.5538758635520935,
            -0.832408607006073,
            0.01782810688018799,
            -0.004915148019790649
          ],
          [
            -0.8270884156227112,
            -0.5525455474853516,
            -0.10311374068260193,
            1.3766000270843506
          ],
          [
            0.0,
            0.0,
            0.0,
            1.0
          ]
        ]
      },
      "bone_length_armature_space": 0.267525224210599,
      "parent": "upperarm_l",
      "has_children": true,
      "is_end_bone": false
    },
    "metacarpal_thumb_l": {
      "name": "metacarpal_thumb_l",
      "local": {
        "location": {
          "x": 0.0,
          "y": 0.0,
          "z": 0.0
        },
        "rotation_quaternion": {
          "w": 0.9995362758636475,
          "x": -0.0174832995980978,
          "y": -0.018654175102710724,
          "z": -0.016541745513677597
        },
        "scale": {
          "x": 1.0,
          "y": 1.0,
          "z": 1.0
        },
        "matrix_basis": [
          [
            0.9987567663192749,
            0.03372042253613472,
            -0.0367126390337944,
            0.0
          ],
          [
            -0.032415878027677536,
            0.998841404914856,
            0.03556752949953079,
            0.0
          ],
          [
            0.03786945715546608,
            -0.0343332402408123,
            0.9986926913261414,
            0.0
          ],
          [
            0.0,
            0.0,
            0.0,
            1.0
          ]
        ],
        "rotation_mode": "QUATERNION"
      },
      "armature_space": {
        "head": {
          "x": 0.41608092188835144,
          "y": -0.29084882140159607,
          "z": 0.2789265513420105
        },
        "tail": {
          "x": 0.39082419872283936,
          "y": -0.31974855065345764,
          "z": 0.2476135492324829
        }
      },
      "world_space": {
        "head": {
          "x": 0.41608092188835144,
          "y": -0.22760482132434845,
          "z": 1.2287805080413818
        },
        "tail": {
          "x": 0.39082419872283936,
          "y": -0.25650453567504883,
          "z": 1.197467565536499
        },
        "rotation_quaternion": {
          "w": 0.3739275336265564,
          "x": -0.8877167701721191,
          "y": 0.26164889335632324,
          "z": 0.06063902750611305
        },
        "matrix": [
          [
            0.8557251691818237,
            -0.5098897218704224,
            0.08801645785570145,
            0.41608092188835144
          ],
          [
            -0.4191925823688507,
            -0.583436131477356,
            0.6956149339675903,
            -0.22760482132434845
          ],
          [
            -0.3033374845981598,
            -0.6321559548377991,
            -0.7130071520805359,
            1.2287805080413818
          ],
          [
            0.0,
            0.0,
            0.0,
            1.0
          ]
        ]
      },
      "bone_length_armature_space": 0.049533832096161586,
      "parent": "lowerarm_l",
      "has_children": true,
      "is_end_bone": false
    },
    "thumb_01_l": {
      "name": "thumb_01_l",
      "local": {
        "location": {
          "x": 0.0,
          "y": 0.0,
          "z": 0.0
        },
        "rotation_quaternion": {
          "w": 0.9972429871559143,
          "x": 0.07406815141439438,
          "y": 0.0024887716863304377,
          "z": -0.0037821526639163494
        },
        "scale": {
          "x": 1.0,
          "y": 1.0,
          "z": 1.0
        },
        "matrix_basis": [
          [
            0.9999589920043945,
            0.00791212823241949,
            0.0044035459868609905,
            0.0
          ],
          [
            -0.007174773141741753,
            0.9889991879463196,
            -0.1477467119693756,
            0.0
          ],
          [
            -0.005524094216525555,
            0.14770905673503876,
            0.9890154004096985,
            0.0
          ],
          [
            0.0,
            0.0,
            0.0,
            1.0
          ]
        ],
        "rotation_mode": "QUATERNION"
      },
      "armature_space": {
        "head": {
          "x": 0.39082419872283936,
          "y": -0.31974855065345764,
          "z": 0.2476135492324829
        },
        "tail": {
          "x": 0.38217827677726746,
          "y": -0.31591811776161194,
          "z": 0.21491467952728271
        }
      },
      "world_space": {
        "head": {
          "x": 0.39082419872283936,
          "y": -0.25650453567504883,
          "z": 1.197467565536499
        },
        "tail": {
          "x": 0.38217827677726746,
          "y": -0.2526741027832031,
          "z": 1.1647686958312988
        },
        "rotation_quaternion": {
          "w": 0.3124556243419647,
          "x": -0.42441290616989136,
          "y": 0.6772283315658569,
          "z": -0.5134267210960388
        },
        "matrix": [
          [
            -0.44448912143707275,
            -0.2540033459663391,
            0.8590179085731506,
            0.39082419872283936
          ],
          [
            -0.8956956267356873,
            0.11253216862678528,
            -0.4301930367946625,
            -0.25650453567504883
          ],
          [
            0.012602468952536583,
            -0.9606412649154663,
            -0.2775314450263977,
            1.197467565536499
          ],
          [
            0.0,
            0.0,
            0.0,
            1.0
          ]
        ]
      },
      "bone_length_armature_space": 0.034038804910528166,
      "parent": "metacarpal_thumb_l",
      "has_children": true,
      "is_end_bone": false
    },
    "thumb_02_l": {
      "name": "thumb_02_l",
      "local": {
        "location": {
          "x": 0.0,
          "y": 0.0,
          "z": 0.0
        },
        "rotation_quaternion": {
          "w": 0.9944777488708496,
          "x": 0.10489535331726074,
          "y": 0.0015215894673019648,
          "z": 0.002960404148325324
        },
        "scale": {
          "x": 1.0,
          "y": 1.0,
          "z": 1.0
        },
        "matrix_basis": [
          [
            0.9999778270721436,
            -0.005568896885961294,
            0.0036474389489740133,
            0.0
          ],
          [
            0.0062073273584246635,
            0.977976381778717,
            -0.20862318575382233,
            0.0
          ],
          [
            -0.0024053084198385477,
            0.2086412012577057,
            0.9779893159866333,
            0.0
          ],
          [
            0.0,
            0.0,
            0.0,
            1.0
          ]
        ],
        "rotation_mode": "QUATERNION"
      },
      "armature_space": {
        "head": {
          "x": 0.38217827677726746,
          "y": -0.31591805815696716,
          "z": 0.2149147093296051
        },
        "tail": {
          "x": 0.3906451463699341,
          "y": -0.3504093885421753,
          "z": 0.19615712761878967
        }
      },
      "world_space": {
        "head": {
          "x": 0.38217827677726746,
          "y": -0.25267404317855835,
          "z": 1.1647686958312988
        },
        "tail": {
          "x": 0.3906451463699341,
          "y": -0.28716540336608887,
          "z": 1.1460111141204834
        },
        "rotation_quaternion": {
          "w": 0.15443751215934753,
          "x": -0.1878567934036255,
          "y": 0.2162696272134781,
          "z": -0.945561408996582
        },
        "matrix": [
          [
            -0.8817176818847656,
            0.21080532670021057,
            0.4220607280731201,
            0.38217827677726746
          ],
          [
            -0.3733159005641937,
            -0.8587533831596375,
            -0.35096731781959534,
            -0.25267404317855835
          ],
          [
            0.2884618937969208,
            -0.46702009439468384,
            0.8358802795410156,
            1.1647686958312988
          ],
          [
            0.0,
            0.0,
            0.0,
            1.0
          ]
        ]
      },
      "bone_length_armature_space": 0.04016449471797342,
      "parent": "thumb_01_l",
      "has_children": true,
      "is_end_bone": false
    },
    "thumb_03_l": {
      "name": "thumb_03_l",
      "local": {
        "location": {
          "x": 0.0,
          "y": 0.0,
          "z": 0.0
        },
        "rotation_quaternion": {
          "w": 0.9977771639823914,
          "x": 0.06599664688110352,
          "y": 0.00878392904996872,
          "z": -0.002847452647984028
        },
        "scale": {
          "x": 1.0,
          "y": 1.0,
          "z": 1.0
        },
        "matrix_basis": [
          [
            0.9998294711112976,
            0.00684166606515646,
            0.01715296320617199,
            0.0
          ],
          [
            -0.00452282652258873,
            0.9912726879119873,
            -0.13174991309642792,
            0.0
          ],
          [
            -0.017904652282595634,
            0.13164986670017242,
            0.9911345839500427,
            0.0
          ],
          [
            0.0,
            0.0,
            0.0,
            1.0
          ]
        ],
        "rotation_mode": "QUATERNION"
      },
      "armature_space": {
        "head": {
          "x": 0.3906450569629669,
          "y": -0.3504093289375305,
          "z": 0.19615709781646729
        },
        "tail": {
          "x": 0.40423211455345154,
          "y": -0.3773361146450043,
          "z": 0.19200605154037476
        }
      },
      "world_space": {
        "head": {
          "x": 0.3906450569629669,
          "y": -0.2871653437614441,
          "z": 1.1460111141204834
        },
        "tail": {
          "x": 0.40423211455345154,
          "y": -0.31409209966659546,
          "z": 1.141860008239746
        },
        "rotation_quaternion": {
          "w": 0.22525162994861603,
          "x": 0.05826658010482788,
          "y": 0.0839037075638771,
          "z": -0.9689308404922485
        },
        "matrix": [
          [
            -0.8917335271835327,
            0.4462841749191284,
            -0.07511327415704727,
            0.3906450569629669
          ],
          [
            -0.42672908306121826,
            -0.8844438791275024,
            -0.18884268403053284,
            -0.2871653437614441
          ],
          [
            -0.15071238577365875,
            -0.13634616136550903,
            0.979137122631073,
            1.1460111141204834
          ],
          [
            0.0,
            0.0,
            0.0,
            1.0
          ]
        ]
      },
      "bone_length_armature_space": 0.03044488641750556,
      "parent": "thumb_02_l",
      "has_children": false,
      "is_end_bone": true
    },
    "metacarpal_index_l": {
      "name": "metacarpal_index_l",
      "local": {
        "location": {
          "x": 0.0,
          "y": 0.0,
          "z": 0.0
        },
        "rotation_quaternion": {
          "w": 0.9998557567596436,
          "x": 0.011391292326152325,
          "y": 0.01238496694713831,
          "z": 0.002311730058863759
        },
        "scale": {
          "x": 1.0,
          "y": 1.0,
          "z": 1.0
        },
        "matrix_basis": [
          [
            0.9996825456619263,
            -0.004340631887316704,
            0.0248190276324749,
            0.0
          ],
          [
            0.004904954694211483,
            0.9997298121452332,
            -0.022722037509083748,
            0.0
          ],
          [
            -0.02471369318664074,
            0.022836560383439064,
            0.999433696269989,
            0.0
          ],
          [
            0.0,
            0.0,
            0.0,
            1.0
          ]
        ],
        "rotation_mode": "QUATERNION"
      },
      "armature_space": {
        "head": {
          "x": 0.41608092188835144,
          "y": -0.29084882140159607,
          "z": 0.2789265513420105
        },
        "tail": {
          "x": 0.38412415981292725,
          "y": -0.3780151903629303,
          "z": 0.20744162797927856
        }
      },
      "world_space": {
        "head": {
          "x": 0.41608092188835144,
          "y": -0.22760482132434845,
          "z": 1.2287805080413818
        },
        "tail": {
          "x": 0.38412415981292725,
          "y": -0.3147711753845215,
          "z": 1.1572957038879395
        },
        "rotation_quaternion": {
          "w": 0.3548182547092438,
          "x": -0.8946326971054077,
          "y": 0.04630919173359871,
          "z": 0.26756662130355835
        },
        "matrix": [
          [
            0.8525276780128479,
            -0.2727343440055847,
            -0.44588422775268555,
            0.41608092188835144
          ],
          [
            0.10701470077037811,
            -0.743919849395752,
            0.6596450209617615,
            -0.22760482132434845
          ],
          [
            -0.5116133093833923,
            -0.6100867986679077,
            -0.6050291657447815,
            1.2287805080413818
          ],
          [
            0.0,
            0.0,
            0.0,
            1.0
          ]
        ]
      },
      "bone_length_armature_space": 0.11717211652158692,
      "parent": "lowerarm_l",
      "has_children": true,
      "is_end_bone": false
    },
    "index_01_l": {
      "name": "index_01_l",
      "local": {
        "location": {
          "x": 0.0,
          "y": 0.0,
          "z": 0.0
        },
        "rotation_quaternion": {
          "w": 0.9972225427627563,
          "x": -0.07365858554840088,
          "y": 0.008327683433890343,
          "z": 0.007242529187351465
        },
        "scale": {
          "x": 1.0,
          "y": 1.0,
          "z": 1.0
        },
        "matrix_basis": [
          [
            0.999756395816803,
            -0.015671636909246445,
            0.015542157925665379,
            0.0
          ],
          [
            0.013218016363680363,
            0.9890438914299011,
            0.1470286250114441,
            0.0
          ],
          [
            -0.017676055431365967,
            -0.1467873752117157,
            0.9890100955963135,
            0.0
          ],
          [
            0.0,
            0.0,
            0.0,
            1.0
          ]
        ],
        "rotation_mode": "QUATERNION"
      },
      "armature_space": {
        "head": {
          "x": 0.38412415981292725,
          "y": -0.3780151903629303,
          "z": 0.20744162797927856
        },
        "tail": {
          "x": 0.3883056342601776,
          "y": -0.4014957547187805,
          "z": 0.19181308150291443
        }
      },
      "world_space": {
        "head": {
          "x": 0.38412415981292725,
          "y": -0.3147711753845215,
          "z": 1.1572957038879395
        },
        "tail": {
          "x": 0.3883056342601776,
          "y": -0.3382517695426941,
          "z": 1.141667127609253
        },
        "rotation_quaternion": {
          "w": 0.26831355690956116,
          "x": -0.9390060901641846,
          "y": -0.12757661938667297,
          "z": 0.17320403456687927
        },
        "matrix": [
          [
            0.9074491858482361,
            0.1466447412967682,
            -0.3937404751777649,
            0.38412415981292725
          ],
          [
            0.3325367271900177,
            -0.8234646916389465,
            0.4597017765045166,
            -0.3147711753845215
          ],
          [
            -0.25681987404823303,
            -0.5480937957763672,
            -0.7960219979286194,
            1.1572957038879395
          ],
          [
            0.0,
            0.0,
            0.0,
            1.0
          ]
        ]
      },
      "bone_length_armature_space": 0.0285144365400122,
      "parent": "metacarpal_index_l",
      "has_children": true,
      "is_end_bone": false
    },
    "index_02_l": {
      "name": "index_02_l",
      "local": {
        "location": {
          "x": 0.0,
          "y": 0.0,
          "z": 0.0
        },
        "rotation_quaternion": {
          "w": 0.989801287651062,
          "x": 0.14223100244998932,
          "y": 0.005280605982989073,
          "z": 0.0060070292092859745
        },
        "scale": {
          "x": 1.0,
          "y": 1.0,
          "z": 1.0
        },
        "matrix_basis": [
          [
            0.999872088432312,
            -0.010389398783445358,
            0.012162272818386555,
            0.0
          ],
          [
            0.013393661938607693,
            0.9594685435295105,
            -0.28149741888046265,
            0.0
          ],
          [
            -0.008744729682803154,
            0.28162428736686707,
            0.9594849348068237,
            0.0
          ],
          [
            0.0,
            0.0,
            0.0,
            1.0
          ]
        ],
        "rotation_mode": "QUATERNION"
      },
      "armature_space": {
        "head": {
          "x": 0.3883053660392761,
          "y": -0.401496022939682,
          "z": 0.1918126791715622
        },
        "tail": {
          "x": 0.3894839882850647,
          "y": -0.4190429449081421,
          "z": 0.1731361448764801
        }
      },
      "world_space": {
        "head": {
          "x": 0.3883053660392761,
          "y": -0.3382520079612732,
          "z": 1.1416666507720947
        },
        "tail": {
          "x": 0.3894839882850647,
          "y": -0.35579895973205566,
          "z": 1.1229901313781738
        },
        "rotation_quaternion": {
          "w": 0.37994107604026794,
          "x": -0.8923343420028687,
          "y": -0.11680596321821213,
          "z": 0.21387073397636414
        },
        "matrix": [
          [
            0.8812316060066223,
            0.04594379663467407,
            -0.47044700384140015,
            0.3883053660392761
          ],
          [
            0.37097659707069397,
            -0.6840031147003174,
            0.628105640411377,
            -0.3382520079612732
          ],
          [
            -0.2929311692714691,
            -0.7280369997024536,
            -0.6198127269744873,
            1.1416666507720947
          ],
          [
            0.0,
            0.0,
            0.0,
            1.0
          ]
        ]
      },
      "bone_length_armature_space": 0.02565339231633802,
      "parent": "index_01_l",
      "has_children": true,
      "is_end_bone": false
    },
    "index_03_l": {
      "name": "index_03_l",
      "local": {
        "location": {
          "x": 0.0,
          "y": 0.0,
          "z": 0.0
        },
        "rotation_quaternion": {
          "w": 0.9791640639305115,
          "x": 0.20285539329051971,
          "y": -0.007993701845407486,
          "z": 0.004846602212637663
        },
        "scale": {
          "x": 1.0,
          "y": 1.0,
          "z": 1.0
        },
        "matrix_basis": [
          [
            0.9998252391815186,
            -0.012734368443489075,
            -0.013687971979379654,
            0.0
          ],
          [
            0.006248106248676777,
            0.917652428150177,
            -0.39733490347862244,
            0.0
          ],
          [
            0.01762061007320881,
            0.3971799314022064,
            0.9175716042518616,
            0.0
          ],
          [
            0.0,
            0.0,
            0.0,
            1.0
          ]
        ],
        "rotation_mode": "QUATERNION"
      },
      "armature_space": {
        "head": {
          "x": 0.3894840180873871,
          "y": -0.41904303431510925,
          "z": 0.17313626408576965
        },
        "tail": {
          "x": 0.386614590883255,
          "y": -0.42671364545822144,
          "z": 0.14508859813213348
        }
      },
      "world_space": {
        "head": {
          "x": 0.3894840180873871,
          "y": -0.35579901933670044,
          "z": 1.1229902505874634
        },
        "tail": {
          "x": 0.386614590883255,
          "y": -0.363469660282135,
          "z": 1.094942569732666
        },
        "rotation_quaternion": {
          "w": 0.5998783707618713,
          "x": -0.7682628631591797,
          "y": -0.09425614774227142,
          "z": 0.20256824791431427
        },
        "matrix": [
          [
            0.9001642465591431,
            -0.09820552915334702,
            -0.4243351221084595,
            0.3894840180873871
          ],
          [
            0.387859046459198,
            -0.26252445578575134,
            0.8835422992706299,
            -0.35579901933670044
          ],
          [
            -0.19816792011260986,
            -0.959922194480896,
            -0.19822555780410767,
            1.1229902505874634
          ],
          [
            0.0,
            0.0,
            0.0,
            1.0
          ]
        ]
      },
      "bone_length_armature_space": 0.029218889058605223,
      "parent": "index_02_l",
      "has_children": false,
      "is_end_bone": true
    },
    "metacarpal_pinky_l": {
      "name": "metacarpal_pinky_l",
      "local": {
        "location": {
          "x": 0.0,
          "y": 0.0,
          "z": 0.0
        },
        "rotation_quaternion": {
          "w": 0.9998363852500916,
          "x": -0.013548677787184715,
          "y": 0.00746352830901742,
          "z": -0.009376537054777145
        },
        "scale": {
          "x": 1.0,
          "y": 1.0,
          "z": 1.0
        },
        "matrix_basis": [
          [
            0.9997127652168274,
            0.01854776404798031,
            0.01517869345843792,
            0.0
          ],
          [
            -0.018952248618006706,
            0.9994570016860962,
            0.0269529577344656,
            0.0
          ],
          [
            -0.014670534990727901,
            -0.027232885360717773,
            0.9995214343070984,
            0.0
          ],
          [
            0.0,
            0.0,
            0.0,
            1.0
          ]
        ],
        "rotation_mode": "QUATERNION"
      },
      "armature_space": {
        "head": {
          "x": 0.41608092188835144,
          "y": -0.29084882140159607,
          "z": 0.2789265513420105
        },
        "tail": {
          "x": 0.45104485750198364,
          "y": -0.3720897436141968,
          "z": 0.22396564483642578
        }
      },
      "world_space": {
        "head": {
          "x": 0.41608092188835144,
          "y": -0.22760482132434845,
          "z": 1.2287805080413818
        },
        "tail": {
          "x": 0.45104485750198364,
          "y": -0.30884575843811035,
          "z": 1.173819661140442
        },
        "rotation_quaternion": {
          "w": 0.10618996620178223,
          "x": 0.22474932670593262,
          "y": 0.31405895948410034,
          "z": -0.9162852168083191
        },
        "matrix": [
          [
            -0.8764232993125916,
            0.33576953411102295,
            -0.34516841173171997,
            0.41608092188835144
          ],
          [
            -0.05343255028128624,
            -0.7801819443702698,
            -0.6232668161392212,
            -0.22760482132434845
          ],
          [
            -0.4785715341567993,
            -0.5278066396713257,
            0.7017147541046143,
            1.2287805080413818
          ],
          [
            0.0,
            0.0,
            0.0,
            1.0
          ]
        ]
      },
      "bone_length_armature_space": 0.10413100195829061,
      "parent": "lowerarm_l",
      "has_children": true,
      "is_end_bone": false
    },
    "pinky_01_l": {
      "name": "pinky_01_l",
      "local": {
        "location": {
          "x": 0.0,
          "y": 0.0,
          "z": 0.0
        },
        "rotation_quaternion": {
          "w": 0.9982162714004517,
          "x": 0.05662114918231964,
          "y": -0.013651946559548378,
          "z": 0.01311542745679617
        },
        "scale": {
          "x": 1.0,
          "y": 1.0,
          "z": 1.0
        },
        "matrix_basis": [
          [
            0.9992831945419312,
            -0.027730043977499008,
            -0.025769969448447227,
            0.0
          ],
          [
            0.024638088420033455,
            0.9932440519332886,
            -0.11339841037988663,
            0.0
          ],
          [
            0.0287404116243124,
            0.11268220096826553,
            0.9932153224945068,
            0.0
          ],
          [
            0.0,
            0.0,
            0.0,
            1.0
          ]
        ],
        "rotation_mode": "QUATERNION"
      },
      "armature_space": {
        "head": {
          "x": 0.45104485750198364,
          "y": -0.3720897436141968,
