{
  "metadata": {
    "armature_name": "KIM_caucasian_male",
    "export_time": "2026-01-13T21:04:14.539965",
    "blender_version": "4.4.1",
    "bone_count": 56,
    "end_bone_count": 13,
    "spaces_included": [
      "LOCAL_CHANNELS",
      "ARMATURE_SPACE",
      "WORLD_SPACE"
    ],
    "note": "LOCAL matches Transform panel; replay pose via local.matrix_basis for best fidelity."
  },
  "bones": {
    "Root": {
      "name": "Root",
      "local": {
        "location": {
          "x": 0.0,
          "y": 0.0,
          "z": 0.0
        },
        "rotation_quaternion": {
          "w": 0.9998120069503784,
          "x": 0.013803014531731606,
          "y": 0.0018638580804690719,
          "z": -0.013489620760083199
        },
        "scale": {
          "x": 1.0,
          "y": 1.0,
          "z": 1.0
        },
        "matrix_basis": [
          [
            0.9996291399002075,
            0.027025623247027397,
            0.003354620421305299,
            0.0
          ],
          [
            -0.026922715827822685,
            0.9992550015449524,
            -0.027651125565171242,
            0.0
          ],
          [
            -0.004099410027265549,
            0.027550553902983665,
            0.999612033367157,
            0.0
          ],
          [
            0.0,
            0.0,
            0.0,
            1.0
          ]
        ],
        "rotation_mode": "QUATERNION"
      },
      "armature_space": {
        "head": {
          "x": 0.0,
          "y": 0.07072800397872925,
          "z": -0.009595036506652832
        },
        "tail": {
          "x": 0.0019289773190394044,
          "y": -0.00021164864301681519,
          "z": -0.0019557583145797253
        }
      },
      "world_space": {
        "head": {
          "x": 0.0,
          "y": 0.13397200405597687,
          "z": 0.9402589797973633
        },
        "tail": {
          "x": 0.0019289773190394044,
          "y": 0.0630323514342308,
          "z": 0.947898268699646
        },
        "rotation_quaternion": {
          "w": 0.05358333885669708,
          "x": 0.9984705448150635,
          "y": 0.013584541156888008,
          "z": 0.0009508577641099691
        },
        "matrix": [
          [
            0.9996291399002075,
            0.027025623247027397,
            0.003354620421305299,
            0.0
          ],
          [
            0.027229424566030502,
            -0.9938884973526001,
            -0.10697739571332932,
            0.13397200405597687
          ],
          [
            0.00044301687739789486,
            0.10702886432409286,
            -0.9942628741264343,
            0.9402589797973633
          ],
          [
            0.0,
            0.0,
            0.0,
            1.0
          ]
        ]
      },
      "bone_length_armature_space": 0.07137586183980929,
      "parent": null,
      "has_children": true,
      "is_end_bone": false
    },
    "spine_01": {
      "name": "spine_01",
      "local": {
        "location": {
          "x": 0.0,
          "y": 0.0,
          "z": 0.0
        },
        "rotation_quaternion": {
          "w": 0.9953599572181702,
          "x": 0.0720110684633255,
          "y": 0.022795243188738823,
          "z": -0.059610117226839066
        },
        "scale": {
          "x": 1.0,
          "y": 1.0,
          "z": 1.0
        },
        "matrix_basis": [
          [
            0.9918540120124817,
            0.12195006757974625,
            0.03679376840591431,
            0.0
          ],
          [
            -0.11538402736186981,
            0.9825220704078674,
            -0.14607152342796326,
            0.0
          ],
          [
            -0.05396411940455437,
            0.14063622057437897,
            0.9885895848274231,
            0.0
          ],
          [
            0.0,
            0.0,
            0.0,
            1.0
          ]
        ],
        "rotation_mode": "QUATERNION"
      },
      "armature_space": {
        "head": {
          "x": 0.0019289773190394044,
          "y": -0.00021164864301681519,
          "z": -0.0019557583145797253
        },
        "tail": {
          "x": 0.06282422691583633,
          "y": -0.058010850101709366,
          "z": 0.47877228260040283
        }
      },
      "world_space": {
        "head": {
          "x": 0.0019289773190394044,
          "y": 0.0630323514342308,
          "z": 0.947898268699646
        },
        "tail": {
          "x": 0.06282422691583633,
          "y": 0.005233149975538254,
          "z": 1.428626298904419
        },
        "rotation_quaternion": {
          "w": 0.6604148745536804,
          "x": 0.7476072907447815,
          "y": 0.06805665045976639,
          "z": -0.017432712018489838
        },
        "matrix": [
          [
            0.9901288151741028,
            0.12478504329919815,
            0.06382637470960617,
            0.0019289773190394044
          ],
          [
            0.0787343829870224,
            -0.11844068765640259,
            -0.9898346662521362,
            0.0630323514342308
          ],
          [
            -0.11595766246318817,
            0.9850959181785583,
            -0.1270982176065445,
            0.947898268699646
          ],
          [
            0.0,
            0.0,
            0.0,
            1.0
          ]
        ]
      },
      "bone_length_armature_space": 0.48800452950386375,
      "parent": "Root",
      "has_children": true,
      "is_end_bone": false
    },
    "neck_01": {
      "name": "neck_01",
      "local": {
        "location": {
          "x": 0.0,
          "y": 0.0,
          "z": 0.0
        },
        "rotation_quaternion": {
          "w": 0.9919297099113464,
          "x": -0.019725069403648376,
          "y": 0.05926034227013588,
          "z": 0.11033923923969269
        },
        "scale": {
          "x": 1.0,
          "y": 1.0,
          "z": 1.0
        },
        "matrix_basis": [
          [
            0.9686269164085388,
            -0.22123536467552185,
            0.11321128904819489,
            0.0
          ],
          [
            0.21655970811843872,
            0.974872350692749,
            0.05220924690365791,
            0.0
          ],
          [
            -0.12191708385944366,
            -0.02605428174138069,
            0.9921982884407043,
            0.0
          ],
          [
            0.0,
            0.0,
            0.0,
            1.0
          ]
        ],
        "rotation_mode": "QUATERNION"
      },
      "armature_space": {
        "head": {
          "x": 0.07417432963848114,
          "y": -0.10101079940795898,
          "z": 0.5464916825294495
        },
        "tail": {
          "x": 0.06565005332231522,
          "y": -0.1489696502685547,
          "z": 0.6367026567459106
        }
      },
      "world_space": {
        "head": {
          "x": 0.07417432963848114,
          "y": -0.037766799330711365,
          "z": 1.4963457584381104
        },
        "tail": {
          "x": 0.06565005332231522,
          "y": -0.08572565019130707,
          "z": 1.5865566730499268
        },
        "rotation_quaternion": {
          "w": 0.5158471465110779,
          "x": 0.8532078862190247,
          "y": -0.002154330490157008,
          "z": 0.07702875882387161
        },
        "matrix": [
          [
            0.9881240129470825,
            -0.0831463411450386,
            0.12922000885009766,
            0.07417432963848114
          ],
          [
            0.0757935643196106,
            -0.46779388189315796,
            -0.8805819153785706,
            -0.037766799330711365
          ],
          [
            0.13366647064685822,
            0.8799237012863159,
            -0.45594048500061035,
            1.4963457584381104
          ],
          [
            0.0,
            0.0,
            0.0,
            1.0
          ]
        ]
      },
      "bone_length_armature_space": 0.10252187157610199,
      "parent": "spine_01",
      "has_children": true,
      "is_end_bone": false
    },
    "head": {
      "name": "head",
      "local": {
        "location": {
          "x": 0.0,
          "y": 0.0,
          "z": 0.0
        },
        "rotation_quaternion": {
          "w": 0.9850248694419861,
          "x": -0.05384877696633339,
          "y": 0.11541678011417389,
          "z": -0.11621242016553879
        },
        "scale": {
          "x": 1.0,
          "y": 1.0,
          "z": 1.0
        },
        "matrix_basis": [
          [
            0.9463472962379456,
            0.21651414036750793,
            0.23989258706569672,
            0.0
          ],
          [
            -0.24137435853481293,
            0.9671899676322937,
            0.07925904542207718,
            0.0
          ],
          [
            -0.21486100554466248,
            -0.13291049003601074,
            0.9675585627555847,
            0.0
          ],
          [
            0.0,
            0.0,
            0.0,
            1.0
          ]
        ],
        "rotation_mode": "QUATERNION"
      },
      "armature_space": {
        "head": {
          "x": 0.0656500831246376,
          "y": -0.14896975457668304,
          "z": 0.6367025375366211
        },
        "tail": {
          "x": 0.07830526679754257,
          "y": -0.14379431307315826,
          "z": 0.7911900281906128
        }
      },
      "world_space": {
        "head": {
          "x": 0.0656500831246376,
          "y": -0.08572575449943542,
          "z": 1.5865565538406372
        },
        "tail": {
          "x": 0.07830526679754257,
          "y": -0.08055031299591064,
          "z": 1.741044044494629
        },
        "rotation_quaternion": {
          "w": 0.7046797275543213,
          "x": 0.6904671788215637,
          "y": 0.14181488752365112,
          "z": 0.08105681836605072
        },
        "matrix": [
          [
            0.9466369152069092,
            0.08159886300563812,
            0.3118017911911011,
            0.0656500831246376
          ],
          [
            0.31007468700408936,
            0.0333704873919487,
            -0.9501265287399292,
            -0.08572575449943542
          ],
          [
            -0.08793454617261887,
            0.996113657951355,
            0.006287053227424622,
            1.5865565538406372
          ],
          [
            0.0,
            0.0,
            0.0,
            1.0
          ]
        ]
      },
      "bone_length_armature_space": 0.155091341137418,
      "parent": "neck_01",
      "has_children": false,
      "is_end_bone": true
    },
    "upperarm_l": {
      "name": "upperarm_l",
      "local": {
        "location": {
          "x": 0.0,
          "y": 0.0,
          "z": 0.0
        },
        "rotation_quaternion": {
          "w": 0.907211184501648,
          "x": -0.008420626632869244,
          "y": 0.42048895359039307,
          "z": -0.009279785677790642
        },
        "scale": {
          "x": 1.0,
          "y": 1.0,
          "z": 1.0
        },
        "matrix_basis": [
          [
            0.6462058424949646,
            0.009755889885127544,
            0.7631008625030518,
            0.0
          ],
          [
            -0.023919012397527695,
            0.9996859431266785,
            0.007474478799849749,
            0.0
          ],
          [
            -0.7627882957458496,
            -0.023082667961716652,
            0.6462362408638,
            0.0
          ],
          [
            0.0,
            0.0,
            0.0,
            1.0
          ]
        ],
        "rotation_mode": "QUATERNION"
      },
      "armature_space": {
        "head": {
          "x": 0.21451067924499512,
          "y": -0.08439721167087555,
          "z": 0.46248659491539
        },
        "tail": {
          "x": 0.4770812392234802,
          "y": -0.045804403722286224,
          "z": 0.42540615797042847
        }
      },
      "world_space": {
        "head": {
          "x": 0.21451067924499512,
          "y": -0.02115321159362793,
          "z": 1.4123406410217285
        },
        "tail": {
          "x": 0.4770812392234802,
          "y": 0.017439596354961395,
          "z": 1.3752601146697998
        },
        "rotation_quaternion": {
          "w": 0.15824082493782043,
          "x": 0.6143047213554382,
          "y": 0.7395744919776917,
          "z": -0.2249869406223297
        },
        "matrix": [
          [
            -0.1951785534620285,
            0.9798526167869568,
            -0.042361706495285034,
            0.21451067924499512
          ],
          [
            0.8374443054199219,
            0.14401943981647491,
            -0.5272054672241211,
            -0.02115321159362793
          ],
          [
            -0.5104854106903076,
            -0.13837562501430511,
            -0.8486878275871277,
            1.4123406410217285
          ],
          [
            0.0,
            0.0,
            0.0,
            1.0
          ]
        ]
      },
      "bone_length_armature_space": 0.2679695187076631,
      "parent": "spine_01",
      "has_children": true,
      "is_end_bone": false
    },
    "lowerarm_l": {
      "name": "lowerarm_l",
      "local": {
        "location": {
          "x": 0.0,
          "y": 0.0,
          "z": 0.0
        },
        "rotation_quaternion": {
          "w": 0.9657920598983765,
          "x": 0.12365072220563889,
          "y": 0.02046978659927845,
          "z": -0.2270180732011795
        },
        "scale": {
          "x": 1.0,
          "y": 1.0,
          "z": 1.0
        },
        "matrix_basis": [
          [
            0.8960875868797302,
            0.4435667097568512,
            -0.016602782532572746,
            0.0
          ],
          [
            -0.43344229459762573,
            0.8663465976715088,
            -0.2481357902288437,
            0.0
          ],
          [
            -0.09568101167678833,
            0.22954775393009186,
            0.9685829877853394,
            0.0
          ],
          [
            0.0,
            0.0,
            0.0,
            1.0
          ]
        ],
        "rotation_mode": "QUATERNION"
      },
      "armature_space": {
        "head": {
          "x": 0.4770813286304474,
          "y": -0.045804522931575775,
          "z": 0.42540618777275085
        },
        "tail": {
          "x": 0.6784330606460571,
          "y": 0.0095469169318676,
          "z": 0.2581835389137268
        }
      },
      "world_space": {
        "head": {
          "x": 0.4770813286304474,
          "y": 0.017439477145671844,
          "z": 1.3752602338790894
        },
        "tail": {
          "x": 0.6784330606460571,
          "y": 0.07279092073440552,
          "z": 1.2080376148223877
        },
        "rotation_quaternion": {
          "w": 0.01196814700961113,
          "x": 0.47818464040756226,
          "y": 0.7767296433448792,
          "z": -0.4097408056259155
        },
        "matrix": [
          [
            -0.5423908829689026,
            0.7526479363441467,
            -0.37327367067337036,
            0.4770813286304474
          ],
          [
            0.7330343127250671,
            0.20690234005451202,
            -0.6479601263999939,
            0.017439477145671844
          ],
          [
            -0.41045674681663513,
            -0.6250742673873901,
            -0.6639440655708313,
            1.3752602338790894
          ],
          [
            0.0,
            0.0,
            0.0,
            1.0
          ]
        ]
      },
      "bone_length_armature_space": 0.26752517125749553,
      "parent": "upperarm_l",
      "has_children": true,
      "is_end_bone": false
    },
    "metacarpal_thumb_l": {
      "name": "metacarpal_thumb_l",
      "local": {
        "location": {
          "x": 0.0,
          "y": 0.0,
          "z": 0.0
        },
        "rotation_quaternion": {
          "w": 0.999783992767334,
          "x": 0.012975749559700489,
          "y": -0.010187731124460697,
          "z": 0.012643564492464066
        },
        "scale": {
          "x": 1.0,
          "y": 1.0,
          "z": 1.0
        },
        "matrix_basis": [
          [
            0.9994726777076721,
            -0.025546053424477577,
            -0.020042940974235535,
            0.0
          ],
          [
            0.025017280131578445,
            0.9993435144424438,
            -0.026203511282801628,
            0.0
          ],
          [
            0.02069918066263199,
            0.025688275694847107,
            0.9994556903839111,
            0.0
          ],
          [
            0.0,
            0.0,
            0.0,
            1.0
          ]
        ],
        "rotation_mode": "QUATERNION"
      },
      "armature_space": {
        "head": {
          "x": 0.6784330606460571,
          "y": 0.0095469169318676,
          "z": 0.2581835389137268
        },
        "tail": {
          "x": 0.6903058290481567,
          "y": 0.005407413933426142,
          "z": 0.210271954536438
        }
      },
      "world_space": {
        "head": {
          "x": 0.6784330606460571,
          "y": 0.07279092073440552,
          "z": 1.2080376148223877
        },
        "tail": {
          "x": 0.6903058290481567,
          "y": 0.06865141540765762,
          "z": 1.160125970840454
        },
        "rotation_quaternion": {
          "w": 0.5887128114700317,
          "x": -0.7087434530258179,
          "y": -0.3341144621372223,
          "z": 0.1986643373966217
        },
        "matrix": [
          [
            0.6977989077568054,
            0.23969030380249023,
            -0.6750001311302185,
            0.6784330606460571
          ],
          [
            0.7075165510177612,
            -0.0835694819688797,
            0.7017383575439453,
            0.07279092073440552
          ],
          [
            0.11179206520318985,
            -0.9672527313232422,
            -0.2279004603624344,
            1.2080376148223877
          ],
          [
            0.0,
            0.0,
            0.0,
            1.0
          ]
        ]
      },
      "bone_length_armature_space": 0.04953400889469471,
      "parent": "lowerarm_l",
      "has_children": true,
      "is_end_bone": false
    },
    "thumb_01_l": {
      "name": "thumb_01_l",
      "local": {
        "location": {
          "x": 0.0,
          "y": 0.0,
          "z": 0.0
        },
        "rotation_quaternion": {
          "w": 0.9999747276306152,
          "x": -0.0023880843073129654,
          "y": -0.0064851357601583,
          "z": 0.0016953878803178668
        },
        "scale": {
          "x": 1.0,
          "y": 1.0,
          "z": 1.0
        },
        "matrix_basis": [
          [
            0.9999101161956787,
            -0.0033597159199416637,
            -0.012978041544556618,
            0.0
          ],
          [
            0.0034216642379760742,
            0.9999828338623047,
            0.004754058085381985,
            0.0
          ],
          [
            0.012961845844984055,
            -0.004798037465661764,
            0.999904453754425,
            0.0
          ],
          [
            0.0,
            0.0,
            0.0,
            1.0
          ]
        ],
        "rotation_mode": "QUATERNION"
      },
      "armature_space": {
        "head": {
          "x": 0.6903058290481567,
          "y": 0.005407413933426142,
          "z": 0.210271954536438
        },
        "tail": {
          "x": 0.6756055355072021,
          "y": 0.01825878582894802,
          "z": 0.18239045143127441
        }
      },
      "world_space": {
        "head": {
          "x": 0.6903058290481567,
          "y": 0.06865141540765762,
          "z": 1.160125970840454
        },
        "tail": {
          "x": 0.6756055355072021,
          "y": 0.08150278776884079,
          "z": 1.1322444677352905
        },
        "rotation_quaternion": {
          "w": 0.711222231388092,
          "x": -0.5569930672645569,
          "y": 0.427713543176651,
          "z": -0.031350087374448776
        },
        "matrix": [
          [
            0.6321582198143005,
            -0.4318719208240509,
            0.6433214545249939,
            0.6903058290481567
          ],
          [
            -0.5210589170455933,
            0.37755313515663147,
            0.7654746770858765,
            0.06865141540765762
          ],
          [
            -0.5734793543815613,
            -0.8191149234771729,
            0.013643529266119003,
            1.160125970840454
          ],
          [
            0.0,
            0.0,
            0.0,
            1.0
          ]
        ]
      },
      "bone_length_armature_space": 0.03403872240107902,
      "parent": "metacarpal_thumb_l",
      "has_children": true,
      "is_end_bone": false
    },
    "thumb_02_l": {
      "name": "thumb_02_l",
      "local": {
        "location": {
          "x": 0.0,
          "y": 0.0,
          "z": 0.0
        },
        "rotation_quaternion": {
          "w": 0.9968705177307129,
          "x": 0.07892090827226639,
          "y": -0.004512169398367405,
          "z": -0.0006384511943906546
        },
        "scale": {
          "x": 1.0,
          "y": 1.0,
          "z": 1.0
        },
        "matrix_basis": [
          [
            0.9999584555625916,
            0.0005606973427347839,
            -0.009096871130168438,
            0.0
          ],
          [
            -0.0019851154647767544,
            0.9875421524047852,
            -0.1573420912027359,
            0.0
          ],
          [
            0.008895322680473328,
            0.15735360980033875,
            0.9875022768974304,
            0.0
          ],
          [
            0.0,
            0.0,
            0.0,
            1.0
          ]
        ],
        "rotation_mode": "QUATERNION"
      },
      "armature_space": {
        "head": {
          "x": 0.6756054759025574,
          "y": 0.01825876161456108,
          "z": 0.1823904812335968
        },
        "tail": {
          "x": 0.7035599946975708,
          "y": 0.0298781581223011,
          "z": 0.1559949815273285
        }
      },
      "world_space": {
        "head": {
          "x": 0.6756054759025574,
          "y": 0.081502765417099,
          "z": 1.1322444677352905
        },
        "tail": {
          "x": 0.7035599946975708,
          "y": 0.09312215447425842,
          "z": 1.105849027633667
        },
        "rotation_quaternion": {
          "w": 0.7132484912872314,
          "x": -0.16453389823436737,
          "y": 0.3686806559562683,
          "z": -0.5729570388793945
        },
        "matrix": [
          [
            0.0715874657034874,
            0.6960023641586304,
            0.7144619822502136,
            0.6756054759025574
          ],
          [
            -0.9386426210403442,
            0.28929588198661804,
            -0.18777140974998474,
            0.081502765417099
          ],
          [
            -0.3373834788799286,
            -0.6571865081787109,
            0.6740120649337769,
            1.1322444677352905
          ],
          [
            0.0,
            0.0,
            0.0,
            1.0
          ]
        ]
      },
      "bone_length_armature_space": 0.04016451075009644,
      "parent": "thumb_01_l",
      "has_children": true,
      "is_end_bone": false
    },
    "thumb_03_l": {
      "name": "thumb_03_l",
      "local": {
        "location": {
          "x": 0.0,
          "y": 0.0,
          "z": 0.0
        },
        "rotation_quaternion": {
          "w": 0.9958306550979614,
          "x": 0.09097494184970856,
          "y": -0.0036626693326979876,
          "z": 0.005614886060357094
        },
        "scale": {
          "x": 1.0,
          "y": 1.0,
          "z": 1.0
        },
        "matrix_basis": [
          [
            0.9999101161956787,
            -0.011849373579025269,
            -0.006273169070482254,
            0.0
          ],
          [
            0.010516528971493244,
            0.9833840727806091,
            -0.18123240768909454,
            0.0
          ],
          [
            0.008316424675285816,
            0.1811501383781433,
            0.9834203124046326,
            0.0
          ],
          [
            0.0,
            0.0,
            0.0,
            1.0
          ]
        ],
        "rotation_mode": "QUATERNION"
      },
      "armature_space": {
        "head": {
          "x": 0.703559935092926,
          "y": 0.029878105968236923,
          "z": 0.1559949368238449
        },
        "tail": {
          "x": 0.7317531704902649,
          "y": 0.038124166429042816,
          "z": 0.14799262583255768
        }
      },
      "world_space": {
        "head": {
          "x": 0.703559935092926,
          "y": 0.09312210977077484,
          "z": 1.1058489084243774
        },
        "tail": {
          "x": 0.7317531704902649,
          "y": 0.10136816650629044,
          "z": 1.0978466272354126
        },
        "rotation_quaternion": {
          "w": 0.6986053586006165,
          "x": 0.135247603058815,
          "y": 0.3838987350463867,
          "z": -0.5884560346603394
        },
        "matrix": [
          [
            0.012681085616350174,
            0.9260410666465759,
            0.37720978260040283,
            0.703559935092926
          ],
          [
            -0.7183541655540466,
            0.27085205912590027,
            -0.6407858729362488,
            0.09312210977077484
          ],
          [
            -0.6955675482749939,
            -0.2628457248210907,
            0.6686643362045288,
            1.1058489084243774
          ],
          [
            0.0,
            0.0,
            0.0,
            1.0
          ]
        ]
      },
      "bone_length_armature_space": 0.03044491736641498,
      "parent": "thumb_02_l",
      "has_children": false,
      "is_end_bone": true
    },
    "metacarpal_index_l": {
      "name": "metacarpal_index_l",
      "local": {
        "location": {
          "x": 0.0,
          "y": 0.0,
          "z": 0.0
        },
        "rotation_quaternion": {
          "w": 0.9992802143096924,
          "x": -0.036281950771808624,
          "y": -0.0038711042143404484,
          "z": -0.010379346087574959
        },
        "scale": {
          "x": 1.0,
          "y": 1.0,
          "z": 1.0
        },
        "matrix_basis": [
          [
            0.9997545480728149,
            0.021024653688073158,
            -0.0069834697060287,
            0.0
          ],
          [
            -0.020462848246097565,
            0.997151792049408,
            0.07259202748537064,
            0.0
          ],
          [
            0.008489801548421383,
            -0.07243131101131439,
            0.997337281703949,
            0.0
          ],
          [
            0.0,
            0.0,
            0.0,
            1.0
          ]
        ],
        "rotation_mode": "QUATERNION"
      },
      "armature_space": {
        "head": {
          "x": 0.6784330606460571,
          "y": 0.0095469169318676,
          "z": 0.2581835389137268
        },
        "tail": {
          "x": 0.7527405023574829,
          "y": 0.01450774073600769,
          "z": 0.1677228808403015
        }
      },
      "world_space": {
        "head": {
          "x": 0.6784330606460571,
          "y": 0.07279092073440552,
          "z": 1.2080376148223877
        },
        "tail": {
          "x": 0.7527405023574829,
          "y": 0.07775174081325531,
          "z": 1.1175768375396729
        },
        "rotation_quaternion": {
          "w": 0.36992284655570984,
          "x": -0.6511737108230591,
          "y": -0.6199398040771484,
          "z": 0.2341039478778839
        },
        "matrix": [
          [
            0.12173587828874588,
            0.6341753005981445,
            -0.7635457515716553,
            0.6784330606460571
          ],
          [
            0.9805784821510315,
            0.0423380583524704,
            0.1915031373500824,
            0.07279092073440552
          ],
          [
            0.15377578139305115,
            -0.7720348238945007,
            -0.6167088150978088,
            1.2080376148223877
          ],
          [
            0.0,
            0.0,
            0.0,
            1.0
          ]
        ]
      },
      "bone_length_armature_space": 0.11717225231064293,
      "parent": "lowerarm_l",
      "has_children": true,
      "is_end_bone": false
    },
    "index_01_l": {
      "name": "index_01_l",
      "local": {
        "location": {
          "x": 0.0,
          "y": 0.0,
          "z": 0.0
        },
        "rotation_quaternion": {
          "w": 0.9958930015563965,
          "x": -0.08966243267059326,
          "y": -0.003369692713022232,
          "z": -0.012098127044737339
        },
        "scale": {
          "x": 1.0,
          "y": 1.0,
          "z": 1.0
        },
        "matrix_basis": [
          [
            0.9996845722198486,
            0.024701150134205818,
            -0.004542212001979351,
            0.0
          ],
          [
            -0.023492610082030296,
            0.9836285710334778,
            0.17866991460323334,
            0.0
          ],
          [
            0.008881201967597008,
            -0.17850685119628906,
            0.9838985800743103,
            0.0
          ],
          [
            0.0,
            0.0,
            0.0,
            1.0
          ]
        ],
        "rotation_mode": "QUATERNION"
      },
      "armature_space": {
        "head": {
          "x": 0.7527405023574829,
          "y": 0.01450774073600769,
          "z": 0.1677228808403015
        },
        "tail": {
          "x": 0.7766550183296204,
          "y": 0.02372055873274803,
          "z": 0.15522117912769318
        }
      },
      "world_space": {
        "head": {
          "x": 0.7527405023574829,
          "y": 0.07775174081325531,
          "z": 1.1175768375396729
        },
        "tail": {
          "x": 0.7766550183296204,
          "y": 0.08696456253528595,
          "z": 1.1050752401351929
        },
        "rotation_quaternion": {
          "w": 0.32028529047966003,
          "x": -0.5800448060035706,
          "y": -0.7476397156715393,
          "z": 0.044723574072122574
        },
        "matrix": [
          [
            -0.12192926555871964,
            0.8386820554733276,
            -0.5307972431182861,
            0.7527405023574829
          ],
          [
            0.8959776759147644,
            0.32309389114379883,
            0.30468735098838806,
            0.07775174081325531
          ],
          [
            0.42703717947006226,
            -0.43843498826026917,
            -0.7908404469490051,
            1.1175768375396729
          ],
          [
            0.0,
            0.0,
            0.0,
            1.0
          ]
        ]
      },
      "bone_length_armature_space": 0.028514428406546832,
      "parent": "metacarpal_index_l",
      "has_children": true,
      "is_end_bone": false
    },
    "index_02_l": {
      "name": "index_02_l",
      "local": {
        "location": {
          "x": 0.0,
          "y": 0.0,
          "z": 0.0
        },
        "rotation_quaternion": {
          "w": 0.9998111724853516,
          "x": 0.019016964361071587,
          "y": 2.0126348317717202e-05,
          "z": 0.004010818433016539
        },
        "scale": {
          "x": 1.0,
          "y": 1.0,
          "z": 1.0
        },
        "matrix_basis": [
          [
            0.9999678134918213,
            -0.008019356988370419,
            0.00019279227126389742,
            0.0
          ],
          [
            0.008020888082683086,
            0.9992445111274719,
            -0.038026586174964905,
            0.0
          ],
          [
            0.00011230208474444225,
            0.03802690654993057,
            0.9992766976356506,
            0.0
          ],
          [
            0.0,
            0.0,
            0.0,
            1.0
          ]
        ],
        "rotation_mode": "QUATERNION"
      },
      "armature_space": {
        "head": {
          "x": 0.7766551375389099,
          "y": 0.02372056618332863,
          "z": 0.1552206575870514
        },
        "tail": {
          "x": 0.7980620265007019,
          "y": 0.032503221184015274,
          "z": 0.14414359629154205
        }
      },
      "world_space": {
        "head": {
          "x": 0.7766551375389099,
          "y": 0.08696456253528595,
          "z": 1.1050746440887451
        },
        "tail": {
          "x": 0.7980620265007019,
          "y": 0.0957472175359726,
          "z": 1.093997597694397
        },
        "rotation_quaternion": {
          "w": 0.29658201336860657,
          "x": -0.5701429843902588,
          "y": -0.7636885046958923,
          "z": 0.06128787621855736
        },
        "matrix": [
          [
            -0.17395088076591492,
            0.8344707489013672,
            -0.5228763818740845,
            0.7766551375389099
          ],
          [
            0.9071769118309021,
            0.34236013889312744,
            0.2445804923772812,
            0.08696456253528595
          ],
          [
            0.38311100006103516,
            -0.43179911375045776,
            -0.8165721893310547,
            1.1050746440887451
          ],
          [
            0.0,
            0.0,
            0.0,
            1.0
          ]
        ]
      },
      "bone_length_armature_space": 0.025653288314181774,
      "parent": "index_01_l",
      "has_children": true,
      "is_end_bone": false
    },
    "index_03_l": {
      "name": "index_03_l",
      "local": {
        "location": {
          "x": 0.0,
          "y": 0.0,
          "z": 0.0
        },
        "rotation_quaternion": {
          "w": 0.9997037649154663,
          "x": 0.022479478269815445,
          "y": -0.008127705194056034,
          "z": -0.004604231100529432
        },
        "scale": {
          "x": 1.0,
          "y": 1.0,
          "z": 1.0
        },
        "matrix_basis": [
          [
            0.9998254776000977,
            0.008840321563184261,
            -0.01645759679377079,
            0.0
          ],
          [
            -0.00957114715129137,
            0.9989469647407532,
            -0.04487079381942749,
            0.0
          ],
          [
            0.016043594107031822,
            0.04502048343420029,
            0.9988572001457214,
            0.0
          ],
          [
            0.0,
            0.0,
            0.0,
            1.0
          ]
        ],
        "rotation_mode": "QUATERNION"
      },
      "armature_space": {
        "head": {
          "x": 0.7980620861053467,
          "y": 0.0325031578540802,
          "z": 0.1441437155008316
        },
        "tail": {
          "x": 0.8195638060569763,
          "y": 0.046024687588214874,
          "z": 0.12970146536827087
        }
      },
      "world_space": {
        "head": {
          "x": 0.7980620861053467,
          "y": 0.09574715793132782,
          "z": 1.0939977169036865
        },
        "tail": {
          "x": 0.8195638060569763,
          "y": 0.1092686876654625,
          "z": 1.0795555114746094
        },
        "rotation_quaternion": {
          "w": 0.3574395775794983,
          "x": -0.5116378664970398,
          "y": -0.776931643486023,
          "z": 0.08271022140979767
        },
        "matrix": [
          [
            -0.22092603147029877,
            0.7358892560005188,
            -0.6400458812713623,
            0.7980620861053467
          ],
          [
            0.8541433215141296,
            0.4627699851989746,
            0.23724080622196198,
            0.09574715793132782
          ],
          [
            0.47078126668930054,
            -0.4942813217639923,
            -0.7307978868484497,
            1.0939977169036865
          ],
          [
            0.0,
            0.0,
            0.0,
            1.0
          ]
        ]
      },
      "bone_length_armature_space": 0.02921873191380961,
      "parent": "index_02_l",
      "has_children": false,
      "is_end_bone": true
    },
    "metacarpal_pinky_l": {
      "name": "metacarpal_pinky_l",
      "local": {
        "location": {
          "x": 0.0,
          "y": 0.0,
          "z": 0.0
        },
        "rotation_quaternion": {
          "w": 0.9985178112983704,
          "x": -0.05288040637969971,
          "y": 0.0011786591494455934,
          "z": 0.012825898826122284
        },
        "scale": {
          "x": 1.0,
          "y": 1.0,
          "z": 1.0
        },
        "matrix_basis": [
          [
            0.9996682405471802,
            -0.025738433003425598,
            0.0009973468258976936,
            0.0
          ],
          [
            0.025489121675491333,
            0.9940783381462097,
            0.10563428699970245,
            0.0
          ],
          [
            -0.003710301825776696,
            -0.10557381808757782,
            0.9944045543670654,
            0.0
          ],
          [
            0.0,
            0.0,
            0.0,
            1.0
          ]
        ],
        "rotation_mode": "QUATERNION"
      },
      "armature_space": {
        "head": {
          "x": 0.6784330606460571,
          "y": 0.0095469169318676,
          "z": 0.2581835389137268
        },
        "tail": {
          "x": 0.7594025731086731,
          "y": 0.06100878119468689,
          "z": 0.21770083904266357
        }
      },
      "world_space": {
        "head": {
          "x": 0.6784330606460571,
          "y": 0.07279092073440552,
          "z": 1.2080376148223877
        },
        "tail": {
          "x": 0.7594025731086731,
          "y": 0.12425278127193451,
          "z": 1.1675548553466797
        },
        "rotation_quaternion": {
          "w": 0.5859385132789612,
          "x": 0.1782257854938507,
          "y": 0.6354365348815918,
          "z": -0.47024694085121155
        },
        "matrix": [
          [
            -0.2498241811990738,
            0.7775753736495972,
            0.5770306587219238,
            0.6784330606460571
          ],
          [
            -0.3245691657066345,
            0.49420425295829773,
            -0.8064844608306885,
            0.07279092073440552
          ],
          [
            -0.912280261516571,
            -0.38876789808273315,
            0.1289127916097641,
            1.2080376148223877
          ],
          [
            0.0,
            0.0,
            0.0,
            1.0
          ]
        ]
      },
      "bone_length_armature_space": 0.1041308532681929,
      "parent": "lowerarm_l",
      "has_children": true,
      "is_end_bone": false
    },
    "pinky_01_l": {
      "name": "pinky_01_l",
      "local": {
        "location": {
          "x": 0.0,
          "y": 0.0,
          "z": 0.0
        },
        "rotation_quaternion": {
          "w": 0.9679332375526428,
          "x": 0.2510681748390198,
          "y": 0.007044553756713867,
          "z": -0.004510514438152313
        },
        "scale": {
          "x": 1.0,
          "y": 1.0,
          "z": 1.0
        },
        "matrix_basis": [
          [
            0.9998600482940674,
            0.012269080616533756,
            0.011372421868145466,
            0.0
          ],
          [
            -0.005194426979869604,
            0.8738888502120972,
            -0.4860980212688446,
            0.0
          ],
          [
            -0.015902208164334297,
            0.4859709143638611,
            0.8738303184509277,
            0.0
          ],
          [
            0.0,
            0.0,
            0.0,
            1.0
          ]
        ],
        "rotation_mode": "QUATERNION"
      },
      "armature_space": {
        "head": {
          "x": 0.7594025731086731,
          "y": 0.06100878119468689,
          "z": 0.21770083904266357
        },
        "tail": {
