{
  "metadata": {
    "armature_name": "KIM_caucasian_male",
    "export_time": "2026-01-13T21:16:28.445652",
    "blender_version": "4.4.1",
    "bone_count": 56,
    "end_bone_count": 13,
    "spaces_included": [
      "LOCAL_CHANNELS",
      "ARMATURE_SPACE",
      "WORLD_SPACE"
    ],
    "note": "LOCAL matches Transform panel; replay pose via local.matrix_basis for best fidelity."
  },
  "bones": {
    "Root": {
      "name": "Root",
      "local": {
        "location": {
          "x": 0.0,
          "y": 0.0,
          "z": 0.0
        },
        "rotation_quaternion": {
          "w": 0.9999739527702332,
          "x": -0.0017528889002278447,
          "y": 0.005520431790500879,
          "z": 0.004325248301029205
        },
        "scale": {
          "x": 1.0,
          "y": 1.0,
          "z": 1.0
        },
        "matrix_basis": [
          [
            0.9999016523361206,
            -0.008669625036418438,
            0.011025412939488888,
            0.0
          ],
          [
            0.008630918338894844,
            0.9999564290046692,
            0.0035534410271793604,
            0.0
          ],
          [
            -0.011055739596486092,
            -0.003457932034507394,
            0.9999328851699829,
            0.0
          ],
          [
            0.0,
            0.0,
            0.0,
            1.0
          ]
        ],
        "rotation_mode": "QUATERNION"
      },
      "armature_space": {
        "head": {
          "x": 0.0,
          "y": 0.07072800397872925,
          "z": -0.009595036506652832
        },
        "tail": {
          "x": -0.0006188020342960954,
          "y": 3.626197576522827e-05,
          "z": 0.00024415552616119385
        }
      },
      "world_space": {
        "head": {
          "x": 0.0,
          "y": 0.13397200405597687,
          "z": 0.9402589797973633
        },
        "tail": {
          "x": -0.0006188020342960954,
          "y": 0.06328026205301285,
          "z": 0.9500981569290161
        },
        "rotation_quaternion": {
          "w": 0.0691148042678833,
          "x": 0.9975841045379639,
          "y": -0.003943522926419973,
          "z": 0.005799273960292339
        },
        "matrix": [
          [
            0.9999016523361206,
            -0.008669625036418438,
            0.011025412939488888,
            0.0
          ],
          [
            -0.007066357880830765,
            -0.9904151558876038,
            -0.1379418671131134,
            0.13397200405597687
          ],
          [
            0.012115717865526676,
            0.13785040378570557,
            -0.9903860092163086,
            0.9402589797973633
          ],
          [
            0.0,
            0.0,
            0.0,
            1.0
          ]
        ]
      },
      "bone_length_armature_space": 0.07137587094300805,
      "parent": null,
      "has_children": true,
      "is_end_bone": false
    },
    "spine_01": {
      "name": "spine_01",
      "local": {
        "location": {
          "x": 0.0,
          "y": 0.0,
          "z": 0.0
        },
        "rotation_quaternion": {
          "w": 0.9971442222595215,
          "x": -0.016477327793836594,
          "y": 0.001158198225311935,
          "z": -0.07369281351566315
        },
        "scale": {
          "x": 1.0,
          "y": 1.0,
          "z": 1.0
        },
        "matrix_basis": [
          [
            0.9891360402107239,
            0.14692655205726624,
            0.004738302435725927,
            0.0
          ],
          [
            -0.14700289070606232,
            0.988595724105835,
            0.03268984332680702,
            0.0
          ],
          [
            0.00011873995390487835,
            -0.033031247556209564,
            0.9994543194770813,
            0.0
          ],
          [
            0.0,
            0.0,
            0.0,
            1.0
          ]
        ],
        "rotation_mode": "QUATERNION"
      },
      "armature_space": {
        "head": {
          "x": -0.0006188020342960954,
          "y": 3.626197576522827e-05,
          "z": 0.00024415552616119385
        },
        "tail": {
          "x": 0.06553167849779129,
          "y": 0.03988562896847725,
          "z": 0.4820995330810547
        }
      },
      "world_space": {
        "head": {
          "x": -0.0006188020342960954,
          "y": 0.06328026205301285,
          "z": 0.9500981569290161
        },
        "tail": {
          "x": 0.06553167849779129,
          "y": 0.10312962532043457,
          "z": 1.4319535493850708
        },
        "rotation_quaternion": {
          "w": 0.7340455055236816,
          "x": 0.6756918430328369,
          "y": 0.04478935897350311,
          "z": -0.05110469087958336
        },
        "matrix": [
          [
            0.9907644391059875,
            0.13555392622947693,
            -0.0033080559223890305,
            -0.0006188020342960954
          ],
          [
            -0.014499679207801819,
            0.08165833353996277,
            -0.996554970741272,
            0.06328026205301285
          ],
          [
            -0.13481777906417847,
            0.9874061346054077,
            0.08286932110786438,
            0.9500981569290161
          ],
          [
            0.0,
            0.0,
            0.0,
            1.0
          ]
        ]
      },
      "bone_length_armature_space": 0.48800458651821216,
      "parent": "Root",
      "has_children": true,
      "is_end_bone": false
    },
    "neck_01": {
      "name": "neck_01",
      "local": {
        "location": {
          "x": 0.0,
          "y": 0.0,
          "z": 0.0
        },
        "rotation_quaternion": {
          "w": 0.9974740743637085,
          "x": 0.00048390019219368696,
          "y": 0.0687984749674797,
          "z": 0.017664246261119843
        },
        "scale": {
          "x": 1.0,
          "y": 1.0,
          "z": 1.0
        },
        "matrix_basis": [
          [
            0.9899094700813293,
            -0.03517267107963562,
            0.13726648688316345,
            0.0
          ],
          [
            0.03530583903193474,
            0.9993754625320435,
            0.0014651906676590443,
            0.0
          ],
          [
            -0.13723228871822357,
            0.0033959022257477045,
            0.9905330538749695,
            0.0
          ],
          [
            0.0,
            0.0,
            0.0,
            1.0
          ]
        ],
        "rotation_mode": "QUATERNION"
      },
      "armature_space": {
        "head": {
          "x": 0.07534200698137283,
          "y": 0.011303558945655823,
          "z": 0.5572698712348938
        },
        "tail": {
          "x": 0.08446858078241348,
          "y": -0.020020198076963425,
          "z": 0.6544618606567383
        }
      },
      "world_space": {
        "head": {
          "x": 0.07534200698137283,
          "y": 0.07454755902290344,
          "z": 1.5071239471435547
        },
        "tail": {
          "x": 0.08446858078241348,
          "y": 0.043223802000284195,
          "z": 1.6043158769607544
        },
        "rotation_quaternion": {
          "w": 0.5862278342247009,
          "x": 0.8079146146774292,
          "y": 0.05974737927317619,
          "z": 0.00641425047069788
        },
        "matrix": [
          [
            0.9927781820297241,
            0.089021235704422,
            0.08041591942310333,
            0.07534200698137283
          ],
          [
            0.10406241565942764,
            -0.3055340349674225,
            -0.9464777708053589,
            0.07454755902290344
          ],
          [
            -0.059687163680791855,
            0.9480170011520386,
            -0.31259438395500183,
            1.5071239471435547
          ],
          [
            0.0,
            0.0,
            0.0,
            1.0
          ]
        ]
      },
      "bone_length_armature_space": 0.10252197327578742,
      "parent": "spine_01",
      "has_children": true,
      "is_end_bone": false
    },
    "head": {
      "name": "head",
      "local": {
        "location": {
          "x": 0.0,
          "y": 0.0,
          "z": 0.0
        },
        "rotation_quaternion": {
          "w": 0.9846621155738831,
          "x": 0.020484846085309982,
          "y": -0.000621909333858639,
          "z": -0.1732647866010666
        },
        "scale": {
          "x": 1.0,
          "y": 1.0,
          "z": 1.0
        },
        "matrix_basis": [
          [
            0.939957857131958,
            0.34118905663490295,
            -0.008323346264660358,
            0.0
          ],
          [
            -0.3412400186061859,
            0.9391193985939026,
            -0.04012579470872879,
            0.0
          ],
          [
            -0.00587386405095458,
            0.04055681452155113,
            0.9991599917411804,
            0.0
          ],
          [
            0.0,
            0.0,
            0.0,
            1.0
          ]
        ],
        "rotation_mode": "QUATERNION"
      },
      "armature_space": {
        "head": {
          "x": 0.08446858823299408,
          "y": -0.020020322874188423,
          "z": 0.6544617414474487
        },
        "tail": {
          "x": 0.14543911814689636,
          "y": -0.012584341689944267,
          "z": 0.7968716025352478
        }
      },
      "world_space": {
        "head": {
          "x": 0.08446858823299408,
          "y": 0.043223679065704346,
          "z": 1.6043157577514648
        },
        "tail": {
          "x": 0.14543911814689636,
          "y": 0.0506596565246582,
          "z": 1.7467255592346191
        },
        "rotation_quaternion": {
          "w": 0.7025878429412842,
          "x": 0.6809697151184082,
          "y": 0.17419180274009705,
          "z": -0.11094050109386444
        },
        "matrix": [
          [
            0.9146991968154907,
            0.39312946796417236,
            0.093673937022686,
            0.08446858823299408
          ],
          [
            0.08134519308805466,
            0.04794616252183914,
            -0.9955321550369263,
            0.043223679065704346
          ],
          [
            -0.3958670198917389,
            0.9182388186454773,
            0.011876266449689865,
            1.6043157577514648
          ],
          [
            0.0,
            0.0,
            0.0,
            1.0
          ]
        ]
      },
      "bone_length_armature_space": 0.15509115781492902,
      "parent": "neck_01",
      "has_children": false,
      "is_end_bone": true
    },
    "upperarm_l": {
      "name": "upperarm_l",
      "local": {
        "location": {
          "x": 0.0,
          "y": 0.0,
          "z": 0.0
        },
        "rotation_quaternion": {
          "w": 0.9015398621559143,
          "x": 0.42254838347435,
          "y": 0.01508768368512392,
          "z": -0.09193024784326553
        },
        "scale": {
          "x": 1.0,
          "y": 1.0,
          "z": 1.0
        },
        "matrix_basis": [
          [
            0.982642412185669,
            0.17850811779499054,
            -0.05048565939068794,
            0.0
          ],
          [
            -0.15300701558589935,
            0.6260033845901489,
            -0.7646624445915222,
            0.0
          ],
          [
            -0.1048942506313324,
            0.7591143846511841,
            0.6424504518508911,
            0.0
          ],
          [
            0.0,
            0.0,
            0.0,
            1.0
          ]
        ],
        "rotation_mode": "QUATERNION"
      },
      "armature_space": {
        "head": {
          "x": 0.21483585238456726,
          "y": 0.0004623979330062866,
          "z": 0.4709501266479492
        },
        "tail": {
          "x": 0.3792552053928375,
          "y": -0.20150187611579895,
          "z": 0.40782785415649414
        }
      },
      "world_space": {
        "head": {
          "x": 0.21483585238456726,
          "y": 0.0637063980102539,
          "z": 1.4208041429519653
        },
        "tail": {
          "x": 0.3792552053928375,
          "y": -0.13825787603855133,
          "z": 1.3576818704605103
        },
        "rotation_quaternion": {
          "w": 0.18879644572734833,
          "x": 0.556360125541687,
          "y": 0.29582834243774414,
          "z": -0.7531964778900146
        },
        "matrix": [
          [
            -0.3096390962600708,
            0.6135750412940979,
            -0.726394772529602,
            0.21483585238456726
          ],
          [
            0.044771403074264526,
            -0.7536839842796326,
            -0.6557105183601379,
            0.0637063980102539
          ],
          [
            -0.949806272983551,
            -0.2355576753616333,
            0.20590025186538696,
            1.4208041429519653
          ],
          [
            0.0,
            0.0,
            0.0,
            1.0
          ]
        ]
      },
      "bone_length_armature_space": 0.2679696108078546,
      "parent": "spine_01",
      "has_children": true,
      "is_end_bone": false
    },
    "lowerarm_l": {
      "name": "lowerarm_l",
      "local": {
        "location": {
          "x": 0.0,
          "y": 0.0,
          "z": 0.0
        },
        "rotation_quaternion": {
          "w": 0.9040217399597168,
          "x": 0.294336199760437,
          "y": 0.08848989009857178,
          "z": -0.297120600938797
        },
        "scale": {
          "x": 1.0,
          "y": 1.0,
          "z": 1.0
        },
        "matrix_basis": [
          [
            0.8077777624130249,
            0.5892985463142395,
            -0.014913128688931465,
            0.0
          ],
          [
            -0.4851154088973999,
            0.6501711010932922,
            -0.5847569704055786,
            0.0
          ],
          [
            -0.33490025997161865,
            0.4795882999897003,
            0.8110714554786682,
            0.0
          ],
          [
            0.0,
            0.0,
            0.0,
            1.0
          ]
        ],
        "rotation_mode": "QUATERNION"
      },
      "armature_space": {
        "head": {
          "x": 0.3792552649974823,
          "y": -0.2015019655227661,
          "z": 0.4078279733657837
        },
        "tail": {
          "x": 0.3187655806541443,
          "y": -0.4308803677558899,
          "z": 0.28415021300315857
        }
      },
      "world_space": {
        "head": {
          "x": 0.3792552649974823,
          "y": -0.1382579654455185,
          "z": 1.3576819896697998
        },
        "tail": {
          "x": 0.3187655806541443,
          "y": -0.36763638257980347,
          "z": 1.234004259109497
        },
        "rotation_quaternion": {
          "w": 0.2308727502822876,
          "x": -0.535832405090332,
          "y": -0.13413549959659576,
          "z": 0.800992488861084
        },
        "matrix": [
          [
            -0.31916266679763794,
            -0.22610893845558167,
            -0.9203314185142517,
            0.3792552649974823
          ],
          [
            0.5136032104492188,
            -0.8574109077453613,
            0.03253734111785889,
            -0.1382579654455185
          ],
          [
            -0.796464204788208,
            -0.4623044729232788,
            0.38978657126426697,
            1.3576819896697998
          ],
          [
            0.0,
            0.0,
            0.0,
            1.0
          ]
        ]
      },
      "bone_length_armature_space": 0.267525028090963,
      "parent": "upperarm_l",
      "has_children": true,
      "is_end_bone": false
    },
    "metacarpal_thumb_l": {
      "name": "metacarpal_thumb_l",
      "local": {
        "location": {
          "x": 0.0,
          "y": 0.0,
          "z": 0.0
        },
        "rotation_quaternion": {
          "w": 0.9995885491371155,
          "x": -0.017633089795708656,
          "y": 0.019527051597833633,
          "z": -0.011424269527196884
        },
        "scale": {
          "x": 1.0,
          "y": 1.0,
          "z": 1.0
        },
        "matrix_basis": [
          [
            0.9989763498306274,
            0.022150494158267975,
            0.03944092616438866,
            0.0
          ],
          [
            -0.023527782410383224,
            0.9991171360015869,
            0.034805506467819214,
            0.0
          ],
          [
            -0.038635145872831345,
            -0.03569783270359039,
            0.998615562915802,
            0.0
          ],
          [
            0.0,
            0.0,
            0.0,
            1.0
          ]
        ],
        "rotation_mode": "QUATERNION"
      },
      "armature_space": {
        "head": {
          "x": 0.3187655806541443,
          "y": -0.4308803677558899,
          "z": 0.28415021300315857
        },
        "tail": {
          "x": 0.28132352232933044,
          "y": -0.46044889092445374,
          "z": 0.2708317041397095
        }
      },
      "world_space": {
        "head": {
          "x": 0.3187655806541443,
          "y": -0.36763638257980347,
          "z": 1.234004259109497
        },
        "tail": {
          "x": 0.28132352232933044,
          "y": -0.3972048759460449,
          "z": 1.2206857204437256
        },
        "rotation_quaternion": {
          "w": 0.25929513573646545,
          "x": -0.8602302670478821,
          "y": 0.3664652109146118,
          "z": 0.24181269109249115
        },
        "matrix": [
          [
            0.6144596338272095,
            -0.755890965461731,
            -0.2259824424982071,
            0.3187655806541443
          ],
          [
            -0.5050884485244751,
            -0.5969380736351013,
            0.6233385801315308,
            -0.36763638257980347
          ],
          [
            -0.6060782074928284,
            -0.2688775956630707,
            -0.7485907673835754,
            1.234004259109497
          ],
          [
            0.0,
            0.0,
            0.0,
            1.0
          ]
        ]
      },
      "bone_length_armature_space": 0.04953370591865247,
      "parent": "lowerarm_l",
      "has_children": true,
      "is_end_bone": false
    },
    "thumb_01_l": {
      "name": "thumb_01_l",
      "local": {
        "location": {
          "x": 0.0,
          "y": 0.0,
          "z": 0.0
        },
        "rotation_quaternion": {
          "w": 0.999407947063446,
          "x": 0.03315240889787674,
          "y": 0.008580552414059639,
          "z": -0.0033257165923714638
        },
        "scale": {
          "x": 1.0,
          "y": 1.0,
          "z": 1.0
        },
        "matrix_basis": [
          [
            0.9998306035995483,
            0.007216427009552717,
            0.016930432990193367,
            0.0
          ],
          [
            -0.006078563164919615,
            0.9977797269821167,
            -0.06632263213396072,
            0.0
          ],
          [
            -0.01737145520746708,
            0.06620848923921585,
            0.9976545572280884,
            0.0
          ],
          [
            0.0,
            0.0,
            0.0,
            1.0
          ]
        ],
        "rotation_mode": "QUATERNION"
      },
      "armature_space": {
        "head": {
          "x": 0.28132352232933044,
          "y": -0.46044889092445374,
          "z": 0.2708317041397095
        },
        "tail": {
          "x": 0.25724557042121887,
          "y": -0.4573914408683777,
          "z": 0.24696673452854156
        }
      },
      "world_space": {
        "head": {
          "x": 0.28132352232933044,
          "y": -0.3972048759460449,
          "z": 1.2206857204437256
        },
        "tail": {
          "x": 0.25724557042121887,
          "y": -0.39414745569229126,
          "z": 1.1968207359313965
        },
        "rotation_quaternion": {
          "w": 0.08592107892036438,
          "x": -0.5311501026153564,
          "y": 0.7331644892692566,
          "z": -0.4158931076526642
        },
        "matrix": [
          [
            -0.4209916889667511,
            -0.7073726654052734,
            0.5677938461303711,
            0.28132352232933044
          ],
          [
            -0.8503103852272034,
            0.08982335031032562,
            -0.5185598134994507,
            -0.3972048759460449
          ],
          [
            0.3158152401447296,
            -0.7011152505874634,
            -0.6393061876296997,
            1.2206857204437256
          ],
          [
            0.0,
            0.0,
            0.0,
            1.0
          ]
        ]
      },
      "bone_length_armature_space": 0.034038691780617275,
      "parent": "metacarpal_thumb_l",
      "has_children": true,
      "is_end_bone": false
    },
    "thumb_02_l": {
      "name": "thumb_02_l",
      "local": {
        "location": {
          "x": 0.0,
          "y": 0.0,
          "z": 0.0
        },
        "rotation_quaternion": {
          "w": 0.9937900900840759,
          "x": 0.11097436398267746,
          "y": 0.006767109036445618,
          "z": -0.004503426607698202
        },
        "scale": {
          "x": 1.0,
          "y": 1.0,
          "z": 1.0
        },
        "matrix_basis": [
          [
            0.999867856502533,
            0.010452873073518276,
            0.012450641952455044,
            0.0
          ],
          [
            -0.007448970340192318,
            0.975328803062439,
            -0.22063139081001282,
            0.0
          ],
          [
            -0.014449701644480228,
            0.22050949931144714,
            0.9752777814865112,
            0.0
          ],
          [
            0.0,
            0.0,
            0.0,
            1.0
          ]
        ],
        "rotation_mode": "QUATERNION"
      },
      "armature_space": {
        "head": {
          "x": 0.25724557042121887,
          "y": -0.4573913812637329,
          "z": 0.24696676433086395
        },
        "tail": {
          "x": 0.2529345154762268,
          "y": -0.49369028210639954,
          "z": 0.23032374680042267
        }
      },
      "world_space": {
        "head": {
          "x": 0.25724557042121887,
          "y": -0.3941473960876465,
          "z": 1.1968207359313965
        },
        "tail": {
          "x": 0.2529345154762268,
          "y": -0.4304462671279907,
          "z": 1.1801778078079224
        },
        "rotation_quaternion": {
          "w": 0.04378008097410202,
          "x": -0.4282230734825134,
          "y": 0.21495293080806732,
          "z": -0.8766433596611023
        },
        "matrix": [
          [
            -0.6294170618057251,
            -0.1073354035615921,
            0.7696189284324646,
            0.25724557042121887
          ],
          [
            -0.2608543038368225,
            -0.9037577509880066,
            -0.3393775224685669,
            -0.3941473960876465
          ],
          [
            0.7319812178611755,
            -0.41437220573425293,
            0.5408450365066528,
            1.1968207359313965
          ],
          [
            0.0,
            0.0,
            0.0,
            1.0
          ]
        ]
      },
      "bone_length_armature_space": 0.04016447902550782,
      "parent": "thumb_01_l",
      "has_children": true,
      "is_end_bone": false
    },
    "thumb_03_l": {
      "name": "thumb_03_l",
      "local": {
        "location": {
          "x": 0.0,
          "y": 0.0,
          "z": 0.0
        },
        "rotation_quaternion": {
          "w": 0.9985883235931396,
          "x": 0.05219968780875206,
          "y": -0.006460027769207954,
          "z": 0.007415038533508778
        },
        "scale": {
          "x": 1.0,
          "y": 1.0,
          "z": 1.0
        },
        "matrix_basis": [
          [
            0.9998065829277039,
            -0.01548356469720602,
            -0.012127690948545933,
            0.0
          ],
          [
            0.014134719036519527,
            0.9944404363632202,
            -0.10434780269861221,
            0.0
          ],
          [
            0.013675942085683346,
            0.10415619611740112,
            0.9944669008255005,
            0.0
          ],
          [
            0.0,
            0.0,
            0.0,
            1.0
          ]
        ],
        "rotation_mode": "QUATERNION"
      },
      "armature_space": {
        "head": {
          "x": 0.25293442606925964,
          "y": -0.49369022250175476,
          "z": 0.23032377660274506
        },
        "tail": {
          "x": 0.26112720370292664,
          "y": -0.521744430065155,
          "z": 0.22179549932479858
        }
      },
      "world_space": {
        "head": {
          "x": 0.25293442606925964,
          "y": -0.43044620752334595,
          "z": 1.1801778078079224
        },
        "tail": {
          "x": 0.26112720370292664,
          "y": -0.4585004448890686,
          "z": 1.17164945602417
        },
        "rotation_quaternion": {
          "w": 0.16597962379455566,
          "x": -0.22120776772499084,
          "y": 0.10822664946317673,
          "z": -0.9548847675323486
        },
        "matrix": [
          [
            -0.8470356464385986,
            0.26910215616226196,
            0.4583826959133148,
            0.25293442606925964
          ],
          [
            -0.3648640811443329,
            -0.9214757084846497,
            -0.13325494527816772,
            -0.43044620752334595
          ],
          [
            0.3865317702293396,
            -0.28012192249298096,
            0.8787144422531128,
            1.1801778078079224
          ],
          [
            0.0,
            0.0,
            0.0,
            1.0
          ]
        ]
      },
      "bone_length_armature_space": 0.030444896216005383,
      "parent": "thumb_02_l",
      "has_children": false,
      "is_end_bone": true
    },
    "metacarpal_index_l": {
      "name": "metacarpal_index_l",
      "local": {
        "location": {
          "x": 0.0,
          "y": 0.0,
          "z": 0.0
        },
        "rotation_quaternion": {
          "w": 0.9987227916717529,
          "x": -0.04976446181535721,
          "y": 0.008690360933542252,
          "z": 0.000977788702584803
        },
        "scale": {
          "x": 1.0,
          "y": 1.0,
          "z": 1.0
        },
        "matrix_basis": [
          [
            0.9998470544815063,
            -0.002818021923303604,
            0.0172612052410841,
            0.0
          ],
          [
            0.0010881375055760145,
            0.9950450658798218,
            0.09941879659891129,
            0.0
          ],
          [
            -0.01745584048330784,
            -0.09938480705022812,
            0.9948959350585938,
            0.0
          ],
          [
            0.0,
            0.0,
            0.0,
            1.0
          ]
        ],
        "rotation_mode": "QUATERNION"
      },
      "armature_space": {
        "head": {
          "x": 0.3187655806541443,
          "y": -0.4308803677558899,
          "z": 0.28415021300315857
        },
        "tail": {
          "x": 0.26718536019325256,
          "y": -0.5290173292160034,
          "z": 0.24623100459575653
        }
      },
      "world_space": {
        "head": {
          "x": 0.3187655806541443,
          "y": -0.36763638257980347,
          "z": 1.234004259109497
        },
        "tail": {
          "x": 0.26718536019325256,
          "y": -0.465773344039917,
          "z": 1.196084976196289
        },
        "rotation_quaternion": {
          "w": 0.26248785853385925,
          "x": -0.8237491250038147,
          "y": 0.11102497577667236,
          "z": 0.490113228559494
        },
        "matrix": [
          [
            0.4949255883693695,
            -0.44021037220954895,
            -0.7491752505302429,
            0.3187655806541443
          ],
          [
            0.07438314706087112,
            -0.837548017501831,
            0.5412769913673401,
            -0.36763638257980347
          ],
          [
            -0.8657519817352295,
            -0.32362082600593567,
            -0.3817818760871887,
            1.234004259109497
          ],
          [
            0.0,
            0.0,
            0.0,
            1.0
          ]
        ]
      },
      "bone_length_armature_space": 0.11717187856823491,
      "parent": "lowerarm_l",
      "has_children": true,
      "is_end_bone": false
    },
    "index_01_l": {
      "name": "index_01_l",
      "local": {
        "location": {
          "x": 0.0,
          "y": 0.0,
          "z": 0.0
        },
        "rotation_quaternion": {
          "w": 0.9993131756782532,
          "x": -0.03517303988337517,
          "y": -0.010071134194731712,
          "z": -0.005885470658540726
        },
        "scale": {
          "x": 1.0,
          "y": 1.0,
          "z": 1.0
        },
        "matrix_basis": [
          [
            0.9997278451919556,
            0.01247132197022438,
            -0.019714415073394775,
            0.0
          ],
          [
            -0.011054391972720623,
            0.997456431388855,
            0.07041630893945694,
            0.0
          ],
          [
            0.020542453974485397,
            -0.07017921656370163,
            0.9973228573799133,
            0.0
          ],
          [
            0.0,
            0.0,
            0.0,
            1.0
          ]
        ],
        "rotation_mode": "QUATERNION"
      },
      "armature_space": {
        "head": {
          "x": 0.26718536019325256,
          "y": -0.5290173292160034,
          "z": 0.24623100459575653
        },
        "tail": {
          "x": 0.26498621702194214,
          "y": -0.553232729434967,
          "z": 0.23133635520935059
        }
      },
      "world_space": {
        "head": {
          "x": 0.26718536019325256,
          "y": -0.465773344039917,
          "z": 1.196084976196289
        },
        "tail": {
          "x": 0.26498621702194214,
          "y": -0.4899887442588806,
          "z": 1.1811903715133667
        },
        "rotation_quaternion": {
          "w": 0.2606170177459717,
          "x": -0.8587655425071716,
          "y": -0.08637892454862595,
          "z": 0.43259602785110474
        },
        "matrix": [
          [
            0.6107993125915527,
            -0.07712388038635254,
            -0.7880203723907471,
            0.26718536019325256
          ],
          [
            0.3738420009613037,
            -0.8492358326911926,
            0.37288206815719604,
            -0.465773344039917
          ],
          [
            -0.6979778409004211,
            -0.5223556756973267,
            -0.48988354206085205,
            1.196084976196289
          ],
          [
            0.0,
            0.0,
            0.0,
            1.0
          ]
        ]
      },
      "bone_length_armature_space": 0.028514424770408626,
      "parent": "metacarpal_index_l",
      "has_children": true,
      "is_end_bone": false
    },
    "index_02_l": {
      "name": "index_02_l",
      "local": {
        "location": {
          "x": 0.0,
          "y": 0.0,
          "z": 0.0
        },
        "rotation_quaternion": {
          "w": 0.9877511262893677,
          "x": 0.1555289328098297,
          "y": -0.006912750191986561,
          "z": -0.010523474775254726
        },
        "scale": {
          "x": 1.0,
          "y": 1.0,
          "z": 1.0
        },
        "matrix_basis": [
          [
            0.9996829628944397,
            0.018638882786035538,
            -0.016929563134908676,
            0.0
          ],
          [
            -0.022939413785934448,
            0.9514000415802002,
            -0.3071022629737854,
            0.0
          ],
          [
            0.010382743552327156,
            0.30739325284957886,
            0.9515259265899658,
            0.0
          ],
          [
            0.0,
            0.0,
            0.0,
            1.0
          ]
        ],
        "rotation_mode": "QUATERNION"
      },
      "armature_space": {
        "head": {
          "x": 0.2649857997894287,
          "y": -0.5532330274581909,
          "z": 0.23133617639541626
        },
        "tail": {
          "x": 0.2579698860645294,
          "y": -0.5712701082229614,
          "z": 0.2144976556301117
        }
      },
      "world_space": {
        "head": {
          "x": 0.2649857997894287,
          "y": -0.4899890422821045,
          "z": 1.1811902523040771
        },
        "tail": {
          "x": 0.2579698860645294,
          "y": -0.508026123046875,
          "z": 1.1643517017364502
        },
        "rotation_quaternion": {
          "w": 0.381502240896225,
          "x": -0.7938267588615417,
          "y": -0.05386614054441452,
          "z": 0.4705248475074768
        },
        "matrix": [
          [
            0.5514107942581177,
            -0.27349019050598145,
            -0.7881302833557129,
            0.2649857997894287
          ],
          [
            0.4445323944091797,
            -0.7031104564666748,
            0.5550016760826111,
            -0.4899890422821045
          ],
          [
            -0.7059347033500671,
            -0.6563886404037476,
            -0.2661287784576416,
            1.1811902523040771
          ],
          [
            0.0,
            0.0,
            0.0,
            1.0
          ]
        ]
      },
      "bone_length_armature_space": 0.025653364609651723,
      "parent": "index_01_l",
      "has_children": true,
      "is_end_bone": false
    },
    "index_03_l": {
      "name": "index_03_l",
      "local": {
        "location": {
          "x": 0.0,
          "y": 0.0,
          "z": 0.0
        },
        "rotation_quaternion": {
          "w": 0.9702923893928528,
          "x": 0.24187329411506653,
          "y": 0.0004073253949172795,
          "z": 0.005461078602820635
        },
        "scale": {
          "x": 1.0,
          "y": 1.0,
          "z": 1.0
        },
        "matrix_basis": [
          [
            0.999940037727356,
            -0.010400643572211266,
            0.0034322275314480066,
            0.0
          ],
          [
            0.010794728063046932,
            0.8829349875450134,
            -0.46937116980552673,
            0.0
          ],
          [
            0.0018513286486268044,
            0.46938008069992065,
            0.8829942941665649,
            0.0
          ],
          [
            0.0,
            0.0,
            0.0,
            1.0
          ]
        ],
        "rotation_mode": "QUATERNION"
      },
      "armature_space": {
        "head": {
          "x": 0.25797000527381897,
          "y": -0.5712701678276062,
          "z": 0.21449773013591766
        },
        "tail": {
          "x": 0.24040471017360687,
          "y": -0.5782228708267212,
          "z": 0.19220739603042603
        }
      },
      "world_space": {
        "head": {
          "x": 0.25797000527381897,
          "y": -0.5080261826515198,
          "z": 1.1643517017364502
        },
        "tail": {
          "x": 0.24040471017360687,
          "y": -0.5149788856506348,
          "z": 1.142061471939087
        },
        "rotation_quaternion": {
          "w": 0.6147385239601135,
          "x": -0.659469485282898,
          "y": 0.05585494637489319,
          "z": 0.42904171347618103
        },
        "matrix": [
          [
            0.6256044507026672,
            -0.6011665463447571,
            -0.49721020460128784,
            0.25797000527381897
          ],
          [
            0.4538309574127197,
            -0.23795446753501892,
            0.8587288856506348,
            -0.5080261826515198
          ],
          [
            -0.6345564723014832,
            -0.7628795504570007,
            0.12396429479122162,
            1.1643517017364502
          ],
          [
            0.0,
            0.0,
            0.0,
            1.0
          ]
        ]
      },
      "bone_length_armature_space": 0.02921880736582844,
      "parent": "index_02_l",
      "has_children": false,
      "is_end_bone": true
    },
    "metacarpal_pinky_l": {
      "name": "metacarpal_pinky_l",
      "local": {
        "location": {
          "x": 0.0,
          "y": 0.0,
          "z": 0.0
        },
        "rotation_quaternion": {
          "w": 0.9990936517715454,
          "x": -0.03930838033556938,
          "y": 0.015466036275029182,
          "z": -0.005257250741124153
        },
        "scale": {
          "x": 1.0,
          "y": 1.0,
          "z": 1.0
        },
        "matrix_basis": [
          [
            0.9994663000106812,
            0.009289082139730453,
            0.031317345798015594,
            0.0
          ],
          [
            -0.011720861308276653,
            0.9968544244766235,
            0.07838288694620132,
            0.0
          ],
          [
            -0.030490729957818985,
            -0.07870812714099884,
            0.996431291103363,
            0.0
          ],
          [
            0.0,
            0.0,
            0.0,
            1.0
          ]
        ],
        "rotation_mode": "QUATERNION"
      },
      "armature_space": {
        "head": {
          "x": 0.3187655806541443,
          "y": -0.4308803677558899,
          "z": 0.28415021300315857
        },
        "tail": {
          "x": 0.3238327205181122,
          "y": -0.5119040012359619,
          "z": 0.21893687546253204
        }
      },
      "world_space": {
        "head": {
          "x": 0.3187655806541443,
          "y": -0.36763638257980347,
          "z": 1.234004259109497
        },
        "tail": {
          "x": 0.3238327205181122,
          "y": -0.4486600160598755,
          "z": 1.1687909364700317
        },
        "rotation_quaternion": {
          "w": 0.0275215245783329,
          "x": -0.004876772873103619,
          "y": 0.33195653557777405,
          "z": -0.9428805112838745
        },
        "matrix": [
          [
            -0.9984375238418579,
            0.048661209642887115,
            0.02746839076280594,
            0.3187655806541443
          ],
          [
            -0.05513698607683182,
            -0.7780953645706177,
            -0.6257219910621643,
            -0.36763638257980347
          ],
          [
            -0.009075423702597618,
            -0.6262639164924622,
            0.7795674204826355,
            1.234004259109497
          ],
          [
            0.0,
            0.0,
            0.0,
            1.0
          ]
        ]
      },
      "bone_length_armature_space": 0.10413109159672615,
      "parent": "lowerarm_l",
      "has_children": true,
      "is_end_bone": false
    },
    "pinky_01_l": {
      "name": "pinky_01_l",
      "local": {
        "location": {
          "x": 0.0,
          "y": 0.0,
          "z": 0.0
        },
        "rotation_quaternion": {
          "w": 0.9964072108268738,
          "x": 0.0835336297750473,
          "y": -0.012126232497394085,
          "z": -0.006913339253515005
        },
        "scale": {
          "x": 1.0,
          "y": 1.0,
          "z": 1.0
        },
        "matrix_basis": [
          [
            0.9996103048324585,
            0.011751106008887291,
            -0.025320323184132576,
            0.0
          ],
          [
            -0.0158028993755579,
            0.9859486818313599,
            -0.16629935801029205,
            0.0
          ],
          [
            0.023010337725281715,
            0.1666346937417984,
            0.9857501983642578,
            0.0
          ],
          [
            0.0,
            0.0,
            0.0,
            1.0
          ]
        ],
        "rotation_mode": "QUATERNION"
      },
      "armature_space": {
        "head": {
          "x": 0.3238327205181122,
          "y": -0.5119040012359619,
          "z": 0.21893687546253204
        },
