{
  "metadata": {
    "armature_name": "KIM_caucasian_male",
    "export_time": "2026-01-13T21:08:23.648078",
    "blender_version": "4.4.1",
    "bone_count": 56,
    "end_bone_count": 13,
    "spaces_included": [
      "LOCAL_CHANNELS",
      "ARMATURE_SPACE",
      "WORLD_SPACE"
    ],
    "note": "LOCAL matches Transform panel; replay pose via local.matrix_basis for best fidelity."
  },
  "bones": {
    "Root": {
      "name": "Root",
      "local": {
        "location": {
          "x": 0.0,
          "y": 0.0,
          "z": 0.0
        },
        "rotation_quaternion": {
          "w": 0.9996445178985596,
          "x": -0.014178571291267872,
          "y": -0.00012056764535373077,
          "z": -0.022579915821552277
        },
        "scale": {
          "x": 1.0,
          "y": 1.0,
          "z": 1.0
        },
        "matrix_basis": [
          [
            0.9989802837371826,
            0.04514719545841217,
            0.0003992523124907166,
            0.0
          ],
          [
            -0.04514035955071449,
            0.9985782504081726,
            0.028352506458759308,
            0.0
          ],
          [
            0.0008813514723442495,
            -0.028341617435216904,
            0.9995979070663452,
            0.0
          ],
          [
            0.0,
            0.0,
            0.0,
            1.0
          ]
        ],
        "rotation_mode": "QUATERNION"
      },
      "armature_space": {
        "head": {
          "x": 0.0,
          "y": 0.07072800397872925,
          "z": -0.009595036506652832
        },
        "tail": {
          "x": 0.00322242034599185,
          "y": 0.0003724917769432068,
          "z": 0.001990918070077896
        }
      },
      "world_space": {
        "head": {
          "x": 0.0,
          "y": 0.13397200405597687,
          "z": 0.9402589797973633
        },
        "tail": {
          "x": 0.00322242034599185,
          "y": 0.06361649185419083,
          "z": 0.9518449306488037
        },
        "rotation_quaternion": {
          "w": 0.08149008452892303,
          "x": 0.9964184165000916,
          "y": 0.022520501166582108,
          "z": -0.0016414577839896083
        },
        "matrix": [
          [
            0.9989802837371826,
            0.04514719545841217,
            0.0003992523124907166,
            0.0
          ],
          [
            0.04461215063929558,
            -0.9857044219970703,
            -0.16247080266475677,
            0.13397200405597687
          ],
          [
            -0.00694156251847744,
            0.16232313215732574,
            -0.9867203235626221,
            0.9402589797973633
          ],
          [
            0.0,
            0.0,
            0.0,
            1.0
          ]
        ]
      },
      "bone_length_armature_space": 0.0713758806044788,
      "parent": null,
      "has_children": true,
      "is_end_bone": false
    },
    "spine_01": {
      "name": "spine_01",
      "local": {
        "location": {
          "x": 0.0,
          "y": 0.0,
          "z": 0.0
        },
        "rotation_quaternion": {
          "w": 0.99889075756073,
          "x": 0.01887066662311554,
          "y": -0.017478376626968384,
          "z": -0.03944246098399162
        },
        "scale": {
          "x": 1.0,
          "y": 1.0,
          "z": 1.0
        },
        "matrix_basis": [
          [
            0.9962775707244873,
            0.07813776284456253,
            -0.036406587809324265,
            0.0
          ],
          [
            -0.07945707440376282,
            0.9961763620376587,
            -0.03632069006562233,
            0.0
          ],
          [
            0.03342936560511589,
            0.0390782505273819,
            0.9986768364906311,
            0.0
          ],
          [
            0.0,
            0.0,
            0.0,
            1.0
          ]
        ],
        "rotation_mode": "QUATERNION"
      },
      "armature_space": {
        "head": {
          "x": 0.00322242034599185,
          "y": 0.0003724917769432068,
          "z": 0.001990918070077896
        },
        "tail": {
          "x": 0.04391053318977356,
          "y": 0.019599460065364838,
          "z": 0.48791614174842834
        }
      },
      "world_space": {
        "head": {
          "x": 0.00322242034599185,
          "y": 0.06361649185419083,
          "z": 0.9518449306488037
        },
        "tail": {
          "x": 0.04391053318977356,
          "y": 0.08284346014261246,
          "z": 1.437770128250122
        },
        "rotation_quaternion": {
          "w": 0.7201927304267883,
          "x": 0.6925053000450134,
          "y": 0.03196822479367256,
          "z": -0.027146033942699432
        },
        "matrix": [
          [
            0.996482253074646,
            0.08337707072496414,
            0.008448474109172821,
            0.00322242034599185
          ],
          [
            0.005174994468688965,
            0.03939942643046379,
            -0.9992102980613708,
            0.06361649185419083
          ],
          [
            -0.08364465832710266,
            0.9957458972930908,
            0.03882871940732002,
            0.9518449306488037
          ],
          [
            0.0,
            0.0,
            0.0,
            1.0
          ]
        ]
      },
      "bone_length_armature_space": 0.4880046334238401,
      "parent": "Root",
      "has_children": true,
      "is_end_bone": false
    },
    "neck_01": {
      "name": "neck_01",
      "local": {
        "location": {
          "x": 0.0,
          "y": 0.0,
          "z": 0.0
        },
        "rotation_quaternion": {
          "w": 0.9925947189331055,
          "x": 0.015015636570751667,
          "y": 0.09799394756555557,
          "z": 0.07019661366939545
        },
        "scale": {
          "x": 1.0,
          "y": 1.0,
          "z": 1.0
        },
        "matrix_basis": [
          [
            0.9709392189979553,
            -0.1364106982946396,
            0.1966446489095688,
            0.0
          ],
          [
            0.1422964632511139,
            0.9896939396858215,
            -0.016051197424530983,
            0.0
          ],
          [
            -0.19242845475673676,
            0.043566569685935974,
            0.9803434610366821,
            0.0
          ],
          [
            0.0,
            0.0,
            0.0,
            1.0
          ]
        ],
        "rotation_mode": "QUATERNION"
      },
      "armature_space": {
        "head": {
          "x": 0.05030827224254608,
          "y": -0.012168826535344124,
          "z": 0.5621697306632996
        },
        "tail": {
          "x": 0.044409967958927155,
          "y": -0.0512317419052124,
          "z": 0.6567744016647339
        }
      },
      "world_space": {
        "head": {
          "x": 0.05030827224254608,
          "y": 0.051075175404548645,
          "z": 1.512023687362671
        },
        "tail": {
          "x": 0.044409967958927155,
          "y": 0.012012258172035217,
          "z": 1.60662841796875
        },
        "rotation_quaternion": {
          "w": 0.5558189749717712,
          "x": 0.8264289498329163,
          "y": 0.023539666086435318,
          "z": 0.08675505965948105
        },
        "matrix": [
          [
            0.9838389754295349,
            -0.057532452046871185,
            0.16956093907356262,
            0.05030827224254608
          ],
          [
            0.13534758985042572,
            -0.38102227449417114,
            -0.9146056771278381,
            0.051075175404548645
          ],
          [
            0.11722689867019653,
            0.9227802157402039,
            -0.3670809864997864,
            1.512023687362671
          ],
          [
            0.0,
            0.0,
            0.0,
            1.0
          ]
        ]
      },
      "bone_length_armature_space": 0.10252192432439874,
      "parent": "spine_01",
      "has_children": true,
      "is_end_bone": false
    },
    "head": {
      "name": "head",
      "local": {
        "location": {
          "x": 0.0,
          "y": 0.0,
          "z": 0.0
        },
        "rotation_quaternion": {
          "w": 0.9804632067680359,
          "x": -0.07846913486719131,
          "y": 0.16351215541362762,
          "z": 0.07614681869745255
        },
        "scale": {
          "x": 1.0,
          "y": 1.0,
          "z": 1.0
        },
        "matrix_basis": [
          [
            0.9349308609962463,
            -0.17497962713241577,
            0.30868494510650635,
            0.0
          ],
          [
            0.1236569955945015,
            0.9760885238647461,
            0.17877405881881714,
            0.0
          ],
          [
            -0.3325856626033783,
            -0.12897033989429474,
            0.9342127442359924,
            0.0
          ],
          [
            0.0,
            0.0,
            0.0,
            1.0
          ]
        ],
        "rotation_mode": "QUATERNION"
      },
      "armature_space": {
        "head": {
          "x": 0.04440999776124954,
          "y": -0.051231853663921356,
          "z": 0.6567742824554443
        },
        "tail": {
          "x": -0.002478465437889099,
          "y": -0.038744006305933,
          "z": 0.8040794134140015
        }
      },
      "world_space": {
        "head": {
          "x": 0.04440999776124954,
          "y": 0.012012146413326263,
          "z": 1.6066282987594604
        },
        "tail": {
          "x": -0.002478465437889099,
          "y": 0.02449999377131462,
          "z": 1.7539334297180176
        },
        "rotation_quaternion": {
          "w": 0.7326581478118896,
          "x": 0.6275328993797302,
          "y": 0.05892326682806015,
          "z": 0.2567928433418274
        },
        "matrix": [
          [
            0.8611701726913452,
            -0.30233025550842285,
            0.40863481163978577,
            0.04440999776124954
          ],
          [
            0.4502372145652771,
            0.0805198922753334,
            -0.8892713785171509,
            0.012012146413326263
          ],
          [
            0.23595237731933594,
            0.9498030543327332,
            0.2054622918367386,
            1.6066282987594604
          ],
          [
            0.0,
            0.0,
            0.0,
            1.0
          ]
        ]
      },
      "bone_length_armature_space": 0.15509118352383788,
      "parent": "neck_01",
      "has_children": false,
      "is_end_bone": true
    },
    "upperarm_l": {
      "name": "upperarm_l",
      "local": {
        "location": {
          "x": 0.0,
          "y": 0.0,
          "z": 0.0
        },
        "rotation_quaternion": {
          "w": 0.9199866652488708,
          "x": 0.22820766270160675,
          "y": 0.31491923332214355,
          "z": -0.048702020198106766
        },
        "scale": {
          "x": 1.0,
          "y": 1.0,
          "z": 1.0
        },
        "matrix_basis": [
          [
            0.7969079613685608,
            0.23334437608718872,
            0.557214617729187,
            0.0
          ],
          [
            0.05412354692816734,
            0.8910987377166748,
            -0.45057040452957153,
            0.0
          ],
          [
            -0.6016713380813599,
            0.3892216086387634,
            0.6974942684173584,
            0.0
          ],
          [
            0.0,
            0.0,
            0.0,
            1.0
          ]
        ],
        "rotation_mode": "QUATERNION"
      },
      "armature_space": {
        "head": {
          "x": 0.19420397281646729,
          "y": -0.017227133736014366,
          "z": 0.48282501101493835
        },
        "tail": {
          "x": 0.42942410707473755,
          "y": -0.11202149093151093,
          "z": 0.39626142382621765
        }
      },
      "world_space": {
        "head": {
          "x": 0.19420397281646729,
          "y": 0.046016864478588104,
          "z": 1.4326790571212769
        },
        "tail": {
          "x": 0.42942410707473755,
          "y": -0.048777490854263306,
          "z": 1.3461154699325562
        },
        "rotation_quaternion": {
          "w": 0.1500534862279892,
          "x": 0.6697090268135071,
          "y": 0.548276424407959,
          "z": -0.4778774380683899
        },
        "matrix": [
          [
            -0.05794969201087952,
            0.877787172794342,
            -0.47553279995918274,
            0.19420397281646729
          ],
          [
            0.5909562110900879,
            -0.35375064611434937,
            -0.7250046730041504,
            0.046016864478588104
          ],
          [
            -0.8046247959136963,
            -0.323035329580307,
            -0.49823805689811707,
            1.4326790571212769
          ],
          [
            0.0,
            0.0,
            0.0,
            1.0
          ]
        ]
      },
      "bone_length_armature_space": 0.2679696542513302,
      "parent": "spine_01",
      "has_children": true,
      "is_end_bone": false
    },
    "lowerarm_l": {
      "name": "lowerarm_l",
      "local": {
        "location": {
          "x": 0.0,
          "y": 0.0,
          "z": 0.0
        },
        "rotation_quaternion": {
          "w": 0.9424968957901001,
          "x": 0.15643468499183655,
          "y": -0.12243211269378662,
          "z": 0.26877155900001526
        },
        "scale": {
          "x": 1.0,
          "y": 1.0,
          "z": 1.0
        },
        "matrix_basis": [
          [
            0.8255444765090942,
            -0.5449379682540894,
            -0.1466933786869049,
            0.0
          ],
          [
            0.46832746267318726,
            0.8065800666809082,
            -0.3606909513473511,
            0.0
          ],
          [
            0.31487417221069336,
            0.22906586527824402,
            0.9210771322250366,
            0.0
          ],
          [
            0.0,
            0.0,
            0.0,
            1.0
          ]
        ],
        "rotation_mode": "QUATERNION"
      },
      "armature_space": {
        "head": {
          "x": 0.4294241666793823,
          "y": -0.11202163994312286,
          "z": 0.39626145362854004
        },
        "tail": {
          "x": 0.5826796293258667,
          "y": -0.3278132677078247,
          "z": 0.43519851565361023
        }
      },
      "world_space": {
        "head": {
          "x": 0.4294241666793823,
          "y": -0.048777639865875244,
          "z": 1.3461154699325562
        },
        "tail": {
          "x": 0.5826796293258667,
          "y": -0.2645692825317383,
          "z": 1.3850525617599487
        },
        "rotation_quaternion": {
          "w": 0.2576567232608795,
          "x": 0.7096051573753357,
          "y": 0.1740725040435791,
          "z": -0.6322755217552185
        },
        "matrix": [
          [
            0.13985280692577362,
            0.5728650689125061,
            -0.8076302409172058,
            0.4294241666793823
          ],
          [
            -0.07877454161643982,
            -0.8066239356994629,
            -0.5857925415039062,
            -0.048777639865875244
          ],
          [
            -0.9870407581329346,
            0.1455458104610443,
            -0.06768248975276947,
            1.3461154699325562
          ],
          [
            0.0,
            0.0,
            0.0,
            1.0
          ]
        ]
      },
      "bone_length_armature_space": 0.2675245022035135,
      "parent": "upperarm_l",
      "has_children": true,
      "is_end_bone": false
    },
    "metacarpal_thumb_l": {
      "name": "metacarpal_thumb_l",
      "local": {
        "location": {
          "x": 0.0,
          "y": 0.0,
          "z": 0.0
        },
        "rotation_quaternion": {
          "w": 0.9999301433563232,
          "x": -0.008240276016294956,
          "y": 0.007630329113453627,
          "z": 0.003711810801178217
        },
        "scale": {
          "x": 1.0,
          "y": 1.0,
          "z": 1.0
        },
        "matrix_basis": [
          [
            0.9998559951782227,
            -0.007548855151981115,
            0.01519841980189085,
            0.0
          ],
          [
            0.007297351025044918,
            0.9998366236686707,
            0.01653604581952095,
            0.0
          ],
          [
            -0.015320764854550362,
            -0.016422756016254425,
            0.9997477531433105,
            0.0
          ],
          [
            0.0,
            0.0,
            0.0,
            1.0
          ]
        ],
        "rotation_mode": "QUATERNION"
      },
      "armature_space": {
        "head": {
          "x": 0.5826796293258667,
          "y": -0.3278132677078247,
          "z": 0.43519851565361023
        },
        "tail": {
          "x": 0.582351565361023,
          "y": -0.37714746594429016,
          "z": 0.43076950311660767
        }
      },
      "world_space": {
        "head": {
          "x": 0.5826796293258667,
          "y": -0.2645692825317383,
          "z": 1.3850525617599487
        },
        "tail": {
          "x": 0.582351565361023,
          "y": -0.31390345096588135,
          "z": 1.3806235790252686
        },
        "rotation_quaternion": {
          "w": 0.04456620290875435,
          "x": -0.9980567693710327,
          "y": 0.005248400382697582,
          "z": -0.04323204606771469
        },
        "matrix": [
          [
            0.9962067604064941,
            -0.006623194552958012,
            0.08676378428936005,
            0.5826796293258667
          ],
          [
            -0.014329611323773861,
            -0.9959728121757507,
            0.08850499242544174,
            -0.2645692825317383
          ],
          [
            0.08582891523838043,
            -0.08941400796175003,
            -0.9922965168952942,
            1.3850525617599487
          ],
          [
            0.0,
            0.0,
            0.0,
            1.0
          ]
        ]
      },
      "bone_length_armature_space": 0.049533693396361766,
      "parent": "lowerarm_l",
      "has_children": true,
      "is_end_bone": false
    },
    "thumb_01_l": {
      "name": "thumb_01_l",
      "local": {
        "location": {
          "x": 0.0,
          "y": 0.0,
          "z": 0.0
        },
        "rotation_quaternion": {
          "w": 0.9636650085449219,
          "x": 0.26665592193603516,
          "y": -0.0040961820632219315,
          "z": -0.015090737491846085
        },
        "scale": {
          "x": 1.0,
          "y": 1.0,
          "z": 1.0
        },
        "matrix_basis": [
          [
            0.9995110034942627,
            0.026900289580225945,
            -0.015942763537168503,
            0.0
          ],
          [
            -0.0312693752348423,
            0.857333779335022,
            -0.5138103365898132,
            0.0
          ],
          [
            -0.00015337439253926277,
            0.5140575766563416,
            0.8577556610107422,
            0.0
          ],
          [
            0.0,
            0.0,
            0.0,
            1.0
          ]
        ],
        "rotation_mode": "QUATERNION"
      },
      "armature_space": {
        "head": {
          "x": 0.582351565361023,
          "y": -0.37714746594429016,
          "z": 0.43076950311660767
        },
        "tail": {
          "x": 0.5979470014572144,
          "y": -0.3966733515262604,
          "z": 0.4076577425003052
        }
      },
      "world_space": {
        "head": {
          "x": 0.582351565361023,
          "y": -0.31390345096588135,
          "z": 1.3806235790252686
        },
        "tail": {
          "x": 0.5979470014572144,
          "y": -0.33342933654785156,
          "z": 1.3575117588043213
        },
        "rotation_quaternion": {
          "w": 0.43520182371139526,
          "x": -0.52735835313797,
          "y": 0.15420334041118622,
          "z": -0.7132419347763062
        },
        "matrix": [
          [
            -0.06498406827449799,
            0.4581700265407562,
            0.8864858746528625,
            0.582351565361023
          ],
          [
            -0.7834494709968567,
            -0.5736401677131653,
            0.23904861509799957,
            -0.31390345096588135
          ],
          [
            0.6180523037910461,
            -0.6789876222610474,
            0.39623361825942993,
            1.3806235790252686
          ],
          [
            0.0,
            0.0,
            0.0,
            1.0
          ]
        ]
      },
      "bone_length_armature_space": 0.03403867387858936,
      "parent": "metacarpal_thumb_l",
      "has_children": true,
      "is_end_bone": false
    },
    "thumb_02_l": {
      "name": "thumb_02_l",
      "local": {
        "location": {
          "x": 0.0,
          "y": 0.0,
          "z": 0.0
        },
        "rotation_quaternion": {
          "w": 0.8966965675354004,
          "x": 0.44257134199142456,
          "y": -0.003429574891924858,
          "z": 0.007358243223279715
        },
        "scale": {
          "x": 1.0,
          "y": 1.0,
          "z": 1.0
        },
        "matrix_basis": [
          [
            0.9998682141304016,
            -0.01623188517987728,
            0.0003625190875027329,
            0.0
          ],
          [
            0.01016055978834629,
            0.6081529259681702,
            -0.7937548756599426,
            0.0
          ],
          [
            0.012663670815527439,
            0.7936539649963379,
            0.6082376837730408,
            0.0
          ],
          [
            0.0,
            0.0,
            0.0,
            1.0
          ]
        ],
        "rotation_mode": "QUATERNION"
      },
      "armature_space": {
        "head": {
          "x": 0.5979469418525696,
          "y": -0.396673321723938,
          "z": 0.4076576828956604
        },
        "tail": {
          "x": 0.6145377159118652,
          "y": -0.3994111120700836,
          "z": 0.4441330134868622
        }
      },
      "world_space": {
        "head": {
          "x": 0.5979469418525696,
          "y": -0.33342933654785156,
          "z": 1.3575117588043213
        },
        "tail": {
          "x": 0.6145377159118652,
          "y": -0.3361670970916748,
          "z": 1.3939870595932007
        },
        "rotation_quaternion": {
          "w": 0.37719273567199707,
          "x": 0.11541855335235596,
          "y": -0.5688961744308472,
          "z": -0.7216379642486572
        },
        "matrix": [
          [
            -0.6888068318367004,
            0.4130711555480957,
            -0.5957493185997009,
            0.5979469418525696
          ],
          [
            -0.6757174134254456,
            -0.06816443800926208,
            0.7340027689933777,
            -0.33342933654785156
          ],
          [
            0.2625874876976013,
            0.9081504940986633,
            0.3260742425918579,
            1.3575117588043213
          ],
          [
            0.0,
            0.0,
            0.0,
            1.0
          ]
        ]
      },
      "bone_length_armature_space": 0.040164648528720356,
      "parent": "thumb_01_l",
      "has_children": true,
      "is_end_bone": false
    },
    "thumb_03_l": {
      "name": "thumb_03_l",
      "local": {
        "location": {
          "x": 0.0,
          "y": 0.0,
          "z": 0.0
        },
        "rotation_quaternion": {
          "w": 0.9875323176383972,
          "x": 0.1571485996246338,
          "y": -0.005549219902604818,
          "z": 0.007305135019123554
        },
        "scale": {
          "x": 1.0,
          "y": 1.0,
          "z": 1.0
        },
        "matrix_basis": [
          [
            0.9998316764831543,
            -0.016172217205166817,
            -0.00866408459842205,
            0.0
          ],
          [
            0.012684009969234467,
            0.9505019187927246,
            -0.310459703207016,
            0.0
          ],
          [
            0.013256051577627659,
            0.31029757857322693,
            0.9505470395088196,
            0.0
          ],
          [
            0.0,
            0.0,
            0.0,
            1.0
          ]
        ],
        "rotation_mode": "QUATERNION"
      },
      "armature_space": {
        "head": {
          "x": 0.6145377159118652,
          "y": -0.3994112014770508,
          "z": 0.4441329538822174
        },
        "tail": {
          "x": 0.6162481307983398,
          "y": -0.3880350589752197,
          "z": 0.47232091426849365
        }
      },
      "world_space": {
        "head": {
          "x": 0.6145377159118652,
          "y": -0.33616721630096436,
          "z": 1.3939869403839111
        },
        "tail": {
          "x": 0.6162481307983398,
          "y": -0.3247910737991333,
          "z": 1.4221749305725098
        },
        "rotation_quaternion": {
          "w": 0.49217188358306885,
          "x": 0.3044576048851013,
          "y": -0.6667821407318115,
          "z": -0.4695465564727783
        },
        "matrix": [
          [
            -0.33014604449272156,
            0.05618003010749817,
            -0.9422564506530762,
            0.6145377159118652
          ],
          [
            -0.8682088851928711,
            0.3736639618873596,
            0.32648003101348877,
            -0.33616721630096436
          ],
          [
            0.3704306483268738,
            0.925868034362793,
            -0.07458801567554474,
            1.3939869403839111
          ],
          [
            0.0,
            0.0,
            0.0,
            1.0
          ]
        ]
      },
      "bone_length_armature_space": 0.030445085766318315,
      "parent": "thumb_02_l",
      "has_children": false,
      "is_end_bone": true
    },
    "metacarpal_index_l": {
      "name": "metacarpal_index_l",
      "local": {
        "location": {
          "x": 0.0,
          "y": 0.0,
          "z": 0.0
        },
        "rotation_quaternion": {
          "w": 0.999809205532074,
          "x": 0.012064391747117043,
          "y": -0.014166615903377533,
          "z": 0.00593910226598382
        },
        "scale": {
          "x": 1.0,
          "y": 1.0,
          "z": 1.0
        },
        "matrix_basis": [
          [
            0.9995280504226685,
            -0.012217761017382145,
            -0.028184521943330765,
            0.0
          ],
          [
            0.011534115299582481,
            0.9996383786201477,
            -0.02429245412349701,
            0.0
          ],
          [
            0.02847112901508808,
            0.023955905809998512,
            0.9993075132369995,
            0.0
          ],
          [
            0.0,
            0.0,
            0.0,
            1.0
          ]
        ],
        "rotation_mode": "QUATERNION"
      },
      "armature_space": {
        "head": {
          "x": 0.5826796293258667,
          "y": -0.3278132677078247,
          "z": 0.43519851565361023
        },
        "tail": {
          "x": 0.6159839630126953,
          "y": -0.4399798512458801,
          "z": 0.4414195418357849
        }
      },
      "world_space": {
        "head": {
          "x": 0.5826796293258667,
          "y": -0.2645692825317383,
          "z": 1.3850525617599487
        },
        "tail": {
          "x": 0.6159839630126953,
          "y": -0.3767358660697937,
          "z": 1.3912734985351562
        },
        "rotation_quaternion": {
          "w": 0.06381164491176605,
          "x": 0.9541612267494202,
          "y": 0.13147757947444916,
          "z": -0.2611861824989319
        },
        "matrix": [
          [
            0.828990638256073,
            0.28423523902893066,
            -0.4816477298736572,
            0.5826796293258667
          ],
          [
            0.2175683230161667,
            -0.9572834968566895,
            -0.19045425951480865,
            -0.2645692825317383
          ],
          [
            -0.5152105093002319,
            0.053093113005161285,
            -0.8554258942604065,
            1.3850525617599487
          ],
          [
            0.0,
            0.0,
            0.0,
            1.0
          ]
        ]
      },
      "bone_length_armature_space": 0.11717176555264272,
      "parent": "lowerarm_l",
      "has_children": true,
      "is_end_bone": false
    },
    "index_01_l": {
      "name": "index_01_l",
      "local": {
        "location": {
          "x": 0.0,
          "y": 0.0,
          "z": 0.0
        },
        "rotation_quaternion": {
          "w": 0.9352770447731018,
          "x": 0.35348352789878845,
          "y": -0.0034115775488317013,
          "z": -0.017163274809718132
        },
        "scale": {
          "x": 1.0,
          "y": 1.0,
          "z": 1.0
        },
        "matrix_basis": [
          [
            0.9993875622749329,
            0.029692960903048515,
            -0.018515409901738167,
            0.0
          ],
          [
            -0.03451670706272125,
            0.7495096325874329,
            -0.6610929369926453,
            0.0
          ],
          [
            -0.0057523297145962715,
            0.6613271832466125,
            0.7500755190849304,
            0.0
          ],
          [
            0.0,
            0.0,
            0.0,
            1.0
          ]
        ],
        "rotation_mode": "QUATERNION"
      },
      "armature_space": {
        "head": {
          "x": 0.6159839630126953,
          "y": -0.4399798512458801,
          "z": 0.4414195418357849
        },
        "tail": {
          "x": 0.6222010254859924,
          "y": -0.46191278100013733,
          "z": 0.4242915213108063
        }
      },
      "world_space": {
        "head": {
          "x": 0.6159839630126953,
          "y": -0.3767358660697937,
          "z": 1.3912734985351562
        },
        "tail": {
          "x": 0.6222010254859924,
          "y": -0.3986687660217285,
          "z": 1.3741455078125
        },
        "rotation_quaternion": {
          "w": 0.255026251077652,
          "x": -0.8756932020187378,
          "y": -0.22442695498466492,
          "z": 0.3431554436683655
        },
        "matrix": [
          [
            0.6637535095214844,
            0.2180321216583252,
            -0.7154669761657715,
            0.6159839630126953
          ],
          [
            0.5680860280990601,
            -0.7691887617111206,
            0.2926214933395386,
            -0.3767358660697937
          ],
          [
            -0.486531138420105,
            -0.6006801724433899,
            -0.6344170570373535,
            1.3912734985351562
          ],
          [
            0.0,
            0.0,
            0.0,
            1.0
          ]
        ]
      },
      "bone_length_armature_space": 0.02851445864388871,
      "parent": "metacarpal_index_l",
      "has_children": true,
      "is_end_bone": false
    },
    "index_02_l": {
      "name": "index_02_l",
      "local": {
        "location": {
          "x": 0.0,
          "y": 0.0,
          "z": 0.0
        },
        "rotation_quaternion": {
          "w": 0.8804475665092468,
          "x": 0.47407200932502747,
          "y": -0.008212251588702202,
          "z": 0.0006535592256113887
        },
        "scale": {
          "x": 1.0,
          "y": 1.0,
          "z": 1.0
        },
        "matrix_basis": [
          [
            0.9998642802238464,
            -0.008937246166169643,
            -0.013841245323419571,
            0.0
          ],
          [
            -0.006635548081248999,
            0.550510585308075,
            -0.8348018527030945,
            0.0
          ],
          [
            0.015080582350492477,
            0.8347803354263306,
            0.5503765940666199,
            0.0
          ],
          [
            0.0,
            0.0,
            0.0,
            1.0
          ]
        ],
        "rotation_mode": "QUATERNION"
      },
      "armature_space": {
        "head": {
          "x": 0.6222007274627686,
          "y": -0.4619131088256836,
          "z": 0.42429119348526
        },
        "tail": {
          "x": 0.6097471117973328,
          "y": -0.46793854236602783,
          "z": 0.4026879668235779
        }
      },
      "world_space": {
        "head": {
          "x": 0.6222007274627686,
          "y": -0.39866912364959717,
          "z": 1.374145269393921
        },
        "tail": {
          "x": 0.6097471117973328,
          "y": -0.4046945571899414,
          "z": 1.3525419235229492
        },
        "rotation_quaternion": {
          "w": 0.6164372563362122,
          "x": -0.6463301777839661,
          "y": -0.050656259059906006,
          "z": 0.4468740224838257
        },
        "matrix": [
          [
            0.5954722166061401,
            -0.48545828461647034,
            -0.6401115655899048,
            0.6222007274627686
          ],
          [
            0.6164237260818481,
            -0.23487944900989532,
            0.7515676021575928,
            -0.39866912364959717
          ],
          [
            -0.5152068138122559,
            -0.8421237468719482,
            0.15938547253608704,
            1.374145269393921
          ],
          [
            0.0,
            0.0,
            0.0,
            1.0
          ]
        ]
      },
      "bone_length_armature_space": 0.025653416513131702,
      "parent": "index_01_l",
      "has_children": true,
      "is_end_bone": false
    },
    "index_03_l": {
      "name": "index_03_l",
      "local": {
        "location": {
          "x": 0.0,
          "y": 0.0,
          "z": 0.0
        },
        "rotation_quaternion": {
          "w": 0.9332281351089478,
          "x": 0.35925695300102234,
          "y": -0.0011652889661490917,
          "z": 0.004287519957870245
        },
        "scale": {
          "x": 1.0,
          "y": 1.0,
          "z": 1.0
        },
        "matrix_basis": [
          [
            0.9999605417251587,
            -0.008839745074510574,
            0.0009056818089447916,
            0.0
          ],
          [
            0.007165192160755396,
            0.7418321371078491,
            -0.670547366142273,
            0.0
          ],
          [
            0.005255603697150946,
            0.6705273985862732,
            0.7418661713600159,
            0.0
          ],
          [
            0.0,
            0.0,
            0.0,
            1.0
          ]
        ],
        "rotation_mode": "QUATERNION"
      },
      "armature_space": {
        "head": {
          "x": 0.6097472310066223,
          "y": -0.4679386615753174,
          "z": 0.4026879668235779
        },
        "tail": {
          "x": 0.588305652141571,
          "y": -0.45462095737457275,
          "z": 0.3879695534706116
        }
      },
      "world_space": {
        "head": {
          "x": 0.6097472310066223,
          "y": -0.40469467639923096,
          "z": 1.3525419235229492
        },
        "tail": {
          "x": 0.588305652141571,
          "y": -0.39137697219848633,
          "z": 1.3378236293792725
        },
        "rotation_quaternion": {
          "w": 0.84593665599823,
          "x": -0.3485870957374573,
          "y": 0.11085450649261475,
          "z": 0.38805872201919556
        },
        "matrix": [
          [
            0.6742428541183472,
            -0.7338311672210693,
            -0.08299440145492554,
            0.6097472310066223
          ],
          [
            0.5792627930641174,
            0.45579391717910767,
            0.6758009195327759,
            -0.40469467639923096
          ],
          [
            -0.4580981433391571,
            -0.5037328600883484,
            0.7324025630950928,
            1.3525419235229492
          ],
          [
            0.0,
            0.0,
            0.0,
            1.0
          ]
        ]
      },
      "bone_length_armature_space": 0.02921873091774205,
      "parent": "index_02_l",
      "has_children": false,
      "is_end_bone": true
    },
    "metacarpal_pinky_l": {
      "name": "metacarpal_pinky_l",
      "local": {
        "location": {
          "x": 0.0,
          "y": 0.0,
          "z": 0.0
        },
        "rotation_quaternion": {
          "w": 0.9996423721313477,
          "x": -0.02388717234134674,
          "y": -0.010227047838270664,
          "z": -0.006332216784358025
        },
        "scale": {
          "x": 1.0,
          "y": 1.0,
          "z": 1.0
        },
        "matrix_basis": [
          [
            0.9997106194496155,
            0.013148494996130466,
            -0.02014426328241825,
            0.0
          ],
          [
            -0.012171314097940922,
            0.9987786412239075,
            0.04788677766919136,
            0.0
          ],
          [
            0.020749298855662346,
            -0.04762773960828781,
            0.9986495971679688,
            0.0
          ],
          [
            0.0,
            0.0,
            0.0,
            1.0
          ]
        ],
        "rotation_mode": "QUATERNION"
      },
      "armature_space": {
        "head": {
          "x": 0.5826796293258667,
          "y": -0.3278132677078247,
          "z": 0.43519851565361023
        },
        "tail": {
          "x": 0.665736198425293,
          "y": -0.3896627128124237,
          "z": 0.4461287260055542
        }
      },
      "world_space": {
        "head": {
          "x": 0.5826796293258667,
          "y": -0.2645692825317383,
          "z": 1.3850525617599487
        },
        "tail": {
          "x": 0.665736198425293,
          "y": -0.3264186978340149,
          "z": 1.3959827423095703
        },
        "rotation_quaternion": {
          "w": 0.4503554105758667,
          "x": 0.1442154198884964,
          "y": 0.014148393645882607,
          "z": -0.8810118436813354
        },
        "matrix": [
          [
            -0.552763819694519,
            0.7976178526878357,
            -0.24136662483215332,
            0.5826796293258667
          ],
          [
            -0.7894563674926758,
            -0.5939595103263855,
            -0.15482670068740845,
            -0.2645692825317383
          ],
          [
            -0.26685699820518494,
            0.10496614873409271,
            0.9580100774765015,
            1.3850525617599487
          ],
          [
            0.0,
            0.0,
            0.0,
            1.0
          ]
        ]
      },
      "bone_length_armature_space": 0.10413077008409588,
      "parent": "lowerarm_l",
      "has_children": true,
      "is_end_bone": false
    },
    "pinky_01_l": {
      "name": "pinky_01_l",
      "local": {
        "location": {
          "x": 0.0,
          "y": 0.0,
          "z": 0.0
        },
        "rotation_quaternion": {
          "w": 0.9561449289321899,
          "x": 0.2924923598766327,
          "y": 0.011121523566544056,
          "z": 0.010555306449532509
        },
        "scale": {
          "x": 1.0,
          "y": 1.0,
          "z": 1.0
        },
        "matrix_basis": [
          [
            0.9995297789573669,
            -0.013678884133696556,
            0.027442269027233124,
            0.0
          ],
          [
            0.026690727099776268,
            0.8286736011505127,
            -0.5590953826904297,
            0.0
          ],
          [
            -0.015092884190380573,
            0.5595649480819702,
            0.8286490440368652,
            0.0
          ],
          [
            0.0,
            0.0,
            0.0,
            1.0
          ]
        ],
        "rotation_mode": "QUATERNION"
      },
      "armature_space": {
        "head": {
          "x": 0.665736198425293,
          "y": -0.3896627128124237,
          "z": 0.4461287260055542
        },
        "tail": {
          "x": 0.6768761873245239,
