{
  "metadata": {
    "armature_name": "KIM_caucasian_male",
    "export_time": "2026-01-13T21:16:44.369997",
    "blender_version": "4.4.1",
    "bone_count": 56,
    "end_bone_count": 13,
    "spaces_included": [
      "LOCAL_CHANNELS",
      "ARMATURE_SPACE",
      "WORLD_SPACE"
    ],
    "note": "LOCAL matches Transform panel; replay pose via local.matrix_basis for best fidelity."
  },
  "bones": {
    "Root": {
      "name": "Root",
      "local": {
        "location": {
          "x": 0.0,
          "y": 0.0,
          "z": 0.0
        },
        "rotation_quaternion": {
          "w": 0.9999469518661499,
          "x": -0.005611270200461149,
          "y": 0.008644357323646545,
          "z": -0.00022467294184025377
        },
        "scale": {
          "x": 1.0,
          "y": 1.0,
          "z": 1.0
        },
        "matrix_basis": [
          [
            0.9998504519462585,
            0.0003523103951010853,
            0.01729031838476658,
            0.0
          ],
          [
            -0.0005463336710818112,
            0.9999369382858276,
            0.011218060739338398,
            0.0
          ],
          [
            -0.01728527620434761,
            -0.01122582983225584,
            0.9997875690460205,
            0.0
          ],
          [
            0.0,
            0.0,
            0.0,
            1.0
          ]
        ],
        "rotation_mode": "QUATERNION"
      },
      "armature_space": {
        "head": {
          "x": 0.0,
          "y": 0.07072800397872925,
          "z": -0.009595036506652832
        },
        "tail": {
          "x": 2.5146460757241584e-05,
          "y": 0.00011216849088668823,
          "z": 0.0007933806627988815
        }
      },
      "world_space": {
        "head": {
          "x": 0.0,
          "y": 0.13397200405597687,
          "z": 0.9402589797973633
        },
        "tail": {
          "x": 2.5146460757241584e-05,
          "y": 0.06335616856813431,
          "z": 0.9506474137306213
        },
        "rotation_quaternion": {
          "w": 0.07296259701251984,
          "x": 0.9972972273826599,
          "y": 0.0008065146976150572,
          "z": 0.008609584532678127
        },
        "matrix": [
          [
            0.9998504519462585,
            0.0003523103951010853,
            0.01729031838476658,
            0.0
          ],
          [
            0.0028650290332734585,
            -0.9893516302108765,
            -0.14551737904548645,
            0.13397200405597687
          ],
          [
            0.017055058851838112,
            0.14554522931575775,
            -0.9892116189002991,
            0.9402589797973633
          ],
          [
            0.0,
            0.0,
            0.0,
            1.0
          ]
        ]
      },
      "bone_length_armature_space": 0.07137587921728643,
      "parent": null,
      "has_children": true,
      "is_end_bone": false
    },
    "spine_01": {
      "name": "spine_01",
      "local": {
        "location": {
          "x": 0.0,
          "y": 0.0,
          "z": 0.0
        },
        "rotation_quaternion": {
          "w": 0.9987847805023193,
          "x": -0.014095256105065346,
          "y": 0.006431968417018652,
          "z": -0.046787794679403305
        },
        "scale": {
          "x": 1.0,
          "y": 1.0,
          "z": 1.0
        },
        "matrix_basis": [
          [
            0.9955390691757202,
            0.09328055381774902,
            0.014167276211082935,
            0.0
          ],
          [
            -0.0936431959271431,
            0.9952244758605957,
            0.027554379776120186,
            0.0
          ],
          [
            -0.011529332026839256,
            -0.028758129104971886,
            0.9995198845863342,
            0.0
          ],
          [
            0.0,
            0.0,
            0.0,
            1.0
          ]
        ],
        "rotation_mode": "QUATERNION"
      },
      "armature_space": {
        "head": {
          "x": 2.5146460757241584e-05,
          "y": 0.00011216849088668823,
          "z": 0.0007933806627988815
        },
        "tail": {
          "x": 0.037163298577070236,
          "y": 0.04238353669643402,
          "z": 0.48554322123527527
        }
      },
      "world_space": {
        "head": {
          "x": 2.5146460757241584e-05,
          "y": 0.06335616856813431,
          "z": 0.9506474137306213
        },
        "tail": {
          "x": 0.037163298577070236,
          "y": 0.10562753677368164,
          "z": 1.4353972673416138
        },
        "rotation_quaternion": {
          "w": 0.7364234924316406,
          "x": 0.675403356552124,
          "y": 0.031477995216846466,
          "z": -0.022800665348768234
        },
        "matrix": [
          [
            0.9969785213470459,
            0.07610258460044861,
            0.015562490560114384,
            2.5146460757241584e-05
          ],
          [
            0.008938265964388847,
            0.08662144094705582,
            -0.9962013363838196,
            0.06335616856813431
          ],
          [
            -0.07716204971075058,
            0.9933373928070068,
            0.08567916601896286,
            0.9506474137306213
          ],
          [
            0.0,
            0.0,
            0.0,
            1.0
          ]
        ]
      },
      "bone_length_armature_space": 0.4880046382843721,
      "parent": "Root",
      "has_children": true,
      "is_end_bone": false
    },
    "neck_01": {
      "name": "neck_01",
      "local": {
        "location": {
          "x": 0.0,
          "y": 0.0,
          "z": 0.0
        },
        "rotation_quaternion": {
          "w": 0.9910330772399902,
          "x": -0.031082021072506905,
          "y": 0.0921064019203186,
          "z": -0.09167306870222092
        },
        "scale": {
          "x": 1.0,
          "y": 1.0,
          "z": 1.0
        },
        "matrix_basis": [
          [
            0.9662249088287354,
            0.17597638070583344,
            0.18825975060462952,
            0.0
          ],
          [
            -0.18742778897285461,
            0.9812599420547485,
            0.04471926763653755,
            0.0
          ],
          [
            -0.1768622100353241,
            -0.07849397510290146,
            0.9811006188392639,
            0.0
          ],
          [
            0.0,
            0.0,
            0.0,
            1.0
          ]
        ],
        "rotation_mode": "QUATERNION"
      },
      "armature_space": {
        "head": {
          "x": 0.0432751327753067,
          "y": 0.014177128672599792,
          "z": 0.5612452626228333
        },
        "tail": {
          "x": 0.06906898319721222,
          "y": -0.008023090660572052,
          "z": 0.6579539775848389
        }
      },
      "world_space": {
        "head": {
          "x": 0.0432751327753067,
          "y": 0.07742112874984741,
          "z": 1.5110993385314941
        },
        "tail": {
          "x": 0.06906898319721222,
          "y": 0.05522090941667557,
          "z": 1.607807993888855
        },
        "rotation_quaternion": {
          "w": 0.6064004898071289,
          "x": 0.7798746824264526,
          "y": 0.1549418568611145,
          "z": -0.008182859048247337
        },
        "matrix": [
          [
            0.9518517851829529,
            0.2515949010848999,
            0.1751517355442047,
            0.0432751327753067
          ],
          [
            0.2317475974559784,
            -0.21654242277145386,
            -0.9483685493469238,
            0.07742112874984741
          ],
          [
            -0.2006780356168747,
            0.9433035254478455,
            -0.26442548632621765,
            1.5110993385314941
          ],
          [
            0.0,
            0.0,
            0.0,
            1.0
          ]
        ]
      },
      "bone_length_armature_space": 0.10252194119746069,
      "parent": "spine_01",
      "has_children": true,
      "is_end_bone": false
    },
    "head": {
      "name": "head",
      "local": {
        "location": {
          "x": 0.0,
          "y": 0.0,
          "z": 0.0
        },
        "rotation_quaternion": {
          "w": 0.9806989431381226,
          "x": 0.05089624226093292,
          "y": -0.01737966388463974,
          "z": -0.18798211216926575
        },
        "scale": {
          "x": 1.0,
          "y": 1.0,
          "z": 1.0
        },
        "matrix_basis": [
          [
            0.9287213683128357,
            0.36693859100341797,
            -0.05322360247373581,
            0.0
          ],
          [
            -0.3704768419265747,
            0.9241446256637573,
            -0.09329365193843842,
            0.0
          ],
          [
            0.014953269623219967,
            0.10636191070079803,
            0.9942150115966797,
            0.0
          ],
          [
            0.0,
            0.0,
            0.0,
            1.0
          ]
        ],
        "rotation_mode": "QUATERNION"
      },
      "armature_space": {
        "head": {
          "x": 0.06906898319721222,
          "y": -0.008023221977055073,
          "z": 0.6579538583755493
        },
        "tail": {
          "x": 0.15189418196678162,
          "y": 0.009295468218624592,
          "z": 0.7879279851913452
        }
      },
      "world_space": {
        "head": {
          "x": 0.06906898319721222,
          "y": 0.05522077903151512,
          "z": 1.6078078746795654
        },
        "tail": {
          "x": 0.15189418196678162,
          "y": 0.07253947108983994,
          "z": 1.7377820014953613
        },
        "rotation_quaternion": {
          "w": 0.6984222531318665,
          "x": 0.651827335357666,
          "y": 0.26084452867507935,
          "z": -0.13888053596019745
        },
        "matrix": [
          [
            0.8253453373908997,
            0.5340453386306763,
            0.18330517411231995,
            0.06906898319721222
          ],
          [
            0.1460535079240799,
            0.11166848987340927,
            -0.982954204082489,
            0.05522077903151512
          ],
          [
            -0.5454151630401611,
            0.838054895401001,
            0.014165058732032776,
            1.6078078746795654
          ],
          [
            0.0,
            0.0,
            0.0,
            1.0
          ]
        ]
      },
      "bone_length_armature_space": 0.15509101791710572,
      "parent": "neck_01",
      "has_children": false,
      "is_end_bone": true
    },
    "upperarm_l": {
      "name": "upperarm_l",
      "local": {
        "location": {
          "x": 0.0,
          "y": 0.0,
          "z": 0.0
        },
        "rotation_quaternion": {
          "w": 0.8130730390548706,
          "x": -0.35425955057144165,
          "y": 0.3042418956756592,
          "z": -0.3476341664791107
        },
        "scale": {
          "x": 1.0,
          "y": 1.0,
          "z": 1.0
        },
        "matrix_basis": [
          [
            0.5731747150421143,
            0.34974274039268494,
            0.741047203540802,
            0.0
          ],
          [
            -0.7808651328086853,
            0.5073013305664062,
            0.3645480275154114,
            0.0
          ],
          [
            -0.2484363168478012,
            -0.7876075506210327,
            0.5638740658760071,
            0.0
          ],
          [
            0.0,
            0.0,
            0.0,
            1.0
          ]
        ],
        "rotation_mode": "QUATERNION"
      },
      "armature_space": {
        "head": {
          "x": 0.18775686621665955,
          "y": 0.0065192170441150665,
          "z": 0.48318424820899963
        },
        "tail": {
          "x": 0.3025350570678711,
          "y": 0.21728940308094025,
          "z": 0.3639798164367676
        }
      },
      "world_space": {
        "head": {
          "x": 0.18775686621665955,
          "y": 0.06976321339607239,
          "z": 1.4330382347106934
        },
        "tail": {
          "x": 0.3025350570678711,
          "y": 0.28053340315818787,
          "z": 1.3138338327407837
        },
        "rotation_quaternion": {
          "w": 0.2237662374973297,
          "x": 0.16443674266338348,
          "y": 0.9182600975036621,
          "z": -0.2822900414466858
        },
        "matrix": [
          [
            -0.8457786440849304,
            0.4283256232738495,
            0.3181127905845642,
            0.18775686621665955
          ],
          [
            0.17565804719924927,
            0.7865456342697144,
            -0.5920225381851196,
            0.06976321339607239
          ],
          [
            -0.5037918090820312,
            -0.44484344124794006,
            -0.7404879331588745,
            1.4330382347106934
          ],
          [
            0.0,
            0.0,
            0.0,
            1.0
          ]
        ]
      },
      "bone_length_armature_space": 0.2679697758930243,
      "parent": "spine_01",
      "has_children": true,
      "is_end_bone": false
    },
    "lowerarm_l": {
      "name": "lowerarm_l",
      "local": {
        "location": {
          "x": 0.0,
          "y": 0.0,
          "z": 0.0
        },
        "rotation_quaternion": {
          "w": 0.9906712770462036,
          "x": 0.09933701902627945,
          "y": 0.08788423240184784,
          "z": 0.0312894843518734
        },
        "scale": {
          "x": 1.0,
          "y": 1.0,
          "z": 1.0
        },
        "matrix_basis": [
          [
            0.9825946688652039,
            -0.044534873217344284,
            0.18034517765045166,
            0.0
          ],
          [
            0.07945550233125687,
            0.978306233882904,
            -0.19132095575332642,
            0.0
          ],
          [
            -0.16791236400604248,
            0.20232036709785461,
            0.9648170471191406,
            0.0
          ],
          [
            0.0,
            0.0,
            0.0,
            1.0
          ]
        ],
        "rotation_mode": "QUATERNION"
      },
      "armature_space": {
        "head": {
          "x": 0.30253520607948303,
          "y": 0.21728941798210144,
          "z": 0.3639797866344452
        },
        "tail": {
          "x": 0.46835893392562866,
          "y": 0.3604356348514557,
          "z": 0.2104177623987198
        }
      },
      "world_space": {
        "head": {
          "x": 0.30253520607948303,
          "y": 0.28053343296051025,
          "z": 1.3138338327407837
        },
        "tail": {
          "x": 0.46835893392562866,
          "y": 0.4236796498298645,
          "z": 1.1602717638015747
        },
        "rotation_quaternion": {
          "w": 0.19883161783218384,
          "x": 0.270175576210022,
          "y": 0.8532320261001587,
          "z": -0.39933234453201294
        },
        "matrix": [
          [
            -0.77494215965271,
            0.6198450326919556,
            0.12351787090301514,
            0.30253520607948303
          ],
          [
            0.30224668979644775,
            0.5350770950317383,
            -0.788885235786438,
            0.28053343296051025
          ],
          [
            -0.5550817251205444,
            -0.5740110874176025,
            -0.602004885673523,
            1.3138338327407837
          ],
          [
            0.0,
            0.0,
            0.0,
            1.0
          ]
        ]
      },
      "bone_length_armature_space": 0.2675250376644113,
      "parent": "upperarm_l",
      "has_children": true,
      "is_end_bone": false
    },
    "metacarpal_thumb_l": {
      "name": "metacarpal_thumb_l",
      "local": {
        "location": {
          "x": 0.0,
          "y": 0.0,
          "z": 0.0
        },
        "rotation_quaternion": {
          "w": 0.9991011619567871,
          "x": -0.041880685836076736,
          "y": -0.003339388407766819,
          "z": 0.0056414175778627396
        },
        "scale": {
          "x": 1.0,
          "y": 1.0,
          "z": 1.0
        },
        "matrix_basis": [
          [
            0.9999140501022339,
            -0.010992982424795628,
            -0.007145306561142206,
            0.0
          ],
          [
            0.011552405543625355,
            0.996428370475769,
            0.08364840596914291,
            0.0
          ],
          [
            0.006200240924954414,
            -0.0837237611413002,
            0.9964697360992432,
            0.0
          ],
          [
            0.0,
            0.0,
            0.0,
            1.0
          ]
        ],
        "rotation_mode": "QUATERNION"
      },
      "armature_space": {
        "head": {
          "x": 0.46835893392562866,
          "y": 0.3604356348514557,
          "z": 0.2104177623987198
        },
        "tail": {
          "x": 0.49262189865112305,
          "y": 0.3595632016658783,
          "z": 0.1672418713569641
        }
      },
      "world_space": {
        "head": {
          "x": 0.46835893392562866,
          "y": 0.4236796498298645,
          "z": 1.1602717638015747
        },
        "tail": {
          "x": 0.49262189865112305,
          "y": 0.4228072166442871,
          "z": 1.117095947265625
        },
        "rotation_quaternion": {
          "w": 0.4216964840888977,
          "x": -0.6532757878303528,
          "y": -0.559790313243866,
          "z": 0.2864222824573517
        },
        "matrix": [
          [
            0.2091907113790512,
            0.4898279905319214,
            -0.8463495373725891,
            0.46835893392562866
          ],
          [
            0.9729623794555664,
            -0.017612719908356667,
            0.2302922159433365,
            0.4236796498298645
          ],
          [
            0.09789864718914032,
            -0.8716472387313843,
            -0.48027175664901733,
            1.1602717638015747
          ],
          [
            0.0,
            0.0,
            0.0,
            1.0
          ]
        ]
      },
      "bone_length_armature_space": 0.04953392979480328,
      "parent": "lowerarm_l",
      "has_children": true,
      "is_end_bone": false
    },
    "thumb_01_l": {
      "name": "thumb_01_l",
      "local": {
        "location": {
          "x": 0.0,
          "y": 0.0,
          "z": 0.0
        },
        "rotation_quaternion": {
          "w": 0.9995962977409363,
          "x": 0.02682121843099594,
          "y": -0.009152904152870178,
          "z": 0.002029365859925747
        },
        "scale": {
          "x": 1.0,
          "y": 1.0,
          "z": 1.0
        },
        "matrix_basis": [
          [
            0.9998242259025574,
            -0.004548077471554279,
            -0.018189558759331703,
            0.0
          ],
          [
            0.0035661091096699238,
            0.9985529780387878,
            -0.053657930344343185,
            0.0
          ],
          [
            0.018407277762889862,
            0.05358363315463066,
            0.998393714427948,
            0.0
          ],
          [
            0.0,
            0.0,
            0.0,
            1.0
          ]
        ],
        "rotation_mode": "QUATERNION"
      },
      "armature_space": {
        "head": {
          "x": 0.49262189865112305,
          "y": 0.3595632016658783,
          "z": 0.1672418713569641
        },
        "tail": {
          "x": 0.48160040378570557,
          "y": 0.36278942227363586,
          "z": 0.13519881665706635
        }
      },
      "world_space": {
        "head": {
          "x": 0.49262189865112305,
          "y": 0.4228072166442871,
          "z": 1.117095947265625
        },
        "tail": {
          "x": 0.48160040378570557,
          "y": 0.4260334372520447,
          "z": 1.0850528478622437
        },
        "rotation_quaternion": {
          "w": 0.7182420492172241,
          "x": -0.6701021194458008,
          "y": 0.17753565311431885,
          "z": 0.059771232306957245
        },
        "matrix": [
          [
            0.9298170804977417,
            -0.3237946033477783,
            0.17491954565048218,
            0.49262189865112305
          ],
          [
            -0.1520717591047287,
            0.09478117525577545,
            0.9838147163391113,
            0.4228072166442871
          ],
          [
            -0.33513525128364563,
            -0.9413745403289795,
            0.038890279829502106,
            1.117095947265625
          ],
          [
            0.0,
            0.0,
            0.0,
            1.0
          ]
        ]
      },
      "bone_length_armature_space": 0.03403879050879611,
      "parent": "metacarpal_thumb_l",
      "has_children": true,
      "is_end_bone": false
    },
    "thumb_02_l": {
      "name": "thumb_02_l",
      "local": {
        "location": {
          "x": 0.0,
          "y": 0.0,
          "z": 0.0
        },
        "rotation_quaternion": {
          "w": 0.9953056573867798,
          "x": 0.09671325236558914,
          "y": -0.0021052761003375053,
          "z": 0.002992031630128622
        },
        "scale": {
          "x": 1.0,
          "y": 1.0,
          "z": 1.0
        },
        "matrix_basis": [
          [
            0.9999732375144958,
            -0.00636318838223815,
            -0.003612048225477338,
            0.0
          ],
          [
            0.0055487556383013725,
            0.981275200843811,
            -0.19253109395503998,
            0.0
          ],
          [
            0.004769524559378624,
            0.19250589609146118,
            0.9812842011451721,
            0.0
          ],
          [
            0.0,
            0.0,
            0.0,
            1.0
          ]
        ],
        "rotation_mode": "QUATERNION"
      },
      "armature_space": {
        "head": {
          "x": 0.4816003739833832,
          "y": 0.3627893626689911,
          "z": 0.13519884645938873
        },
        "tail": {
          "x": 0.5071622133255005,
          "y": 0.3866204619407654,
          "z": 0.11540356278419495
        }
      },
      "world_space": {
        "head": {
          "x": 0.4816003739833832,
          "y": 0.4260333776473999,
          "z": 1.0850528478622437
        },
        "tail": {
          "x": 0.5071622133255005,
          "y": 0.4498644471168518,
          "z": 1.0652575492858887
        },
        "rotation_quaternion": {
          "w": 0.8718737959861755,
          "x": -0.19337177276611328,
          "y": 0.19106483459472656,
          "z": -0.4073546826839447
        },
        "matrix": [
          [
            0.5951120257377625,
            0.6364309191703796,
            0.49071061611175537,
            0.4816003739833832
          ],
          [
            -0.7842174768447876,
            0.5933389663696289,
            0.1815282106399536,
            0.4260333776473999
          ],
          [
            -0.17562943696975708,
            -0.49285629391670227,
            0.8522094488143921,
            1.0850528478622437
          ],
          [
            0.0,
            0.0,
            0.0,
            1.0
          ]
        ]
      },
      "bone_length_armature_space": 0.04016443973770632,
      "parent": "thumb_01_l",
      "has_children": true,
      "is_end_bone": false
    },
    "thumb_03_l": {
      "name": "thumb_03_l",
      "local": {
        "location": {
          "x": 0.0,
          "y": 0.0,
          "z": 0.0
        },
        "rotation_quaternion": {
          "w": 0.996964693069458,
          "x": 0.07759740948677063,
          "y": -0.006022369954735041,
          "z": -0.001940425718203187
        },
        "scale": {
          "x": 1.0,
          "y": 1.0,
          "z": 1.0
        },
        "matrix_basis": [
          [
            0.9999199509620667,
            0.002934431191533804,
            -0.012309323996305466,
            0.0
          ],
          [
            -0.0048037124797701836,
            0.9879497289657593,
            -0.1547003835439682,
            0.0
          ],
          [
            0.011707036755979061,
            0.1547471284866333,
            0.9878847599029541,
            0.0
          ],
          [
            0.0,
            0.0,
            0.0,
            1.0
          ]
        ],
        "rotation_mode": "QUATERNION"
      },
      "armature_space": {
        "head": {
          "x": 0.5071622133255005,
          "y": 0.3866204023361206,
          "z": 0.11540351808071136
        },
        "tail": {
          "x": 0.5290828347206116,
          "y": 0.4075896143913269,
          "z": 0.11282099783420563
        }
      },
      "world_space": {
        "head": {
          "x": 0.5071622133255005,
          "y": 0.44986438751220703,
          "z": 1.0652575492858887
        },
        "tail": {
          "x": 0.5290828347206116,
          "y": 0.47083359956741333,
          "z": 1.0626749992370605
        },
        "rotation_quaternion": {
          "w": 0.8735917806625366,
          "x": 0.07762476801872253,
          "y": 0.28498756885528564,
          "z": -0.3867737948894501
        },
        "matrix": [
          [
            0.5383757948875427,
            0.7200096249580383,
            0.4378781020641327,
            0.5071622133255005
          ],
          [
            -0.6315212845802307,
            0.6887602210044861,
            -0.35607704520225525,
            0.44986438751220703
          ],
          [
            -0.5579763054847717,
            -0.08482599258422852,
            0.8255187273025513,
            1.0652575492858887
          ],
          [
            0.0,
            0.0,
            0.0,
            1.0
          ]
        ]
      },
      "bone_length_armature_space": 0.03044488317623282,
      "parent": "thumb_02_l",
      "has_children": false,
      "is_end_bone": true
    },
    "metacarpal_index_l": {
      "name": "metacarpal_index_l",
      "local": {
        "location": {
          "x": 0.0,
          "y": 0.0,
          "z": 0.0
        },
        "rotation_quaternion": {
          "w": 0.9987784624099731,
          "x": -0.046944890171289444,
          "y": 0.0035470507573336363,
          "z": 0.015005926601588726
        },
        "scale": {
          "x": 1.0,
          "y": 1.0,
          "z": 1.0
        },
        "matrix_basis": [
          [
            0.9995244741439819,
            -0.030308224260807037,
            0.005676532629877329,
            0.0
          ],
          [
            0.02964216098189354,
            0.9951419830322266,
            0.09388154745101929,
            0.0
          ],
          [
            -0.00849433895200491,
            -0.09366863965988159,
            0.9955672025680542,
            0.0
          ],
          [
            0.0,
            0.0,
            0.0,
            1.0
          ]
        ],
        "rotation_mode": "QUATERNION"
      },
      "armature_space": {
        "head": {
          "x": 0.46835893392562866,
          "y": 0.3604356348514557,
          "z": 0.2104177623987198
        },
        "tail": {
          "x": 0.546022355556488,
          "y": 0.39354726672172546,
          "z": 0.1291692852973938
        }
      },
      "world_space": {
        "head": {
          "x": 0.46835893392562866,
          "y": 0.4236796498298645,
          "z": 1.1602717638015747
        },
        "tail": {
          "x": 0.546022355556488,
          "y": 0.4567912817001343,
          "z": 1.0790233612060547
        },
        "rotation_quaternion": {
          "w": 0.20781247317790985,
          "x": -0.5120143890380859,
          "y": -0.7733756303787231,
          "z": 0.3107178807258606
        },
        "matrix": [
          [
            -0.38930878043174744,
            0.662817120552063,
            -0.6396187543869019,
            0.46835893392562866
          ],
          [
            0.9211018681526184,
            0.28259050846099854,
            -0.2677954435348511,
            0.4236796498298645
          ],
          [
            0.003251702059060335,
            -0.6934136748313904,
            -0.720542311668396,
            1.1602717638015747
          ],
          [
            0.0,
            0.0,
            0.0,
            1.0
          ]
        ]
      },
      "bone_length_armature_space": 0.11717210608940416,
      "parent": "lowerarm_l",
      "has_children": true,
      "is_end_bone": false
    },
    "index_01_l": {
      "name": "index_01_l",
      "local": {
        "location": {
          "x": 0.0,
          "y": 0.0,
          "z": 0.0
        },
        "rotation_quaternion": {
          "w": 0.9971508979797363,
          "x": -0.07491659373044968,
          "y": -0.008410303853452206,
          "z": 0.002643005922436714
        },
        "scale": {
          "x": 1.0,
          "y": 1.0,
          "z": 1.0
        },
        "matrix_basis": [
          [
            0.9998445510864258,
            -0.004010808654129505,
            -0.017168693244457245,
            0.0
          ],
          [
            0.006531094200909138,
            0.9887610077857971,
            0.14936183393001556,
            0.0
          ],
          [
            0.01637667417526245,
            -0.14945074915885925,
            0.9886335134506226,
            0.0
          ],
          [
            0.0,
            0.0,
            0.0,
            1.0
          ]
        ],
        "rotation_mode": "QUATERNION"
      },
      "armature_space": {
        "head": {
          "x": 0.546022355556488,
          "y": 0.39354726672172546,
          "z": 0.1291692852973938
        },
        "tail": {
          "x": 0.564536452293396,
          "y": 0.4115683436393738,
          "z": 0.11710529029369354
        }
      },
      "world_space": {
        "head": {
          "x": 0.546022355556488,
          "y": 0.4567912817001343,
          "z": 1.0790233612060547
        },
        "tail": {
          "x": 0.564536452293396,
          "y": 0.4748123288154602,
          "z": 1.066959261894226
        },
        "rotation_quaternion": {
          "w": 0.20149430632591248,
          "x": -0.4025690257549286,
          "y": -0.8805679678916931,
          "z": 0.14811581373214722
        },
        "matrix": [
          [
            -0.5946758985519409,
            0.6492902636528015,
            -0.47411245107650757,
            0.546022355556488
          ],
          [
            0.7686683535575867,
            0.6319995522499084,
            -0.09862038493156433,
            0.4567912817001343
          ],
          [
            0.23560801148414612,
            -0.42308473587036133,
            -0.8749299049377441,
            1.0790233612060547
          ],
          [
            0.0,
            0.0,
            0.0,
            1.0
          ]
        ]
      },
      "bone_length_armature_space": 0.028514399700179938,
      "parent": "metacarpal_index_l",
      "has_children": true,
      "is_end_bone": false
    },
    "index_02_l": {
      "name": "index_02_l",
      "local": {
        "location": {
          "x": 0.0,
          "y": 0.0,
          "z": 0.0
        },
        "rotation_quaternion": {
          "w": 0.9886338114738464,
          "x": 0.15009374916553497,
          "y": 0.008641687221825123,
          "z": -0.0006468017818406224
        },
        "scale": {
          "x": 1.0,
          "y": 1.0,
          "z": 1.0
        },
        "matrix_basis": [
          [
            0.999849796295166,
            0.0038730266969650984,
            0.01689276657998562,
            0.0
          ],
          [
            0.0013152261963114142,
            0.9549428820610046,
            -0.29678669571876526,
            0.0
          ],
          [
            -0.01728109084069729,
            0.2967643439769745,
            0.9547943472862244,
            0.0
          ],
          [
            0.0,
            0.0,
            0.0,
            1.0
          ]
        ],
        "rotation_mode": "QUATERNION"
      },
      "armature_space": {
        "head": {
          "x": 0.5645366907119751,
          "y": 0.41156837344169617,
          "z": 0.11710479110479355
        },
        "tail": {
          "x": 0.5771846771240234,
          "y": 0.4268242120742798,
          "z": 0.10081428289413452
        }
      },
      "world_space": {
        "head": {
          "x": 0.5645366907119751,
          "y": 0.474812388420105,
          "z": 1.0669587850570679
        },
        "tail": {
          "x": 0.5771846771240234,
          "y": 0.4900681972503662,
          "z": 1.0506682395935059
        },
        "rotation_quaternion": {
          "w": 0.2317018061876297,
          "x": -0.35888364911079407,
          "y": -0.8623580932617188,
          "z": 0.2717636227607727
        },
        "matrix": [
          [
            -0.6350328922271729,
            0.49303680658340454,
            -0.5946829319000244,
            0.5645366907119751
          ],
          [
            0.744909405708313,
            0.5946939587593079,
            -0.3024062514305115,
            0.474812388420105
          ],
          [
            0.2045590877532959,
            -0.6350266337394714,
            -0.7449234127998352,
            1.0669587850570679
          ],
          [
            0.0,
            0.0,
            0.0,
            1.0
          ]
        ]
      },
      "bone_length_armature_space": 0.025653320080352964,
      "parent": "index_01_l",
      "has_children": true,
      "is_end_bone": false
    },
    "index_03_l": {
      "name": "index_03_l",
      "local": {
        "location": {
          "x": 0.0,
          "y": 0.0,
          "z": 0.0
        },
        "rotation_quaternion": {
          "w": 0.9786661863327026,
          "x": 0.20529811084270477,
          "y": 0.007463464047759771,
          "z": 0.0030721568036824465
        },
        "scale": {
          "x": 1.0,
          "y": 1.0,
          "z": 1.0
        },
        "matrix_basis": [
          [
            0.999869704246521,
            -0.0029487619176506996,
            0.01586989499628544,
            0.0
          ],
          [
            0.009077701717615128,
            0.9156864881515503,
            -0.4017907679080963,
            0.0
          ],
          [
            -0.013347064144909382,
            0.40188249945640564,
            0.9155939817428589,
            0.0
          ],
          [
            0.0,
            0.0,
            0.0,
            1.0
          ]
        ],
        "rotation_mode": "QUATERNION"
      },
      "armature_space": {
        "head": {
          "x": 0.5771847367286682,
          "y": 0.4268242120742798,
          "z": 0.10081438720226288
        },
        "tail": {
          "x": 0.5793992280960083,
          "y": 0.44004324078559875,
          "z": 0.07485108077526093
        }
      },
      "world_space": {
        "head": {
          "x": 0.5771847367286682,
          "y": 0.4900681972503662,
          "z": 1.0506683588027954
        },
        "tail": {
          "x": 0.5793992280960083,
          "y": 0.5032872557640076,
          "z": 1.0247050523757935
        },
        "rotation_quaternion": {
          "w": 0.3549906611442566,
          "x": -0.2576068043708801,
          "y": -0.7747194766998291,
          "z": 0.45544493198394775
        },
        "matrix": [
          [
            -0.6152411699295044,
            0.0757899284362793,
            -0.7846872210502625,
            0.5771847367286682
          ],
          [
            0.722503662109375,
            0.45241740345954895,
            -0.5227881073951721,
            0.4900681972503662
          ],
          [
            0.31538698077201843,
            -0.8885858058929443,
            -0.3331071138381958,
            1.0506683588027954
          ],
          [
            0.0,
            0.0,
            0.0,
            1.0
          ]
        ]
      },
      "bone_length_armature_space": 0.029218828633364145,
      "parent": "index_02_l",
      "has_children": false,
      "is_end_bone": true
    },
    "metacarpal_pinky_l": {
      "name": "metacarpal_pinky_l",
      "local": {
        "location": {
          "x": 0.0,
          "y": 0.0,
          "z": 0.0
        },
        "rotation_quaternion": {
          "w": 0.9998959302902222,
          "x": -0.005947314202785492,
          "y": -0.0074762012809515,
          "z": -0.010813272558152676
        },
        "scale": {
          "x": 1.0,
          "y": 1.0,
          "z": 1.0
        },
        "matrix_basis": [
          [
            0.9996543526649475,
            0.021713221445679665,
            -0.014822226949036121,
            0.0
          ],
          [
            -0.021535368636250496,
            0.9996954202651978,
            0.01205507479608059,
            0.0
          ],
          [
            0.015079466626048088,
            -0.01173170655965805,
            0.9998174905776978,
            0.0
          ],
          [
            0.0,
            0.0,
            0.0,
            1.0
          ]
        ],
        "rotation_mode": "QUATERNION"
      },
      "armature_space": {
        "head": {
          "x": 0.46835893392562866,
          "y": 0.3604356348514557,
          "z": 0.2104177623987198
        },
        "tail": {
          "x": 0.5246794819831848,
          "y": 0.43805432319641113,
          "z": 0.1698397845029831
        }
      },
      "world_space": {
        "head": {
          "x": 0.46835893392562866,
          "y": 0.4236796498298645,
          "z": 1.1602717638015747
        },
        "tail": {
          "x": 0.5246794819831848,
          "y": 0.5012983083724976,
          "z": 1.1196937561035156
        },
        "rotation_quaternion": {
          "w": 0.7369660139083862,
          "x": 0.013362050987780094,
          "y": 0.5740906000137329,
          "z": -0.3565424978733063
        },
        "matrix": [
          [
            0.08659413456916809,
            0.5408635139465332,
            0.8366408944129944,
            0.46835893392562866
          ],
          [
            -0.5101782083511353,
            0.7453962564468384,
            -0.4290723502635956,
            0.4236796498298645
          ],
          [
            -0.8557050228118896,
            -0.3896828889846802,
            0.3404855728149414,
            1.1602717638015747
          ],
          [
            0.0,
            0.0,
            0.0,
            1.0
          ]
        ]
      },
      "bone_length_armature_space": 0.10413086668384952,
      "parent": "lowerarm_l",
      "has_children": true,
      "is_end_bone": false
    },
    "pinky_01_l": {
      "name": "pinky_01_l",
      "local": {
        "location": {
          "x": 0.0,
          "y": 0.0,
          "z": 0.0
        },
        "rotation_quaternion": {
          "w": 0.998754620552063,
          "x": 0.048457689583301544,
          "y": 0.004161932971328497,
          "z": 0.011131000705063343
        },
        "scale": {
          "x": 1.0,
          "y": 1.0,
          "z": 1.0
        },
        "matrix_basis": [
          [
            0.9997175335884094,
            -0.02183092199265957,
            0.009392264299094677,
            0.0
          ],
          [
            0.022637631744146347,
            0.9950559139251709,
            -0.09670203179121017,
            0.0
          ],
          [
            -0.007234734483063221,
            0.09688733518123627,
            0.9952690601348877,
            0.0
          ],
          [
            0.0,
            0.0,
            0.0,
            1.0
          ]
        ],
        "rotation_mode": "QUATERNION"
      },
      "armature_space": {
        "head": {
          "x": 0.5246794819831848,
          "y": 0.43805432319641113,
          "z": 0.1698397845029831
        },
        "tail": {
          "x": 0.5353491306304932,
