{
  "metadata": {
    "armature_name": "KIM_caucasian_male",
    "export_time": "2026-01-13T21:07:22.641545",
    "blender_version": "4.4.1",
    "bone_count": 56,
    "end_bone_count": 13,
    "spaces_included": [
      "LOCAL_CHANNELS",
      "ARMATURE_SPACE",
      "WORLD_SPACE"
    ],
    "note": "LOCAL matches Transform panel; replay pose via local.matrix_basis for best fidelity."
  },
  "bones": {
    "Root": {
      "name": "Root",
      "local": {
        "location": {
          "x": 0.0,
          "y": 0.0,
          "z": 0.0
        },
        "rotation_quaternion": {
          "w": 0.9995071887969971,
          "x": 0.017833659425377846,
          "y": -0.0012745354324579239,
          "z": -0.025801818817853928
        },
        "scale": {
          "x": 1.0,
          "y": 1.0,
          "z": 1.0
        },
        "matrix_basis": [
          [
            0.9986652731895447,
            0.05153274908661842,
            -0.0034680962562561035,
            0.0
          ],
          [
            -0.051623664796352386,
            0.9980324506759644,
            -0.035583969205617905,
            0.0
          ],
          [
            0.0016275329980999231,
            0.03571551293134689,
            0.9993606805801392,
            0.0
          ],
          [
            0.0,
            0.0,
            0.0,
            1.0
          ]
        ],
        "rotation_mode": "QUATERNION"
      },
      "armature_space": {
        "head": {
          "x": 0.0,
          "y": 0.07072800397872925,
          "z": -0.009595036506652832
        },
        "tail": {
          "x": 0.0036781947128474712,
          "y": -0.0002035275101661682,
          "z": -0.0025449837557971478
        }
      },
      "world_space": {
        "head": {
          "x": 0.0,
          "y": 0.13397200405597687,
          "z": 0.9402589797973633
        },
        "tail": {
          "x": 0.0036781947128474712,
          "y": 0.06304047256708145,
          "z": 0.9473090171813965
        },
        "rotation_quaternion": {
          "w": 0.049541305750608444,
          "x": 0.9984379410743713,
          "y": 0.02565733902156353,
          "z": -0.0030098508577793837
        },
        "matrix": [
          [
            0.9986652731895447,
            0.05153274908661842,
            -0.0034680962562561035,
            0.0
          ],
          [
            0.050936296582221985,
            -0.9937747120857239,
            -0.09908276796340942,
            0.13397200405597687
          ],
          [
            -0.00855252519249916,
            0.09877361357212067,
            -0.9950802326202393,
            0.9402589797973633
          ],
          [
            0.0,
            0.0,
            0.0,
            1.0
          ]
        ]
      },
      "bone_length_armature_space": 0.07137586737794374,
      "parent": null,
      "has_children": true,
      "is_end_bone": false
    },
    "spine_01": {
      "name": "spine_01",
      "local": {
        "location": {
          "x": 0.0,
          "y": 0.0,
          "z": 0.0
        },
        "rotation_quaternion": {
          "w": 0.994218647480011,
          "x": 0.06842539459466934,
          "y": -0.0545344203710556,
          "z": 0.06223728880286217
        },
        "scale": {
          "x": 1.0,
          "y": 1.0,
          "z": 1.0
        },
        "matrix_basis": [
          [
            0.9863050580024719,
            -0.13121803104877472,
            -0.09992105513811111,
            0.0
          ],
          [
            0.11629186570644379,
            0.9828889966011047,
            -0.14284776151180267,
            0.0
          ],
          [
            0.11695549637079239,
            0.1292714625597,
            0.9846879243850708,
            0.0
          ],
          [
            0.0,
            0.0,
            0.0,
            1.0
          ]
        ],
        "rotation_mode": "QUATERNION"
      },
      "armature_space": {
        "head": {
          "x": 0.0036781947128474712,
          "y": -0.0002035275101661682,
          "z": -0.0025449837557971478
        },
        "tail": {
          "x": -0.05322040617465973,
          "y": -0.06105474382638931,
          "z": 0.47829604148864746
        }
      },
      "world_space": {
        "head": {
          "x": 0.0036781947128474712,
          "y": 0.06304047256708145,
          "z": 0.9473090171813965
        },
        "tail": {
          "x": -0.05322040617465973,
          "y": 0.002189256250858307,
          "z": 1.4281500577926636
        },
        "rotation_quaternion": {
          "w": 0.6587677597999573,
          "x": 0.7496451735496521,
          "y": -0.06064217910170555,
          "z": 0.0194870475679636
        },
        "matrix": [
          [
            0.9918855428695679,
            -0.11659520119428635,
            -0.05068220570683479,
            0.0036781947128474712
          ],
          [
            -0.06524604558944702,
            -0.12469480186700821,
            -0.9900476932525635,
            0.06304047256708145
          ],
          [
            0.10911568254232407,
            0.9853274822235107,
            -0.13129214942455292,
            0.9473090171813965
          ],
          [
            0.0,
            0.0,
            0.0,
            1.0
          ]
        ]
      },
      "bone_length_armature_space": 0.4880045004003025,
      "parent": "Root",
      "has_children": true,
      "is_end_bone": false
    },
    "neck_01": {
      "name": "neck_01",
      "local": {
        "location": {
          "x": 0.0,
          "y": 0.0,
          "z": 0.0
        },
        "rotation_quaternion": {
          "w": 0.9952044486999512,
          "x": 0.002168042352423072,
          "y": -0.08313604444265366,
          "z": 0.05149587243795395
        },
        "scale": {
          "x": 1.0,
          "y": 1.0,
          "z": 1.0
        },
        "matrix_basis": [
          [
            0.980873167514801,
            -0.10285832732915878,
            -0.16525143384933472,
            0.0
          ],
          [
            0.10213735699653625,
            0.9946869611740112,
            -0.01287761703133583,
            0.0
          ],
          [
            0.16569800674915314,
            -0.00424703536555171,
            0.9861673712730408,
            0.0
          ],
          [
            0.0,
            0.0,
            0.0,
            1.0
          ]
        ],
        "rotation_mode": "QUATERNION"
      },
      "armature_space": {
        "head": {
          "x": -0.06351500749588013,
          "y": -0.10451999306678772,
          "z": 0.5458869338035583
        },
        "tail": {
          "x": -0.08693471550941467,
          "y": -0.1535559743642807,
          "z": 0.6328220367431641
        }
      },
      "world_space": {
        "head": {
          "x": -0.06351500749588013,
          "y": -0.0412759929895401,
          "z": 1.4957408905029297
        },
        "tail": {
          "x": -0.08693471550941467,
          "y": -0.09031197428703308,
          "z": 1.5826760530471802
        },
        "rotation_quaternion": {
          "w": 0.4906183183193207,
          "x": 0.8595922589302063,
          "y": -0.1419270932674408,
          "z": -0.01585930958390236
        },
        "matrix": [
          [
            0.9592102766036987,
            -0.2284373641014099,
            -0.16652998328208923,
            -0.06351500749588013
          ],
          [
            -0.2595614194869995,
            -0.4783002734184265,
            -0.8389619588851929,
            -0.0412759929895401
          ],
          [
            0.11199942231178284,
            0.8479709029197693,
            -0.5180884003639221,
            1.4957408905029297
          ],
          [
            0.0,
            0.0,
            0.0,
            1.0
          ]
        ]
      },
      "bone_length_armature_space": 0.10252181345181219,
      "parent": "spine_01",
      "has_children": true,
      "is_end_bone": false
    },
    "head": {
      "name": "head",
      "local": {
        "location": {
          "x": 0.0,
          "y": 0.0,
          "z": 0.0
        },
        "rotation_quaternion": {
          "w": 0.9934519529342651,
          "x": 0.07731007784605026,
          "y": 0.02086774818599224,
          "z": 0.08149214833974838
        },
        "scale": {
          "x": 1.0,
          "y": 1.0,
          "z": 1.0
        },
        "matrix_basis": [
          [
            0.9858471155166626,
            -0.15869049727916718,
            0.05406253784894943,
            0.0
          ],
          [
            0.16514363884925842,
            0.974764347076416,
            -0.1502065807580948,
            0.0
          ],
          [
            -0.02886188216507435,
            0.1570088118314743,
            0.9871754050254822,
            0.0
          ],
          [
            0.0,
            0.0,
            0.0,
            1.0
          ]
        ],
        "rotation_mode": "QUATERNION"
      },
      "armature_space": {
        "head": {
          "x": -0.08693471550941467,
          "y": -0.15355607867240906,
          "z": 0.6328219175338745
        },
        "tail": {
          "x": -0.13957342505455017,
          "y": -0.19187703728675842,
          "z": 0.7735838294029236
        }
      },
      "world_space": {
        "head": {
          "x": -0.08693471550941467,
          "y": -0.09031207859516144,
          "z": 1.5826759338378906
        },
        "tail": {
          "x": -0.13957342505455017,
          "y": -0.1286330372095108,
          "z": 1.723437786102295
        },
        "rotation_quaternion": {
          "w": 0.5839438438415527,
          "x": 0.7888171672821045,
          "y": -0.18832238018512726,
          "z": 0.03622180595993996
        },
        "matrix": [
          [
            0.9264450073242188,
            -0.3394070863723755,
            -0.1627962589263916,
            -0.08693471550941467
          ],
          [
            -0.2548024356365204,
            -0.24708814918994904,
            -0.9348922967910767,
            -0.09031207859516144
          ],
          [
            0.27708569169044495,
            0.9076131582260132,
            -0.31539836525917053,
            1.5826759338378906
          ],
          [
            0.0,
            0.0,
            0.0,
            1.0
          ]
        ]
      },
      "bone_length_armature_space": 0.15509108678700903,
      "parent": "neck_01",
      "has_children": false,
      "is_end_bone": true
    },
    "upperarm_l": {
      "name": "upperarm_l",
      "local": {
        "location": {
          "x": 0.0,
          "y": 0.0,
          "z": 0.0
        },
        "rotation_quaternion": {
          "w": 0.8559478521347046,
          "x": -0.0009601528290659189,
          "y": 0.4938584268093109,
          "z": 0.15315505862236023
        },
        "scale": {
          "x": 1.0,
          "y": 1.0,
          "z": 1.0
        },
        "matrix_basis": [
          [
            0.4652947783470154,
            -0.26313385367393494,
            0.8451400399208069,
            0.0
          ],
          [
            0.26123711466789246,
            0.95308518409729,
            0.1529175192117691,
            0.0
          ],
          [
            -0.8457282185554504,
            0.14963014423847198,
            0.5122058391571045,
            0.0
          ],
          [
            0.0,
            0.0,
            0.0,
            1.0
          ]
        ],
        "rotation_mode": "QUATERNION"
      },
      "armature_space": {
        "head": {
          "x": 0.09294229000806808,
          "y": -0.10908383876085281,
          "z": 0.4956139624118805
        },
        "tail": {
          "x": 0.3400907516479492,
          "y": -0.1653289496898651,
          "z": 0.5825727581977844
        }
      },
      "world_space": {
        "head": {
          "x": 0.09294229000806808,
          "y": -0.045839838683605194,
          "z": 1.4454679489135742
        },
        "tail": {
          "x": 0.3400907516479492,
          "y": -0.10208494961261749,
          "z": 1.5324268341064453
        },
        "rotation_quaternion": {
          "w": 0.22762534022331238,
          "x": 0.7773789763450623,
          "y": 0.5858663320541382,
          "z": -0.02508707158267498
        },
        "matrix": [
          [
            0.3122618794441223,
            0.9223009943962097,
            0.22771336138248444,
            0.09294229000806808
          ],
          [
            0.8994603157043457,
            -0.20989379286766052,
            -0.3832968473434448,
            -0.045839838683605194
          ],
          [
            -0.3057207763195038,
            0.3245100975036621,
            -0.8951215147972107,
            1.4454679489135742
          ],
          [
            0.0,
            0.0,
            0.0,
            1.0
          ]
        ]
      },
      "bone_length_armature_space": 0.2679695956026365,
      "parent": "spine_01",
      "has_children": true,
      "is_end_bone": false
    },
    "lowerarm_l": {
      "name": "lowerarm_l",
      "local": {
        "location": {
          "x": 0.0,
          "y": 0.0,
          "z": 0.0
        },
        "rotation_quaternion": {
          "w": 0.9471776485443115,
          "x": 0.2513321042060852,
          "y": 0.09993662685155869,
          "z": -0.17233535647392273
        },
        "scale": {
          "x": 1.0,
          "y": 1.0,
          "z": 1.0
        },
        "matrix_basis": [
          [
            0.9206264019012451,
            0.37669897079467773,
            0.10268866270780563,
            0.0
          ],
          [
            -0.2762298285961151,
            0.8142653703689575,
            -0.5105575323104858,
            0.0
          ],
          [
            -0.27594229578971863,
            0.4416670799255371,
            0.8536896705627441,
            0.0
          ],
          [
            0.0,
            0.0,
            0.0,
            1.0
          ]
        ],
        "rotation_mode": "QUATERNION"
      },
      "armature_space": {
        "head": {
          "x": 0.340090811252594,
          "y": -0.16532909870147705,
          "z": 0.5825727581977844
        },
        "tail": {
          "x": 0.5873256325721741,
          "y": -0.2072460949420929,
          "z": 0.4893665909767151
        }
      },
      "world_space": {
        "head": {
          "x": 0.340090811252594,
          "y": -0.10208509862422943,
          "z": 1.5324268341064453
        },
        "tail": {
          "x": 0.5873256325721741,
          "y": -0.14400209486484528,
          "z": 1.439220666885376
        },
        "rotation_quaternion": {
          "w": 0.0647214874625206,
          "x": -0.7347953915596008,
          "y": -0.6461179852485657,
          "z": 0.196006178855896
        },
        "matrix": [
          [
            0.08822490274906158,
            0.9241576790809631,
            -0.3716835677623749,
            0.340090811252594
          ],
          [
            0.9749006032943726,
            -0.15668471157550812,
            -0.15817490220069885,
            -0.10208509862422943
          ],
          [
            -0.20441623032093048,
            -0.34840235114097595,
            -0.9147919416427612,
            1.5324268341064453
          ],
          [
            0.0,
            0.0,
            0.0,
            1.0
          ]
        ]
      },
      "bone_length_armature_space": 0.2675247339248381,
      "parent": "upperarm_l",
      "has_children": true,
      "is_end_bone": false
    },
    "metacarpal_thumb_l": {
      "name": "metacarpal_thumb_l",
      "local": {
        "location": {
          "x": 0.0,
          "y": 0.0,
          "z": 0.0
        },
        "rotation_quaternion": {
          "w": 0.99858158826828,
          "x": -0.04777628555893898,
          "y": -0.021070508286356926,
          "z": -0.010403973050415516
        },
        "scale": {
          "x": 1.0,
          "y": 1.0,
          "z": 1.0
        },
        "matrix_basis": [
          [
            0.9988955855369568,
            0.022791773080825806,
            -0.04108711704611778,
            0.0
          ],
          [
            -0.01876509003341198,
            0.9952183961868286,
            0.0958554744720459,
            0.0
          ],
          [
            0.04307536780834198,
            -0.09497860074043274,
            0.9945469498634338,
            0.0
          ],
          [
            0.0,
            0.0,
            0.0,
            1.0
          ]
        ],
        "rotation_mode": "QUATERNION"
      },
      "armature_space": {
        "head": {
          "x": 0.5873256325721741,
          "y": -0.2072460949420929,
          "z": 0.4893665909767151
        },
        "tail": {
          "x": 0.6145235300064087,
          "y": -0.21370841562747955,
          "z": 0.4484750032424927
        }
      },
      "world_space": {
        "head": {
          "x": 0.5873256325721741,
          "y": -0.14400209486484528,
          "z": 1.439220666885376
        },
        "tail": {
          "x": 0.6145235300064087,
          "y": -0.15046441555023193,
          "z": 1.3983290195465088
        },
        "rotation_quaternion": {
          "w": 0.6152605414390564,
          "x": -0.7338472008705139,
          "y": -0.237114816904068,
          "z": -0.16339972615242004
        },
        "matrix": [
          [
            0.8341538906097412,
            0.5490789413452148,
            -0.05195596441626549,
            0.5873256325721741
          ],
          [
            0.14694854617118835,
            -0.13046318292617798,
            0.9805030226707458,
            -0.14400209486484528
          ],
          [
            0.5315989851951599,
            -0.8255310654640198,
            -0.18951313197612762,
            1.439220666885376
          ],
          [
            0.0,
            0.0,
            0.0,
            1.0
          ]
        ]
      },
      "bone_length_armature_space": 0.04953391883383214,
      "parent": "lowerarm_l",
      "has_children": true,
      "is_end_bone": false
    },
    "thumb_01_l": {
      "name": "thumb_01_l",
      "local": {
        "location": {
          "x": 0.0,
          "y": 0.0,
          "z": 0.0
        },
        "rotation_quaternion": {
          "w": 0.9857586622238159,
          "x": 0.16693736612796783,
          "y": 0.015951821580529213,
          "z": -0.012546064332127571
        },
        "scale": {
          "x": 1.0,
          "y": 1.0,
          "z": 1.0
        },
        "matrix_basis": [
          [
            0.9991762638092041,
            0.030060693621635437,
            0.02726047858595848,
            0.0
          ],
          [
            -0.019408872351050377,
            0.9439490437507629,
            -0.32952016592025757,
            0.0
          ],
          [
            -0.03563810512423515,
            0.3287196457386017,
            0.9437549114227295,
            0.0
          ],
          [
            0.0,
            0.0,
            0.0,
            1.0
          ]
        ],
        "rotation_mode": "QUATERNION"
      },
      "armature_space": {
        "head": {
          "x": 0.6145235300064087,
          "y": -0.21370841562747955,
          "z": 0.4484750032424927
        },
        "tail": {
          "x": 0.6318662762641907,
          "y": -0.19198818504810333,
          "z": 0.42882582545280457
        }
      },
      "world_space": {
        "head": {
          "x": 0.6145235300064087,
          "y": -0.15046441555023193,
          "z": 1.3983290195465088
        },
        "tail": {
          "x": 0.6318662762641907,
          "y": -0.1287441849708557,
          "z": 1.378679871559143
        },
        "rotation_quaternion": {
          "w": 0.8207186460494995,
          "x": -0.17058596014976501,
          "y": 0.3814111053943634,
          "z": -0.38967564702033997
        },
        "matrix": [
          [
            0.40535613894462585,
            0.5095031261444092,
            0.7590078711509705,
            0.6145235300064087
          ],
          [
            -0.769755482673645,
            0.6381062865257263,
            -0.017248600721359253,
            -0.15046441555023193
          ],
          [
            -0.49311989545822144,
            -0.5772620439529419,
            0.6508575081825256,
            1.3983290195465088
          ],
          [
            0.0,
            0.0,
            0.0,
            1.0
          ]
        ]
      },
      "bone_length_armature_space": 0.03403864651785985,
      "parent": "metacarpal_thumb_l",
      "has_children": true,
      "is_end_bone": false
    },
    "thumb_02_l": {
      "name": "thumb_02_l",
      "local": {
        "location": {
          "x": 0.0,
          "y": 0.0,
          "z": 0.0
        },
        "rotation_quaternion": {
          "w": 0.9339524507522583,
          "x": 0.35724812746047974,
          "y": -0.004214514046907425,
          "z": -0.009426950477063656
        },
        "scale": {
          "x": 1.0,
          "y": 1.0,
          "z": 1.0
        },
        "matrix_basis": [
          [
            0.9997867345809937,
            0.0145973926410079,
            -0.014607831835746765,
            0.0
          ],
          [
            -0.02061990089714527,
            0.7445698380470276,
            -0.6672260761260986,
            0.0
          ],
          [
            0.00113679061178118,
            0.6673849821090698,
            0.7447120547294617,
            0.0
          ],
          [
            0.0,
            0.0,
            0.0,
            1.0
          ]
        ],
        "rotation_mode": "QUATERNION"
      },
      "armature_space": {
        "head": {
          "x": 0.6318662166595459,
          "y": -0.19198817014694214,
          "z": 0.42882582545280457
        },
        "tail": {
          "x": 0.6601279973983765,
          "y": -0.2184651494026184,
          "z": 0.43947577476501465
        }
      },
      "world_space": {
        "head": {
          "x": 0.6318662166595459,
          "y": -0.12874417006969452,
          "z": 1.378679871559143
        },
        "tail": {
          "x": 0.6601279973983765,
          "y": -0.1552211493253708,
          "z": 1.3893297910690308
        },
        "rotation_quaternion": {
          "w": 0.40910205245018005,
          "x": 0.43192264437675476,
          "y": 0.05502080172300339,
          "z": -0.8019046783447266
        },
        "matrix": [
          [
            -0.2921558618545532,
            0.7036526799201965,
            -0.6477019190788269,
            0.6318662166595459
          ],
          [
            -0.6085929870605469,
            -0.6592150330543518,
            -0.44164544343948364,
            -0.12874417006969452
          ],
          [
            -0.7377455234527588,
            0.2651587724685669,
            0.6208354234695435,
            1.378679871559143
          ],
          [
            0.0,
            0.0,
            0.0,
            1.0
          ]
        ]
      },
      "bone_length_armature_space": 0.040164413379759165,
      "parent": "thumb_01_l",
      "has_children": true,
      "is_end_bone": false
    },
    "thumb_03_l": {
      "name": "thumb_03_l",
      "local": {
        "location": {
          "x": 0.0,
          "y": 0.0,
          "z": 0.0
        },
        "rotation_quaternion": {
          "w": 0.9795310497283936,
          "x": 0.20121408998966217,
          "y": 0.0019538416527211666,
          "z": -0.005293476395308971
        },
        "scale": {
          "x": 1.0,
          "y": 1.0,
          "z": 1.0
        },
        "matrix_basis": [
          [
            0.9999363422393799,
            0.011156530119478703,
            0.0016974530881270766,
            0.0
          ],
          [
            -0.009583967737853527,
            0.9189697504043579,
            -0.3942115902900696,
            0.0
          ],
          [
            -0.005957941059023142,
            0.39417022466659546,
            0.9190181493759155,
            0.0
          ],
          [
            0.0,
            0.0,
            0.0,
            1.0
          ]
        ],
        "rotation_mode": "QUATERNION"
      },
      "armature_space": {
        "head": {
          "x": 0.6601279973983765,
          "y": -0.21846511960029602,
          "z": 0.4394756853580475
        },
        "tail": {
          "x": 0.6652809381484985,
          "y": -0.24284771084785461,
          "z": 0.4569637179374695
        }
      },
      "world_space": {
        "head": {
          "x": 0.6601279973983765,
          "y": -0.1552211195230484,
          "z": 1.3893296718597412
        },
        "tail": {
          "x": 0.6652809381484985,
          "y": -0.179603710770607,
          "z": 1.4068176746368408
        },
        "rotation_quaternion": {
          "w": 0.28252434730529785,
          "x": 0.6955646872520447,
          "y": -0.14050623774528503,
          "z": -0.6454671025276184
        },
        "matrix": [
          [
            0.12726160883903503,
            0.16925516724586487,
            -0.9773215055465698,
            0.6601279973983765
          ],
          [
            -0.5601829290390015,
            -0.8008766174316406,
            -0.21164223551750183,
            -0.1552211195230484
          ],
          [
            -0.8185414671897888,
            0.5744158625602722,
            -0.007107242941856384,
            1.3893296718597412
          ],
          [
            0.0,
            0.0,
            0.0,
            1.0
          ]
        ]
      },
      "bone_length_armature_space": 0.030444947687951134,
      "parent": "thumb_02_l",
      "has_children": false,
      "is_end_bone": true
    },
    "metacarpal_index_l": {
      "name": "metacarpal_index_l",
      "local": {
        "location": {
          "x": 0.0,
          "y": 0.0,
          "z": 0.0
        },
        "rotation_quaternion": {
          "w": 0.998771071434021,
          "x": -0.049404077231884,
          "y": 0.003236031625419855,
          "z": -0.0022794553078711033
        },
        "scale": {
          "x": 1.0,
          "y": 1.0,
          "z": 1.0
        },
        "matrix_basis": [
          [
            0.9999686479568481,
            0.004233561921864748,
            0.006689338479191065,
            0.0
          ],
          [
            -0.004873054567724466,
            0.9951080679893494,
            0.09867197275161743,
            0.0
          ],
          [
            -0.006238880567252636,
            -0.09870147705078125,
            0.9950975179672241,
            0.0
          ],
          [
            0.0,
            0.0,
            0.0,
            1.0
          ]
        ],
        "rotation_mode": "QUATERNION"
      },
      "armature_space": {
        "head": {
          "x": 0.5873256325721741,
          "y": -0.2072460949420929,
          "z": 0.4893665909767151
        },
        "tail": {
          "x": 0.6812019348144531,
          "y": -0.23271416127681732,
          "z": 0.42403748631477356
        }
      },
      "world_space": {
        "head": {
          "x": 0.5873256325721741,
          "y": -0.14400209486484528,
          "z": 1.439220666885376
        },
        "tail": {
          "x": 0.6812019348144531,
          "y": -0.1694701611995697,
          "z": 1.3738914728164673
        },
        "rotation_quaternion": {
          "w": 0.41336333751678467,
          "x": -0.775123119354248,
          "y": -0.46952304244041443,
          "z": -0.08867435157299042
        },
        "matrix": [
          [
            0.5433685183525085,
            0.8011857867240906,
            -0.2507023811340332,
            0.5873256325721741
          ],
          [
            0.6545695066452026,
            -0.21735674142837524,
            0.7240825295448303,
            -0.14400209486484528
          ],
          [
            0.5256369709968567,
            -0.5575500130653381,
            -0.642540454864502,
            1.439220666885376
          ],
          [
            0.0,
            0.0,
            0.0,
            1.0
          ]
        ]
      },
      "bone_length_armature_space": 0.11717198587085012,
      "parent": "lowerarm_l",
      "has_children": true,
      "is_end_bone": false
    },
    "index_01_l": {
      "name": "index_01_l",
      "local": {
        "location": {
          "x": 0.0,
          "y": 0.0,
          "z": 0.0
        },
        "rotation_quaternion": {
          "w": 0.9703457355499268,
          "x": 0.2405543178319931,
          "y": -0.01777542009949684,
          "z": -0.015714189037680626
        },
        "scale": {
          "x": 1.0,
          "y": 1.0,
          "z": 1.0
        },
        "matrix_basis": [
          [
            0.9988741874694824,
            0.021944483742117882,
            -0.042056839913129807,
            0.0
          ],
          [
            -0.03904829919338226,
            0.8837733864784241,
            -0.46628305315971375,
            0.0
          ],
          [
            0.026936374604701996,
            0.46740037202835083,
            0.8836352825164795,
            0.0
          ],
          [
            0.0,
            0.0,
            0.0,
            1.0
          ]
        ],
        "rotation_mode": "QUATERNION"
      },
      "armature_space": {
        "head": {
          "x": 0.6812019348144531,
          "y": -0.23271416127681732,
          "z": 0.42403748631477356
        },
        "tail": {
          "x": 0.7040548324584961,
          "y": -0.22442971169948578,
          "z": 0.40913161635398865
        }
      },
      "world_space": {
        "head": {
          "x": 0.6812019348144531,
          "y": -0.1694701611995697,
          "z": 1.3738914728164673
        },
        "tail": {
          "x": 0.7040548324584961,
          "y": -0.16118571162223816,
          "z": 1.3589856624603271
        },
        "rotation_quaternion": {
          "w": 0.49349820613861084,
          "x": -0.5935119390487671,
          "y": -0.6338212490081787,
          "z": -0.0497363917529583
        },
        "matrix": [
          [
            0.19159622490406036,
            0.80145263671875,
            -0.5665371417999268,
            0.6812019348144531
          ],
          [
            0.7032711505889893,
            0.2905358076095581,
            0.6488446593284607,
            -0.1694701611995697
          ],
          [
            0.6846230030059814,
            -0.5227489471435547,
            -0.5079758763313293,
            1.3738914728164673
          ],
          [
            0.0,
            0.0,
            0.0,
            1.0
          ]
        ]
      },
      "bone_length_armature_space": 0.028514416924003545,
      "parent": "metacarpal_index_l",
      "has_children": true,
      "is_end_bone": false
    },
    "index_02_l": {
      "name": "index_02_l",
      "local": {
        "location": {
          "x": 0.0,
          "y": 0.0,
          "z": 0.0
        },
        "rotation_quaternion": {
          "w": 0.9193782806396484,
          "x": 0.3933720886707306,
          "y": -0.001453664037398994,
          "z": 0.00024409641628153622
        },
        "scale": {
          "x": 1.0,
          "y": 1.0,
          "z": 1.0
        },
        "matrix_basis": [
          [
            0.9999956488609314,
            -0.0015924955951049924,
            -0.0024808929301798344,
            0.0
          ],
          [
            -0.000694827816914767,
            0.6905167102813721,
            -0.7233161926269531,
            0.0
          ],
          [
            0.0028649757150560617,
            0.7233148217201233,
            0.6905125975608826,
            0.0
          ],
          [
            0.0,
            0.0,
            0.0,
            1.0
          ]
        ],
        "rotation_mode": "QUATERNION"
      },
      "armature_space": {
        "head": {
          "x": 0.7040549516677856,
          "y": -0.22442956268787384,
          "z": 0.40913110971450806
        },
        "tail": {
          "x": 0.7085129618644714,
          "y": -0.20797185599803925,
          "z": 0.38996434211730957
        }
      },
      "world_space": {
        "head": {
          "x": 0.7040549516677856,
          "y": -0.16118556261062622,
          "z": 1.358985185623169
        },
        "tail": {
          "x": 0.7085129618644714,
          "y": -0.14472785592079163,
          "z": 1.3398183584213257
        },
        "rotation_quaternion": {
          "w": 0.6565846800804138,
          "x": -0.36492398381233215,
          "y": -0.6242347359657288,
          "z": 0.21461121737957
        },
        "matrix": [
          [
            0.12854504585266113,
            0.17377924919128418,
            -0.9763588905334473,
            0.7040549516677856
          ],
          [
            0.7374181747436523,
            0.6415441036224365,
            0.21127308905124664,
            -0.16118556261062622
          ],
          [
            0.6630973219871521,
            -0.747147798538208,
            -0.04568082094192505,
            1.358985185623169
          ],
          [
            0.0,
            0.0,
            0.0,
            1.0
          ]
        ]
      },
      "bone_length_armature_space": 0.025653361454313833,
      "parent": "index_01_l",
      "has_children": true,
      "is_end_bone": false
    },
    "index_03_l": {
      "name": "index_03_l",
      "local": {
        "location": {
          "x": 0.0,
          "y": 0.0,
          "z": 0.0
        },
        "rotation_quaternion": {
          "w": 0.967976450920105,
          "x": 0.2509784698486328,
          "y": -0.005429957062005997,
          "z": 0.0013754561077803373
        },
        "scale": {
          "x": 1.0,
          "y": 1.0,
          "z": 1.0
        },
        "matrix_basis": [
          [
            0.9999372363090515,
            -0.00538842286914587,
            -0.009821721352636814,
            0.0
          ],
          [
            -6.278638466028497e-05,
            0.8740158081054688,
            -0.485897421836853,
            0.0
          ],
          [
            0.011202560737729073,
            0.48586755990982056,
            0.8739606738090515,
            0.0
          ],
          [
            0.0,
            0.0,
            0.0,
            1.0
          ]
        ],
        "rotation_mode": "QUATERNION"
      },
      "armature_space": {
        "head": {
          "x": 0.708513081073761,
          "y": -0.20797191560268402,
          "z": 0.3899643123149872
        },
        "tail": {
          "x": 0.6971104145050049,
          "y": -0.18681791424751282,
          "z": 0.373344361782074
        }
      },
      "world_space": {
        "head": {
          "x": 0.708513081073761,
          "y": -0.1447279155254364,
          "z": 1.3398183584213257
        },
        "tail": {
          "x": 0.6971104145050049,
          "y": -0.1235739141702652,
          "z": 1.3231983184814453
        },
        "rotation_quaternion": {
          "w": 0.7559689283370972,
          "x": -0.12741565704345703,
          "y": -0.5389860272407532,
          "z": 0.3489559292793274
        },
        "matrix": [
          [
            0.1754470020532608,
            -0.39025187492370605,
            -0.9038370847702026,
            0.708513081073761
          ],
          [
            0.6649513244628906,
            0.723988950252533,
            -0.1835225224494934,
            -0.1447279155254364
          ],
          [
            0.7259936332702637,
            -0.5688127875328064,
            0.3865228593349457,
            1.3398183584213257
          ],
          [
            0.0,
            0.0,
            0.0,
            1.0
          ]
        ]
      },
      "bone_length_armature_space": 0.02921874984301985,
      "parent": "index_02_l",
      "has_children": false,
      "is_end_bone": true
    },
    "metacarpal_pinky_l": {
      "name": "metacarpal_pinky_l",
      "local": {
        "location": {
          "x": 0.0,
          "y": 0.0,
          "z": 0.0
        },
        "rotation_quaternion": {
          "w": 0.9999070167541504,
          "x": -0.004140671342611313,
          "y": -0.00904983188956976,
          "z": 0.009326540865004063
        },
        "scale": {
          "x": 1.0,
          "y": 1.0,
          "z": 1.0
        },
        "matrix_basis": [
          [
            0.9996622204780579,
            -0.018576402217149734,
            -0.018175216391682625,
            0.0
          ],
          [
            0.0187262911349535,
            0.9997917413711548,
            0.00811176560819149,
            0.0
          ],
          [
            0.018020745366811752,
            -0.008449380286037922,
            0.9998019337654114,
            0.0
          ],
          [
            0.0,
            0.0,
            0.0,
            1.0
          ]
        ],
        "rotation_mode": "QUATERNION"
      },
      "armature_space": {
        "head": {
          "x": 0.5873256325721741,
          "y": -0.2072460949420929,
          "z": 0.4893665909767151
        },
        "tail": {
          "x": 0.6909752488136292,
          "y": -0.2165091335773468,
          "z": 0.485602468252182
        }
      },
      "world_space": {
        "head": {
          "x": 0.5873256325721741,
          "y": -0.14400209486484528,
          "z": 1.439220666885376
        },
        "tail": {
          "x": 0.6909752488136292,
          "y": -0.15326513350009918,
          "z": 1.4354565143585205
        },
        "rotation_quaternion": {
          "w": 0.45588481426239014,
          "x": 0.5256685614585876,
          "y": 0.49768510460853577,
          "z": -0.5178329944610596
        },
        "matrix": [
          [
            -0.03168375417590141,
            0.9953793883323669,
            -0.09064175933599472,
            0.5873256325721741
          ],
          [
            0.05108962953090668,
            -0.08895578980445862,
            -0.9947248101234436,
            -0.14400209486484528
          ],
          [
            -0.9981986284255981,
            -0.03614800050854683,
            -0.04803643375635147,
            1.439220666885376
          ],
          [
            0.0,
            0.0,
            0.0,
            1.0
          ]
        ]
      },
      "bone_length_armature_space": 0.10413076006601504,
      "parent": "lowerarm_l",
      "has_children": true,
      "is_end_bone": false
    },
    "pinky_01_l": {
      "name": "pinky_01_l",
      "local": {
        "location": {
          "x": 0.0,
          "y": 0.0,
          "z": 0.0
        },
        "rotation_quaternion": {
          "w": 0.9471732378005981,
          "x": 0.319839745759964,
          "y": -0.02377510443329811,
          "z": 0.0003979387693107128
        },
        "scale": {
          "x": 1.0,
          "y": 1.0,
          "z": 1.0
        },
        "matrix_basis": [
          [
            0.9988691806793213,
            -0.015962280333042145,
            -0.044783733785152435,
            0.0
          ],
          [
            -0.014454612508416176,
            0.7954047322273254,
            -0.6059061884880066,
            0.0
          ],
          [
            0.04529283940792084,
            0.605868399143219,
            0.7942745685577393,
            0.0
          ],
          [
            0.0,
            0.0,
            0.0,
            1.0
          ]
        ],
        "rotation_mode": "QUATERNION"
      },
      "armature_space": {
        "head": {
          "x": 0.6909752488136292,
          "y": -0.2165091335773468,
          "z": 0.485602468252182
        },
        "tail": {
