{
  "metadata": {
    "armature_name": "KIM_caucasian_male",
    "export_time": "2026-01-13T19:11:17.535341",
    "blender_version": "4.4.1",
    "bone_count": 56,
    "end_bone_count": 13,
    "spaces_included": [
      "LOCAL_CHANNELS",
      "ARMATURE_SPACE",
      "WORLD_SPACE"
    ],
    "note": "LOCAL matches Transform panel; replay pose via local.matrix_basis for best fidelity."
  },
  "bones": {
    "Root": {
      "name": "Root",
      "local": {
        "location": {
          "x": 0.0,
          "y": 0.0,
          "z": 0.0
        },
        "rotation_quaternion": {
          "w": 0.9998009204864502,
          "x": 0.013867024332284927,
          "y": 0.008252490311861038,
          "z": 0.011742345057427883
        },
        "scale": {
          "x": 1.0,
          "y": 1.0,
          "z": 1.0
        },
        "matrix_basis": [
          [
            0.9995880126953125,
            -0.023251140490174294,
            0.016827357932925224,
            0.0
          ],
          [
            0.0237088892608881,
            0.9993396401405334,
            -0.027534719556570053,
            0.0
          ],
          [
            -0.01617603190243244,
            0.027922334149479866,
            0.9994791746139526,
            0.0
          ],
          [
            0.0,
            0.0,
            0.0,
            1.0
          ]
        ],
        "rotation_mode": "QUATERNION"
      },
      "armature_space": {
        "head": {
          "x": 0.0,
          "y": 0.07072800397872925,
          "z": -0.009595036506652832
        },
        "tail": {
          "x": -0.0016595703782513738,
          "y": -0.00022120773792266846,
          "z": -0.001981241162866354
        }
      },
      "world_space": {
        "head": {
          "x": 0.0,
          "y": 0.13397200405597687,
          "z": 0.9402589797973633
        },
        "tail": {
          "x": -0.0016595703782513738,
          "y": 0.06302279233932495,
          "z": 0.9478727579116821
        },
        "rotation_quaternion": {
          "w": 0.053518716245889664,
          "x": 0.9984637498855591,
          "y": -0.011159717105329037,
          "z": 0.009024799801409245
        },
        "matrix": [
          [
            0.9995880126953125,
            -0.023251140490174294,
            0.016827357932925224,
            0.0
          ],
          [
            -0.02131914719939232,
            -0.9940224289894104,
            -0.10707487910985947,
            0.13397200405597687
          ],
          [
            0.019216496497392654,
            0.10667183995246887,
            -0.9941155910491943,
            0.9402589797973633
          ],
          [
            0.0,
            0.0,
            0.0,
            1.0
          ]
        ]
      },
      "bone_length_armature_space": 0.07137586883853304,
      "parent": null,
      "has_children": true,
      "is_end_bone": false
    },
    "spine_01": {
      "name": "spine_01",
      "local": {
        "location": {
          "x": 0.0,
          "y": 0.0,
          "z": 0.0
        },
        "rotation_quaternion": {
          "w": 0.9921492338180542,
          "x": 0.09715428948402405,
          "y": -0.004189085680991411,
          "z": -0.07863550633192062
        },
        "scale": {
          "x": 1.0,
          "y": 1.0,
          "z": 1.0
        },
        "matrix_basis": [
          [
            0.9875978231430054,
            0.1552223414182663,
            -0.02359195053577423,
            0.0
          ],
          [
            -0.15685029327869415,
            0.9687550067901611,
            -0.19212429225444794,
            0.0
          ],
          [
            -0.0069671571254730225,
            0.19344192743301392,
            0.9810869693756104,
            0.0
          ],
          [
            0.0,
            0.0,
            0.0,
            1.0
          ]
        ],
        "rotation_mode": "QUATERNION"
      },
      "armature_space": {
        "head": {
          "x": -0.0016595703782513738,
          "y": -0.00022120773792266846,
          "z": -0.001981241162866354
        },
        "tail": {
          "x": 0.06311994045972824,
          "y": -0.08711235225200653,
          "z": 0.473835825920105
        }
      },
      "world_space": {
        "head": {
          "x": -0.0016595703782513738,
          "y": 0.06302279233932495,
          "z": 0.9478727579116821
        },
        "tail": {
          "x": 0.06311994045972824,
          "y": -0.02386835217475891,
          "z": 1.423689842224121
        },
        "rotation_quaternion": {
          "w": 0.639957070350647,
          "x": 0.7652456760406494,
          "y": 0.037778422236442566,
          "z": -0.058539051562547684
        },
        "matrix": [
          [
            0.990291953086853,
            0.13274456560611725,
            -0.04123952239751816,
            -0.0016595703782513738
          ],
          [
            -0.017104599624872208,
            -0.17805518209934235,
            -0.9838719367980957,
            0.06302279233932495
          ],
          [
            -0.13794754445552826,
            0.9750325083732605,
            -0.17405816912651062,
            0.9478727579116821
          ],
          [
            0.0,
            0.0,
            0.0,
            1.0
          ]
        ]
      },
      "bone_length_armature_space": 0.4880044281184996,
      "parent": "Root",
      "has_children": true,
      "is_end_bone": false
    },
    "neck_01": {
      "name": "neck_01",
      "local": {
        "location": {
          "x": 0.0,
          "y": 0.0,
          "z": 0.0
        },
        "rotation_quaternion": {
          "w": 0.9882661700248718,
          "x": 0.06418994814157486,
          "y": -0.052984509617090225,
          "z": 0.12807172536849976
        },
        "scale": {
          "x": 1.0,
          "y": 1.0,
          "z": 1.0
        },
        "matrix_basis": [
          [
            0.9615805745124817,
            -0.2599400579929352,
            -0.08828376233577728,
            0.0
          ],
          [
            0.24633575975894928,
            0.9589545726776123,
            -0.14044514298439026,
            0.0
          ],
          [
            0.12116742879152298,
            0.11330187320709229,
            0.9861446022987366,
            0.0
          ],
          [
            0.0,
            0.0,
            0.0,
            1.0
          ]
        ],
        "rotation_mode": "QUATERNION"
      },
      "armature_space": {
        "head": {
          "x": 0.07140908390283585,
          "y": -0.13427039980888367,
          "z": 0.5391897559165955
        },
        "tail": {
          "x": 0.054505445063114166,
          "y": -0.1965007483959198,
          "z": 0.6188914179801941
        }
      },
      "world_space": {
        "head": {
          "x": 0.07140908390283585,
          "y": -0.07102639973163605,
          "z": 1.4890437126159668
        },
        "tail": {
          "x": 0.054505445063114166,
          "y": -0.13325674831867218,
          "z": 1.5687453746795654
        },
        "rotation_quaternion": {
          "w": 0.42766815423965454,
          "x": 0.8949140906333923,
          "y": -0.11662033200263977,
          "z": -0.05126790329813957
        },
        "matrix": [
          [
            0.9675425291061401,
            -0.1648792028427124,
            -0.19151076674461365,
            0.07140908390283585
          ],
          [
            -0.2525821328163147,
            -0.6069990396499634,
            -0.7534951567649841,
            -0.07102639973163605
          ],
          [
            0.007988639175891876,
            0.77741539478302,
            -0.6289479732513428,
            1.4890437126159668
          ],
          [
            0.0,
            0.0,
            0.0,
            1.0
          ]
        ]
      },
      "bone_length_armature_space": 0.10252172445558298,
      "parent": "spine_01",
      "has_children": true,
      "is_end_bone": false
    },
    "head": {
      "name": "head",
      "local": {
        "location": {
          "x": 0.0,
          "y": 0.0,
          "z": 0.0
        },
        "rotation_quaternion": {
          "w": 0.9715884923934937,
          "x": -0.09156747907400131,
          "y": -0.1477215439081192,
          "z": -0.16065388917922974
        },
        "scale": {
          "x": 1.0,
          "y": 1.0,
          "z": 1.0
        },
        "matrix_basis": [
          [
            0.9047373533248901,
            0.3392319083213806,
            -0.2576277554035187,
            0.0
          ],
          [
            -0.2851259708404541,
            0.9316114783287048,
            0.22539590299129486,
            0.0
          ],
          [
            0.3164704442024231,
            -0.1304677426815033,
            0.9395874738693237,
            0.0
          ],
          [
            0.0,
            0.0,
            0.0,
            1.0
          ]
        ],
        "rotation_mode": "QUATERNION"
      },
      "armature_space": {
        "head": {
          "x": 0.05450543016195297,
          "y": -0.19650082290172577,
          "z": 0.6188912391662598
        },
        "tail": {
          "x": 0.09794995933771133,
          "y": -0.23369717597961426,
          "z": 0.7630518078804016
        }
      },
      "world_space": {
        "head": {
          "x": 0.05450543016195297,
          "y": -0.13325682282447815,
          "z": 1.5687452554702759
        },
        "tail": {
          "x": 0.09794995933771133,
          "y": -0.17045317590236664,
          "z": 1.7129058837890625
        },
        "rotation_quaternion": {
          "w": 0.6141055822372437,
          "x": 0.7308865785598755,
          "y": -0.05437042564153671,
          "z": -0.292785108089447
        },
        "matrix": [
          [
            0.8226426243782043,
            0.2801242470741272,
            -0.4947623610496521,
            0.05450543016195297
          ],
          [
            -0.4390776753425598,
            -0.23983684182167053,
            -0.8658462166786194,
            -0.13325682282447815
          ],
          [
            -0.3612096607685089,
            0.9295271635055542,
            -0.07430507242679596,
            1.5687452554702759
          ],
          [
            0.0,
            0.0,
            0.0,
            1.0
          ]
        ]
      },
      "bone_length_armature_space": 0.15509115134078708,
      "parent": "neck_01",
      "has_children": false,
      "is_end_bone": true
    },
    "upperarm_l": {
      "name": "upperarm_l",
      "local": {
        "location": {
          "x": 0.0,
          "y": 0.0,
          "z": 0.0
        },
        "rotation_quaternion": {
          "w": 0.8266505002975464,
          "x": 0.4106631875038147,
          "y": 0.0817355290055275,
          "z": 0.37593117356300354
        },
        "scale": {
          "x": 1.0,
          "y": 1.0,
          "z": 1.0
        },
        "matrix_basis": [
          [
            0.70399010181427,
            -0.554395854473114,
            0.4438956081867218,
            0.0
          ],
          [
            0.6886589527130127,
            0.380062997341156,
            -0.6174960136413574,
            0.0
          ],
          [
            0.1736287623643875,
            0.7404037117958069,
            0.649350106716156,
            0.0
          ],
          [
            0.0,
            0.0,
            0.0,
            1.0
          ]
        ],
        "rotation_mode": "QUATERNION"
      },
      "armature_space": {
        "head": {
          "x": 0.21089991927146912,
          "y": -0.12800708413124084,
          "z": 0.45241281390190125
        },
        "tail": {
          "x": 0.3332095146179199,
          "y": -0.34967464208602905,
          "z": 0.5402284264564514
        }
      },
      "world_space": {
        "head": {
          "x": 0.21089991927146912,
          "y": -0.06476308405399323,
          "z": 1.4022668600082397
        },
        "tail": {
          "x": 0.3332095146179199,
          "y": -0.2864306569099426,
          "z": 1.4900825023651123
        },
        "rotation_quaternion": {
          "w": 0.2627491354942322,
          "x": 0.8463391661643982,
          "y": 0.13174591958522797,
          "z": -0.4442024528980255
        },
        "matrix": [
          [
            0.5706547498703003,
            0.4564310908317566,
            -0.6826595664024353,
            0.21089991927146912
          ],
          [
            -0.010423734784126282,
            -0.8272120952606201,
            -0.5617935061454773,
            -0.06476308405399323
          ],
          [
            -0.8211299180984497,
            0.32770755887031555,
            -0.46729838848114014,
            1.4022668600082397
          ],
          [
            0.0,
            0.0,
            0.0,
            1.0
          ]
        ]
      },
      "bone_length_armature_space": 0.26796963166072374,
      "parent": "spine_01",
      "has_children": true,
      "is_end_bone": false
    },
    "lowerarm_l": {
      "name": "lowerarm_l",
      "local": {
        "location": {
          "x": 0.0,
          "y": 0.0,
          "z": 0.0
        },
        "rotation_quaternion": {
          "w": 0.890772819519043,
          "x": 0.45051899552345276,
          "y": -0.05956210941076279,
          "z": 0.0029861400835216045
        },
        "scale": {
          "x": 1.0,
          "y": 1.0,
          "z": 1.0
        },
        "matrix_basis": [
          [
            0.9928869009017944,
            -0.05898766964673996,
            -0.10342199355363846,
            0.0
          ],
          [
            -0.048347778618335724,
            0.5940474271774292,
            -0.8029758930206299,
            0.0
          ],
          [
            0.10880324244499207,
            0.8022644519805908,
            0.5869699716567993,
            0.0
          ],
          [
            0.0,
            0.0,
            0.0,
            1.0
          ]
        ],
        "rotation_mode": "QUATERNION"
      },
      "armature_space": {
        "head": {
          "x": 0.33320945501327515,
          "y": -0.3496747612953186,
          "z": 0.5402284860610962
        },
        "tail": {
          "x": 0.20548290014266968,
          "y": -0.5840933918952942,
          "z": 0.522814929485321
        }
      },
      "world_space": {
        "head": {
          "x": 0.33320945501327515,
          "y": -0.2864307761192322,
          "z": 1.4900825023651123
        },
        "tail": {
          "x": 0.20548290014266968,
          "y": -0.5208494067192078,
          "z": 1.4726688861846924
        },
        "rotation_quaternion": {
          "w": 0.16115084290504456,
          "x": -0.8158228993415833,
          "y": 0.18948592245578766,
          "z": 0.5220711827278137
        },
        "matrix": [
          [
            0.38307350873947144,
            -0.4774387776851654,
            -0.7907637357711792,
            0.33320945501327515
          ],
          [
            -0.14091026782989502,
            -0.876251220703125,
            0.4607914388179779,
            -0.2864307761192322
          ],
          [
            -0.9129136800765991,
            -0.06509140133857727,
            -0.4029468894004822,
            1.4900825023651123
          ],
          [
            0.0,
            0.0,
            0.0,
            1.0
          ]
        ]
      },
      "bone_length_armature_space": 0.26752457960716136,
      "parent": "upperarm_l",
      "has_children": true,
      "is_end_bone": false
    },
    "metacarpal_thumb_l": {
      "name": "metacarpal_thumb_l",
      "local": {
        "location": {
          "x": 0.0,
          "y": 0.0,
          "z": 0.0
        },
        "rotation_quaternion": {
          "w": 0.9996674060821533,
          "x": -0.021024081856012344,
          "y": -0.008961797691881657,
          "z": -0.011947086080908775
        },
        "scale": {
          "x": 1.0,
          "y": 1.0,
          "z": 1.0
        },
        "matrix_basis": [
          [
            0.999553918838501,
            0.0242630522698164,
            -0.017415281385183334,
            0.0
          ],
          [
            -0.023509398102760315,
            0.9988304972648621,
            0.04224831238389015,
            0.0
          ],
          [
            0.018419986590743065,
            -0.04182004556059837,
            0.9989553689956665,
            0.0
          ],
          [
            0.0,
            0.0,
            0.0,
            1.0
          ]
        ],
        "rotation_mode": "QUATERNION"
      },
      "armature_space": {
        "head": {
          "x": 0.20548290014266968,
          "y": -0.5840933918952942,
          "z": 0.522814929485321
        },
        "tail": {
          "x": 0.16673517227172852,
          "y": -0.6072056889533997,
          "z": 0.502369225025177
        }
      },
      "world_space": {
        "head": {
          "x": 0.20548290014266968,
          "y": -0.5208494067192078,
          "z": 1.4726688861846924
        },
        "tail": {
          "x": 0.16673517227172852,
          "y": -0.5439617037773132,
          "z": 1.452223300933838
        },
        "rotation_quaternion": {
          "w": 0.12395504117012024,
          "x": -0.8311414122581482,
          "y": 0.5013343691825867,
          "z": -0.2061627358198166
        },
        "matrix": [
          [
            0.41232049465179443,
            -0.782250165939331,
            0.466986745595932,
            0.20548290014266968
          ],
          [
            -0.8844696283340454,
            -0.46659791469573975,
            -0.0006666576955467463,
            -0.5208494067192078
          ],
          [
            0.21841725707054138,
            -0.4127637445926666,
            -0.8842706084251404,
            1.4726688861846924
          ],
          [
            0.0,
            0.0,
            0.0,
            1.0
          ]
        ]
      },
      "bone_length_armature_space": 0.0495337413188941,
      "parent": "lowerarm_l",
      "has_children": true,
      "is_end_bone": false
    },
    "thumb_01_l": {
      "name": "thumb_01_l",
      "local": {
        "location": {
          "x": 0.0,
          "y": 0.0,
          "z": 0.0
        },
        "rotation_quaternion": {
          "w": 0.99784255027771,
          "x": -0.06315138936042786,
          "y": 0.012454856187105179,
          "z": -0.012924861162900925
        },
        "scale": {
          "x": 1.0,
          "y": 1.0,
          "z": 1.0
        },
        "matrix_basis": [
          [
            0.999355673789978,
            0.024220870807766914,
            0.026488415896892548,
            0.0
          ],
          [
            -0.027367034927010536,
            0.9916896820068359,
            0.12570832669734955,
            0.0
          ],
          [
            -0.023223524913191795,
            -0.1263522356748581,
            0.9917135834693909,
            0.0
          ],
          [
            0.0,
            0.0,
            0.0,
            1.0
          ]
        ],
        "rotation_mode": "QUATERNION"
      },
      "armature_space": {
        "head": {
          "x": 0.16673517227172852,
          "y": -0.6072056889533997,
          "z": 0.502369225025177
        },
        "tail": {
          "x": 0.15691101551055908,
          "y": -0.6103453040122986,
          "z": 0.4699305295944214
        }
      },
      "world_space": {
        "head": {
          "x": 0.16673517227172852,
          "y": -0.5439617037773132,
          "z": 1.452223300933838
        },
        "tail": {
          "x": 0.15691101551055908,
          "y": -0.5471013188362122,
          "z": 1.4197845458984375
        },
        "rotation_quaternion": {
          "w": 0.010151810944080353,
          "x": -0.22483471035957336,
          "y": 0.6736311316490173,
          "z": -0.7039654850959778
        },
        "matrix": [
          [
            -0.8986918926239014,
            -0.28861817717552185,
            0.3302310109138489,
            0.16673517227172852
          ],
          [
            -0.3172065019607544,
            -0.09223661571741104,
            -0.9438607692718506,
            -0.5439617037773132
          ],
          [
            0.3028768002986908,
            -0.9529980421066284,
            -0.008660197257995605,
            1.452223300933838
          ],
          [
            0.0,
            0.0,
            0.0,
            1.0
          ]
        ]
      },
      "bone_length_armature_space": 0.03403880511092328,
      "parent": "metacarpal_thumb_l",
      "has_children": true,
      "is_end_bone": false
    },
    "thumb_02_l": {
      "name": "thumb_02_l",
      "local": {
        "location": {
          "x": 0.0,
          "y": 0.0,
          "z": 0.0
        },
        "rotation_quaternion": {
          "w": 0.9967748522758484,
          "x": 0.08007702231407166,
          "y": 0.003670243313536048,
          "z": 0.003756960853934288
        },
        "scale": {
          "x": 1.0,
          "y": 1.0,
          "z": 1.0
        },
        "matrix_basis": [
          [
            0.999944806098938,
            -0.006901883985847235,
            0.007918504998087883,
            0.0
          ],
          [
            0.00807749293744564,
            0.9871470928192139,
            -0.15960994362831116,
            0.0
          ],
          [
            -0.006715119816362858,
            0.15966510772705078,
            0.9871484041213989,
            0.0
          ],
          [
            0.0,
            0.0,
            0.0,
            1.0
          ]
        ],
        "rotation_mode": "QUATERNION"
      },
      "armature_space": {
        "head": {
          "x": 0.15691104531288147,
          "y": -0.6103452444076538,
          "z": 0.4699305295944214
        },
        "tail": {
          "x": 0.13787809014320374,
          "y": -0.6452968120574951,
          "z": 0.4645163118839264
        }
      },
      "world_space": {
        "head": {
          "x": 0.15691104531288147,
          "y": -0.5471012592315674,
          "z": 1.4197845458984375
        },
        "tail": {
          "x": 0.13787809014320374,
          "y": -0.5820528268814087,
          "z": 1.4143702983856201
        },
        "rotation_quaternion": {
          "w": 0.23252972960472107,
          "x": 0.13834260404109955,
          "y": -0.10403561592102051,
          "z": 0.9570621848106384
        },
        "matrix": [
          [
            -0.8535827398300171,
            -0.473876029253006,
            0.21642160415649414,
            0.15691104531288147
          ],
          [
            0.4163060784339905,
            -0.8702132105827332,
            -0.26347458362579346,
            -0.5471012592315674
          ],
          [
            0.31318989396095276,
            -0.1348012387752533,
            0.9400825500488281,
            1.4197845458984375
          ],
          [
            0.0,
            0.0,
            0.0,
            1.0
          ]
        ]
      },
      "bone_length_armature_space": 0.04016440237463178,
      "parent": "thumb_01_l",
      "has_children": true,
      "is_end_bone": false
    },
    "thumb_03_l": {
      "name": "thumb_03_l",
      "local": {
        "location": {
          "x": 0.0,
          "y": 0.0,
          "z": 0.0
        },
        "rotation_quaternion": {
          "w": 0.9982632398605347,
          "x": 0.05860793590545654,
          "y": -4.269625060260296e-05,
          "z": 0.005964691285043955
        },
        "scale": {
          "x": 1.0,
          "y": 1.0,
          "z": 1.0
        },
        "matrix_basis": [
          [
            0.9999288320541382,
            -0.011913668364286423,
            0.0006139122997410595,
            0.0
          ],
          [
            0.01190365944057703,
            0.9930590391159058,
            -0.11701280623674393,
            0.0
          ],
          [
            0.0007844006759114563,
            0.11701178550720215,
            0.9931302070617676,
            0.0
          ],
          [
            0.0,
            0.0,
            0.0,
            1.0
          ]
        ],
        "rotation_mode": "QUATERNION"
      },
      "armature_space": {
        "head": {
          "x": 0.13787806034088135,
          "y": -0.6452967524528503,
          "z": 0.464516282081604
        },
        "tail": {
          "x": 0.13040465116500854,
          "y": -0.6742209792137146,
          "z": 0.47038376331329346
        }
      },
      "world_space": {
        "head": {
          "x": 0.13787806034088135,
          "y": -0.5820527672767639,
          "z": 1.4143702983856201
        },
        "tail": {
          "x": 0.13040465116500854,
          "y": -0.6109769940376282,
          "z": 1.4202377796173096
        },
        "rotation_quaternion": {
          "w": 0.12236479669809341,
          "x": -0.019324786961078644,
          "y": 0.10000220686197281,
          "z": 0.9872451424598694
        },
        "matrix": [
          [
            -0.9693069458007812,
            -0.24547314643859863,
            -0.013683078810572624,
            0.13787806034088135
          ],
          [
            0.23774316906929016,
            -0.9500530362129211,
            0.20218318700790405,
            -0.5820527672767639
          ],
          [
            -0.06263022869825363,
            0.19272509217262268,
            0.9792594313621521,
            1.4143702983856201
          ],
          [
            0.0,
            0.0,
            0.0,
            1.0
          ]
        ]
      },
      "bone_length_armature_space": 0.03044486968835223,
      "parent": "thumb_02_l",
      "has_children": false,
      "is_end_bone": true
    },
    "metacarpal_index_l": {
      "name": "metacarpal_index_l",
      "local": {
        "location": {
          "x": 0.0,
          "y": 0.0,
          "z": 0.0
        },
        "rotation_quaternion": {
          "w": 0.9997128248214722,
          "x": -0.015485848300158978,
          "y": -0.004119539633393288,
          "z": -0.01782197132706642
        },
        "scale": {
          "x": 1.0,
          "y": 1.0,
          "z": 1.0
        },
        "matrix_basis": [
          [
            0.9993308186531067,
            0.03576129674911499,
            -0.007684736512601376,
            0.0
          ],
          [
            -0.03550611808896065,
            0.9988851547241211,
            0.031109638512134552,
            0.0
          ],
          [
            0.008788689970970154,
            -0.030815966427326202,
            0.9994864463806152,
            0.0
          ],
          [
            0.0,
            0.0,
            0.0,
            1.0
          ]
        ],
        "rotation_mode": "QUATERNION"
      },
      "armature_space": {
        "head": {
          "x": 0.20548290014266968,
          "y": -0.5840933918952942,
          "z": 0.522814929485321
        },
        "tail": {
          "x": 0.1295105516910553,
          "y": -0.6698404550552368,
          "z": 0.4982205331325531
        }
      },
      "world_space": {
        "head": {
          "x": 0.20548290014266968,
          "y": -0.5208494067192078,
          "z": 1.4726688861846924
        },
        "tail": {
          "x": 0.1295105516910553,
          "y": -0.6065964698791504,
          "z": 1.4480745792388916
        },
        "rotation_quaternion": {
          "w": 0.1401933878660202,
          "x": -0.9275786876678467,
          "y": 0.3382936120033264,
          "z": 0.07417032867670059
        },
        "matrix": [
          [
            0.7601124048233032,
            -0.6483845114707947,
            -0.04274358972907066,
            0.20548290014266968
          ],
          [
            -0.6067920327186584,
            -0.7318066358566284,
            0.31026318669319153,
            -0.5208494067192078
          ],
          [
            -0.23245204985141754,
            -0.2099004089832306,
            -0.9496960043907166,
            1.4726688861846924
          ],
          [
            0.0,
            0.0,
            0.0,
            1.0
          ]
        ]
      },
      "bone_length_armature_space": 0.11717184329744641,
      "parent": "lowerarm_l",
      "has_children": true,
      "is_end_bone": false
    },
    "index_01_l": {
      "name": "index_01_l",
      "local": {
        "location": {
          "x": 0.0,
          "y": 0.0,
          "z": 0.0
        },
        "rotation_quaternion": {
          "w": 0.9973187446594238,
          "x": -0.07123222202062607,
          "y": 0.016731485724449158,
          "z": 0.001221785438247025
        },
        "scale": {
          "x": 1.0,
          "y": 1.0,
          "z": 1.0
        },
        "matrix_basis": [
          [
            0.999437153339386,
            -0.004820660687983036,
            0.033199187368154526,
            0.0
          ],
          [
            5.337722905096598e-05,
            0.9898489713668823,
            0.14212334156036377,
            0.0
          ],
          [
            -0.033547308295965195,
            -0.14204157888889313,
            0.9892920851707458,
            0.0
          ],
          [
            0.0,
            0.0,
            0.0,
            1.0
          ]
        ],
        "rotation_mode": "QUATERNION"
      },
      "armature_space": {
        "head": {
          "x": 0.1295105516910553,
          "y": -0.6698404550552368,
          "z": 0.4982205331325531
        },
        "tail": {
          "x": 0.12022919952869415,
          "y": -0.6968012452125549,
          "z": 0.4980117380619049
        }
      },
      "world_space": {
        "head": {
          "x": 0.1295105516910553,
          "y": -0.6065964698791504,
          "z": 1.4480745792388916
        },
        "tail": {
          "x": 0.12022919952869415,
          "y": -0.6335572600364685,
          "z": 1.4478657245635986
        },
        "rotation_quaternion": {
          "w": 0.012010934762656689,
          "x": -0.9850351214408875,
          "y": 0.16461606323719025,
          "z": 0.04963170737028122
        },
        "matrix": [
          [
            0.9408767223358154,
            -0.32549750804901123,
            -0.0938233956694603,
            0.1295105516910553
          ],
          [
            -0.32311296463012695,
            -0.9455150365829468,
            0.04000242054462433,
            -0.6065964698791504
          ],
          [
            -0.10173315554857254,
            -0.007322624325752258,
            -0.9947921633720398,
            1.4480745792388916
          ],
          [
            0.0,
            0.0,
            0.0,
            1.0
          ]
        ]
      },
      "bone_length_armature_space": 0.02851440553122535,
      "parent": "metacarpal_index_l",
      "has_children": true,
      "is_end_bone": false
    },
    "index_02_l": {
      "name": "index_02_l",
      "local": {
        "location": {
          "x": 0.0,
          "y": 0.0,
          "z": 0.0
        },
        "rotation_quaternion": {
          "w": 0.9998871088027954,
          "x": 0.014107771217823029,
          "y": -0.0016846093349158764,
          "z": -0.00489161117002368
        },
        "scale": {
          "x": 1.0,
          "y": 1.0,
          "z": 1.0
        },
        "matrix_basis": [
          [
            0.9999464750289917,
            0.009734585881233215,
            -0.003506857668980956,
            0.0
          ],
          [
            -0.009829649701714516,
            0.9995540976524353,
            -0.028195876628160477,
            0.0
          ],
          [
            0.0032308187801390886,
            0.028228837996721268,
            0.9995962381362915,
            0.0
          ],
          [
            0.0,
            0.0,
            0.0,
            1.0
          ]
        ],
        "rotation_mode": "QUATERNION"
      },
      "armature_space": {
        "head": {
          "x": 0.12022881954908371,
          "y": -0.696801483631134,
          "z": 0.49801144003868103
        },
        "tail": {
          "x": 0.11283949017524719,
          "y": -0.7213670611381531,
          "z": 0.4978688657283783
        }
      },
      "world_space": {
        "head": {
          "x": 0.12022881954908371,
          "y": -0.6335574984550476,
          "z": 1.4478654861450195
        },
        "tail": {
          "x": 0.11283949017524719,
          "y": -0.6581230759620667,
          "z": 1.4477229118347168
        },
        "rotation_quaternion": {
          "w": 0.015176909975707531,
          "x": -0.985759973526001,
          "y": 0.1448083519935608,
          "z": 0.0841280072927475
        },
        "matrix": [
          [
            0.9439062476158142,
            -0.2880462408065796,
            -0.1614644080400467,
            0.12022881954908371
          ],
          [
            -0.28293901681900024,
            -0.9576008319854736,
            0.054286204278469086,
            -0.6335574984550476
          ],
          [
            -0.1702568680047989,
            -0.005557335913181305,
            -0.9853914976119995,
            1.4478654861450195
          ],
          [
            0.0,
            0.0,
            0.0,
            1.0
          ]
        ]
      },
      "bone_length_armature_space": 0.02565326665661477,
      "parent": "index_01_l",
      "has_children": true,
      "is_end_bone": false
    },
    "index_03_l": {
      "name": "index_03_l",
      "local": {
        "location": {
          "x": 0.0,
          "y": 0.0,
          "z": 0.0
        },
        "rotation_quaternion": {
          "w": 0.9992656111717224,
          "x": 0.038064513355493546,
          "y": -0.001835619448684156,
          "z": 0.004014973994344473
        },
        "scale": {
          "x": 1.0,
          "y": 1.0,
          "z": 1.0
        },
        "matrix_basis": [
          [
            0.9999610185623169,
            -0.008163794875144958,
            -0.003362886607646942,
            0.0
          ],
          [
            0.007884306833148003,
            0.9970699548721313,
            -0.07608785480260849,
            0.0
          ],
          [
            0.003974198829382658,
            0.07605838030576706,
            0.9970954656600952,
            0.0
          ],
          [
            0.0,
            0.0,
            0.0,
            1.0
          ]
        ],
        "rotation_mode": "QUATERNION"
      },
      "armature_space": {
        "head": {
          "x": 0.11283949762582779,
          "y": -0.7213670611381531,
          "z": 0.49786901473999023
        },
        "tail": {
          "x": 0.10620837658643723,
          "y": -0.7493225336074829,
          "z": 0.4925537407398224
        }
      },
      "world_space": {
        "head": {
          "x": 0.11283949762582779,
          "y": -0.6581230759620667,
          "z": 1.4477230310440063
        },
        "tail": {
          "x": 0.10620837658643723,
          "y": -0.6860785484313965,
          "z": 1.4424077272415161
        },
        "rotation_quaternion": {
          "w": 0.0964624285697937,
          "x": -0.9883438944816589,
          "y": 0.11095762997865677,
          "z": 0.039493925869464874
        },
        "matrix": [
          [
            0.9722574353218079,
            -0.22694805264472961,
            -0.05666041746735573,
            0.11283949762582779
          ],
          [
            -0.21170936524868011,
            -0.9567673206329346,
            0.1994401067495346,
            -0.6581230759620667
          ],
          [
            -0.09947431832551956,
            -0.18191362917423248,
            -0.9782775640487671,
            1.4477230310440063
          ],
          [
            0.0,
            0.0,
            0.0,
            1.0
          ]
        ]
      },
      "bone_length_armature_space": 0.029218698763417945,
      "parent": "index_02_l",
      "has_children": false,
      "is_end_bone": true
    },
    "metacarpal_pinky_l": {
      "name": "metacarpal_pinky_l",
      "local": {
        "location": {
          "x": 0.0,
          "y": 0.0,
          "z": 0.0
        },
        "rotation_quaternion": {
          "w": 0.9996168613433838,
          "x": -0.02733863890171051,
          "y": 0.003487685462459922,
          "z": -0.0025937401223927736
        },
        "scale": {
          "x": 1.0,
          "y": 1.0,
          "z": 1.0
        },
        "matrix_basis": [
          [
            0.9999622106552124,
            0.00499479565769434,
            0.0071145170368254185,
            0.0
          ],
          [
            -0.005376189947128296,
            0.9984917640686035,
            0.05463823676109314,
            0.0
          ],
          [
            -0.006830879952758551,
            -0.0546744205057621,
            0.9984808564186096,
            0.0
          ],
          [
            0.0,
            0.0,
            0.0,
            1.0
          ]
        ],
        "rotation_mode": "QUATERNION"
      },
      "armature_space": {
        "head": {
          "x": 0.20548290014266968,
          "y": -0.5840933918952942,
          "z": 0.522814929485321
        },
        "tail": {
          "x": 0.18645161390304565,
          "y": -0.6864649653434753,
          "z": 0.5238627195358276
        }
      },
      "world_space": {
        "head": {
          "x": 0.20548290014266968,
          "y": -0.5208494067192078,
          "z": 1.4726688861846924
        },
        "tail": {
          "x": 0.18645161390304565,
          "y": -0.6232209801673889,
          "z": 1.4737167358398438
        },
        "rotation_quaternion": {
          "w": 0.08459977805614471,
          "x": -0.3381703495979309,
          "y": 0.03591813147068024,
          "z": 0.9365861415863037
        },
        "matrix": [
          [
            -0.7569674253463745,
            -0.18276336789131165,
            -0.6273742318153381,
            0.20548290014266968
          ],
          [
            0.13417698442935944,
            -0.9831057786941528,
            0.1244998425245285,
            -0.5208494067192078
          ],
          [
            -0.6395332217216492,
            0.01006242260336876,
            0.7687069773674011,
            1.4726688861846924
          ],
          [
            0.0,
            0.0,
            0.0,
            1.0
          ]
        ]
      },
      "bone_length_armature_space": 0.10413081628014431,
      "parent": "lowerarm_l",
      "has_children": true,
      "is_end_bone": false
    },
    "pinky_01_l": {
      "name": "pinky_01_l",
      "local": {
        "location": {
          "x": 0.0,
          "y": 0.0,
          "z": 0.0
        },
        "rotation_quaternion": {
          "w": 0.9973564147949219,
          "x": -0.06824176013469696,
          "y": 0.024060286581516266,
          "z": -0.0066687907092273235
        },
        "scale": {
          "x": 1.0,
          "y": 1.0,
          "z": 1.0
        },
        "matrix_basis": [
          [
            0.9987532496452332,
            0.010018489323556423,
            0.04890354350209236,
            0.0
          ],
          [
            -0.01658615469932556,
            0.9905971884727478,
            0.13580180704593658,
            0.0
          ],
          [
            -0.047083184123039246,
            -0.1364436149597168,
            0.9895283579826355,
            0.0
          ],
          [
            0.0,
            0.0,
            0.0,
            1.0
          ]
        ],
        "rotation_mode": "QUATERNION"
      },
      "armature_space": {
        "head": {
          "x": 0.18645161390304565,
          "y": -0.6864649653434753,
