{
  "metadata": {
    "armature_name": "KIM_caucasian_male",
    "export_time": "2026-01-13T21:02:40.760759",
    "blender_version": "4.4.1",
    "bone_count": 56,
    "end_bone_count": 13,
    "spaces_included": [
      "LOCAL_CHANNELS",
      "ARMATURE_SPACE",
      "WORLD_SPACE"
    ],
    "note": "LOCAL matches Transform panel; replay pose via local.matrix_basis for best fidelity."
  },
  "bones": {
    "Root": {
      "name": "Root",
      "local": {
        "location": {
          "x": 0.0,
          "y": 0.0,
          "z": 0.0
        },
        "rotation_quaternion": {
          "w": 0.9995715618133545,
          "x": -0.015293553471565247,
          "y": 0.004373603966087103,
          "z": -0.02457342855632305
        },
        "scale": {
          "x": 1.0,
          "y": 1.0,
          "z": 1.0
        },
        "matrix_basis": [
          [
            0.9987540245056152,
            0.04899202659726143,
            0.009495090693235397,
            0.0
          ],
          [
            -0.049259576946496964,
            0.9983245134353638,
            0.0303590539842844,
            0.0
          ],
          [
            -0.007991829887032509,
            -0.030788950622081757,
            0.9994939565658569,
            0.0
          ],
          [
            0.0,
            0.0,
            0.0,
            1.0
          ]
        ],
        "rotation_mode": "QUATERNION"
      },
      "armature_space": {
        "head": {
          "x": 0.0,
          "y": 0.07072800397872925,
          "z": -0.009595036506652832
        },
        "tail": {
          "x": 0.00349684851244092,
          "y": 0.0004139244556427002,
          "z": 0.002161579206585884
        }
      },
      "world_space": {
        "head": {
          "x": 0.0,
          "y": 0.13397200405597687,
          "z": 0.9402589797973633
        },
        "tail": {
          "x": 0.00349684851244092,
          "y": 0.06365792453289032,
          "z": 0.9520155787467957
        },
        "rotation_quaternion": {
          "w": 0.08259759843349457,
          "x": 0.9962704181671143,
          "y": 0.02481224574148655,
          "z": 0.0027082059532403946
        },
        "matrix": [
          [
            0.9987540245056152,
            0.04899202659726143,
            0.009495090693235397,
            0.0
          ],
          [
            0.0498867966234684,
            -0.9851239323616028,
            -0.164445161819458,
            0.13397200405597687
          ],
          [
            0.0012973961420357227,
            0.16471415758132935,
            -0.9863476157188416,
            0.9402589797973633
          ],
          [
            0.0,
            0.0,
            0.0,
            1.0
          ]
        ]
      },
      "bone_length_armature_space": 0.07137587650144989,
      "parent": null,
      "has_children": true,
      "is_end_bone": false
    },
    "spine_01": {
      "name": "spine_01",
      "local": {
        "location": {
          "x": 0.0,
          "y": 0.0,
          "z": 0.0
        },
        "rotation_quaternion": {
          "w": 0.99937903881073,
          "x": 0.023048076778650284,
          "y": -0.005771499127149582,
          "z": 0.026020215824246407
        },
        "scale": {
          "x": 1.0,
          "y": 1.0,
          "z": 1.0
        },
        "matrix_basis": [
          [
            0.9985792636871338,
            -0.05227416008710861,
            -0.01033639907836914,
            0.0
          ],
          [
            0.051742073148489,
            0.9975834488868713,
            -0.04636787995696068,
            0.0
          ],
          [
            0.012735262513160706,
            0.045767176896333694,
            0.9988709688186646,
            0.0
          ],
          [
            0.0,
            0.0,
            0.0,
            1.0
          ]
        ],
        "rotation_mode": "QUATERNION"
      },
      "armature_space": {
        "head": {
          "x": 0.00349684851244092,
          "y": 0.0004139244556427002,
          "z": 0.002161579206585884
        },
        "tail": {
          "x": -0.023379003629088402,
          "y": 0.014458364807069302,
          "z": 0.4892231523990631
        }
      },
      "world_space": {
        "head": {
          "x": 0.00349684851244092,
          "y": 0.06365792453289032,
          "z": 0.9520155787467957
        },
        "tail": {
          "x": -0.023379003629088402,
          "y": 0.0777023658156395,
          "z": 1.4390771389007568
        },
        "rotation_quaternion": {
          "w": 0.7171920537948608,
          "x": 0.6960503458976746,
          "y": -0.005009501241147518,
          "z": 0.03353329002857208
        },
        "matrix": [
          [
            0.9977008700370789,
            -0.0550733283162117,
            0.0394965335726738,
            0.00349684851244092
          ],
          [
            0.04112628102302551,
            0.028779517859220505,
            -0.99873948097229,
            0.06365792453289032
          ],
          [
            0.053867630660533905,
            0.998074471950531,
            0.03097759559750557,
            0.9520155787467957
          ],
          [
            0.0,
            0.0,
            0.0,
            1.0
          ]
        ]
      },
      "bone_length_armature_space": 0.4880046285483984,
      "parent": "Root",
      "has_children": true,
      "is_end_bone": false
    },
    "neck_01": {
      "name": "neck_01",
      "local": {
        "location": {
          "x": 0.0,
          "y": 0.0,
          "z": 0.0
        },
        "rotation_quaternion": {
          "w": 0.9963188171386719,
          "x": 0.03462870046496391,
          "y": 0.03182200714945793,
          "z": -0.07167335599660873
        },
        "scale": {
          "x": 1.0,
          "y": 1.0,
          "z": 1.0
        },
        "matrix_basis": [
          [
            0.9877005815505981,
            0.1450229287147522,
            0.05844581872224808,
            0.0
          ],
          [
            -0.14061512053012848,
            0.9873275756835938,
            -0.07356403023004532,
            0.0
          ],
          [
            -0.06837364286184311,
            0.06444086879491806,
            0.9955764412879944,
            0.0
          ],
          [
            0.0,
            0.0,
            0.0,
            1.0
          ]
        ],
        "rotation_mode": "QUATERNION"
      },
      "armature_space": {
        "head": {
          "x": -0.026041630655527115,
          "y": -0.018071169033646584,
          "z": 0.563374936580658
        },
        "tail": {
          "x": -0.014476172626018524,
          "y": -0.059371381998062134,
          "z": 0.6564946174621582
        }
      },
      "world_space": {
        "head": {
          "x": -0.026041630655527115,
          "y": 0.045172832906246185,
          "z": 1.5132288932800293
        },
        "tail": {
          "x": -0.014476172626018524,
          "y": 0.003872618079185486,
          "z": 1.6063486337661743
        },
        "rotation_quaternion": {
          "w": 0.5406481027603149,
          "x": 0.8373083472251892,
          "y": 0.07922695577144623,
          "z": 0.01837116852402687
        },
        "matrix": [
          [
            0.9867711663246155,
            0.11281025409698486,
            0.11643292009830475,
            -0.026041630655527115
          ],
          [
            0.1525399088859558,
            -0.4028450548648834,
            -0.902467668056488,
            0.045172832906246185
          ],
          [
            -0.05490339547395706,
            0.9082953929901123,
            -0.4147275686264038,
            1.5132288932800293
          ],
          [
            0.0,
            0.0,
            0.0,
            1.0
          ]
        ]
      },
      "bone_length_armature_space": 0.10252191429991793,
      "parent": "spine_01",
      "has_children": true,
      "is_end_bone": false
    },
    "head": {
      "name": "head",
      "local": {
        "location": {
          "x": 0.0,
          "y": 0.0,
          "z": 0.0
        },
        "rotation_quaternion": {
          "w": 0.9872373342514038,
          "x": -0.01615254022181034,
          "y": -0.06672899425029755,
          "z": 0.14369705319404602
        },
        "scale": {
          "x": 1.0,
          "y": 1.0,
          "z": 1.0
        },
        "matrix_basis": [
          [
            0.9497967958450317,
            -0.2815704941749573,
            -0.1363968551158905,
            0.0
          ],
          [
            0.2858818769454956,
            0.9581804871559143,
            0.012715261429548264,
            0.0
          ],
          [
            0.12711256742477417,
            -0.05107030272483826,
            0.9905726909637451,
            0.0
          ],
          [
            0.0,
            0.0,
            0.0,
            1.0
          ]
        ],
        "rotation_mode": "QUATERNION"
      },
      "armature_space": {
        "head": {
          "x": -0.014476162381470203,
          "y": -0.05937149375677109,
          "z": 0.6564944982528687
        },
        "tail": {
          "x": -0.04946466162800789,
          "y": -0.06542900204658508,
          "z": 0.8074660301208496
        }
      },
      "world_space": {
        "head": {
          "x": -0.014476162381470203,
          "y": 0.003872506320476532,
          "z": 1.6063485145568848
        },
        "tail": {
          "x": -0.04946466162800789,
          "y": -0.0021850019693374634,
          "z": 1.7573200464248657
        },
        "rotation_quaternion": {
          "w": 0.6887639164924622,
          "x": 0.716018557548523,
          "y": -0.07794395834207535,
          "z": 0.08274412155151367
        },
        "matrix": [
          [
            0.974156379699707,
            -0.2256009578704834,
            0.011121213436126709,
            -0.014476162381470203
          ],
          [
            0.002362191677093506,
            -0.039057981222867966,
            -0.9992344379425049,
            0.003872506320476532
          ],
          [
            0.22586417198181152,
            0.9734432697296143,
            -0.03751678764820099,
            1.6063485145568848
          ],
          [
            0.0,
            0.0,
            0.0,
            1.0
          ]
        ]
      },
      "bone_length_armature_space": 0.15509123502374242,
      "parent": "neck_01",
      "has_children": false,
      "is_end_bone": true
    },
    "upperarm_l": {
      "name": "upperarm_l",
      "local": {
        "location": {
          "x": 0.0,
          "y": 0.0,
          "z": 0.0
        },
        "rotation_quaternion": {
          "w": 0.9261021018028259,
          "x": 0.20456349849700928,
          "y": 0.21845346689224243,
          "z": 0.22971054911613464
        },
        "scale": {
          "x": 1.0,
          "y": 1.0,
          "z": 1.0
        },
        "matrix_basis": [
          [
            0.7990223169326782,
            -0.3360956311225891,
            0.4986012279987335,
            0.0
          ],
          [
            0.5148460268974304,
            0.8107736706733704,
            -0.2785312533378601,
            0.0
          ],
          [
            -0.3106396496295929,
            0.4792554974555969,
            0.8208637237548828,
            0.0
          ],
          [
            0.0,
            0.0,
            0.0,
            1.0
          ]
        ],
        "rotation_mode": "QUATERNION"
      },
      "armature_space": {
        "head": {
          "x": 0.12744081020355225,
          "y": -0.0170215405523777,
          "z": 0.5044755339622498
        },
        "tail": {
          "x": 0.3512836694717407,
          "y": -0.1272309422492981,
          "z": 0.6022303104400635
        }
      },
      "world_space": {
        "head": {
          "x": 0.12744081020355225,
          "y": 0.04622245952486992,
          "z": 1.454329490661621
        },
        "tail": {
          "x": 0.3512836694717407,
          "y": -0.06398694217205048,
          "z": 1.5520843267440796
        },
        "rotation_quaternion": {
          "w": 0.38792118430137634,
          "x": 0.7785728573799133,
          "y": 0.3793133497238159,
          "z": -0.31537723541259766
        },
        "matrix": [
          [
            0.5133166909217834,
            0.8353298902511597,
            -0.1967996060848236,
            0.12744081020355225
          ],
          [
            0.34596458077430725,
            -0.4112760126590729,
            -0.8433036208152771,
            0.04622245952486992
          ],
          [
            -0.7853807210922241,
            0.3647982180118561,
            -0.5001135468482971,
            1.454329490661621
          ],
          [
            0.0,
            0.0,
            0.0,
            1.0
          ]
        ]
      },
      "bone_length_armature_space": 0.2679696507758524,
      "parent": "spine_01",
      "has_children": true,
      "is_end_bone": false
    },
    "lowerarm_l": {
      "name": "lowerarm_l",
      "local": {
        "location": {
          "x": 0.0,
          "y": 0.0,
          "z": 0.0
        },
        "rotation_quaternion": {
          "w": 0.9634605646133423,
          "x": 0.25147151947021484,
          "y": -0.04488162323832512,
          "z": 0.08057045191526413
        },
        "scale": {
          "x": 1.0,
          "y": 1.0,
          "z": 1.0
        },
        "matrix_basis": [
          [
            0.9829880595207214,
            -0.17782580852508545,
            -0.04596100002527237,
            0.0
          ],
          [
            0.1326799988746643,
            0.8605409264564514,
            -0.4917980432510376,
            0.0
          ],
          [
            0.1270056962966919,
            0.47733351588249207,
            0.8694954514503479,
            0.0
          ],
          [
            0.0,
            0.0,
            0.0,
            1.0
          ]
        ],
        "rotation_mode": "QUATERNION"
      },
      "armature_space": {
        "head": {
          "x": 0.3512836694717407,
          "y": -0.12723106145858765,
          "z": 0.602230429649353
        },
        "tail": {
          "x": 0.4563520550727844,
          "y": -0.3638846278190613,
          "z": 0.669499397277832
        }
      },
      "world_space": {
        "head": {
          "x": 0.3512836694717407,
          "y": -0.06398706138134003,
          "z": 1.5520844459533691
        },
        "tail": {
          "x": 0.4563520550727844,
          "y": -0.30064064264297485,
          "z": 1.6193534135818481
        },
        "rotation_quaternion": {
          "w": 0.20821821689605713,
          "x": 0.8613155484199524,
          "y": 0.11976046115159988,
          "z": -0.4477033019065857
        },
        "matrix": [
          [
            0.5704384446144104,
            0.3927431106567383,
            -0.7213548421859741,
            0.3512836694717407
          ],
          [
            0.019863314926624298,
            -0.884605348110199,
            -0.4659177362918854,
            -0.06398706138134003
          ],
          [
            -0.8211058378219604,
            0.25144970417022705,
            -0.5124180316925049,
            1.5520844459533691
          ],
          [
            0.0,
            0.0,
            0.0,
            1.0
          ]
        ]
      },
      "bone_length_armature_space": 0.26752456247283507,
      "parent": "upperarm_l",
      "has_children": true,
      "is_end_bone": false
    },
    "metacarpal_thumb_l": {
      "name": "metacarpal_thumb_l",
      "local": {
        "location": {
          "x": 0.0,
          "y": 0.0,
          "z": 0.0
        },
        "rotation_quaternion": {
          "w": 0.9997438192367554,
          "x": 0.018031559884548187,
          "y": -0.009054738096892834,
          "z": -0.010258871130645275
        },
        "scale": {
          "x": 1.0,
          "y": 1.0,
          "z": 1.0
        },
        "matrix_basis": [
          [
            0.999625563621521,
            0.020185943692922592,
            -0.018474804237484932,
            0.0
          ],
          [
            -0.02083902806043625,
            0.9991392493247986,
            -0.035868097096681595,
            0.0
          ],
          [
            0.017734870314598083,
            0.03623966500163078,
            0.9991857409477234,
            0.0
          ],
          [
            0.0,
            0.0,
            0.0,
            1.0
          ]
        ],
        "rotation_mode": "QUATERNION"
      },
      "armature_space": {
        "head": {
          "x": 0.4563520550727844,
          "y": -0.3638846278190613,
          "z": 0.669499397277832
        },
        "tail": {
          "x": 0.4576200842857361,
          "y": -0.4115271270275116,
          "z": 0.6560022830963135
        }
      },
      "world_space": {
        "head": {
          "x": 0.4563520550727844,
          "y": -0.30064064264297485,
          "z": 1.6193534135818481
        },
        "tail": {
          "x": 0.4576200842857361,
          "y": -0.3482831120491028,
          "z": 1.6058562994003296
        },
        "rotation_quaternion": {
          "w": 0.13607189059257507,
          "x": -0.9550537467002869,
          "y": 0.023964112624526024,
          "z": -0.2622644007205963
        },
        "matrix": [
          [
            0.8612863421440125,
            0.02559923194348812,
            0.5074747800827026,
            0.4563520550727844
          ],
          [
            -0.11714746803045273,
            -0.9618206024169922,
            0.24734137952327728,
            -0.30064064264297485
          ],
          [
            0.49443483352661133,
            -0.2724838852882385,
            -0.8254093527793884,
            1.6193534135818481
          ],
          [
            0.0,
            0.0,
            0.0,
            1.0
          ]
        ]
      },
      "bone_length_armature_space": 0.04953370296824867,
      "parent": "lowerarm_l",
      "has_children": true,
      "is_end_bone": false
    },
    "thumb_01_l": {
      "name": "thumb_01_l",
      "local": {
        "location": {
          "x": 0.0,
          "y": 0.0,
          "z": 0.0
        },
        "rotation_quaternion": {
          "w": 0.9598953723907471,
          "x": 0.27998438477516174,
          "y": 0.009904792532324791,
          "z": -0.010565245524048805
        },
        "scale": {
          "x": 1.0,
          "y": 1.0,
          "z": 1.0
        },
        "matrix_basis": [
          [
            0.9995805621147156,
            0.025829434394836426,
            0.01309892162680626,
            0.0
          ],
          [
            -0.014736685901880264,
            0.842994213104248,
            -0.5377207398414612,
            0.0
          ],
          [
            -0.02493133582174778,
            0.5373021364212036,
            0.8430212736129761,
            0.0
          ],
          [
            0.0,
            0.0,
            0.0,
            1.0
          ]
        ],
        "rotation_mode": "QUATERNION"
      },
      "armature_space": {
        "head": {
          "x": 0.4576200842857361,
          "y": -0.4115271270275116,
          "z": 0.6560022830963135
        },
        "tail": {
          "x": 0.4821138083934784,
          "y": -0.42805376648902893,
          "z": 0.6391038298606873
        }
      },
      "world_space": {
        "head": {
          "x": 0.4576200842857361,
          "y": -0.3482831120491028,
          "z": 1.6058562994003296
        },
        "tail": {
          "x": 0.4821138083934784,
          "y": -0.3648097515106201,
          "z": 1.5889577865600586
        },
        "rotation_quaternion": {
          "w": 0.49034926295280457,
          "x": -0.2919104993343353,
          "y": 0.12959158420562744,
          "z": -0.8108957409858704
        },
        "matrix": [
          [
            -0.3486902117729187,
            0.7195870280265808,
            0.6005079746246338,
            0.4576200842857361
          ],
          [
            -0.8709027171134949,
            -0.48552677035331726,
            0.07610809803009033,
            -0.3482831120491028
          ],
          [
            0.3463304936885834,
            -0.49644961953163147,
            0.7959942817687988,
            1.6058562994003296
          ],
          [
            0.0,
            0.0,
            0.0,
            1.0
          ]
        ]
      },
      "bone_length_armature_space": 0.034038655495601644,
      "parent": "metacarpal_thumb_l",
      "has_children": true,
      "is_end_bone": false
    },
    "thumb_02_l": {
      "name": "thumb_02_l",
      "local": {
        "location": {
          "x": 0.0,
          "y": 0.0,
          "z": 0.0
        },
        "rotation_quaternion": {
          "w": 0.9027287364006042,
          "x": 0.43014776706695557,
          "y": 0.006069895811378956,
          "z": 0.00411983160302043
        },
        "scale": {
          "x": 1.0,
          "y": 1.0,
          "z": 1.0
        },
        "matrix_basis": [
          [
            0.9998923540115356,
            -0.002216276479884982,
            0.014503211714327335,
            0.0
          ],
          [
            0.01266008522361517,
            0.6299118399620056,
            -0.7765634655952454,
            0.0
          ],
          [
            -0.007414666004478931,
            0.7766635417938232,
            0.6298720836639404,
            0.0
          ],
          [
            0.0,
            0.0,
            0.0,
            1.0
          ]
        ],
        "rotation_mode": "QUATERNION"
      },
      "armature_space": {
        "head": {
          "x": 0.482113778591156,
          "y": -0.42805373668670654,
          "z": 0.6391037702560425
        },
        "tail": {
          "x": 0.48011478781700134,
          "y": -0.4400276839733124,
          "z": 0.677389919757843
        }
      },
      "world_space": {
        "head": {
          "x": 0.482113778591156,
          "y": -0.3648097515106201,
          "z": 1.5889577865600586
        },
        "tail": {
          "x": 0.48011478781700134,
          "y": -0.37678366899490356,
          "z": 1.627243995666504
        },
        "rotation_quaternion": {
          "w": 0.20100852847099304,
          "x": 0.3125082552433014,
          "y": -0.5572556853294373,
          "z": -0.7425633668899536
        },
        "matrix": [
          [
            -0.7238691449165344,
            -0.049769967794418335,
            -0.6881399154663086,
            0.482113778591156
          ],
          [
            -0.6468166708946228,
            -0.29812344908714294,
            0.7019620537757874,
            -0.3648097515106201
          ],
          [
            -0.24008968472480774,
            0.9532352685928345,
            0.1836121380329132,
            1.5889577865600586
          ],
          [
            0.0,
            0.0,
            0.0,
            1.0
          ]
        ]
      },
      "bone_length_armature_space": 0.04016466827442246,
      "parent": "thumb_01_l",
      "has_children": true,
      "is_end_bone": false
    },
    "thumb_03_l": {
      "name": "thumb_03_l",
      "local": {
        "location": {
          "x": 0.0,
          "y": 0.0,
          "z": 0.0
        },
        "rotation_quaternion": {
          "w": 0.9903512597084045,
          "x": 0.13824963569641113,
          "y": 0.005669218022376299,
          "z": -0.007712983526289463
        },
        "scale": {
          "x": 1.0,
          "y": 1.0,
          "z": 1.0
        },
        "matrix_basis": [
          [
            0.9998167157173157,
            0.01684466004371643,
            0.009096399880945683,
            0.0
          ],
          [
            -0.013709591701626778,
            0.9616550803184509,
            -0.27391886711120605,
            0.0
          ],
          [
            -0.013361669145524502,
            0.27374395728111267,
            0.9617097973823547,
            0.0
          ],
          [
            0.0,
            0.0,
            0.0,
            1.0
          ]
        ],
        "rotation_mode": "QUATERNION"
      },
      "armature_space": {
        "head": {
          "x": 0.48011478781700134,
          "y": -0.44002774357795715,
          "z": 0.6773898601531982
        },
        "tail": {
          "x": 0.4690437912940979,
          "y": -0.4364831745624542,
          "z": 0.7055282592773438
        }
      },
      "world_space": {
        "head": {
          "x": 0.48011478781700134,
          "y": -0.37678372859954834,
          "z": 1.6272438764572144
        },
        "tail": {
          "x": 0.4690437912940979,
          "y": -0.3732391595840454,
          "z": 1.6553822755813599
        },
        "rotation_quaternion": {
          "w": 0.2795851528644562,
          "x": 0.45713010430336,
          "y": -0.6928530335426331,
          "z": -0.48251307010650635
        },
        "matrix": [
          [
            -0.4257262945175171,
            -0.3636409640312195,
            -0.8285665512084961,
            0.48011478781700134
          ],
          [
            -0.9032559990882874,
            0.11642555892467499,
            0.4130057096481323,
            -0.37678372859954834
          ],
          [
            -0.05372077226638794,
            0.9242414832115173,
            -0.3780286908149719,
            1.6272438764572144
          ],
          [
            0.0,
            0.0,
            0.0,
            1.0
          ]
        ]
      },
      "bone_length_armature_space": 0.030445040190854884,
      "parent": "thumb_02_l",
      "has_children": false,
      "is_end_bone": true
    },
    "metacarpal_index_l": {
      "name": "metacarpal_index_l",
      "local": {
        "location": {
          "x": 0.0,
          "y": 0.0,
          "z": 0.0
        },
        "rotation_quaternion": {
          "w": 0.9995369911193848,
          "x": -0.020898539572954178,
          "y": -0.020428402349352837,
          "z": -0.00847414880990982
        },
        "scale": {
          "x": 1.0,
          "y": 1.0,
          "z": 1.0
        },
        "matrix_basis": [
          [
            0.9990217089653015,
            0.017794298008084297,
            -0.04048369452357292,
            0.0
          ],
          [
            -0.016086602583527565,
            0.9989829063415527,
            0.042123954743146896,
            0.0
          ],
          [
            0.041192080825567245,
            -0.041431501507759094,
            0.9982918500900269,
            0.0
          ],
          [
            0.0,
            0.0,
            0.0,
            1.0
          ]
        ],
        "rotation_mode": "QUATERNION"
      },
      "armature_space": {
        "head": {
          "x": 0.4563520550727844,
          "y": -0.3638846278190613,
          "z": 0.669499397277832
        },
        "tail": {
          "x": 0.47980302572250366,
          "y": -0.4782807528972626,
          "z": 0.6791325211524963
        }
      },
      "world_space": {
        "head": {
          "x": 0.4563520550727844,
          "y": -0.30064064264297485,
          "z": 1.6193534135818481
        },
        "tail": {
          "x": 0.47980302572250366,
          "y": -0.41503673791885376,
          "z": 1.6289865970611572
        },
        "rotation_quaternion": {
          "w": 0.0442284420132637,
          "x": 0.9936496615409851,
          "y": 0.09943893551826477,
          "z": -0.0285684522241354
        },
        "matrix": [
          [
            0.9785915017127991,
            0.20014193654060364,
            -0.047977983951568604,
            0.4563520550727844
          ],
          [
            0.19508793950080872,
            -0.9763116240501404,
            -0.09357734769582748,
            -0.30064064264297485
          ],
          [
            -0.06557048112154007,
            0.0822136178612709,
            -0.9944623708724976,
            1.6193534135818481
          ],
          [
            0.0,
            0.0,
            0.0,
            1.0
          ]
        ]
      },
      "bone_length_armature_space": 0.11717174856924623,
      "parent": "lowerarm_l",
      "has_children": true,
      "is_end_bone": false
    },
    "index_01_l": {
      "name": "index_01_l",
      "local": {
        "location": {
          "x": 0.0,
          "y": 0.0,
          "z": 0.0
        },
        "rotation_quaternion": {
          "w": 0.9480259418487549,
          "x": 0.31818047165870667,
          "y": 0.002833401318639517,
          "z": -3.9936741814017296e-05
        },
        "scale": {
          "x": 1.0,
          "y": 1.0,
          "z": 1.0
        },
        "matrix_basis": [
          [
            0.9999839663505554,
            0.0018787881126627326,
            0.00534686166793108,
            0.0
          ],
          [
            0.0017273437697440386,
            0.7975223660469055,
            -0.6032869219779968,
            0.0
          ],
          [
            -0.0053976899944245815,
            0.6032864451408386,
            0.7975063323974609,
            0.0
          ],
          [
            0.0,
            0.0,
            0.0,
            1.0
          ]
        ],
        "rotation_mode": "QUATERNION"
      },
      "armature_space": {
        "head": {
          "x": 0.47980302572250366,
          "y": -0.4782807528972626,
          "z": 0.6791325211524963
        },
        "tail": {
          "x": 0.49242570996284485,
          "y": -0.5005204677581787,
          "z": 0.6665176749229431
        }
      },
      "world_space": {
        "head": {
          "x": 0.47980302572250366,
          "y": -0.41503673791885376,
          "z": 1.6289865970611572
        },
        "tail": {
          "x": 0.49242570996284485,
          "y": -0.4372764825820923,
          "z": 1.6163716316223145
        },
        "rotation_quaternion": {
          "w": 0.20916716754436493,
          "x": -0.9384068250656128,
          "y": -0.2574394643306732,
          "z": 0.0967826098203659
        },
        "matrix": [
          [
            0.8487158417701721,
            0.4426785111427307,
            -0.2893392741680145,
            0.47980302572250366
          ],
          [
            0.5236539840698242,
            -0.779948353767395,
            0.34273552894592285,
            -0.41503673791885376
          ],
          [
            -0.07394801080226898,
            -0.4424024820327759,
            -0.8937704563140869,
            1.6289865970611572
          ],
          [
            0.0,
            0.0,
            0.0,
            1.0
          ]
        ]
      },
      "bone_length_armature_space": 0.028514407355213937,
      "parent": "metacarpal_index_l",
      "has_children": true,
      "is_end_bone": false
    },
    "index_02_l": {
      "name": "index_02_l",
      "local": {
        "location": {
          "x": 0.0,
          "y": 0.0,
          "z": 0.0
        },
        "rotation_quaternion": {
          "w": 0.8947121500968933,
          "x": 0.44662007689476013,
          "y": 0.0009638272458687425,
          "z": 0.004451404791325331
        },
        "scale": {
          "x": 1.0,
          "y": 1.0,
          "z": 1.0
        },
        "matrix_basis": [
          [
            0.9999585151672363,
            -0.0071045225486159325,
            0.005700869485735893,
            0.0
          ],
          [
            0.008826381526887417,
            0.601021409034729,
            -0.799184262752533,
            0.0
          ],
          [
            0.0022514776792377234,
            0.7992014288902283,
            0.6010591387748718,
            0.0
          ],
          [
            0.0,
            0.0,
            0.0,
            1.0
          ]
        ],
        "rotation_mode": "QUATERNION"
      },
      "armature_space": {
        "head": {
          "x": 0.4924255907535553,
          "y": -0.5005207657814026,
          "z": 0.6665172576904297
        },
        "tail": {
          "x": 0.49294331669807434,
          "y": -0.5068411827087402,
          "z": 0.6416599750518799
        }
      },
      "world_space": {
        "head": {
          "x": 0.4924255907535553,
          "y": -0.43727678060531616,
          "z": 1.6163712739944458
        },
        "tail": {
          "x": 0.49294331669807434,
          "y": -0.4435971975326538,
          "z": 1.591513991355896
        },
        "rotation_quaternion": {
          "w": 0.5828552842140198,
          "x": -0.7545585632324219,
          "y": -0.19259007275104523,
          "z": 0.23201300203800201
        },
        "matrix": [
          [
            0.8181581497192383,
            0.020181238651275635,
            -0.5746389627456665,
            0.4924255907535553
          ],
          [
            0.5611010789871216,
            -0.24637819826602936,
            0.7902302742004395,
            -0.43727678060531616
          ],
          [
            -0.1256309598684311,
            -0.9689707159996033,
            -0.21290063858032227,
            1.6163712739944458
          ],
          [
            0.0,
            0.0,
            0.0,
            1.0
          ]
        ]
      },
      "bone_length_armature_space": 0.025653464042481425,
      "parent": "index_01_l",
      "has_children": true,
      "is_end_bone": false
    },
    "index_03_l": {
      "name": "index_03_l",
      "local": {
        "location": {
          "x": 0.0,
          "y": 0.0,
          "z": 0.0
        },
        "rotation_quaternion": {
          "w": 0.9337372183799744,
          "x": 0.3578950762748718,
          "y": -0.005994586274027824,
          "z": 0.0031503685750067234
        },
        "scale": {
          "x": 1.0,
          "y": 1.0,
          "z": 1.0
        },
        "matrix_basis": [
          [
            0.9999082684516907,
            -0.010174098424613476,
            -0.008939733728766441,
            0.0
          ],
          [
            0.0015923669561743736,
            0.7438023686408997,
            -0.6683976650238037,
            0.0
          ],
          [
            0.013449739664793015,
            0.6683221459388733,
            0.7437503337860107,
            0.0
          ],
          [
            0.0,
            0.0,
            0.0,
            1.0
          ]
        ],
        "rotation_mode": "QUATERNION"
      },
      "armature_space": {
        "head": {
          "x": 0.4929433763027191,
          "y": -0.5068413019180298,
          "z": 0.6416600942611694
        },
        "tail": {
          "x": 0.48352691531181335,
          "y": -0.4931721091270447,
          "z": 0.6176138520240784
        }
      },
      "world_space": {
        "head": {
          "x": 0.4929433763027191,
          "y": -0.44359731674194336,
          "z": 1.5915141105651855
        },
        "tail": {
          "x": 0.48352691531181335,
          "y": -0.42992812395095825,
          "z": 1.5674679279327393
        },
        "rotation_quaternion": {
          "w": 0.8488973379135132,
          "x": -0.45064643025398254,
          "y": -0.11526376008987427,
          "z": 0.2510090172290802
        },
        "matrix": [
          [
            0.8474169373512268,
            -0.3222755491733551,
            -0.4219275712966919,
            0.4929433763027191
          ],
          [
            0.5300490856170654,
            0.4678240120410919,
            0.7072404026985168,
            -0.44359731674194336
          ],
          [
            -0.03053811565041542,
            -0.8229749202728271,
            0.5672686100006104,
            1.5915141105651855
          ],
          [
            0.0,
            0.0,
            0.0,
            1.0
          ]
        ]
      },
      "bone_length_armature_space": 0.029218800642389128,
      "parent": "index_02_l",
      "has_children": false,
      "is_end_bone": true
    },
    "metacarpal_pinky_l": {
      "name": "metacarpal_pinky_l",
      "local": {
        "location": {
          "x": 0.0,
          "y": 0.0,
          "z": 0.0
        },
        "rotation_quaternion": {
          "w": 0.9994832873344421,
          "x": -0.02366190031170845,
          "y": -0.014004161581397057,
          "z": 0.016652870923280716
        },
        "scale": {
          "x": 1.0,
          "y": 1.0,
          "z": 1.0
        },
        "matrix_basis": [
          [
            0.9990531206130981,
            -0.03262580186128616,
            -0.02878192812204361,
            0.0
          ],
          [
            0.03395126387476921,
            0.9983255863189697,
            0.04683293029665947,
            0.0
          ],
          [
            0.027205774560570717,
            -0.047765765339136124,
            0.9984880089759827,
            0.0
          ],
          [
            0.0,
            0.0,
            0.0,
            1.0
          ]
        ],
        "rotation_mode": "QUATERNION"
      },
      "armature_space": {
        "head": {
          "x": 0.4563520550727844,
          "y": -0.3638846278190613,
          "z": 0.669499397277832
        },
        "tail": {
          "x": 0.5231587290763855,
          "y": -0.4334055781364441,
          "z": 0.7088304758071899
        }
      },
      "world_space": {
        "head": {
          "x": 0.4563520550727844,
          "y": -0.30064064264297485,
          "z": 1.6193534135818481
        },
        "tail": {
          "x": 0.5231587290763855,
          "y": -0.37016159296035767,
          "z": 1.658684492111206
        },
        "rotation_quaternion": {
          "w": 0.4051400125026703,
          "x": 0.3731076121330261,
          "y": -0.0452260859310627,
          "z": -0.8334308862686157
        },
        "matrix": [
          [
            -0.39330393075942993,
            0.6415654420852661,
            -0.658563494682312,
            0.4563520550727844
          ],
          [
            -0.7090613842010498,
            -0.6676313877105713,
            -0.2269376963376999,
            -0.30064064264297485
          ],
          [
            -0.5852776765823364,
            0.377708375453949,
            0.7174959182739258,
            1.6193534135818481
          ],
          [
            0.0,
            0.0,
            0.0,
            1.0
          ]
        ]
      },
      "bone_length_armature_space": 0.10413082196498737,
      "parent": "lowerarm_l",
      "has_children": true,
      "is_end_bone": false
    },
    "pinky_01_l": {
      "name": "pinky_01_l",
      "local": {
        "location": {
          "x": 0.0,
          "y": 0.0,
          "z": 0.0
        },
        "rotation_quaternion": {
          "w": 0.9524513483047485,
          "x": 0.3040350079536438,
          "y": -0.018832143396139145,
          "z": 0.006675092037767172
        },
        "scale": {
          "x": 1.0,
          "y": 1.0,
          "z": 1.0
        },
        "matrix_basis": [
          [
            0.9992015957832336,
            -0.024166662245988846,
            -0.03181447833776474,
            0.0
          ],
          [
            0.0012641390785574913,
            0.8150362968444824,
            -0.5794085264205933,
            0.0
          ],
          [
            0.03993232548236847,
            0.5789057016372681,
            0.8144161105155945,
            0.0
          ],
          [
            0.0,
            0.0,
            0.0,
            1.0
          ]
        ],
        "rotation_mode": "QUATERNION"
      },
      "armature_space": {
        "head": {
          "x": 0.5231587290763855,
          "y": -0.4334055781364441,
          "z": 0.7088304758071899
        },
        "tail": {
