{
  "metadata": {
    "armature_name": "KIM_caucasian_male",
    "export_time": "2026-01-13T21:07:45.522475",
    "blender_version": "4.4.1",
    "bone_count": 56,
    "end_bone_count": 13,
    "spaces_included": [
      "LOCAL_CHANNELS",
      "ARMATURE_SPACE",
      "WORLD_SPACE"
    ],
    "note": "LOCAL matches Transform panel; replay pose via local.matrix_basis for best fidelity."
  },
  "bones": {
    "Root": {
      "name": "Root",
      "local": {
        "location": {
          "x": 0.0,
          "y": 0.0,
          "z": 0.0
        },
        "rotation_quaternion": {
          "w": 0.9997038841247559,
          "x": -0.013309293426573277,
          "y": 0.006166205741465092,
          "z": -0.019418248906731606
        },
        "scale": {
          "x": 1.0,
          "y": 1.0,
          "z": 1.0
        },
        "matrix_basis": [
          [
            0.9991698265075684,
            0.03866086155176163,
            0.012845645658671856,
            0.0
          ],
          [
            -0.03898913413286209,
            0.9988915920257568,
            0.02637123130261898,
            0.0
          ],
          [
            -0.011811872944235802,
            -0.026850178837776184,
            0.9995696544647217,
            0.0
          ],
          [
            0.0,
            0.0,
            0.0,
            1.0
          ]
        ],
        "rotation_mode": "QUATERNION"
      },
      "armature_space": {
        "head": {
          "x": 0.0,
          "y": 0.07072800397872925,
          "z": -0.009595036506652832
        },
        "tail": {
          "x": 0.0027594526764005423,
          "y": 0.00033602863550186157,
          "z": 0.001888437196612358
        }
      },
      "world_space": {
        "head": {
          "x": 0.0,
          "y": 0.13397200405597687,
          "z": 0.9402589797973633
        },
        "tail": {
          "x": 0.0027594526764005423,
          "y": 0.06358002871274948,
          "z": 0.9517424702644348
        },
        "rotation_quaternion": {
          "w": 0.08062677085399628,
          "x": 0.996536135673523,
          "y": 0.01978953927755356,
          "z": 0.004844029899686575
        },
        "matrix": [
          [
            0.9991698265075684,
            0.03866086155176163,
            0.012845645658671856,
            0.0
          ],
          [
            0.040223103016614914,
            -0.986215353012085,
            -0.16050371527671814,
            0.13397200405597687
          ],
          [
            0.006463444791734219,
            0.16088734567165375,
            -0.9869586229324341,
            0.9402589797973633
          ],
          [
            0.0,
            0.0,
            0.0,
            1.0
          ]
        ]
      },
      "bone_length_armature_space": 0.0713758698308418,
      "parent": null,
      "has_children": true,
      "is_end_bone": false
    },
    "spine_01": {
      "name": "spine_01",
      "local": {
        "location": {
          "x": 0.0,
          "y": 0.0,
          "z": 0.0
        },
        "rotation_quaternion": {
          "w": 0.989996075630188,
          "x": 0.11131832003593445,
          "y": 0.035825107246637344,
          "z": 0.07894682884216309
        },
        "scale": {
          "x": 1.0,
          "y": 1.0,
          "z": 1.0
        },
        "matrix_basis": [
          [
            0.9849679470062256,
            -0.14833812415599823,
            0.08850988745689392,
            0.0
          ],
          [
            0.16429008543491364,
            0.9627512693405151,
            -0.21475283801555634,
            0.0
          ],
          [
            -0.05335697531700134,
            0.2260659635066986,
            0.9726495742797852,
            0.0
          ],
          [
            0.0,
            0.0,
            0.0,
            1.0
          ]
        ],
        "rotation_mode": "QUATERNION"
      },
      "armature_space": {
        "head": {
          "x": 0.0027594526764005423,
          "y": 0.00033602863550186157,
          "z": 0.001888437196612358
        },
        "tail": {
          "x": -0.06961037218570709,
          "y": -0.07815533131361008,
          "z": 0.4780711531639099
        }
      },
      "world_space": {
        "head": {
          "x": 0.0027594526764005423,
          "y": 0.06358002871274948,
          "z": 0.9517424702644348
        },
        "tail": {
          "x": -0.06961037218570709,
          "y": -0.014911331236362457,
          "z": 1.4279251098632812
        },
        "rotation_quaternion": {
          "w": 0.6475890278816223,
          "x": 0.7555622458457947,
          "y": -0.01439142506569624,
          "z": 0.09770951420068741
        },
        "matrix": [
          [
            0.9804916381835938,
            -0.148298442363739,
            0.12901079654693604,
            0.0027594526764005423
          ],
          [
            0.10480304062366486,
            -0.16084255278110504,
            -0.9814000725746155,
            0.06358002871274948
          ],
          [
            0.1662917584180832,
            0.9757817983627319,
            -0.14216449856758118,
            0.9517424702644348
          ],
          [
            0.0,
            0.0,
            0.0,
            1.0
          ]
        ]
      },
      "bone_length_armature_space": 0.48800437611376346,
      "parent": "Root",
      "has_children": true,
      "is_end_bone": false
    },
    "neck_01": {
      "name": "neck_01",
      "local": {
        "location": {
          "x": 0.0,
          "y": 0.0,
          "z": 0.0
        },
        "rotation_quaternion": {
          "w": 0.9922823905944824,
          "x": 0.00331874075345695,
          "y": 0.029580585658550262,
          "z": 0.12037383019924164
        },
        "scale": {
          "x": 1.0,
          "y": 1.0,
          "z": 1.0
        },
        "matrix_basis": [
          [
            0.9692702889442444,
            -0.23869332671165466,
            0.05950356647372246,
            0.0
          ],
          [
            0.23908600211143494,
            0.970998227596283,
            0.0005352007574401796,
            0.0
          ],
          [
            -0.05790561065077782,
            0.013707713223993778,
            0.9982279539108276,
            0.0
          ],
          [
            0.0,
            0.0,
            0.0,
            1.0
          ]
        ],
        "rotation_mode": "QUATERNION"
      },
      "armature_space": {
        "head": {
          "x": -0.07599440217018127,
          "y": -0.12396736443042755,
          "z": 0.5445861220359802
        },
        "tail": {
          "x": -0.10852817445993423,
          "y": -0.1796121746301651,
          "z": 0.6243101358413696
        }
      },
      "world_space": {
        "head": {
          "x": -0.07599440217018127,
          "y": -0.06072336435317993,
          "z": 1.4944400787353516
        },
        "tail": {
          "x": -0.10852817445993423,
          "y": -0.11636817455291748,
          "z": 1.5741641521453857
        },
        "rotation_quaternion": {
          "w": 0.470488041639328,
          "x": 0.8592976331710815,
          "y": -0.0852019339799881,
          "z": 0.1816292256116867
        },
        "matrix": [
          [
            0.9195032715797424,
            -0.3173365890979767,
            0.23197302222251892,
            -0.07599440217018127
          ],
          [
            0.024480052292346954,
            -0.5427631735801697,
            -0.8395291566848755,
            -0.06072336435317993
          ],
          [
            0.3923223614692688,
            0.7776331305503845,
            -0.49130818247795105,
            1.4944400787353516
          ],
          [
            0.0,
            0.0,
            0.0,
            1.0
          ]
        ]
      },
      "bone_length_armature_space": 0.10252175241772392,
      "parent": "spine_01",
      "has_children": true,
      "is_end_bone": false
    },
    "head": {
      "name": "head",
      "local": {
        "location": {
          "x": 0.0,
          "y": 0.0,
          "z": 0.0
        },
        "rotation_quaternion": {
          "w": 0.994243860244751,
          "x": 0.07472899556159973,
          "y": 0.0011272807605564594,
          "z": -0.07677000761032104
        },
        "scale": {
          "x": 1.0,
          "y": 1.0,
          "z": 1.0
        },
        "matrix_basis": [
          [
            0.9882102012634277,
            0.15282469987869263,
            -0.009232306852936745,
            0.0
          ],
          [
            -0.15248773992061615,
            0.977043867111206,
            -0.1487707793712616,
            0.0
          ],
          [
            -0.013715474866330624,
            0.14842461049556732,
            0.9888285994529724,
            0.0
          ],
          [
            0.0,
            0.0,
            0.0,
            1.0
          ]
        ],
        "rotation_mode": "QUATERNION"
      },
      "armature_space": {
        "head": {
          "x": -0.10852810740470886,
          "y": -0.17961226403713226,
          "z": 0.6243100166320801
        },
        "tail": {
          "x": -0.14208757877349854,
          "y": -0.2323387861251831,
          "z": 0.7662498950958252
        }
      },
      "world_space": {
        "head": {
          "x": -0.10852810740470886,
          "y": -0.11636826395988464,
          "z": 1.5741640329360962
        },
        "tail": {
          "x": -0.14208757877349854,
          "y": -0.16909478604793549,
          "z": 1.7161039113998413
        },
        "rotation_quaternion": {
          "w": 0.5725727677345276,
          "x": 0.8092228174209595,
          "y": -0.04662391543388367,
          "z": 0.12306592613458633
        },
        "matrix": [
          [
            0.9653623104095459,
            -0.21638678014278412,
            0.1457832157611847,
            -0.10852810740470886
          ],
          [
            0.06546905636787415,
            -0.33997318148612976,
            -0.9381536841392517,
            -0.11636826395988464
          ],
          [
            0.2525681257247925,
            0.9152082800865173,
            -0.3140336573123932,
            1.5741640329360962
          ],
          [
            0.0,
            0.0,
            0.0,
            1.0
          ]
        ]
      },
      "bone_length_armature_space": 0.15509111193296063,
      "parent": "neck_01",
      "has_children": false,
      "is_end_bone": true
    },
    "upperarm_l": {
      "name": "upperarm_l",
      "local": {
        "location": {
          "x": 0.0,
          "y": 0.0,
          "z": 0.0
        },
        "rotation_quaternion": {
          "w": 0.8093871474266052,
          "x": 0.43434029817581177,
          "y": 0.25061270594596863,
          "z": 0.3056701123714447
        },
        "scale": {
          "x": 1.0,
          "y": 1.0,
          "z": 1.0
        },
        "matrix_basis": [
          [
            0.6875181198120117,
            -0.2771085202693939,
            0.6712151169776917,
            0.0
          ],
          [
            0.7125133275985718,
            0.4358285665512085,
            -0.5498892664909363,
            0.0
          ],
          [
            -0.14015571773052216,
            0.8563085198402405,
            0.49708354473114014,
            0.0
          ],
          [
            0.0,
            0.0,
            0.0,
            1.0
          ]
        ],
        "rotation_mode": "QUATERNION"
      },
      "armature_space": {
        "head": {
          "x": 0.08145757764577866,
          "y": -0.10056684911251068,
          "z": 0.5034963488578796
        },
        "tail": {
          "x": 0.2256321907043457,
          "y": -0.32005882263183594,
          "z": 0.5568312406539917
        }
      },
      "world_space": {
        "head": {
          "x": 0.08145757764577866,
          "y": -0.03732284903526306,
          "z": 1.453350305557251
        },
        "tail": {
          "x": 0.2256321907043457,
          "y": -0.2568148374557495,
          "z": 1.5066852569580078
        },
        "rotation_quaternion": {
          "w": 0.17397738993167877,
          "x": 0.9210236668586731,
          "y": 0.24532631039619446,
          "z": -0.24751217663288116
        },
        "matrix": [
          [
            0.7571054100990295,
            0.5380263328552246,
            -0.37056607007980347,
            0.08145757764577866
          ],
          [
            0.3657798767089844,
            -0.8190932869911194,
            -0.4419180154800415,
            -0.03732284903526306
          ],
          [
            -0.541295051574707,
            0.19903342425823212,
            -0.8169450759887695,
            1.453350305557251
          ],
          [
            0.0,
            0.0,
            0.0,
            1.0
          ]
        ]
      },
      "bone_length_armature_space": 0.2679695056746146,
      "parent": "spine_01",
      "has_children": true,
      "is_end_bone": false
    },
    "lowerarm_l": {
      "name": "lowerarm_l",
      "local": {
        "location": {
          "x": 0.0,
          "y": 0.0,
          "z": 0.0
        },
        "rotation_quaternion": {
          "w": 0.989365816116333,
          "x": 0.12487538903951645,
          "y": -0.07453858107328415,
          "z": 0.0023537827655673027
        },
        "scale": {
          "x": 1.0,
          "y": 1.0,
          "z": 1.0
        },
        "matrix_basis": [
          [
            0.9888769388198853,
            -0.023273572325706482,
            -0.14690399169921875,
            0.0
          ],
          [
            -0.013958564028143883,
            0.9688012003898621,
            -0.24744577705860138,
            0.0
          ],
          [
            0.14807970821857452,
            0.24674399197101593,
            0.957700252532959,
            0.0
          ],
          [
            0.0,
            0.0,
            0.0,
            1.0
          ]
        ],
        "rotation_mode": "QUATERNION"
      },
      "armature_space": {
        "head": {
          "x": 0.22563211619853973,
          "y": -0.3200589418411255,
          "z": 0.5568312406539917
        },
        "tail": {
          "x": 0.2989768981933594,
          "y": -0.5771700739860535,
          "z": 0.5476793050765991
        }
      },
      "world_space": {
        "head": {
          "x": 0.22563211619853973,
          "y": -0.25681495666503906,
          "z": 1.5066852569580078
        },
        "tail": {
          "x": 0.2989768981933594,
          "y": -0.513926088809967,
          "z": 1.4975333213806152
        },
        "rotation_quaternion": {
          "w": 0.0413888581097126,
          "x": 0.9019871950149536,
          "y": 0.1332263946533203,
          "z": -0.4086037576198578
        },
        "matrix": [
          [
            0.6305872797966003,
            0.2741609811782837,
            -0.7260822057723999,
            0.22563211619853973
          ],
          [
            0.2065136730670929,
            -0.9610751867294312,
            -0.18353915214538574,
            -0.25681495666503906
          ],
          [
            -0.7481438517570496,
            -0.0342097133398056,
            -0.6626645922660828,
            1.5066852569580078
          ],
          [
            0.0,
            0.0,
            0.0,
            1.0
          ]
        ]
      },
      "bone_length_armature_space": 0.26752448134314494,
      "parent": "upperarm_l",
      "has_children": true,
      "is_end_bone": false
    },
    "metacarpal_thumb_l": {
      "name": "metacarpal_thumb_l",
      "local": {
        "location": {
          "x": 0.0,
          "y": 0.0,
          "z": 0.0
        },
        "rotation_quaternion": {
          "w": 0.9997745752334595,
          "x": -0.0021492887753993273,
          "y": 0.01756666600704193,
          "z": 0.011728688143193722
        },
        "scale": {
          "x": 1.0,
          "y": 1.0,
          "z": 1.0
        },
        "matrix_basis": [
          [
            0.9991077184677124,
            -0.0235275998711586,
            0.03507499396800995,
            0.0
          ],
          [
            0.023376576602458954,
            0.9997156262397766,
            0.004709676373749971,
            0.0
          ],
          [
            -0.035175830125808716,
            -0.003885540645569563,
            0.9993736147880554,
            0.0
          ],
          [
            0.0,
            0.0,
            0.0,
            1.0
          ]
        ],
        "rotation_mode": "QUATERNION"
      },
      "armature_space": {
        "head": {
          "x": 0.2989768981933594,
          "y": -0.5771700739860535,
          "z": 0.5476793050765991
        },
        "tail": {
          "x": 0.29319390654563904,
          "y": -0.6177607774734497,
          "z": 0.5198845863342285
        }
      },
      "world_space": {
        "head": {
          "x": 0.2989768981933594,
          "y": -0.513926088809967,
          "z": 1.4975333213806152
        },
        "tail": {
          "x": 0.29319390654563904,
          "y": -0.5545167922973633,
          "z": 1.4697386026382446
        },
        "rotation_quaternion": {
          "w": 0.25897490978240967,
          "x": -0.9033907055854797,
          "y": 0.15232713520526886,
          "z": -0.30596375465393066
        },
        "matrix": [
          [
            0.7663652896881104,
            -0.1167488843202591,
            0.6317071914672852,
            0.2989768981933594
          ],
          [
            -0.4336956739425659,
            -0.8194572925567627,
            0.3746967315673828,
            -0.513926088809967
          ],
          [
            0.4739145040512085,
            -0.5611279010772705,
            -0.6786414384841919,
            1.4975333213806152
          ],
          [
            0.0,
            0.0,
            0.0,
            1.0
          ]
        ]
      },
      "bone_length_armature_space": 0.04953377231244588,
      "parent": "lowerarm_l",
      "has_children": true,
      "is_end_bone": false
    },
    "thumb_01_l": {
      "name": "thumb_01_l",
      "local": {
        "location": {
          "x": 0.0,
          "y": 0.0,
          "z": 0.0
        },
        "rotation_quaternion": {
          "w": 0.9661470651626587,
          "x": 0.25751790404319763,
          "y": 5.635992420138791e-05,
          "z": 0.015636427327990532
        },
        "scale": {
          "x": 1.0,
          "y": 1.0,
          "z": 1.0
        },
        "matrix_basis": [
          [
            0.9995110034942627,
            -0.030185149982571602,
            0.008162223733961582,
            0.0
          ],
          [
            0.030243204906582832,
            0.8668800592422485,
            -0.4975985586643219,
            0.0
          ],
          [
            0.007944416254758835,
            0.49760210514068604,
            0.8673690557479858,
            0.0
          ],
          [
            0.0,
            0.0,
            0.0,
            1.0
          ]
        ],
        "rotation_mode": "QUATERNION"
      },
      "armature_space": {
        "head": {
          "x": 0.29319390654563904,
          "y": -0.6177607774734497,
          "z": 0.5198845863342285
        },
        "tail": {
          "x": 0.31618282198905945,
          "y": -0.6309899687767029,
          "z": 0.4985508322715759
        }
      },
      "world_space": {
        "head": {
          "x": 0.29319390654563904,
          "y": -0.5545167922973633,
          "z": 1.4697386026382446
        },
        "tail": {
          "x": 0.31618282198905945,
          "y": -0.5677459836006165,
          "z": 1.4484047889709473
        },
        "rotation_quaternion": {
          "w": 0.47318166494369507,
          "x": -0.1691930741071701,
          "y": 0.2859584391117096,
          "z": -0.8159047365188599
        },
        "matrix": [
          [
            -0.49494391679763794,
            0.6753783226013184,
            0.5467126369476318,
            0.29319390654563904
          ],
          [
            -0.8689075708389282,
            -0.3886532783508301,
            -0.3065095543861389,
            -0.5545167922973633
          ],
          [
            0.005471011623740196,
            -0.626752495765686,
            0.7792080044746399,
            1.4697386026382446
          ],
          [
            0.0,
            0.0,
            0.0,
            1.0
          ]
        ]
      },
      "bone_length_armature_space": 0.03403866639714207,
      "parent": "metacarpal_thumb_l",
      "has_children": true,
      "is_end_bone": false
    },
    "thumb_02_l": {
      "name": "thumb_02_l",
      "local": {
        "location": {
          "x": 0.0,
          "y": 0.0,
          "z": 0.0
        },
        "rotation_quaternion": {
          "w": 0.8955048322677612,
          "x": 0.44502827525138855,
          "y": -0.002031357027590275,
          "z": 0.0040926202200353146
        },
        "scale": {
          "x": 1.0,
          "y": 1.0,
          "z": 1.0
        },
        "matrix_basis": [
          [
            0.9999582767486572,
            -0.009137945249676704,
            4.4833668653154746e-06,
            0.0
          ],
          [
            0.005521899554878473,
            0.6038661599159241,
            -0.7970665693283081,
            0.0
          ],
          [
            0.007280843332409859,
            0.7970333099365234,
            0.6038914322853088,
            0.0
          ],
          [
            0.0,
            0.0,
            0.0,
            1.0
          ]
        ],
        "rotation_mode": "QUATERNION"
      },
      "armature_space": {
        "head": {
          "x": 0.31618279218673706,
          "y": -0.6309899687767029,
          "z": 0.49855077266693115
        },
        "tail": {
          "x": 0.30919545888900757,
          "y": -0.6541359424591064,
          "z": 0.5306230783462524
        }
      },
      "world_space": {
        "head": {
          "x": 0.31618279218673706,
          "y": -0.5677459836006165,
          "z": 1.4484047889709473
        },
        "tail": {
          "x": 0.30919545888900757,
          "y": -0.59089195728302,
          "z": 1.4804770946502686
        },
        "rotation_quaternion": {
          "w": 0.06472178548574448,
          "x": 0.30907484889030457,
          "y": -0.4557090103626251,
          "z": -0.8322338461875916
        },
        "matrix": [
          [
            -0.8005684614181519,
            -0.1739683896303177,
            -0.5734329223632812,
            0.31618279218673706
          ],
          [
            -0.389423131942749,
            -0.576280951499939,
            0.7185052037239075,
            -0.5677459836006165
          ],
          [
            -0.45545920729637146,
            0.7985255122184753,
            0.3936083912849426,
            1.4484047889709473
          ],
          [
            0.0,
            0.0,
            0.0,
            1.0
          ]
        ]
      },
      "bone_length_armature_space": 0.040164557306620795,
      "parent": "thumb_01_l",
      "has_children": true,
      "is_end_bone": false
    },
    "thumb_03_l": {
      "name": "thumb_03_l",
      "local": {
        "location": {
          "x": 0.0,
          "y": 0.0,
          "z": 0.0
        },
        "rotation_quaternion": {
          "w": 0.9908275604248047,
          "x": 0.13500525057315826,
          "y": -0.005096660926938057,
          "z": 0.0029184131417423487
        },
        "scale": {
          "x": 1.0,
          "y": 1.0,
          "z": 1.0
        },
        "matrix_basis": [
          [
            0.9999310374259949,
            -0.007159440312534571,
            -0.00931182224303484,
            0.0
          ],
          [
            0.004407136235386133,
            0.9635301232337952,
            -0.2675635814666748,
            0.0
          ],
          [
            0.010887826792895794,
            0.26750409603118896,
            0.9634951949119568,
            0.0
          ],
          [
            0.0,
            0.0,
            0.0,
            1.0
          ]
        ],
        "rotation_mode": "QUATERNION"
      },
      "armature_space": {
        "head": {
          "x": 0.30919545888900757,
          "y": -0.6541360020637512,
          "z": 0.5306229591369629
        },
        "tail": {
          "x": 0.2972497045993805,
          "y": -0.6575175523757935,
          "z": 0.5584216117858887
        }
      },
      "world_space": {
        "head": {
          "x": 0.30919545888900757,
          "y": -0.5908920168876648,
          "z": 1.480476975440979
        },
        "tail": {
          "x": 0.2972497045993805,
          "y": -0.594273567199707,
          "z": 1.5082756280899048
        },
        "rotation_quaternion": {
          "w": 0.14022578299045563,
          "x": 0.43172529339790344,
          "y": -0.6517677307128906,
          "z": -0.6075761914253235
        },
        "matrix": [
          [
            -0.5878977179527283,
            -0.39237338304519653,
            -0.7074034810066223,
            0.30919545888900757
          ],
          [
            -0.7331669330596924,
            -0.11107166111469269,
            0.670916736125946,
            -0.5908920168876648
          ],
          [
            -0.3418254256248474,
            0.9130812287330627,
            -0.22237727046012878,
            1.480476975440979
          ],
          [
            0.0,
            0.0,
            0.0,
            1.0
          ]
        ]
      },
      "bone_length_armature_space": 0.03044504895867568,
      "parent": "thumb_02_l",
      "has_children": false,
      "is_end_bone": true
    },
    "metacarpal_index_l": {
      "name": "metacarpal_index_l",
      "local": {
        "location": {
          "x": 0.0,
          "y": 0.0,
          "z": 0.0
        },
        "rotation_quaternion": {
          "w": 0.9994776248931885,
          "x": -0.0266953706741333,
          "y": -0.015892308205366135,
          "z": 0.008908739313483238
        },
        "scale": {
          "x": 1.0,
          "y": 1.0,
          "z": 1.0
        },
        "matrix_basis": [
          [
            0.9993361234664917,
            -0.016959669068455696,
            -0.03224365785717964,
            0.0
          ],
          [
            0.018656672909855843,
            0.998416006565094,
            0.05307969078421593,
            0.0
          ],
          [
            0.03129236772656441,
            -0.053646013140678406,
            0.9980695843696594,
            0.0
          ],
          [
            0.0,
            0.0,
            0.0,
            1.0
          ]
        ],
        "rotation_mode": "QUATERNION"
      },
      "armature_space": {
        "head": {
          "x": 0.2989768981933594,
          "y": -0.5771700739860535,
          "z": 0.5476793050765991
        },
        "tail": {
          "x": 0.30495157837867737,
          "y": -0.6912652254104614,
          "z": 0.5216824412345886
        }
      },
      "world_space": {
        "head": {
          "x": 0.2989768981933594,
          "y": -0.513926088809967,
          "z": 1.4975333213806152
        },
        "tail": {
          "x": 0.30495157837867737,
          "y": -0.628021240234375,
          "z": 1.47153639793396
        },
        "rotation_quaternion": {
          "w": 0.11208251863718033,
          "x": -0.9932752847671509,
          "y": -0.02379489317536354,
          "z": -0.016599508002400398
        },
        "matrix": [
          [
            0.9983164668083191,
            0.0509907491505146,
            0.027641741558909416,
            0.2989768981933594
          ],
          [
            0.043548792600631714,
            -0.9737427830696106,
            0.2234470248222351,
            -0.513926088809967
          ],
          [
            0.038309961557388306,
            -0.22186972200870514,
            -0.9743306636810303,
            1.4975333213806152
          ],
          [
            0.0,
            0.0,
            0.0,
            1.0
          ]
        ]
      },
      "bone_length_armature_space": 0.11717182899973379,
      "parent": "lowerarm_l",
      "has_children": true,
      "is_end_bone": false
    },
    "index_01_l": {
      "name": "index_01_l",
      "local": {
        "location": {
          "x": 0.0,
          "y": 0.0,
          "z": 0.0
        },
        "rotation_quaternion": {
          "w": 0.9315862059593201,
          "x": 0.3629436790943146,
          "y": 0.019940651953220367,
          "z": 0.004625821951776743
        },
        "scale": {
          "x": 1.0,
          "y": 1.0,
          "z": 1.0
        },
        "matrix_basis": [
          [
            0.999161958694458,
            0.005855963099747896,
            0.04051069915294647,
            0.0
          ],
          [
            0.023093370720744133,
            0.7365009784698486,
            -0.6760421395301819,
            0.0
          ],
          [
            -0.03379504755139351,
            0.6764111518859863,
            0.7357485294342041,
            0.0
          ],
          [
            0.0,
            0.0,
            0.0,
            1.0
          ]
        ],
        "rotation_mode": "QUATERNION"
      },
      "armature_space": {
        "head": {
          "x": 0.30495157837867737,
          "y": -0.6912652254104614,
          "z": 0.5216824412345886
        },
        "tail": {
          "x": 0.31496575474739075,
          "y": -0.7084760665893555,
          "z": 0.5012722015380859
        }
      },
      "world_space": {
        "head": {
          "x": 0.30495157837867737,
          "y": -0.628021240234375,
          "z": 1.47153639793396
        },
        "tail": {
          "x": 0.31496575474739075,
          "y": -0.645232081413269,
          "z": 1.451126217842102
        },
        "rotation_quaternion": {
          "w": 0.39949777722358704,
          "x": -0.8954282999038696,
          "y": -0.1964920461177826,
          "z": 0.000866179761942476
        },
        "matrix": [
          [
            0.9227799773216248,
            0.35119718313217163,
            -0.15854856371879578,
            0.30495157837867737
          ],
          [
            0.35258230566978455,
            -0.6035850048065186,
            0.7151020765304565,
            -0.628021240234375
          ],
          [
            0.15544575452804565,
            -0.7157889604568481,
            -0.680806040763855,
            1.47153639793396
          ],
          [
            0.0,
            0.0,
            0.0,
            1.0
          ]
        ]
      },
      "bone_length_armature_space": 0.028514464129985276,
      "parent": "metacarpal_index_l",
      "has_children": true,
      "is_end_bone": false
    },
    "index_02_l": {
      "name": "index_02_l",
      "local": {
        "location": {
          "x": 0.0,
          "y": 0.0,
          "z": 0.0
        },
        "rotation_quaternion": {
          "w": 0.9092190265655518,
          "x": 0.4162379801273346,
          "y": -0.006662670988589525,
          "z": 0.0047199418768286705
        },
        "scale": {
          "x": 1.0,
          "y": 1.0,
          "z": 1.0
        },
        "matrix_basis": [
          [
            0.9998666644096375,
            -0.014129435643553734,
            -0.008186416700482368,
            0.0
          ],
          [
            0.0030364084523171186,
            0.6534473299980164,
            -0.7569658756256104,
            0.0
          ],
          [
            0.016044892370700836,
            0.7568401098251343,
            0.653403103351593,
            0.0
          ],
          [
            0.0,
            0.0,
            0.0,
            1.0
          ]
        ],
        "rotation_mode": "QUATERNION"
      },
      "armature_space": {
        "head": {
          "x": 0.3149656057357788,
          "y": -0.7084761261940002,
          "z": 0.5012716054916382
        },
        "tail": {
          "x": 0.3171102702617645,
          "y": -0.7059910297393799,
          "z": 0.47582903504371643
        }
      },
      "world_space": {
        "head": {
          "x": 0.3149656057357788,
          "y": -0.6452321410179138,
          "z": 1.4511256217956543
        },
        "tail": {
          "x": 0.3171102702617645,
          "y": -0.6427470445632935,
          "z": 1.4256830215454102
        },
        "rotation_quaternion": {
          "w": 0.7151725888252258,
          "x": -0.6613040566444397,
          "y": -0.19226299226284027,
          "z": 0.11933235079050064
        },
        "matrix": [
          [
            0.8975898027420044,
            0.0836019366979599,
            -0.4328314960002899,
            0.3149656057357788
          ],
          [
            0.42497438192367554,
            0.09687349200248718,
            0.9000068306922913,
            -0.6452321410179138
          ],
          [
            0.11717350035905838,
            -0.9917862415313721,
            0.05142521858215332,
            1.4511256217956543
          ],
          [
            0.0,
            0.0,
            0.0,
            1.0
          ]
        ]
      },
      "bone_length_armature_space": 0.025653453189400377,
      "parent": "index_01_l",
      "has_children": true,
      "is_end_bone": false
    },
    "index_03_l": {
      "name": "index_03_l",
      "local": {
        "location": {
          "x": 0.0,
          "y": 0.0,
          "z": 0.0
        },
        "rotation_quaternion": {
          "w": 0.9311116337776184,
          "x": 0.3646426498889923,
          "y": 0.004277332685887814,
          "z": 0.006974649615585804
        },
        "scale": {
          "x": 1.0,
          "y": 1.0,
          "z": 1.0
        },
        "matrix_basis": [
          [
            0.9998661279678345,
            -0.009868958964943886,
            0.01305185817182064,
            0.0
          ],
          [
            0.016107751056551933,
            0.7339741587638855,
            -0.6789863705635071,
            0.0
          ],
          [
            -0.0028788389172405005,
            0.6791056990623474,
            0.7340348958969116,
            0.0
          ],
          [
            0.0,
            0.0,
            0.0,
            1.0
          ]
        ],
        "rotation_mode": "QUATERNION"
      },
      "armature_space": {
        "head": {
          "x": 0.3171103000640869,
          "y": -0.7059911489486694,
          "z": 0.4758290648460388
        },
        "tail": {
          "x": 0.3120611310005188,
          "y": -0.6833808422088623,
          "z": 0.45802417397499084
        }
      },
      "world_space": {
        "head": {
          "x": 0.3171103000640869,
          "y": -0.642747163772583,
          "z": 1.4256830215454102
        },
        "tail": {
          "x": 0.3120611310005188,
          "y": -0.6201368570327759,
          "z": 1.4078781604766846
        },
        "rotation_quaternion": {
          "w": 0.9309052228927612,
          "x": -0.30590206384658813,
          "y": -0.14258794486522675,
          "z": 0.1396714597940445
        },
        "matrix": [
          [
            0.9203209280967712,
            -0.1728060096502304,
            -0.35092341899871826,
            0.3171103000640869
          ],
          [
            0.34727805852890015,
            0.7738314270973206,
            0.529700756072998,
            -0.642747163772583
          ],
          [
            0.180021733045578,
            -0.6093662977218628,
            0.7721911668777466,
            1.4256830215454102
          ],
          [
            0.0,
            0.0,
            0.0,
            1.0
          ]
        ]
      },
      "bone_length_armature_space": 0.029218730357454037,
      "parent": "index_02_l",
      "has_children": false,
      "is_end_bone": true
    },
    "metacarpal_pinky_l": {
      "name": "metacarpal_pinky_l",
      "local": {
        "location": {
          "x": 0.0,
          "y": 0.0,
          "z": 0.0
        },
        "rotation_quaternion": {
          "w": 0.9970996379852295,
          "x": -0.07455188781023026,
          "y": 0.015157943591475487,
          "z": -0.002174779772758484
        },
        "scale": {
          "x": 1.0,
          "y": 1.0,
          "z": 1.0
        },
        "matrix_basis": [
          [
            0.9995310306549072,
            0.0020768376998603344,
            0.030552228912711143,
            0.0
          ],
          [
            -0.006597050931304693,
            0.9888745546340942,
            0.14860539138317108,
            0.0
          ],
          [
            -0.02990369312465191,
            -0.14873725175857544,
            0.9884244799613953,
            0.0
          ],
          [
            0.0,
            0.0,
            0.0,
            1.0
          ]
        ],
        "rotation_mode": "QUATERNION"
      },
      "armature_space": {
        "head": {
          "x": 0.2989768981933594,
          "y": -0.5771700739860535,
          "z": 0.5476793050765991
        },
        "tail": {
          "x": 0.36073508858680725,
          "y": -0.6606010794639587,
          "z": 0.5559501051902771
        }
      },
      "world_space": {
        "head": {
          "x": 0.2989768981933594,
          "y": -0.513926088809967,
          "z": 1.4975333213806152
        },
        "tail": {
          "x": 0.36073508858680725,
          "y": -0.5973570942878723,
          "z": 1.5058040618896484
        },
        "rotation_quaternion": {
          "w": 0.29304027557373047,
          "x": 0.46399974822998047,
          "y": 0.11627572774887085,
          "z": -0.8278355598449707
        },
        "matrix": [
          [
            -0.39766302704811096,
            0.5930830240249634,
            -0.700083315372467,
            0.2989768981933594
          ],
          [
            -0.37727534770965576,
            -0.8012140393257141,
            -0.4644562602043152,
            -0.513926088809967
          ],
          [
            -0.8363838791847229,
            0.07942680269479752,
            0.5423719882965088,
            1.4975333213806152
          ],
          [
            0.0,
            0.0,
            0.0,
            1.0
          ]
        ]
      },
      "bone_length_armature_space": 0.10413074943654198,
      "parent": "lowerarm_l",
      "has_children": true,
      "is_end_bone": false
    },
    "pinky_01_l": {
      "name": "pinky_01_l",
      "local": {
        "location": {
          "x": 0.0,
          "y": 0.0,
          "z": 0.0
        },
        "rotation_quaternion": {
          "w": 0.9516055583953857,
          "x": 0.3064161241054535,
          "y": -0.0050619677640497684,
          "z": -0.023032793775200844
        },
        "scale": {
          "x": 1.0,
          "y": 1.0,
          "z": 1.0
        },
        "matrix_basis": [
          [
            0.9988877177238464,
            0.04073413088917732,
            -0.023749232292175293,
            0.0
          ],
          [
            -0.04693840444087982,
            0.8111572861671448,
            -0.5829414129257202,
            0.0
          ],
          [
            -0.004481245297938585,
            0.5834077596664429,
            0.8121670484542847,
            0.0
          ],
          [
            0.0,
            0.0,
            0.0,
            1.0
          ]
        ],
        "rotation_mode": "QUATERNION"
      },
      "armature_space": {
        "head": {
          "x": 0.36073508858680725,
          "y": -0.6606010794639587,
          "z": 0.5559501051902771
        },
        "tail": {
          "x": 0.37649673223495483,
