{
  "metadata": {
    "armature_name": "KIM_caucasian_male",
    "export_time": "2026-01-13T21:04:02.047664",
    "blender_version": "4.4.1",
    "bone_count": 56,
    "end_bone_count": 13,
    "spaces_included": [
      "LOCAL_CHANNELS",
      "ARMATURE_SPACE",
      "WORLD_SPACE"
    ],
    "note": "LOCAL matches Transform panel; replay pose via local.matrix_basis for best fidelity."
  },
  "bones": {
    "Root": {
      "name": "Root",
      "local": {
        "location": {
          "x": 0.0,
          "y": 0.0,
          "z": 0.0
        },
        "rotation_quaternion": {
          "w": 0.9997135400772095,
          "x": -0.0040251766331493855,
          "y": -0.016769597306847572,
          "z": 0.016595378518104553
        },
        "scale": {
          "x": 1.0,
          "y": 1.0,
          "z": 1.0
        },
        "matrix_basis": [
          [
            0.99888676404953,
            -0.03304624930024147,
            -0.03366318717598915,
            0.0
          ],
          [
            0.03331625089049339,
            0.9994167685508728,
            0.007491451688110828,
            0.0
          ],
          [
            0.03339598700404167,
            -0.008604642935097218,
            0.9994051456451416,
            0.0
          ],
          [
            0.0,
            0.0,
            0.0,
            1.0
          ]
        ],
        "rotation_mode": "QUATERNION"
      },
      "armature_space": {
        "head": {
          "x": 0.0,
          "y": 0.07072800397872925,
          "z": -0.009595036506652832
        },
        "tail": {
          "x": -0.0023587048053741455,
          "y": 0.00012381374835968018,
          "z": 0.000602995976805687
        }
      },
      "world_space": {
        "head": {
          "x": 0.0,
          "y": 0.13397200405597687,
          "z": 0.9402589797973633
        },
        "tail": {
          "x": -0.0023587048053741455,
          "y": 0.0633678138256073,
          "z": 0.9504570364952087
        },
        "rotation_quaternion": {
          "w": 0.0713644027709961,
          "x": 0.9971713423728943,
          "y": -0.017687411978840828,
          "z": -0.015613505616784096
        },
        "matrix": [
          [
            0.99888676404953,
            -0.03304624930024147,
            -0.03366318717598915,
            0.0
          ],
          [
            -0.03750325366854668,
            -0.9891884922981262,
            -0.14177319407463074,
            0.13397200405597687
          ],
          [
            -0.02861439809203148,
            0.14287787675857544,
            -0.9893336892127991,
            0.9402589797973633
          ],
          [
            0.0,
            0.0,
            0.0,
            1.0
          ]
        ]
      },
      "bone_length_armature_space": 0.071375870812001,
      "parent": null,
      "has_children": true,
      "is_end_bone": false
    },
    "spine_01": {
      "name": "spine_01",
      "local": {
        "location": {
          "x": 0.0,
          "y": 0.0,
          "z": 0.0
        },
        "rotation_quaternion": {
          "w": 0.9969180822372437,
          "x": 0.021817803382873535,
          "y": 0.01535920798778534,
          "z": -0.07377305626869202
        },
        "scale": {
          "x": 1.0,
          "y": 1.0,
          "z": 1.0
        },
        "matrix_basis": [
          [
            0.9886432886123657,
            0.14776159822940826,
            0.02740461193025112,
            0.0
          ],
          [
            -0.1464211791753769,
            0.9881630539894104,
            -0.045767318457365036,
            0.0
          ],
          [
            -0.03384287655353546,
            0.04123493283987045,
            0.9985761642456055,
            0.0
          ],
          [
            0.0,
            0.0,
            0.0,
            1.0
          ]
        ],
        "rotation_mode": "QUATERNION"
      },
      "armature_space": {
        "head": {
          "x": -0.0023587048053741455,
          "y": 0.00012381374835968018,
          "z": 0.000602995976805687
        },
        "tail": {
          "x": 0.08371531218290329,
          "y": 0.003479949664324522,
          "z": 0.48094502091407776
        }
      },
      "world_space": {
        "head": {
          "x": -0.0023587048053741455,
          "y": 0.0633678138256073,
          "z": 0.9504570364952087
        },
        "tail": {
          "x": 0.08371531218290329,
          "y": 0.06672395020723343,
          "z": 1.4307990074157715
        },
        "rotation_quaternion": {
          "w": 0.707089364528656,
          "x": 0.7015419602394104,
          "y": 0.05884791165590286,
          "z": -0.06633690744638443
        },
        "matrix": [
          [
            0.9842727184295654,
            0.17638073861598969,
            -0.009855912998318672,
            -0.0023587048053741455
          ],
          [
            -0.011244934052228928,
            0.006877310574054718,
            -0.9999131560325623,
            0.0633678138256073
          ],
          [
            -0.17629888653755188,
            0.9843049645423889,
            0.008751634508371353,
            0.9504570364952087
          ],
          [
            0.0,
            0.0,
            0.0,
            1.0
          ]
        ]
      },
      "bone_length_armature_space": 0.4880045719664335,
      "parent": "Root",
      "has_children": true,
      "is_end_bone": false
    },
    "neck_01": {
      "name": "neck_01",
      "local": {
        "location": {
          "x": 0.0,
          "y": 0.0,
          "z": 0.0
        },
        "rotation_quaternion": {
          "w": 0.9842675924301147,
          "x": -0.1055196225643158,
          "y": -0.11588996648788452,
          "z": -0.0815630778670311
        },
        "scale": {
          "x": 1.0,
          "y": 1.0,
          "z": 1.0
        },
        "matrix_basis": [
          [
            0.9598339796066284,
            0.18501712381839752,
            -0.21092046797275543,
            0.0
          ],
          [
            -0.13610245287418365,
            0.9644261598587036,
            0.2266237735748291,
            0.0
          ],
          [
            0.24534648656845093,
            -0.18881440162658691,
            0.9508702754974365,
            0.0
          ],
          [
            0.0,
            0.0,
            0.0,
            1.0
          ]
        ],
        "rotation_mode": "QUATERNION"
      },
      "armature_space": {
        "head": {
          "x": 0.09628783166408539,
          "y": -0.030693935230374336,
          "z": 0.5533178448677063
        },
        "tail": {
          "x": 0.13222377002239227,
          "y": -0.049913227558135986,
          "z": 0.6473921537399292
        }
      },
      "world_space": {
        "head": {
          "x": 0.09628783166408539,
          "y": 0.03255006670951843,
          "z": 1.5031719207763672
        },
        "tail": {
          "x": 0.13222377002239227,
          "y": 0.013330772519111633,
          "z": 1.5972461700439453
        },
        "rotation_quaternion": {
          "w": 0.6350572109222412,
          "x": 0.7406818866729736,
          "y": 0.054490670561790466,
          "z": -0.21242262423038483
        },
        "matrix": [
          [
            0.9038153290748596,
            0.3505215644836426,
            -0.245464026927948,
            0.09628783166408539
          ],
          [
            -0.18907861411571503,
            -0.18746624886989594,
            -0.9639014601707458,
            0.03255006670951843
          ],
          [
            -0.38388732075691223,
            0.9176070690155029,
            -0.10316045582294464,
            1.5031719207763672
          ],
          [
            0.0,
            0.0,
            0.0,
            1.0
          ]
        ]
      },
      "bone_length_armature_space": 0.10252194162327925,
      "parent": "spine_01",
      "has_children": true,
      "is_end_bone": false
    },
    "head": {
      "name": "head",
      "local": {
        "location": {
          "x": 0.0,
          "y": 0.0,
          "z": 0.0
        },
        "rotation_quaternion": {
          "w": 0.9855536222457886,
          "x": -0.14082932472229004,
          "y": -0.09364291280508041,
          "z": -0.00907405000180006
        },
        "scale": {
          "x": 1.0,
          "y": 1.0,
          "z": 1.0
        },
        "matrix_basis": [
          [
            0.9822973608970642,
            0.04426126182079315,
            -0.18202443420886993,
            0.0
          ],
          [
            0.008489410392940044,
            0.9601695537567139,
            0.2792891561985016,
            0.0
          ],
          [
            0.18713600933551788,
            -0.2758902609348297,
            0.9427962303161621,
            0.0
          ],
          [
            0.0,
            0.0,
            0.0,
            1.0
          ]
        ],
        "rotation_mode": "QUATERNION"
      },
      "armature_space": {
        "head": {
          "x": 0.1322237104177475,
          "y": -0.04991336166858673,
          "z": 0.6473920941352844
        },
        "tail": {
          "x": 0.20471112430095673,
          "y": 0.015977084636688232,
          "z": 0.7676302790641785
        }
      },
      "world_space": {
        "head": {
          "x": 0.1322237104177475,
          "y": 0.013330638408660889,
          "z": 1.5972461700439453
        },
        "tail": {
          "x": 0.20471112430095673,
          "y": 0.07922108471393585,
          "z": 1.7174842357635498
        },
        "rotation_quaternion": {
          "w": 0.8424269556999207,
          "x": 0.47555094957351685,
          "y": 0.05237353965640068,
          "z": -0.24784085154533386
        },
        "matrix": [
          [
            0.8716634511947632,
            0.46738871932029724,
            -0.1474819928407669,
            0.1322237104177475
          ],
          [
            -0.3677651286125183,
            0.4248524010181427,
            -0.8271937966346741,
            0.013330638408660889
          ],
          [
            -0.32396554946899414,
            0.77527916431427,
            0.5422204732894897,
            1.5972461700439453
          ],
          [
            0.0,
            0.0,
            0.0,
            1.0
          ]
        ]
      },
      "bone_length_armature_space": 0.15509093253339568,
      "parent": "neck_01",
      "has_children": false,
      "is_end_bone": true
    },
    "upperarm_l": {
      "name": "upperarm_l",
      "local": {
        "location": {
          "x": 0.0,
          "y": 0.0,
          "z": 0.0
        },
        "rotation_quaternion": {
          "w": 0.9606707096099854,
          "x": 0.23277881741523743,
          "y": 0.15111063420772552,
          "z": 0.009567479602992535
        },
        "scale": {
          "x": 1.0,
          "y": 1.0,
          "z": 1.0
        },
        "matrix_basis": [
          [
            0.9541480541229248,
            0.05196831375360489,
            0.2947893440723419,
            0.0
          ],
          [
            0.08873310685157776,
            0.891444981098175,
            -0.4443560838699341,
            0.0
          ],
          [
            -0.2858808934688568,
            0.4501390755176544,
            0.8459591865539551,
            0.0
          ],
          [
            0.0,
            0.0,
            0.0,
            1.0
          ]
        ],
        "rotation_mode": "QUATERNION"
      },
      "armature_space": {
        "head": {
          "x": 0.23204314708709717,
          "y": -0.036031730473041534,
          "z": 0.46074801683425903
        },
        "tail": {
          "x": 0.4662005305290222,
          "y": -0.14971819519996643,
          "z": 0.3970816731452942
        }
      },
      "world_space": {
        "head": {
          "x": 0.23204314708709717,
          "y": 0.027212269604206085,
          "z": 1.41060209274292
        },
        "tail": {
          "x": 0.4662005305290222,
          "y": -0.08647419512271881,
          "z": 1.346935749053955
        },
        "rotation_quaternion": {
          "w": 0.2482701539993286,
          "x": 0.619439423084259,
          "y": 0.4756414294242859,
          "z": -0.5730812549591064
        },
        "matrix": [
          [
            -0.10931519418954849,
            0.8738212585449219,
            -0.47380027174949646,
            0.23204314708709717
          ],
          [
            0.3047032356262207,
            -0.42425164580345154,
            -0.8527407646179199,
            0.027212269604206085
          ],
          [
            -0.9461597204208374,
            -0.2375880777835846,
            -0.2198813557624817,
            1.41060209274292
          ],
          [
            0.0,
            0.0,
            0.0,
            1.0
          ]
        ]
      },
      "bone_length_armature_space": 0.26796957865967813,
      "parent": "spine_01",
      "has_children": true,
      "is_end_bone": false
    },
    "lowerarm_l": {
      "name": "lowerarm_l",
      "local": {
        "location": {
          "x": 0.0,
          "y": 0.0,
          "z": 0.0
        },
        "rotation_quaternion": {
          "w": 0.9418716430664062,
          "x": 0.12817715108394623,
          "y": -0.01106792688369751,
          "z": 0.31036433577537537
        },
        "scale": {
          "x": 1.0,
          "y": 1.0,
          "z": 1.0
        },
        "matrix_basis": [
          [
            0.8071029782295227,
            -0.5874840617179871,
            0.05871409922838211,
            0.0
          ],
          [
            0.581809401512146,
            0.774489164352417,
            -0.24832302331924438,
            0.0
          ],
          [
            0.10041236877441406,
            0.23458266258239746,
            0.9668962359428406,
            0.0
          ],
          [
            0.0,
            0.0,
            0.0,
            1.0
          ]
        ],
        "rotation_mode": "QUATERNION"
      },
      "armature_space": {
        "head": {
          "x": 0.466200590133667,
          "y": -0.14971831440925598,
          "z": 0.39708176255226135
        },
        "tail": {
          "x": 0.6210094690322876,
          "y": -0.3380212187767029,
          "z": 0.5072892904281616
        }
      },
      "world_space": {
        "head": {
          "x": 0.466200590133667,
          "y": -0.08647431433200836,
          "z": 1.346935749053955
        },
        "tail": {
          "x": 0.6210094690322876,
          "y": -0.27477723360061646,
          "z": 1.4571433067321777
        },
        "rotation_quaternion": {
          "w": 0.3698539435863495,
          "x": 0.7219859957695007,
          "y": 0.10617326945066452,
          "z": -0.5750404000282288
        },
        "matrix": [
          [
            0.31611210107803345,
            0.5786718726158142,
            -0.7518057227134705,
            0.466200590133667
          ],
          [
            -0.27205023169517517,
            -0.7038716673851013,
            -0.6561658382415771,
            -0.08647431433200836
          ],
          [
            -0.9088860154151917,
            0.4119531214237213,
            -0.06507563591003418,
            1.346935749053955
          ],
          [
            0.0,
            0.0,
            0.0,
            1.0
          ]
        ]
      },
      "bone_length_armature_space": 0.2675247121669758,
      "parent": "upperarm_l",
      "has_children": true,
      "is_end_bone": false
    },
    "metacarpal_thumb_l": {
      "name": "metacarpal_thumb_l",
      "local": {
        "location": {
          "x": 0.0,
          "y": 0.0,
          "z": 0.0
        },
        "rotation_quaternion": {
          "w": 0.9986106753349304,
          "x": -0.050772640854120255,
          "y": -0.01363024115562439,
          "z": 0.003648964921012521
        },
        "scale": {
          "x": 1.0,
          "y": 1.0,
          "z": 1.0
        },
        "matrix_basis": [
          [
            0.9996017813682556,
            -0.0059037040919065475,
            -0.02759314328432083,
            0.0
          ],
          [
            0.008671876974403858,
            0.9948176741600037,
            0.10130473226308823,
            0.0
          ],
          [
            0.026852073147892952,
            -0.10150367766618729,
            0.9944726824760437,
            0.0
          ],
          [
            0.0,
            0.0,
            0.0,
            1.0
          ]
        ],
        "rotation_mode": "QUATERNION"
      },
      "armature_space": {
        "head": {
          "x": 0.6210094690322876,
          "y": -0.3380212187767029,
          "z": 0.5072892904281616
        },
        "tail": {
          "x": 0.6230476498603821,
          "y": -0.38633644580841064,
          "z": 0.5180163383483887
        }
      },
      "world_space": {
        "head": {
          "x": 0.6210094690322876,
          "y": -0.27477723360061646,
          "z": 1.4571433067321777
        },
        "tail": {
          "x": 0.6230476498603821,
          "y": -0.3230924606323242,
          "z": 1.4678703546524048
        },
        "rotation_quaternion": {
          "w": 0.10606694221496582,
          "x": 0.9879794120788574,
          "y": 0.03238545358181,
          "z": 0.1076926738023758
        },
        "matrix": [
          [
            0.9747068881988525,
            0.04114694148302078,
            0.2196662724018097,
            0.6210094690322876
          ],
          [
            0.08683772385120392,
            -0.9754018187522888,
            -0.20260891318321228,
            -0.27477723360061646
          ],
          [
            0.2059277594089508,
            0.2165602296590805,
            -0.9543108940124512,
            1.4571433067321777
          ],
          [
            0.0,
            0.0,
            0.0,
            1.0
          ]
        ]
      },
      "bone_length_armature_space": 0.04953367480112146,
      "parent": "lowerarm_l",
      "has_children": true,
      "is_end_bone": false
    },
    "thumb_01_l": {
      "name": "thumb_01_l",
      "local": {
        "location": {
          "x": 0.0,
          "y": 0.0,
          "z": 0.0
        },
        "rotation_quaternion": {
          "w": 0.9967834949493408,
          "x": -0.07870694994926453,
          "y": -0.014848379418253899,
          "z": 0.0027375235222280025
        },
        "scale": {
          "x": 1.0,
          "y": 1.0,
          "z": 1.0
        },
        "matrix_basis": [
          [
            0.999544084072113,
            -0.0031200952362269163,
            -0.030032163485884666,
            0.0
          ],
          [
            0.007794777862727642,
            0.9875954389572144,
            0.15682628750801086,
            0.0
          ],
          [
            0.029170315712690353,
            -0.15698887407779694,
            0.9871695041656494,
            0.0
          ],
          [
            0.0,
            0.0,
            0.0,
            1.0
          ]
        ],
        "rotation_mode": "QUATERNION"
      },
      "armature_space": {
        "head": {
          "x": 0.6230476498603821,
          "y": -0.38633644580841064,
          "z": 0.5180163383483887
        },
        "tail": {
          "x": 0.6201897263526917,
          "y": -0.4132513701915741,
          "z": 0.49737533926963806
        }
      },
      "world_space": {
        "head": {
          "x": 0.6230476498603821,
          "y": -0.3230924606323242,
          "z": 1.4678703546524048
        },
        "tail": {
          "x": 0.6201897263526917,
          "y": -0.3500073552131653,
          "z": 1.4472293853759766
        },
        "rotation_quaternion": {
          "w": 0.18713347613811493,
          "x": -0.6480816602706909,
          "y": 0.2638601064682007,
          "z": -0.6894557476043701
        },
        "matrix": [
          [
            -0.08994393050670624,
            -0.08396206051111221,
            0.9924013614654541,
            0.6230476498603821
          ],
          [
            -0.6000456213951111,
            -0.7907185554504395,
            -0.12128231674432755,
            -0.3230924606323242
          ],
          [
            0.7948981523513794,
            -0.6063998341560364,
            0.020739354193210602,
            1.4678703546524048
          ],
          [
            0.0,
            0.0,
            0.0,
            1.0
          ]
        ]
      },
      "bone_length_armature_space": 0.03403867942287513,
      "parent": "metacarpal_thumb_l",
      "has_children": true,
      "is_end_bone": false
    },
    "thumb_02_l": {
      "name": "thumb_02_l",
      "local": {
        "location": {
          "x": 0.0,
          "y": 0.0,
          "z": 0.0
        },
        "rotation_quaternion": {
          "w": 0.9972910284996033,
          "x": 0.07320433109998703,
          "y": 0.0015467641642317176,
          "z": 0.007033252157270908
        },
        "scale": {
          "x": 1.0,
          "y": 1.0,
          "z": 1.0
        },
        "matrix_basis": [
          [
            0.9998962879180908,
            -0.013801938854157925,
            0.004114876966923475,
            0.0
          ],
          [
            0.014254857785999775,
            0.9891833066940308,
            -0.1459902822971344,
            0.0
          ],
          [
            -0.002055418910458684,
            0.14603380858898163,
            0.9892774820327759,
            0.0
          ],
          [
            0.0,
            0.0,
            0.0,
            1.0
          ]
        ],
        "rotation_mode": "QUATERNION"
      },
      "armature_space": {
        "head": {
          "x": 0.6201896667480469,
          "y": -0.4132513403892517,
          "z": 0.49737533926963806
        },
        "tail": {
          "x": 0.6431736946105957,
          "y": -0.4436509609222412,
          "z": 0.5100551843643188
        }
      },
      "world_space": {
        "head": {
          "x": 0.6201896667480469,
          "y": -0.3500073552131653,
          "z": 1.4472293853759766
        },
        "tail": {
          "x": 0.6431736946105957,
          "y": -0.3804069757461548,
          "z": 1.459909200668335
        },
        "rotation_quaternion": {
          "w": 0.24040670692920685,
          "x": -0.2821916937828064,
          "y": -0.25251635909080505,
          "z": -0.8937605619430542
        },
        "matrix": [
          [
            -0.7251449227333069,
            0.572248637676239,
            0.3830096125602722,
            0.6201896667480469
          ],
          [
            -0.287216454744339,
            -0.7568795084953308,
            0.5870605111122131,
            -0.3500073552131653
          ],
          [
            0.6258408427238464,
            0.3156987130641937,
            0.7132121920585632,
            1.4472293853759766
          ],
          [
            0.0,
            0.0,
            0.0,
            1.0
          ]
        ]
      },
      "bone_length_armature_space": 0.040164424158440674,
      "parent": "thumb_01_l",
      "has_children": true,
      "is_end_bone": false
    },
    "thumb_03_l": {
      "name": "thumb_03_l",
      "local": {
        "location": {
          "x": 0.0,
          "y": 0.0,
          "z": 0.0
        },
        "rotation_quaternion": {
          "w": 0.9970982074737549,
          "x": 0.07573377341032028,
          "y": 0.007652411703020334,
          "z": -0.0011011515744030476
        },
        "scale": {
          "x": 1.0,
          "y": 1.0,
          "z": 1.0
        },
        "matrix_basis": [
          [
            0.9998804330825806,
            0.0033550045918673277,
            0.015093623660504818,
            0.0
          ],
          [
            -0.0010368204675614834,
            0.9885263442993164,
            -0.15104487538337708,
            0.0
          ],
          [
            -0.015427201054990292,
            0.1510111689567566,
            0.9884116649627686,
            0.0
          ],
          [
            0.0,
            0.0,
            0.0,
            1.0
          ]
        ],
        "rotation_mode": "QUATERNION"
      },
      "armature_space": {
        "head": {
          "x": 0.6431736350059509,
          "y": -0.4436509609222412,
          "z": 0.5100551247596741
        },
        "tail": {
          "x": 0.6658862829208374,
          "y": -0.45656847953796387,
          "z": 0.5256809592247009
        }
      },
      "world_space": {
        "head": {
          "x": 0.6431736350059509,
          "y": -0.3804069757461548,
          "z": 1.459909200668335
        },
        "tail": {
          "x": 0.6658862829208374,
          "y": -0.39332449436187744,
          "z": 1.4755349159240723
        },
        "rotation_quaternion": {
          "w": 0.4163360893726349,
          "x": -0.0673539936542511,
          "y": -0.33840468525886536,
          "z": -0.8411955833435059
        },
        "matrix": [
          [
            -0.6442546844482422,
            0.7460260987281799,
            -0.1684662401676178,
            0.6431736350059509
          ],
          [
            -0.654855489730835,
            -0.42429184913635254,
            0.6254124045372009,
            -0.3804069757461548
          ],
          [
            0.3950972557067871,
            0.5132490992546082,
            0.7618974447250366,
            1.459909200668335
          ],
          [
            0.0,
            0.0,
            0.0,
            1.0
          ]
        ]
      },
      "bone_length_armature_space": 0.030444922982622972,
      "parent": "thumb_02_l",
      "has_children": false,
      "is_end_bone": true
    },
    "metacarpal_index_l": {
      "name": "metacarpal_index_l",
      "local": {
        "location": {
          "x": 0.0,
          "y": 0.0,
          "z": 0.0
        },
        "rotation_quaternion": {
          "w": 0.9989292025566101,
          "x": -0.045780155807733536,
          "y": -0.0039040744304656982,
          "z": -0.0054387678392231464
        },
        "scale": {
          "x": 1.0,
          "y": 1.0,
          "z": 1.0
        },
        "matrix_basis": [
          [
            0.9999103546142578,
            0.01122334599494934,
            -0.0073018125258386135,
            0.0
          ],
          [
            -0.010508430190384388,
            0.9957491755485535,
            0.09150473773479462,
            0.0
          ],
          [
            0.008297762833535671,
            -0.09141980111598969,
            0.9957778453826904,
            0.0
          ],
          [
            0.0,
            0.0,
            0.0,
            1.0
          ]
        ],
        "rotation_mode": "QUATERNION"
      },
      "armature_space": {
        "head": {
          "x": 0.6210094690322876,
          "y": -0.3380212187767029,
          "z": 0.5072892904281616
        },
        "tail": {
          "x": 0.6644821763038635,
          "y": -0.43627431988716125,
          "z": 0.5540406107902527
        }
      },
      "world_space": {
        "head": {
          "x": 0.6210094690322876,
          "y": -0.27477723360061646,
          "z": 1.4571433067321777
        },
        "tail": {
          "x": 0.6644821763038635,
          "y": -0.37303030490875244,
          "z": 1.503894567489624
        },
        "rotation_quaternion": {
          "w": 0.23960767686367035,
          "x": 0.9430057406425476,
          "y": 0.15270358324050903,
          "z": -0.1732337921857834
        },
        "matrix": [
          [
            0.8933433294296265,
            0.37101709842681885,
            -0.2535424530506134,
            0.6210094690322876
          ],
          [
            0.20498478412628174,
            -0.8385393023490906,
            -0.504810094833374,
            -0.27477723360061646
          ],
          [
            -0.39990103244781494,
            0.3989984393119812,
            -0.8251627087593079,
            1.4571433067321777
          ],
          [
            0.0,
            0.0,
            0.0,
            1.0
          ]
        ]
      },
      "bone_length_armature_space": 0.11717181398790986,
      "parent": "lowerarm_l",
      "has_children": true,
      "is_end_bone": false
    },
    "index_01_l": {
      "name": "index_01_l",
      "local": {
        "location": {
          "x": 0.0,
          "y": 0.0,
          "z": 0.0
        },
        "rotation_quaternion": {
          "w": 0.9966894388198853,
          "x": -0.08078721165657043,
          "y": 0.008355703204870224,
          "z": -0.0037160010542720556
        },
        "scale": {
          "x": 1.0,
          "y": 1.0,
          "z": 1.0
        },
        "matrix_basis": [
          [
            0.9998327493667603,
            0.0060573299415409565,
            0.017256492748856544,
            0.0
          ],
          [
            -0.00875746551901102,
            0.9869192242622375,
            0.16097742319107056,
            0.0
          ],
          [
            -0.016055671498179436,
            -0.16110162436962128,
            0.9868072271347046,
            0.0
          ],
          [
            0.0,
            0.0,
            0.0,
            1.0
          ]
        ],
        "rotation_mode": "QUATERNION"
      },
      "armature_space": {
        "head": {
          "x": 0.6644821763038635,
          "y": -0.43627431988716125,
          "z": 0.5540406107902527
        },
        "tail": {
          "x": 0.684624969959259,
          "y": -0.45153579115867615,
          "z": 0.5672476291656494
        }
      },
      "world_space": {
        "head": {
          "x": 0.6644821763038635,
          "y": -0.37303030490875244,
          "z": 1.503894567489624
        },
        "tail": {
          "x": 0.684624969959259,
          "y": -0.38829177618026733,
          "z": 1.5171016454696655
        },
        "rotation_quaternion": {
          "w": 0.3305037021636963,
          "x": 0.8627410531044006,
          "y": 0.3509368598461151,
          "z": -0.15260611474514008
        },
        "matrix": [
          [
            0.7071090340614319,
            0.706409215927124,
            -0.031345732510089874,
            0.6644821763038635
          ],
          [
            0.5046626329421997,
            -0.5352202653884888,
            -0.6773884296417236,
            -0.37303030490875244
          ],
          [
            -0.4952932894229889,
            0.46317124366760254,
            -0.7349632978439331,
            1.503894567489624
          ],
          [
            0.0,
            0.0,
            0.0,
            1.0
          ]
        ]
      },
      "bone_length_armature_space": 0.028514381838425952,
      "parent": "metacarpal_index_l",
      "has_children": true,
      "is_end_bone": false
    },
    "index_02_l": {
      "name": "index_02_l",
      "local": {
        "location": {
          "x": 0.0,
          "y": 0.0,
          "z": 0.0
        },
        "rotation_quaternion": {
          "w": 0.9990919232368469,
          "x": 0.041210126131772995,
          "y": 0.007446827366948128,
          "z": 0.007848813198506832
        },
        "scale": {
          "x": 1.0,
          "y": 1.0,
          "z": 1.0
        },
        "matrix_basis": [
          [
            0.9997658729553223,
            -0.015069602057337761,
            0.015527031384408474,
            0.0
          ],
          [
            0.01629714109003544,
            0.9964802265167236,
            -0.08222851157188416,
            0.0
          ],
          [
            -0.014233228750526905,
            0.08246230334043503,
            0.9964925646781921,
            0.0
          ],
          [
            0.0,
            0.0,
            0.0,
            1.0
          ]
        ],
        "rotation_mode": "QUATERNION"
      },
      "armature_space": {
        "head": {
          "x": 0.6846250891685486,
          "y": -0.4515363276004791,
          "z": 0.5672476887702942
        },
        "tail": {
          "x": 0.7028807401657104,
          "y": -0.46592655777931213,
          "z": 0.5780986547470093
        }
      },
      "world_space": {
        "head": {
          "x": 0.6846250891685486,
          "y": -0.3882923126220703,
          "z": 1.517101764678955
        },
        "tail": {
          "x": 0.7028807401657104,
          "y": -0.4026825428009033,
          "z": 1.5279526710510254
        },
        "rotation_quaternion": {
          "w": 0.3183584213256836,
          "x": 0.8638952970504761,
          "y": 0.3437609076499939,
          "z": -0.18482796847820282
        },
        "matrix": [
          [
            0.6953338384628296,
            0.71163010597229,
            -0.10046423226594925,
            0.6846250891685486
          ],
          [
            0.4762648046016693,
            -0.5609516501426697,
            -0.6771301031112671,
            -0.3882923126220703
          ],
          [
            -0.5382250547409058,
            0.42298629879951477,
            -0.7289791107177734,
            1.517101764678955
          ],
          [
            0.0,
            0.0,
            0.0,
            1.0
          ]
        ]
      },
      "bone_length_armature_space": 0.02565328434340761,
      "parent": "index_01_l",
      "has_children": true,
      "is_end_bone": false
    },
    "index_03_l": {
      "name": "index_03_l",
      "local": {
        "location": {
          "x": 0.0,
          "y": 0.0,
          "z": 0.0
        },
        "rotation_quaternion": {
          "w": 0.9999587535858154,
          "x": 0.004922057036310434,
          "y": -0.004362719599157572,
          "z": -0.0062837740406394005
        },
        "scale": {
          "x": 1.0,
          "y": 1.0,
          "z": 1.0
        },
        "matrix_basis": [
          [
            0.9998829364776611,
            0.012524082325398922,
            -0.008786937221884727,
            0.0
          ],
          [
            -0.012609977275133133,
            0.9998725652694702,
            -0.009788879193365574,
            0.0
          ],
          [
            0.008663221262395382,
            0.009898536838591099,
            0.9999134540557861,
            0.0
          ],
          [
            0.0,
            0.0,
            0.0,
            1.0
          ]
        ],
        "rotation_mode": "QUATERNION"
      },
      "armature_space": {
        "head": {
          "x": 0.7028806805610657,
          "y": -0.46592649817466736,
          "z": 0.5780987739562988
        },
        "tail": {
          "x": 0.7252877354621887,
          "y": -0.48262351751327515,
          "z": 0.5866349339485168
        }
      },
      "world_space": {
        "head": {
          "x": 0.7028806805610657,
          "y": -0.40268248319625854,
          "z": 1.527952790260315
        },
        "tail": {
          "x": 0.7252877354621887,
          "y": -0.4193795323371887,
          "z": 1.5364890098571777
        },
        "rotation_quaternion": {
          "w": 0.2539096176624298,
          "x": 0.8656972050666809,
          "y": 0.3870459198951721,
          "z": -0.1905093789100647
        },
        "matrix": [
          [
            0.6278030276298523,
            0.7668735384941101,
            -0.1332961916923523,
            0.7028806805610657
          ],
          [
            0.5733852982521057,
            -0.5714496374130249,
            -0.5870898962020874,
            -0.40268248319625854
          ],
          [
            -0.5263988375663757,
            0.2921482026576996,
            -0.7984783053398132,
            1.527952790260315
          ],
          [
            0.0,
            0.0,
            0.0,
            1.0
          ]
        ]
      },
      "bone_length_armature_space": 0.029218702903328068,
      "parent": "index_02_l",
      "has_children": false,
      "is_end_bone": true
    },
    "metacarpal_pinky_l": {
      "name": "metacarpal_pinky_l",
      "local": {
        "location": {
          "x": 0.0,
          "y": 0.0,
          "z": 0.0
        },
        "rotation_quaternion": {
          "w": 0.9996989369392395,
          "x": 0.0231194868683815,
          "y": 0.006009453441947699,
          "z": -0.005601418204605579
        },
        "scale": {
          "x": 1.0,
          "y": 1.0,
          "z": 1.0
        },
        "matrix_basis": [
          [
            0.9998649954795837,
            0.011477334424853325,
            0.011756284162402153,
            0.0
          ],
          [
            -0.010921592824161053,
            0.9988682270050049,
            -0.04629237577319145,
            0.0
          ],
          [
            -0.012274292297661304,
            0.046157728880643845,
            0.9988587498664856,
            0.0
          ],
          [
            0.0,
            0.0,
            0.0,
            1.0
          ]
        ],
        "rotation_mode": "QUATERNION"
      },
      "armature_space": {
        "head": {
          "x": 0.6210094690322876,
          "y": -0.3380212187767029,
          "z": 0.5072892904281616
        },
        "tail": {
          "x": 0.6996141076087952,
          "y": -0.3880852460861206,
          "z": 0.5537451505661011
        }
      },
      "world_space": {
        "head": {
          "x": 0.6210094690322876,
          "y": -0.27477723360061646,
          "z": 1.4571433067321777
        },
        "tail": {
          "x": 0.6996141076087952,
          "y": -0.3248412609100342,
          "z": 1.5035991668701172
        },
        "rotation_quaternion": {
          "w": 0.4877880811691284,
          "x": 0.2050929069519043,
          "y": -0.14721550047397614,
          "z": -0.8356598615646362
        },
        "matrix": [
          [
            -0.43999847769737244,
            0.7548646926879883,
            -0.4863954186439514,
            0.6210094690322876
          ],
          [
            -0.8756359815597534,
            -0.48078036308288574,
            0.04595902934670448,
            -0.27477723360061646
          ],
          [
            -0.1991586536169052,
            0.4461299479007721,
            0.8725352883338928,
            1.4571433067321777
          ],
          [
            0.0,
            0.0,
            0.0,
            1.0
          ]
        ]
      },
      "bone_length_armature_space": 0.10413089351515759,
      "parent": "lowerarm_l",
      "has_children": true,
      "is_end_bone": false
    },
    "pinky_01_l": {
      "name": "pinky_01_l",
      "local": {
        "location": {
          "x": 0.0,
          "y": 0.0,
          "z": 0.0
        },
        "rotation_quaternion": {
          "w": 0.9958134889602661,
          "x": -0.09080228954553604,
          "y": 0.009663187898695469,
          "z": 0.00413442961871624
        },
        "scale": {
          "x": 1.0,
          "y": 1.0,
          "z": 1.0
        },
        "matrix_basis": [
          [
            0.9997790455818176,
            -0.009989120997488499,
            0.018494633957743645,
            0.0
          ],
          [
            0.006479362491518259,
            0.9834756851196289,
            0.180924192070961,
            0.0
          ],
          [
            -0.019996296614408493,
            -0.18076439201831818,
            0.9833231568336487,
            0.0
          ],
          [
            0.0,
            0.0,
            0.0,
            1.0
          ]
        ],
        "rotation_mode": "QUATERNION"
      },
      "armature_space": {
        "head": {
          "x": 0.6996141076087952,
          "y": -0.3880852460861206,
          "z": 0.5537451505661011
        },
        "tail": {
          "x": 0.7133256196975708,
