{
  "metadata": {
    "armature_name": "KIM_caucasian_male",
    "export_time": "2026-01-13T20:55:20.656981",
    "blender_version": "4.4.1",
    "bone_count": 56,
    "end_bone_count": 13,
    "spaces_included": [
      "LOCAL_CHANNELS",
      "ARMATURE_SPACE",
      "WORLD_SPACE"
    ],
    "note": "LOCAL matches Transform panel; replay pose via local.matrix_basis for best fidelity."
  },
  "bones": {
    "Root": {
      "name": "Root",
      "local": {
        "location": {
          "x": 0.0,
          "y": 0.0,
          "z": 0.0
        },
        "rotation_quaternion": {
          "w": 0.9995416402816772,
          "x": -0.014907523058354855,
          "y": 0.008289499208331108,
          "z": -0.025011178106069565
        },
        "scale": {
          "x": 1.0,
          "y": 1.0,
          "z": 1.0
        },
        "matrix_basis": [
          [
            0.9986114501953125,
            0.04975227639079094,
            0.017317108809947968,
            0.0
          ],
          [
            -0.05024658143520355,
            0.9983044266700745,
            0.029386719688773155,
            0.0
          ],
          [
            -0.01582569070160389,
            -0.030216040089726448,
            0.9994180798530579,
            0.0
          ],
          [
            0.0,
            0.0,
            0.0,
            1.0
          ]
        ],
        "rotation_mode": "QUATERNION"
      },
      "armature_space": {
        "head": {
          "x": 0.0,
          "y": 0.07072800397872925,
          "z": -0.009595036506652832
        },
        "tail": {
          "x": 0.0035511120222508907,
          "y": 0.00040984898805618286,
          "z": 0.0021208664402365685
        }
      },
      "world_space": {
        "head": {
          "x": 0.0,
          "y": 0.13397200405597687,
          "z": 0.9402589797973633
        },
        "tail": {
          "x": 0.0035511120222508907,
          "y": 0.0636538490653038,
          "z": 0.9519748687744141
        },
        "rotation_quaternion": {
          "w": 0.08221043646335602,
          "x": 0.9962666630744934,
          "y": 0.025512803345918655,
          "z": 0.006585714872926474
        },
        "matrix": [
          [
            0.9986114501953125,
            0.04975227639079094,
            0.017317108809947968,
            0.0
          ],
          [
            0.051917944103479385,
            -0.9851810336112976,
            -0.16347144544124603,
            0.13397200405597687
          ],
          [
            0.008927522227168083,
            0.16414375603199005,
            -0.9864031076431274,
            0.9402589797973633
          ],
          [
            0.0,
            0.0,
            0.0,
            1.0
          ]
        ]
      },
      "bone_length_armature_space": 0.07137587676266757,
      "parent": null,
      "has_children": true,
      "is_end_bone": false
    },
    "spine_01": {
      "name": "spine_01",
      "local": {
        "location": {
          "x": 0.0,
          "y": 0.0,
          "z": 0.0
        },
        "rotation_quaternion": {
          "w": 0.9994518756866455,
          "x": 0.007818382233381271,
          "y": 0.03050285577774048,
          "z": -0.010219144634902477
        },
        "scale": {
          "x": 1.0,
          "y": 1.0,
          "z": 1.0
        },
        "matrix_basis": [
          [
            0.9979302883148193,
            0.0209040530025959,
            0.06081247702240944,
            0.0
          ],
          [
            -0.01995011977851391,
            0.9996688961982727,
            -0.016251619905233383,
            0.0
          ],
          [
            -0.06113206595182419,
            0.01500476710498333,
            0.998016893863678,
            0.0
          ],
          [
            0.0,
            0.0,
            0.0,
            1.0
          ]
        ],
        "rotation_mode": "QUATERNION"
      },
      "armature_space": {
        "head": {
          "x": 0.0035511120222508907,
          "y": 0.00040984898805618286,
          "z": 0.0021208664402365685
        },
        "tail": {
          "x": 0.007832080125808716,
          "y": 0.030808225274086,
          "z": 0.4891590178012848
        }
      },
      "world_space": {
        "head": {
          "x": 0.0035511120222508907,
          "y": 0.0636538490653038,
          "z": 0.9519748687744141
        },
        "tail": {
          "x": 0.007832080125808716,
          "y": 0.09405222535133362,
          "z": 1.4390130043029785
        },
        "rotation_quaternion": {
          "w": 0.7274771928787231,
          "x": 0.6838247776031494,
          "y": 0.04384716972708702,
          "z": 0.03518674895167351
        },
        "matrix": [
          [
            0.993678629398346,
            0.008772453293204308,
            0.11191871762275696,
            0.0035511120222508907
          ],
          [
            0.11116261035203934,
            0.062291599810123444,
            -0.9918481707572937,
            0.0636538490653038
          ],
          [
            -0.01567254215478897,
            0.9980264902114868,
            0.06092219799757004,
            0.9519748687744141
          ],
          [
            0.0,
            0.0,
            0.0,
            1.0
          ]
        ]
      },
      "bone_length_armature_space": 0.4880046761007264,
      "parent": "Root",
      "has_children": true,
      "is_end_bone": false
    },
    "neck_01": {
      "name": "neck_01",
      "local": {
        "location": {
          "x": 0.0,
          "y": 0.0,
          "z": 0.0
        },
        "rotation_quaternion": {
          "w": 0.9847580194473267,
          "x": -0.13662557303905487,
          "y": -0.09021537750959396,
          "z": 0.0587041936814785
        },
        "scale": {
          "x": 1.0,
          "y": 1.0,
          "z": 1.0
        },
        "matrix_basis": [
          [
            0.976830005645752,
            -0.09096739441156387,
            -0.19372162222862244,
            0.0
          ],
          [
            0.14027030766010284,
            0.9557745456695557,
            0.25849422812461853,
            0.0
          ],
          [
            0.16163964569568634,
            -0.2796782851219177,
            0.9463892579078674,
            0.0
          ],
          [
            0.0,
            0.0,
            0.0,
            1.0
          ]
        ],
        "rotation_mode": "QUATERNION"
      },
      "armature_space": {
        "head": {
          "x": 0.012355776503682137,
          "y": 0.0009713880717754364,
          "z": 0.5643457770347595
        },
        "tail": {
          "x": 0.005225165281444788,
          "y": -0.0043347240425646305,
          "z": 0.6664817929267883
        }
      },
      "world_space": {
        "head": {
          "x": 0.012355776503682137,
          "y": 0.06421539187431335,
          "z": 1.5141997337341309
        },
        "tail": {
          "x": 0.005225165281444788,
          "y": 0.05890927463769913,
          "z": 1.6163358688354492
        },
        "rotation_quaternion": {
          "w": 0.6863657832145691,
          "x": 0.7251366376876831,
          "y": -0.054989032447338104,
          "z": -0.007428023964166641
        },
        "matrix": [
          [
            0.9938420057296753,
            -0.0695524588227272,
            -0.08625826239585876,
            0.012355776503682137
          ],
          [
            -0.08994625508785248,
            -0.05175617337226868,
            -0.9946011304855347,
            0.06421539187431335
          ],
          [
            0.06471291184425354,
            0.9962416887283325,
            -0.05769473314285278,
            1.5141997337341309
          ],
          [
            0.0,
            0.0,
            0.0,
            1.0
          ]
        ]
      },
      "bone_length_armature_space": 0.10252202700873647,
      "parent": "spine_01",
      "has_children": true,
      "is_end_bone": false
    },
    "head": {
      "name": "head",
      "local": {
        "location": {
          "x": 0.0,
          "y": 0.0,
          "z": 0.0
        },
        "rotation_quaternion": {
          "w": 0.9781568646430969,
          "x": -0.07925479859113693,
          "y": -0.07261209189891815,
          "z": 0.1779196411371231
        },
        "scale": {
          "x": 1.0,
          "y": 1.0,
          "z": 1.0
        },
        "matrix_basis": [
          [
            0.9261441826820374,
            -0.33655691146850586,
            -0.17025400698184967,
            0.0
          ],
          [
            0.35957634449005127,
            0.9241265654563904,
            0.1292090117931366,
            0.0
          ],
          [
            0.11385006457567215,
            -0.18088547885417938,
            0.9768922924995422,
            0.0
          ],
          [
            0.0,
            0.0,
            0.0,
            1.0
          ]
        ],
        "rotation_mode": "QUATERNION"
      },
      "armature_space": {
        "head": {
          "x": 0.005225157830864191,
          "y": -0.0043348753824830055,
          "z": 0.6664817333221436
        },
        "tail": {
          "x": -0.04850151017308235,
          "y": 0.07165443897247314,
          "z": 0.7905473709106445
        }
      },
      "world_space": {
        "head": {
          "x": 0.005225157830864191,
          "y": 0.05890912562608719,
          "z": 1.6163357496261597
        },
        "tail": {
          "x": -0.04850151017308235,
          "y": 0.13489843904972076,
          "z": 1.7404013872146606
        },
        "rotation_quaternion": {
          "w": 0.8360476493835449,
          "x": 0.4987383782863617,
          "y": -0.214494988322258,
          "z": 0.07922292500734329
        },
        "matrix": [
          [
            0.8954316973686218,
            -0.3464220464229584,
            -0.27963170409202576,
            0.005225157830864191
          ],
          [
            -0.08148378133773804,
            0.489968478679657,
            -0.8679237961769104,
            0.05890912562608719
          ],
          [
            0.43768155574798584,
            0.7999578714370728,
            0.41050752997398376,
            1.6163357496261597
          ],
          [
            0.0,
            0.0,
            0.0,
            1.0
          ]
        ]
      },
      "bone_length_armature_space": 0.15509098282534486,
      "parent": "neck_01",
      "has_children": false,
      "is_end_bone": true
    },
    "upperarm_l": {
      "name": "upperarm_l",
      "local": {
        "location": {
          "x": 0.0,
          "y": 0.0,
          "z": 0.0
        },
        "rotation_quaternion": {
          "w": 0.8800641298294067,
          "x": 0.28245577216148376,
          "y": 0.3793109059333801,
          "z": 0.04276680201292038
        },
        "scale": {
          "x": 1.0,
          "y": 1.0,
          "z": 1.0
        },
        "matrix_basis": [
          [
            0.7085884809494019,
            0.13900205492973328,
            0.691795289516449,
            0.0
          ],
          [
            0.28955215215682983,
            0.8367794752120972,
            -0.46471455693244934,
            0.0
          ],
          [
            -0.6434763669967651,
            0.5296022295951843,
            0.55268394947052,
            0.0
          ],
          [
            0.0,
            0.0,
            0.0,
            1.0
          ]
        ],
        "rotation_mode": "QUATERNION"
      },
      "armature_space": {
        "head": {
          "x": 0.1611749231815338,
          "y": 0.010296173393726349,
          "z": 0.49511411786079407
        },
        "tail": {
          "x": 0.40274515748023987,
          "y": -0.09815442562103271,
          "z": 0.4540052115917206
        }
      },
      "world_space": {
        "head": {
          "x": 0.1611749231815338,
          "y": 0.07354017347097397,
          "z": 1.4449681043624878
        },
        "tail": {
          "x": 0.40274515748023987,
          "y": -0.034910425543785095,
          "z": 1.403859257698059
        },
        "rotation_quaternion": {
          "w": 0.1643657386302948,
          "x": 0.7454450726509094,
          "y": 0.5202175974845886,
          "z": -0.38297414779663086
        },
        "matrix": [
          [
            0.1654074341058731,
            0.9014843106269836,
            -0.3999580442905426,
            0.1611749231815338
          ],
          [
            0.6496913433074951,
            -0.40471258759498596,
            -0.6435130834579468,
            0.07354017347097397
          ],
          [
            -0.7419894933700562,
            -0.15340891480445862,
            -0.6526340246200562,
            1.4449681043624878
          ],
          [
            0.0,
            0.0,
            0.0,
            1.0
          ]
        ]
      },
      "bone_length_armature_space": 0.2679694972031327,
      "parent": "spine_01",
      "has_children": true,
      "is_end_bone": false
    },
    "lowerarm_l": {
      "name": "lowerarm_l",
      "local": {
        "location": {
          "x": 0.0,
          "y": 0.0,
          "z": 0.0
        },
        "rotation_quaternion": {
          "w": 0.9965605735778809,
          "x": 0.024657033383846283,
          "y": 0.0772562250494957,
          "z": 0.017049819231033325
        },
        "scale": {
          "x": 1.0,
          "y": 1.0,
          "z": 1.0
        },
        "matrix_basis": [
          [
            0.9874815344810486,
            -0.03017253614962101,
            0.15482181310653687,
            0.0
          ],
          [
            0.03779217228293419,
            0.9982026815414429,
            -0.04651004448533058,
            0.0
          ],
          [
            -0.15314021706581116,
            0.05177886411547661,
            0.9868469834327698,
            0.0
          ],
          [
            0.0,
            0.0,
            0.0,
            1.0
          ]
        ],
        "rotation_mode": "QUATERNION"
      },
      "armature_space": {
        "head": {
          "x": 0.40274521708488464,
          "y": -0.09815456718206406,
          "z": 0.45400527119636536
        },
        "tail": {
          "x": 0.6172231435775757,
          "y": -0.2509553134441376,
          "z": 0.4068829119205475
        }
      },
      "world_space": {
        "head": {
          "x": 0.40274521708488464,
          "y": -0.03491056710481644,
          "z": 1.403859257698059
        },
        "tail": {
          "x": 0.6172231435775757,
          "y": -0.18771131336688995,
          "z": 1.3567368984222412
        },
        "rotation_quaternion": {
          "w": 0.12079715728759766,
          "x": 0.7860913872718811,
          "y": 0.44701722264289856,
          "z": -0.4094436764717102
        },
        "matrix": [
          [
            0.2650618255138397,
            0.8017134070396423,
            -0.5357216000556946,
            0.40274521708488464
          ],
          [
            0.6038733124732971,
            -0.5711654424667358,
            -0.5559740662574768,
            -0.03491056710481644
          ],
          [
            -0.7517222166061401,
            -0.17614227533340454,
            -0.6355324387550354,
            1.403859257698059
          ],
          [
            0.0,
            0.0,
            0.0,
            1.0
          ]
        ]
      },
      "bone_length_armature_space": 0.2675245115594018,
      "parent": "upperarm_l",
      "has_children": true,
      "is_end_bone": false
    },
    "metacarpal_thumb_l": {
      "name": "metacarpal_thumb_l",
      "local": {
        "location": {
          "x": 0.0,
          "y": 0.0,
          "z": 0.0
        },
        "rotation_quaternion": {
          "w": 0.9975376129150391,
          "x": -0.06894499063491821,
          "y": -0.006502045318484306,
          "z": -0.011098298244178295
        },
        "scale": {
          "x": 1.0,
          "y": 1.0,
          "z": 1.0
        },
        "matrix_basis": [
          [
            0.999669075012207,
            0.023038506507873535,
            -0.011441725306212902,
            0.0
          ],
          [
            -0.021245373412966728,
            0.9902468323707581,
            0.13769476115703583,
            0.0
          ],
          [
            0.01450241357088089,
            -0.137406125664711,
            0.9904085993766785,
            0.0
          ],
          [
            0.0,
            0.0,
            0.0,
            1.0
          ]
        ],
        "rotation_mode": "QUATERNION"
      },
      "armature_space": {
        "head": {
          "x": 0.6172231435775757,
          "y": -0.2509553134441376,
          "z": 0.4068829119205475
        },
        "tail": {
          "x": 0.635250985622406,
          "y": -0.288445383310318,
          "z": 0.37999260425567627
        }
      },
      "world_space": {
        "head": {
          "x": 0.6172231435775757,
          "y": -0.18771131336688995,
          "z": 1.3567368984222412
        },
        "tail": {
          "x": 0.635250985622406,
          "y": -0.22520138323307037,
          "z": 1.3298466205596924
        },
        "rotation_quaternion": {
          "w": 0.3161582052707672,
          "x": -0.9259614944458008,
          "y": -0.1470169872045517,
          "z": -0.14500117301940918
        },
        "matrix": [
          [
            0.9147213697433472,
            0.3639507591724396,
            0.17556878924369812,
            0.6172231435775757
          ],
          [
            0.18057850003242493,
            -0.7568601369857788,
            0.6281353235244751,
            -0.18771131336688995
          ],
          [
            0.36149412393569946,
            -0.5428693294525146,
            -0.7580426335334778,
            1.3567368984222412
          ],
          [
            0.0,
            0.0,
            0.0,
            1.0
          ]
        ]
      },
      "bone_length_armature_space": 0.049533797136651084,
      "parent": "lowerarm_l",
      "has_children": true,
      "is_end_bone": false
    },
    "thumb_01_l": {
      "name": "thumb_01_l",
      "local": {
        "location": {
          "x": 0.0,
          "y": 0.0,
          "z": 0.0
        },
        "rotation_quaternion": {
          "w": 0.9993875026702881,
          "x": -0.03127328306436539,
          "y": -0.008654582314193249,
          "z": -0.013110930100083351
        },
        "scale": {
          "x": 1.0,
          "y": 1.0,
          "z": 1.0
        },
        "matrix_basis": [
          [
            0.999506413936615,
            0.026747113093733788,
            -0.0164785198867321,
            0.0
          ],
          [
            -0.02566448412835598,
            0.9977001547813416,
            0.0627351924777031,
            0.0
          ],
          [
            0.018118606880307198,
            -0.06228131800889969,
            0.9978941679000854,
            0.0
          ],
          [
            0.0,
            0.0,
            0.0,
            1.0
          ]
        ],
        "rotation_mode": "QUATERNION"
      },
      "armature_space": {
        "head": {
          "x": 0.635250985622406,
          "y": -0.288445383310318,
          "z": 0.37999260425567627
        },
        "tail": {
          "x": 0.6421852707862854,
          "y": -0.29159969091415405,
          "z": 0.3468172252178192
        }
      },
      "world_space": {
        "head": {
          "x": 0.635250985622406,
          "y": -0.22520138323307037,
          "z": 1.3298466205596924
        },
        "tail": {
          "x": 0.6421852707862854,
          "y": -0.22835569083690643,
          "z": 1.2966712713241577
        },
        "rotation_quaternion": {
          "w": 0.5597720742225647,
          "x": -0.5171874165534973,
          "y": 0.3745952248573303,
          "z": -0.5280632972717285
        },
        "matrix": [
          [
            0.16165313124656677,
            0.20371802151203156,
            0.965591549873352,
            0.635250985622406
          ],
          [
            -0.9786620736122131,
            -0.09266865998506546,
            0.1833924651145935,
            -0.22520138323307037
          ],
          [
            0.1268405169248581,
            -0.9746408462524414,
            0.18439245223999023,
            1.3298466205596924
          ],
          [
            0.0,
            0.0,
            0.0,
            1.0
          ]
        ]
      },
      "bone_length_armature_space": 0.03403879827076934,
      "parent": "metacarpal_thumb_l",
      "has_children": true,
      "is_end_bone": false
    },
    "thumb_02_l": {
      "name": "thumb_02_l",
      "local": {
        "location": {
          "x": 0.0,
          "y": 0.0,
          "z": 0.0
        },
        "rotation_quaternion": {
          "w": 0.996749222278595,
          "x": 0.07982829213142395,
          "y": 0.006246550939977169,
          "z": -0.008920367807149887
        },
        "scale": {
          "x": 1.0,
          "y": 1.0,
          "z": 1.0
        },
        "matrix_basis": [
          [
            0.9997628331184387,
            0.018780041486024857,
            0.011028294451534748,
            0.0
          ],
          [
            -0.016785437241196632,
            0.9870957136154175,
            -0.15924902260303497,
            0.0
          ],
          [
            -0.013876684941351414,
            0.1590261310338974,
            0.9871768355369568,
            0.0
          ],
          [
            0.0,
            0.0,
            0.0,
            1.0
          ]
        ],
        "rotation_mode": "QUATERNION"
      },
      "armature_space": {
        "head": {
          "x": 0.6421852111816406,
          "y": -0.29159966111183167,
          "z": 0.3468172252178192
        },
        "tail": {
          "x": 0.6745495200157166,
          "y": -0.3148135244846344,
          "z": 0.34163564443588257
        }
      },
      "world_space": {
        "head": {
          "x": 0.6421852111816406,
          "y": -0.22835566103458405,
          "z": 1.2966712713241577
        },
        "tail": {
          "x": 0.6745495200157166,
          "y": -0.2515695095062256,
          "z": 1.291489601135254
        },
        "rotation_quaternion": {
          "w": 0.45719456672668457,
          "x": -0.05463537946343422,
          "y": 0.04458225145936012,
          "z": -0.886566698551178
        },
        "matrix": [
          [
            -0.5759761333465576,
            0.8057953119277954,
            0.13764171302318573,
            0.6421852111816406
          ],
          [
            -0.8155384659767151,
            -0.5779709815979004,
            -0.029091373085975647,
            -0.22835566103458405
          ],
          [
            0.056110844016075134,
            -0.12900936603546143,
            0.9900615811347961,
            1.2966712713241577
          ],
          [
            0.0,
            0.0,
            0.0,
            1.0
          ]
        ]
      },
      "bone_length_armature_space": 0.04016442092030767,
      "parent": "thumb_01_l",
      "has_children": true,
      "is_end_bone": false
    },
    "thumb_03_l": {
      "name": "thumb_03_l",
      "local": {
        "location": {
          "x": 0.0,
          "y": 0.0,
          "z": 0.0
        },
        "rotation_quaternion": {
          "w": 0.9935774803161621,
          "x": 0.11289200931787491,
          "y": -8.415663614869118e-07,
          "z": -0.007697142194956541
        },
        "scale": {
          "x": 1.0,
          "y": 1.0,
          "z": 1.0
        },
        "matrix_basis": [
          [
            0.9998815059661865,
            0.015295224264264107,
            -0.0017395640024915338,
            0.0
          ],
          [
            -0.01529560424387455,
            0.974392294883728,
            -0.22433389723300934,
            0.0
          ],
          [
            -0.001736219390295446,
            0.22433392703533173,
            0.9745107889175415,
            0.0
          ],
          [
            0.0,
            0.0,
            0.0,
            1.0
          ]
        ],
        "rotation_mode": "QUATERNION"
      },
      "armature_space": {
        "head": {
          "x": 0.6745494604110718,
          "y": -0.3148135542869568,
          "z": 0.3416355848312378
        },
        "tail": {
          "x": 0.6991974711418152,
          "y": -0.32940205931663513,
          "z": 0.35195761919021606
        }
      },
      "world_space": {
        "head": {
          "x": 0.6745494604110718,
          "y": -0.25156956911087036,
          "z": 1.291489601135254
        },
        "tail": {
          "x": 0.6991974711418152,
          "y": -0.2661580443382263,
          "z": 1.301811695098877
        },
        "rotation_quaternion": {
          "w": 0.5062875151634216,
          "x": 0.2302396595478058,
          "y": -0.06390531361103058,
          "z": -0.8286005258560181
        },
        "matrix": [
          [
            -0.3813246190547943,
            0.8095938563346863,
            -0.44626134634017944,
            0.6745494604110718
          ],
          [
            -0.8684473633766174,
            -0.4791773557662964,
            -0.1272323876619339,
            -0.25156956911087036
          ],
          [
            -0.31684792041778564,
            0.33903971314430237,
            0.8858179450035095,
            1.291489601135254
          ],
          [
            0.0,
            0.0,
            0.0,
            1.0
          ]
        ]
      },
      "bone_length_armature_space": 0.030444922265660306,
      "parent": "thumb_02_l",
      "has_children": false,
      "is_end_bone": true
    },
    "metacarpal_index_l": {
      "name": "metacarpal_index_l",
      "local": {
        "location": {
          "x": 0.0,
          "y": 0.0,
          "z": 0.0
        },
        "rotation_quaternion": {
          "w": 0.9988661408424377,
          "x": -0.04578973352909088,
          "y": 0.012200282886624336,
          "z": 0.0045896428637206554
        },
        "scale": {
          "x": 1.0,
          "y": 1.0,
          "z": 1.0
        },
        "matrix_basis": [
          [
            0.9996601939201355,
            -0.010286172851920128,
            0.023952582851052284,
            0.0
          ],
          [
            0.008051582612097263,
            0.9957644939422607,
            0.0915876179933548,
            0.0
          ],
          [
            -0.024793215095996857,
            -0.09136363863945007,
            0.9955089092254639,
            0.0
          ],
          [
            0.0,
            0.0,
            0.0,
            1.0
          ]
        ],
        "rotation_mode": "QUATERNION"
      },
      "armature_space": {
        "head": {
          "x": 0.6172231435775757,
          "y": -0.2509553134441376,
          "z": 0.4068829119205475
        },
        "tail": {
          "x": 0.690451979637146,
          "y": -0.33469170331954956,
          "z": 0.37007272243499756
        }
      },
      "world_space": {
        "head": {
          "x": 0.6172231435775757,
          "y": -0.18771131336688995,
          "z": 1.3567368984222412
        },
        "tail": {
          "x": 0.690451979637146,
          "y": -0.27144771814346313,
          "z": 1.3199267387390137
        },
        "rotation_quaternion": {
          "w": 0.15595097839832306,
          "x": -0.9251703023910522,
          "y": -0.34402891993522644,
          "z": 0.037192750722169876
        },
        "matrix": [
          [
            0.7605212926864624,
            0.6249701976776123,
            -0.17612332105636597,
            0.6172231435775757
          ],
          [
            0.6481716632843018,
            -0.7146468162536621,
            0.26297080516815186,
            -0.18771131336688995
          ],
          [
            0.038483768701553345,
            -0.3141559064388275,
            -0.9485983848571777,
            1.3567368984222412
          ],
          [
            0.0,
            0.0,
            0.0,
            1.0
          ]
        ]
      },
      "bone_length_armature_space": 0.11717181895562843,
      "parent": "lowerarm_l",
      "has_children": true,
      "is_end_bone": false
    },
    "index_01_l": {
      "name": "index_01_l",
      "local": {
        "location": {
          "x": 0.0,
          "y": 0.0,
          "z": 0.0
        },
        "rotation_quaternion": {
          "w": 0.9917815923690796,
          "x": -0.12738388776779175,
          "y": 0.002200659830123186,
          "z": 0.011747376061975956
        },
        "scale": {
          "x": 1.0,
          "y": 1.0,
          "z": 1.0
        },
        "matrix_basis": [
          [
            0.9997143149375916,
            -0.023862319067120552,
            0.0013722949661314487,
            0.0
          ],
          [
            0.022741004824638367,
            0.9672706723213196,
            0.2527256906032562,
            0.0
          ],
          [
            -0.007358000613749027,
            -0.2526222765445709,
            0.967536985874176,
            0.0
          ],
          [
            0.0,
            0.0,
            0.0,
            1.0
          ]
        ],
        "rotation_mode": "QUATERNION"
      },
      "armature_space": {
        "head": {
          "x": 0.690451979637146,
          "y": -0.33469170331954956,
          "z": 0.37007272243499756
        },
        "tail": {
          "x": 0.7144023180007935,
          "y": -0.34992513060569763,
          "z": 0.37279170751571655
        }
      },
      "world_space": {
        "head": {
          "x": 0.690451979637146,
          "y": -0.27144771814346313,
          "z": 1.3199267387390137
        },
        "tail": {
          "x": 0.7144023180007935,
          "y": -0.2866811156272888,
          "z": 1.322645664215088
        },
        "rotation_quaternion": {
          "w": 0.0031228740699589252,
          "x": 0.8708840608596802,
          "y": 0.48256778717041016,
          "z": 0.09316402673721313
        },
        "matrix": [
          [
            0.5168975591659546,
            0.8399393558502197,
            0.16528359055519104,
            0.690451979637146
          ],
          [
            0.8411033153533936,
            -0.5342369675636292,
            0.0844767764210701,
            -0.27144771814346313
          ],
          [
            0.15925784409046173,
            0.09535485506057739,
            -0.9826282262802124,
            1.3199267387390137
          ],
          [
            0.0,
            0.0,
            0.0,
            1.0
          ]
        ]
      },
      "bone_length_armature_space": 0.028514362660949952,
      "parent": "metacarpal_index_l",
      "has_children": true,
      "is_end_bone": false
    },
    "index_02_l": {
      "name": "index_02_l",
      "local": {
        "location": {
          "x": 0.0,
          "y": 0.0,
          "z": 0.0
        },
        "rotation_quaternion": {
          "w": 0.9998947978019714,
          "x": 0.014223325997591019,
          "y": -0.0024208545219153166,
          "z": 0.00156660214997828
        },
        "scale": {
          "x": 1.0,
          "y": 1.0,
          "z": 1.0
        },
        "matrix_basis": [
          [
            0.9999833703041077,
            -0.003201739862561226,
            -0.004796634893864393,
            0.0
          ],
          [
            0.0030640093609690666,
            0.9995904564857483,
            -0.02845124527812004,
            0.0
          ],
          [
            0.004885764326900244,
            0.028436074033379555,
            0.9995836615562439,
            0.0
          ],
          [
            0.0,
            0.0,
            0.0,
            1.0
          ]
        ],
        "rotation_mode": "QUATERNION"
      },
      "armature_space": {
        "head": {
          "x": 0.7144025564193726,
          "y": -0.34992551803588867,
          "z": 0.3727914094924927
        },
        "tail": {
          "x": 0.7362602353096008,
          "y": -0.3630773425102234,
          "z": 0.3755044639110565
        }
      },
      "world_space": {
        "head": {
          "x": 0.7144025564193726,
          "y": -0.28668153285980225,
          "z": 1.3226454257965088
        },
        "tail": {
          "x": 0.7362602353096008,
          "y": -0.29983335733413696,
          "z": 1.325358510017395
        },
        "rotation_quaternion": {
          "w": 0.024556312710046768,
          "x": 0.8673149347305298,
          "y": 0.4930095374584198,
          "z": 0.06405796855688095
        },
        "matrix": [
          [
            0.5056763291358948,
            0.8520429730415344,
            0.13532954454421997,
            0.7144025564193726
          ],
          [
            0.8583353161811829,
            -0.5126769542694092,
            0.020566346123814583,
            -0.28668153285980225
          ],
          [
            0.08690515160560608,
            0.1057584285736084,
            -0.9905940890312195,
            1.3226454257965088
          ],
          [
            0.0,
            0.0,
            0.0,
            1.0
          ]
        ]
      },
      "bone_length_armature_space": 0.02565325059180239,
      "parent": "index_01_l",
      "has_children": true,
      "is_end_bone": false
    },
    "index_03_l": {
      "name": "index_03_l",
      "local": {
        "location": {
          "x": 0.0,
          "y": 0.0,
          "z": 0.0
        },
        "rotation_quaternion": {
          "w": 0.9992406368255615,
          "x": 0.03886621072888374,
          "y": 0.0025339138228446245,
          "z": -0.001120378845371306
        },
        "scale": {
          "x": 1.0,
          "y": 1.0,
          "z": 1.0
        },
        "matrix_basis": [
          [
            0.999984622001648,
            0.002436023438349366,
            0.004976889584213495,
            0.0
          ],
          [
            -0.0020420888904482126,
            0.9969763159751892,
            -0.07767907530069351,
            0.0
          ],
          [
            -0.0051510692574083805,
            0.0776677131652832,
            0.9969660043716431,
            0.0
          ],
          [
            0.0,
            0.0,
            0.0,
            1.0
          ]
        ],
        "rotation_mode": "QUATERNION"
      },
      "armature_space": {
        "head": {
          "x": 0.7362602353096008,
          "y": -0.3630773723125458,
          "z": 0.37550461292266846
        },
        "tail": {
          "x": 0.7627946734428406,
          "y": -0.37522009015083313,
          "z": 0.3740179240703583
        }
      },
      "world_space": {
        "head": {
          "x": 0.7362602353096008,
          "y": -0.29983335733413696,
          "z": 1.3253586292266846
        },
        "tail": {
          "x": 0.7627946734428406,
          "y": -0.3119760751724243,
          "z": 1.3238719701766968
        },
        "rotation_quaternion": {
          "w": 0.06390123069286346,
          "x": -0.8396589756011963,
          "y": -0.5367740392684937,
          "z": -0.05256466194987297
        },
        "matrix": [
          [
            0.418221116065979,
            0.9081321358680725,
            0.019670777022838593,
            0.7362602353096008
          ],
          [
            0.8946965932846069,
            -0.415580153465271,
            0.16374078392982483,
            -0.29983335733413696
          ],
          [
            0.15687496960163116,
            -0.05088125169277191,
            -0.9863139390945435,
            1.3253586292266846
          ],
          [
            0.0,
            0.0,
            0.0,
            1.0
          ]
        ]
      },
      "bone_length_armature_space": 0.029218697249860433,
      "parent": "index_02_l",
      "has_children": false,
      "is_end_bone": true
    },
    "metacarpal_pinky_l": {
      "name": "metacarpal_pinky_l",
      "local": {
        "location": {
          "x": 0.0,
          "y": 0.0,
          "z": 0.0
        },
        "rotation_quaternion": {
          "w": 0.9996819496154785,
          "x": -0.021470019593834877,
          "y": -0.004484000615775585,
          "z": 0.012452169321477413
        },
        "scale": {
          "x": 1.0,
          "y": 1.0,
          "z": 1.0
        },
        "matrix_basis": [
          [
            0.999649703502655,
            -0.024703875184059143,
            -0.009499846026301384,
            0.0
          ],
          [
            0.0250889603048563,
            0.9987679719924927,
            0.0428147092461586,
            0.0
          ],
          [
            0.008430452086031437,
            -0.04303805157542229,
            0.9990378618240356,
            0.0
          ],
          [
            0.0,
            0.0,
            0.0,
            1.0
          ]
        ],
        "rotation_mode": "QUATERNION"
      },
      "armature_space": {
        "head": {
          "x": 0.6172231435775757,
          "y": -0.2509553134441376,
          "z": 0.4068829119205475
        },
        "tail": {
          "x": 0.7156574726104736,
          "y": -0.2848711907863617,
          "z": 0.4087841808795929
        }
      },
      "world_space": {
        "head": {
          "x": 0.6172231435775757,
          "y": -0.18771131336688995,
          "z": 1.3567368984222412
        },
        "tail": {
          "x": 0.7156574726104736,
          "y": -0.22162719070911407,
          "z": 1.3586381673812866
        },
        "rotation_quaternion": {
          "w": 0.5155785083770752,
          "x": 0.3883649408817291,
          "y": 0.26706811785697937,
          "z": -0.7155599594116211
        },
        "matrix": [
          [
            -0.16670197248458862,
            0.9452950954437256,
            -0.2804056704044342,
            0.6172231435775757
          ],
          [
            -0.5304157137870789,
            -0.3257046341896057,
            -0.7826722264289856,
            -0.18771131336688995
          ],
          [
            -0.8311919569969177,
            0.01825837790966034,
            0.5556980967521667,
            1.3567368984222412
          ],
          [
            0.0,
            0.0,
            0.0,
            1.0
          ]
        ]
      },
      "bone_length_armature_space": 0.10413077674280014,
      "parent": "lowerarm_l",
      "has_children": true,
      "is_end_bone": false
    },
    "pinky_01_l": {
      "name": "pinky_01_l",
      "local": {
        "location": {
          "x": 0.0,
          "y": 0.0,
          "z": 0.0
        },
        "rotation_quaternion": {
          "w": 0.9613021612167358,
          "x": 0.2753792405128479,
          "y": -0.006782093551009893,
          "z": -0.00429087458178401
        },
        "scale": {
          "x": 1.0,
          "y": 1.0,
          "z": 1.0
        },
        "matrix_basis": [
          [
            0.9998711943626404,
            0.004514358472079039,
            -0.015402518212795258,
            0.0
          ],
          [
            -0.011984949931502342,
            0.8482957482337952,
            -0.5293871164321899,
            0.0
          ],
          [
            0.010676046833395958,
            0.5295035243034363,
            0.8482405543327332,
            0.0
          ],
          [
            0.0,
            0.0,
            0.0,
            1.0
          ]
        ],
        "rotation_mode": "QUATERNION"
      },
      "armature_space": {
        "head": {
          "x": 0.7156574726104736,
          "y": -0.2848711907863617,
          "z": 0.4087841808795929
        },
        "tail": {
