{
  "metadata": {
    "armature_name": "KIM_caucasian_male",
    "export_time": "2026-01-13T21:15:47.140083",
    "blender_version": "4.4.1",
    "bone_count": 56,
    "end_bone_count": 13,
    "spaces_included": [
      "LOCAL_CHANNELS",
      "ARMATURE_SPACE",
      "WORLD_SPACE"
    ],
    "note": "LOCAL matches Transform panel; replay pose via local.matrix_basis for best fidelity."
  },
  "bones": {
    "Root": {
      "name": "Root",
      "local": {
        "location": {
          "x": 0.0,
          "y": 0.0,
          "z": 0.0
        },
        "rotation_quaternion": {
          "w": 0.9998979568481445,
          "x": -0.009128646925091743,
          "y": -0.009342379868030548,
          "z": -0.0057935817167162895
        },
        "scale": {
          "x": 1.0,
          "y": 1.0,
          "z": 1.0
        },
        "matrix_basis": [
          [
            0.9997583031654358,
            0.01175654772669077,
            -0.018577078357338905,
            0.0
          ],
          [
            -0.01141541451215744,
            0.9997662305831909,
            0.01836368255317211,
            0.0
          ],
          [
            0.01878862828016281,
            -0.0181471798568964,
            0.9996587634086609,
            0.0
          ],
          [
            0.0,
            0.0,
            0.0,
            1.0
          ]
        ],
        "rotation_mode": "QUATERNION"
      },
      "armature_space": {
        "head": {
          "x": 0.0,
          "y": 0.07072800397872925,
          "z": -0.009595036506652832
        },
        "tail": {
          "x": 0.0008391338051296771,
          "y": 0.00019065290689468384,
          "z": 0.0012812791392207146
        }
      },
      "world_space": {
        "head": {
          "x": 0.0,
          "y": 0.13397200405597687,
          "z": 0.9402589797973633
        },
        "tail": {
          "x": 0.0008391338051296771,
          "y": 0.0634346529841423,
          "z": 0.9511352777481079
        },
        "rotation_quaternion": {
          "w": 0.07646869868040085,
          "x": 0.9970114827156067,
          "y": 0.005151044111698866,
          "z": -0.009711460210382938
        },
        "matrix": [
          [
            0.9997583031654358,
            0.01175654772669077,
            -0.018577078357338905,
            0.0
          ],
          [
            0.008786048740148544,
            -0.9882520437240601,
            -0.15258082747459412,
            0.13397200405597687
          ],
          [
            -0.02015278860926628,
            0.15238085389137268,
            -0.9881234169006348,
            0.9402589797973633
          ],
          [
            0.0,
            0.0,
            0.0,
            1.0
          ]
        ]
      },
      "bone_length_armature_space": 0.07137587922313107,
      "parent": null,
      "has_children": true,
      "is_end_bone": false
    },
    "spine_01": {
      "name": "spine_01",
      "local": {
        "location": {
          "x": 0.0,
          "y": 0.0,
          "z": 0.0
        },
        "rotation_quaternion": {
          "w": 0.9982240200042725,
          "x": -0.025940367951989174,
          "y": 0.002617085352540016,
          "z": -0.053563810884952545
        },
        "scale": {
          "x": 1.0,
          "y": 1.0,
          "z": 1.0
        },
        "matrix_basis": [
          [
            0.9942481517791748,
            0.1068015918135643,
            0.008003804832696915,
            0.0
          ],
          [
            -0.10707314312458038,
            0.9929160475730896,
            0.051508232951164246,
            0.0
          ],
          [
            -0.0024459450505673885,
            -0.052068959921598434,
            0.9986404776573181,
            0.0
          ],
          [
            0.0,
            0.0,
            0.0,
            1.0
          ]
        ],
        "rotation_mode": "QUATERNION"
      },
      "armature_space": {
        "head": {
          "x": 0.0008391338051296771,
          "y": 0.00019065290689468384,
          "z": 0.0012812791392207146
        },
        "tail": {
          "x": 0.06215743348002434,
          "y": 0.05752495303750038,
          "z": 0.4820113182067871
        }
      },
      "world_space": {
        "head": {
          "x": 0.0008391338051296771,
          "y": 0.0634346529841423,
          "z": 0.9511352777481079
        },
        "tail": {
          "x": 0.06215743348002434,
          "y": 0.1207689493894577,
          "z": 1.4318653345108032
        },
        "rotation_quaternion": {
          "w": 0.7458861470222473,
          "x": 0.6630229353904724,
          "y": 0.0489664189517498,
          "z": -0.04070340096950531
        },
        "matrix": [
          [
            0.9918910264968872,
            0.12565194070339203,
            0.019071370363235474,
            0.0008391338051296771
          ],
          [
            0.004210661631077528,
            0.11748802661895752,
            -0.9930654764175415,
            0.0634346529841423
          ],
          [
            -0.1270221322774887,
            0.9851000308990479,
            0.11600615084171295,
            0.9511352777481079
          ],
          [
            0.0,
            0.0,
            0.0,
            1.0
          ]
        ]
      },
      "bone_length_armature_space": 0.4880046311277605,
      "parent": "Root",
      "has_children": true,
      "is_end_bone": false
    },
    "neck_01": {
      "name": "neck_01",
      "local": {
        "location": {
          "x": 0.0,
          "y": 0.0,
          "z": 0.0
        },
        "rotation_quaternion": {
          "w": 0.9788544178009033,
          "x": -0.1417098194360733,
          "y": -0.05621993541717529,
          "z": 0.13638795912265778
        },
        "scale": {
          "x": 1.0,
          "y": 1.0,
          "z": 1.0
        },
        "matrix_basis": [
          [
            0.9564752578735352,
            -0.25107407569885254,
            -0.14871728420257568,
            0.0
          ],
          [
            0.2829417586326599,
            0.9226332902908325,
            0.26209113001823425,
            0.0
          ],
          [
            0.07140723615884781,
            -0.29276201128959656,
            0.9535152912139893,
            0.0
          ],
          [
            0.0,
            0.0,
            0.0,
            1.0
          ]
        ],
        "rotation_mode": "QUATERNION"
      },
      "armature_space": {
        "head": {
          "x": 0.07201888412237167,
          "y": 0.03168730065226555,
          "z": 0.5581619143486023
        },
        "tail": {
          "x": 0.05912330746650696,
          "y": 0.03512801229953766,
          "z": 0.6598114967346191
        }
      },
      "world_space": {
        "head": {
          "x": 0.07201888412237167,
          "y": 0.09493130445480347,
          "z": 1.5080158710479736
        },
        "tail": {
          "x": 0.05912330746650696,
          "y": 0.09837201237678528,
          "z": 1.6096655130386353
        },
        "rotation_quaternion": {
          "w": 0.7123762965202332,
          "x": 0.695115864276886,
          "y": -0.09643775224685669,
          "z": -0.005816090852022171
        },
        "matrix": [
          [
            0.981332004070282,
            -0.12578432261943817,
            -0.1454848349094391,
            0.07201888412237167
          ],
          [
            -0.14235645532608032,
            0.033560916781425476,
            -0.9892465472221375,
            0.09493130445480347
          ],
          [
            0.1293150782585144,
            0.9914968013763428,
            0.015027344226837158,
            1.5080158710479736
          ],
          [
            0.0,
            0.0,
            0.0,
            1.0
          ]
        ]
      },
      "bone_length_armature_space": 0.10252205548088948,
      "parent": "spine_01",
      "has_children": true,
      "is_end_bone": false
    },
    "head": {
      "name": "head",
      "local": {
        "location": {
          "x": 0.0,
          "y": 0.0,
          "z": 0.0
        },
        "rotation_quaternion": {
          "w": 0.9977724552154541,
          "x": -0.0008202525787055492,
          "y": -0.04564988240599632,
          "z": 0.048639409244060516
        },
        "scale": {
          "x": 1.0,
          "y": 1.0,
          "z": 1.0
        },
        "matrix_basis": [
          [
            0.9911006093025208,
            -0.09698724001646042,
            -0.09117618203163147,
            0.0
          ],
          [
            0.09713701158761978,
            0.9952670931816101,
            -0.0028039158787578344,
            0.0
          ],
          [
            0.09101659804582596,
            -0.006077617406845093,
            0.9958308339118958,
            0.0
          ],
          [
            0.0,
            0.0,
            0.0,
            1.0
          ]
        ],
        "rotation_mode": "QUATERNION"
      },
      "armature_space": {
        "head": {
          "x": 0.059123292565345764,
          "y": 0.03512785583734512,
          "z": 0.6598114371299744
        },
        "tail": {
          "x": 0.03446474298834801,
          "y": 0.09820792078971863,
          "z": 0.7993324995040894
        }
      },
      "world_space": {
        "head": {
          "x": 0.059123292565345764,
          "y": 0.09837185591459274,
          "z": 1.6096653938293457
        },
        "tail": {
          "x": 0.03446474298834801,
          "y": 0.16145192086696625,
          "z": 1.7491865158081055
        },
        "rotation_quaternion": {
          "w": 0.8233490586280823,
          "x": 0.5445677042007446,
          "y": -0.15956687927246094,
          "z": -0.008984611369669437
        },
        "matrix": [
          [
            0.9489157199859619,
            -0.1589948832988739,
            -0.2725430130958557,
            0.059123292565345764
          ],
          [
            -0.1885838806629181,
            0.4067314565181732,
            -0.8938714861869812,
            0.09837185591459274
          ],
          [
            0.25297439098358154,
            0.8996124863624573,
            0.3559715449810028,
            1.6096653938293457
          ],
          [
            0.0,
            0.0,
            0.0,
            1.0
          ]
        ]
      },
      "bone_length_armature_space": 0.15509115134078708,
      "parent": "neck_01",
      "has_children": false,
      "is_end_bone": true
    },
    "upperarm_l": {
      "name": "upperarm_l",
      "local": {
        "location": {
          "x": 0.0,
          "y": 0.0,
          "z": 0.0
        },
        "rotation_quaternion": {
          "w": 0.9617811441421509,
          "x": -0.023486196994781494,
          "y": 0.07495605945587158,
          "z": -0.2623113691806793
        },
        "scale": {
          "x": 1.0,
          "y": 1.0,
          "z": 1.0
        },
        "matrix_basis": [
          [
            0.8511486649513245,
            0.5010513663291931,
            0.15650403499603271,
            0.0
          ],
          [
            -0.5080931186676025,
            0.8612822890281677,
            0.005853509530425072,
            0.0
          ],
          [
            -0.13186125457286835,
            -0.08450081944465637,
            0.9876599907875061,
            0.0
          ],
          [
            0.0,
            0.0,
            0.0,
            1.0
          ]
        ],
        "rotation_mode": "QUATERNION"
      },
      "armature_space": {
        "head": {
          "x": 0.2124185711145401,
          "y": 0.02125578001141548,
          "z": 0.47327226400375366
        },
        "tail": {
          "x": 0.419108510017395,
          "y": 0.0405409149825573,
          "z": 0.30381613969802856
        }
      },
      "world_space": {
        "head": {
          "x": 0.2124185711145401,
          "y": 0.0844997763633728,
          "z": 1.423126220703125
        },
        "tail": {
          "x": 0.419108510017395,
          "y": 0.10378491878509521,
          "z": 1.2536702156066895
        },
        "rotation_quaternion": {
          "w": 0.30293071269989014,
          "x": 0.30086493492126465,
          "y": 0.6664955615997314,
          "z": -0.6111440062522888
        },
        "matrix": [
          [
            -0.63542640209198,
            0.7713190317153931,
            0.03605923056602478,
            0.2124185711145401
          ],
          [
            0.03078477829694748,
            0.07196766883134842,
            -0.9969320297241211,
            0.0844997763633728
          ],
          [
            -0.7715529203414917,
            -0.6323711276054382,
            -0.06947638839483261,
            1.423126220703125
          ],
          [
            0.0,
            0.0,
            0.0,
            1.0
          ]
        ]
      },
      "bone_length_armature_space": 0.26797019506770703,
      "parent": "spine_01",
      "has_children": true,
      "is_end_bone": false
    },
    "lowerarm_l": {
      "name": "lowerarm_l",
      "local": {
        "location": {
          "x": 0.0,
          "y": 0.0,
          "z": 0.0
        },
        "rotation_quaternion": {
          "w": 0.9560579657554626,
          "x": 0.23425571620464325,
          "y": 0.10602045804262161,
          "z": -0.14084473252296448
        },
        "scale": {
          "x": 1.0,
          "y": 1.0,
          "z": 1.0
        },
        "matrix_basis": [
          [
            0.9378448724746704,
            0.318983256816864,
            0.13673603534698486,
            0.0
          ],
          [
            -0.21963965892791748,
            0.8505740165710449,
            -0.47778892517089844,
            0.0
          ],
          [
            -0.26871076226234436,
            0.41805922985076904,
            0.867767870426178,
            0.0
          ],
          [
            0.0,
            0.0,
            0.0,
            1.0
          ]
        ],
        "rotation_mode": "QUATERNION"
      },
      "armature_space": {
        "head": {
          "x": 0.41910862922668457,
          "y": 0.04054086655378342,
          "z": 0.30381616950035095
        },
        "tail": {
          "x": 0.5575653910636902,
          "y": -0.0903063490986824,
          "z": 0.11599016189575195
        }
      },
      "world_space": {
        "head": {
          "x": 0.41910862922668457,
          "y": 0.10378486663103104,
          "z": 1.2536702156066895
        },
        "tail": {
          "x": 0.5575653910636902,
          "y": -0.027062349021434784,
          "z": 1.065844178199768
        },
        "rotation_quaternion": {
          "w": 0.10875741392374039,
          "x": 0.3505484163761139,
          "y": 0.49357953667640686,
          "z": -0.788458526134491
        },
        "matrix": [
          [
            -0.7305760383605957,
            0.5175479650497437,
            -0.4454239010810852,
            0.41910862922668457
          ],
          [
            0.17454342544078827,
            -0.4891037344932556,
            -0.8545833826065063,
            0.10378486663103104
          ],
          [
            -0.6601508259773254,
            -0.7020890712738037,
            0.266993910074234,
            1.2536702156066895
          ],
          [
            0.0,
            0.0,
            0.0,
            1.0
          ]
        ]
      },
      "bone_length_armature_space": 0.26752547630204027,
      "parent": "upperarm_l",
      "has_children": true,
      "is_end_bone": false
    },
    "metacarpal_thumb_l": {
      "name": "metacarpal_thumb_l",
      "local": {
        "location": {
          "x": 0.0,
          "y": 0.0,
          "z": 0.0
        },
        "rotation_quaternion": {
          "w": 0.9997242093086243,
          "x": -0.012886717915534973,
          "y": -0.016833920031785965,
          "z": -0.010110590606927872
        },
        "scale": {
          "x": 1.0,
          "y": 1.0,
          "z": 1.0
        },
        "matrix_basis": [
          [
            0.9992287755012512,
            0.020649472251534462,
            -0.033397968858480453,
            0.0
          ],
          [
            -0.01978173665702343,
            0.9994634389877319,
            0.026106730103492737,
            0.0
          ],
          [
            0.033919140696525574,
            -0.025425925850868225,
            0.9991011023521423,
            0.0
          ],
          [
            0.0,
            0.0,
            0.0,
            1.0
          ]
        ],
        "rotation_mode": "QUATERNION"
      },
      "armature_space": {
        "head": {
          "x": 0.5575653910636902,
          "y": -0.0903063490986824,
          "z": 0.11599016189575195
        },
        "tail": {
          "x": 0.5598137974739075,
          "y": -0.1326504349708557,
          "z": 0.09038706868886948
        }
      },
      "world_space": {
        "head": {
          "x": 0.5575653910636902,
          "y": -0.027062349021434784,
          "z": 1.065844178199768
        },
        "tail": {
          "x": 0.5598137974739075,
          "y": -0.0694064348936081,
          "z": 1.0402411222457886
        },
        "rotation_quaternion": {
          "w": 0.22909128665924072,
          "x": -0.8601420521736145,
          "y": -0.14173968136310577,
          "z": 0.4331081807613373
        },
        "matrix": [
          [
            0.5846544504165649,
            0.04539136588573456,
            -0.8100114464759827,
            0.5575653910636902
          ],
          [
            0.4422752261161804,
            -0.8548547029495239,
            0.2713235020637512,
            -0.027062349021434784
          ],
          [
            -0.680130660533905,
            -0.516882598400116,
            -0.5198735594749451,
            1.065844178199768
          ],
          [
            0.0,
            0.0,
            0.0,
            1.0
          ]
        ]
      },
      "bone_length_armature_space": 0.0495337791749077,
      "parent": "lowerarm_l",
      "has_children": true,
      "is_end_bone": false
    },
    "thumb_01_l": {
      "name": "thumb_01_l",
      "local": {
        "location": {
          "x": 0.0,
          "y": 0.0,
          "z": 0.0
        },
        "rotation_quaternion": {
          "w": 0.9999086260795593,
          "x": 0.0009562635095790029,
          "y": 0.010988187044858932,
          "z": -0.007825550623238087
        },
        "scale": {
          "x": 1.0,
          "y": 1.0,
          "z": 1.0
        },
        "matrix_basis": [
          [
            0.9996360540390015,
            0.015670686960220337,
            0.021959399804472923,
            0.0
          ],
          [
            -0.01562865637242794,
            0.9998756647109985,
            -0.002084329491481185,
            0.0
          ],
          [
            -0.021989332512021065,
            0.001740375068038702,
            0.9997566938400269,
            0.0
          ],
          [
            0.0,
            0.0,
            0.0,
            1.0
          ]
        ],
        "rotation_mode": "QUATERNION"
      },
      "armature_space": {
        "head": {
          "x": 0.5598137974739075,
          "y": -0.1326504349708557,
          "z": 0.09038706868886948
        },
        "tail": {
          "x": 0.5383223295211792,
          "y": -0.14724764227867126,
          "z": 0.06839453428983688
        }
      },
      "world_space": {
        "head": {
          "x": 0.5598137974739075,
          "y": -0.0694064348936081,
          "z": 1.0402411222457886
        },
        "tail": {
          "x": 0.5383223295211792,
          "y": -0.08400364220142365,
          "z": 1.0182485580444336
        },
        "rotation_quaternion": {
          "w": 0.30698898434638977,
          "x": -0.8308159708976746,
          "y": 0.43741998076438904,
          "z": -0.15545552968978882
        },
        "matrix": [
          [
            0.5689932703971863,
            -0.6313850283622742,
            0.5268771052360535,
            0.5598137974739075
          ],
          [
            -0.8222782611846924,
            -0.42884284257888794,
            0.37410223484039307,
            -0.0694064348936081
          ],
          [
            -0.010255588218569756,
            -0.6461061239242554,
            -0.7631878852844238,
            1.0402411222457886
          ],
          [
            0.0,
            0.0,
            0.0,
            1.0
          ]
        ]
      },
      "bone_length_armature_space": 0.03403870209431863,
      "parent": "metacarpal_thumb_l",
      "has_children": true,
      "is_end_bone": false
    },
    "thumb_02_l": {
      "name": "thumb_02_l",
      "local": {
        "location": {
          "x": 0.0,
          "y": 0.0,
          "z": 0.0
        },
        "rotation_quaternion": {
          "w": 0.986129641532898,
          "x": 0.1658913791179657,
          "y": -0.001656429609283805,
          "z": -0.005060084629803896
        },
        "scale": {
          "x": 1.0,
          "y": 1.0,
          "z": 1.0
        },
        "matrix_basis": [
          [
            0.9999433159828186,
            0.00943022407591343,
            -0.004945757333189249,
            0.0
          ],
          [
            -0.01052937377244234,
            0.9449089169502258,
            -0.32716405391693115,
            0.0
          ],
          [
            0.0015880598220974207,
            0.3271975815296173,
            0.9449546337127686,
            0.0
          ],
          [
            0.0,
            0.0,
            0.0,
            1.0
          ]
        ],
        "rotation_mode": "QUATERNION"
      },
      "armature_space": {
        "head": {
          "x": 0.5383223295211792,
          "y": -0.14724761247634888,
          "z": 0.06839458644390106
        },
        "tail": {
          "x": 0.5644257664680481,
          "y": -0.16265270113945007,
          "z": 0.042041532695293427
        }
      },
      "world_space": {
        "head": {
          "x": 0.5383223295211792,
          "y": -0.08400361239910126,
          "z": 1.0182485580444336
        },
        "tail": {
          "x": 0.5644257664680481,
          "y": -0.09940870106220245,
          "z": 0.9918955564498901
        },
        "rotation_quaternion": {
          "w": 0.549997866153717,
          "x": -0.5056250095367432,
          "y": 0.07566709071397781,
          "z": -0.6603939533233643
        },
        "matrix": [
          [
            0.116311214864254,
            0.6499145030975342,
            0.7510542869567871,
            0.5383223295211792
          ],
          [
            -0.8029487133026123,
            -0.38355088233947754,
            0.4562482237815857,
            -0.08400361239910126
          ],
          [
            0.5845934152603149,
            -0.6561295986175537,
            0.4772404730319977,
            1.0182485580444336
          ],
          [
            0.0,
            0.0,
            0.0,
            1.0
          ]
        ]
      },
      "bone_length_armature_space": 0.040164531945096706,
      "parent": "thumb_01_l",
      "has_children": true,
      "is_end_bone": false
    },
    "thumb_03_l": {
      "name": "thumb_03_l",
      "local": {
        "location": {
          "x": 0.0,
          "y": 0.0,
          "z": 0.0
        },
        "rotation_quaternion": {
          "w": 0.9977834224700928,
          "x": 0.06632956862449646,
          "y": 0.0017901248065754771,
          "z": -0.005063203629106283
        },
        "scale": {
          "x": 1.0,
          "y": 1.0,
          "z": 1.0
        },
        "matrix_basis": [
          [
            0.9999423027038574,
            0.01034143753349781,
            0.0029006334953010082,
            0.0
          ],
          [
            -0.009866484440863132,
            0.9911494851112366,
            -0.13238321244716644,
            0.0
          ],
          [
            -0.004243994131684303,
            0.1323469579219818,
            0.9911943674087524,
            0.0
          ],
          [
            0.0,
            0.0,
            0.0,
            1.0
          ]
        ],
        "rotation_mode": "QUATERNION"
      },
      "armature_space": {
        "head": {
          "x": 0.5644256472587585,
          "y": -0.16265276074409485,
          "z": 0.042041562497615814
        },
        "tail": {
          "x": 0.5910220742225647,
          "y": -0.16560956835746765,
          "z": 0.027523253113031387
        }
      },
      "world_space": {
        "head": {
          "x": 0.5644256472587585,
          "y": -0.09940876066684723,
          "z": 0.9918955564498901
        },
        "tail": {
          "x": 0.5910220742225647,
          "y": -0.10236556828022003,
          "z": 0.9773772954940796
        },
        "rotation_quaternion": {
          "w": 0.663744330406189,
          "x": -0.24962946772575378,
          "y": 0.1043211966753006,
          "z": -0.6973132491111755
        },
        "matrix": [
          [
            0.0057449606247246265,
            0.8735924363136292,
            0.4866240918636322,
            0.5644256472587585
          ],
          [
            -0.9777583479881287,
            -0.09712016582489014,
            0.1858942061662674,
            -0.09940876066684723
          ],
          [
            0.20965757966041565,
            -0.4768718481063843,
            0.8536105155944824,
            0.9918955564498901
          ],
          [
            0.0,
            0.0,
            0.0,
            1.0
          ]
        ]
      },
      "bone_length_armature_space": 0.030444933154528953,
      "parent": "thumb_02_l",
      "has_children": false,
      "is_end_bone": true
    },
    "metacarpal_index_l": {
      "name": "metacarpal_index_l",
      "local": {
        "location": {
          "x": 0.0,
          "y": 0.0,
          "z": 0.0
        },
        "rotation_quaternion": {
          "w": 0.9997168779373169,
          "x": -0.017779964953660965,
          "y": 0.009728824719786644,
          "z": -0.012470562011003494
        },
        "scale": {
          "x": 1.0,
          "y": 1.0,
          "z": 1.0
        },
        "matrix_basis": [
          [
            0.9994996786117554,
            0.02458810620009899,
            0.01989559270441532,
            0.0
          ],
          [
            -0.025280019268393517,
            0.9990566968917847,
            0.03530721366405487,
            0.0
          ],
          [
            -0.019008688628673553,
            -0.0357925109565258,
            0.9991784691810608,
            0.0
          ],
          [
            0.0,
            0.0,
            0.0,
            1.0
          ]
        ],
        "rotation_mode": "QUATERNION"
      },
      "armature_space": {
        "head": {
          "x": 0.5575653910636902,
          "y": -0.0903063490986824,
          "z": 0.11599016189575195
        },
        "tail": {
          "x": 0.5990228652954102,
          "y": -0.1714293360710144,
          "z": 0.042304061353206635
        }
      },
      "world_space": {
        "head": {
          "x": 0.5575653910636902,
          "y": -0.027062349021434784,
          "z": 1.065844178199768
        },
        "tail": {
          "x": 0.5990228652954102,
          "y": -0.10818533599376678,
          "z": 0.992158055305481
        },
        "rotation_quaternion": {
          "w": 0.14093604683876038,
          "x": -0.7090084552764893,
          "y": -0.36601272225379944,
          "z": 0.5860706567764282
        },
        "matrix": [
          [
            0.04511137306690216,
            0.3538181781768799,
            -0.9342255592346191,
            0.5575653910636902
          ],
          [
            0.6842097043991089,
            -0.6923425793647766,
            -0.22917139530181885,
            -0.027062349021434784
          ],
          [
            -0.7278935313224792,
            -0.6288726329803467,
            -0.2733205556869507,
            1.065844178199768
          ],
          [
            0.0,
            0.0,
            0.0,
            1.0
          ]
        ]
      },
      "bone_length_armature_space": 0.11717210658617479,
      "parent": "lowerarm_l",
      "has_children": true,
      "is_end_bone": false
    },
    "index_01_l": {
      "name": "index_01_l",
      "local": {
        "location": {
          "x": 0.0,
          "y": 0.0,
          "z": 0.0
        },
        "rotation_quaternion": {
          "w": 0.9968172311782837,
          "x": -0.07332257181406021,
          "y": 0.029076822102069855,
          "z": 0.011572684161365032
        },
        "scale": {
          "x": 1.0,
          "y": 1.0,
          "z": 1.0
        },
        "matrix_basis": [
          [
            0.9980412125587463,
            -0.027335677295923233,
            0.056271474808454514,
            0.0
          ],
          [
            0.018807727843523026,
            0.9889797568321228,
            0.14685140550136566,
            0.0
          ],
          [
            -0.059665631502866745,
            -0.1455054134130478,
            0.9875566959381104,
            0.0
          ],
          [
            0.0,
            0.0,
            0.0,
            1.0
          ]
        ],
        "rotation_mode": "QUATERNION"
      },
      "armature_space": {
        "head": {
          "x": 0.5990228652954102,
          "y": -0.1714293360710144,
          "z": 0.042304061353206635
        },
        "tail": {
          "x": 0.6159502267837524,
          "y": -0.1816377192735672,
          "z": 0.021753443405032158
        }
      },
      "world_space": {
        "head": {
          "x": 0.5990228652954102,
          "y": -0.10818533599376678,
          "z": 0.992158055305481
        },
        "tail": {
          "x": 0.6159502267837524,
          "y": -0.11839371919631958,
          "z": 0.9716074466705322
        },
        "rotation_quaternion": {
          "w": 0.16284704208374023,
          "x": -0.6846034526824951,
          "y": -0.5426562428474426,
          "z": 0.45860999822616577
        },
        "matrix": [
          [
            -0.009600285440683365,
            0.5936439633369446,
            -0.8046703934669495,
            0.5990228652954102
          ],
          [
            0.8923754096031189,
            -0.35800835490226746,
            -0.2747666835784912,
            -0.10818533599376678
          ],
          [
            -0.4511946439743042,
            -0.7207109928131104,
            -0.5263202786445618,
            0.992158055305481
          ],
          [
            0.0,
            0.0,
            0.0,
            1.0
          ]
        ]
      },
      "bone_length_armature_space": 0.028514462088647143,
      "parent": "metacarpal_index_l",
      "has_children": true,
      "is_end_bone": false
    },
    "index_02_l": {
      "name": "index_02_l",
      "local": {
        "location": {
          "x": 0.0,
          "y": 0.0,
          "z": 0.0
        },
        "rotation_quaternion": {
          "w": 0.9867433309555054,
          "x": 0.16226547956466675,
          "y": 0.0027238945476710796,
          "z": -0.0004225803422741592
        },
        "scale": {
          "x": 1.0,
          "y": 1.0,
          "z": 1.0
        },
        "matrix_basis": [
          [
            0.9999848008155823,
            0.0017179447459056973,
            0.005238429177552462,
            0.0
          ],
          [
            5.003144178772345e-05,
            0.9473394751548767,
            -0.32023105025291443,
            0.0
          ],
          [
            -0.005512709729373455,
            0.3202264606952667,
            0.9473249912261963,
            0.0
          ],
          [
            0.0,
            0.0,
            0.0,
            1.0
          ]
        ],
        "rotation_mode": "QUATERNION"
      },
      "armature_space": {
        "head": {
          "x": 0.6159502267837524,
          "y": -0.18163815140724182,
          "z": 0.021753104403614998
        },
        "tail": {
          "x": 0.6246179938316345,
          "y": -0.19221892952919006,
          "z": 5.0242990255355835e-05
        }
      },
      "world_space": {
        "head": {
          "x": 0.6159502267837524,
          "y": -0.1183941513299942,
          "z": 0.9716071486473083
        },
        "tail": {
          "x": 0.6246179938316345,
          "y": -0.12897492945194244,
          "z": 0.9499042630195618
        },
        "rotation_quaternion": {
          "w": 0.2472524344921112,
          "x": -0.6333874464035034,
          "y": -0.4823265075683594,
          "z": 0.5523113012313843
        },
        "matrix": [
          [
            -0.07537402212619781,
            0.3378806710243225,
            -0.9381658434867859,
            0.6159502267837524
          ],
          [
            0.8841201663017273,
            -0.4124535322189331,
            -0.21957723796367645,
            -0.1183941513299942
          ],
          [
            -0.4611431658267975,
            -0.8460077047348022,
            -0.2676410675048828,
            0.9716071486473083
          ],
          [
            0.0,
            0.0,
            0.0,
            1.0
          ]
        ]
      },
      "bone_length_armature_space": 0.025653405877181245,
      "parent": "index_01_l",
      "has_children": true,
      "is_end_bone": false
    },
    "index_03_l": {
      "name": "index_03_l",
      "local": {
        "location": {
          "x": 0.0,
          "y": 0.0,
          "z": 0.0
        },
        "rotation_quaternion": {
          "w": 0.9789547920227051,
          "x": 0.20382459461688995,
          "y": -0.00995792355388403,
          "z": 0.001977920066565275
        },
        "scale": {
          "x": 1.0,
          "y": 1.0,
          "z": 1.0
        },
        "matrix_basis": [
          [
            0.9997938275337219,
            -0.007931928150355816,
            -0.01869041658937931,
            0.0
          ],
          [
            -0.00018675081082619727,
            0.9169032573699951,
            -0.39910951256752014,
            0.0
          ],
          [
            0.020303010940551758,
            0.39903074502944946,
            0.916712760925293,
            0.0
          ],
          [
            0.0,
            0.0,
            0.0,
            1.0
          ]
        ],
        "rotation_mode": "QUATERNION"
      },
      "armature_space": {
        "head": {
          "x": 0.6246181130409241,
          "y": -0.19221891462802887,
          "z": 5.0300732254981995e-05
        },
        "tail": {
          "x": 0.6199135780334473,
          "y": -0.2031622976064682,
          "z": -0.02663024142384529
        }
      },
      "world_space": {
        "head": {
          "x": 0.6246181130409241,
          "y": -0.12897491455078125,
          "z": 0.9499043226242065
        },
        "tail": {
          "x": 0.6199135780334473,
          "y": -0.13991829752922058,
          "z": 0.9232237935066223
        },
        "rotation_quaternion": {
          "w": 0.43065276741981506,
          "x": -0.5368794798851013,
          "y": -0.35675111413002014,
          "z": 0.6316860914230347
        },
        "matrix": [
          [
            -0.05259771645069122,
            -0.16101208329200745,
            -0.9855497479438782,
            0.6246181130409241
          ],
          [
            0.9271396398544312,
            -0.37453362345695496,
            0.011708095669746399,
            -0.12897491455078125
          ],
          [
            -0.3710084557533264,
            -0.9131329655647278,
            0.16898120939731598,
            0.9499043226242065
          ],
          [
            0.0,
            0.0,
            0.0,
            1.0
          ]
        ]
      },
      "bone_length_armature_space": 0.029218857324669337,
      "parent": "index_02_l",
      "has_children": false,
      "is_end_bone": true
    },
    "metacarpal_pinky_l": {
      "name": "metacarpal_pinky_l",
      "local": {
        "location": {
          "x": 0.0,
          "y": 0.0,
          "z": 0.0
        },
        "rotation_quaternion": {
          "w": 0.9988597631454468,
          "x": -0.047706395387649536,
          "y": 0.0015356224030256271,
          "z": -0.001034580753184855
        },
        "scale": {
          "x": 1.0,
          "y": 1.0,
          "z": 1.0
        },
        "matrix_basis": [
          [
            0.9999931454658508,
            0.0019202841212972999,
            0.003166455077007413,
            0.0
          ],
          [
            -0.002213320229202509,
            0.9954460859298706,
            0.0953008234500885,
            0.0
          ],
          [
            -0.0029690305236727,
            -0.09530717134475708,
            0.9954434633255005,
            0.0
          ],
          [
            0.0,
            0.0,
            0.0,
            1.0
          ]
        ],
        "rotation_mode": "QUATERNION"
      },
      "armature_space": {
        "head": {
          "x": 0.5575653910636902,
          "y": -0.0903063490986824,
          "z": 0.11599016189575195
        },
        "tail": {
          "x": 0.6159005165100098,
          "y": -0.10754426568746567,
          "z": 0.031472839415073395
        }
      },
      "world_space": {
        "head": {
          "x": 0.5575653910636902,
          "y": -0.027062349021434784,
          "z": 1.065844178199768
        },
        "tail": {
          "x": 0.6159005165100098,
          "y": -0.04430026561021805,
          "z": 0.9813268780708313
        },
        "rotation_quaternion": {
          "w": 0.48598596453666687,
          "x": -0.1870417445898056,
          "y": 0.42549586296081543,
          "z": -0.7401259541511536
        },
        "matrix": [
          [
            -0.45766347646713257,
            0.5602105855941772,
            0.6904404163360596,
            0.5575653910636902
          ],
          [
            -0.8785543441772461,
            -0.16554105281829834,
            -0.44803932309150696,
            -0.027062349021434784
          ],
          [
            -0.13670183718204498,
            -0.8116461038589478,
            0.5679410099983215,
            1.065844178199768
          ],
          [
            0.0,
            0.0,
            0.0,
            1.0
          ]
        ]
      },
      "bone_length_armature_space": 0.10413121814548815,
      "parent": "lowerarm_l",
      "has_children": true,
      "is_end_bone": false
    },
    "pinky_01_l": {
      "name": "pinky_01_l",
      "local": {
        "location": {
          "x": 0.0,
          "y": 0.0,
          "z": 0.0
        },
        "rotation_quaternion": {
          "w": 0.9991137981414795,
          "x": 0.04182382673025131,
          "y": -0.0043787602335214615,
          "z": 0.0017975769005715847
        },
        "scale": {
          "x": 1.0,
          "y": 1.0,
          "z": 1.0
        },
        "matrix_basis": [
          [
            0.9999551773071289,
            -0.003958240617066622,
            -0.008599396795034409,
            0.0
          ],
          [
            0.0032256946433335543,
            0.9964950680732727,
            -0.08358927071094513,
            0.0
          ],
          [
            0.008900122717022896,
            0.08355778455734253,
            0.9964631795883179,
            0.0
          ],
          [
            0.0,
            0.0,
            0.0,
            1.0
          ]
        ],
        "rotation_mode": "QUATERNION"
      },
      "armature_space": {
        "head": {
          "x": 0.6159005165100098,
          "y": -0.10754426568746567,
