{
  "metadata": {
    "armature_name": "KIM_caucasian_male",
    "export_time": "2026-01-13T21:02:34.221020",
    "blender_version": "4.4.1",
    "bone_count": 56,
    "end_bone_count": 13,
    "spaces_included": [
      "LOCAL_CHANNELS",
      "ARMATURE_SPACE",
      "WORLD_SPACE"
    ],
    "note": "LOCAL matches Transform panel; replay pose via local.matrix_basis for best fidelity."
  },
  "bones": {
    "Root": {
      "name": "Root",
      "local": {
        "location": {
          "x": 0.0,
          "y": 0.0,
          "z": 0.0
        },
        "rotation_quaternion": {
          "w": 0.9996359944343567,
          "x": -0.003493162337690592,
          "y": -0.01010049693286419,
          "z": 0.024772601202130318
        },
        "scale": {
          "x": 1.0,
          "y": 1.0,
          "z": 1.0
        },
        "matrix_basis": [
          [
            0.998568594455719,
            -0.049456603825092316,
            -0.020366709679365158,
            0.0
          ],
          [
            0.04959773272275925,
            0.998748242855072,
            0.0064833504147827625,
            0.0
          ],
          [
            0.02002057060599327,
            -0.00748421298339963,
            0.9997715353965759,
            0.0
          ],
          [
            0.0,
            0.0,
            0.0,
            1.0
          ]
        ],
        "rotation_mode": "QUATERNION"
      },
      "armature_space": {
        "head": {
          "x": 0.0,
          "y": 0.07072800397872925,
          "z": -0.009595036506652832
        },
        "tail": {
          "x": -0.0035300080198794603,
          "y": 0.0001603439450263977,
          "z": 0.0005173366516828537
        }
      },
      "world_space": {
        "head": {
          "x": 0.0,
          "y": 0.13397200405597687,
          "z": 0.9402589797973633
        },
        "tail": {
          "x": -0.0035300080198794603,
          "y": 0.06340434402227402,
          "z": 0.9503713250160217
        },
        "rotation_quaternion": {
          "w": 0.07082837074995041,
          "x": 0.9971297979354858,
          "y": -0.02539677545428276,
          "z": -0.008408673107624054
        },
        "matrix": [
          [
            0.998568594455719,
            -0.049456603825092316,
            -0.020366709679365158,
            0.0
          ],
          [
            -0.05183890089392662,
            -0.9886766672134399,
            -0.14082348346710205,
            0.13397200405597687
          ],
          [
            -0.013171580620110035,
            0.14167775213718414,
            -0.9898322820663452,
            0.9402589797973633
          ],
          [
            0.0,
            0.0,
            0.0,
            1.0
          ]
        ]
      },
      "bone_length_armature_space": 0.0713758775335783,
      "parent": null,
      "has_children": true,
      "is_end_bone": false
    },
    "spine_01": {
      "name": "spine_01",
      "local": {
        "location": {
          "x": 0.0,
          "y": 0.0,
          "z": 0.0
        },
        "rotation_quaternion": {
          "w": 0.999575674533844,
          "x": 0.028288643807172775,
          "y": -0.004482682328671217,
          "z": 0.005305468570441008
        },
        "scale": {
          "x": 1.0,
          "y": 1.0,
          "z": 1.0
        },
        "matrix_basis": [
          [
            0.9999035000801086,
            -0.010860052891075611,
            -0.008661391213536263,
            0.0
          ],
          [
            0.010352816432714462,
            0.9983432292938232,
            -0.056600846350193024,
            0.0
          ],
          [
            0.009261729195713997,
            0.0565057136118412,
            0.9983593225479126,
            0.0
          ],
          [
            0.0,
            0.0,
            0.0,
            1.0
          ]
        ],
        "rotation_mode": "QUATERNION"
      },
      "armature_space": {
        "head": {
          "x": -0.0035300080198794603,
          "y": 0.0001603439450263977,
          "z": 0.0005173366516828537
        },
        "tail": {
          "x": -0.0024655736051499844,
          "y": -0.0010937753831967711,
          "z": 0.48851919174194336
        }
      },
      "world_space": {
        "head": {
          "x": -0.0035300080198794603,
          "y": 0.06340434402227402,
          "z": 0.9503713250160217
        },
        "tail": {
          "x": -0.0024655736051499844,
          "y": 0.062150225043296814,
          "z": 1.4383732080459595
        },
        "rotation_quaternion": {
          "w": 0.7058967351913452,
          "x": 0.7076666355133057,
          "y": -0.02060890570282936,
          "z": -0.022205587476491928
        },
        "matrix": [
          [
            0.9981643557548523,
            0.0021812126506119967,
            -0.06052379310131073,
            -0.0035300080198794603
          ],
          [
            -0.060518138110637665,
            -0.0025699101388454437,
            -0.9981638193130493,
            0.06340434402227402
          ],
          [
            -0.0023328217212110758,
            1.000001311302185,
            -0.0024341121315956116,
            0.9503713250160217
          ],
          [
            0.0,
            0.0,
            0.0,
            1.0
          ]
        ]
      },
      "bone_length_armature_space": 0.48800463028734786,
      "parent": "Root",
      "has_children": true,
      "is_end_bone": false
    },
    "neck_01": {
      "name": "neck_01",
      "local": {
        "location": {
          "x": 0.0,
          "y": 0.0,
          "z": 0.0
        },
        "rotation_quaternion": {
          "w": 0.9955858588218689,
          "x": 0.010252153500914574,
          "y": 0.03531797230243683,
          "z": -0.08635025471448898
        },
        "scale": {
          "x": 1.0,
          "y": 1.0,
          "z": 1.0
        },
        "matrix_basis": [
          [
            0.9825925230979919,
            0.17266236245632172,
            0.06855359673500061,
            0.0
          ],
          [
            -0.1712140142917633,
            0.9848770499229431,
            -0.026513230055570602,
            0.0
          ],
          [
            -0.07209470123052597,
            0.01431436650454998,
            0.997295081615448,
            0.0
          ],
          [
            0.0,
            0.0,
            0.0,
            1.0
          ]
        ],
        "rotation_mode": "QUATERNION"
      },
      "armature_space": {
        "head": {
          "x": -0.00440486054867506,
          "y": -0.03589870035648346,
          "z": 0.5616533160209656
        },
        "tail": {
          "x": 0.011058609932661057,
          "y": -0.07688039541244507,
          "z": 0.6543470025062561
        }
      },
      "world_space": {
        "head": {
          "x": -0.00440486054867506,
          "y": 0.02734529972076416,
          "z": 1.511507272720337
        },
        "tail": {
          "x": 0.011058609932661057,
          "y": -0.013636395335197449,
          "z": 1.604201078414917
        },
        "rotation_quaternion": {
          "w": 0.5438166856765747,
          "x": 0.8357720375061035,
          "y": 0.06628820300102234,
          "z": -0.03680279478430748
        },
        "matrix": [
          [
            0.9885028004646301,
            0.15083172917366028,
            0.010580476373434067,
            -0.00440486054867506
          ],
          [
            0.07077637314796448,
            -0.39973822236061096,
            -0.9138930439949036,
            0.02734529972076416
          ],
          [
            -0.13361546397209167,
            0.9041404128074646,
            -0.4058213531970978,
            1.511507272720337
          ],
          [
            0.0,
            0.0,
            0.0,
            1.0
          ]
        ]
      },
      "bone_length_armature_space": 0.10252188860885467,
      "parent": "spine_01",
      "has_children": true,
      "is_end_bone": false
    },
    "head": {
      "name": "head",
      "local": {
        "location": {
          "x": 0.0,
          "y": 0.0,
          "z": 0.0
        },
        "rotation_quaternion": {
          "w": 0.9960721135139465,
          "x": -0.019928066059947014,
          "y": 0.07541827112436295,
          "z": -0.04189648479223251
        },
        "scale": {
          "x": 1.0,
          "y": 1.0,
          "z": 1.0
        },
        "matrix_basis": [
          [
            0.9851135611534119,
            0.08045796304941177,
            0.15191391110420227,
            0.0
          ],
          [
            -0.08646971732378006,
            0.9956951141357422,
            0.03338006138801575,
            0.0
          ],
          [
            -0.14857424795627594,
            -0.04601910337805748,
            0.9878299236297607,
            0.0
          ],
          [
            0.0,
            0.0,
            0.0,
            1.0
          ]
        ],
        "rotation_mode": "QUATERNION"
      },
      "armature_space": {
        "head": {
          "x": 0.01105860061943531,
          "y": -0.07688051462173462,
          "z": 0.6543468832969666
        },
        "tail": {
          "x": 0.04398830980062485,
          "y": -0.07546472549438477,
          "z": 0.8058953285217285
        }
      },
      "world_space": {
        "head": {
          "x": 0.01105860061943531,
          "y": -0.013636514544487,
          "z": 1.604200839996338
        },
        "tail": {
          "x": 0.04398830980062485,
          "y": -0.012220725417137146,
          "z": 1.7557493448257446
        },
        "rotation_quaternion": {
          "w": 0.6936489343643188,
          "x": 0.703868567943573,
          "y": 0.1530206948518753,
          "z": 0.0022250807378441095
        },
        "matrix": [
          [
            0.9531591534614563,
            0.21232615411281586,
            0.2154189795255661,
            0.01105860061943531
          ],
          [
            0.21850110590457916,
            0.009128816425800323,
            -0.97579425573349,
            -0.013636514544487
          ],
          [
            -0.20915432274341583,
            0.9771631360054016,
            -0.03769347816705704,
            1.604200839996338
          ],
          [
            0.0,
            0.0,
            0.0,
            1.0
          ]
        ]
      },
      "bone_length_armature_space": 0.15509126662548162,
      "parent": "neck_01",
      "has_children": false,
      "is_end_bone": true
    },
    "upperarm_l": {
      "name": "upperarm_l",
      "local": {
        "location": {
          "x": 0.0,
          "y": 0.0,
          "z": 0.0
        },
        "rotation_quaternion": {
          "w": 0.7981588244438171,
          "x": 0.06987100839614868,
          "y": 0.47962480783462524,
          "z": 0.3577999174594879
        },
        "scale": {
          "x": 1.0,
          "y": 1.0,
          "z": 1.0
        },
        "matrix_basis": [
          [
            0.28387853503227234,
            -0.5041385889053345,
            0.815633237361908,
            0.0
          ],
          [
            0.6381860375404358,
            0.7341945171356201,
            0.23168310523033142,
            0.0
          ],
          [
            -0.7156338691711426,
            0.4547557532787323,
            0.5301561951637268,
            0.0
          ],
          [
            0.0,
            0.0,
            0.0,
            1.0
          ]
        ],
        "rotation_mode": "QUATERNION"
      },
      "armature_space": {
        "head": {
          "x": 0.14498019218444824,
          "y": -0.04798697680234909,
          "z": 0.4940878450870514
        },
        "tail": {
          "x": 0.342124342918396,
          "y": -0.1777280569076538,
          "z": 0.6210100650787354
        }
      },
      "world_space": {
        "head": {
          "x": 0.14498019218444824,
          "y": 0.015257023274898529,
          "z": 1.4439418315887451
        },
        "tail": {
          "x": 0.342124342918396,
          "y": -0.11448405683040619,
          "z": 1.5708640813827515
        },
        "rotation_quaternion": {
          "w": 0.2861652374267578,
          "x": 0.8611376285552979,
          "y": 0.4195559322834015,
          "z": -0.022898539900779724
        },
        "matrix": [
          [
            0.6468964219093323,
            0.7356963753700256,
            0.20068854093551636,
            0.14498019218444824
          ],
          [
            0.7094862461090088,
            -0.484163761138916,
            -0.5120692849159241,
            0.015257023274898529
          ],
          [
            -0.27956274151802063,
            0.4736444652080536,
            -0.8351765871047974,
            1.4439418315887451
          ],
          [
            0.0,
            0.0,
            0.0,
            1.0
          ]
        ]
      },
      "bone_length_armature_space": 0.2679697984836185,
      "parent": "spine_01",
      "has_children": true,
      "is_end_bone": false
    },
    "lowerarm_l": {
      "name": "lowerarm_l",
      "local": {
        "location": {
          "x": 0.0,
          "y": 0.0,
          "z": 0.0
        },
        "rotation_quaternion": {
          "w": 0.9163763523101807,
          "x": 0.2472493201494217,
          "y": 0.09022685885429382,
          "z": -0.30163106322288513
        },
        "scale": {
          "x": 1.0,
          "y": 1.0,
          "z": 1.0
        },
        "matrix_basis": [
          [
            0.8017556071281433,
            0.5974321961402893,
            0.016207369044423103,
            0.0
          ],
          [
            -0.508198082447052,
            0.6957729458808899,
            -0.5075773000717163,
            0.0
          ],
          [
            -0.3145196735858917,
            0.39871641993522644,
            0.8614537715911865,
            0.0
          ],
          [
            0.0,
            0.0,
            0.0,
            1.0
          ]
        ],
        "rotation_mode": "QUATERNION"
      },
      "armature_space": {
        "head": {
          "x": 0.342124342918396,
          "y": -0.17772822082042694,
          "z": 0.6210101246833801
        },
        "tail": {
          "x": 0.588568389415741,
          "y": -0.24890071153640747,
          "z": 0.5450546145439148
        }
      },
      "world_space": {
        "head": {
          "x": 0.342124342918396,
          "y": -0.11448422074317932,
          "z": 1.570864200592041
        },
        "tail": {
          "x": 0.588568389415741,
          "y": -0.18565671145915985,
          "z": 1.4949085712432861
        },
        "rotation_quaternion": {
          "w": 0.04123108461499214,
          "x": -0.7745195031166077,
          "y": -0.6043834090232849,
          "z": 0.18204505741596222
        },
        "matrix": [
          [
            0.20315994322299957,
            0.9212018251419067,
            -0.33183300495147705,
            0.342124342918396
          ],
          [
            0.9512249827384949,
            -0.2660410404205322,
            -0.156183660030365,
            -0.11448422074317932
          ],
          [
            -0.23215866088867188,
            -0.28391990065574646,
            -0.9303258657455444,
            1.570864200592041
          ],
          [
            0.0,
            0.0,
            0.0,
            1.0
          ]
        ]
      },
      "bone_length_armature_space": 0.2675246347089716,
      "parent": "upperarm_l",
      "has_children": true,
      "is_end_bone": false
    },
    "metacarpal_thumb_l": {
      "name": "metacarpal_thumb_l",
      "local": {
        "location": {
          "x": 0.0,
          "y": 0.0,
          "z": 0.0
        },
        "rotation_quaternion": {
          "w": 0.9976698756217957,
          "x": -0.06516105681657791,
          "y": -0.01830172911286354,
          "z": 0.008596640080213547
        },
        "scale": {
          "x": 1.0,
          "y": 1.0,
          "z": 1.0
        },
        "matrix_basis": [
          [
            0.9991822838783264,
            -0.014768097549676895,
            -0.037638500332832336,
            0.0
          ],
          [
            0.019538337364792824,
            0.9913602471351624,
            0.12970377504825592,
            0.0
          ],
          [
            0.035397835075855255,
            -0.13033311069011688,
            0.9908381700515747,
            0.0
          ],
          [
            0.0,
            0.0,
            0.0,
            1.0
          ]
        ],
        "rotation_mode": "QUATERNION"
      },
      "armature_space": {
        "head": {
          "x": 0.588568389415741,
          "y": -0.24890071153640747,
          "z": 0.5450546145439148
        },
        "tail": {
          "x": 0.6155742406845093,
          "y": -0.2616080939769745,
          "z": 0.5055221915245056
        }
      },
      "world_space": {
        "head": {
          "x": 0.588568389415741,
          "y": -0.18565671145915985,
          "z": 1.4949085712432861
        },
        "tail": {
          "x": 0.6155742406845093,
          "y": -0.19836409389972687,
          "z": 1.455376148223877
        },
        "rotation_quaternion": {
          "w": 0.5757559537887573,
          "x": -0.7651568651199341,
          "y": -0.20058785378932953,
          "z": -0.2068929821252823
        },
        "matrix": [
          [
            0.8339197039604187,
            0.5452019572257996,
            0.08563002943992615,
            0.588568389415741
          ],
          [
            0.06872563064098358,
            -0.2565402388572693,
            0.964087188243866,
            -0.18565671145915985
          ],
          [
            0.5475938320159912,
            -0.7980921268463135,
            -0.2514042556285858,
            1.4949085712432861
          ],
          [
            0.0,
            0.0,
            0.0,
            1.0
          ]
        ]
      },
      "bone_length_armature_space": 0.049533888207593246,
      "parent": "lowerarm_l",
      "has_children": true,
      "is_end_bone": false
    },
    "thumb_01_l": {
      "name": "thumb_01_l",
      "local": {
        "location": {
          "x": 0.0,
          "y": 0.0,
          "z": 0.0
        },
        "rotation_quaternion": {
          "w": 0.981687605381012,
          "x": 0.1901538074016571,
          "y": 0.0010191315086558461,
          "z": 0.011406324803829193
        },
        "scale": {
          "x": 1.0,
          "y": 1.0,
          "z": 1.0
        },
        "matrix_basis": [
          [
            0.9997377395629883,
            -0.02200731262564659,
            0.006338849663734436,
            0.0
          ],
          [
            0.022782478481531143,
            0.927422821521759,
            -0.3733200132846832,
            0.0
          ],
          [
            0.00233697472140193,
            0.3733665347099304,
            0.9276809692382812,
            0.0
          ],
          [
            0.0,
            0.0,
            0.0,
            1.0
          ]
        ],
        "rotation_mode": "QUATERNION"
      },
      "armature_space": {
        "head": {
          "x": 0.6155742406845093,
          "y": -0.2616080939769745,
          "z": 0.5055221915245056
        },
        "tail": {
          "x": 0.6366879940032959,
          "y": -0.2423621416091919,
          "z": 0.48701727390289307
        }
      },
      "world_space": {
        "head": {
          "x": 0.6155742406845093,
          "y": -0.19836409389972687,
          "z": 1.455376148223877
        },
        "tail": {
          "x": 0.6366879940032959,
          "y": -0.17911814153194427,
          "z": 1.4368712902069092
        },
        "rotation_quaternion": {
          "w": 0.8110965490341187,
          "x": -0.14168143272399902,
          "y": 0.3533141613006592,
          "z": -0.44409239292144775
        },
        "matrix": [
          [
            0.35590091347694397,
            0.6202890872955322,
            0.6989820003509521,
            0.6155742406845093
          ],
          [
            -0.8205200433731079,
            0.5654159188270569,
            -0.08397532999515533,
            -0.19836409389972687
          ],
          [
            -0.44730833172798157,
            -0.5436451435089111,
            0.7101967334747314,
            1.455376148223877
          ],
          [
            0.0,
            0.0,
            0.0,
            1.0
          ]
        ]
      },
      "bone_length_armature_space": 0.034038643525278724,
      "parent": "metacarpal_thumb_l",
      "has_children": true,
      "is_end_bone": false
    },
    "thumb_02_l": {
      "name": "thumb_02_l",
      "local": {
        "location": {
          "x": 0.0,
          "y": 0.0,
          "z": 0.0
        },
        "rotation_quaternion": {
          "w": 0.9326699376106262,
          "x": 0.36062726378440857,
          "y": -0.007151868660002947,
          "z": -0.004878821782767773
        },
        "scale": {
          "x": 1.0,
          "y": 1.0,
          "z": 1.0
        },
        "matrix_basis": [
          [
            0.9998500943183899,
            0.0039423429407179356,
            -0.016859538853168488,
            0.0
          ],
          [
            -0.014258978888392448,
            0.7398483753204346,
            -0.6726226210594177,
            0.0
          ],
          [
            0.00982179306447506,
            0.6727622151374817,
            0.7397936582565308,
            0.0
          ],
          [
            0.0,
            0.0,
            0.0,
            1.0
          ]
        ],
        "rotation_mode": "QUATERNION"
      },
      "armature_space": {
        "head": {
          "x": 0.6366879343986511,
          "y": -0.2423621118068695,
          "z": 0.4870172441005707
        },
        "tail": {
          "x": 0.6608536839485168,
          "y": -0.27133607864379883,
          "z": 0.5007906556129456
        }
      },
      "world_space": {
        "head": {
          "x": 0.6366879343986511,
          "y": -0.1791181117296219,
          "z": 1.4368712902069092
        },
        "tail": {
          "x": 0.6608536839485168,
          "y": -0.2080920785665512,
          "z": 1.4506447315216064
        },
        "rotation_quaternion": {
          "w": 0.37323591113090515,
          "x": 0.4625123143196106,
          "y": 0.0014470127644017339,
          "z": -0.8042234778404236
        },
        "matrix": [
          [
            -0.2935539484024048,
            0.6016704440116882,
            -0.7428449392318726,
            0.6366879343986511
          ],
          [
            -0.5989922881126404,
            -0.7213844060897827,
            -0.34758174419403076,
            -0.1791181117296219
          ],
          [
            -0.7450122237205505,
            0.3429263234138489,
            0.5721648931503296,
            1.4368712902069092
          ],
          [
            0.0,
            0.0,
            0.0,
            1.0
          ]
        ]
      },
      "bone_length_armature_space": 0.04016442488305782,
      "parent": "thumb_01_l",
      "has_children": true,
      "is_end_bone": false
    },
    "thumb_03_l": {
      "name": "thumb_03_l",
      "local": {
        "location": {
          "x": 0.0,
          "y": 0.0,
          "z": 0.0
        },
        "rotation_quaternion": {
          "w": 0.9842475652694702,
          "x": 0.17672234773635864,
          "y": 0.003098122775554657,
          "z": 0.004037576261907816
        },
        "scale": {
          "x": 1.0,
          "y": 1.0,
          "z": 1.0
        },
        "matrix_basis": [
          [
            0.9999482035636902,
            -0.0068529341369867325,
            0.007525699678808451,
            0.0
          ],
          [
            0.009042964316904545,
            0.937505841255188,
            -0.34785205125808716,
            0.0
          ],
          [
            -0.004671579692512751,
            0.3479020893573761,
            0.9375192523002625,
            0.0
          ],
          [
            0.0,
            0.0,
            0.0,
            1.0
          ]
        ],
        "rotation_mode": "QUATERNION"
      },
      "armature_space": {
        "head": {
          "x": 0.6608536839485168,
          "y": -0.27133607864379883,
          "z": 0.5007905960083008
        },
        "tail": {
          "x": 0.6632133722305298,
          "y": -0.29498669505119324,
          "z": 0.5198162794113159
        }
      },
      "world_space": {
        "head": {
          "x": 0.6608536839485168,
          "y": -0.2080920785665512,
          "z": 1.450644612312317
        },
        "tail": {
          "x": 0.6632133722305298,
          "y": -0.23174269497394562,
          "z": 1.469670295715332
        },
        "rotation_quaternion": {
          "w": 0.27476492524147034,
          "x": 0.7034246325492859,
          "y": -0.18996769189834595,
          "z": -0.6273837089538574
        },
        "matrix": [
          [
            0.14060509204864502,
            0.07750695943832397,
            -0.9870272874832153,
            0.6608536839485168
          ],
          [
            -0.6120221018791199,
            -0.7768334150314331,
            -0.14818601310253143,
            -0.2080920785665512
          ],
          [
            -0.7782471179962158,
            0.6249220371246338,
            -0.06179139018058777,
            1.450644612312317
          ],
          [
            0.0,
            0.0,
            0.0,
            1.0
          ]
        ]
      },
      "bone_length_armature_space": 0.030444973147562476,
      "parent": "thumb_02_l",
      "has_children": false,
      "is_end_bone": true
    },
    "metacarpal_index_l": {
      "name": "metacarpal_index_l",
      "local": {
        "location": {
          "x": 0.0,
          "y": 0.0,
          "z": 0.0
        },
        "rotation_quaternion": {
          "w": 0.9999645948410034,
          "x": 0.007435093633830547,
          "y": -0.003909650724381208,
          "z": 0.0006455543334595859
        },
        "scale": {
          "x": 1.0,
          "y": 1.0,
          "z": 1.0
        },
        "matrix_basis": [
          [
            0.9999685883522034,
            -0.001349200145341456,
            -0.007809425238519907,
            0.0
          ],
          [
            0.0012329256860539317,
            0.9998885989189148,
            -0.014874708838760853,
            0.0
          ],
          [
            0.007828623987734318,
            0.014864613302052021,
            0.9998588562011719,
            0.0
          ],
          [
            0.0,
            0.0,
            0.0,
            1.0
          ]
        ],
        "rotation_mode": "QUATERNION"
      },
      "armature_space": {
        "head": {
          "x": 0.588568389415741,
          "y": -0.24890071153640747,
          "z": 0.5450546145439148
        },
        "tail": {
          "x": 0.6800732016563416,
          "y": -0.2772999107837677,
          "z": 0.47760361433029175
        }
      },
      "world_space": {
        "head": {
          "x": 0.588568389415741,
          "y": -0.18565671145915985,
          "z": 1.4949085712432861
        },
        "tail": {
          "x": 0.6800732016563416,
          "y": -0.21405591070652008,
          "z": 1.427457571029663
        },
        "rotation_quaternion": {
          "w": 0.4210238456726074,
          "x": -0.7826637029647827,
          "y": -0.4489456117153168,
          "z": -0.09286769479513168
        },
        "matrix": [
          [
            0.5796455144882202,
            0.7809460163116455,
            -0.23266750574111938,
            0.588568389415741
          ],
          [
            0.6245503425598145,
            -0.24237242341041565,
            0.7424234747886658,
            -0.18565671145915985
          ],
          [
            0.5234047174453735,
            -0.5756593942642212,
            -0.6282340884208679,
            1.4949085712432861
          ],
          [
            0.0,
            0.0,
            0.0,
            1.0
          ]
        ]
      },
      "bone_length_armature_space": 0.11717202312867965,
      "parent": "lowerarm_l",
      "has_children": true,
      "is_end_bone": false
    },
    "index_01_l": {
      "name": "index_01_l",
      "local": {
        "location": {
          "x": 0.0,
          "y": 0.0,
          "z": 0.0
        },
        "rotation_quaternion": {
          "w": 0.9748318195343018,
          "x": 0.2227519452571869,
          "y": 0.00636688619852066,
          "z": -0.00663717882707715
        },
        "scale": {
          "x": 1.0,
          "y": 1.0,
          "z": 1.0
        },
        "matrix_basis": [
          [
            0.9998308420181274,
            0.01577673852443695,
            0.009456397965550423,
            0.0
          ],
          [
            -0.010103793814778328,
            0.9006750583648682,
            -0.4343758821487427,
            0.0
          ],
          [
            -0.015370175242424011,
            0.43420684337615967,
            0.9006820917129517,
            0.0
          ],
          [
            0.0,
            0.0,
            0.0,
            1.0
          ]
        ],
        "rotation_mode": "QUATERNION"
      },
      "armature_space": {
        "head": {
          "x": 0.6800732016563416,
          "y": -0.2772999107837677,
          "z": 0.47760361433029175
        },
        "tail": {
          "x": 0.7034749388694763,
          "y": -0.2706270217895508,
          "z": 0.4627407491207123
        }
      },
      "world_space": {
        "head": {
          "x": 0.6800732016563416,
          "y": -0.21405591070652008,
          "z": 1.427457571029663
        },
        "tail": {
          "x": 0.7034749388694763,
          "y": -0.20738302171230316,
          "z": 1.4125947952270508
        },
        "rotation_quaternion": {
          "w": 0.5066993832588196,
          "x": -0.6132100224494934,
          "y": -0.6002197861671448,
          "z": -0.08345980942249298
        },
        "matrix": [
          [
            0.26553815603256226,
            0.8206990957260132,
            -0.5059075355529785,
            0.6800732016563416
          ],
          [
            0.6515462398529053,
            0.2340182512998581,
            0.7216114401817322,
            -0.21405591070652008
          ],
          [
            0.7106230854988098,
            -0.5212411284446716,
            -0.47258538007736206,
            1.427457571029663
          ],
          [
            0.0,
            0.0,
            0.0,
            1.0
          ]
        ]
      },
      "bone_length_armature_space": 0.02851444409934852,
      "parent": "metacarpal_index_l",
      "has_children": true,
      "is_end_bone": false
    },
    "index_02_l": {
      "name": "index_02_l",
      "local": {
        "location": {
          "x": 0.0,
          "y": 0.0,
          "z": 0.0
        },
        "rotation_quaternion": {
          "w": 0.9042383432388306,
          "x": 0.42701369524002075,
          "y": -0.0033332861494272947,
          "z": 0.001193406991660595
        },
        "scale": {
          "x": 1.0,
          "y": 1.0,
          "z": 1.0
        },
        "matrix_basis": [
          [
            0.9999749064445496,
            -0.005004966165870428,
            -0.005008968058973551,
            0.0
          ],
          [
            -0.0006884689209982753,
            0.6353157758712769,
            -0.7722522616386414,
            0.0
          ],
          [
            0.007047372404485941,
            0.7722363471984863,
            0.6352964043617249,
            0.0
          ],
          [
            0.0,
            0.0,
            0.0,
            1.0
          ]
        ],
        "rotation_mode": "QUATERNION"
      },
      "armature_space": {
        "head": {
          "x": 0.7034749984741211,
          "y": -0.27062684297561646,
          "z": 0.4627402424812317
        },
        "tail": {
          "x": 0.7074872255325317,
          "y": -0.25339406728744507,
          "z": 0.44416531920433044
        }
      },
      "world_space": {
        "head": {
          "x": 0.7034749984741211,
          "y": -0.20738284289836884,
          "z": 1.4125943183898926
        },
        "tail": {
          "x": 0.7074872255325317,
          "y": -0.19015006721019745,
          "z": 1.394019365310669
        },
        "rotation_quaternion": {
          "w": 0.6898826956748962,
          "x": -0.35493186116218567,
          "y": -0.5999505519866943,
          "z": 0.19530682265758514
        },
        "matrix": [
          [
            0.2038310319185257,
            0.1564025580883026,
            -0.9664322137832642,
            0.7034749984741211
          ],
          [
            0.6953606009483337,
            0.6717577576637268,
            0.2553727924823761,
            -0.20738284289836884
          ],
          [
            0.6891546249389648,
            -0.7240764498710632,
            0.028169363737106323,
            1.4125943183898926
          ],
          [
            0.0,
            0.0,
            0.0,
            1.0
          ]
        ]
      },
      "bone_length_armature_space": 0.025653348655692104,
      "parent": "index_01_l",
      "has_children": true,
      "is_end_bone": false
    },
    "index_03_l": {
      "name": "index_03_l",
      "local": {
        "location": {
          "x": 0.0,
          "y": 0.0,
          "z": 0.0
        },
        "rotation_quaternion": {
          "w": 0.9665567874908447,
          "x": 0.25642189383506775,
          "y": -0.00039091467624530196,
          "z": 0.003961149137467146
        },
        "scale": {
          "x": 1.0,
          "y": 1.0,
          "z": 1.0
        },
        "matrix_basis": [
          [
            0.9999682903289795,
            -0.007857829332351685,
            0.0012757682707160711,
            0.0
          ],
          [
            0.007456873077899218,
            0.8684642314910889,
            -0.49569573998451233,
            0.0
          ],
          [
            0.00278713321313262,
            0.4956895411014557,
            0.8684953451156616,
            0.0
          ],
          [
            0.0,
            0.0,
            0.0,
            1.0
          ]
        ],
        "rotation_mode": "QUATERNION"
      },
      "armature_space": {
        "head": {
          "x": 0.7074873447418213,
          "y": -0.25339412689208984,
          "z": 0.44416531920433044
        },
        "tail": {
          "x": 0.6957552433013916,
          "y": -0.23102253675460815,
          "z": 0.4294818639755249
        }
      },
      "world_space": {
        "head": {
          "x": 0.7074873447418213,
          "y": -0.19015012681484222,
          "z": 1.394019365310669
        },
        "tail": {
          "x": 0.6957552433013916,
          "y": -0.16777853667736053,
          "z": 1.379335880279541
        },
        "rotation_quaternion": {
          "w": 0.7864625453948975,
          "x": -0.1069270446896553,
          "y": -0.5141086578369141,
          "z": 0.3251703381538391
        },
        "matrix": [
          [
            0.25991255044937134,
            -0.40152662992477417,
            -0.8781923055648804,
            0.7074873447418213
          ],
          [
            0.6214134693145752,
            0.7656607031822205,
            -0.1661597341299057,
            -0.19015012681484222
          ],
          [
            0.7391204833984375,
            -0.5025365948677063,
            0.44852209091186523,
            1.394019365310669
          ],
          [
            0.0,
            0.0,
            0.0,
            1.0
          ]
        ]
      },
      "bone_length_armature_space": 0.029218728427573008,
      "parent": "index_02_l",
      "has_children": false,
      "is_end_bone": true
    },
    "metacarpal_pinky_l": {
      "name": "metacarpal_pinky_l",
      "local": {
        "location": {
          "x": 0.0,
          "y": 0.0,
          "z": 0.0
        },
        "rotation_quaternion": {
          "w": 0.9988410472869873,
          "x": -0.046975117176771164,
          "y": 0.00218219100497663,
          "z": 0.010248220525681973
        },
        "scale": {
          "x": 1.0,
          "y": 1.0,
          "z": 1.0
        },
        "matrix_basis": [
          [
            0.9997804164886475,
            -0.020677704364061356,
            0.0033965010661631823,
            0.0
          ],
          [
            0.02026766911149025,
            0.9953766465187073,
            0.09388607740402222,
            0.0
          ],
          [
            -0.005322146695107222,
            -0.09379662573337555,
            0.9955771565437317,
            0.0
          ],
          [
            0.0,
            0.0,
            0.0,
            1.0
          ]
        ],
        "rotation_mode": "QUATERNION"
      },
      "armature_space": {
        "head": {
          "x": 0.588568389415741,
          "y": -0.24890071153640747,
          "z": 0.5450546145439148
        },
        "tail": {
          "x": 0.6920157074928284,
          "y": -0.26024338603019714,
          "z": 0.5486887693405151
        }
      },
      "world_space": {
        "head": {
          "x": 0.588568389415741,
          "y": -0.18565671145915985,
          "z": 1.4949085712432861
        },
        "tail": {
          "x": 0.6920157074928284,
          "y": -0.19699938595294952,
          "z": 1.4985427856445312
        },
        "rotation_quaternion": {
          "w": 0.47182515263557434,
          "x": 0.5448594093322754,
          "y": 0.4721410274505615,
          "z": -0.5075353980064392
        },
        "matrix": [
          [
            0.03898085653781891,
            0.9934368133544922,
            -0.10753445327281952,
            0.588568389415741
          ],
          [
            0.03556475788354874,
            -0.10892722010612488,
            -0.9934133887290955,
            -0.18565671145915985
          ],
          [
            -0.9986139535903931,
            0.03489977493882179,
            -0.03957866132259369,
            1.4949085712432861
          ],
          [
            0.0,
            0.0,
            0.0,
            1.0
          ]
        ]
      },
      "bone_length_armature_space": 0.10413074193826473,
      "parent": "lowerarm_l",
      "has_children": true,
      "is_end_bone": false
    },
    "pinky_01_l": {
      "name": "pinky_01_l",
      "local": {
        "location": {
          "x": 0.0,
          "y": 0.0,
          "z": 0.0
        },
        "rotation_quaternion": {
          "w": 0.9551316499710083,
          "x": 0.29598790407180786,
          "y": -0.002864090260118246,
          "z": 0.01032615453004837
        },
        "scale": {
          "x": 1.0,
          "y": 1.0,
          "z": 1.0
        },
        "matrix_basis": [
          [
            0.9997703433036804,
            -0.021421145647764206,
            0.0006416671676561236,
            0.0
          ],
          [
            0.018030202016234398,
            0.824569046497345,
            -0.5654739737510681,
            0.0
          ],
          [
            0.01158399973064661,
            0.565355658531189,
            0.8247659206390381,
            0.0
          ],
          [
            0.0,
            0.0,
            0.0,
            1.0
          ]
        ],
        "rotation_mode": "QUATERNION"
      },
      "armature_space": {
        "head": {
          "x": 0.6920157074928284,
          "y": -0.26024338603019714,
          "z": 0.5486887693405151
        },
        "tail": {
