{
  "metadata": {
    "armature_name": "KIM_caucasian_male",
    "export_time": "2026-01-13T21:00:14.040909",
    "blender_version": "4.4.1",
    "bone_count": 56,
    "end_bone_count": 13,
    "spaces_included": [
      "LOCAL_CHANNELS",
      "ARMATURE_SPACE",
      "WORLD_SPACE"
    ],
    "note": "LOCAL matches Transform panel; replay pose via local.matrix_basis for best fidelity."
  },
  "bones": {
    "Root": {
      "name": "Root",
      "local": {
        "location": {
          "x": 0.0,
          "y": 0.0,
          "z": 0.0
        },
        "rotation_quaternion": {
          "w": 0.999938428401947,
          "x": -0.008812849409878254,
          "y": 0.006507041864097118,
          "z": -0.0017884542467072606
        },
        "scale": {
          "x": 1.0,
          "y": 1.0,
          "z": 1.0
        },
        "matrix_basis": [
          [
            0.9999089241027832,
            0.0034619970247149467,
            0.013044805265963078,
            0.0
          ],
          [
            -0.0036913794465363026,
            0.9998382925987244,
            0.017601339146494865,
            0.0
          ],
          [
            -0.012981759384274483,
            -0.017647888511419296,
            0.9997599720954895,
            0.0
          ],
          [
            0.0,
            0.0,
            0.0,
            1.0
          ]
        ],
        "rotation_mode": "QUATERNION"
      },
      "armature_space": {
        "head": {
          "x": 0.0,
          "y": 0.07072800397872925,
          "z": -0.009595036506652832
        },
        "tail": {
          "x": 0.00024710304569453,
          "y": 0.00018076598644256592,
          "z": 0.0012466562911868095
        }
      },
      "world_space": {
        "head": {
          "x": 0.0,
          "y": 0.13397200405597687,
          "z": 0.9402589797973633
        },
        "tail": {
          "x": 0.00024710304569453,
          "y": 0.06342476606369019,
          "z": 0.9511006474494934
        },
        "rotation_quaternion": {
          "w": 0.07615633308887482,
          "x": 0.9970730543136597,
          "y": 0.0022227568551898003,
          "z": 0.006371774710714817
        },
        "matrix": [
          [
            0.9999089241027832,
            0.0034619970247149467,
            0.013044805265963078,
            0.0
          ],
          [
            0.005403007380664349,
            -0.9883905649185181,
            -0.1518390029668808,
            0.13397200405597687
          ],
          [
            0.012367786839604378,
            0.15189577639102936,
            -0.9883262515068054,
            0.9402589797973633
          ],
          [
            0.0,
            0.0,
            0.0,
            1.0
          ]
        ]
      },
      "bone_length_armature_space": 0.07137587988508494,
      "parent": null,
      "has_children": true,
      "is_end_bone": false
    },
    "spine_01": {
      "name": "spine_01",
      "local": {
        "location": {
          "x": 0.0,
          "y": 0.0,
          "z": 0.0
        },
        "rotation_quaternion": {
          "w": 0.9973868727684021,
          "x": 0.029301276430487633,
          "y": -0.029689671471714973,
          "z": 0.05898706614971161
        },
        "scale": {
          "x": 1.0,
          "y": 1.0,
          "z": 1.0
        },
        "matrix_basis": [
          [
            0.9912781119346619,
            -0.11940573900938034,
            -0.05576738342642784,
            0.0
          ],
          [
            0.11592596024274826,
            0.9913239479064941,
            -0.061952028423547745,
            0.0
          ],
          [
            0.06268096715211868,
            0.05494680255651474,
            0.996519923210144,
            0.0
          ],
          [
            0.0,
            0.0,
            0.0,
            1.0
          ]
        ],
        "rotation_mode": "QUATERNION"
      },
      "armature_space": {
        "head": {
          "x": 0.00024710304569453,
          "y": 0.00018076598644256592,
          "z": 0.0012466562911868095
        },
        "tail": {
          "x": -0.06403334438800812,
          "y": 0.004215255845338106,
          "z": 0.4849824011325836
        }
      },
      "world_space": {
        "head": {
          "x": 0.00024710304569453,
          "y": 0.06342476606369019,
          "z": 0.9511006474494934
        },
        "tail": {
          "x": -0.06403334438800812,
          "y": 0.06745925545692444,
          "z": 1.4348363876342773
        },
        "rotation_quaternion": {
          "w": 0.7070898413658142,
          "x": 0.7035811543464661,
          "y": -0.0644783303141594,
          "z": 0.028985317796468735
        },
        "matrix": [
          [
            0.99000483751297,
            -0.13172189891338348,
            -0.050396036356687546,
            0.00024710304569453
          ],
          [
            -0.04974009841680527,
            0.008267376571893692,
            -0.9987280964851379,
            0.06342476606369019
          ],
          [
            0.13197189569473267,
            0.9912592768669128,
            0.0016319826245307922,
            0.9511006474494934
          ],
          [
            0.0,
            0.0,
            0.0,
            1.0
          ]
        ]
      },
      "bone_length_armature_space": 0.48800463032823277,
      "parent": "Root",
      "has_children": true,
      "is_end_bone": false
    },
    "neck_01": {
      "name": "neck_01",
      "local": {
        "location": {
          "x": 0.0,
          "y": 0.0,
          "z": 0.0
        },
        "rotation_quaternion": {
          "w": 0.9921272993087769,
          "x": 0.06251112371683121,
          "y": 0.10729999095201492,
          "z": 0.016204679384827614
        },
        "scale": {
          "x": 1.0,
          "y": 1.0,
          "z": 1.0
        },
        "matrix_basis": [
          [
            0.9764482378959656,
            -0.018739324063062668,
            0.21493645012378693,
            0.0
          ],
          [
            0.04556909576058388,
            0.9916595220565796,
            -0.12056045979261398,
            0.0
          ],
          [
            -0.21088455617427826,
            0.127515509724617,
            0.9691581130027771,
            0.0
          ],
          [
            0.0,
            0.0,
            0.0,
            1.0
          ]
        ],
        "rotation_mode": "QUATERNION"
      },
      "armature_space": {
        "head": {
          "x": -0.07542557269334793,
          "y": -0.02981574833393097,
          "z": 0.5576174855232239
        },
        "tail": {
          "x": -0.09163948148488998,
          "y": -0.0796310305595398,
          "z": 0.6457439661026001
        }
      },
      "world_space": {
        "head": {
          "x": -0.07542557269334793,
          "y": 0.03342825174331665,
          "z": 1.5074715614318848
        },
        "tail": {
          "x": -0.09163948148488998,
          "y": -0.016387030482292175,
          "z": 1.5955979824066162
        },
        "rotation_quaternion": {
          "w": 0.506924569606781,
          "x": 0.8502836227416992,
          "y": -0.008752674795687199,
          "z": 0.1413099616765976
        },
        "matrix": [
          [
            0.9599100351333618,
            -0.1581515371799469,
            0.23143237829208374,
            -0.07542557269334793
          ],
          [
            0.12838178873062134,
            -0.4859016537666321,
            -0.8645334839820862,
            0.03342825174331665
          ],
          [
            0.24918252229690552,
            0.8595914840698242,
            -0.4461219310760498,
            1.5074715614318848
          ],
          [
            0.0,
            0.0,
            0.0,
            1.0
          ]
        ]
      },
      "bone_length_armature_space": 0.10252185007224769,
      "parent": "spine_01",
      "has_children": true,
      "is_end_bone": false
    },
    "head": {
      "name": "head",
      "local": {
        "location": {
          "x": 0.0,
          "y": 0.0,
          "z": 0.0
        },
        "rotation_quaternion": {
          "w": 0.9822790622711182,
          "x": 0.004776972346007824,
          "y": -0.1708379089832306,
          "z": 0.07693745940923691
        },
        "scale": {
          "x": 1.0,
          "y": 1.0,
          "z": 1.0
        },
        "matrix_basis": [
          [
            0.9297900795936584,
            -0.15278027951717377,
            -0.33488595485687256,
            0.0
          ],
          [
            0.14951594173908234,
            0.9881156086921692,
            -0.03567231073975563,
            0.0
          ],
          [
            0.3363560438156128,
            -0.01690302975475788,
            0.9415831565856934,
            0.0
          ],
          [
            0.0,
            0.0,
            0.0,
            1.0
          ]
        ],
        "rotation_mode": "QUATERNION"
      },
      "armature_space": {
        "head": {
          "x": -0.0916394293308258,
          "y": -0.07963113486766815,
          "z": 0.6457438468933105
        },
        "tail": {
          "x": -0.15031123161315918,
          "y": -0.1015716940164566,
          "z": 0.7876222729682922
        }
      },
      "world_space": {
        "head": {
          "x": -0.0916394293308258,
          "y": -0.016387134790420532,
          "z": 1.5955978631973267
        },
        "tail": {
          "x": -0.15031123161315918,
          "y": -0.038327693939208984,
          "z": 1.7374763488769531
        },
        "rotation_quaternion": {
          "w": 0.6227820515632629,
          "x": 0.7532711029052734,
          "y": -0.20348834991455078,
          "z": 0.05759911239147186
        },
        "matrix": [
          [
            0.9105492234230042,
            -0.3783075511455536,
            -0.16668426990509033,
            -0.0916394293308258
          ],
          [
            -0.23482240736484528,
            -0.14146967232227325,
            -0.961688756942749,
            -0.016387134790420532
          ],
          [
            0.3402354419231415,
            0.9148122668266296,
            -0.21765254437923431,
            1.5955978631973267
          ],
          [
            0.0,
            0.0,
            0.0,
            1.0
          ]
        ]
      },
      "bone_length_armature_space": 0.1550911196268704,
      "parent": "neck_01",
      "has_children": false,
      "is_end_bone": true
    },
    "upperarm_l": {
      "name": "upperarm_l",
      "local": {
        "location": {
          "x": 0.0,
          "y": 0.0,
          "z": 0.0
        },
        "rotation_quaternion": {
          "w": 0.7641265988349915,
          "x": -0.25055333971977234,
          "y": 0.5572463274002075,
          "z": -0.20690615475177765
        },
        "scale": {
          "x": 1.0,
          "y": 1.0,
          "z": 1.0
        },
        "matrix_basis": [
          [
            0.2933327555656433,
            0.03696513548493385,
            0.9552955627441406,
            0.0
          ],
          [
            -0.5954448580741882,
            0.7888257503509521,
            0.15231356024742126,
            0.0
          ],
          [
            -0.7479314208030701,
            -0.6135043501853943,
            0.2533991038799286,
            0.0
          ],
          [
            0.0,
            0.0,
            0.0,
            1.0
          ]
        ],
        "rotation_mode": "QUATERNION"
      },
      "armature_space": {
        "head": {
          "x": 0.08176715672016144,
          "y": -0.04101746529340744,
          "z": 0.5107981562614441
        },
        "tail": {
          "x": 0.2944006323814392,
          "y": 0.1212393119931221,
          "z": 0.5271497964859009
        }
      },
      "world_space": {
        "head": {
          "x": 0.08176715672016144,
          "y": 0.02222653478384018,
          "z": 1.4606521129608154
        },
        "tail": {
          "x": 0.2944006323814392,
          "y": 0.18448331952095032,
          "z": 1.477003812789917
        },
        "rotation_quaternion": {
          "w": 0.16997118294239044,
          "x": 0.4412369132041931,
          "y": 0.8796945810317993,
          "z": -0.05057115852832794
        },
        "matrix": [
          [
            -0.5528393387794495,
            0.7934989929199219,
            0.25441715121269226,
            0.08176715672016144
          ],
          [
            0.7591160535812378,
            0.6055048108100891,
            -0.2389708012342453,
            0.02222653478384018
          ],
          [
            -0.34367555379867554,
            0.061020608991384506,
            -0.937111496925354,
            1.4606521129608154
          ],
          [
            0.0,
            0.0,
            0.0,
            1.0
          ]
        ]
      },
      "bone_length_armature_space": 0.26796946299137625,
      "parent": "spine_01",
      "has_children": true,
      "is_end_bone": false
    },
    "lowerarm_l": {
      "name": "lowerarm_l",
      "local": {
        "location": {
          "x": 0.0,
          "y": 0.0,
          "z": 0.0
        },
        "rotation_quaternion": {
          "w": 0.9451617002487183,
          "x": 0.1018032357096672,
          "y": 0.03321937099099159,
          "z": 0.30854830145835876
        },
        "scale": {
          "x": 1.0,
          "y": 1.0,
          "z": 1.0
        },
        "matrix_basis": [
          [
            0.8073888421058655,
            -0.5764923691749573,
            0.12561778724193573,
            0.0
          ],
          [
            0.5900197625160217,
            0.7888680696487427,
            -0.17194147408008575,
            0.0
          ],
          [
            2.707658859435469e-05,
            0.21294060349464417,
            0.9770651459693909,
            0.0
          ],
          [
            0.0,
            0.0,
            0.0,
            1.0
          ]
        ],
        "rotation_mode": "QUATERNION"
      },
      "armature_space": {
        "head": {
          "x": 0.29440078139305115,
          "y": 0.12123927474021912,
          "z": 0.5271497964859009
        },
        "tail": {
          "x": 0.5597069263458252,
          "y": 0.09164682030677795,
          "z": 0.544650673866272
        }
      },
      "world_space": {
        "head": {
          "x": 0.29440078139305115,
          "y": 0.18448327481746674,
          "z": 1.477003812789917
        },
        "tail": {
          "x": 0.5597069263458252,
          "y": 0.15489082038402557,
          "z": 1.494504690170288
        },
        "rotation_quaternion": {
          "w": 0.15829063951969147,
          "x": 0.7339650988578796,
          "y": 0.6477928757667542,
          "z": -0.12885572016239166
        },
        "matrix": [
          [
            0.12752088904380798,
            0.991707980632782,
            0.015929952263832092,
            0.29440078139305115
          ],
          [
            0.9101213812828064,
            -0.11061587929725647,
            -0.3993036150932312,
            0.18448327481746674
          ],
          [
            -0.3942324221134186,
            0.06541796028614044,
            -0.9166873693466187,
            1.477003812789917
          ],
          [
            0.0,
            0.0,
            0.0,
            1.0
          ]
        ]
      },
      "bone_length_armature_space": 0.26752447103534815,
      "parent": "upperarm_l",
      "has_children": true,
      "is_end_bone": false
    },
    "metacarpal_thumb_l": {
      "name": "metacarpal_thumb_l",
      "local": {
        "location": {
          "x": 0.0,
          "y": 0.0,
          "z": 0.0
        },
        "rotation_quaternion": {
          "w": 0.9990532398223877,
          "x": -0.03992089629173279,
          "y": -0.017233386635780334,
          "z": -0.0014122126158326864
        },
        "scale": {
          "x": 1.0,
          "y": 1.0,
          "z": 1.0
        },
        "matrix_basis": [
          [
            0.9994020462036133,
            0.004197695758193731,
            -0.034321386367082596,
            0.0
          ],
          [
            -0.0014458067016676068,
            0.996808648109436,
            0.07981487363576889,
            0.0
          ],
          [
            0.03454689681529999,
            -0.07971752434968948,
            0.9962186813354492,
            0.0
          ],
          [
            0.0,
            0.0,
            0.0,
            1.0
          ]
        ],
        "rotation_mode": "QUATERNION"
      },
      "armature_space": {
        "head": {
          "x": 0.5597069263458252,
          "y": 0.09164682030677795,
          "z": 0.544650673866272
        },
        "tail": {
          "x": 0.6002711057662964,
          "y": 0.08032649755477905,
          "z": 0.518574059009552
        }
      },
      "world_space": {
        "head": {
          "x": 0.5597069263458252,
          "y": 0.15489082038402557,
          "z": 1.494504690170288
        },
        "tail": {
          "x": 0.6002711057662964,
          "y": 0.14357049763202667,
          "z": 1.468428134918213
        },
        "rotation_quaternion": {
          "w": 0.480873167514801,
          "x": -0.7453787922859192,
          "y": -0.3930545747280121,
          "z": -0.2422386258840561
        },
        "matrix": [
          [
            0.5736562609672546,
            0.8189216256141663,
            -0.016901403665542603,
            0.5597069263458252
          ],
          [
            0.35297998785972595,
            -0.22853796184062958,
            0.9072902798652649,
            0.15489082038402557
          ],
          [
            0.7391427755355835,
            -0.5264426469802856,
            -0.42016735672950745,
            1.494504690170288
          ],
          [
            0.0,
            0.0,
            0.0,
            1.0
          ]
        ]
      },
      "bone_length_armature_space": 0.0495337488102283,
      "parent": "lowerarm_l",
      "has_children": true,
      "is_end_bone": false
    },
    "thumb_01_l": {
      "name": "thumb_01_l",
      "local": {
        "location": {
          "x": 0.0,
          "y": 0.0,
          "z": 0.0
        },
        "rotation_quaternion": {
          "w": 0.9998164772987366,
          "x": 0.008196152746677399,
          "y": -0.016151780262589455,
          "z": 0.0062507339753210545
        },
        "scale": {
          "x": 1.0,
          "y": 1.0,
          "z": 1.0
        },
        "matrix_basis": [
          [
            0.9994000792503357,
            -0.01276393886655569,
            -0.03219516947865486,
            0.0
          ],
          [
            0.012234408408403397,
            0.9997875094413757,
            -0.01659121736884117,
            0.0
          ],
          [
            0.03240009769797325,
            0.016187375411391258,
            0.9993438720703125,
            0.0
          ],
          [
            0.0,
            0.0,
            0.0,
            1.0
          ]
        ],
        "rotation_mode": "QUATERNION"
      },
      "armature_space": {
        "head": {
          "x": 0.6002711057662964,
          "y": 0.08032649755477905,
          "z": 0.518574059009552
        },
        "tail": {
          "x": 0.615959882736206,
          "y": 0.09719107300043106,
          "z": 0.49351248145103455
        }
      },
      "world_space": {
        "head": {
          "x": 0.6002711057662964,
          "y": 0.14357049763202667,
          "z": 1.468428134918213
        },
        "tail": {
          "x": 0.615959882736206,
          "y": 0.16043508052825928,
          "z": 1.443366527557373
        },
        "rotation_quaternion": {
          "w": 0.8381702303886414,
          "x": -0.34713563323020935,
          "y": 0.2125992625951767,
          "z": -0.36300018429756165
        },
        "matrix": [
          [
            0.6460636854171753,
            0.4609110653400421,
            0.6084098815917969,
            0.6002711057662964
          ],
          [
            -0.7561143636703491,
            0.4954548478126526,
            0.4275694489479065,
            0.14357049763202667
          ],
          [
            -0.10436954349279404,
            -0.736269474029541,
            0.6686021089553833,
            1.468428134918213
          ],
          [
            0.0,
            0.0,
            0.0,
            1.0
          ]
        ]
      },
      "bone_length_armature_space": 0.03403871748470656,
      "parent": "metacarpal_thumb_l",
      "has_children": true,
      "is_end_bone": false
    },
    "thumb_02_l": {
      "name": "thumb_02_l",
      "local": {
        "location": {
          "x": 0.0,
          "y": 0.0,
          "z": 0.0
        },
        "rotation_quaternion": {
          "w": 0.9965730905532837,
          "x": 0.0825524777173996,
          "y": 0.001170760951936245,
          "z": 0.005093787331134081
        },
        "scale": {
          "x": 1.0,
          "y": 1.0,
          "z": 1.0
        },
        "matrix_basis": [
          [
            0.999945342540741,
            -0.00995936430990696,
            0.0031745072919875383,
            0.0
          ],
          [
            0.010345960967242718,
            0.9863182902336121,
            -0.16452722251415253,
            0.0
          ],
          [
            -0.0014924881979823112,
            0.16455107927322388,
            0.9863674640655518,
            0.0
          ],
          [
            0.0,
            0.0,
            0.0,
            1.0
          ]
        ],
        "rotation_mode": "QUATERNION"
      },
      "armature_space": {
        "head": {
          "x": 0.6159598231315613,
          "y": 0.09719107300043106,
          "z": 0.49351245164871216
        },
        "tail": {
          "x": 0.6557571887969971,
          "y": 0.09544709324836731,
          "z": 0.4986414313316345
        }
      },
      "world_space": {
        "head": {
          "x": 0.6159598231315613,
          "y": 0.16043508052825928,
          "z": 1.443366527557373
        },
        "tail": {
          "x": 0.6557571887969971,
          "y": 0.15869109332561493,
          "z": 1.4484953880310059
        },
        "rotation_quaternion": {
          "w": 0.6812503933906555,
          "x": 0.2143206149339676,
          "y": 0.11910593509674072,
          "z": -0.6897670030593872
        },
        "matrix": [
          [
            0.020071685314178467,
            0.9908619523048401,
            -0.13337735831737518,
            0.6159598231315613
          ],
          [
            -0.88875412940979,
            -0.04342110455036163,
            -0.45632314682006836,
            0.16043508052825928
          ],
          [
            -0.45794880390167236,
            0.12769974768161774,
            0.879767119884491,
            1.443366527557373
          ],
          [
            0.0,
            0.0,
            0.0,
            1.0
          ]
        ]
      },
      "bone_length_armature_space": 0.0401643901297257,
      "parent": "thumb_01_l",
      "has_children": true,
      "is_end_bone": false
    },
    "thumb_03_l": {
      "name": "thumb_03_l",
      "local": {
        "location": {
          "x": 0.0,
          "y": 0.0,
          "z": 0.0
        },
        "rotation_quaternion": {
          "w": 0.9982104897499084,
          "x": 0.05937987565994263,
          "y": -0.0067008184269070625,
          "z": -0.0022354302927851677
        },
        "scale": {
          "x": 1.0,
          "y": 1.0,
          "z": 1.0
        },
        "matrix_basis": [
          [
            0.999900221824646,
            0.003667072393000126,
            -0.013643133454024792,
            0.0
          ],
          [
            -0.005258647259324789,
            0.9929380416870117,
            -0.11851727217435837,
            0.0
          ],
          [
            0.013112175278365612,
            0.11857718974351883,
            0.9928582310676575,
            0.0
          ],
          [
            0.0,
            0.0,
            0.0,
            1.0
          ]
        ],
        "rotation_mode": "QUATERNION"
      },
      "armature_space": {
        "head": {
          "x": 0.6557571887969971,
          "y": 0.09544707089662552,
          "z": 0.49864134192466736
        },
        "tail": {
          "x": 0.6819391846656799,
          "y": 0.0920262560248375,
          "z": 0.5137971043586731
        }
      },
      "world_space": {
        "head": {
          "x": 0.6557571887969971,
          "y": 0.15869107842445374,
          "z": 1.4484953880310059
        },
        "tail": {
          "x": 0.6819391846656799,
          "y": 0.15527024865150452,
          "z": 1.463651180267334
        },
        "rotation_quaternion": {
          "w": 0.6587433815002441,
          "x": 0.4657258689403534,
          "y": 0.09938783198595047,
          "z": -0.5824763774871826
        },
        "matrix": [
          [
            0.30168384313583374,
            0.8599793314933777,
            -0.4116092026233673,
            0.6557571887969971
          ],
          [
            -0.6748324632644653,
            -0.11236092448234558,
            -0.7293669581413269,
            0.15869107842445374
          ],
          [
            -0.6734949350357056,
            0.4978089928627014,
            0.5464479327201843,
            1.4484953880310059
          ],
          [
            0.0,
            0.0,
            0.0,
            1.0
          ]
        ]
      },
      "bone_length_armature_space": 0.030444966851743877,
      "parent": "thumb_02_l",
      "has_children": false,
      "is_end_bone": true
    },
    "metacarpal_index_l": {
      "name": "metacarpal_index_l",
      "local": {
        "location": {
          "x": 0.0,
          "y": 0.0,
          "z": 0.0
        },
        "rotation_quaternion": {
          "w": 0.9996393322944641,
          "x": -0.026554614305496216,
          "y": -0.0012460305588319898,
          "z": -0.0038334864657372236
        },
        "scale": {
          "x": 1.0,
          "y": 1.0,
          "z": 1.0
        },
        "matrix_basis": [
          [
            0.9999675154685974,
            0.007730383425951004,
            -0.0022875687573105097,
            0.0
          ],
          [
            -0.0075980317778885365,
            0.9985603094100952,
            0.053099628537893295,
            0.0
          ],
          [
            0.002694755792617798,
            -0.053080521523952484,
            0.9985865950584412,
            0.0
          ],
          [
            0.0,
            0.0,
            0.0,
            1.0
          ]
        ],
        "rotation_mode": "QUATERNION"
      },
      "armature_space": {
        "head": {
          "x": 0.5597069263458252,
          "y": 0.09164682030677795,
          "z": 0.544650673866272
        },
        "tail": {
          "x": 0.6722719669342041,
          "y": 0.06781785935163498,
          "z": 0.5225031971931458
        }
      },
      "world_space": {
        "head": {
          "x": 0.5597069263458252,
          "y": 0.15489082038402557,
          "z": 1.494504690170288
        },
        "tail": {
          "x": 0.6722719669342041,
          "y": 0.131061851978302,
          "z": 1.4723572731018066
        },
        "rotation_quaternion": {
          "w": 0.2366088479757309,
          "x": -0.761721134185791,
          "y": -0.5850911140441895,
          "z": -0.14651215076446533
        },
        "matrix": [
          [
            0.27240458130836487,
            0.9606845378875732,
            -0.05367510765790939,
            0.5597069263458252
          ],
          [
            0.8220213651657104,
            -0.20336782932281494,
            0.5319048762321472,
            0.15489082038402557
          ],
          [
            0.5000812411308289,
            -0.18901705741882324,
            -0.8451069593429565,
            1.494504690170288
          ],
          [
            0.0,
            0.0,
            0.0,
            1.0
          ]
        ]
      },
      "bone_length_armature_space": 0.11717174866239101,
      "parent": "lowerarm_l",
      "has_children": true,
      "is_end_bone": false
    },
    "index_01_l": {
      "name": "index_01_l",
      "local": {
        "location": {
          "x": 0.0,
          "y": 0.0,
          "z": 0.0
        },
        "rotation_quaternion": {
          "w": 0.9944753646850586,
          "x": -0.10383373498916626,
          "y": 0.010944058187305927,
          "z": 0.01084792148321867
        },
        "scale": {
          "x": 1.0,
          "y": 1.0,
          "z": 1.0
        },
        "matrix_basis": [
          [
            0.9995251297950745,
            -0.023848706856369972,
            0.019514432176947594,
            0.0
          ],
          [
            0.019303256645798683,
            0.9782017469406128,
            0.20675761997699738,
            0.0
          ],
          [
            -0.02401995286345482,
            -0.20628274977207184,
            0.9781975746154785,
            0.0
          ],
          [
            0.0,
            0.0,
            0.0,
            1.0
          ]
        ],
        "rotation_mode": "QUATERNION"
      },
      "armature_space": {
        "head": {
          "x": 0.6722719669342041,
          "y": 0.06781785935163498,
          "z": 0.5225031971931458
        },
        "tail": {
          "x": 0.6995835900306702,
          "y": 0.06466211378574371,
          "z": 0.5300654768943787
        }
      },
      "world_space": {
        "head": {
          "x": 0.6722719669342041,
          "y": 0.131061851978302,
          "z": 1.4723572731018066
        },
        "tail": {
          "x": 0.6995835900306702,
          "y": 0.12790611386299133,
          "z": 1.47991943359375
        },
        "rotation_quaternion": {
          "w": 0.10814774036407471,
          "x": -0.6764279007911682,
          "y": -0.6580018997192383,
          "z": -0.31270283460617065
        },
        "matrix": [
          [
            -0.06150050461292267,
            0.9578186869621277,
            0.2807152569293976,
            0.6722719669342041
          ],
          [
            0.822545051574707,
            -0.11067209392786026,
            0.5578276515007019,
            0.131061851978302
          ],
          [
            0.5653700232505798,
            0.2652093172073364,
            -0.7810476422309875,
            1.4723572731018066
          ],
          [
            0.0,
            0.0,
            0.0,
            1.0
          ]
        ]
      },
      "bone_length_armature_space": 0.028514409970683413,
      "parent": "metacarpal_index_l",
      "has_children": true,
      "is_end_bone": false
    },
    "index_02_l": {
      "name": "index_02_l",
      "local": {
        "location": {
          "x": 0.0,
          "y": 0.0,
          "z": 0.0
        },
        "rotation_quaternion": {
          "w": 0.9990233182907104,
          "x": 0.04324403405189514,
          "y": 0.006716999690979719,
          "z": -0.006105369888246059
        },
        "scale": {
          "x": 1.0,
          "y": 1.0,
          "z": 1.0
        },
        "matrix_basis": [
          [
            0.999835193157196,
            0.012779753655195236,
            0.012892836704850197,
            0.0
          ],
          [
            -0.011617873795330524,
            0.9961853623390198,
            -0.0864856168627739,
            0.0
          ],
          [
            -0.01394892018288374,
            0.08632157742977142,
            0.9961696863174438,
            0.0
          ],
          [
            0.0,
            0.0,
            0.0,
            1.0
          ]
        ],
        "rotation_mode": "QUATERNION"
      },
      "armature_space": {
        "head": {
          "x": 0.6995840072631836,
          "y": 0.06466205418109894,
          "z": 0.5300651788711548
        },
        "tail": {
          "x": 0.7244213223457336,
          "y": 0.06338465958833694,
          "z": 0.5363554954528809
        }
      },
      "world_space": {
        "head": {
          "x": 0.6995840072631836,
          "y": 0.12790605425834656,
          "z": 1.479919195175171
        },
        "tail": {
          "x": 0.7244213223457336,
          "y": 0.12662866711616516,
          "z": 1.486209511756897
        },
        "rotation_quaternion": {
          "w": 0.10169203579425812,
          "x": -0.6683967709541321,
          "y": -0.6817349791526794,
          "z": -0.2795385420322418
        },
        "matrix": [
          [
            -0.08580747991800308,
            0.9681919813156128,
            0.23503445088863373,
            0.6995840072631836
          ],
          [
            0.8544865250587463,
            -0.0497945211827755,
            0.5170816779136658,
            0.12790605425834656
          ],
          [
            0.5123423933982849,
            0.2452048659324646,
            -0.8230397701263428,
            1.479919195175171
          ],
          [
            0.0,
            0.0,
            0.0,
            1.0
          ]
        ]
      },
      "bone_length_armature_space": 0.02565330507917351,
      "parent": "index_01_l",
      "has_children": true,
      "is_end_bone": false
    },
    "index_03_l": {
      "name": "index_03_l",
      "local": {
        "location": {
          "x": 0.0,
          "y": 0.0,
          "z": 0.0
        },
        "rotation_quaternion": {
          "w": 0.9999902248382568,
          "x": 0.0033185305073857307,
          "y": -0.0023737987503409386,
          "z": -0.0017040105303749442
        },
        "scale": {
          "x": 1.0,
          "y": 1.0,
          "z": 1.0
        },
        "matrix_basis": [
          [
            0.9999828934669495,
            0.0033922328148037195,
            -0.004758860915899277,
            0.0
          ],
          [
            -0.0034237427171319723,
            0.9999721646308899,
            -0.006628906354308128,
            0.0
          ],
          [
            0.004736241418868303,
            0.006645086221396923,
            0.9999666810035706,
            0.0
          ],
          [
            0.0,
            0.0,
            0.0,
            1.0
          ]
        ],
        "rotation_mode": "QUATERNION"
      },
      "armature_space": {
        "head": {
          "x": 0.7244212031364441,
          "y": 0.06338456273078918,
          "z": 0.5363556146621704
        },
        "tail": {
          "x": 0.752868115901947,
          "y": 0.06572949886322021,
          "z": 0.5426012277603149
        }
      },
      "world_space": {
        "head": {
          "x": 0.7244212031364441,
          "y": 0.1266285628080368,
          "z": 1.4862096309661865
        },
        "tail": {
          "x": 0.752868115901947,
          "y": 0.12897349894046783,
          "z": 1.492455244064331
        },
        "rotation_quaternion": {
          "w": 0.14390259981155396,
          "x": -0.6210670471191406,
          "y": -0.720708429813385,
          "z": -0.27229997515678406
        },
        "matrix": [
          [
            -0.18713447451591492,
            0.9735854268074036,
            0.1308123767375946,
            0.7244212031364441
          ],
          [
            0.8168482780456543,
            0.08025480806827545,
            0.57124263048172,
            0.1266285628080368
          ],
          [
            0.5456600785255432,
            0.21375462412834167,
            -0.8102952837944031,
            1.4862096309661865
          ],
          [
            0.0,
            0.0,
            0.0,
            1.0
          ]
        ]
      },
      "bone_length_armature_space": 0.02921871374335311,
      "parent": "index_02_l",
      "has_children": false,
      "is_end_bone": true
    },
    "metacarpal_pinky_l": {
      "name": "metacarpal_pinky_l",
      "local": {
        "location": {
          "x": 0.0,
          "y": 0.0,
          "z": 0.0
        },
        "rotation_quaternion": {
          "w": 0.9984872341156006,
          "x": -0.05367402359843254,
          "y": 0.011560237966477871,
          "z": 0.0029566374141722918
        },
        "scale": {
          "x": 1.0,
          "y": 1.0,
          "z": 1.0
        },
        "matrix_basis": [
          [
            0.9997152090072632,
            -0.007145298179239035,
            0.022768110036849976,
            0.0
          ],
          [
            0.004663360305130482,
            0.9942207336425781,
            0.1072540134191513,
            0.0
          ],
          [
            -0.02340289019048214,
            -0.10711729526519775,
            0.9939709305763245,
            0.0
          ],
          [
            0.0,
            0.0,
            0.0,
            1.0
          ]
        ],
        "rotation_mode": "QUATERNION"
      },
      "armature_space": {
        "head": {
          "x": 0.5597069263458252,
          "y": 0.09164682030677795,
          "z": 0.544650673866272
        },
        "tail": {
          "x": 0.6572145223617554,
          "y": 0.10492518544197083,
          "z": 0.5786975622177124
        }
      },
      "world_space": {
        "head": {
          "x": 0.5597069263458252,
          "y": 0.15489082038402557,
          "z": 1.494504690170288
        },
        "tail": {
          "x": 0.6572145223617554,
          "y": 0.16816918551921844,
          "z": 1.5285515785217285
        },
        "rotation_quaternion": {
          "w": 0.6397018432617188,
          "x": 0.5119827389717102,
          "y": 0.3931148052215576,
          "z": -0.4172722399234772
        },
        "matrix": [
          [
            0.34268924593925476,
            0.9363955855369568,
            0.07568041980266571,
            0.5597069263458252
          ],
          [
            -0.1313260942697525,
            0.1275162696838379,
            -0.9831039309501648,
            0.15489082038402557
          ],
          [
            -0.9302313923835754,
            0.3269626498222351,
            0.16667179763317108,
            1.494504690170288
          ],
          [
            0.0,
            0.0,
            0.0,
            1.0
          ]
        ]
      },
      "bone_length_armature_space": 0.10413086507676574,
      "parent": "lowerarm_l",
      "has_children": true,
      "is_end_bone": false
    },
    "pinky_01_l": {
      "name": "pinky_01_l",
      "local": {
        "location": {
          "x": 0.0,
          "y": 0.0,
          "z": 0.0
        },
        "rotation_quaternion": {
          "w": 0.9670456647872925,
          "x": 0.25453317165374756,
          "y": 0.0006650686264038086,
          "z": 0.0059309047646820545
        },
        "scale": {
          "x": 1.0,
          "y": 1.0,
          "z": 1.0
        },
        "matrix_basis": [
          [
            0.9999287724494934,
            -0.011132347397506237,
            0.0043055275455117226,
            0.0
          ],
          [
            0.011809475719928741,
            0.8703553676605225,
            -0.492282509803772,
            0.0
          ],
          [
            0.001732920529320836,
            0.49229827523231506,
            0.8704248666763306,
            0.0
          ],
          [
            0.0,
            0.0,
            0.0,
            1.0
          ]
        ],
        "rotation_mode": "QUATERNION"
      },
      "armature_space": {
        "head": {
          "x": 0.6572145223617554,
          "y": 0.10492518544197083,
          "z": 0.5786975622177124
        },
        "tail": {
          "x": 0.6768918037414551,
