{
  "metadata": {
    "armature_name": "KIM_caucasian_male",
    "export_time": "2026-01-13T21:08:27.179128",
    "blender_version": "4.4.1",
    "bone_count": 56,
    "end_bone_count": 13,
    "spaces_included": [
      "LOCAL_CHANNELS",
      "ARMATURE_SPACE",
      "WORLD_SPACE"
    ],
    "note": "LOCAL matches Transform panel; replay pose via local.matrix_basis for best fidelity."
  },
  "bones": {
    "Root": {
      "name": "Root",
      "local": {
        "location": {
          "x": 0.0,
          "y": 0.0,
          "z": 0.0
        },
        "rotation_quaternion": {
          "w": 0.9996565580368042,
          "x": -0.002755921334028244,
          "y": -0.012085492722690105,
          "z": -0.023089749738574028
        },
        "scale": {
          "x": 1.0,
          "y": 1.0,
          "z": 1.0
        },
        "matrix_basis": [
          [
            0.9986416101455688,
            0.0462302528321743,
            -0.024035416543483734,
            0.0
          ],
          [
            -0.04609702527523041,
            0.9989185333251953,
            0.006068051792681217,
            0.0
          ],
          [
            0.024289950728416443,
            -0.004951847717165947,
            0.9996926784515381,
            0.0
          ],
          [
            0.0,
            0.0,
            0.0,
            1.0
          ]
        ],
        "rotation_mode": "QUATERNION"
      },
      "armature_space": {
        "head": {
          "x": 0.0,
          "y": 0.07072800397872925,
          "z": -0.009595036506652832
        },
        "tail": {
          "x": 0.003299724543467164,
          "y": 0.00012400001287460327,
          "z": 0.00033986009657382965
        }
      },
      "world_space": {
        "head": {
          "x": 0.0,
          "y": 0.13397200405597687,
          "z": 0.9402589797973633
        },
        "tail": {
          "x": 0.003299724543467164,
          "y": 0.06336800009012222,
          "z": 0.9501938819885254
        },
        "rotation_quaternion": {
          "w": 0.07009418308734894,
          "x": 0.9971998929977417,
          "y": 0.02222312055528164,
          "z": -0.013613546267151833
        },
        "matrix": [
          [
            0.9986416101455688,
            0.0462302528321743,
            -0.024035416543483734,
            0.0
          ],
          [
            0.042413320392370224,
            -0.9891858696937561,
            -0.14040136337280273,
            0.13397200405597687
          ],
          [
            -0.030266456305980682,
            0.13919125497341156,
            -0.9898099303245544,
            0.9402589797973633
          ],
          [
            0.0,
            0.0,
            0.0,
            1.0
          ]
        ]
      },
      "bone_length_armature_space": 0.07137587725324712,
      "parent": null,
      "has_children": true,
      "is_end_bone": false
    },
    "spine_01": {
      "name": "spine_01",
      "local": {
        "location": {
          "x": 0.0,
          "y": 0.0,
          "z": 0.0
        },
        "rotation_quaternion": {
          "w": 0.9995216131210327,
          "x": -0.007856756448745728,
          "y": -0.02335752174258232,
          "z": 0.018688522279262543
        },
        "scale": {
          "x": 1.0,
          "y": 1.0,
          "z": 1.0
        },
        "matrix_basis": [
          [
            0.9982103109359741,
            -0.036992136389017105,
            -0.046986356377601624,
            0.0
          ],
          [
            0.03772619366645813,
            0.9991779923439026,
            0.014832960441708565,
            0.0
          ],
          [
            0.046399034559726715,
            -0.016579030081629753,
            0.9987853765487671,
            0.0
          ],
          [
            0.0,
            0.0,
            0.0,
            1.0
          ]
        ],
        "rotation_mode": "QUATERNION"
      },
      "armature_space": {
        "head": {
          "x": 0.003299724543467164,
          "y": 0.00012400001287460327,
          "z": 0.00033986009657382965
        },
        "tail": {
          "x": -0.0014262136537581682,
          "y": 0.03319486603140831,
          "z": 0.4871997535228729
        }
      },
      "world_space": {
        "head": {
          "x": 0.003299724543467164,
          "y": 0.06336800009012222,
          "z": 0.9501938819885254
        },
        "tail": {
          "x": -0.0014262136537581682,
          "y": 0.09643886983394623,
          "z": 1.4370537996292114
        },
        "rotation_quaternion": {
          "w": 0.7306610941886902,
          "x": 0.6827219724655151,
          "y": -0.0042645130306482315,
          "z": 0.002642348175868392
        },
        "matrix": [
          [
            0.9999496340751648,
            -0.009684274904429913,
            -0.0026237815618515015,
            0.003299724543467164
          ],
          [
            -0.0019615627825260162,
            0.06776800006628036,
            -0.9976992607116699,
            0.06336800009012222
          ],
          [
            0.009839871898293495,
            0.9976611733436584,
            0.067745141685009,
            0.9501938819885254
          ],
          [
            0.0,
            0.0,
            0.0,
            1.0
          ]
        ]
      },
      "bone_length_armature_space": 0.48800467643246515,
      "parent": "Root",
      "has_children": true,
      "is_end_bone": false
    },
    "neck_01": {
      "name": "neck_01",
      "local": {
        "location": {
          "x": 0.0,
          "y": 0.0,
          "z": 0.0
        },
        "rotation_quaternion": {
          "w": 0.9938356876373291,
          "x": -0.02880273386836052,
          "y": -0.03602232411503792,
          "z": -0.10081475228071213
        },
        "scale": {
          "x": 1.0,
          "y": 1.0,
          "z": 1.0
        },
        "matrix_basis": [
          [
            0.9770775437355042,
            0.20246167480945587,
            -0.06579305976629257,
            0.0
          ],
          [
            -0.19831150770187378,
            0.9780135750770569,
            0.06451353430747986,
            0.0
          ],
          [
            0.07740802317857742,
            -0.04998720809817314,
            0.9957455992698669,
            0.0
          ],
          [
            0.0,
            0.0,
            0.0,
            1.0
          ]
        ],
        "rotation_mode": "QUATERNION"
      },
      "armature_space": {
        "head": {
          "x": -0.002226275159046054,
          "y": 0.003556087613105774,
          "z": 0.5625963807106018
        },
        "tail": {
          "x": 0.017533693462610245,
          "y": -0.023375920951366425,
          "z": 0.6595239639282227
        }
      },
      "world_space": {
        "head": {
          "x": -0.002226275159046054,
          "y": 0.0668000876903534,
          "z": 1.5124504566192627
        },
        "tail": {
          "x": 0.017533693462610245,
          "y": 0.039868079125881195,
          "z": 1.6093779802322388
        },
        "rotation_quaternion": {
          "w": 0.6045328974723816,
          "x": 0.7899510264396667,
          "y": 0.05649333447217941,
          "z": -0.08559170365333557
        },
        "matrix": [
          [
            0.978965163230896,
            0.1927400529384613,
            -0.06692123413085938,
            -0.002226275159046054
          ],
          [
            -0.014231029897928238,
            -0.26269662380218506,
            -0.9647737741470337,
            0.0668000876903534
          ],
          [
            -0.2035319209098816,
            0.9454384446144104,
            -0.2544306516647339,
            1.5124504566192627
          ],
          [
            0.0,
            0.0,
            0.0,
            1.0
          ]
        ]
      },
      "bone_length_armature_space": 0.102521930268117,
      "parent": "spine_01",
      "has_children": true,
      "is_end_bone": false
    },
    "head": {
      "name": "head",
      "local": {
        "location": {
          "x": 0.0,
          "y": 0.0,
          "z": 0.0
        },
        "rotation_quaternion": {
          "w": 0.995904803276062,
          "x": 0.007258155848830938,
          "y": 0.09002414345741272,
          "z": -0.004096141550689936
        },
        "scale": {
          "x": 1.0,
          "y": 1.0,
          "z": 1.0
        },
        "matrix_basis": [
          [
            0.983757734298706,
            0.009465552866458893,
            0.17925149202346802,
            0.0
          ],
          [
            -0.0068519157357513905,
            0.9998610615730286,
            -0.015194367617368698,
            0.0
          ],
          [
            -0.17937041819095612,
            0.013719361275434494,
            0.9836859703063965,
            0.0
          ],
          [
            0.0,
            0.0,
            0.0,
            1.0
          ]
        ],
        "rotation_mode": "QUATERNION"
      },
      "armature_space": {
        "head": {
          "x": 0.017533667385578156,
          "y": -0.02337605319917202,
          "z": 0.6595238447189331
        },
        "tail": {
          "x": 0.05050266161561012,
          "y": -0.009414147585630417,
          "z": 0.810425877571106
        }
      },
      "world_space": {
        "head": {
          "x": 0.017533667385578156,
          "y": 0.03986794501543045,
          "z": 1.6093778610229492
        },
        "tail": {
          "x": 0.05050266161561012,
          "y": 0.0538298524916172,
          "z": 1.760279893875122
        },
        "rotation_quaternion": {
          "w": 0.7251550555229187,
          "x": 0.6742917895317078,
          "y": 0.13842670619487762,
          "z": -0.017857931554317474
        },
        "matrix": [
          [
            0.9610385298728943,
            0.21257945895195007,
            0.17667748034000397,
            0.017533667385578156
          ],
          [
            0.1607789844274521,
            0.09002441167831421,
            -0.9828764796257019,
            0.03986794501543045
          ],
          [
            -0.2248459905385971,
            0.9729949831962585,
            0.052337996661663055,
            1.6093778610229492
          ],
          [
            0.0,
            0.0,
            0.0,
            1.0
          ]
        ]
      },
      "bone_length_armature_space": 0.15509130568801083,
      "parent": "neck_01",
      "has_children": false,
      "is_end_bone": true
    },
    "upperarm_l": {
      "name": "upperarm_l",
      "local": {
        "location": {
          "x": 0.0,
          "y": 0.0,
          "z": 0.0
        },
        "rotation_quaternion": {
          "w": 0.9770945906639099,
          "x": -0.178701713681221,
          "y": -0.07099762558937073,
          "z": -0.09116630256175995
        },
        "scale": {
          "x": 1.0,
          "y": 1.0,
          "z": 1.0
        },
        "matrix_basis": [
          [
            0.9732961058616638,
            0.20353099703788757,
            -0.10615964233875275,
            0.0
          ],
          [
            -0.1527814120054245,
            0.9195088148117065,
            0.36216214299201965,
            0.0
          ],
          [
            0.1713259369134903,
            -0.3362717628479004,
            0.926050066947937,
            0.0
          ],
          [
            0.0,
            0.0,
            0.0,
            1.0
          ]
        ],
        "rotation_mode": "QUATERNION"
      },
      "armature_space": {
        "head": {
          "x": 0.1484086662530899,
          "y": -0.004474475979804993,
          "z": 0.4972378611564636
        },
        "tail": {
          "x": 0.39064598083496094,
          "y": 0.09187759459018707,
          "z": 0.43522965908050537
        }
      },
      "world_space": {
        "head": {
          "x": 0.1484086662530899,
          "y": 0.05876952409744263,
          "z": 1.447091817855835
        },
        "tail": {
          "x": 0.39064598083496094,
          "y": 0.1551215946674347,
          "z": 1.3850836753845215
        },
        "rotation_quaternion": {
          "w": 0.5790427327156067,
          "x": 0.2916986346244812,
          "y": 0.5869346857070923,
          "z": -0.48490118980407715
        },
        "matrix": [
          [
            -0.1592436283826828,
            0.9039737582206726,
            0.39682865142822266,
            0.1484086662530899
          ],
          [
            -0.21914070844650269,
            0.3595636785030365,
            -0.907023549079895,
            0.05876952409744263
          ],
          [
            -0.9626174569129944,
            -0.2314002960920334,
            0.1408393532037735,
            1.447091817855835
          ],
          [
            0.0,
            0.0,
            0.0,
            1.0
          ]
        ]
      },
      "bone_length_armature_space": 0.26796950610904957,
      "parent": "spine_01",
      "has_children": true,
      "is_end_bone": false
    },
    "lowerarm_l": {
      "name": "lowerarm_l",
      "local": {
        "location": {
          "x": 0.0,
          "y": 0.0,
          "z": 0.0
        },
        "rotation_quaternion": {
          "w": 0.9880156517028809,
          "x": -0.011323224753141403,
          "y": 0.09549829363822937,
          "z": -0.12073545902967453
        },
        "scale": {
          "x": 1.0,
          "y": 1.0,
          "z": 1.0
        },
        "matrix_basis": [
          [
            0.9526060223579407,
            0.2364143431186676,
            0.1914418488740921,
            0.0
          ],
          [
            -0.24073974788188934,
            0.9705894589424133,
            -0.0006850140634924173,
            0.0
          ],
          [
            -0.1859733909368515,
            -0.0454351082444191,
            0.9815037250518799,
            0.0
          ],
          [
            0.0,
            0.0,
            0.0,
            1.0
          ]
        ],
        "rotation_mode": "QUATERNION"
      },
      "armature_space": {
        "head": {
          "x": 0.3906461000442505,
          "y": 0.09187761694192886,
          "z": 0.43522974848747253
        },
        "tail": {
          "x": 0.6311533451080322,
          "y": 0.1515081375837326,
          "z": 0.3343837261199951
        }
      },
      "world_space": {
        "head": {
          "x": 0.3906461000442505,
          "y": 0.15512162446975708,
          "z": 1.385083794593811
        },
        "tail": {
          "x": 0.6311533451080322,
          "y": 0.21475213766098022,
          "z": 1.2842377424240112
        },
        "rotation_quaternion": {
          "w": 0.500337541103363,
          "x": 0.2875398099422455,
          "y": 0.600925624370575,
          "z": -0.553056538105011
        },
        "matrix": [
          [
            -0.3339654207229614,
            0.8990103602409363,
            0.28327974677085876,
            0.3906461000442505
          ],
          [
            -0.2078528106212616,
            0.2228974550962448,
            -0.9524254202842712,
            0.15512162446975708
          ],
          [
            -0.9193893074989319,
            -0.37696003913879395,
            0.11242169141769409,
            1.385083794593811
          ],
          [
            0.0,
            0.0,
            0.0,
            1.0
          ]
        ]
      },
      "bone_length_armature_space": 0.2675246773543924,
      "parent": "upperarm_l",
      "has_children": true,
      "is_end_bone": false
    },
    "metacarpal_thumb_l": {
      "name": "metacarpal_thumb_l",
      "local": {
        "location": {
          "x": 0.0,
          "y": 0.0,
          "z": 0.0
        },
        "rotation_quaternion": {
          "w": 0.9996416568756104,
          "x": -0.022341284900903702,
          "y": 0.0014724871143698692,
          "z": -0.014675998128950596
        },
        "scale": {
          "x": 1.0,
          "y": 1.0,
          "z": 1.0
        },
        "matrix_basis": [
          [
            0.9995648860931396,
            0.0292756836861372,
            0.0035996802616864443,
            0.0
          ],
          [
            -0.02940727211534977,
            0.99857097864151,
            0.04462333768606186,
            0.0
          ],
          [
            -0.0022881575860083103,
            -0.04470977932214737,
            0.9989973902702332,
            0.0
          ],
          [
            0.0,
            0.0,
            0.0,
            1.0
          ]
        ],
        "rotation_mode": "QUATERNION"
      },
      "armature_space": {
        "head": {
          "x": 0.6311533451080322,
          "y": 0.1515081375837326,
          "z": 0.3343837261199951
        },
        "tail": {
          "x": 0.6729518175125122,
          "y": 0.13233864307403564,
          "z": 0.3159715235233307
        }
      },
      "world_space": {
        "head": {
          "x": 0.6311533451080322,
          "y": 0.21475213766098022,
          "z": 1.2842377424240112
        },
        "tail": {
          "x": 0.6729518175125122,
          "y": 0.19558264315128326,
          "z": 1.2658255100250244
        },
        "rotation_quaternion": {
          "w": 0.05072237551212311,
          "x": -0.7896552681922913,
          "y": -0.5512958765029907,
          "z": 0.2644703984260559
        },
        "matrix": [
          [
            0.25225505232810974,
            0.8438390493392944,
            -0.47360605001449585,
            0.6311533451080322
          ],
          [
            0.8974964618682861,
            -0.3869993984699249,
            -0.21149900555610657,
            0.21475213766098022
          ],
          [
            -0.3617580831050873,
            -0.3717109262943268,
            -0.8549714684486389,
            1.2842377424240112
          ],
          [
            0.0,
            0.0,
            0.0,
            1.0
          ]
        ]
      },
      "bone_length_armature_space": 0.04953373603089281,
      "parent": "lowerarm_l",
      "has_children": true,
      "is_end_bone": false
    },
    "thumb_01_l": {
      "name": "thumb_01_l",
      "local": {
        "location": {
          "x": 0.0,
          "y": 0.0,
          "z": 0.0
        },
        "rotation_quaternion": {
          "w": 0.9667669534683228,
          "x": 0.25520944595336914,
          "y": -0.00936286710202694,
          "z": -0.011930307373404503
        },
        "scale": {
          "x": 1.0,
          "y": 1.0,
          "z": 1.0
        },
        "matrix_basis": [
          [
            0.9995400309562683,
            0.018288670107722282,
            -0.024192875251173973,
            0.0
          ],
          [
            -0.02784663811326027,
            0.869451642036438,
            -0.49323272705078125,
            0.0
          ],
          [
            0.012013967148959637,
            0.4936795234680176,
            0.869560956954956,
            0.0
          ],
          [
            0.0,
            0.0,
            0.0,
            1.0
          ]
        ],
        "rotation_mode": "QUATERNION"
      },
      "armature_space": {
        "head": {
          "x": 0.6729518175125122,
          "y": 0.13233864307403564,
          "z": 0.3159715235233307
        },
        "tail": {
          "x": 0.6834261417388916,
          "y": 0.13094332814216614,
          "z": 0.2836144268512726
        }
      },
      "world_space": {
        "head": {
          "x": 0.6729518175125122,
          "y": 0.19558264315128326,
          "z": 1.2658255100250244
        },
        "tail": {
          "x": 0.6834261417388916,
          "y": 0.19418732821941376,
          "z": 1.2334684133529663
        },
        "rotation_quaternion": {
          "w": 0.689487874507904,
          "x": -0.7040109038352966,
          "y": -0.06411460787057877,
          "z": -0.15768516063690186
        },
        "matrix": [
          [
            0.9420489072799683,
            0.3077187240123749,
            0.13361375033855438,
            0.6729518175125122
          ],
          [
            -0.12717129290103912,
            -0.04099205136299133,
            0.9910335540771484,
            0.19558264315128326
          ],
          [
            0.310438871383667,
            -0.9506007432937622,
            0.0005174577236175537,
            1.2658255100250244
          ],
          [
            0.0,
            0.0,
            0.0,
            1.0
          ]
        ]
      },
      "bone_length_armature_space": 0.03403880185450251,
      "parent": "metacarpal_thumb_l",
      "has_children": true,
      "is_end_bone": false
    },
    "thumb_02_l": {
      "name": "thumb_02_l",
      "local": {
        "location": {
          "x": 0.0,
          "y": 0.0,
          "z": 0.0
        },
        "rotation_quaternion": {
          "w": 0.8869755268096924,
          "x": 0.46171626448631287,
          "y": 0.005759198684245348,
          "z": 0.007715384475886822
        },
        "scale": {
          "x": 1.0,
          "y": 1.0,
          "z": 1.0
        },
        "matrix_basis": [
          [
            0.9998146295547485,
            -0.008368482813239098,
            0.01734117418527603,
            0.0
          ],
          [
            0.01900494657456875,
            0.5735171437263489,
            -0.818973183631897,
            0.0
          ],
          [
            -0.0030918996781110764,
            0.8191509246826172,
            0.5735698342323303,
            0.0
          ],
          [
            0.0,
            0.0,
            0.0,
            1.0
          ]
        ],
        "rotation_mode": "QUATERNION"
      },
      "armature_space": {
        "head": {
          "x": 0.6834260821342468,
          "y": 0.13094329833984375,
          "z": 0.2836144268512726
        },
        "tail": {
          "x": 0.7037548422813416,
          "y": 0.15632465481758118,
          "z": 0.3071880638599396
        }
      },
      "world_space": {
        "head": {
          "x": 0.6834260821342468,
          "y": 0.19418729841709137,
          "z": 1.2334684133529663
        },
        "tail": {
          "x": 0.7037548422813416,
          "y": 0.2195686548948288,
          "z": 1.2570420503616333
        },
        "rotation_quaternion": {
          "w": 0.8598183989524841,
          "x": 0.22334985435009003,
          "y": -0.2769123911857605,
          "z": -0.36626049876213074
        },
        "matrix": [
          [
            0.578344464302063,
            0.50613933801651,
            -0.6397972106933594,
            0.6834260821342468
          ],
          [
            -0.7535322904586792,
            0.6319364309310913,
            -0.1812347173690796,
            0.19418729841709137
          ],
          [
            0.3125826120376587,
            0.5869287252426147,
            0.746874213218689,
            1.2334684133529663
          ],
          [
            0.0,
            0.0,
            0.0,
            1.0
          ]
        ]
      },
      "bone_length_armature_space": 0.04016451256163536,
      "parent": "thumb_01_l",
      "has_children": true,
      "is_end_bone": false
    },
    "thumb_03_l": {
      "name": "thumb_03_l",
      "local": {
        "location": {
          "x": 0.0,
          "y": 0.0,
          "z": 0.0
        },
        "rotation_quaternion": {
          "w": 0.9855613708496094,
          "x": 0.16928981244564056,
          "y": 0.0009780231630429626,
          "z": 0.0029830513522028923
        },
        "scale": {
          "x": 1.0,
          "y": 1.0,
          "z": 1.0
        },
        "matrix_basis": [
          [
            0.9999802708625793,
            -0.00554882176220417,
            0.0029378042090684175,
            0.0
          ],
          [
            0.006211099214851856,
            0.9426641464233398,
            -0.33368515968322754,
            0.0
          ],
          [
            -0.0009178032632917166,
            0.3336968421936035,
            0.9426800012588501,
            0.0
          ],
          [
            0.0,
            0.0,
            0.0,
            1.0
          ]
        ],
        "rotation_mode": "QUATERNION"
      },
      "armature_space": {
        "head": {
          "x": 0.7037549614906311,
          "y": 0.1563245952129364,
          "z": 0.3071880042552948
        },
        "tail": {
          "x": 0.7051666975021362,
          "y": 0.16984497010707855,
          "z": 0.33442968130111694
        }
      },
      "world_space": {
        "head": {
          "x": 0.7037549614906311,
          "y": 0.21956859529018402,
          "z": 1.2570420503616333
        },
        "tail": {
          "x": 0.7051666975021362,
          "y": 0.23308897018432617,
          "z": 1.2842836380004883
        },
        "rotation_quaternion": {
          "w": 0.8244646191596985,
          "x": 0.504245400428772,
          "y": -0.20568086206912994,
          "z": -0.15391603112220764
        },
        "matrix": [
          [
            0.8680104613304138,
            0.04636980593204498,
            -0.49437591433525085,
            0.7037549614906311
          ],
          [
            -0.46122390031814575,
            0.44409358501434326,
            -0.7681498527526855,
            0.21956859529018402
          ],
          [
            0.18393108248710632,
            0.8947867155075073,
            0.40686678886413574,
            1.2570420503616333
          ],
          [
            0.0,
            0.0,
            0.0,
            1.0
          ]
        ]
      },
      "bone_length_armature_space": 0.030445073499598487,
      "parent": "thumb_02_l",
      "has_children": false,
      "is_end_bone": true
    },
    "metacarpal_index_l": {
      "name": "metacarpal_index_l",
      "local": {
        "location": {
          "x": 0.0,
          "y": 0.0,
          "z": 0.0
        },
        "rotation_quaternion": {
          "w": 0.9979687929153442,
          "x": -0.05995657294988632,
          "y": 0.01890137791633606,
          "z": -0.010315246880054474
        },
        "scale": {
          "x": 1.0,
          "y": 1.0,
          "z": 1.0
        },
        "matrix_basis": [
          [
            0.9990726709365845,
            0.018322065472602844,
            0.03896290436387062,
            0.0
          ],
          [
            -0.022855112329125404,
            0.9925976395606995,
            0.11927963048219681,
            0.0
          ],
          [
            -0.036489035934209824,
            -0.12005952000617981,
            0.9920958876609802,
            0.0
          ],
          [
            0.0,
            0.0,
            0.0,
            1.0
          ]
        ],
        "rotation_mode": "QUATERNION"
      },
      "armature_space": {
        "head": {
          "x": 0.6311533451080322,
          "y": 0.1515081375837326,
          "z": 0.3343837261199951
        },
        "tail": {
          "x": 0.7425978779792786,
          "y": 0.15292467176914215,
          "z": 0.2982264459133148
        }
      },
      "world_space": {
        "head": {
          "x": 0.6311533451080322,
          "y": 0.21475213766098022,
          "z": 1.2842377424240112
        },
        "tail": {
          "x": 0.7425978779792786,
          "y": 0.21616867184638977,
          "z": 1.2480804920196533
        },
        "rotation_quaternion": {
          "w": 0.1695755273103714,
          "x": 0.5975402593612671,
          "y": 0.6908620595932007,
          "z": -0.3699994385242462
        },
        "matrix": [
          [
            -0.22837790846824646,
            0.9511210918426514,
            -0.2078753113746643,
            0.6311533451080322
          ],
          [
            0.700151264667511,
            0.012089334428310394,
            -0.7138923406600952,
            0.21475213766098022
          ],
          [
            -0.6764890551567078,
            -0.3085835576057434,
            -0.6686949729919434,
            1.2842377424240112
          ],
          [
            0.0,
            0.0,
            0.0,
            1.0
          ]
        ]
      },
      "bone_length_armature_space": 0.11717183798043622,
      "parent": "lowerarm_l",
      "has_children": true,
      "is_end_bone": false
    },
    "index_01_l": {
      "name": "index_01_l",
      "local": {
        "location": {
          "x": 0.0,
          "y": 0.0,
          "z": 0.0
        },
        "rotation_quaternion": {
          "w": 0.9523019790649414,
          "x": 0.30462417006492615,
          "y": -0.01789732277393341,
          "z": -0.002173766028136015
        },
        "scale": {
          "x": 1.0,
          "y": 1.0,
          "z": 1.0
        },
        "matrix_basis": [
          [
            0.9993498921394348,
            -0.006763750687241554,
            -0.03541167452931404,
            0.0
          ],
          [
            -0.015044077299535275,
            0.8143987655639648,
            -0.5801106095314026,
            0.0
          ],
          [
            0.03276294842362404,
            0.5802662372589111,
            0.8137676119804382,
            0.0
          ],
          [
            0.0,
            0.0,
            0.0,
            1.0
          ]
        ],
        "rotation_mode": "QUATERNION"
      },
      "armature_space": {
        "head": {
          "x": 0.7425978779792786,
          "y": 0.15292467176914215,
          "z": 0.2982264459133148
        },
        "tail": {
          "x": 0.7603352069854736,
          "y": 0.14982827007770538,
          "z": 0.27611592411994934
        }
      },
      "world_space": {
        "head": {
          "x": 0.7425978779792786,
          "y": 0.21616867184638977,
          "z": 1.2480804920196533
        },
        "tail": {
          "x": 0.7603352069854736,
          "y": 0.213072270154953,
          "z": 1.225969910621643
        },
        "rotation_quaternion": {
          "w": 0.004349324386566877,
          "x": -0.4696497619152069,
          "y": -0.6675975322723389,
          "z": 0.577688455581665
        },
        "matrix": [
          [
            -0.5588176846504211,
            0.6220488548278809,
            -0.5484321713447571,
            0.7425978779792786
          ],
          [
            0.6321017146110535,
            -0.10859102010726929,
            -0.767238974571228,
            0.21616867184638977
          ],
          [
            -0.5368180871009827,
            -0.7754172086715698,
            -0.33251863718032837,
            1.2480804920196533
          ],
          [
            0.0,
            0.0,
            0.0,
            1.0
          ]
        ]
      },
      "bone_length_armature_space": 0.02851448312399169,
      "parent": "metacarpal_index_l",
      "has_children": true,
      "is_end_bone": false
    },
    "index_02_l": {
      "name": "index_02_l",
      "local": {
        "location": {
          "x": 0.0,
          "y": 0.0,
          "z": 0.0
        },
        "rotation_quaternion": {
          "w": 0.8895807862281799,
          "x": 0.4566931426525116,
          "y": -0.002377465134486556,
          "z": 0.00846839975565672
        },
        "scale": {
          "x": 1.0,
          "y": 1.0,
          "z": 1.0
        },
        "matrix_basis": [
          [
            0.9998452663421631,
            -0.01723819598555565,
            0.0035050255246460438,
            0.0
          ],
          [
            0.01289510726928711,
            0.5827193260192871,
            -0.8125711679458618,
            0.0
          ],
          [
            0.011964814737439156,
            0.8124906420707703,
            0.5828514695167542,
            0.0
          ],
          [
            0.0,
            0.0,
            0.0,
            1.0
          ]
        ],
        "rotation_mode": "QUATERNION"
      },
      "armature_space": {
        "head": {
          "x": 0.760335385799408,
          "y": 0.14982783794403076,
          "z": 0.27611562609672546
        },
        "tail": {
          "x": 0.7597478032112122,
          "y": 0.13175424933433533,
          "z": 0.257919579744339
        }
      },
      "world_space": {
        "head": {
          "x": 0.760335385799408,
          "y": 0.21307183802127838,
          "z": 1.225969672203064
        },
        "tail": {
          "x": 0.7597478032112122,
          "y": 0.19499824941158295,
          "z": 1.2077735662460327
        },
        "rotation_quaternion": {
          "w": 0.17930254340171814,
          "x": -0.40408313274383545,
          "y": -0.33997678756713867,
          "z": 0.8300501108169556
        },
        "matrix": [
          [
            -0.6091353297233582,
            -0.022904038429260254,
            -0.7927354574203491,
            0.760335385799408
          ],
          [
            0.5724177956581116,
            -0.7045336961746216,
            -0.4194883704185486,
            0.21307183802127838
          ],
          [
            -0.5489041209220886,
            -0.7093066573143005,
            0.4422696828842163,
            1.225969672203064
          ],
          [
            0.0,
            0.0,
            0.0,
            1.0
          ]
        ]
      },
      "bone_length_armature_space": 0.025653380953586734,
      "parent": "index_01_l",
      "has_children": true,
      "is_end_bone": false
    },
    "index_03_l": {
      "name": "index_03_l",
      "local": {
        "location": {
          "x": 0.0,
          "y": 0.0,
          "z": 0.0
        },
        "rotation_quaternion": {
          "w": 0.9272144436836243,
          "x": 0.3745192885398865,
          "y": 0.002967203501611948,
          "z": 0.00010121376544702798
        },
        "scale": {
          "x": 1.0,
          "y": 1.0,
          "z": 1.0
        },
        "matrix_basis": [
          [
            0.9999823570251465,
            0.002034856239333749,
            0.00557828089222312,
            0.0
          ],
          [
            0.0024102437309920788,
            0.7194705605506897,
            -0.6945188045501709,
            0.0
          ],
          [
            -0.0054266550578176975,
            0.6945199966430664,
            0.719452977180481,
            0.0
          ],
          [
            0.0,
            0.0,
            0.0,
            1.0
          ]
        ],
        "rotation_mode": "QUATERNION"
      },
      "armature_space": {
        "head": {
          "x": 0.7597479820251465,
          "y": 0.1317542940378189,
          "z": 0.2579195499420166
        },
        "tail": {
          "x": 0.7398444414138794,
          "y": 0.11108914017677307,
          "z": 0.2523938715457916
        }
      },
      "world_space": {
        "head": {
          "x": 0.7597479820251465,
          "y": 0.19499829411506653,
          "z": 1.2077735662460327
        },
        "tail": {
          "x": 0.7398444414138794,
          "y": 0.1743331402540207,
          "z": 1.2022478580474854
        },
        "rotation_quaternion": {
          "w": 0.3821328282356262,
          "x": -0.2900911867618561,
          "y": 0.01857786253094673,
          "z": 0.8771981000900269
        },
        "matrix": [
          [
            -0.5396425724029541,
            -0.6811918616294861,
            -0.4947357475757599,
            0.7597479820251465
          ],
          [
            0.6596338152885437,
            -0.7072582840919495,
            0.2543015480041504,
            0.19499829411506653
          ],
          [
            -0.5231370329856873,
            -0.189114511013031,
            0.8310098648071289,
            1.2077735662460327
          ],
          [
            0.0,
            0.0,
            0.0,
            1.0
          ]
        ]
      },
      "bone_length_armature_space": 0.029218703588125176,
      "parent": "index_02_l",
      "has_children": false,
      "is_end_bone": true
    },
    "metacarpal_pinky_l": {
      "name": "metacarpal_pinky_l",
      "local": {
        "location": {
          "x": 0.0,
          "y": 0.0,
          "z": 0.0
        },
        "rotation_quaternion": {
          "w": 0.9999018907546997,
          "x": -0.007035520859062672,
          "y": -0.0020860920194536448,
          "z": -0.01193441916257143
        },
        "scale": {
          "x": 1.0,
          "y": 1.0,
          "z": 1.0
        },
        "matrix_basis": [
          [
            0.9997064471244812,
            0.023895850405097008,
            -0.004003845155239105,
            0.0
          ],
          [
            -0.023837143555283546,
            0.9996161460876465,
            0.014119453728199005,
            0.0
          ],
          [
            0.004339704290032387,
            -0.014019868336617947,
            0.9998922944068909,
            0.0
          ],
          [
            0.0,
            0.0,
            0.0,
            1.0
          ]
        ],
        "rotation_mode": "QUATERNION"
      },
      "armature_space": {
        "head": {
          "x": 0.6311533451080322,
          "y": 0.1515081375837326,
          "z": 0.3343837261199951
        },
        "tail": {
          "x": 0.71155846118927,
          "y": 0.20148485898971558,
          "z": 0.291018009185791
        }
      },
      "world_space": {
        "head": {
          "x": 0.6311533451080322,
          "y": 0.21475213766098022,
          "z": 1.2842377424240112
        },
        "tail": {
          "x": 0.71155846118927,
          "y": 0.264728844165802,
          "z": 1.2408720254898071
        },
        "rotation_quaternion": {
          "w": 0.8325755000114441,
          "x": -0.12142682820558548,
          "y": 0.21630853414535522,
          "z": -0.49526187777519226
        },
        "matrix": [
          [
            0.41585177183151245,
            0.7721550464630127,
            0.480461984872818,
            0.6311533451080322
          ],
          [
            -0.8772174715995789,
            0.4799419641494751,
            -0.012066138908267021,
            0.21475213766098022
          ],
          [
            -0.2399132400751114,
            -0.41645434498786926,
            0.8769387602806091,
            1.2842377424240112
          ],
          [
            0.0,
            0.0,
            0.0,
            1.0
          ]
        ]
      },
      "bone_length_armature_space": 0.10413088345341787,
      "parent": "lowerarm_l",
      "has_children": true,
      "is_end_bone": false
    },
    "pinky_01_l": {
      "name": "pinky_01_l",
      "local": {
        "location": {
          "x": 0.0,
          "y": 0.0,
          "z": 0.0
        },
        "rotation_quaternion": {
          "w": 0.9256195425987244,
          "x": 0.37806588411331177,
          "y": -0.007294133305549622,
          "z": 0.015543735586106777
        },
        "scale": {
          "x": 1.0,
          "y": 1.0,
          "z": 1.0
        },
        "matrix_basis": [
          [
            0.9994103908538818,
            -0.03429049625992775,
            -0.0017500723479315639,
            0.0
          ],
          [
            0.02325984463095665,
            0.7136491537094116,
            -0.7001171112060547,
            0.0
          ],
          [
            0.02525629661977291,
            0.6996635794639587,
            0.7140259742736816,
            0.0
          ],
          [
            0.0,
            0.0,
            0.0,
            1.0
          ]
        ],
        "rotation_mode": "QUATERNION"
      },
      "armature_space": {
        "head": {
          "x": 0.71155846118927,
          "y": 0.20148485898971558,
          "z": 0.291018009185791
        },
        "tail": {
          "x": 0.7199316024780273,
