{
  "metadata": {
    "armature_name": "KIM_caucasian_male",
    "export_time": "2026-01-13T20:55:30.448307",
    "blender_version": "4.4.1",
    "bone_count": 56,
    "end_bone_count": 13,
    "spaces_included": [
      "LOCAL_CHANNELS",
      "ARMATURE_SPACE",
      "WORLD_SPACE"
    ],
    "note": "LOCAL matches Transform panel; replay pose via local.matrix_basis for best fidelity."
  },
  "bones": {
    "Root": {
      "name": "Root",
      "local": {
        "location": {
          "x": 0.0,
          "y": 0.0,
          "z": 0.0
        },
        "rotation_quaternion": {
          "w": 0.9996848106384277,
          "x": -0.0009161343332380056,
          "y": -0.008961888030171394,
          "z": -0.023436235263943672
        },
        "scale": {
          "x": 1.0,
          "y": 1.0,
          "z": 1.0
        },
        "matrix_basis": [
          [
            0.9987408518791199,
            0.046874117106199265,
            -0.0178751852363348,
            0.0
          ],
          [
            -0.046841274946928024,
            0.9988998174667358,
            0.002251757076010108,
            0.0
          ],
          [
            0.01796106807887554,
            -0.0014116253005340695,
            0.9998376965522766,
            0.0
          ],
          [
            0.0,
            0.0,
            0.0,
            1.0
          ]
        ],
        "rotation_mode": "QUATERNION"
      },
      "armature_space": {
        "head": {
          "x": 0.0,
          "y": 0.07072800397872925,
          "z": -0.009595036506652832
        },
        "tail": {
          "x": 0.0033456808887422085,
          "y": 9.135901927947998e-05,
          "z": 8.928496390581131e-05
        }
      },
      "world_space": {
        "head": {
          "x": 0.0,
          "y": 0.13397200405597687,
          "z": 0.9402589797973633
        },
        "tail": {
          "x": 0.0033456808887422085,
          "y": 0.0633353590965271,
          "z": 0.9499433040618896
        },
        "rotation_quaternion": {
          "w": 0.06826046854257584,
          "x": 0.9973520040512085,
          "y": 0.022779248654842377,
          "z": -0.010520379059016705
        },
        "matrix": [
          [
            0.9987408518791199,
            0.046874117106199265,
            -0.0178751852363348,
            0.0
          ],
          [
            0.04400160163640976,
            -0.9896432161331177,
            -0.13663919270038605,
            0.13397200405597687
          ],
          [
            -0.024095023050904274,
            0.13568061590194702,
            -0.9904666543006897,
            0.9402589797973633
          ],
          [
            0.0,
            0.0,
            0.0,
            1.0
          ]
        ]
      },
      "bone_length_armature_space": 0.07137587274883471,
      "parent": null,
      "has_children": true,
      "is_end_bone": false
    },
    "spine_01": {
      "name": "spine_01",
      "local": {
        "location": {
          "x": 0.0,
          "y": 0.0,
          "z": 0.0
        },
        "rotation_quaternion": {
          "w": 0.9963757991790771,
          "x": 0.07755906134843826,
          "y": 0.013338110409677029,
          "z": 0.0322796106338501
        },
        "scale": {
          "x": 1.0,
          "y": 1.0,
          "z": 1.0
        },
        "matrix_basis": [
          [
            0.9975602626800537,
            -0.062256261706352234,
            0.03158669173717499,
            0.0
          ],
          [
            0.06639422476291656,
            0.9858852624893188,
            -0.15369483828544617,
            0.0
          ],
          [
            -0.02157238870859146,
            0.1554170399904251,
            0.9876133799552917,
            0.0
          ],
          [
            0.0,
            0.0,
            0.0,
            1.0
          ]
        ],
        "rotation_mode": "QUATERNION"
      },
      "armature_space": {
        "head": {
          "x": 0.0033456808887422085,
          "y": 9.135901927947998e-05,
          "z": 8.928496390581131e-05
        },
        "tail": {
          "x": -0.013024630025029182,
          "y": -0.05332494154572487,
          "z": 0.4848852753639221
        }
      },
      "world_space": {
        "head": {
          "x": 0.0033456808887422085,
          "y": 0.0633353590965271,
          "z": 0.9499433040618896
        },
        "tail": {
          "x": -0.013024630025029182,
          "y": 0.00991905853152275,
          "z": 1.434739351272583
        },
        "rotation_quaternion": {
          "w": 0.6671811938285828,
          "x": 0.7438163161277771,
          "y": 0.011807718314230442,
          "z": 0.038303837180137634
        },
        "matrix": [
          [
            0.9967868328094482,
            -0.033545635640621185,
            0.07273754477500916,
            0.0033456808887422085
          ],
          [
            0.06867650151252747,
            -0.10945935547351837,
            -0.9916160702705383,
            0.0633353590965271
          ],
          [
            0.041226547211408615,
            0.9934319257736206,
            -0.1068054586648941,
            0.9499433040618896
          ],
          [
            0.0,
            0.0,
            0.0,
            1.0
          ]
        ]
      },
      "bone_length_armature_space": 0.4880045466200966,
      "parent": "Root",
      "has_children": true,
      "is_end_bone": false
    },
    "neck_01": {
      "name": "neck_01",
      "local": {
        "location": {
          "x": 0.0,
          "y": 0.0,
          "z": 0.0
        },
        "rotation_quaternion": {
          "w": 0.9943863153457642,
          "x": -0.07738856226205826,
          "y": -0.02674167789518833,
          "z": 0.06702114641666412
        },
        "scale": {
          "x": 1.0,
          "y": 1.0,
          "z": 1.0
        },
        "matrix_basis": [
          [
            0.9895861148834229,
            -0.12915082275867462,
            -0.06355645507574081,
            0.0
          ],
          [
            0.13742882013320923,
            0.9790383577346802,
            0.15032373368740082,
            0.0
          ],
          [
            0.042809776961803436,
            -0.1574927717447281,
            0.9865918159484863,
            0.0
          ],
          [
            0.0,
            0.0,
            0.0,
            1.0
          ]
        ],
        "rotation_mode": "QUATERNION"
      },
      "armature_space": {
        "head": {
          "x": -0.012958221137523651,
          "y": -0.09572906792163849,
          "z": 0.5539187788963318
        },
        "tail": {
          "x": -0.02776334434747696,
          "y": -0.13045191764831543,
          "z": 0.649238646030426
        }
      },
      "world_space": {
        "head": {
          "x": -0.012958221137523651,
          "y": -0.03248506784439087,
          "z": 1.5037727355957031
        },
        "tail": {
          "x": -0.02776334434747696,
          "y": -0.06720791757106781,
          "z": 1.599092721939087
        },
        "rotation_quaternion": {
          "w": 0.5723472237586975,
          "x": 0.8167818188667297,
          "y": -0.055442795157432556,
          "z": 0.047035012394189835
        },
        "matrix": [
          [
            0.9894276261329651,
            -0.1444101631641388,
            0.013368852436542511,
            -0.012958221137523651
          ],
          [
            -0.03672932833433151,
            -0.33868902921676636,
            -0.9401815533638,
            -0.03248506784439087
          ],
          [
            0.14030055701732635,
            0.9297564029693604,
            -0.3404155969619751,
            1.5037727355957031
          ],
          [
            0.0,
            0.0,
            0.0,
            1.0
          ]
        ]
      },
      "bone_length_armature_space": 0.10252192338404927,
      "parent": "spine_01",
      "has_children": true,
      "is_end_bone": false
    },
    "head": {
      "name": "head",
      "local": {
        "location": {
          "x": 0.0,
          "y": 0.0,
          "z": 0.0
        },
        "rotation_quaternion": {
          "w": 0.9964304566383362,
          "x": -0.04251880198717117,
          "y": -0.07271607220172882,
          "z": -0.005561821162700653
        },
        "scale": {
          "x": 1.0,
          "y": 1.0,
          "z": 1.0
        },
        "matrix_basis": [
          [
            0.989362895488739,
            0.017267536371946335,
            -0.14444005489349365,
            0.0
          ],
          [
            -0.00490033533424139,
            0.9963224530220032,
            0.08554292470216751,
            0.0
          ],
          [
            0.1453859806060791,
            -0.08392518758773804,
            0.9858090281486511,
            0.0
          ],
          [
            0.0,
            0.0,
            0.0,
            1.0
          ]
        ],
        "rotation_mode": "QUATERNION"
      },
      "armature_space": {
        "head": {
          "x": -0.027763331308960915,
          "y": -0.13045203685760498,
          "z": 0.6492385268211365
        },
        "tail": {
          "x": -0.04620642215013504,
          "y": -0.11383020132780075,
          "z": 0.8023295998573303
        }
      },
      "world_space": {
        "head": {
          "x": -0.027763331308960915,
          "y": -0.06720803678035736,
          "z": 1.5990924835205078
        },
        "tail": {
          "x": -0.04620642215013504,
          "y": -0.05058620125055313,
          "z": 1.7521836757659912
        },
        "rotation_quaternion": {
          "w": 0.7353032231330872,
          "x": 0.6677674055099487,
          "y": -0.11365047097206116,
          "z": -0.022348396480083466
        },
        "matrix": [
          [
            0.9731684923171997,
            -0.11891848593950272,
            -0.19698145985603333,
            -0.027763331308960915
          ],
          [
            -0.18464909493923187,
            0.10717526823282242,
            -0.9769436120986938,
            -0.06720803678035736
          ],
          [
            0.1372889280319214,
            0.987109899520874,
            0.08234099298715591,
            1.5990924835205078
          ],
          [
            0.0,
            0.0,
            0.0,
            1.0
          ]
        ]
      },
      "bone_length_armature_space": 0.15509129264591093,
      "parent": "neck_01",
      "has_children": false,
      "is_end_bone": true
    },
    "upperarm_l": {
      "name": "upperarm_l",
      "local": {
        "location": {
          "x": 0.0,
          "y": 0.0,
          "z": 0.0
        },
        "rotation_quaternion": {
          "w": 0.9293708801269531,
          "x": 0.16327647864818573,
          "y": -0.1036776453256607,
          "z": 0.3144225776195526
        },
        "scale": {
          "x": 1.0,
          "y": 1.0,
          "z": 1.0
        },
        "matrix_basis": [
          [
            0.7807787656784058,
            -0.6182866096496582,
            -0.09003434330224991,
            0.0
          ],
          [
            0.5505741238594055,
            0.7489584684371948,
            -0.3686859905719757,
            0.0
          ],
          [
            0.29538559913635254,
            0.23829162120819092,
            0.9251834750175476,
            0.0
          ],
          [
            0.0,
            0.0,
            0.0,
            1.0
          ]
        ],
        "rotation_mode": "QUATERNION"
      },
      "armature_space": {
        "head": {
          "x": 0.139046311378479,
          "y": -0.08123347163200378,
          "z": 0.49299582839012146
        },
        "tail": {
          "x": 0.3441351652145386,
          "y": -0.14389723539352417,
          "z": 0.653681218624115
        }
      },
      "world_space": {
        "head": {
          "x": 0.139046311378479,
          "y": -0.017989471554756165,
          "z": 1.44284987449646
        },
        "tail": {
          "x": 0.3441351652145386,
          "y": -0.08065323531627655,
          "z": 1.6035351753234863
        },
        "rotation_quaternion": {
          "w": 0.5731197595596313,
          "x": 0.6819997429847717,
          "y": 0.23369044065475464,
          "z": -0.38961392641067505
        },
        "matrix": [
          [
            0.5871802568435669,
            0.7653441429138184,
            -0.26356759667396545,
            0.139046311378479
          ],
          [
            -0.12783467769622803,
            -0.23384669423103333,
            -0.9638331532478333,
            -0.017989471554756165
          ],
          [
            -0.7993040084838867,
            0.5996407270431519,
            -0.039473749697208405,
            1.44284987449646
          ],
          [
            0.0,
            0.0,
            0.0,
            1.0
          ]
        ]
      },
      "bone_length_armature_space": 0.2679701095385304,
      "parent": "spine_01",
      "has_children": true,
      "is_end_bone": false
    },
    "lowerarm_l": {
      "name": "lowerarm_l",
      "local": {
        "location": {
          "x": 0.0,
          "y": 0.0,
          "z": 0.0
        },
        "rotation_quaternion": {
          "w": 0.942571759223938,
          "x": 0.3325729966163635,
          "y": 0.003704192815348506,
          "z": -0.030661877244710922
        },
        "scale": {
          "x": 1.0,
          "y": 1.0,
          "z": 1.0
        },
        "matrix_basis": [
          [
            0.9980922341346741,
            0.06026586890220642,
            -0.013411689549684525,
            0.0
          ],
          [
            -0.055338211357593536,
            0.776910126209259,
            -0.627174973487854,
            0.0
          ],
          [
            -0.02737756073474884,
            0.626720666885376,
            0.778762936592102,
            0.0
          ],
          [
            0.0,
            0.0,
            0.0,
            1.0
          ]
        ],
        "rotation_mode": "QUATERNION"
      },
      "armature_space": {
        "head": {
          "x": 0.3441351056098938,
          "y": -0.14389729499816895,
          "z": 0.6536813378334045
        },
        "tail": {
          "x": 0.42333611845970154,
          "y": -0.36880701780319214,
          "z": 0.7749758362770081
        }
      },
      "world_space": {
        "head": {
          "x": 0.3441351056098938,
          "y": -0.08065329492092133,
          "z": 1.6035354137420654
        },
        "tail": {
          "x": 0.42333611845970154,
          "y": -0.3055630326271057,
          "z": 1.724829912185669
        },
        "rotation_quaternion": {
          "w": 0.28160712122917175,
          "x": 0.8360151648521423,
          "y": 0.018554186448454857,
          "z": -0.47056543827056885
        },
        "matrix": [
          [
            0.5564484000205994,
            0.2960514426231384,
            -0.776349663734436,
            0.3441351056098938
          ],
          [
            -0.23400582373142242,
            -0.840707004070282,
            -0.48831695318222046,
            -0.08065329492092133
          ],
          [
            -0.7972550988197327,
            0.45339587330818176,
            -0.3985354006290436,
            1.6035354137420654
          ],
          [
            0.0,
            0.0,
            0.0,
            1.0
          ]
        ]
      },
      "bone_length_armature_space": 0.2675248374922385,
      "parent": "upperarm_l",
      "has_children": true,
      "is_end_bone": false
    },
    "metacarpal_thumb_l": {
      "name": "metacarpal_thumb_l",
      "local": {
        "location": {
          "x": 0.0,
          "y": 0.0,
          "z": 0.0
        },
        "rotation_quaternion": {
          "w": 0.9997113943099976,
          "x": -0.021662024781107903,
          "y": 0.003869308391585946,
          "z": 0.0096389539539814
        },
        "scale": {
          "x": 1.0,
          "y": 1.0,
          "z": 1.0
        },
        "matrix_basis": [
          [
            0.9997842311859131,
            -0.019439978525042534,
            0.007318784948438406,
            0.0
          ],
          [
            0.01910470984876156,
            0.9988756775856018,
            0.04338613897562027,
            0.0
          ],
          [
            -0.008153981529176235,
            -0.043236952275037766,
            0.9990315437316895,
            0.0
          ],
          [
            0.0,
            0.0,
            0.0,
            1.0
          ]
        ],
        "rotation_mode": "QUATERNION"
      },
      "armature_space": {
        "head": {
          "x": 0.42333611845970154,
          "y": -0.36880701780319214,
          "z": 0.7749758362770081
        },
        "tail": {
          "x": 0.4153726100921631,
          "y": -0.4176959991455078,
          "z": 0.7751631140708923
        }
      },
      "world_space": {
        "head": {
          "x": 0.42333611845970154,
          "y": -0.3055630326271057,
          "z": 1.724829912185669
        },
        "tail": {
          "x": 0.4153726100921631,
          "y": -0.3544520139694214,
          "z": 1.7250170707702637
        },
        "rotation_quaternion": {
          "w": 0.024430105462670326,
          "x": 0.9567704796791077,
          "y": -0.07688164710998535,
          "z": 0.2794330418109894
        },
        "matrix": [
          [
            0.8320127725601196,
            -0.16076962649822235,
            0.5309500098228455,
            0.42333611845970154
          ],
          [
            -0.13346296548843384,
            -0.9869847893714905,
            -0.08971521258354187,
            -0.3055630326271057
          ],
          [
            0.5384666919708252,
            0.0037812255322933197,
            -0.842646598815918,
            1.724829912185669
          ],
          [
            0.0,
            0.0,
            0.0,
            1.0
          ]
        ]
      },
      "bone_length_armature_space": 0.04953367598211566,
      "parent": "lowerarm_l",
      "has_children": true,
      "is_end_bone": false
    },
    "thumb_01_l": {
      "name": "thumb_01_l",
      "local": {
        "location": {
          "x": 0.0,
          "y": 0.0,
          "z": 0.0
        },
        "rotation_quaternion": {
          "w": 0.9998048543930054,
          "x": 0.012194582261145115,
          "y": -0.008240921422839165,
          "z": 0.013184105977416039
        },
        "scale": {
          "x": 1.0,
          "y": 1.0,
          "z": 1.0
        },
        "matrix_basis": [
          [
            0.9995165467262268,
            -0.026564056053757668,
            -0.016157077625393867,
            0.0
          ],
          [
            0.026162076741456985,
            0.9993549585342407,
            -0.024601703509688377,
            0.0
          ],
          [
            0.016800176352262497,
            0.024167107418179512,
            0.9995667338371277,
            0.0
          ],
          [
            0.0,
            0.0,
            0.0,
            1.0
          ]
        ],
        "rotation_mode": "QUATERNION"
      },
      "armature_space": {
        "head": {
          "x": 0.4153726100921631,
          "y": -0.4176959991455078,
          "z": 0.7751631140708923
        },
        "tail": {
          "x": 0.4228631854057312,
          "y": -0.44114363193511963,
          "z": 0.7516528367996216
        }
      },
      "world_space": {
        "head": {
          "x": 0.4153726100921631,
          "y": -0.3544520139694214,
          "z": 1.7250170707702637
        },
        "tail": {
          "x": 0.4228631854057312,
          "y": -0.3778996467590332,
          "z": 1.7015068531036377
        },
        "rotation_quaternion": {
          "w": 0.28397566080093384,
          "x": -0.43677818775177,
          "y": 0.27373427152633667,
          "z": -0.808487594127655
        },
        "matrix": [
          [
            -0.4571651220321655,
            0.2200612872838974,
            0.8617268204689026,
            0.4153726100921631
          ],
          [
            -0.6983042359352112,
            -0.6888551115989685,
            -0.19455133378505707,
            -0.3544520139694214
          ],
          [
            0.5507948398590088,
            -0.6906948685646057,
            0.4685933589935303,
            1.7250170707702637
          ],
          [
            0.0,
            0.0,
            0.0,
            1.0
          ]
        ]
      },
      "bone_length_armature_space": 0.03403870375092322,
      "parent": "metacarpal_thumb_l",
      "has_children": true,
      "is_end_bone": false
    },
    "thumb_02_l": {
      "name": "thumb_02_l",
      "local": {
        "location": {
          "x": 0.0,
          "y": 0.0,
          "z": 0.0
        },
        "rotation_quaternion": {
          "w": 0.9872257709503174,
          "x": 0.15897288918495178,
          "y": -0.007720761466771364,
          "z": -0.007300062570720911
        },
        "scale": {
          "x": 1.0,
          "y": 1.0,
          "z": 1.0
        },
        "matrix_basis": [
          [
            0.9997742176055908,
            0.011958836577832699,
            -0.017565293237566948,
            0.0
          ],
          [
            -0.016868403181433678,
            0.9493486881256104,
            -0.3137715458869934,
            0.0
          ],
          [
            0.012923245318233967,
            0.3139970004558563,
            0.9493359923362732,
            0.0
          ],
          [
            0.0,
            0.0,
            0.0,
            1.0
          ]
        ],
        "rotation_mode": "QUATERNION"
      },
      "armature_space": {
        "head": {
          "x": 0.4228631556034088,
          "y": -0.44114360213279724,
          "z": 0.7516528367996216
        },
        "tail": {
          "x": 0.43588927388191223,
          "y": -0.4713064432144165,
          "z": 0.7747550010681152
        }
      },
      "world_space": {
        "head": {
          "x": 0.4228631556034088,
          "y": -0.3778995871543884,
          "z": 1.7015068531036377
        },
        "tail": {
          "x": 0.43588927388191223,
          "y": -0.4080624580383301,
          "z": 1.7246090173721313
        },
        "rotation_quaternion": {
          "w": 0.16336217522621155,
          "x": -0.030004004016518593,
          "y": -0.31276267766952515,
          "z": -0.9351962804794312
        },
        "matrix": [
          [
            -0.9448250532150269,
            0.32431986927986145,
            -0.04606861621141434,
            0.4228631556034088
          ],
          [
            -0.2867836356163025,
            -0.7509844303131104,
            0.594792366027832,
            -0.3778995871543884
          ],
          [
            0.15830694139003754,
            0.5751898288726807,
            0.8025643825531006,
            1.7015068531036377
          ],
          [
            0.0,
            0.0,
            0.0,
            1.0
          ]
        ]
      },
      "bone_length_armature_space": 0.040164495895474196,
      "parent": "thumb_01_l",
      "has_children": true,
      "is_end_bone": false
    },
    "thumb_03_l": {
      "name": "thumb_03_l",
      "local": {
        "location": {
          "x": 0.0,
          "y": 0.0,
          "z": 0.0
        },
        "rotation_quaternion": {
          "w": 0.9979392290115356,
          "x": 0.06351640820503235,
          "y": -0.007418799679726362,
          "z": 0.005286065861582756
        },
        "scale": {
          "x": 1.0,
          "y": 1.0,
          "z": 1.0
        },
        "matrix_basis": [
          [
            0.9998340606689453,
            -0.01149277575314045,
            -0.014135519042611122,
            0.0
          ],
          [
            0.00960791390389204,
            0.9918754696846008,
            -0.1268494576215744,
            0.0
          ],
          [
            0.01547852624207735,
            0.12669259309768677,
            0.9918212294578552,
            0.0
          ],
          [
            0.0,
            0.0,
            0.0,
            1.0
          ]
        ],
        "rotation_mode": "QUATERNION"
      },
      "armature_space": {
        "head": {
          "x": 0.43588921427726746,
          "y": -0.4713064432144165,
          "z": 0.7747549414634705
        },
        "tail": {
          "x": 0.4478634297847748,
          "y": -0.48414814472198486,
          "z": 0.7996267676353455
        }
      },
      "world_space": {
        "head": {
          "x": 0.43588921427726746,
          "y": -0.4080624580383301,
          "z": 1.7246088981628418
        },
        "tail": {
          "x": 0.4478634297847748,
          "y": -0.42090415954589844,
          "z": 1.7494807243347168
        },
        "rotation_quaternion": {
          "w": 0.3118979036808014,
          "x": 0.14276251196861267,
          "y": -0.43797099590301514,
          "z": -0.8309754133224487
        },
        "matrix": [
          [
            -0.7646762728691101,
            0.39330774545669556,
            -0.5104696750640869,
            0.43588921427726746
          ],
          [
            -0.6434117555618286,
            -0.42180171608924866,
            0.6388310194015503,
            -0.4080624580383301
          ],
          [
            0.03593987226486206,
            0.8169464468955994,
            0.5756049752235413,
            1.7246088981628418
          ],
          [
            0.0,
            0.0,
            0.0,
            1.0
          ]
        ]
      },
      "bone_length_armature_space": 0.030445014036744118,
      "parent": "thumb_02_l",
      "has_children": false,
      "is_end_bone": true
    },
    "metacarpal_index_l": {
      "name": "metacarpal_index_l",
      "local": {
        "location": {
          "x": 0.0,
          "y": 0.0,
          "z": 0.0
        },
        "rotation_quaternion": {
          "w": 0.9978201389312744,
          "x": -0.06597351282835007,
          "y": -0.0015797300729900599,
          "z": -0.00019673933275043964
        },
        "scale": {
          "x": 1.0,
          "y": 1.0,
          "z": 1.0
        },
        "matrix_basis": [
          [
            0.9999949336051941,
            0.0006010616198182106,
            -0.0031266137957572937,
            0.0
          ],
          [
            -0.00018418025865685195,
            0.9912949204444885,
            0.13166001439094543,
            0.0
          ],
          [
            0.0031785322353243828,
            -0.13165877759456635,
            0.9912899732589722,
            0.0
          ],
          [
            0.0,
            0.0,
            0.0,
            1.0
          ]
        ],
        "rotation_mode": "QUATERNION"
      },
      "armature_space": {
        "head": {
          "x": 0.42333611845970154,
          "y": -0.36880701780319214,
          "z": 0.7749758362770081
        },
        "tail": {
          "x": 0.43241167068481445,
          "y": -0.4761425256729126,
          "z": 0.8210839629173279
        }
      },
      "world_space": {
        "head": {
          "x": 0.42333611845970154,
          "y": -0.3055630326271057,
          "z": 1.724829912185669
        },
        "tail": {
          "x": 0.43241167068481445,
          "y": -0.41289854049682617,
          "z": 1.7709379196166992
        },
        "rotation_quaternion": {
          "w": 0.2018631100654602,
          "x": 0.9785364866256714,
          "y": 0.0349968783557415,
          "z": -0.02220238745212555
        },
        "matrix": [
          [
            0.9965645670890808,
            0.07745516300201416,
            -0.029322408139705658,
            0.42333611845970154
          ],
          [
            0.05952780693769455,
            -0.9160529971122742,
            -0.3966153860092163,
            -0.3055630326271057
          ],
          [
            -0.05758116394281387,
            0.393509179353714,
            -0.9175233244895935,
            1.724829912185669
          ],
          [
            0.0,
            0.0,
            0.0,
            1.0
          ]
        ]
      },
      "bone_length_armature_space": 0.11717182268141722,
      "parent": "lowerarm_l",
      "has_children": true,
      "is_end_bone": false
    },
    "index_01_l": {
      "name": "index_01_l",
      "local": {
        "location": {
          "x": 0.0,
          "y": 0.0,
          "z": 0.0
        },
        "rotation_quaternion": {
          "w": 0.9981157779693604,
          "x": -0.055178992450237274,
          "y": 0.02470352128148079,
          "z": 0.010487456806004047
        },
        "scale": {
          "x": 1.0,
          "y": 1.0,
          "z": 1.0
        },
        "matrix_basis": [
          [
            0.9985594749450684,
            -0.023661622777581215,
            0.04815657436847687,
            0.0
          ],
          [
            0.01820916123688221,
            0.9936906099319458,
            0.11066819727420807,
            0.0
          ],
          [
            -0.05047132447361946,
            -0.10963188856840134,
            0.9926900267601013,
            0.0
          ],
          [
            0.0,
            0.0,
            0.0,
            1.0
          ]
        ],
        "rotation_mode": "QUATERNION"
      },
      "armature_space": {
        "head": {
          "x": 0.43241167068481445,
          "y": -0.4761425256729126,
          "z": 0.8210839629173279
        },
        "tail": {
          "x": 0.4435502886772156,
          "y": -0.4968823194503784,
          "z": 0.8371732234954834
        }
      },
      "world_space": {
        "head": {
          "x": 0.43241167068481445,
          "y": -0.41289854049682617,
          "z": 1.7709379196166992
        },
        "tail": {
          "x": 0.4435502886772156,
          "y": -0.433638334274292,
          "z": 1.7870272397994995
        },
        "rotation_quaternion": {
          "w": 0.3037424683570862,
          "x": 0.9293398857116699,
          "y": 0.20992280542850494,
          "z": -0.0007453750586137176
        },
        "matrix": [
          [
            0.9118635058403015,
            0.39063215255737305,
            0.12614032626152039,
            0.43241167068481445
          ],
          [
            0.38972699642181396,
            -0.7273457050323486,
            -0.5648730397224426,
            -0.41289854049682617
          ],
          [
            -0.12891051173210144,
            0.5642507076263428,
            -0.815485954284668,
            1.7709379196166992
          ],
          [
            0.0,
            0.0,
            0.0,
            1.0
          ]
        ]
      },
      "bone_length_armature_space": 0.028514420368767016,
      "parent": "metacarpal_index_l",
      "has_children": true,
      "is_end_bone": false
    },
    "index_02_l": {
      "name": "index_02_l",
      "local": {
        "location": {
          "x": 0.0,
          "y": 0.0,
          "z": 0.0
        },
        "rotation_quaternion": {
          "w": 0.9862828254699707,
          "x": 0.1646730601787567,
          "y": 0.00571294454857707,
          "z": 0.009814409539103508
        },
        "scale": {
          "x": 1.0,
          "y": 1.0,
          "z": 1.0
        },
        "matrix_basis": [
          [
            0.9997420907020569,
            -0.017478030174970627,
            0.014501496218144894,
            0.0
          ],
          [
            0.02124110236763954,
            0.9455729126930237,
            -0.3247162699699402,
            0.0
          ],
          [
            -0.008036820217967033,
            0.32494056224823,
            0.9457002878189087,
            0.0
          ],
          [
            0.0,
            0.0,
            0.0,
            1.0
          ]
        ],
        "rotation_mode": "QUATERNION"
      },
      "armature_space": {
        "head": {
          "x": 0.4435502588748932,
          "y": -0.4968828856945038,
          "z": 0.8371732234954834
        },
        "tail": {
          "x": 0.453865647315979,
          "y": -0.519034206867218,
          "z": 0.8449835777282715
        }
      },
      "world_space": {
        "head": {
          "x": 0.4435502588748932,
          "y": -0.43363887071609497,
          "z": 1.7870272397994995
        },
        "tail": {
          "x": 0.453865647315979,
          "y": -0.4557902216911316,
          "z": 1.7948375940322876
        },
        "rotation_quaternion": {
          "w": 0.16999080777168274,
          "x": 0.9635091423988342,
          "y": 0.19838836789131165,
          "z": -0.05826949328184128
        },
        "matrix": [
          [
            0.9144934415817261,
            0.40210863947868347,
            -0.04483751207590103,
            0.4435502588748932
          ],
          [
            0.3624876141548157,
            -0.8634903430938721,
            -0.3506958484649658,
            -0.43363887071609497
          ],
          [
            -0.17973554134368896,
            0.30445733666419983,
            -0.9354223012924194,
            1.7870272397994995
          ],
          [
            0.0,
            0.0,
            0.0,
            1.0
          ]
        ]
      },
      "bone_length_armature_space": 0.02565326314229943,
      "parent": "index_01_l",
      "has_children": true,
      "is_end_bone": false
    },
    "index_03_l": {
      "name": "index_03_l",
      "local": {
        "location": {
          "x": 0.0,
          "y": 0.0,
          "z": 0.0
        },
        "rotation_quaternion": {
          "w": 0.9774200916290283,
          "x": 0.21126225590705872,
          "y": 0.0015605927910655737,
          "z": 0.003999170381575823
        },
        "scale": {
          "x": 1.0,
          "y": 1.0,
          "z": 1.0
        },
        "matrix_basis": [
          [
            0.9999631643295288,
            -0.007158350199460983,
            0.0047404570505023,
            0.0
          ],
          [
            0.008477128110826015,
            0.9107045531272888,
            -0.41297146677970886,
            0.0
          ],
          [
            -0.0013609619345515966,
            0.41299644112586975,
            0.9107316732406616,
            0.0
          ],
          [
            0.0,
            0.0,
            0.0,
            1.0
          ]
        ],
        "rotation_mode": "QUATERNION"
      },
      "armature_space": {
        "head": {
          "x": 0.4538656175136566,
          "y": -0.5190341472625732,
          "z": 0.844983696937561
        },
        "tail": {
          "x": 0.4661442041397095,
          "y": -0.5447968244552612,
          "z": 0.8387183547019958
        }
      },
      "world_space": {
        "head": {
          "x": 0.4538656175136566,
          "y": -0.4557901620864868,
          "z": 1.7948377132415771
        },
        "tail": {
          "x": 0.4661442041397095,
          "y": -0.4815528392791748,
          "z": 1.7885723114013672
        },
        "rotation_quaternion": {
          "w": 0.09022082388401031,
          "x": -0.9658994078636169,
          "y": -0.22583423554897308,
          "z": 0.08886831253767014
        },
        "matrix": [
          [
            0.8822025656700134,
            0.42023083567619324,
            -0.2124258279800415,
            0.4538656175136566
          ],
          [
            0.45230188965797424,
            -0.8817185163497925,
            0.1341487020254135,
            -0.4557901620864868
          ],
          [
            -0.13092687726020813,
            -0.21442918479442596,
            -0.9679319262504578,
            1.7948377132415771
          ],
          [
            0.0,
            0.0,
            0.0,
            1.0
          ]
        ]
      },
      "bone_length_armature_space": 0.029218722326657953,
      "parent": "index_02_l",
      "has_children": false,
      "is_end_bone": true
    },
    "metacarpal_pinky_l": {
      "name": "metacarpal_pinky_l",
      "local": {
        "location": {
          "x": 0.0,
          "y": 0.0,
          "z": 0.0
        },
        "rotation_quaternion": {
          "w": 0.9994543194770813,
          "x": -0.029275665059685707,
          "y": -0.013235226273536682,
          "z": 0.007673109881579876
        },
        "scale": {
          "x": 1.0,
          "y": 1.0,
          "z": 1.0
        },
        "matrix_basis": [
          [
            0.9995319247245789,
            -0.014562905766069889,
            -0.026905279606580734,
            0.0
          ],
          [
            0.016112785786390305,
            0.9981681108474731,
            0.058316268026828766,
            0.0
          ],
          [
            0.02600673772394657,
            -0.058722492307424545,
            0.9979355335235596,
            0.0
          ],
          [
            0.0,
            0.0,
            0.0,
            1.0
          ]
        ],
        "rotation_mode": "QUATERNION"
      },
      "armature_space": {
        "head": {
          "x": 0.42333611845970154,
          "y": -0.36880701780319214,
          "z": 0.7749758362770081
        },
        "tail": {
          "x": 0.48251962661743164,
          "y": -0.4358065128326416,
          "z": 0.8283765316009521
        }
      },
      "world_space": {
        "head": {
          "x": 0.42333611845970154,
          "y": -0.3055630326271057,
          "z": 1.724829912185669
        },
        "tail": {
          "x": 0.48251962661743164,
          "y": -0.3725625276565552,
          "z": 1.7782305479049683
        },
        "rotation_quaternion": {
          "w": 0.3930426239967346,
          "x": 0.31931599974632263,
          "y": -0.1543009877204895,
          "z": -0.8483785390853882
        },
        "matrix": [
          [
            -0.4871087372303009,
            0.568357527256012,
            -0.6630948781967163,
            0.42333611845970154
          ],
          [
            -0.765440046787262,
            -0.6434170007705688,
            0.010800190269947052,
            -0.3055630326271057
          ],
          [
            -0.4205116033554077,
            0.5128231644630432,
            0.7484627962112427,
            1.724829912185669
          ],
          [
            0.0,
            0.0,
            0.0,
            1.0
          ]
        ]
      },
      "bone_length_armature_space": 0.10413094829572343,
      "parent": "lowerarm_l",
      "has_children": true,
      "is_end_bone": false
    },
    "pinky_01_l": {
      "name": "pinky_01_l",
      "local": {
        "location": {
          "x": 0.0,
          "y": 0.0,
          "z": 0.0
        },
        "rotation_quaternion": {
          "w": 0.9994804859161377,
          "x": 0.029771868139505386,
          "y": 0.011531492695212364,
          "z": -0.004422088619321585
        },
        "scale": {
          "x": 1.0,
          "y": 1.0,
          "z": 1.0
        },
        "matrix_basis": [
          [
            0.9996949434280396,
            0.009526210837066174,
            0.02278769575059414,
            0.0
          ],
          [
            -0.008152954280376434,
            0.9981881380081177,
            -0.05961478874087334,
            0.0
          ],
          [
            -0.02331431210041046,
            0.05941081419587135,
            0.9979613423347473,
            0.0
          ],
          [
            0.0,
            0.0,
            0.0,
            1.0
          ]
        ],
        "rotation_mode": "QUATERNION"
      },
      "armature_space": {
        "head": {
          "x": 0.48251962661743164,
          "y": -0.4358065128326416,
          "z": 0.8283765316009521
