{
  "metadata": {
    "armature_name": "KIM_caucasian_male",
    "export_time": "2026-01-13T21:05:36.965981",
    "blender_version": "4.4.1",
    "bone_count": 56,
    "end_bone_count": 13,
    "spaces_included": [
      "LOCAL_CHANNELS",
      "ARMATURE_SPACE",
      "WORLD_SPACE"
    ],
    "note": "LOCAL matches Transform panel; replay pose via local.matrix_basis for best fidelity."
  },
  "bones": {
    "Root": {
      "name": "Root",
      "local": {
        "location": {
          "x": 0.0,
          "y": 0.0,
          "z": 0.0
        },
        "rotation_quaternion": {
          "w": 0.9997215270996094,
          "x": 0.011144463904201984,
          "y": 0.003325589932501316,
          "z": 0.020535962656140327
        },
        "scale": {
          "x": 1.0,
          "y": 1.0,
          "z": 1.0
        },
        "matrix_basis": [
          [
            0.9991344213485718,
            -0.04098636284470558,
            0.007107052486389875,
            0.0
          ],
          [
            0.041134610772132874,
            0.9989081621170044,
            -0.022146131843328476,
            0.0
          ],
          [
            -0.006191602908074856,
            0.022419309243559837,
            0.9997294545173645,
            0.0
          ],
          [
            0.0,
            0.0,
            0.0,
            1.0
          ]
        ],
        "rotation_mode": "QUATERNION"
      },
      "armature_space": {
        "head": {
          "x": 0.0,
          "y": 0.07072800397872925,
          "z": -0.009595036506652832
        },
        "tail": {
          "x": -0.0029254371766000986,
          "y": -0.0001378878951072693,
          "z": -0.001596161164343357
        }
      },
      "world_space": {
        "head": {
          "x": 0.0,
          "y": 0.13397200405597687,
          "z": 0.9402589797973633
        },
        "tail": {
          "x": -0.0029254371766000986,
          "y": 0.06310611218214035,
          "z": 0.9482578635215759
        },
        "rotation_quaternion": {
          "w": 0.056229740381240845,
          "x": 0.9982011318206787,
          "y": -0.02026527188718319,
          "z": 0.0047014979645609856
        },
        "matrix": [
          [
            0.9991344213485718,
            -0.04098636284470558,
            0.007107052486389875,
            0.0
          ],
          [
            -0.03992890566587448,
            -0.9928550720214844,
            -0.11244820058345795,
            0.13397200405597687
          ],
          [
            0.011665159836411476,
            0.11206694692373276,
            -0.9936391711235046,
            0.9402589797973633
          ],
          [
            0.0,
            0.0,
            0.0,
            1.0
          ]
        ]
      },
      "bone_length_armature_space": 0.07137586870314581,
      "parent": null,
      "has_children": true,
      "is_end_bone": false
    },
    "spine_01": {
      "name": "spine_01",
      "local": {
        "location": {
          "x": 0.0,
          "y": 0.0,
          "z": 0.0
        },
        "rotation_quaternion": {
          "w": 0.9982462525367737,
          "x": 0.051474206149578094,
          "y": 0.01079449150711298,
          "z": -0.027172045782208443
        },
        "scale": {
          "x": 1.0,
          "y": 1.0,
          "z": 1.0
        },
        "matrix_basis": [
          [
            0.9982903003692627,
            0.055360060185194016,
            0.01875380240380764,
            0.0
          ],
          [
            -0.053137511014938354,
            0.9932241439819336,
            -0.10335448384284973,
            0.0
          ],
          [
            -0.024348439648747444,
            0.10218124836683273,
            0.9944677948951721,
            0.0
          ],
          [
            0.0,
            0.0,
            0.0,
            1.0
          ]
        ],
        "rotation_mode": "QUATERNION"
      },
      "armature_space": {
        "head": {
          "x": -0.0029254371766000986,
          "y": -0.0001378878951072693,
          "z": -0.001596161164343357
        },
        "tail": {
          "x": 0.016883311793208122,
          "y": -0.039067890495061874,
          "z": 0.4844496250152588
        }
      },
      "world_space": {
        "head": {
          "x": -0.0029254371766000986,
          "y": 0.06310611218214035,
          "z": 0.9482578635215759
        },
        "tail": {
          "x": 0.016883311793208122,
          "y": 0.024176109582185745,
          "z": 1.434303641319275
        },
        "rotation_quaternion": {
          "w": 0.6782678961753845,
          "x": 0.7344652414321899,
          "y": 0.008081146515905857,
          "z": -0.02117227390408516
        },
        "matrix": [
          [
            0.9989728927612305,
            0.04059159755706787,
            -0.02013794519007206,
            -0.0029254371766000986
          ],
          [
            -0.01685003750026226,
            -0.0797743946313858,
            -0.9966706037521362,
            0.06310611218214035
          ],
          [
            -0.04206325486302376,
            0.9959929585456848,
            -0.07900993525981903,
            0.9482578635215759
          ],
          [
            0.0,
            0.0,
            0.0,
            1.0
          ]
        ]
      },
      "bone_length_armature_space": 0.4880045315912092,
      "parent": "Root",
      "has_children": true,
      "is_end_bone": false
    },
    "neck_01": {
      "name": "neck_01",
      "local": {
        "location": {
          "x": 0.0,
          "y": 0.0,
          "z": 0.0
        },
        "rotation_quaternion": {
          "w": 0.9950926303863525,
          "x": 0.034904610365629196,
          "y": 0.020206401124596596,
          "z": 0.0903555378317833
        },
        "scale": {
          "x": 1.0,
          "y": 1.0,
          "z": 1.0
        },
        "matrix_basis": [
          [
            0.9828551411628723,
            -0.17841365933418274,
            0.04652213305234909,
            0.0
          ],
          [
            0.18123485147953033,
            0.9812350869178772,
            -0.06581512093544006,
            0.0
          ],
          [
            -0.033906832337379456,
            0.0731181651353836,
            0.9967467188835144,
            0.0
          ],
          [
            0.0,
            0.0,
            0.0,
            1.0
          ]
        ],
        "rotation_mode": "QUATERNION"
      },
      "armature_space": {
        "head": {
          "x": 0.01915697380900383,
          "y": -0.0794738233089447,
          "z": 0.5546346306800842
        },
        "tail": {
          "x": 0.003625030629336834,
          "y": -0.13133415579795837,
          "z": 0.6416977643966675
        }
      },
      "world_space": {
        "head": {
          "x": 0.01915697380900383,
          "y": -0.016229823231697083,
          "z": 1.5044887065887451
        },
        "tail": {
          "x": 0.003625030629336834,
          "y": -0.06809015572071075,
          "z": 1.5915517807006836
        },
        "rotation_quaternion": {
          "w": 0.49294906854629517,
          "x": 0.8667238354682922,
          "y": -0.0638473778963089,
          "z": 0.041407305747270584
        },
        "matrix": [
          [
            0.98841792345047,
            -0.15149961411952972,
            0.008829746395349503,
            0.01915697380900383
          ],
          [
            -0.06985326111316681,
            -0.5058491230010986,
            -0.859789252281189,
            -0.016229823231697083
          ],
          [
            0.13472507894039154,
            0.8492195010185242,
            -0.5105773210525513,
            1.5044887065887451
          ],
          [
            0.0,
            0.0,
            0.0,
            1.0
          ]
        ]
      },
      "bone_length_armature_space": 0.10252182487795723,
      "parent": "spine_01",
      "has_children": true,
      "is_end_bone": false
    },
    "head": {
      "name": "head",
      "local": {
        "location": {
          "x": 0.0,
          "y": 0.0,
          "z": 0.0
        },
        "rotation_quaternion": {
          "w": 0.9853751063346863,
          "x": 0.007764141075313091,
          "y": 0.12874971330165863,
          "z": -0.11135236918926239
        },
        "scale": {
          "x": 1.0,
          "y": 1.0,
          "z": 1.0
        },
        "matrix_basis": [
          [
            0.9420483112335205,
            0.2214469611644745,
            0.2520044147968292,
            0.0
          ],
          [
            -0.21744844317436218,
            0.9750807285308838,
            -0.04397435486316681,
            0.0
          ],
          [
            -0.255462646484375,
            -0.013371988199651241,
            0.9667264819145203,
            0.0
          ],
          [
            0.0,
            0.0,
            0.0,
            1.0
          ]
        ],
        "rotation_mode": "QUATERNION"
      },
      "armature_space": {
        "head": {
          "x": 0.0036250436678528786,
          "y": -0.13133424520492554,
          "z": 0.6416976451873779
        },
        "tail": {
          "x": 0.015727993100881577,
          "y": -0.15611155331134796,
          "z": 0.7943177223205566
        }
      },
      "world_space": {
        "head": {
          "x": 0.0036250436678528786,
          "y": -0.06809024512767792,
          "z": 1.591551661491394
        },
        "tail": {
          "x": 0.015727993100881577,
          "y": -0.09286755323410034,
          "z": 1.7441717386245728
        },
        "rotation_quaternion": {
          "w": 0.640814483165741,
          "x": 0.7595468163490295,
          "y": 0.09734560549259186,
          "z": 0.054492369294166565
        },
        "matrix": [
          [
            0.975108802318573,
            0.07803813368082047,
            0.2075403332710266,
            0.0036250436678528786
          ],
          [
            0.21771648526191711,
            -0.15976063907146454,
            -0.9628481268882751,
            -0.06809024512767792
          ],
          [
            -0.04198222979903221,
            0.9840731024742126,
            -0.1727762371301651,
            1.591551661491394
          ],
          [
            0.0,
            0.0,
            0.0,
            1.0
          ]
        ]
      },
      "bone_length_armature_space": 0.15509121289203878,
      "parent": "neck_01",
      "has_children": false,
      "is_end_bone": true
    },
    "upperarm_l": {
      "name": "upperarm_l",
      "local": {
        "location": {
          "x": 0.0,
          "y": 0.0,
          "z": 0.0
        },
        "rotation_quaternion": {
          "w": 0.8659324049949646,
          "x": -0.04299161955714226,
          "y": 0.4983067214488983,
          "z": -0.001832304522395134
        },
        "scale": {
          "x": 1.0,
          "y": 1.0,
          "z": 1.0
        },
        "matrix_basis": [
          [
            0.5033740997314453,
            -0.039672721177339554,
            0.8631574511528015,
            0.0
          ],
          [
            -0.046019330620765686,
            0.9962967038154602,
            0.07262957096099854,
            0.0
          ],
          [
            -0.862842321395874,
            -0.07628177106380463,
            0.49968427419662476,
            0.0
          ],
          [
            0.0,
            0.0,
            0.0,
            1.0
          ]
        ],
        "rotation_mode": "QUATERNION"
      },
      "armature_space": {
        "head": {
          "x": 0.1662106215953827,
          "y": -0.07981838285923004,
          "z": 0.48113468289375305
        },
        "tail": {
          "x": 0.4329303205013275,
          "y": -0.054209113121032715,
          "z": 0.47761502861976624
        }
      },
      "world_space": {
        "head": {
          "x": 0.1662106215953827,
          "y": -0.016574382781982422,
          "z": 1.4309886693954468
        },
        "tail": {
          "x": 0.4329303205013275,
          "y": 0.009034886956214905,
          "z": 1.42746901512146
        },
        "rotation_quaternion": {
          "w": 0.14929474890232086,
          "x": 0.6567996144294739,
          "y": 0.7249107956886292,
          "z": -0.14432553946971893
        },
        "matrix": [
          [
            -0.09265050292015076,
            0.9953362941741943,
            0.026862889528274536,
            0.1662106215953827
          ],
          [
            0.909148097038269,
            0.09556787461042404,
            -0.4053603410720825,
            -0.016574382781982422
          ],
          [
            -0.4060389995574951,
            -0.013134553097188473,
            -0.9137690663337708,
            1.4309886693954468
          ],
          [
            0.0,
            0.0,
            0.0,
            1.0
          ]
        ]
      },
      "bone_length_armature_space": 0.26796943460545775,
      "parent": "spine_01",
      "has_children": true,
      "is_end_bone": false
    },
    "lowerarm_l": {
      "name": "lowerarm_l",
      "local": {
        "location": {
          "x": 0.0,
          "y": 0.0,
          "z": 0.0
        },
        "rotation_quaternion": {
          "w": 0.9677342176437378,
          "x": 0.07054213434457779,
          "y": 0.048032816499471664,
          "z": 0.2370806783437729
        },
        "scale": {
          "x": 1.0,
          "y": 1.0,
          "z": 1.0
        },
        "matrix_basis": [
          [
            0.8829712271690369,
            -0.4520854949951172,
            0.12641435861587524,
            0.0
          ],
          [
            0.4656388461589813,
            0.8776330947875977,
            -0.11375676840543747,
            0.0
          ],
          [
            -0.059517644345760345,
            0.15930737555027008,
            0.9854333400726318,
            0.0
          ],
          [
            0.0,
            0.0,
            0.0,
            1.0
          ]
        ],
        "rotation_mode": "QUATERNION"
      },
      "armature_space": {
        "head": {
          "x": 0.4329304099082947,
          "y": -0.05420923978090286,
          "z": 0.47761499881744385
        },
        "tail": {
          "x": 0.6672235727310181,
          "y": -0.1831209659576416,
          "z": 0.4852186143398285
        }
      },
      "world_space": {
        "head": {
          "x": 0.4329304099082947,
          "y": 0.009034760296344757,
          "z": 1.42746901512146
        },
        "tail": {
          "x": 0.6672235727310181,
          "y": -0.11987696588039398,
          "z": 1.435072660446167
        },
        "rotation_quaternion": {
          "w": 0.13314959406852722,
          "x": 0.8376673460006714,
          "y": 0.49125996232032776,
          "z": -0.19811215996742249
        },
        "matrix": [
          [
            0.4388301372528076,
            0.8757821917533875,
            -0.20108067989349365,
            0.4329304099082947
          ],
          [
            0.7702677845954895,
            -0.4818689227104187,
            -0.4177205264568329,
            0.009034760296344757
          ],
          [
            -0.46272921562194824,
            0.02842208743095398,
            -0.8860520124435425,
            1.42746901512146
          ],
          [
            0.0,
            0.0,
            0.0,
            1.0
          ]
        ]
      },
      "bone_length_armature_space": 0.26752445690632265,
      "parent": "upperarm_l",
      "has_children": true,
      "is_end_bone": false
    },
    "metacarpal_thumb_l": {
      "name": "metacarpal_thumb_l",
      "local": {
        "location": {
          "x": 0.0,
          "y": 0.0,
          "z": 0.0
        },
        "rotation_quaternion": {
          "w": 0.9981973171234131,
          "x": -0.05658705532550812,
          "y": -0.01264864020049572,
          "z": -0.015492483973503113
        },
        "scale": {
          "x": 1.0,
          "y": 1.0,
          "z": 1.0
        },
        "matrix_basis": [
          [
            0.9991999864578247,
            0.032360609620809555,
            -0.023498328402638435,
            0.0
          ],
          [
            -0.02949761413037777,
            0.9931157827377319,
            0.11336201429367065,
            0.0
          ],
          [
            0.0270050261169672,
            -0.11257817596197128,
            0.9932758212089539,
            0.0
          ],
          [
            0.0,
            0.0,
            0.0,
            1.0
          ]
        ],
        "rotation_mode": "QUATERNION"
      },
      "armature_space": {
        "head": {
          "x": 0.6672235727310181,
          "y": -0.1831209659576416,
          "z": 0.4852186143398285
        },
        "tail": {
          "x": 0.6988879442214966,
          "y": -0.2116362750530243,
          "z": 0.4599631726741791
        }
      },
      "world_space": {
        "head": {
          "x": 0.6672235727310181,
          "y": -0.11987696588039398,
          "z": 1.435072660446167
        },
        "tail": {
          "x": 0.6988879442214966,
          "y": -0.14839227497577667,
          "z": 1.4098172187805176
        },
        "rotation_quaternion": {
          "w": 0.3954423666000366,
          "x": -0.8309853672981262,
          "y": -0.23619480431079865,
          "z": -0.3119308054447174
        },
        "matrix": [
          [
            0.6938226819038391,
            0.6392500400543213,
            0.3316159248352051,
            0.6672235727310181
          ],
          [
            0.14584970474243164,
            -0.5756754279136658,
            0.8045657873153687,
            -0.11987696588039398
          ],
          [
            0.7052270174026489,
            -0.5098640322685242,
            -0.49265387654304504,
            1.435072660446167
          ],
          [
            0.0,
            0.0,
            0.0,
            1.0
          ]
        ]
      },
      "bone_length_armature_space": 0.04953375218867276,
      "parent": "lowerarm_l",
      "has_children": true,
      "is_end_bone": false
    },
    "thumb_01_l": {
      "name": "thumb_01_l",
      "local": {
        "location": {
          "x": 0.0,
          "y": 0.0,
          "z": 0.0
        },
        "rotation_quaternion": {
          "w": 0.9964599609375,
          "x": 0.08066556602716446,
          "y": 0.01799805462360382,
          "z": 0.015388899482786655
        },
        "scale": {
          "x": 1.0,
          "y": 1.0,
          "z": 1.0
        },
        "matrix_basis": [
          [
            0.9988784790039062,
            -0.027765197679400444,
            0.0383513905107975,
            0.0
          ],
          [
            0.0335724912583828,
            0.9865124821662903,
            -0.16020607948303223,
            0.0
          ],
          [
            -0.033385973423719406,
            0.1613139510154724,
            0.9863382577896118,
            0.0
          ],
          [
            0.0,
            0.0,
            0.0,
            1.0
          ]
        ],
        "rotation_mode": "QUATERNION"
      },
      "armature_space": {
        "head": {
          "x": 0.6988879442214966,
          "y": -0.2116362750530243,
          "z": 0.4599631726741791
        },
        "tail": {
          "x": 0.72248774766922,
          "y": -0.2031310498714447,
          "z": 0.4369557201862335
        }
      },
      "world_space": {
        "head": {
          "x": 0.6988879442214966,
          "y": -0.14839227497577667,
          "z": 1.4098172187805176
        },
        "tail": {
          "x": 0.72248774766922,
          "y": -0.13988704979419708,
          "z": 1.3868097066879272
        },
        "rotation_quaternion": {
          "w": 0.7461464405059814,
          "x": -0.2586425840854645,
          "y": 0.26115357875823975,
          "z": -0.5551291704177856
        },
        "matrix": [
          [
            0.24725854396820068,
            0.6933251619338989,
            0.676877498626709,
            0.6988879442214966
          ],
          [
            -0.9635066986083984,
            0.24987033009529114,
            0.09602037072181702,
            -0.14839227497577667
          ],
          [
            -0.10255977511405945,
            -0.6759225130081177,
            0.7298113703727722,
            1.4098172187805176
          ],
          [
            0.0,
            0.0,
            0.0,
            1.0
          ]
        ]
      },
      "bone_length_armature_space": 0.03403869065840088,
      "parent": "metacarpal_thumb_l",
      "has_children": true,
      "is_end_bone": false
    },
    "thumb_02_l": {
      "name": "thumb_02_l",
      "local": {
        "location": {
          "x": 0.0,
          "y": 0.0,
          "z": 0.0
        },
        "rotation_quaternion": {
          "w": 0.9863446950912476,
          "x": 0.16462808847427368,
          "y": 0.0033764787949621677,
          "z": -0.0032360097393393517
        },
        "scale": {
          "x": 1.0,
          "y": 1.0,
          "z": 1.0
        },
        "matrix_basis": [
          [
            0.9999562501907349,
            0.007495368365198374,
            0.005595267750322819,
            0.0
          ],
          [
            -0.005271915812045336,
            0.945774257183075,
            -0.3247819244861603,
            0.0
          ],
          [
            -0.0077262199483811855,
            0.3247382342815399,
            0.9457724094390869,
            0.0
          ],
          [
            0.0,
            0.0,
            0.0,
            1.0
          ]
        ],
        "rotation_mode": "QUATERNION"
      },
      "armature_space": {
        "head": {
          "x": 0.7224876880645752,
          "y": -0.20313102006912231,
          "z": 0.4369557201862335
        },
        "tail": {
          "x": 0.7534224987030029,
          "y": -0.22533179819583893,
          "z": 0.44973626732826233
        }
      },
      "world_space": {
        "head": {
          "x": 0.7224876880645752,
          "y": -0.1398870199918747,
          "z": 1.3868097066879272
        },
        "tail": {
          "x": 0.7534224987030029,
          "y": -0.1620877981185913,
          "z": 1.399590253829956
        },
        "rotation_quaternion": {
          "w": 0.47275015711784363,
          "x": 0.31649234890937805,
          "y": -0.011529512703418732,
          "z": -0.8223181366920471
        },
        "matrix": [
          [
            -0.3526788651943207,
            0.7702051401138306,
            -0.5314143896102905,
            0.7224876880645752
          ],
          [
            -0.7848003506660461,
            -0.5527476668357849,
            -0.28028345108032227,
            -0.1398870199918747
          ],
          [
            -0.5096181631088257,
            0.3182060718536377,
            0.7994052171707153,
            1.3868097066879272
          ],
          [
            0.0,
            0.0,
            0.0,
            1.0
          ]
        ]
      },
      "bone_length_armature_space": 0.040164405137236056,
      "parent": "thumb_01_l",
      "has_children": true,
      "is_end_bone": false
    },
    "thumb_03_l": {
      "name": "thumb_03_l",
      "local": {
        "location": {
          "x": 0.0,
          "y": 0.0,
          "z": 0.0
        },
        "rotation_quaternion": {
          "w": 0.9964933395385742,
          "x": 0.0836380198597908,
          "y": -0.0023555499501526356,
          "z": 0.00043553690193220973
        },
        "scale": {
          "x": 1.0,
          "y": 1.0,
          "z": 1.0
        },
        "matrix_basis": [
          [
            0.9999884963035583,
            -0.0012620462803170085,
            -0.004621724598109722,
            0.0
          ],
          [
            0.0004739921714644879,
            0.9860090017318726,
            -0.16669151186943054,
            0.0
          ],
          [
            0.004767434671521187,
            0.16668741405010223,
            0.985998272895813,
            0.0
          ],
          [
            0.0,
            0.0,
            0.0,
            1.0
          ]
        ],
        "rotation_mode": "QUATERNION"
      },
      "armature_space": {
        "head": {
          "x": 0.7534224987030029,
          "y": -0.22533179819583893,
          "z": 0.44973617792129517
        },
        "tail": {
          "x": 0.7688780426979065,
          "y": -0.24181585013866425,
          "z": 0.4701395630836487
        }
      },
      "world_space": {
        "head": {
          "x": 0.7534224987030029,
          "y": -0.1620877981185913,
          "z": 1.399590253829956
        },
        "tail": {
          "x": 0.7688780426979065,
          "y": -0.17857185006141663,
          "z": 1.4199936389923096
        },
        "rotation_quaternion": {
          "w": 0.46516701579093933,
          "x": 0.5540951490402222,
          "y": -0.11357353627681732,
          "z": -0.6809548139572144
        },
        "matrix": [
          [
            0.04680437594652176,
            0.5076572299003601,
            -0.8602866530418396,
            0.7534224987030029
          ],
          [
            -0.759377121925354,
            -0.5414392352104187,
            -0.3608189821243286,
            -0.1620877981185913
          ],
          [
            -0.6489705443382263,
            0.6701743602752686,
            0.3601638674736023,
            1.399590253829956
          ],
          [
            0.0,
            0.0,
            0.0,
            1.0
          ]
        ]
      },
      "bone_length_armature_space": 0.030444965522377507,
      "parent": "thumb_02_l",
      "has_children": false,
      "is_end_bone": true
    },
    "metacarpal_index_l": {
      "name": "metacarpal_index_l",
      "local": {
        "location": {
          "x": 0.0,
          "y": 0.0,
          "z": 0.0
        },
        "rotation_quaternion": {
          "w": 0.9998975396156311,
          "x": -0.013493765145540237,
          "y": 0.0039264787919819355,
          "z": 0.002728968160226941
        },
        "scale": {
          "x": 1.0,
          "y": 1.0,
          "z": 1.0
        },
        "matrix_basis": [
          [
            0.9999542832374573,
            -0.005563342943787575,
            0.007778504863381386,
            0.0
          ],
          [
            0.0053514111787080765,
            0.9996209144592285,
            0.02700619585812092,
            0.0
          ],
          [
            -0.00792580097913742,
            -0.026963334530591965,
            0.9996050000190735,
            0.0
          ],
          [
            0.0,
            0.0,
            0.0,
            1.0
          ]
        ],
        "rotation_mode": "QUATERNION"
      },
      "armature_space": {
        "head": {
          "x": 0.6672235727310181,
          "y": -0.1831209659576416,
          "z": 0.4852186143398285
        },
        "tail": {
          "x": 0.7596104145050049,
          "y": -0.24918895959854126,
          "z": 0.45642751455307007
        }
      },
      "world_space": {
        "head": {
          "x": 0.6672235727310181,
          "y": -0.11987696588039398,
          "z": 1.435072660446167
        },
        "tail": {
          "x": 0.7596104145050049,
          "y": -0.18594495952129364,
          "z": 1.4062814712524414
        },
        "rotation_quaternion": {
          "w": 0.2115093618631363,
          "x": -0.8718246817588806,
          "y": -0.4163358509540558,
          "z": -0.1478179693222046
        },
        "matrix": [
          [
            0.609628438949585,
            0.7884735465049744,
            0.08162334561347961,
            0.6672235727310181
          ],
          [
            0.6634150147438049,
            -0.5638560056686401,
            0.4918816089630127,
            -0.11987696588039398
          ],
          [
            0.4338630735874176,
            -0.2457171231508255,
            -0.8668334484100342,
            1.435072660446167
          ],
          [
            0.0,
            0.0,
            0.0,
            1.0
          ]
        ]
      },
      "bone_length_armature_space": 0.11717182119110173,
      "parent": "lowerarm_l",
      "has_children": true,
      "is_end_bone": false
    },
    "index_01_l": {
      "name": "index_01_l",
      "local": {
        "location": {
          "x": 0.0,
          "y": 0.0,
          "z": 0.0
        },
        "rotation_quaternion": {
          "w": 0.997309148311615,
          "x": -0.0727352574467659,
          "y": 0.00775404367595911,
          "z": -0.0048926472663879395
        },
        "scale": {
          "x": 1.0,
          "y": 1.0,
          "z": 1.0
        },
        "matrix_basis": [
          [
            0.9998318552970886,
            0.008630978874862194,
            0.01617809385061264,
            0.0
          ],
          [
            -0.010886948555707932,
            0.9893712997436523,
            0.14500319957733154,
            0.0
          ],
          [
            -0.01475462131202221,
            -0.1451549530029297,
            0.989298939704895,
            0.0
          ],
          [
            0.0,
            0.0,
            0.0,
            1.0
          ]
        ],
        "rotation_mode": "QUATERNION"
      },
      "armature_space": {
        "head": {
          "x": 0.7596104145050049,
          "y": -0.24918895959854126,
          "z": 0.45642751455307007
        },
        "tail": {
          "x": 0.7850964069366455,
          "y": -0.2610723674297333,
          "z": 0.4611518979072571
        }
      },
      "world_space": {
        "head": {
          "x": 0.7596104145050049,
          "y": -0.18594495952129364,
          "z": 1.4062814712524414
        },
        "tail": {
          "x": 0.7850964069366455,
          "y": -0.19782836735248566,
          "z": 1.411005973815918
        },
        "rotation_quaternion": {
          "w": 0.07737255096435547,
          "x": -0.7970349788665771,
          "y": -0.5344502925872803,
          "z": -0.27039164304733276
        },
        "matrix": [
          [
            0.282501757144928,
            0.8937937617301941,
            0.3483177423477173,
            0.7596104145050049
          ],
          [
            0.8101097941398621,
            -0.41675129532814026,
            0.4123603105545044,
            -0.18594495952129364
          ],
          [
            0.5137312412261963,
            0.16568386554718018,
            -0.8418096303939819,
            1.4062814712524414
          ],
          [
            0.0,
            0.0,
            0.0,
            1.0
          ]
        ]
      },
      "bone_length_armature_space": 0.028514399413116124,
      "parent": "metacarpal_index_l",
      "has_children": true,
      "is_end_bone": false
    },
    "index_02_l": {
      "name": "index_02_l",
      "local": {
        "location": {
          "x": 0.0,
          "y": 0.0,
          "z": 0.0
        },
        "rotation_quaternion": {
          "w": 0.9780791997909546,
          "x": 0.20818978548049927,
          "y": -0.002142332261428237,
          "z": 0.0036736675538122654
        },
        "scale": {
          "x": 1.0,
          "y": 1.0,
          "z": 1.0
        },
        "matrix_basis": [
          [
            0.9999638199806213,
            -0.008078299462795258,
            -0.0026611010544002056,
            0.0
          ],
          [
            0.006294252350926399,
            0.9132870435714722,
            -0.4072679281234741,
            0.0
          ],
          [
            0.005720381159335375,
            0.4072364568710327,
            0.91330486536026,
            0.0
          ],
          [
            0.0,
            0.0,
            0.0,
            1.0
          ]
        ],
        "rotation_mode": "QUATERNION"
      },
      "armature_space": {
        "head": {
          "x": 0.7850967645645142,
          "y": -0.26107257604599,
          "z": 0.4611515700817108
        },
        "tail": {
          "x": 0.809658944606781,
          "y": -0.26715725660324097,
          "z": 0.4569365382194519
        }
      },
      "world_space": {
        "head": {
          "x": 0.7850967645645142,
          "y": -0.19782857596874237,
          "z": 1.4110056161880493
        },
        "tail": {
          "x": 0.809658944606781,
          "y": -0.20391325652599335,
          "z": 1.4067904949188232
        },
        "rotation_quaternion": {
          "w": 0.20671717822551727,
          "x": -0.7749887108802795,
          "y": -0.5819560289382935,
          "z": -0.13411816954612732
        },
        "matrix": [
          [
            0.286678284406662,
            0.957467794418335,
            -0.03272271156311035,
            0.7850967645645142
          ],
          [
            0.8465706706047058,
            -0.23718886077404022,
            0.47650811076164246,
            -0.19782857596874237
          ],
          [
            0.44848349690437317,
            -0.1643080711364746,
            -0.8785668611526489,
            1.4110056161880493
          ],
          [
            0.0,
            0.0,
            0.0,
            1.0
          ]
        ]
      },
      "bone_length_armature_space": 0.02565327516099,
      "parent": "index_01_l",
      "has_children": true,
      "is_end_bone": false
    },
    "index_03_l": {
      "name": "index_03_l",
      "local": {
        "location": {
          "x": 0.0,
          "y": 0.0,
          "z": 0.0
        },
        "rotation_quaternion": {
          "w": 0.9744563698768616,
          "x": 0.22443312406539917,
          "y": -0.007619902025908232,
          "z": 0.0025832303799688816
        },
        "scale": {
          "x": 1.0,
          "y": 1.0,
          "z": 1.0
        },
        "matrix_basis": [
          [
            0.9998705387115479,
            -0.008454807102680206,
            -0.013690998777747154,
            0.0
          ],
          [
            0.0016141737578436732,
            0.8992462158203125,
            -0.4374399483203888,
            0.0
          ],
          [
            0.016010049730539322,
            0.4373612105846405,
            0.899143397808075,
            0.0
          ],
          [
            0.0,
            0.0,
            0.0,
            1.0
          ]
        ],
        "rotation_mode": "QUATERNION"
      },
      "armature_space": {
        "head": {
          "x": 0.809658944606781,
          "y": -0.26715731620788574,
          "z": 0.45693662762641907
        },
        "tail": {
          "x": 0.8338475227355957,
          "y": -0.26336249709129333,
          "z": 0.44099146127700806
        }
      },
      "world_space": {
        "head": {
          "x": 0.809658944606781,
          "y": -0.20391331613063812,
          "z": 1.4067906141281128
        },
        "tail": {
          "x": 0.8338475227355957,
          "y": -0.20011849701404572,
          "z": 1.390845537185669
        },
        "rotation_quaternion": {
          "w": 0.41015714406967163,
          "x": -0.6595829129219055,
          "y": -0.6298476457595825,
          "z": 0.0036896979436278343
        },
        "matrix": [
          [
            0.2065536230802536,
            0.8278457522392273,
            -0.5215429067611694,
            0.809658944606781
          ],
          [
            0.8339022397994995,
            0.1298760175704956,
            0.5364137291908264,
            -0.20391331613063812
          ],
          [
            0.5118079781532288,
            -0.5457177758216858,
            -0.663520097732544,
            1.4067906141281128
          ],
          [
            0.0,
            0.0,
            0.0,
            1.0
          ]
        ]
      },
      "bone_length_armature_space": 0.02921876559332394,
      "parent": "index_02_l",
      "has_children": false,
      "is_end_bone": true
    },
    "metacarpal_pinky_l": {
      "name": "metacarpal_pinky_l",
      "local": {
        "location": {
          "x": 0.0,
          "y": 0.0,
          "z": 0.0
        },
        "rotation_quaternion": {
          "w": 0.9991894960403442,
          "x": -0.036540765315294266,
          "y": 0.014756799675524235,
          "z": 0.008216805756092072
        },
        "scale": {
          "x": 1.0,
          "y": 1.0,
          "z": 1.0
        },
        "matrix_basis": [
          [
            0.99942946434021,
            -0.017498740926384926,
            0.028889181092381477,
            0.0
          ],
          [
            0.01534184254705906,
            0.9971945285797119,
            0.07326480746269226,
            0.0
          ],
          [
            -0.030090175569057465,
            -0.07277978956699371,
            0.9968940019607544,
            0.0
          ],
          [
            0.0,
            0.0,
            0.0,
            1.0
          ]
        ],
        "rotation_mode": "QUATERNION"
      },
      "armature_space": {
        "head": {
          "x": 0.6672235727310181,
          "y": -0.1831209659576416,
          "z": 0.4852186143398285
        },
        "tail": {
          "x": 0.7631258368492126,
          "y": -0.20987339317798615,
          "z": 0.5157192945480347
        }
      },
      "world_space": {
        "head": {
          "x": 0.6672235727310181,
          "y": -0.11987696588039398,
          "z": 1.435072660446167
        },
        "tail": {
          "x": 0.7631258368492126,
          "y": -0.14662939310073853,
          "z": 1.4655733108520508
        },
        "rotation_quaternion": {
          "w": 0.5417209267616272,
          "x": 0.5598576068878174,
          "y": 0.2794300317764282,
          "z": -0.5612636208534241
        },
        "matrix": [
          [
            0.21380509436130524,
            0.9209792017936707,
            -0.3257063031196594,
            0.6672235727310181
          ],
          [
            -0.2952139675617218,
            -0.25691184401512146,
            -0.9202421307563782,
            -0.11987696588039398
          ],
          [
            -0.9312084317207336,
            0.2929072976112366,
            0.21695739030838013,
            1.435072660446167
          ],
          [
            0.0,
            0.0,
            0.0,
            1.0
          ]
        ]
      },
      "bone_length_armature_space": 0.10413082280346621,
      "parent": "lowerarm_l",
      "has_children": true,
      "is_end_bone": false
    },
    "pinky_01_l": {
      "name": "pinky_01_l",
      "local": {
        "location": {
          "x": 0.0,
          "y": 0.0,
          "z": 0.0
        },
        "rotation_quaternion": {
          "w": 0.9989800453186035,
          "x": 0.04061790928244591,
          "y": 0.0073825037106871605,
          "z": -0.018297826871275902
        },
        "scale": {
          "x": 1.0,
          "y": 1.0,
          "z": 1.0
        },
        "matrix_basis": [
          [
            0.9992213845252991,
            0.03715805336833,
            0.013263508677482605,
            0.0
          ],
          [
            -0.03595860302448273,
            0.9960307478904724,
            -0.08142312616109848,
            0.0
          ],
          [
            -0.016236387193202972,
            0.08088279515504837,
            0.9965913891792297,
            0.0
          ],
          [
            0.0,
            0.0,
            0.0,
            1.0
          ]
        ],
        "rotation_mode": "QUATERNION"
      },
      "armature_space": {
        "head": {
          "x": 0.7631258368492126,
          "y": -0.20987339317798615,
          "z": 0.5157192945480347
        },
        "tail": {
