{
  "metadata": {
    "armature_name": "KIM_caucasian_male",
    "export_time": "2026-01-13T21:02:20.524307",
    "blender_version": "4.4.1",
    "bone_count": 56,
    "end_bone_count": 13,
    "spaces_included": [
      "LOCAL_CHANNELS",
      "ARMATURE_SPACE",
      "WORLD_SPACE"
    ],
    "note": "LOCAL matches Transform panel; replay pose via local.matrix_basis for best fidelity."
  },
  "bones": {
    "Root": {
      "name": "Root",
      "local": {
        "location": {
          "x": 0.0,
          "y": 0.0,
          "z": 0.0
        },
        "rotation_quaternion": {
          "w": 0.9996110796928406,
          "x": 0.00026720413006842136,
          "y": 0.0016680628759786487,
          "z": -0.02783859148621559
        },
        "scale": {
          "x": 1.0,
          "y": 1.0,
          "z": 1.0
        },
        "matrix_basis": [
          [
            0.9984444379806519,
            0.055656421929597855,
            0.003319951007142663,
            0.0
          ],
          [
            -0.05565463751554489,
            0.9984498620033264,
            -0.0006270734593272209,
            0.0
          ],
          [
            -0.0033497053664177656,
            0.000441327370936051,
            0.9999942779541016,
            0.0
          ],
          [
            0.0,
            0.0,
            0.0,
            1.0
          ]
        ],
        "rotation_mode": "QUATERNION"
      },
      "armature_space": {
        "head": {
          "x": 0.0,
          "y": 0.07072800397872925,
          "z": -0.009595036506652832
        },
        "tail": {
          "x": 0.003972525708377361,
          "y": 0.0001054033637046814,
          "z": -4.608742892742157e-05
        }
      },
      "world_space": {
        "head": {
          "x": 0.0,
          "y": 0.13397200405597687,
          "z": 0.9402589797973633
        },
        "tail": {
          "x": 0.003972525708377361,
          "y": 0.0633494034409523,
          "z": 0.9498079419136047
        },
        "rotation_quaternion": {
          "w": 0.06707487255334854,
          "x": 0.9973582029342651,
          "y": 0.027887729927897453,
          "z": -0.00021115379058755934
        },
        "matrix": [
          [
            0.9984444379806519,
            0.055656421929597855,
            0.003319951007142663,
            0.0
          ],
          [
            0.055599767714738846,
            -0.9894464015960693,
            -0.13380753993988037,
            0.13397200405597687
          ],
          [
            -0.004162311553955078,
            0.1337839961051941,
            -0.9910088181495667,
            0.9402589797973633
          ],
          [
            0.0,
            0.0,
            0.0,
            1.0
          ]
        ]
      },
      "bone_length_armature_space": 0.071375872838031,
      "parent": null,
      "has_children": true,
      "is_end_bone": false
    },
    "spine_01": {
      "name": "spine_01",
      "local": {
        "location": {
          "x": 0.0,
          "y": 0.0,
          "z": 0.0
        },
        "rotation_quaternion": {
          "w": 0.9984086751937866,
          "x": -0.04825326055288315,
          "y": -0.016920868307352066,
          "z": 0.023780738934874535
        },
        "scale": {
          "x": 1.0,
          "y": 1.0,
          "z": 1.0
        },
        "matrix_basis": [
          [
            0.998296320438385,
            -0.045852817595005035,
            -0.036082878708839417,
            0.0
          ],
          [
            0.0491187646985054,
            0.9942122101783752,
            0.09554816782474518,
            0.0
          ],
          [
            0.03149288520216942,
            -0.09715773165225983,
            0.9947705864906311,
            0.0
          ],
          [
            0.0,
            0.0,
            0.0,
            1.0
          ]
        ],
        "rotation_mode": "QUATERNION"
      },
      "armature_space": {
        "head": {
          "x": 0.003972525708377361,
          "y": 0.0001054033637046814,
          "z": -4.608742892742157e-05
        },
        "tail": {
          "x": -0.020240433514118195,
          "y": 0.06858881562948227,
          "z": 0.4825223386287689
        }
      },
      "world_space": {
        "head": {
          "x": 0.003972525708377361,
          "y": 0.0633494034409523,
          "z": 0.9498079419136047
        },
        "tail": {
          "x": -0.020240433514118195,
          "y": 0.1318328082561493,
          "z": 1.4323763847351074
        },
        "rotation_quaternion": {
          "w": 0.7550419569015503,
          "x": 0.6551336050033569,
          "y": -0.00887247733771801,
          "z": 0.025158384814858437
        },
        "matrix": [
          [
            0.9985765814781189,
            -0.04961659386754036,
            0.019566331058740616,
            0.003972525708377361
          ],
          [
            0.026366285979747772,
            0.14033450186252594,
            -0.989753007888794,
            0.0633494034409523
          ],
          [
            0.04636269807815552,
            0.9888672232627869,
            0.14144307374954224,
            0.9498079419136047
          ],
          [
            0.0,
            0.0,
            0.0,
            1.0
          ]
        ]
      },
      "bone_length_armature_space": 0.48800463410968203,
      "parent": "Root",
      "has_children": true,
      "is_end_bone": false
    },
    "neck_01": {
      "name": "neck_01",
      "local": {
        "location": {
          "x": 0.0,
          "y": 0.0,
          "z": 0.0
        },
        "rotation_quaternion": {
          "w": 0.9984514713287354,
          "x": -0.012180745601654053,
          "y": -0.052636656910181046,
          "z": -0.013256913051009178
        },
        "scale": {
          "x": 1.0,
          "y": 1.0,
          "z": 1.0
        },
        "matrix_basis": [
          [
            0.9941072463989258,
            0.027755076065659523,
            -0.10478733479976654,
            0.0
          ],
          [
            -0.025190461426973343,
            0.9993517398834229,
            0.02571936510503292,
            0.0
          ],
          [
            0.10543325543403625,
            -0.02292816713452339,
            0.9941620230674744,
            0.0
          ],
          [
            0.0,
            0.0,
            0.0,
            1.0
          ]
        ],
        "rotation_mode": "QUATERNION"
      },
      "armature_space": {
        "head": {
          "x": -0.02319471538066864,
          "y": 0.044538818299770355,
          "z": 0.5598309636116028
        },
        "tail": {
          "x": -0.024376625195145607,
          "y": 0.021662704646587372,
          "z": 0.6597611904144287
        }
      },
      "world_space": {
        "head": {
          "x": -0.02319471538066864,
          "y": 0.10778281837701797,
          "z": 1.5096850395202637
        },
        "tail": {
          "x": -0.024376625195145607,
          "y": 0.08490670472383499,
          "z": 1.6096152067184448
        },
        "rotation_quaternion": {
          "w": 0.6226783394813538,
          "x": 0.7816582322120667,
          "y": -0.026530075818300247,
          "z": -0.02404652163386345
        },
        "matrix": [
          [
            0.9974357485771179,
            -0.011528427712619305,
            -0.07063174247741699,
            -0.02319471538066864
          ],
          [
            -0.07142144441604614,
            -0.22313514351844788,
            -0.9721675515174866,
            0.10778281837701797
          ],
          [
            -0.004552954807877541,
            0.9747259020805359,
            -0.22338882088661194,
            1.5096850395202637
          ],
          [
            0.0,
            0.0,
            0.0,
            1.0
          ]
        ]
      },
      "bone_length_armature_space": 0.10252201663662501,
      "parent": "spine_01",
      "has_children": true,
      "is_end_bone": false
    },
    "head": {
      "name": "head",
      "local": {
        "location": {
          "x": 0.0,
          "y": 0.0,
          "z": 0.0
        },
        "rotation_quaternion": {
          "w": 0.979372501373291,
          "x": 0.0007497239275835454,
          "y": 0.1456296592950821,
          "z": -0.14007507264614105
        },
        "scale": {
          "x": 1.0,
          "y": 1.0,
          "z": 1.0
        },
        "matrix_basis": [
          [
            0.9183419346809387,
            0.2745897173881531,
            0.28504133224487305,
            0.0
          ],
          [
            -0.2741529941558838,
            0.9607568383216858,
            -0.042266689240932465,
            0.0
          ],
          [
            -0.2854613959789276,
            -0.0393296517431736,
            0.9575828909873962,
            0.0
          ],
          [
            0.0,
            0.0,
            0.0,
            1.0
          ]
        ],
        "rotation_mode": "QUATERNION"
      },
      "armature_space": {
        "head": {
          "x": -0.024376634508371353,
          "y": 0.021662568673491478,
          "z": 0.6597610116004944
        },
        "tail": {
          "x": 0.02064630016684532,
          "y": 0.04589075595140457,
          "z": 0.8061823844909668
        }
      },
      "world_space": {
        "head": {
          "x": -0.024376634508371353,
          "y": 0.08490657061338425,
          "z": 1.6096150875091553
        },
        "tail": {
          "x": 0.02064630016684532,
          "y": 0.10913475602865219,
          "z": 1.756036400794983
        },
        "rotation_quaternion": {
          "w": 0.7389420866966248,
          "x": 0.6483412384986877,
          "y": 0.17909309267997742,
          "z": -0.03929593786597252
        },
        "matrix": [
          [
            0.9327633380889893,
            0.2903015911579132,
            0.21372288465499878,
            -0.024376634508371353
          ],
          [
            0.17415010929107666,
            0.1562199592590332,
            -0.9722485542297363,
            0.08490657061338425
          ],
          [
            -0.3156351149082184,
            0.9441044330596924,
            0.09515994787216187,
            1.6096150875091553
          ],
          [
            0.0,
            0.0,
            0.0,
            1.0
          ]
        ]
      },
      "bone_length_armature_space": 0.1550912264032859,
      "parent": "neck_01",
      "has_children": false,
      "is_end_bone": true
    },
    "upperarm_l": {
      "name": "upperarm_l",
      "local": {
        "location": {
          "x": 0.0,
          "y": 0.0,
          "z": 0.0
        },
        "rotation_quaternion": {
          "w": 0.8893362283706665,
          "x": 0.17340022325515747,
          "y": 0.3908555209636688,
          "z": 0.1620050072669983
        },
        "scale": {
          "x": 1.0,
          "y": 1.0,
          "z": 1.0
        },
        "matrix_basis": [
          [
            0.6419726610183716,
            -0.15260498225688934,
            0.751387357711792,
            0.0
          ],
          [
            0.4237027168273926,
            0.8873735070228577,
            -0.1817810982465744,
            0.0
          ],
          [
            -0.639020562171936,
            0.43506330251693726,
            0.6343286633491516,
            0.0
          ],
          [
            0.0,
            0.0,
            0.0,
            1.0
          ]
        ],
        "rotation_mode": "QUATERNION"
      },
      "armature_space": {
        "head": {
          "x": 0.12998878955841064,
          "y": 0.03590575233101845,
          "z": 0.5007769465446472
        },
        "tail": {
          "x": 0.37311822175979614,
          "y": -0.06011149659752846,
          "z": 0.5597382187843323
        }
      },
      "world_space": {
        "head": {
          "x": 0.12998878955841064,
          "y": 0.09914974868297577,
          "z": 1.4506309032440186
        },
        "tail": {
          "x": 0.37311822175979614,
          "y": 0.003132503479719162,
          "z": 1.5095922946929932
        },
        "rotation_quaternion": {
          "w": 0.30382755398750305,
          "x": 0.7801122069358826,
          "y": 0.478049099445343,
          "z": -0.2656748294830322
        },
        "matrix": [
          [
            0.4017714560031891,
            0.9073027968406677,
            -0.12402144074440002,
            0.12998878955841064
          ],
          [
            0.5844259262084961,
            -0.35831418633461,
            -0.7280505299568176,
            0.09914974868297577
          ],
          [
            -0.7050053477287292,
            0.2200298309326172,
            -0.6742169857025146,
            1.4506309032440186
          ],
          [
            0.0,
            0.0,
            0.0,
            1.0
          ]
        ]
      },
      "bone_length_armature_space": 0.2679695187076631,
      "parent": "spine_01",
      "has_children": true,
      "is_end_bone": false
    },
    "lowerarm_l": {
      "name": "lowerarm_l",
      "local": {
        "location": {
          "x": 0.0,
          "y": 0.0,
          "z": 0.0
        },
        "rotation_quaternion": {
          "w": 0.938803493976593,
          "x": 0.334543913602829,
          "y": -0.08018308132886887,
          "z": -0.0172919649630785
        },
        "scale": {
          "x": 1.0,
          "y": 1.0,
          "z": 1.0
        },
        "matrix_basis": [
          [
            0.9865432977676392,
            -0.02118200995028019,
            -0.16212216019630432,
            0.0
          ],
          [
            -0.08611703664064407,
            0.7755627036094666,
            -0.6253689527511597,
            0.0
          ],
          [
            0.13898247480392456,
            0.6309150457382202,
            0.7633020877838135,
            0.0
          ],
          [
            0.0,
            0.0,
            0.0,
            1.0
          ]
        ],
        "rotation_mode": "QUATERNION"
      },
      "armature_space": {
        "head": {
          "x": 0.37311822175979614,
          "y": -0.0601116307079792,
          "z": 0.559738278388977
        },
        "tail": {
          "x": 0.4994431138038635,
          "y": -0.28910210728645325,
          "z": 0.5033928751945496
        }
      },
      "world_space": {
        "head": {
          "x": 0.37311822175979614,
          "y": 0.0031323693692684174,
          "z": 1.5095922946929932
        },
        "tail": {
          "x": 0.4994431138038635,
          "y": -0.22585810720920563,
          "z": 1.453246831893921
        },
        "rotation_quaternion": {
          "w": 0.04187460243701935,
          "x": 0.8077650666236877,
          "y": 0.26507672667503357,
          "z": -0.5248775482177734
        },
        "matrix": [
          [
            0.3084750473499298,
            0.47219929099082947,
            -0.8257546424865723,
            0.37311822175979614
          ],
          [
            0.3842815160751343,
            -0.8559608459472656,
            -0.3459174335002899,
            0.0031323693692684174
          ],
          [
            -0.8701614141464233,
            -0.21061767637729645,
            -0.4455035626888275,
            1.5095922946929932
          ],
          [
            0.0,
            0.0,
            0.0,
            1.0
          ]
        ]
      },
      "bone_length_armature_space": 0.267524616867518,
      "parent": "upperarm_l",
      "has_children": true,
      "is_end_bone": false
    },
    "metacarpal_thumb_l": {
      "name": "metacarpal_thumb_l",
      "local": {
        "location": {
          "x": 0.0,
          "y": 0.0,
          "z": 0.0
        },
        "rotation_quaternion": {
          "w": 0.9995026588439941,
          "x": -0.02738618105649948,
          "y": 0.015406085178256035,
          "z": 0.0026658042334020138
        },
        "scale": {
          "x": 1.0,
          "y": 1.0,
          "z": 1.0
        },
        "matrix_basis": [
          [
            0.9995110630989075,
            -0.0061727846041321754,
            0.030650833621621132,
            0.0
          ],
          [
            0.004485129378736019,
            0.998485803604126,
            0.054827261716127396,
            0.0
          ],
          [
            -0.03094285912811756,
            -0.05466298386454582,
            0.9980252981185913,
            0.0
          ],
          [
            0.0,
            0.0,
            0.0,
            1.0
          ]
        ],
        "rotation_mode": "QUATERNION"
      },
      "armature_space": {
        "head": {
          "x": 0.4994431138038635,
          "y": -0.28910210728645325,
          "z": 0.5033928751945496
        },
        "tail": {
          "x": 0.49562668800354004,
          "y": -0.33050060272216797,
          "z": 0.4764634072780609
        }
      },
      "world_space": {
        "head": {
          "x": 0.4994431138038635,
          "y": -0.22585810720920563,
          "z": 1.453246831893921
        },
        "tail": {
          "x": 0.49562668800354004,
          "y": -0.26725661754608154,
          "z": 1.4263174533843994
        },
        "rotation_quaternion": {
          "w": 0.2759401500225067,
          "x": -0.949684202671051,
          "y": 0.07729717344045639,
          "z": -0.12642082571983337
        },
        "matrix": [
          [
            0.9560856819152832,
            -0.07704686373472214,
            0.28277847170829773,
            0.4994431138038635
          ],
          [
            -0.2165849208831787,
            -0.8357645869255066,
            0.5045674443244934,
            -0.22585810720920563
          ],
          [
            0.19746217131614685,
            -0.5436598658561707,
            -0.8157551884651184,
            1.453246831893921
          ],
          [
            0.0,
            0.0,
            0.0,
            1.0
          ]
        ]
      },
      "bone_length_armature_space": 0.0495337942631398,
      "parent": "lowerarm_l",
      "has_children": true,
      "is_end_bone": false
    },
    "thumb_01_l": {
      "name": "thumb_01_l",
      "local": {
        "location": {
          "x": 0.0,
          "y": 0.0,
          "z": 0.0
        },
        "rotation_quaternion": {
          "w": 0.9973629117012024,
          "x": -0.07224521040916443,
          "y": -0.006743498146533966,
          "z": 0.001573938992805779
        },
        "scale": {
          "x": 1.0,
          "y": 1.0,
          "z": 1.0
        },
        "matrix_basis": [
          [
            0.9999040961265564,
            -0.0021652057766914368,
            -0.01367884874343872,
            0.0
          ],
          [
            0.004113947506994009,
            0.9895563125610352,
            0.14408816397190094,
            0.0
          ],
          [
            0.013224010355770588,
            -0.1441306173801422,
            0.9894703030586243,
            0.0
          ],
          [
            0.0,
            0.0,
            0.0,
            1.0
          ]
        ],
        "rotation_mode": "QUATERNION"
      },
      "armature_space": {
        "head": {
          "x": 0.49562668800354004,
          "y": -0.33050060272216797,
          "z": 0.4764634072780609
        },
        "tail": {
          "x": 0.49234843254089355,
          "y": -0.3343506455421448,
          "z": 0.4428022801876068
        }
      },
      "world_space": {
        "head": {
          "x": 0.49562668800354004,
          "y": -0.26725661754608154,
          "z": 1.4263174533843994
        },
        "tail": {
          "x": 0.49234843254089355,
          "y": -0.27110666036605835,
          "z": 1.3926563262939453
        },
        "rotation_quaternion": {
          "w": 0.382217675447464,
          "x": -0.48539653420448303,
          "y": 0.5453038215637207,
          "z": -0.5665189623832703
        },
        "matrix": [
          [
            -0.23659878969192505,
            -0.09630966931581497,
            0.9668222665786743,
            0.49562668800354004
          ],
          [
            -0.9624441266059875,
            -0.11310789734125137,
            -0.24679458141326904,
            -0.26725661754608154
          ],
          [
            0.13312408328056335,
            -0.988910973072052,
            -0.06593216955661774,
            1.4263174533843994
          ],
          [
            0.0,
            0.0,
            0.0,
            1.0
          ]
        ]
      },
      "bone_length_armature_space": 0.034038820193992264,
      "parent": "metacarpal_thumb_l",
      "has_children": true,
      "is_end_bone": false
    },
    "thumb_02_l": {
      "name": "thumb_02_l",
      "local": {
        "location": {
          "x": 0.0,
          "y": 0.0,
          "z": 0.0
        },
        "rotation_quaternion": {
          "w": 0.9934993982315063,
          "x": 0.11376004666090012,
          "y": 0.00045690068509429693,
          "z": 0.004174356814473867
        },
        "scale": {
          "x": 1.0,
          "y": 1.0,
          "z": 1.0
        },
        "matrix_basis": [
          [
            0.999964714050293,
            -0.008190487511456013,
            0.0018576111178845167,
            0.0
          ],
          [
            0.008398395963013172,
            0.9740824699401855,
            -0.22603726387023926,
            0.0
          ],
          [
            4.188893944956362e-05,
            0.2260448932647705,
            0.974116861820221,
            0.0
          ],
          [
            0.0,
            0.0,
            0.0,
            1.0
          ]
        ],
        "rotation_mode": "QUATERNION"
      },
      "armature_space": {
        "head": {
          "x": 0.49234840273857117,
          "y": -0.3343505859375,
          "z": 0.4428023099899292
        },
        "tail": {
          "x": 0.5115637183189392,
          "y": -0.3683372139930725,
          "z": 0.43337562680244446
        }
      },
      "world_space": {
        "head": {
          "x": 0.49234840273857117,
          "y": -0.2711066007614136,
          "z": 1.3926563262939453
        },
        "tail": {
          "x": 0.5115637183189392,
          "y": -0.3050932288169861,
          "z": 1.3832296133041382
        },
        "rotation_quaternion": {
          "w": 0.2648017108440399,
          "x": -0.1478274017572403,
          "y": 0.08237892389297485,
          "z": -0.9493370652198792
        },
        "matrix": [
          [
            -0.8160539269447327,
            0.47841665148735046,
            0.32430437207221985,
            0.49234840273857117
          ],
          [
            -0.5271279215812683,
            -0.8461874127388,
            -0.07811976969242096,
            -0.2711066007614136
          ],
          [
            0.23704975843429565,
            -0.2347022294998169,
            0.9427280426025391,
            1.3926563262939453
          ],
          [
            0.0,
            0.0,
            0.0,
            1.0
          ]
        ]
      },
      "bone_length_armature_space": 0.04016443185749713,
      "parent": "thumb_01_l",
      "has_children": true,
      "is_end_bone": false
    },
    "thumb_03_l": {
      "name": "thumb_03_l",
      "local": {
        "location": {
          "x": 0.0,
          "y": 0.0,
          "z": 0.0
        },
        "rotation_quaternion": {
          "w": 0.9972059726715088,
          "x": 0.0743430107831955,
          "y": -0.006831667851656675,
          "z": -0.0025808156933635473
        },
        "scale": {
          "x": 1.0,
          "y": 1.0,
          "z": 1.0
        },
        "matrix_basis": [
          [
            0.999893307685852,
            0.004131436347961426,
            -0.014008890837430954,
            0.0
          ],
          [
            -0.006162983365356922,
            0.9889329075813293,
            -0.14823532104492188,
            0.0
          ],
          [
            0.013241428881883621,
            0.14830584824085236,
            0.9888529181480408,
            0.0
          ],
          [
            0.0,
            0.0,
            0.0,
            1.0
          ]
        ],
        "rotation_mode": "QUATERNION"
      },
      "armature_space": {
        "head": {
          "x": 0.5115635991096497,
          "y": -0.3683371841907501,
          "z": 0.43337559700012207
        },
        "tail": {
          "x": 0.5312281250953674,
          "y": -0.3911849558353424,
          "z": 0.43763890862464905
        }
      },
      "world_space": {
        "head": {
          "x": 0.5115635991096497,
          "y": -0.3050931692123413,
          "z": 1.3832296133041382
        },
        "tail": {
          "x": 0.5312281250953674,
          "y": -0.3279409408569336,
          "z": 1.3874928951263428
        },
        "rotation_quaternion": {
          "w": 0.35096076130867004,
          "x": 0.09358668327331543,
          "y": -0.03993317857384682,
          "z": -0.9308455586433411
        },
        "matrix": [
          [
            -0.7361360788345337,
            0.6459059715270996,
            -0.20225931704044342,
            0.5115635991096497
          ],
          [
            -0.6608548760414124,
            -0.7504636645317078,
            0.00865258276462555,
            -0.3050931692123413
          ],
          [
            -0.14620107412338257,
            0.14003393054008484,
            0.9793006181716919,
            1.3832296133041382
          ],
          [
            0.0,
            0.0,
            0.0,
            1.0
          ]
        ]
      },
      "bone_length_armature_space": 0.030444869509111253,
      "parent": "thumb_02_l",
      "has_children": false,
      "is_end_bone": true
    },
    "metacarpal_index_l": {
      "name": "metacarpal_index_l",
      "local": {
        "location": {
          "x": 0.0,
          "y": 0.0,
          "z": 0.0
        },
        "rotation_quaternion": {
          "w": 0.9999133348464966,
          "x": -0.007848457433283329,
          "y": -0.00954894907772541,
          "z": 0.0045380680821835995
        },
        "scale": {
          "x": 1.0,
          "y": 1.0,
          "z": 1.0
        },
        "matrix_basis": [
          [
            0.9997764229774475,
            -0.008925460278987885,
            -0.019167477265000343,
            0.0
          ],
          [
            0.009225239045917988,
            0.9998356103897095,
            0.015608887188136578,
            0.0
          ],
          [
            0.019025009125471115,
            -0.015782222151756287,
            0.9996944665908813,
            0.0
          ],
          [
            0.0,
            0.0,
            0.0,
            1.0
          ]
        ],
        "rotation_mode": "QUATERNION"
      },
      "armature_space": {
        "head": {
          "x": 0.4994431138038635,
          "y": -0.28910210728645325,
          "z": 0.5033928751945496
        },
        "tail": {
          "x": 0.5239426493644714,
          "y": -0.3954484164714813,
          "z": 0.4607374370098114
        }
      },
      "world_space": {
        "head": {
          "x": 0.4994431138038635,
          "y": -0.22585810720920563,
          "z": 1.453246831893921
        },
        "tail": {
          "x": 0.5239426493644714,
          "y": -0.3322044014930725,
          "z": 1.41059148311615
        },
        "rotation_quaternion": {
          "w": 0.16902373731136322,
          "x": -0.9664567708969116,
          "y": -0.13276219367980957,
          "z": 0.1405932456254959
        },
        "matrix": [
          [
            0.9252152442932129,
            0.20909078419208527,
            -0.3166346549987793,
            0.4994431138038635
          ],
          [
            0.3041452169418335,
            -0.9076105356216431,
            0.28937655687332153,
            -0.22585810720920563
          ],
          [
            -0.22687631845474243,
            -0.3640419840812683,
            -0.9033353328704834,
            1.453246831893921
          ],
          [
            0.0,
            0.0,
            0.0,
            1.0
          ]
        ]
      },
      "bone_length_armature_space": 0.11717188552303702,
      "parent": "lowerarm_l",
      "has_children": true,
      "is_end_bone": false
    },
    "index_01_l": {
      "name": "index_01_l",
      "local": {
        "location": {
          "x": 0.0,
          "y": 0.0,
          "z": 0.0
        },
        "rotation_quaternion": {
          "w": 0.9967960119247437,
          "x": -0.07984728366136551,
          "y": -0.0025415420532226562,
          "z": 0.003958789631724358
        },
        "scale": {
          "x": 1.0,
          "y": 1.0,
          "z": 1.0
        },
        "matrix_basis": [
          [
            0.9999557137489319,
            -0.007486341055482626,
            -0.00569899519905448,
            0.0
          ],
          [
            0.008298082277178764,
            0.9872174859046936,
            0.15916278958320618,
            0.0
          ],
          [
            0.004434600938111544,
            -0.15920303761959076,
            0.9872359037399292,
            0.0
          ],
          [
            0.0,
            0.0,
            0.0,
            1.0
          ]
        ],
        "rotation_mode": "QUATERNION"
      },
      "armature_space": {
        "head": {
          "x": 0.5239426493644714,
          "y": -0.3954484164714813,
          "z": 0.4607374370098114
        },
        "tail": {
          "x": 0.5404629111289978,
          "y": -0.41834303736686707,
          "z": 0.4567389190196991
        }
      },
      "world_space": {
        "head": {
          "x": 0.5239426493644714,
          "y": -0.3322044014930725,
          "z": 1.41059148311615
        },
        "tail": {
          "x": 0.5404629111289978,
          "y": -0.35509902238845825,
          "z": 1.4065929651260376
        },
        "rotation_quaternion": {
          "w": 0.05397240072488785,
          "x": -0.9474659562110901,
          "y": -0.30924031138420105,
          "z": 0.06136510521173477
        },
        "matrix": [
          [
            0.8012093305587769,
            0.5793652534484863,
            -0.14966386556625366,
            0.5239426493644714
          ],
          [
            0.5926135182380676,
            -0.8029148578643799,
            0.06432010233402252,
            -0.3322044014930725
          ],
          [
            -0.08290254324674606,
            -0.14022842049598694,
            -0.9866495132446289,
            1.41059148311615
          ],
          [
            0.0,
            0.0,
            0.0,
            1.0
          ]
        ]
      },
      "bone_length_armature_space": 0.028514397148501482,
      "parent": "metacarpal_index_l",
      "has_children": true,
      "is_end_bone": false
    },
    "index_02_l": {
      "name": "index_02_l",
      "local": {
        "location": {
          "x": 0.0,
          "y": 0.0,
          "z": 0.0
        },
        "rotation_quaternion": {
          "w": 0.9999377727508545,
          "x": 0.008684070780873299,
          "y": -0.0033754543401300907,
          "z": -0.006148135755211115
        },
        "scale": {
          "x": 1.0,
          "y": 1.0,
          "z": 1.0
        },
        "matrix_basis": [
          [
            0.9999015927314758,
            0.012236881069839,
            -0.006857270374894142,
            0.0
          ],
          [
            -0.012354131788015366,
            0.9997735619544983,
            -0.01732555590569973,
            0.0
          ],
          [
            0.0066437069326639175,
            0.017408566549420357,
            0.9998263716697693,
            0.0
          ],
          [
            0.0,
            0.0,
            0.0,
            1.0
          ]
        ],
        "rotation_mode": "QUATERNION"
      },
      "armature_space": {
        "head": {
          "x": 0.540462851524353,
          "y": -0.4183434545993805,
          "z": 0.45673859119415283
        },
        "tail": {
          "x": 0.5562398433685303,
          "y": -0.4383057653903961,
          "z": 0.45347002148628235
        }
      },
      "world_space": {
        "head": {
          "x": 0.540462851524353,
          "y": -0.3550994396209717,
          "z": 1.406592607498169
        },
        "tail": {
          "x": 0.5562398433685303,
          "y": -0.3750617504119873,
          "z": 1.403324007987976
        },
        "rotation_quaternion": {
          "w": 0.03547588735818863,
          "x": -0.93842613697052,
          "y": -0.33115318417549133,
          "z": 0.09184444695711136
        },
        "matrix": [
          [
            0.7638040781021118,
            0.6150090098381042,
            -0.19587451219558716,
            0.540462851524353
          ],
          [
            0.6280422210693359,
            -0.7781580686569214,
            0.005752905271947384,
            -0.3550994396209717
          ],
          [
            -0.14888373017311096,
            -0.12741315364837646,
            -0.9806190133094788,
            1.406592607498169
          ],
          [
            0.0,
            0.0,
            0.0,
            1.0
          ]
        ]
      },
      "bone_length_armature_space": 0.025653281737586728,
      "parent": "index_01_l",
      "has_children": true,
      "is_end_bone": false
    },
    "index_03_l": {
      "name": "index_03_l",
      "local": {
        "location": {
          "x": 0.0,
          "y": 0.0,
          "z": 0.0
        },
        "rotation_quaternion": {
          "w": 0.9995431900024414,
          "x": 0.029250146821141243,
          "y": -0.004434274975210428,
          "z": -0.006180798169225454
        },
        "scale": {
          "x": 1.0,
          "y": 1.0,
          "z": 1.0
        },
        "matrix_basis": [
          [
            0.9998842477798462,
            0.012096542865037918,
            -0.009226077236235142,
            0.0
          ],
          [
            -0.012615355663001537,
            0.998212456703186,
            -0.05841875448822975,
            0.0
          ],
          [
            0.008502920158207417,
            0.05852838605642319,
            0.9982495307922363,
            0.0
          ],
          [
            0.0,
            0.0,
            0.0,
            1.0
          ]
        ],
        "rotation_mode": "QUATERNION"
      },
      "armature_space": {
        "head": {
          "x": 0.5562398433685303,
          "y": -0.4383057653903961,
          "z": 0.4534701704978943
        },
        "tail": {
          "x": 0.5754626989364624,
          "y": -0.4586919844150543,
          "z": 0.4451866149902344
        }
      },
      "world_space": {
        "head": {
          "x": 0.5562398433685303,
          "y": -0.3750617504119873,
          "z": 1.4033241271972656
        },
        "tail": {
          "x": 0.5754626989364624,
          "y": -0.3954479694366455,
          "z": 1.3950406312942505
        },
        "rotation_quaternion": {
          "w": 0.11988701671361923,
          "x": -0.9173188805580139,
          "y": -0.3698258399963379,
          "z": 0.0859198123216629
        },
        "matrix": [
          [
            0.711692750453949,
            0.657895028591156,
            -0.2463068962097168,
            0.5562398433685303
          ],
          [
            0.6990981101989746,
            -0.6977118849754333,
            0.15639732778072357,
            -0.3750617504119873
          ],
          [
            -0.06895804405212402,
            -0.2835022211074829,
            -0.9564963579177856,
            1.4033241271972656
          ],
          [
            0.0,
            0.0,
            0.0,
            1.0
          ]
        ]
      },
      "bone_length_armature_space": 0.02921871659926715,
      "parent": "index_02_l",
      "has_children": false,
      "is_end_bone": true
    },
    "metacarpal_pinky_l": {
      "name": "metacarpal_pinky_l",
      "local": {
        "location": {
          "x": 0.0,
          "y": 0.0,
          "z": 0.0
        },
        "rotation_quaternion": {
          "w": 0.9995519518852234,
          "x": -0.02874283865094185,
          "y": -0.0008098108228296041,
          "z": -0.00831594318151474
        },
        "scale": {
          "x": 1.0,
          "y": 1.0,
          "z": 1.0
        },
        "matrix_basis": [
          [
            0.999860405921936,
            0.016670987010002136,
            -0.0011408483842387795,
            0.0
          ],
          [
            -0.016577882692217827,
            0.9982094168663025,
            0.05747339129447937,
            0.0
          ],
          [
            0.0020969435572624207,
            -0.05744645372033119,
            0.9983463883399963,
            0.0
          ],
          [
            0.0,
            0.0,
            0.0,
            1.0
          ]
        ],
        "rotation_mode": "QUATERNION"
      },
      "armature_space": {
        "head": {
          "x": 0.4994431138038635,
          "y": -0.28910210728645325,
          "z": 0.5033928751945496
        },
        "tail": {
          "x": 0.5742989778518677,
          "y": -0.3603609800338745,
          "z": 0.49066540598869324
        }
      },
      "world_space": {
        "head": {
          "x": 0.4994431138038635,
          "y": -0.22585810720920563,
          "z": 1.453246831893921
        },
        "tail": {
          "x": 0.5742989778518677,
          "y": -0.2971169948577881,
          "z": 1.4405194520950317
        },
        "rotation_quaternion": {
          "w": 0.34189629554748535,
          "x": 0.3284197151660919,
          "y": 0.20235125720500946,
          "z": -0.8569139838218689
        },
        "matrix": [
          [
            -0.5504947900772095,
            0.7188641428947449,
            -0.42448747158050537,
            0.4994431138038635
          ],
          [
            -0.45304015278816223,
            -0.6843211054801941,
            -0.5713662505149841,
            -0.22585810720920563
          ],
          [
            -0.7012259364128113,
            -0.12222574651241302,
            0.7023938298225403,
            1.453246831893921
          ],
          [
            0.0,
            0.0,
            0.0,
            1.0
          ]
        ]
      },
      "bone_length_armature_space": 0.10413076292208527,
      "parent": "lowerarm_l",
      "has_children": true,
      "is_end_bone": false
    },
    "pinky_01_l": {
      "name": "pinky_01_l",
      "local": {
        "location": {
          "x": 0.0,
          "y": 0.0,
          "z": 0.0
        },
        "rotation_quaternion": {
          "w": 0.9952020645141602,
          "x": -0.09580336511135101,
          "y": 0.014615592546761036,
          "z": -0.013459030538797379
        },
        "scale": {
          "x": 1.0,
          "y": 1.0,
          "z": 1.0
        },
        "matrix_basis": [
          [
            0.9992104768753052,
            0.02398846484720707,
            0.031669776886701584,
            0.0
          ],
          [
            -0.029589354991912842,
            0.9812811613082886,
            0.19029399752616882,
            0.0
          ],
          [
            -0.02651209570467472,
            -0.19108083844184875,
            0.9812161922454834,
            0.0
          ],
          [
            0.0,
            0.0,
            0.0,
            1.0
          ]
        ],
        "rotation_mode": "QUATERNION"
      },
      "armature_space": {
        "head": {
          "x": 0.5742989778518677,
          "y": -0.3603609800338745,
          "z": 0.49066540598869324
        },
