{
  "metadata": {
    "armature_name": "KIM_caucasian_male",
    "export_time": "2026-01-13T20:25:35.633466",
    "blender_version": "4.4.1",
    "bone_count": 56,
    "end_bone_count": 13,
    "spaces_included": [
      "LOCAL_CHANNELS",
      "ARMATURE_SPACE",
      "WORLD_SPACE"
    ],
    "note": "LOCAL matches Transform panel; replay pose via local.matrix_basis for best fidelity."
  },
  "bones": {
    "Root": {
      "name": "Root",
      "local": {
        "location": {
          "x": 0.0,
          "y": 0.0,
          "z": 0.0
        },
        "rotation_quaternion": {
          "w": 0.999746561050415,
          "x": 0.017767341807484627,
          "y": 0.004141759593039751,
          "z": 0.013197374530136585
        },
        "scale": {
          "x": 1.0,
          "y": 1.0,
          "z": 1.0
        },
        "matrix_basis": [
          [
            0.999617338180542,
            -0.026240883395075798,
            0.00875038467347622,
            0.0
          ],
          [
            0.026535235345363617,
            0.9990202784538269,
            -0.03541635721921921,
            0.0
          ],
          [
            -0.0078124552965164185,
            0.035634998232126236,
            0.9993343353271484,
            0.0
          ],
          [
            0.0,
            0.0,
            0.0,
            1.0
          ]
        ],
        "rotation_mode": "QUATERNION"
      },
      "armature_space": {
        "head": {
          "x": 0.0,
          "y": 0.07072800397872925,
          "z": -0.009595036506652832
        },
        "tail": {
          "x": -0.0018729658331722021,
          "y": -0.0002726241946220398,
          "z": -0.002529810182750225
        }
      },
      "world_space": {
        "head": {
          "x": 0.0,
          "y": 0.13397200405597687,
          "z": 0.9402589797973633
        },
        "tail": {
          "x": -0.0018729658331722021,
          "y": 0.06297137588262558,
          "z": 0.9473242163658142
        },
        "rotation_quaternion": {
          "w": 0.04962359741330147,
          "x": 0.9986721873283386,
          "y": -0.01288837194442749,
          "z": 0.005021428689360619
        },
        "matrix": [
          [
            0.999617338180542,
            -0.026240883395075798,
            0.00875038467347622,
            0.0
          ],
          [
            -0.025244152173399925,
            -0.994742751121521,
            -0.09924532473087311,
            0.13397200405597687
          ],
          [
            0.011308721266686916,
            0.0989862009882927,
            -0.9950315356254578,
            0.9402589797973633
          ],
          [
            0.0,
            0.0,
            0.0,
            1.0
          ]
        ]
      },
      "bone_length_armature_space": 0.07137586986906878,
      "parent": null,
      "has_children": true,
      "is_end_bone": false
    },
    "spine_01": {
      "name": "spine_01",
      "local": {
        "location": {
          "x": 0.0,
          "y": 0.0,
          "z": 0.0
        },
        "rotation_quaternion": {
          "w": 0.9964799284934998,
          "x": 0.026944398880004883,
          "y": 0.03018057905137539,
          "z": 0.07342260330915451
        },
        "scale": {
          "x": 1.0,
          "y": 1.0,
          "z": 1.0
        },
        "matrix_basis": [
          [
            0.9873964786529541,
            -0.14470191299915314,
            0.06410533934831619,
            0.0
          ],
          [
            0.14795470237731934,
            0.9877662658691406,
            -0.0492672324180603,
            0.0
          ],
          [
            -0.056192025542259216,
            0.05813097953796387,
            0.9967262744903564,
            0.0
          ],
          [
            0.0,
            0.0,
            0.0,
            1.0
          ]
        ],
        "rotation_mode": "QUATERNION"
      },
      "armature_space": {
        "head": {
          "x": -0.0018729658331722021,
          "y": -0.0002726241946220398,
          "z": -0.002529810182750225
        },
        "tail": {
          "x": -0.07849465310573578,
          "y": -0.021374089643359184,
          "z": 0.4789598286151886
        }
      },
      "world_space": {
        "head": {
          "x": -0.0018729658331722021,
          "y": 0.06297137588262558,
          "z": 0.9473242163658142
        },
        "tail": {
          "x": -0.07849465310573578,
          "y": 0.041869908571243286,
          "z": 1.4288138151168823
        },
        "rotation_quaternion": {
          "w": 0.6903027296066284,
          "x": 0.7189497947692871,
          "y": -0.04314827546477318,
          "z": 0.06878746300935745
        },
        "matrix": [
          [
            0.9868130087852478,
            -0.1570112556219101,
            0.0393376350402832,
            -0.0018729658331722021
          ],
          [
            0.032924406230449677,
            -0.04324059933423996,
            -0.9985220432281494,
            0.06297137588262558
          ],
          [
            0.15848131477832794,
            0.9866566061973572,
            -0.03750205412507057,
            0.9473242163658142
          ],
          [
            0.0,
            0.0,
            0.0,
            1.0
          ]
        ]
      },
      "bone_length_armature_space": 0.4880045297424175,
      "parent": "Root",
      "has_children": true,
      "is_end_bone": false
    },
    "neck_01": {
      "name": "neck_01",
      "local": {
        "location": {
          "x": 0.0,
          "y": 0.0,
          "z": 0.0
        },
        "rotation_quaternion": {
          "w": 0.9805840253829956,
          "x": -0.15331308543682098,
          "y": -0.023945670574903488,
          "z": 0.11990294605493546
        },
        "scale": {
          "x": 1.0,
          "y": 1.0,
          "z": 1.0
        },
        "matrix_basis": [
          [
            0.9700997471809387,
            -0.22780746221542358,
            -0.08372686803340912,
            0.0
          ],
          [
            0.2424921989440918,
            0.9242367744445801,
            0.2949303984642029,
            0.0
          ],
          [
            0.010196102783083916,
            -0.30641505122184753,
            0.9518433809280396,
            0.0
          ],
          [
            0.0,
            0.0,
            0.0,
            1.0
          ]
        ],
        "rotation_mode": "QUATERNION"
      },
      "armature_space": {
        "head": {
          "x": -0.08862652629613876,
          "y": -0.059169284999370575,
          "z": 0.5499007701873779
        },
        "tail": {
          "x": -0.12698641419410706,
          "y": -0.07113362103700638,
          "z": 0.6442199945449829
        }
      },
      "world_space": {
        "head": {
          "x": -0.08862652629613876,
          "y": 0.004074715077877045,
          "z": 1.499754786491394
        },
        "tail": {
          "x": -0.12698641419410706,
          "y": -0.007889620959758759,
          "z": 1.594074010848999
        },
        "rotation_quaternion": {
          "w": 0.6464981436729431,
          "x": 0.7385509014129639,
          "y": -0.15391427278518677,
          "z": 0.11354836821556091
        },
        "matrix": [
          [
            0.9268341064453125,
            -0.374164879322052,
            -0.03129008412361145,
            -0.08862652629613876
          ],
          [
            -0.08053150773048401,
            -0.1167009174823761,
            -0.989896833896637,
            0.004074715077877045
          ],
          [
            0.36673545837402344,
            0.9199962615966797,
            -0.13829636573791504,
            1.499754786491394
          ],
          [
            0.0,
            0.0,
            0.0,
            1.0
          ]
        ]
      },
      "bone_length_armature_space": 0.10252191259664321,
      "parent": "spine_01",
      "has_children": true,
      "is_end_bone": false
    },
    "head": {
      "name": "head",
      "local": {
        "location": {
          "x": 0.0,
          "y": 0.0,
          "z": 0.0
        },
        "rotation_quaternion": {
          "w": 0.9572542905807495,
          "x": -0.17187781631946564,
          "y": 0.016815176233649254,
          "z": -0.2320338785648346
        },
        "scale": {
          "x": 1.0,
          "y": 1.0,
          "z": 1.0
        },
        "matrix_basis": [
          [
            0.8917550444602966,
            0.43845054507255554,
            0.11195575445890427,
            0.0
          ],
          [
            -0.45001116394996643,
            0.833236575126648,
            0.32125818729400635,
            0.0
          ],
          [
            0.04757015407085419,
            -0.3368649482727051,
            0.9403505325317383,
            0.0
          ],
          [
            0.0,
            0.0,
            0.0,
            1.0
          ]
        ],
        "rotation_mode": "QUATERNION"
      },
      "armature_space": {
        "head": {
          "x": -0.12698638439178467,
          "y": -0.07113376259803772,
          "z": 0.6442199349403381
        },
        "tail": {
          "x": -0.0989699587225914,
          "y": 0.005802549421787262,
          "z": 0.7759360074996948
        }
      },
      "world_space": {
        "head": {
          "x": -0.12698638439178467,
          "y": -0.0078897625207901,
          "z": 1.594074010848999
        },
        "tail": {
          "x": -0.0989699587225914,
          "y": 0.06904654949903488,
          "z": 1.725790023803711
        },
        "rotation_quaternion": {
          "w": 0.8644863963127136,
          "x": 0.48754972219467163,
          "y": -0.0264663714915514,
          "z": -0.1194080039858818
        },
        "matrix": [
          [
            0.9700824022293091,
            0.18064600229263306,
            -0.16219502687454224,
            -0.12698638439178467
          ],
          [
            -0.2322612702846527,
            0.4960745573043823,
            -0.8366391062736511,
            -0.0078897625207901
          ],
          [
            -0.07067552208900452,
            0.8492867946624756,
            0.5231931209564209,
            1.594074010848999
          ],
          [
            0.0,
            0.0,
            0.0,
            1.0
          ]
        ]
      },
      "bone_length_armature_space": 0.1550910708362167,
      "parent": "neck_01",
      "has_children": false,
      "is_end_bone": true
    },
    "upperarm_l": {
      "name": "upperarm_l",
      "local": {
        "location": {
          "x": 0.0,
          "y": 0.0,
          "z": 0.0
        },
        "rotation_quaternion": {
          "w": 0.9429614543914795,
          "x": 0.3197578191757202,
          "y": 0.054308440536260605,
          "z": 0.07502853870391846
        },
        "scale": {
          "x": 1.0,
          "y": 1.0,
          "z": 1.0
        },
        "matrix_basis": [
          [
            0.9828426241874695,
            -0.1067669466137886,
            0.1504034548997879,
            0.0
          ],
          [
            0.17622913420200348,
            0.78425133228302,
            -0.594889223575592,
            0.0
          ],
          [
            -0.05443960800766945,
            0.6111879348754883,
            0.7896110415458679,
            0.0
          ],
          [
            0.0,
            0.0,
            0.0,
            1.0
          ]
        ],
        "rotation_mode": "QUATERNION"
      },
      "armature_space": {
        "head": {
          "x": 0.07007325440645218,
          "y": -0.054508935660123825,
          "z": 0.5072423219680786
        },
        "tail": {
          "x": 0.28714388608932495,
          "y": -0.2040622979402542,
          "z": 0.5554271340370178
        }
      },
      "world_space": {
        "head": {
          "x": 0.07007325440645218,
          "y": 0.008735064417123795,
          "z": 1.4570963382720947
        },
        "tail": {
          "x": 0.28714388608932495,
          "y": -0.1408182978630066,
          "z": 1.5052812099456787
        },
        "rotation_quaternion": {
          "w": 0.3419380187988281,
          "x": 0.7303833365440369,
          "y": 0.32253512740135193,
          "z": -0.49557003378868103
        },
        "matrix": [
          [
            0.3007625341415405,
            0.8100574016571045,
            -0.5033377408981323,
            0.07007325440645218
          ],
          [
            0.1322406381368637,
            -0.558098554611206,
            -0.8191694021224976,
            0.008735064417123795
          ],
          [
            -0.9444928169250488,
            0.17981451749801636,
            -0.2749803066253662,
            1.4570963382720947
          ],
          [
            0.0,
            0.0,
            0.0,
            1.0
          ]
        ]
      },
      "bone_length_armature_space": 0.26796948569060564,
      "parent": "spine_01",
      "has_children": true,
      "is_end_bone": false
    },
    "lowerarm_l": {
      "name": "lowerarm_l",
      "local": {
        "location": {
          "x": 0.0,
          "y": 0.0,
          "z": 0.0
        },
        "rotation_quaternion": {
          "w": 0.9913891553878784,
          "x": 0.024592677131295204,
          "y": -0.06063020974397659,
          "z": -0.11343175917863846
        },
        "scale": {
          "x": 1.0,
          "y": 1.0,
          "z": 1.0
        },
        "matrix_basis": [
          [
            0.9669144153594971,
            0.22192791104316711,
            -0.12579543888568878,
            0.0
          ],
          [
            -0.22789214551448822,
            0.9730568528175354,
            -0.035007044672966,
            0.0
          ],
          [
            0.11463708430528641,
            0.06251660734415054,
            0.9914383292198181,
            0.0
          ],
          [
            0.0,
            0.0,
            0.0,
            1.0
          ]
        ],
        "rotation_mode": "QUATERNION"
      },
      "armature_space": {
        "head": {
          "x": 0.28714388608932495,
          "y": -0.20406240224838257,
          "z": 0.5554272532463074
        },
        "tail": {
          "x": 0.480669230222702,
          "y": -0.3887197971343994,
          "z": 0.5510775446891785
        }
      },
      "world_space": {
        "head": {
          "x": 0.28714388608932495,
          "y": -0.14081840217113495,
          "z": 1.5052812099456787
        },
        "tail": {
          "x": 0.480669230222702,
          "y": -0.325475811958313,
          "z": 1.5009315013885498
        },
        "rotation_quaternion": {
          "w": 0.265948086977005,
          "x": 0.6634961366653442,
          "y": 0.2900843620300293,
          "z": -0.6363139748573303
        },
        "matrix": [
          [
            0.02191067487001419,
            0.7233930230140686,
            -0.6900885105133057,
            0.28714388608932495
          ],
          [
            0.04648631811141968,
            -0.6902447938919067,
            -0.722081184387207,
            -0.14081840217113495
          ],
          [
            -0.9986854791641235,
            -0.016259199008345604,
            -0.04875262826681137,
            1.5052812099456787
          ],
          [
            0.0,
            0.0,
            0.0,
            1.0
          ]
        ]
      },
      "bone_length_armature_space": 0.26752444786320195,
      "parent": "upperarm_l",
      "has_children": true,
      "is_end_bone": false
    },
    "metacarpal_thumb_l": {
      "name": "metacarpal_thumb_l",
      "local": {
        "location": {
          "x": 0.0,
          "y": 0.0,
          "z": 0.0
        },
        "rotation_quaternion": {
          "w": 0.9997186660766602,
          "x": -0.021270275115966797,
          "y": -0.007387429941445589,
          "z": 0.007460242602974176
        },
        "scale": {
          "x": 1.0,
          "y": 1.0,
          "z": 1.0
        },
        "matrix_basis": [
          [
            0.9997795224189758,
            -0.014602022245526314,
            -0.015088066458702087,
            0.0
          ],
          [
            0.015230553224682808,
            0.9989838600158691,
            0.042418356984853745,
            0.0
          ],
          [
            0.014453340321779251,
            -0.04263880476355553,
            0.998986005783081,
            0.0
          ],
          [
            0.0,
            0.0,
            0.0,
            1.0
          ]
        ],
        "rotation_mode": "QUATERNION"
      },
      "armature_space": {
        "head": {
          "x": 0.480669230222702,
          "y": -0.3887197971343994,
          "z": 0.5510775446891785
        },
        "tail": {
          "x": 0.48845231533050537,
          "y": -0.436806321144104,
          "z": 0.5420944094657898
        }
      },
      "world_space": {
        "head": {
          "x": 0.480669230222702,
          "y": -0.325475811958313,
          "z": 1.5009315013885498
        },
        "tail": {
          "x": 0.48845231533050537,
          "y": -0.3735623359680176,
          "z": 1.4919483661651611
        },
        "rotation_quaternion": {
          "w": 0.08840953558683395,
          "x": -0.9920135140419006,
          "y": -0.08241105079650879,
          "z": 0.03607451543211937
        },
        "matrix": [
          [
            0.9838139414787292,
            0.15712697803974152,
            -0.08614475280046463,
            0.480669230222702
          ],
          [
            0.1698845475912094,
            -0.9707843661308289,
            0.1694604903459549,
            -0.325475811958313
          ],
          [
            -0.05700141191482544,
            -0.18135446310043335,
            -0.9817714691162109,
            1.5009315013885498
          ],
          [
            0.0,
            0.0,
            0.0,
            1.0
          ]
        ]
      },
      "bone_length_armature_space": 0.04953369460819649,
      "parent": "lowerarm_l",
      "has_children": true,
      "is_end_bone": false
    },
    "thumb_01_l": {
      "name": "thumb_01_l",
      "local": {
        "location": {
          "x": 0.0,
          "y": 0.0,
          "z": 0.0
        },
        "rotation_quaternion": {
          "w": 0.9675499200820923,
          "x": 0.2519296407699585,
          "y": 0.019319187849760056,
          "z": -0.0023428709246218204
        },
        "scale": {
          "x": 1.0,
          "y": 1.0,
          "z": 1.0
        },
        "matrix_basis": [
          [
            0.9992425441741943,
            0.01426784135401249,
            0.036204081028699875,
            0.0
          ],
          [
            0.005200462881475687,
            0.8730519413948059,
            -0.48759952187538147,
            0.0
          ],
          [
            -0.03856503590941429,
            0.4874184727668762,
            0.8723164796829224,
            0.0
          ],
          [
            0.0,
            0.0,
            0.0,
            1.0
          ]
        ],
        "rotation_mode": "QUATERNION"
      },
      "armature_space": {
        "head": {
          "x": 0.48845231533050537,
          "y": -0.436806321144104,
          "z": 0.5420944094657898
        },
        "tail": {
          "x": 0.5024754405021667,
          "y": -0.4514376223087311,
          "z": 0.5147464275360107
        }
      },
      "world_space": {
        "head": {
          "x": 0.48845231533050537,
          "y": -0.3735623359680176,
          "z": 1.4919483661651611
        },
        "tail": {
          "x": 0.5024754405021667,
          "y": -0.38819360733032227,
          "z": 1.4646004438400269
        },
        "rotation_quaternion": {
          "w": 0.4983235001564026,
          "x": -0.5636964440345764,
          "y": 0.19170387089252472,
          "z": -0.6302140355110168
        },
        "matrix": [
          [
            0.1321610063314438,
            0.41197794675827026,
            0.9015583992004395,
            0.48845231533050537
          ],
          [
            -0.8442264199256897,
            -0.42984479665756226,
            0.32017964124679565,
            -0.3735623359680176
          ],
          [
            0.5194399356842041,
            -0.8034408688545227,
            0.29099634289741516,
            1.4919483661651611
          ],
          [
            0.0,
            0.0,
            0.0,
            1.0
          ]
        ]
      },
      "bone_length_armature_space": 0.03403872945500347,
      "parent": "metacarpal_thumb_l",
      "has_children": true,
      "is_end_bone": false
    },
    "thumb_02_l": {
      "name": "thumb_02_l",
      "local": {
        "location": {
          "x": 0.0,
          "y": 0.0,
          "z": 0.0
        },
        "rotation_quaternion": {
          "w": 0.8982258439064026,
          "x": 0.4394819140434265,
          "y": -0.0010589234298095107,
          "z": -0.006709126755595207
        },
        "scale": {
          "x": 1.0,
          "y": 1.0,
          "z": 1.0
        },
        "matrix_basis": [
          [
            0.9999077320098877,
            0.011121866293251514,
            -0.0077993846498429775,
            0.0
          ],
          [
            -0.01298337709158659,
            0.6136212944984436,
            -0.7894937992095947,
            0.0
          ],
          [
            -0.003994775004684925,
            0.7895222306251526,
            0.613709032535553,
            0.0
          ],
          [
            0.0,
            0.0,
            0.0,
            1.0
          ]
        ],
        "rotation_mode": "QUATERNION"
      },
      "armature_space": {
        "head": {
          "x": 0.5024754405021667,
          "y": -0.4514376223087311,
          "z": 0.5147464275360107
        },
        "tail": {
          "x": 0.5244301557540894,
          "y": -0.45657244324684143,
          "z": 0.5479851961135864
        }
      },
      "world_space": {
        "head": {
          "x": 0.5024754405021667,
          "y": -0.38819360733032227,
          "z": 1.4646004438400269
        },
        "tail": {
          "x": 0.5244301557540894,
          "y": -0.3933284282684326,
          "z": 1.4978392124176025
        },
        "rotation_quaternion": {
          "w": 0.4481518268585205,
          "x": 0.12125826627016068,
          "y": -0.4850117862224579,
          "z": -0.7410938739776611
        },
        "matrix": [
          [
            -0.5689106583595276,
            0.5466218590736389,
            -0.6144469976425171,
            0.5024754405021667
          ],
          [
            -0.7818700671195984,
            -0.1278453916311264,
            0.6101923584938049,
            -0.38819360733032227
          ],
          [
            0.25499120354652405,
            0.8275684118270874,
            0.5001240372657776,
            1.4646004438400269
          ],
          [
            0.0,
            0.0,
            0.0,
            1.0
          ]
        ]
      },
      "bone_length_armature_space": 0.04016455717075553,
      "parent": "thumb_01_l",
      "has_children": true,
      "is_end_bone": false
    },
    "thumb_03_l": {
      "name": "thumb_03_l",
      "local": {
        "location": {
          "x": 0.0,
          "y": 0.0,
          "z": 0.0
        },
        "rotation_quaternion": {
          "w": 0.9902883768081665,
          "x": 0.1390034705400467,
          "y": 0.0024592005647718906,
          "z": -0.0009512743563391268
        },
        "scale": {
          "x": 1.0,
          "y": 1.0,
          "z": 1.0
        },
        "matrix_basis": [
          [
            0.9999861121177673,
            0.002567746676504612,
            0.004606174770742655,
            0.0
          ],
          [
            -0.0012003970332443714,
            0.9613542556762695,
            -0.2753117084503174,
            0.0
          ],
          [
            -0.0051350961439311504,
            0.27530235052108765,
            0.9613440036773682,
            0.0
          ],
          [
            0.0,
            0.0,
            0.0,
            1.0
          ]
        ],
        "rotation_mode": "QUATERNION"
      },
      "armature_space": {
        "head": {
          "x": 0.5244301557540894,
          "y": -0.4565725326538086,
          "z": 0.5479851365089417
        },
        "tail": {
          "x": 0.5300493240356445,
          "y": -0.4493858218193054,
          "z": 0.5770313143730164
        }
      },
      "world_space": {
        "head": {
          "x": 0.5244301557540894,
          "y": -0.39332854747772217,
          "z": 1.4978392124176025
        },
        "tail": {
          "x": 0.5300493240356445,
          "y": -0.386141836643219,
          "z": 1.5268852710723877
        },
        "rotation_quaternion": {
          "w": 0.5478540062904358,
          "x": 0.3386733829975128,
          "y": -0.5638126134872437,
          "z": -0.5169833302497864
        },
        "matrix": [
          [
            -0.17031310498714447,
            0.18456757068634033,
            -0.9679505825042725,
            0.5244301557540894
          ],
          [
            -0.9483593106269836,
            0.23605653643608093,
            0.21187680959701538,
            -0.39332854747772217
          ],
          [
            0.2675975263118744,
            0.9540572762489319,
            0.13483408093452454,
            1.4978392124176025
          ],
          [
            0.0,
            0.0,
            0.0,
            1.0
          ]
        ]
      },
      "bone_length_armature_space": 0.030445103537183108,
      "parent": "thumb_02_l",
      "has_children": false,
      "is_end_bone": true
    },
    "metacarpal_index_l": {
      "name": "metacarpal_index_l",
      "local": {
        "location": {
          "x": 0.0,
          "y": 0.0,
          "z": 0.0
        },
        "rotation_quaternion": {
          "w": 0.9985240697860718,
          "x": -0.0526132807135582,
          "y": 0.0006229490973055363,
          "z": 0.01345836278051138
        },
        "scale": {
          "x": 1.0,
          "y": 1.0,
          "z": 1.0
        },
        "matrix_basis": [
          [
            0.9996369481086731,
            -0.026942549273371696,
            -0.00017211789963766932,
            0.0
          ],
          [
            0.026811446994543076,
            0.9941014051437378,
            0.10508802533149719,
            0.0
          ],
          [
            -0.002660236554220319,
            -0.10505449026823044,
            0.9944629073143005,
            0.0
          ],
          [
            0.0,
            0.0,
            0.0,
            1.0
          ]
        ],
        "rotation_mode": "QUATERNION"
      },
      "armature_space": {
        "head": {
          "x": 0.480669230222702,
          "y": -0.3887197971343994,
          "z": 0.5510775446891785
        },
        "tail": {
          "x": 0.5404974818229675,
          "y": -0.48943325877189636,
          "z": 0.553644597530365
        }
      },
      "world_space": {
        "head": {
          "x": 0.480669230222702,
          "y": -0.325475811958313,
          "z": 1.5009315013885498
        },
        "tail": {
          "x": 0.5404974818229675,
          "y": -0.42618924379348755,
          "z": 1.5034985542297363
        },
        "rotation_quaternion": {
          "w": 0.08591976016759872,
          "x": 0.9247238039970398,
          "y": 0.2506968677043915,
          "z": -0.27323058247566223
        },
        "matrix": [
          [
            0.7249919176101685,
            0.5106029510498047,
            -0.46224549412727356,
            0.480669230222702
          ],
          [
            0.41669899225234985,
            -0.8595372438430786,
            -0.2959013879299164,
            -0.325475811958313
          ],
          [
            -0.5484089255332947,
            0.021908216178417206,
            -0.8359315991401672,
            1.5009315013885498
          ],
          [
            0.0,
            0.0,
            0.0,
            1.0
          ]
        ]
      },
      "bone_length_armature_space": 0.11717171742007616,
      "parent": "lowerarm_l",
      "has_children": true,
      "is_end_bone": false
    },
    "index_01_l": {
      "name": "index_01_l",
      "local": {
        "location": {
          "x": 0.0,
          "y": 0.0,
          "z": 0.0
        },
        "rotation_quaternion": {
          "w": 0.9541232585906982,
          "x": 0.29899120330810547,
          "y": -0.01219418365508318,
          "z": -0.010214990936219692
        },
        "scale": {
          "x": 1.0,
          "y": 1.0,
          "z": 1.0
        },
        "matrix_basis": [
          [
            0.9994938969612122,
            0.012200813740491867,
            -0.02937789261341095,
            0.0
          ],
          [
            -0.026784628629684448,
            0.820999801158905,
            -0.5702998042106628,
            0.0
          ],
          [
            0.01716112345457077,
            0.5707980394363403,
            0.8209111094474792,
            0.0
          ],
          [
            0.0,
            0.0,
            0.0,
            1.0
          ]
        ],
        "rotation_mode": "QUATERNION"
      },
      "armature_space": {
        "head": {
          "x": 0.5404974818229675,
          "y": -0.48943325877189636,
          "z": 0.553644597530365
        },
        "tail": {
          "x": 0.5532776117324829,
          "y": -0.5097030401229858,
          "z": 0.5381889343261719
        }
      },
      "world_space": {
        "head": {
          "x": 0.5404974818229675,
          "y": -0.42618924379348755,
          "z": 1.5034985542297363
        },
        "tail": {
          "x": 0.5532776117324829,
          "y": -0.4464590549468994,
          "z": 1.488042950630188
        },
        "rotation_quaternion": {
          "w": 0.16779601573944092,
          "x": -0.8434476852416992,
          "y": -0.3411937355995178,
          "z": 0.37950944900512695
        },
        "matrix": [
          [
            0.4791179597377777,
            0.44819924235343933,
            -0.7546939253807068,
            0.5404974818229675
          ],
          [
            0.7029188275337219,
            -0.7108622789382935,
            0.02407965064048767,
            -0.42618924379348755
          ],
          [
            -0.5256941318511963,
            -0.5420302152633667,
            -0.6556394100189209,
            1.5034985542297363
          ],
          [
            0.0,
            0.0,
            0.0,
            1.0
          ]
        ]
      },
      "bone_length_armature_space": 0.028514440016669237,
      "parent": "metacarpal_index_l",
      "has_children": true,
      "is_end_bone": false
    },
    "index_02_l": {
      "name": "index_02_l",
      "local": {
        "location": {
          "x": 0.0,
          "y": 0.0,
          "z": 0.0
        },
        "rotation_quaternion": {
          "w": 0.8916440606117249,
          "x": 0.4526536166667938,
          "y": 0.00039177044527605176,
          "z": -0.008691085502505302
        },
        "scale": {
          "x": 1.0,
          "y": 1.0,
          "z": 1.0
        },
        "matrix_basis": [
          [
            0.9998486042022705,
            0.015853382647037506,
            -0.0071694632060825825,
            0.0
          ],
          [
            -0.015144037082791328,
            0.5900583267211914,
            -0.807218611240387,
            0.0
          ],
          [
            -0.008566741831600666,
            0.8072050213813782,
            0.5902091264724731,
            0.0
          ],
          [
            0.0,
            0.0,
            0.0,
            1.0
          ]
        ],
        "rotation_mode": "QUATERNION"
      },
      "armature_space": {
        "head": {
          "x": 0.5532774329185486,
          "y": -0.509703516960144,
          "z": 0.5381886959075928
        },
        "tail": {
          "x": 0.5449546575546265,
          "y": -0.5208243131637573,
          "z": 0.5166211724281311
        }
      },
      "world_space": {
        "head": {
          "x": 0.5532774329185486,
          "y": -0.4464595317840576,
          "z": 1.4880427122116089
        },
        "tail": {
          "x": 0.5449546575546265,
          "y": -0.4575803279876709,
          "z": 1.466475248336792
        },
        "rotation_quaternion": {
          "w": 0.509730875492096,
          "x": -0.6688361167907715,
          "y": -0.1530420184135437,
          "z": 0.5190481543540955
        },
        "matrix": [
          [
            0.4143342673778534,
            -0.3244331479072571,
            -0.8503351807594299,
            0.5532774329185486
          ],
          [
            0.7338698506355286,
            -0.4335029125213623,
            0.5229817628860474,
            -0.4464595317840576
          ],
          [
            -0.5382985472679138,
            -0.8407313823699951,
            0.05847737193107605,
            1.4880427122116089
          ],
          [
            0.0,
            0.0,
            0.0,
            1.0
          ]
        ]
      },
      "bone_length_armature_space": 0.025653436083269022,
      "parent": "index_01_l",
      "has_children": true,
      "is_end_bone": false
    },
    "index_03_l": {
      "name": "index_03_l",
      "local": {
        "location": {
          "x": 0.0,
          "y": 0.0,
          "z": 0.0
        },
        "rotation_quaternion": {
          "w": 0.9336153268814087,
          "x": 0.358203262090683,
          "y": -0.005438078194856644,
          "z": -0.004832351114600897
        },
        "scale": {
          "x": 1.0,
          "y": 1.0,
          "z": 1.0
        },
        "matrix_basis": [
          [
            0.9998941421508789,
            0.005127239506691694,
            -0.013616073876619339,
            0.0
          ],
          [
            -0.012918989174067974,
            0.7433341145515442,
            -0.6687955260276794,
            0.0
          ],
          [
            0.006692218594253063,
            0.6689006686210632,
            0.7433217167854309,
            0.0
          ],
          [
            0.0,
            0.0,
            0.0,
            1.0
          ]
        ],
        "rotation_mode": "QUATERNION"
      },
      "armature_space": {
        "head": {
          "x": 0.544954776763916,
          "y": -0.5208243727684021,
          "z": 0.5166212320327759
        },
        "tail": {
          "x": 0.521864116191864,
          "y": -0.5156949758529663,
          "z": 0.4994676113128662
        }
      },
      "world_space": {
        "head": {
          "x": 0.544954776763916,
          "y": -0.4575803875923157,
          "z": 1.466475248336792
        },
        "tail": {
          "x": 0.521864116191864,
          "y": -0.4524509906768799,
          "z": 1.4493216276168823
        },
        "rotation_quaternion": {
          "w": 0.7658952474594116,
          "x": -0.40559181571006775,
          "y": 0.034366607666015625,
          "z": 0.4977135956287384
        },
        "matrix": [
          [
            0.5021985173225403,
            -0.7902703881263733,
            -0.3510968089103699,
            0.544954776763916
          ],
          [
            0.7345170378684998,
            0.17555101215839386,
            0.6554892659187317,
            -0.4575803875923157
          ],
          [
            -0.4563809335231781,
            -0.587076723575592,
            0.6686340570449829,
            1.466475248336792
          ],
          [
            0.0,
            0.0,
            0.0,
            1.0
          ]
        ]
      },
      "bone_length_armature_space": 0.029218761889201805,
      "parent": "index_02_l",
      "has_children": false,
      "is_end_bone": true
    },
    "metacarpal_pinky_l": {
      "name": "metacarpal_pinky_l",
      "local": {
        "location": {
          "x": 0.0,
          "y": 0.0,
          "z": 0.0
        },
        "rotation_quaternion": {
          "w": 0.9994649291038513,
          "x": -0.028496842831373215,
          "y": -0.004293304402381182,
          "z": 0.015470780432224274
        },
        "scale": {
          "x": 1.0,
          "y": 1.0,
          "z": 1.0
        },
        "matrix_basis": [
          [
            0.9994844198226929,
            -0.03068031370639801,
            -0.009463750757277012,
            0.0
          ],
          [
            0.031169695779681206,
            0.9978971481323242,
            0.05683035030961037,
            0.0
          ],
          [
            0.007700277492403984,
            -0.057096030563116074,
            0.9983389973640442,
            0.0
          ],
          [
            0.0,
            0.0,
            0.0,
            1.0
          ]
        ],
        "rotation_mode": "QUATERNION"
      },
      "armature_space": {
        "head": {
          "x": 0.480669230222702,
          "y": -0.3887197971343994,
          "z": 0.5510775446891785
        },
        "tail": {
          "x": 0.5762054920196533,
          "y": -0.42981114983558655,
          "z": 0.5458299517631531
        }
      },
      "world_space": {
        "head": {
          "x": 0.480669230222702,
          "y": -0.325475811958313,
          "z": 1.5009315013885498
        },
        "tail": {
          "x": 0.5762054920196533,
          "y": -0.36656713485717773,
          "z": 1.4956839084625244
        },
        "rotation_quaternion": {
          "w": 0.5396179556846619,
          "x": 0.11764112114906311,
          "y": 0.10726415365934372,
          "z": -0.8267210125923157
        },
        "matrix": [
          [
            -0.38994601368904114,
            0.9174643158912659,
            -0.07874797284603119,
            0.480669230222702
          ],
          [
            -0.8669899106025696,
            -0.3946130871772766,
            -0.3043174147605896,
            -0.325475811958313
          ],
          [
            -0.3102782368659973,
            -0.05039440840482712,
            0.9493164420127869,
            1.5009315013885498
          ],
          [
            0.0,
            0.0,
            0.0,
            1.0
          ]
        ]
      },
      "bone_length_armature_space": 0.1041307532184335,
      "parent": "lowerarm_l",
      "has_children": true,
      "is_end_bone": false
    },
    "pinky_01_l": {
      "name": "pinky_01_l",
      "local": {
        "location": {
          "x": 0.0,
          "y": 0.0,
          "z": 0.0
        },
        "rotation_quaternion": {
          "w": 0.9477828741073608,
          "x": 0.3187691271305084,
          "y": -0.009673405438661575,
          "z": -0.000686770654283464
        },
        "scale": {
          "x": 1.0,
          "y": 1.0,
          "z": 1.0
        },
        "matrix_basis": [
          [
            0.9998118877410889,
            -0.004865346942096949,
            -0.01877441816031933,
            0.0
          ],
          [
            -0.007468984927982092,
            0.7967715263366699,
            -0.6042345762252808,
            0.0
          ],
          [
            0.01789873279631138,
            0.6042611002922058,
            0.7965853214263916,
            0.0
          ],
          [
            0.0,
            0.0,
            0.0,
            1.0
          ]
        ],
        "rotation_mode": "QUATERNION"
      },
      "armature_space": {
        "head": {
          "x": 0.5762054920196533,
          "y": -0.42981114983558655,
          "z": 0.5458299517631531
        },
        "tail": {
          "x": 0.5883892178535461,
