{
  "metadata": {
    "armature_name": "KIM_caucasian_male",
    "export_time": "2026-01-13T19:11:05.897351",
    "blender_version": "4.4.1",
    "bone_count": 56,
    "end_bone_count": 13,
    "spaces_included": [
      "LOCAL_CHANNELS",
      "ARMATURE_SPACE",
      "WORLD_SPACE"
    ],
    "note": "LOCAL matches Transform panel; replay pose via local.matrix_basis for best fidelity."
  },
  "bones": {
    "Root": {
      "name": "Root",
      "local": {
        "location": {
          "x": 0.0,
          "y": 0.0,
          "z": 0.0
        },
        "rotation_quaternion": {
          "w": 0.9996817111968994,
          "x": -0.011437087319791317,
          "y": -0.01572943665087223,
          "z": -0.01607181690633297
        },
        "scale": {
          "x": 1.0,
          "y": 1.0,
          "z": 1.0
        },
        "matrix_basis": [
          [
            0.9989885687828064,
            0.03249320015311241,
            -0.03108123131096363,
            0.0
          ],
          [
            -0.031773604452610016,
            0.9992218017578125,
            0.02337249554693699,
            0.0
          ],
          [
            0.03181648999452591,
            -0.02236129343509674,
            0.9992435574531555,
            0.0
          ],
          [
            0.0,
            0.0,
            0.0,
            1.0
          ]
        ],
        "rotation_mode": "QUATERNION"
      },
      "armature_space": {
        "head": {
          "x": 0.0,
          "y": 0.07072800397872925,
          "z": -0.009595036506652832
        },
        "tail": {
          "x": 0.002319230465218425,
          "y": 0.0002695992588996887,
          "z": 0.0015741139650344849
        }
      },
      "world_space": {
        "head": {
          "x": 0.0,
          "y": 0.13397200405597687,
          "z": 0.9402589797973633
        },
        "tail": {
          "x": 0.002319230465218425,
          "y": 0.06351359933614731,
          "z": 0.9514281153678894
        },
        "rotation_quaternion": {
          "w": 0.07875731587409973,
          "x": 0.996640145778656,
          "y": 0.014975645579397678,
          "z": -0.0167764313519001
        },
        "matrix": [
          [
            0.9989885687828064,
            0.03249320015311241,
            -0.03108123131096363,
            0.0
          ],
          [
            0.0272081196308136,
            -0.9871460199356079,
            -0.1574883610010147,
            0.13397200405597687
          ],
          [
            -0.035799238830804825,
            0.15648356080055237,
            -0.9870386719703674,
            0.9402589797973633
          ],
          [
            0.0,
            0.0,
            0.0,
            1.0
          ]
        ]
      },
      "bone_length_armature_space": 0.0713758735516013,
      "parent": null,
      "has_children": true,
      "is_end_bone": false
    },
    "spine_01": {
      "name": "spine_01",
      "local": {
        "location": {
          "x": 0.0,
          "y": 0.0,
          "z": 0.0
        },
        "rotation_quaternion": {
          "w": 0.9935832023620605,
          "x": 0.0948949009180069,
          "y": -0.0005808469140902162,
          "z": -0.06153828650712967
        },
        "scale": {
          "x": 1.0,
          "y": 1.0,
          "z": 1.0
        },
        "matrix_basis": [
          [
            0.9924253821372986,
            0.12217658013105392,
            -0.012833578512072563,
            0.0
          ],
          [
            -0.1223970577120781,
            0.9744160175323486,
            -0.18850046396255493,
            0.0
          ],
          [
            -0.01052509993314743,
            0.1886434406042099,
            0.9819892644882202,
            0.0
          ],
          [
            0.0,
            0.0,
            0.0,
            1.0
          ]
        ],
        "rotation_mode": "QUATERNION"
      },
      "armature_space": {
        "head": {
          "x": 0.002319230465218425,
          "y": 0.0002695992588996887,
          "z": 0.0015741139650344849
        },
        "tail": {
          "x": 0.08069075644016266,
          "y": -0.05660120025277138,
          "z": 0.47987526655197144
        }
      },
      "world_space": {
        "head": {
          "x": 0.002319230465218425,
          "y": 0.06351359933614731,
          "z": 0.9514281153678894
        },
        "tail": {
          "x": 0.08069075644016266,
          "y": 0.006642799824476242,
          "z": 1.4297292232513428
        },
        "rotation_quaternion": {
          "w": 0.6615827083587646,
          "x": 0.7455157041549683,
          "y": 0.06355353444814682,
          "z": -0.04975688457489014
        },
        "matrix": [
          [
            0.9869703650474548,
            0.16059698164463043,
            0.009903820231556892,
            0.002319230465218425
          ],
          [
            0.02892472967505455,
            -0.11653823405504227,
            -0.9927650690078735,
            0.06351359933614731
          ],
          [
            -0.15828198194503784,
            0.9801228642463684,
            -0.11966674029827118,
            0.9514281153678894
          ],
          [
            0.0,
            0.0,
            0.0,
            1.0
          ]
        ]
      },
      "bone_length_armature_space": 0.48800449109670474,
      "parent": "Root",
      "has_children": true,
      "is_end_bone": false
    },
    "neck_01": {
      "name": "neck_01",
      "local": {
        "location": {
          "x": 0.0,
          "y": 0.0,
          "z": 0.0
        },
        "rotation_quaternion": {
          "w": 0.9837021231651306,
          "x": 0.049732767045497894,
          "y": -0.10115857422351837,
          "z": -0.14008542895317078
        },
        "scale": {
          "x": 1.0,
          "y": 1.0,
          "z": 1.0
        },
        "matrix_basis": [
          [
            0.9402860403060913,
            0.2655428647994995,
            -0.21295347809791565,
            0.0
          ],
          [
            -0.28566646575927734,
            0.9558054208755493,
            -0.06950277090072632,
            0.0
          ],
          [
            0.18508613109588623,
            0.12618614733219147,
            0.9745872020721436,
            0.0
          ],
          [
            0.0,
            0.0,
            0.0,
            1.0
          ]
        ],
        "rotation_mode": "QUATERNION"
      },
      "armature_space": {
        "head": {
          "x": 0.09279288351535797,
          "y": -0.09956347942352295,
          "z": 0.547488272190094
        },
        "tail": {
          "x": 0.1338922530412674,
          "y": -0.15764650702476501,
          "z": 0.6212981343269348
        }
      },
      "world_space": {
        "head": {
          "x": 0.09279288351535797,
          "y": -0.03631947934627533,
          "z": 1.4973423480987549
        },
        "tail": {
          "x": 0.1338922530412674,
          "y": -0.0944025069475174,
          "z": 1.5711522102355957
        },
        "rotation_quaternion": {
          "w": 0.45041975378990173,
          "x": 0.8569610118865967,
          "y": 0.11768284440040588,
          "z": -0.22111228108406067
        },
        "matrix": [
          [
            0.874520480632782,
            0.40088605880737305,
            -0.27295464277267456,
            0.09279288351535797
          ],
          [
            0.0025137662887573242,
            -0.5665457248687744,
            -0.824026882648468,
            -0.03631947934627533
          ],
          [
            -0.48498547077178955,
            0.7199464440345764,
            -0.4964677691459656,
            1.4973423480987549
          ],
          [
            0.0,
            0.0,
            0.0,
            1.0
          ]
        ]
      },
      "bone_length_armature_space": 0.1025216655505403,
      "parent": "spine_01",
      "has_children": true,
      "is_end_bone": false
    },
    "head": {
      "name": "head",
      "local": {
        "location": {
          "x": 0.0,
          "y": 0.0,
          "z": 0.0
        },
        "rotation_quaternion": {
          "w": 0.9931410551071167,
          "x": 0.08168197423219681,
          "y": 0.05311233922839165,
          "z": 0.06463760882616043
        },
        "scale": {
          "x": 1.0,
          "y": 1.0,
          "z": 1.0
        },
        "matrix_basis": [
          [
            0.9860021471977234,
            -0.11971188336610794,
            0.11605554074048996,
            0.0
          ],
          [
            0.13706517219543457,
            0.9783000946044922,
            -0.1553773283958435,
            0.0
          ],
          [
            -0.09493663161993027,
            0.1691095530986786,
            0.9810142517089844,
            0.0
          ],
          [
            0.0,
            0.0,
            0.0,
            1.0
          ]
        ],
        "rotation_mode": "QUATERNION"
      },
      "armature_space": {
        "head": {
          "x": 0.13389217853546143,
          "y": -0.15764659643173218,
          "z": 0.6212980151176453
        },
        "tail": {
          "x": 0.18631187081336975,
          "y": -0.21810735762119293,
          "z": 0.7541508674621582
        }
      },
      "world_space": {
        "head": {
          "x": 0.13389217853546143,
          "y": -0.09440259635448456,
          "z": 1.5711519718170166
        },
        "tail": {
          "x": 0.18631187081336975,
          "y": -0.1548633575439453,
          "z": 1.7040048837661743
        },
        "rotation_quaternion": {
          "w": 0.5389482975006104,
          "x": 0.8236037492752075,
          "y": 0.12088593095541,
          "z": -0.12883463501930237
        },
        "matrix": [
          [
            0.9375765919685364,
            0.33799487352371216,
            -0.08191331475973129,
            0.13389217853546143
          ],
          [
            0.0602552630007267,
            -0.38984251022338867,
            -0.9189085364341736,
            -0.09440259635448456
          ],
          [
            -0.34252190589904785,
            0.8566166162490845,
            -0.3858766555786133,
            1.5711519718170166
          ],
          [
            0.0,
            0.0,
            0.0,
            1.0
          ]
        ]
      },
      "bone_length_armature_space": 0.15509096556094623,
      "parent": "neck_01",
      "has_children": false,
      "is_end_bone": true
    },
    "upperarm_l": {
      "name": "upperarm_l",
      "local": {
        "location": {
          "x": 0.0,
          "y": 0.0,
          "z": 0.0
        },
        "rotation_quaternion": {
          "w": 0.9519451856613159,
          "x": 0.10697038471698761,
          "y": 0.25292474031448364,
          "z": 0.13559800386428833
        },
        "scale": {
          "x": 1.0,
          "y": 1.0,
          "z": 1.0
        },
        "matrix_basis": [
          [
            0.8352845311164856,
            -0.20405282080173492,
            0.5105509161949158,
            0.0
          ],
          [
            0.31227463483810425,
            0.940341055393219,
            -0.13506770133972168,
            0.0
          ],
          [
            -0.45253103971481323,
            0.27225205302238464,
            0.849172830581665,
            0.0
          ],
          [
            0.0,
            0.0,
            0.0,
            1.0
          ]
        ],
        "rotation_mode": "QUATERNION"
      },
      "armature_space": {
        "head": {
          "x": 0.23007667064666748,
          "y": -0.09055855870246887,
          "z": 0.45749250054359436
        },
        "tail": {
          "x": 0.4907754361629486,
          "y": -0.1525302529335022,
          "z": 0.4556827247142792
        }
      },
      "world_space": {
        "head": {
          "x": 0.23007667064666748,
          "y": -0.027314558625221252,
          "z": 1.407346487045288
        },
        "tail": {
          "x": 0.4907754361629486,
          "y": -0.08928625285625458,
          "z": 1.4055367708206177
        },
        "rotation_quaternion": {
          "w": 0.27470147609710693,
          "x": 0.7009677290916443,
          "y": 0.5557928681373596,
          "z": -0.35253050923347473
        },
        "matrix": [
          [
            0.13363191485404968,
            0.9728676080703735,
            -0.18886810541152954,
            0.23007667064666748
          ],
          [
            0.5855042934417725,
            -0.23126405477523804,
            -0.7769826650619507,
            -0.027314558625221252
          ],
          [
            -0.799584686756134,
            -0.0067536719143390656,
            -0.600527286529541,
            1.407346487045288
          ],
          [
            0.0,
            0.0,
            0.0,
            1.0
          ]
        ]
      },
      "bone_length_armature_space": 0.267969424112408,
      "parent": "spine_01",
      "has_children": true,
      "is_end_bone": false
    },
    "lowerarm_l": {
      "name": "lowerarm_l",
      "local": {
        "location": {
          "x": 0.0,
          "y": 0.0,
          "z": 0.0
        },
        "rotation_quaternion": {
          "w": 0.9145587682723999,
          "x": 0.39106041193008423,
          "y": -0.0190829336643219,
          "z": -0.10143950581550598
        },
        "scale": {
          "x": 1.0,
          "y": 1.0,
          "z": 1.0
        },
        "matrix_basis": [
          [
            0.9786917567253113,
            0.17061962187290192,
            -0.11424288153648376,
            0.0
          ],
          [
            -0.2004699409008026,
            0.673563539981842,
            -0.711423933506012,
            0.0
          ],
          [
            -0.04443302005529404,
            0.7191669940948486,
            0.6934151649475098,
            0.0
          ],
          [
            0.0,
            0.0,
            0.0,
            1.0
          ]
        ],
        "rotation_mode": "QUATERNION"
      },
      "armature_space": {
        "head": {
          "x": 0.490775465965271,
          "y": -0.15253038704395294,
          "z": 0.45568278431892395
        },
        "tail": {
          "x": 0.6035102009773254,
          "y": -0.35349857807159424,
          "z": 0.3197697699069977
        }
      },
      "world_space": {
        "head": {
          "x": 0.490775465965271,
          "y": -0.08928638696670532,
          "z": 1.4055367708206177
        },
        "tail": {
          "x": 0.6035102009773254,
          "y": -0.2902545928955078,
          "z": 1.2696237564086914
        },
        "rotation_quaternion": {
          "w": 0.05284516513347626,
          "x": -0.69856858253479,
          "y": -0.3487113416194916,
          "z": 0.6225830912590027
        },
        "matrix": [
          [
            -0.01841925084590912,
            0.42139965295791626,
            -0.90668785572052,
            0.490775465965271
          ],
          [
            0.5529988408088684,
            -0.7512142062187195,
            -0.36037465929985046,
            -0.08928638696670532
          ],
          [
            -0.8329839110374451,
            -0.5080395340919495,
            -0.21919862926006317,
            1.4055367708206177
          ],
          [
            0.0,
            0.0,
            0.0,
            1.0
          ]
        ]
      },
      "bone_length_armature_space": 0.2675251072894798,
      "parent": "upperarm_l",
      "has_children": true,
      "is_end_bone": false
    },
    "metacarpal_thumb_l": {
      "name": "metacarpal_thumb_l",
      "local": {
        "location": {
          "x": 0.0,
          "y": 0.0,
          "z": 0.0
        },
        "rotation_quaternion": {
          "w": 0.9981648921966553,
          "x": -0.05913574621081352,
          "y": -0.012765121646225452,
          "z": 0.0026089895982295275
        },
        "scale": {
          "x": 1.0,
          "y": 1.0,
          "z": 1.0
        },
        "matrix_basis": [
          [
            0.9996604919433594,
            -0.0036986535415053368,
            -0.025791961699724197,
            0.0
          ],
          [
            0.006718153599649668,
            0.9929923415184021,
            0.11798784136772156,
            0.0
          ],
          [
            0.0251748226583004,
            -0.11812105774879456,
            0.992680013179779,
            0.0
          ],
          [
            0.0,
            0.0,
            0.0,
            1.0
          ]
        ],
        "rotation_mode": "QUATERNION"
      },
      "armature_space": {
        "head": {
          "x": 0.6035102009773254,
          "y": -0.35349857807159424,
          "z": 0.3197697699069977
        },
        "tail": {
          "x": 0.5935699343681335,
          "y": -0.3921656608581543,
          "z": 0.2904500663280487
        }
      },
      "world_space": {
        "head": {
          "x": 0.6035102009773254,
          "y": -0.2902545928955078,
          "z": 1.2696237564086914
        },
        "tail": {
          "x": 0.5935699343681335,
          "y": -0.32892167568206787,
          "z": 1.2403041124343872
        },
        "rotation_quaternion": {
          "w": 0.3215253949165344,
          "x": -0.9401839375495911,
          "y": 0.07943769544363022,
          "z": 0.07978412508964539
        },
        "matrix": [
          [
            0.9746482968330383,
            -0.20067737996578217,
            -0.09894037991762161,
            0.6035102009773254
          ],
          [
            -0.09806734323501587,
            -0.7806225419044495,
            0.6172612905502319,
            -0.2902545928955078
          ],
          [
            -0.20110701024532318,
            -0.591914713382721,
            -0.7805172204971313,
            1.2696237564086914
          ],
          [
            0.0,
            0.0,
            0.0,
            1.0
          ]
        ]
      },
      "bone_length_armature_space": 0.04953379860553858,
      "parent": "lowerarm_l",
      "has_children": true,
      "is_end_bone": false
    },
    "thumb_01_l": {
      "name": "thumb_01_l",
      "local": {
        "location": {
          "x": 0.0,
          "y": 0.0,
          "z": 0.0
        },
        "rotation_quaternion": {
          "w": 0.9657320976257324,
          "x": 0.2592344582080841,
          "y": -0.005779266823083162,
          "z": -0.011216294020414352
        },
        "scale": {
          "x": 1.0,
          "y": 1.0,
          "z": 1.0
        },
        "matrix_basis": [
          [
            0.9996815919876099,
            0.018667500466108322,
            -0.016977746039628983,
            0.0
          ],
          [
            -0.02466024085879326,
            0.8653433918952942,
            -0.5005724430084229,
            0.0
          ],
          [
            0.0053471471183001995,
            0.5008317232131958,
            0.8655281662940979,
            0.0
          ],
          [
            0.0,
            0.0,
            0.0,
            1.0
          ]
        ],
        "rotation_mode": "QUATERNION"
      },
      "armature_space": {
        "head": {
          "x": 0.5935699343681335,
          "y": -0.3921656608581543,
          "z": 0.2904500663280487
        },
        "tail": {
          "x": 0.6000354886054993,
          "y": -0.3959966003894806,
          "z": 0.2572512626647949
        }
      },
      "world_space": {
        "head": {
          "x": 0.5935699343681335,
          "y": -0.32892167568206787,
          "z": 1.2403041124343872
        },
        "tail": {
          "x": 0.6000354886054993,
          "y": -0.3327525854110718,
          "z": 1.207105278968811
        },
        "rotation_quaternion": {
          "w": 0.5023519992828369,
          "x": -0.4584594964981079,
          "y": 0.4374571144580841,
          "z": -0.5882930755615234
        },
        "matrix": [
          [
            -0.07491379231214523,
            0.1899479329586029,
            0.9789319038391113,
            0.5935699343681335
          ],
          [
            -0.9921731948852539,
            -0.11254708468914032,
            -0.05408895015716553,
            -0.32892167568206787
          ],
          [
            0.09990163147449493,
            -0.9753291606903076,
            0.19689390063285828,
            1.2403041124343872
          ],
          [
            0.0,
            0.0,
            0.0,
            1.0
          ]
        ]
      },
      "bone_length_armature_space": 0.03403880191796097,
      "parent": "metacarpal_thumb_l",
      "has_children": true,
      "is_end_bone": false
    },
    "thumb_02_l": {
      "name": "thumb_02_l",
      "local": {
        "location": {
          "x": 0.0,
          "y": 0.0,
          "z": 0.0
        },
        "rotation_quaternion": {
          "w": 0.8907479047775269,
          "x": 0.454472154378891,
          "y": 0.0037391777150332928,
          "z": 0.0030566619243472815
        },
        "scale": {
          "x": 1.0,
          "y": 1.0,
          "z": 1.0
        },
        "matrix_basis": [
          [
            0.9999533295631409,
            -0.0020467261783778667,
            0.009439664892852306,
            0.0
          ],
          [
            0.008844134397804737,
            0.5868914127349854,
            -0.8096174001693726,
            0.0
          ],
          [
            -0.003882993943989277,
            0.8096631169319153,
            0.5868821740150452,
            0.0
          ],
          [
            0.0,
            0.0,
            0.0,
            1.0
          ]
        ],
        "rotation_mode": "QUATERNION"
      },
      "armature_space": {
        "head": {
          "x": 0.6000354290008545,
          "y": -0.3959965705871582,
          "z": 0.2572512626647949
        },
        "tail": {
          "x": 0.6223910450935364,
          "y": -0.41910839080810547,
          "z": 0.2813190221786499
        }
      },
      "world_space": {
        "head": {
          "x": 0.6000354290008545,
          "y": -0.3327525854110718,
          "z": 1.207105278968811
        },
        "tail": {
          "x": 0.6223910450935364,
          "y": -0.35586440563201904,
          "z": 1.231173038482666
        },
        "rotation_quaternion": {
          "w": 0.3502034842967987,
          "x": 0.10175825655460358,
          "y": -0.29940277338027954,
          "z": -0.8816807270050049
        },
        "matrix": [
          [
            -0.7340049147605896,
            0.5566021203994751,
            -0.3891412913799286,
            0.6000354290008545
          ],
          [
            -0.6784694790840149,
            -0.5754305124282837,
            0.45668262243270874,
            -0.3327525854110718
          ],
          [
            0.03026628866791725,
            0.5992314219474792,
            0.8000125885009766,
            1.207105278968811
          ],
          [
            0.0,
            0.0,
            0.0,
            1.0
          ]
        ]
      },
      "bone_length_armature_space": 0.040164497344705875,
      "parent": "thumb_01_l",
      "has_children": true,
      "is_end_bone": false
    },
    "thumb_03_l": {
      "name": "thumb_03_l",
      "local": {
        "location": {
          "x": 0.0,
          "y": 0.0,
          "z": 0.0
        },
        "rotation_quaternion": {
          "w": 0.98860102891922,
          "x": 0.15054628252983093,
          "y": 0.0018428002949804068,
          "z": 0.000807353702839464
        },
        "scale": {
          "x": 1.0,
          "y": 1.0,
          "z": 1.0
        },
        "matrix_basis": [
          [
            0.9999918937683105,
            -0.001041447976604104,
            0.00388667662627995,
            0.0
          ],
          [
            0.002151154913008213,
            0.9546703100204468,
            -0.29765743017196655,
            0.0
          ],
          [
            -0.0034005003981292248,
            0.2976633906364441,
            0.9546648263931274,
            0.0
          ],
          [
            0.0,
            0.0,
            0.0,
            1.0
          ]
        ],
        "rotation_mode": "QUATERNION"
      },
      "armature_space": {
        "head": {
          "x": 0.6223909854888916,
          "y": -0.41910845041275024,
          "z": 0.2813189625740051
        },
        "tail": {
          "x": 0.6314162015914917,
          "y": -0.4258212745189667,
          "z": 0.3096100687980652
        }
      },
      "world_space": {
        "head": {
          "x": 0.6223909854888916,
          "y": -0.3558644652366638,
          "z": 1.231173038482666
        },
        "tail": {
          "x": 0.6314162015914917,
          "y": -0.36257725954055786,
          "z": 1.2594640254974365
        },
        "rotation_quaternion": {
          "w": 0.43122902512550354,
          "x": 0.3423873782157898,
          "y": -0.45143723487854004,
          "z": -0.7021515369415283
        },
        "matrix": [
          [
            -0.39362379908561707,
            0.2964444160461426,
            -0.8701615333557129,
            0.6223909854888916
          ],
          [
            -0.9147096872329712,
            -0.22049087285995483,
            0.33865925669670105,
            -0.3558644652366638
          ],
          [
            -0.09147058427333832,
            0.9292559623718262,
            0.3579540252685547,
            1.231173038482666
          ],
          [
            0.0,
            0.0,
            0.0,
            1.0
          ]
        ]
      },
      "bone_length_armature_space": 0.030445085732710868,
      "parent": "thumb_02_l",
      "has_children": false,
      "is_end_bone": true
    },
    "metacarpal_index_l": {
      "name": "metacarpal_index_l",
      "local": {
        "location": {
          "x": 0.0,
          "y": 0.0,
          "z": 0.0
        },
        "rotation_quaternion": {
          "w": 0.9995177984237671,
          "x": -0.027639243751764297,
          "y": 0.008431845344603062,
          "z": -0.011362533085048199
        },
        "scale": {
          "x": 1.0,
          "y": 1.0,
          "z": 1.0
        },
        "matrix_basis": [
          [
            0.9995995759963989,
            0.022248009219765663,
            0.0174836628139019,
            0.0
          ],
          [
            -0.02318020723760128,
            0.9982139468193054,
            0.05506021901965141,
            0.0
          ],
          [
            -0.01622745580971241,
            -0.05544344708323479,
            0.9983299374580383,
            0.0
          ],
          [
            0.0,
            0.0,
            0.0,
            1.0
          ]
        ],
        "rotation_mode": "QUATERNION"
      },
      "armature_space": {
        "head": {
          "x": 0.6035102009773254,
          "y": -0.35349857807159424,
          "z": 0.3197697699069977
        },
        "tail": {
          "x": 0.623871386051178,
          "y": -0.4482029676437378,
          "z": 0.2538471221923828
        }
      },
      "world_space": {
        "head": {
          "x": 0.6035102009773254,
          "y": -0.2902545928955078,
          "z": 1.2696237564086914
        },
        "tail": {
          "x": 0.623871386051178,
          "y": -0.38495898246765137,
          "z": 1.203701138496399
        },
        "rotation_quaternion": {
          "w": 0.2579691410064697,
          "x": -0.9121066331863403,
          "y": -0.17124783992767334,
          "z": 0.26867765188217163
        },
        "matrix": [
          [
            0.7969728112220764,
            0.1737721711397171,
            -0.5784784555435181,
            0.6035102009773254
          ],
          [
            0.45101386308670044,
            -0.8082528114318848,
            0.37856870889663696,
            -0.2902545928955078
          ],
          [
            -0.4017746150493622,
            -0.5626156330108643,
            -0.7225339412689209,
            1.2696237564086914
          ],
          [
            0.0,
            0.0,
            0.0,
            1.0
          ]
        ]
      },
      "bone_length_armature_space": 0.11717207367511609,
      "parent": "lowerarm_l",
      "has_children": true,
      "is_end_bone": false
    },
    "index_01_l": {
      "name": "index_01_l",
      "local": {
        "location": {
          "x": 0.0,
          "y": 0.0,
          "z": 0.0
        },
        "rotation_quaternion": {
          "w": 0.9450522065162659,
          "x": 0.3268860876560211,
          "y": -0.003167320042848587,
          "z": -0.0034324717707931995
        },
        "scale": {
          "x": 1.0,
          "y": 1.0,
          "z": 1.0
        },
        "matrix_basis": [
          [
            0.9999563694000244,
            0.004417024552822113,
            -0.008230620063841343,
            0.0
          ],
          [
            -0.00855843536555767,
            0.7862673997879028,
            -0.6178271174430847,
            0.0
          ],
          [
            0.0037425111513584852,
            0.617870569229126,
            0.7862709164619446,
            0.0
          ],
          [
            0.0,
            0.0,
            0.0,
            1.0
          ]
        ],
        "rotation_mode": "QUATERNION"
      },
      "armature_space": {
        "head": {
          "x": 0.623871386051178,
          "y": -0.4482029676437378,
          "z": 0.2538471221923828
        },
        "tail": {
          "x": 0.6265133619308472,
          "y": -0.4572771191596985,
          "z": 0.22694432735443115
        }
      },
      "world_space": {
        "head": {
          "x": 0.623871386051178,
          "y": -0.38495898246765137,
          "z": 1.203701138496399
        },
        "tail": {
          "x": 0.6265133619308472,
          "y": -0.39403313398361206,
          "z": 1.1767983436584473
        },
        "rotation_quaternion": {
          "w": 0.5206093788146973,
          "x": -0.7563689947128296,
          "y": -0.26429325342178345,
          "z": 0.29499325156211853
        },
        "matrix": [
          [
            0.6862561106681824,
            0.09265449643135071,
            -0.7214343547821045,
            0.623871386051178
          ],
          [
            0.706959068775177,
            -0.318230539560318,
            0.631615936756134,
            -0.38495898246765137
          ],
          [
            -0.1710609495639801,
            -0.9434819221496582,
            -0.2838919162750244,
            1.203701138496399
          ],
          [
            0.0,
            0.0,
            0.0,
            1.0
          ]
        ]
      },
      "bone_length_armature_space": 0.02851456823006238,
      "parent": "metacarpal_index_l",
      "has_children": true,
      "is_end_bone": false
    },
    "index_02_l": {
      "name": "index_02_l",
      "local": {
        "location": {
          "x": 0.0,
          "y": 0.0,
          "z": 0.0
        },
        "rotation_quaternion": {
          "w": 0.8914042711257935,
          "x": 0.45309874415397644,
          "y": 0.00960671529173851,
          "z": -0.0028061603661626577
        },
        "scale": {
          "x": 1.0,
          "y": 1.0,
          "z": 1.0
        },
        "matrix_basis": [
          [
            0.9997996687889099,
            0.013708427548408508,
            0.01458399835973978,
            0.0
          ],
          [
            0.003702734597027302,
            0.5893872976303101,
            -0.8078422546386719,
            0.0
          ],
          [
            -0.019669869914650917,
            0.8077343702316284,
            0.5892184972763062,
            0.0
          ],
          [
            0.0,
            0.0,
            0.0,
            1.0
          ]
        ],
        "rotation_mode": "QUATERNION"
      },
      "armature_space": {
        "head": {
          "x": 0.6265130043029785,
          "y": -0.45727717876434326,
          "z": 0.22694392502307892
        },
        "tail": {
          "x": 0.6130754351615906,
          "y": -0.44995495676994324,
          "z": 0.2063547670841217
        }
      },
      "world_space": {
        "head": {
          "x": 0.6265130043029785,
          "y": -0.39403319358825684,
          "z": 1.1767979860305786
        },
        "tail": {
          "x": 0.6130754351615906,
          "y": -0.3867109417915344,
          "z": 1.1562087535858154
        },
        "rotation_quaternion": {
          "w": 0.7921196818351746,
          "x": -0.44423508644104004,
          "y": -0.12354031205177307,
          "z": 0.39992427825927734
        },
        "matrix": [
          [
            0.6495951414108276,
            -0.5238142013549805,
            -0.5510398149490356,
            0.6265130043029785
          ],
          [
            0.7433392405509949,
            0.28543058037757874,
            0.6049601435661316,
            -0.39403319358825684
          ],
          [
            -0.15960347652435303,
            -0.802594006061554,
            0.5747906565666199,
            1.1767979860305786
          ],
          [
            0.0,
            0.0,
            0.0,
            1.0
          ]
        ]
      },
      "bone_length_armature_space": 0.025653393894005113,
      "parent": "index_01_l",
      "has_children": true,
      "is_end_bone": false
    },
    "index_03_l": {
      "name": "index_03_l",
      "local": {
        "location": {
          "x": 0.0,
          "y": 0.0,
          "z": 0.0
        },
        "rotation_quaternion": {
          "w": 0.9206832647323608,
          "x": 0.3902442753314972,
          "y": 0.0028087319806218147,
          "z": -0.006631291937083006
        },
        "scale": {
          "x": 1.0,
          "y": 1.0,
          "z": 1.0
        },
        "matrix_basis": [
          [
            0.9998962879180908,
            0.014402822591364384,
            -3.7423735648189904e-06,
            0.0
          ],
          [
            -0.010018455795943737,
            0.6953308582305908,
            -0.7186200022697449,
            0.0
          ],
          [
            -0.010347552597522736,
            0.7185454964637756,
            0.6954030394554138,
            0.0
          ],
          [
            0.0,
            0.0,
            0.0,
            1.0
          ]
        ],
        "rotation_mode": "QUATERNION"
      },
      "armature_space": {
        "head": {
          "x": 0.6130754947662354,
          "y": -0.4499550759792328,
          "z": 0.20635470747947693
        },
        "tail": {
          "x": 0.5934987664222717,
          "y": -0.4283708930015564,
          "z": 0.204208105802536
        }
      },
      "world_space": {
        "head": {
          "x": 0.6130754947662354,
          "y": -0.386711061000824,
          "z": 1.1562087535858154
        },
        "tail": {
          "x": 0.5934987664222717,
          "y": -0.36512690782546997,
          "z": 1.1540621519088745
        },
        "rotation_quaternion": {
          "w": 0.9310959577560425,
          "x": -0.05828244611620903,
          "y": 0.04915160313248634,
          "z": 0.3567178547382355
        },
        "matrix": [
          [
            0.7406728863716125,
            -0.6700066328048706,
            0.04994875192642212,
            0.6130754947662354
          ],
          [
            0.6585478782653809,
            0.7387112379074097,
            0.14360028505325317,
            -0.386711061000824
          ],
          [
            -0.13311105966567993,
            -0.07346698641777039,
            0.9883818626403809,
            1.1562087535858154
          ],
          [
            0.0,
            0.0,
            0.0,
            1.0
          ]
        ]
      },
      "bone_length_armature_space": 0.029218712093615172,
      "parent": "index_02_l",
      "has_children": false,
      "is_end_bone": true
    },
    "metacarpal_pinky_l": {
      "name": "metacarpal_pinky_l",
      "local": {
        "location": {
          "x": 0.0,
          "y": 0.0,
          "z": 0.0
        },
        "rotation_quaternion": {
          "w": 0.9994699954986572,
          "x": -0.03134652599692345,
          "y": 0.004515458829700947,
          "z": -0.0075386944226920605
        },
        "scale": {
          "x": 1.0,
          "y": 1.0,
          "z": 1.0
        },
        "matrix_basis": [
          [
            0.999845564365387,
            0.0147863095626235,
            0.00949875544756651,
            0.0
          ],
          [
            -0.015352485701441765,
            0.9979211091995239,
            0.06259174644947052,
            0.0
          ],
          [
            -0.00855350773781538,
            -0.0627279058098793,
            0.9979940056800842,
            0.0
          ],
          [
            0.0,
            0.0,
            0.0,
            1.0
          ]
        ],
        "rotation_mode": "QUATERNION"
      },
      "armature_space": {
        "head": {
          "x": 0.6035102009773254,
          "y": -0.35349857807159424,
          "z": 0.3197697699069977
        },
        "tail": {
          "x": 0.673884391784668,
          "y": -0.4123097062110901,
          "z": 0.27045464515686035
        }
      },
      "world_space": {
        "head": {
          "x": 0.6035102009773254,
          "y": -0.2902545928955078,
          "z": 1.2696237564086914
        },
        "tail": {
          "x": 0.673884391784668,
          "y": -0.34906572103500366,
          "z": 1.2203086614608765
        },
        "rotation_quaternion": {
          "w": 0.30869749188423157,
          "x": 0.20717327296733856,
          "y": 0.34973570704460144,
          "z": -0.8599244952201843
        },
        "matrix": [
          [
            -0.7235701084136963,
            0.6758251786231995,
            -0.14038017392158508,
            0.6035102009773254
          ],
          [
            -0.3860032558441162,
            -0.5647814869880676,
            -0.7293996810913086,
            -0.2902545928955078
          ],
          [
            -0.5722351670265198,
            -0.4735884368419647,
            0.6695336103439331,
            1.2696237564086914
          ],
          [
            0.0,
            0.0,
            0.0,
            1.0
          ]
        ]
      },
      "bone_length_armature_space": 0.10413096059339752,
      "parent": "lowerarm_l",
      "has_children": true,
      "is_end_bone": false
    },
    "pinky_01_l": {
      "name": "pinky_01_l",
      "local": {
        "location": {
          "x": 0.0,
          "y": 0.0,
          "z": 0.0
        },
        "rotation_quaternion": {
          "w": 0.9498085975646973,
          "x": 0.3126882016658783,
          "y": -0.008794360794126987,
          "z": 0.0035168426111340523
        },
        "scale": {
          "x": 1.0,
          "y": 1.0,
          "z": 1.0
        },
        "matrix_basis": [
          [
            0.9998205900192261,
            -0.012180440127849579,
            -0.01450656820088625,
            0.0
          ],
          [
            0.0011808689450845122,
            0.804427444934845,
            -0.5940497517585754,
            0.0
          ],
          [
            0.018905268982052803,
            0.5939260125160217,
            0.8042975068092346,
            0.0
          ],
          [
            0.0,
            0.0,
            0.0,
            1.0
          ]
        ],
        "rotation_mode": "QUATERNION"
      },
      "armature_space": {
        "head": {
          "x": 0.673884391784668,
          "y": -0.4123097062110901,
          "z": 0.27045464515686035
        },
        "tail": {
          "x": 0.6795458793640137,
