{
  "metadata": {
    "armature_name": "KIM_caucasian_male",
    "export_time": "2026-01-13T21:04:34.669421",
    "blender_version": "4.4.1",
    "bone_count": 56,
    "end_bone_count": 13,
    "spaces_included": [
      "LOCAL_CHANNELS",
      "ARMATURE_SPACE",
      "WORLD_SPACE"
    ],
    "note": "LOCAL matches Transform panel; replay pose via local.matrix_basis for best fidelity."
  },
  "bones": {
    "Root": {
      "name": "Root",
      "local": {
        "location": {
          "x": 0.0,
          "y": 0.0,
          "z": 0.0
        },
        "rotation_quaternion": {
          "w": 0.999656081199646,
          "x": 0.006855865474790335,
          "y": 0.016776742413640022,
          "z": -0.018957676365971565
        },
        "scale": {
          "x": 1.0,
          "y": 1.0,
          "z": 1.0
        },
        "matrix_basis": [
          [
            0.9987183213233948,
            0.03813235089182854,
            0.03328200429677963,
            0.0
          ],
          [
            -0.03767227381467819,
            0.9991872310638428,
            -0.014343111775815487,
            0.0
          ],
          [
            -0.033801887184381485,
            0.013070919550955296,
            0.9993430972099304,
            0.0
          ],
          [
            0.0,
            0.0,
            0.0,
            1.0
          ]
        ],
        "rotation_mode": "QUATERNION"
      },
      "armature_space": {
        "head": {
          "x": 0.0,
          "y": 0.07072800397872925,
          "z": -0.009595036506652832
        },
        "tail": {
          "x": 0.002721729688346386,
          "y": -6.793439388275146e-05,
          "z": -0.0009322855621576309
        }
      },
      "world_space": {
        "head": {
          "x": 0.0,
          "y": 0.13397200405597687,
          "z": 0.9402589797973633
        },
        "tail": {
          "x": 0.002721729688346386,
          "y": 0.06317606568336487,
          "z": 0.9489217400550842
        },
        "rotation_quaternion": {
          "w": 0.06050419434905052,
          "x": 0.9978469014167786,
          "y": 0.020044822245836258,
          "z": 0.015461491420865059
        },
        "matrix": [
          [
            0.9987183213233948,
            0.03813235089182854,
            0.03328200429677963,
            0.0
          ],
          [
            0.04187430813908577,
            -0.9918749332427979,
            -0.12012846767902374,
            0.13397200405597687
          ],
          [
            0.028431039303541183,
            0.12136806547641754,
            -0.992207407951355,
            0.9402589797973633
          ],
          [
            0.0,
            0.0,
            0.0,
            1.0
          ]
        ]
      },
      "bone_length_armature_space": 0.07137587667347128,
      "parent": null,
      "has_children": true,
      "is_end_bone": false
    },
    "spine_01": {
      "name": "spine_01",
      "local": {
        "location": {
          "x": 0.0,
          "y": 0.0,
          "z": 0.0
        },
        "rotation_quaternion": {
          "w": 0.9992954730987549,
          "x": -0.02711441181600094,
          "y": 0.0016985583351925015,
          "z": 0.025897054001688957
        },
        "scale": {
          "x": 1.0,
          "y": 1.0,
          "z": 1.0
        },
        "matrix_basis": [
          [
            0.9986529350280762,
            -0.05184973031282425,
            0.001990356482565403,
            0.0
          ],
          [
            0.05166550725698471,
            0.9971883296966553,
            0.05427859351038933,
            0.0
          ],
          [
            -0.00479908986017108,
            -0.05410264432430267,
            0.9985238313674927,
            0.0
          ],
          [
            0.0,
            0.0,
            0.0,
            1.0
          ]
        ],
        "rotation_mode": "QUATERNION"
      },
      "armature_space": {
        "head": {
          "x": 0.002721729688346386,
          "y": -6.793439388275146e-05,
          "z": -0.0009322855621576309
        },
        "tail": {
          "x": -0.038129571825265884,
          "y": 0.04100862145423889,
          "z": 0.48362159729003906
        }
      },
      "world_space": {
        "head": {
          "x": 0.002721729688346386,
          "y": 0.06317606568336487,
          "z": 0.9489217400550842
        },
        "tail": {
          "x": -0.038129571825265884,
          "y": 0.10425262153148651,
          "z": 1.4334756135940552
        },
        "rotation_quaternion": {
          "w": 0.7361482381820679,
          "x": 0.6752068996429443,
          "y": -0.013117230497300625,
          "z": 0.04482641443610191
        },
        "matrix": [
          [
            0.9956371188163757,
            -0.08371147513389587,
            0.04122228920459747,
            0.002721729688346386
          ],
          [
            0.04828466475009918,
            0.0841730609536171,
            -0.9952806830406189,
            0.06317606568336487
          ],
          [
            0.07984720170497894,
            0.9929357767105103,
            0.08784748613834381,
            0.9489217400550842
          ],
          [
            0.0,
            0.0,
            0.0,
            1.0
          ]
        ]
      },
      "bone_length_armature_space": 0.4880046806276556,
      "parent": "Root",
      "has_children": true,
      "is_end_bone": false
    },
    "neck_01": {
      "name": "neck_01",
      "local": {
        "location": {
          "x": 0.0,
          "y": 0.0,
          "z": 0.0
        },
        "rotation_quaternion": {
          "w": 0.9950305223464966,
          "x": -0.03881948068737984,
          "y": -0.07677106559276581,
          "z": -0.05013547092676163
        },
        "scale": {
          "x": 1.0,
          "y": 1.0,
          "z": 1.0
        },
        "matrix_basis": [
          [
            0.9831852912902832,
            0.10573307424783707,
            -0.14888663589954376,
            0.0
          ],
          [
            -0.09381221979856491,
            0.9919589757919312,
            0.08495104312896729,
            0.0
          ],
          [
            0.15667156875133514,
            -0.06955523043870926,
            0.9851984977722168,
            0.0
          ],
          [
            0.0,
            0.0,
            0.0,
            1.0
          ]
        ],
        "rotation_mode": "QUATERNION"
      },
      "armature_space": {
        "head": {
          "x": -0.04282919317483902,
          "y": 0.012654870748519897,
          "z": 0.5593693852424622
        },
        "tail": {
          "x": -0.03880392760038376,
          "y": -0.010580047965049744,
          "z": 0.6591426134109497
        }
      },
      "world_space": {
        "head": {
          "x": -0.04282919317483902,
          "y": 0.07589887082576752,
          "z": 1.509223461151123
        },
        "tail": {
          "x": -0.03880392760038376,
          "y": 0.052663952112197876,
          "z": 1.6089966297149658
        },
        "rotation_quaternion": {
          "w": 0.6217313408851624,
          "x": 0.7817910313606262,
          "y": -0.011510570533573627,
          "z": -0.04604918882250786
        },
        "matrix": [
          [
            0.9954940676689148,
            0.03926271200180054,
            -0.08631433546543121,
            -0.04282919317483902
          ],
          [
            -0.07525790482759476,
            -0.2266349494457245,
            -0.9710680246353149,
            0.07589887082576752
          ],
          [
            -0.057689085602760315,
            0.9731948375701904,
            -0.22266142070293427,
            1.509223461151123
          ],
          [
            0.0,
            0.0,
            0.0,
            1.0
          ]
        ]
      },
      "bone_length_armature_space": 0.10252200573556634,
      "parent": "spine_01",
      "has_children": true,
      "is_end_bone": false
    },
    "head": {
      "name": "head",
      "local": {
        "location": {
          "x": 0.0,
          "y": 0.0,
          "z": 0.0
        },
        "rotation_quaternion": {
          "w": 0.9738532900810242,
          "x": 0.07118494063615799,
          "y": 0.0014676118735224009,
          "z": 0.21573254466056824
        },
        "scale": {
          "x": 1.0,
          "y": 1.0,
          "z": 1.0
        },
        "matrix_basis": [
          [
            0.9069146513938904,
            -0.41997474431991577,
            0.03357229381799698,
            0.0
          ],
          [
            0.42039263248443604,
            0.8967843651771545,
            -0.13801415264606476,
            0.0
          ],
          [
            0.027855340391397476,
            0.13928060233592987,
            0.9898610711097717,
            0.0
          ],
          [
            0.0,
            0.0,
            0.0,
            1.0
          ]
        ],
        "rotation_mode": "QUATERNION"
      },
      "armature_space": {
        "head": {
          "x": -0.03880394622683525,
          "y": -0.010580183006823063,
          "z": 0.6591424942016602
        },
        "tail": {
          "x": -0.09578654915094376,
          "y": -0.0073714712634682655,
          "z": 0.803350567817688
        }
      },
      "world_space": {
        "head": {
          "x": -0.03880394622683525,
          "y": 0.05266381800174713,
          "z": 1.6089965105056763
        },
        "tail": {
          "x": -0.09578654915094376,
          "y": 0.05587252974510193,
          "z": 1.753204584121704
        },
        "rotation_quaternion": {
          "w": 0.6989904046058655,
          "x": 0.689862072467804,
          "y": -0.14750118553638458,
          "z": 0.11724406480789185
        },
        "matrix": [
          [
            0.9289947748184204,
            -0.3674158453941345,
            -0.04443737864494324,
            -0.03880394622683525
          ],
          [
            -0.039603471755981445,
            0.02068932354450226,
            -0.9990013241767883,
            0.05266381800174713
          ],
          [
            0.36797088384628296,
            0.9298334717750549,
            0.004668369889259338,
            1.6089965105056763
          ],
          [
            0.0,
            0.0,
            0.0,
            1.0
          ]
        ]
      },
      "bone_length_armature_space": 0.1550912059546228,
      "parent": "neck_01",
      "has_children": false,
      "is_end_bone": true
    },
    "upperarm_l": {
      "name": "upperarm_l",
      "local": {
        "location": {
          "x": 0.0,
          "y": 0.0,
          "z": 0.0
        },
        "rotation_quaternion": {
          "w": 0.7589842081069946,
          "x": 0.5303301811218262,
          "y": 0.1150805726647377,
          "z": 0.3597906827926636
        },
        "scale": {
          "x": 1.0,
          "y": 1.0,
          "z": 1.0
        },
        "matrix_basis": [
          [
            0.7146142721176147,
            -0.4240894913673401,
            0.556304395198822,
            0.0
          ],
          [
            0.6682122945785522,
            0.17860113084316254,
            -0.7222146391868591,
            0.0
          ],
          [
            0.20692704617977142,
            0.8878343105316162,
            0.4110127091407776,
            0.0
          ],
          [
            0.0,
            0.0,
            0.0,
            1.0
          ]
        ],
        "rotation_mode": "QUATERNION"
      },
      "armature_space": {
        "head": {
          "x": 0.11227390915155411,
          "y": 0.011066410690546036,
          "z": 0.5048936605453491
        },
        "tail": {
          "x": 0.17251437902450562,
          "y": -0.21446198225021362,
          "z": 0.6364833116531372
        }
      },
      "world_space": {
        "head": {
          "x": 0.11227390915155411,
          "y": 0.07431040704250336,
          "z": 1.4547476768493652
        },
        "tail": {
          "x": 0.17251437902450562,
          "y": -0.151217982172966,
          "z": 1.5863373279571533
        },
        "rotation_quaternion": {
          "w": 0.28126081824302673,
          "x": 0.8849496245384216,
          "y": 0.009087204933166504,
          "z": -0.37104445695877075
        },
        "matrix": [
          [
            0.7244873642921448,
            0.22480352222919464,
            -0.6515992879867554,
            0.11227390915155411
          ],
          [
            -0.19263698160648346,
            -0.8416198492050171,
            -0.5045465230941772,
            0.07431040704250336
          ],
          [
            -0.6618276238441467,
            0.49106231331825256,
            -0.5664418339729309,
            1.4547476768493652
          ],
          [
            0.0,
            0.0,
            0.0,
            1.0
          ]
        ]
      },
      "bone_length_armature_space": 0.26796978284397655,
      "parent": "spine_01",
      "has_children": true,
      "is_end_bone": false
    },
    "lowerarm_l": {
      "name": "lowerarm_l",
      "local": {
        "location": {
          "x": 0.0,
          "y": 0.0,
          "z": 0.0
        },
        "rotation_quaternion": {
          "w": 0.8742020130157471,
          "x": 0.482660174369812,
          "y": -0.024402670562267303,
          "z": -0.047059159725904465
        },
        "scale": {
          "x": 1.0,
          "y": 1.0,
          "z": 1.0
        },
        "matrix_basis": [
          [
            0.9943798780441284,
            0.058722030371427536,
            -0.08809289336204529,
            0.0
          ],
          [
            -0.10583481937646866,
            0.5296491980552673,
            -0.8415882587432861,
            0.0
          ],
          [
            -0.002761437091976404,
            0.8461817502975464,
            0.53288733959198,
            0.0
          ],
          [
            0.0,
            0.0,
            0.0,
            1.0
          ]
        ],
        "rotation_mode": "QUATERNION"
      },
      "armature_space": {
        "head": {
          "x": 0.17251428961753845,
          "y": -0.2144620418548584,
          "z": 0.6364834308624268
        },
        "tail": {
          "x": 0.02241717278957367,
          "y": -0.42639267444610596,
          "z": 0.5722516775131226
        }
      },
      "world_space": {
        "head": {
          "x": 0.17251428961753845,
          "y": -0.15121804177761078,
          "z": 1.5863374471664429
        },
        "tail": {
          "x": 0.02241717278957367,
          "y": -0.36314868927001953,
          "z": 1.5221056938171387
        },
        "rotation_quaternion": {
          "w": 0.23336300253868103,
          "x": -0.8699779510498047,
          "y": 0.22236455976963043,
          "z": 0.37314093112945557
        },
        "matrix": [
          [
            0.6226401329040527,
            -0.5610593557357788,
            -0.545464813709259,
            0.17251428961753845
          ],
          [
            -0.21275098621845245,
            -0.7921915054321289,
            0.571987509727478,
            -0.15121804177761078
          ],
          [
            -0.7530370354652405,
            -0.24009665846824646,
            -0.6126197576522827,
            1.5863374471664429
          ],
          [
            0.0,
            0.0,
            0.0,
            1.0
          ]
        ]
      },
      "bone_length_armature_space": 0.2675246790950217,
      "parent": "upperarm_l",
      "has_children": true,
      "is_end_bone": false
    },
    "metacarpal_thumb_l": {
      "name": "metacarpal_thumb_l",
      "local": {
        "location": {
          "x": 0.0,
          "y": 0.0,
          "z": 0.0
        },
        "rotation_quaternion": {
          "w": 0.9996047019958496,
          "x": -0.02699406072497368,
          "y": -0.002491663908585906,
          "z": 0.007459798827767372
        },
        "scale": {
          "x": 1.0,
          "y": 1.0,
          "z": 1.0
        },
        "matrix_basis": [
          [
            0.9998762607574463,
            -0.014779179356992245,
            -0.005384098272770643,
            0.0
          ],
          [
            0.015048219822347164,
            0.9984313249588013,
            0.05392960458993912,
            0.0
          ],
          [
            0.00457861740142107,
            -0.05400395393371582,
            0.9985302090644836,
            0.0
          ],
          [
            0.0,
            0.0,
            0.0,
            1.0
          ]
        ],
        "rotation_mode": "QUATERNION"
      },
      "armature_space": {
        "head": {
          "x": 0.02241717278957367,
          "y": -0.42639267444610596,
          "z": 0.5722516775131226
        },
        "tail": {
          "x": -0.011797692626714706,
          "y": -0.4416252374649048,
          "z": 0.5398339033126831
        }
      },
      "world_space": {
        "head": {
          "x": 0.02241717278957367,
          "y": -0.36314868927001953,
          "z": 1.5221056938171387
        },
        "tail": {
          "x": -0.011797692626714706,
          "y": -0.37838125228881836,
          "z": 1.4896879196166992
        },
        "rotation_quaternion": {
          "w": 0.1881919801235199,
          "x": -0.733971893787384,
          "y": 0.5575156211853027,
          "z": -0.3391832411289215
        },
        "matrix": [
          [
            0.14825955033302307,
            -0.6907395720481873,
            0.7077413201332092,
            0.02241717278957367
          ],
          [
            -0.946064829826355,
            -0.30751919746398926,
            -0.10194756090641022,
            -0.36314868927001953
          ],
          [
            0.2880643308162689,
            -0.6544592380523682,
            -0.6990822553634644,
            1.5221056938171387
          ],
          [
            0.0,
            0.0,
            0.0,
            1.0
          ]
        ]
      },
      "bone_length_armature_space": 0.049533827248835975,
      "parent": "lowerarm_l",
      "has_children": true,
      "is_end_bone": false
    },
    "thumb_01_l": {
      "name": "thumb_01_l",
      "local": {
        "location": {
          "x": 0.0,
          "y": 0.0,
          "z": 0.0
        },
        "rotation_quaternion": {
          "w": 0.9992882013320923,
          "x": 0.025883005931973457,
          "y": 0.02197987586259842,
          "z": -0.01643426902592182
        },
        "scale": {
          "x": 1.0,
          "y": 1.0,
          "z": 1.0
        },
        "matrix_basis": [
          [
            0.9984936118125916,
            0.03398295119404793,
            0.043077725917100906,
            0.0
          ],
          [
            -0.03170733153820038,
            0.9981199502944946,
            -0.05245161056518555,
            0.0
          ],
          [
            -0.04477919638156891,
            0.05100671947002411,
            0.9976938962936401,
            0.0
          ],
          [
            0.0,
            0.0,
            0.0,
            1.0
          ]
        ],
        "rotation_mode": "QUATERNION"
      },
      "armature_space": {
        "head": {
          "x": -0.011797692626714706,
          "y": -0.4416252374649048,
          "z": 0.5398339033126831
        },
        "tail": {
          "x": -0.010952664539217949,
          "y": -0.44907206296920776,
          "z": 0.5066304206848145
        }
      },
      "world_space": {
        "head": {
          "x": -0.011797692626714706,
          "y": -0.37838125228881836,
          "z": 1.4896879196166992
        },
        "tail": {
          "x": -0.010952664539217949,
          "y": -0.38582807779312134,
          "z": 1.4564844369888306
        },
        "rotation_quaternion": {
          "w": 0.042834166437387466,
          "x": -0.03366994857788086,
          "y": 0.6235202550888062,
          "z": -0.7799064517021179
        },
        "matrix": [
          [
            -0.9940630197525024,
            0.02482559159398079,
            0.105934739112854,
            -0.011797692626714706
          ],
          [
            -0.10880113393068314,
            -0.21877603232860565,
            -0.9696904420852661,
            -0.37838125228881836
          ],
          [
            -0.0008970773778855801,
            -0.9754663109779358,
            0.2201787680387497,
            1.4896879196166992
          ],
          [
            0.0,
            0.0,
            0.0,
            1.0
          ]
        ]
      },
      "bone_length_armature_space": 0.03403880933258011,
      "parent": "metacarpal_thumb_l",
      "has_children": true,
      "is_end_bone": false
    },
    "thumb_02_l": {
      "name": "thumb_02_l",
      "local": {
        "location": {
          "x": 0.0,
          "y": 0.0,
          "z": 0.0
        },
        "rotation_quaternion": {
          "w": 0.9939939379692078,
          "x": 0.10936056077480316,
          "y": -0.002841661451384425,
          "z": -0.002894444391131401
        },
        "scale": {
          "x": 1.0,
          "y": 1.0,
          "z": 1.0
        },
        "matrix_basis": [
          [
            0.999967098236084,
            0.005132589023560286,
            -0.006282264832407236,
            0.0
          ],
          [
            -0.006375651806592941,
            0.9760637879371643,
            -0.2173910140991211,
            0.0
          ],
          [
            0.005016112234443426,
            0.2174239158630371,
            0.9760643839836121,
            0.0
          ],
          [
            0.0,
            0.0,
            0.0,
            1.0
          ]
        ],
        "rotation_mode": "QUATERNION"
      },
      "armature_space": {
        "head": {
          "x": -0.010952634736895561,
          "y": -0.449072003364563,
          "z": 0.5066304206848145
        },
        "tail": {
          "x": -0.03488301858305931,
          "y": -0.4808792471885681,
          "z": 0.5012624263763428
        }
      },
      "world_space": {
        "head": {
          "x": -0.010952634736895561,
          "y": -0.38582801818847656,
          "z": 1.4564844369888306
        },
        "tail": {
          "x": -0.03488301858305931,
          "y": -0.4176352620124817,
          "z": 1.4511164426803589
        },
        "rotation_quaternion": {
          "w": 0.3176075518131256,
          "x": -0.04298194497823715,
          "y": -0.056233372539281845,
          "z": 0.9455769658088684
        },
        "matrix": [
          [
            -0.7945557832717896,
            -0.5958107709884644,
            -0.11700616776943207,
            -0.010952634736895561
          ],
          [
            0.6054790019989014,
            -0.7919265627861023,
            -0.0790424793958664,
            -0.38582801818847656
          ],
          [
            -0.045565567910671234,
            -0.133650004863739,
            0.9899875521659851,
            1.4564844369888306
          ],
          [
            0.0,
            0.0,
            0.0,
            1.0
          ]
        ]
      },
      "bone_length_armature_space": 0.04016440398237692,
      "parent": "thumb_01_l",
      "has_children": true,
      "is_end_bone": false
    },
    "thumb_03_l": {
      "name": "thumb_03_l",
      "local": {
        "location": {
          "x": 0.0,
          "y": 0.0,
          "z": 0.0
        },
        "rotation_quaternion": {
          "w": 0.998370885848999,
          "x": 0.05647287517786026,
          "y": -0.007260586135089397,
          "z": 0.0036912907380610704
        },
        "scale": {
          "x": 1.0,
          "y": 1.0,
          "z": 1.0
        },
        "matrix_basis": [
          [
            0.99986732006073,
            -0.008190606720745564,
            -0.014080599881708622,
            0.0
          ],
          [
            0.00655050203204155,
            0.9935943484306335,
            -0.11281535029411316,
            0.0
          ],
          [
            0.014914431609213352,
            0.11270814388990402,
            0.993516206741333,
            0.0
          ],
          [
            0.0,
            0.0,
            0.0,
            1.0
          ]
        ],
        "rotation_mode": "QUATERNION"
      },
      "armature_space": {
        "head": {
          "x": -0.034883029758930206,
          "y": -0.48087918758392334,
          "z": 0.501262366771698
        },
        "tail": {
          "x": -0.04989040642976761,
          "y": -0.506229043006897,
          "z": 0.5089471936225891
        }
      },
      "world_space": {
        "head": {
          "x": -0.034883029758930206,
          "y": -0.4176352024078369,
          "z": 1.4511163234710693
        },
        "tail": {
          "x": -0.04989040642976761,
          "y": -0.44298505783081055,
          "z": 1.45880126953125
        },
        "rotation_quaternion": {
          "w": 0.23084057867527008,
          "x": -0.16529862582683563,
          "y": 0.1743246465921402,
          "z": 0.9428679347038269
        },
        "matrix": [
          [
            -0.8387778401374817,
            -0.49293583631515503,
            -0.2312265783548355,
            -0.034883029758930206
          ],
          [
            0.37767326831817627,
            -0.8326468467712402,
            0.40504613518714905,
            -0.4176352024078369
          ],
          [
            -0.39219406247138977,
            0.252416729927063,
            0.8845810294151306,
            1.4511163234710693
          ],
          [
            0.0,
            0.0,
            0.0,
            1.0
          ]
        ]
      },
      "bone_length_armature_space": 0.030444919457556376,
      "parent": "thumb_02_l",
      "has_children": false,
      "is_end_bone": true
    },
    "metacarpal_index_l": {
      "name": "metacarpal_index_l",
      "local": {
        "location": {
          "x": 0.0,
          "y": 0.0,
          "z": 0.0
        },
        "rotation_quaternion": {
          "w": 0.9996508359909058,
          "x": -0.026198526844382286,
          "y": -0.003446942428126931,
          "z": -6.263463001232594e-05
        },
        "scale": {
          "x": 1.0,
          "y": 1.0,
          "z": 1.0
        },
        "matrix_basis": [
          [
            0.9999762177467346,
            0.00030583515763282776,
            -0.006888195872306824,
            0.0
          ],
          [
            5.5384105507982895e-05,
            0.998627245426178,
            0.05237919092178345,
            0.0
          ],
          [
            0.006894759833812714,
            -0.052378326654434204,
            0.9986035227775574,
            0.0
          ],
          [
            0.0,
            0.0,
            0.0,
            1.0
          ]
        ],
        "rotation_mode": "QUATERNION"
      },
      "armature_space": {
        "head": {
          "x": 0.02241717278957367,
          "y": -0.42639267444610596,
          "z": 0.5722516775131226
        },
        "tail": {
          "x": -0.05781038850545883,
          "y": -0.4973142147064209,
          "z": 0.5246814489364624
        }
      },
      "world_space": {
        "head": {
          "x": 0.02241717278957367,
          "y": -0.36314868927001953,
          "z": 1.5221056938171387
        },
        "tail": {
          "x": -0.05781038850545883,
          "y": -0.4340702295303345,
          "z": 1.4745354652404785
        },
        "rotation_quaternion": {
          "w": 0.19355064630508423,
          "x": -0.8927109837532043,
          "y": 0.3998734951019287,
          "z": -0.07554203271865845
        },
        "matrix": [
          [
            0.6687886714935303,
            -0.6847006678581238,
            0.2896670699119568,
            0.02241717278957367
          ],
          [
            -0.743185818195343,
            -0.6052786111831665,
            0.2851537764072418,
            -0.36314868927001953
          ],
          [
            -0.01991667039692402,
            -0.4059874415397644,
            -0.9136694669723511,
            1.5221056938171387
          ],
          [
            0.0,
            0.0,
            0.0,
            1.0
          ]
        ]
      },
      "bone_length_armature_space": 0.11717189645201094,
      "parent": "lowerarm_l",
      "has_children": true,
      "is_end_bone": false
    },
    "index_01_l": {
      "name": "index_01_l",
      "local": {
        "location": {
          "x": 0.0,
          "y": 0.0,
          "z": 0.0
        },
        "rotation_quaternion": {
          "w": 0.9969784021377563,
          "x": -0.07433324307203293,
          "y": 0.014568976126611233,
          "z": -0.01722150854766369
        },
        "scale": {
          "x": 1.0,
          "y": 1.0,
          "z": 1.0
        },
        "matrix_basis": [
          [
            0.998982310295105,
            0.032173026353120804,
            0.031610168516635895,
            0.0
          ],
          [
            -0.03650486096739769,
            0.9883559942245483,
            0.1477154791355133,
            0.0
          ],
          [
            -0.02648964710533619,
            -0.14871907234191895,
            0.9885246157646179,
            0.0
          ],
          [
            0.0,
            0.0,
            0.0,
            1.0
          ]
        ],
        "rotation_mode": "QUATERNION"
      },
      "armature_space": {
        "head": {
          "x": -0.05781038850545883,
          "y": -0.4973142147064209,
          "z": 0.5246814489364624
        },
        "tail": {
          "x": -0.07058283686637878,
          "y": -0.5226031541824341,
          "z": 0.5214561223983765
        }
      },
      "world_space": {
        "head": {
          "x": -0.05781038850545883,
          "y": -0.4340702295303345,
          "z": 1.4745354652404785
        },
        "tail": {
          "x": -0.07058283686637878,
          "y": -0.45935916900634766,
          "z": 1.4713101387023926
        },
        "rotation_quaternion": {
          "w": 0.0353679358959198,
          "x": -0.9666415452957153,
          "y": 0.2351740300655365,
          "z": -0.09511265158653259
        },
        "matrix": [
          [
            0.8712935447692871,
            -0.44793030619621277,
            0.20051515102386475,
            -0.05781038850545883
          ],
          [
            -0.4613858461380005,
            -0.8868846297264099,
            0.02363935112953186,
            -0.4340702295303345
          ],
          [
            0.16724559664726257,
            -0.11311329901218414,
            -0.9794123768806458,
            1.4745354652404785
          ],
          [
            0.0,
            0.0,
            0.0,
            1.0
          ]
        ]
      },
      "bone_length_armature_space": 0.028514358681921093,
      "parent": "metacarpal_index_l",
      "has_children": true,
      "is_end_bone": false
    },
    "index_02_l": {
      "name": "index_02_l",
      "local": {
        "location": {
          "x": 0.0,
          "y": 0.0,
          "z": 0.0
        },
        "rotation_quaternion": {
          "w": 0.9865030646324158,
          "x": 0.16365699470043182,
          "y": 0.0012314064661040902,
          "z": 0.005174847785383463
        },
        "scale": {
          "x": 1.0,
          "y": 1.0,
          "z": 1.0
        },
        "matrix_basis": [
          [
            0.9999434351921082,
            -0.009806949645280838,
            0.004123372491449118,
            0.0
          ],
          [
            0.010613063350319862,
            0.9463792443275452,
            -0.3228835165500641,
            0.0
          ],
          [
            -0.000735772424377501,
            0.32290899753570557,
            0.9464297294616699,
            0.0
          ],
          [
            0.0,
            0.0,
            0.0,
            1.0
          ]
        ],
        "rotation_mode": "QUATERNION"
      },
      "armature_space": {
        "head": {
          "x": -0.07058314979076385,
          "y": -0.5226033926010132,
          "z": 0.521455705165863
        },
        "tail": {
          "x": -0.08012902736663818,
          "y": -0.5441960096359253,
          "z": 0.5114193558692932
        }
      },
      "world_space": {
        "head": {
          "x": -0.07058314979076385,
          "y": -0.45935940742492676,
          "z": 1.4713096618652344
        },
        "tail": {
          "x": -0.08012902736663818,
          "y": -0.48095202445983887,
          "z": 1.461273431777954
        },
        "rotation_quaternion": {
          "w": 0.1833854764699936,
          "x": -0.9547786116600037,
          "y": 0.21334318816661835,
          "z": -0.09618955105543137
        },
        "matrix": [
          [
            0.8904644250869751,
            -0.3721116781234741,
            0.2619280219078064,
            -0.07058314979076385
          ],
          [
            -0.4426707327365875,
            -0.8417090773582458,
            0.3091414272785187,
            -0.45935940742492676
          ],
          [
            0.10543224960565567,
            -0.39123088121414185,
            -0.9142410755157471,
            1.4713096618652344
          ],
          [
            0.0,
            0.0,
            0.0,
            1.0
          ]
        ]
      },
      "bone_length_armature_space": 0.02565332745463708,
      "parent": "index_01_l",
      "has_children": true,
      "is_end_bone": false
    },
    "index_03_l": {
      "name": "index_03_l",
      "local": {
        "location": {
          "x": 0.0,
          "y": 0.0,
          "z": 0.0
        },
        "rotation_quaternion": {
          "w": 0.971890926361084,
          "x": 0.23531734943389893,
          "y": -0.007262717001140118,
          "z": 0.0010118172504007816
        },
        "scale": {
          "x": 1.0,
          "y": 1.0,
          "z": 1.0
        },
        "matrix_basis": [
          [
            0.9998924732208252,
            -0.0053848386742174625,
            -0.013640941120684147,
            0.0
          ],
          [
            -0.001451334566809237,
            0.8892494440078735,
            -0.457420289516449,
            0.0
          ],
          [
            0.014593333937227726,
            0.4573909044265747,
            0.8891459703445435,
            0.0
          ],
          [
            0.0,
            0.0,
            0.0,
            1.0
          ]
        ],
        "rotation_mode": "QUATERNION"
      },
      "armature_space": {
        "head": {
          "x": -0.08012908697128296,
          "y": -0.5441960096359253,
          "z": 0.5114194750785828
        },
        "tail": {
          "x": -0.08241810649633408,
          "y": -0.5613973140716553,
          "z": 0.4879117012023926
        }
      },
      "world_space": {
        "head": {
          "x": -0.08012908697128296,
          "y": -0.48095202445983887,
          "z": 1.461273431777954
        },
        "tail": {
          "x": -0.08241810649633408,
          "y": -0.49815332889556885,
          "z": 1.4377657175064087
        },
        "rotation_quaternion": {
          "w": 0.4335971772670746,
          "x": -0.8734701871871948,
          "y": 0.13281352818012238,
          "z": -0.17721150815486908
        },
        "matrix": [
          [
            0.9019134044647217,
            -0.07834091782569885,
            0.4247530996799469,
            -0.08012908697128296
          ],
          [
            -0.3856942057609558,
            -0.5887085795402527,
            0.7103956937789917,
            -0.48095202445983887
          ],
          [
            0.19440360367298126,
            -0.8045464754104614,
            -0.561182975769043,
            1.461273431777954
          ],
          [
            0.0,
            0.0,
            0.0,
            1.0
          ]
        ]
      },
      "bone_length_armature_space": 0.029218828353221073,
      "parent": "index_02_l",
      "has_children": false,
      "is_end_bone": true
    },
    "metacarpal_pinky_l": {
      "name": "metacarpal_pinky_l",
      "local": {
        "location": {
          "x": 0.0,
          "y": 0.0,
          "z": 0.0
        },
        "rotation_quaternion": {
          "w": 0.9993845224380493,
          "x": -0.029906166717410088,
          "y": 0.008004897274076939,
          "z": 0.016496567055583
        },
        "scale": {
          "x": 1.0,
          "y": 1.0,
          "z": 1.0
        },
        "matrix_basis": [
          [
            0.999327540397644,
            -0.0334516204893589,
            0.015013243071734905,
            0.0
          ],
          [
            0.03249403461813927,
            0.9976669549942017,
            0.06003962829709053,
            0.0
          ],
          [
            -0.01698663830757141,
            -0.05951141193509102,
            0.9980831146240234,
            0.0
          ],
          [
            0.0,
            0.0,
            0.0,
            1.0
          ]
        ],
        "rotation_mode": "QUATERNION"
      },
      "armature_space": {
        "head": {
          "x": 0.02241717278957367,
          "y": -0.42639267444610596,
          "z": 0.5722516775131226
        },
        "tail": {
          "x": -0.008954443037509918,
          "y": -0.5255411863327026,
          "z": 0.5669029951095581
        }
      },
      "world_space": {
        "head": {
          "x": 0.02241717278957367,
          "y": -0.36314868927001953,
          "z": 1.5221056938171387
        },
        "tail": {
          "x": -0.008954443037509918,
          "y": -0.4622972011566162,
          "z": 1.5167570114135742
        },
        "rotation_quaternion": {
          "w": 0.14585305750370026,
          "x": -0.48070627450942993,
          "y": 0.05147545412182808,
          "z": 0.8631331324577332
        },
        "matrix": [
          [
            -0.4952966272830963,
            -0.30127137899398804,
            -0.8148110508918762,
            0.02241717278957367
          ],
          [
            0.20229196548461914,
            -0.9521540999412537,
            0.22908644378185272,
            -0.36314868927001953
          ],
          [
            -0.8448483943939209,
            -0.05136531591415405,
            0.5325474739074707,
            1.5221056938171387
          ],
          [
            0.0,
            0.0,
            0.0,
            1.0
          ]
        ]
      },
      "bone_length_armature_space": 0.10413075450235508,
      "parent": "lowerarm_l",
      "has_children": true,
      "is_end_bone": false
    },
    "pinky_01_l": {
      "name": "pinky_01_l",
      "local": {
        "location": {
          "x": 0.0,
          "y": 0.0,
          "z": 0.0
        },
        "rotation_quaternion": {
          "w": 0.9990493059158325,
          "x": 0.043548308312892914,
          "y": 0.0014920313842594624,
          "z": 0.0013708374463021755
        },
        "scale": {
          "x": 1.0,
          "y": 1.0,
          "z": 1.0
        },
        "matrix_basis": [
          [
            0.999991774559021,
            -0.0026091174222528934,
            0.003100621048361063,
            0.0
          ],
          [
            0.0028690192848443985,
            0.9962033033370972,
            -0.0870097205042839,
            0.0
          ],
          [
            -0.0028618306387215853,
            0.08701790869235992,
            0.9962026476860046,
            0.0
          ],
          [
            0.0,
            0.0,
            0.0,
            1.0
          ]
        ],
        "rotation_mode": "QUATERNION"
      },
      "armature_space": {
        "head": {
