{
  "metadata": {
    "armature_name": "KIM_caucasian_male",
    "export_time": "2026-01-13T20:55:42.306104",
    "blender_version": "4.4.1",
    "bone_count": 56,
    "end_bone_count": 13,
    "spaces_included": [
      "LOCAL_CHANNELS",
      "ARMATURE_SPACE",
      "WORLD_SPACE"
    ],
    "note": "LOCAL matches Transform panel; replay pose via local.matrix_basis for best fidelity."
  },
  "bones": {
    "Root": {
      "name": "Root",
      "local": {
        "location": {
          "x": 0.0,
          "y": 0.0,
          "z": 0.0
        },
        "rotation_quaternion": {
          "w": 0.9998140335083008,
          "x": -0.012867024168372154,
          "y": -0.014337961561977863,
          "z": 0.0009124748175963759
        },
        "scale": {
          "x": 1.0,
          "y": 1.0,
          "z": 1.0
        },
        "matrix_basis": [
          [
            0.9995871782302856,
            -0.0014556364621967077,
            -0.028694072738289833,
            0.0
          ],
          [
            0.002193584106862545,
            0.999667227268219,
            0.025703096762299538,
            0.0
          ],
          [
            0.028647108003497124,
            -0.02575542964041233,
            0.9992577433586121,
            0.0
          ],
          [
            0.0,
            0.0,
            0.0,
            1.0
          ]
        ],
        "rotation_mode": "QUATERNION"
      },
      "armature_space": {
        "head": {
          "x": 0.0,
          "y": 0.07072800397872925,
          "z": -0.009595036506652832
        },
        "tail": {
          "x": -0.00010389732051407918,
          "y": 0.00027066469192504883,
          "z": 0.0018184492364525795
        }
      },
      "world_space": {
        "head": {
          "x": 0.0,
          "y": 0.13397200405597687,
          "z": 0.9402589797973633
        },
        "tail": {
          "x": -0.00010389732051407918,
          "y": 0.06351466476917267,
          "z": 0.9516724944114685
        },
        "rotation_quaternion": {
          "w": 0.0801929384469986,
          "x": 0.9966759085655212,
          "y": -0.0018763205735012889,
          "z": -0.014243921265006065
        },
        "matrix": [
          [
            0.9995871782302856,
            -0.0014556364621967077,
            -0.028694072738289833,
            0.0
          ],
          [
            -0.006024695001542568,
            -0.9871311187744141,
            -0.1597997099161148,
            0.13397200405597687
          ],
          [
            -0.02809240110218525,
            0.1599067896604538,
            -0.9867393970489502,
            0.9402589797973633
          ],
          [
            0.0,
            0.0,
            0.0,
            1.0
          ]
        ]
      },
      "bone_length_armature_space": 0.07137587186226617,
      "parent": null,
      "has_children": true,
      "is_end_bone": false
    },
    "spine_01": {
      "name": "spine_01",
      "local": {
        "location": {
          "x": 0.0,
          "y": 0.0,
          "z": 0.0
        },
        "rotation_quaternion": {
          "w": 0.9991723299026489,
          "x": -0.037231434136629105,
          "y": -0.013965128920972347,
          "z": 0.008584560826420784
        },
        "scale": {
          "x": 1.0,
          "y": 1.0,
          "z": 1.0
        },
        "matrix_basis": [
          [
            0.9994625449180603,
            -0.01611502841114998,
            -0.028546372428536415,
            0.0
          ],
          [
            0.01819479465484619,
            0.9970802664756775,
            0.07416146993637085,
            0.0
          ],
          [
            0.027267910540103912,
            -0.07464100420475006,
            0.9968376159667969,
            0.0
          ],
          [
            0.0,
            0.0,
            0.0,
            1.0
          ]
        ],
        "rotation_mode": "QUATERNION"
      },
      "armature_space": {
        "head": {
          "x": -0.00010389732051407918,
          "y": 0.00027066469192504883,
          "z": 0.0018184492364525795
        },
        "tail": {
          "x": 0.006025380454957485,
          "y": 0.07184740900993347,
          "z": 0.4845064878463745
        }
      },
      "world_space": {
        "head": {
          "x": -0.00010389732051407918,
          "y": 0.06351466476917267,
          "z": 0.9516724944114685
        },
        "tail": {
          "x": 0.006025380454957485,
          "y": 0.1350914090871811,
          "z": 1.4343605041503906
        },
        "rotation_quaternion": {
          "w": 0.7571536302566528,
          "x": 0.6530299186706543,
          "y": -0.0074043781496584415,
          "z": -0.014680318534374237
        },
        "matrix": [
          [
            0.9994593262672424,
            0.012559964321553707,
            -0.030385950580239296,
            -0.00010389732051407918
          ],
          [
            -0.031901150941848755,
            0.1466732919216156,
            -0.9886705279350281,
            0.06351466476917267
          ],
          [
            -0.007960939779877663,
            0.9891123175621033,
            0.14699478447437286,
            0.9516724944114685
          ],
          [
            0.0,
            0.0,
            0.0,
            1.0
          ]
        ]
      },
      "bone_length_armature_space": 0.4880046565411862,
      "parent": "Root",
      "has_children": true,
      "is_end_bone": false
    },
    "neck_01": {
      "name": "neck_01",
      "local": {
        "location": {
          "x": 0.0,
          "y": 0.0,
          "z": 0.0
        },
        "rotation_quaternion": {
          "w": 0.9955747127532959,
          "x": 0.02351841889321804,
          "y": -0.013014325872063637,
          "z": 0.09004691243171692
        },
        "scale": {
          "x": 1.0,
          "y": 1.0,
          "z": 1.0
        },
        "matrix_basis": [
          [
            0.983444333076477,
            -0.17990900576114655,
            -0.02167794480919838,
            0.0
          ],
          [
            0.17868471145629883,
            0.9826768636703491,
            -0.04917248710989952,
            0.0
          ],
          [
            0.030148988589644432,
            0.04448488727211952,
            0.9985550045967102,
            0.0
          ],
          [
            0.0,
            0.0,
            0.0,
            1.0
          ]
        ],
        "rotation_mode": "QUATERNION"
      },
      "armature_space": {
        "head": {
          "x": 0.005891203880310059,
          "y": 0.048299070447683334,
          "z": 0.5620256066322327
        },
        "tail": {
          "x": -0.012692626565694809,
          "y": 0.02032303996384144,
          "z": 0.6588901281356812
        }
      },
      "world_space": {
        "head": {
          "x": 0.005891203880310059,
          "y": 0.11154307425022125,
          "z": 1.5118796825408936
        },
        "tail": {
          "x": -0.012692626565694809,
          "y": 0.08356703817844391,
          "z": 1.6087441444396973
        },
        "rotation_quaternion": {
          "w": 0.5962302684783936,
          "x": 0.7971334457397461,
          "y": -0.0898294672369957,
          "z": 0.03191353753209114
        },
        "matrix": [
          [
            0.9818243384361267,
            -0.18126793205738068,
            -0.05624035373330116,
            0.005891203880310059
          ],
          [
            -0.10515744984149933,
            -0.27288007736206055,
            -0.9562838077545166,
            0.11154307425022125
          ],
          [
            0.1579977124929428,
            0.9448229670524597,
            -0.28698480129241943,
            1.5118796825408936
          ],
          [
            0.0,
            0.0,
            0.0,
            1.0
          ]
        ]
      },
      "bone_length_armature_space": 0.10252196334002359,
      "parent": "spine_01",
      "has_children": true,
      "is_end_bone": false
    },
    "head": {
      "name": "head",
      "local": {
        "location": {
          "x": 0.0,
          "y": 0.0,
          "z": 0.0
        },
        "rotation_quaternion": {
          "w": 0.9812663793563843,
          "x": 0.014230145141482353,
          "y": 0.05447760969400406,
          "z": 0.1842447817325592
        },
        "scale": {
          "x": 1.0,
          "y": 1.0,
          "z": 1.0
        },
        "matrix_basis": [
          [
            0.9261720776557922,
            -0.3600359857082367,
            0.11215775460004807,
            0.0
          ],
          [
            0.3631368577480316,
            0.931702733039856,
            -0.00785269495099783,
            0.0
          ],
          [
            -0.10167043656110764,
            0.04800155758857727,
            0.9936593770980835,
            0.0
          ],
          [
            0.0,
            0.0,
            0.0,
            1.0
          ]
        ],
        "rotation_mode": "QUATERNION"
      },
      "armature_space": {
        "head": {
          "x": -0.01269262284040451,
          "y": 0.02032291144132614,
          "z": 0.6588900089263916
        },
        "tail": {
          "x": -0.08996377885341644,
          "y": 0.032186560332775116,
          "z": 0.7928364872932434
        }
      },
      "world_space": {
        "head": {
          "x": -0.01269262284040451,
          "y": 0.08356691151857376,
          "z": 1.6087440252304077
        },
        "tail": {
          "x": -0.08996377885341644,
          "y": 0.09543056041002274,
          "z": 1.7426905632019043
        },
        "rotation_quaternion": {
          "w": 0.7117945551872253,
          "x": 0.6533353328704834,
          "y": -0.17775137722492218,
          "z": 0.1868312954902649
        },
        "matrix": [
          [
            0.8669970631599426,
            -0.4982335865497589,
            -0.008915849030017853,
            -0.01269262284040451
          ],
          [
            0.033711545169353485,
            0.07649516314268112,
            -0.9965000748634338,
            0.08356691151857376
          ],
          [
            0.4971752464771271,
            0.8636680841445923,
            0.08311696350574493,
            1.6087440252304077
          ],
          [
            0.0,
            0.0,
            0.0,
            1.0
          ]
        ]
      },
      "bone_length_armature_space": 0.1550910602805444,
      "parent": "neck_01",
      "has_children": false,
      "is_end_bone": true
    },
    "upperarm_l": {
      "name": "upperarm_l",
      "local": {
        "location": {
          "x": 0.0,
          "y": 0.0,
          "z": 0.0
        },
        "rotation_quaternion": {
          "w": 0.8457528352737427,
          "x": 0.4179109036922455,
          "y": 0.26493164896965027,
          "z": 0.1996593475341797
        },
        "scale": {
          "x": 1.0,
          "y": 1.0,
          "z": 1.0
        },
        "matrix_basis": [
          [
            0.7798947095870972,
            -0.11628926545381546,
            0.6150130033493042,
            0.0
          ],
          [
            0.559160590171814,
            0.5709732174873352,
            -0.6011065244674683,
            0.0
          ],
          [
            -0.28125375509262085,
            0.812690794467926,
            0.5103234052658081,
            0.0
          ],
          [
            0.0,
            0.0,
            0.0,
            1.0
          ]
        ],
        "rotation_mode": "QUATERNION"
      },
      "armature_space": {
        "head": {
          "x": 0.15486906468868256,
          "y": 0.030503321439027786,
          "z": 0.49482423067092896
        },
        "tail": {
          "x": 0.3105804920196533,
          "y": -0.18127696216106415,
          "z": 0.5468885898590088
        }
      },
      "world_space": {
        "head": {
          "x": 0.15486906468868256,
          "y": 0.09374731779098511,
          "z": 1.4446783065795898
        },
        "tail": {
          "x": 0.3105804920196533,
          "y": -0.11803296208381653,
          "z": 1.496742606163025
        },
        "rotation_quaternion": {
          "w": 0.23060841858386993,
          "x": 0.843553900718689,
          "y": 0.22729279100894928,
          "z": -0.42845597863197327
        },
        "matrix": [
          [
            0.5295268893241882,
            0.5810791254043579,
            -0.6180198192596436,
            0.15486906468868256
          ],
          [
            0.1858566552400589,
            -0.7903150916099548,
            -0.583831787109375,
            0.09374731779098511
          ],
          [
            -0.8276883959770203,
            0.1942920684814453,
            -0.526494562625885,
            1.4446783065795898
          ],
          [
            0.0,
            0.0,
            0.0,
            1.0
          ]
        ]
      },
      "bone_length_armature_space": 0.2679694600589398,
      "parent": "spine_01",
      "has_children": true,
      "is_end_bone": false
    },
    "lowerarm_l": {
      "name": "lowerarm_l",
      "local": {
        "location": {
          "x": 0.0,
          "y": 0.0,
          "z": 0.0
        },
        "rotation_quaternion": {
          "w": 0.8700110912322998,
          "x": 0.4684876799583435,
          "y": 0.09989673644304276,
          "z": -0.11670740693807602
        },
        "scale": {
          "x": 1.0,
          "y": 1.0,
          "z": 1.0
        },
        "matrix_basis": [
          [
            0.9528000354766846,
            0.2966742515563965,
            0.064470574259758,
            0.0
          ],
          [
            -0.10947269946336746,
            0.5337973237037659,
            -0.8384963274002075,
            0.0
          ],
          [
            -0.2831745147705078,
            0.7918615937232971,
            0.5410798788070679,
            0.0
          ],
          [
            0.0,
            0.0,
            0.0,
            1.0
          ]
        ],
        "rotation_mode": "QUATERNION"
      },
      "armature_space": {
        "head": {
          "x": 0.31058046221733093,
          "y": -0.1812770813703537,
          "z": 0.5468886494636536
        },
        "tail": {
          "x": 0.25491100549697876,
          "y": -0.40619802474975586,
          "z": 0.4131682515144348
        }
      },
      "world_space": {
        "head": {
          "x": 0.31058046221733093,
          "y": -0.11803308129310608,
          "z": 1.4967427253723145
        },
        "tail": {
          "x": 0.25491100549697876,
          "y": -0.34295403957366943,
          "z": 1.3630223274230957
        },
        "rotation_quaternion": {
          "w": 0.28113746643066406,
          "x": -0.85072261095047,
          "y": -0.02424222230911255,
          "z": 0.4434468448162079
        },
        "matrix": [
          [
            0.6055352687835693,
            -0.20809105038642883,
            -0.7681309580802917,
            0.31058046221733093
          ],
          [
            0.29058533906936646,
            -0.8407490253448486,
            0.45683833956718445,
            -0.11803308129310608
          ],
          [
            -0.7408742904663086,
            -0.499843567609787,
            -0.44863754510879517,
            1.4967427253723145
          ],
          [
            0.0,
            0.0,
            0.0,
            1.0
          ]
        ]
      },
      "bone_length_armature_space": 0.26752507378241785,
      "parent": "upperarm_l",
      "has_children": true,
      "is_end_bone": false
    },
    "metacarpal_thumb_l": {
      "name": "metacarpal_thumb_l",
      "local": {
        "location": {
          "x": 0.0,
          "y": 0.0,
          "z": 0.0
        },
        "rotation_quaternion": {
          "w": 0.9997985363006592,
          "x": -0.00844191201031208,
          "y": -0.013309638947248459,
          "z": 0.012428974732756615
        },
        "scale": {
          "x": 1.0,
          "y": 1.0,
          "z": 1.0
        },
        "matrix_basis": [
          [
            0.9993367195129395,
            -0.024628223851323128,
            -0.02682376280426979,
            0.0
          ],
          [
            0.025077659636735916,
            0.9995484948158264,
            0.016549572348594666,
            0.0
          ],
          [
            0.026404066011309624,
            -0.017211273312568665,
            0.9995031952857971,
            0.0
          ],
          [
            0.0,
            0.0,
            0.0,
            1.0
          ]
        ],
        "rotation_mode": "QUATERNION"
      },
      "armature_space": {
        "head": {
          "x": 0.25491100549697876,
          "y": -0.40619802474975586,
          "z": 0.4131682515144348
        },
        "tail": {
          "x": 0.22866761684417725,
          "y": -0.42240792512893677,
          "z": 0.3744109272956848
        }
      },
      "world_space": {
        "head": {
          "x": 0.25491100549697876,
          "y": -0.34295403957366943,
          "z": 1.3630223274230957
        },
        "tail": {
          "x": 0.22866761684417725,
          "y": -0.35916393995285034,
          "z": 1.3242650032043457
        },
        "rotation_quaternion": {
          "w": 0.38572433590888977,
          "x": -0.7897077202796936,
          "y": 0.4331183433532715,
          "z": -0.19996771216392517
        },
        "matrix": [
          [
            0.5448408722877502,
            -0.5298091769218445,
            0.6499619483947754,
            0.25491100549697876
          ],
          [
            -0.8383396863937378,
            -0.32725003361701965,
            0.43599769473075867,
            -0.34295403957366943
          ],
          [
            -0.01829647645354271,
            -0.7824438214302063,
            -0.6224634051322937,
            1.3630223274230957
          ],
          [
            0.0,
            0.0,
            0.0,
            1.0
          ]
        ]
      },
      "bone_length_armature_space": 0.04953389232047055,
      "parent": "lowerarm_l",
      "has_children": true,
      "is_end_bone": false
    },
    "thumb_01_l": {
      "name": "thumb_01_l",
      "local": {
        "location": {
          "x": 0.0,
          "y": 0.0,
          "z": 0.0
        },
        "rotation_quaternion": {
          "w": 0.9997727870941162,
          "x": 0.016909001395106316,
          "y": 0.012893829494714737,
          "z": 0.0015474024694412947
        },
        "scale": {
          "x": 1.0,
          "y": 1.0,
          "z": 1.0
        },
        "matrix_basis": [
          [
            0.9996626973152161,
            -0.002658058190718293,
            0.025834130123257637,
            0.0
          ],
          [
            0.003530145389959216,
            0.9994233846664429,
            -0.03377041593194008,
            0.0
          ],
          [
            -0.0257294699549675,
            0.03385022282600403,
            0.9990956783294678,
            0.0
          ],
          [
            0.0,
            0.0,
            0.0,
            1.0
          ]
        ],
        "rotation_mode": "QUATERNION"
      },
      "armature_space": {
        "head": {
          "x": 0.22866761684417725,
          "y": -0.42240792512893677,
          "z": 0.3744109272956848
        },
        "tail": {
          "x": 0.231630340218544,
          "y": -0.41620728373527527,
          "z": 0.34107303619384766
        }
      },
      "world_space": {
        "head": {
          "x": 0.22866761684417725,
          "y": -0.35916393995285034,
          "z": 1.3242650032043457
        },
        "tail": {
          "x": 0.231630340218544,
          "y": -0.35296326875686646,
          "z": 1.2909270524978638
        },
        "rotation_quaternion": {
          "w": 0.23916050791740417,
          "x": -0.14434319734573364,
          "y": 0.7306744456291199,
          "z": -0.6229625344276428
        },
        "matrix": [
          [
            -0.8439350128173828,
            0.08704011142253876,
            0.5293369293212891,
            0.22866761684417725
          ],
          [
            -0.5089112520217896,
            0.18216553330421448,
            -0.8413233757019043,
            -0.35916393995285034
          ],
          [
            -0.1696571409702301,
            -0.9794145822525024,
            -0.10944180935621262,
            1.3242650032043457
          ],
          [
            0.0,
            0.0,
            0.0,
            1.0
          ]
        ]
      },
      "bone_length_armature_space": 0.03403881116285522,
      "parent": "metacarpal_thumb_l",
      "has_children": true,
      "is_end_bone": false
    },
    "thumb_02_l": {
      "name": "thumb_02_l",
      "local": {
        "location": {
          "x": 0.0,
          "y": 0.0,
          "z": 0.0
        },
        "rotation_quaternion": {
          "w": 0.9969725608825684,
          "x": 0.07762562483549118,
          "y": 4.179896859568544e-05,
          "z": 0.004477045964449644
        },
        "scale": {
          "x": 1.0,
          "y": 1.0,
          "z": 1.0
        },
        "matrix_basis": [
          [
            0.9999598860740662,
            -0.008920494467020035,
            0.0007784118060953915,
            0.0
          ],
          [
            0.008933473378419876,
            0.9879084229469299,
            -0.15478086471557617,
            0.0
          ],
          [
            0.0006117221200838685,
            0.15478160977363586,
            0.9879485368728638,
            0.0
          ],
          [
            0.0,
            0.0,
            0.0,
            1.0
          ]
        ],
        "rotation_mode": "QUATERNION"
      },
      "armature_space": {
        "head": {
          "x": 0.231630340218544,
          "y": -0.4162072241306305,
          "z": 0.34107306599617004
        },
        "tail": {
          "x": 0.22468119859695435,
          "y": -0.44960838556289673,
          "z": 0.3198773264884949
        }
      },
      "world_space": {
        "head": {
          "x": 0.231630340218544,
          "y": -0.3529632091522217,
          "z": 1.2909270524978638
        },
        "tail": {
          "x": 0.22468119859695435,
          "y": -0.3863644003868103,
          "z": 1.2697312831878662
        },
        "rotation_quaternion": {
          "w": 0.0913577601313591,
          "x": -0.0033338156063109636,
          "y": -0.27540603280067444,
          "z": 0.9569714665412903
        },
        "matrix": [
          [
            -0.9832851886749268,
            -0.17301732301712036,
            -0.05670221149921417,
            0.231630340218544
          ],
          [
            0.17669007182121277,
            -0.8316107392311096,
            -0.5265017747879028,
            -0.3529632091522217
          ],
          [
            0.043940480798482895,
            -0.5277244448661804,
            0.8482865691184998,
            1.2909270524978638
          ],
          [
            0.0,
            0.0,
            0.0,
            1.0
          ]
        ]
      },
      "bone_length_armature_space": 0.0401645061759603,
      "parent": "thumb_01_l",
      "has_children": true,
      "is_end_bone": false
    },
    "thumb_03_l": {
      "name": "thumb_03_l",
      "local": {
        "location": {
          "x": 0.0,
          "y": 0.0,
          "z": 0.0
        },
        "rotation_quaternion": {
          "w": 0.9989231824874878,
          "x": 0.045558445155620575,
          "y": -0.0063142008148133755,
          "z": -0.0060870833694934845
        },
        "scale": {
          "x": 1.0,
          "y": 1.0,
          "z": 1.0
        },
        "matrix_basis": [
          [
            0.9998461604118347,
            0.011585727334022522,
            -0.013169439509510994,
            0.0
          ],
          [
            -0.012736387550830841,
            0.9957747459411621,
            -0.0909419059753418,
            0.0
          ],
          [
            0.012060167267918587,
            0.09109564125537872,
            0.9957691431045532,
            0.0
          ],
          [
            0.0,
            0.0,
            0.0,
            1.0
          ]
        ],
        "rotation_mode": "QUATERNION"
      },
      "armature_space": {
        "head": {
          "x": 0.22468115389347076,
          "y": -0.44960829615592957,
          "z": 0.3198772966861725
        },
        "tail": {
          "x": 0.22261318564414978,
          "y": -0.47935986518859863,
          "z": 0.31375691294670105
        }
      },
      "world_space": {
        "head": {
          "x": 0.22468115389347076,
          "y": -0.38636428117752075,
          "z": 1.2697312831878662
        },
        "tail": {
          "x": 0.22261318564414978,
          "y": -0.4161158800125122,
          "z": 1.2636109590530396
        },
        "rotation_quaternion": {
          "w": 0.0528935007750988,
          "x": -0.19050393998622894,
          "y": -0.09267467260360718,
          "z": 0.9758698344230652
        },
        "matrix": [
          [
            -0.9218209385871887,
            -0.06792482733726501,
            -0.38161802291870117,
            0.22468115389347076
          ],
          [
            0.1385439932346344,
            -0.977227509021759,
            -0.16072341799736023,
            -0.38636428117752075
          ],
          [
            -0.362012654542923,
            -0.20103125274181366,
            0.9102457761764526,
            1.2697312831878662
          ],
          [
            0.0,
            0.0,
            0.0,
            1.0
          ]
        ]
      },
      "bone_length_armature_space": 0.03044489211587131,
      "parent": "thumb_02_l",
      "has_children": false,
      "is_end_bone": true
    },
    "metacarpal_index_l": {
      "name": "metacarpal_index_l",
      "local": {
        "location": {
          "x": 0.0,
          "y": 0.0,
          "z": 0.0
        },
        "rotation_quaternion": {
          "w": 0.9997491836547852,
          "x": -0.013054586946964264,
          "y": 0.014521275646984577,
          "z": -0.010969742201268673
        },
        "scale": {
          "x": 1.0,
          "y": 1.0,
          "z": 1.0
        },
        "matrix_basis": [
          [
            0.9993376135826111,
            0.021554842591285706,
            0.02932167798280716,
            0.0
          ],
          [
            -0.02231311984360218,
            0.9994184970855713,
            0.02578403614461422,
            0.0
          ],
          [
            -0.028748856857419014,
            -0.026421215385198593,
            0.9992374181747437,
            0.0
          ],
          [
            0.0,
            0.0,
            0.0,
            1.0
          ]
        ],
        "rotation_mode": "QUATERNION"
      },
      "armature_space": {
        "head": {
          "x": 0.25491100549697876,
          "y": -0.40619802474975586,
          "z": 0.4131682515144348
        },
        "tail": {
          "x": 0.20979933440685272,
          "y": -0.4847871661186218,
          "z": 0.3388850688934326
        }
      },
      "world_space": {
        "head": {
          "x": 0.25491100549697876,
          "y": -0.34295403957366943,
          "z": 1.3630223274230957
        },
        "tail": {
          "x": 0.20979933440685272,
          "y": -0.4215431809425354,
          "z": 1.2887390851974487
        },
        "rotation_quaternion": {
          "w": 0.3481970727443695,
          "x": -0.913959801197052,
          "y": 0.20832696557044983,
          "z": 0.006030317861586809
        },
        "matrix": [
          [
            0.9131267666816711,
            -0.38500475883483887,
            0.1340559422969818,
            0.25491100549697876
          ],
          [
            -0.376606285572052,
            -0.6707174777984619,
            0.6389881372451782,
            -0.34295403957366943
          ],
          [
            -0.15610136091709137,
            -0.6339683532714844,
            -0.7574498653411865,
            1.3630223274230957
          ],
          [
            0.0,
            0.0,
            0.0,
            1.0
          ]
        ]
      },
      "bone_length_armature_space": 0.11717212695376875,
      "parent": "lowerarm_l",
      "has_children": true,
      "is_end_bone": false
    },
    "index_01_l": {
      "name": "index_01_l",
      "local": {
        "location": {
          "x": 0.0,
          "y": 0.0,
          "z": 0.0
        },
        "rotation_quaternion": {
          "w": 0.991022527217865,
          "x": -0.13357415795326233,
          "y": -0.004932787735015154,
          "z": 0.002847822615876794
        },
        "scale": {
          "x": 1.0,
          "y": 1.0,
          "z": 1.0
        },
        "matrix_basis": [
          [
            0.9999350905418396,
            -0.004326726775616407,
            -0.010537798516452312,
            0.0
          ],
          [
            0.006962298881262541,
            0.9642996788024902,
            0.26472190022468567,
            0.0
          ],
          [
            0.009016216732561588,
            -0.26477810740470886,
            0.9642671942710876,
            0.0
          ],
          [
            0.0,
            0.0,
            0.0,
            1.0
          ]
        ],
        "rotation_mode": "QUATERNION"
      },
      "armature_space": {
        "head": {
          "x": 0.20979933440685272,
          "y": -0.4847871661186218,
          "z": 0.3388850688934326
        },
        "tail": {
          "x": 0.2069457620382309,
          "y": -0.5118225812911987,
          "z": 0.33028191328048706
        }
      },
      "world_space": {
        "head": {
          "x": 0.20979933440685272,
          "y": -0.4215431809425354,
          "z": 1.2887390851974487
        },
        "tail": {
          "x": 0.2069457620382309,
          "y": -0.4485785961151123,
          "z": 1.2801358699798584
        },
        "rotation_quaternion": {
          "w": 0.15038281679153442,
          "x": -0.9859243631362915,
          "y": 0.057606667280197144,
          "z": -0.04494114965200424
        },
        "matrix": [
          [
            0.9893235564231873,
            -0.10007505118846893,
            0.10594344884157181,
            0.20979933440685272
          ],
          [
            -0.12710829079151154,
            -0.9481332302093506,
            0.29135382175445557,
            -0.4215431809425354
          ],
          [
            0.0712914764881134,
            -0.3017125129699707,
            -0.9507370591163635,
            1.2887390851974487
          ],
          [
            0.0,
            0.0,
            0.0,
            1.0
          ]
        ]
      },
      "bone_length_armature_space": 0.028514396670061747,
      "parent": "metacarpal_index_l",
      "has_children": true,
      "is_end_bone": false
    },
    "index_02_l": {
      "name": "index_02_l",
      "local": {
        "location": {
          "x": 0.0,
          "y": 0.0,
          "z": 0.0
        },
        "rotation_quaternion": {
          "w": 0.9992605447769165,
          "x": 0.03796493634581566,
          "y": 0.004386769607663155,
          "z": -0.004218463785946369
        },
        "scale": {
          "x": 1.0,
          "y": 1.0,
          "z": 1.0
        },
        "matrix_basis": [
          [
            0.9999259114265442,
            0.008763776160776615,
            0.008446743711829185,
            0.0
          ],
          [
            -0.008097602054476738,
            0.9970817565917969,
            -0.07591073960065842,
            0.0
          ],
          [
            -0.009087358601391315,
            0.07583671808242798,
            0.9970788359642029,
            0.0
          ],
          [
            0.0,
            0.0,
            0.0,
            1.0
          ]
        ],
        "rotation_mode": "QUATERNION"
      },
      "armature_space": {
        "head": {
          "x": 0.2069455087184906,
          "y": -0.5118228197097778,
          "z": 0.33028149604797363
        },
        "tail": {
          "x": 0.2053794413805008,
          "y": -0.5359111428260803,
          "z": 0.321598619222641
        }
      },
      "world_space": {
        "head": {
          "x": 0.2069455087184906,
          "y": -0.4485788345336914,
          "z": 1.2801355123519897
        },
        "tail": {
          "x": 0.2053794413805008,
          "y": -0.4726671576499939,
          "z": 1.2714526653289795
        },
        "rotation_quaternion": {
          "w": 0.1712021827697754,
          "x": -0.9844228625297546,
          "y": 0.034525562077760696,
          "z": -0.020234696567058563
        },
        "matrix": [
          [
            0.9967970848083496,
            -0.06104721873998642,
            0.051660872995853424,
            0.2069455087184906
          ],
          [
            -0.07490386813879013,
            -0.9389957785606384,
            0.3356730043888092,
            -0.4485788345336914
          ],
          [
            0.028017420321702957,
            -0.3384707570075989,
            -0.940567135810852,
            1.2801355123519897
          ],
          [
            0.0,
            0.0,
            0.0,
            1.0
          ]
        ]
      },
      "bone_length_armature_space": 0.025653308482691508,
      "parent": "index_01_l",
      "has_children": true,
      "is_end_bone": false
    },
    "index_03_l": {
      "name": "index_03_l",
      "local": {
        "location": {
          "x": 0.0,
          "y": 0.0,
          "z": 0.0
        },
        "rotation_quaternion": {
          "w": 0.9991761445999146,
          "x": 0.03940493240952492,
          "y": 0.008498896844685078,
          "z": 0.004706638399511576
        },
        "scale": {
          "x": 1.0,
          "y": 1.0,
          "z": 1.0
        },
        "matrix_basis": [
          [
            0.9998112320899963,
            -0.008735724724829197,
            0.01735471934080124,
            0.0
          ],
          [
            0.01007531862705946,
            0.9968501925468445,
            -0.07866493612527847,
            0.0
          ],
          [
            -0.016612861305475235,
            0.07882493734359741,
            0.9967500567436218,
            0.0
          ],
          [
            0.0,
            0.0,
            0.0,
            1.0
          ]
        ],
        "rotation_mode": "QUATERNION"
      },
      "armature_space": {
        "head": {
          "x": 0.2053794264793396,
          "y": -0.5359112024307251,
          "z": 0.32159873843193054
        },
        "tail": {
          "x": 0.20641478896141052,
          "y": -0.5614129900932312,
          "z": 0.3073747754096985
        }
      },
      "world_space": {
        "head": {
          "x": 0.2053794264793396,
          "y": -0.47266721725463867,
          "z": 1.271452784538269
        },
        "tail": {
          "x": 0.20641478896141052,
          "y": -0.4981690049171448,
          "z": 1.2572288513183594
        },
        "rotation_quaternion": {
          "w": 0.2521994113922119,
          "x": -0.9650346040725708,
          "y": 0.00031035090796649456,
          "z": -0.07143925130367279
        },
        "matrix": [
          [
            0.9897926449775696,
            0.03543472662568092,
            0.13803920149803162,
            0.2053794264793396
          ],
          [
            -0.03663264960050583,
            -0.8727911114692688,
            0.4867175221443176,
            -0.47266721725463867
          ],
          [
            0.13772687315940857,
            -0.48681047558784485,
            -0.8625895380973816,
            1.271452784538269
          ],
          [
            0.0,
            0.0,
            0.0,
            1.0
          ]
        ]
      },
      "bone_length_armature_space": 0.029218731314612723,
      "parent": "index_02_l",
      "has_children": false,
      "is_end_bone": true
    },
    "metacarpal_pinky_l": {
      "name": "metacarpal_pinky_l",
      "local": {
        "location": {
          "x": 0.0,
          "y": 0.0,
          "z": 0.0
        },
        "rotation_quaternion": {
          "w": 0.9999068975448608,
          "x": 0.003620960284024477,
          "y": 0.0004684180021286011,
          "z": -0.013149422593414783
        },
        "scale": {
          "x": 1.0,
          "y": 1.0,
          "z": 1.0
        },
        "matrix_basis": [
          [
            0.9996537566184998,
            0.026299789547920227,
            0.0008415217162109911,
            0.0
          ],
          [
            -0.02629300393164158,
            0.999627947807312,
            -0.007253565359860659,
            0.0
          ],
          [
            -0.0010319758439436555,
            0.0072289276868104935,
            0.9999733567237854,
            0.0
          ],
          [
            0.0,
            0.0,
            0.0,
            1.0
          ]
        ],
        "rotation_mode": "QUATERNION"
      },
      "armature_space": {
        "head": {
          "x": 0.25491100549697876,
          "y": -0.40619802474975586,
          "z": 0.4131682515144348
        },
        "tail": {
          "x": 0.2566393315792084,
          "y": -0.5033448338508606,
          "z": 0.3757149577140808
        }
      },
      "world_space": {
        "head": {
          "x": 0.25491100549697876,
          "y": -0.34295403957366943,
          "z": 1.3630223274230957
        },
        "tail": {
          "x": 0.2566393315792084,
          "y": -0.44010084867477417,
          "z": 1.3255689144134521
        },
        "rotation_quaternion": {
          "w": 0.07415485382080078,
          "x": -0.4391099512577057,
          "y": -0.1674387902021408,
          "z": 0.8795725703239441
        },
        "matrix": [
          [
            -0.6033672094345093,
            0.016597578302025795,
            -0.7972908020019531,
            0.25491100549697876
          ],
          [
            0.277496874332428,
            -0.9329310655593872,
            -0.22942349314689636,
            -0.34295403957366943
          ],
          [
            -0.7476300597190857,
            -0.35967570543289185,
            0.5582979917526245,
            1.3630223274230957
          ],
          [
            0.0,
            0.0,
            0.0,
            1.0
          ]
        ]
      },
      "bone_length_armature_space": 0.10413087288182116,
      "parent": "lowerarm_l",
      "has_children": true,
      "is_end_bone": false
    },
    "pinky_01_l": {
      "name": "pinky_01_l",
      "local": {
        "location": {
          "x": 0.0,
          "y": 0.0,
          "z": 0.0
        },
        "rotation_quaternion": {
          "w": 0.9633952379226685,
          "x": 0.2664359509944916,
          "y": 0.016625668853521347,
          "z": 0.024600863456726074
        },
        "scale": {
          "x": 1.0,
          "y": 1.0,
          "z": 1.0
        },
        "matrix_basis": [
          [
            0.9982367753982544,
            -0.03854135796427727,
            0.045143287628889084,
            0.0
          ],
          [
            0.056260060518980026,
            0.856813371181488,
            -0.5125482678413391,
            0.0
          ],
          [
            -0.018925070762634277,
            0.5141842365264893,
            0.8574709296226501,
            0.0
          ],
          [
            0.0,
            0.0,
            0.0,
            1.0
          ]
        ],
        "rotation_mode": "QUATERNION"
      },
      "armature_space": {
        "head": {
          "x": 0.2566393315792084,
