{
  "metadata": {
    "armature_name": "KIM_caucasian_male",
    "export_time": "2026-01-13T21:02:42.499739",
    "blender_version": "4.4.1",
    "bone_count": 56,
    "end_bone_count": 13,
    "spaces_included": [
      "LOCAL_CHANNELS",
      "ARMATURE_SPACE",
      "WORLD_SPACE"
    ],
    "note": "LOCAL matches Transform panel; replay pose via local.matrix_basis for best fidelity."
  },
  "bones": {
    "Root": {
      "name": "Root",
      "local": {
        "location": {
          "x": 0.0,
          "y": 0.0,
          "z": 0.0
        },
        "rotation_quaternion": {
          "w": 0.9997673630714417,
          "x": 0.001537359319627285,
          "y": -0.0003257581847719848,
          "z": 0.021511536091566086
        },
        "scale": {
          "x": 1.0,
          "y": 1.0,
          "z": 1.0
        },
        "matrix_basis": [
          [
            0.9990742802619934,
            -0.04301406443119049,
            -0.0005852229078300297,
            0.0
          ],
          [
            0.04301206022500992,
            0.9990698099136353,
            -0.0030880183912813663,
            0.0
          ],
          [
            0.0007175067439675331,
            0.0030599881429225206,
            0.9999950528144836,
            0.0
          ],
          [
            0.0,
            0.0,
            0.0,
            1.0
          ]
        ],
        "rotation_mode": "QUATERNION"
      },
      "armature_space": {
        "head": {
          "x": 0.0,
          "y": 0.07072800397872925,
          "z": -0.009595036506652832
        },
        "tail": {
          "x": -0.0030701663345098495,
          "y": 3.643333911895752e-05,
          "z": -0.00022535491734743118
        }
      },
      "world_space": {
        "head": {
          "x": 0.0,
          "y": 0.13397200405597687,
          "z": 0.9402589797973633
        },
        "tail": {
          "x": -0.0030701663345098495,
          "y": 0.06328043341636658,
          "z": 0.9496286511421204
        },
        "rotation_quaternion": {
          "w": 0.06581810861825943,
          "x": 0.997599720954895,
          "y": -0.021484609693288803,
          "z": 0.0011241683969274163
        },
        "matrix": [
          [
            0.9990742802619934,
            -0.04301406443119049,
            -0.0005852229078300297,
            0.0
          ],
          [
            -0.04271810129284859,
            -0.9904127717018127,
            -0.13136903941631317,
            0.13397200405597687
          ],
          [
            0.005071098916232586,
            0.13127240538597107,
            -0.9913404583930969,
            0.9402589797973633
          ],
          [
            0.0,
            0.0,
            0.0,
            1.0
          ]
        ]
      },
      "bone_length_armature_space": 0.07137587110507453,
      "parent": null,
      "has_children": true,
      "is_end_bone": false
    },
    "spine_01": {
      "name": "spine_01",
      "local": {
        "location": {
          "x": 0.0,
          "y": 0.0,
          "z": 0.0
        },
        "rotation_quaternion": {
          "w": 0.9949918389320374,
          "x": 0.0850081518292427,
          "y": -0.032134804874658585,
          "z": -0.04162031412124634
        },
        "scale": {
          "x": 1.0,
          "y": 1.0,
          "z": 1.0
        },
        "matrix_basis": [
          [
            0.9944701790809631,
            0.07736030220985413,
            -0.0710238665342331,
            0.0
          ],
          [
            -0.08828718960285187,
            0.982082724571228,
            -0.16648991405963898,
            0.0
          ],
          [
            0.056871604174375534,
            0.17183975875377655,
            0.9834819436073303,
            0.0
          ],
          [
            0.0,
            0.0,
            0.0,
            1.0
          ]
        ],
        "rotation_mode": "QUATERNION"
      },
      "armature_space": {
        "head": {
          "x": -0.0030701663345098495,
          "y": 3.643333911895752e-05,
          "z": -0.00022535491734743118
        },
        "tail": {
          "x": 0.029515324160456657,
          "y": -0.06431746482849121,
          "z": 0.48241859674453735
        }
      },
      "world_space": {
        "head": {
          "x": -0.0030701663345098495,
          "y": 0.06328043341636658,
          "z": 0.9496286511421204
        },
        "tail": {
          "x": 0.029515324160456657,
          "y": -0.0010734647512435913,
          "z": 1.4322726726531982
        },
        "rotation_quaternion": {
          "w": 0.6587235927581787,
          "x": 0.7495195269584656,
          "y": -0.012119550257921219,
          "z": -0.06447398662567139
        },
        "matrix": [
          [
            0.9913924336433411,
            0.06677337735891342,
            -0.11261537671089172,
            -0.0030701663345098495
          ],
          [
            -0.10310827940702438,
            -0.13187241554260254,
            -0.985889732837677,
            0.06328043341636658
          ],
          [
            -0.08068270236253738,
            0.9890220165252686,
            -0.12385419011116028,
            0.9496286511421204
          ],
          [
            0.0,
            0.0,
            0.0,
            1.0
          ]
        ]
      },
      "bone_length_armature_space": 0.4880045361833693,
      "parent": "Root",
      "has_children": true,
      "is_end_bone": false
    },
    "neck_01": {
      "name": "neck_01",
      "local": {
        "location": {
          "x": 0.0,
          "y": 0.0,
          "z": 0.0
        },
        "rotation_quaternion": {
          "w": 0.9910804629325867,
          "x": 0.06465380638837814,
          "y": -0.05005168542265892,
          "z": -0.10523436218500137
        },
        "scale": {
          "x": 1.0,
          "y": 1.0,
          "z": 1.0
        },
        "matrix_basis": [
          [
            0.9728411436080933,
            0.202119380235672,
            -0.11281809955835342,
            0.0
          ],
          [
            -0.21506349742412567,
            0.9694912433624268,
            -0.11761993169784546,
            0.0
          ],
          [
            0.08560289442539215,
            0.1386885643005371,
            0.9866294264793396,
            0.0
          ],
          [
            0.0,
            0.0,
            0.0,
            1.0
          ]
        ],
        "rotation_mode": "QUATERNION"
      },
      "armature_space": {
        "head": {
          "x": 0.030498817563056946,
          "y": -0.10816405713558197,
          "z": 0.5505380034446716
        },
        "tail": {
          "x": 0.05105779320001602,
          "y": -0.1719352751970291,
          "z": 0.6281347870826721
        }
      },
      "world_space": {
        "head": {
          "x": 0.030498817563056946,
          "y": -0.04492005705833435,
          "z": 1.500391960144043
        },
        "tail": {
          "x": 0.05105779320001602,
          "y": -0.1086912751197815,
          "z": 1.577988862991333
        },
        "rotation_quaternion": {
          "w": 0.4331352114677429,
          "x": 0.8870495557785034,
          "y": 0.03714119270443916,
          "z": -0.1554265171289444
        },
        "matrix": [
          [
            0.9489264488220215,
            0.2005336433649063,
            -0.24356693029403687,
            0.030498817563056946
          ],
          [
            -0.0687485933303833,
            -0.6220287680625916,
            -0.7799707651138306,
            -0.04492005705833435
          ],
          [
            -0.3079181909561157,
            0.7568843364715576,
            -0.5764778852462769,
            1.500391960144043
          ],
          [
            0.0,
            0.0,
            0.0,
            1.0
          ]
        ]
      },
      "bone_length_armature_space": 0.10252170657116397,
      "parent": "spine_01",
      "has_children": true,
      "is_end_bone": false
    },
    "head": {
      "name": "head",
      "local": {
        "location": {
          "x": 0.0,
          "y": 0.0,
          "z": 0.0
        },
        "rotation_quaternion": {
          "w": 0.9839195013046265,
          "x": -0.060139287263154984,
          "y": 0.114586241543293,
          "z": -0.12310910224914551
        },
        "scale": {
          "x": 1.0,
          "y": 1.0,
          "z": 1.0
        },
        "matrix_basis": [
          [
            0.9434282779693604,
            0.2284766286611557,
            0.2402946650981903,
            0.0
          ],
          [
            -0.25604116916656494,
            0.9624548554420471,
            0.09013121575117111,
            0.0
          ],
          [
            -0.21067988872528076,
            -0.14655765891075134,
            0.9665065407752991,
            0.0
          ],
          [
            0.0,
            0.0,
            0.0,
            1.0
          ]
        ],
        "rotation_mode": "QUATERNION"
      },
      "armature_space": {
        "head": {
          "x": 0.05105774104595184,
          "y": -0.17193534970283508,
          "z": 0.6281346082687378
        },
        "tail": {
          "x": 0.12921343743801117,
          "y": -0.19731944799423218,
          "z": 0.7596662044525146
        }
      },
      "world_space": {
        "head": {
          "x": 0.05105774104595184,
          "y": -0.10869134962558746,
          "z": 1.577988624572754
        },
        "tail": {
          "x": 0.12921343743801117,
          "y": -0.13407544791698456,
          "z": 1.7095202207565308
        },
        "rotation_quaternion": {
          "w": 0.6017525792121887,
          "x": 0.7528818845748901,
          "y": 0.23676404356956482,
          "z": -0.12249702215194702
        },
        "matrix": [
          [
            0.8578740954399109,
            0.5039370059967041,
            0.10049737989902496,
            0.05105774104595184
          ],
          [
            0.2090875208377838,
            -0.16367311775684357,
            -0.9641027450561523,
            -0.10869134962558746
          ],
          [
            -0.4694012701511383,
            0.8480972051620483,
            -0.24578046798706055,
            1.577988624572754
          ],
          [
            0.0,
            0.0,
            0.0,
            1.0
          ]
        ]
      },
      "bone_length_armature_space": 0.15509102617398948,
      "parent": "neck_01",
      "has_children": false,
      "is_end_bone": true
    },
    "upperarm_l": {
      "name": "upperarm_l",
      "local": {
        "location": {
          "x": 0.0,
          "y": 0.0,
          "z": 0.0
        },
        "rotation_quaternion": {
          "w": 0.9973182082176208,
          "x": 0.02081313356757164,
          "y": 0.04302258417010307,
          "z": -0.05542876571416855
        },
        "scale": {
          "x": 1.0,
          "y": 1.0,
          "z": 1.0
        },
        "matrix_basis": [
          [
            0.990153431892395,
            0.11235110461711884,
            0.08350712060928345,
            0.0
          ],
          [
            -0.10876936465501785,
            0.9929889440536499,
            -0.046284012496471405,
            0.0
          ],
          [
            -0.08812170475721359,
            0.036745257675647736,
            0.9954317212104797,
            0.0
          ],
          [
            0.0,
            0.0,
            0.0,
            1.0
          ]
        ],
        "rotation_mode": "QUATERNION"
      },
      "armature_space": {
        "head": {
          "x": 0.17436085641384125,
          "y": -0.11791157722473145,
          "z": 0.4715706408023834
        },
        "tail": {
          "x": 0.4353209137916565,
          "y": -0.13923583924770355,
          "z": 0.41453757882118225
        }
      },
      "world_space": {
        "head": {
          "x": 0.17436085641384125,
          "y": -0.054667577147483826,
          "z": 1.4214246273040771
        },
        "tail": {
          "x": 0.4353209137916565,
          "y": -0.07599183917045593,
          "z": 1.364391565322876
        },
        "rotation_quaternion": {
          "w": 0.3552808463573456,
          "x": 0.5293038487434387,
          "y": 0.5779166221618652,
          "z": -0.5095345377922058
        },
        "matrix": [
          [
            -0.18722429871559143,
            0.9738427400588989,
            -0.1287529319524765,
            0.17436085641384125
          ],
          [
            0.24973231554031372,
            -0.07957723736763,
            -0.9650396704673767,
            -0.054667577147483826
          ],
          [
            -0.9500490427017212,
            -0.21283425390720367,
            -0.2283036708831787,
            1.4214246273040771
          ],
          [
            0.0,
            0.0,
            0.0,
            1.0
          ]
        ]
      },
      "bone_length_armature_space": 0.26796947803368876,
      "parent": "spine_01",
      "has_children": true,
      "is_end_bone": false
    },
    "lowerarm_l": {
      "name": "lowerarm_l",
      "local": {
        "location": {
          "x": 0.0,
          "y": 0.0,
          "z": 0.0
        },
        "rotation_quaternion": {
          "w": 0.965685248374939,
          "x": 0.20121408998966217,
          "y": 0.012502901256084442,
          "z": -0.16373318433761597
        },
        "scale": {
          "x": 1.0,
          "y": 1.0,
          "z": 1.0
        },
        "matrix_basis": [
          [
            0.9460702538490295,
            0.3212609589099884,
            -0.041743114590644836,
            0.0
          ],
          [
            -0.3111979365348816,
            0.8654086589813232,
            -0.3927132487297058,
            0.0
          ],
          [
            -0.09003858268260956,
            0.3845246732234955,
            0.9187131524085999,
            0.0
          ],
          [
            0.0,
            0.0,
            0.0,
            1.0
          ]
        ],
        "rotation_mode": "QUATERNION"
      },
      "armature_space": {
        "head": {
          "x": 0.43532103300094604,
          "y": -0.13923592865467072,
          "z": 0.4145376682281494
        },
        "tail": {
          "x": 0.6225184202194214,
          "y": -0.2785569727420807,
          "z": 0.28370803594589233
        }
      },
      "world_space": {
        "head": {
          "x": 0.43532103300094604,
          "y": -0.0759919285774231,
          "z": 1.3643916845321655
        },
        "tail": {
          "x": 0.6225184202194214,
          "y": -0.21531297266483307,
          "z": 1.2335619926452637
        },
        "rotation_quaternion": {
          "w": 0.1593712419271469,
          "x": 0.5131711959838867,
          "y": 0.4628310799598694,
          "z": -0.7050132751464844
        },
        "matrix": [
          [
            -0.4225134253501892,
            0.6997392773628235,
            -0.5760616660118103,
            0.43532103300094604
          ],
          [
            0.2503032982349396,
            -0.5207786560058594,
            -0.8161729574203491,
            -0.0759919285774231
          ],
          [
            -0.8711147308349609,
            -0.48903802037239075,
            0.04488849639892578,
            1.3643916845321655
          ],
          [
            0.0,
            0.0,
            0.0,
            1.0
          ]
        ]
      },
      "bone_length_armature_space": 0.26752496803932474,
      "parent": "upperarm_l",
      "has_children": true,
      "is_end_bone": false
    },
    "metacarpal_thumb_l": {
      "name": "metacarpal_thumb_l",
      "local": {
        "location": {
          "x": 0.0,
          "y": 0.0,
          "z": 0.0
        },
        "rotation_quaternion": {
          "w": 0.997093677520752,
          "x": -0.07507050037384033,
          "y": 0.00800956692546606,
          "z": 0.01022053137421608
        },
        "scale": {
          "x": 1.0,
          "y": 1.0,
          "z": 1.0
        },
        "matrix_basis": [
          [
            0.9996627569198608,
            -0.021584218367934227,
            0.014438056387007236,
            0.0
          ],
          [
            0.0191790908575058,
            0.9885199069976807,
            0.14986836910247803,
            0.0
          ],
          [
            -0.017507098615169525,
            -0.14954091608524323,
            0.9886005520820618,
            0.0
          ],
          [
            0.0,
            0.0,
            0.0,
            1.0
          ]
        ],
        "rotation_mode": "QUATERNION"
      },
      "armature_space": {
        "head": {
          "x": 0.6225184202194214,
          "y": -0.2785569727420807,
          "z": 0.28370803594589233
        },
        "tail": {
          "x": 0.6320762634277344,
          "y": -0.32316991686820984,
          "z": 0.2644227147102356
        }
      },
      "world_space": {
        "head": {
          "x": 0.6225184202194214,
          "y": -0.21531297266483307,
          "z": 1.2335619926452637
        },
        "tail": {
          "x": 0.6320762634277344,
          "y": -0.259925901889801,
          "z": 1.2142767906188965
        },
        "rotation_quaternion": {
          "w": 0.17130379378795624,
          "x": -0.9482860565185547,
          "y": -0.14256829023361206,
          "z": 0.22601516544818878
        },
        "matrix": [
          [
            0.8571826219558716,
            0.1929568648338318,
            -0.4774990379810333,
            0.6225184202194214
          ],
          [
            0.347825825214386,
            -0.900658905506134,
            0.26044386625289917,
            -0.21531297266483307
          ],
          [
            -0.3798116445541382,
            -0.3893379271030426,
            -0.8391501903533936,
            1.2335619926452637
          ],
          [
            0.0,
            0.0,
            0.0,
            1.0
          ]
        ]
      },
      "bone_length_armature_space": 0.04953373382755877,
      "parent": "lowerarm_l",
      "has_children": true,
      "is_end_bone": false
    },
    "thumb_01_l": {
      "name": "thumb_01_l",
      "local": {
        "location": {
          "x": 0.0,
          "y": 0.0,
          "z": 0.0
        },
        "rotation_quaternion": {
          "w": 0.9947974681854248,
          "x": 0.1016014814376831,
          "y": -0.006935937330126762,
          "z": -0.0026669776998460293
        },
        "scale": {
          "x": 1.0,
          "y": 1.0,
          "z": 1.0
        },
        "matrix_basis": [
          [
            0.9998895525932312,
            0.0038968021981418133,
            -0.014341644011437893,
            0.0
          ],
          [
            -0.006715608295053244,
            0.9793400764465332,
            -0.20210880041122437,
            0.0
          ],
          [
            0.013257768005132675,
            0.20218278467655182,
            0.9792580604553223,
            0.0
          ],
          [
            0.0,
            0.0,
            0.0,
            1.0
          ]
        ],
        "rotation_mode": "QUATERNION"
      },
      "armature_space": {
        "head": {
          "x": 0.6320762634277344,
          "y": -0.32316991686820984,
          "z": 0.2644227147102356
        },
        "tail": {
          "x": 0.6268025636672974,
          "y": -0.336054265499115,
          "z": 0.233361154794693
        }
      },
      "world_space": {
        "head": {
          "x": 0.6320762634277344,
          "y": -0.259925901889801,
          "z": 1.2142767906188965
        },
        "tail": {
          "x": 0.6268025636672974,
          "y": -0.27281028032302856,
          "z": 1.1832151412963867
        },
        "rotation_quaternion": {
          "w": 0.4427918493747711,
          "x": -0.7345840334892273,
          "y": 0.3386364281177521,
          "z": -0.38684263825416565
        },
        "matrix": [
          [
            0.47135618329048157,
            -0.15493351221084595,
            0.868227481842041,
            0.6320762634277344
          ],
          [
            -0.8400952816009521,
            -0.37852200865745544,
            0.3885372281074524,
            -0.259925901889801
          ],
          [
            0.2684468626976013,
            -0.9125399589538574,
            -0.30857938528060913,
            1.2142767906188965
          ],
          [
            0.0,
            0.0,
            0.0,
            1.0
          ]
        ]
      },
      "bone_length_armature_space": 0.03403878457709764,
      "parent": "metacarpal_thumb_l",
      "has_children": true,
      "is_end_bone": false
    },
    "thumb_02_l": {
      "name": "thumb_02_l",
      "local": {
        "location": {
          "x": 0.0,
          "y": 0.0,
          "z": 0.0
        },
        "rotation_quaternion": {
          "w": 0.9906880259513855,
          "x": 0.1360085904598236,
          "y": -0.0029381129425019026,
          "z": 0.005497390404343605
        },
        "scale": {
          "x": 1.0,
          "y": 1.0,
          "z": 1.0
        },
        "matrix_basis": [
          [
            0.9999222755432129,
            -0.011691614985466003,
            -0.004326121881604195,
            0.0
          ],
          [
            0.01009318046271801,
            0.962942898273468,
            -0.2695164680480957,
            0.0
          ],
          [
            0.007316891103982925,
            0.2694518566131592,
            0.9629860520362854,
            0.0
          ],
          [
            0.0,
            0.0,
            0.0,
            1.0
          ]
        ],
        "rotation_mode": "QUATERNION"
      },
      "armature_space": {
        "head": {
          "x": 0.6268024444580078,
          "y": -0.336054265499115,
          "z": 0.233361154794693
        },
        "tail": {
          "x": 0.6624761819839478,
          "y": -0.3514353334903717,
          "z": 0.22316378355026245
        }
      },
      "world_space": {
        "head": {
          "x": 0.6268024444580078,
          "y": -0.27281028032302856,
          "z": 1.1832151412963867
        },
        "tail": {
          "x": 0.6624761819839478,
          "y": -0.2881913185119629,
          "z": 1.1730177402496338
        },
        "rotation_quaternion": {
          "w": 0.5538420081138611,
          "x": -0.28864553570747375,
          "y": -0.04221196100115776,
          "z": -0.7798468470573425
        },
        "matrix": [
          [
            -0.2198847383260727,
            0.8881933093070984,
            0.4034395217895508,
            0.6268024444580078
          ],
          [
            -0.8394548296928406,
            -0.38295304775238037,
            0.3855680227279663,
            -0.27281028032302856
          ],
          [
            0.49695995450019836,
            -0.2538907527923584,
            0.8298097848892212,
            1.1832151412963867
          ],
          [
            0.0,
            0.0,
            0.0,
            1.0
          ]
        ]
      },
      "bone_length_armature_space": 0.04016440142357125,
      "parent": "thumb_01_l",
      "has_children": true,
      "is_end_bone": false
    },
    "thumb_03_l": {
      "name": "thumb_03_l",
      "local": {
        "location": {
          "x": 0.0,
          "y": 0.0,
          "z": 0.0
        },
        "rotation_quaternion": {
          "w": 0.9977477788925171,
          "x": 0.06707306951284409,
          "y": -0.0008089036564342678,
          "z": 0.00032433413434773684
        },
        "scale": {
          "x": 1.0,
          "y": 1.0,
          "z": 1.0
        },
        "matrix_basis": [
          [
            0.9999985098838806,
            -0.0007557186181657016,
            -0.0015706554986536503,
            0.0
          ],
          [
            0.0005386960110627115,
            0.9910022020339966,
            -0.1338445395231247,
            0.0
          ],
          [
            0.0016576718771830201,
            0.13384348154067993,
            0.9910010695457458,
            0.0
          ],
          [
            0.0,
            0.0,
            0.0,
            1.0
          ]
        ],
        "rotation_mode": "QUATERNION"
      },
      "armature_space": {
        "head": {
          "x": 0.662476122379303,
          "y": -0.3514353930950165,
          "z": 0.22316376864910126
        },
        "tail": {
          "x": 0.6927189230918884,
          "y": -0.35475343465805054,
          "z": 0.2242833822965622
        }
      },
      "world_space": {
        "head": {
          "x": 0.662476122379303,
          "y": -0.28819137811660767,
          "z": 1.1730177402496338
        },
        "tail": {
          "x": 0.6927189230918884,
          "y": -0.2915094494819641,
          "z": 1.1741373538970947
        },
        "rotation_quaternion": {
          "w": 0.6655167937278748,
          "x": -0.02932097762823105,
          "y": -0.05093759298324585,
          "z": -0.7440652847290039
        },
        "matrix": [
          [
            -0.11245547235012054,
            0.9933629035949707,
            -0.024166464805603027,
            0.662476122379303
          ],
          [
            -0.9873887896537781,
            -0.1089852824807167,
            0.11482924968004227,
            -0.28819137811660767
          ],
          [
            0.11143317818641663,
            0.03677510470151901,
            0.9930983781814575,
            1.1730177402496338
          ],
          [
            0.0,
            0.0,
            0.0,
            1.0
          ]
        ]
      },
      "bone_length_armature_space": 0.030444866925053698,
      "parent": "thumb_02_l",
      "has_children": false,
      "is_end_bone": true
    },
    "metacarpal_index_l": {
      "name": "metacarpal_index_l",
      "local": {
        "location": {
          "x": 0.0,
          "y": 0.0,
          "z": 0.0
        },
        "rotation_quaternion": {
          "w": 0.9984412789344788,
          "x": -0.05560966953635216,
          "y": 0.000972860143519938,
          "z": 0.004671168047934771
        },
        "scale": {
          "x": 1.0,
          "y": 1.0,
          "z": 1.0
        },
        "matrix_basis": [
          [
            0.9999544620513916,
            -0.00943597499281168,
            0.001423163223080337,
            0.0
          ],
          [
            0.009219572879374027,
            0.993771493434906,
            0.11105506867170334,
            0.0
          ],
          [
            -0.002462211763486266,
            -0.11103688925504684,
            0.9938132166862488,
            0.0
          ],
          [
            0.0,
            0.0,
            0.0,
            1.0
          ]
        ],
        "rotation_mode": "QUATERNION"
      },
      "armature_space": {
        "head": {
          "x": 0.6225184202194214,
          "y": -0.2785569727420807,
          "z": 0.28370803594589233
        },
        "tail": {
          "x": 0.687168538570404,
          "y": -0.3628266453742981,
          "z": 0.23422831296920776
        }
      },
      "world_space": {
        "head": {
          "x": 0.6225184202194214,
          "y": -0.21531297266483307,
          "z": 1.2335619926452637
        },
        "tail": {
          "x": 0.687168538570404,
          "y": -0.29958266019821167,
          "z": 1.184082269668579
        },
        "rotation_quaternion": {
          "w": 0.06522442400455475,
          "x": -0.8231058120727539,
          "y": -0.3689803183078766,
          "z": 0.42672738432884216
        },
        "matrix": [
          [
            0.363513320684433,
            0.5517553091049194,
            -0.7506155371665955,
            0.6225184202194214
          ],
          [
            0.6630860567092896,
            -0.7191978693008423,
            -0.20753735303878784,
            -0.21531297266483307
          ],
          [
            -0.6543548703193665,
            -0.42228370904922485,
            -0.6273038983345032,
            1.2335619926452637
          ],
          [
            0.0,
            0.0,
            0.0,
            1.0
          ]
        ]
      },
      "bone_length_armature_space": 0.11717192029704139,
      "parent": "lowerarm_l",
      "has_children": true,
      "is_end_bone": false
    },
    "index_01_l": {
      "name": "index_01_l",
      "local": {
        "location": {
          "x": 0.0,
          "y": 0.0,
          "z": 0.0
        },
        "rotation_quaternion": {
          "w": 0.9978129267692566,
          "x": -0.05771496891975403,
          "y": -0.02637607418000698,
          "z": -0.018512651324272156
        },
        "scale": {
          "x": 1.0,
          "y": 1.0,
          "z": 1.0
        },
        "matrix_basis": [
          [
            0.9979231953620911,
            0.039988912642002106,
            -0.05049986019730568,
            0.0
          ],
          [
            -0.033899735659360886,
            0.9926525354385376,
            0.11615406721830368,
            0.0
          ],
          [
            0.054773688316345215,
            -0.1142009049654007,
            0.9919465780258179,
            0.0
          ],
          [
            0.0,
            0.0,
            0.0,
            1.0
          ]
        ],
        "rotation_mode": "QUATERNION"
      },
      "armature_space": {
        "head": {
          "x": 0.687168538570404,
          "y": -0.3628266453742981,
          "z": 0.23422831296920776
        },
        "tail": {
          "x": 0.7103691101074219,
          "y": -0.3726802170276642,
          "z": 0.22089746594429016
        }
      },
      "world_space": {
        "head": {
          "x": 0.687168538570404,
          "y": -0.29958266019821167,
          "z": 1.184082269668579
        },
        "tail": {
          "x": 0.7103691101074219,
          "y": -0.30943620204925537,
          "z": 1.1707514524459839
        },
        "rotation_quaternion": {
          "w": 0.041274845600128174,
          "x": -0.7388240098953247,
          "y": -0.5705375671386719,
          "z": 0.35626181960105896
        },
        "matrix": [
          [
            0.09512688219547272,
            0.8136454820632935,
            -0.5735254287719727,
            0.687168538570404
          ],
          [
            0.8724625706672668,
            -0.34556517004966736,
            -0.34553489089012146,
            -0.29958266019821167
          ],
          [
            -0.4793357849121094,
            -0.46751338243484497,
            -0.7427533268928528,
            1.184082269668579
          ],
          [
            0.0,
            0.0,
            0.0,
            1.0
          ]
        ]
      },
      "bone_length_armature_space": 0.028514397276085412,
      "parent": "metacarpal_index_l",
      "has_children": true,
      "is_end_bone": false
    },
    "index_02_l": {
      "name": "index_02_l",
      "local": {
        "location": {
          "x": 0.0,
          "y": 0.0,
          "z": 0.0
        },
        "rotation_quaternion": {
          "w": 0.9892172813415527,
          "x": 0.1462426483631134,
          "y": 0.007769351825118065,
          "z": -0.0013663346180692315
        },
        "scale": {
          "x": 1.0,
          "y": 1.0,
          "z": 1.0
        },
        "matrix_basis": [
          [
            0.999875545501709,
            0.0049756248481571674,
            0.014971521683037281,
            0.0
          ],
          [
            -0.00043078247108496726,
            0.9572224617004395,
            -0.28935274481773376,
            0.0
          ],
          [
            -0.015770787373185158,
            0.2893102765083313,
            0.9571054577827454,
            0.0
          ],
          [
            0.0,
            0.0,
            0.0,
            1.0
          ]
        ],
        "rotation_mode": "QUATERNION"
      },
      "armature_space": {
        "head": {
          "x": 0.7103692293167114,
          "y": -0.3726806640625,
          "z": 0.2208971530199051
        },
        "tail": {
          "x": 0.7268210649490356,
          "y": -0.38315925002098083,
          "z": 0.20423492789268494
        }
      },
      "world_space": {
        "head": {
          "x": 0.7103692293167114,
          "y": -0.3094366788864136,
          "z": 1.1707512140274048
        },
        "tail": {
          "x": 0.7268210649490356,
          "y": -0.319915235042572,
          "z": 1.1540889739990234
        },
        "rotation_quaternion": {
          "w": 0.12480004131793976,
          "x": -0.7109134793281555,
          "y": -0.5293288230895996,
          "z": 0.4459126889705658
        },
        "matrix": [
          [
            0.04194341599941254,
            0.6413158774375916,
            -0.7661293148994446,
            0.7103692293167114
          ],
          [
            0.8639137744903564,
            -0.40847015380859375,
            -0.2946279048919678,
            -0.3094366788864136
          ],
          [
            -0.5018932223320007,
            -0.6495169401168823,
            -0.571178674697876,
            1.1707512140274048
          ],
          [
            0.0,
            0.0,
            0.0,
            1.0
          ]
        ]
      },
      "bone_length_armature_space": 0.02565333085815211,
      "parent": "index_01_l",
      "has_children": true,
      "is_end_bone": false
    },
    "index_03_l": {
      "name": "index_03_l",
      "local": {
        "location": {
          "x": 0.0,
          "y": 0.0,
          "z": 0.0
        },
        "rotation_quaternion": {
          "w": 0.9793485403060913,
          "x": 0.20198006927967072,
          "y": 0.007229128386825323,
          "z": 0.005316742695868015
        },
        "scale": {
          "x": 1.0,
          "y": 1.0,
          "z": 1.0
        },
        "matrix_basis": [
          [
            0.9998389482498169,
            -0.007493608631193638,
            0.016307424753904343,
            0.0
          ],
          [
            0.013334168121218681,
            0.9183515906333923,
            -0.39554089307785034,
            0.0
          ],
          [
            -0.012011920101940632,
            0.39569464325904846,
            0.9183036088943481,
            0.0
          ],
          [
            0.0,
            0.0,
            0.0,
            1.0
          ]
        ],
        "rotation_mode": "QUATERNION"
      },
      "armature_space": {
        "head": {
          "x": 0.7268211841583252,
          "y": -0.38315925002098083,
          "z": 0.2042350172996521
        },
        "tail": {
          "x": 0.7327085733413696,
          "y": -0.3950929343700409,
          "z": 0.178222194314003
        }
      },
      "world_space": {
        "head": {
          "x": 0.7268211841583252,
          "y": -0.319915235042572,
          "z": 1.1540889739990234
        },
        "tail": {
          "x": 0.7327085733413696,
          "y": -0.3318489193916321,
          "z": 1.128076195716858
        },
        "rotation_quaternion": {
          "w": 0.3334648311138153,
          "x": -0.6481767296791077,
          "y": -0.42963677644729614,
          "z": 0.5329919457435608
        },
        "matrix": [
          [
            0.06266355514526367,
            0.20149493217468262,
            -0.9774827361106873,
            0.7268211841583252
          ],
          [
            0.9124297499656677,
            -0.4084264039993286,
            -0.025698602199554443,
            -0.319915235042572
          ],
          [
            -0.40440985560417175,
            -0.8902806043624878,
            -0.20944496989250183,
            1.1540889739990234
          ],
          [
            0.0,
            0.0,
            0.0,
            1.0
          ]
        ]
      },
      "bone_length_armature_space": 0.029218849200527197,
      "parent": "index_02_l",
      "has_children": false,
      "is_end_bone": true
    },
    "metacarpal_pinky_l": {
      "name": "metacarpal_pinky_l",
      "local": {
        "location": {
          "x": 0.0,
          "y": 0.0,
          "z": 0.0
        },
        "rotation_quaternion": {
          "w": 0.9989978671073914,
          "x": -0.04048183560371399,
          "y": -0.013994012027978897,
          "z": 0.01298711821436882
        },
        "scale": {
          "x": 1.0,
          "y": 1.0,
          "z": 1.0
        },
        "matrix_basis": [
          [
            0.9992709755897522,
            -0.02481519989669323,
            -0.02901146188378334,
            0.0
          ],
          [
            0.027081213891506195,
            0.9963850975036621,
            0.08051905035972595,
            0.0
          ],
          [
            0.02690849080681801,
            -0.081246018409729,
            0.9963307976722717,
            0.0
          ],
          [
            0.0,
            0.0,
            0.0,
            1.0
          ]
        ],
        "rotation_mode": "QUATERNION"
      },
      "armature_space": {
        "head": {
          "x": 0.6225184202194214,
          "y": -0.2785569727420807,
          "z": 0.28370803594589233
        },
        "tail": {
          "x": 0.7080241441726685,
          "y": -0.2978517711162567,
          "z": 0.2274964302778244
        }
      },
      "world_space": {
        "head": {
          "x": 0.6225184202194214,
          "y": -0.21531297266483307,
          "z": 1.2335619926452637
        },
        "tail": {
          "x": 0.7080241441726685,
          "y": -0.2346077710390091,
          "z": 1.177350401878357
        },
        "rotation_quaternion": {
          "w": 0.5440183281898499,
          "x": -0.02406301349401474,
          "y": 0.3337610363960266,
          "z": -0.7694599628448486
        },
        "matrix": [
          [
            -0.40692827105522156,
            0.8211377263069153,
            0.4001774489879608,
            0.6225184202194214
          ],
          [
            -0.853265106678009,
            -0.1852940320968628,
            -0.4874477684497833,
            -0.21531297266483307
          ],
          [
            -0.3261142075061798,
            -0.5398175120353699,
            0.7760544419288635,
            1.2335619926452637
          ],
          [
            0.0,
            0.0,
            0.0,
            1.0
          ]
        ]
      },
      "bone_length_armature_space": 0.10413098756442765,
      "parent": "lowerarm_l",
      "has_children": true,
      "is_end_bone": false
    },
    "pinky_01_l": {
      "name": "pinky_01_l",
      "local": {
        "location": {
          "x": 0.0,
          "y": 0.0,
          "z": 0.0
        },
        "rotation_quaternion": {
          "w": 0.9997112154960632,
          "x": 0.02269834652543068,
          "y": 0.006092780269682407,
          "z": 0.0050248499028384686
        },
        "scale": {
          "x": 1.0,
          "y": 1.0,
          "z": 1.0
        },
        "matrix_basis": [
          [
            0.9998752474784851,
            -0.009770205244421959,
            0.012410152703523636,
            0.0
          ],
          [
            0.010323389433324337,
            0.9989190697669983,
            -0.04532235115766525,
            0.0
          ],
          [
            -0.011953930370509624,
            0.04544481262564659,
            0.9988953471183777,
            0.0
          ],
          [
            0.0,
            0.0,
            0.0,
            1.0
          ]
        ],
        "rotation_mode": "QUATERNION"
      },
      "armature_space": {
        "head": {
          "x": 0.7080241441726685,
          "y": -0.2978517711162567,
          "z": 0.2274964302778244
        },
        "tail": {
