{
  "metadata": {
    "armature_name": "KIM_caucasian_male",
    "export_time": "2026-01-13T21:00:48.218455",
    "blender_version": "4.4.1",
    "bone_count": 56,
    "end_bone_count": 13,
    "spaces_included": [
      "LOCAL_CHANNELS",
      "ARMATURE_SPACE",
      "WORLD_SPACE"
    ],
    "note": "LOCAL matches Transform panel; replay pose via local.matrix_basis for best fidelity."
  },
  "bones": {
    "Root": {
      "name": "Root",
      "local": {
        "location": {
          "x": 0.0,
          "y": 0.0,
          "z": 0.0
        },
        "rotation_quaternion": {
          "w": 0.9999288320541382,
          "x": 0.0004218046087771654,
          "y": 0.011200768873095512,
          "z": -0.004095975775271654
        },
        "scale": {
          "x": 1.0,
          "y": 1.0,
          "z": 1.0
        },
        "matrix_basis": [
          [
            0.9997155070304871,
            0.008200817741453648,
            0.02239648811519146,
            0.0
          ],
          [
            -0.00818191934376955,
            0.9999660849571228,
            -0.0009353053173981607,
            0.0
          ],
          [
            -0.022403398528695107,
            0.0007517930353060365,
            0.999748706817627,
            0.0
          ],
          [
            0.0,
            0.0,
            0.0,
            1.0
          ]
        ],
        "rotation_mode": "QUATERNION"
      },
      "armature_space": {
        "head": {
          "x": 0.0,
          "y": 0.07072800397872925,
          "z": -0.009595036506652832
        },
        "tail": {
          "x": 0.0005853404873050749,
          "y": -4.813075065612793e-06,
          "z": -5.349889397621155e-05
        }
      },
      "world_space": {
        "head": {
          "x": 0.0,
          "y": 0.13397200405597687,
          "z": 0.9402589797973633
        },
        "tail": {
          "x": 0.0005853404873050749,
          "y": 0.063239187002182,
          "z": 0.9498004913330078
        },
        "rotation_quaternion": {
          "w": 0.0669420138001442,
          "x": 0.9976856112480164,
          "y": 0.004841243382543325,
          "z": 0.010899387300014496
        },
        "matrix": [
          [
            0.9997155070304871,
            0.008200817741453648,
            0.02239648811519146,
            0.0
          ],
          [
            0.011119335889816284,
            -0.9909906387329102,
            -0.1334690898656845,
            0.13397200405597687
          ],
          [
            0.02110031247138977,
            0.13368016481399536,
            -0.9908068776130676,
            0.9402589797973633
          ],
          [
            0.0,
            0.0,
            0.0,
            1.0
          ]
        ]
      },
      "bone_length_armature_space": 0.07137587146504527,
      "parent": null,
      "has_children": true,
      "is_end_bone": false
    },
    "spine_01": {
      "name": "spine_01",
      "local": {
        "location": {
          "x": 0.0,
          "y": 0.0,
          "z": 0.0
        },
        "rotation_quaternion": {
          "w": 0.9982038736343384,
          "x": 0.031838059425354004,
          "y": -0.028011498972773552,
          "z": 0.04231753200292587
        },
        "scale": {
          "x": 1.0,
          "y": 1.0,
          "z": 1.0
        },
        "matrix_basis": [
          [
            0.9948491454124451,
            -0.08626671135425568,
            -0.053227756172418594,
            0.0
          ],
          [
            0.08269938826560974,
            0.994391143321991,
            -0.0659325048327446,
            0.0
          ],
          [
            0.058616988360881805,
            0.06119099259376526,
            0.9964033961296082,
            0.0
          ],
          [
            0.0,
            0.0,
            0.0,
            1.0
          ]
        ],
        "rotation_mode": "QUATERNION"
      },
      "armature_space": {
        "head": {
          "x": 0.0005853404873050749,
          "y": -4.813075065612793e-06,
          "z": -5.349889397621155e-05
        },
        "tail": {
          "x": -0.05167417600750923,
          "y": -0.00808794517070055,
          "z": 0.48507750034332275
        }
      },
      "world_space": {
        "head": {
          "x": 0.0005853404873050749,
          "y": 0.063239187002182,
          "z": 0.9498004913330078
        },
        "tail": {
          "x": -0.05167417600750923,
          "y": 0.055156055837869644,
          "z": 1.4349315166473389
        },
        "rotation_quaternion": {
          "w": 0.699227511882782,
          "x": 0.7125787734985352,
          "y": -0.052903782576322556,
          "z": 0.02266261912882328
        },
        "matrix": [
          [
            0.9933751225471497,
            -0.10708890110254288,
            -0.041686493903398514,
            0.0005853404873050749
          ],
          [
            -0.04370427131652832,
            -0.01656375452876091,
            -0.9989072680473328,
            0.063239187002182
          ],
          [
            0.10628210008144379,
            0.9941183924674988,
            -0.021135304123163223,
            0.9498004913330078
          ],
          [
            0.0,
            0.0,
            0.0,
            1.0
          ]
        ]
      },
      "bone_length_armature_space": 0.48800458827754606,
      "parent": "Root",
      "has_children": true,
      "is_end_bone": false
    },
    "neck_01": {
      "name": "neck_01",
      "local": {
        "location": {
          "x": 0.0,
          "y": 0.0,
          "z": 0.0
        },
        "rotation_quaternion": {
          "w": 0.984407365322113,
          "x": -0.09209685772657394,
          "y": -0.07247508317232132,
          "z": 0.13117797672748566
        },
        "scale": {
          "x": 1.0,
          "y": 1.0,
          "z": 1.0
        },
        "matrix_basis": [
          [
            0.9550793766975403,
            -0.2449156790971756,
            -0.1668521761894226,
            0.0
          ],
          [
            0.27161458134651184,
            0.9486210346221924,
            0.16230738162994385,
            0.0
          ],
          [
            0.118527851998806,
            -0.20033591985702515,
            0.9725310802459717,
            0.0
          ],
          [
            0.0,
            0.0,
            0.0,
            1.0
          ]
        ],
        "rotation_mode": "QUATERNION"
      },
      "armature_space": {
        "head": {
          "x": -0.060960765928030014,
          "y": -0.043943263590335846,
          "z": 0.557132363319397
        },
        "tail": {
          "x": -0.09708574414253235,
          "y": -0.06235504150390625,
          "z": 0.6512957215309143
        }
      },
      "world_space": {
        "head": {
          "x": -0.060960765928030014,
          "y": 0.019300736486911774,
          "z": 1.506986379623413
        },
        "tail": {
          "x": -0.09708574414253235,
          "y": 0.0008889585733413696,
          "z": 1.6011497974395752
        },
        "rotation_quaternion": {
          "w": 0.6086573004722595,
          "x": 0.76702880859375,
          "y": -0.1993519514799118,
          "z": 0.03823815658688545
        },
        "matrix": [
          [
            0.9175927639007568,
            -0.3523654639720917,
            -0.18401628732681274,
            -0.060960765928030014
          ],
          [
            -0.2592712640762329,
            -0.17958973348140717,
            -0.9489607214927673,
            0.019300736486911774
          ],
          [
            0.30133530497550964,
            0.9184756278991699,
            -0.25615113973617554,
            1.506986379623413
          ],
          [
            0.0,
            0.0,
            0.0,
            1.0
          ]
        ]
      },
      "bone_length_armature_space": 0.1025219253002331,
      "parent": "spine_01",
      "has_children": true,
      "is_end_bone": false
    },
    "head": {
      "name": "head",
      "local": {
        "location": {
          "x": 0.0,
          "y": 0.0,
          "z": 0.0
        },
        "rotation_quaternion": {
          "w": 0.9766273498535156,
          "x": -0.09631222486495972,
          "y": 0.03480375558137894,
          "z": -0.1889755129814148
        },
        "scale": {
          "x": 1.0,
          "y": 1.0,
          "z": 1.0
        },
        "matrix_basis": [
          [
            0.9261538982391357,
            0.3624132573604584,
            0.10438190400600433,
            0.0
          ],
          [
            -0.3758213520050049,
            0.9100244045257568,
            0.1749681979417801,
            0.0
          ],
          [
            -0.03157929331064224,
            -0.20127642154693604,
            0.9790253043174744,
            0.0
          ],
          [
            0.0,
            0.0,
            0.0,
            1.0
          ]
        ],
        "rotation_mode": "QUATERNION"
      },
      "armature_space": {
        "head": {
          "x": -0.09708574414253235,
          "y": -0.06235517933964729,
          "z": 0.6512956023216248
        },
        "tail": {
          "x": -0.07321378588676453,
          "y": -0.022653724998235703,
          "z": 0.7993064522743225
        }
      },
      "world_space": {
        "head": {
          "x": -0.09708574414253235,
          "y": 0.0008888207376003265,
          "z": 1.601149559020996
        },
        "tail": {
          "x": -0.07321378588676453,
          "y": 0.04059027507901192,
          "z": 1.7491605281829834
        },
        "rotation_quaternion": {
          "w": 0.7907195687294006,
          "x": 0.5943827629089355,
          "y": -0.05250813066959381,
          "z": -0.13680116832256317
        },
        "matrix": [
          [
            0.95705646276474,
            0.15392303466796875,
            -0.24566374719142914,
            -0.09708574414253235
          ],
          [
            -0.27876347303390503,
            0.2559894323348999,
            -0.9256137609481812,
            0.0008888207376003265
          ],
          [
            -0.07958681136369705,
            0.9543533325195312,
            0.2879055440425873,
            1.601149559020996
          ],
          [
            0.0,
            0.0,
            0.0,
            1.0
          ]
        ]
      },
      "bone_length_armature_space": 0.15509122508969247,
      "parent": "neck_01",
      "has_children": false,
      "is_end_bone": true
    },
    "upperarm_l": {
      "name": "upperarm_l",
      "local": {
        "location": {
          "x": 0.0,
          "y": 0.0,
          "z": 0.0
        },
        "rotation_quaternion": {
          "w": 0.7606016397476196,
          "x": 0.6127261519432068,
          "y": 0.08359303325414658,
          "z": -0.1976463943719864
        },
        "scale": {
          "x": 1.0,
          "y": 1.0,
          "z": 1.0
        },
        "matrix_basis": [
          [
            0.9078962206840515,
            0.4030996263027191,
            -0.1150442361831665,
            0.0
          ],
          [
            -0.19822107255458832,
            0.17100512981414795,
            -0.9651247262954712,
            0.0
          ],
          [
            -0.36936822533607483,
            0.8990373015403748,
            0.23515772819519043,
            0.0
          ],
          [
            0.0,
            0.0,
            0.0,
            1.0
          ]
        ],
        "rotation_mode": "QUATERNION"
      },
      "armature_space": {
        "head": {
          "x": 0.09510977566242218,
          "y": -0.052571333944797516,
          "z": 0.5061947703361511
        },
        "tail": {
          "x": 0.1498270332813263,
          "y": -0.28899115324020386,
          "z": 0.39253053069114685
        }
      },
      "world_space": {
        "head": {
          "x": 0.09510977566242218,
          "y": 0.010672666132450104,
          "z": 1.4560487270355225
        },
        "tail": {
          "x": 0.1498270332813263,
          "y": -0.22574715316295624,
          "z": 1.3423845767974854
        },
        "rotation_quaternion": {
          "w": 0.07144634425640106,
          "x": -0.6595367789268494,
          "y": -0.23187033832073212,
          "z": 0.7114372849464417
        },
        "matrix": [
          [
            -0.11981432884931564,
            0.20419219136238098,
            -0.9715709686279297,
            0.09510977566242218
          ],
          [
            0.4075125753879547,
            -0.8822641372680664,
            -0.23567736148834229,
            0.010672666132450104
          ],
          [
            -0.9053115248680115,
            -0.4241686463356018,
            0.022496946156024933,
            1.4560487270355225
          ],
          [
            0.0,
            0.0,
            0.0,
            1.0
          ]
        ]
      },
      "bone_length_armature_space": 0.26796990752665245,
      "parent": "spine_01",
      "has_children": true,
      "is_end_bone": false
    },
    "lowerarm_l": {
      "name": "lowerarm_l",
      "local": {
        "location": {
          "x": 0.0,
          "y": 0.0,
          "z": 0.0
        },
        "rotation_quaternion": {
          "w": 0.8663488626480103,
          "x": 0.47689881920814514,
          "y": 0.11055260896682739,
          "z": -0.09892091155052185
        },
        "scale": {
          "x": 1.0,
          "y": 1.0,
          "z": 1.0
        },
        "matrix_basis": [
          [
            0.9559855461120605,
            0.27684485912323,
            0.09720372408628464,
            0.0
          ],
          [
            -0.06595522165298462,
            0.5255643129348755,
            -0.8481934070587158,
            0.0
          ],
          [
            -0.28590479493141174,
            0.8044495582580566,
            0.5206912755966187,
            0.0
          ],
          [
            0.0,
            0.0,
            0.0,
            1.0
          ]
        ],
        "rotation_mode": "QUATERNION"
      },
      "armature_space": {
        "head": {
          "x": 0.1498270183801651,
          "y": -0.2889913022518158,
          "z": 0.392530620098114
        },
        "tail": {
          "x": -0.06206852197647095,
          "y": -0.4342060685157776,
          "z": 0.31781503558158875
        }
      },
      "world_space": {
        "head": {
          "x": 0.1498270183801651,
          "y": -0.22574730217456818,
          "z": 1.3423845767974854
        },
        "tail": {
          "x": -0.06206852197647095,
          "y": -0.37096208333969116,
          "z": 1.2676690816879272
        },
        "rotation_quaternion": {
          "w": 0.4483483135700226,
          "x": -0.5615847706794739,
          "y": 0.16606608033180237,
          "z": 0.675298810005188
        },
        "matrix": [
          [
            0.032788828015327454,
            -0.792060375213623,
            -0.6095616817474365,
            0.1498270183801651
          ],
          [
            0.41901734471321106,
            -0.5428091883659363,
            0.727861762046814,
            -0.22574730217456818
          ],
          [
            -0.9073920845985413,
            -0.2792850136756897,
            0.3140917122364044,
            1.3423845767974854
          ],
          [
            0.0,
            0.0,
            0.0,
            1.0
          ]
        ]
      },
      "bone_length_armature_space": 0.26752470433414494,
      "parent": "upperarm_l",
      "has_children": true,
      "is_end_bone": false
    },
    "metacarpal_thumb_l": {
      "name": "metacarpal_thumb_l",
      "local": {
        "location": {
          "x": 0.0,
          "y": 0.0,
          "z": 0.0
        },
        "rotation_quaternion": {
          "w": 0.9997950792312622,
          "x": 0.006544868461787701,
          "y": -0.010752642527222633,
          "z": 0.01585768721997738
        },
        "scale": {
          "x": 1.0,
          "y": 1.0,
          "z": 1.0
        },
        "matrix_basis": [
          [
            0.9992658495903015,
            -0.03184962272644043,
            -0.02129330486059189,
            0.0
          ],
          [
            0.031568124890327454,
            0.999411404132843,
            -0.013428078964352608,
            0.0
          ],
          [
            0.021708451211452484,
            0.01274603046476841,
            0.9996830821037292,
            0.0
          ],
          [
            0.0,
            0.0,
            0.0,
            1.0
          ]
        ],
        "rotation_mode": "QUATERNION"
      },
      "armature_space": {
        "head": {
          "x": -0.06206852197647095,
          "y": -0.4342060685157776,
          "z": 0.31781503558158875
        },
        "tail": {
          "x": -0.11032731086015701,
          "y": -0.42872798442840576,
          "z": 0.30808544158935547
        }
      },
      "world_space": {
        "head": {
          "x": -0.06206852197647095,
          "y": -0.37096208333969116,
          "z": 1.2676690816879272
        },
        "tail": {
          "x": -0.11032731086015701,
          "y": -0.36548399925231934,
          "z": 1.2579394578933716
        },
        "rotation_quaternion": {
          "w": 0.2616143226623535,
          "x": -0.6583666801452637,
          "y": 0.6977506279945374,
          "z": 0.10609189420938492
        },
        "matrix": [
          [
            0.0037783700972795486,
            -0.9742623567581177,
            0.22538520395755768,
            -0.06206852197647095
          ],
          [
            -0.8632408976554871,
            0.11059334874153137,
            0.49252864718437195,
            -0.37096208333969116
          ],
          [
            -0.5047824382781982,
            -0.19642393290996552,
            -0.8406107425689697,
            1.2676690816879272
          ],
          [
            0.0,
            0.0,
            0.0,
            1.0
          ]
        ]
      },
      "bone_length_armature_space": 0.04953367575131041,
      "parent": "lowerarm_l",
      "has_children": true,
      "is_end_bone": false
    },
    "thumb_01_l": {
      "name": "thumb_01_l",
      "local": {
        "location": {
          "x": 0.0,
          "y": 0.0,
          "z": 0.0
        },
        "rotation_quaternion": {
          "w": 0.9995377659797668,
          "x": 0.010763184167444706,
          "y": -0.02357729896903038,
          "z": -0.01589513197541237
        },
        "scale": {
          "x": 1.0,
          "y": 1.0,
          "z": 1.0
        },
        "matrix_basis": [
          [
            0.9983829259872437,
            0.031268034130334854,
            -0.04747496545314789,
            0.0
          ],
          [
            -0.032283101230859756,
            0.9992629885673523,
            -0.020766889676451683,
            0.0
          ],
          [
            0.04679063707590103,
            0.022265946492552757,
            0.9986565113067627,
            0.0
          ],
          [
            0.0,
            0.0,
            0.0,
            1.0
          ]
        ],
        "rotation_mode": "QUATERNION"
      },
      "armature_space": {
        "head": {
          "x": -0.11032731086015701,
          "y": -0.42872798442840576,
          "z": 0.30808544158935547
        },
        "tail": {
          "x": -0.1275128573179245,
          "y": -0.41113799810409546,
          "z": 0.2845507562160492
        }
      },
      "world_space": {
        "head": {
          "x": -0.11032731086015701,
          "y": -0.36548399925231934,
          "z": 1.2579394578933716
        },
        "tail": {
          "x": -0.1275128573179245,
          "y": -0.34789401292800903,
          "z": 1.2344048023223877
        },
        "rotation_quaternion": {
          "w": 0.12031455338001251,
          "x": 0.2322549670934677,
          "y": -0.862500786781311,
          "z": 0.43321406841278076
        },
        "matrix": [
          [
            -0.8631637692451477,
            -0.5048844218254089,
            -0.0063090138137340546,
            -0.11032731086015701
          ],
          [
            -0.2963978052139282,
            0.5167658925056458,
            -0.8031821250915527,
            -0.36548399925231934
          ],
          [
            0.40877699851989746,
            -0.6914123296737671,
            -0.5957051515579224,
            1.2579394578933716
          ],
          [
            0.0,
            0.0,
            0.0,
            1.0
          ]
        ]
      },
      "bone_length_armature_space": 0.03403868413885726,
      "parent": "metacarpal_thumb_l",
      "has_children": true,
      "is_end_bone": false
    },
    "thumb_02_l": {
      "name": "thumb_02_l",
      "local": {
        "location": {
          "x": 0.0,
          "y": 0.0,
          "z": 0.0
        },
        "rotation_quaternion": {
          "w": 0.9952125549316406,
          "x": 0.09694516658782959,
          "y": 0.009728343226015568,
          "z": 0.007687010802328587
        },
        "scale": {
          "x": 1.0,
          "y": 1.0,
          "z": 1.0
        },
        "matrix_basis": [
          [
            0.9996925592422485,
            -0.013414187356829643,
            0.020853975787758827,
            0.0
          ],
          [
            0.01718665100634098,
            0.9810850620269775,
            -0.19281253218650818,
            0.0
          ],
          [
            -0.01787310093641281,
            0.19311165809631348,
            0.9810140132904053,
            0.0
          ],
          [
            0.0,
            0.0,
            0.0,
            1.0
          ]
        ],
        "rotation_mode": "QUATERNION"
      },
      "armature_space": {
        "head": {
          "x": -0.12751281261444092,
          "y": -0.41113796830177307,
          "z": 0.2845507860183716
        },
        "tail": {
          "x": -0.15699459612369537,
          "y": -0.4344557225704193,
          "z": 0.27039840817451477
        }
      },
      "world_space": {
        "head": {
          "x": -0.12751281261444092,
          "y": -0.34789395332336426,
          "z": 1.2344048023223877
        },
        "tail": {
          "x": -0.15699459612369537,
          "y": -0.3712117075920105,
          "z": 1.2202523946762085
        },
        "rotation_quaternion": {
          "w": 0.3093428909778595,
          "x": 0.3310754895210266,
          "y": -0.3376805782318115,
          "z": 0.8250260353088379
        },
        "matrix": [
          [
            -0.5893920063972473,
            -0.734027624130249,
            0.3373725712299347,
            -0.12751281261444092
          ],
          [
            0.2868380546569824,
            -0.5805575847625732,
            -0.7620216012001038,
            -0.34789395332336426
          ],
          [
            0.7552147507667542,
            -0.35236117243766785,
            0.5527263879776001,
            1.2344048023223877
          ],
          [
            0.0,
            0.0,
            0.0,
            1.0
          ]
        ]
      },
      "bone_length_armature_space": 0.04016444915772448,
      "parent": "thumb_01_l",
      "has_children": true,
      "is_end_bone": false
    },
    "thumb_03_l": {
      "name": "thumb_03_l",
      "local": {
        "location": {
          "x": 0.0,
          "y": 0.0,
          "z": 0.0
        },
        "rotation_quaternion": {
          "w": 0.9985520243644714,
          "x": 0.05364081263542175,
          "y": -0.003519001416862011,
          "z": -0.0020465769339352846
        },
        "scale": {
          "x": 1.0,
          "y": 1.0,
          "z": 1.0
        },
        "matrix_basis": [
          [
            0.9999668598175049,
            0.0037097029853612185,
            -0.007247372064739466,
            0.0
          ],
          [
            -0.004464751109480858,
            0.994236946105957,
            -0.10711187869310379,
            0.0
          ],
          [
            0.006808252073824406,
            0.1071406900882721,
            0.9942205548286438,
            0.0
          ],
          [
            0.0,
            0.0,
            0.0,
            1.0
          ]
        ],
        "rotation_mode": "QUATERNION"
      },
      "armature_space": {
        "head": {
          "x": -0.15699461102485657,
          "y": -0.43445560336112976,
          "z": 0.27039843797683716
        },
        "tail": {
          "x": -0.1718282550573349,
          "y": -0.460252583026886,
          "z": 0.26396644115448
        }
      },
      "world_space": {
        "head": {
          "x": -0.15699461102485657,
          "y": -0.37121158838272095,
          "z": 1.220252513885498
        },
        "tail": {
          "x": -0.1718282550573349,
          "y": -0.39700859785079956,
          "z": 1.213820457458496
        },
        "rotation_quaternion": {
          "w": 0.22761118412017822,
          "x": 0.18483459949493408,
          "y": -0.15660832822322845,
          "z": 0.9431347250938416
        },
        "matrix": [
          [
            -0.8280585408210754,
            -0.48722952604293823,
            0.2773555517196655,
            -0.15699461102485657
          ],
          [
            0.3714431822299957,
            -0.8473339080810547,
            -0.37954625487327576,
            -0.37121158838272095
          ],
          [
            0.419942170381546,
            -0.2112668752670288,
            0.8826262950897217,
            1.220252513885498
          ],
          [
            0.0,
            0.0,
            0.0,
            1.0
          ]
        ]
      },
      "bone_length_armature_space": 0.03044489687322172,
      "parent": "thumb_02_l",
      "has_children": false,
      "is_end_bone": true
    },
    "metacarpal_index_l": {
      "name": "metacarpal_index_l",
      "local": {
        "location": {
          "x": 0.0,
          "y": 0.0,
          "z": 0.0
        },
        "rotation_quaternion": {
          "w": 0.9997344613075256,
          "x": -0.019043628126382828,
          "y": 0.009638833813369274,
          "z": -0.008685260079801083
        },
        "scale": {
          "x": 1.0,
          "y": 1.0,
          "z": 1.0
        },
        "matrix_basis": [
          [
            0.9996632933616638,
            0.016998790204524994,
            0.019603345543146133,
            0.0
          ],
          [
            -0.017733024433255196,
            0.9991238117218018,
            0.03790971264243126,
            0.0
          ],
          [
            -0.01894175074994564,
            -0.0382445752620697,
            0.9990888833999634,
            0.0
          ],
          [
            0.0,
            0.0,
            0.0,
            1.0
          ]
        ],
        "rotation_mode": "QUATERNION"
      },
      "armature_space": {
        "head": {
          "x": -0.06206852197647095,
          "y": -0.4342060685157776,
          "z": 0.31781503558158875
        },
        "tail": {
          "x": -0.17059382796287537,
          "y": -0.470866858959198,
          "z": 0.2931680679321289
        }
      },
      "world_space": {
        "head": {
          "x": -0.06206852197647095,
          "y": -0.37096208333969116,
          "z": 1.2676690816879272
        },
        "tail": {
          "x": -0.17059382796287537,
          "y": -0.4076228737831116,
          "z": 1.243022084236145
        },
        "rotation_quaternion": {
          "w": 0.3535638153553009,
          "x": -0.7384007573127747,
          "y": 0.46749505400657654,
          "z": 0.33347490429878235
        },
        "matrix": [
          [
            0.34048500657081604,
            -0.9262071847915649,
            -0.1618959605693817,
            -0.06206852197647095
          ],
          [
            -0.4545895755290985,
            -0.3128807246685028,
            0.8339388370513916,
            -0.37096208333969116
          ],
          [
            -0.8230603933334351,
            -0.2103491723537445,
            -0.5275784134864807,
            1.2676690816879272
          ],
          [
            0.0,
            0.0,
            0.0,
            1.0
          ]
        ]
      },
      "bone_length_armature_space": 0.11717179039124376,
      "parent": "lowerarm_l",
      "has_children": true,
      "is_end_bone": false
    },
    "index_01_l": {
      "name": "index_01_l",
      "local": {
        "location": {
          "x": 0.0,
          "y": 0.0,
          "z": 0.0
        },
        "rotation_quaternion": {
          "w": 0.9984657764434814,
          "x": -0.055357351899147034,
          "y": 0.0003072735562454909,
          "z": 0.0012220476055517793
        },
        "scale": {
          "x": 1.0,
          "y": 1.0,
          "z": 1.0
        },
        "matrix_basis": [
          [
            0.9999968409538269,
            -0.002474365057423711,
            0.00047830562107264996,
            0.0
          ],
          [
            0.0024063256569206715,
            0.9938681125640869,
            0.11054559051990509,
            0.0
          ],
          [
            -0.000748902908526361,
            -0.11054409295320511,
            0.9938709139823914,
            0.0
          ],
          [
            0.0,
            0.0,
            0.0,
            1.0
          ]
        ],
        "rotation_mode": "QUATERNION"
      },
      "armature_space": {
        "head": {
          "x": -0.17059382796287537,
          "y": -0.470866858959198,
          "z": 0.2931680679321289
        },
        "tail": {
          "x": -0.190307155251503,
          "y": -0.4890686273574829,
          "z": 0.2835165858268738
        }
      },
      "world_space": {
        "head": {
          "x": -0.17059382796287537,
          "y": -0.4076228737831116,
          "z": 1.243022084236145
        },
        "tail": {
          "x": -0.190307155251503,
          "y": -0.4258246421813965,
          "z": 1.2333705425262451
        },
        "rotation_quaternion": {
          "w": 0.3029922544956207,
          "x": -0.8539316058158875,
          "y": 0.2983741760253906,
          "z": 0.29994896054267883
        },
        "matrix": [
          [
            0.6420071721076965,
            -0.691347062587738,
            -0.33146053552627563,
            -0.17059382796287537
          ],
          [
            -0.3278193175792694,
            -0.6383368372917175,
            0.696462869644165,
            -0.4076228737831116
          ],
          [
            -0.6930863261222839,
            -0.33847782015800476,
            -0.636457622051239,
            1.243022084236145
          ],
          [
            0.0,
            0.0,
            0.0,
            1.0
          ]
        ]
      },
      "bone_length_armature_space": 0.028514395745078233,
      "parent": "metacarpal_index_l",
      "has_children": true,
      "is_end_bone": false
    },
    "index_02_l": {
      "name": "index_02_l",
      "local": {
        "location": {
          "x": 0.0,
          "y": 0.0,
          "z": 0.0
        },
        "rotation_quaternion": {
          "w": 0.9997391700744629,
          "x": 0.020202036947011948,
          "y": 0.008409107103943825,
          "z": -0.006541562732309103
        },
        "scale": {
          "x": 1.0,
          "y": 1.0,
          "z": 1.0
        },
        "matrix_basis": [
          [
            0.9997729659080505,
            0.01341947540640831,
            0.016549522057175636,
            0.0
          ],
          [
            -0.01273995079100132,
            0.9990981817245483,
            -0.04050355404615402,
            0.0
          ],
          [
            -0.017078133299946785,
            0.04028351604938507,
            0.9990423321723938,
            0.0
          ],
          [
            0.0,
            0.0,
            0.0,
            1.0
          ]
        ],
        "rotation_mode": "QUATERNION"
      },
      "armature_space": {
        "head": {
          "x": -0.19030767679214478,
          "y": -0.4890685975551605,
          "z": 0.28351640701293945
        },
        "tail": {
          "x": -0.20739345252513885,
          "y": -0.505664587020874,
          "z": 0.2739906311035156
        }
      },
      "world_space": {
        "head": {
          "x": -0.19030767679214478,
          "y": -0.4258245825767517,
          "z": 1.2333704233169556
        },
        "tail": {
          "x": -0.20739345252513885,
          "y": -0.4424206018447876,
          "z": 1.2238446474075317
        },
        "rotation_quaternion": {
          "w": 0.3188547194004059,
          "x": -0.8514940738677979,
          "y": 0.27361294627189636,
          "z": 0.31372854113578796
        },
        "matrix": [
          [
            0.6534209251403809,
            -0.6660274863243103,
            -0.3597894310951233,
            -0.19030767679214478
          ],
          [
            -0.26589342951774597,
            -0.646935224533081,
            0.7146856188774109,
            -0.4258245825767517
          ],
          [
            -0.708765983581543,
            -0.3713279664516449,
            -0.5998169779777527,
            1.2333704233169556
          ],
          [
            0.0,
            0.0,
            0.0,
            1.0
          ]
        ]
      },
      "bone_length_armature_space": 0.025653284485220983,
      "parent": "index_01_l",
      "has_children": true,
      "is_end_bone": false
    },
    "index_03_l": {
      "name": "index_03_l",
      "local": {
        "location": {
          "x": 0.0,
          "y": 0.0,
          "z": 0.0
        },
        "rotation_quaternion": {
          "w": 0.998095691204071,
          "x": 0.06153610721230507,
          "y": -0.0020634254906326532,
          "z": -0.003763156943023205
        },
        "scale": {
          "x": 1.0,
          "y": 1.0,
          "z": 1.0
        },
        "matrix_basis": [
          [
            0.9999631643295288,
            0.00725803105160594,
            -0.004582132212817669,
            0.0
          ],
          [
            -0.007765932008624077,
            0.9923983216285706,
            -0.12282231450080872,
            0.0
          ],
          [
            0.0036558520514518023,
            0.12285337597131729,
            0.992418110370636,
            0.0
          ],
          [
            0.0,
            0.0,
            0.0,
            1.0
          ]
        ],
        "rotation_mode": "QUATERNION"
      },
      "armature_space": {
        "head": {
          "x": -0.20739342272281647,
          "y": -0.5056646466255188,
          "z": 0.2739907503128052
        },
        "tail": {
          "x": -0.22649513185024261,
          "y": -0.5205004215240479,
          "z": 0.25759685039520264
        }
      },
      "world_space": {
        "head": {
          "x": -0.20739342272281647,
          "y": -0.4424206614494324,
          "z": 1.2238447666168213
        },
        "tail": {
          "x": -0.22649513185024261,
          "y": -0.4572564363479614,
          "z": 1.2074508666992188
        },
        "rotation_quaternion": {
          "w": 0.4145449697971344,
          "x": -0.8344574570655823,
          "y": 0.27253878116607666,
          "z": 0.23990792036056519
        },
        "matrix": [
          [
            0.7363336086273193,
            -0.6537496447563171,
            -0.17442527413368225,
            -0.20739342272281647
          ],
          [
            -0.2559409737586975,
            -0.5077502727508545,
            0.8226079940795898,
            -0.4424206614494324
          ],
          [
            -0.6263488531112671,
            -0.5610756874084473,
            -0.5411980748176575,
            1.2238447666168213
          ],
          [
            0.0,
            0.0,
            0.0,
            1.0
          ]
        ]
      },
      "bone_length_armature_space": 0.029218752333187072,
      "parent": "index_02_l",
      "has_children": false,
      "is_end_bone": true
    },
    "metacarpal_pinky_l": {
      "name": "metacarpal_pinky_l",
      "local": {
        "location": {
          "x": 0.0,
          "y": 0.0,
          "z": 0.0
        },
        "rotation_quaternion": {
          "w": 0.9999639987945557,
          "x": -0.0033752908930182457,
          "y": -0.005510990507900715,
          "z": 0.005495956167578697
        },
        "scale": {
          "x": 1.0,
          "y": 1.0,
          "z": 1.0
        },
        "matrix_basis": [
          [
            0.9998788237571716,
            -0.010954313911497593,
            -0.0110586853697896,
            0.0
          ],
          [
            0.011028719134628773,
            0.9999167919158936,
            0.006689762230962515,
            0.0
          ],
          [
            0.010984483174979687,
            -0.006810915190726519,
            0.9999164938926697,
            0.0
          ],
          [
            0.0,
            0.0,
            0.0,
            1.0
          ]
        ],
        "rotation_mode": "QUATERNION"
      },
      "armature_space": {
        "head": {
          "x": -0.06206852197647095,
          "y": -0.4342060685157776,
          "z": 0.31781503558158875
        },
        "tail": {
          "x": -0.12027817964553833,
          "y": -0.5113592147827148,
          "z": 0.2790558636188507
        }
      },
      "world_space": {
        "head": {
          "x": -0.06206852197647095,
          "y": -0.37096208333969116,
          "z": 1.2676690816879272
        },
        "tail": {
          "x": -0.12027817964553833,
          "y": -0.4481152296066284,
          "z": 1.2289098501205444
        },
        "rotation_quaternion": {
          "w": 0.31471529603004456,
          "x": -0.07537826150655746,
          "y": -0.17461858689785004,
          "z": 0.9299359321594238
        },
        "matrix": [
          [
            -0.7905445694923401,
            -0.5590053796768188,
            -0.2501049339771271,
            -0.06206852197647095
          ],
          [
            0.6116552948951721,
            -0.7409253716468811,
            -0.2773219048976898,
            -0.37096208333969116
          ],
          [
            -0.030284330248832703,
            -0.37221646308898926,
            0.9276593923568726,
            1.2676690816879272
          ],
          [
            0.0,
            0.0,
            0.0,
            1.0
          ]
        ]
      },
      "bone_length_armature_space": 0.10413090581283814,
      "parent": "lowerarm_l",
      "has_children": true,
      "is_end_bone": false
    },
    "pinky_01_l": {
      "name": "pinky_01_l",
      "local": {
        "location": {
          "x": 0.0,
          "y": 0.0,
          "z": 0.0
        },
        "rotation_quaternion": {
          "w": 0.9673409461975098,
          "x": 0.2533045709133148,
          "y": -0.009343834593892097,
          "z": 0.0009843565057963133
        },
        "scale": {
          "x": 1.0,
          "y": 1.0,
          "z": 1.0
        },
        "matrix_basis": [
          [
            0.9998234510421753,
            -0.00663808872923255,
            -0.017578663304448128,
            0.0
          ],
          [
            -0.0028292553033679724,
            0.8716716766357422,
            -0.49008217453956604,
            0.0
          ],
          [
            0.018576031550765038,
            0.49004536867141724,
            0.8714990019798279,
            0.0
          ],
          [
            0.0,
            0.0,
            0.0,
            1.0
          ]
        ],
        "rotation_mode": "QUATERNION"
      },
      "armature_space": {
        "head": {
          "x": -0.12027817964553833,
