{
  "metadata": {
    "armature_name": "KIM_caucasian_male",
    "export_time": "2026-01-13T21:05:23.456143",
    "blender_version": "4.4.1",
    "bone_count": 56,
    "end_bone_count": 13,
    "spaces_included": [
      "LOCAL_CHANNELS",
      "ARMATURE_SPACE",
      "WORLD_SPACE"
    ],
    "note": "LOCAL matches Transform panel; replay pose via local.matrix_basis for best fidelity."
  },
  "bones": {
    "Root": {
      "name": "Root",
      "local": {
        "location": {
          "x": 0.0,
          "y": 0.0,
          "z": 0.0
        },
        "rotation_quaternion": {
          "w": 0.9997946619987488,
          "x": -0.014671566896140575,
          "y": -0.013628954999148846,
          "z": -0.0031164230313152075
        },
        "scale": {
          "x": 1.0,
          "y": 1.0,
          "z": 1.0
        },
        "matrix_basis": [
          [
            0.9996090531349182,
            0.006631482392549515,
            -0.027160868048667908,
            0.0
          ],
          [
            -0.0058316499926149845,
            0.9995500445365906,
            0.029422055929899216,
            0.0
          ],
          [
            0.027343759313225746,
            -0.02925216220319271,
            0.9991980195045471,
            0.0
          ],
          [
            0.0,
            0.0,
            0.0,
            1.0
          ]
        ],
        "rotation_mode": "QUATERNION"
      },
      "armature_space": {
        "head": {
          "x": 0.0,
          "y": 0.07072800397872925,
          "z": -0.009595036506652832
        },
        "tail": {
          "x": 0.00047332781832665205,
          "y": 0.0003124997019767761,
          "z": 0.0020646443590521812
        }
      },
      "world_space": {
        "head": {
          "x": 0.0,
          "y": 0.13397200405597687,
          "z": 0.9402589797973633
        },
        "tail": {
          "x": 0.00047332781832665205,
          "y": 0.0635564997792244,
          "z": 0.9519186615943909
        },
        "rotation_quaternion": {
          "w": 0.08199205994606018,
          "x": 0.9965349435806274,
          "y": 0.0021911892108619213,
          "z": -0.013807940296828747
        },
        "matrix": [
          [
            0.9996090531349182,
            0.006631482392549515,
            -0.027160868048667908,
            0.0
          ],
          [
            0.002102903788909316,
            -0.9865449666976929,
            -0.1634768843650818,
            0.13397200405597687
          ],
          [
            -0.027879703789949417,
            0.16335606575012207,
            -0.986180305480957,
            0.9402589797973633
          ],
          [
            0.0,
            0.0,
            0.0,
            1.0
          ]
        ]
      },
      "bone_length_armature_space": 0.07137587421250995,
      "parent": null,
      "has_children": true,
      "is_end_bone": false
    },
    "spine_01": {
      "name": "spine_01",
      "local": {
        "location": {
          "x": 0.0,
          "y": 0.0,
          "z": 0.0
        },
        "rotation_quaternion": {
          "w": 0.9963269233703613,
          "x": 0.08114666491746902,
          "y": -0.02706323377788067,
          "z": -0.0039329975843429565
        },
        "scale": {
          "x": 1.0,
          "y": 1.0,
          "z": 1.0
        },
        "matrix_basis": [
          [
            0.9985042214393616,
            0.003444920526817441,
            -0.05456595495343208,
            0.0
          ],
          [
            -0.012229285202920437,
            0.9867994785308838,
            -0.16148433089256287,
            0.0
          ],
          [
            0.05328935757279396,
            0.16191008687019348,
            0.985365629196167,
            0.0
          ],
          [
            0.0,
            0.0,
            0.0,
            1.0
          ]
        ],
        "rotation_mode": "QUATERNION"
      },
      "armature_space": {
        "head": {
          "x": 0.00047332781832665205,
          "y": 0.0003124997019767761,
          "z": 0.0020646443590521812
        },
        "tail": {
          "x": 0.015796737745404243,
          "y": -0.04184088855981827,
          "z": 0.4880037307739258
        }
      },
      "world_space": {
        "head": {
          "x": 0.00047332781832665205,
          "y": 0.0635564997792244,
          "z": 0.9519186615943909
        },
        "tail": {
          "x": 0.015796737745404243,
          "y": 0.021403111517429352,
          "z": 1.437857747077942
        },
        "rotation_quaternion": {
          "w": 0.6758410930633545,
          "x": 0.7363688945770264,
          "y": -0.006981935817748308,
          "z": -0.030837805941700935
        },
        "matrix": [
          [
            0.9980005621910095,
            0.03140035271644592,
            -0.05485312268137932,
            0.00047332781832665205
          ],
          [
            -0.05196525901556015,
            -0.08637967705726624,
            -0.9949061870574951,
            0.0635564997792244
          ],
          [
            -0.03597889468073845,
            0.9957743287086487,
            -0.08457674086093903,
            0.9519186615943909
          ],
          [
            0.0,
            0.0,
            0.0,
            1.0
          ]
        ]
      },
      "bone_length_armature_space": 0.488004620005193,
      "parent": "Root",
      "has_children": true,
      "is_end_bone": false
    },
    "neck_01": {
      "name": "neck_01",
      "local": {
        "location": {
          "x": 0.0,
          "y": 0.0,
          "z": 0.0
        },
        "rotation_quaternion": {
          "w": 0.996116578578949,
          "x": 0.029086241498589516,
          "y": -0.04561999812722206,
          "z": -0.06945908069610596
        },
        "scale": {
          "x": 1.0,
          "y": 1.0,
          "z": 1.0
        },
        "matrix_basis": [
          [
            0.986188530921936,
            0.13572485744953156,
            -0.09492628276348114,
            0.0
          ],
          [
            -0.14103251695632935,
            0.9886588454246521,
            -0.05160912871360779,
            0.0
          ],
          [
            0.08684506267309189,
            0.06428401917219162,
            0.9941456317901611,
            0.0
          ],
          [
            0.0,
            0.0,
            0.0,
            1.0
          ]
        ],
        "rotation_mode": "QUATERNION"
      },
      "armature_space": {
        "head": {
          "x": 0.016193494200706482,
          "y": -0.08266925811767578,
          "z": 0.5579796433448792
        },
        "tail": {
          "x": 0.030486229807138443,
          "y": -0.13567131757736206,
          "z": 0.6445661187171936
        }
      },
      "world_space": {
        "head": {
          "x": 0.016193494200706482,
          "y": -0.01942525804042816,
          "z": 1.50783371925354
        },
        "tail": {
          "x": 0.030486229807138443,
          "y": -0.07242731750011444,
          "z": 1.5944201946258545
        },
        "rotation_quaternion": {
          "w": 0.49096590280532837,
          "x": 0.864656388759613,
          "y": 0.02143794484436512,
          "z": -0.10422246903181076
        },
        "matrix": [
          [
            0.9773563146591187,
            0.1394122987985611,
            -0.15918193757534027,
            0.016193494200706482
          ],
          [
            -0.06526584923267365,
            -0.5169857144355774,
            -0.8535025119781494,
            -0.01942525804042816
          ],
          [
            -0.2012849599123001,
            0.844570517539978,
            -0.4961846172809601,
            1.50783371925354
          ],
          [
            0.0,
            0.0,
            0.0,
            1.0
          ]
        ]
      },
      "bone_length_armature_space": 0.10252179358025255,
      "parent": "spine_01",
      "has_children": true,
      "is_end_bone": false
    },
    "head": {
      "name": "head",
      "local": {
        "location": {
          "x": 0.0,
          "y": 0.0,
          "z": 0.0
        },
        "rotation_quaternion": {
          "w": 0.97981858253479,
          "x": 0.0706009492278099,
          "y": 0.009339983575046062,
          "z": 0.18677189946174622
        },
        "scale": {
          "x": 1.0,
          "y": 1.0,
          "z": 1.0
        },
        "matrix_basis": [
          [
            0.9300580620765686,
            -0.36468634009361267,
            0.04467552527785301,
            0.0
          ],
          [
            0.36732396483421326,
            0.9202635288238525,
            -0.13486334681510925,
            0.0
          ],
          [
            0.008069567382335663,
            0.14184114336967468,
            0.9898565411567688,
            0.0
          ],
          [
            0.0,
            0.0,
            0.0,
            1.0
          ]
        ],
        "rotation_mode": "QUATERNION"
      },
      "armature_space": {
        "head": {
          "x": 0.030486196279525757,
          "y": -0.13567142188549042,
          "z": 0.644565999507904
        },
        "tail": {
          "x": -0.0003262460231781006,
          "y": -0.1781729757785797,
          "z": 0.7905025482177734
        }
      },
      "world_space": {
        "head": {
          "x": 0.030486196279525757,
          "y": -0.0724274218082428,
          "z": 1.5944199562072754
        },
        "tail": {
          "x": -0.0003262460231781006,
          "y": -0.11492897570133209,
          "z": 1.7403565645217896
        },
        "rotation_quaternion": {
          "w": 0.5933204889297485,
          "x": 0.797688364982605,
          "y": -0.10463560372591019,
          "z": 0.026748524978756905
        },
        "matrix": [
          [
            0.9766717553138733,
            -0.19867432117462158,
            -0.08149196207523346,
            0.030486196279525757
          ],
          [
            -0.135193333029747,
            -0.27404406666755676,
            -0.9521675705909729,
            -0.0724274218082428
          ],
          [
            0.1668398678302765,
            0.9409785270690918,
            -0.29451337456703186,
            1.5944199562072754
          ],
          [
            0.0,
            0.0,
            0.0,
            1.0
          ]
        ]
      },
      "bone_length_armature_space": 0.15509114740000488,
      "parent": "neck_01",
      "has_children": false,
      "is_end_bone": true
    },
    "upperarm_l": {
      "name": "upperarm_l",
      "local": {
        "location": {
          "x": 0.0,
          "y": 0.0,
          "z": 0.0
        },
        "rotation_quaternion": {
          "w": 0.902562141418457,
          "x": 0.08878567814826965,
          "y": 0.41176995635032654,
          "z": 0.08913027495145798
        },
        "scale": {
          "x": 1.0,
          "y": 1.0,
          "z": 1.0
        },
        "matrix_basis": [
          [
            0.6450026035308838,
            -0.0877726748585701,
            0.759122908115387,
            0.0
          ],
          [
            0.2340097725391388,
            0.9683458209037781,
            -0.0868668481707573,
            0.0
          ],
          [
            -0.7274689674377441,
            0.23367151618003845,
            0.6451252102851868,
            0.0
          ],
          [
            0.0,
            0.0,
            0.0,
            1.0
          ]
        ],
        "rotation_mode": "QUATERNION"
      },
      "armature_space": {
        "head": {
          "x": 0.16360831260681152,
          "y": -0.08783155679702759,
          "z": 0.4853893220424652
        },
        "tail": {
          "x": 0.42287102341651917,
          "y": -0.15554611384868622,
          "z": 0.48767396807670593
        }
      },
      "world_space": {
        "head": {
          "x": 0.16360831260681152,
          "y": -0.024587556719779968,
          "z": 1.4352433681488037
        },
        "tail": {
          "x": 0.42287102341651917,
          "y": -0.0923021137714386,
          "z": 1.4375280141830444
        },
        "rotation_quaternion": {
          "w": 0.18661537766456604,
          "x": 0.7557381391525269,
          "y": 0.5820877552032471,
          "z": -0.23496486246585846
        },
        "matrix": [
          [
            0.21192991733551025,
            0.9675084948539734,
            -0.13788838684558868,
            0.16360831260681152
          ],
          [
            0.7921157479286194,
            -0.25269508361816406,
            -0.5556061267852783,
            -0.024587556719779968
          ],
          [
            -0.5724005699157715,
            0.008525790646672249,
            -0.8199384212493896,
            1.4352433681488037
          ],
          [
            0.0,
            0.0,
            0.0,
            1.0
          ]
        ]
      },
      "bone_length_armature_space": 0.26796947093848256,
      "parent": "spine_01",
      "has_children": true,
      "is_end_bone": false
    },
    "lowerarm_l": {
      "name": "lowerarm_l",
      "local": {
        "location": {
          "x": 0.0,
          "y": 0.0,
          "z": 0.0
        },
        "rotation_quaternion": {
          "w": 0.9534022212028503,
          "x": 0.09820214658975601,
          "y": -0.01201269868761301,
          "z": 0.2850199341773987
        },
        "scale": {
          "x": 1.0,
          "y": 1.0,
          "z": 1.0
        },
        "matrix_basis": [
          [
            0.8372386693954468,
            -0.5458366274833679,
            0.03307327255606651,
            0.0
          ],
          [
            0.5411179065704346,
            0.8182399272918701,
            -0.1941000074148178,
            0.0
          ],
          [
            0.07888500392436981,
            0.18040457367897034,
            0.9804240465164185,
            0.0
          ],
          [
            0.0,
            0.0,
            0.0,
            1.0
          ]
        ],
        "rotation_mode": "QUATERNION"
      },
      "armature_space": {
        "head": {
          "x": 0.42287108302116394,
          "y": -0.15554626286029816,
          "z": 0.4876740276813507
        },
        "tail": {
          "x": 0.5768582820892334,
          "y": -0.3673875629901886,
          "z": 0.5422687530517578
        }
      },
      "world_space": {
        "head": {
          "x": 0.42287108302116394,
          "y": -0.09230226278305054,
          "z": 1.4375280141830444
        },
        "tail": {
          "x": 0.5768582820892334,
          "y": -0.3041435480117798,
          "z": 1.492122769355774
        },
        "rotation_quaternion": {
          "w": 0.20111103355884552,
          "x": 0.8947303891181946,
          "y": 0.2522406578063965,
          "z": -0.30884745717048645
        },
        "matrix": [
          [
            0.681975781917572,
            0.5756005048751831,
            -0.45121288299560547,
            0.42287108302116394
          ],
          [
            0.32714980840682983,
            -0.7918576002120972,
            -0.5156888365745544,
            -0.09230226278305054
          ],
          [
            -0.6541313529014587,
            0.2040737420320511,
            -0.7283406853675842,
            1.4375280141830444
          ],
          [
            0.0,
            0.0,
            0.0,
            1.0
          ]
        ]
      },
      "bone_length_armature_space": 0.2675245359282258,
      "parent": "upperarm_l",
      "has_children": true,
      "is_end_bone": false
    },
    "metacarpal_thumb_l": {
      "name": "metacarpal_thumb_l",
      "local": {
        "location": {
          "x": 0.0,
          "y": 0.0,
          "z": 0.0
        },
        "rotation_quaternion": {
          "w": 0.9994919300079346,
          "x": -0.031723007559776306,
          "y": 0.003062751842662692,
          "z": 0.0004910777206532657
        },
        "scale": {
          "x": 1.0,
          "y": 1.0,
          "z": 1.0
        },
        "matrix_basis": [
          [
            0.9999807476997375,
            -0.0011759758926928043,
            0.006091234739869833,
            0.0
          ],
          [
            0.0007873370195738971,
            0.9979867935180664,
            0.06341678649187088,
            0.0
          ],
          [
            -0.00615354860201478,
            -0.06341077387332916,
            0.9979685544967651,
            0.0
          ],
          [
            0.0,
            0.0,
            0.0,
            1.0
          ]
        ],
        "rotation_mode": "QUATERNION"
      },
      "armature_space": {
        "head": {
          "x": 0.5768582820892334,
          "y": -0.3673875629901886,
          "z": 0.5422687530517578
        },
        "tail": {
          "x": 0.5904384255409241,
          "y": -0.4118320643901825,
          "z": 0.5251265168190002
        }
      },
      "world_space": {
        "head": {
          "x": 0.5768582820892334,
          "y": -0.3041435480117798,
          "z": 1.492122769355774
        },
        "tail": {
          "x": 0.5904384255409241,
          "y": -0.3485880494117737,
          "z": 1.4749805927276611
        },
        "rotation_quaternion": {
          "w": 0.21638192236423492,
          "x": -0.9088397026062012,
          "y": -0.0674520954489708,
          "z": -0.3501990735530853
        },
        "matrix": [
          [
            0.7456220388412476,
            0.2741594612598419,
            0.6073585748672485,
            0.5768582820892334
          ],
          [
            -0.028946608304977417,
            -0.8972585797309875,
            0.4405556917190552,
            -0.3041435480117798
          ],
          [
            0.6657447814941406,
            -0.34607207775115967,
            -0.6610839366912842,
            1.492122769355774
          ],
          [
            0.0,
            0.0,
            0.0,
            1.0
          ]
        ]
      },
      "bone_length_armature_space": 0.04953372898022354,
      "parent": "lowerarm_l",
      "has_children": true,
      "is_end_bone": false
    },
    "thumb_01_l": {
      "name": "thumb_01_l",
      "local": {
        "location": {
          "x": 0.0,
          "y": 0.0,
          "z": 0.0
        },
        "rotation_quaternion": {
          "w": 0.9997498393058777,
          "x": -0.009663001634180546,
          "y": -0.016032451763749123,
          "z": 0.012246862053871155
        },
        "scale": {
          "x": 1.0,
          "y": 1.0,
          "z": 1.0
        },
        "matrix_basis": [
          [
            0.9991859793663025,
            -0.024177754297852516,
            -0.032293565571308136,
            0.0
          ],
          [
            0.024797439575195312,
            0.9995132684707642,
            0.018928473815321922,
            0.0
          ],
          [
            0.03182020038366318,
            -0.019713863730430603,
            0.999299168586731,
            0.0
          ],
          [
            0.0,
            0.0,
            0.0,
            1.0
          ]
        ],
        "rotation_mode": "QUATERNION"
      },
      "armature_space": {
        "head": {
          "x": 0.5904384255409241,
          "y": -0.4118320643901825,
          "z": 0.5251265168190002
        },
        "tail": {
          "x": 0.6084623336791992,
          "y": -0.41991686820983887,
          "z": 0.4974062740802765
        }
      },
      "world_space": {
        "head": {
          "x": 0.5904384255409241,
          "y": -0.3485880494117737,
          "z": 1.4749805927276611
        },
        "tail": {
          "x": 0.6084623336791992,
          "y": -0.35667288303375244,
          "z": 1.4472602605819702
        },
        "rotation_quaternion": {
          "w": 0.5366925597190857,
          "x": -0.36120688915252686,
          "y": 0.3052883744239807,
          "z": -0.6987773180007935
        },
        "matrix": [
          [
            -0.16297896206378937,
            0.5295134782791138,
            0.8324984312057495,
            0.5904384255409241
          ],
          [
            -0.9706020355224609,
            -0.23751923441886902,
            -0.0389406681060791,
            -0.3485880494117737
          ],
          [
            0.17711520195007324,
            -0.8143768906593323,
            0.5526613593101501,
            1.4749805927276611
          ],
          [
            0.0,
            0.0,
            0.0,
            1.0
          ]
        ]
      },
      "bone_length_armature_space": 0.034038759701359944,
      "parent": "metacarpal_thumb_l",
      "has_children": true,
      "is_end_bone": false
    },
    "thumb_02_l": {
      "name": "thumb_02_l",
      "local": {
        "location": {
          "x": 0.0,
          "y": 0.0,
          "z": 0.0
        },
        "rotation_quaternion": {
          "w": 0.9960188269615173,
          "x": 0.08882837742567062,
          "y": 0.007441120222210884,
          "z": 0.0009287334978580475
        },
        "scale": {
          "x": 1.0,
          "y": 1.0,
          "z": 1.0
        },
        "matrix_basis": [
          [
            0.9998875260353088,
            -0.0005281068151816726,
            0.014987987466156483,
            0.0
          ],
          [
            0.003172037424519658,
            0.9842172861099243,
            -0.17693565785884857,
            0.0
          ],
          [
            -0.014657995663583279,
            0.17696329951286316,
            0.9841082692146301,
            0.0
          ],
          [
            0.0,
            0.0,
            0.0,
            1.0
          ]
        ],
        "rotation_mode": "QUATERNION"
      },
      "armature_space": {
        "head": {
          "x": 0.6084622740745544,
          "y": -0.4199168384075165,
          "z": 0.4974063038825989
        },
        "tail": {
          "x": 0.6333795785903931,
          "y": -0.45015692710876465,
          "z": 0.5062292218208313
        }
      },
      "world_space": {
        "head": {
          "x": 0.6084622740745544,
          "y": -0.35667282342910767,
          "z": 1.4472603797912598
        },
        "tail": {
          "x": 0.6333795785903931,
          "y": -0.3869129419326782,
          "z": 1.4560832977294922
        },
        "rotation_quaternion": {
          "w": 0.34392249584198,
          "x": 0.12360086292028427,
          "y": -0.07254920154809952,
          "z": -0.9279960989952087
        },
        "matrix": [
          [
            -0.7328802943229675,
            0.6203834414482117,
            -0.27930474281311035,
            0.6084622740745544
          ],
          [
            -0.6562519669532776,
            -0.7529078125953674,
            0.049632176756858826,
            -0.35667282342910767
          ],
          [
            -0.17950163781642914,
            0.21966969966888428,
            0.9589256048202515,
            1.4472603797912598
          ],
          [
            0.0,
            0.0,
            0.0,
            1.0
          ]
        ]
      },
      "bone_length_armature_space": 0.04016439861567811,
      "parent": "thumb_01_l",
      "has_children": true,
      "is_end_bone": false
    },
    "thumb_03_l": {
      "name": "thumb_03_l",
      "local": {
        "location": {
          "x": 0.0,
          "y": 0.0,
          "z": 0.0
        },
        "rotation_quaternion": {
          "w": 0.9968273043632507,
          "x": 0.0795121043920517,
          "y": -0.0034654494374990463,
          "z": -0.0010865565855056047
        },
        "scale": {
          "x": 1.0,
          "y": 1.0,
          "z": 1.0
        },
        "matrix_basis": [
          [
            0.9999735951423645,
            0.0016151282470673323,
            -0.007081698160618544,
            0.0
          ],
          [
            -0.00271730893291533,
            0.9873532652854919,
            -0.158512145280838,
            0.0
          ],
          [
            0.006736120209097862,
            0.158527210354805,
            0.9873316287994385,
            0.0
          ],
          [
            0.0,
            0.0,
            0.0,
            1.0
          ]
        ],
        "rotation_mode": "QUATERNION"
      },
      "armature_space": {
        "head": {
          "x": 0.6333795189857483,
          "y": -0.45015692710876465,
          "z": 0.5062291026115417
        },
        "tail": {
          "x": 0.6491788029670715,
          "y": -0.4684043228626251,
          "z": 0.5247847437858582
        }
      },
      "world_space": {
        "head": {
          "x": 0.6333795189857483,
          "y": -0.3869129419326782,
          "z": 1.456083059310913
        },
        "tail": {
          "x": 0.6491788029670715,
          "y": -0.4051603078842163,
          "z": 1.4746387004852295
        },
        "rotation_quaternion": {
          "w": 0.4018755257129669,
          "x": 0.3561602532863617,
          "y": -0.19701962172985077,
          "z": -0.8202617764472961
        },
        "matrix": [
          [
            -0.4232909381389618,
            0.5189467668533325,
            -0.7426433563232422,
            0.6333795189857483
          ],
          [
            -0.799627959728241,
            -0.5993580222129822,
            0.0369495153427124,
            -0.3869129419326782
          ],
          [
            -0.4259380102157593,
            0.6094825267791748,
            0.668671727180481,
            1.456083059310913
          ],
          [
            0.0,
            0.0,
            0.0,
            1.0
          ]
        ]
      },
      "bone_length_armature_space": 0.030444977710723187,
      "parent": "thumb_02_l",
      "has_children": false,
      "is_end_bone": true
    },
    "metacarpal_index_l": {
      "name": "metacarpal_index_l",
      "local": {
        "location": {
          "x": 0.0,
          "y": 0.0,
          "z": 0.0
        },
        "rotation_quaternion": {
          "w": 0.9999330043792725,
          "x": 0.007491119671612978,
          "y": -0.005170611664652824,
          "z": 0.007152233272790909
        },
        "scale": {
          "x": 1.0,
          "y": 1.0,
          "z": 1.0
        },
        "matrix_basis": [
          [
            0.9998441934585571,
            -0.014380975626409054,
            -0.010233374312520027,
            0.0
          ],
          [
            0.014226040802896023,
            0.9997854828834534,
            -0.015055198222398758,
            0.0
          ],
          [
            0.010447686538100243,
            0.014907272532582283,
            0.9998342990875244,
            0.0
          ],
          [
            0.0,
            0.0,
            0.0,
            1.0
          ]
        ],
        "rotation_mode": "QUATERNION"
      },
      "armature_space": {
        "head": {
          "x": 0.5768582820892334,
          "y": -0.3673875629901886,
          "z": 0.5422687530517578
        },
        "tail": {
          "x": 0.6277257204055786,
          "y": -0.4725351631641388,
          "z": 0.5330110192298889
        }
      },
      "world_space": {
        "head": {
          "x": 0.5768582820892334,
          "y": -0.3041435480117798,
          "z": 1.492122769355774
        },
        "tail": {
          "x": 0.6277257204055786,
          "y": -0.40929114818573,
          "z": 1.4828650951385498
        },
        "rotation_quaternion": {
          "w": 0.06319346278905869,
          "x": -0.9688745141029358,
          "y": -0.21752366423606873,
          "z": -0.09986141324043274
        },
        "matrix": [
          [
            0.8854222893714905,
            0.43412744998931885,
            0.1660139262676239,
            0.5768582820892334
          ],
          [
            0.40888532996177673,
            -0.8973802924156189,
            0.16589730978012085,
            -0.3041435480117798
          ],
          [
            0.22099994122982025,
            -0.07900995016098022,
            -0.9720754027366638,
            1.492122769355774
          ],
          [
            0.0,
            0.0,
            0.0,
            1.0
          ]
        ]
      },
      "bone_length_armature_space": 0.11717175428212576,
      "parent": "lowerarm_l",
      "has_children": true,
      "is_end_bone": false
    },
    "index_01_l": {
      "name": "index_01_l",
      "local": {
        "location": {
          "x": 0.0,
          "y": 0.0,
          "z": 0.0
        },
        "rotation_quaternion": {
          "w": 0.9919882416725159,
          "x": -0.1250287890434265,
          "y": -0.01631915010511875,
          "z": -0.007797098718583584
        },
        "scale": {
          "x": 1.0,
          "y": 1.0,
          "z": 1.0
        },
        "matrix_basis": [
          [
            0.9993457794189453,
            0.019549988210201263,
            -0.03042708709836006,
            0.0
          ],
          [
            -0.011388533748686314,
            0.9686140418052673,
            0.24830865859985352,
            0.0
          ],
          [
            0.03432653471827507,
            -0.24779969453811646,
            0.9682029485702515,
            0.0
          ],
          [
            0.0,
            0.0,
            0.0,
            1.0
          ]
        ],
        "rotation_mode": "QUATERNION"
      },
      "armature_space": {
        "head": {
          "x": 0.6277257204055786,
          "y": -0.4725351631641388,
          "z": 0.5330110192298889
        },
        "tail": {
          "x": 0.6451643705368042,
          "y": -0.492466539144516,
          "z": 0.5435801148414612
        }
      },
      "world_space": {
        "head": {
          "x": 0.6277257204055786,
          "y": -0.40929114818573,
          "z": 1.4828650951385498
        },
        "tail": {
          "x": 0.6451643705368042,
          "y": -0.4292225241661072,
          "z": 1.493434190750122
        },
        "rotation_quaternion": {
          "w": 0.13614371418952942,
          "x": 0.9057325720787048,
          "y": 0.3632739186286926,
          "z": 0.17072023451328278
        },
        "matrix": [
          [
            0.6777728199958801,
            0.6115735173225403,
            0.4081687927246094,
            0.6277257204055786
          ],
          [
            0.7045435309410095,
            -0.6989939212799072,
            -0.1225825622677803,
            -0.40929114818573
          ],
          [
            0.210341215133667,
            0.37065762281417847,
            -0.904645562171936,
            1.4828650951385498
          ],
          [
            0.0,
            0.0,
            0.0,
            1.0
          ]
        ]
      },
      "bone_length_armature_space": 0.02851441807225808,
      "parent": "metacarpal_index_l",
      "has_children": true,
      "is_end_bone": false
    },
    "index_02_l": {
      "name": "index_02_l",
      "local": {
        "location": {
          "x": 0.0,
          "y": 0.0,
          "z": 0.0
        },
        "rotation_quaternion": {
          "w": 0.9971551895141602,
          "x": 0.07505495101213455,
          "y": -0.006436445750296116,
          "z": -0.002625480992719531
        },
        "scale": {
          "x": 1.0,
          "y": 1.0,
          "z": 1.0
        },
        "matrix_basis": [
          [
            0.9999033808708191,
            0.0042698499746620655,
            -0.013230381533503532,
            0.0
          ],
          [
            -0.006202198099344969,
            0.9887197017669678,
            -0.14964906871318817,
            0.0
          ],
          [
            0.012442159466445446,
            0.14971666038036346,
            0.9886506795883179,
            0.0
          ],
          [
            0.0,
            0.0,
            0.0,
            1.0
          ]
        ],
        "rotation_mode": "QUATERNION"
      },
      "armature_space": {
        "head": {
          "x": 0.6451645493507385,
          "y": -0.4924669861793518,
          "z": 0.5435798764228821
        },
        "tail": {
          "x": 0.6623917818069458,
          "y": -0.5101786255836487,
          "z": 0.5504799485206604
        }
      },
      "world_space": {
        "head": {
          "x": 0.6451645493507385,
          "y": -0.4292230010032654,
          "z": 1.493433952331543
        },
        "tail": {
          "x": 0.6623917818069458,
          "y": -0.44693464040756226,
          "z": 1.5003340244293213
        },
        "rotation_quaternion": {
          "w": 0.10111689567565918,
          "x": 0.9126282930374146,
          "y": 0.3802148401737213,
          "z": 0.11100302636623383
        },
        "matrix": [
          [
            0.6862297058105469,
            0.6715412139892578,
            0.27950143814086914,
            0.6451645493507385
          ],
          [
            0.7164385318756104,
            -0.6904241442680359,
            -0.10015398263931274,
            -0.4292230010032654
          ],
          [
            0.12571842968463898,
            0.26897531747817993,
            -0.9549143314361572,
            1.493433952331543
          ],
          [
            0.0,
            0.0,
            0.0,
            1.0
          ]
        ]
      },
      "bone_length_armature_space": 0.02565327859996532,
      "parent": "index_01_l",
      "has_children": true,
      "is_end_bone": false
    },
    "index_03_l": {
      "name": "index_03_l",
      "local": {
        "location": {
          "x": 0.0,
          "y": 0.0,
          "z": 0.0
        },
        "rotation_quaternion": {
          "w": 0.9993516802787781,
          "x": 0.0357154905796051,
          "y": -0.004042640328407288,
          "z": -0.002098475117236376
        },
        "scale": {
          "x": 1.0,
          "y": 1.0,
          "z": 1.0
        },
        "matrix_basis": [
          [
            0.9999585151672363,
            0.003905459539964795,
            -0.008229934610426426,
            0.0
          ],
          [
            -0.004482998978346586,
            0.997439980506897,
            -0.07136770337820053,
            0.0
          ],
          [
            0.007930142804980278,
            0.07140164077281952,
            0.9974161386489868,
            0.0
          ],
          [
            0.0,
            0.0,
            0.0,
            1.0
          ]
        ],
        "rotation_mode": "QUATERNION"
      },
      "armature_space": {
        "head": {
          "x": 0.6623916625976562,
          "y": -0.5101786255836487,
          "z": 0.55048006772995
        },
        "tail": {
          "x": 0.6849499344825745,
          "y": -0.5283839702606201,
          "z": 0.5541437268257141
        }
      },
      "world_space": {
        "head": {
          "x": 0.6623916625976562,
          "y": -0.44693464040756226,
          "z": 1.5003340244293213
        },
        "tail": {
          "x": 0.6849499344825745,
          "y": -0.4651399850845337,
          "z": 1.503997802734375
        },
        "rotation_quaternion": {
          "w": 0.020463550463318825,
          "x": 0.8950210213661194,
          "y": 0.4336419105529785,
          "z": 0.10233953595161438
        },
        "matrix": [
          [
            0.6029624342918396,
            0.7720488905906677,
            0.20093947649002075,
            0.6623916625976562
          ],
          [
            0.780426025390625,
            -0.6230719089508057,
            0.052126988768577576,
            -0.44693464040756226
          ],
          [
            0.16544611752033234,
            0.12538787722587585,
            -0.9782227277755737,
            1.5003340244293213
          ],
          [
            0.0,
            0.0,
            0.0,
            1.0
          ]
        ]
      },
      "bone_length_armature_space": 0.029218703074527348,
      "parent": "index_02_l",
      "has_children": false,
      "is_end_bone": true
    },
    "metacarpal_pinky_l": {
      "name": "metacarpal_pinky_l",
      "local": {
        "location": {
          "x": 0.0,
          "y": 0.0,
          "z": 0.0
        },
        "rotation_quaternion": {
          "w": 0.9998660087585449,
          "x": -0.01536802388727665,
          "y": -0.00534900464117527,
          "z": 0.0018094256520271301
        },
        "scale": {
          "x": 1.0,
          "y": 1.0,
          "z": 1.0
        },
        "matrix_basis": [
          [
            0.9999362230300903,
            -0.003453959245234728,
            -0.010752190835773945,
            0.0
          ],
          [
            0.0037827736232429743,
            0.9995210766792297,
            0.03071257285773754,
            0.0
          ],
          [
            0.010640961118042469,
            -0.030751286074519157,
            0.9994704127311707,
            0.0
          ],
          [
            0.0,
            0.0,
            0.0,
            1.0
          ]
        ],
        "rotation_mode": "QUATERNION"
      },
      "armature_space": {
        "head": {
          "x": 0.5768582820892334,
          "y": -0.3673875629901886,
          "z": 0.5422687530517578
        },
        "tail": {
          "x": 0.6509118676185608,
          "y": -0.4275601804256439,
          "z": 0.5839648246765137
        }
      },
      "world_space": {
        "head": {
          "x": 0.5768582820892334,
          "y": -0.3041435480117798,
          "z": 1.492122769355774
        },
        "tail": {
          "x": 0.6509118676185608,
          "y": -0.3643161654472351,
          "z": 1.5338188409805298
        },
        "rotation_quaternion": {
          "w": 0.4574040174484253,
          "x": 0.5063698291778564,
          "y": 0.043038032948970795,
          "z": -0.7297388911247253
        },
        "matrix": [
          [
            -0.06874091923236847,
            0.7111594676971436,
            -0.6996619701385498,
            0.5768582820892334
          ],
          [
            -0.6239853501319885,
            -0.5778562426567078,
            -0.5260464549064636,
            -0.3041435480117798
          ],
          [
            -0.7784127593040466,
            0.40042003989219666,
            0.483478307723999,
            1.492122769355774
          ],
          [
            0.0,
            0.0,
            0.0,
            1.0
          ]
        ]
      },
      "bone_length_armature_space": 0.10413087954051883,
      "parent": "lowerarm_l",
      "has_children": true,
      "is_end_bone": false
    },
    "pinky_01_l": {
      "name": "pinky_01_l",
      "local": {
        "location": {
          "x": 0.0,
          "y": 0.0,
          "z": 0.0
        },
        "rotation_quaternion": {
          "w": 0.967535138130188,
          "x": 0.2521692216396332,
          "y": 0.016694501042366028,
          "z": -0.002797612687572837
        },
        "scale": {
          "x": 1.0,
          "y": 1.0,
          "z": 1.0
        },
        "matrix_basis": [
          [
            0.9994269609451294,
            0.013833255507051945,
            0.030894089490175247,
            0.0
          ],
          [
            0.0030061015859246254,
            0.8728057146072388,
            -0.48805856704711914,
            0.0
          ],
          [
            -0.033715974539518356,
            0.48787176609039307,
            0.8722639679908752,
            0.0
          ],
          [
            0.0,
            0.0,
            0.0,
            1.0
          ]
        ],
        "rotation_mode": "QUATERNION"
      },
      "armature_space": {
        "head": {
          "x": 0.6509118676185608,
          "y": -0.4275601804256439,
          "z": 0.5839648246765137
        },
        "tail": {
