{
  "metadata": {
    "armature_name": "KIM_caucasian_male",
    "export_time": "2026-01-13T21:02:40.593741",
    "blender_version": "4.4.1",
    "bone_count": 56,
    "end_bone_count": 13,
    "spaces_included": [
      "LOCAL_CHANNELS",
      "ARMATURE_SPACE",
      "WORLD_SPACE"
    ],
    "note": "LOCAL matches Transform panel; replay pose via local.matrix_basis for best fidelity."
  },
  "bones": {
    "Root": {
      "name": "Root",
      "local": {
        "location": {
          "x": 0.0,
          "y": 0.0,
          "z": 0.0
        },
        "rotation_quaternion": {
          "w": 0.9997429847717285,
          "x": 0.015913458541035652,
          "y": -0.012369239702820778,
          "z": 0.010380946099758148
        },
        "scale": {
          "x": 1.0,
          "y": 1.0,
          "z": 1.0
        },
        "matrix_basis": [
          [
            0.9994784593582153,
            -0.02115023136138916,
            -0.024401728063821793,
            0.0
          ],
          [
            0.02036288194358349,
            0.9992780089378357,
            -0.03207554668188095,
            0.0
          ],
          [
            0.02506251446902752,
            0.03156192973256111,
            0.9991875290870667,
            0.0
          ],
          [
            0.0,
            0.0,
            0.0,
            1.0
          ]
        ],
        "rotation_mode": "QUATERNION"
      },
      "armature_space": {
        "head": {
          "x": 0.0,
          "y": 0.07072800397872925,
          "z": -0.009595036506652832
        },
        "tail": {
          "x": -0.0015096161514520645,
          "y": -0.00025177001953125,
          "z": -0.0022392557002604008
        }
      },
      "world_space": {
        "head": {
          "x": 0.0,
          "y": 0.13397200405597687,
          "z": 0.9402589797973633
        },
        "tail": {
          "x": -0.0015096161514520645,
          "y": 0.06299223005771637,
          "z": 0.9476147890090942
        },
        "rotation_quaternion": {
          "w": 0.05147302895784378,
          "x": 0.9985437989234924,
          "y": -0.011190652847290039,
          "z": -0.011641797609627247
        },
        "matrix": [
          [
            0.9994784593582153,
            -0.02115023136138916,
            -0.024401728063821793,
            0.0
          ],
          [
            -0.023547198623418808,
            -0.994450569152832,
            -0.10253606736660004,
            0.13397200405597687
          ],
          [
            -0.02209782600402832,
            0.10305696725845337,
            -0.994437038898468,
            0.9402589797973633
          ],
          [
            0.0,
            0.0,
            0.0,
            1.0
          ]
        ]
      },
      "bone_length_armature_space": 0.07137586906630215,
      "parent": null,
      "has_children": true,
      "is_end_bone": false
    },
    "spine_01": {
      "name": "spine_01",
      "local": {
        "location": {
          "x": 0.0,
          "y": 0.0,
          "z": 0.0
        },
        "rotation_quaternion": {
          "w": 0.9986823201179504,
          "x": -0.02185477316379547,
          "y": 0.04642840102314949,
          "z": 0.0006379635306075215
        },
        "scale": {
          "x": 1.0,
          "y": 1.0,
          "z": 1.0
        },
        "matrix_basis": [
          [
            0.9956880211830139,
            -0.0033036102540791035,
            0.09270656108856201,
            0.0
          ],
          [
            -0.0007551185553893447,
            0.9990439414978027,
            0.043711189180612564,
            0.0
          ],
          [
            -0.09276232868432999,
            -0.04359271004796028,
            0.9947335720062256,
            0.0
          ],
          [
            0.0,
            0.0,
            0.0,
            1.0
          ]
        ],
        "rotation_mode": "QUATERNION"
      },
      "armature_space": {
        "head": {
          "x": -0.0015096161514520645,
          "y": -0.00025177001953125,
          "z": -0.0022392557002604008
        },
        "tail": {
          "x": 0.008316393941640854,
          "y": 0.028197500854730606,
          "z": 0.4848363995552063
        }
      },
      "world_space": {
        "head": {
          "x": -0.0015096161514520645,
          "y": 0.06299223005771637,
          "z": 0.9476147890090942
        },
        "tail": {
          "x": 0.008316393941640854,
          "y": 0.09144149720668793,
          "z": 1.4346904754638672
        },
        "rotation_quaternion": {
          "w": 0.7266958355903625,
          "x": 0.6859779953956604,
          "y": 0.032583143562078476,
          "z": 0.016903508454561234
        },
        "matrix": [
          [
            0.9973052740097046,
            0.020135216414928436,
            0.07054680585861206,
            -0.0015096161514520645
          ],
          [
            0.06926991045475006,
            0.0582975409924984,
            -0.9958931803703308,
            0.06299223005771637
          ],
          [
            -0.024165332317352295,
            0.9981033205986023,
            0.05674516782164574,
            0.9476147890090942
          ],
          [
            0.0,
            0.0,
            0.0,
            1.0
          ]
        ]
      },
      "bone_length_armature_space": 0.48800472347786195,
      "parent": "Root",
      "has_children": true,
      "is_end_bone": false
    },
    "neck_01": {
      "name": "neck_01",
      "local": {
        "location": {
          "x": 0.0,
          "y": 0.0,
          "z": 0.0
        },
        "rotation_quaternion": {
          "w": 0.988078236579895,
          "x": -0.12907691299915314,
          "y": 0.0813538208603859,
          "z": 0.020547034218907356
        },
        "scale": {
          "x": 1.0,
          "y": 1.0,
          "z": 1.0
        },
        "matrix_basis": [
          [
            0.9859187602996826,
            -0.06160595640540123,
            0.1554635912179947,
            0.0
          ],
          [
            0.019602354615926743,
            0.9658339619636536,
            0.25841933488845825,
            0.0
          ],
          [
            -0.16607217490673065,
            -0.2517330050468445,
            0.9534414410591125,
            0.0
          ],
          [
            0.0,
            0.0,
            0.0,
            1.0
          ]
        ],
        "rotation_mode": "QUATERNION"
      },
      "armature_space": {
        "head": {
          "x": 0.01223725825548172,
          "y": -0.002072058618068695,
          "z": 0.5598838925361633
        },
        "tail": {
          "x": 0.0089939059689641,
          "y": -0.01027247030287981,
          "z": 0.6620259881019592
        }
      },
      "world_space": {
        "head": {
          "x": 0.01223725825548172,
          "y": 0.061171941459178925,
          "z": 1.5097379684448242
        },
        "tail": {
          "x": 0.0089939059689641,
          "y": 0.052971530705690384,
          "z": 1.6118800640106201
        },
        "rotation_quaternion": {
          "w": 0.6752523183822632,
          "x": 0.7290542125701904,
          "y": 0.06356392800807953,
          "z": 0.09205375611782074
        },
        "matrix": [
          [
            0.9749716520309448,
            -0.03163587674498558,
            0.22006745636463165,
            0.01223725825548172
          ],
          [
            0.21700188517570496,
            -0.07998736202716827,
            -0.9728887677192688,
            0.061171941459178925
          ],
          [
            0.04838132485747337,
            0.9963007569313049,
            -0.0711217075586319,
            1.5097379684448242
          ],
          [
            0.0,
            0.0,
            0.0,
            1.0
          ]
        ]
      },
      "bone_length_armature_space": 0.10252206614851915,
      "parent": "spine_01",
      "has_children": true,
      "is_end_bone": false
    },
    "head": {
      "name": "head",
      "local": {
        "location": {
          "x": 0.0,
          "y": 0.0,
          "z": 0.0
        },
        "rotation_quaternion": {
          "w": 0.9774531126022339,
          "x": 0.030564889311790466,
          "y": -0.16856485605239868,
          "z": -0.12343909591436386
        },
        "scale": {
          "x": 1.0,
          "y": 1.0,
          "z": 1.0
        },
        "matrix_basis": [
          [
            0.9126973748207092,
            0.23100753128528595,
            -0.33707427978515625,
            0.0
          ],
          [
            -0.2516161799430847,
            0.9676571488380432,
            -0.018136505037546158,
            0.0
          ],
          [
            0.3219826817512512,
            0.10136648267507553,
            0.9413033723831177,
            0.0
          ],
          [
            0.0,
            0.0,
            0.0,
            1.0
          ]
        ],
        "rotation_mode": "QUATERNION"
      },
      "armature_space": {
        "head": {
          "x": 0.008993943221867085,
          "y": -0.01027261558920145,
          "z": 0.6620259284973145
        },
        "tail": {
          "x": 0.030484318733215332,
          "y": 0.024250224232673645,
          "z": 0.8116910457611084
        }
      },
      "world_space": {
        "head": {
          "x": 0.008993943221867085,
          "y": 0.052971385419368744,
          "z": 1.6118799448013306
        },
        "tail": {
          "x": 0.030484318733215332,
          "y": 0.08749422430992126,
          "z": 1.7615450620651245
        },
        "rotation_quaternion": {
          "w": 0.7817110419273376,
          "x": 0.6153075098991394,
          "y": -0.01506296917796135,
          "z": -0.10048691928386688
        },
        "matrix": [
          [
            0.9793509840965271,
            0.13856692612171173,
            -0.14721128344535828,
            0.008993943221867085
          ],
          [
            -0.1756410300731659,
            0.22259843349456787,
            -0.9589580297470093,
            0.052971385419368744
          ],
          [
            -0.10011168569326401,
            0.965019702911377,
            0.2423408329486847,
            1.6118799448013306
          ],
          [
            0.0,
            0.0,
            0.0,
            1.0
          ]
        ]
      },
      "bone_length_armature_space": 0.15509129527309662,
      "parent": "neck_01",
      "has_children": false,
      "is_end_bone": true
    },
    "upperarm_l": {
      "name": "upperarm_l",
      "local": {
        "location": {
          "x": 0.0,
          "y": 0.0,
          "z": 0.0
        },
        "rotation_quaternion": {
          "w": 0.7945126295089722,
          "x": 0.4639717638492584,
          "y": 0.22035138309001923,
          "z": -0.3239217698574066
        },
        "scale": {
          "x": 1.0,
          "y": 1.0,
          "z": 1.0
        },
        "matrix_basis": [
          [
            0.6930398941040039,
            0.7191935181617737,
            0.04956280440092087,
            0.0
          ],
          [
            -0.31024622917175293,
            0.35960978269577026,
            -0.8800160884857178,
            0.0
          ],
          [
            -0.6507250070571899,
            0.5945096611976624,
            0.47235095500946045,
            0.0
          ],
          [
            0.0,
            0.0,
            0.0,
            1.0
          ]
        ],
        "rotation_mode": "QUATERNION"
      },
      "armature_space": {
        "head": {
          "x": 0.16070479154586792,
          "y": 0.0012243501842021942,
          "z": 0.4893598258495331
        },
        "tail": {
          "x": 0.26508456468582153,
          "y": -0.15370942652225494,
          "z": 0.29724371433258057
        }
      },
      "world_space": {
        "head": {
          "x": 0.16070479154586792,
          "y": 0.06446835398674011,
          "z": 1.4392138719558716
        },
        "tail": {
          "x": 0.26508456468582153,
          "y": -0.09046542644500732,
          "z": 1.2470977306365967
        },
        "rotation_quaternion": {
          "w": 0.0704076811671257,
          "x": -0.5387348532676697,
          "y": -0.45382288098335266,
          "z": 0.7062947750091553
        },
        "matrix": [
          [
            -0.4096169173717499,
            0.38952121138572693,
            -0.8249168395996094,
            0.16070479154586792
          ],
          [
            0.5884360671043396,
            -0.5781770944595337,
            -0.5652032494544983,
            0.06446835398674011
          ],
          [
            -0.697110652923584,
            -0.7169329524040222,
            0.007622270844876766,
            1.4392138719558716
          ],
          [
            0.0,
            0.0,
            0.0,
            1.0
          ]
        ]
      },
      "bone_length_armature_space": 0.26797054570989365,
      "parent": "spine_01",
      "has_children": true,
      "is_end_bone": false
    },
    "lowerarm_l": {
      "name": "lowerarm_l",
      "local": {
        "location": {
          "x": 0.0,
          "y": 0.0,
          "z": 0.0
        },
        "rotation_quaternion": {
          "w": 0.957343578338623,
          "x": 0.2845826745033264,
          "y": -0.02220855839550495,
          "z": 0.04486408829689026
        },
        "scale": {
          "x": 1.0,
          "y": 1.0,
          "z": 1.0
        },
        "matrix_basis": [
          [
            0.994987964630127,
            -0.09854103624820709,
            -0.016987357288599014,
            0.0
          ],
          [
            0.0732603520154953,
            0.8339998126029968,
            -0.5468795299530029,
            0.0
          ],
          [
            0.06805752962827682,
            0.5428940653800964,
            0.8370389342308044,
            0.0
          ],
          [
            0.0,
            0.0,
            0.0,
            1.0
          ]
        ],
        "rotation_mode": "QUATERNION"
      },
      "armature_space": {
        "head": {
          "x": 0.2650846242904663,
          "y": -0.15370959043502808,
          "z": 0.29724374413490295
        },
        "tail": {
          "x": 0.23299063742160797,
          "y": -0.39965879917144775,
          "z": 0.1970013976097107
        }
      },
      "world_space": {
        "head": {
          "x": 0.2650846242904663,
          "y": -0.09046559035778046,
          "z": 1.2470977306365967
        },
        "tail": {
          "x": 0.23299063742160797,
          "y": -0.33641481399536133,
          "z": 1.146855354309082
        },
        "rotation_quaternion": {
          "w": 0.14421793818473816,
          "x": -0.4621991217136383,
          "y": -0.13973300158977509,
          "z": 0.8637405633926392
        },
        "matrix": [
          [
            -0.5311464071273804,
            -0.1199665367603302,
            -0.8387443423271179,
            0.2650846242904663
          ],
          [
            0.3783026933670044,
            -0.9193521738052368,
            -0.10806968808174133,
            -0.09046559035778046
          ],
          [
            -0.7581412196159363,
            -0.37470343708992004,
            0.5336977243423462,
            1.2470977306365967
          ],
          [
            0.0,
            0.0,
            0.0,
            1.0
          ]
        ]
      },
      "bone_length_armature_space": 0.26752488949350217,
      "parent": "upperarm_l",
      "has_children": true,
      "is_end_bone": false
    },
    "metacarpal_thumb_l": {
      "name": "metacarpal_thumb_l",
      "local": {
        "location": {
          "x": 0.0,
          "y": 0.0,
          "z": 0.0
        },
        "rotation_quaternion": {
          "w": 0.9988430142402649,
          "x": -0.047175005078315735,
          "y": 0.008957769721746445,
          "z": -0.00265124230645597
        },
        "scale": {
          "x": 1.0,
          "y": 1.0,
          "z": 1.0
        },
        "matrix_basis": [
          [
            0.9998254776000977,
            0.004451184067875147,
            0.01814495585858822,
            0.0
          ],
          [
            -0.006141515448689461,
            0.9955349564552307,
            0.09419334679841995,
            0.0
          ],
          [
            -0.017644666135311127,
            -0.09428834915161133,
            0.9953885674476624,
            0.0
          ],
          [
            0.0,
            0.0,
            0.0,
            1.0
          ]
        ],
        "rotation_mode": "QUATERNION"
      },
      "armature_space": {
        "head": {
          "x": 0.23299063742160797,
          "y": -0.39965879917144775,
          "z": 0.1970013976097107
        },
        "tail": {
          "x": 0.20147961378097534,
          "y": -0.43777525424957275,
          "z": 0.19421274960041046
        }
      },
      "world_space": {
        "head": {
          "x": 0.23299063742160797,
          "y": -0.33641481399536133,
          "z": 1.146855354309082
        },
        "tail": {
          "x": 0.20147961378097534,
          "y": -0.37453126907348633,
          "z": 1.1440668106079102
        },
        "rotation_quaternion": {
          "w": 0.15056964755058289,
          "x": -0.8765276670455933,
          "y": 0.3042622208595276,
          "z": 0.3412517011165619
        },
        "matrix": [
          [
            0.581943690776825,
            -0.6361535787582397,
            -0.5066069960594177,
            0.23299063742160797
          ],
          [
            -0.43062496185302734,
            -0.7695060968399048,
            0.4716172218322754,
            -0.33641481399536133
          ],
          [
            -0.6898633241653442,
            -0.05629809945821762,
            -0.7217570543289185,
            1.146855354309082
          ],
          [
            0.0,
            0.0,
            0.0,
            1.0
          ]
        ]
      },
      "bone_length_armature_space": 0.04953367830350865,
      "parent": "lowerarm_l",
      "has_children": true,
      "is_end_bone": false
    },
    "thumb_01_l": {
      "name": "thumb_01_l",
      "local": {
        "location": {
          "x": 0.0,
          "y": 0.0,
          "z": 0.0
        },
        "rotation_quaternion": {
          "w": 0.9993748664855957,
          "x": -0.024419957771897316,
          "y": -0.0185967106372118,
          "z": 0.01754162088036537
        },
        "scale": {
          "x": 1.0,
          "y": 1.0,
          "z": 1.0
        },
        "matrix_basis": [
          [
            0.9986929297447205,
            -0.0341530479490757,
            -0.038026902824640274,
            0.0
          ],
          [
            0.0359695702791214,
            0.9981918931007385,
            0.04815695062279701,
            0.0
          ],
          [
            0.03631344065070152,
            -0.049461815506219864,
            0.9981156587600708,
            0.0
          ],
          [
            0.0,
            0.0,
            0.0,
            1.0
          ]
        ],
        "rotation_mode": "QUATERNION"
      },
      "armature_space": {
        "head": {
          "x": 0.20147961378097534,
          "y": -0.43777525424957275,
          "z": 0.19421274960041046
        },
        "tail": {
          "x": 0.1714116632938385,
          "y": -0.439595490694046,
          "z": 0.1783623993396759
        }
      },
      "world_space": {
        "head": {
          "x": 0.20147961378097534,
          "y": -0.37453126907348633,
          "z": 1.1440668106079102
        },
        "tail": {
          "x": 0.1714116632938385,
          "y": -0.3763514757156372,
          "z": 1.1282163858413696
        },
        "rotation_quaternion": {
          "w": 0.017169786617159843,
          "x": -0.6502711176872253,
          "y": 0.6877268552780151,
          "z": -0.32231125235557556
        },
        "matrix": [
          [
            -0.15370337665081024,
            -0.8833492994308472,
            0.44279780983924866,
            0.20147961378097534
          ],
          [
            -0.9054868221282959,
            -0.053475894033908844,
            -0.4209919273853302,
            -0.37453126907348633
          ],
          [
            0.3955635130405426,
            -0.4656584560871124,
            -0.7916475534439087,
            1.1440668106079102
          ],
          [
            0.0,
            0.0,
            0.0,
            1.0
          ]
        ]
      },
      "bone_length_armature_space": 0.03403863231311697,
      "parent": "metacarpal_thumb_l",
      "has_children": true,
      "is_end_bone": false
    },
    "thumb_02_l": {
      "name": "thumb_02_l",
      "local": {
        "location": {
          "x": 0.0,
          "y": 0.0,
          "z": 0.0
        },
        "rotation_quaternion": {
          "w": 0.9909935593605042,
          "x": 0.13365837931632996,
          "y": -0.0014095321530476213,
          "z": -0.008083580993115902
        },
        "scale": {
          "x": 1.0,
          "y": 1.0,
          "z": 1.0
        },
        "matrix_basis": [
          [
            0.9998653531074524,
            0.01564476266503334,
            -0.004954551346600056,
            0.0
          ],
          [
            -0.016398344188928604,
            0.9641401767730713,
            -0.26488640904426575,
            0.0
          ],
          [
            0.0006327978917397559,
            0.26493197679519653,
            0.9642668962478638,
            0.0
          ],
          [
            0.0,
            0.0,
            0.0,
            1.0
          ]
        ],
        "rotation_mode": "QUATERNION"
      },
      "armature_space": {
        "head": {
          "x": 0.1714116632938385,
          "y": -0.43959543108940125,
          "z": 0.1783624142408371
        },
        "tail": {
          "x": 0.1707097589969635,
          "y": -0.47677940130233765,
          "z": 0.16319523751735687
        }
      },
      "world_space": {
        "head": {
          "x": 0.1714116632938385,
          "y": -0.37635141611099243,
          "z": 1.1282163858413696
        },
        "tail": {
          "x": 0.1707097589969635,
          "y": -0.4135354161262512,
          "z": 1.1130492687225342
        },
        "rotation_quaternion": {
          "w": 0.10530917346477509,
          "x": -0.5738911032676697,
          "y": 0.1612856388092041,
          "z": -0.7959559559822083
        },
        "matrix": [
          [
            -0.3191186189651489,
            -0.017475709319114685,
            0.9475539326667786,
            0.1714116632938385
          ],
          [
            -0.3527635335922241,
            -0.9257943630218506,
            -0.13587862253189087,
            -0.37635141611099243
          ],
          [
            0.8796202540397644,
            -0.3776273727416992,
            0.2892749309539795,
            1.1282163858413696
          ],
          [
            0.0,
            0.0,
            0.0,
            1.0
          ]
        ]
      },
      "bone_length_armature_space": 0.04016445676619907,
      "parent": "thumb_01_l",
      "has_children": true,
      "is_end_bone": false
    },
    "thumb_03_l": {
      "name": "thumb_03_l",
      "local": {
        "location": {
          "x": 0.0,
          "y": 0.0,
          "z": 0.0
        },
        "rotation_quaternion": {
          "w": 0.9960965514183044,
          "x": 0.0881359875202179,
          "y": -0.004827531985938549,
          "z": 0.0006244416581466794
        },
        "scale": {
          "x": 1.0,
          "y": 1.0,
          "z": 1.0
        },
        "matrix_basis": [
          [
            0.9999526143074036,
            -0.002094967057928443,
            -0.009507304057478905,
            0.0
          ],
          [
            0.0003930497623514384,
            0.9844633340835571,
            -0.1755899339914322,
            0.0
          ],
          [
            0.009727447293698788,
            0.17557787895202637,
            0.9844174981117249,
            0.0
          ],
          [
            0.0,
            0.0,
            0.0,
            1.0
          ]
        ],
        "rotation_mode": "QUATERNION"
      },
      "armature_space": {
        "head": {
          "x": 0.17070968449115753,
          "y": -0.47677940130233765,
          "z": 0.16319528222084045
        },
        "tail": {
          "x": 0.18340933322906494,
          "y": -0.5029155015945435,
          "z": 0.15411148965358734
        }
      },
      "world_space": {
        "head": {
          "x": 0.17070968449115753,
          "y": -0.4135354161262512,
          "z": 1.1130492687225342
        },
        "tail": {
          "x": 0.18340933322906494,
          "y": -0.43967151641845703,
          "z": 1.1039655208587646
        },
        "rotation_quaternion": {
          "w": 0.2586207687854767,
          "x": -0.3616638779640198,
          "y": 0.06227900832891464,
          "z": -0.8935524821281433
        },
        "matrix": [
          [
            -0.60462886095047,
            0.41713571548461914,
            0.678544282913208,
            0.17070968449115753
          ],
          [
            -0.5072307586669922,
            -0.8584731817245483,
            0.0757703185081482,
            -0.4135354161262512
          ],
          [
            0.6141222715377808,
            -0.29836854338645935,
            0.7306464314460754,
            1.1130492687225342
          ],
          [
            0.0,
            0.0,
            0.0,
            1.0
          ]
        ]
      },
      "bone_length_armature_space": 0.030444902310192704,
      "parent": "thumb_02_l",
      "has_children": false,
      "is_end_bone": true
    },
    "metacarpal_index_l": {
      "name": "metacarpal_index_l",
      "local": {
        "location": {
          "x": 0.0,
          "y": 0.0,
          "z": 0.0
        },
        "rotation_quaternion": {
          "w": 0.9972826838493347,
          "x": -0.07141495496034622,
          "y": 0.014621028676629066,
          "z": 0.010655569843947887
        },
        "scale": {
          "x": 1.0,
          "y": 1.0,
          "z": 1.0
        },
        "matrix_basis": [
          [
            0.9993453621864319,
            -0.023341551423072815,
            0.02764066308736801,
            0.0
          ],
          [
            0.019164910539984703,
            0.9895727038383484,
            0.14275339245796204,
            0.0
          ],
          [
            -0.03068453073501587,
            -0.14213021099567413,
            0.9893722534179688,
            0.0
          ],
          [
            0.0,
            0.0,
            0.0,
            1.0
          ]
        ],
        "rotation_mode": "QUATERNION"
      },
      "armature_space": {
        "head": {
          "x": 0.23299063742160797,
          "y": -0.39965879917144775,
          "z": 0.1970013976097107
        },
        "tail": {
          "x": 0.2004380077123642,
          "y": -0.5103793144226074,
          "z": 0.17673984169960022
        }
      },
      "world_space": {
        "head": {
          "x": 0.23299063742160797,
          "y": -0.33641481399536133,
          "z": 1.146855354309082
        },
        "tail": {
          "x": 0.2004380077123642,
          "y": -0.447135329246521,
          "z": 1.126593828201294
        },
        "rotation_quaternion": {
          "w": 0.15312311053276062,
          "x": -0.8033177256584167,
          "y": 0.06389527022838593,
          "z": 0.5719714164733887
        },
        "matrix": [
          [
            0.3375326097011566,
            -0.27781981229782104,
            -0.8993822932243347,
            0.23299063742160797
          ],
          [
            0.07250720262527466,
            -0.9449419975280762,
            0.31910455226898193,
            -0.33641481399536133
          ],
          [
            -0.9385237693786621,
            -0.17292194068431854,
            -0.298806369304657,
            1.146855354309082
          ],
          [
            0.0,
            0.0,
            0.0,
            1.0
          ]
        ]
      },
      "bone_length_armature_space": 0.11717182665559181,
      "parent": "lowerarm_l",
      "has_children": true,
      "is_end_bone": false
    },
    "index_01_l": {
      "name": "index_01_l",
      "local": {
        "location": {
          "x": 0.0,
          "y": 0.0,
          "z": 0.0
        },
        "rotation_quaternion": {
          "w": 0.996526837348938,
          "x": -0.08194182068109512,
          "y": 0.012367245741188526,
          "z": 0.008189409039914608
        },
        "scale": {
          "x": 1.0,
          "y": 1.0,
          "z": 1.0
        },
        "matrix_basis": [
          [
            0.9995599985122681,
            -0.01834872178733349,
            0.023306474089622498,
            0.0
          ],
          [
            0.014295142143964767,
            0.9864369630813599,
            0.16351701319217682,
            0.0
          ],
          [
            -0.025990694761276245,
            -0.1631118804216385,
            0.9862651824951172,
            0.0
          ],
          [
            0.0,
            0.0,
            0.0,
            1.0
          ]
        ],
        "rotation_mode": "QUATERNION"
      },
      "armature_space": {
        "head": {
          "x": 0.2004380077123642,
          "y": -0.5103793144226074,
          "z": 0.17673984169960022
        },
        "tail": {
          "x": 0.20380115509033203,
          "y": -0.5367407202720642,
          "z": 0.1664036214351654
        }
      },
      "world_space": {
        "head": {
          "x": 0.2004380077123642,
          "y": -0.447135329246521,
          "z": 1.126593828201294
        },
        "tail": {
          "x": 0.20380115509033203,
          "y": -0.4734967350959778,
          "z": 1.116257667541504
        },
        "rotation_quaternion": {
          "w": 0.1273524910211563,
          "x": -0.8406254053115845,
          "y": -0.14674438536167145,
          "z": 0.5055655241012573
        },
        "matrix": [
          [
            0.44573959708213806,
            0.1179458349943161,
            -0.8873588442802429,
            0.2004380077123642
          ],
          [
            0.37548428773880005,
            -0.9244951605796814,
            0.06573177874088287,
            -0.447135329246521
          ],
          [
            -0.8126112222671509,
            -0.36249181628227234,
            -0.45637375116348267,
            1.126593828201294
          ],
          [
            0.0,
            0.0,
            0.0,
            1.0
          ]
        ]
      },
      "bone_length_armature_space": 0.02851441654125202,
      "parent": "metacarpal_index_l",
      "has_children": true,
      "is_end_bone": false
    },
    "index_02_l": {
      "name": "index_02_l",
      "local": {
        "location": {
          "x": 0.0,
          "y": 0.0,
          "z": 0.0
        },
        "rotation_quaternion": {
          "w": 0.9991850852966309,
          "x": 0.039888136088848114,
          "y": -0.0060168360359966755,
          "z": 0.001417919876985252
        },
        "scale": {
          "x": 1.0,
          "y": 1.0,
          "z": 1.0
        },
        "matrix_basis": [
          [
            0.999923586845398,
            -0.0033135295379906893,
            -0.011910749599337578,
            0.0
          ],
          [
            0.0023535280488431454,
            0.9968138337135315,
            -0.07972832769155502,
            0.0
          ],
          [
            0.012136981822550297,
            0.07969419658184052,
            0.9967454671859741,
            0.0
          ],
          [
            0.0,
            0.0,
            0.0,
            1.0
          ]
        ],
        "rotation_mode": "QUATERNION"
      },
      "armature_space": {
        "head": {
          "x": 0.20380081236362457,
          "y": -0.5367411375045776,
          "z": 0.16640351712703705
        },
        "tail": {
          "x": 0.20606036484241486,
          "y": -0.5601351261138916,
          "z": 0.15612202882766724
        }
      },
      "world_space": {
        "head": {
          "x": 0.20380081236362457,
          "y": -0.4734971523284912,
          "z": 1.1162575483322144
        },
        "tail": {
          "x": 0.20606036484241486,
          "y": -0.4968911409378052,
          "z": 1.1059761047363281
        },
        "rotation_quaternion": {
          "w": 0.1460367888212204,
          "x": -0.8152753114700317,
          "y": -0.15069423615932465,
          "z": 0.5397135019302368
        },
        "matrix": [
          [
            0.37200167775154114,
            0.08808062970638275,
            -0.9240440130233765,
            0.20380081236362457
          ],
          [
            0.4033507704734802,
            -0.9119293093681335,
            0.07545492798089981,
            -0.4734971523284912
          ],
          [
            -0.8360219597816467,
            -0.40078669786453247,
            -0.3747689127922058,
            1.1162575483322144
          ],
          [
            0.0,
            0.0,
            0.0,
            1.0
          ]
        ]
      },
      "bone_length_armature_space": 0.025653329466610864,
      "parent": "index_01_l",
      "has_children": true,
      "is_end_bone": false
    },
    "index_03_l": {
      "name": "index_03_l",
      "local": {
        "location": {
          "x": 0.0,
          "y": 0.0,
          "z": 0.0
        },
        "rotation_quaternion": {
          "w": 0.999721109867096,
          "x": 0.021708650514483452,
          "y": -0.008857212960720062,
          "z": -0.002832024823874235
        },
        "scale": {
          "x": 1.0,
          "y": 1.0,
          "z": 1.0
        },
        "matrix_basis": [
          [
            0.9998270869255066,
            0.0052779135294258595,
            -0.017832444980740547,
            0.0
          ],
          [
            -0.006047026254236698,
            0.9990414381027222,
            -0.043355025351047516,
            0.0
          ],
          [
            0.01758652739226818,
            0.04345535859465599,
            0.9989005923271179,
            0.0
          ],
          [
            0.0,
            0.0,
            0.0,
            1.0
          ]
        ],
        "rotation_mode": "QUATERNION"
      },
      "armature_space": {
        "head": {
          "x": 0.2060604989528656,
          "y": -0.5601351261138916,
          "z": 0.1561221182346344
        },
        "tail": {
          "x": 0.20614345371723175,
          "y": -0.5849675536155701,
          "z": 0.14072473347187042
        }
      },
      "world_space": {
        "head": {
          "x": 0.2060604989528656,
          "y": -0.4968911409378052,
          "z": 1.1059761047363281
        },
        "tail": {
          "x": 0.20614345371723175,
          "y": -0.5217235684394836,
          "z": 1.0905787944793701
        },
        "rotation_quaternion": {
          "w": 0.2297399342060089,
          "x": -0.8092838525772095,
          "y": -0.14926154911518097,
          "z": 0.5196154713630676
        },
        "matrix": [
          [
            0.4154423773288727,
            0.0028392672538757324,
            -0.9096154570579529,
            0.2060604989528656
          ],
          [
            0.4803427755832672,
            -0.8498817682266235,
            0.21673059463500977,
            -0.4968911409378052
          ],
          [
            -0.772455096244812,
            -0.5269705653190613,
            -0.3544427156448364,
            1.1059761047363281
          ],
          [
            0.0,
            0.0,
            0.0,
            1.0
          ]
        ]
      },
      "bone_length_armature_space": 0.029218757535787704,
      "parent": "index_02_l",
      "has_children": false,
      "is_end_bone": true
    },
    "metacarpal_pinky_l": {
      "name": "metacarpal_pinky_l",
      "local": {
        "location": {
          "x": 0.0,
          "y": 0.0,
          "z": 0.0
        },
        "rotation_quaternion": {
          "w": 0.9996871948242188,
          "x": -0.019659671932458878,
          "y": -0.011162875220179558,
          "z": 0.010701645165681839
        },
        "scale": {
          "x": 1.0,
          "y": 1.0,
          "z": 1.0
        },
        "matrix_basis": [
          [
            0.9995217323303223,
            -0.02095767855644226,
            -0.022739548236131668,
            0.0
          ],
          [
            0.021835511550307274,
            0.9989979267120361,
            0.03906812146306038,
            0.0
          ],
          [
            0.02189798466861248,
            -0.03954596817493439,
            0.998977780342102,
            0.0
          ],
          [
            0.0,
            0.0,
            0.0,
            1.0
          ]
        ],
        "rotation_mode": "QUATERNION"
      },
      "armature_space": {
        "head": {
          "x": 0.23299063742160797,
          "y": -0.39965879917144775,
          "z": 0.1970013976097107
        },
        "tail": {
          "x": 0.24818484485149384,
          "y": -0.4846336245536804,
          "z": 0.1387631595134735
        }
      },
      "world_space": {
        "head": {
          "x": 0.23299063742160797,
          "y": -0.33641481399536133,
          "z": 1.146855354309082
        },
        "tail": {
          "x": 0.24818484485149384,
          "y": -0.421389639377594,
          "z": 1.088617205619812
        },
        "rotation_quaternion": {
          "w": 0.11652898043394089,
          "x": -0.1321767419576645,
          "y": 0.2800027132034302,
          "z": -0.9436890482902527
        },
        "matrix": [
          [
            -0.9379008412361145,
            0.14591474831104279,
            0.3147244155406952,
            0.23299063742160797
          ],
          [
            -0.2939542233943939,
            -0.816039502620697,
            -0.49766552448272705,
            -0.33641481399536133
          ],
          [
            0.1842118501663208,
            -0.5592799186706543,
            0.8082610964775085,
            1.146855354309082
          ],
          [
            0.0,
            0.0,
            0.0,
            1.0
          ]
        ]
      },
      "bone_length_armature_space": 0.10413105792664176,
      "parent": "lowerarm_l",
      "has_children": true,
      "is_end_bone": false
    },
    "pinky_01_l": {
      "name": "pinky_01_l",
      "local": {
        "location": {
          "x": 0.0,
          "y": 0.0,
          "z": 0.0
        },
        "rotation_quaternion": {
          "w": 0.9602509140968323,
          "x": 0.2790023386478424,
          "y": -0.002804629737511277,
          "z": 0.008247969672083855
        },
        "scale": {
          "x": 1.0,
          "y": 1.0,
          "z": 1.0
        },
        "matrix_basis": [
          [
            0.9998481869697571,
            -0.01740523800253868,
            -0.0007838908932171762,
            0.0
          ],
          [
            0.014275244437158108,
            0.8441793322563171,
            -0.5358707904815674,
            0.0
          ],
          [
            0.009988701902329922,
            0.5357782244682312,
            0.8442996740341187,
            0.0
          ],
          [
            0.0,
            0.0,
            0.0,
            1.0
          ]
        ],
        "rotation_mode": "QUATERNION"
      },
      "armature_space": {
        "head": {
          "x": 0.24818484485149384,
          "y": -0.4846336245536804,
