{
  "metadata": {
    "armature_name": "KIM_caucasian_male",
    "export_time": "2026-01-13T21:05:40.114297",
    "blender_version": "4.4.1",
    "bone_count": 56,
    "end_bone_count": 13,
    "spaces_included": [
      "LOCAL_CHANNELS",
      "ARMATURE_SPACE",
      "WORLD_SPACE"
    ],
    "note": "LOCAL matches Transform panel; replay pose via local.matrix_basis for best fidelity."
  },
  "bones": {
    "Root": {
      "name": "Root",
      "local": {
        "location": {
          "x": 0.0,
          "y": 0.0,
          "z": 0.0
        },
        "rotation_quaternion": {
          "w": 0.9999603033065796,
          "x": 0.004582827910780907,
          "y": 0.004493639804422855,
          "z": 0.006192277185618877
        },
        "scale": {
          "x": 1.0,
          "y": 1.0,
          "z": 1.0
        },
        "matrix_basis": [
          [
            0.9998829364776611,
            -0.012342875823378563,
            0.00904367957264185,
            0.0
          ],
          [
            0.012425249442458153,
            0.9998813271522522,
            -0.00910964049398899,
            0.0
          ],
          [
            -0.008930166251957417,
            0.009220943786203861,
            0.9999176263809204,
            0.0
          ],
          [
            0.0,
            0.0,
            0.0,
            1.0
          ]
        ],
        "rotation_mode": "QUATERNION"
      },
      "armature_space": {
        "head": {
          "x": 0.0,
          "y": 0.07072800397872925,
          "z": -0.009595036506652832
        },
        "tail": {
          "x": -0.0008809834835119545,
          "y": -8.00788402557373e-05,
          "z": -0.0006533237174153328
        }
      },
      "world_space": {
        "head": {
          "x": 0.0,
          "y": 0.13397200405597687,
          "z": 0.9402589797973633
        },
        "tail": {
          "x": -0.0008809834835119545,
          "y": 0.06316392123699188,
          "z": 0.9492006897926331
        },
        "rotation_quaternion": {
          "w": 0.06279256194829941,
          "x": 0.9979972839355469,
          "y": -0.005875483155250549,
          "z": 0.004900591913610697
        },
        "matrix": [
          [
            0.9998829364776611,
            -0.012342875823378563,
            0.00904367957264185,
            0.0
          ],
          [
            -0.011111987754702568,
            -0.9920451641082764,
            -0.1253916621208191,
            0.13397200405597687
          ],
          [
            0.010519493371248245,
            0.12527641654014587,
            -0.9920731782913208,
            0.9402589797973633
          ],
          [
            0.0,
            0.0,
            0.0,
            1.0
          ]
        ]
      },
      "bone_length_armature_space": 0.07137586952542414,
      "parent": null,
      "has_children": true,
      "is_end_bone": false
    },
    "spine_01": {
      "name": "spine_01",
      "local": {
        "location": {
          "x": 0.0,
          "y": 0.0,
          "z": 0.0
        },
        "rotation_quaternion": {
          "w": 0.9962115287780762,
          "x": -0.05554436147212982,
          "y": 0.01495630107820034,
          "z": 0.06522032618522644
        },
        "scale": {
          "x": 1.0,
          "y": 1.0,
          "z": 1.0
        },
        "matrix_basis": [
          [
            0.9910452365875244,
            -0.13160796463489532,
            0.02255403622984886,
            0.0
          ],
          [
            0.1282850056886673,
            0.9853222370147705,
            0.11261877417564392,
            0.0
          ],
          [
            -0.03704452142119408,
            -0.10871695727109909,
            0.9933822751045227,
            0.0
          ],
          [
            0.0,
            0.0,
            0.0,
            1.0
          ]
        ],
        "rotation_mode": "QUATERNION"
      },
      "armature_space": {
        "head": {
          "x": -0.0008809834835119545,
          "y": -8.00788402557373e-05,
          "z": -0.0006533237174153328
        },
        "tail": {
          "x": -0.0693419948220253,
          "y": 0.07174376398324966,
          "z": 0.47715720534324646
        }
      },
      "world_space": {
        "head": {
          "x": -0.0008809834835119545,
          "y": 0.06316392123699188,
          "z": 0.9492006897926331
        },
        "tail": {
          "x": -0.0693419948220253,
          "y": 0.13498777151107788,
          "z": 1.427011251449585
        },
        "rotation_quaternion": {
          "w": 0.756187915802002,
          "x": 0.6505458950996399,
          "y": -0.04206384718418121,
          "z": 0.05657302588224411
        },
        "matrix": [
          [
            0.9900602698326111,
            -0.1402886062860489,
            0.00999121367931366,
            -0.0008809834835119545
          ],
          [
            0.03083169460296631,
            0.14717963337898254,
            -0.9886292219161987,
            0.06316392123699188
          ],
          [
            0.13722391426563263,
            0.9791174530982971,
            0.15004217624664307,
            0.9492006897926331
          ],
          [
            0.0,
            0.0,
            0.0,
            1.0
          ]
        ]
      },
      "bone_length_armature_space": 0.4880045951061469,
      "parent": "Root",
      "has_children": true,
      "is_end_bone": false
    },
    "neck_01": {
      "name": "neck_01",
      "local": {
        "location": {
          "x": 0.0,
          "y": 0.0,
          "z": 0.0
        },
        "rotation_quaternion": {
          "w": 0.9817571043968201,
          "x": -0.1052396297454834,
          "y": -0.06872120499610901,
          "z": 0.14267092943191528
        },
        "scale": {
          "x": 1.0,
          "y": 1.0,
          "z": 1.0
        },
        "matrix_basis": [
          [
            0.9498447775840759,
            -0.2656719982624054,
            -0.16496433317661285,
            0.0
          ],
          [
            0.29460078477859497,
            0.9371392726898193,
            0.18703047931194305,
            0.0
          ],
          [
            0.10490579158067703,
            -0.22624854743480682,
            0.9684040546417236,
            0.0
          ],
          [
            0.0,
            0.0,
            0.0,
            1.0
          ]
        ],
        "rotation_mode": "QUATERNION"
      },
      "armature_space": {
        "head": {
          "x": -0.07926721125841141,
          "y": 0.04823393374681473,
          "z": 0.5540502071380615
        },
        "tail": {
          "x": -0.11975029110908508,
          "y": 0.04694646969437599,
          "z": 0.6482319831848145
        }
      },
      "world_space": {
        "head": {
          "x": -0.07926721125841141,
          "y": 0.11147793382406235,
          "z": 1.5039042234420776
        },
        "tail": {
          "x": -0.11975029110908508,
          "y": 0.11019046604633331,
          "z": 1.5980859994888306
        },
        "rotation_quaternion": {
          "w": 0.6761407852172852,
          "x": 0.7054930329322815,
          "y": -0.1911926120519638,
          "z": 0.0925135537981987
        },
        "matrix": [
          [
            0.9097728133201599,
            -0.394874632358551,
            -0.12801317870616913,
            -0.07926721125841141
          ],
          [
            -0.14466816186904907,
            -0.012558013200759888,
            -0.9894007444381714,
            0.11147793382406235
          ],
          [
            0.38908421993255615,
            0.9186556339263916,
            -0.06855209171772003,
            1.5039042234420776
          ],
          [
            0.0,
            0.0,
            0.0,
            1.0
          ]
        ]
      },
      "bone_length_armature_space": 0.10252192011278624,
      "parent": "spine_01",
      "has_children": true,
      "is_end_bone": false
    },
    "head": {
      "name": "head",
      "local": {
        "location": {
          "x": 0.0,
          "y": 0.0,
          "z": 0.0
        },
        "rotation_quaternion": {
          "w": 0.9647775292396545,
          "x": -0.11624693870544434,
          "y": -0.07156968116760254,
          "z": 0.2248750925064087
        },
        "scale": {
          "x": 1.0,
          "y": 1.0,
          "z": 1.0
        },
        "matrix_basis": [
          [
            0.8886179327964783,
            -0.41726934909820557,
            -0.19037972390651703,
            0.0
          ],
          [
            0.450548380613327,
            0.8718357086181641,
            0.1921163946390152,
            0.0
          ],
          [
            0.08581555634737015,
            -0.25649335980415344,
            0.9627288579940796,
            0.0
          ],
          [
            0.0,
            0.0,
            0.0,
            1.0
          ]
        ],
        "rotation_mode": "QUATERNION"
      },
      "armature_space": {
        "head": {
          "x": -0.11975027620792389,
          "y": 0.046946316957473755,
          "z": 0.6482319235801697
        },
        "tail": {
          "x": -0.2116275131702423,
          "y": 0.14012515544891357,
          "z": 0.731474757194519
        }
      },
      "world_space": {
        "head": {
          "x": -0.11975027620792389,
          "y": 0.11019031703472137,
          "z": 1.598085880279541
        },
        "tail": {
          "x": -0.2116275131702423,
          "y": 0.2033691555261612,
          "z": 1.6813287734985352
        },
        "rotation_quaternion": {
          "w": 0.8050347566604614,
          "x": 0.4143533706665039,
          "y": -0.3902825117111206,
          "z": 0.167062446475029
        },
        "matrix": [
          [
            0.6395400762557983,
            -0.5924115777015686,
            -0.48993566632270813,
            -0.11975027620792389
          ],
          [
            -0.054445624351501465,
            0.6008041501045227,
            -0.7975403070449829,
            0.11019031703472137
          ],
          [
            0.766832709312439,
            0.5367381572723389,
            0.3519858121871948,
            1.598085880279541
          ],
          [
            0.0,
            0.0,
            0.0,
            1.0
          ]
        ]
      },
      "bone_length_armature_space": 0.15509059174871334,
      "parent": "neck_01",
      "has_children": false,
      "is_end_bone": true
    },
    "upperarm_l": {
      "name": "upperarm_l",
      "local": {
        "location": {
          "x": 0.0,
          "y": 0.0,
          "z": 0.0
        },
        "rotation_quaternion": {
          "w": 0.9420562982559204,
          "x": 0.26979559659957886,
          "y": -0.19285181164741516,
          "z": 0.050483014434576035
        },
        "scale": {
          "x": 1.0,
          "y": 1.0,
          "z": 1.0
        },
        "matrix_basis": [
          [
            0.9205192923545837,
            -0.1991768181324005,
            -0.3361143469810486,
            0.0
          ],
          [
            -0.008945455774664879,
            0.8493236303329468,
            -0.527796745300293,
            0.0
          ],
          [
            0.3905947208404541,
            0.4888538122177124,
            0.7800370454788208,
            0.0
          ],
          [
            0.0,
            0.0,
            0.0,
            1.0
          ]
        ],
        "rotation_mode": "QUATERNION"
      },
      "armature_space": {
        "head": {
          "x": 0.0787021741271019,
          "y": 0.03981420770287514,
          "z": 0.5093080401420593
        },
        "tail": {
          "x": 0.30492451786994934,
          "y": -0.06816932559013367,
          "z": 0.6040220260620117
        }
      },
      "world_space": {
        "head": {
          "x": 0.0787021741271019,
          "y": 0.10305820405483246,
          "z": 1.4591619968414307
        },
        "tail": {
          "x": 0.30492451786994934,
          "y": -0.004925325512886047,
          "z": 1.5538760423660278
        },
        "rotation_quaternion": {
          "w": 0.5224226117134094,
          "x": 0.5354724526405334,
          "y": 0.159962996840477,
          "z": -0.6440151929855347
        },
        "matrix": [
          [
            0.11931393295526505,
            0.8442095518112183,
            -0.5225654244422913,
            0.0787021741271019
          ],
          [
            -0.5015848278999329,
            -0.4029695987701416,
            -0.7655249834060669,
            0.10305820405483246
          ],
          [
            -0.8568477034568787,
            0.3534506857395172,
            0.3753647208213806,
            1.4591619968414307
          ],
          [
            0.0,
            0.0,
            0.0,
            1.0
          ]
        ]
      },
      "bone_length_armature_space": 0.26796963687394076,
      "parent": "spine_01",
      "has_children": true,
      "is_end_bone": false
    },
    "lowerarm_l": {
      "name": "lowerarm_l",
      "local": {
        "location": {
          "x": 0.0,
          "y": 0.0,
          "z": 0.0
        },
        "rotation_quaternion": {
          "w": 0.8988772630691528,
          "x": 0.4359874725341797,
          "y": 0.02831343188881874,
          "z": -0.033658307045698166
        },
        "scale": {
          "x": 1.0,
          "y": 1.0,
          "z": 1.0
        },
        "matrix_basis": [
          [
            0.9961309432983398,
            0.08519797772169113,
            0.021551400423049927,
            0.0
          ],
          [
            -0.035820771008729935,
            0.6175640821456909,
            -0.7857044339179993,
            0.0
          ],
          [
            -0.08024980127811432,
            0.7818924784660339,
            0.6182265281677246,
            0.0
          ],
          [
            0.0,
            0.0,
            0.0,
            1.0
          ]
        ],
        "rotation_mode": "QUATERNION"
      },
      "armature_space": {
        "head": {
          "x": 0.30492454767227173,
          "y": -0.06816934049129486,
          "z": 0.6040221452713013
        },
        "tail": {
          "x": 0.3009561598300934,
          "y": -0.289747953414917,
          "z": 0.7538779973983765
        }
      },
      "world_space": {
        "head": {
          "x": 0.30492454767227173,
          "y": -0.004925340414047241,
          "z": 1.5538761615753174
        },
        "tail": {
          "x": 0.3009561598300934,
          "y": -0.22650395333766937,
          "z": 1.7037320137023926
        },
        "rotation_quaternion": {
          "w": 0.21366184949874878,
          "x": 0.7141886353492737,
          "y": -0.2005513608455658,
          "z": -0.6356590986251831
        },
        "matrix": [
          [
            0.11143422871828079,
            -0.014833688735961914,
            -0.9936610460281372,
            0.30492454767227173
          ],
          [
            -0.5580955743789673,
            -0.8282555341720581,
            -0.050223350524902344,
            -0.004925340414047241
          ],
          [
            -0.8222664594650269,
            0.5601575374603271,
            -0.10057517886161804,
            1.5538761615753174
          ],
          [
            0.0,
            0.0,
            0.0,
            1.0
          ]
        ]
      },
      "bone_length_armature_space": 0.2675249669888289,
      "parent": "upperarm_l",
      "has_children": true,
      "is_end_bone": false
    },
    "metacarpal_thumb_l": {
      "name": "metacarpal_thumb_l",
      "local": {
        "location": {
          "x": 0.0,
          "y": 0.0,
          "z": 0.0
        },
        "rotation_quaternion": {
          "w": 0.9977735280990601,
          "x": -0.06523321568965912,
          "y": 0.01187821477651596,
          "z": -0.007179663982242346
        },
        "scale": {
          "x": 1.0,
          "y": 1.0,
          "z": 1.0
        },
        "matrix_basis": [
          [
            0.9996147155761719,
            0.012777648866176605,
            0.024640241637825966,
            0.0
          ],
          [
            -0.015877066180109978,
            0.9913861751556396,
            0.1300053894519806,
            0.0
          ],
          [
            -0.022766832262277603,
            -0.13034652173519135,
            0.9912070631980896,
            0.0
          ],
          [
            0.0,
            0.0,
            0.0,
            1.0
          ]
        ],
        "rotation_mode": "QUATERNION"
      },
      "armature_space": {
        "head": {
          "x": 0.3009561598300934,
          "y": -0.289747953414917,
          "z": 0.7538779973983765
        },
        "tail": {
          "x": 0.27213799953460693,
          "y": -0.3260449469089508,
          "z": 0.7713602781295776
        }
      },
      "world_space": {
        "head": {
          "x": 0.3009561598300934,
          "y": -0.22650395333766937,
          "z": 1.7037320137023926
        },
        "tail": {
          "x": 0.27213799953460693,
          "y": -0.262800931930542,
          "z": 1.7212142944335938
        },
        "rotation_quaternion": {
          "w": 0.23115864396095276,
          "x": 0.9217763543128967,
          "y": -0.2831578850746155,
          "z": 0.12928923964500427
        },
        "matrix": [
          [
            0.8062116503715515,
            -0.5817893147468567,
            0.10744185745716095,
            0.3009561598300934
          ],
          [
            -0.46224430203437805,
            -0.7327740788459778,
            -0.49937212467193604,
            -0.22650395333766937
          ],
          [
            0.36926203966140747,
            0.35293710231781006,
            -0.8597063422203064,
            1.7037320137023926
          ],
          [
            0.0,
            0.0,
            0.0,
            1.0
          ]
        ]
      },
      "bone_length_armature_space": 0.04953370812198775,
      "parent": "lowerarm_l",
      "has_children": true,
      "is_end_bone": false
    },
    "thumb_01_l": {
      "name": "thumb_01_l",
      "local": {
        "location": {
          "x": 0.0,
          "y": 0.0,
          "z": 0.0
        },
        "rotation_quaternion": {
          "w": 0.986375093460083,
          "x": 0.16429868340492249,
          "y": -0.0007769634248688817,
          "z": 0.008343677036464214
        },
        "scale": {
          "x": 1.0,
          "y": 1.0,
          "z": 1.0
        },
        "matrix_basis": [
          [
            0.9998595714569092,
            -0.01671529933810234,
            0.0012089555384591222,
            0.0
          ],
          [
            0.016204683110117912,
            0.9458726644515991,
            -0.3241332173347473,
            0.0
          ],
          [
            0.0042744651436805725,
            0.32410728931427,
            0.9460106492042542,
            0.0
          ],
          [
            0.0,
            0.0,
            0.0,
            1.0
          ]
        ],
        "rotation_mode": "QUATERNION"
      },
      "armature_space": {
        "head": {
          "x": 0.27213799953460693,
          "y": -0.3260449469089508,
          "z": 0.7713602781295776
        },
        "tail": {
          "x": 0.26788076758384705,
          "y": -0.3578360974788666,
          "z": 0.7599661946296692
        }
      },
      "world_space": {
        "head": {
          "x": 0.27213799953460693,
          "y": -0.262800931930542,
          "z": 1.7212142944335938
        },
        "tail": {
          "x": 0.26788076758384705,
          "y": -0.29459208250045776,
          "z": 1.70982027053833
        },
        "rotation_quaternion": {
          "w": 0.03028222545981407,
          "x": -0.4928916394710541,
          "y": 0.17915387451648712,
          "z": -0.8509081602096558
        },
        "matrix": [
          [
            -0.5122818946838379,
            -0.12507078051567078,
            0.8496612310409546,
            0.27213799953460693
          ],
          [
            -0.22814126312732697,
            -0.9339744448661804,
            -0.27503395080566406,
            -0.262800931930542
          ],
          [
            0.8279661536216736,
            -0.33474090695381165,
            0.4499272406101227,
            1.7212142944335938
          ],
          [
            0.0,
            0.0,
            0.0,
            1.0
          ]
        ]
      },
      "bone_length_armature_space": 0.0340386028047737,
      "parent": "metacarpal_thumb_l",
      "has_children": true,
      "is_end_bone": false
    },
    "thumb_02_l": {
      "name": "thumb_02_l",
      "local": {
        "location": {
          "x": 0.0,
          "y": 0.0,
          "z": 0.0
        },
        "rotation_quaternion": {
          "w": 0.9300569891929626,
          "x": 0.3673802316188812,
          "y": -0.0037388282362371683,
          "z": 0.0034320855047553778
        },
        "scale": {
          "x": 1.0,
          "y": 1.0,
          "z": 1.0
        },
        "matrix_basis": [
          [
            0.9999485015869141,
            -0.009131213650107384,
            -0.004432885907590389,
            0.0
          ],
          [
            0.0036369271110743284,
            0.7300399541854858,
            -0.6833947896957397,
            0.0
          ],
          [
            0.009476407431066036,
            0.6833434104919434,
            0.7300355434417725,
            0.0
          ],
          [
            0.0,
            0.0,
            0.0,
            1.0
          ]
        ],
        "rotation_mode": "QUATERNION"
      },
      "armature_space": {
        "head": {
          "x": 0.26788076758384705,
          "y": -0.3578360974788666,
          "z": 0.7599661350250244
        },
        "tail": {
          "x": 0.28087317943573,
          "y": -0.36301741003990173,
          "z": 0.7976164817810059
        }
      },
      "world_space": {
        "head": {
          "x": 0.26788076758384705,
          "y": -0.29459208250045776,
          "z": 1.7098201513290405
        },
        "tail": {
          "x": 0.28087317943573,
          "y": -0.2997733950614929,
          "z": 1.747470498085022
        },
        "rotation_quaternion": {
          "w": 0.07015792280435562,
          "x": -0.16819417476654053,
          "y": -0.6561833024024963,
          "z": -0.7322649359703064
        },
        "matrix": [
          [
            -0.9335773587226868,
            0.32348084449768066,
            0.15425053238868713,
            0.26788076758384705
          ],
          [
            0.1179821565747261,
            -0.12900251150131226,
            0.984600841999054,
            -0.29459208250045776
          ],
          [
            0.33840078115463257,
            0.9374061822891235,
            0.08227035403251648,
            1.7098201513290405
          ],
          [
            0.0,
            0.0,
            0.0,
            1.0
          ]
        ]
      },
      "bone_length_armature_space": 0.040164628681109774,
      "parent": "thumb_01_l",
      "has_children": true,
      "is_end_bone": false
    },
    "thumb_03_l": {
      "name": "thumb_03_l",
      "local": {
        "location": {
          "x": 0.0,
          "y": 0.0,
          "z": 0.0
        },
        "rotation_quaternion": {
          "w": 0.9863237142562866,
          "x": 0.16461291909217834,
          "y": 0.006977030076086521,
          "z": -0.004428235813975334
        },
        "scale": {
          "x": 1.0,
          "y": 1.0,
          "z": 1.0
        },
        "matrix_basis": [
          [
            0.9998634457588196,
            0.011032366193830967,
            0.012305330485105515,
            0.0
          ],
          [
            -0.006438329350203276,
            0.9457659721374512,
            -0.324785053730011,
            0.0
          ],
          [
            -0.015221110545098782,
            0.3246614634990692,
            0.9457077980041504,
            0.0
          ],
          [
            0.0,
            0.0,
            0.0,
            1.0
          ]
        ],
        "rotation_mode": "QUATERNION"
      },
      "armature_space": {
        "head": {
          "x": 0.2808731198310852,
          "y": -0.3630174398422241,
          "z": 0.7976164817810059
        },
        "tail": {
          "x": 0.29217225313186646,
          "y": -0.35002559423446655,
          "z": 0.8227251172065735
        }
      },
      "world_space": {
        "head": {
          "x": 0.2808731198310852,
          "y": -0.2997734546661377,
          "z": 1.747470498085022
        },
        "tail": {
          "x": 0.29217225313186646,
          "y": -0.2867816090583801,
          "z": 1.7725791931152344
        },
        "rotation_quaternion": {
          "w": 0.3001445233821869,
          "x": -0.03186905011534691,
          "y": -0.7894803285598755,
          "z": -0.5344328880310059
        },
        "matrix": [
          [
            -0.8177960515022278,
            0.37113359570503235,
            -0.4398512840270996,
            0.2808731198310852
          ],
          [
            -0.2704920768737793,
            0.4267333745956421,
            0.8629791736602783,
            -0.2997734546661377
          ],
          [
            0.5079831480979919,
            0.8247234225273132,
            -0.2485930472612381,
            1.747470498085022
          ],
          [
            0.0,
            0.0,
            0.0,
            1.0
          ]
        ]
      },
      "bone_length_armature_space": 0.030445065896843627,
      "parent": "thumb_02_l",
      "has_children": false,
      "is_end_bone": true
    },
    "metacarpal_index_l": {
      "name": "metacarpal_index_l",
      "local": {
        "location": {
          "x": 0.0,
          "y": 0.0,
          "z": 0.0
        },
        "rotation_quaternion": {
          "w": 0.9981656670570374,
          "x": -0.06025749072432518,
          "y": 0.000892126583494246,
          "z": 0.005804284010082483
        },
        "scale": {
          "x": 1.0,
          "y": 1.0,
          "z": 1.0
        },
        "matrix_basis": [
          [
            0.9999310374259949,
            -0.011694788932800293,
            0.00108147703576833,
            0.0
          ],
          [
            0.011479759588837624,
            0.9926707148551941,
            0.12030427157878876,
            0.0
          ],
          [
            -0.002480483381077647,
            -0.12028355896472931,
            0.9927364587783813,
            0.0
          ],
          [
            0.0,
            0.0,
            0.0,
            1.0
          ]
        ],
        "rotation_mode": "QUATERNION"
      },
      "armature_space": {
        "head": {
          "x": 0.3009561598300934,
          "y": -0.289747953414917,
          "z": 0.7538779973983765
        },
        "tail": {
          "x": 0.2698575258255005,
          "y": -0.3815620243549347,
          "z": 0.8196983337402344
        }
      },
      "world_space": {
        "head": {
          "x": 0.3009561598300934,
          "y": -0.22650395333766937,
          "z": 1.7037320137023926
        },
        "tail": {
          "x": 0.2698575258255005,
          "y": -0.3183180093765259,
          "z": 1.7695523500442505
        },
        "rotation_quaternion": {
          "w": 0.2600877583026886,
          "x": 0.9220958948135376,
          "y": -0.20139917731285095,
          "z": -0.2037937194108963
        },
        "matrix": [
          [
            0.8358128070831299,
            -0.26541072130203247,
            -0.4805976152420044,
            0.3009561598300934
          ],
          [
            -0.47742757201194763,
            -0.7835855484008789,
            -0.3975636959075928,
            -0.22650395333766937
          ],
          [
            -0.27107420563697815,
            0.5617425441741943,
            -0.7816508412361145,
            1.7037320137023926
          ],
          [
            0.0,
            0.0,
            0.0,
            1.0
          ]
        ]
      },
      "bone_length_armature_space": 0.11717194662592355,
      "parent": "lowerarm_l",
      "has_children": true,
      "is_end_bone": false
    },
    "index_01_l": {
      "name": "index_01_l",
      "local": {
        "location": {
          "x": 0.0,
          "y": 0.0,
          "z": 0.0
        },
        "rotation_quaternion": {
          "w": 0.9765571355819702,
          "x": 0.21476687490940094,
          "y": 0.007065439596772194,
          "z": 0.012704739347100258
        },
        "scale": {
          "x": 1.0,
          "y": 1.0,
          "z": 1.0
        },
        "matrix_basis": [
          [
            0.9995773434638977,
            -0.02177896350622177,
            0.019256725907325745,
            0.0
          ],
          [
            0.027848651632666588,
            0.9074275493621826,
            -0.41928473114967346,
            0.0
          ],
          [
            -0.008342496119439602,
            0.4196437895298004,
            0.9076505303382874,
            0.0
          ],
          [
            0.0,
            0.0,
            0.0,
            1.0
          ]
        ],
        "rotation_mode": "QUATERNION"
      },
      "armature_space": {
        "head": {
          "x": 0.2698575258255005,
          "y": -0.3815620243549347,
          "z": 0.8196983337402344
        },
        "tail": {
          "x": 0.26650115847587585,
          "y": -0.40935343503952026,
          "z": 0.8251243829727173
        }
      },
      "world_space": {
        "head": {
          "x": 0.2698575258255005,
          "y": -0.3183180093765259,
          "z": 1.7695523500442505
        },
        "tail": {
          "x": 0.26650115847587585,
          "y": -0.34610944986343384,
          "z": 1.7749783992767334
        },
        "rotation_quaternion": {
          "w": 0.07996174693107605,
          "x": 0.9681344628334045,
          "y": -0.0792667493224144,
          "z": -0.22369296848773956
        },
        "matrix": [
          [
            0.8873565196990967,
            -0.11770814657211304,
            -0.4458061754703522,
            0.2698575258255005
          ],
          [
            -0.18925561010837555,
            -0.9746459126472473,
            -0.11936473846435547,
            -0.3183180093765259
          ],
          [
            -0.42045629024505615,
            0.19029083847999573,
            -0.8871414065361023,
            1.7695523500442505
          ],
          [
            0.0,
            0.0,
            0.0,
            1.0
          ]
        ]
      },
      "bone_length_armature_space": 0.02851437756436173,
      "parent": "metacarpal_index_l",
      "has_children": true,
      "is_end_bone": false
    },
    "index_02_l": {
      "name": "index_02_l",
      "local": {
        "location": {
          "x": 0.0,
          "y": 0.0,
          "z": 0.0
        },
        "rotation_quaternion": {
          "w": 0.9244228601455688,
          "x": 0.3813377022743225,
          "y": -0.0017777455504983664,
          "z": 0.004572788719087839
        },
        "scale": {
          "x": 1.0,
          "y": 1.0,
          "z": 1.0
        },
        "matrix_basis": [
          [
            0.9999518394470215,
            -0.009810223244130611,
            0.0002007762377616018,
            0.0
          ],
          [
            0.007098537869751453,
            0.7091212868690491,
            -0.7050508260726929,
            0.0
          ],
          [
            0.006774330511689186,
            0.7050183415412903,
            0.7091568112373352,
            0.0
          ],
          [
            0.0,
            0.0,
            0.0,
            1.0
          ]
        ],
        "rotation_mode": "QUATERNION"
      },
      "armature_space": {
        "head": {
          "x": 0.2665007412433624,
          "y": -0.4093537926673889,
          "z": 0.825124204158783
        },
        "tail": {
          "x": 0.25576862692832947,
          "y": -0.4296288788318634,
          "z": 0.8136422634124756
        }
      },
      "world_space": {
        "head": {
          "x": 0.2665007412433624,
          "y": -0.3461098074913025,
          "z": 1.7749781608581543
        },
        "tail": {
          "x": 0.25576862692832947,
          "y": -0.3663848638534546,
          "z": 1.7634962797164917
        },
        "rotation_quaternion": {
          "w": 0.28066107630729675,
          "x": -0.921278715133667,
          "y": 0.16141314804553986,
          "z": 0.21545472741127014
        },
        "matrix": [
          [
            0.8550503253936768,
            -0.4183526039123535,
            -0.3063819408416748,
            0.2665007412433624
          ],
          [
            -0.1764744073152542,
            -0.7903506755828857,
            0.5866881012916565,
            -0.3461098074913025
          ],
          [
            -0.4875953495502472,
            -0.44758304953575134,
            -0.7496227622032166,
            1.7749781608581543
          ],
          [
            0.0,
            0.0,
            0.0,
            1.0
          ]
        ]
      },
      "bone_length_armature_space": 0.025653311004308066,
      "parent": "index_01_l",
      "has_children": true,
      "is_end_bone": false
    },
    "index_03_l": {
      "name": "index_03_l",
      "local": {
        "location": {
          "x": 0.0,
          "y": 0.0,
          "z": 0.0
        },
        "rotation_quaternion": {
          "w": 0.9683058261871338,
          "x": 0.24970346689224243,
          "y": -0.005478173028677702,
          "z": -0.001458474900573492
        },
        "scale": {
          "x": 1.0,
          "y": 1.0,
          "z": 1.0
        },
        "matrix_basis": [
          [
            0.9999357461929321,
            8.866189455147833e-05,
            -0.011337466537952423,
            0.0
          ],
          [
            -0.005560337100178003,
            0.8752921223640442,
            -0.4835626780986786,
            0.0
          ],
          [
            0.00988072156906128,
            0.4835946261882782,
            0.8752363324165344,
            0.0
          ],
          [
            0.0,
            0.0,
            0.0,
            1.0
          ]
        ],
        "rotation_mode": "QUATERNION"
      },
      "armature_space": {
        "head": {
          "x": 0.25576865673065186,
          "y": -0.4296289384365082,
          "z": 0.8136423826217651
        },
        "tail": {
          "x": 0.24351967871189117,
          "y": -0.43964841961860657,
          "z": 0.7890799641609192
        }
      },
      "world_space": {
        "head": {
          "x": 0.25576865673065186,
          "y": -0.36638492345809937,
          "z": 1.7634963989257812
        },
        "tail": {
          "x": 0.24351967871189117,
          "y": -0.37640440464019775,
          "z": 1.73893404006958
        },
        "rotation_quaternion": {
          "w": 0.54632967710495,
          "x": -0.8095670938491821,
          "y": 0.17339934408664703,
          "z": 0.12671878933906555
        },
        "matrix": [
          [
            0.9077498316764832,
            -0.41921746730804443,
            -0.015706464648246765,
            0.25576865673065186
          ],
          [
            -0.14229853451251984,
            -0.34291383624076843,
            0.9285265207290649,
            -0.36638492345809937
          ],
          [
            -0.39464351534843445,
            -0.8406409025192261,
            -0.3709357678890228,
            1.7634963989257812
          ],
          [
            0.0,
            0.0,
            0.0,
            1.0
          ]
        ]
      },
      "bone_length_armature_space": 0.029218827162612995,
      "parent": "index_02_l",
      "has_children": false,
      "is_end_bone": true
    },
    "metacarpal_pinky_l": {
      "name": "metacarpal_pinky_l",
      "local": {
        "location": {
          "x": 0.0,
          "y": 0.0,
          "z": 0.0
        },
        "rotation_quaternion": {
          "w": 0.9989355802536011,
          "x": -0.041996389627456665,
          "y": -0.01402162667363882,
          "z": 0.012942776083946228
        },
        "scale": {
          "x": 1.0,
          "y": 1.0,
          "z": 1.0
        },
        "matrix_basis": [
          [
            0.9992717504501343,
            -0.024680282920598984,
            -0.029100503772497177,
            0.0
          ],
          [
            0.02703571505844593,
            0.9961375594139099,
            0.0835404172539711,
            0.0
          ],
          [
            0.026926303282380104,
            -0.08426633477210999,
            0.9960793852806091,
            0.0
          ],
          [
            0.0,
            0.0,
            0.0,
            1.0
          ]
        ],
        "rotation_mode": "QUATERNION"
      },
      "armature_space": {
        "head": {
          "x": 0.3009561598300934,
          "y": -0.289747953414917,
          "z": 0.7538779973983765
        },
        "tail": {
          "x": 0.3363015353679657,
          "y": -0.3731834888458252,
          "z": 0.8051854968070984
        }
      },
      "world_space": {
        "head": {
          "x": 0.3009561598300934,
          "y": -0.22650395333766937,
          "z": 1.7037320137023926
        },
        "tail": {
          "x": 0.3363015353679657,
          "y": -0.30993950366973877,
          "z": 1.7550394535064697
        },
        "rotation_quaternion": {
          "w": 0.20825205743312836,
          "x": 0.11212310940027237,
          "y": -0.23664815723896027,
          "z": -0.9423678517341614
        },
        "matrix": [
          [
            -0.8881188035011292,
            0.33943265676498413,
            -0.3098877966403961,
            0.3009561598300934
          ],
          [
            -0.4455679655075073,
            -0.8012572526931763,
            0.39931949973106384,
            -0.22650395333766937
          ],
          [
            -0.11275880038738251,
            0.4927217960357666,
            0.8628584146499634,
            1.7037320137023926
          ],
          [
            0.0,
            0.0,
            0.0,
            1.0
          ]
        ]
      },
      "bone_length_armature_space": 0.10413089631008511,
      "parent": "lowerarm_l",
      "has_children": true,
      "is_end_bone": false
    },
    "pinky_01_l": {
      "name": "pinky_01_l",
      "local": {
        "location": {
          "x": 0.0,
          "y": 0.0,
          "z": 0.0
        },
        "rotation_quaternion": {
          "w": 0.9395760297775269,
          "x": 0.34152719378471375,
          "y": 0.01650570146739483,
          "z": 0.016842609271407127
        },
        "scale": {
          "x": 1.0,
          "y": 1.0,
          "z": 1.0
        },
        "matrix_basis": [
          [
            0.9988877773284912,
            -0.020375531166791916,
            0.04252114146947861,
            0.0
          ],
          [
            0.04292411729693413,
            0.7661510109901428,
            -0.6412255167961121,
            0.0
          ],
          [
            -0.019512305036187172,
            0.6423375010490417,
            0.7661734819412231,
            0.0
          ],
          [
            0.0,
            0.0,
            0.0,
            1.0
          ]
        ],
        "rotation_mode": "QUATERNION"
      },
      "armature_space": {
        "head": {
          "x": 0.3363015353679657,
          "y": -0.3731834888458252,
          "z": 0.8051854968070984
        },
        "tail": {
