{
  "metadata": {
    "armature_name": "KIM_caucasian_male",
    "export_time": "2026-01-13T21:05:39.050353",
    "blender_version": "4.4.1",
    "bone_count": 56,
    "end_bone_count": 13,
    "spaces_included": [
      "LOCAL_CHANNELS",
      "ARMATURE_SPACE",
      "WORLD_SPACE"
    ],
    "note": "LOCAL matches Transform panel; replay pose via local.matrix_basis for best fidelity."
  },
  "bones": {
    "Root": {
      "name": "Root",
      "local": {
        "location": {
          "x": 0.0,
          "y": 0.0,
          "z": 0.0
        },
        "rotation_quaternion": {
          "w": 0.9997841715812683,
          "x": 0.010429655201733112,
          "y": 0.005827279761433601,
          "z": 0.01700153760612011
        },
        "scale": {
          "x": 1.0,
          "y": 1.0,
          "z": 1.0
        },
        "matrix_basis": [
          [
            0.9993540048599243,
            -0.033874183893203735,
            0.012006684206426144,
            0.0
          ],
          [
            0.03411728888750076,
            0.9992043375968933,
            -0.020656662061810493,
            0.0
          ],
          [
            -0.011297403834760189,
            0.021052954718470573,
            0.9997145533561707,
            0.0
          ],
          [
            0.0,
            0.0,
            0.0,
            1.0
          ]
        ],
        "rotation_mode": "QUATERNION"
      },
      "armature_space": {
        "head": {
          "x": 0.0,
          "y": 0.07072800397872925,
          "z": -0.009595036506652832
        },
        "tail": {
          "x": -0.0024177993182092905,
          "y": -0.00014572590589523315,
          "z": -0.001496679149568081
        }
      },
      "world_space": {
        "head": {
          "x": 0.0,
          "y": 0.13397200405597687,
          "z": 0.9402589797973633
        },
        "tail": {
          "x": -0.0024177993182092905,
          "y": 0.06309827417135239,
          "z": 0.948357343673706
        },
        "rotation_quaternion": {
          "w": 0.05694714933633804,
          "x": 0.9982154369354248,
          "y": -0.01657034456729889,
          "z": 0.006959398742765188
        },
        "matrix": [
          [
            0.9993540048599243,
            -0.033874183893203735,
            0.012006684206426144,
            0.0
          ],
          [
            -0.03228890523314476,
            -0.9929648637771606,
            -0.11392215639352798,
            0.13397200405597687
          ],
          [
            0.01578131504356861,
            0.1134607195854187,
            -0.9934241771697998,
            0.9402589797973633
          ],
          [
            0.0,
            0.0,
            0.0,
            1.0
          ]
        ]
      },
      "bone_length_armature_space": 0.07137586888790956,
      "parent": null,
      "has_children": true,
      "is_end_bone": false
    },
    "spine_01": {
      "name": "spine_01",
      "local": {
        "location": {
          "x": 0.0,
          "y": 0.0,
          "z": 0.0
        },
        "rotation_quaternion": {
          "w": 0.9983668327331543,
          "x": -0.04447175934910774,
          "y": -0.021143587306141853,
          "z": 0.02896616794168949
        },
        "scale": {
          "x": 1.0,
          "y": 1.0,
          "z": 1.0
        },
        "matrix_basis": [
          [
            0.9974278211593628,
            -0.055957138538360596,
            -0.044794466346502304,
            0.0
          ],
          [
            0.059718307107686996,
            0.994366466999054,
            0.08757336437702179,
            0.0
          ],
          [
            0.03964176028966904,
            -0.09002315998077393,
            0.9951504468917847,
            0.0
          ],
          [
            0.0,
            0.0,
            0.0,
            1.0
          ]
        ],
        "rotation_mode": "QUATERNION"
      },
      "armature_space": {
        "head": {
          "x": -0.0024177993182092905,
          "y": -0.00014572590589523315,
          "z": -0.001496679149568081
        },
        "tail": {
          "x": -0.0355210155248642,
          "y": 0.0573093555867672,
          "z": 0.4819819927215576
        }
      },
      "world_space": {
        "head": {
          "x": -0.0024177993182092905,
          "y": 0.06309827417135239,
          "z": 0.948357343673706
        },
        "tail": {
          "x": -0.0355210155248642,
          "y": 0.12055335938930511,
          "z": 1.4318360090255737
        },
        "rotation_quaternion": {
          "w": 0.7457653284072876,
          "x": 0.6641775965690613,
          "y": -0.05197695270180702,
          "z": -0.0008109551854431629
        },
        "matrix": [
          [
            0.9945955276489258,
            -0.0678342878818512,
            -0.07860201597213745,
            -0.0024177993182092905
          ],
          [
            -0.07025294005870819,
            0.11773552745580673,
            -0.9905569553375244,
            0.06309827417135239
          ],
          [
            0.07644842565059662,
            0.9907324910163879,
            0.11233353614807129,
            0.948357343673706
          ],
          [
            0.0,
            0.0,
            0.0,
            1.0
          ]
        ]
      },
      "bone_length_armature_space": 0.4880046455602606,
      "parent": "Root",
      "has_children": true,
      "is_end_bone": false
    },
    "neck_01": {
      "name": "neck_01",
      "local": {
        "location": {
          "x": 0.0,
          "y": 0.0,
          "z": 0.0
        },
        "rotation_quaternion": {
          "w": 0.993108332157135,
          "x": -0.11002052575349808,
          "y": 0.021465986967086792,
          "z": 0.03421512991189957
        },
        "scale": {
          "x": 1.0,
          "y": 1.0,
          "z": 1.0
        },
        "matrix_basis": [
          [
            0.9967370629310608,
            -0.07268206030130386,
            0.03510736674070358,
            0.0
          ],
          [
            0.06323526054620743,
            0.9734495878219604,
            0.21999353170394897,
            0.0
          ],
          [
            -0.050164833664894104,
            -0.21705567836761475,
            0.9748693704605103,
            0.0
          ],
          [
            0.0,
            0.0,
            0.0,
            1.0
          ]
        ],
        "rotation_mode": "QUATERNION"
      },
      "armature_space": {
        "head": {
          "x": -0.04321368783712387,
          "y": 0.031576819717884064,
          "z": 0.5584176778793335
        },
        "tail": {
          "x": -0.058783527463674545,
          "y": 0.026808613911271095,
          "z": 0.6596382856369019
        }
      },
      "world_space": {
        "head": {
          "x": -0.04321368783712387,
          "y": 0.09482081979513168,
          "z": 1.5082716941833496
        },
        "tail": {
          "x": -0.058783527463674545,
          "y": 0.09005261212587357,
          "z": 1.609492301940918
        },
        "rotation_quaternion": {
          "w": 0.6872522830963135,
          "x": 0.7222262024879456,
          "y": -0.06655395030975342,
          "z": 0.04054929316043854
        },
        "matrix": [
          [
            0.9878525733947754,
            -0.1518692672252655,
            -0.03290820121765137,
            -0.04321368783712387
          ],
          [
            -0.04039977863430977,
            -0.04650940001010895,
            -0.998100757598877,
            0.09482081979513168
          ],
          [
            0.15005125105381012,
            0.9873125553131104,
            -0.05208122730255127,
            1.5082716941833496
          ],
          [
            0.0,
            0.0,
            0.0,
            1.0
          ]
        ]
      },
      "bone_length_armature_space": 0.10252203462023662,
      "parent": "spine_01",
      "has_children": true,
      "is_end_bone": false
    },
    "head": {
      "name": "head",
      "local": {
        "location": {
          "x": 0.0,
          "y": 0.0,
          "z": 0.0
        },
        "rotation_quaternion": {
          "w": 0.9679929614067078,
          "x": -0.07290684431791306,
          "y": 0.10671796649694443,
          "z": -0.21514084935188293
        },
        "scale": {
          "x": 1.0,
          "y": 1.0,
          "z": 1.0
        },
        "matrix_basis": [
          [
            0.8846513628959656,
            0.400948703289032,
            0.23797495663166046,
            0.0
          ],
          [
            -0.4320705831050873,
            0.8967980146408081,
            0.09522783756256104,
            0.0
          ],
          [
            -0.17523400485515594,
            -0.18706540763378143,
            0.9665917158126831,
            0.0
          ],
          [
            0.0,
            0.0,
            0.0,
            1.0
          ]
        ],
        "rotation_mode": "QUATERNION"
      },
      "armature_space": {
        "head": {
          "x": -0.05878352001309395,
          "y": 0.02680846117436886,
          "z": 0.6596382260322571
        },
        "tail": {
          "x": -0.01293395459651947,
          "y": 0.09576989710330963,
          "z": 0.7907693386077881
        }
      },
      "world_space": {
        "head": {
          "x": -0.05878352001309395,
          "y": 0.09005246311426163,
          "z": 1.609492301940918
        },
        "tail": {
          "x": -0.01293395459651947,
          "y": 0.15901389718055725,
          "z": 1.7406233549118042
        },
        "rotation_quaternion": {
          "w": 0.8386309146881104,
          "x": 0.5190496444702148,
          "y": 0.1379300206899643,
          "z": -0.09089003503322601
        },
        "matrix": [
          [
            0.945428729057312,
            0.2956315875053406,
            0.13699057698249817,
            -0.05878352001309395
          ],
          [
            -0.009262844920158386,
            0.4446536898612976,
            -0.8956548571586609,
            0.09005246311426163
          ],
          [
            -0.32569944858551025,
            0.8455151319503784,
            0.4231288433074951,
            1.609492301940918
          ],
          [
            0.0,
            0.0,
            0.0,
            1.0
          ]
        ]
      },
      "bone_length_armature_space": 0.15509103912228356,
      "parent": "neck_01",
      "has_children": false,
      "is_end_bone": true
    },
    "upperarm_l": {
      "name": "upperarm_l",
      "local": {
        "location": {
          "x": 0.0,
          "y": 0.0,
          "z": 0.0
        },
        "rotation_quaternion": {
          "w": 0.9850864410400391,
          "x": -0.16438959538936615,
          "y": 0.04926149174571037,
          "z": -0.012419167906045914
        },
        "scale": {
          "x": 1.0,
          "y": 1.0,
          "z": 1.0
        },
        "matrix_basis": [
          [
            0.9948381185531616,
            0.00827175471931696,
            0.10113681852817535,
            0.0
          ],
          [
            -0.04066406190395355,
            0.9456436634063721,
            0.32265233993530273,
            0.0
          ],
          [
            -0.09297049045562744,
            -0.32509949803352356,
            0.9410987496376038,
            0.0
          ],
          [
            0.0,
            0.0,
            0.0,
            1.0
          ]
        ],
        "rotation_mode": "QUATERNION"
      },
      "armature_space": {
        "head": {
          "x": 0.11028396338224411,
          "y": 0.009967125952243805,
          "z": 0.5036582946777344
        },
        "tail": {
          "x": 0.36667394638061523,
          "y": 0.08784429728984833,
          "z": 0.506294310092926
        }
      },
      "world_space": {
        "head": {
          "x": 0.11028396338224411,
          "y": 0.07321112602949142,
          "z": 1.4535123109817505
        },
        "tail": {
          "x": 0.36667394638061523,
          "y": 0.15108829736709595,
          "z": 1.456148386001587
        },
        "rotation_quaternion": {
          "w": 0.570344865322113,
          "x": 0.42372316122055054,
          "y": 0.5656999349594116,
          "z": -0.41850823163986206
        },
        "matrix": [
          [
            0.009669328108429909,
            0.9567881226539612,
            0.2906251847743988,
            0.11028396338224411
          ],
          [
            0.0020118579268455505,
            0.2906196117401123,
            -0.9568367600440979,
            0.07321112602949142
          ],
          [
            -0.9999582171440125,
            0.009836919605731964,
            0.0008843094110488892,
            1.4535123109817505
          ],
          [
            0.0,
            0.0,
            0.0,
            1.0
          ]
        ]
      },
      "bone_length_armature_space": 0.26796943699569914,
      "parent": "spine_01",
      "has_children": true,
      "is_end_bone": false
    },
    "lowerarm_l": {
      "name": "lowerarm_l",
      "local": {
        "location": {
          "x": 0.0,
          "y": 0.0,
          "z": 0.0
        },
        "rotation_quaternion": {
          "w": 0.9868929386138916,
          "x": 0.0899108275771141,
          "y": -0.01236807182431221,
          "z": 0.13343775272369385
        },
        "scale": {
          "x": 1.0,
          "y": 1.0,
          "z": 1.0
        },
        "matrix_basis": [
          [
            0.9640827775001526,
            -0.26560160517692566,
            -0.00041692794184200466,
            0.0
          ],
          [
            0.26115351915359497,
            0.9482207894325256,
            -0.18076545000076294,
            0.0
          ],
          [
            0.048406921327114105,
            0.17416398227214813,
            0.9835261702537537,
            0.0
          ],
          [
            0.0,
            0.0,
            0.0,
            1.0
          ]
        ],
        "rotation_mode": "QUATERNION"
      },
      "armature_space": {
        "head": {
          "x": 0.3666740357875824,
          "y": 0.08784428238868713,
          "z": 0.5062944293022156
        },
        "tail": {
          "x": 0.6158612370491028,
          "y": 0.09582532942295074,
          "z": 0.6033073663711548
        }
      },
      "world_space": {
        "head": {
          "x": 0.3666740357875824,
          "y": 0.15108828246593475,
          "z": 1.456148386001587
        },
        "tail": {
          "x": 0.6158612370491028,
          "y": 0.15906932950019836,
          "z": 1.553161382675171
        },
        "rotation_quaternion": {
          "w": 0.615005373954773,
          "x": 0.5509503483772278,
          "y": 0.3697083294391632,
          "z": -0.4260725975036621
        },
        "matrix": [
          [
            0.3635556101799011,
            0.931455671787262,
            -0.014744222164154053,
            0.3666740357875824
          ],
          [
            -0.11669464409351349,
            0.02983294427394867,
            -0.9927199482917786,
            0.15108828246593475
          ],
          [
            -0.9242411851882935,
            0.3626318871974945,
            0.11954179406166077,
            1.456148386001587
          ],
          [
            0.0,
            0.0,
            0.0,
            1.0
          ]
        ]
      },
      "bone_length_armature_space": 0.26752470389898764,
      "parent": "upperarm_l",
      "has_children": true,
      "is_end_bone": false
    },
    "metacarpal_thumb_l": {
      "name": "metacarpal_thumb_l",
      "local": {
        "location": {
          "x": 0.0,
          "y": 0.0,
          "z": 0.0
        },
        "rotation_quaternion": {
          "w": 0.9980970621109009,
          "x": -0.06000341475009918,
          "y": 0.013376159593462944,
          "z": -0.004789425525814295
        },
        "scale": {
          "x": 1.0,
          "y": 1.0,
          "z": 1.0
        },
        "matrix_basis": [
          [
            0.9995962977409363,
            0.007955392822623253,
            0.02727617509663105,
            0.0
          ],
          [
            -0.011165853589773178,
            0.9927533268928528,
            0.11965033411979675,
            0.0
          ],
          [
            -0.026126647368073463,
            -0.11990658938884735,
            0.9924413561820984,
            0.0
          ],
          [
            0.0,
            0.0,
            0.0,
            1.0
          ]
        ],
        "rotation_mode": "QUATERNION"
      },
      "armature_space": {
        "head": {
          "x": 0.6158612370491028,
          "y": 0.09582532942295074,
          "z": 0.6033073663711548
        },
        "tail": {
          "x": 0.6539397835731506,
          "y": 0.0679558739066124,
          "z": 0.6183707118034363
        }
      },
      "world_space": {
        "head": {
          "x": 0.6158612370491028,
          "y": 0.15906932950019836,
          "z": 1.553161382675171
        },
        "tail": {
          "x": 0.6539397835731506,
          "y": 0.13119986653327942,
          "z": 1.5682246685028076
        },
        "rotation_quaternion": {
          "w": 0.11941709369421005,
          "x": 0.8777264356613159,
          "y": 0.45212969183921814,
          "z": 0.10447276383638382
        },
        "matrix": [
          [
            0.5693280100822449,
            0.7687406539916992,
            0.29138121008872986,
            0.6158612370491028
          ],
          [
            0.8186444640159607,
            -0.5626365542411804,
            -0.11516004800796509,
            0.15906932950019836
          ],
          [
            0.07541467249393463,
            0.30410295724868774,
            -0.9496567249298096,
            1.553161382675171
          ],
          [
            0.0,
            0.0,
            0.0,
            1.0
          ]
        ]
      },
      "bone_length_armature_space": 0.049533691376637164,
      "parent": "lowerarm_l",
      "has_children": true,
      "is_end_bone": false
    },
    "thumb_01_l": {
      "name": "thumb_01_l",
      "local": {
        "location": {
          "x": 0.0,
          "y": 0.0,
          "z": 0.0
        },
        "rotation_quaternion": {
          "w": 0.9980795383453369,
          "x": -0.061205409467220306,
          "y": -0.005108383484184742,
          "z": -0.008062921464443207
        },
        "scale": {
          "x": 1.0,
          "y": 1.0,
          "z": 1.0
        },
        "matrix_basis": [
          [
            0.9998177886009216,
            0.01672019436955452,
            -0.009210157208144665,
            0.0
          ],
          [
            -0.015469552017748356,
            0.992377758026123,
            0.12225811183452606,
            0.0
          ],
          [
            0.011184134520590305,
            -0.12209335714578629,
            0.9924556016921997,
            0.0
          ],
          [
            0.0,
            0.0,
            0.0,
            1.0
          ]
        ],
        "rotation_mode": "QUATERNION"
      },
      "armature_space": {
        "head": {
          "x": 0.6539397835731506,
          "y": 0.0679558739066124,
          "z": 0.6183707118034363
        },
        "tail": {
          "x": 0.6735433340072632,
          "y": 0.045841362327337265,
          "z": 0.6014804840087891
        }
      },
      "world_space": {
        "head": {
          "x": 0.6539397835731506,
          "y": 0.13119986653327942,
          "z": 1.5682246685028076
        },
        "tail": {
          "x": 0.6735433340072632,
          "y": 0.10908536612987518,
          "z": 1.5513345003128052
        },
        "rotation_quaternion": {
          "w": 0.40970471501350403,
          "x": -0.7207801938056946,
          "y": -0.08543001860380173,
          "z": -0.5525573492050171
        },
        "matrix": [
          [
            0.3747652471065521,
            0.5759214162826538,
            0.7265434265136719,
            0.6539397835731506
          ],
          [
            -0.32961639761924744,
            -0.6496896743774414,
            0.6850232481956482,
            0.13119986653327942
          ],
          [
            0.8665527701377869,
            -0.49620768427848816,
            -0.053647831082344055,
            1.5682246685028076
          ],
          [
            0.0,
            0.0,
            0.0,
            1.0
          ]
        ]
      },
      "bone_length_armature_space": 0.03403866361831837,
      "parent": "metacarpal_thumb_l",
      "has_children": true,
      "is_end_bone": false
    },
    "thumb_02_l": {
      "name": "thumb_02_l",
      "local": {
        "location": {
          "x": 0.0,
          "y": 0.0,
          "z": 0.0
        },
        "rotation_quaternion": {
          "w": 0.9984559416770935,
          "x": 0.05341328680515289,
          "y": -0.013186111114919186,
          "z": 0.007687140256166458
        },
        "scale": {
          "x": 1.0,
          "y": 1.0,
          "z": 1.0
        },
        "matrix_basis": [
          [
            0.9995340704917908,
            -0.016759168356657028,
            -0.025510311126708984,
            0.0
          ],
          [
            0.013941914774477482,
            0.9941758513450623,
            -0.10686435550451279,
            0.0
          ],
          [
            0.027152692899107933,
            0.10645890235900879,
            0.9939463138580322,
            0.0
          ],
          [
            0.0,
            0.0,
            0.0,
            1.0
          ]
        ],
        "rotation_mode": "QUATERNION"
      },
      "armature_space": {
        "head": {
          "x": 0.6735432744026184,
          "y": 0.04584135115146637,
          "z": 0.6014804840087891
        },
        "tail": {
          "x": 0.7114997506141663,
          "y": 0.04499614238739014,
          "z": 0.6145866513252258
        }
      },
      "world_space": {
        "head": {
          "x": 0.6735432744026184,
          "y": 0.10908535122871399,
          "z": 1.5513345003128052
        },
        "tail": {
          "x": 0.7114997506141663,
          "y": 0.10824014246463776,
          "z": 1.5644407272338867
        },
        "rotation_quaternion": {
          "w": 0.5707036256790161,
          "x": -0.20043501257896423,
          "y": -0.40469029545783997,
          "z": -0.6858199834823608
        },
        "matrix": [
          [
            -0.2682449221611023,
            0.9450278282165527,
            -0.18699419498443604,
            0.6735432744026184
          ],
          [
            -0.6205731630325317,
            -0.021043695509433746,
            0.7838664650917053,
            0.10908535122871399
          ],
          [
            0.7368451356887817,
            0.32631370425224304,
            0.5921086072921753,
            1.5513345003128052
          ],
          [
            0.0,
            0.0,
            0.0,
            1.0
          ]
        ]
      },
      "bone_length_armature_space": 0.04016441322974073,
      "parent": "thumb_01_l",
      "has_children": true,
      "is_end_bone": false
    },
    "thumb_03_l": {
      "name": "thumb_03_l",
      "local": {
        "location": {
          "x": 0.0,
          "y": 0.0,
          "z": 0.0
        },
        "rotation_quaternion": {
          "w": 0.9954184889793396,
          "x": 0.09560135006904602,
          "y": -0.0002798578643705696,
          "z": -0.0015484270406886935
        },
        "scale": {
          "x": 1.0,
          "y": 1.0,
          "z": 1.0
        },
        "matrix_basis": [
          [
            0.9999950528144836,
            0.003029156243428588,
            -0.000853214820381254,
            0.0
          ],
          [
            -0.003136175451800227,
            0.981715977191925,
            -0.19032584130764008,
            0.0
          ],
          [
            0.0002610879600979388,
            0.19032756984233856,
            0.9817206263542175,
            0.0
          ],
          [
            0.0,
            0.0,
            0.0,
            1.0
          ]
        ],
        "rotation_mode": "QUATERNION"
      },
      "armature_space": {
        "head": {
          "x": 0.7114996910095215,
          "y": 0.04499606043100357,
          "z": 0.6145866513252258
        },
        "tail": {
          "x": 0.7354629635810852,
          "y": 0.056385744363069534,
          "z": 0.6295175552368164
        }
      },
      "world_space": {
        "head": {
          "x": 0.7114996910095215,
          "y": 0.10824006050825119,
          "z": 1.5644407272338867
        },
        "tail": {
          "x": 0.7354629635810852,
          "y": 0.11962974071502686,
          "z": 1.5793715715408325
        },
        "rotation_quaternion": {
          "w": 0.7247530221939087,
          "x": 0.028264790773391724,
          "y": -0.40222907066345215,
          "z": -0.5587003827095032
        },
        "matrix": [
          [
            0.05212913081049919,
            0.7871032953262329,
            -0.6146144270896912,
            0.7114996910095215
          ],
          [
            -0.8325769305229187,
            0.37410831451416016,
            0.40848401188850403,
            0.10824006050825119
          ],
          [
            0.5514543652534485,
            0.4904232919216156,
            0.674831211566925,
            1.5644407272338867
          ],
          [
            0.0,
            0.0,
            0.0,
            1.0
          ]
        ]
      },
      "bone_length_armature_space": 0.030444953812001567,
      "parent": "thumb_02_l",
      "has_children": false,
      "is_end_bone": true
    },
    "metacarpal_index_l": {
      "name": "metacarpal_index_l",
      "local": {
        "location": {
          "x": 0.0,
          "y": 0.0,
          "z": 0.0
        },
        "rotation_quaternion": {
          "w": 0.9973426461219788,
          "x": -0.07208117097616196,
          "y": 0.007668646983802319,
          "z": -0.007290913723409176
        },
        "scale": {
          "x": 1.0,
          "y": 1.0,
          "z": 1.0
        },
        "matrix_basis": [
          [
            0.9997760653495789,
            0.013437548652291298,
            0.01634761318564415,
            0.0
          ],
          [
            -0.015648609027266502,
            0.9895023107528687,
            0.14366742968559265,
            0.0
          ],
          [
            -0.014245462603867054,
            -0.1438910812139511,
            0.9894909858703613,
            0.0
          ],
          [
            0.0,
            0.0,
            0.0,
            1.0
          ]
        ],
        "rotation_mode": "QUATERNION"
      },
      "armature_space": {
        "head": {
          "x": 0.6158612370491028,
          "y": 0.09582532942295074,
          "z": 0.6033073663711548
        },
        "tail": {
          "x": 0.7194291949272156,
          "y": 0.07524684071540833,
          "z": 0.6540956497192383
        }
      },
      "world_space": {
        "head": {
          "x": 0.6158612370491028,
          "y": 0.15906932950019836,
          "z": 1.553161382675171
        },
        "tail": {
          "x": 0.7194291949272156,
          "y": 0.13849084079265594,
          "z": 1.6039496660232544
        },
        "rotation_quaternion": {
          "w": 0.3611990213394165,
          "x": 0.7590165138244629,
          "y": 0.5307740569114685,
          "z": -0.10820408910512924
        },
        "matrix": [
          [
            0.41314032673835754,
            0.8838988542556763,
            0.21917501091957092,
            0.6158612370491028
          ],
          [
            0.727567732334137,
            -0.1756266951560974,
            -0.6631749868392944,
            0.15906932950019836
          ],
          [
            -0.5476897954940796,
            0.43345171213150024,
            -0.7156601548194885,
            1.553161382675171
          ],
          [
            0.0,
            0.0,
            0.0,
            1.0
          ]
        ]
      },
      "bone_length_armature_space": 0.1171718625473499,
      "parent": "lowerarm_l",
      "has_children": true,
      "is_end_bone": false
    },
    "index_01_l": {
      "name": "index_01_l",
      "local": {
        "location": {
          "x": 0.0,
          "y": 0.0,
          "z": 0.0
        },
        "rotation_quaternion": {
          "w": 0.9944779872894287,
          "x": -0.10493743419647217,
          "y": -0.0011162878945469856,
          "z": -0.0007335091941058636
        },
        "scale": {
          "x": 1.0,
          "y": 1.0,
          "z": 1.0
        },
        "matrix_basis": [
          [
            0.9999964237213135,
            0.001693198224529624,
            -0.0020663023460656404,
            0.0
          ],
          [
            -0.0012246366823092103,
            0.9779751896858215,
            0.20871756970882416,
            0.0
          ],
          [
            0.002374192699790001,
            -0.2087143063545227,
            0.9779737591743469,
            0.0
          ],
          [
            0.0,
            0.0,
            0.0,
            1.0
          ]
        ],
        "rotation_mode": "QUATERNION"
      },
      "armature_space": {
        "head": {
          "x": 0.7194291949272156,
          "y": 0.07524684071540833,
          "z": 0.6540956497192383
        },
        "tail": {
          "x": 0.7434249520301819,
          "y": 0.08396715670824051,
          "z": 0.6667933464050293
        }
      },
      "world_space": {
        "head": {
          "x": 0.7194291949272156,
          "y": 0.13849084079265594,
          "z": 1.6039496660232544
        },
        "tail": {
          "x": 0.7434249520301819,
          "y": 0.14721116423606873,
          "z": 1.6166473627090454
        },
        "rotation_quaternion": {
          "w": 0.4404659569263458,
          "x": 0.5867667198181152,
          "y": 0.6774232387542725,
          "z": -0.052843183279037476
        },
        "matrix": [
          [
            0.07661313563585281,
            0.8415316939353943,
            0.534747302532196,
            0.7194291949272156
          ],
          [
            0.7484267950057983,
            0.30582189559936523,
            -0.5884988307952881,
            0.13849084079265594
          ],
          [
            -0.6587817668914795,
            0.4453091621398926,
            -0.6063995361328125,
            1.6039496660232544
          ],
          [
            0.0,
            0.0,
            0.0,
            1.0
          ]
        ]
      },
      "bone_length_armature_space": 0.028514413224071944,
      "parent": "metacarpal_index_l",
      "has_children": true,
      "is_end_bone": false
    },
    "index_02_l": {
      "name": "index_02_l",
      "local": {
        "location": {
          "x": 0.0,
          "y": 0.0,
          "z": 0.0
        },
        "rotation_quaternion": {
          "w": 0.9990965127944946,
          "x": 0.04044949263334274,
          "y": 0.0074039241299033165,
          "z": -0.01073814183473587
        },
        "scale": {
          "x": 1.0,
          "y": 1.0,
          "z": 1.0
        },
        "matrix_basis": [
          [
            0.9996597766876221,
            0.02205584943294525,
            0.013925764709711075,
            0.0
          ],
          [
            -0.020857909694314003,
            0.9964970350265503,
            -0.08098490536212921,
            0.0
          ],
          [
            -0.01566317491233349,
            0.08066688477993011,
            0.9966180324554443,
            0.0
          ],
          [
            0.0,
            0.0,
            0.0,
            1.0
          ]
        ],
        "rotation_mode": "QUATERNION"
      },
      "armature_space": {
        "head": {
          "x": 0.7434254288673401,
          "y": 0.08396691083908081,
          "z": 0.6667935252189636
        },
        "tail": {
          "x": 0.7657093405723572,
          "y": 0.09199486672878265,
          "z": 0.6766459345817566
        }
      },
      "world_space": {
        "head": {
          "x": 0.7434254288673401,
          "y": 0.14721091091632843,
          "z": 1.616647481918335
        },
        "tail": {
          "x": 0.7657093405723572,
          "y": 0.15523886680603027,
          "z": 1.626499891281128
        },
        "rotation_quaternion": {
          "w": 0.44288790225982666,
          "x": 0.5784353017807007,
          "y": 0.6784705519676208,
          "z": -0.09455478191375732
        },
        "matrix": [
          [
            0.06147633492946625,
            0.8686585426330566,
            0.49158188700675964,
            0.7434254288673401
          ],
          [
            0.7011475563049316,
            0.3129408359527588,
            -0.6406720876693726,
            0.14721091091632843
          ],
          [
            -0.7103657126426697,
            0.38406041264533997,
            -0.5898239612579346,
            1.616647481918335
          ],
          [
            0.0,
            0.0,
            0.0,
            1.0
          ]
        ]
      },
      "bone_length_armature_space": 0.025653279379939036,
      "parent": "index_01_l",
      "has_children": true,
      "is_end_bone": false
    },
    "index_03_l": {
      "name": "index_03_l",
      "local": {
        "location": {
          "x": 0.0,
          "y": 0.0,
          "z": 0.0
        },
        "rotation_quaternion": {
          "w": 0.999304473400116,
          "x": 0.03700881451368332,
          "y": 0.003330351784825325,
          "z": 0.003146133618429303
        },
        "scale": {
          "x": 1.0,
          "y": 1.0,
          "z": 1.0
        },
        "matrix_basis": [
          [
            0.9999580383300781,
            -0.006041386164724827,
            0.0068889399990439415,
            0.0
          ],
          [
            0.00653439573943615,
            0.9972409009933472,
            -0.07394519448280334,
            0.0
          ],
          [
            -0.006423201411962509,
            0.07398710399866104,
            0.9972385168075562,
            0.0
          ],
          [
            0.0,
            0.0,
            0.0,
            1.0
          ]
        ],
        "rotation_mode": "QUATERNION"
      },
      "armature_space": {
        "head": {
          "x": 0.7657092809677124,
          "y": 0.09199493378400803,
          "z": 0.6766459941864014
        },
        "tail": {
          "x": 0.7931370139122009,
          "y": 0.09978553652763367,
          "z": 0.6830301284790039
        }
      },
      "world_space": {
        "head": {
          "x": 0.7657092809677124,
          "y": 0.15523892641067505,
          "z": 1.6265000104904175
        },
        "tail": {
          "x": 0.7931370139122009,
          "y": 0.1630295366048813,
          "z": 1.63288414478302
        },
        "rotation_quaternion": {
          "w": 0.36356887221336365,
          "x": 0.5873483419418335,
          "y": 0.707908570766449,
          "z": -0.14732663333415985
        },
        "matrix": [
          [
            -0.04567762836813927,
            0.9387056231498718,
            0.34167999029159546,
            0.7657092809677124
          ],
          [
            0.7244505882263184,
            0.26663079857826233,
            -0.6356728672981262,
            0.15523892641067505
          ],
          [
            -0.6878162622451782,
            0.21849587559700012,
            -0.6922300457954407,
            1.6265000104904175
          ],
          [
            0.0,
            0.0,
            0.0,
            1.0
          ]
        ]
      },
      "bone_length_armature_space": 0.029218678748656225,
      "parent": "index_02_l",
      "has_children": false,
      "is_end_bone": true
    },
    "metacarpal_pinky_l": {
      "name": "metacarpal_pinky_l",
      "local": {
        "location": {
          "x": 0.0,
          "y": 0.0,
          "z": 0.0
        },
        "rotation_quaternion": {
          "w": 0.9983779788017273,
          "x": -0.05266266688704491,
          "y": 0.010442954488098621,
          "z": 0.018950916826725006
        },
        "scale": {
          "x": 1.0,
          "y": 1.0,
          "z": 1.0
        },
        "matrix_basis": [
          [
            0.9990636110305786,
            -0.03894026204943657,
            0.018856020644307137,
            0.0
          ],
          [
            0.03674044832587242,
            0.9937350153923035,
            0.10555030405521393,
            0.0
          ],
          [
            -0.022848043590784073,
            -0.10475868731737137,
            0.9942351579666138,
            0.0
          ],
          [
            0.0,
            0.0,
            0.0,
            1.0
          ]
        ],
        "rotation_mode": "QUATERNION"
      },
      "armature_space": {
        "head": {
          "x": 0.6158612370491028,
          "y": 0.09582532942295074,
          "z": 0.6033073663711548
        },
        "tail": {
          "x": 0.7098997831344604,
          "y": 0.13518455624580383,
          "z": 0.6245400309562683
        }
      },
      "world_space": {
        "head": {
          "x": 0.6158612370491028,
          "y": 0.15906932950019836,
          "z": 1.553161382675171
        },
        "tail": {
          "x": 0.7098997831344604,
          "y": 0.19842855632305145,
          "z": 1.5743939876556396
        },
        "rotation_quaternion": {
          "w": 0.8291620016098022,
          "x": 0.09748014807701111,
          "y": -0.03847045823931694,
          "z": -0.5490976572036743
        },
        "matrix": [
          [
            0.39402341842651367,
            0.9030812978744507,
            -0.17084947228431702,
            0.6158612370491028
          ],
          [
            -0.9180822968482971,
            0.37797895073890686,
            -0.11940442025661469,
            0.15906932950019836
          ],
          [
            -0.04325542598962784,
            0.20390361547470093,
            0.9780420064926147,
            1.553161382675171
          ],
          [
            0.0,
            0.0,
            0.0,
            1.0
          ]
        ]
      },
      "bone_length_armature_space": 0.10413079527340736,
      "parent": "lowerarm_l",
      "has_children": true,
      "is_end_bone": false
    },
    "pinky_01_l": {
      "name": "pinky_01_l",
      "local": {
        "location": {
          "x": 0.0,
          "y": 0.0,
          "z": 0.0
        },
        "rotation_quaternion": {
          "w": 0.9899710416793823,
          "x": -0.1410265862941742,
          "y": -0.006082473788410425,
          "z": 0.005651050712913275
        },
        "scale": {
          "x": 1.0,
          "y": 1.0,
          "z": 1.0
        },
        "matrix_basis": [
          [
            0.9998621344566345,
            -0.009473172016441822,
            -0.013636842370033264,
            0.0
          ],
          [
            0.012904333882033825,
            0.9601591229438782,
            0.2791557312011719,
            0.0
          ],
          [
            0.010449049063026905,
            -0.2792932093143463,
            0.9601489901542664,
            0.0
          ],
          [
            0.0,
            0.0,
            0.0,
            1.0
          ]
        ],
        "rotation_mode": "QUATERNION"
      },
      "armature_space": {
        "head": {
          "x": 0.7098997831344604,
          "y": 0.13518455624580383,
          "z": 0.6245400309562683
        },
        "tail": {
