{
  "metadata": {
    "armature_name": "KIM_caucasian_male",
    "export_time": "2026-01-13T20:56:22.541699",
    "blender_version": "4.4.1",
    "bone_count": 56,
    "end_bone_count": 13,
    "spaces_included": [
      "LOCAL_CHANNELS",
      "ARMATURE_SPACE",
      "WORLD_SPACE"
    ],
    "note": "LOCAL matches Transform panel; replay pose via local.matrix_basis for best fidelity."
  },
  "bones": {
    "Root": {
      "name": "Root",
      "local": {
        "location": {
          "x": 0.0,
          "y": 0.0,
          "z": 0.0
        },
        "rotation_quaternion": {
          "w": 0.9998495578765869,
          "x": -0.0027053693775087595,
          "y": 0.014173096977174282,
          "z": 0.009631582535803318
        },
        "scale": {
          "x": 1.0,
          "y": 1.0,
          "z": 1.0
        },
        "matrix_basis": [
          [
            0.9994127154350281,
            -0.01933695375919342,
            0.02828981541097164,
            0.0
          ],
          [
            0.019183579832315445,
            0.9997998476028442,
            0.0056829433888196945,
            0.0
          ],
          [
            -0.028394043445587158,
            -0.005136906169354916,
            0.9995836019515991,
            0.0
          ],
          [
            0.0,
            0.0,
            0.0,
            1.0
          ]
        ],
        "rotation_mode": "QUATERNION"
      },
      "armature_space": {
        "head": {
          "x": 0.0,
          "y": 0.07072800397872925,
          "z": -0.009595036506652832
        },
        "tail": {
          "x": -0.001380191883072257,
          "y": 6.344914436340332e-05,
          "z": 0.0003614043816924095
        }
      },
      "world_space": {
        "head": {
          "x": 0.0,
          "y": 0.13397200405597687,
          "z": 0.9402589797973633
        },
        "tail": {
          "x": -0.001380191883072257,
          "y": 0.06330744922161102,
          "z": 0.9502153992652893
        },
        "rotation_quaternion": {
          "w": 0.0700567364692688,
          "x": 0.9973958730697632,
          "y": -0.008654889650642872,
          "z": 0.014789758250117302
        },
        "matrix": [
          [
            0.9994127154350281,
            -0.01933695375919342,
            0.02828981541097164,
            0.0
          ],
          [
            -0.015192451886832714,
            -0.9900342226028442,
            -0.14000506699085236,
            0.13397200405597687
          ],
          [
            0.03071535937488079,
            0.13949309289455414,
            -0.9897536039352417,
            0.9402589797973633
          ],
          [
            0.0,
            0.0,
            0.0,
            1.0
          ]
        ]
      },
      "bone_length_armature_space": 0.07137587043132397,
      "parent": null,
      "has_children": true,
      "is_end_bone": false
    },
    "spine_01": {
      "name": "spine_01",
      "local": {
        "location": {
          "x": 0.0,
          "y": 0.0,
          "z": 0.0
        },
        "rotation_quaternion": {
          "w": 0.9962863922119141,
          "x": 0.0617237314581871,
          "y": 0.03491358086466789,
          "z": 0.048834990710020065
        },
        "scale": {
          "x": 1.0,
          "y": 1.0,
          "z": 1.0
        },
        "matrix_basis": [
          [
            0.9927923679351807,
            -0.09299728274345398,
            0.0755964070558548,
            0.0
          ],
          [
            0.10161726921796799,
            0.9876106381416321,
            -0.119579017162323,
            0.0
          ],
          [
            -0.0635392963886261,
            0.12639904022216797,
            0.9899424314498901,
            0.0
          ],
          [
            0.0,
            0.0,
            0.0,
            1.0
          ]
        ],
        "rotation_mode": "QUATERNION"
      },
      "armature_space": {
        "head": {
          "x": -0.001380191883072257,
          "y": 6.344914436340332e-05,
          "z": 0.0003614043816924095
        },
        "tail": {
          "x": -0.062172356992959976,
          "y": -0.035598162561655045,
          "z": 0.48324957489967346
        }
      },
      "world_space": {
        "head": {
          "x": -0.001380191883072257,
          "y": 0.06330744922161102,
          "z": 0.9502153992652893
        },
        "tail": {
          "x": -0.062172356992959976,
          "y": 0.027645837515592575,
          "z": 1.4331035614013672
        },
        "rotation_quaternion": {
          "w": 0.6803464293479919,
          "x": 0.7295533418655396,
          "y": -0.024292070418596268,
          "z": 0.06550269573926926
        },
        "matrix": [
          [
            0.9902386665344238,
            -0.12457379698753357,
            0.06252050399780273,
            -0.001380191883072257
          ],
          [
            0.05368351563811302,
            -0.07307688891887665,
            -0.9958804845809937,
            0.06330744922161102
          ],
          [
            0.1286303550004959,
            0.9895224571228027,
            -0.06567735970020294,
            0.9502153992652893
          ],
          [
            0.0,
            0.0,
            0.0,
            1.0
          ]
        ]
      },
      "bone_length_armature_space": 0.48800451638340603,
      "parent": "Root",
      "has_children": true,
      "is_end_bone": false
    },
    "neck_01": {
      "name": "neck_01",
      "local": {
        "location": {
          "x": 0.0,
          "y": 0.0,
          "z": 0.0
        },
        "rotation_quaternion": {
          "w": 0.9888153076171875,
          "x": -0.14291487634181976,
          "y": 0.027238920331001282,
          "z": 0.032829418778419495
        },
        "scale": {
          "x": 1.0,
          "y": 1.0,
          "z": 1.0
        },
        "matrix_basis": [
          [
            0.9963605403900146,
            -0.07271015644073486,
            0.04448489844799042,
            0.0
          ],
          [
            0.05713877081871033,
            0.9569951295852661,
            0.28442132472991943,
            0.0
          ],
          [
            -0.06325215101242065,
            -0.2808443605899811,
            0.9576667547225952,
            0.0
          ],
          [
            0.0,
            0.0,
            0.0,
            1.0
          ]
        ],
        "rotation_mode": "QUATERNION"
      },
      "armature_space": {
        "head": {
          "x": -0.0691252201795578,
          "y": -0.07548631727695465,
          "z": 0.5534232258796692
        },
        "tail": {
          "x": -0.08846180886030197,
          "y": -0.09389907121658325,
          "z": 0.652407169342041
        }
      },
      "world_space": {
        "head": {
          "x": -0.0691252201795578,
          "y": -0.012242317199707031,
          "z": 1.50327730178833
        },
        "tail": {
          "x": -0.08846180886030197,
          "y": -0.030655071139335632,
          "z": 1.6022611856460571
        },
        "rotation_quaternion": {
          "w": 0.6395270824432373,
          "x": 0.7606105208396912,
          "y": -0.0347202904522419,
          "z": 0.10616683214902878
        },
        "matrix": [
          [
            0.9750463962554932,
            -0.18861037492752075,
            0.11709289997816086,
            -0.0691252201795578
          ],
          [
            0.08297473937273026,
            -0.17959919571876526,
            -0.9802345037460327,
            -0.012242317199707031
          ],
          [
            0.20591366291046143,
            0.9654961824417114,
            -0.15946972370147705,
            1.50327730178833
          ],
          [
            0.0,
            0.0,
            0.0,
            1.0
          ]
        ]
      },
      "bone_length_armature_space": 0.10252196830790562,
      "parent": "spine_01",
      "has_children": true,
      "is_end_bone": false
    },
    "head": {
      "name": "head",
      "local": {
        "location": {
          "x": 0.0,
          "y": 0.0,
          "z": 0.0
        },
        "rotation_quaternion": {
          "w": 0.9878600239753723,
          "x": 0.013713516294956207,
          "y": 0.04891838878393173,
          "z": -0.1468045860528946
        },
        "scale": {
          "x": 1.0,
          "y": 1.0,
          "z": 1.0
        },
        "matrix_basis": [
          [
            0.9521108269691467,
            0.2913864552974701,
            0.09262263029813766,
            0.0
          ],
          [
            -0.2887030839920044,
            0.956520676612854,
            -0.041456956416368484,
            0.0
          ],
          [
            -0.10067545622587204,
            0.01273118145763874,
            0.9948378801345825,
            0.0
          ],
          [
            0.0,
            0.0,
            0.0,
            1.0
          ]
        ],
        "rotation_mode": "QUATERNION"
      },
      "armature_space": {
        "head": {
          "x": -0.08846177905797958,
          "y": -0.0938992127776146,
          "z": 0.6524071097373962
        },
        "tail": {
          "x": -0.07678209990262985,
          "y": -0.06449209898710251,
          "z": 0.8042363524436951
        }
      },
      "world_space": {
        "head": {
          "x": -0.08846177905797958,
          "y": -0.030655212700366974,
          "z": 1.6022610664367676
        },
        "tail": {
          "x": -0.07678209990262985,
          "y": -0.001248098909854889,
          "z": 1.7540903091430664
        },
        "rotation_quaternion": {
          "w": 0.7673739194869995,
          "x": 0.636374831199646,
          "y": 0.07709392160177231,
          "z": 0.014863884076476097
        },
        "matrix": [
          [
            0.9876713752746582,
            0.0753089189529419,
            0.13723723590373993,
            -0.08846177905797958
          ],
          [
            0.12093304097652435,
            0.1896129548549652,
            -0.9743831753730774,
            -0.030655212700366974
          ],
          [
            -0.0994022861123085,
            0.9789736866950989,
            0.1781681329011917,
            1.6022610664367676
          ],
          [
            0.0,
            0.0,
            0.0,
            1.0
          ]
        ]
      },
      "bone_length_armature_space": 0.15509130207563074,
      "parent": "neck_01",
      "has_children": false,
      "is_end_bone": true
    },
    "upperarm_l": {
      "name": "upperarm_l",
      "local": {
        "location": {
          "x": 0.0,
          "y": 0.0,
          "z": 0.0
        },
        "rotation_quaternion": {
          "w": 0.9083132743835449,
          "x": -0.24288149178028107,
          "y": -0.1223631501197815,
          "z": 0.31780943274497986
        },
        "scale": {
          "x": 1.0,
          "y": 1.0,
          "z": 1.0
        },
        "matrix_basis": [
          [
            0.7680488228797913,
            -0.5179015398025513,
            -0.37666821479797363,
            0.0
          ],
          [
            0.6367805600166321,
            0.680011510848999,
            0.3634486496448517,
            0.0
          ],
          [
            0.06790808588266373,
            -0.519001305103302,
            0.8520717024803162,
            0.0
          ],
          [
            0.0,
            0.0,
            0.0,
            1.0
          ]
        ],
        "rotation_mode": "QUATERNION"
      },
      "armature_space": {
        "head": {
          "x": 0.08798228949308395,
          "y": -0.06569844484329224,
          "z": 0.5060046911239624
        },
        "tail": {
          "x": 0.23993605375289917,
          "y": 0.07601560652256012,
          "z": 0.675224244594574
        }
      },
      "world_space": {
        "head": {
          "x": 0.08798228949308395,
          "y": -0.0024544447660446167,
          "z": 1.4558587074279785
        },
        "tail": {
          "x": 0.23993605375289917,
          "y": 0.13925960659980774,
          "z": 1.6250782012939453
        },
        "rotation_quaternion": {
          "w": 0.8036298155784607,
          "x": 0.4596710801124573,
          "y": 0.3443843126296997,
          "z": -0.1558239609003067
        },
        "matrix": [
          [
            0.7142373919487,
            0.5670562982559204,
            0.4102586507797241,
            0.08798228949308395
          ],
          [
            0.06615530699491501,
            0.5288441181182861,
            -0.8461369276046753,
            -0.0024544447660446167
          ],
          [
            -0.6967748403549194,
            0.6314882040023804,
            0.3402079939842224,
            1.4558587074279785
          ],
          [
            0.0,
            0.0,
            0.0,
            1.0
          ]
        ]
      },
      "bone_length_armature_space": 0.26797028504980175,
      "parent": "spine_01",
      "has_children": true,
      "is_end_bone": false
    },
    "lowerarm_l": {
      "name": "lowerarm_l",
      "local": {
        "location": {
          "x": 0.0,
          "y": 0.0,
          "z": 0.0
        },
        "rotation_quaternion": {
          "w": 0.9630032777786255,
          "x": 0.2098318338394165,
          "y": 0.05079319328069687,
          "z": -0.16129270195960999
        },
        "scale": {
          "x": 1.0,
          "y": 1.0,
          "z": 1.0
        },
        "matrix_basis": [
          [
            0.9428094029426575,
            0.3319668471813202,
            0.030139336362481117,
            0.0
          ],
          [
            -0.2893347442150116,
            0.8599105477333069,
            -0.42052263021469116,
            0.0
          ],
          [
            -0.1655167043209076,
            0.38775235414505005,
            0.9067813158035278,
            0.0
          ],
          [
            0.0,
            0.0,
            0.0,
            1.0
          ]
        ],
        "rotation_mode": "QUATERNION"
      },
      "armature_space": {
        "head": {
          "x": 0.23993602395057678,
          "y": 0.07601560652256012,
          "z": 0.6752243638038635
        },
        "tail": {
          "x": 0.4634636342525482,
          "y": 0.0764906257390976,
          "z": 0.8222101330757141
        }
      },
      "world_space": {
        "head": {
          "x": 0.23993602395057678,
          "y": 0.13925960659980774,
          "z": 1.6250784397125244
        },
        "tail": {
          "x": 0.4634636342525482,
          "y": 0.13973462581634521,
          "z": 1.772064208984375
        },
        "rotation_quaternion": {
          "w": 0.6226248741149902,
          "x": 0.6221333742141724,
          "y": 0.33649197220802307,
          "z": -0.3347562253475189
        },
        "matrix": [
          [
            0.5494226813316345,
            0.835540771484375,
            0.0024911165237426758,
            0.23993602395057678
          ],
          [
            0.001833587884902954,
            0.0017756223678588867,
            -0.9999969005584717,
            0.13925960659980774
          ],
          [
            -0.8355483412742615,
            0.5494292378425598,
            -0.0005572736263275146,
            1.6250784397125244
          ],
          [
            0.0,
            0.0,
            0.0,
            1.0
          ]
        ]
      },
      "bone_length_armature_space": 0.2675250137875483,
      "parent": "upperarm_l",
      "has_children": true,
      "is_end_bone": false
    },
    "metacarpal_thumb_l": {
      "name": "metacarpal_thumb_l",
      "local": {
        "location": {
          "x": 0.0,
          "y": 0.0,
          "z": 0.0
        },
        "rotation_quaternion": {
          "w": 0.9994962215423584,
          "x": -0.029431961476802826,
          "y": 0.008477176539599895,
          "z": -0.008328204043209553
        },
        "scale": {
          "x": 1.0,
          "y": 1.0,
          "z": 1.0
        },
        "matrix_basis": [
          [
            0.9997175335884094,
            0.016149017959833145,
            0.017436042428016663,
            0.0
          ],
          [
            -0.017147017642855644,
            0.9981287717819214,
            0.05869306996464729,
            0.0
          ],
          [
            -0.016455581411719322,
            -0.0589754693210125,
            0.9981237649917603,
            0.0
          ],
          [
            0.0,
            0.0,
            0.0,
            1.0
          ]
        ],
        "rotation_mode": "QUATERNION"
      },
      "armature_space": {
        "head": {
          "x": 0.4634636342525482,
          "y": 0.0764906257390976,
          "z": 0.8222101330757141
        },
        "tail": {
          "x": 0.50035160779953,
          "y": 0.047995977103710175,
          "z": 0.8389707207679749
        }
      },
      "world_space": {
        "head": {
          "x": 0.4634636342525482,
          "y": 0.13973462581634521,
          "z": 1.772064208984375
        },
        "tail": {
          "x": 0.50035160779953,
          "y": 0.1112399771809578,
          "z": 1.7888247966766357
        },
        "rotation_quaternion": {
          "w": 0.08834175020456314,
          "x": 0.863383412361145,
          "y": 0.4522901773452759,
          "z": 0.20542241632938385
        },
        "matrix": [
          [
            0.5064697861671448,
            0.7447053790092468,
            0.43462836742401123,
            0.4634636342525482
          ],
          [
            0.8172947764396667,
            -0.575258195400238,
            0.033276550471782684,
            0.13973462581634521
          ],
          [
            0.2748073935508728,
            0.3383677005767822,
            -0.900001049041748,
            1.772064208984375
          ],
          [
            0.0,
            0.0,
            0.0,
            1.0
          ]
        ]
      },
      "bone_length_armature_space": 0.04953367433750269,
      "parent": "lowerarm_l",
      "has_children": true,
      "is_end_bone": false
    },
    "thumb_01_l": {
      "name": "thumb_01_l",
      "local": {
        "location": {
          "x": 0.0,
          "y": 0.0,
          "z": 0.0
        },
        "rotation_quaternion": {
          "w": 0.9977421164512634,
          "x": -0.06351809203624725,
          "y": -0.021600492298603058,
          "z": 0.003097376087680459
        },
        "scale": {
          "x": 1.0,
          "y": 1.0,
          "z": 1.0
        },
        "matrix_basis": [
          [
            0.9990476369857788,
            -0.0034367209300398827,
            -0.04349692165851593,
            0.0
          ],
          [
            0.008924809284508228,
            0.9919117093086243,
            0.12661553919315338,
            0.0
          ],
          [
            0.04270996153354645,
            -0.12688316404819489,
            0.9909977316856384,
            0.0
          ],
          [
            0.0,
            0.0,
            0.0,
            1.0
          ]
        ],
        "rotation_mode": "QUATERNION"
      },
      "armature_space": {
        "head": {
          "x": 0.50035160779953,
          "y": 0.047995977103710175,
          "z": 0.8389707207679749
        },
        "tail": {
          "x": 0.5231226682662964,
          "y": 0.029411332681775093,
          "z": 0.8218033313751221
        }
      },
      "world_space": {
        "head": {
          "x": 0.50035160779953,
          "y": 0.1112399771809578,
          "z": 1.7888247966766357
        },
        "tail": {
          "x": 0.5231226682662964,
          "y": 0.09265533089637756,
          "z": 1.7716573476791382
        },
        "rotation_quaternion": {
          "w": 0.46734419465065,
          "x": -0.6557571291923523,
          "y": -0.09270341694355011,
          "z": -0.5856434106826782
        },
        "matrix": [
          [
            0.29685699939727783,
            0.6689784526824951,
            0.6814275979995728,
            0.50035160779953
          ],
          [
            -0.4258115589618683,
            -0.5459877252578735,
            0.7215137481689453,
            0.1112399771809578
          ],
          [
            0.8547336459159851,
            -0.5043503046035767,
            0.1227799504995346,
            1.7888247966766357
          ],
          [
            0.0,
            0.0,
            0.0,
            1.0
          ]
        ]
      },
      "bone_length_armature_space": 0.03403864651785985,
      "parent": "metacarpal_thumb_l",
      "has_children": true,
      "is_end_bone": false
    },
    "thumb_02_l": {
      "name": "thumb_02_l",
      "local": {
        "location": {
          "x": 0.0,
          "y": 0.0,
          "z": 0.0
        },
        "rotation_quaternion": {
          "w": 0.9969893097877502,
          "x": 0.07694139331579208,
          "y": 0.007698751986026764,
          "z": 0.005751124583184719
        },
        "scale": {
          "x": 1.0,
          "y": 1.0,
          "z": 1.0
        },
        "matrix_basis": [
          [
            0.9998152852058411,
            -0.010282914154231548,
            0.016236145049333572,
            0.0
          ],
          [
            0.012652324512600899,
            0.988093912601471,
            -0.1533309370279312,
            0.0
          ],
          [
            -0.014466147869825363,
            0.1535080522298813,
            0.9880415201187134,
            0.0
          ],
          [
            0.0,
            0.0,
            0.0,
            1.0
          ]
        ],
        "rotation_mode": "QUATERNION"
      },
      "armature_space": {
        "head": {
          "x": 0.5231226086616516,
          "y": 0.029411321505904198,
          "z": 0.8218033313751221
        },
        "tail": {
          "x": 0.5586473941802979,
          "y": 0.029764259234070778,
          "z": 0.8405395746231079
        }
      },
      "world_space": {
        "head": {
          "x": 0.5231226086616516,
          "y": 0.09265532344579697,
          "z": 1.7716573476791382
        },
        "tail": {
          "x": 0.5586473941802979,
          "y": 0.09300825744867325,
          "z": 1.790393590927124
        },
        "rotation_quaternion": {
          "w": 0.5862889885902405,
          "x": -0.08031996339559555,
          "y": -0.4008212089538574,
          "z": -0.6993971467018127
        },
        "matrix": [
          [
            -0.29962587356567383,
            0.8844850659370422,
            -0.35764554142951965,
            0.5231226086616516
          ],
          [
            -0.7557113766670227,
            0.00878734141588211,
            0.6548460125923157,
            0.09265532344579697
          ],
          [
            0.5823475122451782,
            0.46648868918418884,
            0.6657877564430237,
            1.7716573476791382
          ],
          [
            0.0,
            0.0,
            0.0,
            1.0
          ]
        ]
      },
      "bone_length_armature_space": 0.04016443467334882,
      "parent": "thumb_01_l",
      "has_children": true,
      "is_end_bone": false
    },
    "thumb_03_l": {
      "name": "thumb_03_l",
      "local": {
        "location": {
          "x": 0.0,
          "y": 0.0,
          "z": 0.0
        },
        "rotation_quaternion": {
          "w": 0.9986457228660583,
          "x": 0.0508476160466671,
          "y": -0.00800661463290453,
          "z": -0.007568809203803539
        },
        "scale": {
          "x": 1.0,
          "y": 1.0,
          "z": 1.0
        },
        "matrix_basis": [
          [
            0.9997572302818298,
            0.014302883297204971,
            -0.016761254519224167,
            0.0
          ],
          [
            -0.015931352972984314,
            0.9947144389152527,
            -0.1014363095164299,
            0.0
          ],
          [
            0.015221831388771534,
            0.10167870670557022,
            0.9947008490562439,
            0.0
          ],
          [
            0.0,
            0.0,
            0.0,
            1.0
          ]
        ],
        "rotation_mode": "QUATERNION"
      },
      "armature_space": {
        "head": {
          "x": 0.5586473941802979,
          "y": 0.02976417727768421,
          "z": 0.8405395150184631
        },
        "tail": {
          "x": 0.5807474851608276,
          "y": 0.03959822654724121,
          "z": 0.8590266108512878
        }
      },
      "world_space": {
        "head": {
          "x": 0.5586473941802979,
          "y": 0.09300817549228668,
          "z": 1.790393590927124
        },
        "tail": {
          "x": 0.5807474851608276,
          "y": 0.10284222662448883,
          "z": 1.8088805675506592
        },
        "rotation_quaternion": {
          "w": 0.7143308520317078,
          "x": 0.11448294669389725,
          "y": -0.38889315724372864,
          "z": -0.5704272389411926
        },
        "matrix": [
          [
            0.04674725607037544,
            0.7259056568145752,
            -0.6862037181854248,
            0.5586473941802979
          ],
          [
            -0.9039905071258545,
            0.32301151752471924,
            0.28011608123779297,
            0.09300817549228668
          ],
          [
            0.4249914884567261,
            0.6072312593460083,
            0.6713167428970337,
            1.790393590927124
          ],
          [
            0.0,
            0.0,
            0.0,
            1.0
          ]
        ]
      },
      "bone_length_armature_space": 0.03044495452896349,
      "parent": "thumb_02_l",
      "has_children": false,
      "is_end_bone": true
    },
    "metacarpal_index_l": {
      "name": "metacarpal_index_l",
      "local": {
        "location": {
          "x": 0.0,
          "y": 0.0,
          "z": 0.0
        },
        "rotation_quaternion": {
          "w": 0.9998548030853271,
          "x": 0.014993658289313316,
          "y": -0.003177790669724345,
          "z": -0.007453249767422676
        },
        "scale": {
          "x": 1.0,
          "y": 1.0,
          "z": 1.0
        },
        "matrix_basis": [
          [
            0.9998686909675598,
            0.014809041284024715,
            -0.006578161381185055,
            0.0
          ],
          [
            -0.014999628998339176,
            0.9994392991065979,
            -0.029935592785477638,
            0.0
          ],
          [
            0.006131155416369438,
            0.030030332505702972,
            0.9995301961898804,
            0.0
          ],
          [
            0.0,
            0.0,
            0.0,
            1.0
          ]
        ],
        "rotation_mode": "QUATERNION"
      },
      "armature_space": {
        "head": {
          "x": 0.4634636342525482,
          "y": 0.0764906257390976,
          "z": 0.8222101330757141
        },
        "tail": {
          "x": 0.5616540312767029,
          "y": 0.04041263088583946,
          "z": 0.8749952912330627
        }
      },
      "world_space": {
        "head": {
          "x": 0.4634636342525482,
          "y": 0.13973462581634521,
          "z": 1.772064208984375
        },
        "tail": {
          "x": 0.5616540312767029,
          "y": 0.10365663468837738,
          "z": 1.8248493671417236
        },
        "rotation_quaternion": {
          "w": 0.3063327670097351,
          "x": 0.8074748516082764,
          "y": 0.5022013783454895,
          "z": -0.04402776062488556
        },
        "matrix": [
          [
            0.49170976877212524,
            0.8380041122436523,
            0.2365807294845581,
            0.4634636342525482
          ],
          [
            0.7840567827224731,
            -0.30790698528289795,
            -0.5389328598976135,
            0.13973462581634521
          ],
          [
            -0.37878504395484924,
            0.45049402117729187,
            -0.8084496855735779,
            1.772064208984375
          ],
          [
            0.0,
            0.0,
            0.0,
            1.0
          ]
        ]
      },
      "bone_length_armature_space": 0.1171718760843769,
      "parent": "lowerarm_l",
      "has_children": true,
      "is_end_bone": false
    },
    "index_01_l": {
      "name": "index_01_l",
      "local": {
        "location": {
          "x": 0.0,
          "y": 0.0,
          "z": 0.0
        },
        "rotation_quaternion": {
          "w": 0.990490198135376,
          "x": -0.1350439488887787,
          "y": -0.024014469236135483,
          "z": -0.010760491713881493
        },
        "scale": {
          "x": 1.0,
          "y": 1.0,
          "z": 1.0
        },
        "matrix_basis": [
          [
            0.998615026473999,
            0.02780234068632126,
            -0.04466591402888298,
            0.0
          ],
          [
            -0.014830305241048336,
            0.9632946848869324,
            0.26803621649742126,
            0.0
          ],
          [
            0.05047846958041191,
            -0.2670026123523712,
            0.962372899055481,
            0.0
          ],
          [
            0.0,
            0.0,
            0.0,
            1.0
          ]
        ],
        "rotation_mode": "QUATERNION"
      },
      "armature_space": {
        "head": {
          "x": 0.5616540312767029,
          "y": 0.04041263088583946,
          "z": 0.8749952912330627
        },
        "tail": {
          "x": 0.5841935873031616,
          "y": 0.04661784693598747,
          "z": 0.8913212418556213
        }
      },
      "world_space": {
        "head": {
          "x": 0.5616540312767029,
          "y": 0.10365663468837738,
          "z": 1.8248493671417236
        },
        "tail": {
          "x": 0.5841935873031616,
          "y": 0.10986185073852539,
          "z": 1.8411753177642822
        },
        "rotation_quaternion": {
          "w": 0.44105690717697144,
          "x": 0.6252387166023254,
          "y": 0.6436450481414795,
          "z": 0.016326308250427246
        },
        "matrix": [
          [
            0.17091195285320282,
            0.7904634475708008,
            0.5881805419921875,
            0.5616540312767029
          ],
          [
            0.8192640542984009,
            0.21761713922023773,
            -0.5305181741714478,
            0.10365663468837738
          ],
          [
            -0.5473564267158508,
            0.5725511908531189,
            -0.6104097366333008,
            1.8248493671417236
          ],
          [
            0.0,
            0.0,
            0.0,
            1.0
          ]
        ]
      },
      "bone_length_armature_space": 0.0285144339564411,
      "parent": "metacarpal_index_l",
      "has_children": true,
      "is_end_bone": false
    },
    "index_02_l": {
      "name": "index_02_l",
      "local": {
        "location": {
          "x": 0.0,
          "y": 0.0,
          "z": 0.0
        },
        "rotation_quaternion": {
          "w": 0.9980204105377197,
          "x": 0.06236086040735245,
          "y": -0.007993808016180992,
          "z": 0.001625443110242486
        },
        "scale": {
          "x": 1.0,
          "y": 1.0,
          "z": 1.0
        },
        "matrix_basis": [
          [
            0.9998669028282166,
            -0.00424145208671689,
            -0.015753239393234253,
            0.0
          ],
          [
            0.002247449243441224,
            0.992216944694519,
            -0.1245008111000061,
            0.0
          ],
          [
            0.0161586944013834,
            0.12444883584976196,
            0.9920944571495056,
            0.0
          ],
          [
            0.0,
            0.0,
            0.0,
            1.0
          ]
        ],
        "rotation_mode": "QUATERNION"
      },
      "armature_space": {
        "head": {
          "x": 0.5841940641403198,
          "y": 0.04661756753921509,
          "z": 0.8913214206695557
        },
        "tail": {
          "x": 0.6058193445205688,
          "y": 0.05134821683168411,
          "z": 0.904285192489624
        }
      },
      "world_space": {
        "head": {
          "x": 0.5841940641403198,
          "y": 0.10986156761646271,
          "z": 1.8411754369735718
        },
        "tail": {
          "x": 0.6058193445205688,
          "y": 0.11459221690893173,
          "z": 1.8541392087936401
        },
        "rotation_quaternion": {
          "w": 0.43938779830932617,
          "x": 0.6371294856071472,
          "y": 0.6317757368087769,
          "z": -0.04317302629351616
        },
        "matrix": [
          [
            0.19798795878887177,
            0.8429840803146362,
            0.5001782178878784,
            0.5841940641403198
          ],
          [
            0.7671082615852356,
            0.18440720438957214,
            -0.6144422888755798,
            0.10986156761646271
          ],
          [
            -0.6102051138877869,
            0.5053464770317078,
            -0.6101546287536621,
            1.8411754369735718
          ],
          [
            0.0,
            0.0,
            0.0,
            1.0
          ]
        ]
      },
      "bone_length_armature_space": 0.025653287782381698,
      "parent": "index_01_l",
      "has_children": true,
      "is_end_bone": false
    },
    "index_03_l": {
      "name": "index_03_l",
      "local": {
        "location": {
          "x": 0.0,
          "y": 0.0,
          "z": 0.0
        },
        "rotation_quaternion": {
          "w": 0.9999500513076782,
          "x": 0.008691501803696156,
          "y": 0.004616278689354658,
          "z": -0.0017839325591921806
        },
        "scale": {
          "x": 1.0,
          "y": 1.0,
          "z": 1.0
        },
        "matrix_basis": [
          [
            0.9999510049819946,
            0.003647931618615985,
            0.00920108612626791,
            0.0
          ],
          [
            -0.0034874421544373035,
            0.9998425245285034,
            -0.01739860512316227,
            0.0
          ],
          [
            -0.009263106621801853,
            0.01736566424369812,
            0.99980628490448,
            0.0
          ],
          [
            0.0,
            0.0,
            0.0,
            1.0
          ]
        ],
        "rotation_mode": "QUATERNION"
      },
      "armature_space": {
        "head": {
          "x": 0.6058192849159241,
          "y": 0.051348280161619186,
          "z": 0.9042852520942688
        },
        "tail": {
          "x": 0.6322880387306213,
          "y": 0.05693724751472473,
          "z": 0.9153261780738831
        }
      },
      "world_space": {
        "head": {
          "x": 0.6058192849159241,
          "y": 0.1145922839641571,
          "z": 1.8541393280029297
        },
        "tail": {
          "x": 0.6322880387306213,
          "y": 0.12018124759197235,
          "z": 1.865180253982544
        },
        "rotation_quaternion": {
          "w": 0.3759784698486328,
          "x": 0.6317896246910095,
          "y": 0.6740044355392456,
          "z": -0.07211228460073471
        },
        "matrix": [
          [
            0.08103787899017334,
            0.905884325504303,
            0.41569948196411133,
            0.6058192849159241
          ],
          [
            0.7974315285682678,
            0.19128058850765228,
            -0.5722891688346863,
            0.1145922839641571
          ],
          [
            -0.5979464650154114,
            0.377871572971344,
            -0.7068853378295898,
            1.8541393280029297
          ],
          [
            0.0,
            0.0,
            0.0,
            1.0
          ]
        ]
      },
      "bone_length_armature_space": 0.02921871865365746,
      "parent": "index_02_l",
      "has_children": false,
      "is_end_bone": true
    },
    "metacarpal_pinky_l": {
      "name": "metacarpal_pinky_l",
      "local": {
        "location": {
          "x": 0.0,
          "y": 0.0,
          "z": 0.0
        },
        "rotation_quaternion": {
          "w": 0.9995254874229431,
          "x": 0.028521902859210968,
          "y": 0.010599019937217236,
          "z": -0.004804678726941347
        },
        "scale": {
          "x": 1.0,
          "y": 1.0,
          "z": 1.0
        },
        "matrix_basis": [
          [
            0.9997291564941406,
            0.010209405794739723,
            0.020913904532790184,
            0.0
          ],
          [
            -0.00900018960237503,
            0.99832683801651,
            -0.05711858719587326,
            0.0
          ],
          [
            -0.021462058648467064,
            0.05691488832235336,
            0.9981483221054077,
            0.0
          ],
          [
            0.0,
            0.0,
            0.0,
            1.0
          ]
        ],
        "rotation_mode": "QUATERNION"
      },
      "armature_space": {
        "head": {
          "x": 0.4634636342525482,
          "y": 0.0764906257390976,
          "z": 0.8222101330757141
        },
        "tail": {
          "x": 0.5441586971282959,
          "y": 0.10574653744697571,
          "z": 0.8811648488044739
        }
      },
      "world_space": {
        "head": {
          "x": 0.4634636342525482,
          "y": 0.13973462581634521,
          "z": 1.772064208984375
        },
        "tail": {
          "x": 0.5441586971282959,
          "y": 0.16899053752422333,
          "z": 1.8310189247131348
        },
        "rotation_quaternion": {
          "w": 0.7899571061134338,
          "x": 0.27156487107276917,
          "y": -0.12823811173439026,
          "z": -0.5345796942710876
        },
        "matrix": [
          [
            0.39555737376213074,
            0.7749399542808533,
            -0.4929526448249817,
            0.4634636342525482
          ],
          [
            -0.9142410159111023,
            0.2809535562992096,
            -0.2919398546218872,
            0.13973462581634521
          ],
          [
            -0.08774035423994064,
            0.5661605596542358,
            0.8196204304695129,
            1.772064208984375
          ],
          [
            0.0,
            0.0,
            0.0,
            1.0
          ]
        ]
      },
      "bone_length_armature_space": 0.1041309768039657,
      "parent": "lowerarm_l",
      "has_children": true,
      "is_end_bone": false
    },
    "pinky_01_l": {
      "name": "pinky_01_l",
      "local": {
        "location": {
          "x": 0.0,
          "y": 0.0,
          "z": 0.0
        },
        "rotation_quaternion": {
          "w": 0.9960559606552124,
          "x": -0.08698493242263794,
          "y": -0.008499206975102425,
          "z": 0.015295011922717094
        },
        "scale": {
          "x": 1.0,
          "y": 1.0,
          "z": 1.0
        },
        "matrix_basis": [
          [
            0.9993876814842224,
            -0.028990769758820534,
            -0.019592242315411568,
            0.0
          ],
          [
            0.03194798156619072,
            0.9843993782997131,
            0.17302373051643372,
            0.0
          ],
          [
            0.014270500279963017,
            -0.17354370653629303,
            0.9847227931022644,
            0.0
          ],
          [
            0.0,
            0.0,
            0.0,
            1.0
          ]
        ],
        "rotation_mode": "QUATERNION"
      },
      "armature_space": {
        "head": {
          "x": 0.5441586971282959,
          "y": 0.10574653744697571,
          "z": 0.8811648488044739
        },
        "tail": {
          "x": 0.5617645382881165,
          "y": 0.10698477178812027,
