{
  "metadata": {
    "armature_name": "KIM_caucasian_male",
    "export_time": "2026-01-13T21:01:21.398432",
    "blender_version": "4.4.1",
    "bone_count": 56,
    "end_bone_count": 13,
    "spaces_included": [
      "LOCAL_CHANNELS",
      "ARMATURE_SPACE",
      "WORLD_SPACE"
    ],
    "note": "LOCAL matches Transform panel; replay pose via local.matrix_basis for best fidelity."
  },
  "bones": {
    "Root": {
      "name": "Root",
      "local": {
        "location": {
          "x": 0.0,
          "y": 0.0,
          "z": 0.0
        },
        "rotation_quaternion": {
          "w": 0.9994802474975586,
          "x": -0.011678162962198257,
          "y": -0.006860809400677681,
          "z": -0.02925265207886696
        },
        "scale": {
          "x": 1.0,
          "y": 1.0,
          "z": 1.0
        },
        "matrix_basis": [
          [
            0.9981943964958191,
            0.05863513797521591,
            -0.013031252659857273,
            0.0
          ],
          [
            -0.05831465125083923,
            0.998015820980072,
            0.02374557964503765,
            0.0
          ],
          [
            0.014397721737623215,
            -0.022942792624235153,
            0.9996330738067627,
            0.0
          ],
          [
            0.0,
            0.0,
            0.0,
            1.0
          ]
        ],
        "rotation_mode": "QUATERNION"
      },
      "armature_space": {
        "head": {
          "x": 0.0,
          "y": 0.07072800397872925,
          "z": -0.009595036506652832
        },
        "tail": {
          "x": 0.004185134079307318,
          "y": 0.00036047399044036865,
          "z": 0.0016036704182624817
        }
      },
      "world_space": {
        "head": {
          "x": 0.0,
          "y": 0.13397200405597687,
          "z": 0.9402589797973633
        },
        "tail": {
          "x": 0.004185134079307318,
          "y": 0.06360447406768799,
          "z": 0.951457679271698
        },
        "rotation_quaternion": {
          "w": 0.07898427546024323,
          "x": 0.9964229464530945,
          "y": 0.02872399613261223,
          "z": -0.008815914392471313
        },
        "matrix": [
          [
            0.9981943964958191,
            0.05863513797521591,
            -0.013031252659857273,
            0.0
          ],
          [
            0.05584985762834549,
            -0.9858728051185608,
            -0.15791042149066925,
            0.13397200405597687
          ],
          [
            -0.022106356918811798,
            0.1568976640701294,
            -0.987374484539032,
            0.9402589797973633
          ],
          [
            0.0,
            0.0,
            0.0,
            1.0
          ]
        ]
      },
      "bone_length_armature_space": 0.07137587590893171,
      "parent": null,
      "has_children": true,
      "is_end_bone": false
    },
    "spine_01": {
      "name": "spine_01",
      "local": {
        "location": {
          "x": 0.0,
          "y": 0.0,
          "z": 0.0
        },
        "rotation_quaternion": {
          "w": 0.9981666803359985,
          "x": -0.05427829548716545,
          "y": 0.02663394995033741,
          "z": -0.002800627611577511
        },
        "scale": {
          "x": 1.0,
          "y": 1.0,
          "z": 1.0
        },
        "matrix_basis": [
          [
            0.9985655546188354,
            0.0026996955275535583,
            0.053474269807338715,
            0.0
          ],
          [
            -0.008482277393341064,
            0.9940920472145081,
            0.10820838809013367,
            0.0
          ],
          [
            -0.052866216748952866,
            -0.10850675404071808,
            0.9926890134811401,
            0.0
          ],
          [
            0.0,
            0.0,
            0.0,
            1.0
          ]
        ],
        "rotation_mode": "QUATERNION"
      },
      "armature_space": {
        "head": {
          "x": 0.004185134079307318,
          "y": 0.00036047399044036865,
          "z": 0.0016036704182624817
        },
        "tail": {
          "x": 0.011267594993114471,
          "y": 0.08740640431642532,
          "z": 0.48173007369041443
        }
      },
      "world_space": {
        "head": {
          "x": 0.004185134079307318,
          "y": 0.06360447406768799,
          "z": 0.951457679271698
        },
        "tail": {
          "x": 0.011267594993114471,
          "y": 0.15065041184425354,
          "z": 1.431584119796753
        },
        "rotation_quaternion": {
          "w": 0.7660965323448181,
          "x": 0.6402240991592407,
          "y": 0.047770846635103226,
          "z": 0.030449729412794113
        },
        "matrix": [
          [
            0.9935814738273621,
            0.014513203874230385,
            0.1121833324432373,
            0.004185134079307318
          ],
          [
            0.10782282054424286,
            0.1783723533153534,
            -0.9780377149581909,
            0.06360447406768799
          ],
          [
            -0.03420499712228775,
            0.983863115310669,
            0.17566294968128204,
            0.951457679271698
          ],
          [
            0.0,
            0.0,
            0.0,
            1.0
          ]
        ]
      },
      "bone_length_armature_space": 0.48800463254417326,
      "parent": "Root",
      "has_children": true,
      "is_end_bone": false
    },
    "neck_01": {
      "name": "neck_01",
      "local": {
        "location": {
          "x": 0.0,
          "y": 0.0,
          "z": 0.0
        },
        "rotation_quaternion": {
          "w": 0.9921141862869263,
          "x": -0.043027181178331375,
          "y": 0.03990596532821655,
          "z": 0.11075116693973541
        },
        "scale": {
          "x": 1.0,
          "y": 1.0,
          "z": 1.0
        },
        "matrix_basis": [
          [
            0.9722833633422852,
            -0.22318969666957855,
            0.06965192407369614,
            0.0
          ],
          [
            0.21632152795791626,
            0.9717656970024109,
            0.0942150205373764,
            0.0
          ],
          [
            -0.08871316909790039,
            -0.07653649151325226,
            0.993112325668335,
            0.0
          ],
          [
            0.0,
            0.0,
            0.0,
            1.0
          ]
        ],
        "rotation_mode": "QUATERNION"
      },
      "armature_space": {
        "head": {
          "x": 0.01622079685330391,
          "y": 0.06654776632785797,
          "z": 0.5598590970039368
        },
        "tail": {
          "x": -0.0016918927431106567,
          "y": 0.05117278918623924,
          "z": 0.6596263647079468
        }
      },
      "world_space": {
        "head": {
          "x": 0.01622079685330391,
          "y": 0.1297917664051056,
          "z": 1.5097131729125977
        },
        "tail": {
          "x": -0.0016918927431106567,
          "y": 0.11441679298877716,
          "z": 1.609480381011963
        },
        "rotation_quaternion": {
          "w": 0.6518555879592896,
          "x": 0.7483103275299072,
          "y": -0.009999105706810951,
          "z": 0.1225399523973465
        },
        "matrix": [
          [
            0.9697681069374084,
            -0.17472156882286072,
            0.17035871744155884,
            0.01622079685330391
          ],
          [
            0.14479070901870728,
            -0.14996856451034546,
            -0.9780313968658447,
            0.1297917664051056
          ],
          [
            0.19643312692642212,
            0.9731366634368896,
            -0.12013837695121765,
            1.5097131729125977
          ],
          [
            0.0,
            0.0,
            0.0,
            1.0
          ]
        ]
      },
      "bone_length_armature_space": 0.10252201003810528,
      "parent": "spine_01",
      "has_children": true,
      "is_end_bone": false
    },
    "head": {
      "name": "head",
      "local": {
        "location": {
          "x": 0.0,
          "y": 0.0,
          "z": 0.0
        },
        "rotation_quaternion": {
          "w": 0.9809185266494751,
          "x": 0.040537167340517044,
          "y": 0.05043739825487137,
          "z": -0.18333515524864197
        },
        "scale": {
          "x": 1.0,
          "y": 1.0,
          "z": 1.0
        },
        "matrix_basis": [
          [
            0.9276885986328125,
            0.36376288533210754,
            0.08408617973327637,
            0.0
          ],
          [
            -0.3555845320224762,
            0.9294899106025696,
            -0.09802121669054031,
            0.0
          ],
          [
            -0.11381373554468155,
            0.06103342026472092,
            0.9916256070137024,
            0.0
          ],
          [
            0.0,
            0.0,
            0.0,
            1.0
          ]
        ],
        "rotation_mode": "QUATERNION"
      },
      "armature_space": {
        "head": {
          "x": -0.0016918536275625229,
          "y": 0.0511726513504982,
          "z": 0.659626305103302
        },
        "tail": {
          "x": 0.021455194801092148,
          "y": 0.08083298802375793,
          "z": 0.810084879398346
        }
      },
      "world_space": {
        "head": {
          "x": -0.0016918536275625229,
          "y": 0.11441665142774582,
          "z": 1.609480381011963
        },
        "tail": {
          "x": 0.021455194801092148,
          "y": 0.14407698810100555,
          "z": 1.7599389553070068
        },
        "rotation_quaternion": {
          "w": 0.7617626190185547,
          "x": 0.6358836889266968,
          "y": 0.12385587394237518,
          "z": 0.0054261330515146255
        },
        "matrix": [
          [
            0.9692607522010803,
            0.14924892783164978,
            0.1955973505973816,
            -0.0016918536275625229
          ],
          [
            0.1657816469669342,
            0.19124571979045868,
            -0.9674408435821533,
            0.11441665142774582
          ],
          [
            -0.1817978471517563,
            0.9701359272003174,
            0.16062448918819427,
            1.609480381011963
          ],
          [
            0.0,
            0.0,
            0.0,
            1.0
          ]
        ]
      },
      "bone_length_armature_space": 0.15509127650748364,
      "parent": "neck_01",
      "has_children": false,
      "is_end_bone": true
    },
    "upperarm_l": {
      "name": "upperarm_l",
      "local": {
        "location": {
          "x": 0.0,
          "y": 0.0,
          "z": 0.0
        },
        "rotation_quaternion": {
          "w": 0.9048358201980591,
          "x": -0.12852536141872406,
          "y": 0.38515207171440125,
          "z": -0.1281067132949829
        },
        "scale": {
          "x": 1.0,
          "y": 1.0,
          "z": 1.0
        },
        "matrix_basis": [
          [
            0.6704931259155273,
            0.13282746076583862,
            0.729928731918335,
            0.0
          ],
          [
            -0.3308347165584564,
            0.9341397881507874,
            0.13390757143497467,
            0.0
          ],
          [
            -0.664068877696991,
            -0.3312698304653168,
            0.6702782511711121,
            0.0
          ],
          [
            0.0,
            0.0,
            0.0,
            1.0
          ]
        ],
        "rotation_mode": "QUATERNION"
      },
      "armature_space": {
        "head": {
          "x": 0.1646403968334198,
          "y": 0.06761409342288971,
          "z": 0.489165335893631
        },
        "tail": {
          "x": 0.3971834182739258,
          "y": 0.18433454632759094,
          "z": 0.4250737726688385
        }
      },
      "world_space": {
        "head": {
          "x": 0.1646403968334198,
          "y": 0.13085809350013733,
          "z": 1.4390193223953247
        },
        "tail": {
          "x": 0.3971834182739258,
          "y": 0.24757854640483856,
          "z": 1.3749277591705322
        },
        "rotation_quaternion": {
          "w": 0.29752644896507263,
          "x": 0.42995303869247437,
          "y": 0.7932627201080322,
          "z": -0.31201398372650146
        },
        "matrix": [
          [
            -0.4532361626625061,
            0.867796778678894,
            0.20372894406318665,
            0.1646403968334198
          ],
          [
            0.4964675009250641,
            0.4355737864971161,
            -0.7508634328842163,
            0.13085809350013733
          ],
          [
            -0.7403405904769897,
            -0.239174947142601,
            -0.6282557249069214,
            1.4390193223953247
          ],
          [
            0.0,
            0.0,
            0.0,
            1.0
          ]
        ]
      },
      "bone_length_armature_space": 0.2679694961170453,
      "parent": "spine_01",
      "has_children": true,
      "is_end_bone": false
    },
    "lowerarm_l": {
      "name": "lowerarm_l",
      "local": {
        "location": {
          "x": 0.0,
          "y": 0.0,
          "z": 0.0
        },
        "rotation_quaternion": {
          "w": 0.85325026512146,
          "x": 0.47080788016319275,
          "y": 0.11813878268003464,
          "z": -0.1906491070985794
        },
        "scale": {
          "x": 1.0,
          "y": 1.0,
          "z": 1.0
        },
        "matrix_basis": [
          [
            0.899392306804657,
            0.43658414483070374,
            0.02208569087088108,
            0.0
          ],
          [
            -0.21410146355628967,
            0.4839857220649719,
            -0.8484799861907959,
            0.0
          ],
          [
            -0.3811221122741699,
            0.7583878040313721,
            0.5287663340568542,
            0.0
          ],
          [
            0.0,
            0.0,
            0.0,
            1.0
          ]
        ],
        "rotation_mode": "QUATERNION"
      },
      "armature_space": {
        "head": {
          "x": 0.39718353748321533,
          "y": 0.18433448672294617,
          "z": 0.4250738024711609
        },
        "tail": {
          "x": 0.5035845041275024,
          "y": 0.09739045053720474,
          "z": 0.1955314725637436
        }
      },
      "world_space": {
        "head": {
          "x": 0.39718353748321533,
          "y": 0.2475784868001938,
          "z": 1.3749277591705322
        },
        "tail": {
          "x": 0.5035845041275024,
          "y": 0.16063445806503296,
          "z": 1.145385503768921
        },
        "rotation_quaternion": {
          "w": 0.08400262147188187,
          "x": -0.4454857110977173,
          "y": -0.5748449563980103,
          "z": 0.6812043190002441
        },
        "matrix": [
          [
            -0.5889690518379211,
            0.3977241814136505,
            -0.7035128474235535,
            0.39718353748321533
          ],
          [
            0.6266190409660339,
            -0.32499468326568604,
            -0.7083271741867065,
            0.2475784868001938
          ],
          [
            -0.5103598833084106,
            -0.8580236434936523,
            -0.057810842990875244,
            1.3749277591705322
          ],
          [
            0.0,
            0.0,
            0.0,
            1.0
          ]
        ]
      },
      "bone_length_armature_space": 0.26752591232801815,
      "parent": "upperarm_l",
      "has_children": true,
      "is_end_bone": false
    },
    "metacarpal_thumb_l": {
      "name": "metacarpal_thumb_l",
      "local": {
        "location": {
          "x": 0.0,
          "y": 0.0,
          "z": 0.0
        },
        "rotation_quaternion": {
          "w": 0.9994293451309204,
          "x": -0.031998660415410995,
          "y": 0.010418904013931751,
          "z": -0.0029461486265063286
        },
        "scale": {
          "x": 1.0,
          "y": 1.0,
          "z": 1.0
        },
        "matrix_basis": [
          [
            0.9997655153274536,
            0.005222152918577194,
            0.021014463156461716,
            0.0
          ],
          [
            -0.006555716507136822,
            0.9979348182678223,
            0.06389941275119781,
            0.0
          ],
          [
            -0.02063737064599991,
            -0.06402219086885452,
            0.9977350831031799,
            0.0
          ],
          [
            0.0,
            0.0,
            0.0,
            1.0
          ]
        ],
        "rotation_mode": "QUATERNION"
      },
      "armature_space": {
        "head": {
          "x": 0.5035845041275024,
          "y": 0.09739045053720474,
          "z": 0.1955314725637436
        },
        "tail": {
          "x": 0.49546751379966736,
          "y": 0.06764446198940277,
          "z": 0.15676425397396088
        }
      },
      "world_space": {
        "head": {
          "x": 0.5035845041275024,
          "y": 0.16063445806503296,
          "z": 1.145385503768921
        },
        "tail": {
          "x": 0.49546751379966736,
          "y": 0.1308884620666504,
          "z": 1.1066182851791382
        },
        "rotation_quaternion": {
          "w": 0.4405840039253235,
          "x": -0.8323984146118164,
          "y": -0.07500620186328888,
          "z": 0.32767778635025024
        },
        "matrix": [
          [
            0.7740031480789185,
            -0.1638682633638382,
            -0.6116092205047607,
            0.5035845041275024
          ],
          [
            0.41360828280448914,
            -0.600520670413971,
            0.6843268871307373,
            0.16063445806503296
          ],
          [
            -0.47942641377449036,
            -0.782643735408783,
            -0.39702990651130676,
            1.145385503768921
          ],
          [
            0.0,
            0.0,
            0.0,
            1.0
          ]
        ]
      },
      "bone_length_armature_space": 0.049533893715910986,
      "parent": "lowerarm_l",
      "has_children": true,
      "is_end_bone": false
    },
    "thumb_01_l": {
      "name": "thumb_01_l",
      "local": {
        "location": {
          "x": 0.0,
          "y": 0.0,
          "z": 0.0
        },
        "rotation_quaternion": {
          "w": 0.9996165633201599,
          "x": 0.024026859551668167,
          "y": -0.012468974106013775,
          "z": -0.005847549065947533
        },
        "scale": {
          "x": 1.0,
          "y": 1.0,
          "z": 1.0
        },
        "matrix_basis": [
          [
            0.9996206760406494,
            0.011091433465480804,
            -0.02520938217639923,
            0.0
          ],
          [
            -0.012289794161915779,
            0.9987770318984985,
            -0.04788946732878685,
            0.0
          ],
          [
            0.024647390469908714,
            0.04818112030625343,
            0.9985344409942627,
            0.0
          ],
          [
            0.0,
            0.0,
            0.0,
            1.0
          ]
        ],
        "rotation_mode": "QUATERNION"
      },
      "armature_space": {
        "head": {
          "x": 0.49546751379966736,
          "y": 0.06764446198940277,
          "z": 0.15676425397396088
        },
        "tail": {
          "x": 0.47444599866867065,
          "y": 0.07005968689918518,
          "z": 0.13010160624980927
        }
      },
      "world_space": {
        "head": {
          "x": 0.49546751379966736,
          "y": 0.1308884620666504,
          "z": 1.1066182851791382
        },
        "tail": {
          "x": 0.47444599866867065,
          "y": 0.1333036869764328,
          "z": 1.0799555778503418
        },
        "rotation_quaternion": {
          "w": 0.46001261472702026,
          "x": -0.6646299958229065,
          "y": 0.5690916180610657,
          "z": -0.15096406638622284
        },
        "matrix": [
          [
            0.3066856563091278,
            -0.6175792217254639,
            0.7242509722709656,
            0.49546751379966736
          ],
          [
            -0.8953632116317749,
            0.0709555596113205,
            0.4396478831768036,
            0.1308884620666504
          ],
          [
            -0.3229098618030548,
            -0.7833068370819092,
            -0.5311999320983887,
            1.1066182851791382
          ],
          [
            0.0,
            0.0,
            0.0,
            1.0
          ]
        ]
      },
      "bone_length_armature_space": 0.03403871622221406,
      "parent": "metacarpal_thumb_l",
      "has_children": true,
      "is_end_bone": false
    },
    "thumb_02_l": {
      "name": "thumb_02_l",
      "local": {
        "location": {
          "x": 0.0,
          "y": 0.0,
          "z": 0.0
        },
        "rotation_quaternion": {
          "w": 0.9902838468551636,
          "x": 0.13885684311389923,
          "y": 0.0009733670158311725,
          "z": -0.007478517480194569
        },
        "scale": {
          "x": 1.0,
          "y": 1.0,
          "z": 1.0
        },
        "matrix_basis": [
          [
            0.9998862743377686,
            0.01508202776312828,
            -0.0001490673894295469,
            0.0
          ],
          [
            -0.014541393145918846,
            0.9613257050514221,
            -0.2750299274921417,
            0.0
          ],
          [
            -0.00400470569729805,
            0.27500081062316895,
            0.9614356756210327,
            0.0
          ],
          [
            0.0,
            0.0,
            0.0,
            1.0
          ]
        ],
        "rotation_mode": "QUATERNION"
      },
      "armature_space": {
        "head": {
          "x": 0.47444596886634827,
          "y": 0.07005969434976578,
          "z": 0.13010165095329285
        },
        "tail": {
          "x": 0.4971413314342499,
          "y": 0.05790163576602936,
          "z": 0.09927479177713394
        }
      },
      "world_space": {
        "head": {
          "x": 0.47444596886634827,
          "y": 0.133303701877594,
          "z": 1.0799556970596313
        },
        "tail": {
          "x": 0.4971413314342499,
          "y": 0.12114563584327698,
          "z": 1.049128770828247
        },
        "rotation_quaternion": {
          "w": 0.520763099193573,
          "x": -0.34768015146255493,
          "y": 0.2783017158508301,
          "z": -0.7283355593681335
        },
        "matrix": [
          [
            -0.2158462256193161,
            0.5650613307952881,
            0.7963137626647949,
            0.47444596886634827
          ],
          [
            -0.952100932598114,
            -0.3027072846889496,
            -0.043273791670799255,
            0.133303701877594
          ],
          [
            0.21659834682941437,
            -0.7675169706344604,
            0.6033377647399902,
            1.0799556970596313
          ],
          [
            0.0,
            0.0,
            0.0,
            1.0
          ]
        ]
      },
      "bone_length_armature_space": 0.04016457524083174,
      "parent": "thumb_01_l",
      "has_children": true,
      "is_end_bone": false
    },
    "thumb_03_l": {
      "name": "thumb_03_l",
      "local": {
        "location": {
          "x": 0.0,
          "y": 0.0,
          "z": 0.0
        },
        "rotation_quaternion": {
          "w": 0.997249186038971,
          "x": 0.07389774918556213,
          "y": 0.004297677427530289,
          "z": 0.003841843456029892
        },
        "scale": {
          "x": 1.0,
          "y": 1.0,
          "z": 1.0
        },
        "matrix_basis": [
          [
            0.9999335408210754,
            -0.007027373183518648,
            0.00913951825350523,
            0.0
          ],
          [
            0.008297727443277836,
            0.9890487194061279,
            -0.14735591411590576,
            0.0
          ],
          [
            -0.008003903552889824,
            0.1474219560623169,
            0.9890413284301758,
            0.0
          ],
          [
            0.0,
            0.0,
            0.0,
            1.0
          ]
        ],
        "rotation_mode": "QUATERNION"
      },
      "armature_space": {
        "head": {
          "x": 0.4971412122249603,
          "y": 0.05790159851312637,
          "z": 0.09927479177713394
        },
        "tail": {
          "x": 0.5232605338096619,
          "y": 0.05215023458003998,
          "z": 0.08472844958305359
        }
      },
      "world_space": {
        "head": {
          "x": 0.4971412122249603,
          "y": 0.12114559859037399,
          "z": 1.049128770828247
        },
        "tail": {
          "x": 0.5232605338096619,
          "y": 0.1153942346572876,
          "z": 1.034582495689392
        },
        "rotation_quaternion": {
          "w": 0.579850971698761,
          "x": -0.0630892962217331,
          "y": 0.2632817029953003,
          "z": -0.7684240341186523
        },
        "matrix": [
          [
            -0.319583535194397,
            0.8579217195510864,
            0.40228864550590515,
            0.4971412122249603
          ],
          [
            -0.924364447593689,
            -0.18891067802906036,
            -0.3314569890499115,
            0.12114559859037399
          ],
          [
            -0.2083696871995926,
            -0.4777926802635193,
            0.8534106612205505,
            1.049128770828247
          ],
          [
            0.0,
            0.0,
            0.0,
            1.0
          ]
        ]
      },
      "bone_length_armature_space": 0.030444920533000464,
      "parent": "thumb_02_l",
      "has_children": false,
      "is_end_bone": true
    },
    "metacarpal_index_l": {
      "name": "metacarpal_index_l",
      "local": {
        "location": {
          "x": 0.0,
          "y": 0.0,
          "z": 0.0
        },
        "rotation_quaternion": {
          "w": 0.9980860352516174,
          "x": -0.060218095779418945,
          "y": 0.012368730269372463,
          "z": -0.006719386205077171
        },
        "scale": {
          "x": 1.0,
          "y": 1.0,
          "z": 1.0
        },
        "matrix_basis": [
          [
            0.9996037483215332,
            0.011923408135771751,
            0.02549937181174755,
            0.0
          ],
          [
            -0.014902694150805473,
            0.9926572442054749,
            0.12003946304321289,
            0.0
          ],
          [
            -0.0238808561116457,
            -0.12037190049886703,
            0.9924415946006775,
            0.0
          ],
          [
            0.0,
            0.0,
            0.0,
            1.0
          ]
        ],
        "rotation_mode": "QUATERNION"
      },
      "armature_space": {
        "head": {
          "x": 0.5035845041275024,
          "y": 0.09739045053720474,
          "z": 0.1955314725637436
        },
        "tail": {
          "x": 0.5329089164733887,
          "y": 0.03844757005572319,
          "z": 0.0986027792096138
        }
      },
      "world_space": {
        "head": {
          "x": 0.5035845041275024,
          "y": 0.16063445806503296,
          "z": 1.145385503768921
        },
        "tail": {
          "x": 0.5329089164733887,
          "y": 0.10169157385826111,
          "z": 1.0484567880630493
        },
        "rotation_quaternion": {
          "w": 0.33167457580566406,
          "x": -0.7395044565200806,
          "y": -0.37211352586746216,
          "z": 0.4523898959159851
        },
        "matrix": [
          [
            0.3137490749359131,
            0.25026851892471313,
            -0.91592937707901,
            0.5035845041275024
          ],
          [
            0.850452184677124,
            -0.5030469298362732,
            0.1538676917552948,
            0.16063445806503296
          ],
          [
            -0.422249436378479,
            -0.8272361159324646,
            -0.3706745207309723,
            1.145385503768921
          ],
          [
            0.0,
            0.0,
            0.0,
            1.0
          ]
        ]
      },
      "bone_length_armature_space": 0.1171723358455951,
      "parent": "lowerarm_l",
      "has_children": true,
      "is_end_bone": false
    },
    "index_01_l": {
      "name": "index_01_l",
      "local": {
        "location": {
          "x": 0.0,
          "y": 0.0,
          "z": 0.0
        },
        "rotation_quaternion": {
          "w": 0.9961996078491211,
          "x": -0.08490242063999176,
          "y": -0.010552281513810158,
          "z": 0.016329588368535042
        },
        "scale": {
          "x": 1.0,
          "y": 1.0,
          "z": 1.0
        },
        "matrix_basis": [
          [
            0.999243974685669,
            -0.030743230134248734,
            -0.023797200992703438,
            0.0
          ],
          [
            0.034326888620853424,
            0.985049843788147,
            0.16881488263607025,
            0.0
          ],
          [
            0.018251514062285423,
            -0.16950415074825287,
            0.9853604435920715,
            0.0
          ],
          [
            0.0,
            0.0,
            0.0,
            1.0
          ]
        ],
        "rotation_mode": "QUATERNION"
      },
      "armature_space": {
        "head": {
          "x": 0.5329089164733887,
          "y": 0.03844757005572319,
          "z": 0.0986027792096138
        },
        "tail": {
          "x": 0.5498649477958679,
          "y": 0.03143209218978882,
          "z": 0.07677728682756424
        }
      },
      "world_space": {
        "head": {
          "x": 0.5329089164733887,
          "y": 0.10169157385826111,
          "z": 1.0484567880630493
        },
        "tail": {
          "x": 0.5498649477958679,
          "y": 0.09467609226703644,
          "z": 1.0266313552856445
        },
        "rotation_quaternion": {
          "w": 0.29280519485473633,
          "x": -0.7228890657424927,
          "y": -0.5396741032600403,
          "z": 0.31693601608276367
        },
        "matrix": [
          [
            0.21660397946834564,
            0.5946484208106995,
            -0.7742578983306885,
            0.5329089164733887
          ],
          [
            0.9658506512641907,
            -0.24603313207626343,
            0.08124427497386932,
            0.10169157385826111
          ],
          [
            -0.14218153059482574,
            -0.7654208540916443,
            -0.6276377439498901,
            1.0484567880630493
          ],
          [
            0.0,
            0.0,
            0.0,
            1.0
          ]
        ]
      },
      "bone_length_armature_space": 0.028514488179489164,
      "parent": "metacarpal_index_l",
      "has_children": true,
      "is_end_bone": false
    },
    "index_02_l": {
      "name": "index_02_l",
      "local": {
        "location": {
          "x": 0.0,
          "y": 0.0,
          "z": 0.0
        },
        "rotation_quaternion": {
          "w": 0.9852752089500427,
          "x": 0.1708115190267563,
          "y": -0.004077628720551729,
          "z": 0.0062985788099467754
        },
        "scale": {
          "x": 1.0,
          "y": 1.0,
          "z": 1.0
        },
        "matrix_basis": [
          [
            0.9998874068260193,
            -0.013804678805172443,
            -0.005883433390408754,
            0.0
          ],
          [
            0.011018655262887478,
            0.9415674805641174,
            -0.33664408326148987,
            0.0
          ],
          [
            0.01018691249191761,
            0.3365413546562195,
            0.9416136145591736,
            0.0
          ],
          [
            0.0,
            0.0,
            0.0,
            1.0
          ]
        ],
        "rotation_mode": "QUATERNION"
      },
      "armature_space": {
        "head": {
          "x": 0.5498648881912231,
          "y": 0.03143179416656494,
          "z": 0.07677682489156723
        },
        "tail": {
          "x": 0.5583696365356445,
          "y": 0.02588859386742115,
          "z": 0.053217530250549316
        }
      },
      "world_space": {
        "head": {
          "x": 0.5498648881912231,
          "y": 0.09467579424381256,
          "z": 1.0266308784484863
        },
        "tail": {
          "x": 0.5583696365356445,
          "y": 0.08913259208202362,
          "z": 1.0030715465545654
        },
        "rotation_quaternion": {
          "w": 0.3796246349811554,
          "x": -0.6552747488021851,
          "y": -0.4978392720222473,
          "z": 0.4226774573326111
        },
        "matrix": [
          [
            0.14699779450893402,
            0.3315261900424957,
            -0.931923508644104,
            0.5498648881912231
          ],
          [
            0.9733610153198242,
            -0.2160816341638565,
            0.07666437327861786,
            0.09467579424381256
          ],
          [
            -0.17595574259757996,
            -0.9183740615844727,
            -0.354460746049881,
            1.0266308784484863
          ],
          [
            0.0,
            0.0,
            0.0,
            1.0
          ]
        ]
      },
      "bone_length_armature_space": 0.025653424525544803,
      "parent": "index_01_l",
      "has_children": true,
      "is_end_bone": false
    },
    "index_03_l": {
      "name": "index_03_l",
      "local": {
        "location": {
          "x": 0.0,
          "y": 0.0,
          "z": 0.0
        },
        "rotation_quaternion": {
          "w": 0.9766904711723328,
          "x": 0.21449457108974457,
          "y": -0.003137598978355527,
          "z": -0.007624911610037088
        },
        "scale": {
          "x": 1.0,
          "y": 1.0,
          "z": 1.0
        },
        "matrix_basis": [
          [
            0.9998640418052673,
            0.013548361137509346,
            -0.009399930015206337,
            0.0
          ],
          [
            -0.016240352764725685,
            0.9078679084777832,
            -0.41894176602363586,
            0.0
          ],
          [
            0.0028579216450452805,
            0.41903746128082275,
            0.9079644680023193,
            0.0
          ],
          [
            0.0,
            0.0,
            0.0,
            1.0
          ]
        ],
        "rotation_mode": "QUATERNION"
      },
      "armature_space": {
        "head": {
          "x": 0.5583697557449341,
          "y": 0.025888560339808464,
          "z": 0.05321759730577469
        },
        "tail": {
          "x": 0.5537493824958801,
          "y": 0.025093620643019676,
          "z": 0.02437729388475418
        }
      },
      "world_space": {
        "head": {
          "x": 0.5583697557449341,
          "y": 0.08913256227970123,
          "z": 1.003071665763855
        },
        "tail": {
          "x": 0.5537493824958801,
          "y": 0.08833762258291245,
          "z": 0.9742313027381897
        },
        "rotation_quaternion": {
          "w": 0.5710296034812927,
          "x": -0.5143067240715027,
          "y": -0.4004027247428894,
          "z": 0.49909061193466187
        },
        "matrix": [
          [
            0.1811714619398117,
            -0.1581316441297531,
            -0.9706547260284424,
            0.5583697557449341
          ],
          [
            0.9818509221076965,
            -0.027206555008888245,
            0.18769358098506927,
            0.08913256227970123
          ],
          [
            -0.056088048964738846,
            -0.9870500564575195,
            0.15033379197120667,
            1.003071665763855
          ],
          [
            0.0,
            0.0,
            0.0,
            1.0
          ]
        ]
      },
      "bone_length_armature_space": 0.029218878544505528,
      "parent": "index_02_l",
      "has_children": false,
      "is_end_bone": true
    },
    "metacarpal_pinky_l": {
      "name": "metacarpal_pinky_l",
      "local": {
        "location": {
          "x": 0.0,
          "y": 0.0,
          "z": 0.0
        },
        "rotation_quaternion": {
          "w": 0.999860405921936,
          "x": 0.009099970571696758,
          "y": 0.009440510533750057,
          "z": 0.010363481007516384
        },
        "scale": {
          "x": 1.0,
          "y": 1.0,
          "z": 1.0
        },
        "matrix_basis": [
          [
            0.9996069669723511,
            -0.020552251487970352,
            0.019067000597715378,
            0.0
          ],
          [
            0.020895885303616524,
            0.9996196031570435,
            -0.018001727759838104,
            0.0
          ],
          [
            -0.018689770251512527,
            0.018393073230981827,
            0.9996561408042908,
            0.0
          ],
          [
            0.0,
            0.0,
            0.0,
            1.0
          ]
        ],
        "rotation_mode": "QUATERNION"
      },
      "armature_space": {
        "head": {
          "x": 0.5035845041275024,
          "y": 0.09739045053720474,
          "z": 0.1955314725637436
        },
        "tail": {
          "x": 0.5672231316566467,
          "y": 0.08757811784744263,
          "z": 0.11369536817073822
        }
      },
      "world_space": {
        "head": {
          "x": 0.5035845041275024,
          "y": 0.16063445806503296,
          "z": 1.145385503768921
        },
        "tail": {
          "x": 0.5672231316566467,
          "y": 0.15082211792469025,
          "z": 1.0635493993759155
        },
        "rotation_quaternion": {
          "w": 0.39714351296424866,
          "x": 0.02198520489037037,
          "y": 0.5432875752449036,
          "z": -0.739345908164978
        },
        "matrix": [
          [
            -0.6835854053497314,
            0.611141562461853,
            0.39901942014694214,
            0.5035845041275024
          ],
          [
            -0.5633672475814819,
            -0.09423089772462845,
            -0.8208156824111938,
            0.16063445806503296
          ],
          [
            -0.4640384316444397,
            -0.7858974933624268,
            0.4087141752243042,
            1.145385503768921
          ],
          [
            0.0,
            0.0,
            0.0,
            1.0
          ]
        ]
      },
      "bone_length_armature_space": 0.10413119033604187,
      "parent": "lowerarm_l",
      "has_children": true,
      "is_end_bone": false
    },
    "pinky_01_l": {
      "name": "pinky_01_l",
      "local": {
        "location": {
          "x": 0.0,
          "y": 0.0,
          "z": 0.0
        },
        "rotation_quaternion": {
          "w": 0.9990497827529907,
          "x": 0.03892375901341438,
          "y": -0.0016295830719172955,
          "z": -0.0195451732724905
        },
        "scale": {
          "x": 1.0,
          "y": 1.0,
          "z": 1.0
        },
        "matrix_basis": [
          [
            0.999230682849884,
            0.038926344364881516,
            -0.004777612630277872,
            0.0
          ],
          [
            -0.03918006271123886,
            0.9962058663368225,
            -0.07770984619855881,
            0.0
          ],
          [
            0.0017345260130241513,
            0.07783724367618561,
            0.9969645738601685,
            0.0
          ],
          [
            0.0,
            0.0,
            0.0,
            1.0
          ]
        ],
        "rotation_mode": "QUATERNION"
      },
      "armature_space": {
        "head": {
          "x": 0.5672231316566467,
          "y": 0.08757811784744263,
          "z": 0.11369536817073822
        },
        "tail": {
          "x": 0.5763057470321655,
