{
  "metadata": {
    "armature_name": "KIM_caucasian_male",
    "export_time": "2026-01-13T20:25:09.849416",
    "blender_version": "4.4.1",
    "bone_count": 56,
    "end_bone_count": 13,
    "spaces_included": [
      "LOCAL_CHANNELS",
      "ARMATURE_SPACE",
      "WORLD_SPACE"
    ],
    "note": "LOCAL matches Transform panel; replay pose via local.matrix_basis for best fidelity."
  },
  "bones": {
    "Root": {
      "name": "Root",
      "local": {
        "location": {
          "x": 0.0,
          "y": 0.0,
          "z": 0.0
        },
        "rotation_quaternion": {
          "w": 0.9998726844787598,
          "x": 0.015397058799862862,
          "y": 0.0002660467871464789,
          "z": -0.004203982651233673
        },
        "scale": {
          "x": 1.0,
          "y": 1.0,
          "z": 1.0
        },
        "matrix_basis": [
          [
            0.9999645352363586,
            0.00841508712619543,
            0.00040256790816783905,
            0.0
          ],
          [
            -0.00839870236814022,
            0.99949049949646,
            -0.03079243376851082,
            0.0
          ],
          [
            -0.0006614837911911309,
            0.030787959694862366,
            0.9995257258415222,
            0.0
          ],
          [
            0.0,
            0.0,
            0.0,
            1.0
          ]
        ],
        "rotation_mode": "QUATERNION"
      },
      "armature_space": {
        "head": {
          "x": 0.0,
          "y": 0.07072800397872925,
          "z": -0.009595036506652832
        },
        "tail": {
          "x": 0.0006006341427564621,
          "y": -0.00025937706232070923,
          "z": -0.0021824748255312443
        }
      },
      "world_space": {
        "head": {
          "x": 0.0,
          "y": 0.13397200405597687,
          "z": 0.9402589797973633
        },
        "tail": {
          "x": 0.0006006341427564621,
          "y": 0.06298462301492691,
          "z": 0.9476715326309204
        },
        "rotation_quaternion": {
          "w": 0.051996998488903046,
          "x": 0.9986384510993958,
          "y": 0.004212356172502041,
          "z": -1.7770616977941245e-05
        },
        "matrix": [
          [
            0.9999645352363586,
            0.00841508712619543,
            0.00040256790816783905,
            0.0
          ],
          [
            0.008411391638219357,
            -0.9945571422576904,
            -0.10385299474000931,
            0.13397200405597687
          ],
          [
            -0.00047355075366795063,
            0.10385248810052872,
            -0.9945996403694153,
            0.9402589797973633
          ],
          [
            0.0,
            0.0,
            0.0,
            1.0
          ]
        ]
      },
      "bone_length_armature_space": 0.07137587082036316,
      "parent": null,
      "has_children": true,
      "is_end_bone": false
    },
    "spine_01": {
      "name": "spine_01",
      "local": {
        "location": {
          "x": 0.0,
          "y": 0.0,
          "z": 0.0
        },
        "rotation_quaternion": {
          "w": 0.9982239007949829,
          "x": -0.02011081948876381,
          "y": 0.05601631850004196,
          "z": 0.002606632886454463
        },
        "scale": {
          "x": 1.0,
          "y": 1.0,
          "z": 1.0
        },
        "matrix_basis": [
          [
            0.9937107563018799,
            -0.007457074709236622,
            0.11172880977392197,
            0.0
          ],
          [
            0.002950938418507576,
            0.9991775155067444,
            0.04044222831726074,
            0.0
          ],
          [
            -0.11193849891424179,
            -0.039858173578977585,
            0.9929154515266418,
            0.0
          ],
          [
            0.0,
            0.0,
            0.0,
            1.0
          ]
        ],
        "rotation_mode": "QUATERNION"
      },
      "armature_space": {
        "head": {
          "x": 0.0006006341427564621,
          "y": -0.00025937706232070923,
          "z": -0.0021824748255312443
        },
        "tail": {
          "x": -0.0030366103164851665,
          "y": 0.026939913630485535,
          "z": 0.4850500226020813
        }
      },
      "world_space": {
        "head": {
          "x": 0.0006006341427564621,
          "y": 0.06298462301492691,
          "z": 0.9476715326309204
        },
        "tail": {
          "x": -0.0030366103164851665,
          "y": 0.09018391370773315,
          "z": 1.4349040985107422
        },
        "rotation_quaternion": {
          "w": 0.7253788113594055,
          "x": 0.6857060790061951,
          "y": 0.04115191847085953,
          "z": 0.04403878003358841
        },
        "matrix": [
          [
            0.9927342534065247,
            -0.007453351281583309,
            0.12009681016206741,
            0.0006006341427564621
          ],
          [
            0.12032587826251984,
            0.05573610961437225,
            -0.9911686778068542,
            0.06298462301492691
          ],
          [
            0.0006939134327694774,
            0.998424768447876,
            0.05622746795415878,
            0.9476715326309204
          ],
          [
            0.0,
            0.0,
            0.0,
            1.0
          ]
        ]
      },
      "bone_length_armature_space": 0.48800465271034904,
      "parent": "Root",
      "has_children": true,
      "is_end_bone": false
    },
    "neck_01": {
      "name": "neck_01",
      "local": {
        "location": {
          "x": 0.0,
          "y": 0.0,
          "z": 0.0
        },
        "rotation_quaternion": {
          "w": 0.9987281560897827,
          "x": 0.021542740985751152,
          "y": 0.027739321812987328,
          "z": 0.03617292270064354
        },
        "scale": {
          "x": 1.0,
          "y": 1.0,
          "z": 1.0
        },
        "matrix_basis": [
          [
            0.9958441257476807,
            -0.07105866819620132,
            0.05696661025285721,
            0.0
          ],
          [
            0.07344899326562881,
            0.9964548349380493,
            -0.0410238578915596,
            0.0
          ],
          [
            -0.05384955555200577,
            0.04503750801086426,
            0.9975329041481018,
            0.0
          ],
          [
            0.0,
            0.0,
            0.0,
            1.0
          ]
        ],
        "rotation_mode": "QUATERNION"
      },
      "armature_space": {
        "head": {
          "x": 0.0005826773121953011,
          "y": -0.0033533424139022827,
          "z": 0.560103178024292
        },
        "tail": {
          "x": -0.002176215872168541,
          "y": -0.041750289499759674,
          "z": 0.655123233795166
        }
      },
      "world_space": {
        "head": {
          "x": 0.0005826773121953011,
          "y": 0.05989065766334534,
          "z": 1.509957194328308
        },
        "tail": {
          "x": -0.002176215872168541,
          "y": 0.021493710577487946,
          "z": 1.6049772500991821
        },
        "rotation_quaternion": {
          "w": 0.558086633682251,
          "x": 0.825435221195221,
          "y": 0.035720717161893845,
          "z": 0.07694214582443237
        },
        "matrix": [
          [
            0.9856079816818237,
            -0.026910429820418358,
            0.16689175367355347,
            0.0005826773121953011
          ],
          [
            0.14485085010528564,
            -0.37452638149261475,
            -0.9158322215080261,
            0.05989065766334534
          ],
          [
            0.08715151995420456,
            0.9268317222595215,
            -0.36524152755737305,
            1.509957194328308
          ],
          [
            0.0,
            0.0,
            0.0,
            1.0
          ]
        ]
      },
      "bone_length_armature_space": 0.10252193933228666,
      "parent": "spine_01",
      "has_children": true,
      "is_end_bone": false
    },
    "head": {
      "name": "head",
      "local": {
        "location": {
          "x": 0.0,
          "y": 0.0,
          "z": 0.0
        },
        "rotation_quaternion": {
          "w": 0.9813172817230225,
          "x": -0.1192508265376091,
          "y": -0.07752189040184021,
          "z": 0.1295609325170517
        },
        "scale": {
          "x": 1.0,
          "y": 1.0,
          "z": 1.0
        },
        "matrix_basis": [
          [
            0.9544086456298828,
            -0.2357916682958603,
            -0.18304763734340668,
            0.0
          ],
          [
            0.27276986837387085,
            0.937986433506012,
            0.21395817399024963,
            0.0
          ],
          [
            0.12124664336442947,
            -0.254133403301239,
            0.9595391750335693,
            0.0
          ],
          [
            0.0,
            0.0,
            0.0,
            1.0
          ]
        ],
        "rotation_mode": "QUATERNION"
      },
      "armature_space": {
        "head": {
          "x": -0.002176187699660659,
          "y": -0.04175040125846863,
          "z": 0.6551230549812317
        },
        "tail": {
          "x": -0.05638217553496361,
          "y": -0.010579366236925125,
          "z": 0.7970502972602844
        }
      },
      "world_space": {
        "head": {
          "x": -0.002176187699660659,
          "y": 0.02149359881877899,
          "z": 1.6049771308898926
        },
        "tail": {
          "x": -0.05638217553496361,
          "y": 0.052664633840322495,
          "z": 1.7469043731689453
        },
        "rotation_quaternion": {
          "w": 0.7627943158149719,
          "x": 0.6209601759910583,
          "y": -0.13651977479457855,
          "z": 0.11796490103006363
        },
        "matrix": [
          [
            0.9348934888839722,
            -0.34951263666152954,
            -0.06176827847957611,
            -0.002176187699660659
          ],
          [
            0.01042136549949646,
            0.20098647475242615,
            -0.9795387983322144,
            0.02149359881877899
          ],
          [
            0.3547781705856323,
            0.9151269793510437,
            0.19154368340969086,
            1.6049771308898926
          ],
          [
            0.0,
            0.0,
            0.0,
            1.0
          ]
        ]
      },
      "bone_length_armature_space": 0.1550911470246923,
      "parent": "neck_01",
      "has_children": false,
      "is_end_bone": true
    },
    "upperarm_l": {
      "name": "upperarm_l",
      "local": {
        "location": {
          "x": 0.0,
          "y": 0.0,
          "z": 0.0
        },
        "rotation_quaternion": {
          "w": 0.9664251804351807,
          "x": -0.18276047706604004,
          "y": 0.04350686073303223,
          "z": 0.1752948760986328
        },
        "scale": {
          "x": 1.0,
          "y": 1.0,
          "z": 1.0
        },
        "matrix_basis": [
          [
            0.9347577095031738,
            -0.35472142696380615,
            0.020018301904201508,
            0.0
          ],
          [
            0.32291609048843384,
            0.8717406392097473,
            0.3685017228126526,
            0.0
          ],
          [
            -0.14816619455814362,
            -0.33799558877944946,
            0.9294115304946899,
            0.0
          ],
          [
            0.0,
            0.0,
            0.0,
            1.0
          ]
        ],
        "rotation_mode": "QUATERNION"
      },
      "armature_space": {
        "head": {
          "x": 0.15037675201892853,
          "y": 0.0077886804938316345,
          "z": 0.4932847023010254
        },
        "tail": {
          "x": 0.36835551261901855,
          "y": 0.13733258843421936,
          "z": 0.5799530148506165
        }
      },
      "world_space": {
        "head": {
          "x": 0.15037675201892853,
          "y": 0.07103268057107925,
          "z": 1.4431387186050415
        },
        "tail": {
          "x": 0.36835551261901855,
          "y": 0.20057658851146698,
          "z": 1.5298070907592773
        },
        "rotation_quaternion": {
          "w": 0.6637710928916931,
          "x": 0.44562670588493347,
          "y": 0.5487449765205383,
          "z": -0.24434375762939453
        },
        "matrix": [
          [
            0.2783512473106384,
            0.8134464025497437,
            0.510711133480072,
            0.15037675201892853
          ],
          [
            0.16469258069992065,
            0.4834279417991638,
            -0.859752357006073,
            0.07103268057107925
          ],
          [
            -0.9462605714797974,
            0.3234260380268097,
            0.0005934033542871475,
            1.4431387186050415
          ],
          [
            0.0,
            0.0,
            0.0,
            1.0
          ]
        ]
      },
      "bone_length_armature_space": 0.267969698563668,
      "parent": "spine_01",
      "has_children": true,
      "is_end_bone": false
    },
    "lowerarm_l": {
      "name": "lowerarm_l",
      "local": {
        "location": {
          "x": 0.0,
          "y": 0.0,
          "z": 0.0
        },
        "rotation_quaternion": {
          "w": 0.8915702104568481,
          "x": 0.36478105187416077,
          "y": -0.22842763364315033,
          "z": 0.1409192830324173
        },
        "scale": {
          "x": 1.0,
          "y": 1.0,
          "z": 1.0
        },
        "matrix_basis": [
          [
            0.8559251427650452,
            -0.4179310202598572,
            -0.3045091927051544,
            0.0
          ],
          [
            0.08462672680616379,
            0.6941530704498291,
            -0.7148355841636658,
            0.0
          ],
          [
            0.5101279020309448,
            0.5860761404037476,
            0.6295111775398254,
            0.0
          ],
          [
            0.0,
            0.0,
            0.0,
            1.0
          ]
        ],
        "rotation_mode": "QUATERNION"
      },
      "armature_space": {
        "head": {
          "x": 0.36835557222366333,
          "y": 0.13733258843421936,
          "z": 0.579953134059906
        },
        "tail": {
          "x": 0.5383034348487854,
          "y": 0.05294758081436157,
          "z": 0.7685445547103882
        }
      },
      "world_space": {
        "head": {
          "x": 0.36835557222366333,
          "y": 0.20057658851146698,
          "z": 1.5298070907592773
        },
        "tail": {
          "x": 0.5383034348487854,
          "y": 0.11619158089160919,
          "z": 1.7183985710144043
        },
        "rotation_quaternion": {
          "w": 0.5778462886810303,
          "x": 0.6799876689910889,
          "y": 0.09153606742620468,
          "z": -0.44196346402168274
        },
        "matrix": [
          [
            0.5925770401954651,
            0.6352609395980835,
            -0.4952738881111145,
            0.36835557222366333
          ],
          [
            -0.38629090785980225,
            -0.31542909145355225,
            -0.8667665123939514,
            0.20057658851146698
          ],
          [
            -0.7068516612052917,
            0.7049500942230225,
            0.05847920849919319,
            1.5298070907592773
          ],
          [
            0.0,
            0.0,
            0.0,
            1.0
          ]
        ]
      },
      "bone_length_armature_space": 0.2675253831786355,
      "parent": "upperarm_l",
      "has_children": true,
      "is_end_bone": false
    },
    "metacarpal_thumb_l": {
      "name": "metacarpal_thumb_l",
      "local": {
        "location": {
          "x": 0.0,
          "y": 0.0,
          "z": 0.0
        },
        "rotation_quaternion": {
          "w": 0.999855637550354,
          "x": -0.01308290846645832,
          "y": -0.008133011870086193,
          "z": 0.007176422514021397
        },
        "scale": {
          "x": 1.0,
          "y": 1.0,
          "z": 1.0
        },
        "matrix_basis": [
          [
            0.9997646808624268,
            -0.014137966558337212,
            -0.016451451927423477,
            0.0
          ],
          [
            0.01456358004361391,
            0.9995546936988831,
            0.026045307517051697,
            0.0
          ],
          [
            0.016075897961854935,
            -0.026278771460056305,
            0.9995253682136536,
            0.0
          ],
          [
            0.0,
            0.0,
            0.0,
            1.0
          ]
        ],
        "rotation_mode": "QUATERNION"
      },
      "armature_space": {
        "head": {
          "x": 0.5383034348487854,
          "y": 0.05294758081436157,
          "z": 0.7685445547103882
        },
        "tail": {
          "x": 0.552819550037384,
          "y": 0.011933349072933197,
          "z": 0.7922237515449524
        }
      },
      "world_space": {
        "head": {
          "x": 0.5383034348487854,
          "y": 0.11619158089160919,
          "z": 1.7183985710144043
        },
        "tail": {
          "x": 0.552819550037384,
          "y": 0.07517734915018082,
          "z": 1.7420778274536133
        },
        "rotation_quaternion": {
          "w": 0.20968034863471985,
          "x": 0.9321089386940002,
          "y": 0.20501354336738586,
          "z": 0.21254786849021912
        },
        "matrix": [
          [
            0.8255855441093445,
            0.29305610060691833,
            0.482210248708725,
            0.5383034348487854
          ],
          [
            0.47132450342178345,
            -0.828007161617279,
            -0.30373919010162354,
            0.11619158089160919
          ],
          [
            0.31026342511177063,
            0.4780426025390625,
            -0.8217210173606873,
            1.7183985710144043
          ],
          [
            0.0,
            0.0,
            0.0,
            1.0
          ]
        ]
      },
      "bone_length_armature_space": 0.04953371737599485,
      "parent": "lowerarm_l",
      "has_children": true,
      "is_end_bone": false
    },
    "thumb_01_l": {
      "name": "thumb_01_l",
      "local": {
        "location": {
          "x": 0.0,
          "y": 0.0,
          "z": 0.0
        },
        "rotation_quaternion": {
          "w": 0.9983811378479004,
          "x": 0.056874219328165054,
          "y": -0.00039562699384987354,
          "z": 0.0005520256818272173
        },
        "scale": {
          "x": 1.0,
          "y": 1.0,
          "z": 1.0
        },
        "matrix_basis": [
          [
            0.9999991059303284,
            -0.001147266011685133,
            -0.0007271809736266732,
            0.0
          ],
          [
            0.0010572620667517185,
            0.9935300350189209,
            -0.11356472969055176,
            0.0
          ],
          [
            0.0008527651079930365,
            0.11356385797262192,
            0.9935303330421448,
            0.0
          ],
          [
            0.0,
            0.0,
            0.0,
            1.0
          ]
        ],
        "rotation_mode": "QUATERNION"
      },
      "armature_space": {
        "head": {
          "x": 0.552819550037384,
          "y": 0.011933349072933197,
          "z": 0.7922237515449524
        },
        "tail": {
          "x": 0.5715013742446899,
          "y": -0.01464170590043068,
          "z": 0.7820559740066528
        }
      },
      "world_space": {
        "head": {
          "x": 0.552819550037384,
          "y": 0.07517734915018082,
          "z": 1.7420778274536133
        },
        "tail": {
          "x": 0.5715013742446899,
          "y": 0.04860229417681694,
          "z": 1.731909990310669
        },
        "rotation_quaternion": {
          "w": 0.326375812292099,
          "x": -0.5842547416687012,
          "y": -0.05578090623021126,
          "z": -0.740954577922821
        },
        "matrix": [
          [
            -0.10424953699111938,
            0.5488421320915222,
            0.8294001817703247,
            0.552819550037384
          ],
          [
            -0.41847869753837585,
            -0.7807334065437317,
            0.46403783559799194,
            0.07517734915018082
          ],
          [
            0.9022292494773865,
            -0.298713356256485,
            0.3110724091529846,
            1.7420778274536133
          ],
          [
            0.0,
            0.0,
            0.0,
            1.0
          ]
        ]
      },
      "bone_length_armature_space": 0.03403862214969161,
      "parent": "metacarpal_thumb_l",
      "has_children": true,
      "is_end_bone": false
    },
    "thumb_02_l": {
      "name": "thumb_02_l",
      "local": {
        "location": {
          "x": 0.0,
          "y": 0.0,
          "z": 0.0
        },
        "rotation_quaternion": {
          "w": 0.9912901520729065,
          "x": 0.1314646303653717,
          "y": 0.0053605129942297935,
          "z": 0.0056838239543139935
        },
        "scale": {
          "x": 1.0,
          "y": 1.0,
          "z": 1.0
        },
        "matrix_basis": [
          [
            0.9998779296875,
            -0.00985920149832964,
            0.01212209090590477,
            0.0
          ],
          [
            0.012678072787821293,
            0.965369462966919,
            -0.2605782449245453,
            0.0
          ],
          [
            -0.009133203886449337,
            0.26070013642311096,
            0.965376615524292,
            0.0
          ],
          [
            0.0,
            0.0,
            0.0,
            1.0
          ]
        ],
        "rotation_mode": "QUATERNION"
      },
      "armature_space": {
        "head": {
          "x": 0.5715013146400452,
          "y": -0.014641699381172657,
          "z": 0.7820559740066528
        },
        "tail": {
          "x": 0.5973702669143677,
          "y": -0.020717576146125793,
          "z": 0.81217360496521
        }
      },
      "world_space": {
        "head": {
          "x": 0.5715013146400452,
          "y": 0.04860230162739754,
          "z": 1.731909990310669
        },
        "tail": {
          "x": 0.5973702669143677,
          "y": 0.042526423931121826,
          "z": 1.762027621269226
        },
        "rotation_quaternion": {
          "w": 0.39500436186790466,
          "x": -0.044114988297224045,
          "y": -0.5180090069770813,
          "z": -0.7574247121810913
        },
        "matrix": [
          [
            -0.6840494871139526,
            0.6440764665603638,
            -0.34240636229515076,
            0.5715013146400452
          ],
          [
            -0.5526703596115112,
            -0.15127518773078918,
            0.8195556998252869,
            0.04860230162739754
          ],
          [
            0.4760614037513733,
            0.749859094619751,
            0.4594454765319824,
            1.731909990310669
          ],
          [
            0.0,
            0.0,
            0.0,
            1.0
          ]
        ]
      },
      "bone_length_armature_space": 0.04016454503345668,
      "parent": "thumb_01_l",
      "has_children": true,
      "is_end_bone": false
    },
    "thumb_03_l": {
      "name": "thumb_03_l",
      "local": {
        "location": {
          "x": 0.0,
          "y": 0.0,
          "z": 0.0
        },
        "rotation_quaternion": {
          "w": 0.9947682023048401,
          "x": 0.10201232135295868,
          "y": 0.005043198820203543,
          "z": -0.002116050338372588
        },
        "scale": {
          "x": 1.0,
          "y": 1.0,
          "z": 1.0
        },
        "matrix_basis": [
          [
            0.9999401569366455,
            0.005238896235823631,
            0.009601901285350323,
            0.0
          ],
          [
            -0.003181022359058261,
            0.9791780114173889,
            -0.20297856628894806,
            0.0
          ],
          [
            -0.010465353727340698,
            0.20293588936328888,
            0.9791361093521118,
            0.0
          ],
          [
            0.0,
            0.0,
            0.0,
            1.0
          ]
        ],
        "rotation_mode": "QUATERNION"
      },
      "armature_space": {
        "head": {
          "x": 0.5973702073097229,
          "y": -0.020717652514576912,
          "z": 0.81217360496521
        },
        "tail": {
          "x": 0.6117570400238037,
          "y": -0.012430166825652122,
          "z": 0.8376929759979248
        }
      },
      "world_space": {
        "head": {
          "x": 0.5973702073097229,
          "y": 0.04252634942531586,
          "z": 1.762027621269226
        },
        "tail": {
          "x": 0.6117570400238037,
          "y": 0.05081383138895035,
          "z": 1.787546992301941
        },
        "rotation_quaternion": {
          "w": 0.5538514852523804,
          "x": 0.15174227952957153,
          "y": -0.5738936066627502,
          "z": -0.5838398933410645
        },
        "matrix": [
          [
            -0.3404419720172882,
            0.4725527763366699,
            -0.8128920793533325,
            0.5973702073097229
          ],
          [
            -0.8208904266357422,
            0.2722127437591553,
            0.5020352602005005,
            0.04252634942531586
          ],
          [
            0.45851969718933105,
            0.8382147550582886,
            0.2952437996864319,
            1.762027621269226
          ],
          [
            0.0,
            0.0,
            0.0,
            1.0
          ]
        ]
      },
      "bone_length_armature_space": 0.030445060161168765,
      "parent": "thumb_02_l",
      "has_children": false,
      "is_end_bone": true
    },
    "metacarpal_index_l": {
      "name": "metacarpal_index_l",
      "local": {
        "location": {
          "x": 0.0,
          "y": 0.0,
          "z": 0.0
        },
        "rotation_quaternion": {
          "w": 0.9997758865356445,
          "x": -0.01737745851278305,
          "y": 0.012081950902938843,
          "z": -0.0004954282194375992
        },
        "scale": {
          "x": 1.0,
          "y": 1.0,
          "z": 1.0
        },
        "matrix_basis": [
          [
            0.9997075796127319,
            0.0005707271629944444,
            0.024175705388188362,
            0.0
          ],
          [
            -0.0014105415903031826,
            0.9993955492973328,
            0.03473515808582306,
            0.0
          ],
          [
            -0.02414126694202423,
            -0.034759100526571274,
            0.9991040825843811,
            0.0
          ],
          [
            0.0,
            0.0,
            0.0,
            1.0
          ]
        ],
        "rotation_mode": "QUATERNION"
      },
      "armature_space": {
        "head": {
          "x": 0.5383034348487854,
          "y": 0.05294758081436157,
          "z": 0.7685445547103882
        },
        "tail": {
          "x": 0.5946160554885864,
          "y": -0.012492604553699493,
          "z": 0.847764253616333
        }
      },
      "world_space": {
        "head": {
          "x": 0.5383034348487854,
          "y": 0.11619158089160919,
          "z": 1.7183985710144043
        },
        "tail": {
          "x": 0.5946160554885864,
          "y": 0.050751395523548126,
          "z": 1.7976182699203491
        },
        "rotation_quaternion": {
          "w": 0.39785146713256836,
          "x": 0.8813138008117676,
          "y": 0.24992994964122772,
          "z": -0.050352394580841064
        },
        "matrix": [
          [
            0.8699991106987,
            0.4805992543697357,
            0.11011885106563568,
            0.5383034348487854
          ],
          [
            0.40046897530555725,
            -0.5584980249404907,
            -0.7264329791069031,
            0.11619158089160919
          ],
          [
            -0.2876236140727997,
            0.6760991811752319,
            -0.6783629655838013,
            1.7183985710144043
          ],
          [
            0.0,
            0.0,
            0.0,
            1.0
          ]
        ]
      },
      "bone_length_armature_space": 0.11717205045108044,
      "parent": "lowerarm_l",
      "has_children": true,
      "is_end_bone": false
    },
    "index_01_l": {
      "name": "index_01_l",
      "local": {
        "location": {
          "x": 0.0,
          "y": 0.0,
          "z": 0.0
        },
        "rotation_quaternion": {
          "w": 0.9986396431922913,
          "x": -0.05115493759512901,
          "y": -0.005689637735486031,
          "z": 0.0083564892411232
        },
        "scale": {
          "x": 1.0,
          "y": 1.0,
          "z": 1.0
        },
        "matrix_basis": [
          [
            0.9997956156730652,
            -0.016108136624097824,
            -0.012218747287988663,
            0.0
          ],
          [
            0.017272349447011948,
            0.9946267008781433,
            0.10207560658454895,
            0.0
          ],
          [
            0.010508844628930092,
            -0.10226579010486603,
            0.994701623916626,
            0.0
          ],
          [
            0.0,
            0.0,
            0.0,
            1.0
          ]
        ],
        "rotation_mode": "QUATERNION"
      },
      "armature_space": {
        "head": {
          "x": 0.5946160554885864,
          "y": -0.012492604553699493,
          "z": 0.847764253616333
        },
        "tail": {
          "x": 0.6144300103187561,
          "y": -0.01859963871538639,
          "z": 0.8673394322395325
        }
      },
      "world_space": {
        "head": {
          "x": 0.5946160554885864,
          "y": 0.050751395523548126,
          "z": 1.7976182699203491
        },
        "tail": {
          "x": 0.6144300103187561,
          "y": 0.04464436322450638,
          "z": 1.8171935081481934
        },
        "rotation_quaternion": {
          "w": 0.477862149477005,
          "x": 0.7761704325675964,
          "y": 0.4056601822376251,
          "z": -0.06817018985748291
        },
        "matrix": [
          [
            0.6615840792655945,
            0.694875180721283,
            0.281878262758255,
            0.5946160554885864
          ],
          [
            0.5645731687545776,
            -0.21417394280433655,
            -0.7971116900444031,
            0.050751395523548126
          ],
          [
            -0.493524968624115,
            0.6865015625953674,
            -0.5340061187744141,
            1.7976182699203491
          ],
          [
            0.0,
            0.0,
            0.0,
            1.0
          ]
        ]
      },
      "bone_length_armature_space": 0.028514492453536804,
      "parent": "metacarpal_index_l",
      "has_children": true,
      "is_end_bone": false
    },
    "index_02_l": {
      "name": "index_02_l",
      "local": {
        "location": {
          "x": 0.0,
          "y": 0.0,
          "z": 0.0
        },
        "rotation_quaternion": {
          "w": 0.98568195104599,
          "x": 0.168563574552536,
          "y": -0.0035506379790604115,
          "z": -0.0021914602257311344
        },
        "scale": {
          "x": 1.0,
          "y": 1.0,
          "z": 1.0
        },
        "matrix_basis": [
          [
            0.9999651908874512,
            0.0031231490429490805,
            -0.007738400250673294,
            0.0
          ],
          [
            -0.005517181940376759,
            0.9431630373001099,
            -0.3322845697402954,
            0.0
          ],
          [
            0.006260798778384924,
            0.33231571316719055,
            0.9431474208831787,
            0.0
          ],
          [
            0.0,
            0.0,
            0.0,
            1.0
          ]
        ],
        "rotation_mode": "QUATERNION"
      },
      "armature_space": {
        "head": {
          "x": 0.6144301295280457,
          "y": -0.018600108101963997,
          "z": 0.8673396110534668
        },
        "tail": {
          "x": 0.6337862610816956,
          "y": -0.029799124225974083,
          "z": 0.8799099326133728
        }
      },
      "world_space": {
        "head": {
          "x": 0.6144301295280457,
          "y": 0.04464389383792877,
          "z": 1.817193627357483
        },
        "tail": {
          "x": 0.6337862610816956,
          "y": 0.03344487398862839,
          "z": 1.8297638893127441
        },
        "rotation_quaternion": {
          "w": 0.3696543276309967,
          "x": 0.8315385580062866,
          "y": 0.3808918297290802,
          "z": -0.1637706607580185
        },
        "matrix": [
          [
            0.6562008261680603,
            0.7545299530029297,
            0.009235203266143799,
            0.6144301295280457
          ],
          [
            0.5123767256736755,
            -0.4365532100200653,
            -0.7395212650299072,
            0.04464389383792877
          ],
          [
            -0.5539625883102417,
            0.4900091588497162,
            -0.673075258731842,
            1.817193627357483
          ],
          [
            0.0,
            0.0,
            0.0,
            1.0
          ]
        ]
      },
      "bone_length_armature_space": 0.025653280372632828,
      "parent": "index_01_l",
      "has_children": true,
      "is_end_bone": false
    },
    "index_03_l": {
      "name": "index_03_l",
      "local": {
        "location": {
          "x": 0.0,
          "y": 0.0,
          "z": 0.0
        },
        "rotation_quaternion": {
          "w": 0.9750094413757324,
          "x": 0.22210341691970825,
          "y": -0.005117482505738735,
          "z": -0.0007600025273859501
        },
        "scale": {
          "x": 1.0,
          "y": 1.0,
          "z": 1.0
        },
        "matrix_basis": [
          [
            0.9999464750289917,
            -0.0007912014261819422,
            -0.010316785424947739,
            0.0
          ],
          [
            -0.0037552400026470423,
            0.9013389945030212,
            -0.43309807777404785,
            0.0
          ],
          [
            0.009641589596867561,
            0.43311363458633423,
            0.9012877941131592,
            0.0
          ],
          [
            0.0,
            0.0,
            0.0,
            1.0
          ]
        ],
        "rotation_mode": "QUATERNION"
      },
      "armature_space": {
        "head": {
          "x": 0.6337862610816956,
          "y": -0.029799029231071472,
          "z": 0.8799100518226624
        },
        "tail": {
          "x": 0.6548466086387634,
          "y": -0.05004805326461792,
          "z": 0.880323588848114
        }
      },
      "world_space": {
        "head": {
          "x": 0.6337862610816956,
          "y": 0.03344497084617615,
          "z": 1.8297641277313232
        },
        "tail": {
          "x": 0.6548466086387634,
          "y": 0.0131959468126297,
          "z": 1.8301775455474854
        },
        "rotation_quaternion": {
          "w": 0.11865704506635666,
          "x": 0.8821478486061096,
          "y": 0.37337926030158997,
          "z": -0.26138782501220703
        },
        "matrix": [
          [
            0.584528386592865,
            0.7207832932472229,
            -0.3725563883781433,
            0.6337862610816956
          ],
          [
            0.5967204570770264,
            -0.6930162906646729,
            -0.4045410752296448,
            0.03344497084617615
          ],
          [
            -0.5497772097587585,
            0.014153122901916504,
            -0.8351997137069702,
            1.8297641277313232
          ],
          [
            0.0,
            0.0,
            0.0,
            1.0
          ]
        ]
      },
      "bone_length_armature_space": 0.029218696532233763,
      "parent": "index_02_l",
      "has_children": false,
      "is_end_bone": true
    },
    "metacarpal_pinky_l": {
      "name": "metacarpal_pinky_l",
      "local": {
        "location": {
          "x": 0.0,
          "y": 0.0,
          "z": 0.0
        },
        "rotation_quaternion": {
          "w": 0.9997602701187134,
          "x": -0.01894931122660637,
          "y": -0.0076383366249501705,
          "z": -0.00787445530295372
        },
        "scale": {
          "x": 1.0,
          "y": 1.0,
          "z": 1.0
        },
        "matrix_basis": [
          [
            0.999759316444397,
            0.016034618020057678,
            -0.014974580146372318,
            0.0
          ],
          [
            -0.015455652959644794,
            0.9991578459739685,
            0.03800983354449272,
            0.0
          ],
          [
            0.015571442432701588,
            -0.037769243121147156,
            0.9991651773452759,
            0.0
          ],
          [
            0.0,
            0.0,
            0.0,
            1.0
          ]
        ],
        "rotation_mode": "QUATERNION"
      },
      "armature_space": {
        "head": {
          "x": 0.5383034348487854,
          "y": 0.05294758081436157,
          "z": 0.7685445547103882
        },
        "tail": {
          "x": 0.6195923686027527,
          "y": 0.04670707508921623,
          "z": 0.8333244919776917
        }
      },
      "world_space": {
        "head": {
          "x": 0.5383034348487854,
          "y": 0.11619158089160919,
          "z": 1.7183985710144043
        },
        "tail": {
          "x": 0.6195923686027527,
          "y": 0.10995107889175415,
          "z": 1.7831785678863525
        },
        "rotation_quaternion": {
          "w": 0.62994784116745,
          "x": 0.19220031797885895,
          "y": -0.2705559730529785,
          "z": -0.7021569609642029
        },
        "matrix": [
          [
            -0.1324472576379776,
            0.7806426882743835,
            -0.6107823848724365,
            0.5383034348487854
          ],
          [
            -0.9886468052864075,
            -0.05992952734231949,
            0.13779059052467346,
            0.11619158089160919
          ],
          [
            0.07096106559038162,
            0.6221020817756653,
            0.7797226309776306,
            1.7183985710144043
          ],
          [
            0.0,
            0.0,
            0.0,
            1.0
          ]
        ]
      },
      "bone_length_armature_space": 0.10413104648492448,
      "parent": "lowerarm_l",
      "has_children": true,
      "is_end_bone": false
    },
    "pinky_01_l": {
      "name": "pinky_01_l",
      "local": {
        "location": {
          "x": 0.0,
          "y": 0.0,
          "z": 0.0
        },
        "rotation_quaternion": {
          "w": 0.999942421913147,
          "x": 0.006292644422501326,
          "y": 0.005546174477785826,
          "z": -0.006708608008921146
        },
        "scale": {
          "x": 1.0,
          "y": 1.0,
          "z": 1.0
        },
        "matrix_basis": [
          [
            0.999848484992981,
            0.013486243784427643,
            0.011007280088961124,
            0.0
          ],
          [
            -0.013346643187105656,
            0.9998307824134827,
            -0.012658978812396526,
            0.0
          ],
          [
            -0.011176140047609806,
            0.012510149739682674,
            0.9998592734336853,
            0.0
          ],
          [
            0.0,
            0.0,
            0.0,
            1.0
          ]
        ],
        "rotation_mode": "QUATERNION"
      },
      "armature_space": {
        "head": {
          "x": 0.6195923686027527,
          "y": 0.04670707508921623,
          "z": 0.8333244919776917
        },
        "tail": {
