{
  "metadata": {
    "armature_name": "KIM_caucasian_male",
    "export_time": "2026-01-13T21:05:01.181705",
    "blender_version": "4.4.1",
    "bone_count": 56,
    "end_bone_count": 13,
    "spaces_included": [
      "LOCAL_CHANNELS",
      "ARMATURE_SPACE",
      "WORLD_SPACE"
    ],
    "note": "LOCAL matches Transform panel; replay pose via local.matrix_basis for best fidelity."
  },
  "bones": {
    "Root": {
      "name": "Root",
      "local": {
        "location": {
          "x": 0.0,
          "y": 0.0,
          "z": 0.0
        },
        "rotation_quaternion": {
          "w": 0.9998689889907837,
          "x": -0.009517775848507881,
          "y": 0.00654784869402647,
          "z": 0.01134639885276556
        },
        "scale": {
          "x": 1.0,
          "y": 1.0,
          "z": 1.0
        },
        "matrix_basis": [
          [
            0.9996567964553833,
            -0.022814465686678886,
            0.012877997010946274,
            0.0
          ],
          [
            0.02256518229842186,
            0.9995613694190979,
            0.019181646406650543,
            0.0
          ],
          [
            -0.013309966772794724,
            -0.01888446882367134,
            0.9997330904006958,
            0.0
          ],
          [
            0.0,
            0.0,
            0.0,
            1.0
          ]
        ],
        "rotation_mode": "QUATERNION"
      },
      "armature_space": {
        "head": {
          "x": 0.0,
          "y": 0.07072800397872925,
          "z": -0.009595036506652832
        },
        "tail": {
          "x": -0.0016284022713080049,
          "y": 0.00021222233772277832,
          "z": 0.0013314615935087204
        }
      },
      "world_space": {
        "head": {
          "x": 0.0,
          "y": 0.13397200405597687,
          "z": 0.9402589797973633
        },
        "tail": {
          "x": -0.0016284022713080049,
          "y": 0.0634562224149704,
          "z": 0.9511854648590088
        },
        "rotation_quaternion": {
          "w": 0.07685496658086777,
          "x": 0.9969562292098999,
          "y": -0.010879508219659328,
          "z": 0.007297358009964228
        },
        "matrix": [
          [
            0.9996567964553833,
            -0.022814465686678886,
            0.012877997010946274,
            0.0
          ],
          [
            -0.020571107044816017,
            -0.9879499077796936,
            -0.15340134501457214,
            0.13397200405597687
          ],
          [
            0.016222678124904633,
            0.1530839204788208,
            -0.9880871772766113,
            0.9402589797973633
          ],
          [
            0.0,
            0.0,
            0.0,
            1.0
          ]
        ]
      },
      "bone_length_armature_space": 0.07137587570664729,
      "parent": null,
      "has_children": true,
      "is_end_bone": false
    },
    "spine_01": {
      "name": "spine_01",
      "local": {
        "location": {
          "x": 0.0,
          "y": 0.0,
          "z": 0.0
        },
        "rotation_quaternion": {
          "w": 0.9986479878425598,
          "x": -0.028751438483595848,
          "y": -0.004691008478403091,
          "z": 0.043053243309259415
        },
        "scale": {
          "x": 1.0,
          "y": 1.0,
          "z": 1.0
        },
        "matrix_basis": [
          [
            0.9962488412857056,
            -0.08572032302618027,
            -0.011845017783343792,
            0.0
          ],
          [
            0.08625981956720352,
            0.9946395754814148,
            0.05702120438218117,
            0.0
          ],
          [
            0.006893646903336048,
            -0.05782905966043472,
            0.998302698135376,
            0.0
          ],
          [
            0.0,
            0.0,
            0.0,
            1.0
          ]
        ],
        "rotation_mode": "QUATERNION"
      },
      "armature_space": {
        "head": {
          "x": -0.0016284022713080049,
          "y": 0.00021222233772277832,
          "z": 0.0013314615935087204
        },
        "tail": {
          "x": -0.05003700405359268,
          "y": 0.061211876571178436,
          "z": 0.4830826222896576
        }
      },
      "world_space": {
        "head": {
          "x": -0.0016284022713080049,
          "y": 0.0634562224149704,
          "z": 0.9511854648590088
        },
        "tail": {
          "x": -0.05003700405359268,
          "y": 0.12445587664842606,
          "z": 1.432936668395996
        },
        "rotation_quaternion": {
          "w": 0.7486043572425842,
          "x": 0.6609317064285278,
          "y": -0.04572528973221779,
          "z": 0.025884900242090225
        },
        "matrix": [
          [
            0.9944784641265869,
            -0.09919770807027817,
            -0.034243371337652206,
            -0.0016284022713080049
          ],
          [
            -0.021686814725399017,
            0.12499897927045822,
            -0.9919199347496033,
            0.0634562224149704
          ],
          [
            0.10267725586891174,
            0.9871925711631775,
            0.12215745449066162,
            0.9511854648590088
          ],
          [
            0.0,
            0.0,
            0.0,
            1.0
          ]
        ]
      },
      "bone_length_armature_space": 0.4880046621397436,
      "parent": "Root",
      "has_children": true,
      "is_end_bone": false
    },
    "neck_01": {
      "name": "neck_01",
      "local": {
        "location": {
          "x": 0.0,
          "y": 0.0,
          "z": 0.0
        },
        "rotation_quaternion": {
          "w": 0.995598554611206,
          "x": -0.02545713633298874,
          "y": 0.03446623682975769,
          "z": 0.08335202932357788
        },
        "scale": {
          "x": 1.0,
          "y": 1.0,
          "z": 1.0
        },
        "matrix_basis": [
          [
            0.9837290644645691,
            -0.16772514581680298,
            0.06438526511192322,
            0.0
          ],
          [
            0.16421549022197723,
            0.9848087430000305,
            0.05643583834171295,
            0.0
          ],
          [
            -0.07287287712097168,
            -0.04494451358914375,
            0.9963279962539673,
            0.0
          ],
          [
            0.0,
            0.0,
            0.0,
            1.0
          ]
        ],
        "rotation_mode": "QUATERNION"
      },
      "armature_space": {
        "head": {
          "x": -0.05848768353462219,
          "y": 0.035963889211416245,
          "z": 0.5595998167991638
        },
        "tail": {
          "x": -0.08618595451116562,
          "y": 0.014440072700381279,
          "z": 0.6559340357780457
        }
      },
      "world_space": {
        "head": {
          "x": -0.05848768353462219,
          "y": 0.09920789301395416,
          "z": 1.5094537734985352
        },
        "tail": {
          "x": -0.08618595451116562,
          "y": 0.07768407464027405,
          "z": 1.605787992477417
        },
        "rotation_quaternion": {
          "w": 0.6225615739822388,
          "x": 0.7699427604675293,
          "y": -0.08628218621015549,
          "z": 0.11027494817972183
        },
        "matrix": [
          [
            0.9607898592948914,
            -0.27017080783843994,
            0.06237737089395523,
            -0.05848768353462219
          ],
          [
            0.004439704120159149,
            -0.20994475483894348,
            -0.9777033925056458,
            0.09920789301395416
          ],
          [
            0.27724456787109375,
            0.9396505951881409,
            -0.2005155384540558,
            1.5094537734985352
          ],
          [
            0.0,
            0.0,
            0.0,
            1.0
          ]
        ]
      },
      "bone_length_armature_space": 0.10252195354619828,
      "parent": "spine_01",
      "has_children": true,
      "is_end_bone": false
    },
    "head": {
      "name": "head",
      "local": {
        "location": {
          "x": 0.0,
          "y": 0.0,
          "z": 0.0
        },
        "rotation_quaternion": {
          "w": 0.9803186655044556,
          "x": -0.13710933923721313,
          "y": -0.011717620305716991,
          "z": 0.1415594071149826
        },
        "scale": {
          "x": 1.0,
          "y": 1.0,
          "z": 1.0
        },
        "matrix_basis": [
          [
            0.9596472382545471,
            -0.27433347702026367,
            -0.06179223582148552,
            0.0
          ],
          [
            0.2807598412036896,
            0.9223239421844482,
            0.26550421118736267,
            0.0
          ],
          [
            -0.015844229608774185,
            -0.27213916182518005,
            0.9621274471282959,
            0.0
          ],
          [
            0.0,
            0.0,
            0.0,
            1.0
          ]
        ],
        "rotation_mode": "QUATERNION"
      },
      "armature_space": {
        "head": {
          "x": -0.08618592470884323,
          "y": 0.014439934864640236,
          "z": 0.6559339165687561
        },
        "tail": {
          "x": -0.16460660099983215,
          "y": 0.07860810309648514,
          "z": 0.773347020149231
        }
      },
      "world_space": {
        "head": {
          "x": -0.08618592470884323,
          "y": 0.0776839330792427,
          "z": 1.605787992477417
        },
        "tail": {
          "x": -0.16460660099983215,
          "y": 0.14185211062431335,
          "z": 1.723201036453247
        },
        "rotation_quaternion": {
          "w": 0.812353789806366,
          "x": 0.512515664100647,
          "y": -0.21669001877307892,
          "z": 0.17451214790344238
        },
        "matrix": [
          [
            0.8451822996139526,
            -0.5056455135345459,
            -0.17317593097686768,
            -0.08618592470884323
          ],
          [
            0.06141956150531769,
            0.4137473702430725,
            -0.9083176851272583,
            0.0776839330792427
          ],
          [
            0.5309414863586426,
            0.7570633292198181,
            0.38075029850006104,
            1.605787992477417
          ],
          [
            0.0,
            0.0,
            0.0,
            1.0
          ]
        ]
      },
      "bone_length_armature_space": 0.15509092052337556,
      "parent": "neck_01",
      "has_children": false,
      "is_end_bone": true
    },
    "upperarm_l": {
      "name": "upperarm_l",
      "local": {
        "location": {
          "x": 0.0,
          "y": 0.0,
          "z": 0.0
        },
        "rotation_quaternion": {
          "w": 0.9812781810760498,
          "x": -0.01605142094194889,
          "y": 0.19005919992923737,
          "z": 0.026701845228672028
        },
        "scale": {
          "x": 1.0,
          "y": 1.0,
          "z": 1.0
        },
        "matrix_basis": [
          [
            0.9263290166854858,
            -0.05850531533360481,
            0.3721446990966797,
            0.0
          ],
          [
            0.0463024340569973,
            0.9980587363243103,
            0.04165168106555939,
            0.0
          ],
          [
            -0.37385910749435425,
            -0.021351955831050873,
            0.927239716053009,
            0.0
          ],
          [
            0.0,
            0.0,
            0.0,
            1.0
          ]
        ],
        "rotation_mode": "QUATERNION"
      },
      "armature_space": {
        "head": {
          "x": 0.09724172949790955,
          "y": 0.021146606653928757,
          "z": 0.5090439915657043
        },
        "tail": {
          "x": 0.36263805627822876,
          "y": 0.032275743782520294,
          "z": 0.5443791747093201
        }
      },
      "world_space": {
        "head": {
          "x": 0.09724172949790955,
          "y": 0.08439061045646667,
          "z": 1.4588980674743652
        },
        "tail": {
          "x": 0.36263805627822876,
          "y": 0.09551974385976791,
          "z": 1.4942331314086914
        },
        "rotation_quaternion": {
          "w": 0.47034597396850586,
          "x": 0.5799815058708191,
          "y": 0.5473018884658813,
          "z": -0.3779641091823578
        },
        "matrix": [
          [
            0.11520595848560333,
            0.9903978109359741,
            0.07641982287168503,
            0.09724172949790955
          ],
          [
            0.2793026566505432,
            0.041531361639499664,
            -0.959304690361023,
            0.08439061045646667
          ],
          [
            -0.953273355960846,
            0.13186275959014893,
            -0.2718387842178345,
            1.4588980674743652
          ],
          [
            0.0,
            0.0,
            0.0,
            1.0
          ]
        ]
      },
      "bone_length_armature_space": 0.2679694831926044,
      "parent": "spine_01",
      "has_children": true,
      "is_end_bone": false
    },
    "lowerarm_l": {
      "name": "lowerarm_l",
      "local": {
        "location": {
          "x": 0.0,
          "y": 0.0,
          "z": 0.0
        },
        "rotation_quaternion": {
          "w": 0.9437193870544434,
          "x": 0.2811305522918701,
          "y": 0.14296367764472961,
          "z": -0.09960351884365082
        },
        "scale": {
          "x": 1.0,
          "y": 1.0,
          "z": 1.0
        },
        "matrix_basis": [
          [
            0.9392810463905334,
            0.26837846636772156,
            0.21383200585842133,
            0.0
          ],
          [
            -0.10761262476444244,
            0.8220894932746887,
            -0.559096097946167,
            0.0
          ],
          [
            -0.3258383870124817,
            0.5021373629570007,
            0.8010540008544922,
            0.0
          ],
          [
            0.0,
            0.0,
            0.0,
            1.0
          ]
        ],
        "rotation_mode": "QUATERNION"
      },
      "armature_space": {
        "head": {
          "x": 0.3626381456851959,
          "y": 0.03227566182613373,
          "z": 0.5443792939186096
        },
        "tail": {
          "x": 0.5828253030776978,
          "y": -0.10980971157550812,
          "z": 0.490539014339447
        }
      },
      "world_space": {
        "head": {
          "x": 0.3626381456851959,
          "y": 0.09551966190338135,
          "z": 1.4942333698272705
        },
        "tail": {
          "x": 0.5828253030776978,
          "y": -0.0465657114982605,
          "z": 1.4403929710388184
        },
        "rotation_quaternion": {
          "w": 0.17812618613243103,
          "x": 0.7138646841049194,
          "y": 0.45023784041404724,
          "z": -0.5059192180633545
        },
        "matrix": [
          [
            0.08266174048185349,
            0.8230541944503784,
            -0.5619152188301086,
            0.3626381456851959
          ],
          [
            0.462582528591156,
            -0.5311116576194763,
            -0.7098861336708069,
            0.09551966190338135
          ],
          [
            -0.8827201724052429,
            -0.20125368237495422,
            -0.4246366620063782,
            1.4942333698272705
          ],
          [
            0.0,
            0.0,
            0.0,
            1.0
          ]
        ]
      },
      "bone_length_armature_space": 0.2675246038127951,
      "parent": "upperarm_l",
      "has_children": true,
      "is_end_bone": false
    },
    "metacarpal_thumb_l": {
      "name": "metacarpal_thumb_l",
      "local": {
        "location": {
          "x": 0.0,
          "y": 0.0,
          "z": 0.0
        },
        "rotation_quaternion": {
          "w": 0.9999397993087769,
          "x": -0.003850025124847889,
          "y": 0.005458209663629532,
          "z": -0.00870690681040287
        },
        "scale": {
          "x": 1.0,
          "y": 1.0,
          "z": 1.0
        },
        "matrix_basis": [
          [
            0.9997888207435608,
            0.017370736226439476,
            0.010982805863022804,
            0.0
          ],
          [
            -0.01745479367673397,
            0.999818742275238,
            0.0076045384630560875,
            0.0
          ],
          [
            -0.01084871869534254,
            -0.007794634904712439,
            0.9999107718467712,
            0.0
          ],
          [
            0.0,
            0.0,
            0.0,
            1.0
          ]
        ],
        "rotation_mode": "QUATERNION"
      },
      "armature_space": {
        "head": {
          "x": 0.5828253030776978,
          "y": -0.10980971157550812,
          "z": 0.490539014339447
        },
        "tail": {
          "x": 0.6001583933830261,
          "y": -0.14700451493263245,
          "z": 0.4627954065799713
        }
      },
      "world_space": {
        "head": {
          "x": 0.5828253030776978,
          "y": -0.0465657114982605,
          "z": 1.4403929710388184
        },
        "tail": {
          "x": 0.6001583933830261,
          "y": -0.08376051485538483,
          "z": 1.412649393081665
        },
        "rotation_quaternion": {
          "w": 0.30707791447639465,
          "x": -0.9347870945930481,
          "y": -0.1739356815814972,
          "z": -0.04028231278061867
        },
        "matrix": [
          [
            0.9362472295761108,
            0.3499253988265991,
            -0.03151371330022812,
            0.5828253030776978
          ],
          [
            0.30044689774513245,
            -0.7508993148803711,
            0.5881175994873047,
            -0.0465657114982605
          ],
          [
            0.18213516473770142,
            -0.5600961446762085,
            -0.8081665635108948,
            1.4403929710388184
          ],
          [
            0.0,
            0.0,
            0.0,
            1.0
          ]
        ]
      },
      "bone_length_armature_space": 0.049533798311761086,
      "parent": "lowerarm_l",
      "has_children": true,
      "is_end_bone": false
    },
    "thumb_01_l": {
      "name": "thumb_01_l",
      "local": {
        "location": {
          "x": 0.0,
          "y": 0.0,
          "z": 0.0
        },
        "rotation_quaternion": {
          "w": 0.9977899789810181,
          "x": -0.061229072511196136,
          "y": -0.0248213242739439,
          "z": -0.007078947499394417
        },
        "scale": {
          "x": 1.0,
          "y": 1.0,
          "z": 1.0
        },
        "matrix_basis": [
          [
            0.9986675977706909,
            0.017166178673505783,
            -0.04866606369614601,
            0.0
          ],
          [
            -0.011087032034993172,
            0.9924017786979675,
            0.12253892421722412,
            0.0
          ],
          [
            0.050399813801050186,
            -0.1218360885977745,
            0.9912698268890381,
            0.0
          ],
          [
            0.0,
            0.0,
            0.0,
            1.0
          ]
        ],
        "rotation_mode": "QUATERNION"
      },
      "armature_space": {
        "head": {
          "x": 0.6001583933830261,
          "y": -0.14700451493263245,
          "z": 0.4627954065799713
        },
        "tail": {
          "x": 0.5995423793792725,
          "y": -0.1519971638917923,
          "z": 0.4291303753852844
        }
      },
      "world_space": {
        "head": {
          "x": 0.6001583933830261,
          "y": -0.08376051485538483,
          "z": 1.412649393081665
        },
        "tail": {
          "x": 0.5995423793792725,
          "y": -0.08875316381454468,
          "z": 1.3789844512939453
        },
        "rotation_quaternion": {
          "w": 0.5276828408241272,
          "x": -0.6197593212127686,
          "y": 0.3849842846393585,
          "z": -0.4350130558013916
        },
        "matrix": [
          [
            0.32510167360305786,
            -0.018097810447216034,
            0.9455058574676514,
            0.6001583933830261
          ],
          [
            -0.9362930655479431,
            -0.14667631685733795,
            0.3191264867782593,
            -0.08376051485538483
          ],
          [
            0.13290800154209137,
            -0.9890261292457581,
            -0.06462981551885605,
            1.412649393081665
          ],
          [
            0.0,
            0.0,
            0.0,
            1.0
          ]
        ]
      },
      "bone_length_armature_space": 0.03403880687774017,
      "parent": "metacarpal_thumb_l",
      "has_children": true,
      "is_end_bone": false
    },
    "thumb_02_l": {
      "name": "thumb_02_l",
      "local": {
        "location": {
          "x": 0.0,
          "y": 0.0,
          "z": 0.0
        },
        "rotation_quaternion": {
          "w": 0.9967462420463562,
          "x": 0.08024532347917557,
          "y": 0.006694973446428776,
          "z": -0.003579819342121482
        },
        "scale": {
          "x": 1.0,
          "y": 1.0,
          "z": 1.0
        },
        "matrix_basis": [
          [
            0.9998847246170044,
            0.008210823871195316,
            0.012771851383149624,
            0.0
          ],
          [
            -0.006061862222850323,
            0.9870957732200623,
            -0.16001638770103455,
            0.0
          ],
          [
            -0.01392090693116188,
            0.15992051362991333,
            0.9870317578315735,
            0.0
          ],
          [
            0.0,
            0.0,
            0.0,
            1.0
          ]
        ],
        "rotation_mode": "QUATERNION"
      },
      "armature_space": {
        "head": {
          "x": 0.5995423197746277,
          "y": -0.1519971489906311,
          "z": 0.4291303753852844
        },
        "tail": {
          "x": 0.6329745054244995,
          "y": -0.17089052498340607,
          "z": 0.4173612594604492
        }
      },
      "world_space": {
        "head": {
          "x": 0.5995423197746277,
          "y": -0.08875314891338348,
          "z": 1.3789844512939453
        },
        "tail": {
          "x": 0.6329745054244995,
          "y": -0.10764652490615845,
          "z": 1.3672152757644653
        },
        "rotation_quaternion": {
          "w": 0.5102657675743103,
          "x": -0.17773503065109253,
          "y": 0.06654481589794159,
          "z": -0.8388152122497559
        },
        "matrix": [
          [
            -0.4160774052143097,
            0.8323830962181091,
            0.36608463525772095,
            0.5995423197746277
          ],
          [
            -0.8796921372413635,
            -0.4704010784626007,
            0.06974852830171585,
            -0.08875314891338348
          ],
          [
            0.23026500642299652,
            -0.2930234670639038,
            0.9279706478118896,
            1.3789844512939453
          ],
          [
            0.0,
            0.0,
            0.0,
            1.0
          ]
        ]
      },
      "bone_length_armature_space": 0.04016444698387433,
      "parent": "thumb_01_l",
      "has_children": true,
      "is_end_bone": false
    },
    "thumb_03_l": {
      "name": "thumb_03_l",
      "local": {
        "location": {
          "x": 0.0,
          "y": 0.0,
          "z": 0.0
        },
        "rotation_quaternion": {
          "w": 0.9978367686271667,
          "x": 0.06538887321949005,
          "y": 0.005777138751000166,
          "z": -0.003567432053387165
        },
        "scale": {
          "x": 1.0,
          "y": 1.0,
          "z": 1.0
        },
        "matrix_basis": [
          [
            0.9999077916145325,
            0.007874950766563416,
            0.011062742210924625,
            0.0
          ],
          [
            -0.006363908760249615,
            0.9914231300354004,
            -0.1305360645055771,
            0.0
          ],
          [
            -0.011995824053883553,
            0.13045363128185272,
            0.991381824016571,
            0.0
          ],
          [
            0.0,
            0.0,
            0.0,
            1.0
          ]
        ],
        "rotation_mode": "QUATERNION"
      },
      "armature_space": {
        "head": {
          "x": 0.6329744458198547,
          "y": -0.17089055478572845,
          "z": 0.41736122965812683
        },
        "tail": {
          "x": 0.6618037223815918,
          "y": -0.18048490583896637,
          "z": 0.41928842663764954
        }
      },
      "world_space": {
        "head": {
          "x": 0.6329744458198547,
          "y": -0.10764655470848083,
          "z": 1.3672152757644653
        },
        "tail": {
          "x": 0.6618037223815918,
          "y": -0.11724090576171875,
          "z": 1.3691424131393433
        },
        "rotation_quaternion": {
          "w": 0.5844424962997437,
          "x": 0.0945122167468071,
          "y": 0.029285604134202003,
          "z": -0.8053798675537109
        },
        "matrix": [
          [
            -0.2989886701107025,
            0.9469323754310608,
            -0.11800391972064972,
            0.6329744458198547
          ],
          [
            -0.9358609914779663,
            -0.31513839960098267,
            -0.15764617919921875,
            -0.10764655470848083
          ],
          [
            -0.1864699125289917,
            0.0633009746670723,
            0.980426549911499,
            1.3672152757644653
          ],
          [
            0.0,
            0.0,
            0.0,
            1.0
          ]
        ]
      },
      "bone_length_armature_space": 0.03044491466660186,
      "parent": "thumb_02_l",
      "has_children": false,
      "is_end_bone": true
    },
    "metacarpal_index_l": {
      "name": "metacarpal_index_l",
      "local": {
        "location": {
          "x": 0.0,
          "y": 0.0,
          "z": 0.0
        },
        "rotation_quaternion": {
          "w": 0.999435544013977,
          "x": -0.027232542634010315,
          "y": -0.01694152131676674,
          "z": 0.01001026015728712
        },
        "scale": {
          "x": 1.0,
          "y": 1.0,
          "z": 1.0
        },
        "matrix_basis": [
          [
            0.9992255568504333,
            -0.019086498767137527,
            -0.03440912812948227,
            0.0
          ],
          [
            0.020931940525770187,
            0.9983163475990295,
            0.05409516394138336,
            0.0
          ],
          [
            0.03331870585680008,
            -0.054773520678281784,
            0.9979427456855774,
            0.0
          ],
          [
            0.0,
            0.0,
            0.0,
            1.0
          ]
        ],
        "rotation_mode": "QUATERNION"
      },
      "armature_space": {
        "head": {
          "x": 0.5828253030776978,
          "y": -0.10980971157550812,
          "z": 0.490539014339447
        },
        "tail": {
          "x": 0.6560001373291016,
          "y": -0.19374769926071167,
          "z": 0.4540821313858032
        }
      },
      "world_space": {
        "head": {
          "x": 0.5828253030776978,
          "y": -0.0465657114982605,
          "z": 1.4403929710388184
        },
        "tail": {
          "x": 0.6560001373291016,
          "y": -0.13050369918346405,
          "z": 1.4039361476898193
        },
        "rotation_quaternion": {
          "w": 0.09717997163534164,
          "x": -0.907693088054657,
          "y": -0.3638303875923157,
          "z": 0.18514029681682587
        },
        "matrix": [
          [
            0.6667004227638245,
            0.6245092153549194,
            -0.4068152606487274,
            0.5828253030776978
          ],
          [
            0.6964768171310425,
            -0.7163671255111694,
            0.04169827699661255,
            -0.0465657114982605
          ],
          [
            -0.26538941264152527,
            -0.3111405074596405,
            -0.912564754486084,
            1.4403929710388184
          ],
          [
            0.0,
            0.0,
            0.0,
            1.0
          ]
        ]
      },
      "bone_length_armature_space": 0.1171718661489444,
      "parent": "lowerarm_l",
      "has_children": true,
      "is_end_bone": false
    },
    "index_01_l": {
      "name": "index_01_l",
      "local": {
        "location": {
          "x": 0.0,
          "y": 0.0,
          "z": 0.0
        },
        "rotation_quaternion": {
          "w": 0.9952659606933594,
          "x": -0.09541474282741547,
          "y": 0.0007652469212189317,
          "z": -0.018474234268069267
        },
        "scale": {
          "x": 1.0,
          "y": 1.0,
          "z": 1.0
        },
        "matrix_basis": [
          [
            0.9993162155151367,
            0.03662751987576485,
            0.005048676859587431,
            0.0
          ],
          [
            -0.03691958636045456,
            0.9811094403266907,
            0.189897820353508,
            0.0
          ],
          [
            0.002002180088311434,
            -0.18995437026023865,
            0.9817909002304077,
            0.0
          ],
          [
            0.0,
            0.0,
            0.0,
            1.0
          ]
        ],
        "rotation_mode": "QUATERNION"
      },
      "armature_space": {
        "head": {
          "x": 0.6560001373291016,
          "y": -0.19374769926071167,
          "z": 0.4540821313858032
        },
        "tail": {
          "x": 0.6821714639663696,
          "y": -0.20485158264636993,
          "z": 0.4518831968307495
        }
      },
      "world_space": {
        "head": {
          "x": 0.6560001373291016,
          "y": -0.13050369918346405,
          "z": 1.4039361476898193
        },
        "tail": {
          "x": 0.6821714639663696,
          "y": -0.14160758256912231,
          "z": 1.4017372131347656
        },
        "rotation_quaternion": {
          "w": 0.0019535927567631006,
          "x": 0.8303124308586121,
          "y": 0.5525299310684204,
          "z": -0.07272092252969742
        },
        "matrix": [
          [
            0.37884458899497986,
            0.9178289175033569,
            -0.1186031848192215,
            0.6560001373291016
          ],
          [
            0.9172608256340027,
            -0.3894138038158417,
            -0.08360617607831955,
            -0.13050369918346405
          ],
          [
            -0.12292195856571198,
            -0.07711721956729889,
            -0.9894227981567383,
            1.4039361476898193
          ],
          [
            0.0,
            0.0,
            0.0,
            1.0
          ]
        ]
      },
      "bone_length_armature_space": 0.02851438010009394,
      "parent": "metacarpal_index_l",
      "has_children": true,
      "is_end_bone": false
    },
    "index_02_l": {
      "name": "index_02_l",
      "local": {
        "location": {
          "x": 0.0,
          "y": 0.0,
          "z": 0.0
        },
        "rotation_quaternion": {
          "w": 0.997330367565155,
          "x": 0.07174311578273773,
          "y": 0.011488010175526142,
          "z": -0.0072825318202376366
        },
        "scale": {
          "x": 1.0,
          "y": 1.0,
          "z": 1.0
        },
        "matrix_basis": [
          [
            0.9996299743652344,
            0.016174551099538803,
            0.021869739517569542,
            0.0
          ],
          [
            -0.012877808883786201,
            0.9895997643470764,
            -0.14327049255371094,
            0.0
          ],
          [
            -0.023959625512361526,
            0.1429358571767807,
            0.9894419312477112,
            0.0
          ],
          [
            0.0,
            0.0,
            0.0,
            1.0
          ]
        ],
        "rotation_mode": "QUATERNION"
      },
      "armature_space": {
        "head": {
          "x": 0.682171642780304,
          "y": -0.20485198497772217,
          "z": 0.45188286900520325
        },
        "tail": {
          "x": 0.7055917382240295,
          "y": -0.2141236811876297,
          "z": 0.44702228903770447
        }
      },
      "world_space": {
        "head": {
          "x": 0.682171642780304,
          "y": -0.14160798490047455,
          "z": 1.401736855506897
        },
        "tail": {
          "x": 0.7055917382240295,
          "y": -0.15087968111038208,
          "z": 1.396876335144043
        },
        "rotation_quaternion": {
          "w": 0.032287850975990295,
          "x": -0.8160987496376038,
          "y": -0.564132571220398,
          "z": 0.1212226077914238
        },
        "matrix": [
          [
            0.3341186046600342,
            0.9129477143287659,
            -0.23428833484649658,
            0.682171642780304
          ],
          [
            0.9286037683486938,
            -0.3614238500595093,
            -0.08407270908355713,
            -0.14160798490047455
          ],
          [
            -0.1614316999912262,
            -0.18947245180606842,
            -0.9685320854187012,
            1.401736855506897
          ],
          [
            0.0,
            0.0,
            0.0,
            1.0
          ]
        ]
      },
      "bone_length_armature_space": 0.02565327356558892,
      "parent": "index_01_l",
      "has_children": true,
      "is_end_bone": false
    },
    "index_03_l": {
      "name": "index_03_l",
      "local": {
        "location": {
          "x": 0.0,
          "y": 0.0,
          "z": 0.0
        },
        "rotation_quaternion": {
          "w": 0.9996258020401001,
          "x": 0.025783371180295944,
          "y": 0.00520928343757987,
          "z": 0.007522702217102051
        },
        "scale": {
          "x": 1.0,
          "y": 1.0,
          "z": 1.0
        },
        "matrix_basis": [
          [
            0.9998325705528259,
            -0.014771148562431335,
            0.010802589356899261,
            0.0
          ],
          [
            0.015308400616049767,
            0.9985572695732117,
            -0.051469068974256516,
            0.0
          ],
          [
            -0.010026747360825539,
            0.051625821739435196,
            0.9986161589622498,
            0.0
          ],
          [
            0.0,
            0.0,
            0.0,
            1.0
          ]
        ],
        "rotation_mode": "QUATERNION"
      },
      "armature_space": {
        "head": {
          "x": 0.7055917978286743,
          "y": -0.2141236960887909,
          "z": 0.4470224380493164
        },
        "tail": {
          "x": 0.7317324876785278,
          "y": -0.22273647785186768,
          "z": 0.43721339106559753
        }
      },
      "world_space": {
        "head": {
          "x": 0.7055917978286743,
          "y": -0.15087969601154327,
          "z": 1.3968764543533325
        },
        "tail": {
          "x": 0.7317324876785278,
          "y": -0.15949247777462006,
          "z": 1.387067437171936
        },
        "rotation_quaternion": {
          "w": 0.11752460896968842,
          "x": -0.7943577170372009,
          "y": -0.5820678472518921,
          "z": 0.12798796594142914
        },
        "matrix": [
          [
            0.28963109850883484,
            0.8946567177772522,
            -0.34015142917633057,
            0.7055917978286743
          ],
          [
            0.954823911190033,
            -0.29476967453956604,
            0.03771562874317169,
            -0.15087969601154327
          ],
          [
            -0.06652343273162842,
            -0.3357110321521759,
            -0.9396207332611084,
            1.3968764543533325
          ],
          [
            0.0,
            0.0,
            0.0,
            1.0
          ]
        ]
      },
      "bone_length_armature_space": 0.02921871074736669,
      "parent": "index_02_l",
      "has_children": false,
      "is_end_bone": true
    },
    "metacarpal_pinky_l": {
      "name": "metacarpal_pinky_l",
      "local": {
        "location": {
          "x": 0.0,
          "y": 0.0,
          "z": 0.0
        },
        "rotation_quaternion": {
          "w": 0.9998542070388794,
          "x": -0.01652451977133751,
          "y": 0.0015542921610176563,
          "z": -0.004013034515082836
        },
        "scale": {
          "x": 1.0,
          "y": 1.0,
          "z": 1.0
        },
        "matrix_basis": [
          [
            0.9999629855155945,
            0.007973531261086464,
            0.0032407580874860287,
            0.0
          ],
          [
            -0.008076266385614872,
            0.9994216561317444,
            0.03303174674510956,
            0.0
          ],
          [
            -0.002975504146888852,
            -0.03305669501423836,
            0.9994490742683411,
            0.0
          ],
          [
            0.0,
            0.0,
            0.0,
            1.0
          ]
        ],
        "rotation_mode": "QUATERNION"
      },
      "armature_space": {
        "head": {
          "x": 0.5828253030776978,
          "y": -0.10980971157550812,
          "z": 0.490539014339447
        },
        "tail": {
          "x": 0.6825493574142456,
          "y": -0.1380326747894287,
          "z": 0.48045000433921814
        }
      },
      "world_space": {
        "head": {
          "x": 0.5828253030776978,
          "y": -0.0465657114982605,
          "z": 1.4403929710388184
        },
        "tail": {
          "x": 0.6825493574142456,
          "y": -0.07478867471218109,
          "z": 1.4303040504455566
        },
        "rotation_quaternion": {
          "w": 0.544912576675415,
          "x": 0.26903218030929565,
          "y": 0.2599082589149475,
          "z": -0.7504264116287231
        },
        "matrix": [
          [
            -0.2613830864429474,
            0.9576812386512756,
            -0.12052080780267715,
            0.5828253030776978
          ],
          [
            -0.6779873967170715,
            -0.2710338830947876,
            -0.6832820773124695,
            -0.0465657114982605
          ],
          [
            -0.6870370507240295,
            -0.09688777476549149,
            0.7201438546180725,
            1.4403929710388184
          ],
          [
            0.0,
            0.0,
            0.0,
            1.0
          ]
        ]
      },
      "bone_length_armature_space": 0.1041307382917523,
      "parent": "lowerarm_l",
      "has_children": true,
      "is_end_bone": false
    },
    "pinky_01_l": {
      "name": "pinky_01_l",
      "local": {
        "location": {
          "x": 0.0,
          "y": 0.0,
          "z": 0.0
        },
        "rotation_quaternion": {
          "w": 0.9919063448905945,
          "x": -0.1269712597131729,
          "y": -3.628654667409137e-05,
          "z": -0.0005696855951100588
        },
        "scale": {
          "x": 1.0,
          "y": 1.0,
          "z": 1.0
        },
        "matrix_basis": [
          [
            0.9999993443489075,
            0.001139364205300808,
            7.268168701557443e-05,
            0.0
          ],
          [
            -0.0011209348449483514,
            0.9677559733390808,
            0.2518872320652008,
            0.0
          ],
          [
            0.00021665310487151146,
            -0.25188714265823364,
            0.9677565693855286,
            0.0
          ],
          [
            0.0,
            0.0,
            0.0,
            1.0
          ]
        ],
        "rotation_mode": "QUATERNION"
      },
      "armature_space": {
        "head": {
          "x": 0.6825493574142456,
          "y": -0.1380326747894287,
          "z": 0.48045000433921814
        },
