{
  "metadata": {
    "armature_name": "KIM_caucasian_male",
    "export_time": "2026-01-13T19:12:18.673197",
    "blender_version": "4.4.1",
    "bone_count": 56,
    "end_bone_count": 13,
    "spaces_included": [
      "LOCAL_CHANNELS",
      "ARMATURE_SPACE",
      "WORLD_SPACE"
    ],
    "note": "LOCAL matches Transform panel; replay pose via local.matrix_basis for best fidelity."
  },
  "bones": {
    "Root": {
      "name": "Root",
      "local": {
        "location": {
          "x": 0.0,
          "y": 0.0,
          "z": 0.0
        },
        "rotation_quaternion": {
          "w": 0.9999368786811829,
          "x": 0.008664043620228767,
          "y": -0.0066139609552919865,
          "z": 0.0027588263619691133
        },
        "scale": {
          "x": 1.0,
          "y": 1.0,
          "z": 1.0
        },
        "matrix_basis": [
          [
            0.999897301197052,
            -0.005631911568343639,
            -0.01317928172647953,
            0.0
          ],
          [
            0.005402697250247002,
            0.9998346567153931,
            -0.01736348681151867,
            0.0
          ],
          [
            0.01327489223331213,
            0.017290499061346054,
            0.9997623562812805,
            0.0
          ],
          [
            0.0,
            0.0,
            0.0,
            1.0
          ]
        ],
        "rotation_mode": "QUATERNION"
      },
      "armature_space": {
        "head": {
          "x": 0.0,
          "y": 0.07072800397872925,
          "z": -0.009595036506652832
        },
        "tail": {
          "x": -0.0004019825719296932,
          "y": -0.00015420466661453247,
          "z": -0.001224517822265625
        }
      },
      "world_space": {
        "head": {
          "x": 0.0,
          "y": 0.13397200405597687,
          "z": 0.9402589797973633
        },
        "tail": {
          "x": -0.0004019825719296932,
          "y": 0.06308979541063309,
          "z": 0.9486294984817505
        },
        "rotation_quaternion": {
          "w": 0.05871903896331787,
          "x": 0.998248815536499,
          "y": -0.0031981277279555798,
          "z": -0.006413080729544163
        },
        "matrix": [
          [
            0.999897301197052,
            -0.005631911568343639,
            -0.01317928172647953,
            0.0
          ],
          [
            -0.007138197775930166,
            -0.993083655834198,
            -0.1171918660402298,
            0.13397200405597687
          ],
          [
            -0.01242820918560028,
            0.11727378517389297,
            -0.9930288791656494,
            0.9402589797973633
          ],
          [
            0.0,
            0.0,
            0.0,
            1.0
          ]
        ]
      },
      "bone_length_armature_space": 0.07137586814935232,
      "parent": null,
      "has_children": true,
      "is_end_bone": false
    },
    "spine_01": {
      "name": "spine_01",
      "local": {
        "location": {
          "x": 0.0,
          "y": 0.0,
          "z": 0.0
        },
        "rotation_quaternion": {
          "w": 0.9979033470153809,
          "x": -0.026079922914505005,
          "y": 0.025825602933764458,
          "z": -0.05330999568104744
        },
        "scale": {
          "x": 1.0,
          "y": 1.0,
          "z": 1.0
        },
        "matrix_basis": [
          [
            0.9929821491241455,
            0.10504938662052155,
            0.054323554039001465,
            0.0
          ],
          [
            -0.1077435091137886,
            0.99295574426651,
            0.04929696023464203,
            0.0
          ],
          [
            -0.04876226931810379,
            -0.054804008454084396,
            0.9973057508468628,
            0.0
          ],
          [
            0.0,
            0.0,
            0.0,
            1.0
          ]
        ],
        "rotation_mode": "QUATERNION"
      },
      "armature_space": {
        "head": {
          "x": -0.0004019825719296932,
          "y": -0.00015420466661453247,
          "z": -0.001224517822265625
        },
        "tail": {
          "x": 0.05715940147638321,
          "y": 0.04044710844755173,
          "z": 0.4816695749759674
        }
      },
      "world_space": {
        "head": {
          "x": -0.0004019825719296932,
          "y": 0.06308979541063309,
          "z": 0.9486294984817505
        },
        "tail": {
          "x": 0.05715940147638321,
          "y": 0.10369110852479935,
          "z": 1.4315235614776611
        },
        "rotation_quaternion": {
          "w": 0.733660101890564,
          "x": 0.6765112280845642,
          "y": 0.057811636477708817,
          "z": -0.027078570798039436
        },
        "matrix": [
          [
            0.9918491840362549,
            0.117953360080719,
            0.04818952456116676,
            -0.0004019825719296932
          ],
          [
            0.03848668932914734,
            0.08319920301437378,
            -0.9957895278930664,
            0.06308979541063309
          ],
          [
            -0.12146686017513275,
            0.9895346164703369,
            0.07798106968402863,
            0.9486294984817505
          ],
          [
            0.0,
            0.0,
            0.0,
            1.0
          ]
        ]
      },
      "bone_length_armature_space": 0.48800459653746936,
      "parent": "Root",
      "has_children": true,
      "is_end_bone": false
    },
    "neck_01": {
      "name": "neck_01",
      "local": {
        "location": {
          "x": 0.0,
          "y": 0.0,
          "z": 0.0
        },
        "rotation_quaternion": {
          "w": 0.9826583862304688,
          "x": -0.12497193366289139,
          "y": 0.017739467322826385,
          "z": 0.13583022356033325
        },
        "scale": {
          "x": 1.0,
          "y": 1.0,
          "z": 1.0
        },
        "matrix_basis": [
          [
            0.9624709486961365,
            -0.27138328552246094,
            0.0009137412998825312,
            0.0
          ],
          [
            0.2625155448913574,
            0.931864321231842,
            0.25042855739593506,
            0.0
          ],
          [
            -0.06881360709667206,
            -0.24079032242298126,
            0.9681346416473389,
            0.0
          ],
          [
            0.0,
            0.0,
            0.0,
            1.0
          ]
        ],
        "rotation_mode": "QUATERNION"
      },
      "armature_space": {
        "head": {
          "x": 0.06746699661016464,
          "y": 0.01200440526008606,
          "z": 0.5568262338638306
        },
        "tail": {
          "x": 0.052092649042606354,
          "y": 0.005712120793759823,
          "z": 0.6579934358596802
        }
      },
      "world_space": {
        "head": {
          "x": 0.06746699661016464,
          "y": 0.07524840533733368,
          "z": 1.5066802501678467
        },
        "tail": {
          "x": 0.052092649042606354,
          "y": 0.06895612180233002,
          "z": 1.6078474521636963
        },
        "rotation_quaternion": {
          "w": 0.6836420297622681,
          "x": 0.7257670760154724,
          "y": -0.044111333787441254,
          "z": 0.06284961849451065
        },
        "matrix": [
          [
            0.9882082343101501,
            -0.1499624103307724,
            0.030914640054106712,
            0.06746699661016464
          ],
          [
            0.021903198212385178,
            -0.061375364661216736,
            -0.9978745579719543,
            0.07524840533733368
          ],
          [
            0.15154211223125458,
            0.9867916703224182,
            -0.057368338108062744,
            1.5066802501678467
          ],
          [
            0.0,
            0.0,
            0.0,
            1.0
          ]
        ]
      },
      "bone_length_armature_space": 0.10252202866765321,
      "parent": "spine_01",
      "has_children": true,
      "is_end_bone": false
    },
    "head": {
      "name": "head",
      "local": {
        "location": {
          "x": 0.0,
          "y": 0.0,
          "z": 0.0
        },
        "rotation_quaternion": {
          "w": 0.9721026420593262,
          "x": -0.04230336472392082,
          "y": 0.16659198701381683,
          "z": -0.15960603952407837
        },
        "scale": {
          "x": 1.0,
          "y": 1.0,
          "z": 1.0
        },
        "matrix_basis": [
          [
            0.8935460448265076,
            0.2962121069431305,
            0.33739277720451355,
            0.0
          ],
          [
            -0.32440170645713806,
            0.9454726576805115,
            0.029068250209093094,
            0.0
          ],
          [
            -0.3103852868080139,
            -0.13542459905147552,
            0.940915048122406,
            0.0
          ],
          [
            0.0,
            0.0,
            0.0,
            1.0
          ]
        ],
        "rotation_mode": "QUATERNION"
      },
      "armature_space": {
        "head": {
          "x": 0.052092667669057846,
          "y": 0.005711969919502735,
          "z": 0.6579933762550354
        },
        "tail": {
          "x": 0.07584574818611145,
          "y": 0.07110580801963806,
          "z": 0.796603262424469
        }
      },
      "world_space": {
        "head": {
          "x": 0.052092667669057846,
          "y": 0.06895597279071808,
          "z": 1.6078474521636963
        },
        "tail": {
          "x": 0.07584574818611145,
          "y": 0.13434980809688568,
          "z": 1.7464573383331299
        },
        "rotation_quaternion": {
          "w": 0.8255842924118042,
          "x": 0.5374301671981812,
          "y": 0.17098337411880493,
          "z": 0.018548395484685898
        },
        "matrix": [
          [
            0.9408416152000427,
            0.1531565636396408,
            0.30225837230682373,
            0.052092667669057846
          ],
          [
            0.2144087851047516,
            0.4216502904891968,
            -0.8810449242591858,
            0.06895597279071808
          ],
          [
            -0.2623867988586426,
            0.8937371969223022,
            0.36386969685554504,
            1.6078474521636963
          ],
          [
            0.0,
            0.0,
            0.0,
            1.0
          ]
        ]
      },
      "bone_length_armature_space": 0.15509114458516038,
      "parent": "neck_01",
      "has_children": false,
      "is_end_bone": true
    },
    "upperarm_l": {
      "name": "upperarm_l",
      "local": {
        "location": {
          "x": 0.0,
          "y": 0.0,
          "z": 0.0
        },
        "rotation_quaternion": {
          "w": 0.7201601266860962,
          "x": 0.5616821646690369,
          "y": 0.01648350991308689,
          "z": 0.40695318579673767
        },
        "scale": {
          "x": 1.0,
          "y": 1.0,
          "z": 1.0
        },
        "matrix_basis": [
          [
            0.6682348251342773,
            -0.5676259398460388,
            0.4808982312679291,
            0.0
          ],
          [
            0.604659914970398,
            0.0378044992685318,
            -0.7955861687660217,
            0.0
          ],
          [
            0.43341514468193054,
            0.822418212890625,
            0.36848288774490356,
            0.0
          ],
          [
            0.0,
            0.0,
            0.0,
            1.0
          ]
        ],
        "rotation_mode": "QUATERNION"
      },
      "armature_space": {
        "head": {
          "x": 0.2084706723690033,
          "y": 0.009010080248117447,
          "z": 0.47235047817230225
        },
        "tail": {
          "x": 0.2584235370159149,
          "y": -0.200416699051857,
          "z": 0.6318906545639038
        }
      },
      "world_space": {
        "head": {
          "x": 0.2084706723690033,
          "y": 0.07225407660007477,
          "z": 1.4222044944763184
        },
        "tail": {
          "x": 0.2584235370159149,
          "y": -0.13717269897460938,
          "z": 1.58174467086792
        },
        "rotation_quaternion": {
          "w": 0.3222491145133972,
          "x": 0.8155412673950195,
          "y": -0.07341446727514267,
          "z": -0.4750349521636963
        },
        "matrix": [
          [
            0.5379050970077515,
            0.18641257286071777,
            -0.8221367001533508,
            0.2084706723690033
          ],
          [
            -0.42590418457984924,
            -0.781532347202301,
            -0.4558652341365814,
            0.07225407660007477
          ],
          [
            -0.7275106906890869,
            0.5953670740127563,
            -0.34099897742271423,
            1.4222044944763184
          ],
          [
            0.0,
            0.0,
            0.0,
            1.0
          ]
        ]
      },
      "bone_length_armature_space": 0.2679700204795492,
      "parent": "spine_01",
      "has_children": true,
      "is_end_bone": false
    },
    "lowerarm_l": {
      "name": "lowerarm_l",
      "local": {
        "location": {
          "x": 0.0,
          "y": 0.0,
          "z": 0.0
        },
        "rotation_quaternion": {
          "w": 0.8955867290496826,
          "x": 0.33105772733688354,
          "y": -0.19621014595031738,
          "z": 0.22321946918964386
        },
        "scale": {
          "x": 1.0,
          "y": 1.0,
          "z": 1.0
        },
        "matrix_basis": [
          [
            0.8233492970466614,
            -0.5297385454177856,
            -0.2036493420600891,
            0.0
          ],
          [
            0.2699110209941864,
            0.6811476945877075,
            -0.6805776357650757,
            0.0
          ],
          [
            0.49924346804618835,
            0.5053859353065491,
            0.7038047313690186,
            0.0
          ],
          [
            0.0,
            0.0,
            0.0,
            1.0
          ]
        ],
        "rotation_mode": "QUATERNION"
      },
      "armature_space": {
        "head": {
          "x": 0.25842344760894775,
          "y": -0.20041674375534058,
          "z": 0.6318907737731934
        },
        "tail": {
          "x": 0.08552949130535126,
          "y": -0.31025445461273193,
          "z": 0.8039753437042236
        }
      },
      "world_space": {
        "head": {
          "x": 0.25842344760894775,
          "y": -0.13717274367809296,
          "z": 1.5817447900772095
        },
        "tail": {
          "x": 0.08552949130535126,
          "y": -0.24701045453548431,
          "z": 1.7538293600082397
        },
        "rotation_quaternion": {
          "w": 0.07432126998901367,
          "x": 0.6707323789596558,
          "y": -0.5377635359764099,
          "z": -0.5053759217262268
        },
        "matrix": [
          [
            -0.08919048309326172,
            -0.6462733745574951,
            -0.7578761577606201,
            0.25842344760894775
          ],
          [
            -0.7965115308761597,
            -0.4105706810951233,
            0.4438483417034149,
            -0.13717274367809296
          ],
          [
            -0.5980137586593628,
            0.6432480216026306,
            -0.4781479239463806,
            1.5817447900772095
          ],
          [
            0.0,
            0.0,
            0.0,
            1.0
          ]
        ]
      },
      "bone_length_armature_space": 0.2675252186895517,
      "parent": "upperarm_l",
      "has_children": true,
      "is_end_bone": false
    },
    "metacarpal_thumb_l": {
      "name": "metacarpal_thumb_l",
      "local": {
        "location": {
          "x": 0.0,
          "y": 0.0,
          "z": 0.0
        },
        "rotation_quaternion": {
          "w": 0.9998263716697693,
          "x": 0.005375892389565706,
          "y": -0.012689709663391113,
          "z": -0.012544415891170502
        },
        "scale": {
          "x": 1.0,
          "y": 1.0,
          "z": 1.0
        },
        "matrix_basis": [
          [
            0.9993632435798645,
            0.024948038160800934,
            -0.02550988830626011,
            0.0
          ],
          [
            -0.02522091194987297,
            0.9996274709701538,
            -0.010431547649204731,
            0.0
          ],
          [
            0.025240138173103333,
            0.01106828823685646,
            0.9996201395988464,
            0.0
          ],
          [
            0.0,
            0.0,
            0.0,
            1.0
          ]
        ],
        "rotation_mode": "QUATERNION"
      },
      "armature_space": {
        "head": {
          "x": 0.08552949130535126,
          "y": -0.31025445461273193,
          "z": 0.8039753437042236
        },
        "tail": {
          "x": 0.03776228055357933,
          "y": -0.3217552900314331,
          "z": 0.8102689385414124
        }
      },
      "world_space": {
        "head": {
          "x": 0.08552949130535126,
          "y": -0.24701045453548431,
          "z": 1.7538293600082397
        },
        "tail": {
          "x": 0.03776228055357933,
          "y": -0.2585113048553467,
          "z": 1.7601230144500732
        },
        "rotation_quaternion": {
          "w": 0.28233474493026733,
          "x": 0.7394245266914368,
          "y": -0.5515385270118713,
          "z": 0.2633318305015564
        },
        "matrix": [
          [
            0.25292226672172546,
            -0.9643382430076599,
            0.07798861712217331,
            0.08552949130535126
          ],
          [
            -0.6669473648071289,
            -0.23218229413032532,
            -0.7080063223838806,
            -0.24701045453548431
          ],
          [
            0.7008693218231201,
            0.12705685198307037,
            -0.7018921971321106,
            1.7538293600082397
          ],
          [
            0.0,
            0.0,
            0.0,
            1.0
          ]
        ]
      },
      "bone_length_armature_space": 0.049533674007002176,
      "parent": "lowerarm_l",
      "has_children": true,
      "is_end_bone": false
    },
    "thumb_01_l": {
      "name": "thumb_01_l",
      "local": {
        "location": {
          "x": 0.0,
          "y": 0.0,
          "z": 0.0
        },
        "rotation_quaternion": {
          "w": 0.9993252158164978,
          "x": -0.03219899535179138,
          "y": -0.011238900013267994,
          "z": 0.013638736680150032
        },
        "scale": {
          "x": 1.0,
          "y": 1.0,
          "z": 1.0
        },
        "matrix_basis": [
          [
            0.9993753433227539,
            -0.02653530426323414,
            -0.023340940475463867,
            0.0
          ],
          [
            0.02798282913863659,
            0.9975544214248657,
            0.06404796987771988,
            0.0
          ],
          [
            0.021584324538707733,
            -0.06466110795736313,
            0.9976738095283508,
            0.0
          ],
          [
            0.0,
            0.0,
            0.0,
            1.0
          ]
        ],
        "rotation_mode": "QUATERNION"
      },
      "armature_space": {
        "head": {
          "x": 0.03776228055357933,
          "y": -0.3217552900314331,
          "z": 0.8102689385414124
        },
        "tail": {
          "x": 0.017377886921167374,
          "y": -0.3406751751899719,
          "z": 0.7906438112258911
        }
      },
      "world_space": {
        "head": {
          "x": 0.03776228055357933,
          "y": -0.2585113048553467,
          "z": 1.7601230144500732
        },
        "tail": {
          "x": 0.017377886921167374,
          "y": -0.2774311900138855,
          "z": 1.7404978275299072
        },
        "rotation_quaternion": {
          "w": 0.2527298927307129,
          "x": 0.2082306444644928,
          "y": -0.39775580167770386,
          "z": 0.8570635914802551
        },
        "matrix": [
          [
            -0.7855352759361267,
            -0.5988615155220032,
            0.1558828204870224,
            0.03776228055357933
          ],
          [
            0.2675631642341614,
            -0.5558361411094666,
            -0.7870556712150574,
            -0.2585113048553467
          ],
          [
            0.5579864382743835,
            -0.5765557885169983,
            0.5968655347824097,
            1.7601230144500732
          ],
          [
            0.0,
            0.0,
            0.0,
            1.0
          ]
        ]
      },
      "bone_length_armature_space": 0.03403867216854441,
      "parent": "metacarpal_thumb_l",
      "has_children": true,
      "is_end_bone": false
    },
    "thumb_02_l": {
      "name": "thumb_02_l",
      "local": {
        "location": {
          "x": 0.0,
          "y": 0.0,
          "z": 0.0
        },
        "rotation_quaternion": {
          "w": 0.9981749057769775,
          "x": 0.05909717082977295,
          "y": 0.010835843160748482,
          "z": -0.006076959427446127
        },
        "scale": {
          "x": 1.0,
          "y": 1.0,
          "z": 1.0
        },
        "matrix_basis": [
          [
            0.9996913075447083,
            0.013412471860647202,
            0.020913871005177498,
            0.0
          ],
          [
            -0.010851001366972923,
            0.9929412007331848,
            -0.11811032146215439,
            0.0
          ],
          [
            -0.02235039509832859,
            0.11784692853689194,
            0.9927802085876465,
            0.0
          ],
          [
            0.0,
            0.0,
            0.0,
            1.0
          ]
        ],
        "rotation_mode": "QUATERNION"
      },
      "armature_space": {
        "head": {
          "x": 0.01737791672348976,
          "y": -0.34067514538764954,
          "z": 0.7906438112258911
        },
        "tail": {
          "x": -0.008906368166208267,
          "y": -0.362209677696228,
          "z": 0.8120584487915039
        }
      },
      "world_space": {
        "head": {
          "x": 0.01737791672348976,
          "y": -0.2774311304092407,
          "z": 1.7404978275299072
        },
        "tail": {
          "x": -0.008906368166208267,
          "y": -0.2989656925201416,
          "z": 1.76191246509552
        },
        "rotation_quaternion": {
          "w": 0.4159151613712311,
          "x": 0.13557355105876923,
          "y": 0.24276454746723175,
          "z": 0.8658521175384521
        },
        "matrix": [
          [
            -0.6172681450843811,
            -0.6544173955917358,
            0.43671292066574097,
            0.01737791672348976
          ],
          [
            0.7860676646232605,
            -0.5361596941947937,
            0.3076213598251343,
            -0.2774311304092407
          ],
          [
            0.03283586725592613,
            0.5331737995147705,
            0.8453764915466309,
            1.7404978275299072
          ],
          [
            0.0,
            0.0,
            0.0,
            1.0
          ]
        ]
      },
      "bone_length_armature_space": 0.04016449191008681,
      "parent": "thumb_01_l",
      "has_children": true,
      "is_end_bone": false
    },
    "thumb_03_l": {
      "name": "thumb_03_l",
      "local": {
        "location": {
          "x": 0.0,
          "y": 0.0,
          "z": 0.0
        },
        "rotation_quaternion": {
          "w": 0.9983850121498108,
          "x": 0.0563204362988472,
          "y": 0.0049583944492042065,
          "z": 0.00555315800011158
        },
        "scale": {
          "x": 1.0,
          "y": 1.0,
          "z": 1.0
        },
        "matrix_basis": [
          [
            0.9998891353607178,
            -0.01052986178547144,
            0.010526285506784916,
            0.0
          ],
          [
            0.011646897532045841,
            0.9935943484306335,
            -0.11240389198064804,
            0.0
          ],
          [
            -0.009275260381400585,
            0.11251402646303177,
            0.9936068654060364,
            0.0
          ],
          [
            0.0,
            0.0,
            0.0,
            1.0
          ]
        ],
        "rotation_mode": "QUATERNION"
      },
      "armature_space": {
        "head": {
          "x": -0.008906399831175804,
          "y": -0.36220964789390564,
          "z": 0.8120583295822144
        },
        "tail": {
          "x": -0.01986866444349289,
          "y": -0.3767249584197998,
          "z": 0.8364720940589905
        }
      },
      "world_space": {
        "head": {
          "x": -0.008906399831175804,
          "y": -0.2989656329154968,
          "z": 1.7619123458862305
        },
        "tail": {
          "x": -0.01986866444349289,
          "y": -0.3134809732437134,
          "z": 1.7863261699676514
        },
        "rotation_quaternion": {
          "w": 0.2403557002544403,
          "x": 0.0576675683259964,
          "y": 0.4514888823032379,
          "z": 0.8573573231697083
        },
        "matrix": [
          [
            -0.8778067827224731,
            -0.360069215297699,
            0.3159204125404358,
            -0.008906399831175804
          ],
          [
            0.46421507000923157,
            -0.4767734110355377,
            0.7464529275894165,
            -0.2989656329154968
          ],
          [
            -0.11815277487039566,
            0.8019012808799744,
            0.5856689810752869,
            1.7619123458862305
          ],
          [
            0.0,
            0.0,
            0.0,
            1.0
          ]
        ]
      },
      "bone_length_armature_space": 0.030444989421089932,
      "parent": "thumb_02_l",
      "has_children": false,
      "is_end_bone": true
    },
    "metacarpal_index_l": {
      "name": "metacarpal_index_l",
      "local": {
        "location": {
          "x": 0.0,
          "y": 0.0,
          "z": 0.0
        },
        "rotation_quaternion": {
          "w": 0.997775137424469,
          "x": -0.06606464087963104,
          "y": 0.007505488116294146,
          "z": -0.004894752521067858
        },
        "scale": {
          "x": 1.0,
          "y": 1.0,
          "z": 1.0
        },
        "matrix_basis": [
          [
            0.9998394250869751,
            0.008776029571890831,
            0.015624319203197956,
            0.0
          ],
          [
            -0.01075941976159811,
            0.9912230372428894,
            0.131761834025383,
            0.0
          ],
          [
            -0.014330838806927204,
            -0.13190878927707672,
            0.9911582469940186,
            0.0
          ],
          [
            0.0,
            0.0,
            0.0,
            1.0
          ]
        ],
        "rotation_mode": "QUATERNION"
      },
      "armature_space": {
        "head": {
          "x": 0.08552949130535126,
          "y": -0.31025445461273193,
          "z": 0.8039753437042236
        },
        "tail": {
          "x": -0.007505819201469421,
          "y": -0.34061065316200256,
          "z": 0.868412971496582
        }
      },
      "world_space": {
        "head": {
          "x": 0.08552949130535126,
          "y": -0.24701045453548431,
          "z": 1.7538293600082397
        },
        "tail": {
          "x": -0.007505819201469421,
          "y": -0.27736663818359375,
          "z": 1.8182669878005981
        },
        "rotation_quaternion": {
          "w": 0.28990438580513,
          "x": 0.7886990308761597,
          "y": -0.5351802706718445,
          "z": -0.08655314147472382
        },
        "matrix": [
          [
            0.41217997670173645,
            -0.7940081357955933,
            -0.4468323290348053,
            0.08552949130535126
          ],
          [
            -0.8943774700164795,
            -0.25907430052757263,
            -0.364650160074234,
            -0.24701045453548431
          ],
          [
            0.17377273738384247,
            0.5499416589736938,
            -0.8169339895248413,
            1.7538293600082397
          ],
          [
            0.0,
            0.0,
            0.0,
            1.0
          ]
        ]
      },
      "bone_length_armature_space": 0.11717199108694697,
      "parent": "lowerarm_l",
      "has_children": true,
      "is_end_bone": false
    },
    "index_01_l": {
      "name": "index_01_l",
      "local": {
        "location": {
          "x": 0.0,
          "y": 0.0,
          "z": 0.0
        },
        "rotation_quaternion": {
          "w": 0.9949663877487183,
          "x": -0.09944120794534683,
          "y": -0.0034302251879125834,
          "z": -0.011902118101716042
        },
        "scale": {
          "x": 1.0,
          "y": 1.0,
          "z": 1.0
        },
        "matrix_basis": [
          [
            0.9996931552886963,
            0.024366626515984535,
            -0.004458795301616192,
            0.0
          ],
          [
            -0.023002203553915024,
            0.9799395799636841,
            0.19796296954154968,
            0.0
          ],
          [
            0.009193039499223232,
            -0.1977996677160263,
            0.9801993370056152,
            0.0
          ],
          [
            0.0,
            0.0,
            0.0,
            1.0
          ]
        ],
        "rotation_mode": "QUATERNION"
      },
      "armature_space": {
        "head": {
          "x": -0.007505819201469421,
          "y": -0.34061065316200256,
          "z": 0.868412971496582
        },
        "tail": {
          "x": -0.019130129367113113,
          "y": -0.35259824991226196,
          "z": 0.8915268182754517
        }
      },
      "world_space": {
        "head": {
          "x": -0.007505819201469421,
          "y": -0.27736663818359375,
          "z": 1.8182669878005981
        },
        "tail": {
          "x": -0.019130129367113113,
          "y": -0.28935426473617554,
          "z": 1.8413808345794678
        },
        "rotation_quaternion": {
          "w": 0.4094647765159607,
          "x": 0.818472146987915,
          "y": -0.34947866201400757,
          "z": -0.200765460729599
        },
        "matrix": [
          [
            0.6751149892807007,
            -0.4076650142669678,
            -0.6148410439491272,
            -0.007505819201469421
          ],
          [
            -0.736490786075592,
            -0.4204060137271881,
            -0.5299438238143921,
            -0.27736663818359375
          ],
          [
            -0.04244426637887955,
            0.8106027841567993,
            -0.584068238735199,
            1.8182669878005981
          ],
          [
            0.0,
            0.0,
            0.0,
            1.0
          ]
        ]
      },
      "bone_length_armature_space": 0.02851450508430071,
      "parent": "metacarpal_index_l",
      "has_children": true,
      "is_end_bone": false
    },
    "index_02_l": {
      "name": "index_02_l",
      "local": {
        "location": {
          "x": 0.0,
          "y": 0.0,
          "z": 0.0
        },
        "rotation_quaternion": {
          "w": 0.9995015859603882,
          "x": 0.03130898252129555,
          "y": 0.00029396824538707733,
          "z": -0.004032382741570473
        },
        "scale": {
          "x": 1.0,
          "y": 1.0,
          "z": 1.0
        },
        "matrix_basis": [
          [
            0.9999673366546631,
            0.00807915348559618,
            0.0003351438499521464,
            0.0
          ],
          [
            -0.00804233830422163,
            0.9980069994926453,
            -0.0625891238451004,
            0.0
          ],
          [
            -0.0008401430677622557,
            0.06258438527584076,
            0.9980393052101135,
            0.0
          ],
          [
            0.0,
            0.0,
            0.0,
            1.0
          ]
        ],
        "rotation_mode": "QUATERNION"
      },
      "armature_space": {
        "head": {
          "x": -0.019130639731884003,
          "y": -0.3525984287261963,
          "z": 0.8915269374847412
        },
        "tail": {
          "x": -0.0294199101626873,
          "y": -0.36442095041275024,
          "z": 0.9118359088897705
        }
      },
      "world_space": {
        "head": {
          "x": -0.019130639731884003,
          "y": -0.28935444355010986,
          "z": 1.8413809537887573
        },
        "tail": {
          "x": -0.0294199101626873,
          "y": -0.3011769652366638,
          "z": 1.8616899251937866
        },
        "rotation_quaternion": {
          "w": 0.3828434348106384,
          "x": 0.8230732083320618,
          "y": -0.3507160544395447,
          "z": -0.23017333447933197
        },
        "matrix": [
          [
            0.6480362415313721,
            -0.4010900855064392,
            -0.6474382281303406,
            -0.019130639731884003
          ],
          [
            -0.7535715103149414,
            -0.46085789799690247,
            -0.4687647223472595,
            -0.28935444355010986
          ],
          [
            -0.11036154627799988,
            0.7916722297668457,
            -0.6009071469306946,
            1.8413809537887573
          ],
          [
            0.0,
            0.0,
            0.0,
            1.0
          ]
        ]
      },
      "bone_length_armature_space": 0.025653370849419897,
      "parent": "index_01_l",
      "has_children": true,
      "is_end_bone": false
    },
    "index_03_l": {
      "name": "index_03_l",
      "local": {
        "location": {
          "x": 0.0,
          "y": 0.0,
          "z": 0.0
        },
        "rotation_quaternion": {
          "w": 0.9995193481445312,
          "x": 0.030955776572227478,
          "y": 0.0005074935033917427,
          "z": 0.001602239441126585
        },
        "scale": {
          "x": 1.0,
          "y": 1.0,
          "z": 1.0
        },
        "matrix_basis": [
          [
            0.9999943375587463,
            -0.003171518910676241,
            0.0011136962566524744,
            0.0
          ],
          [
            0.0032343582715839148,
            0.9980783462524414,
            -0.061880167573690414,
            0.0
          ],
          [
            -0.000915302021894604,
            0.06188341975212097,
            0.9980829358100891,
            0.0
          ],
          [
            0.0,
            0.0,
            0.0,
            1.0
          ]
        ],
        "rotation_mode": "QUATERNION"
      },
      "armature_space": {
        "head": {
          "x": -0.029419831931591034,
          "y": -0.3644208610057831,
          "z": 0.9118359684944153
        },
        "tail": {
          "x": -0.042053673416376114,
          "y": -0.3817427456378937,
          "z": 0.9316872954368591
        }
      },
      "world_space": {
        "head": {
          "x": -0.029419831931591034,
          "y": -0.30117684602737427,
          "z": 1.8616900444030762
        },
        "tail": {
          "x": -0.042053673416376114,
          "y": -0.31849873065948486,
          "z": 1.8815412521362305
        },
        "rotation_quaternion": {
          "w": 0.32024243474006653,
          "x": 0.8719003796577454,
          "y": -0.31784725189208984,
          "z": -0.19028355181217194
        },
        "matrix": [
          [
            0.7255300879478455,
            -0.43238916993141174,
            -0.5353933572769165,
            -0.029419831931591034
          ],
          [
            -0.6761366724967957,
            -0.5928357243537903,
            -0.437476247549057,
            -0.30117684602737427
          ],
          [
            -0.12824174761772156,
            0.6794052124023438,
            -0.7224794030189514,
            1.8616900444030762
          ],
          [
            0.0,
            0.0,
            0.0,
            1.0
          ]
        ]
      },
      "bone_length_armature_space": 0.02921877499369901,
      "parent": "index_02_l",
      "has_children": false,
      "is_end_bone": true
    },
    "metacarpal_pinky_l": {
      "name": "metacarpal_pinky_l",
      "local": {
        "location": {
          "x": 0.0,
          "y": 0.0,
          "z": 0.0
        },
        "rotation_quaternion": {
          "w": 0.9980998039245605,
          "x": -0.05800957977771759,
          "y": -0.017549658194184303,
          "z": -0.011130312457680702
        },
        "scale": {
          "x": 1.0,
          "y": 1.0,
          "z": 1.0
        },
        "matrix_basis": [
          [
            0.9991362690925598,
            0.02425442263484001,
            -0.033741291612386703,
            0.0
          ],
          [
            -0.020182229578495026,
            0.9930220246315002,
            0.1161893680691719,
            0.0
          ],
          [
            0.036323949694633484,
            -0.1154080331325531,
            0.9926537871360779,
            0.0
          ],
          [
            0.0,
            0.0,
            0.0,
            1.0
          ]
        ],
        "rotation_mode": "QUATERNION"
      },
      "armature_space": {
        "head": {
          "x": 0.08552949130535126,
          "y": -0.31025445461273193,
          "z": 0.8039753437042236
        },
        "tail": {
          "x": 0.04526945948600769,
          "y": -0.37504318356513977,
          "z": 0.8748613595962524
        }
      },
      "world_space": {
        "head": {
          "x": 0.08552949130535126,
          "y": -0.24701045453548431,
          "z": 1.7538293600082397
        },
        "tail": {
          "x": 0.04526945948600769,
          "y": -0.31179916858673096,
          "z": 1.8247153759002686
        },
        "rotation_quaternion": {
          "w": 0.14179466664791107,
          "x": -0.16495804488658905,
          "y": 0.4108540415763855,
          "z": 0.8853710889816284
        },
        "matrix": [
          [
            -0.9053665399551392,
            -0.386629581451416,
            -0.17558328807353973,
            0.08552949130535126
          ],
          [
            0.11553545296192169,
            -0.6221861839294434,
            0.7742972373962402,
            -0.24701045453548431
          ],
          [
            -0.40861427783966064,
            0.6807406544685364,
            0.6079806685447693,
            1.7538293600082397
          ],
          [
            0.0,
            0.0,
            0.0,
            1.0
          ]
        ]
      },
      "bone_length_armature_space": 0.10413105506184549,
      "parent": "lowerarm_l",
      "has_children": true,
      "is_end_bone": false
    },
    "pinky_01_l": {
      "name": "pinky_01_l",
      "local": {
        "location": {
          "x": 0.0,
          "y": 0.0,
          "z": 0.0
        },
        "rotation_quaternion": {
          "w": 0.9645973443984985,
          "x": 0.2635444700717926,
          "y": -0.009473723359405994,
          "z": -0.0025721925776451826
        },
        "scale": {
          "x": 1.0,
          "y": 1.0,
          "z": 1.0
        },
        "matrix_basis": [
          [
            0.9998072385787964,
            -3.123454371234402e-05,
            -0.019632430747151375,
            0.0
          ],
          [
            -0.009955755434930325,
            0.8610754013061523,
            -0.5083798766136169,
            0.0
          ],
          [
            0.01692088320851326,
            0.5084773302078247,
            0.860909104347229,
            0.0
          ],
          [
            0.0,
            0.0,
            0.0,
            1.0
          ]
        ],
        "rotation_mode": "QUATERNION"
      },
      "armature_space": {
        "head": {
          "x": 0.04526945948600769,
