{
  "metadata": {
    "armature_name": "KIM_caucasian_male",
    "export_time": "2026-01-13T21:02:47.452784",
    "blender_version": "4.4.1",
    "bone_count": 56,
    "end_bone_count": 13,
    "spaces_included": [
      "LOCAL_CHANNELS",
      "ARMATURE_SPACE",
      "WORLD_SPACE"
    ],
    "note": "LOCAL matches Transform panel; replay pose via local.matrix_basis for best fidelity."
  },
  "bones": {
    "Root": {
      "name": "Root",
      "local": {
        "location": {
          "x": 0.0,
          "y": 0.0,
          "z": 0.0
        },
        "rotation_quaternion": {
          "w": 0.9998281002044678,
          "x": -0.007866926491260529,
          "y": -0.016281070187687874,
          "z": 0.004104735795408487
        },
        "scale": {
          "x": 1.0,
          "y": 1.0,
          "z": 1.0
        },
        "matrix_basis": [
          [
            0.9994361400604248,
            -0.007951896637678146,
            -0.032621126621961594,
            0.0
          ],
          [
            0.008464224636554718,
            0.9998425245285034,
            0.015597489662468433,
            0.0
          ],
          [
            0.032491959631443024,
            -0.01586480811238289,
            0.9993460774421692,
            0.0
          ],
          [
            0.0,
            0.0,
            0.0,
            1.0
          ]
        ],
        "rotation_mode": "QUATERNION"
      },
      "armature_space": {
        "head": {
          "x": 0.0,
          "y": 0.07072800397872925,
          "z": -0.009595036506652832
        },
        "tail": {
          "x": -0.0005675735301338136,
          "y": 0.00016336143016815186,
          "z": 0.0011205822229385376
        }
      },
      "world_space": {
        "head": {
          "x": 0.0,
          "y": 0.13397200405597687,
          "z": 0.9402589797973633
        },
        "tail": {
          "x": -0.0005675735301338136,
          "y": 0.06340736150741577,
          "z": 0.9509745836257935
        },
        "rotation_quaternion": {
          "w": 0.07520513981580734,
          "x": 0.997026801109314,
          "y": -0.00519223278388381,
          "z": -0.015967555344104767
        },
        "matrix": [
          [
            0.9994361400604248,
            -0.007951896637678146,
            -0.032621126621961594,
            0.0
          ],
          [
            -0.01275528036057949,
            -0.9886344075202942,
            -0.1497977077960968,
            0.13397200405597687
          ],
          [
            -0.031059419736266136,
            0.15012943744659424,
            -0.988185465335846,
            0.9402589797973633
          ],
          [
            0.0,
            0.0,
            0.0,
            1.0
          ]
        ]
      },
      "bone_length_armature_space": 0.07137587399977283,
      "parent": null,
      "has_children": true,
      "is_end_bone": false
    },
    "spine_01": {
      "name": "spine_01",
      "local": {
        "location": {
          "x": 0.0,
          "y": 0.0,
          "z": 0.0
        },
        "rotation_quaternion": {
          "w": 0.9946610331535339,
          "x": 0.09412924945354462,
          "y": 0.038571134209632874,
          "z": -0.017360612750053406
        },
        "scale": {
          "x": 1.0,
          "y": 1.0,
          "z": 1.0
        },
        "matrix_basis": [
          [
            0.996421754360199,
            0.04179719462990761,
            0.07346212863922119,
            0.0
          ],
          [
            -0.02727450616657734,
            0.9816765785217285,
            -0.18859262764453888,
            0.0
          ],
          [
            -0.0799986943602562,
            0.18591415882110596,
            0.9793038964271545,
            0.0
          ],
          [
            0.0,
            0.0,
            0.0,
            1.0
          ]
        ],
        "rotation_mode": "QUATERNION"
      },
      "armature_space": {
        "head": {
          "x": -0.0005675735301338136,
          "y": 0.00016336143016815186,
          "z": 0.0011205822229385376
        },
        "tail": {
          "x": 0.03407077118754387,
          "y": -0.06081937998533249,
          "z": 0.48405921459198
        }
      },
      "world_space": {
        "head": {
          "x": -0.0005675735301338136,
          "y": 0.06340736150741577,
          "z": 0.9509745836257935
        },
        "tail": {
          "x": 0.03407077118754387,
          "y": 0.0024246200919151306,
          "z": 1.433913230895996
        },
        "rotation_quaternion": {
          "w": 0.659886360168457,
          "x": 0.7499853372573853,
          "y": 0.04547061026096344,
          "z": -0.0021029252093285322
        },
        "matrix": [
          [
            0.995855987071991,
            0.07098003476858139,
            0.05685698240995407,
            -0.0005675735301338136
          ],
          [
            0.06542961299419403,
            -0.12496431916952133,
            -0.9900014996528625,
            0.06340736150741577
          ],
          [
            -0.06316561996936798,
            0.989625871181488,
            -0.1290924847126007,
            0.9509745836257935
          ],
          [
            0.0,
            0.0,
            0.0,
            1.0
          ]
        ]
      },
      "bone_length_armature_space": 0.4880045605158532,
      "parent": "Root",
      "has_children": true,
      "is_end_bone": false
    },
    "neck_01": {
      "name": "neck_01",
      "local": {
        "location": {
          "x": 0.0,
          "y": 0.0,
          "z": 0.0
        },
        "rotation_quaternion": {
          "w": 0.9921588897705078,
          "x": -0.04257090017199516,
          "y": 0.10898759961128235,
          "z": 0.04393429309129715
        },
        "scale": {
          "x": 1.0,
          "y": 1.0,
          "z": 1.0
        },
        "matrix_basis": [
          [
            0.9723829627037048,
            -0.09645900130271912,
            0.2125253826379776,
            0.0
          ],
          [
            0.07790020108222961,
            0.992514967918396,
            0.09405077993869781,
            0.0
          ],
          [
            -0.22000667452812195,
            -0.07489760965108871,
            0.972618818283081,
            0.0
          ],
          [
            0.0,
            0.0,
            0.0,
            1.0
          ]
        ],
        "rotation_mode": "QUATERNION"
      },
      "armature_space": {
        "head": {
          "x": 0.04123964533209801,
          "y": -0.10430276393890381,
          "z": 0.5520411133766174
        },
        "tail": {
          "x": 0.0400865264236927,
          "y": -0.14829881489276886,
          "z": 0.6446356773376465
        }
      },
      "world_space": {
        "head": {
          "x": 0.04123964533209801,
          "y": -0.04105876386165619,
          "z": 1.5018951892852783
        },
        "tail": {
          "x": 0.0400865264236927,
          "y": -0.08505481481552124,
          "z": 1.5944896936416626
        },
        "rotation_quaternion": {
          "w": 0.5307950973510742,
          "x": 0.8385850787162781,
          "y": 0.060714542865753174,
          "z": 0.10651598870754242
        },
        "matrix": [
          [
            0.9699362516403198,
            -0.01124759204685688,
            0.24309904873371124,
            0.04123964533209801
          ],
          [
            0.2149047553539276,
            -0.4291403889656067,
            -0.8772996664047241,
            -0.04105876386165619
          ],
          [
            0.11419214308261871,
            0.9031736850738525,
            -0.4138254225254059,
            1.5018951892852783
          ],
          [
            0.0,
            0.0,
            0.0,
            1.0
          ]
        ]
      },
      "bone_length_armature_space": 0.10252187555983688,
      "parent": "spine_01",
      "has_children": true,
      "is_end_bone": false
    },
    "head": {
      "name": "head",
      "local": {
        "location": {
          "x": 0.0,
          "y": 0.0,
          "z": 0.0
        },
        "rotation_quaternion": {
          "w": 0.9905258417129517,
          "x": -0.06688761711120605,
          "y": 0.11762240529060364,
          "z": -0.02344546653330326
        },
        "scale": {
          "x": 1.0,
          "y": 1.0,
          "z": 1.0
        },
        "matrix_basis": [
          [
            0.9712305665016174,
            0.030711716040968895,
            0.23615248501300812,
            0.0
          ],
          [
            -0.06218164414167404,
            0.9899527430534363,
            0.12699240446090698,
            0.0
          ],
          [
            -0.22987964749336243,
            -0.1380232572555542,
            0.9633820056915283,
            0.0
          ],
          [
            0.0,
            0.0,
            0.0,
            1.0
          ]
        ],
        "rotation_mode": "QUATERNION"
      },
      "armature_space": {
        "head": {
          "x": 0.04008656367659569,
          "y": -0.14829891920089722,
          "z": 0.6446355581283569
        },
        "tail": {
          "x": 0.02481069043278694,
          "y": -0.13920539617538452,
          "z": 0.7987046241760254
        }
      },
      "world_space": {
        "head": {
          "x": 0.04008656367659569,
          "y": -0.0850549191236496,
          "z": 1.594489574432373
        },
        "tail": {
          "x": 0.02481069043278694,
          "y": -0.0759613960981369,
          "z": 1.7485586404800415
        },
        "rotation_quaternion": {
          "w": 0.7163113951683044,
          "x": 0.6603302955627441,
          "y": 0.12733681499958038,
          "z": 0.18613789975643158
        },
        "matrix": [
          [
            0.8982757925987244,
            -0.0984966903924942,
            0.42825114727020264,
            0.04008656367659569
          ],
          [
            0.4348347783088684,
            0.05863376706838608,
            -0.8985995054244995,
            -0.0850549191236496
          ],
          [
            0.06339997053146362,
            0.9934157133102417,
            0.09549887478351593,
            1.594489574432373
          ],
          [
            0.0,
            0.0,
            0.0,
            1.0
          ]
        ]
      },
      "bone_length_armature_space": 0.1550913353376727,
      "parent": "neck_01",
      "has_children": false,
      "is_end_bone": true
    },
    "upperarm_l": {
      "name": "upperarm_l",
      "local": {
        "location": {
          "x": 0.0,
          "y": 0.0,
          "z": 0.0
        },
        "rotation_quaternion": {
          "w": 0.7983213663101196,
          "x": 0.5314634442329407,
          "y": -0.19504232704639435,
          "z": 0.20539778470993042
        },
        "scale": {
          "x": 1.0,
          "y": 1.0,
          "z": 1.0
        },
        "matrix_basis": [
          [
            0.8395404815673828,
            -0.5352625846862793,
            -0.09309008717536926,
            0.0
          ],
          [
            0.120631143450737,
            0.3507167100906372,
            -0.9286797642707825,
            0.0
          ],
          [
            0.5297357439994812,
            0.7684347033500671,
            0.3590101897716522,
            0.0
          ],
          [
            0.0,
            0.0,
            0.0,
            1.0
          ]
        ],
        "rotation_mode": "QUATERNION"
      },
      "armature_space": {
        "head": {
          "x": 0.18602895736694336,
          "y": -0.08924698829650879,
          "z": 0.475644052028656
        },
        "tail": {
          "x": 0.31205809116363525,
          "y": -0.3027862310409546,
          "z": 0.5772579908370972
        }
      },
      "world_space": {
        "head": {
          "x": 0.18602895736694336,
          "y": -0.02600298821926117,
          "z": 1.4254980087280273
        },
        "tail": {
          "x": 0.31205809116363525,
          "y": -0.23954223096370697,
          "z": 1.5271120071411133
        },
        "rotation_quaternion": {
          "w": 0.3170557916164398,
          "x": 0.6664082407951355,
          "y": 0.03217852860689163,
          "z": -0.674047589302063
        },
        "matrix": [
          [
            0.08924907445907593,
            0.47031155228614807,
            -0.8779759407043457,
            0.18602895736694336
          ],
          [
            -0.38453394174575806,
            -0.7968791127204895,
            -0.4659588932991028,
            -0.02600298821926117
          ],
          [
            -0.9187932014465332,
            0.379199743270874,
            0.10973046720027924,
            1.4254980087280273
          ],
          [
            0.0,
            0.0,
            0.0,
            1.0
          ]
        ]
      },
      "bone_length_armature_space": 0.26796967336645716,
      "parent": "spine_01",
      "has_children": true,
      "is_end_bone": false
    },
    "lowerarm_l": {
      "name": "lowerarm_l",
      "local": {
        "location": {
          "x": 0.0,
          "y": 0.0,
          "z": 0.0
        },
        "rotation_quaternion": {
          "w": 0.9820326566696167,
          "x": 0.11293529719114304,
          "y": 0.05393954738974571,
          "z": 0.14123749732971191
        },
        "scale": {
          "x": 1.0,
          "y": 1.0,
          "z": 1.0
        },
        "matrix_basis": [
          [
            0.9542849659919739,
            -0.26521632075309753,
            0.13784219324588776,
            0.0
          ],
          [
            0.2895830273628235,
            0.9345951676368713,
            -0.20657572150230408,
            0.0
          ],
          [
            -0.07403939962387085,
            0.23704887926578522,
            0.9686722755432129,
            0.0
          ],
          [
            0.0,
            0.0,
            0.0,
            1.0
          ]
        ],
        "rotation_mode": "QUATERNION"
      },
      "armature_space": {
        "head": {
          "x": 0.31205806136131287,
          "y": -0.30278629064559937,
          "z": 0.5772581100463867
        },
        "tail": {
          "x": 0.3433215022087097,
          "y": -0.49147385358810425,
          "z": 0.7643125653266907
        }
      },
      "world_space": {
        "head": {
          "x": 0.31205806136131287,
          "y": -0.23954229056835175,
          "z": 1.5271121263504028
        },
        "tail": {
          "x": 0.3433215022087097,
          "y": -0.4282298684120178,
          "z": 1.7141666412353516
        },
        "rotation_quaternion": {
          "w": 0.32467883825302124,
          "x": 0.6891482472419739,
          "y": -0.20476587116718292,
          "z": -0.614596962928772
        },
        "matrix": [
          [
            0.16068482398986816,
            0.11686195433139801,
            -0.9800631403923035,
            0.31205806136131287
          ],
          [
            -0.6813213229179382,
            -0.7053095102310181,
            -0.19580569863319397,
            -0.23954229056835175
          ],
          [
            -0.7141357660293579,
            0.6992050409317017,
            -0.03371219336986542,
            1.5271121263504028
          ],
          [
            0.0,
            0.0,
            0.0,
            1.0
          ]
        ]
      },
      "bone_length_armature_space": 0.2675252678622249,
      "parent": "upperarm_l",
      "has_children": true,
      "is_end_bone": false
    },
    "metacarpal_thumb_l": {
      "name": "metacarpal_thumb_l",
      "local": {
        "location": {
          "x": 0.0,
          "y": 0.0,
          "z": 0.0
        },
        "rotation_quaternion": {
          "w": 0.999857485294342,
          "x": -0.015750639140605927,
          "y": -0.002332001458853483,
          "z": -0.005621086340397596
        },
        "scale": {
          "x": 1.0,
          "y": 1.0,
          "z": 1.0
        },
        "matrix_basis": [
          [
            0.9999259114265442,
            0.011314031668007374,
            -0.004486266989260912,
            0.0
          ],
          [
            -0.011167109943926334,
            0.9994406700134277,
            0.03152300417423248,
            0.0
          ],
          [
            0.004840409848839045,
            -0.03147057071328163,
            0.9994929432868958,
            0.0
          ],
          [
            0.0,
            0.0,
            0.0,
            1.0
          ]
        ],
        "rotation_mode": "QUATERNION"
      },
      "armature_space": {
        "head": {
          "x": 0.3433215022087097,
          "y": -0.49147385358810425,
          "z": 0.7643125653266907
        },
        "tail": {
          "x": 0.3210005760192871,
          "y": -0.5301936864852905,
          "z": 0.7856699228286743
        }
      },
      "world_space": {
        "head": {
          "x": 0.3433215022087097,
          "y": -0.4282298684120178,
          "z": 1.7141666412353516
        },
        "tail": {
          "x": 0.3210005760192871,
          "y": -0.4669497013092041,
          "z": 1.7355239391326904
        },
        "rotation_quaternion": {
          "w": 0.2627547085285187,
          "x": 0.9323617219924927,
          "y": -0.20028938353061676,
          "z": 0.14678482711315155
        },
        "matrix": [
          [
            0.8766767978668213,
            -0.4506213963031769,
            0.16845840215682983,
            0.3433215022087097
          ],
          [
            -0.29634782671928406,
            -0.7816876769065857,
            -0.548764169216156,
            -0.4282298684120178
          ],
          [
            0.3789690136909485,
            0.431168794631958,
            -0.8188345432281494,
            1.7141666412353516
          ],
          [
            0.0,
            0.0,
            0.0,
            1.0
          ]
        ]
      },
      "bone_length_armature_space": 0.04953368520729605,
      "parent": "lowerarm_l",
      "has_children": true,
      "is_end_bone": false
    },
    "thumb_01_l": {
      "name": "thumb_01_l",
      "local": {
        "location": {
          "x": 0.0,
          "y": 0.0,
          "z": 0.0
        },
        "rotation_quaternion": {
          "w": 0.998181939125061,
          "x": -0.06022205203771591,
          "y": 0.002500085160136223,
          "z": 0.00017839623615145683
        },
        "scale": {
          "x": 1.0,
          "y": 1.0,
          "z": 1.0
        },
        "matrix_basis": [
          [
            0.9999874234199524,
            -0.0006572643178515136,
            0.00496959313750267,
            0.0
          ],
          [
            5.5023283493937925e-05,
            0.9927465319633484,
            0.12022601813077927,
            0.0
          ],
          [
            -0.005012566689401865,
            -0.1202242374420166,
            0.9927341341972351,
            0.0
          ],
          [
            0.0,
            0.0,
            0.0,
            1.0
          ]
        ],
        "rotation_mode": "QUATERNION"
      },
      "armature_space": {
        "head": {
          "x": 0.3210005760192871,
          "y": -0.5301936864852905,
          "z": 0.7856699228286743
        },
        "tail": {
          "x": 0.30812498927116394,
          "y": -0.5584926009178162,
          "z": 0.7718127965927124
        }
      },
      "world_space": {
        "head": {
          "x": 0.3210005760192871,
          "y": -0.4669497013092041,
          "z": 1.7355239391326904
        },
        "tail": {
          "x": 0.30812498927116394,
          "y": -0.49524861574172974,
          "z": 1.7216668128967285
        },
        "rotation_quaternion": {
          "w": 0.05071604624390602,
          "x": 0.5189091563224792,
          "y": -0.28590166568756104,
          "z": 0.8040033578872681
        },
        "matrix": [
          [
            -0.4563232660293579,
            -0.37826427817344666,
            0.8054100871086121,
            0.3210005760192871
          ],
          [
            -0.21516121923923492,
            -0.8313772678375244,
            -0.5123645067214966,
            -0.4669497013092041
          ],
          [
            0.8634145855903625,
            -0.4071005880832672,
            0.2979905307292938,
            1.7355239391326904
          ],
          [
            0.0,
            0.0,
            0.0,
            1.0
          ]
        ]
      },
      "bone_length_armature_space": 0.03403864331152292,
      "parent": "metacarpal_thumb_l",
      "has_children": true,
      "is_end_bone": false
    },
    "thumb_02_l": {
      "name": "thumb_02_l",
      "local": {
        "location": {
          "x": 0.0,
          "y": 0.0,
          "z": 0.0
        },
        "rotation_quaternion": {
          "w": 0.9948804974555969,
          "x": 0.10068722069263458,
          "y": 0.008439041674137115,
          "z": 0.0019159192452207208
        },
        "scale": {
          "x": 1.0,
          "y": 1.0,
          "z": 1.0
        },
        "matrix_basis": [
          [
            0.9998502135276794,
            -0.0021128139924257994,
            0.017177492380142212,
            0.0
          ],
          [
            0.0055116284638643265,
            0.9797168374061584,
            -0.20031116902828217,
            0.0
          ],
          [
            -0.016405858099460602,
            0.20037584006786346,
            0.9795817136764526,
            0.0
          ],
          [
            0.0,
            0.0,
            0.0,
            1.0
          ]
        ],
        "rotation_mode": "QUATERNION"
      },
      "armature_space": {
        "head": {
          "x": 0.30812498927116394,
          "y": -0.5584925413131714,
          "z": 0.7718127965927124
        },
        "tail": {
          "x": 0.31302422285079956,
          "y": -0.5884106755256653,
          "z": 0.7981584072113037
        }
      },
      "world_space": {
        "head": {
          "x": 0.30812498927116394,
          "y": -0.49524855613708496,
          "z": 1.7216668128967285
        },
        "tail": {
          "x": 0.31302422285079956,
          "y": -0.5251666903495789,
          "z": 1.7480124235153198
        },
        "rotation_quaternion": {
          "w": 0.039489347487688065,
          "x": 0.2712586224079132,
          "y": 0.3549574911594391,
          "z": 0.8937922120094299
        },
        "matrix": [
          [
            -0.8497191667556763,
            0.12197968363761902,
            0.5129312872886658,
            0.30812498927116394
          ],
          [
            0.26316094398498535,
            -0.7448916435241699,
            0.6130926609039307,
            -0.49524855613708496
          ],
          [
            0.4568665027618408,
            0.6559438705444336,
            0.6008532047271729,
            1.7216668128967285
          ],
          [
            0.0,
            0.0,
            0.0,
            1.0
          ]
        ]
      },
      "bone_length_armature_space": 0.04016451736221311,
      "parent": "thumb_01_l",
      "has_children": true,
      "is_end_bone": false
    },
    "thumb_03_l": {
      "name": "thumb_03_l",
      "local": {
        "location": {
          "x": 0.0,
          "y": 0.0,
          "z": 0.0
        },
        "rotation_quaternion": {
          "w": 0.9942421913146973,
          "x": 0.10704877972602844,
          "y": -0.004188401624560356,
          "z": -0.00237030116841197
        },
        "scale": {
          "x": 1.0,
          "y": 1.0,
          "z": 1.0
        },
        "matrix_basis": [
          [
            0.9999536871910095,
            0.0038165803998708725,
            -0.008836046792566776,
            0.0
          ],
          [
            -0.00561003340408206,
            0.9770698547363281,
            -0.21284496784210205,
            0.0
          ],
          [
            0.007821095176041126,
            0.21288467943668365,
            0.977046012878418,
            0.0
          ],
          [
            0.0,
            0.0,
            0.0,
            1.0
          ]
        ],
        "rotation_mode": "QUATERNION"
      },
      "armature_space": {
        "head": {
          "x": 0.3130241632461548,
          "y": -0.5884106755256653,
          "z": 0.7981583476066589
        },
        "tail": {
          "x": 0.32528626918792725,
          "y": -0.6006133556365967,
          "z": 0.8232109546661377
        }
      },
      "world_space": {
        "head": {
          "x": 0.3130241632461548,
          "y": -0.5251666903495789,
          "z": 1.7480123043060303
        },
        "tail": {
          "x": 0.32528626918792725,
          "y": -0.5373693704605103,
          "z": 1.7730649709701538
        },
        "rotation_quaternion": {
          "w": 0.1648625135421753,
          "x": -0.1244242861866951,
          "y": -0.5219328999519348,
          "z": -0.8276020288467407
        },
        "matrix": [
          [
            -0.9146778583526611,
            0.402763694524765,
            0.03385163098573685,
            0.3130241632461548
          ],
          [
            -0.14300036430358887,
            -0.4008125066757202,
            0.9049310088157654,
            -0.5251666903495789
          ],
          [
            0.3780439496040344,
            0.8228848576545715,
            0.4242136478424072,
            1.7480123043060303
          ],
          [
            0.0,
            0.0,
            0.0,
            1.0
          ]
        ]
      },
      "bone_length_armature_space": 0.03044499563475209,
      "parent": "thumb_02_l",
      "has_children": false,
      "is_end_bone": true
    },
    "metacarpal_index_l": {
      "name": "metacarpal_index_l",
      "local": {
        "location": {
          "x": 0.0,
          "y": 0.0,
          "z": 0.0
        },
        "rotation_quaternion": {
          "w": 0.9992643594741821,
          "x": -0.03657495230436325,
          "y": -0.003547070315107703,
          "z": 0.010976077988743782
        },
        "scale": {
          "x": 1.0,
          "y": 1.0,
          "z": 1.0
        },
        "matrix_basis": [
          [
            0.9997338652610779,
            -0.02167653851211071,
            -0.00789182074368,
            0.0
          ],
          [
            0.022195475175976753,
            0.9970836043357849,
            0.07301822304725647,
            0.0
          ],
          [
            0.0062860227189958096,
            -0.07317395508289337,
            0.9972993731498718,
            0.0
          ],
          [
            0.0,
            0.0,
            0.0,
            1.0
          ]
        ],
        "rotation_mode": "QUATERNION"
      },
      "armature_space": {
        "head": {
          "x": 0.3433215022087097,
          "y": -0.49147385358810425,
          "z": 0.7643125653266907
        },
        "tail": {
          "x": 0.3237399160861969,
          "y": -0.5754889249801636,
          "z": 0.8436052203178406
        }
      },
      "world_space": {
        "head": {
          "x": 0.3433215022087097,
          "y": -0.4282298684120178,
          "z": 1.7141666412353516
        },
        "tail": {
          "x": 0.3237399160861969,
          "y": -0.5122449398040771,
          "z": 1.793459177017212
        },
        "rotation_quaternion": {
          "w": 0.33963102102279663,
          "x": 0.9076876044273376,
          "y": -0.16167308390140533,
          "z": -0.18605345487594604
        },
        "matrix": [
          [
            0.8784918189048767,
            -0.16711871325969696,
            -0.4475751519203186,
            0.3433215022087097
          ],
          [
            -0.4198765754699707,
            -0.7170251607894897,
            -0.5563980340957642,
            -0.4282298684120178
          ],
          [
            -0.22794030606746674,
            0.6767215132713318,
            -0.7000752687454224,
            1.7141666412353516
          ],
          [
            0.0,
            0.0,
            0.0,
            1.0
          ]
        ]
      },
      "bone_length_armature_space": 0.1171720791395944,
      "parent": "lowerarm_l",
      "has_children": true,
      "is_end_bone": false
    },
    "index_01_l": {
      "name": "index_01_l",
      "local": {
        "location": {
          "x": 0.0,
          "y": 0.0,
          "z": 0.0
        },
        "rotation_quaternion": {
          "w": 0.9905779957771301,
          "x": -0.13423579931259155,
          "y": -0.022426500916481018,
          "z": 0.015269512310624123
        },
        "scale": {
          "x": 1.0,
          "y": 1.0,
          "z": 1.0
        },
        "matrix_basis": [
          [
            0.9985277652740479,
            -0.024230407550930977,
            -0.04852982610464096,
            0.0
          ],
          [
            0.036272164434194565,
            0.9634951949119568,
            0.26525717973709106,
            0.0
          ],
          [
            0.04033096507191658,
            -0.2666269540786743,
            0.9629555940628052,
            0.0
          ],
          [
            0.0,
            0.0,
            0.0,
            1.0
          ]
        ],
        "rotation_mode": "QUATERNION"
      },
      "armature_space": {
        "head": {
          "x": 0.3237399160861969,
          "y": -0.5754889249801636,
          "z": 0.8436052203178406
        },
        "tail": {
          "x": 0.33195042610168457,
          "y": -0.5906050205230713,
          "z": 0.866346538066864
        }
      },
      "world_space": {
        "head": {
          "x": 0.3237399160861969,
          "y": -0.5122449398040771,
          "z": 1.793459177017212
        },
        "tail": {
          "x": 0.33195042610168457,
          "y": -0.5273610353469849,
          "z": 1.8162004947662354
        },
        "rotation_quaternion": {
          "w": 0.48384445905685425,
          "x": 0.838935136795044,
          "y": 0.028879249468445778,
          "z": -0.24748408794403076
        },
        "matrix": [
          [
            0.8758358955383301,
            0.2879429757595062,
            -0.3872988820075989,
            0.3237399160861969
          ],
          [
            -0.19103080034255981,
            -0.5301213264465332,
            -0.8261227011680603,
            -0.5122449398040771
          ],
          [
            -0.44319507479667664,
            0.7975389361381531,
            -0.40929681062698364,
            1.793459177017212
          ],
          [
            0.0,
            0.0,
            0.0,
            1.0
          ]
        ]
      },
      "bone_length_armature_space": 0.02851449411212228,
      "parent": "metacarpal_index_l",
      "has_children": true,
      "is_end_bone": false
    },
    "index_02_l": {
      "name": "index_02_l",
      "local": {
        "location": {
          "x": 0.0,
          "y": 0.0,
          "z": 0.0
        },
        "rotation_quaternion": {
          "w": 0.9988477826118469,
          "x": 0.047409649938344955,
          "y": -0.006952050141990185,
          "z": -0.0026962333358824253
        },
        "scale": {
          "x": 1.0,
          "y": 1.0,
          "z": 1.0
        },
        "matrix_basis": [
          [
            0.9998887777328491,
            0.00472706463187933,
            -0.014143734239041805,
            0.0
          ],
          [
            -0.006045442074537277,
            0.9954901337623596,
            -0.0946725606918335,
            0.0
          ],
          [
            0.013632425107061863,
            0.09474753588438034,
            0.9954079985618591,
            0.0
          ],
          [
            0.0,
            0.0,
            0.0,
            1.0
          ]
        ],
        "rotation_mode": "QUATERNION"
      },
      "armature_space": {
        "head": {
          "x": 0.33195021748542786,
          "y": -0.5906053781509399,
          "z": 0.8663468360900879
        },
        "tail": {
          "x": 0.3393835723400116,
          "y": -0.605598509311676,
          "z": 0.885790228843689
        }
      },
      "world_space": {
        "head": {
          "x": 0.33195021748542786,
          "y": -0.5273613929748535,
          "z": 1.816200852394104
        },
        "tail": {
          "x": 0.3393835723400116,
          "y": -0.5423545241355896,
          "z": 1.835644245147705
        },
        "rotation_quaternion": {
          "w": 0.45556238293647766,
          "x": 0.8416350483894348,
          "y": 0.015379449352622032,
          "z": -0.28961509466171265
        },
        "matrix": [
          [
            0.8317738771438599,
            0.2897628843784332,
            -0.47348690032958984,
            0.33195021748542786
          ],
          [
            -0.237986758351326,
            -0.5844531655311584,
            -0.7757428288459778,
            -0.5273613929748535
          ],
          [
            -0.5015162229537964,
            0.7579308748245239,
            -0.41717663407325745,
            1.816200852394104
          ],
          [
            0.0,
            0.0,
            0.0,
            1.0
          ]
        ]
      },
      "bone_length_armature_space": 0.025653348017533516,
      "parent": "index_01_l",
      "has_children": true,
      "is_end_bone": false
    },
    "index_03_l": {
      "name": "index_03_l",
      "local": {
        "location": {
          "x": 0.0,
          "y": 0.0,
          "z": 0.0
        },
        "rotation_quaternion": {
          "w": 0.9992685317993164,
          "x": 0.03794780746102333,
          "y": 0.0004647297319024801,
          "z": -0.00471783522516489
        },
        "scale": {
          "x": 1.0,
          "y": 1.0,
          "z": 1.0
        },
        "matrix_basis": [
          [
            0.9999550580978394,
            0.009464039467275143,
            0.0005707165692001581,
            0.0
          ],
          [
            -0.009393497370183468,
            0.9970754384994507,
            -0.07584448158740997,
            0.0
          ],
          [
            -0.0012868426274508238,
            0.0758357122540474,
            0.9971194863319397,
            0.0
          ],
          [
            0.0,
            0.0,
            0.0,
            1.0
          ]
        ],
        "rotation_mode": "QUATERNION"
      },
      "armature_space": {
        "head": {
          "x": 0.33938363194465637,
          "y": -0.6055983901023865,
          "z": 0.8857902884483337
        },
        "tail": {
          "x": 0.34799429774284363,
          "y": -0.626764178276062,
          "z": 0.9040002226829529
        }
      },
      "world_space": {
        "head": {
          "x": 0.33938363194465637,
          "y": -0.5423544049263,
          "z": 1.835644245147705
        },
        "tail": {
          "x": 0.34799429774284363,
          "y": -0.5635201930999756,
          "z": 1.8538541793823242
        },
        "rotation_quaternion": {
          "w": 0.36798667907714844,
          "x": 0.8843931555747986,
          "y": 0.04888942837715149,
          "z": -0.2829208970069885
        },
        "matrix": [
          [
            0.8351317048072815,
            0.2946970462799072,
            -0.4644446074962616,
            0.33938363194465637
          ],
          [
            -0.12174666672945023,
            -0.7243913412094116,
            -0.6785536408424377,
            -0.5423544049263
          ],
          [
            -0.5364114046096802,
            0.6232298612594604,
            -0.5690882205963135,
            1.835644245147705
          ],
          [
            0.0,
            0.0,
            0.0,
            1.0
          ]
        ]
      },
      "bone_length_armature_space": 0.02921875855860419,
      "parent": "index_02_l",
      "has_children": false,
      "is_end_bone": true
    },
    "metacarpal_pinky_l": {
      "name": "metacarpal_pinky_l",
      "local": {
        "location": {
          "x": 0.0,
          "y": 0.0,
          "z": 0.0
        },
        "rotation_quaternion": {
          "w": 0.9983753561973572,
          "x": -0.053743261843919754,
          "y": 0.00688797514885664,
          "z": 0.017635490745306015
        },
        "scale": {
          "x": 1.0,
          "y": 1.0,
          "z": 1.0
        },
        "matrix_basis": [
          [
            0.9992830753326416,
            -0.03595404326915741,
            0.01185799203813076,
            0.0
          ],
          [
            0.03447331488132477,
            0.9936013221740723,
            0.1075548455119133,
            0.0
          ],
          [
            -0.01564914733171463,
            -0.10706894844770432,
            0.994128406047821,
            0.0
          ],
          [
            0.0,
            0.0,
            0.0,
            1.0
          ]
        ],
        "rotation_mode": "QUATERNION"
      },
      "armature_space": {
        "head": {
          "x": 0.3433215022087097,
          "y": -0.49147385358810425,
          "z": 0.7643125653266907
        },
        "tail": {
          "x": 0.3931952118873596,
          "y": -0.559180498123169,
          "z": 0.8257265686988831
        }
      },
      "world_space": {
        "head": {
          "x": 0.3433215022087097,
          "y": -0.4282298684120178,
          "z": 1.7141666412353516
        },
        "tail": {
          "x": 0.3931952118873596,
          "y": -0.4959365129470825,
          "z": 1.775580644607544
        },
        "rotation_quaternion": {
          "w": 0.29808878898620605,
          "x": 0.1009652391076088,
          "y": -0.29332396388053894,
          "z": -0.9027238488197327
        },
        "matrix": [
          [
            -0.8018978238105774,
            0.4789527654647827,
            -0.3571614623069763,
            0.3433215022087097
          ],
          [
            -0.5974153876304626,
            -0.6502078175544739,
            0.4693874716758728,
            -0.4282298684120178
          ],
          [
            -0.007415139116346836,
            0.5897778868675232,
            0.8075401782989502,
            1.7141666412353516
          ],
          [
            0.0,
            0.0,
            0.0,
            1.0
          ]
        ]
      },
      "bone_length_armature_space": 0.10413095612151621,
      "parent": "lowerarm_l",
      "has_children": true,
      "is_end_bone": false
    },
    "pinky_01_l": {
      "name": "pinky_01_l",
      "local": {
        "location": {
          "x": 0.0,
          "y": 0.0,
          "z": 0.0
        },
        "rotation_quaternion": {
          "w": 0.9923051595687866,
          "x": -0.12220615148544312,
          "y": 0.019763626158237457,
          "z": -0.002377810887992382
        },
        "scale": {
          "x": 1.0,
          "y": 1.0,
          "z": 1.0
        },
        "matrix_basis": [
          [
            0.9992074966430664,
            -0.000111445362563245,
            0.039804261177778244,
            0.0
          ],
          [
            -0.009549501352012157,
            0.9701200127601624,
            0.24243760108947754,
            0.0
          ],
          [
            -0.038641929626464844,
            -0.24262557923793793,
            0.9693500995635986,
            0.0
          ],
          [
            0.0,
            0.0,
            0.0,
            1.0
          ]
        ],
        "rotation_mode": "QUATERNION"
      },
      "armature_space": {
        "head": {
          "x": 0.3931952118873596,
          "y": -0.559180498123169,
          "z": 0.8257265686988831
        },
        "tail": {
          "x": 0.39982107281684875,
