{
  "metadata": {
    "armature_name": "KIM_caucasian_male",
    "export_time": "2026-01-13T21:05:46.461902",
    "blender_version": "4.4.1",
    "bone_count": 56,
    "end_bone_count": 13,
    "spaces_included": [
      "LOCAL_CHANNELS",
      "ARMATURE_SPACE",
      "WORLD_SPACE"
    ],
    "note": "LOCAL matches Transform panel; replay pose via local.matrix_basis for best fidelity."
  },
  "bones": {
    "Root": {
      "name": "Root",
      "local": {
        "location": {
          "x": 0.0,
          "y": 0.0,
          "z": 0.0
        },
        "rotation_quaternion": {
          "w": 0.9997620582580566,
          "x": -0.0027592184487730265,
          "y": 0.013236820697784424,
          "z": -0.01711541973054409
        },
        "scale": {
          "x": 1.0,
          "y": 1.0,
          "z": 1.0
        },
        "matrix_basis": [
          [
            0.9990636706352234,
            0.0341496467590332,
            0.026561792939901352,
            0.0
          ],
          [
            -0.034295741468667984,
            0.9993988871574402,
            0.005064016208052635,
            0.0
          ],
          [
            -0.026372890919446945,
            -0.005970231257379055,
            0.999634325504303,
            0.0
          ],
          [
            0.0,
            0.0,
            0.0,
            1.0
          ]
        ],
        "rotation_mode": "QUATERNION"
      },
      "armature_space": {
        "head": {
          "x": 0.0,
          "y": 0.07072800397872925,
          "z": -0.009595036506652832
        },
        "tail": {
          "x": 0.0024374607019126415,
          "y": 9.980052709579468e-05,
          "z": 0.00041649769991636276
        }
      },
      "world_space": {
        "head": {
          "x": 0.0,
          "y": 0.13397200405597687,
          "z": 0.9402589797973633
        },
        "tail": {
          "x": 0.0024374607019126415,
          "y": 0.06334380060434341,
          "z": 0.9502705335617065
        },
        "rotation_quaternion": {
          "w": 0.07010458409786224,
          "x": 0.9973049759864807,
          "y": 0.017968274652957916,
          "z": 0.012053719721734524
        },
        "matrix": [
          [
            0.9990636706352234,
            0.0341496467590332,
            0.026561792939901352,
            0.0
          ],
          [
            0.03752974420785904,
            -0.9895249605178833,
            -0.13939858973026276,
            0.13397200405597687
          ],
          [
            0.021523326635360718,
            0.14026497304439545,
            -0.9898871183395386,
            0.9402589797973633
          ],
          [
            0.0,
            0.0,
            0.0,
            1.0
          ]
        ]
      },
      "bone_length_armature_space": 0.07137587143956062,
      "parent": null,
      "has_children": true,
      "is_end_bone": false
    },
    "spine_01": {
      "name": "spine_01",
      "local": {
        "location": {
          "x": 0.0,
          "y": 0.0,
          "z": 0.0
        },
        "rotation_quaternion": {
          "w": 0.9963582158088684,
          "x": 0.0525413453578949,
          "y": -0.044884130358695984,
          "z": 0.04995176941156387
        },
        "scale": {
          "x": 1.0,
          "y": 1.0,
          "z": 1.0
        },
        "matrix_basis": [
          [
            0.9909804463386536,
            -0.10425625741481781,
            -0.08419227600097656,
            0.0
          ],
          [
            0.09482316672801971,
            0.9894884824752808,
            -0.10918408632278442,
            0.0
          ],
          [
            0.09469041228294373,
            0.10021591931581497,
            0.9904496669769287,
            0.0
          ],
          [
            0.0,
            0.0,
            0.0,
            1.0
          ]
        ],
        "rotation_mode": "QUATERNION"
      },
      "armature_space": {
        "head": {
          "x": 0.0024374607019126415,
          "y": 9.980052709579468e-05,
          "z": 0.00041649769991636276
        },
        "tail": {
          "x": -0.0579397939145565,
          "y": -0.0255969800055027,
          "z": 0.4839893579483032
        }
      },
      "world_space": {
        "head": {
          "x": 0.0024374607019126415,
          "y": 0.06334380060434341,
          "z": 0.9502705335617065
        },
        "tail": {
          "x": -0.0579397939145565,
          "y": 0.03764702007174492,
          "z": 1.4338433742523193
        },
        "rotation_quaternion": {
          "w": 0.6855533123016357,
          "x": 0.7250187397003174,
          "y": -0.060727763921022415,
          "z": 0.026012558490037918
        },
        "matrix": [
          [
            0.991270899772644,
            -0.1237235739827156,
            -0.04554588347673416,
            0.0024374607019126415
          ],
          [
            -0.05239234119653702,
            -0.05265720561146736,
            -0.9972373843193054,
            0.06334380060434341
          ],
          [
            0.12098424136638641,
            0.9909255504608154,
            -0.058681052178144455,
            0.9502705335617065
          ],
          [
            0.0,
            0.0,
            0.0,
            1.0
          ]
        ]
      },
      "bone_length_armature_space": 0.48800456248392177,
      "parent": "Root",
      "has_children": true,
      "is_end_bone": false
    },
    "neck_01": {
      "name": "neck_01",
      "local": {
        "location": {
          "x": 0.0,
          "y": 0.0,
          "z": 0.0
        },
        "rotation_quaternion": {
          "w": 0.983780562877655,
          "x": -0.13246285915374756,
          "y": -0.007707465905696154,
          "z": -0.12070591747760773
        },
        "scale": {
          "x": 1.0,
          "y": 1.0,
          "z": 1.0
        },
        "matrix_basis": [
          [
            0.970741331577301,
            0.23953817784786224,
            0.016813192516565323,
            0.0
          ],
          [
            -0.23545436561107635,
            0.9357673525810242,
            0.2624894380569458,
            0.0
          ],
          [
            0.047143012285232544,
            -0.25876811146736145,
            0.9647883772850037,
            0.0
          ],
          [
            0.0,
            0.0,
            0.0,
            1.0
          ]
        ],
        "rotation_mode": "QUATERNION"
      },
      "armature_space": {
        "head": {
          "x": -0.06857819110155106,
          "y": -0.06403709203004837,
          "z": 0.55450838804245
        },
        "tail": {
          "x": -0.05695763975381851,
          "y": -0.08244156837463379,
          "z": 0.6546932458877563
        }
      },
      "world_space": {
        "head": {
          "x": -0.06857819110155106,
          "y": -0.0007930919528007507,
          "z": 1.5043623447418213
        },
        "tail": {
          "x": -0.05695763975381851,
          "y": -0.01919756829738617,
          "z": 1.6045472621917725
        },
        "rotation_quaternion": {
          "w": 0.6393222808837891,
          "x": 0.7668043971061707,
          "y": 0.038826923817396164,
          "z": -0.04207753762602806
        },
        "matrix": [
          [
            0.9934438467025757,
            0.1133476197719574,
            -0.014883916825056076,
            -0.06857819110155106
          ],
          [
            0.005743756890296936,
            -0.17951849102973938,
            -0.9837380647659302,
            -0.0007930919528007507
          ],
          [
            -0.11417705565690994,
            0.9772095680236816,
            -0.1789948046207428,
            1.5043623447418213
          ],
          [
            0.0,
            0.0,
            0.0,
            1.0
          ]
        ]
      },
      "bone_length_armature_space": 0.1025220359420472,
      "parent": "spine_01",
      "has_children": true,
      "is_end_bone": false
    },
    "head": {
      "name": "head",
      "local": {
        "location": {
          "x": 0.0,
          "y": 0.0,
          "z": 0.0
        },
        "rotation_quaternion": {
          "w": 0.9894866943359375,
          "x": 0.065326988697052,
          "y": -0.10653650015592575,
          "z": -0.07279032468795776
        },
        "scale": {
          "x": 1.0,
          "y": 1.0,
          "z": 1.0
        },
        "matrix_basis": [
          [
            0.9667030572891235,
            0.13013069331645966,
            -0.22034324705600739,
            0.0
          ],
          [
            -0.15796953439712524,
            0.9808679223060608,
            -0.11377071589231491,
            0.0
          ],
          [
            0.2013225555419922,
            0.14479002356529236,
            0.9687647223472595,
            0.0
          ],
          [
            0.0,
            0.0,
            0.0,
            1.0
          ]
        ],
        "rotation_mode": "QUATERNION"
      },
      "armature_space": {
        "head": {
          "x": -0.05695765092968941,
          "y": -0.08244170993566513,
          "z": 0.6546931266784668
        },
        "tail": {
          "x": -0.019563794136047363,
          "y": -0.07580141723155975,
          "z": 0.8050623536109924
        }
      },
      "world_space": {
        "head": {
          "x": -0.05695765092968941,
          "y": -0.01919770985841751,
          "z": 1.604547142982483
        },
        "tail": {
          "x": -0.019563794136047363,
          "y": -0.012557417154312134,
          "z": 1.7549164295196533
        },
        "rotation_quaternion": {
          "w": 0.7220596671104431,
          "x": 0.6727460622787476,
          "y": 0.006116462871432304,
          "z": -0.1612614095211029
        },
        "matrix": [
          [
            0.9479143023490906,
            0.24111035466194153,
            -0.20814450085163116,
            -0.05695765092968941
          ],
          [
            -0.22465276718139648,
            0.04281570017337799,
            -0.9734980463981628,
            -0.01919770985841751
          ],
          [
            -0.22581034898757935,
            0.9695597290992737,
            0.09475140273571014,
            1.604547142982483
          ],
          [
            0.0,
            0.0,
            0.0,
            1.0
          ]
        ]
      },
      "bone_length_armature_space": 0.1550912591141041,
      "parent": "neck_01",
      "has_children": false,
      "is_end_bone": true
    },
    "upperarm_l": {
      "name": "upperarm_l",
      "local": {
        "location": {
          "x": 0.0,
          "y": 0.0,
          "z": 0.0
        },
        "rotation_quaternion": {
          "w": 0.9777020215988159,
          "x": 0.17774564027786255,
          "y": -0.10990654677152634,
          "z": -0.02063644863665104
        },
        "scale": {
          "x": 1.0,
          "y": 1.0,
          "z": 1.0
        },
        "matrix_basis": [
          [
            0.9749893546104431,
            0.001281775999814272,
            -0.22224777936935425,
            0.0
          ],
          [
            -0.07942341268062592,
            0.9359612464904785,
            -0.34302839636802673,
            0.0
          ],
          [
            0.20757563412189484,
            0.3521007001399994,
            0.9126541018486023,
            0.0
          ],
          [
            0.0,
            0.0,
            0.0,
            1.0
          ]
        ],
        "rotation_mode": "QUATERNION"
      },
      "armature_space": {
        "head": {
          "x": 0.08828236907720566,
          "y": -0.07153729349374771,
          "z": 0.5058709383010864
        },
        "tail": {
          "x": 0.33742138743400574,
          "y": -0.16861668229103088,
          "z": 0.5235617756843567
        }
      },
      "world_space": {
        "head": {
          "x": 0.08828236907720566,
          "y": -0.008293293416500092,
          "z": 1.4557249546051025
        },
        "tail": {
          "x": 0.33742138743400574,
          "y": -0.10537268221378326,
          "z": 1.4734158515930176
        },
        "rotation_quaternion": {
          "w": 0.43912553787231445,
          "x": 0.5630197525024414,
          "y": 0.3550064265727997,
          "z": -0.6034466624259949
        },
        "matrix": [
          [
            0.019645294174551964,
            0.9297292828559875,
            -0.3677195608615875,
            0.08828236907720566
          ],
          [
            -0.13022679090499878,
            -0.3622778356075287,
            -0.922927975654602,
            -0.008293293416500092
          ],
          [
            -0.991296648979187,
            0.06601819396018982,
            0.11395852267742157,
            1.4557249546051025
          ],
          [
            0.0,
            0.0,
            0.0,
            1.0
          ]
        ]
      },
      "bone_length_armature_space": 0.2679694394775792,
      "parent": "spine_01",
      "has_children": true,
      "is_end_bone": false
    },
    "lowerarm_l": {
      "name": "lowerarm_l",
      "local": {
        "location": {
          "x": 0.0,
          "y": 0.0,
          "z": 0.0
        },
        "rotation_quaternion": {
          "w": 0.856340765953064,
          "x": 0.4777520000934601,
          "y": 0.12080108374357224,
          "z": -0.15440423786640167
        },
        "scale": {
          "x": 1.0,
          "y": 1.0,
          "z": 1.0
        },
        "matrix_basis": [
          [
            0.9231328368186951,
            0.3798712193965912,
            0.059359919279813766,
            0.0
          ],
          [
            -0.14901936054229736,
            0.4958247244358063,
            -0.8555414080619812,
            0.0
          ],
          [
            -0.35442766547203064,
            0.780932605266571,
            0.5143202543258667,
            0.0
          ],
          [
            0.0,
            0.0,
            0.0,
            1.0
          ]
        ],
        "rotation_mode": "QUATERNION"
      },
      "armature_space": {
        "head": {
          "x": 0.3374214768409729,
          "y": -0.16861674189567566,
          "z": 0.5235618948936462
        },
        "tail": {
          "x": 0.3552691638469696,
          "y": -0.43409067392349243,
          "z": 0.49573299288749695
        }
      },
      "world_space": {
        "head": {
          "x": 0.3374214768409729,
          "y": -0.10537274181842804,
          "z": 1.4734158515930176
        },
        "tail": {
          "x": 0.3552691638469696,
          "y": -0.370846688747406,
          "z": 1.4455870389938354
        },
        "rotation_quaternion": {
          "w": 0.014976155012845993,
          "x": -0.7260530591011047,
          "y": -0.06006857380270958,
          "z": 0.6848462820053101
        },
        "matrix": [
          [
            0.05475470423698425,
            0.06671425700187683,
            -0.996268630027771,
            0.3374214768409729
          ],
          [
            0.10773837566375732,
            -0.9923350811004639,
            -0.060529738664627075,
            -0.10537274181842804
          ],
          [
            -0.9926772117614746,
            -0.10402370989322662,
            -0.06152310222387314,
            1.4734158515930176
          ],
          [
            0.0,
            0.0,
            0.0,
            1.0
          ]
        ]
      },
      "bone_length_armature_space": 0.26752456535575353,
      "parent": "upperarm_l",
      "has_children": true,
      "is_end_bone": false
    },
    "metacarpal_thumb_l": {
      "name": "metacarpal_thumb_l",
      "local": {
        "location": {
          "x": 0.0,
          "y": 0.0,
          "z": 0.0
        },
        "rotation_quaternion": {
          "w": 0.9994295239448547,
          "x": -0.030542146414518356,
          "y": 0.010548842139542103,
          "z": -0.009831283241510391
        },
        "scale": {
          "x": 1.0,
          "y": 1.0,
          "z": 1.0
        },
        "matrix_basis": [
          [
            0.9995841383934021,
            0.01900698058307171,
            0.021686185151338577,
            0.0
          ],
          [
            -0.02029571868479252,
            0.9979410171508789,
            0.06084202975034714,
            0.0
          ],
          [
            -0.020485112443566322,
            -0.06125686317682266,
            0.997911810874939,
            0.0
          ],
          [
            0.0,
            0.0,
            0.0,
            1.0
          ]
        ],
        "rotation_mode": "QUATERNION"
      },
      "armature_space": {
        "head": {
          "x": 0.3552691638469696,
          "y": -0.43409067392349243,
          "z": 0.49573299288749695
        },
        "tail": {
          "x": 0.3299202024936676,
          "y": -0.4749246835708618,
          "z": 0.4837496280670166
        }
      },
      "world_space": {
        "head": {
          "x": 0.3552691638469696,
          "y": -0.370846688747406,
          "z": 1.4455870389938354
        },
        "tail": {
          "x": 0.3299202024936676,
          "y": -0.4116806983947754,
          "z": 1.4336036443710327
        },
        "rotation_quaternion": {
          "w": 0.12482091784477234,
          "x": -0.9550613760948181,
          "y": 0.2687664330005646,
          "z": -0.006507592275738716
        },
        "matrix": [
          [
            0.8554444313049316,
            -0.5117522478103638,
            0.07952626049518585,
            0.3552691638469696
          ],
          [
            -0.5150015950202942,
            -0.8243687748908997,
            0.23492464423179626,
            -0.370846688747406
          ],
          [
            -0.05466515198349953,
            -0.2419234812259674,
            -0.9687615036964417,
            1.4455870389938354
          ],
          [
            0.0,
            0.0,
            0.0,
            1.0
          ]
        ]
      },
      "bone_length_armature_space": 0.049533697545977515,
      "parent": "lowerarm_l",
      "has_children": true,
      "is_end_bone": false
    },
    "thumb_01_l": {
      "name": "thumb_01_l",
      "local": {
        "location": {
          "x": 0.0,
          "y": 0.0,
          "z": 0.0
        },
        "rotation_quaternion": {
          "w": 0.9996433258056641,
          "x": 0.019213013350963593,
          "y": 0.003807718399912119,
          "z": 0.018160376697778702
        },
        "scale": {
          "x": 1.0,
          "y": 1.0,
          "z": 1.0
        },
        "matrix_basis": [
          [
            0.9993113875389099,
            -0.03616148233413696,
            0.008310551755130291,
            0.0
          ],
          [
            0.03645411506295204,
            0.9986020922660828,
            -0.038274023681879044,
            0.0
          ],
          [
            -0.006914889439940453,
            0.038550619035959244,
            0.9992327094078064,
            0.0
          ],
          [
            0.0,
            0.0,
            0.0,
            1.0
          ]
        ],
        "rotation_mode": "QUATERNION"
      },
      "armature_space": {
        "head": {
          "x": 0.3299202024936676,
          "y": -0.4749246835708618,
          "z": 0.4837496280670166
        },
        "tail": {
          "x": 0.31852808594703674,
          "y": -0.4851703941822052,
          "z": 0.4533541798591614
        }
      },
      "world_space": {
        "head": {
          "x": 0.3299202024936676,
          "y": -0.4116806983947754,
          "z": 1.4336036443710327
        },
        "tail": {
          "x": 0.31852808594703674,
          "y": -0.4219263792037964,
          "z": 1.4032082557678223
        },
        "rotation_quaternion": {
          "w": 0.17263850569725037,
          "x": -0.49126753211021423,
          "y": 0.5654159784317017,
          "z": -0.639653742313385
        },
        "matrix": [
          [
            -0.4577009677886963,
            -0.33468273282051086,
            0.8237094879150391,
            0.3299202024936676
          ],
          [
            -0.7764003276824951,
            -0.30100303888320923,
            -0.5537144541740417,
            -0.4116806983947754
          ],
          [
            0.4332600235939026,
            -0.8929705023765564,
            -0.12207981199026108,
            1.4336036443710327
          ],
          [
            0.0,
            0.0,
            0.0,
            1.0
          ]
        ]
      },
      "bone_length_armature_space": 0.034038774877966846,
      "parent": "metacarpal_thumb_l",
      "has_children": true,
      "is_end_bone": false
    },
    "thumb_02_l": {
      "name": "thumb_02_l",
      "local": {
        "location": {
          "x": 0.0,
          "y": 0.0,
          "z": 0.0
        },
        "rotation_quaternion": {
          "w": 0.9912821054458618,
          "x": 0.13152427971363068,
          "y": 0.002989828819409013,
          "z": 0.007227322086691856
        },
        "scale": {
          "x": 1.0,
          "y": 1.0,
          "z": 1.0
        },
        "matrix_basis": [
          [
            0.9998776316642761,
            -0.013542160391807556,
            0.007828664034605026,
            0.0
          ],
          [
            0.015115099959075451,
            0.9652982354164124,
            -0.2607121169567108,
            0.0
          ],
          [
            -0.004026391077786684,
            0.26079854369163513,
            0.965384840965271,
            0.0
          ],
          [
            0.0,
            0.0,
            0.0,
            1.0
          ]
        ],
        "rotation_mode": "QUATERNION"
      },
      "armature_space": {
        "head": {
          "x": 0.31852805614471436,
          "y": -0.4851703345775604,
          "z": 0.4533541798591614
        },
        "tail": {
          "x": 0.32603001594543457,
          "y": -0.52462238073349,
          "z": 0.45269250869750977
        }
      },
      "world_space": {
        "head": {
          "x": 0.31852805614471436,
          "y": -0.4219263195991516,
          "z": 1.4032082557678223
        },
        "tail": {
          "x": 0.32603001594543457,
          "y": -0.46137839555740356,
          "z": 1.4025465250015259
        },
        "rotation_quaternion": {
          "w": 0.09291787445545197,
          "x": -0.2475825399160385,
          "y": -0.015315063297748566,
          "z": -0.9642794132232666
        },
        "matrix": [
          [
            -0.8601383566856384,
            0.18678143620491028,
            0.47463124990463257,
            0.31852805614471436
          ],
          [
            -0.1716139167547226,
            -0.9822633862495422,
            0.07554641366004944,
            -0.4219263195991516
          ],
          [
            0.4803268015384674,
            -0.016474023461341858,
            0.8769428133964539,
            1.4032082557678223
          ],
          [
            0.0,
            0.0,
            0.0,
            1.0
          ]
        ]
      },
      "bone_length_armature_space": 0.04016442578635251,
      "parent": "thumb_01_l",
      "has_children": true,
      "is_end_bone": false
    },
    "thumb_03_l": {
      "name": "thumb_03_l",
      "local": {
        "location": {
          "x": 0.0,
          "y": 0.0,
          "z": 0.0
        },
        "rotation_quaternion": {
          "w": 0.9958853721618652,
          "x": 0.09044350683689117,
          "y": 0.0017512895865365863,
          "z": -0.005411088466644287
        },
        "scale": {
          "x": 1.0,
          "y": 1.0,
          "z": 1.0
        },
        "matrix_basis": [
          [
            0.9999353289604187,
            0.011094433255493641,
            0.002509371843189001,
            0.0
          ],
          [
            -0.010460861958563328,
            0.9835813641548157,
            -0.18016168475151062,
            0.0
          ],
          [
            -0.00446696300059557,
            0.18012377619743347,
            0.983633816242218,
            0.0
          ],
          [
            0.0,
            0.0,
            0.0,
            1.0
          ]
        ],
        "rotation_mode": "QUATERNION"
      },
      "armature_space": {
        "head": {
          "x": 0.3260299265384674,
          "y": -0.5246223211288452,
          "z": 0.4526924788951874
        },
        "tail": {
          "x": 0.33936429023742676,
          "y": -0.550199031829834,
          "z": 0.4624350666999817
        }
      },
      "world_space": {
        "head": {
          "x": 0.3260299265384674,
          "y": -0.4613783359527588,
          "z": 1.4025465250015259
        },
        "tail": {
          "x": 0.33936429023742676,
          "y": -0.48695504665374756,
          "z": 1.4122891426086426
        },
        "rotation_quaternion": {
          "w": 0.22323204576969147,
          "x": -0.02860606275498867,
          "y": -0.17354458570480347,
          "z": -0.9587655663490295
        },
        "matrix": [
          [
            -0.8986982703208923,
            0.43798336386680603,
            -0.02262892946600914,
            0.3260299265384674
          ],
          [
            -0.41812559962272644,
            -0.8400992751121521,
            0.34554916620254517,
            -0.4613783359527588
          ],
          [
            0.13233481347560883,
            0.3200075626373291,
            0.9381347298622131,
            1.4025465250015259
          ],
          [
            0.0,
            0.0,
            0.0,
            1.0
          ]
        ]
      },
      "bone_length_armature_space": 0.030444891316755863,
      "parent": "thumb_02_l",
      "has_children": false,
      "is_end_bone": true
    },
    "metacarpal_index_l": {
      "name": "metacarpal_index_l",
      "local": {
        "location": {
          "x": 0.0,
          "y": 0.0,
          "z": 0.0
        },
        "rotation_quaternion": {
          "w": 0.9997340440750122,
          "x": -0.0183698870241642,
          "y": -0.010451778769493103,
          "z": -0.009240384213626385
        },
        "scale": {
          "x": 1.0,
          "y": 1.0,
          "z": 1.0
        },
        "matrix_basis": [
          [
            0.9996107220649719,
            0.018859850242733955,
            -0.02055850811302662,
            0.0
          ],
          [
            -0.018091857433319092,
            0.9991543292999268,
            0.036923158913850784,
            0.0
          ],
          [
            0.021237486973404884,
            -0.036536846309900284,
            0.9991065859794617,
            0.0
          ],
          [
            0.0,
            0.0,
            0.0,
            1.0
          ]
        ],
        "rotation_mode": "QUATERNION"
      },
      "armature_space": {
        "head": {
          "x": 0.3552691638469696,
          "y": -0.43409067392349243,
          "z": 0.49573299288749695
        },
        "tail": {
          "x": 0.3314465880393982,
          "y": -0.5474905371665955,
          "z": 0.47834956645965576
        }
      },
      "world_space": {
        "head": {
          "x": 0.3552691638469696,
          "y": -0.370846688747406,
          "z": 1.4455870389938354
        },
        "tail": {
          "x": 0.3314465880393982,
          "y": -0.48424655199050903,
          "z": 1.4282035827636719
        },
        "rotation_quaternion": {
          "w": 0.1016131266951561,
          "x": -0.9480634927749634,
          "y": 0.0759628564119339,
          "z": 0.2916848957538605
        },
        "matrix": [
          [
            0.8182992935180664,
            -0.20331333577632904,
            -0.5376337766647339,
            0.3552691638469696
          ],
          [
            -0.08475739508867264,
            -0.9678090810775757,
            0.23698541522026062,
            -0.370846688747406
          ],
          [
            -0.5685131549835205,
            -0.14835846424102783,
            -0.8091949820518494,
            1.4455870389938354
          ],
          [
            0.0,
            0.0,
            0.0,
            1.0
          ]
        ]
      },
      "bone_length_armature_space": 0.11717178616868194,
      "parent": "lowerarm_l",
      "has_children": true,
      "is_end_bone": false
    },
    "index_01_l": {
      "name": "index_01_l",
      "local": {
        "location": {
          "x": 0.0,
          "y": 0.0,
          "z": 0.0
        },
        "rotation_quaternion": {
          "w": 0.9982329607009888,
          "x": -0.054581429809331894,
          "y": -0.022529607638716698,
          "z": -0.00665093632414937
        },
        "scale": {
          "x": 1.0,
          "y": 1.0,
          "z": 1.0
        },
        "matrix_basis": [
          [
            0.9988963603973389,
            0.015737764537334442,
            -0.04425355792045593,
            0.0
          ],
          [
            -0.010818971320986748,
            0.993953287601471,
            0.1092696487903595,
            0.0
          ],
          [
            0.04570562765002251,
            -0.10867027938365936,
            0.9930265545845032,
            0.0
          ],
          [
            0.0,
            0.0,
            0.0,
            1.0
          ]
        ],
        "rotation_mode": "QUATERNION"
      },
      "armature_space": {
        "head": {
          "x": 0.3314465880393982,
          "y": -0.5474905371665955,
          "z": 0.47834956645965576
        },
        "tail": {
          "x": 0.3380609154701233,
          "y": -0.5749415159225464,
          "z": 0.4743790328502655
        }
      },
      "world_space": {
        "head": {
          "x": 0.3314465880393982,
          "y": -0.48424655199050903,
          "z": 1.4282035827636719
        },
        "tail": {
          "x": 0.3380609154701233,
          "y": -0.51169753074646,
          "z": 1.424233078956604
        },
        "rotation_quaternion": {
          "w": 0.035456493496894836,
          "x": -0.9526065587997437,
          "y": -0.13187044858932495,
          "z": 0.2718341648578644
        },
        "matrix": [
          [
            0.817432701587677,
            0.23196521401405334,
            -0.527253270149231,
            0.3314465880393982
          ],
          [
            0.270518034696579,
            -0.9627062082290649,
            -0.004142679274082184,
            -0.48424655199050903
          ],
          [
            -0.508554220199585,
            -0.13924705982208252,
            -0.8497039675712585,
            1.4282035827636719
          ],
          [
            0.0,
            0.0,
            0.0,
            1.0
          ]
        ]
      },
      "bone_length_armature_space": 0.028514395107158554,
      "parent": "metacarpal_index_l",
      "has_children": true,
      "is_end_bone": false
    },
    "index_02_l": {
      "name": "index_02_l",
      "local": {
        "location": {
          "x": 0.0,
          "y": 0.0,
          "z": 0.0
        },
        "rotation_quaternion": {
          "w": 0.9855071902275085,
          "x": 0.16958269476890564,
          "y": 0.004093254450708628,
          "z": 0.0008365163812413812
        },
        "scale": {
          "x": 1.0,
          "y": 1.0,
          "z": 1.0
        },
        "matrix_basis": [
          [
            0.9999650716781616,
            -0.0002604955807328224,
            0.008351581171154976,
            0.0
          ],
          [
            0.0030370759777724743,
            0.9424819946289062,
            -0.3342430889606476,
            0.0
          ],
          [
            -0.007784145884215832,
            0.33425676822662354,
            0.9424499273300171,
            0.0
          ],
          [
            0.0,
            0.0,
            0.0,
            1.0
          ]
        ],
        "rotation_mode": "QUATERNION"
      },
      "armature_space": {
        "head": {
          "x": 0.3380606472492218,
          "y": -0.5749419331550598,
          "z": 0.4743788242340088
        },
        "tail": {
          "x": 0.3398224413394928,
          "y": -0.5984753370285034,
          "z": 0.4643206000328064
        }
      },
      "world_space": {
        "head": {
          "x": 0.3380606472492218,
          "y": -0.5116979479789734,
          "z": 1.424232840538025
        },
        "tail": {
          "x": 0.3398224413394928,
          "y": -0.535231351852417,
          "z": 1.4141745567321777
        },
        "rotation_quaternion": {
          "w": 0.17802794277668,
          "x": -0.9262127876281738,
          "y": -0.09810247272253036,
          "z": 0.31750890612602234
        },
        "matrix": [
          [
            0.7791280746459961,
            0.06867730617523193,
            -0.6230913996696472,
            0.3380606472492218
          ],
          [
            0.2947784662246704,
            -0.9173644185066223,
            0.2674855589866638,
            -0.5116979479789734
          ],
          [
            -0.5532351732254028,
            -0.39208298921585083,
            -0.7349936962127686,
            1.424232840538025
          ],
          [
            0.0,
            0.0,
            0.0,
            1.0
          ]
        ]
      },
      "bone_length_armature_space": 0.02565332125917497,
      "parent": "index_01_l",
      "has_children": true,
      "is_end_bone": false
    },
    "index_03_l": {
      "name": "index_03_l",
      "local": {
        "location": {
          "x": 0.0,
          "y": 0.0,
          "z": 0.0
        },
        "rotation_quaternion": {
          "w": 0.9747827053070068,
          "x": 0.22301022708415985,
          "y": -0.007827664725482464,
          "z": 0.0019683081191033125
        },
        "scale": {
          "x": 1.0,
          "y": 1.0,
          "z": 1.0
        },
        "matrix_basis": [
          [
            0.999869704246521,
            -0.0073286439292132854,
            -0.014382638968527317,
            0.0
          ],
          [
            0.0003460468433331698,
            0.9005251526832581,
            -0.43480384349823,
            0.0
          ],
          [
            0.01613844931125641,
            0.4347422122955322,
            0.9004103541374207,
            0.0
          ],
          [
            0.0,
            0.0,
            0.0,
            1.0
          ]
        ],
        "rotation_mode": "QUATERNION"
      },
      "armature_space": {
        "head": {
          "x": 0.3398225009441376,
          "y": -0.5984753966331482,
          "z": 0.46432074904441833
        },
        "tail": {
          "x": 0.33457693457603455,
          "y": -0.6164458990097046,
          "z": 0.4418867528438568
        }
      },
      "world_space": {
        "head": {
          "x": 0.3398225009441376,
          "y": -0.5352314114570618,
          "z": 1.4141747951507568
        },
        "tail": {
          "x": 0.33457693457603455,
          "y": -0.5532019138336182,
          "z": 1.3917407989501953
        },
        "rotation_quaternion": {
          "w": 0.43561747670173645,
          "x": -0.8444855809211731,
          "y": -0.05216153338551521,
          "z": 0.3071819543838501
        },
        "matrix": [
          [
            0.8058375716209412,
            -0.17952772974967957,
            -0.5642655491828918,
            0.3398225009441376
          ],
          [
            0.35572612285614014,
            -0.615034282207489,
            0.7036988735198975,
            -0.5352314114570618
          ],
          [
            -0.4733790159225464,
            -0.7677967548370361,
            -0.43175724148750305,
            1.4141747951507568
          ],
          [
            0.0,
            0.0,
            0.0,
            1.0
          ]
        ]
      },
      "bone_length_armature_space": 0.029218813809123,
      "parent": "index_02_l",
      "has_children": false,
      "is_end_bone": true
    },
    "metacarpal_pinky_l": {
      "name": "metacarpal_pinky_l",
      "local": {
        "location": {
          "x": 0.0,
          "y": 0.0,
          "z": 0.0
        },
        "rotation_quaternion": {
          "w": 0.9999469518661499,
          "x": -0.0064191557466983795,
          "y": 0.007929879240691662,
          "z": 0.0014747513923794031
        },
        "scale": {
          "x": 1.0,
          "y": 1.0,
          "z": 1.0
        },
        "matrix_basis": [
          [
            0.9998698830604553,
            -0.0030511526856571436,
            0.015839984640479088,
            0.0
          ],
          [
            0.002847539959475398,
            0.999913215637207,
            0.012861019931733608,
            0.0
          ],
          [
            -0.015877850353717804,
            -0.012814241461455822,
            0.9997918009757996,
            0.0
          ],
          [
            0.0,
            0.0,
            0.0,
            1.0
          ]
        ],
        "rotation_mode": "QUATERNION"
      },
      "armature_space": {
        "head": {
          "x": 0.3552691638469696,
          "y": -0.43409067392349243,
          "z": 0.49573299288749695
        },
        "tail": {
          "x": 0.394100546836853,
          "y": -0.5301855206489563,
          "z": 0.485677033662796
        }
      },
      "world_space": {
        "head": {
          "x": 0.3552691638469696,
          "y": -0.370846688747406,
          "z": 1.4455870389938354
        },
        "tail": {
          "x": 0.394100546836853,
          "y": -0.4669415354728699,
          "z": 1.4355310201644897
        },
        "rotation_quaternion": {
          "w": 0.17826604843139648,
          "x": 0.17560400068759918,
          "y": 0.08250407129526138,
          "z": -0.9646644592285156
        },
        "matrix": [
          [
            -0.8747690320014954,
            0.37290990352630615,
            -0.30938225984573364,
            0.3552691638469696
          ],
          [
            -0.3149580657482147,
            -0.9228286743164062,
            -0.22178581357002258,
            -0.370846688747406
          ],
          [
            -0.3682156503200531,
            -0.0965704470872879,
            0.9247191548347473,
            1.4455870389938354
          ],
          [
            0.0,
            0.0,
            0.0,
            1.0
          ]
        ]
      },
      "bone_length_armature_space": 0.10413077560408422,
      "parent": "lowerarm_l",
      "has_children": true,
      "is_end_bone": false
    },
    "pinky_01_l": {
      "name": "pinky_01_l",
      "local": {
        "location": {
          "x": 0.0,
          "y": 0.0,
          "z": 0.0
        },
        "rotation_quaternion": {
          "w": 0.998920202255249,
          "x": 0.0392940379679203,
          "y": -0.020950712263584137,
          "z": 0.01325133815407753
        },
        "scale": {
          "x": 1.0,
          "y": 1.0,
          "z": 1.0
        },
        "matrix_basis": [
          [
            0.9987709522247314,
            -0.028120534494519234,
            -0.04081478342413902,
            0.0
          ],
          [
            0.024827582761645317,
            0.9965607523918152,
            -0.07905846834182739,
            0.0
          ],
          [
            0.042897578328847885,
            0.07794796675443649,
            0.9960340857505798,
            0.0
          ],
          [
            0.0,
            0.0,
            0.0,
            1.0
          ]
        ],
        "rotation_mode": "QUATERNION"
      },
      "armature_space": {
        "head": {
          "x": 0.394100546836853,
          "y": -0.5301855206489563,
          "z": 0.485677033662796
