{
  "metadata": {
    "armature_name": "KIM_caucasian_male",
    "export_time": "2026-01-13T21:15:56.810142",
    "blender_version": "4.4.1",
    "bone_count": 56,
    "end_bone_count": 13,
    "spaces_included": [
      "LOCAL_CHANNELS",
      "ARMATURE_SPACE",
      "WORLD_SPACE"
    ],
    "note": "LOCAL matches Transform panel; replay pose via local.matrix_basis for best fidelity."
  },
  "bones": {
    "Root": {
      "name": "Root",
      "local": {
        "location": {
          "x": 0.0,
          "y": 0.0,
          "z": 0.0
        },
        "rotation_quaternion": {
          "w": 0.9998091459274292,
          "x": -0.014632397331297398,
          "y": 0.001993372105062008,
          "z": 0.012787975370883942
        },
        "scale": {
          "x": 1.0,
          "y": 1.0,
          "z": 1.0
        },
        "matrix_basis": [
          [
            0.9996649622917175,
            -0.025629404932260513,
            0.0036117457784712315,
            0.0
          ],
          [
            0.025512734428048134,
            0.999244749546051,
            0.029310191050171852,
            0.0
          ],
          [
            -0.0043602208606898785,
            -0.02920822612941265,
            0.9995638132095337,
            0.0
          ],
          [
            0.0,
            0.0,
            0.0,
            1.0
          ]
        ],
        "rotation_mode": "QUATERNION"
      },
      "armature_space": {
        "head": {
          "x": 0.0,
          "y": 0.07072800397872925,
          "z": -0.009595036506652832
        },
        "tail": {
          "x": -0.0018293210305273533,
          "y": 0.00033367425203323364,
          "z": 0.0020586075261235237
        }
      },
      "world_space": {
        "head": {
          "x": 0.0,
          "y": 0.13397200405597687,
          "z": 0.9402589797973633
        },
        "tail": {
          "x": -0.0018293210305273533,
          "y": 0.06357767432928085,
          "z": 0.9519126415252686
        },
        "rotation_quaternion": {
          "w": 0.08195395767688751,
          "x": 0.9965521097183228,
          "y": -0.012624634429812431,
          "z": 0.0028503439389169216
        },
        "matrix": [
          [
            0.9996649622917175,
            -0.025629404932260513,
            0.0036117457784712315,
            0.0
          ],
          [
            -0.0246950164437294,
            -0.9862483143806458,
            -0.16341520845890045,
            0.13397200405597687
          ],
          [
            0.007750343531370163,
            0.1632714867591858,
            -0.9865577816963196,
            0.9402589797973633
          ],
          [
            0.0,
            0.0,
            0.0,
            1.0
          ]
        ]
      },
      "bone_length_armature_space": 0.07137587432091928,
      "parent": null,
      "has_children": true,
      "is_end_bone": false
    },
    "spine_01": {
      "name": "spine_01",
      "local": {
        "location": {
          "x": 0.0,
          "y": 0.0,
          "z": 0.0
        },
        "rotation_quaternion": {
          "w": 0.997287929058075,
          "x": 0.020808596163988113,
          "y": 0.05284466966986656,
          "z": 0.04681151360273361
        },
        "scale": {
          "x": 1.0,
          "y": 1.0,
          "z": 1.0
        },
        "matrix_basis": [
          [
            0.9900322556495667,
            -0.09116987138986588,
            0.10735086351633072,
            0.0
          ],
          [
            0.09556835889816284,
            0.9947513937950134,
            -0.036556847393512726,
            0.0
          ],
          [
            -0.10345453768968582,
            0.04645180329680443,
            0.9935488700866699,
            0.0
          ],
          [
            0.0,
            0.0,
            0.0,
            1.0
          ]
        ],
        "rotation_mode": "QUATERNION"
      },
      "armature_space": {
        "head": {
          "x": -0.0018293210305273533,
          "y": 0.00033367425203323364,
          "z": 0.0020586075261235237
        },
        "tail": {
          "x": -0.04971790686249733,
          "y": 0.01574072614312172,
          "z": 0.4874633848667145
        }
      },
      "world_space": {
        "head": {
          "x": -0.0018293210305273533,
          "y": 0.06357767432928085,
          "z": 0.9519126415252686
        },
        "tail": {
          "x": -0.04971790686249733,
          "y": 0.07898472249507904,
          "z": 1.4373173713684082
        },
        "rotation_quaternion": {
          "w": 0.7181687355041504,
          "x": 0.692898690700531,
          "y": -0.0043992032296955585,
          "z": 0.06407665461301804
        },
        "matrix": [
          [
            0.99174964427948,
            -0.09813209623098373,
            0.08247916400432587,
            -0.0018293210305273533
          ],
          [
            0.08593999594449997,
            0.03157174959778786,
            -0.9957999587059021,
            0.06357767432928085
          ],
          [
            0.09511666744947433,
            0.9946794509887695,
            0.03974413126707077,
            0.9519126415252686
          ],
          [
            0.0,
            0.0,
            0.0,
            1.0
          ]
        ]
      },
      "bone_length_armature_space": 0.48800462098922714,
      "parent": "Root",
      "has_children": true,
      "is_end_bone": false
    },
    "neck_01": {
      "name": "neck_01",
      "local": {
        "location": {
          "x": 0.0,
          "y": 0.0,
          "z": 0.0
        },
        "rotation_quaternion": {
          "w": 0.9933575391769409,
          "x": -0.02856317162513733,
          "y": -0.03888968005776405,
          "z": 0.1044636070728302
        },
        "scale": {
          "x": 1.0,
          "y": 1.0,
          "z": 1.0
        },
        "matrix_basis": [
          [
            0.9751498699188232,
            -0.20531779527664185,
            -0.08323033899068832,
            0.0
          ],
          [
            0.20976105332374573,
            0.9765430092811584,
            0.0486217699944973,
            0.0
          ],
          [
            0.07129509001970291,
            -0.06487199664115906,
            0.9953434467315674,
            0.0
          ],
          [
            0.0,
            0.0,
            0.0,
            1.0
          ]
        ],
        "rotation_mode": "QUATERNION"
      },
      "armature_space": {
        "head": {
          "x": -0.054042570292949677,
          "y": -0.01648242026567459,
          "z": 0.5616706013679504
        },
        "tail": {
          "x": -0.08161738514900208,
          "y": -0.04700084030628204,
          "z": 0.6555801033973694
        }
      },
      "world_space": {
        "head": {
          "x": -0.054042570292949677,
          "y": 0.04676157981157303,
          "z": 1.5115246772766113
        },
        "tail": {
          "x": -0.08161738514900208,
          "y": 0.016243159770965576,
          "z": 1.6054341793060303
        },
        "rotation_quaternion": {
          "w": 0.5837463140487671,
          "x": 0.8004007339477539,
          "y": -0.10198438912630081,
          "z": 0.09054415673017502
        },
        "matrix": [
          [
            0.9628019332885742,
            -0.26896655559539795,
            0.02587582916021347,
            -0.054042570292949677
          ],
          [
            -0.05754847079515457,
            -0.29767873883247375,
            -0.9529300928115845,
            0.04676157981157303
          ],
          [
            0.2640107572078705,
            0.915999710559845,
            -0.3020871877670288,
            1.5115246772766113
          ],
          [
            0.0,
            0.0,
            0.0,
            1.0
          ]
        ]
      },
      "bone_length_armature_space": 0.10252189350577054,
      "parent": "spine_01",
      "has_children": true,
      "is_end_bone": false
    },
    "head": {
      "name": "head",
      "local": {
        "location": {
          "x": 0.0,
          "y": 0.0,
          "z": 0.0
        },
        "rotation_quaternion": {
          "w": 0.9854318499565125,
          "x": 0.04368050768971443,
          "y": -0.14746396243572235,
          "z": 0.07259818911552429
        },
        "scale": {
          "x": 1.0,
          "y": 1.0,
          "z": 1.0
        },
        "matrix_basis": [
          [
            0.9459677934646606,
            -0.155963733792305,
            -0.2842891216278076,
            0.0
          ],
          [
            0.13019853830337524,
            0.9856430292129517,
            -0.10749956220388412,
            0.0
          ],
          [
            0.2969736158847809,
            0.06467709690332413,
            0.9526928067207336,
            0.0
          ],
          [
            0.0,
            0.0,
            0.0,
            1.0
          ]
        ],
        "rotation_mode": "QUATERNION"
      },
      "armature_space": {
        "head": {
          "x": -0.08161735534667969,
          "y": -0.04700096696615219,
          "z": 0.6555799841880798
        },
        "tail": {
          "x": -0.14551633596420288,
          "y": -0.04528935253620148,
          "z": 0.7968854904174805
        }
      },
      "world_space": {
        "head": {
          "x": -0.08161735534667969,
          "y": 0.01624303311109543,
          "z": 1.6054339408874512
        },
        "tail": {
          "x": -0.14551633596420288,
          "y": 0.017954647541046143,
          "z": 1.7467395067214966
        },
        "rotation_quaternion": {
          "w": 0.6581234335899353,
          "x": 0.7027234435081482,
          "y": -0.26905643939971924,
          "z": 0.025729892775416374
        },
        "matrix": [
          [
            0.8538923859596252,
            -0.4120117127895355,
            -0.31798499822616577,
            -0.08161735534667969
          ],
          [
            -0.344279944896698,
            0.01103624701499939,
            -0.9388023018836975,
            0.01624303311109543
          ],
          [
            0.39030927419662476,
            0.9111180305480957,
            -0.13242530822753906,
            1.6054339408874512
          ],
          [
            0.0,
            0.0,
            0.0,
            1.0
          ]
        ]
      },
      "bone_length_armature_space": 0.15509112217049328,
      "parent": "neck_01",
      "has_children": false,
      "is_end_bone": true
    },
    "upperarm_l": {
      "name": "upperarm_l",
      "local": {
        "location": {
          "x": 0.0,
          "y": 0.0,
          "z": 0.0
        },
        "rotation_quaternion": {
          "w": 0.6872742176055908,
          "x": 0.5116480588912964,
          "y": 0.06678523868322372,
          "z": 0.5112828016281128
        },
        "scale": {
          "x": 1.0,
          "y": 1.0,
          "z": 1.0
        },
        "matrix_basis": [
          [
            0.4682592451572418,
            -0.6344419121742249,
            0.6149932742118835,
            0.0
          ],
          [
            0.7711240649223328,
            -0.046387679874897,
            -0.634992778301239,
            0.0
          ],
          [
            0.43139415979385376,
            0.7715772986412048,
            0.46751198172569275,
            0.0
          ],
          [
            0.0,
            0.0,
            0.0,
            1.0
          ]
        ],
        "rotation_mode": "QUATERNION"
      },
      "armature_space": {
        "head": {
          "x": 0.10157815366983414,
          "y": -0.00888901948928833,
          "z": 0.5092146992683411
        },
        "tail": {
          "x": 0.10224799811840057,
          "y": -0.21393349766731262,
          "z": 0.6817379593849182
        }
      },
      "world_space": {
        "head": {
          "x": 0.10157815366983414,
          "y": 0.05435498058795929,
          "z": 1.459068775177002
        },
        "tail": {
          "x": 0.10224799811840057,
          "y": -0.150689497590065,
          "z": 1.631592035293579
        },
        "rotation_quaternion": {
          "w": 0.3299296200275421,
          "x": 0.9035877585411072,
          "y": -0.09250499308109283,
          "z": -0.25713497400283813
        },
        "matrix": [
          [
            0.8506490588188171,
            0.002499692142009735,
            -0.5257279276847839,
            0.10157815366983414
          ],
          [
            -0.33684566617012024,
            -0.7651786208152771,
            -0.5486681461334229,
            0.05435498058795929
          ],
          [
            -0.4036504328250885,
            0.6438169479370117,
            -0.6500614881515503,
            1.459068775177002
          ],
          [
            0.0,
            0.0,
            0.0,
            1.0
          ]
        ]
      },
      "bone_length_armature_space": 0.2679700796128578,
      "parent": "spine_01",
      "has_children": true,
      "is_end_bone": false
    },
    "lowerarm_l": {
      "name": "lowerarm_l",
      "local": {
        "location": {
          "x": 0.0,
          "y": 0.0,
          "z": 0.0
        },
        "rotation_quaternion": {
          "w": 0.8608216047286987,
          "x": 0.4976866543292999,
          "y": -0.10242898762226105,
          "z": 0.028330082073807716
        },
        "scale": {
          "x": 1.0,
          "y": 1.0,
          "z": 1.0
        },
        "matrix_basis": [
          [
            0.9774113893508911,
            -0.15072937309741974,
            -0.14814716577529907,
            0.0
          ],
          [
            -0.05318078771233559,
            0.5030108094215393,
            -0.8626424670219421,
            0.0
          ],
          [
            0.20454518496990204,
            0.8510351777076721,
            0.4836325943470001,
            0.0
          ],
          [
            0.0,
            0.0,
            0.0,
            1.0
          ]
        ],
        "rotation_mode": "QUATERNION"
      },
      "armature_space": {
        "head": {
          "x": 0.10224786400794983,
          "y": -0.2139335572719574,
          "z": 0.681738018989563
        },
        "tail": {
          "x": -0.08868575096130371,
          "y": -0.39363473653793335,
          "z": 0.6286224126815796
        }
      },
      "world_space": {
        "head": {
          "x": 0.10224786400794983,
          "y": -0.15068955719470978,
          "z": 1.631592035293579
        },
        "tail": {
          "x": -0.08868575096130371,
          "y": -0.3303907513618469,
          "z": 1.5784764289855957
        },
        "rotation_quaternion": {
          "w": 0.2175624519586563,
          "x": -0.8746125102043152,
          "y": 0.3417704105377197,
          "z": 0.2662944495677948
        },
        "matrix": [
          [
            0.6245604157447815,
            -0.7137051820755005,
            -0.3170948624610901,
            0.10224786400794983
          ],
          [
            -0.4819629490375519,
            -0.6717185974121094,
            0.5625885128974915,
            -0.15068955719470978
          ],
          [
            -0.6145256161689758,
            -0.19854480028152466,
            -0.7635129690170288,
            1.631592035293579
          ],
          [
            0.0,
            0.0,
            0.0,
            1.0
          ]
        ]
      },
      "bone_length_armature_space": 0.26752463209802724,
      "parent": "upperarm_l",
      "has_children": true,
      "is_end_bone": false
    },
    "metacarpal_thumb_l": {
      "name": "metacarpal_thumb_l",
      "local": {
        "location": {
          "x": 0.0,
          "y": 0.0,
          "z": 0.0
        },
        "rotation_quaternion": {
          "w": 0.9995387196540833,
          "x": -0.028961684554815292,
          "y": 0.0022559030912816525,
          "z": -0.008862710557878017
        },
        "scale": {
          "x": 1.0,
          "y": 1.0,
          "z": 1.0
        },
        "matrix_basis": [
          [
            0.9998327493667603,
            0.01758657582104206,
            0.005023083183914423,
            0.0
          ],
          [
            -0.01784791424870491,
            0.9981653690338135,
            0.057856664061546326,
            0.0
          ],
          [
            -0.00399636710062623,
            -0.057936638593673706,
            0.99831223487854,
            0.0
          ],
          [
            0.0,
            0.0,
            0.0,
            1.0
          ]
        ],
        "rotation_mode": "QUATERNION"
      },
      "armature_space": {
        "head": {
          "x": -0.08868575096130371,
          "y": -0.39363473653793335,
          "z": 0.6286224126815796
        },
        "tail": {
          "x": -0.1223723292350769,
          "y": -0.40748849511146545,
          "z": 0.5950532555580139
        }
      },
      "world_space": {
        "head": {
          "x": -0.08868575096130371,
          "y": -0.3303907513618469,
          "z": 1.5784764289855957
        },
        "tail": {
          "x": -0.1223723292350769,
          "y": -0.34424448013305664,
          "z": 1.5449073314666748
        },
        "rotation_quaternion": {
          "w": 0.10696741938591003,
          "x": -0.6581698060035706,
          "y": 0.590520977973938,
          "z": -0.4545937478542328
        },
        "matrix": [
          [
            -0.11074399203062057,
            -0.6800743937492371,
            0.7247304916381836,
            -0.08868575096130371
          ],
          [
            -0.8745788931846619,
            -0.27968358993530273,
            -0.3960919678211212,
            -0.3303907513618469
          ],
          [
            0.4720695912837982,
            -0.6777037978172302,
            -0.5638097524642944,
            1.5784764289855957
          ],
          [
            0.0,
            0.0,
            0.0,
            1.0
          ]
        ]
      },
      "bone_length_armature_space": 0.04953383224305023,
      "parent": "lowerarm_l",
      "has_children": true,
      "is_end_bone": false
    },
    "thumb_01_l": {
      "name": "thumb_01_l",
      "local": {
        "location": {
          "x": 0.0,
          "y": 0.0,
          "z": 0.0
        },
        "rotation_quaternion": {
          "w": 0.977506160736084,
          "x": 0.21050572395324707,
          "y": 0.0077194455079734325,
          "z": 0.010468387976288795
        },
        "scale": {
          "x": 1.0,
          "y": 1.0,
          "z": 1.0
        },
        "matrix_basis": [
          [
            0.9996616244316101,
            -0.017215851694345474,
            0.019498921930789948,
            0.0
          ],
          [
            0.023715801537036896,
            0.9111555218696594,
            -0.4113796651363373,
            0.0
          ],
          [
            -0.0106843002140522,
            0.4117029011249542,
            0.9112554788589478,
            0.0
          ],
          [
            0.0,
            0.0,
            0.0,
            1.0
          ]
        ],
        "rotation_mode": "QUATERNION"
      },
      "armature_space": {
        "head": {
          "x": -0.1223723292350769,
          "y": -0.40748849511146545,
          "z": 0.5950532555580139
        },
        "tail": {
          "x": -0.1200842559337616,
          "y": -0.43205225467681885,
          "z": 0.5716007947921753
        }
      },
      "world_space": {
        "head": {
          "x": -0.1223723292350769,
          "y": -0.34424448013305664,
          "z": 1.5449073314666748
        },
        "tail": {
          "x": -0.1200842559337616,
          "y": -0.3688082695007324,
          "z": 1.5214548110961914
        },
        "rotation_quaternion": {
          "w": 0.0021137322764843702,
          "x": 0.08485811203718185,
          "y": 0.3730592429637909,
          "z": -0.9239163994789124
        },
        "matrix": [
          [
            -0.9855890870094299,
            0.06721992790699005,
            -0.15522615611553192,
            -0.1223723292350769
          ],
          [
            0.05940802022814751,
            -0.721645176410675,
            -0.6897093653678894,
            -0.34424448013305664
          ],
          [
            -0.15838146209716797,
            -0.6889973878860474,
            0.7072564363479614,
            1.5449073314666748
          ],
          [
            0.0,
            0.0,
            0.0,
            1.0
          ]
        ]
      },
      "bone_length_armature_space": 0.034038676370178135,
      "parent": "metacarpal_thumb_l",
      "has_children": true,
      "is_end_bone": false
    },
    "thumb_02_l": {
      "name": "thumb_02_l",
      "local": {
        "location": {
          "x": 0.0,
          "y": 0.0,
          "z": 0.0
        },
        "rotation_quaternion": {
          "w": 0.9338903427124023,
          "x": 0.3575449585914612,
          "y": 0.0021551973186433315,
          "z": -0.002399865537881851
        },
        "scale": {
          "x": 1.0,
          "y": 1.0,
          "z": 1.0
        },
        "matrix_basis": [
          [
            0.9999791979789734,
            0.00602358253672719,
            0.0023093163035809994,
            0.0
          ],
          [
            -0.002941262675449252,
            0.7443116903305054,
            -0.6678259372711182,
            0.0
          ],
          [
            -0.005741555709391832,
            0.6678051948547363,
            0.7443138957023621,
            0.0
          ],
          [
            0.0,
            0.0,
            0.0,
            1.0
          ]
        ],
        "rotation_mode": "QUATERNION"
      },
      "armature_space": {
        "head": {
          "x": -0.12008421868085861,
          "y": -0.43205222487449646,
          "z": 0.5716007351875305
        },
        "tail": {
          "x": -0.15113085508346558,
          "y": -0.4443136751651764,
          "z": 0.593937873840332
        }
      },
      "world_space": {
        "head": {
          "x": -0.12008421868085861,
          "y": -0.36880820989608765,
          "z": 1.5214548110961914
        },
        "tail": {
          "x": -0.15113085508346558,
          "y": -0.3810696601867676,
          "z": 1.5437918901443481
        },
        "rotation_quaternion": {
          "w": 0.4243958592414856,
          "x": -0.11529415845870972,
          "y": 0.40895795822143555,
          "z": 0.799592912197113
        },
        "matrix": [
          [
            -0.613189697265625,
            -0.77298903465271,
            0.16274550557136536,
            -0.12008421868085861
          ],
          [
            0.5843886137008667,
            -0.3052816390991211,
            0.7518598437309265,
            -0.36880820989608765
          ],
          [
            -0.5314992666244507,
            0.5561428070068359,
            0.6389267444610596,
            1.5214548110961914
          ],
          [
            0.0,
            0.0,
            0.0,
            1.0
          ]
        ]
      },
      "bone_length_armature_space": 0.04016446908467868,
      "parent": "thumb_01_l",
      "has_children": true,
      "is_end_bone": false
    },
    "thumb_03_l": {
      "name": "thumb_03_l",
      "local": {
        "location": {
          "x": 0.0,
          "y": 0.0,
          "z": 0.0
        },
        "rotation_quaternion": {
          "w": 0.985288679599762,
          "x": 0.17083010077476501,
          "y": 0.0022468313109129667,
          "z": 0.004275475163012743
        },
        "scale": {
          "x": 1.0,
          "y": 1.0,
          "z": 1.0
        },
        "matrix_basis": [
          [
            0.9999533295631409,
            -0.007657501846551895,
            0.005888314452022314,
            0.0
          ],
          [
            0.009192807599902153,
            0.941597580909729,
            -0.336614727973938,
            0.0
          ],
          [
            -0.002966795116662979,
            0.3366531431674957,
            0.9416240453720093,
            0.0
          ],
          [
            0.0,
            0.0,
            0.0,
            1.0
          ]
        ],
        "rotation_mode": "QUATERNION"
      },
      "armature_space": {
        "head": {
          "x": -0.15113086998462677,
          "y": -0.4443137049674988,
          "z": 0.5939377546310425
        },
        "tail": {
          "x": -0.16728001832962036,
          "y": -0.43966642022132874,
          "z": 0.6193249225616455
        }
      },
      "world_space": {
        "head": {
          "x": -0.15113086998462677,
          "y": -0.38106971979141235,
          "z": 1.5437917709350586
        },
        "tail": {
          "x": -0.16728001832962036,
          "y": -0.3764224052429199,
          "z": 1.5691789388656616
        },
        "rotation_quaternion": {
          "w": 0.28451603651046753,
          "x": -0.11806683987379074,
          "y": 0.7038270831108093,
          "z": 0.640108048915863
        },
        "matrix": [
          [
            -0.810222327709198,
            -0.5304387807846069,
            0.24934762716293335,
            -0.15113086998462677
          ],
          [
            0.19804172217845917,
            0.15264569222927094,
            0.9682350158691406,
            -0.38106971979141235
          ],
          [
            -0.5516548156738281,
            0.8338726758956909,
            -0.018626943230628967,
            1.5437917709350586
          ],
          [
            0.0,
            0.0,
            0.0,
            1.0
          ]
        ]
      },
      "bone_length_armature_space": 0.0304450413111047,
      "parent": "thumb_02_l",
      "has_children": false,
      "is_end_bone": true
    },
    "metacarpal_index_l": {
      "name": "metacarpal_index_l",
      "local": {
        "location": {
          "x": 0.0,
          "y": 0.0,
          "z": 0.0
        },
        "rotation_quaternion": {
          "w": 0.9983041882514954,
          "x": -0.05706045404076576,
          "y": -0.00944504328072071,
          "z": -0.006617026403546333
        },
        "scale": {
          "x": 1.0,
          "y": 1.0,
          "z": 1.0
        },
        "matrix_basis": [
          [
            0.9997339844703674,
            0.014289487153291702,
            -0.018102912232279778,
            0.0
          ],
          [
            -0.012133733369410038,
            0.9934006333351135,
            0.11405237764120102,
            0.0
          ],
          [
            0.019613193348050117,
            -0.11380238085985184,
            0.9933097958564758,
            0.0
          ],
          [
            0.0,
            0.0,
            0.0,
            1.0
          ]
        ],
        "rotation_mode": "QUATERNION"
      },
      "armature_space": {
        "head": {
          "x": -0.08868575096130371,
          "y": -0.39363473653793335,
          "z": 0.6286224126815796
        },
        "tail": {
          "x": -0.1810329258441925,
          "y": -0.45311838388442993,
          "z": 0.5878432393074036
        }
      },
      "world_space": {
        "head": {
          "x": -0.08868575096130371,
          "y": -0.3303907513618469,
          "z": 1.5784764289855957
        },
        "tail": {
          "x": -0.1810329258441925,
          "y": -0.3898743987083435,
          "z": 1.5376973152160645
        },
        "rotation_quaternion": {
          "w": 0.10836584120988846,
          "x": -0.8516706824302673,
          "y": 0.4841754138469696,
          "z": -0.16878454387187958
        },
        "matrix": [
          [
            0.47417113184928894,
            -0.7881353497505188,
            0.3924340307712555,
            -0.08868575096130371
          ],
          [
            -0.8612968921661377,
            -0.5076620578765869,
            0.021139424294233322,
            -0.3303907513618469
          ],
          [
            0.1825634092092514,
            -0.3480290174484253,
            -0.9195435047149658,
            1.5784764289855957
          ],
          [
            0.0,
            0.0,
            0.0,
            1.0
          ]
        ]
      },
      "bone_length_armature_space": 0.11717186465862944,
      "parent": "lowerarm_l",
      "has_children": true,
      "is_end_bone": false
    },
    "index_01_l": {
      "name": "index_01_l",
      "local": {
        "location": {
          "x": 0.0,
          "y": 0.0,
          "z": 0.0
        },
        "rotation_quaternion": {
          "w": 0.9737036228179932,
          "x": 0.2271319478750229,
          "y": -0.01761593297123909,
          "z": -0.001494704745709896
        },
        "scale": {
          "x": 1.0,
          "y": 1.0,
          "z": 1.0
        },
        "matrix_basis": [
          [
            0.9993748664855957,
            -0.0050914837047457695,
            -0.03498438745737076,
            0.0
          ],
          [
            -0.010913081467151642,
            0.896817684173584,
            -0.44226574897766113,
            0.0
          ],
          [
            0.03362640365958214,
            0.44237107038497925,
            0.896201491355896,
            0.0
          ],
          [
            0.0,
            0.0,
            0.0,
            1.0
          ]
        ],
        "rotation_mode": "QUATERNION"
      },
      "armature_space": {
        "head": {
          "x": -0.1810329258441925,
          "y": -0.45311838388442993,
          "z": 0.5878432393074036
        },
        "tail": {
          "x": -0.1929962933063507,
          "y": -0.47386476397514343,
          "z": 0.5723662376403809
        }
      },
      "world_space": {
        "head": {
          "x": -0.1810329258441925,
          "y": -0.3898743987083435,
          "z": 1.5376973152160645
        },
        "tail": {
          "x": -0.1929962933063507,
          "y": -0.4106207489967346,
          "z": 1.522220253944397
        },
        "rotation_quaternion": {
          "w": 0.22896072268486023,
          "x": -0.9019781947135925,
          "y": 0.2894628942012787,
          "z": -0.22410652041435242
        },
        "matrix": [
          [
            0.7319743633270264,
            -0.4195559024810791,
            0.5368298292160034,
            -0.1810329258441925
          ],
          [
            -0.6248018741607666,
            -0.727576732635498,
            0.2832927107810974,
            -0.3898743987083435
          ],
          [
            0.2717289924621582,
            -0.5427799224853516,
            -0.7947119474411011,
            1.5376973152160645
          ],
          [
            0.0,
            0.0,
            0.0,
            1.0
          ]
        ]
      },
      "bone_length_armature_space": 0.02851441807225808,
      "parent": "metacarpal_index_l",
      "has_children": true,
      "is_end_bone": false
    },
    "index_02_l": {
      "name": "index_02_l",
      "local": {
        "location": {
          "x": 0.0,
          "y": 0.0,
          "z": 0.0
        },
        "rotation_quaternion": {
          "w": 0.9052462577819824,
          "x": 0.4247587025165558,
          "y": -0.004486465826630592,
          "z": -0.009441947564482689
        },
        "scale": {
          "x": 1.0,
          "y": 1.0,
          "z": 1.0
        },
        "matrix_basis": [
          [
            0.9997814297676086,
            0.013283244334161282,
            -0.016143811866641045,
            0.0
          ],
          [
            -0.020905906334519386,
            0.6389817595481873,
            -0.7689377069473267,
            0.0
          ],
          [
            0.0001016140085994266,
            0.7691071629524231,
            0.6391198039054871,
            0.0
          ],
          [
            0.0,
            0.0,
            0.0,
            1.0
          ]
        ],
        "rotation_mode": "QUATERNION"
      },
      "armature_space": {
        "head": {
          "x": -0.19299647212028503,
          "y": -0.4738648235797882,
          "z": 0.5723657011985779
        },
        "tail": {
          "x": -0.19020919501781464,
          "y": -0.48060697317123413,
          "z": 0.5477715134620667
        }
      },
      "world_space": {
        "head": {
          "x": -0.19299647212028503,
          "y": -0.4106208086013794,
          "z": 1.5222196578979492
        },
        "tail": {
          "x": -0.19020919501781464,
          "y": -0.4173629879951477,
          "z": 1.4976255893707275
        },
        "rotation_quaternion": {
          "w": 0.5870158076286316,
          "x": -0.7405802607536316,
          "y": 0.15493229031562805,
          "z": -0.2880091369152069
        },
        "matrix": [
          [
            0.7860940098762512,
            0.1086517870426178,
            0.6084824800491333,
            -0.19299647212028503
          ],
          [
            -0.5676105618476868,
            -0.2628178596496582,
            0.7802212238311768,
            -0.4106208086013794
          ],
          [
            0.24469353258609772,
            -0.9587152004241943,
            -0.14492785930633545,
            1.5222196578979492
          ],
          [
            0.0,
            0.0,
            0.0,
            1.0
          ]
        ]
      },
      "bone_length_armature_space": 0.025653450884948113,
      "parent": "index_01_l",
      "has_children": true,
      "is_end_bone": false
    },
    "index_03_l": {
      "name": "index_03_l",
      "local": {
        "location": {
          "x": 0.0,
          "y": 0.0,
          "z": 0.0
        },
        "rotation_quaternion": {
          "w": 0.9552613496780396,
          "x": 0.29569825530052185,
          "y": 0.005689410958439112,
          "z": 0.00243810610845685
        },
        "scale": {
          "x": 1.0,
          "y": 1.0,
          "z": 1.0
        },
        "matrix_basis": [
          [
            0.9999233484268188,
            -0.001293359324336052,
            0.012311636470258236,
            0.0
          ],
          [
            0.008022754453122616,
            0.8251131772994995,
            -0.5649104714393616,
            0.0
          ],
          [
            -0.00942786131054163,
            0.5649659633636475,
            0.8250603675842285,
            0.0
          ],
          [
            0.0,
            0.0,
            0.0,
            1.0
          ]
        ],
        "rotation_mode": "QUATERNION"
      },
      "armature_space": {
        "head": {
          "x": -0.1902093142271042,
          "y": -0.4806070625782013,
          "z": 0.5477715134620667
        },
        "tail": {
          "x": -0.17394854128360748,
          "y": -0.47388148307800293,
          "z": 0.5244457125663757
        }
      },
      "world_space": {
        "head": {
          "x": -0.1902093142271042,
          "y": -0.4173630475997925,
          "z": 1.4976255893707275
        },
        "tail": {
          "x": -0.17394854128360748,
          "y": -0.4106374979019165,
          "z": 1.474299669265747
        },
        "rotation_quaternion": {
          "w": 0.7838232517242432,
          "x": -0.49657830595970154,
          "y": 0.026690425351262093,
          "z": -0.37191230058670044
        },
        "matrix": [
          [
            0.7219362258911133,
            0.5565195679664612,
            0.4112103283405304,
            -0.1902093142271042
          ],
          [
            -0.6095366477966309,
            0.23018115758895874,
            0.7586051225662231,
            -0.4173630475997925
          ],
          [
            0.32752731442451477,
            -0.7983176112174988,
            0.5053994655609131,
            1.4976255893707275
          ],
          [
            0.0,
            0.0,
            0.0,
            1.0
          ]
        ]
      },
      "bone_length_armature_space": 0.029218814338282394,
      "parent": "index_02_l",
      "has_children": false,
      "is_end_bone": true
    },
    "metacarpal_pinky_l": {
      "name": "metacarpal_pinky_l",
      "local": {
        "location": {
          "x": 0.0,
          "y": 0.0,
          "z": 0.0
        },
        "rotation_quaternion": {
          "w": 0.9989434480667114,
          "x": -0.04373477026820183,
          "y": 0.009957500733435154,
          "z": 0.010009736754000187
        },
        "scale": {
          "x": 1.0,
          "y": 1.0,
          "z": 1.0
        },
        "matrix_basis": [
          [
            0.9996013045310974,
            -0.02086929976940155,
            0.01901841349899769,
            0.0
          ],
          [
            0.019127344712615013,
            0.9959741234779358,
            0.0875764712691307,
            0.0
          ],
          [
            -0.020769506692886353,
            -0.08717778325080872,
            0.9959762096405029,
            0.0
          ],
          [
            0.0,
            0.0,
            0.0,
            1.0
          ]
        ],
        "rotation_mode": "QUATERNION"
      },
      "armature_space": {
        "head": {
          "x": -0.08868575096130371,
          "y": -0.39363473653793335,
          "z": 0.6286224126815796
        },
        "tail": {
          "x": -0.1414027363061905,
          "y": -0.4833964407444,
          "z": 0.6312627792358398
        }
      },
      "world_space": {
        "head": {
          "x": -0.08868575096130371,
          "y": -0.3303907513618469,
          "z": 1.5784764289855957
        },
        "tail": {
          "x": -0.1414027363061905,
          "y": -0.4201524257659912,
          "z": 1.581116795539856
        },
        "rotation_quaternion": {
          "w": 0.20988833904266357,
          "x": -0.5408433675765991,
          "y": 0.1579298973083496,
          "z": 0.7990579009056091
        },
        "matrix": [
          [
            -0.32687023282051086,
            -0.5062575340270996,
            -0.7980345487594604,
            -0.08868575096130371
          ],
          [
            0.16459505259990692,
            -0.8620095252990723,
            0.4794246554374695,
            -0.3303907513618469
          ],
          [
            -0.9306320548057556,
            0.025356221944093704,
            0.36509567499160767,
            1.5784764289855957
          ],
          [
            0.0,
            0.0,
            0.0,
            1.0
          ]
        ]
      },
      "bone_length_armature_space": 0.10413075993718618,
      "parent": "lowerarm_l",
      "has_children": true,
      "is_end_bone": false
    },
    "pinky_01_l": {
      "name": "pinky_01_l",
      "local": {
        "location": {
          "x": 0.0,
          "y": 0.0,
          "z": 0.0
        },
        "rotation_quaternion": {
          "w": 0.9421197175979614,
          "x": 0.3352086842060089,
          "y": 0.005071415100246668,
          "z": -0.00446865102276206
        },
        "scale": {
          "x": 1.0,
          "y": 1.0,
          "z": 1.0
        },
        "matrix_basis": [
          [
            0.9999086260795593,
            0.011819973587989807,
            0.00655989907681942,
            0.0
          ],
          [
            -0.005020043812692165,
            0.775230348110199,
            -0.6316587328910828,
            0.0
          ],
          [
            -0.012551621533930302,
            0.6315680742263794,
            0.7752188444137573,
            0.0
          ],
          [
            0.0,
            0.0,
            0.0,
            1.0
          ]
        ],
        "rotation_mode": "QUATERNION"
      },
      "armature_space": {
        "head": {
          "x": -0.1414027363061905,
          "y": -0.4833964407444,
          "z": 0.6312627792358398
