{
  "metadata": {
    "armature_name": "KIM_caucasian_male",
    "export_time": "2026-01-13T20:55:53.579170",
    "blender_version": "4.4.1",
    "bone_count": 56,
    "end_bone_count": 13,
    "spaces_included": [
      "LOCAL_CHANNELS",
      "ARMATURE_SPACE",
      "WORLD_SPACE"
    ],
    "note": "LOCAL matches Transform panel; replay pose via local.matrix_basis for best fidelity."
  },
  "bones": {
    "Root": {
      "name": "Root",
      "local": {
        "location": {
          "x": 0.0,
          "y": 0.0,
          "z": 0.0
        },
        "rotation_quaternion": {
          "w": 0.9998809099197388,
          "x": 0.008655774407088757,
          "y": -0.012511140666902065,
          "z": -0.002617292106151581
        },
        "scale": {
          "x": 1.0,
          "y": 1.0,
          "z": 1.0
        },
        "matrix_basis": [
          [
            0.9996732473373413,
            0.005017373710870743,
            -0.025064609944820404,
            0.0
          ],
          [
            -0.005450548138469458,
            0.9998364448547363,
            -0.017243996262550354,
            0.0
          ],
          [
            0.024973992258310318,
            0.017374977469444275,
            0.9995371103286743,
            0.0
          ],
          [
            0.0,
            0.0,
            0.0,
            1.0
          ]
        ],
        "rotation_mode": "QUATERNION"
      },
      "armature_space": {
        "head": {
          "x": 0.0,
          "y": 0.07072800397872925,
          "z": -0.009595036506652832
        },
        "tail": {
          "x": 0.0003581194032449275,
          "y": -0.00015514343976974487,
          "z": -0.0012304764240980148
        }
      },
      "world_space": {
        "head": {
          "x": 0.0,
          "y": 0.13397200405597687,
          "z": 0.9402589797973633
        },
        "tail": {
          "x": 0.0003581194032449275,
          "y": 0.06308885663747787,
          "z": 0.948623538017273
        },
        "rotation_quaternion": {
          "w": 0.05872351676225662,
          "x": 0.9981924891471863,
          "y": 0.0017684970516711473,
          "z": -0.012659040279686451
        },
        "matrix": [
          [
            0.9996732473373413,
            0.005017373710870743,
            -0.025064609944820404,
            0.0
          ],
          [
            0.0020438283681869507,
            -0.9930968284606934,
            -0.11727999150753021,
            0.13397200405597687
          ],
          [
            -0.025480199605226517,
            0.11719030886888504,
            -0.9927895665168762,
            0.9402589797973633
          ],
          [
            0.0,
            0.0,
            0.0,
            1.0
          ]
        ]
      },
      "bone_length_armature_space": 0.07137586900149546,
      "parent": null,
      "has_children": true,
      "is_end_bone": false
    },
    "spine_01": {
      "name": "spine_01",
      "local": {
        "location": {
          "x": 0.0,
          "y": 0.0,
          "z": 0.0
        },
        "rotation_quaternion": {
          "w": 0.9930168390274048,
          "x": 0.11152064055204391,
          "y": -0.028256354853510857,
          "z": -0.0261237695813179
        },
        "scale": {
          "x": 1.0,
          "y": 1.0,
          "z": 1.0
        },
        "matrix_basis": [
          [
            0.9970382452011108,
            0.04558035358786583,
            -0.06194475293159485,
            0.0
          ],
          [
            -0.058185018599033356,
            0.9737613797187805,
            -0.22000741958618164,
            0.0
          ],
          [
            0.05029139295220375,
            0.22296006977558136,
            0.9735294580459595,
            0.0
          ],
          [
            0.0,
            0.0,
            0.0,
            1.0
          ]
        ],
        "rotation_mode": "QUATERNION"
      },
      "armature_space": {
        "head": {
          "x": 0.0003581194032449275,
          "y": -0.00015514343976974487,
          "z": -0.0012304764240980148
        },
        "tail": {
          "x": 0.03497220203280449,
          "y": -0.09486597031354904,
          "z": 0.4762420356273651
        }
      },
      "world_space": {
        "head": {
          "x": 0.0003581194032449275,
          "y": 0.06308885663747787,
          "z": 0.948623538017273
        },
        "tail": {
          "x": 0.03497220203280449,
          "y": -0.03162197023630142,
          "z": 1.4260960817337036
        },
        "rotation_quaternion": {
          "w": 0.6347551345825195,
          "x": 0.7712154388427734,
          "y": 0.006802197080105543,
          "z": -0.04760764539241791
        },
        "matrix": [
          [
            0.9953745007514954,
            0.07093031704425812,
            -0.06479556113481522,
            0.0003581194032449275
          ],
          [
            -0.049946025013923645,
            -0.19407907128334045,
            -0.9797136783599854,
            0.06308885663747787
          ],
          [
            -0.08206746727228165,
            0.9784248471260071,
            -0.18964089453220367,
            0.948623538017273
          ],
          [
            0.0,
            0.0,
            0.0,
            1.0
          ]
        ]
      },
      "bone_length_armature_space": 0.48800438315110195,
      "parent": "Root",
      "has_children": true,
      "is_end_bone": false
    },
    "neck_01": {
      "name": "neck_01",
      "local": {
        "location": {
          "x": 0.0,
          "y": 0.0,
          "z": 0.0
        },
        "rotation_quaternion": {
          "w": 0.9884212613105774,
          "x": -0.07497299462556839,
          "y": -0.07610520720481873,
          "z": 0.10775235295295715
        },
        "scale": {
          "x": 1.0,
          "y": 1.0,
          "z": 1.0
        },
        "matrix_basis": [
          [
            0.9651948809623718,
            -0.20159776508808136,
            -0.16660504043102264,
            0.0
          ],
          [
            0.22442109882831573,
            0.9655369520187378,
            0.13180877268314362,
            0.0
          ],
          [
            0.13429097831249237,
            -0.1646108329296112,
            0.9771741032600403,
            0.0
          ],
          [
            0.0,
            0.0,
            0.0,
            1.0
          ]
        ],
        "rotation_mode": "QUATERNION"
      },
      "armature_space": {
        "head": {
          "x": 0.03791847079992294,
          "y": -0.14305303990840912,
          "z": 0.5413039922714233
        },
        "tail": {
          "x": 0.02290288358926773,
          "y": -0.18255633115768433,
          "z": 0.634710431098938
        }
      },
      "world_space": {
        "head": {
          "x": 0.03791847079992294,
          "y": -0.0798090398311615,
          "z": 1.4911580085754395
        },
        "tail": {
          "x": 0.02290288358926773,
          "y": -0.1193123310804367,
          "z": 1.584564447402954
        },
        "rotation_quaternion": {
          "w": 0.5389111638069153,
          "x": 0.8297687768936157,
          "y": -0.13005989789962769,
          "z": -0.06436721980571747
        },
        "matrix": [
          [
            0.9578824639320374,
            -0.1464630365371704,
            -0.2470017373561859,
            0.03791847079992294
          ],
          [
            -0.28521621227264404,
            -0.3853178322315216,
            -0.8776002526283264,
            -0.0798090398311615
          ],
          [
            0.033361732959747314,
            0.9110924601554871,
            -0.41086649894714355,
            1.4911580085754395
          ],
          [
            0.0,
            0.0,
            0.0,
            1.0
          ]
        ]
      },
      "bone_length_armature_space": 0.10252190464802752,
      "parent": "spine_01",
      "has_children": true,
      "is_end_bone": false
    },
    "head": {
      "name": "head",
      "local": {
        "location": {
          "x": 0.0,
          "y": 0.0,
          "z": 0.0
        },
        "rotation_quaternion": {
          "w": 0.9896330237388611,
          "x": -0.01977355405688286,
          "y": 0.07714434713125229,
          "z": -0.1195174977183342
        },
        "scale": {
          "x": 1.0,
          "y": 1.0,
          "z": 1.0
        },
        "matrix_basis": [
          [
            0.9595286250114441,
            0.23350608348846436,
            0.15741576254367828,
            0.0
          ],
          [
            -0.2396077662706375,
            0.9706491231918335,
            0.02069692499935627,
            0.0
          ],
          [
            -0.14796261489391327,
            -0.05757732316851616,
            0.9873155355453491,
            0.0
          ],
          [
            0.0,
            0.0,
            0.0,
            1.0
          ]
        ],
        "rotation_mode": "QUATERNION"
      },
      "armature_space": {
        "head": {
          "x": 0.02290285751223564,
          "y": -0.18255645036697388,
          "z": 0.6347103118896484
        },
        "tail": {
          "x": 0.05290866643190384,
          "y": -0.19074448943138123,
          "z": 0.7866507768630981
        }
      },
      "world_space": {
        "head": {
          "x": 0.02290285751223564,
          "y": -0.11931245028972626,
          "z": 1.5845643281936646
        },
        "tail": {
          "x": 0.05290866643190384,
          "y": -0.1275004893541336,
          "z": 1.7365047931671143
        },
        "rotation_quaternion": {
          "w": 0.6877711415290833,
          "x": 0.7162442803382874,
          "y": 0.02393759787082672,
          "z": -0.11572374403476715
        },
        "matrix": [
          [
            0.9720702767372131,
            0.19347324967384338,
            -0.1328444629907608,
            0.02290285751223564
          ],
          [
            -0.12489131093025208,
            -0.05279534310102463,
            -0.9907649755477905,
            -0.11931245028972626
          ],
          [
            -0.19870160520076752,
            0.9796907901763916,
            -0.02715884894132614,
            1.5845643281936646
          ],
          [
            0.0,
            0.0,
            0.0,
            1.0
          ]
        ]
      },
      "bone_length_armature_space": 0.15509125640481822,
      "parent": "neck_01",
      "has_children": false,
      "is_end_bone": true
    },
    "upperarm_l": {
      "name": "upperarm_l",
      "local": {
        "location": {
          "x": 0.0,
          "y": 0.0,
          "z": 0.0
        },
        "rotation_quaternion": {
          "w": 0.8558857440948486,
          "x": 0.12474876642227173,
          "y": 0.48813948035240173,
          "z": 0.11669310182332993
        },
        "scale": {
          "x": 1.0,
          "y": 1.0,
          "z": 1.0
        },
        "matrix_basis": [
          [
            0.4962051212787628,
            -0.07796233147382736,
            0.8646978735923767,
            0.0
          ],
          [
            0.32154151797294617,
            0.9416409134864807,
            -0.09961636364459991,
            0.0
          ],
          [
            -0.8064686059951782,
            0.3274663984775543,
            0.4923151731491089,
            0.0
          ],
          [
            0.0,
            0.0,
            0.0,
            1.0
          ]
        ],
        "rotation_mode": "QUATERNION"
      },
      "armature_space": {
        "head": {
          "x": 0.1822509467601776,
          "y": -0.1406257599592209,
          "z": 0.46263134479522705
        },
        "tail": {
          "x": 0.4328712821006775,
          "y": -0.2326573133468628,
          "z": 0.4396689534187317
        }
      },
      "world_space": {
        "head": {
          "x": 0.1822509467601776,
          "y": -0.07738175988197327,
          "z": 1.4124853610992432
        },
        "tail": {
          "x": 0.4328712821006775,
          "y": -0.16941331326961517,
          "z": 1.3895230293273926
        },
        "rotation_quaternion": {
          "w": 0.06384261697530746,
          "x": 0.8027520775794983,
          "y": 0.5693888068199158,
          "z": -0.16525641083717346
        },
        "matrix": [
          [
            0.2969731092453003,
            0.9352571964263916,
            -0.19261622428894043,
            0.1822509467601776
          ],
          [
            0.8930551409721375,
            -0.3434404730796814,
            -0.2906913161277771,
            -0.07738175988197327
          ],
          [
            -0.3380247950553894,
            -0.08569031953811646,
            -0.9372355341911316,
            1.4124853610992432
          ],
          [
            0.0,
            0.0,
            0.0,
            1.0
          ]
        ]
      },
      "bone_length_armature_space": 0.26796946375163755,
      "parent": "spine_01",
      "has_children": true,
      "is_end_bone": false
    },
    "lowerarm_l": {
      "name": "lowerarm_l",
      "local": {
        "location": {
          "x": 0.0,
          "y": 0.0,
          "z": 0.0
        },
        "rotation_quaternion": {
          "w": 0.9391360878944397,
          "x": 0.3278319239616394,
          "y": -0.007969534024596214,
          "z": -0.1024019792675972
        },
        "scale": {
          "x": 1.0,
          "y": 1.0,
          "z": 1.0
        },
        "matrix_basis": [
          [
            0.978900671005249,
            0.1871134489774704,
            -0.08211022615432739,
            0.0
          ],
          [
            -0.19756412506103516,
            0.7640801072120667,
            -0.6141253709793091,
            0.0
          ],
          [
            -0.05217232182621956,
            0.6173897981643677,
            0.7849254608154297,
            0.0
          ],
          [
            0.0,
            0.0,
            0.0,
            1.0
          ]
        ],
        "rotation_mode": "QUATERNION"
      },
      "armature_space": {
        "head": {
          "x": 0.43287134170532227,
          "y": -0.23265746235847473,
          "z": 0.4396689236164093
        },
        "tail": {
          "x": 0.5720869302749634,
          "y": -0.3411389887332916,
          "z": 0.2386198788881302
        }
      },
      "world_space": {
        "head": {
          "x": 0.43287134170532227,
          "y": -0.1694134622812271,
          "z": 1.389522910118103
        },
        "tail": {
          "x": 0.5720869302749634,
          "y": -0.2778949737548828,
          "z": 1.1884739398956299
        },
        "rotation_quaternion": {
          "w": 0.23018907010555267,
          "x": -0.723598837852478,
          "y": -0.4942285716533661,
          "z": 0.4232681095600128
        },
        "matrix": [
          [
            0.15316259860992432,
            0.5203846096992493,
            -0.8400838375091553,
            0.43287134170532227
          ],
          [
            0.9101101160049438,
            -0.40550127625465393,
            -0.0852557122707367,
            -0.1694134622812271
          ],
          [
            -0.3850225806236267,
            -0.7515164613723755,
            -0.5357188582420349,
            1.389522910118103
          ],
          [
            0.0,
            0.0,
            0.0,
            1.0
          ]
        ]
      },
      "bone_length_armature_space": 0.26752558596133513,
      "parent": "upperarm_l",
      "has_children": true,
      "is_end_bone": false
    },
    "metacarpal_thumb_l": {
      "name": "metacarpal_thumb_l",
      "local": {
        "location": {
          "x": 0.0,
          "y": 0.0,
          "z": 0.0
        },
        "rotation_quaternion": {
          "w": 0.9995427131652832,
          "x": -0.022643225267529488,
          "y": 0.01356551330536604,
          "z": 0.014753766357898712
        },
        "scale": {
          "x": 1.0,
          "y": 1.0,
          "z": 1.0
        },
        "matrix_basis": [
          [
            0.9991965889930725,
            -0.03010837361216545,
            0.026450473815202713,
            0.0
          ],
          [
            0.02887970581650734,
            0.9985392093658447,
            0.04566602781414986,
            0.0
          ],
          [
            -0.02778676524758339,
            -0.044865455478429794,
            0.9986065030097961,
            0.0
          ],
          [
            0.0,
            0.0,
            0.0,
            1.0
          ]
        ],
        "rotation_mode": "QUATERNION"
      },
      "armature_space": {
        "head": {
          "x": 0.5720869302749634,
          "y": -0.3411389887332916,
          "z": 0.2386198788881302
        },
        "tail": {
          "x": 0.5676247477531433,
          "y": -0.3532163202762604,
          "z": 0.19078846275806427
        }
      },
      "world_space": {
        "head": {
          "x": 0.5720869302749634,
          "y": -0.2778949737548828,
          "z": 1.1884739398956299
        },
        "tail": {
          "x": 0.5676247477531433,
          "y": -0.28997230529785156,
          "z": 1.140642523765564
        },
        "rotation_quaternion": {
          "w": 0.6106016039848328,
          "x": -0.7883632779121399,
          "y": 0.07249563187360764,
          "z": -0.019834700971841812
        },
        "matrix": [
          [
            0.9887017607688904,
            -0.0900837779045105,
            0.11980625241994858,
            0.5720869302749634
          ],
          [
            -0.13852840662002563,
            -0.24382075667381287,
            0.9598758220672607,
            -0.2778949737548828
          ],
          [
            -0.05725841224193573,
            -0.9656344652175903,
            -0.25354596972465515,
            1.1884739398956299
          ],
          [
            0.0,
            0.0,
            0.0,
            1.0
          ]
        ]
      },
      "bone_length_armature_space": 0.04953400285392026,
      "parent": "lowerarm_l",
      "has_children": true,
      "is_end_bone": false
    },
    "thumb_01_l": {
      "name": "thumb_01_l",
      "local": {
        "location": {
          "x": 0.0,
          "y": 0.0,
          "z": 0.0
        },
        "rotation_quaternion": {
          "w": 0.9979851245880127,
          "x": 0.06128014624118805,
          "y": 0.015314498916268349,
          "z": 0.0060067204758524895
        },
        "scale": {
          "x": 1.0,
          "y": 1.0,
          "z": 1.0
        },
        "matrix_basis": [
          [
            0.9994587898254395,
            -0.010112285614013672,
            0.031303469091653824,
            0.0
          ],
          [
            0.013866185210645199,
            0.9924173355102539,
            -0.12212936580181122,
            0.0
          ],
          [
            -0.02983109839260578,
            0.1224973276257515,
            0.9920204281806946,
            0.0
          ],
          [
            0.0,
            0.0,
            0.0,
            1.0
          ]
        ],
        "rotation_mode": "QUATERNION"
      },
      "armature_space": {
        "head": {
          "x": 0.5676247477531433,
          "y": -0.3532163202762604,
          "z": 0.19078846275806427
        },
        "tail": {
          "x": 0.5687295794487,
          "y": -0.3340744972229004,
          "z": 0.16266365349292755
        }
      },
      "world_space": {
        "head": {
          "x": 0.5676247477531433,
          "y": -0.28997230529785156,
          "z": 1.140642523765564
        },
        "tail": {
          "x": 0.5687295794487,
          "y": -0.27083051204681396,
          "z": 1.1125177145004272
        },
        "rotation_quaternion": {
          "w": 0.5711803436279297,
          "x": -0.28805679082870483,
          "y": 0.6744861602783203,
          "z": -0.3685711622238159
        },
        "matrix": [
          [
            -0.18155424296855927,
            0.032457686960697174,
            0.98284512758255,
            0.5676247477531433
          ],
          [
            -0.809622049331665,
            0.5623571872711182,
            -0.16812723875045776,
            -0.28997230529785156
          ],
          [
            -0.5581715106964111,
            -0.8262625932693481,
            -0.07582052052021027,
            1.140642523765564
          ],
          [
            0.0,
            0.0,
            0.0,
            1.0
          ]
        ]
      },
      "bone_length_armature_space": 0.034038727454387734,
      "parent": "metacarpal_thumb_l",
      "has_children": true,
      "is_end_bone": false
    },
    "thumb_02_l": {
      "name": "thumb_02_l",
      "local": {
        "location": {
          "x": 0.0,
          "y": 0.0,
          "z": 0.0
        },
        "rotation_quaternion": {
          "w": 0.9931002259254456,
          "x": 0.11710260808467865,
          "y": 0.0009551097173243761,
          "z": 0.006171338260173798
        },
        "scale": {
          "x": 1.0,
          "y": 1.0,
          "z": 1.0
        },
        "matrix_basis": [
          [
            0.999921977519989,
            -0.012033822946250439,
            0.0033423989079892635,
            0.0
          ],
          [
            0.012481206096708775,
            0.9724977612495422,
            -0.23257745802402496,
            0.0
          ],
          [
            -0.0004516797489486635,
            0.23260104656219482,
            0.9725721478462219,
            0.0
          ],
          [
            0.0,
            0.0,
            0.0,
            1.0
          ]
        ],
        "rotation_mode": "QUATERNION"
      },
      "armature_space": {
        "head": {
          "x": 0.5687295198440552,
          "y": -0.334074467420578,
          "z": 0.16266369819641113
        },
        "tail": {
          "x": 0.5915057063102722,
          "y": -0.354236900806427,
          "z": 0.1364356279373169
        }
      },
      "world_space": {
        "head": {
          "x": 0.5687295198440552,
          "y": -0.2708304524421692,
          "z": 1.1125177145004272
        },
        "tail": {
          "x": 0.5915057063102722,
          "y": -0.2909929156303406,
          "z": 1.086289644241333
        },
        "rotation_quaternion": {
          "w": 0.3178171217441559,
          "x": 0.02131308801472187,
          "y": 0.3846989572048187,
          "z": -0.866339921951294
        },
        "matrix": [
          [
            -0.7970753312110901,
            0.5670738220214844,
            0.20760083198547363,
            0.5687295198440552
          ],
          [
            -0.5342788100242615,
            -0.5019976496696472,
            -0.6801064014434814,
            -0.2708304524421692
          ],
          [
            -0.28145790100097656,
            -0.6530176997184753,
            0.7031097412109375,
            1.1125177145004272
          ],
          [
            0.0,
            0.0,
            0.0,
            1.0
          ]
        ]
      },
      "bone_length_armature_space": 0.04016453683624903,
      "parent": "thumb_01_l",
      "has_children": true,
      "is_end_bone": false
    },
    "thumb_03_l": {
      "name": "thumb_03_l",
      "local": {
        "location": {
          "x": 0.0,
          "y": 0.0,
          "z": 0.0
        },
        "rotation_quaternion": {
          "w": 0.9968100190162659,
          "x": 0.079543836414814,
          "y": -0.0012525460915639997,
          "z": -0.006417655386030674
        },
        "scale": {
          "x": 1.0,
          "y": 1.0,
          "z": 1.0
        },
        "matrix_basis": [
          [
            0.9999144673347473,
            0.012595102190971375,
            -0.0035180707927793264,
            0.0
          ],
          [
            -0.012993630953133106,
            0.9872632026672363,
            -0.15856410562992096,
            0.0
          ],
          [
            0.001476131146773696,
            0.15859626233577728,
            0.9873424172401428,
            0.0
          ],
          [
            0.0,
            0.0,
            0.0,
            1.0
          ]
        ],
        "rotation_mode": "QUATERNION"
      },
      "armature_space": {
        "head": {
          "x": 0.5915056467056274,
          "y": -0.3542368710041046,
          "z": 0.1364355981349945
        },
        "tail": {
          "x": 0.6118746995925903,
          "y": -0.37514421343803406,
          "z": 0.12778246402740479
        }
      },
      "world_space": {
        "head": {
          "x": 0.5915056467056274,
          "y": -0.2909928560256958,
          "z": 1.086289644241333
        },
        "tail": {
          "x": 0.6118746995925903,
          "y": -0.31190019845962524,
          "z": 1.077636480331421
        },
        "rotation_quaternion": {
          "w": 0.2990529239177704,
          "x": 0.28232377767562866,
          "y": 0.25923609733581543,
          "z": -0.8738749027252197
        },
        "matrix": [
          [
            -0.6617212891578674,
            0.6690471172332764,
            -0.33837971091270447,
            0.5915056467056274
          ],
          [
            -0.3762938380241394,
            -0.6867277026176453,
            -0.6219391822814941,
            -0.2909928560256958
          ],
          [
            -0.6484860777854919,
            -0.28422272205352783,
            0.706184983253479,
            1.086289644241333
          ],
          [
            0.0,
            0.0,
            0.0,
            1.0
          ]
        ]
      },
      "bone_length_armature_space": 0.030444901593229552,
      "parent": "thumb_02_l",
      "has_children": false,
      "is_end_bone": true
    },
    "metacarpal_index_l": {
      "name": "metacarpal_index_l",
      "local": {
        "location": {
          "x": 0.0,
          "y": 0.0,
          "z": 0.0
        },
        "rotation_quaternion": {
          "w": 0.9992848038673401,
          "x": -0.029464472085237503,
          "y": 0.0173890832811594,
          "z": 0.016102200374007225
        },
        "scale": {
          "x": 1.0,
          "y": 1.0,
          "z": 1.0
        },
        "matrix_basis": [
          [
            0.998876690864563,
            -0.033206090331077576,
            0.033804409205913544,
            0.0
          ],
          [
            0.031156647950410843,
            0.997745156288147,
            0.059446804225444794,
            0.0
          ],
          [
            -0.0357021801173687,
            -0.05832679197192192,
            0.997658908367157,
            0.0
          ],
          [
            0.0,
            0.0,
            0.0,
            1.0
          ]
        ],
        "rotation_mode": "QUATERNION"
      },
      "armature_space": {
        "head": {
          "x": 0.5720869302749634,
          "y": -0.3411389887332916,
          "z": 0.2386198788881302
        },
        "tail": {
          "x": 0.6005794405937195,
          "y": -0.3911949098110199,
          "z": 0.1365809142589569
        }
      },
      "world_space": {
        "head": {
          "x": 0.5720869302749634,
          "y": -0.2778949737548828,
          "z": 1.1884739398956299
        },
        "tail": {
          "x": 0.6005794405937195,
          "y": -0.3279508948326111,
          "z": 1.0864349603652954
        },
        "rotation_quaternion": {
          "w": 0.49103403091430664,
          "x": -0.8368743658065796,
          "y": -0.2128029465675354,
          "z": 0.11507373303174973
        },
        "matrix": [
          [
            0.8829454183578491,
            0.24316856265068054,
            -0.4015921652317047,
            0.5720869302749634
          ],
          [
            0.4691898822784424,
            -0.4272013008594513,
            0.7728908061981201,
            -0.2778949737548828
          ],
          [
            0.01638273522257805,
            -0.8708497285842896,
            -0.4912903904914856,
            1.1884739398956299
          ],
          [
            0.0,
            0.0,
            0.0,
            1.0
          ]
        ]
      },
      "bone_length_armature_space": 0.11717239098701387,
      "parent": "lowerarm_l",
      "has_children": true,
      "is_end_bone": false
    },
    "index_01_l": {
      "name": "index_01_l",
      "local": {
        "location": {
          "x": 0.0,
          "y": 0.0,
          "z": 0.0
        },
        "rotation_quaternion": {
          "w": 0.9992176294326782,
          "x": -0.03882090374827385,
          "y": -0.007547093089669943,
          "z": -0.0005054649082012475
        },
        "scale": {
          "x": 1.0,
          "y": 1.0,
          "z": 1.0
        },
        "matrix_basis": [
          [
            0.9998855590820312,
            0.0015961088938638568,
            -0.01504313200712204,
            0.0
          ],
          [
            -0.00042416894575580955,
            0.9969853758811951,
            0.07758869230747223,
            0.0
          ],
          [
            0.015121622011065483,
            -0.07757343351840973,
            0.9968719482421875,
            0.0
          ],
          [
            0.0,
            0.0,
            0.0,
            1.0
          ]
        ],
        "rotation_mode": "QUATERNION"
      },
      "armature_space": {
        "head": {
          "x": 0.6005794405937195,
          "y": -0.3911949098110199,
          "z": 0.1365809142589569
        },
        "tail": {
          "x": 0.6178991198539734,
          "y": -0.40243130922317505,
          "z": 0.11691246926784515
        }
      },
      "world_space": {
        "head": {
          "x": 0.6005794405937195,
          "y": -0.3279508948326111,
          "z": 1.0864349603652954
        },
        "tail": {
          "x": 0.6178991198539734,
          "y": -0.3391873240470886,
          "z": 1.0667665004730225
        },
        "rotation_quaternion": {
          "w": 0.4171692430973053,
          "x": -0.8348305821418762,
          "y": -0.35908085107803345,
          "z": -0.009417814202606678
        },
        "matrix": [
          [
            0.7419435381889343,
            0.6074011921882629,
            -0.2838723957538605,
            0.6005794405937195
          ],
          [
            0.5916878581047058,
            -0.39406096935272217,
            0.7032934427261353,
            -0.3279508948326111
          ],
          [
            0.31532108783721924,
            -0.6897729635238647,
            -0.6517667770385742,
            1.0864349603652954
          ],
          [
            0.0,
            0.0,
            0.0,
            1.0
          ]
        ]
      },
      "bone_length_armature_space": 0.028514482119271264,
      "parent": "metacarpal_index_l",
      "has_children": true,
      "is_end_bone": false
    },
    "index_02_l": {
      "name": "index_02_l",
      "local": {
        "location": {
          "x": 0.0,
          "y": 0.0,
          "z": 0.0
        },
        "rotation_quaternion": {
          "w": 0.9776983857154846,
          "x": 0.20990979671478271,
          "y": -0.0034363779705017805,
          "z": 0.005663634743541479
        },
        "scale": {
          "x": 1.0,
          "y": 1.0,
          "z": 1.0
        },
        "matrix_basis": [
          [
            0.9999122023582458,
            -0.012517311610281467,
            -0.004341777414083481,
            0.0
          ],
          [
            0.009631994180381298,
            0.9118115901947021,
            -0.4104958772659302,
            0.0
          ],
          [
            0.009097186848521233,
            0.41041800379753113,
            0.9118521213531494,
            0.0
          ],
          [
            0.0,
            0.0,
            0.0,
            1.0
          ]
        ],
        "rotation_mode": "QUATERNION"
      },
      "armature_space": {
        "head": {
          "x": 0.6178990602493286,
          "y": -0.4024313986301422,
          "z": 0.11691192537546158
        },
        "tail": {
          "x": 0.6293809413909912,
          "y": -0.40515655279159546,
          "z": 0.09413392841815948
        }
      },
      "world_space": {
        "head": {
          "x": 0.6178990602493286,
          "y": -0.3391873836517334,
          "z": 1.0667659044265747
        },
        "tail": {
          "x": 0.6293809413909912,
          "y": -0.34191256761550903,
          "z": 1.0439879894256592
        },
        "rotation_quaternion": {
          "w": 0.5556324124336243,
          "x": -0.7381278872489929,
          "y": -0.37169480323791504,
          "z": 0.09101047366857529
        },
        "matrix": [
          [
            0.7071185111999512,
            0.44757989048957825,
            -0.5474081039428711,
            0.6178990602493286
          ],
          [
            0.6498556137084961,
            -0.10623064637184143,
            0.7525975108146667,
            -0.3391873836517334
          ],
          [
            0.2786986231803894,
            -0.8879179358482361,
            -0.3659820258617401,
            1.0667659044265747
          ],
          [
            0.0,
            0.0,
            0.0,
            1.0
          ]
        ]
      },
      "bone_length_armature_space": 0.02565340511493796,
      "parent": "index_01_l",
      "has_children": true,
      "is_end_bone": false
    },
    "index_03_l": {
      "name": "index_03_l",
      "local": {
        "location": {
          "x": 0.0,
          "y": 0.0,
          "z": 0.0
        },
        "rotation_quaternion": {
          "w": 0.9766608476638794,
          "x": 0.21467477083206177,
          "y": 0.006015168968588114,
          "z": 0.003503228537738323
        },
        "scale": {
          "x": 1.0,
          "y": 1.0,
          "z": 1.0
        },
        "matrix_basis": [
          [
            0.9999030828475952,
            -0.004260322079062462,
            0.013253669254481792,
            0.0
          ],
          [
            0.009425542317330837,
            0.9078049659729004,
            -0.41928672790527344,
            0.0
          ],
          [
            -0.010245450772345066,
            0.4193710386753082,
            0.9077571034431458,
            0.0
          ],
          [
            0.0,
            0.0,
            0.0,
            1.0
          ]
        ],
        "rotation_mode": "QUATERNION"
      },
      "armature_space": {
        "head": {
          "x": 0.629381000995636,
          "y": -0.4051567018032074,
          "z": 0.09413398802280426
        },
        "tail": {
          "x": 0.634894609451294,
          "y": -0.3948875367641449,
          "z": 0.06734059751033783
        }
      },
      "world_space": {
        "head": {
          "x": 0.629381000995636,
          "y": -0.3419126868247986,
          "z": 1.0439879894256592
        },
        "tail": {
          "x": 0.634894609451294,
          "y": -0.3316435217857361,
          "z": 1.0171946287155151
        },
        "rotation_quaternion": {
          "w": 0.7428813576698303,
          "x": -0.5531983375549316,
          "y": -0.3519322872161865,
          "z": 0.13506488502025604
        },
        "matrix": [
          [
            0.7158034443855286,
            0.18870136141777039,
            -0.672322154045105,
            0.629381000995636
          ],
          [
            0.5900501608848572,
            0.35145875811576843,
            0.7268546223640442,
            -0.3419126868247986
          ],
          [
            0.3734551668167114,
            -0.9169949889183044,
            0.14023351669311523,
            1.0439879894256592
          ],
          [
            0.0,
            0.0,
            0.0,
            1.0
          ]
        ]
      },
      "bone_length_armature_space": 0.02921885386957468,
      "parent": "index_02_l",
      "has_children": false,
      "is_end_bone": true
    },
    "metacarpal_pinky_l": {
      "name": "metacarpal_pinky_l",
      "local": {
        "location": {
          "x": 0.0,
          "y": 0.0,
          "z": 0.0
        },
        "rotation_quaternion": {
          "w": 0.999343991279602,
          "x": -0.035132549703121185,
          "y": -0.008598627522587776,
          "z": -0.001853124238550663
        },
        "scale": {
          "x": 1.0,
          "y": 1.0,
          "z": 1.0
        },
        "matrix_basis": [
          [
            0.9998452663421631,
            0.004308000672608614,
            -0.01705576293170452,
            0.0
          ],
          [
            -0.003099633613601327,
            0.9975245594978333,
            0.07025087624788284,
            0.0
          ],
          [
            0.0173161830753088,
            -0.07018713653087616,
            0.9973835349082947,
            0.0
          ],
          [
            0.0,
            0.0,
            0.0,
            1.0
          ]
        ],
        "rotation_mode": "QUATERNION"
      },
      "armature_space": {
        "head": {
          "x": 0.5720869302749634,
          "y": -0.3411389887332916,
          "z": 0.2386198788881302
        },
        "tail": {
          "x": 0.6522229313850403,
          "y": -0.37123289704322815,
          "z": 0.17932534217834473
        }
      },
      "world_space": {
        "head": {
          "x": 0.5720869302749634,
          "y": -0.2778949737548828,
          "z": 1.1884739398956299
        },
        "tail": {
          "x": 0.6522229313850403,
          "y": -0.30798888206481934,
          "z": 1.1291793584823608
        },
        "rotation_quaternion": {
          "w": 0.2591962516307831,
          "x": 0.3736024498939514,
          "y": 0.5369521975517273,
          "z": -0.7105779647827148
        },
        "matrix": [
          [
            -0.5864778161048889,
            0.7695709466934204,
            -0.25259503722190857,
            0.5720869302749634
          ],
          [
            0.032851964235305786,
            -0.2890012562274933,
            -0.9567650556564331,
            -0.2778949737548828
          ],
          [
            -0.8093045949935913,
            -0.5694238543510437,
            0.14421086013317108,
            1.1884739398956299
          ],
          [
            0.0,
            0.0,
            0.0,
            1.0
          ]
        ]
      },
      "bone_length_armature_space": 0.1041309958094562,
      "parent": "lowerarm_l",
      "has_children": true,
      "is_end_bone": false
    },
    "pinky_01_l": {
      "name": "pinky_01_l",
      "local": {
        "location": {
          "x": 0.0,
          "y": 0.0,
          "z": 0.0
        },
        "rotation_quaternion": {
          "w": 0.9997463226318359,
          "x": 0.009351651184260845,
          "y": -0.020486731082201004,
          "z": 0.0004223953001201153
        },
        "scale": {
          "x": 1.0,
          "y": 1.0,
          "z": 1.0
        },
        "matrix_basis": [
          [
            0.9991602301597595,
            -0.0012277457863092422,
            -0.04095516726374626,
            0.0
          ],
          [
            0.0004614067729562521,
            0.9998247623443604,
            -0.018715864047408104,
            0.0
          ],
          [
            0.04097096994519234,
            0.018681250512599945,
            0.9989857077598572,
            0.0
          ],
          [
            0.0,
            0.0,
            0.0,
            1.0
          ]
        ],
        "rotation_mode": "QUATERNION"
      },
      "armature_space": {
        "head": {
          "x": 0.6522229313850403,
          "y": -0.37123289704322815,
          "z": 0.17932534217834473
        },
        "tail": {
