{
  "metadata": {
    "armature_name": "KIM_caucasian_male",
    "export_time": "2026-01-13T20:54:56.052145",
    "blender_version": "4.4.1",
    "bone_count": 56,
    "end_bone_count": 13,
    "spaces_included": [
      "LOCAL_CHANNELS",
      "ARMATURE_SPACE",
      "WORLD_SPACE"
    ],
    "note": "LOCAL matches Transform panel; replay pose via local.matrix_basis for best fidelity."
  },
  "bones": {
    "Root": {
      "name": "Root",
      "local": {
        "location": {
          "x": 0.0,
          "y": 0.0,
          "z": 0.0
        },
        "rotation_quaternion": {
          "w": 0.9997392892837524,
          "x": -0.015531981363892555,
          "y": 0.01173450704663992,
          "z": 0.01193702407181263
        },
        "scale": {
          "x": 1.0,
          "y": 1.0,
          "z": 1.0
        },
        "matrix_basis": [
          [
            0.9994395971298218,
            -0.024232344701886177,
            0.023092083632946014,
            0.0
          ],
          [
            0.02350330352783203,
            0.9992325305938721,
            0.03133601322770119,
            0.0
          ],
          [
            -0.023833706974983215,
            -0.03077571466565132,
            0.9992421269416809,
            0.0
          ],
          [
            0.0,
            0.0,
            0.0,
            1.0
          ]
        ],
        "rotation_mode": "QUATERNION"
      },
      "armature_space": {
        "head": {
          "x": 0.0,
          "y": 0.07072800397872925,
          "z": -0.009595036506652832
        },
        "tail": {
          "x": -0.0017296046717092395,
          "y": 0.0003495737910270691,
          "z": 0.0021693557500839233
        }
      },
      "world_space": {
        "head": {
          "x": 0.0,
          "y": 0.13397200405597687,
          "z": 0.9402589797973633
        },
        "tail": {
          "x": -0.0017296046717092395,
          "y": 0.06359357386827469,
          "z": 0.9520233869552612
        },
        "rotation_quaternion": {
          "w": 0.08284677565097809,
          "x": 0.996421754360199,
          "y": -0.011119375936686993,
          "z": 0.012512022629380226
        },
        "matrix": [
          [
            0.9994395971298218,
            -0.024232344701886177,
            0.023092083632946014,
            0.0
          ],
          [
            -0.020086009055376053,
            -0.9860255122184753,
            -0.1653793901205063,
            0.13397200405597687
          ],
          [
            0.026777081191539764,
            0.16482309997081757,
            -0.985966682434082,
            0.9402589797973633
          ],
          [
            0.0,
            0.0,
            0.0,
            1.0
          ]
        ]
      },
      "bone_length_armature_space": 0.07137587886833693,
      "parent": null,
      "has_children": true,
      "is_end_bone": false
    },
    "spine_01": {
      "name": "spine_01",
      "local": {
        "location": {
          "x": 0.0,
          "y": 0.0,
          "z": 0.0
        },
        "rotation_quaternion": {
          "w": 0.9963129758834839,
          "x": 0.0482812374830246,
          "y": 0.006540094502270222,
          "z": -0.07061663269996643
        },
        "scale": {
          "x": 1.0,
          "y": 1.0,
          "z": 1.0
        },
        "matrix_basis": [
          [
            0.9899410605430603,
            0.14134405553340912,
            0.006213045213371515,
            0.0
          ],
          [
            -0.1400810033082962,
            0.9853644371032715,
            -0.09713012725114822,
            0.0
          ],
          [
            -0.019850878044962883,
            0.09528277069330215,
            0.9952523112297058,
            0.0
          ],
          [
            0.0,
            0.0,
            0.0,
            1.0
          ]
        ],
        "rotation_mode": "QUATERNION"
      },
      "armature_space": {
        "head": {
          "x": -0.0017296046717092395,
          "y": 0.0003495737910270691,
          "z": 0.0021693557500839233
        },
        "tail": {
          "x": 0.05409384146332741,
          "y": -0.009876563213765621,
          "z": 0.4868627190589905
        }
      },
      "world_space": {
        "head": {
          "x": -0.0017296046717092395,
          "y": 0.06359357386827469,
          "z": 0.9520233869552612
        },
        "tail": {
          "x": 0.05409384146332741,
          "y": 0.053367435932159424,
          "z": 1.4367167949676514
        },
        "rotation_quaternion": {
          "w": 0.6987194418907166,
          "x": 0.7130667567253113,
          "y": 0.03624047711491585,
          "z": -0.0448736846446991
        },
        "matrix": [
          [
            0.9933460354804993,
            0.11439201980829239,
            -0.013351202942430973,
            -0.0017296046717092395
          ],
          [
            -0.011023709550499916,
            -0.020955145359039307,
            -0.9997197389602661,
            0.06359357386827469
          ],
          [
            -0.11464054882526398,
            0.993221640586853,
            -0.01955574005842209,
            0.9520233869552612
          ],
          [
            0.0,
            0.0,
            0.0,
            1.0
          ]
        ]
      },
      "bone_length_armature_space": 0.48800458016671866,
      "parent": "Root",
      "has_children": true,
      "is_end_bone": false
    },
    "neck_01": {
      "name": "neck_01",
      "local": {
        "location": {
          "x": 0.0,
          "y": 0.0,
          "z": 0.0
        },
        "rotation_quaternion": {
          "w": 0.9921987056732178,
          "x": 0.036109503358602524,
          "y": -0.10945837944746017,
          "z": 0.04750681295990944
        },
        "scale": {
          "x": 1.0,
          "y": 1.0,
          "z": 1.0
        },
        "matrix_basis": [
          [
            0.9715239405632019,
            -0.10217737406492233,
            -0.2137780338525772,
            0.0
          ],
          [
            0.0863674208521843,
            0.9928784370422363,
            -0.08205564320087433,
            0.0
          ],
          [
            0.22063982486724854,
            0.0612555667757988,
            0.9734299182891846,
            0.0
          ],
          [
            0.0,
            0.0,
            0.0,
            1.0
          ]
        ],
        "rotation_mode": "QUATERNION"
      },
      "armature_space": {
        "head": {
          "x": 0.06200642138719559,
          "y": -0.04608158767223358,
          "z": 0.5589066743850708
        },
        "tail": {
          "x": 0.06149526312947273,
          "y": -0.0923396646976471,
          "z": 0.6503980159759521
        }
      },
      "world_space": {
        "head": {
          "x": 0.06200642138719559,
          "y": 0.017162412405014038,
          "z": 1.508760690689087
        },
        "tail": {
          "x": 0.06149526312947273,
          "y": -0.029095664620399475,
          "z": 1.6002520322799683
        },
        "rotation_quaternion": {
          "w": 0.5183939337730408,
          "x": 0.8436540365219116,
          "y": -0.07526901364326477,
          "z": -0.11768685281276703
        },
        "matrix": [
          [
            0.9609689712524414,
            -0.004985878709703684,
            -0.2766117751598358,
            0.06200642138719559
          ],
          [
            -0.24901825189590454,
            -0.4512043595314026,
            -0.8569743037223816,
            0.017162412405014038
          ],
          [
            -0.12053675204515457,
            0.8924126029014587,
            -0.4348387122154236,
            1.508760690689087
          ],
          [
            0.0,
            0.0,
            0.0,
            1.0
          ]
        ]
      },
      "bone_length_armature_space": 0.10252188493367258,
      "parent": "spine_01",
      "has_children": true,
      "is_end_bone": false
    },
    "head": {
      "name": "head",
      "local": {
        "location": {
          "x": 0.0,
          "y": 0.0,
          "z": 0.0
        },
        "rotation_quaternion": {
          "w": 0.981878399848938,
          "x": -0.1093665361404419,
          "y": 0.09854566305875778,
          "z": -0.11934220790863037
        },
        "scale": {
          "x": 1.0,
          "y": 1.0,
          "z": 1.0
        },
        "matrix_basis": [
          [
            0.9520924091339111,
            0.21280387043952942,
            0.21962380409240723,
            0.0
          ],
          [
            -0.25591427087783813,
            0.9475927948951721,
            0.19124796986579895,
            0.0
          ],
          [
            -0.16741563379764557,
            -0.23829059302806854,
            0.9566554427146912,
            0.0
          ],
          [
            0.0,
            0.0,
            0.0,
            1.0
          ]
        ],
        "rotation_mode": "QUATERNION"
      },
      "armature_space": {
        "head": {
          "x": 0.06149521842598915,
          "y": -0.09233976155519485,
          "z": 0.6503978967666626
        },
        "tail": {
          "x": 0.11681508272886276,
          "y": -0.0814012885093689,
          "z": 0.7948739528656006
        }
      },
      "world_space": {
        "head": {
          "x": 0.06149521842598915,
          "y": -0.029095761477947235,
          "z": 1.6002519130706787
        },
        "tail": {
          "x": 0.11681508272886276,
          "y": -0.018157288432121277,
          "z": 1.7447279691696167
        },
        "rotation_quaternion": {
          "w": 0.7225673794746399,
          "x": 0.6669895052909851,
          "y": 0.11472104489803314,
          "z": -0.1409275084733963
        },
        "matrix": [
          [
            0.9339572191238403,
            0.356694757938385,
            -0.02220889925956726,
            0.06149521842598915
          ],
          [
            -0.050626084208488464,
            0.0705297440290451,
            -0.9962244033813477,
            -0.029095761477947235
          ],
          [
            -0.35378411412239075,
            0.9315615892410278,
            0.08392944931983948,
            1.6002519130706787
          ],
          [
            0.0,
            0.0,
            0.0,
            1.0
          ]
        ]
      },
      "bone_length_armature_space": 0.15509116046557403,
      "parent": "neck_01",
      "has_children": false,
      "is_end_bone": true
    },
    "upperarm_l": {
      "name": "upperarm_l",
      "local": {
        "location": {
          "x": 0.0,
          "y": 0.0,
          "z": 0.0
        },
        "rotation_quaternion": {
          "w": 0.950350821018219,
          "x": 0.0848044827580452,
          "y": 0.16782614588737488,
          "z": 0.24794331192970276
        },
        "scale": {
          "x": 1.0,
          "y": 1.0,
          "z": 1.0
        },
        "matrix_basis": [
          [
            0.8207169771194458,
            -0.44280144572257996,
            0.3610408306121826,
            0.0
          ],
          [
            0.4997310936450958,
            0.8626646399497986,
            -0.07796528190374374,
            0.0
          ],
          [
            -0.27693402767181396,
            0.24441075325012207,
            0.9292851686477661,
            0.0
          ],
          [
            0.0,
            0.0,
            0.0,
            1.0
          ]
        ],
        "rotation_mode": "QUATERNION"
      },
      "armature_space": {
        "head": {
          "x": 0.20327773690223694,
          "y": -0.04951503127813339,
          "z": 0.47489604353904724
        },
        "tail": {
          "x": 0.4498934745788574,
          "y": -0.11366134136915207,
          "z": 0.5578035116195679
        }
      },
      "world_space": {
        "head": {
          "x": 0.20327773690223694,
          "y": 0.013728968799114227,
          "z": 1.4247500896453857
        },
        "tail": {
          "x": 0.4498934745788574,
          "y": -0.05041734129190445,
          "z": 1.507657527923584
        },
        "rotation_quaternion": {
          "w": 0.43165770173072815,
          "x": 0.7084839344024658,
          "y": 0.44043320417404175,
          "z": -0.34313371777534485
        },
        "matrix": [
          [
            0.3765548765659332,
            0.9203128814697266,
            -0.10597533732652664,
            0.20327773690223694
          ],
          [
            0.3278484344482422,
            -0.23937921226024628,
            -0.9139000177383423,
            0.013728968799114227
          ],
          [
            -0.8664478659629822,
            0.30939149856567383,
            -0.3918660581111908,
            1.4247500896453857
          ],
          [
            0.0,
            0.0,
            0.0,
            1.0
          ]
        ]
      },
      "bone_length_armature_space": 0.2679696203654198,
      "parent": "spine_01",
      "has_children": true,
      "is_end_bone": false
    },
    "lowerarm_l": {
      "name": "lowerarm_l",
      "local": {
        "location": {
          "x": 0.0,
          "y": 0.0,
          "z": 0.0
        },
        "rotation_quaternion": {
          "w": 0.9873016476631165,
          "x": 0.06999970227479935,
          "y": 0.06409003585577011,
          "z": -0.12738919258117676
        },
        "scale": {
          "x": 1.0,
          "y": 1.0,
          "z": 1.0
        },
        "matrix_basis": [
          [
            0.9593289494514465,
            0.2605156898498535,
            0.10871798545122147,
            0.0
          ],
          [
            -0.24257054924964905,
            0.9577440619468689,
            -0.15455040335655212,
            0.0
          ],
          [
            -0.14438681304454803,
            0.12189288437366486,
            0.9819850325584412,
            0.0
          ],
          [
            0.0,
            0.0,
            0.0,
            1.0
          ]
        ],
        "rotation_mode": "QUATERNION"
      },
      "armature_space": {
        "head": {
          "x": 0.4498934745788574,
          "y": -0.11366144567728043,
          "z": 0.5578036308288574
        },
        "tail": {
          "x": 0.6930612325668335,
          "y": -0.22471266984939575,
          "z": 0.5681198239326477
        }
      },
      "world_space": {
        "head": {
          "x": 0.4498934745788574,
          "y": -0.050417445600032806,
          "z": 1.5076576471328735
        },
        "tail": {
          "x": 0.6930612325668335,
          "y": -0.16146866977214813,
          "z": 1.5179738998413086
        },
        "rotation_quaternion": {
          "w": 0.2978856861591339,
          "x": 0.721051037311554,
          "y": 0.4513421952724457,
          "z": -0.4331742227077484
        },
        "matrix": [
          [
            0.2172996550798416,
            0.9089550375938416,
            -0.35578295588493347,
            0.4498934745788574
          ],
          [
            0.3928087651729584,
            -0.41510674357414246,
            -0.8206021785736084,
            -0.050417445600032806
          ],
          [
            -0.8935841917991638,
            0.03856164962053299,
            -0.4472518861293793,
            1.5076576471328735
          ],
          [
            0.0,
            0.0,
            0.0,
            1.0
          ]
        ]
      },
      "bone_length_armature_space": 0.2675244941123016,
      "parent": "upperarm_l",
      "has_children": true,
      "is_end_bone": false
    },
    "metacarpal_thumb_l": {
      "name": "metacarpal_thumb_l",
      "local": {
        "location": {
          "x": 0.0,
          "y": 0.0,
          "z": 0.0
        },
        "rotation_quaternion": {
          "w": 0.99981290102005,
          "x": -0.00532370712608099,
          "y": 0.010414037853479385,
          "z": -0.015406904742121696
        },
        "scale": {
          "x": 1.0,
          "y": 1.0,
          "z": 1.0
        },
        "matrix_basis": [
          [
            0.9993083477020264,
            0.030697161331772804,
            0.02098822221159935,
            0.0
          ],
          [
            -0.030918926000595093,
            0.9994685649871826,
            0.010324525646865368,
            0.0
          ],
          [
            -0.02066013589501381,
            -0.010966318659484386,
            0.999726414680481,
            0.0
          ],
          [
            0.0,
            0.0,
            0.0,
            1.0
          ]
        ],
        "rotation_mode": "QUATERNION"
      },
      "armature_space": {
        "head": {
          "x": 0.6930612325668335,
          "y": -0.22471266984939575,
          "z": 0.5681198239326477
        },
        "tail": {
          "x": 0.7213656306266785,
          "y": -0.26084282994270325,
          "z": 0.5494901537895203
        }
      },
      "world_space": {
        "head": {
          "x": 0.6930612325668335,
          "y": -0.16146866977214813,
          "z": 1.5179738998413086
        },
        "tail": {
          "x": 0.7213656306266785,
          "y": -0.19759882986545563,
          "z": 1.4993441104888916
        },
        "rotation_quaternion": {
          "w": 0.2395695000886917,
          "x": -0.9223813414573669,
          "y": -0.2791118025779724,
          "z": -0.11796560883522034
        },
        "matrix": [
          [
            0.8163614273071289,
            0.5714169144630432,
            0.0838841125369072,
            0.6930612325668335
          ],
          [
            0.4583740234375,
            -0.7294058799743652,
            0.507799506187439,
            -0.16146866977214813
          ],
          [
            0.3513536751270294,
            -0.37610089778900146,
            -0.8573870658874512,
            1.5179738998413086
          ],
          [
            0.0,
            0.0,
            0.0,
            1.0
          ]
        ]
      },
      "bone_length_armature_space": 0.04953374660689483,
      "parent": "lowerarm_l",
      "has_children": true,
      "is_end_bone": false
    },
    "thumb_01_l": {
      "name": "thumb_01_l",
      "local": {
        "location": {
          "x": 0.0,
          "y": 0.0,
          "z": 0.0
        },
        "rotation_quaternion": {
          "w": 0.9996853470802307,
          "x": 0.02325722575187683,
          "y": 0.0003491034731268883,
          "z": -0.009391812607645988
        },
        "scale": {
          "x": 1.0,
          "y": 1.0,
          "z": 1.0
        },
        "matrix_basis": [
          [
            0.9998233318328857,
            0.018793953582644463,
            0.00026113222702406347,
            0.0
          ],
          [
            -0.01876147650182247,
            0.9987418055534363,
            -0.0465063713490963,
            0.0
          ],
          [
            -0.0011348422849550843,
            0.04649325832724571,
            0.9989179372787476,
            0.0
          ],
          [
            0.0,
            0.0,
            0.0,
            1.0
          ]
        ],
        "rotation_mode": "QUATERNION"
      },
      "armature_space": {
        "head": {
          "x": 0.7213656306266785,
          "y": -0.26084282994270325,
          "z": 0.5494901537895203
        },
        "tail": {
          "x": 0.7345482707023621,
          "y": -0.2661724090576172,
          "z": 0.5185636281967163
        }
      },
      "world_space": {
        "head": {
          "x": 0.7213656306266785,
          "y": -0.19759882986545563,
          "z": 1.4993441104888916
        },
        "tail": {
          "x": 0.7345482707023621,
          "y": -0.20292840898036957,
          "z": 1.4684176445007324
        },
        "rotation_quaternion": {
          "w": 0.6100099682807922,
          "x": -0.5548569560050964,
          "y": 0.22271326184272766,
          "z": -0.5200195908546448
        },
        "matrix": [
          [
            0.35995346307754517,
            0.38728588819503784,
            0.8487892150878906,
            0.7213656306266785
          ],
          [
            -0.8815833926200867,
            -0.15657486021518707,
            0.4453032612800598,
            -0.19759882986545563
          ],
          [
            0.3053600788116455,
            -0.9085735082626343,
            0.2850675582885742,
            1.4993441104888916
          ],
          [
            0.0,
            0.0,
            0.0,
            1.0
          ]
        ]
      },
      "bone_length_armature_space": 0.03403874877313001,
      "parent": "metacarpal_thumb_l",
      "has_children": true,
      "is_end_bone": false
    },
    "thumb_02_l": {
      "name": "thumb_02_l",
      "local": {
        "location": {
          "x": 0.0,
          "y": 0.0,
          "z": 0.0
        },
        "rotation_quaternion": {
          "w": 0.9979280233383179,
          "x": 0.06427419930696487,
          "y": -0.00257013738155365,
          "z": 0.0013914707815274596
        },
        "scale": {
          "x": 1.0,
          "y": 1.0,
          "z": 1.0
        },
        "matrix_basis": [
          [
            0.9999828934669495,
            -0.003107562428340316,
            -0.0049507529474794865,
            0.0
          ],
          [
            0.002446788363158703,
            0.9917337894439697,
            -0.12828920781612396,
            0.0
          ],
          [
            0.005308495368808508,
            0.12827490270137787,
            0.99172443151474,
            0.0
          ],
          [
            0.0,
            0.0,
            0.0,
            1.0
          ]
        ],
        "rotation_mode": "QUATERNION"
      },
      "armature_space": {
        "head": {
          "x": 0.7345482110977173,
          "y": -0.2661724090576172,
          "z": 0.5185636281967163
        },
        "tail": {
          "x": 0.7721539735794067,
          "y": -0.2801525890827179,
          "z": 0.5204450488090515
        }
      },
      "world_space": {
        "head": {
          "x": 0.7345482110977173,
          "y": -0.20292840898036957,
          "z": 1.4684176445007324
        },
        "tail": {
          "x": 0.7721539735794067,
          "y": -0.21690858900547028,
          "z": 1.4702990055084229
        },
        "rotation_quaternion": {
          "w": 0.5682975649833679,
          "x": -0.037840336561203,
          "y": -0.05477907508611679,
          "z": -0.820125162601471
        },
        "matrix": [
          [
            -0.35121214389801025,
            0.9362959265708923,
            -0.00019431114196777344,
            0.7345482110977173
          ],
          [
            -0.9280045628547668,
            -0.34807395935058594,
            0.13286098837852478,
            -0.20292840898036957
          ],
          [
            0.124329574406147,
            0.046842724084854126,
            0.9911417365074158,
            1.4684176445007324
          ],
          [
            0.0,
            0.0,
            0.0,
            1.0
          ]
        ]
      },
      "bone_length_armature_space": 0.04016439468972236,
      "parent": "thumb_01_l",
      "has_children": true,
      "is_end_bone": false
    },
    "thumb_03_l": {
      "name": "thumb_03_l",
      "local": {
        "location": {
          "x": 0.0,
          "y": 0.0,
          "z": 0.0
        },
        "rotation_quaternion": {
          "w": 0.996900737285614,
          "x": 0.07841922342777252,
          "y": -0.00015444145537912846,
          "z": -0.006270229816436768
        },
        "scale": {
          "x": 1.0,
          "y": 1.0,
          "z": 1.0
        },
        "matrix_basis": [
          [
            0.9999213218688965,
            0.012477370910346508,
            -0.0012913387035951018,
            0.0
          ],
          [
            -0.012525815516710281,
            0.9876222014427185,
            -0.15635043382644653,
            0.0
          ],
          [
            -0.0006754875066690147,
            0.15635429322719574,
            0.9877008199691772,
            0.0
          ],
          [
            0.0,
            0.0,
            0.0,
            1.0
          ]
        ],
        "rotation_mode": "QUATERNION"
      },
      "armature_space": {
        "head": {
          "x": 0.772153913974762,
          "y": -0.2801526188850403,
          "z": 0.5204449892044067
        },
        "tail": {
          "x": 0.7990396618843079,
          "y": -0.2856963276863098,
          "z": 0.5336099863052368
        }
      },
      "world_space": {
        "head": {
          "x": 0.772153913974762,
          "y": -0.21690861880779266,
          "z": 1.4702990055084229
        },
        "tail": {
          "x": 0.7990396618843079,
          "y": -0.2224523276090622,
          "z": 1.483464002609253
        },
        "rotation_quaternion": {
          "w": 0.6319748163223267,
          "x": 0.22853678464889526,
          "y": -0.09778697788715363,
          "z": -0.7340412139892578
        },
        "matrix": [
          [
            -0.09675616025924683,
            0.8830961585044861,
            -0.4591074287891388,
            0.772153913974762
          ],
          [
            -0.9724869132041931,
            -0.18208974599838257,
            -0.1453016698360443,
            -0.21690861880779266
          ],
          [
            -0.2119164764881134,
            0.43241995573043823,
            0.8764237761497498,
            1.4702990055084229
          ],
          [
            0.0,
            0.0,
            0.0,
            1.0
          ]
        ]
      },
      "bone_length_armature_space": 0.03044492262414164,
      "parent": "thumb_02_l",
      "has_children": false,
      "is_end_bone": true
    },
    "metacarpal_index_l": {
      "name": "metacarpal_index_l",
      "local": {
        "location": {
          "x": 0.0,
          "y": 0.0,
          "z": 0.0
        },
        "rotation_quaternion": {
          "w": 0.9969815015792847,
          "x": -0.07761027663946152,
          "y": -0.001824775943532586,
          "z": 0.0011489717289805412
        },
        "scale": {
          "x": 1.0,
          "y": 1.0,
          "z": 1.0
        },
        "matrix_basis": [
          [
            0.999990701675415,
            -0.002007764298468828,
            -0.0038168798200786114,
            0.0
          ],
          [
            0.002574249869212508,
            0.9879506230354309,
            0.1547478288412094,
            0.0
          ],
          [
            0.0034601916559040546,
            -0.15475621819496155,
            0.987946629524231,
            0.0
          ],
          [
            0.0,
            0.0,
            0.0,
            1.0
          ]
        ],
        "rotation_mode": "QUATERNION"
      },
      "armature_space": {
        "head": {
          "x": 0.6930612325668335,
          "y": -0.22471266984939575,
          "z": 0.5681198239326477
        },
        "tail": {
          "x": 0.7855888605117798,
          "y": -0.2965940833091736,
          "z": 0.569075345993042
        }
      },
      "world_space": {
        "head": {
          "x": 0.6930612325668335,
          "y": -0.16146866977214813,
          "z": 1.5179738998413086
        },
        "tail": {
          "x": 0.7855888605117798,
          "y": -0.23335008323192596,
          "z": 1.518929362297058
        },
        "rotation_quaternion": {
          "w": 0.040612153708934784,
          "x": 0.8951528072357178,
          "y": 0.4377388060092926,
          "z": -0.0737348347902298
        },
        "matrix": [
          [
            0.6058957576751709,
            0.7896754145622253,
            -0.09645254909992218,
            0.6930612325668335
          ],
          [
            0.7776972055435181,
            -0.6134706139564514,
            -0.137262225151062,
            -0.16146866977214813
          ],
          [
            -0.16756391525268555,
            0.008155062794685364,
            -0.985834538936615,
            1.5179738998413086
          ],
          [
            0.0,
            0.0,
            0.0,
            1.0
          ]
        ]
      },
      "bone_length_armature_space": 0.11717172099353762,
      "parent": "lowerarm_l",
      "has_children": true,
      "is_end_bone": false
    },
    "index_01_l": {
      "name": "index_01_l",
      "local": {
        "location": {
          "x": 0.0,
          "y": 0.0,
          "z": 0.0
        },
        "rotation_quaternion": {
          "w": 0.9944063425064087,
          "x": -0.10185739398002625,
          "y": -0.026349082589149475,
          "z": -0.00931941531598568
        },
        "scale": {
          "x": 1.0,
          "y": 1.0,
          "z": 1.0
        },
        "matrix_basis": [
          [
            0.998437762260437,
            0.023902269080281258,
            -0.050504885613918304,
            0.0
          ],
          [
            -0.013166873715817928,
            0.9790764451026917,
            0.2030663937330246,
            0.0
          ],
          [
            0.05430189147591591,
            -0.20208415389060974,
            0.9778615832328796,
            0.0
          ],
          [
            0.0,
            0.0,
            0.0,
            1.0
          ]
        ],
        "rotation_mode": "QUATERNION"
      },
      "armature_space": {
        "head": {
          "x": 0.7855888605117798,
          "y": -0.2965940833091736,
          "z": 0.569075345993042
        },
        "tail": {
          "x": 0.8122612237930298,
          "y": -0.30293023586273193,
          "z": 0.5769181251525879
        }
      },
      "world_space": {
        "head": {
          "x": 0.7855888605117798,
          "y": -0.23335008323192596,
          "z": 1.518929362297058
        },
        "tail": {
          "x": 0.8122612237930298,
          "y": -0.23968623578548431,
          "z": 1.526772141456604
        },
        "rotation_quaternion": {
          "w": 0.17377929389476776,
          "x": 0.7817268967628479,
          "y": 0.5989124178886414,
          "z": 0.002794767962768674
        },
        "matrix": [
          [
            0.2825917899608612,
            0.9354004859924316,
            0.2125277817249298,
            0.7855888605117798
          ],
          [
            0.9373435974121094,
            -0.22220882773399353,
            -0.2683476209640503,
            -0.23335008323192596
          ],
          [
            -0.20378750562667847,
            0.27504587173461914,
            -0.9395925998687744,
            1.518929362297058
          ],
          [
            0.0,
            0.0,
            0.0,
            1.0
          ]
        ]
      },
      "bone_length_armature_space": 0.028514399445012103,
      "parent": "metacarpal_index_l",
      "has_children": true,
      "is_end_bone": false
    },
    "index_02_l": {
      "name": "index_02_l",
      "local": {
        "location": {
          "x": 0.0,
          "y": 0.0,
          "z": 0.0
        },
        "rotation_quaternion": {
          "w": 0.9996787905693054,
          "x": 0.02468586526811123,
          "y": -0.00252104876562953,
          "z": -0.005157654173672199
        },
        "scale": {
          "x": 1.0,
          "y": 1.0,
          "z": 1.0
        },
        "matrix_basis": [
          [
            0.9999340772628784,
            0.010187526233494282,
            -0.005295120179653168,
            0.0
          ],
          [
            -0.010436463169753551,
            0.9987280368804932,
            -0.04932986572384834,
            0.0
          ],
          [
            0.0047858357429504395,
            0.04938187822699547,
            0.9987685084342957,
            0.0
          ],
          [
            0.0,
            0.0,
            0.0,
            1.0
          ]
        ],
        "rotation_mode": "QUATERNION"
      },
      "armature_space": {
        "head": {
          "x": 0.8122615814208984,
          "y": -0.302930623292923,
          "z": 0.5769179463386536
        },
        "tail": {
          "x": 0.8365970253944397,
          "y": -0.30781808495521545,
          "z": 0.5833979249000549
        }
      },
      "world_space": {
        "head": {
          "x": 0.8122615814208984,
          "y": -0.23968662321567535,
          "z": 1.5267720222473145
        },
        "tail": {
          "x": 0.8365970253944397,
          "y": -0.24457408487796783,
          "z": 1.5332520008087158
        },
        "rotation_quaternion": {
          "w": 0.18957819044589996,
          "x": 0.7708393931388855,
          "y": 0.6072889566421509,
          "z": -0.032664231956005096
        },
        "matrix": [
          [
            0.26026594638824463,
            0.9486292004585266,
            0.17990122735500336,
            0.8122615814208984
          ],
          [
            0.9238600134849548,
            -0.19051975011825562,
            -0.3319413959980011,
            -0.23968662321567535
          ],
          [
            -0.2806156575679779,
            0.2525979280471802,
            -0.925993025302887,
            1.5267720222473145
          ],
          [
            0.0,
            0.0,
            0.0,
            1.0
          ]
        ]
      },
      "bone_length_armature_space": 0.025653288810528502,
      "parent": "index_01_l",
      "has_children": true,
      "is_end_bone": false
    },
    "index_03_l": {
      "name": "index_03_l",
      "local": {
        "location": {
          "x": 0.0,
          "y": 0.0,
          "z": 0.0
        },
        "rotation_quaternion": {
          "w": 0.9996655583381653,
          "x": 0.024502770975232124,
          "y": -0.0060259937308728695,
          "z": -0.0056700692512094975
        },
        "scale": {
          "x": 1.0,
          "y": 1.0,
          "z": 1.0
        },
        "matrix_basis": [
          [
            0.9998630881309509,
            0.011041038669645786,
            -0.012325821444392204,
            0.0
          ],
          [
            -0.01163165271282196,
            0.9987349510192871,
            -0.04892081767320633,
            0.0
          ],
          [
            0.011770091950893402,
            0.049057487398386,
            0.9987266063690186,
            0.0
          ],
          [
            0.0,
            0.0,
            0.0,
            1.0
          ]
        ],
        "rotation_mode": "QUATERNION"
      },
      "armature_space": {
        "head": {
          "x": 0.8365970253944397,
          "y": -0.3078180253505707,
          "z": 0.5833980441093445
        },
        "tail": {
          "x": 0.865415096282959,
          "y": -0.31178849935531616,
          "z": 0.5861337780952454
        }
      },
      "world_space": {
        "head": {
          "x": 0.8365970253944397,
          "y": -0.24457402527332306,
          "z": 1.5332520008087158
        },
        "tail": {
          "x": 0.865415096282959,
          "y": -0.24854449927806854,
          "z": 1.5359878540039062
        },
        "rotation_quaternion": {
          "w": 0.11594542860984802,
          "x": 0.7510467171669006,
          "y": 0.6470025777816772,
          "z": -0.06223531812429428
        },
        "matrix": [
          [
            0.15502870082855225,
            0.9862901568412781,
            0.056551940739154816,
            0.8365970253944397
          ],
          [
            0.9574265480041504,
            -0.13588812947273254,
            -0.254693865776062,
            -0.24457402527332306
          ],
          [
            -0.24351809918880463,
            0.09362949430942535,
            -0.965373694896698,
            1.5332520008087158
          ],
          [
            0.0,
            0.0,
            0.0,
            1.0
          ]
        ]
      },
      "bone_length_armature_space": 0.029218660842747747,
      "parent": "index_02_l",
      "has_children": false,
      "is_end_bone": true
    },
    "metacarpal_pinky_l": {
      "name": "metacarpal_pinky_l",
      "local": {
        "location": {
          "x": 0.0,
          "y": 0.0,
          "z": 0.0
        },
        "rotation_quaternion": {
          "w": 0.9994689226150513,
          "x": -0.026924263685941696,
          "y": -0.013875875622034073,
          "z": 0.01202118769288063
        },
        "scale": {
          "x": 1.0,
          "y": 1.0,
          "z": 1.0
        },
        "matrix_basis": [
          [
            0.9993259310722351,
            -0.023282412439584732,
            -0.028384335339069366,
            0.0
          ],
          [
            0.024776803329586983,
            0.9982611536979675,
            0.05348632112145424,
            0.0
          ],
          [
            0.027089688926935196,
            -0.05415353924036026,
            0.9981650710105896,
            0.0
          ],
          [
            0.0,
            0.0,
            0.0,
            1.0
          ]
        ],
        "rotation_mode": "QUATERNION"
      },
      "armature_space": {
        "head": {
          "x": 0.6930612325668335,
          "y": -0.22471266984939575,
          "z": 0.5681198239326477
        },
        "tail": {
          "x": 0.7956912517547607,
          "y": -0.2343253493309021,
          "z": 0.5828808546066284
        }
      },
      "world_space": {
        "head": {
          "x": 0.6930612325668335,
          "y": -0.16146866977214813,
          "z": 1.5179738998413086
        },
        "tail": {
          "x": 0.7956912517547607,
          "y": -0.17108134925365448,
          "z": 1.5327348709106445
        },
        "rotation_quaternion": {
          "w": 0.6515998840332031,
          "x": 0.28749722242355347,
          "y": 0.17105379700660706,
          "z": -0.6808111071586609
        },
        "matrix": [
          [
            0.014475012198090553,
            0.9855881929397583,
            -0.16854196786880493,
            0.6930612325668335
          ],
          [
            -0.7888778448104858,
            -0.09231355041265488,
            -0.6075775027275085,
            -0.16146866977214813
          ],
          [
            -0.6143848896026611,
            0.14175449311733246,
            0.7761771082878113,
            1.5179738998413086
          ],
          [
            0.0,
            0.0,
            0.0,
            1.0
          ]
        ]
      },
      "bone_length_armature_space": 0.10413074863299919,
      "parent": "lowerarm_l",
      "has_children": true,
      "is_end_bone": false
    },
    "pinky_01_l": {
      "name": "pinky_01_l",
      "local": {
        "location": {
          "x": 0.0,
          "y": 0.0,
          "z": 0.0
        },
        "rotation_quaternion": {
          "w": 0.960587739944458,
          "x": 0.2776070535182953,
          "y": 0.012083703652024269,
          "z": 0.007726074196398258
        },
        "scale": {
          "x": 1.0,
          "y": 1.0,
          "z": 1.0
        },
        "matrix_basis": [
          [
            0.9995886087417603,
            -0.008134101517498493,
            0.027504540979862213,
            0.0
          ],
          [
            0.021552186459302902,
            0.8457492589950562,
            -0.5331451296806335,
            0.0
          ],
          [
            -0.018925290554761887,
            0.5335186123847961,
            0.8455766439437866,
            0.0
          ],
          [
            0.0,
            0.0,
            0.0,
            1.0
          ]
        ],
        "rotation_mode": "QUATERNION"
      },
      "armature_space": {
        "head": {
          "x": 0.7956912517547607,
          "y": -0.2343253493309021,
          "z": 0.5828808546066284
        },
