{
  "metadata": {
    "armature_name": "KIM_caucasian_male",
    "export_time": "2026-01-13T21:00:15.245960",
    "blender_version": "4.4.1",
    "bone_count": 56,
    "end_bone_count": 13,
    "spaces_included": [
      "LOCAL_CHANNELS",
      "ARMATURE_SPACE",
      "WORLD_SPACE"
    ],
    "note": "LOCAL matches Transform panel; replay pose via local.matrix_basis for best fidelity."
  },
  "bones": {
    "Root": {
      "name": "Root",
      "local": {
        "location": {
          "x": 0.0,
          "y": 0.0,
          "z": 0.0
        },
        "rotation_quaternion": {
          "w": 0.9993758201599121,
          "x": 0.01577419973909855,
          "y": 0.01653454080224037,
          "z": 0.026941347867250443
        },
        "scale": {
          "x": 1.0,
          "y": 1.0,
          "z": 1.0
        },
        "matrix_basis": [
          [
            0.9980015158653259,
            -0.05332742631435394,
            0.03389839828014374,
            0.0
          ],
          [
            0.0543707013130188,
            0.9980506896972656,
            -0.03063778206706047,
            0.0
          ],
          [
            -0.03219848498702049,
            0.032419633120298386,
            0.9989555478096008,
            0.0
          ],
          [
            0.0,
            0.0,
            0.0,
            1.0
          ]
        ],
        "rotation_mode": "QUATERNION"
      },
      "armature_space": {
        "head": {
          "x": 0.0,
          "y": 0.07072800397872925,
          "z": -0.009595036506652832
        },
        "tail": {
          "x": -0.0038062913808971643,
          "y": -0.0001731961965560913,
          "z": -0.0023116967640817165
        }
      },
      "world_space": {
        "head": {
          "x": 0.0,
          "y": 0.13397200405597687,
          "z": 0.9402589797973633
        },
        "tail": {
          "x": -0.0038062913808971643,
          "y": 0.06307080388069153,
          "z": 0.9475423097610474
        },
        "rotation_quaternion": {
          "w": 0.05158723518252373,
          "x": 0.9981681108474731,
          "y": -0.025766246020793915,
          "z": 0.018311958760023117
        },
        "matrix": [
          [
            0.9980015158653259,
            -0.05332742631435394,
            0.03389839828014374,
            0.0
          ],
          [
            -0.04954875260591507,
            -0.9933497309684753,
            -0.10392960906028748,
            0.13397200405597687
          ],
          [
            0.039215490221977234,
            0.1020420491695404,
            -0.9940138459205627,
            0.9402589797973633
          ],
          [
            0.0,
            0.0,
            0.0,
            1.0
          ]
        ]
      },
      "bone_length_armature_space": 0.0713758726468961,
      "parent": null,
      "has_children": true,
      "is_end_bone": false
    },
    "spine_01": {
      "name": "spine_01",
      "local": {
        "location": {
          "x": 0.0,
          "y": 0.0,
          "z": 0.0
        },
        "rotation_quaternion": {
          "w": 0.9969577789306641,
          "x": 0.02777310460805893,
          "y": -0.014142186380922794,
          "z": 0.0714426338672638
        },
        "scale": {
          "x": 1.0,
          "y": 1.0,
          "z": 1.0
        },
        "matrix_basis": [
          [
            0.9893919229507446,
            -0.14323613047599792,
            -0.024229958653450012,
            0.0
          ],
          [
            0.1416650414466858,
            0.9882491827011108,
            -0.057397935539484024,
            0.0
          ],
          [
            0.03216669335961342,
            0.05335651710629463,
            0.9980573058128357,
            0.0
          ],
          [
            0.0,
            0.0,
            0.0,
            1.0
          ]
        ],
        "rotation_mode": "QUATERNION"
      },
      "armature_space": {
        "head": {
          "x": -0.0038062913808971643,
          "y": -0.0001731961965560913,
          "z": -0.0023116967640817165
        },
        "tail": {
          "x": -0.09341859817504883,
          "y": -0.014927297830581665,
          "z": 0.4771675169467926
        }
      },
      "world_space": {
        "head": {
          "x": -0.0038062913808971643,
          "y": 0.06307080388069153,
          "z": 0.9475423097610474
        },
        "tail": {
          "x": -0.09341859817504883,
          "y": 0.048316702246665955,
          "z": 1.4270215034484863
        },
        "rotation_quaternion": {
          "w": 0.6902896165847778,
          "x": 0.7167127728462219,
          "y": -0.09156014770269394,
          "z": 0.03794536739587784
        },
        "matrix": [
          [
            0.9803537130355835,
            -0.1836313158273697,
            -0.07201539725065231,
            -0.0038062913808971643
          ],
          [
            -0.07885925471782684,
            -0.03023373894393444,
            -0.9964272975921631,
            0.06307080388069153
          ],
          [
            0.18079915642738342,
            0.9825369119644165,
            -0.04412200674414635,
            0.9475423097610474
          ],
          [
            0.0,
            0.0,
            0.0,
            1.0
          ]
        ]
      },
      "bone_length_armature_space": 0.48800448669836916,
      "parent": "Root",
      "has_children": true,
      "is_end_bone": false
    },
    "neck_01": {
      "name": "neck_01",
      "local": {
        "location": {
          "x": 0.0,
          "y": 0.0,
          "z": 0.0
        },
        "rotation_quaternion": {
          "w": 0.9961802959442139,
          "x": -0.08293002098798752,
          "y": 0.026642166078090668,
          "z": 0.006131947506219149
        },
        "scale": {
          "x": 1.0,
          "y": 1.0,
          "z": 1.0
        },
        "matrix_basis": [
          [
            0.998505175113678,
            -0.016635920852422714,
            0.05206375569105148,
            0.0
          ],
          [
            0.007798179984092712,
            0.9861699938774109,
            0.1655532419681549,
            0.0
          ],
          [
            -0.054097846150398254,
            -0.1648997664451599,
            0.984825611114502,
            0.0
          ],
          [
            0.0,
            0.0,
            0.0,
            1.0
          ]
        ],
        "rotation_mode": "QUATERNION"
      },
      "armature_space": {
        "head": {
          "x": -0.10936132818460464,
          "y": -0.0516975037753582,
          "z": 0.5475772023200989
        },
        "tail": {
          "x": -0.13099753856658936,
          "y": -0.07727406173944473,
          "z": 0.644471287727356
        }
      },
      "world_space": {
        "head": {
          "x": -0.10936132818460464,
          "y": 0.01154649630188942,
          "z": 1.4974312782287598
        },
        "tail": {
          "x": -0.13099753856658936,
          "y": -0.014030061662197113,
          "z": 1.594325304031372
        },
        "rotation_quaternion": {
          "w": 0.6076107621192932,
          "x": 0.7870498299598694,
          "y": -0.07791797071695328,
          "z": 0.07273595035076141
        },
        "matrix": [
          [
            0.9772765636444092,
            -0.21104109287261963,
            0.019804835319519043,
            -0.10936132818460464
          ],
          [
            -0.03426147997379303,
            -0.24947543442249298,
            -0.9677751064300537,
            0.01154649630188942
          ],
          [
            0.2091825306415558,
            0.9451113343238831,
            -0.2510397434234619,
            1.4974312782287598
          ],
          [
            0.0,
            0.0,
            0.0,
            1.0
          ]
        ]
      },
      "bone_length_armature_space": 0.10252194644922284,
      "parent": "spine_01",
      "has_children": true,
      "is_end_bone": false
    },
    "head": {
      "name": "head",
      "local": {
        "location": {
          "x": 0.0,
          "y": 0.0,
          "z": 0.0
        },
        "rotation_quaternion": {
          "w": 0.9996583461761475,
          "x": 0.008473222143948078,
          "y": -0.024244608357548714,
          "z": 0.004853389225900173
        },
        "scale": {
          "x": 1.0,
          "y": 1.0,
          "z": 1.0
        },
        "matrix_basis": [
          [
            0.9987772703170776,
            -0.010114322416484356,
            -0.048390403389930725,
            0.0
          ],
          [
            0.0092926025390625,
            0.9998093247413635,
            -0.017175991088151932,
            0.0
          ],
          [
            0.04855489730834961,
            0.016705317422747612,
            0.998680830001831,
            0.0
          ],
          [
            0.0,
            0.0,
            0.0,
            1.0
          ]
        ],
        "rotation_mode": "QUATERNION"
      },
      "armature_space": {
        "head": {
          "x": -0.13099752366542816,
          "y": -0.07727418839931488,
          "z": 0.6444711685180664
        },
        "tail": {
          "x": -0.16440421342849731,
          "y": -0.06160319596529007,
          "z": 0.7951088547706604
        }
      },
      "world_space": {
        "head": {
          "x": -0.13099752366542816,
          "y": -0.01403018832206726,
          "z": 1.5943251848220825
        },
        "tail": {
          "x": -0.16440421342849731,
          "y": 0.00164080411195755,
          "z": 1.7449629306793213
        },
        "rotation_quaternion": {
          "w": 0.7334727644920349,
          "x": 0.6689389944076538,
          "y": -0.11198046803474426,
          "z": 0.04470891132950783
        },
        "matrix": [
          [
            0.970923125743866,
            -0.21540167927742004,
            -0.10445289313793182,
            -0.13099752366542816
          ],
          [
            -0.08422920852899551,
            0.10104435682296753,
            -0.9913102388381958,
            -0.01403018832206726
          ],
          [
            0.2240857034921646,
            0.9712905883789062,
            0.07996268570423126,
            1.5943251848220825
          ],
          [
            0.0,
            0.0,
            0.0,
            1.0
          ]
        ]
      },
      "bone_length_armature_space": 0.15509125914928962,
      "parent": "neck_01",
      "has_children": false,
      "is_end_bone": true
    },
    "upperarm_l": {
      "name": "upperarm_l",
      "local": {
        "location": {
          "x": 0.0,
          "y": 0.0,
          "z": 0.0
        },
        "rotation_quaternion": {
          "w": 0.972615122795105,
          "x": 0.14939720928668976,
          "y": 0.03738931193947792,
          "z": 0.17407557368278503
        },
        "scale": {
          "x": 1.0,
          "y": 1.0,
          "z": 1.0
        },
        "matrix_basis": [
          [
            0.9365994930267334,
            -0.3274453580379486,
            0.12474363297224045,
            0.0
          ],
          [
            0.3497887849807739,
            0.8947563171386719,
            -0.27759483456611633,
            0.0
          ],
          [
            -0.020718010142445564,
            0.3036291003227234,
            0.9525650143623352,
            0.0
          ],
          [
            0.0,
            0.0,
            0.0,
            1.0
          ]
        ],
        "rotation_mode": "QUATERNION"
      },
      "armature_space": {
        "head": {
          "x": 0.049803514033555984,
          "y": -0.06467218697071075,
          "z": 0.5085222125053406
        },
        "tail": {
          "x": 0.2695738673210144,
          "y": -0.16012439131736755,
          "z": 0.628512442111969
        }
      },
      "world_space": {
        "head": {
          "x": 0.049803514033555984,
          "y": -0.0014281868934631348,
          "z": 1.458376169204712
        },
        "tail": {
          "x": 0.2695738673210144,
          "y": -0.09688039124011993,
          "z": 1.5783665180206299
        },
        "rotation_quaternion": {
          "w": 0.47849220037460327,
          "x": 0.7211703658103943,
          "y": 0.3048650026321411,
          "z": -0.3975121080875397
        },
        "matrix": [
          [
            0.4980829954147339,
            0.8201321959495544,
            -0.28159642219543457,
            0.049803514033555984
          ],
          [
            0.05930815264582634,
            -0.3562055826187134,
            -0.9325236678123474,
            -0.0014281868934631348
          ],
          [
            -0.8651048541069031,
            0.4477759003639221,
            -0.2260628640651703,
            1.458376169204712
          ],
          [
            0.0,
            0.0,
            0.0,
            1.0
          ]
        ]
      },
      "bone_length_armature_space": 0.26796975504016635,
      "parent": "spine_01",
      "has_children": true,
      "is_end_bone": false
    },
    "lowerarm_l": {
      "name": "lowerarm_l",
      "local": {
        "location": {
          "x": 0.0,
          "y": 0.0,
          "z": 0.0
        },
        "rotation_quaternion": {
          "w": 0.9054445028305054,
          "x": 0.24484403431415558,
          "y": 0.22701023519039154,
          "z": -0.2620842754840851
        },
        "scale": {
          "x": 1.0,
          "y": 1.0,
          "z": 1.0
        },
        "matrix_basis": [
          [
            0.7595563530921936,
            0.5857697129249573,
            0.28275078535079956,
            0.0
          ],
          [
            -0.3634413182735443,
            0.7427264451980591,
            -0.5623769760131836,
            0.0
          ],
          [
            -0.5394299030303955,
            0.32439374923706055,
            0.7770354747772217,
            0.0
          ],
          [
            0.0,
            0.0,
            0.0,
            1.0
          ]
        ],
        "rotation_mode": "QUATERNION"
      },
      "armature_space": {
        "head": {
          "x": 0.2695738673210144,
          "y": -0.16012448072433472,
          "z": 0.6285126209259033
        },
        "tail": {
          "x": 0.4564923644065857,
          "y": -0.3437499403953552,
          "z": 0.574544370174408
        }
      },
      "world_space": {
        "head": {
          "x": 0.2695738673210144,
          "y": -0.0968804806470871,
          "z": 1.5783666372299194
        },
        "tail": {
          "x": 0.4564923644065857,
          "y": -0.2805059552192688,
          "z": 1.5243983268737793
        },
        "rotation_quaternion": {
          "w": 0.07577616721391678,
          "x": 0.8171736001968384,
          "y": 0.388668954372406,
          "z": -0.4188337028026581
        },
        "matrix": [
          [
            0.34702834486961365,
            0.6986968517303467,
            -0.6256147623062134,
            0.2695738673210144
          ],
          [
            0.5717449188232422,
            -0.6863874197006226,
            -0.44942229986190796,
            -0.0968804806470871
          ],
          [
            -0.7434287071228027,
            -0.20173193514347076,
            -0.637677013874054,
            1.5783666372299194
          ],
          [
            0.0,
            0.0,
            0.0,
            1.0
          ]
        ]
      },
      "bone_length_armature_space": 0.2675245929338589,
      "parent": "upperarm_l",
      "has_children": true,
      "is_end_bone": false
    },
    "metacarpal_thumb_l": {
      "name": "metacarpal_thumb_l",
      "local": {
        "location": {
          "x": 0.0,
          "y": 0.0,
          "z": 0.0
        },
        "rotation_quaternion": {
          "w": 0.9991641640663147,
          "x": -0.037897057831287384,
          "y": 0.013076027855277061,
          "z": 0.007985584437847137
        },
        "scale": {
          "x": 1.0,
          "y": 1.0,
          "z": 1.0
        },
        "matrix_basis": [
          [
            0.9995304942131042,
            -0.01694890484213829,
            0.025524936616420746,
            0.0
          ],
          [
            0.014966733753681183,
            0.9970000982284546,
            0.0759396031498909,
            0.0
          ],
          [
            -0.0267354566603899,
            -0.07552192360162735,
            0.9967856407165527,
            0.0
          ],
          [
            0.0,
            0.0,
            0.0,
            1.0
          ]
        ],
        "rotation_mode": "QUATERNION"
      },
      "armature_space": {
        "head": {
          "x": 0.4564923644065857,
          "y": -0.3437499403953552,
          "z": 0.574544370174408
        },
        "tail": {
          "x": 0.46695226430892944,
          "y": -0.38102924823760986,
          "z": 0.5436502695083618
        }
      },
      "world_space": {
        "head": {
          "x": 0.4564923644065857,
          "y": -0.2805059552192688,
          "z": 1.5243983268737793
        },
        "tail": {
          "x": 0.46695226430892944,
          "y": -0.31778526306152344,
          "z": 1.493504285812378
        },
        "rotation_quaternion": {
          "w": 0.3482232093811035,
          "x": -0.9200335741043091,
          "y": -0.04937874153256416,
          "z": -0.17274460196495056
        },
        "matrix": [
          [
            0.9354422092437744,
            0.2111673802137375,
            0.28347134590148926,
            0.4564923644065857
          ],
          [
            -0.029446370899677277,
            -0.752605140209198,
            0.6578134894371033,
            -0.2805059552192688
          ],
          [
            0.35225313901901245,
            -0.6236985921859741,
            -0.6978048086166382,
            1.5243983268737793
          ],
          [
            0.0,
            0.0,
            0.0,
            1.0
          ]
        ]
      },
      "bone_length_armature_space": 0.04953384443480646,
      "parent": "lowerarm_l",
      "has_children": true,
      "is_end_bone": false
    },
    "thumb_01_l": {
      "name": "thumb_01_l",
      "local": {
        "location": {
          "x": 0.0,
          "y": 0.0,
          "z": 0.0
        },
        "rotation_quaternion": {
          "w": 0.968915581703186,
          "x": 0.2469383031129837,
          "y": -0.013741831295192242,
          "z": 0.005934764631092548
        },
        "scale": {
          "x": 1.0,
          "y": 1.0,
          "z": 1.0
        },
        "matrix_basis": [
          [
            0.9995518922805786,
            -0.01828734017908573,
            -0.02369830757379532,
            0.0
          ],
          [
            0.004713803064078093,
            0.8779724836349487,
            -0.4786878526210785,
            0.0
          ],
          [
            0.0295603908598423,
            0.4783616364002228,
            0.8776652812957764,
            0.0
          ],
          [
            0.0,
            0.0,
            0.0,
            1.0
          ]
        ],
        "rotation_mode": "QUATERNION"
      },
      "armature_space": {
        "head": {
          "x": 0.46695226430892944,
          "y": -0.38102924823760986,
          "z": 0.5436502695083618
        },
        "tail": {
          "x": 0.4898473024368286,
          "y": -0.38113582134246826,
          "z": 0.5184621810913086
        }
      },
      "world_space": {
        "head": {
          "x": 0.46695226430892944,
          "y": -0.31778526306152344,
          "z": 1.493504285812378
        },
        "tail": {
          "x": 0.4898473024368286,
          "y": -0.31789183616638184,
          "z": 1.4683161973953247
        },
        "rotation_quaternion": {
          "w": 0.645078182220459,
          "x": -0.28526899218559265,
          "y": 0.2868935465812683,
          "z": -0.6482189297676086
        },
        "matrix": [
          [
            -0.004987664520740509,
            0.6726198792457581,
            0.7399713397026062,
            0.46695226430892944
          ],
          [
            -0.9999876022338867,
            -0.0031308140605688095,
            -0.003894159570336342,
            -0.31778526306152344
          ],
          [
            -0.00030329078435897827,
            -0.7399867177009583,
            0.6726317405700684,
            1.493504285812378
          ],
          [
            0.0,
            0.0,
            0.0,
            1.0
          ]
        ]
      },
      "bone_length_armature_space": 0.03403871203477995,
      "parent": "metacarpal_thumb_l",
      "has_children": true,
      "is_end_bone": false
    },
    "thumb_02_l": {
      "name": "thumb_02_l",
      "local": {
        "location": {
          "x": 0.0,
          "y": 0.0,
          "z": 0.0
        },
        "rotation_quaternion": {
          "w": 0.8892826437950134,
          "x": 0.4573292136192322,
          "y": 0.005135598126798868,
          "z": -0.000461992050986737
        },
        "scale": {
          "x": 1.0,
          "y": 1.0,
          "z": 1.0
        },
        "matrix_basis": [
          [
            0.9999468326568604,
            0.00551900127902627,
            0.008711431175470352,
            0.0
          ],
          [
            0.0038756350986659527,
            0.581699550151825,
            -0.8133946061134338,
            0.0
          ],
          [
            -0.009556561708450317,
            0.8133851289749146,
            0.5816472172737122,
            0.0
          ],
          [
            0.0,
            0.0,
            0.0,
            1.0
          ]
        ],
        "rotation_mode": "QUATERNION"
      },
      "armature_space": {
        "head": {
          "x": 0.48984724283218384,
          "y": -0.3811357915401459,
          "z": 0.5184621214866638
        },
        "tail": {
          "x": 0.49879541993141174,
          "y": -0.40498068928718567,
          "z": 0.5495191812515259
        }
      },
      "world_space": {
        "head": {
          "x": 0.48984724283218384,
          "y": -0.31789177656173706,
          "z": 1.4683160781860352
        },
        "tail": {
          "x": 0.49879541993141174,
          "y": -0.34173667430877686,
          "z": 1.499373197555542
        },
        "rotation_quaternion": {
          "w": 0.2900824248790741,
          "x": 0.3628873825073242,
          "y": -0.3449797034263611,
          "z": -0.8155696988105774
        },
        "matrix": [
          [
            -0.5683298110961914,
            0.22278881072998047,
            -0.7920646667480469,
            0.48984724283218384
          ],
          [
            -0.7235430479049683,
            -0.5936824083328247,
            0.35217469930648804,
            -0.31789177656173706
          ],
          [
            -0.3917774558067322,
            0.7732490301132202,
            0.4986083507537842,
            1.4683160781860352
          ],
          [
            0.0,
            0.0,
            0.0,
            1.0
          ]
        ]
      },
      "bone_length_armature_space": 0.04016453647394147,
      "parent": "thumb_01_l",
      "has_children": true,
      "is_end_bone": false
    },
    "thumb_03_l": {
      "name": "thumb_03_l",
      "local": {
        "location": {
          "x": 0.0,
          "y": 0.0,
          "z": 0.0
        },
        "rotation_quaternion": {
          "w": 0.9895617961883545,
          "x": 0.1439402550458908,
          "y": 0.006898729130625725,
          "z": 0.0010341492015868425
        },
        "scale": {
          "x": 1.0,
          "y": 1.0,
          "z": 1.0
        },
        "matrix_basis": [
          [
            0.9999026656150818,
            -6.0699421737808734e-05,
            0.013951148837804794,
            0.0
          ],
          [
            0.004032718949019909,
            0.9585602879524231,
            -0.284861296415329,
            0.0
          ],
          [
            -0.01335572637617588,
            0.284889817237854,
            0.9584672451019287,
            0.0
          ],
          [
            0.0,
            0.0,
            0.0,
            1.0
          ]
        ],
        "rotation_mode": "QUATERNION"
      },
      "armature_space": {
        "head": {
          "x": 0.49879544973373413,
          "y": -0.40498071908950806,
          "z": 0.5495190620422363
        },
        "tail": {
          "x": 0.492909699678421,
          "y": -0.4139168858528137,
          "z": 0.578021764755249
        }
      },
      "world_space": {
        "head": {
          "x": 0.49879544973373413,
          "y": -0.34173673391342163,
          "z": 1.4993730783462524
        },
        "tail": {
          "x": 0.492909699678421,
          "y": -0.3506729006767273,
          "z": 1.5278757810592651
        },
        "rotation_quaternion": {
          "w": 0.3158000707626343,
          "x": 0.5562647581100464,
          "y": -0.5034976601600647,
          "z": -0.5808013081550598
        },
        "matrix": [
          [
            -0.18167944252490997,
            -0.19332441687583923,
            -0.9641672968864441,
            0.49879544973373413
          ],
          [
            -0.9269906282424927,
            -0.2935195565223694,
            0.23352743685245514,
            -0.34173673391342163
          ],
          [
            -0.32815131545066833,
            0.936207115650177,
            -0.12588410079479218,
            1.4993730783462524
          ],
          [
            0.0,
            0.0,
            0.0,
            1.0
          ]
        ]
      },
      "bone_length_armature_space": 0.030445052453853965,
      "parent": "thumb_02_l",
      "has_children": false,
      "is_end_bone": true
    },
    "metacarpal_index_l": {
      "name": "metacarpal_index_l",
      "local": {
        "location": {
          "x": 0.0,
          "y": 0.0,
          "z": 0.0
        },
        "rotation_quaternion": {
          "w": 0.9990997314453125,
          "x": -0.042018450796604156,
          "y": 0.004260049667209387,
          "z": -0.004009461496025324
        },
        "scale": {
          "x": 1.0,
          "y": 1.0,
          "z": 1.0
        },
        "matrix_basis": [
          [
            0.9999315738677979,
            0.007653702516108751,
            0.0088493712246418,
            0.0
          ],
          [
            -0.008369705639779568,
            0.9964367747306824,
            0.08392708748579025,
            0.0
          ],
          [
            -0.008175486698746681,
            -0.08399540930986404,
            0.9964326024055481,
            0.0
          ],
          [
            0.0,
            0.0,
            0.0,
            1.0
          ]
        ],
        "rotation_mode": "QUATERNION"
      },
      "armature_space": {
        "head": {
          "x": 0.4564923644065857,
          "y": -0.3437499403953552,
          "z": 0.574544370174408
        },
        "tail": {
          "x": 0.5166638493537903,
          "y": -0.43574273586273193,
          "z": 0.5339739322662354
        }
      },
      "world_space": {
        "head": {
          "x": 0.4564923644065857,
          "y": -0.2805059552192688,
          "z": 1.5243983268737793
        },
        "tail": {
          "x": 0.5166638493537903,
          "y": -0.3724987506866455,
          "z": 1.4838279485702515
        },
        "rotation_quaternion": {
          "w": 0.17313583195209503,
          "x": -0.944113552570343,
          "y": -0.27833184599876404,
          "z": 0.03471614047884941
        },
        "matrix": [
          [
            0.8426522016525269,
            0.5135324001312256,
            -0.16193094849586487,
            0.4564923644065857
          ],
          [
            0.5375754237174988,
            -0.7851109504699707,
            0.3075937032699585,
            -0.2805059552192688
          ],
          [
            0.030826140195131302,
            -0.3462478220462799,
            -0.9376440048217773,
            1.5243983268737793
          ],
          [
            0.0,
            0.0,
            0.0,
            1.0
          ]
        ]
      },
      "bone_length_armature_space": 0.11717184776839201,
      "parent": "lowerarm_l",
      "has_children": true,
      "is_end_bone": false
    },
    "index_01_l": {
      "name": "index_01_l",
      "local": {
        "location": {
          "x": 0.0,
          "y": 0.0,
          "z": 0.0
        },
        "rotation_quaternion": {
          "w": 0.948013186454773,
          "x": 0.3177575170993805,
          "y": -0.016599856317043304,
          "z": -0.005072352010756731
        },
        "scale": {
          "x": 1.0,
          "y": 1.0,
          "z": 1.0
        },
        "matrix_basis": [
          [
            0.9993974566459656,
            -0.0009321450488641858,
            -0.03469732031226158,
            0.0
          ],
          [
            -0.020166771486401558,
            0.7980088591575623,
            -0.6023082137107849,
            0.0
          ],
          [
            0.028250209987163544,
            0.6026450395584106,
            0.7975091934204102,
            0.0
          ],
          [
            0.0,
            0.0,
            0.0,
            1.0
          ]
        ],
        "rotation_mode": "QUATERNION"
      },
      "armature_space": {
        "head": {
          "x": 0.5166638493537903,
          "y": -0.43574273586273193,
          "z": 0.5339739322662354
        },
        "tail": {
          "x": 0.5337211489677429,
          "y": -0.4449683427810669,
          "z": 0.5130690932273865
        }
      },
      "world_space": {
        "head": {
          "x": 0.5166638493537903,
          "y": -0.3724987506866455,
          "z": 1.4838279485702515
        },
        "tail": {
          "x": 0.5337211489677429,
          "y": -0.38172435760498047,
          "z": 1.4629230499267578
        },
        "rotation_quaternion": {
          "w": 0.38888660073280334,
          "x": -0.8038696050643921,
          "y": -0.4324301779270172,
          "z": 0.12475945055484772
        },
        "matrix": [
          [
            0.5948767066001892,
            0.5982006788253784,
            -0.5369149446487427,
            0.5166638493537903
          ],
          [
            0.7922713756561279,
            -0.32354187965393066,
            0.517326831817627,
            -0.3724987506866455
          ],
          [
            0.1357523649930954,
            -0.7331334948539734,
            -0.6664088368415833,
            1.4838279485702515
          ],
          [
            0.0,
            0.0,
            0.0,
            1.0
          ]
        ]
      },
      "bone_length_armature_space": 0.028514480077934418,
      "parent": "metacarpal_index_l",
      "has_children": true,
      "is_end_bone": false
    },
    "index_02_l": {
      "name": "index_02_l",
      "local": {
        "location": {
          "x": 0.0,
          "y": 0.0,
          "z": 0.0
        },
        "rotation_quaternion": {
          "w": 0.8888629674911499,
          "x": 0.4581620991230011,
          "y": 0.002083065453916788,
          "z": -0.0024136328138411045
        },
        "scale": {
          "x": 1.0,
          "y": 1.0,
          "z": 1.0
        },
        "matrix_basis": [
          [
            0.9999796748161316,
            0.006199541036039591,
            0.0014914493076503277,
            0.0
          ],
          [
            -0.002382014412432909,
            0.5801633596420288,
            -0.8144966959953308,
            0.0
          ],
          [
            -0.005914789624512196,
            0.8144766092300415,
            0.5801662802696228,
            0.0
          ],
          [
            0.0,
            0.0,
            0.0,
            1.0
          ]
        ],
        "rotation_mode": "QUATERNION"
      },
      "armature_space": {
        "head": {
          "x": 0.5337210893630981,
          "y": -0.44496849179267883,
          "z": 0.5130685567855835
        },
        "tail": {
          "x": 0.5317150950431824,
          "y": -0.4400870203971863,
          "z": 0.48796385526657104
        }
      },
      "world_space": {
        "head": {
          "x": 0.5337210893630981,
          "y": -0.38172447681427,
          "z": 1.4629225730895996
        },
        "tail": {
          "x": 0.5317150950431824,
          "y": -0.37684303522109985,
          "z": 1.4378178119659424
        },
        "rotation_quaternion": {
          "w": 0.6893864870071411,
          "x": -0.5440413951873779,
          "y": -0.34625083208084106,
          "z": 0.32996323704719543
        },
        "matrix": [
          [
            0.5424695611000061,
            -0.07819563150405884,
            -0.8364282846450806,
            0.5337210893630981
          ],
          [
            0.8316941261291504,
            0.1902860403060913,
            0.5216094255447388,
            -0.38172447681427
          ],
          [
            0.11837455630302429,
            -0.9786163568496704,
            0.16826093196868896,
            1.4629225730895996
          ],
          [
            0.0,
            0.0,
            0.0,
            1.0
          ]
        ]
      },
      "bone_length_armature_space": 0.025653436145312007,
      "parent": "index_01_l",
      "has_children": true,
      "is_end_bone": false
    },
    "index_03_l": {
      "name": "index_03_l",
      "local": {
        "location": {
          "x": 0.0,
          "y": 0.0,
          "z": 0.0
        },
        "rotation_quaternion": {
          "w": 0.9331697821617126,
          "x": 0.3593885004520416,
          "y": -0.004537087399512529,
          "z": -0.003703303402289748
        },
        "scale": {
          "x": 1.0,
          "y": 1.0,
          "z": 1.0
        },
        "matrix_basis": [
          [
            0.9999313950538635,
            0.003650467609986663,
            -0.011129595339298248,
            0.0
          ],
          [
            -0.010172775946557522,
            0.7416523694992065,
            -0.6707073450088501,
            0.0
          ],
          [
            0.00580589659512043,
            0.6707745790481567,
            0.7416386604309082,
            0.0
          ],
          [
            0.0,
            0.0,
            0.0,
            1.0
          ]
        ],
        "rotation_mode": "QUATERNION"
      },
      "armature_space": {
        "head": {
          "x": 0.5317152142524719,
          "y": -0.44008710980415344,
          "z": 0.48796385526657104
        },
        "tail": {
          "x": 0.5141444206237793,
          "y": -0.42238759994506836,
          "z": 0.4727412164211273
        }
      },
      "world_space": {
        "head": {
          "x": 0.5317152142524719,
          "y": -0.37684309482574463,
          "z": 1.4378178119659424
        },
        "tail": {
          "x": 0.5141444206237793,
          "y": -0.35914361476898193,
          "z": 1.4225952625274658
        },
        "rotation_quaternion": {
          "w": 0.8718869090080261,
          "x": -0.20550236105918884,
          "y": -0.20662447810173035,
          "z": 0.3935587406158447
        },
        "matrix": [
          [
            0.604835033416748,
            -0.6013543009757996,
            -0.5220609903335571,
            0.5317152142524719
          ],
          [
            0.7712017297744751,
            0.6057602167129517,
            0.19571080803871155,
            -0.37684309482574463
          ],
          [
            0.19855424761772156,
            -0.5209901332855225,
            0.8301564455032349,
            1.4378178119659424
          ],
          [
            0.0,
            0.0,
            0.0,
            1.0
          ]
        ]
      },
      "bone_length_armature_space": 0.029218729672657557,
      "parent": "index_02_l",
      "has_children": false,
      "is_end_bone": true
    },
    "metacarpal_pinky_l": {
      "name": "metacarpal_pinky_l",
      "local": {
        "location": {
          "x": 0.0,
          "y": 0.0,
          "z": 0.0
        },
        "rotation_quaternion": {
          "w": 0.9987006187438965,
          "x": -0.043731994926929474,
          "y": -0.024384550750255585,
          "z": -0.009497870691120625
        },
        "scale": {
          "x": 1.0,
          "y": 1.0,
          "z": 1.0
        },
        "matrix_basis": [
          [
            0.9986303448677063,
            0.02110382914543152,
            -0.04787500947713852,
            0.0
          ],
          [
            -0.01683828793466091,
            0.9959946274757385,
            0.08781354129314423,
            0.0
          ],
          [
            0.04953645169734955,
            -0.08688713610172272,
            0.994985818862915,
            0.0
          ],
          [
            0.0,
            0.0,
            0.0,
            1.0
          ]
        ],
        "rotation_mode": "QUATERNION"
      },
      "armature_space": {
        "head": {
          "x": 0.4564923644065857,
          "y": -0.3437499403953552,
          "z": 0.574544370174408
        },
        "tail": {
          "x": 0.5487362146377563,
          "y": -0.3915589451789856,
          "z": 0.5675743818283081
        }
      },
      "world_space": {
        "head": {
          "x": 0.4564923644065857,
          "y": -0.2805059552192688,
          "z": 1.5243983268737793
        },
        "tail": {
          "x": 0.5487362146377563,
          "y": -0.32831496000289917,
          "z": 1.5174283981323242
        },
        "rotation_quaternion": {
          "w": 0.4476618766784668,
          "x": 0.37803468108177185,
          "y": 0.2646428644657135,
          "z": -0.7659327387809753
        },
        "matrix": [
          [
            -0.31337687373161316,
            0.8858465552330017,
            -0.3421558737754822,
            0.4564923644065857
          ],
          [
            -0.4856705665588379,
            -0.45912474393844604,
            -0.7438609004020691,
            -0.2805059552192688
          ],
          [
            -0.8160448670387268,
            -0.066934734582901,
            0.5741119384765625,
            1.5243983268737793
          ],
          [
            0.0,
            0.0,
            0.0,
            1.0
          ]
        ]
      },
      "bone_length_armature_space": 0.10413073439631614,
      "parent": "lowerarm_l",
      "has_children": true,
      "is_end_bone": false
    },
    "pinky_01_l": {
      "name": "pinky_01_l",
      "local": {
        "location": {
          "x": 0.0,
          "y": 0.0,
          "z": 0.0
        },
        "rotation_quaternion": {
          "w": 0.9465559720993042,
          "x": 0.32232528924942017,
          "y": 0.004075574688613415,
          "z": -0.011026900261640549
        },
        "scale": {
          "x": 1.0,
          "y": 1.0,
          "z": 1.0
        },
        "matrix_basis": [
          [
            0.9997236132621765,
            0.023502478376030922,
            0.0006070215022191405,
            0.0
          ],
          [
            -0.018247835338115692,
            0.7919696569442749,
            -0.6102877259254456,
            0.0
          ],
          [
            -0.014824016951024532,
            0.610107958316803,
            0.7921795845031738,
            0.0
          ],
          [
            0.0,
            0.0,
            0.0,
            1.0
          ]
        ],
        "rotation_mode": "QUATERNION"
      },
      "armature_space": {
        "head": {
          "x": 0.5487362146377563,
          "y": -0.3915589451789856,
          "z": 0.5675743818283081
        },
        "tail": {
