{
  "metadata": {
    "armature_name": "KIM_caucasian_male",
    "export_time": "2026-01-13T19:11:22.162685",
    "blender_version": "4.4.1",
    "bone_count": 56,
    "end_bone_count": 13,
    "spaces_included": [
      "LOCAL_CHANNELS",
      "ARMATURE_SPACE",
      "WORLD_SPACE"
    ],
    "note": "LOCAL matches Transform panel; replay pose via local.matrix_basis for best fidelity."
  },
  "bones": {
    "Root": {
      "name": "Root",
      "local": {
        "location": {
          "x": 0.0,
          "y": 0.0,
          "z": 0.0
        },
        "rotation_quaternion": {
          "w": 0.999847412109375,
          "x": -0.014306881465017796,
          "y": -0.008053881116211414,
          "z": -0.005975164473056793
        },
        "scale": {
          "x": 1.0,
          "y": 1.0,
          "z": 1.0
        },
        "matrix_basis": [
          [
            0.9997988939285278,
            0.012178957462310791,
            -0.015934333205223083,
            0.0
          ],
          [
            -0.011718053370714188,
            0.9995192289352417,
            0.028705643489956856,
            0.0
          ],
          [
            0.016276275739073753,
            -0.028513150289654732,
            0.9994608759880066,
            0.0
          ],
          [
            0.0,
            0.0,
            0.0,
            1.0
          ]
        ],
        "rotation_mode": "QUATERNION"
      },
      "armature_space": {
        "head": {
          "x": 0.0,
          "y": 0.07072800397872925,
          "z": -0.009595036506652832
        },
        "tail": {
          "x": 0.0008692836854606867,
          "y": 0.0003075897693634033,
          "z": 0.002012079581618309
        }
      },
      "world_space": {
        "head": {
          "x": 0.0,
          "y": 0.13397200405597687,
          "z": 0.9402589797973633
        },
        "tail": {
          "x": 0.0008692836854606867,
          "y": 0.06355158984661102,
          "z": 0.951866090297699
        },
        "rotation_quaternion": {
          "w": 0.08163175731897354,
          "x": 0.9966121315956116,
          "y": 0.005419017281383276,
          "z": -0.008438119664788246
        },
        "matrix": [
          [
            0.9997988939285278,
            0.012178957462310791,
            -0.015934333205223083,
            0.0
          ],
          [
            0.009423675946891308,
            -0.9866137504577637,
            -0.1628023087978363,
            0.13397200405597687
          ],
          [
            -0.017703907564282417,
            0.16261960566043854,
            -0.9865370988845825,
            0.9402589797973633
          ],
          [
            0.0,
            0.0,
            0.0,
            1.0
          ]
        ]
      },
      "bone_length_armature_space": 0.07137587495644282,
      "parent": null,
      "has_children": true,
      "is_end_bone": false
    },
    "spine_01": {
      "name": "spine_01",
      "local": {
        "location": {
          "x": 0.0,
          "y": 0.0,
          "z": 0.0
        },
        "rotation_quaternion": {
          "w": 0.9926660060882568,
          "x": 0.08660180866718292,
          "y": 0.043056145310401917,
          "z": 0.07253061234951019
        },
        "scale": {
          "x": 1.0,
          "y": 1.0,
          "z": 1.0
        },
        "matrix_basis": [
          [
            0.9857709407806396,
            -0.13653986155986786,
            0.09804330766201019,
            0.0
          ],
          [
            0.15145482122898102,
            0.9744789004325867,
            -0.16568756103515625,
            0.0
          ],
          [
            -0.07291817665100098,
            0.17817911505699158,
            0.9812926054000854,
            0.0
          ],
          [
            0.0,
            0.0,
            0.0,
            1.0
          ]
        ],
        "rotation_mode": "QUATERNION"
      },
      "armature_space": {
        "head": {
          "x": 0.0008692836854606867,
          "y": 0.0003075897693634033,
          "z": 0.002012079581618309
        },
        "tail": {
          "x": -0.05675830692052841,
          "y": -0.051174063235521317,
          "z": 0.48385971784591675
        }
      },
      "world_space": {
        "head": {
          "x": 0.0008692836854606867,
          "y": 0.06355158984661102,
          "z": 0.951866090297699
        },
        "tail": {
          "x": -0.05675830692052841,
          "y": 0.012069936841726303,
          "z": 1.433713674545288
        },
        "rotation_quaternion": {
          "w": 0.6687172651290894,
          "x": 0.7392534017562866,
          "y": -0.008344407193362713,
          "z": 0.07907059788703918
        },
        "matrix": [
          [
            0.9873564839363098,
            -0.11808903515338898,
            0.10574547946453094,
            0.0008692836854606867
          ],
          [
            0.09341371059417725,
            -0.105494923889637,
            -0.9900227189064026,
            0.06355158984661102
          ],
          [
            0.12806740403175354,
            0.9873902201652527,
            -0.09313151985406876,
            0.951866090297699
          ],
          [
            0.0,
            0.0,
            0.0,
            1.0
          ]
        ]
      },
      "bone_length_armature_space": 0.48800456266283704,
      "parent": "Root",
      "has_children": true,
      "is_end_bone": false
    },
    "neck_01": {
      "name": "neck_01",
      "local": {
        "location": {
          "x": 0.0,
          "y": 0.0,
          "z": 0.0
        },
        "rotation_quaternion": {
          "w": 0.9937735795974731,
          "x": -0.08221497386693954,
          "y": 0.02291492559015751,
          "z": 0.07162264734506607
        },
        "scale": {
          "x": 1.0,
          "y": 1.0,
          "z": 1.0
        },
        "matrix_basis": [
          [
            0.988690197467804,
            -0.1461212933063507,
            0.033767588436603546,
            0.0
          ],
          [
            0.13858549296855927,
            0.9762217998504639,
            0.16668859124183655,
            0.0
          ],
          [
            -0.05732140317559242,
            -0.16012367606163025,
            0.9854311943054199,
            0.0
          ],
          [
            0.0,
            0.0,
            0.0,
            1.0
          ]
        ],
        "rotation_mode": "QUATERNION"
      },
      "armature_space": {
        "head": {
          "x": -0.0617373064160347,
          "y": -0.093232661485672,
          "z": 0.5529250502586365
        },
        "tail": {
          "x": -0.08575817942619324,
          "y": -0.12763983011245728,
          "z": 0.6464658975601196
        }
      },
      "world_space": {
        "head": {
          "x": -0.0617373064160347,
          "y": -0.029988661408424377,
          "z": 1.5027790069580078
        },
        "tail": {
          "x": -0.08575817942619324,
          "y": -0.06439583003520966,
          "z": 1.5963199138641357
        },
        "rotation_quaternion": {
          "w": 0.5742526650428772,
          "x": 0.805993378162384,
          "y": -0.04928480461239815,
          "z": 0.1348314881324768
        },
        "matrix": [
          [
            0.9587831497192383,
            -0.23430122435092926,
            0.16074147820472717,
            -0.0617373064160347
          ],
          [
            0.0754069909453392,
            -0.3356097936630249,
            -0.9389783143997192,
            -0.029988661408424377
          ],
          [
            0.2739521265029907,
            0.9124035835266113,
            -0.3041120767593384,
            1.5027790069580078
          ],
          [
            0.0,
            0.0,
            0.0,
            1.0
          ]
        ]
      },
      "bone_length_armature_space": 0.10252192813902393,
      "parent": "spine_01",
      "has_children": true,
      "is_end_bone": false
    },
    "head": {
      "name": "head",
      "local": {
        "location": {
          "x": 0.0,
          "y": 0.0,
          "z": 0.0
        },
        "rotation_quaternion": {
          "w": 0.9742463827133179,
          "x": 0.0038309188093990088,
          "y": 0.07814785093069077,
          "z": -0.21147647500038147
        },
        "scale": {
          "x": 1.0,
          "y": 1.0,
          "z": 1.0
        },
        "matrix_basis": [
          [
            0.8983412384986877,
            0.4126591384410858,
            0.15065021812915802,
            0.0
          ],
          [
            -0.41146162152290344,
            0.9105260372161865,
            -0.04051738232374191,
            0.0
          ],
          [
            -0.15389081835746765,
            -0.025588346645236015,
            0.9877564907073975,
            0.0
          ],
          [
            0.0,
            0.0,
            0.0,
            1.0
          ]
        ],
        "rotation_mode": "QUATERNION"
      },
      "armature_space": {
        "head": {
          "x": -0.08575813472270966,
          "y": -0.12763994932174683,
          "z": 0.6464657783508301
        },
        "tail": {
          "x": -0.06378258019685745,
          "y": -0.11530902236700058,
          "z": 0.7994962930679321
        }
      },
      "world_space": {
        "head": {
          "x": -0.08575813472270966,
          "y": -0.0643959492444992,
          "z": 1.5963197946548462
        },
        "tail": {
          "x": -0.06378258019685745,
          "y": -0.05206502228975296,
          "z": 1.7493503093719482
        },
        "rotation_quaternion": {
          "w": 0.7233030200004578,
          "x": 0.6780321002006531,
          "y": 0.12878838181495667,
          "z": 0.02277744747698307
        },
        "matrix": [
          [
            0.9657896757125854,
            0.1416953057050705,
            0.2171928584575653,
            -0.08575813472270966
          ],
          [
            0.2075943499803543,
            0.07950809597969055,
            -0.9749788045883179,
            -0.0643959492444992
          ],
          [
            -0.15541939437389374,
            0.9867192506790161,
            0.04737238585948944,
            1.5963197946548462
          ],
          [
            0.0,
            0.0,
            0.0,
            1.0
          ]
        ]
      },
      "bone_length_armature_space": 0.15509131417944938,
      "parent": "neck_01",
      "has_children": false,
      "is_end_bone": true
    },
    "upperarm_l": {
      "name": "upperarm_l",
      "local": {
        "location": {
          "x": 0.0,
          "y": 0.0,
          "z": 0.0
        },
        "rotation_quaternion": {
          "w": 0.9182989001274109,
          "x": 0.330394983291626,
          "y": -0.09314541518688202,
          "z": 0.19720637798309326
        },
        "scale": {
          "x": 1.0,
          "y": 1.0,
          "z": 1.0
        },
        "matrix_basis": [
          [
            0.9048671722412109,
            -0.42373836040496826,
            -0.04075866937637329,
            0.0
          ],
          [
            0.30063924193382263,
            0.7038975954055786,
            -0.6435404419898987,
            0.0
          ],
          [
            0.3013826608657837,
            0.5700649619102478,
            0.7643261551856995,
            0.0
          ],
          [
            0.0,
            0.0,
            0.0,
            1.0
          ]
        ],
        "rotation_mode": "QUATERNION"
      },
      "armature_space": {
        "head": {
          "x": 0.09463990479707718,
          "y": -0.0752878412604332,
          "z": 0.5054779052734375
        },
        "tail": {
          "x": 0.29225465655326843,
          "y": -0.2144838571548462,
          "z": 0.6211526989936829
        }
      },
      "world_space": {
        "head": {
          "x": 0.09463990479707718,
          "y": -0.012043841183185577,
          "z": 1.4553319215774536
        },
        "tail": {
          "x": 0.29225465655326843,
          "y": -0.15123985707759857,
          "z": 1.5710067749023438
        },
        "rotation_quaternion": {
          "w": 0.44395047426223755,
          "x": 0.7176923155784607,
          "y": 0.20780973136425018,
          "z": -0.49461182951927185
        },
        "matrix": [
          [
            0.42434924840927124,
            0.7374526262283325,
            -0.5254441499710083,
            0.09463990479707718
          ],
          [
            -0.14087817072868347,
            -0.519447386264801,
            -0.8428096771240234,
            -0.012043841183185577
          ],
          [
            -0.8944790959358215,
            0.431671679019928,
            -0.11653764545917511,
            1.4553319215774536
          ],
          [
            0.0,
            0.0,
            0.0,
            1.0
          ]
        ]
      },
      "bone_length_armature_space": 0.26796973592504514,
      "parent": "spine_01",
      "has_children": true,
      "is_end_bone": false
    },
    "lowerarm_l": {
      "name": "lowerarm_l",
      "local": {
        "location": {
          "x": 0.0,
          "y": 0.0,
          "z": 0.0
        },
        "rotation_quaternion": {
          "w": 0.9237217903137207,
          "x": 0.351349413394928,
          "y": 0.0771133303642273,
          "z": -0.13170138001441956
        },
        "scale": {
          "x": 1.0,
          "y": 1.0,
          "z": 1.0
        },
        "matrix_basis": [
          [
            0.9534165859222412,
            0.29749831557273865,
            0.04991612210869789,
            0.0
          ],
          [
            -0.18912342190742493,
            0.718416690826416,
            -0.6694101095199585,
            0.0
          ],
          [
            -0.23500892519950867,
            0.6287863254547119,
            0.7412142753601074,
            0.0
          ],
          [
            0.0,
            0.0,
            0.0,
            1.0
          ]
        ],
        "rotation_mode": "QUATERNION"
      },
      "armature_space": {
        "head": {
          "x": 0.29225465655326843,
          "y": -0.21448394656181335,
          "z": 0.6211528778076172
        },
        "tail": {
          "x": 0.3337159752845764,
          "y": -0.4783932566642761,
          "z": 0.6353727579116821
        }
      },
      "world_space": {
        "head": {
          "x": 0.29225465655326843,
          "y": -0.15123994648456573,
          "z": 1.5710068941116333
        },
        "tail": {
          "x": 0.3337159752845764,
          "y": -0.4151492714881897,
          "z": 1.5852267742156982
        },
        "rotation_quaternion": {
          "w": 0.0648365467786789,
          "x": 0.8345015645027161,
          "y": 0.050527215003967285,
          "z": -0.5448397397994995
        },
        "matrix": [
          [
            0.40119338035583496,
            0.15498140454292297,
            -0.9027873277664185,
            0.29225465655326843
          ],
          [
            0.01367884874343872,
            -0.986486554145813,
            -0.16327133774757385,
            -0.15123994648456573
          ],
          [
            -0.9158978462219238,
            0.05315367877483368,
            -0.39789459109306335,
            1.5710068941116333
          ],
          [
            0.0,
            0.0,
            0.0,
            1.0
          ]
        ]
      },
      "bone_length_armature_space": 0.2675245225743281,
      "parent": "upperarm_l",
      "has_children": true,
      "is_end_bone": false
    },
    "metacarpal_thumb_l": {
      "name": "metacarpal_thumb_l",
      "local": {
        "location": {
          "x": 0.0,
          "y": 0.0,
          "z": 0.0
        },
        "rotation_quaternion": {
          "w": 0.9991521239280701,
          "x": -0.03893471136689186,
          "y": -0.0022041110787540674,
          "z": 0.013198960572481155
        },
        "scale": {
          "x": 1.0,
          "y": 1.0,
          "z": 1.0
        },
        "matrix_basis": [
          [
            0.9996418356895447,
            -0.026203906163573265,
            -0.005432279780507088,
            0.0
          ],
          [
            0.02654717117547989,
            0.9966197609901428,
            0.0777452141046524,
            0.0
          ],
          [
            0.003376689041033387,
            -0.07786158472299576,
            0.9969584345817566,
            0.0
          ],
          [
            0.0,
            0.0,
            0.0,
            1.0
          ]
        ],
        "rotation_mode": "QUATERNION"
      },
      "armature_space": {
        "head": {
          "x": 0.3337159752845764,
          "y": -0.4783932566642761,
          "z": 0.6353727579116821
        },
        "tail": {
          "x": 0.31446701288223267,
          "y": -0.5216076970100403,
          "z": 0.620690107345581
        }
      },
      "world_space": {
        "head": {
          "x": 0.3337159752845764,
          "y": -0.4151492714881897,
          "z": 1.5852267742156982
        },
        "tail": {
          "x": 0.31446701288223267,
          "y": -0.45836371183395386,
          "z": 1.5705441236495972
        },
        "rotation_quaternion": {
          "w": 0.11500276625156403,
          "x": -0.9521440863609314,
          "y": 0.22485969960689545,
          "z": -0.17214618623256683
        },
        "matrix": [
          [
            0.8396075367927551,
            -0.3886033594608307,
            0.37953507900238037,
            0.3337159752845764
          ],
          [
            -0.46779224276542664,
            -0.8724251389503479,
            0.14157989621162415,
            -0.4151492714881897
          ],
          [
            0.27609893679618835,
            -0.29641783237457275,
            -0.9142864942550659,
            1.5852267742156982
          ],
          [
            0.0,
            0.0,
            0.0,
            1.0
          ]
        ]
      },
      "bone_length_armature_space": 0.049533732799336185,
      "parent": "lowerarm_l",
      "has_children": true,
      "is_end_bone": false
    },
    "thumb_01_l": {
      "name": "thumb_01_l",
      "local": {
        "location": {
          "x": 0.0,
          "y": 0.0,
          "z": 0.0
        },
        "rotation_quaternion": {
          "w": 0.987293541431427,
          "x": 0.15672667324543,
          "y": 0.026135079562664032,
          "z": -0.00227117701433599
        },
        "scale": {
          "x": 1.0,
          "y": 1.0,
          "z": 1.0
        },
        "matrix_basis": [
          [
            0.9986236095428467,
            0.012676765210926533,
            0.050894081592559814,
            0.0
          ],
          [
            0.0037074913270771503,
            0.9508631825447083,
            -0.3095891773700714,
            0.0
          ],
          [
            -0.05231789872050285,
            0.30935174226760864,
            0.9495074152946472,
            0.0
          ],
          [
            0.0,
            0.0,
            0.0,
            1.0
          ]
        ],
        "rotation_mode": "QUATERNION"
      },
      "armature_space": {
        "head": {
          "x": 0.31446701288223267,
          "y": -0.5216076970100403,
          "z": 0.620690107345581
        },
        "tail": {
          "x": 0.3205295503139496,
          "y": -0.5408654808998108,
          "z": 0.5932853817939758
        }
      },
      "world_space": {
        "head": {
          "x": 0.31446701288223267,
          "y": -0.45836371183395386,
          "z": 1.5705441236495972
        },
        "tail": {
          "x": 0.3205295503139496,
          "y": -0.47762149572372437,
          "z": 1.5431394577026367
        },
        "rotation_quaternion": {
          "w": 0.27658358216285706,
          "x": -0.3589971661567688,
          "y": 0.37499284744262695,
          "z": -0.8087044358253479
        },
        "matrix": [
          [
            -0.5892451405525208,
            0.17810752987861633,
            0.7880788445472717,
            0.31446701288223267
          ],
          [
            -0.7165915966033936,
            -0.5657641887664795,
            -0.4079305827617645,
            -0.45836371183395386
          ],
          [
            0.3732132017612457,
            -0.805107831954956,
            0.46100687980651855,
            1.5705441236495972
          ],
          [
            0.0,
            0.0,
            0.0,
            1.0
          ]
        ]
      },
      "bone_length_armature_space": 0.034038736829559296,
      "parent": "metacarpal_thumb_l",
      "has_children": true,
      "is_end_bone": false
    },
    "thumb_02_l": {
      "name": "thumb_02_l",
      "local": {
        "location": {
          "x": 0.0,
          "y": 0.0,
          "z": 0.0
        },
        "rotation_quaternion": {
          "w": 0.9166871905326843,
          "x": 0.3994895815849304,
          "y": 0.006200785748660564,
          "z": 0.0073695918545126915
        },
        "scale": {
          "x": 1.0,
          "y": 1.0,
          "z": 1.0
        },
        "matrix_basis": [
          [
            0.9998144507408142,
            -0.00855692196637392,
            0.017256511375308037,
            0.0
          ],
          [
            0.018465518951416016,
            0.6807075142860413,
            -0.7323225736618042,
            0.0
          ],
          [
            -0.005480211228132248,
            0.7325053811073303,
            0.6807392239570618,
            0.0
          ],
          [
            0.0,
            0.0,
            0.0,
            1.0
          ]
        ],
        "rotation_mode": "QUATERNION"
      },
      "armature_space": {
        "head": {
          "x": 0.3205295205116272,
          "y": -0.5408654808998108,
          "z": 0.5932853817939758
        },
        "tail": {
          "x": 0.3265179991722107,
          "y": -0.5637924075126648,
          "z": 0.6257150769233704
        }
      },
      "world_space": {
        "head": {
          "x": 0.3205295205116272,
          "y": -0.47762149572372437,
          "z": 1.5431394577026367
        },
        "tail": {
          "x": 0.3265179991722107,
          "y": -0.5005484223365784,
          "z": 1.5755691528320312
        },
        "rotation_quaternion": {
          "w": 0.10006449371576309,
          "x": 0.03112202323973179,
          "y": -0.4522976279258728,
          "z": -0.8856891989707947
        },
        "matrix": [
          [
            -0.9780371189117432,
            0.14909952878952026,
            -0.14564725756645203,
            0.3205295205116272
          ],
          [
            -0.20540527999401093,
            -0.5708274841308594,
            0.7949619889259338,
            -0.47762149572372437
          ],
          [
            0.03538908436894417,
            0.8074241280555725,
            0.588921070098877,
            1.5431394577026367
          ],
          [
            0.0,
            0.0,
            0.0,
            1.0
          ]
        ]
      },
      "bone_length_armature_space": 0.04016454833951232,
      "parent": "thumb_01_l",
      "has_children": true,
      "is_end_bone": false
    },
    "thumb_03_l": {
      "name": "thumb_03_l",
      "local": {
        "location": {
          "x": 0.0,
          "y": 0.0,
          "z": 0.0
        },
        "rotation_quaternion": {
          "w": 0.985146701335907,
          "x": 0.17154081165790558,
          "y": 0.0077253119088709354,
          "z": 0.0005306336679495871
        },
        "scale": {
          "x": 1.0,
          "y": 1.0,
          "z": 1.0
        },
        "matrix_basis": [
          [
            0.9998800754547119,
            0.0016049084952101111,
            0.015403181314468384,
            0.0
          ],
          [
            0.0036959166172891855,
            0.9411469101905823,
            -0.3379775285720825,
            0.0
          ],
          [
            -0.015039080753922462,
            0.33799391984939575,
            0.9410281181335449,
            0.0
          ],
          [
            0.0,
            0.0,
            0.0,
            1.0
          ]
        ],
        "rotation_mode": "QUATERNION"
      },
      "armature_space": {
        "head": {
          "x": 0.3265179395675659,
          "y": -0.5637924671173096,
          "z": 0.6257150173187256
        },
        "tail": {
          "x": 0.32838794589042664,
          "y": -0.5645385384559631,
          "z": 0.6560934782028198
        }
      },
      "world_space": {
        "head": {
          "x": 0.3265179395675659,
          "y": -0.5005484819412231,
          "z": 1.5755690336227417
        },
        "tail": {
          "x": 0.32838794589042664,
          "y": -0.5012945532798767,
          "z": 1.605947494506836
        },
        "rotation_quaternion": {
          "w": 0.244442418217659,
          "x": 0.20884160697460175,
          "y": -0.6542131304740906,
          "z": -0.6845716834068298
        },
        "matrix": [
          [
            -0.7932661771774292,
            0.061423152685165405,
            -0.6057692766189575,
            0.3265179395675659
          ],
          [
            -0.607930600643158,
            -0.024505645036697388,
            0.7936119437217712,
            -0.5005484819412231
          ],
          [
            0.03390110284090042,
            0.9978179335594177,
            0.056781649589538574,
            1.5755690336227417
          ],
          [
            0.0,
            0.0,
            0.0,
            1.0
          ]
        ]
      },
      "bone_length_armature_space": 0.03044510474891747,
      "parent": "thumb_02_l",
      "has_children": false,
      "is_end_bone": true
    },
    "metacarpal_index_l": {
      "name": "metacarpal_index_l",
      "local": {
        "location": {
          "x": 0.0,
          "y": 0.0,
          "z": 0.0
        },
        "rotation_quaternion": {
          "w": 0.9996786713600159,
          "x": 0.015471726655960083,
          "y": -0.00018380096298642457,
          "z": 0.020081182941794395
        },
        "scale": {
          "x": 1.0,
          "y": 1.0,
          "z": 1.0
        },
        "matrix_basis": [
          [
            0.9991934299468994,
            -0.04015514627099037,
            0.0002538973349146545,
            0.0
          ],
          [
            0.04014377295970917,
            0.9987147450447083,
            -0.030940892174839973,
            0.0
          ],
          [
            0.000988864921964705,
            0.03092612884938717,
            0.9995211958885193,
            0.0
          ],
          [
            0.0,
            0.0,
            0.0,
            1.0
          ]
        ],
        "rotation_mode": "QUATERNION"
      },
      "armature_space": {
        "head": {
          "x": 0.3337159752845764,
          "y": -0.4783932566642761,
          "z": 0.6353727579116821
        },
        "tail": {
          "x": 0.31578996777534485,
          "y": -0.5930436253547668,
          "z": 0.6191501021385193
        }
      },
      "world_space": {
        "head": {
          "x": 0.3337159752845764,
          "y": -0.4151492714881897,
          "z": 1.5852267742156982
        },
        "tail": {
          "x": 0.31578996777534485,
          "y": -0.5297996401786804,
          "z": 1.5690040588378906
        },
        "rotation_quaternion": {
          "w": 0.07730613648891449,
          "x": -0.9890854954719543,
          "y": 0.06915973126888275,
          "z": 0.10464539378881454
        },
        "matrix": [
          [
            0.9685327410697937,
            -0.15298928320407867,
            -0.19631339609622955,
            0.3337159752845764
          ],
          [
            -0.12063037604093552,
            -0.978481650352478,
            0.1673988401889801,
            -0.4151492714881897
          ],
          [
            -0.21770095825195312,
            -0.13845178484916687,
            -0.9661530256271362,
            1.5852267742156982
          ],
          [
            0.0,
            0.0,
            0.0,
            1.0
          ]
        ]
      },
      "bone_length_armature_space": 0.11717176965101225,
      "parent": "lowerarm_l",
      "has_children": true,
      "is_end_bone": false
    },
    "index_01_l": {
      "name": "index_01_l",
      "local": {
        "location": {
          "x": 0.0,
          "y": 0.0,
          "z": 0.0
        },
        "rotation_quaternion": {
          "w": 0.974290132522583,
          "x": 0.22483877837657928,
          "y": -0.005367532838135958,
          "z": 0.013326884247362614
        },
        "scale": {
          "x": 1.0,
          "y": 1.0,
          "z": 1.0
        },
        "matrix_basis": [
          [
            0.9995871782302856,
            -0.028382163494825363,
            -0.004466267768293619,
            0.0
          ],
          [
            0.0235548447817564,
            0.8985398411750793,
            -0.438259482383728,
            0.0
          ],
          [
            0.016451869159936905,
            0.43797335028648376,
            0.8988374471664429,
            0.0
          ],
          [
            0.0,
            0.0,
            0.0,
            1.0
          ]
        ],
        "rotation_mode": "QUATERNION"
      },
      "armature_space": {
        "head": {
          "x": 0.31578996777534485,
          "y": -0.5930436253547668,
          "z": 0.6191501021385193
        },
        "tail": {
          "x": 0.3185926377773285,
          "y": -0.617655873298645,
          "z": 0.6050271987915039
        }
      },
      "world_space": {
        "head": {
          "x": 0.31578996777534485,
          "y": -0.5297996401786804,
          "z": 1.5690040588378906
        },
        "tail": {
          "x": 0.3185926377773285,
          "y": -0.5544118881225586,
          "z": 1.55488121509552
        },
        "rotation_quaternion": {
          "w": 0.2494598776102066,
          "x": -0.9593794345855713,
          "y": -0.0787031501531601,
          "z": 0.10567344725131989
        },
        "matrix": [
          [
            0.9652780890464783,
            0.09828993678092957,
            -0.24202843010425568,
            0.31578996777534485
          ],
          [
            0.20373503863811493,
            -0.8631517291069031,
            0.4620191156864166,
            -0.5297996401786804
          ],
          [
            -0.16349638998508453,
            -0.4952907860279083,
            -0.8532117605209351,
            1.5690040588378906
          ],
          [
            0.0,
            0.0,
            0.0,
            1.0
          ]
        ]
      },
      "bone_length_armature_space": 0.028514454481471715,
      "parent": "metacarpal_index_l",
      "has_children": true,
      "is_end_bone": false
    },
    "index_02_l": {
      "name": "index_02_l",
      "local": {
        "location": {
          "x": 0.0,
          "y": 0.0,
          "z": 0.0
        },
        "rotation_quaternion": {
          "w": 0.9211658835411072,
          "x": 0.3890773057937622,
          "y": -0.004873831756412983,
          "z": -0.006958129350095987
        },
        "scale": {
          "x": 1.0,
          "y": 1.0,
          "z": 1.0
        },
        "matrix_basis": [
          [
            0.999855637550354,
            0.009026587940752506,
            -0.014393715187907219,
            0.0
          ],
          [
            -0.016611777245998383,
            0.6971408724784851,
            -0.716741681098938,
            0.0
          ],
          [
            0.0035647146869450808,
            0.716877281665802,
            0.6971901655197144,
            0.0
          ],
          [
            0.0,
            0.0,
            0.0,
            1.0
          ]
        ],
        "rotation_mode": "QUATERNION"
      },
      "armature_space": {
        "head": {
          "x": 0.318592369556427,
          "y": -0.6176561117172241,
          "z": 0.6050267219543457
        },
        "tail": {
          "x": 0.3157292604446411,
          "y": -0.6255380511283875,
          "z": 0.5807826519012451
        }
      },
      "world_space": {
        "head": {
          "x": 0.318592369556427,
          "y": -0.5544121265411377,
          "z": 1.5548807382583618
        },
        "tail": {
          "x": 0.3157292604446411,
          "y": -0.562294065952301,
          "z": 1.5306366682052612
        },
        "rotation_quaternion": {
          "w": 0.5862857103347778,
          "x": -0.7915347218513489,
          "y": -0.05142606422305107,
          "z": 0.16461220383644104
        },
        "matrix": [
          [
            0.9405168294906616,
            -0.11160837113857269,
            -0.3208925426006317,
            0.318592369556427
          ],
          [
            0.2744298279285431,
            -0.30724966526031494,
            0.9112005233764648,
            -0.5544121265411377
          ],
          [
            -0.20029285550117493,
            -0.9450685977935791,
            -0.2583456039428711,
            1.5548807382583618
          ],
          [
            0.0,
            0.0,
            0.0,
            1.0
          ]
        ]
      },
      "bone_length_armature_space": 0.025653406621697922,
      "parent": "index_01_l",
      "has_children": true,
      "is_end_bone": false
    },
    "index_03_l": {
      "name": "index_03_l",
      "local": {
        "location": {
          "x": 0.0,
          "y": 0.0,
          "z": 0.0
        },
        "rotation_quaternion": {
          "w": 0.9709749221801758,
          "x": 0.23906850814819336,
          "y": 0.006815055385231972,
          "z": 0.0027558745350688696
        },
        "scale": {
          "x": 1.0,
          "y": 1.0,
          "z": 1.0
        },
        "matrix_basis": [
          [
            0.9998919367790222,
            -0.0020932399202138186,
            0.014552181586623192,
            0.0
          ],
          [
            0.008610300719738007,
            0.8856772780418396,
            -0.4642214775085449,
            0.0
          ],
          [
            -0.0119168097153306,
            0.4642966091632843,
            0.8855996131896973,
            0.0
          ],
          [
            0.0,
            0.0,
            0.0,
            1.0
          ]
        ],
        "rotation_mode": "QUATERNION"
      },
      "armature_space": {
        "head": {
          "x": 0.3157292902469635,
          "y": -0.625538170337677,
          "z": 0.5807827115058899
        },
        "tail": {
          "x": 0.3109569251537323,
          "y": -0.6177975535392761,
          "z": 0.5530149340629578
        }
      },
      "world_space": {
        "head": {
          "x": 0.3157292902469635,
          "y": -0.5622941851615906,
          "z": 1.5306367874145508
        },
        "tail": {
          "x": 0.3109569251537323,
          "y": -0.5545535683631897,
          "z": 1.502868890762329
        },
        "rotation_quaternion": {
          "w": 0.7949531674385071,
          "x": -0.594332754611969,
          "y": -0.022584974765777588,
          "z": 0.11961600929498672
        },
        "matrix": [
          [
            0.9703638553619385,
            -0.16333246231079102,
            -0.17809224128723145,
            0.3157292902469635
          ],
          [
            0.21702508628368378,
            0.2649206221103668,
            0.9395304918289185,
            -0.5622941851615906
          ],
          [
            -0.10627608001232147,
            -0.9503430128097534,
            0.29251962900161743,
            1.5306367874145508
          ],
          [
            0.0,
            0.0,
            0.0,
            1.0
          ]
        ]
      },
      "bone_length_armature_space": 0.029218865199793474,
      "parent": "index_02_l",
      "has_children": false,
      "is_end_bone": true
    },
    "metacarpal_pinky_l": {
      "name": "metacarpal_pinky_l",
      "local": {
        "location": {
          "x": 0.0,
          "y": 0.0,
          "z": 0.0
        },
        "rotation_quaternion": {
          "w": 0.9996355175971985,
          "x": -0.02479519322514534,
          "y": 0.0017911470495164394,
          "z": -0.01052955910563469
        },
        "scale": {
          "x": 1.0,
          "y": 1.0,
          "z": 1.0
        },
        "matrix_basis": [
          [
            0.9997718334197998,
            0.02096261829137802,
            0.004103153478354216,
            0.0
          ],
          [
            -0.021140266209840775,
            0.9985486268997192,
            0.049534592777490616,
            0.0
          ],
          [
            -0.003058823524042964,
            -0.04961002990603447,
            0.9987639784812927,
            0.0
          ],
          [
            0.0,
            0.0,
            0.0,
            1.0
          ]
        ],
        "rotation_mode": "QUATERNION"
      },
      "armature_space": {
        "head": {
          "x": 0.3337159752845764,
          "y": -0.4783932566642761,
          "z": 0.6353727579116821
        },
        "tail": {
          "x": 0.3794361650943756,
          "y": -0.5711820721626282,
          "z": 0.6473358273506165
        }
      },
      "world_space": {
        "head": {
          "x": 0.3337159752845764,
          "y": -0.4151492714881897,
          "z": 1.5852267742156982
        },
        "tail": {
          "x": 0.3794361650943756,
          "y": -0.5079380869865417,
          "z": 1.5971899032592773
        },
        "rotation_quaternion": {
          "w": 0.23256883025169373,
          "x": 0.32302626967430115,
          "y": 0.019280239939689636,
          "z": -0.9171664118766785
        },
        "matrix": [
          [
            -0.6831316947937012,
            0.43906521797180176,
            -0.583569347858429,
            0.3337159752845764
          ],
          [
            -0.4141530394554138,
            -0.8910799026489258,
            -0.1856185495853424,
            -0.4151492714881897
          ],
          [
            -0.6015099883079529,
            0.11488500982522964,
            0.7905703186988831,
            1.5852267742156982
          ],
          [
            0.0,
            0.0,
            0.0,
            1.0
          ]
        ]
      },
      "bone_length_armature_space": 0.10413075977778777,
      "parent": "lowerarm_l",
      "has_children": true,
      "is_end_bone": false
    },
    "pinky_01_l": {
      "name": "pinky_01_l",
      "local": {
        "location": {
          "x": 0.0,
          "y": 0.0,
          "z": 0.0
        },
        "rotation_quaternion": {
          "w": 0.9412528872489929,
          "x": 0.3372482657432556,
          "y": 0.017460038885474205,
          "z": 0.0013547401176765561
        },
        "scale": {
          "x": 1.0,
          "y": 1.0,
          "z": 1.0
        },
        "matrix_basis": [
          [
            0.9993866086006165,
            0.009226429276168346,
            0.033782392740249634,
            0.0
          ],
          [
            0.014327041804790497,
            0.7725235223770142,
            -0.6348245143890381,
            0.0
          ],
          [
            -0.03195485472679138,
            0.6349191069602966,
            0.7719175219535828,
            0.0
          ],
          [
            0.0,
            0.0,
            0.0,
            1.0
          ]
        ],
        "rotation_mode": "QUATERNION"
      },
      "armature_space": {
        "head": {
          "x": 0.3794361650943756,
          "y": -0.5711820721626282,
          "z": 0.6473358273506165
        },
        "tail": {
