{
  "metadata": {
    "armature_name": "KIM_caucasian_male",
    "export_time": "2026-01-13T21:02:54.248153",
    "blender_version": "4.4.1",
    "bone_count": 56,
    "end_bone_count": 13,
    "spaces_included": [
      "LOCAL_CHANNELS",
      "ARMATURE_SPACE",
      "WORLD_SPACE"
    ],
    "note": "LOCAL matches Transform panel; replay pose via local.matrix_basis for best fidelity."
  },
  "bones": {
    "Root": {
      "name": "Root",
      "local": {
        "location": {
          "x": 0.0,
          "y": 0.0,
          "z": 0.0
        },
        "rotation_quaternion": {
          "w": 0.9998767375946045,
          "x": 0.009524771943688393,
          "y": 0.01096348837018013,
          "z": -0.005961536429822445
        },
        "scale": {
          "x": 1.0,
          "y": 1.0,
          "z": 1.0
        },
        "matrix_basis": [
          [
            0.9996885061264038,
            0.012130452319979668,
            0.021810708567500114,
            0.0
          ],
          [
            -0.011712754145264626,
            0.9997474551200867,
            -0.019177913665771484,
            0.0
          ],
          [
            -0.022037837654352188,
            0.018916476517915726,
            0.9995781779289246,
            0.0
          ],
          [
            0.0,
            0.0,
            0.0,
            1.0
          ]
        ],
        "rotation_mode": "QUATERNION"
      },
      "armature_space": {
        "head": {
          "x": 0.0,
          "y": 0.07072800397872925,
          "z": -0.009595036506652832
        },
        "tail": {
          "x": 0.0008658215519972146,
          "y": -0.00016363710165023804,
          "z": -0.0013403575867414474
        }
      },
      "world_space": {
        "head": {
          "x": 0.0,
          "y": 0.13397200405597687,
          "z": 0.9402589797973633
        },
        "tail": {
          "x": 0.0008658215519972146,
          "y": 0.06308036297559738,
          "z": 0.9485136866569519
        },
        "rotation_quaternion": {
          "w": 0.057856228202581406,
          "x": 0.9982469081878662,
          "y": 0.006686580833047628,
          "z": 0.010536965914070606
        },
        "matrix": [
          [
            0.9996885061264038,
            0.012130452319979668,
            0.021810708567500114,
            0.0
          ],
          [
            0.014568978920578957,
            -0.993215799331665,
            -0.11536915600299835,
            0.13397200405597687
          ],
          [
            0.020263416692614555,
            0.11565084010362625,
            -0.9930902719497681,
            0.9402589797973633
          ],
          [
            0.0,
            0.0,
            0.0,
            1.0
          ]
        ]
      },
      "bone_length_armature_space": 0.07137586518984709,
      "parent": null,
      "has_children": true,
      "is_end_bone": false
    },
    "spine_01": {
      "name": "spine_01",
      "local": {
        "location": {
          "x": 0.0,
          "y": 0.0,
          "z": 0.0
        },
        "rotation_quaternion": {
          "w": 0.9951076507568359,
          "x": 0.08516766130924225,
          "y": -0.04099006578326225,
          "z": 0.028757495805621147
        },
        "scale": {
          "x": 1.0,
          "y": 1.0,
          "z": 1.0
        },
        "matrix_basis": [
          [
            0.9949856400489807,
            -0.06421566754579544,
            -0.07668063789606094,
            0.0
          ],
          [
            0.0502515509724617,
            0.9838389754295349,
            -0.1718595325946808,
            0.0
          ],
          [
            0.08647747337818146,
            0.16714443266391754,
            0.9821325540542603,
            0.0
          ],
          [
            0.0,
            0.0,
            0.0,
            1.0
          ]
        ],
        "rotation_mode": "QUATERNION"
      },
      "armature_space": {
        "head": {
          "x": 0.0008658215519972146,
          "y": -0.00016363710165023804,
          "z": -0.0013403575867414474
        },
        "tail": {
          "x": -0.039238352328538895,
          "y": -0.06892020255327225,
          "z": 0.48012882471084595
        }
      },
      "world_space": {
        "head": {
          "x": 0.0008658215519972146,
          "y": 0.06308036297559738,
          "z": 0.9485136866569519
        },
        "tail": {
          "x": -0.039238352328538895,
          "y": -0.005676202476024628,
          "z": 1.4299829006195068
        },
        "rotation_quaternion": {
          "w": 0.6534498333930969,
          "x": 0.755266547203064,
          "y": -0.05055667459964752,
          "z": 0.004447832703590393
        },
        "matrix": [
          [
            0.9948484301567078,
            -0.08218047767877579,
            -0.05935438722372055,
            0.0008658215519972146
          ],
          [
            -0.07055512070655823,
            -0.14089424908161163,
            -0.9875073432922363,
            0.06308036297559738
          ],
          [
            0.07279156893491745,
            0.9866147041320801,
            -0.14596864581108093,
            0.9485136866569519
          ],
          [
            0.0,
            0.0,
            0.0,
            1.0
          ]
        ]
      },
      "bone_length_armature_space": 0.4880044992075336,
      "parent": "Root",
      "has_children": true,
      "is_end_bone": false
    },
    "neck_01": {
      "name": "neck_01",
      "local": {
        "location": {
          "x": 0.0,
          "y": 0.0,
          "z": 0.0
        },
        "rotation_quaternion": {
          "w": 0.9873616695404053,
          "x": -0.10127381980419159,
          "y": 0.038022853434085846,
          "z": 0.11582241952419281
        },
        "scale": {
          "x": 1.0,
          "y": 1.0,
          "z": 1.0
        },
        "matrix_basis": [
          [
            0.9702788591384888,
            -0.236418679356575,
            0.05162505805492401,
            0.0
          ],
          [
            0.2210157960653305,
            0.9526575803756714,
            0.20879557728767395,
            0.0
          ],
          [
            -0.0985441729426384,
            -0.19117997586727142,
            0.9765957593917847,
            0.0
          ],
          [
            0.0,
            0.0,
            0.0,
            1.0
          ]
        ],
        "rotation_mode": "QUATERNION"
      },
      "armature_space": {
        "head": {
          "x": -0.04731391742825508,
          "y": -0.11348345130681992,
          "z": 0.5473049879074097
        },
        "tail": {
          "x": -0.08055467903614044,
          "y": -0.1442541480064392,
          "z": 0.6392775774002075
        }
      },
      "world_space": {
        "head": {
          "x": -0.04731391742825508,
          "y": -0.050239451229572296,
          "z": 1.4971590042114258
        },
        "tail": {
          "x": -0.08055467903614044,
          "y": -0.08101014792919159,
          "z": 1.5891315937042236
        },
        "rotation_quaternion": {
          "w": 0.5767322182655334,
          "x": 0.8002244830131531,
          "y": -0.13156729936599731,
          "z": 0.09854279458522797
        },
        "matrix": [
          [
            0.9459586143493652,
            -0.32423266768455505,
            0.005952894687652588,
            -0.04731391742825508
          ],
          [
            -0.09690272808074951,
            -0.30013951659202576,
            -0.9489606618881226,
            -0.050239451229572296
          ],
          [
            0.30947279930114746,
            0.8971066474914551,
            -0.3153417408466339,
            1.4971590042114258
          ],
          [
            0.0,
            0.0,
            0.0,
            1.0
          ]
        ]
      },
      "bone_length_armature_space": 0.10252190542869516,
      "parent": "spine_01",
      "has_children": true,
      "is_end_bone": false
    },
    "head": {
      "name": "head",
      "local": {
        "location": {
          "x": 0.0,
          "y": 0.0,
          "z": 0.0
        },
        "rotation_quaternion": {
          "w": 0.9719223976135254,
          "x": -0.10421345382928848,
          "y": -0.11260875314474106,
          "z": -0.17839783430099487
        },
        "scale": {
          "x": 1.0,
          "y": 1.0,
          "z": 1.0
        },
        "matrix_basis": [
          [
            0.9109869599342346,
            0.370248407125473,
            -0.18171103298664093,
            0.0
          ],
          [
            -0.32330700755119324,
            0.9146275520324707,
            0.24275308847427368,
            0.0
          ],
          [
            0.256076842546463,
            -0.16239646077156067,
            0.9529176354408264,
            0.0
          ],
          [
            0.0,
            0.0,
            0.0,
            1.0
          ]
        ],
        "rotation_mode": "QUATERNION"
      },
      "armature_space": {
        "head": {
          "x": -0.08055466413497925,
          "y": -0.14425428211688995,
          "z": 0.639277458190918
        },
        "tail": {
          "x": -0.06665423512458801,
          "y": -0.11600393056869507,
          "z": 0.7911392450332642
        }
      },
      "world_space": {
        "head": {
          "x": -0.08055466413497925,
          "y": -0.08101028203964233,
          "z": 1.589131474494934
        },
        "tail": {
          "x": -0.06665423512458801,
          "y": -0.05275993049144745,
          "z": 1.7409932613372803
        },
        "rotation_quaternion": {
          "w": 0.7607582807540894,
          "x": 0.6217183470726013,
          "y": -0.11101316660642624,
          "z": -0.14963078498840332
        },
        "matrix": [
          [
            0.9305733442306519,
            0.08962802588939667,
            -0.3549651503562927,
            -0.08055466413497925
          ],
          [
            -0.3657039701938629,
            0.1821543276309967,
            -0.9127324819564819,
            -0.08101028203964233
          ],
          [
            -0.01714847981929779,
            0.9791837334632874,
            0.20228582620620728,
            1.589131474494934
          ],
          [
            0.0,
            0.0,
            0.0,
            1.0
          ]
        ]
      },
      "bone_length_armature_space": 0.15509128354458876,
      "parent": "neck_01",
      "has_children": false,
      "is_end_bone": true
    },
    "upperarm_l": {
      "name": "upperarm_l",
      "local": {
        "location": {
          "x": 0.0,
          "y": 0.0,
          "z": 0.0
        },
        "rotation_quaternion": {
          "w": 0.9226514101028442,
          "x": 0.06524820625782013,
          "y": 0.3757510483264923,
          "z": 0.057167936116456985
        },
        "scale": {
          "x": 1.0,
          "y": 1.0,
          "z": 1.0
        },
        "matrix_basis": [
          [
            0.7110859751701355,
            -0.056457988917827606,
            0.7008346915245056,
            0.0
          ],
          [
            0.15452632308006287,
            0.984948992729187,
            -0.07744087278842926,
            0.0
          ],
          [
            -0.6859142780303955,
            0.16336452960968018,
            0.7091076374053955,
            0.0
          ],
          [
            0.0,
            0.0,
            0.0,
            1.0
          ]
        ],
        "rotation_mode": "QUATERNION"
      },
      "armature_space": {
        "head": {
          "x": 0.1072472333908081,
          "y": -0.11774682253599167,
          "z": 0.4914500415325165
        },
        "tail": {
          "x": 0.36890316009521484,
          "y": -0.17099390923976898,
          "z": 0.5140008926391602
        }
      },
      "world_space": {
        "head": {
          "x": 0.1072472333908081,
          "y": -0.05450282245874405,
          "z": 1.441304087638855
        },
        "tail": {
          "x": 0.36890316009521484,
          "y": -0.10774990916252136,
          "z": 1.4638549089431763
        },
        "rotation_quaternion": {
          "w": 0.22289489209651947,
          "x": 0.7453228831291199,
          "y": 0.5924221277236938,
          "z": -0.20939862728118896
        },
        "matrix": [
          [
            0.2103758603334427,
            0.9764394760131836,
            -0.048041000962257385,
            0.1072472333908081
          ],
          [
            0.7897438406944275,
            -0.19870583713054657,
            -0.5803626775741577,
            -0.05450282245874405
          ],
          [
            -0.5762382745742798,
            0.08415453135967255,
            -0.8129462003707886,
            1.441304087638855
          ],
          [
            0.0,
            0.0,
            0.0,
            1.0
          ]
        ]
      },
      "bone_length_armature_space": 0.267969434644489,
      "parent": "spine_01",
      "has_children": true,
      "is_end_bone": false
    },
    "lowerarm_l": {
      "name": "lowerarm_l",
      "local": {
        "location": {
          "x": 0.0,
          "y": 0.0,
          "z": 0.0
        },
        "rotation_quaternion": {
          "w": 0.8236615061759949,
          "x": 0.450603187084198,
          "y": -0.21092067658901215,
          "z": 0.2721230089664459
        },
        "scale": {
          "x": 1.0,
          "y": 1.0,
          "z": 1.0
        },
        "matrix_basis": [
          [
            0.7629230618476868,
            -0.6383575797080994,
            -0.1022154912352562,
            0.0
          ],
          [
            0.25819143652915955,
            0.4458116590976715,
            -0.8570817112922668,
            0.0
          ],
          [
            0.5926934480667114,
            0.6274962425231934,
            0.5049384832382202,
            0.0
          ],
          [
            0.0,
            0.0,
            0.0,
            1.0
          ]
        ],
        "rotation_mode": "QUATERNION"
      },
      "armature_space": {
        "head": {
          "x": 0.3689032196998596,
          "y": -0.17099405825138092,
          "z": 0.5140009522438049
        },
        "tail": {
          "x": 0.4053778648376465,
          "y": -0.43600738048553467,
          "z": 0.511375904083252
        }
      },
      "world_space": {
        "head": {
          "x": 0.3689032196998596,
          "y": -0.1077500581741333,
          "z": 1.4638550281524658
        },
        "tail": {
          "x": 0.4053778648376465,
          "y": -0.37276339530944824,
          "z": 1.461229920387268
        },
        "rotation_quaternion": {
          "w": 0.03570081293582916,
          "x": 0.8119636178016663,
          "y": 0.05847007781267166,
          "z": -0.5796738862991333
        },
        "matrix": [
          [
            0.3211188018321991,
            0.13634133338928223,
            -0.937173068523407,
            0.3689032196998596
          ],
          [
            0.05356130003929138,
            -0.9906133413314819,
            -0.12576347589492798,
            -0.1077500581741333
          ],
          [
            -0.945529580116272,
            -0.009812355041503906,
            -0.32540959119796753,
            1.4638550281524658
          ],
          [
            0.0,
            0.0,
            0.0,
            1.0
          ]
        ]
      },
      "bone_length_armature_space": 0.26752450659673543,
      "parent": "upperarm_l",
      "has_children": true,
      "is_end_bone": false
    },
    "metacarpal_thumb_l": {
      "name": "metacarpal_thumb_l",
      "local": {
        "location": {
          "x": 0.0,
          "y": 0.0,
          "z": 0.0
        },
        "rotation_quaternion": {
          "w": 0.9990763664245605,
          "x": -0.04256151616573334,
          "y": 0.005592535249888897,
          "z": 0.0019145144615322351
        },
        "scale": {
          "x": 1.0,
          "y": 1.0,
          "z": 1.0
        },
        "matrix_basis": [
          [
            0.9999301433563232,
            -0.004301545675843954,
            0.011011769995093346,
            0.0
          ],
          [
            0.003349438775330782,
            0.9963697195053101,
            0.0850658267736435,
            0.0
          ],
          [
            -0.011337708681821823,
            -0.08502299338579178,
            0.9963144659996033,
            0.0
          ],
          [
            0.0,
            0.0,
            0.0,
            1.0
          ]
        ],
        "rotation_mode": "QUATERNION"
      },
      "armature_space": {
        "head": {
          "x": 0.4053778648376465,
          "y": -0.43600738048553467,
          "z": 0.511375904083252
        },
        "tail": {
          "x": 0.38476869463920593,
          "y": -0.4786342978477478,
          "z": 0.496822714805603
        }
      },
      "world_space": {
        "head": {
          "x": 0.4053778648376465,
          "y": -0.37276339530944824,
          "z": 1.461229920387268
        },
        "tail": {
          "x": 0.38476869463920593,
          "y": -0.4153903126716614,
          "z": 1.4466767311096191
        },
        "rotation_quaternion": {
          "w": 0.12073025852441788,
          "x": -0.9550815224647522,
          "y": 0.23482327163219452,
          "z": -0.13454262912273407
        },
        "matrix": [
          [
            0.8535122871398926,
            -0.41606405377388,
            0.3136990964412689,
            0.4053778648376465
          ],
          [
            -0.4810374677181244,
            -0.8605645298957825,
            0.1674259454011917,
            -0.37276339530944824
          ],
          [
            0.20029929280281067,
            -0.2938040792942047,
            -0.9346513748168945,
            1.461229920387268
          ],
          [
            0.0,
            0.0,
            0.0,
            1.0
          ]
        ]
      },
      "bone_length_armature_space": 0.04953369886797891,
      "parent": "lowerarm_l",
      "has_children": true,
      "is_end_bone": false
    },
    "thumb_01_l": {
      "name": "thumb_01_l",
      "local": {
        "location": {
          "x": 0.0,
          "y": 0.0,
          "z": 0.0
        },
        "rotation_quaternion": {
          "w": 0.9978419542312622,
          "x": 0.06256424635648727,
          "y": -0.011414180509746075,
          "z": -0.016340915113687515
        },
        "scale": {
          "x": 1.0,
          "y": 1.0,
          "z": 1.0
        },
        "matrix_basis": [
          [
            0.9992054104804993,
            0.031183062121272087,
            -0.024823810905218124,
            0.0
          ],
          [
            -0.03403954207897186,
            0.9916374087333679,
            -0.12448542565107346,
            0.0
          ],
          [
            0.020734382793307304,
            0.12523148953914642,
            0.9919108748435974,
            0.0
          ],
          [
            0.0,
            0.0,
            0.0,
            1.0
          ]
        ],
        "rotation_mode": "QUATERNION"
      },
      "armature_space": {
        "head": {
          "x": 0.38476869463920593,
          "y": -0.4786342978477478,
          "z": 0.496822714805603
        },
        "tail": {
          "x": 0.38288548588752747,
          "y": -0.49473193287849426,
          "z": 0.4668901562690735
        }
      },
      "world_space": {
        "head": {
          "x": 0.38476869463920593,
          "y": -0.4153903126716614,
          "z": 1.4466767311096191
        },
        "tail": {
          "x": 0.38288548588752747,
          "y": -0.43148791790008545,
          "z": 1.4167442321777344
        },
        "rotation_quaternion": {
          "w": 0.2356216013431549,
          "x": -0.4409821033477783,
          "y": 0.45609351992607117,
          "z": -0.7362037301063538
        },
        "matrix": [
          [
            -0.5000354051589966,
            -0.055325448513031006,
            0.8642356991767883,
            0.38476869463920593
          ],
          [
            -0.7491883635520935,
            -0.47292327880859375,
            -0.46374571323394775,
            -0.4153903126716614
          ],
          [
            0.43437647819519043,
            -0.8793715834617615,
            0.1950300931930542,
            1.4466767311096191
          ],
          [
            0.0,
            0.0,
            0.0,
            1.0
          ]
        ]
      },
      "bone_length_armature_space": 0.03403877731944941,
      "parent": "metacarpal_thumb_l",
      "has_children": true,
      "is_end_bone": false
    },
    "thumb_02_l": {
      "name": "thumb_02_l",
      "local": {
        "location": {
          "x": 0.0,
          "y": 0.0,
          "z": 0.0
        },
        "rotation_quaternion": {
          "w": 0.9866183996200562,
          "x": 0.1630246490240097,
          "y": 0.002626291010528803,
          "z": -0.0006116613512858748
        },
        "scale": {
          "x": 1.0,
          "y": 1.0,
          "z": 1.0
        },
        "matrix_basis": [
          [
            0.9999854564666748,
            0.0020632529631257057,
            0.004982862155884504,
            0.0
          ],
          [
            -0.0003506523498799652,
            0.9468451738357544,
            -0.3216894567012787,
            0.0
          ],
          [
            -0.00538172572851181,
            0.32168301939964294,
            0.9468321204185486,
            0.0
          ],
          [
            0.0,
            0.0,
            0.0,
            1.0
          ]
        ],
        "rotation_mode": "QUATERNION"
      },
      "armature_space": {
        "head": {
          "x": 0.38288548588752747,
          "y": -0.4947318732738495,
          "z": 0.4668901562690735
        },
        "tail": {
          "x": 0.3931135833263397,
          "y": -0.5319916605949402,
          "z": 0.4778570830821991
        }
      },
      "world_space": {
        "head": {
          "x": 0.38288548588752747,
          "y": -0.4314878582954407,
          "z": 1.4167442321777344
        },
        "tail": {
          "x": 0.3931135833263397,
          "y": -0.46874767541885376,
          "z": 1.4277111291885376
        },
        "rotation_quaternion": {
          "w": 0.1118999570608139,
          "x": -0.11888609826564789,
          "y": -0.1537439227104187,
          "z": -0.9745292663574219
        },
        "matrix": [
          [
            -0.9466888308525085,
            0.25465577840805054,
            0.1973077654838562,
            0.38288548588752747
          ],
          [
            -0.18154345452785492,
            -0.927682101726532,
            0.3262631297111511,
            -0.4314878582954407
          ],
          [
            0.26612547039985657,
            0.2730507254600525,
            0.9244644641876221,
            1.4167442321777344
          ],
          [
            0.0,
            0.0,
            0.0,
            1.0
          ]
        ]
      },
      "bone_length_armature_space": 0.040164401876457215,
      "parent": "thumb_01_l",
      "has_children": true,
      "is_end_bone": false
    },
    "thumb_03_l": {
      "name": "thumb_03_l",
      "local": {
        "location": {
          "x": 0.0,
          "y": 0.0,
          "z": 0.0
        },
        "rotation_quaternion": {
          "w": 0.9966006278991699,
          "x": 0.08217420428991318,
          "y": 0.005650363862514496,
          "z": -0.001654844731092453
        },
        "scale": {
          "x": 1.0,
          "y": 1.0,
          "z": 1.0
        },
        "matrix_basis": [
          [
            0.9999306797981262,
            0.00422706687822938,
            0.010990341193974018,
            0.0
          ],
          [
            -0.0023698103614151478,
            0.9864892959594727,
            -0.1638084352016449,
            0.0
          ],
          [
            -0.011534283868968487,
            0.16377103328704834,
            0.9864309430122375,
            0.0
          ],
          [
            0.0,
            0.0,
            0.0,
            1.0
          ]
        ],
        "rotation_mode": "QUATERNION"
      },
      "armature_space": {
        "head": {
          "x": 0.39311352372169495,
          "y": -0.5319916605949402,
          "z": 0.4778570234775543
        },
        "tail": {
          "x": 0.4052678346633911,
          "y": -0.5529638528823853,
          "z": 0.4962780475616455
        }
      },
      "world_space": {
        "head": {
          "x": 0.39311352372169495,
          "y": -0.46874767541885376,
          "z": 1.427711009979248
        },
        "tail": {
          "x": 0.4052678346633911,
          "y": -0.48971986770629883,
          "z": 1.4461320638656616
        },
        "rotation_quaternion": {
          "w": 0.24820688366889954,
          "x": 0.08935903012752533,
          "y": -0.3065357506275177,
          "z": -0.9145731925964355
        },
        "matrix": [
          [
            -0.8608161211013794,
            0.3992234468460083,
            -0.3156200051307678,
            0.39311352372169495
          ],
          [
            -0.5087906718254089,
            -0.6888578534126282,
            0.5163396596908569,
            -0.46874767541885376
          ],
          [
            -0.01128302700817585,
            0.6050616502761841,
            0.7961075305938721,
            1.427711009979248
          ],
          [
            0.0,
            0.0,
            0.0,
            1.0
          ]
        ]
      },
      "bone_length_armature_space": 0.030444938277822457,
      "parent": "thumb_02_l",
      "has_children": false,
      "is_end_bone": true
    },
    "metacarpal_index_l": {
      "name": "metacarpal_index_l",
      "local": {
        "location": {
          "x": 0.0,
          "y": 0.0,
          "z": 0.0
        },
        "rotation_quaternion": {
          "w": 0.998812198638916,
          "x": -0.0486002117395401,
          "y": -0.003168881870806217,
          "z": -0.0015497474232688546
        },
        "scale": {
          "x": 1.0,
          "y": 1.0,
          "z": 1.0
        },
        "matrix_basis": [
          [
            0.9999750852584839,
            0.003403829876333475,
            -0.006179599557071924,
            0.0
          ],
          [
            -0.0027877965476363897,
            0.9952712059020996,
            0.09709478914737701,
            0.0
          ],
          [
            0.006480871699750423,
            -0.09707514941692352,
            0.9952559471130371,
            0.0
          ],
          [
            0.0,
            0.0,
            0.0,
            1.0
          ]
        ],
        "rotation_mode": "QUATERNION"
      },
      "armature_space": {
        "head": {
          "x": 0.4053778648376465,
          "y": -0.43600738048553467,
          "z": 0.511375904083252
        },
        "tail": {
          "x": 0.3925980031490326,
          "y": -0.5522284507751465,
          "z": 0.5037239193916321
        }
      },
      "world_space": {
        "head": {
          "x": 0.4053778648376465,
          "y": -0.37276339530944824,
          "z": 1.461229920387268
        },
        "tail": {
          "x": 0.3925980031490326,
          "y": -0.48898446559906006,
          "z": 1.453577995300293
        },
        "rotation_quaternion": {
          "w": 0.04070710763335228,
          "x": -0.9861801266670227,
          "y": 0.0489857979118824,
          "z": 0.15294471383094788
        },
        "matrix": [
          [
            0.9484164714813232,
            -0.10906952619552612,
            -0.2976738214492798,
            0.4053778648376465
          ],
          [
            -0.0841657891869545,
            -0.9918866157531738,
            0.09527283906936646,
            -0.37276339530944824
          ],
          [
            -0.30565235018730164,
            -0.06530589610338211,
            -0.9499081969261169,
            1.461229920387268
          ],
          [
            0.0,
            0.0,
            0.0,
            1.0
          ]
        ]
      },
      "bone_length_armature_space": 0.11717173310721218,
      "parent": "lowerarm_l",
      "has_children": true,
      "is_end_bone": false
    },
    "index_01_l": {
      "name": "index_01_l",
      "local": {
        "location": {
          "x": 0.0,
          "y": 0.0,
          "z": 0.0
        },
        "rotation_quaternion": {
          "w": 0.9967001676559448,
          "x": -0.08071751892566681,
          "y": -0.00786770973354578,
          "z": 0.0034117340110242367
        },
        "scale": {
          "x": 1.0,
          "y": 1.0,
          "z": 1.0
        },
        "matrix_basis": [
          [
            0.9998528957366943,
            -0.005530827678740025,
            -0.016234269365668297,
            0.0
          ],
          [
            0.00807107612490654,
            0.9869461059570312,
            0.16084864735603333,
            0.0
          ],
          [
            0.01513272151350975,
            -0.160956010222435,
            0.9868455529212952,
            0.0
          ],
          [
            0.0,
            0.0,
            0.0,
            1.0
          ]
        ],
        "rotation_mode": "QUATERNION"
      },
      "armature_space": {
        "head": {
          "x": 0.3925980031490326,
          "y": -0.5522284507751465,
          "z": 0.5037239193916321
        },
        "tail": {
          "x": 0.40106528997421265,
          "y": -0.5792476534843445,
          "z": 0.5070911049842834
        }
      },
      "world_space": {
        "head": {
          "x": 0.3925980031490326,
          "y": -0.48898446559906006,
          "z": 1.453577995300293
        },
        "tail": {
          "x": 0.40106528997421265,
          "y": -0.5160036683082581,
          "z": 1.4569451808929443
        },
        "rotation_quaternion": {
          "w": 0.07853078842163086,
          "x": 0.978748083114624,
          "y": 0.14160175621509552,
          "z": -0.12583325803279877
        },
        "matrix": [
          [
            0.9282297492027283,
            0.29694849252700806,
            -0.22407779097557068,
            0.3925980031490326
          ],
          [
            0.2574213445186615,
            -0.9475634694099426,
            -0.1893608570098877,
            -0.48898446559906006
          ],
          [
            -0.2685600221157074,
            0.1180877834558487,
            -0.9560044407844543,
            1.453577995300293
          ],
          [
            0.0,
            0.0,
            0.0,
            1.0
          ]
        ]
      },
      "bone_length_armature_space": 0.02851438624007351,
      "parent": "metacarpal_index_l",
      "has_children": true,
      "is_end_bone": false
    },
    "index_02_l": {
      "name": "index_02_l",
      "local": {
        "location": {
          "x": 0.0,
          "y": 0.0,
          "z": 0.0
        },
        "rotation_quaternion": {
          "w": 0.9867100715637207,
          "x": 0.16225415468215942,
          "y": 0.008751721121370792,
          "z": -0.0005077137029729784
        },
        "scale": {
          "x": 1.0,
          "y": 1.0,
          "z": 1.0
        },
        "matrix_basis": [
          [
            0.9998462796211243,
            0.0038419386837631464,
            0.017106065526604652,
            0.0
          ],
          [
            0.0018380738329142332,
            0.9473466873168945,
            -0.320204496383667,
            0.0
          ],
          [
            -0.017435580492019653,
            0.3201867341995239,
            0.94719398021698,
            0.0
          ],
          [
            0.0,
            0.0,
            0.0,
            1.0
          ]
        ],
        "rotation_mode": "QUATERNION"
      },
      "armature_space": {
        "head": {
          "x": 0.4010651409626007,
          "y": -0.5792481303215027,
          "z": 0.5070909261703491
        },
        "tail": {
          "x": 0.4070117175579071,
          "y": -0.6038435101509094,
          "z": 0.5028725266456604
        }
      },
      "world_space": {
        "head": {
          "x": 0.4010651409626007,
          "y": -0.5160041451454163,
          "z": 1.4569449424743652
        },
        "tail": {
          "x": 0.4070117175579071,
          "y": -0.540599524974823,
          "z": 1.4527266025543213
        },
        "rotation_quaternion": {
          "w": 0.06156917288899422,
          "x": -0.9747198224067688,
          "y": -0.12972158193588257,
          "z": 0.1711806207895279
        },
        "matrix": [
          [
            0.9077387452125549,
            0.23180560767650604,
            -0.34967994689941406,
            0.4010651409626007
          ],
          [
            0.2739633023738861,
            -0.9587630033493042,
            0.07561281323432922,
            -0.5160041451454163
          ],
          [
            -0.3177347481250763,
            -0.1644384115934372,
            -0.9338192343711853,
            1.4569449424743652
          ],
          [
            0.0,
            0.0,
            0.0,
            1.0
          ]
        ]
      },
      "bone_length_armature_space": 0.02565325296717942,
      "parent": "index_01_l",
      "has_children": true,
      "is_end_bone": false
    },
    "index_03_l": {
      "name": "index_03_l",
      "local": {
        "location": {
          "x": 0.0,
          "y": 0.0,
          "z": 0.0
        },
        "rotation_quaternion": {
          "w": 0.9768708944320679,
          "x": 0.21370123326778412,
          "y": 0.00654252152889967,
          "z": 0.0035116374492645264
        },
        "scale": {
          "x": 1.0,
          "y": 1.0,
          "z": 1.0
        },
        "matrix_basis": [
          [
            0.9998897314071655,
            -0.004064543172717094,
            0.01428327988833189,
            0.0
          ],
          [
            0.009657123126089573,
            0.9086388945579529,
            -0.4174710810184479,
            0.0
          ],
          [
            -0.011281515471637249,
            0.41756299138069153,
            0.9085779786109924,
            0.0
          ],
          [
            0.0,
            0.0,
            0.0,
            1.0
          ]
        ],
        "rotation_mode": "QUATERNION"
      },
      "armature_space": {
        "head": {
          "x": 0.4070117473602295,
          "y": -0.6038435101509094,
          "z": 0.50287264585495
        },
        "tail": {
          "x": 0.41061651706695557,
          "y": -0.6260544657707214,
          "z": 0.4842334985733032
        }
      },
      "world_space": {
        "head": {
          "x": 0.4070117473602295,
          "y": -0.540599524974823,
          "z": 1.4527266025543213
        },
        "tail": {
          "x": 0.41061651706695557,
          "y": -0.562810480594635,
          "z": 1.4340875148773193
        },
        "rotation_quaternion": {
          "w": 0.3231675326824188,
          "x": -0.9235537052154541,
          "y": -0.12442674487829208,
          "z": 0.16470973193645477
        },
        "matrix": [
          [
            0.9147771596908569,
            0.12337218225002289,
            -0.3846578598022461,
            0.4070117473602295
          ],
          [
            0.33628737926483154,
            -0.760161817073822,
            0.5559356808662415,
            -0.540599524974823
          ],
          [
            -0.22381646931171417,
            -0.6379182934761047,
            -0.7368718981742859,
            1.4527266025543213
          ],
          [
            0.0,
            0.0,
            0.0,
            1.0
          ]
        ]
      },
      "bone_length_armature_space": 0.029218808097313646,
      "parent": "index_02_l",
      "has_children": false,
      "is_end_bone": true
    },
    "metacarpal_pinky_l": {
      "name": "metacarpal_pinky_l",
      "local": {
        "location": {
          "x": 0.0,
          "y": 0.0,
          "z": 0.0
        },
        "rotation_quaternion": {
          "w": 0.9996764659881592,
          "x": 0.015869250521063805,
          "y": 0.012330755591392517,
          "z": -0.01559068076312542
        },
        "scale": {
          "x": 1.0,
          "y": 1.0,
          "z": 1.0
        },
        "matrix_basis": [
          [
            0.9992097616195679,
            0.03156263381242752,
            0.02415870688855648,
            0.0
          ],
          [
            -0.030779913067817688,
            0.9990102052688599,
            -0.0321127213537693,
            0.0
          ],
          [
            -0.025148356333374977,
            0.031343743205070496,
            0.9991922378540039,
            0.0
          ],
          [
            0.0,
            0.0,
            0.0,
            1.0
          ]
        ],
        "rotation_mode": "QUATERNION"
      },
      "armature_space": {
        "head": {
          "x": 0.4053778648376465,
          "y": -0.43600738048553467,
          "z": 0.511375904083252
        },
        "tail": {
          "x": 0.4445129632949829,
          "y": -0.5320197939872742,
          "z": 0.521033763885498
        }
      },
      "world_space": {
        "head": {
          "x": 0.4053778648376465,
          "y": -0.37276339530944824,
          "z": 1.461229920387268
        },
        "tail": {
          "x": 0.4445129632949829,
          "y": -0.46877580881118774,
          "z": 1.4708877801895142
        },
        "rotation_quaternion": {
          "w": 0.19685079157352448,
          "x": 0.30747440457344055,
          "y": 0.015204140916466713,
          "z": -0.9308480620384216
        },
        "matrix": [
          [
            -0.733418345451355,
            0.37582647800445557,
            -0.5664376616477966,
            0.4053778648376465
          ],
          [
            -0.3571271002292633,
            -0.9220369458198547,
            -0.14935892820358276,
            -0.37276339530944824
          ],
          [
            -0.5784139633178711,
            0.09274730086326599,
            0.8104621767997742,
            1.461229920387268
          ],
          [
            0.0,
            0.0,
            0.0,
            1.0
          ]
        ]
      },
      "bone_length_armature_space": 0.10413075306995277,
      "parent": "lowerarm_l",
      "has_children": true,
      "is_end_bone": false
    },
    "pinky_01_l": {
      "name": "pinky_01_l",
      "local": {
        "location": {
          "x": 0.0,
          "y": 0.0,
          "z": 0.0
        },
        "rotation_quaternion": {
          "w": 0.9995655417442322,
          "x": 0.015610413625836372,
          "y": 0.02228180691599846,
          "z": 0.011338714510202408
        },
        "scale": {
          "x": 1.0,
          "y": 1.0,
          "z": 1.0
        },
        "matrix_basis": [
          [
            0.9987499117851257,
            -0.021971920505166054,
            0.04489825665950775,
            0.0
          ],
          [
            0.023363232612609863,
            0.9992554783821106,
            -0.03070196881890297,
            0.0
          ],
          [
            -0.04419025033712387,
            0.03171255812048912,
            0.9985196590423584,
            0.0
          ],
          [
            0.0,
            0.0,
            0.0,
            1.0
          ]
        ],
        "rotation_mode": "QUATERNION"
      },
      "armature_space": {
        "head": {
          "x": 0.4445129632949829,
          "y": -0.5320197939872742,
          "z": 0.521033763885498
        },
        "tail": {
