{
  "metadata": {
    "armature_name": "KIM_caucasian_male",
    "export_time": "2026-01-13T21:13:06.314562",
    "blender_version": "4.4.1",
    "bone_count": 56,
    "end_bone_count": 13,
    "spaces_included": [
      "LOCAL_CHANNELS",
      "ARMATURE_SPACE",
      "WORLD_SPACE"
    ],
    "note": "LOCAL matches Transform panel; replay pose via local.matrix_basis for best fidelity."
  },
  "bones": {
    "Root": {
      "name": "Root",
      "local": {
        "location": {
          "x": 0.0,
          "y": 0.0,
          "z": 0.0
        },
        "rotation_quaternion": {
          "w": 0.999891996383667,
          "x": -0.00360273034311831,
          "y": 0.01189277321100235,
          "z": 0.007845905609428883
        },
        "scale": {
          "x": 1.0,
          "y": 1.0,
          "z": 1.0
        },
        "matrix_basis": [
          [
            0.9995940327644348,
            -0.015775809064507484,
            0.0237264446914196,
            0.0
          ],
          [
            0.015604423359036446,
            0.9998509287834167,
            0.007391301449388266,
            0.0
          ],
          [
            -0.02383951097726822,
            -0.0070180632174015045,
            0.9996911883354187,
            0.0
          ],
          [
            0.0,
            0.0,
            0.0,
            1.0
          ]
        ],
        "rotation_mode": "QUATERNION"
      },
      "armature_space": {
        "head": {
          "x": 0.0,
          "y": 0.07072800397872925,
          "z": -0.009595036506652832
        },
        "tail": {
          "x": -0.0011260120663791895,
          "y": 7.788091897964478e-05,
          "z": 0.000494946725666523
        }
      },
      "world_space": {
        "head": {
          "x": 0.0,
          "y": 0.13397200405597687,
          "z": 0.9402589797973633
        },
        "tail": {
          "x": -0.0011260120663791895,
          "y": 0.06332188099622726,
          "z": 0.950348973274231
        },
        "rotation_quaternion": {
          "w": 0.07095493376255035,
          "x": 0.997377872467041,
          "y": -0.007026891224086285,
          "z": 0.012394320219755173
        },
        "matrix": [
          [
            0.9995940327644348,
            -0.015775809064507484,
            0.0237264446914196,
            0.0
          ],
          [
            -0.012258047237992287,
            -0.9898320436477661,
            -0.14171239733695984,
            0.13397200405597687
          ],
          [
            0.02572098933160305,
            0.14136406779289246,
            -0.9896305799484253,
            0.9402589797973633
          ],
          [
            0.0,
            0.0,
            0.0,
            1.0
          ]
        ]
      },
      "bone_length_armature_space": 0.0713758766368371,
      "parent": null,
      "has_children": true,
      "is_end_bone": false
    },
    "spine_01": {
      "name": "spine_01",
      "local": {
        "location": {
          "x": 0.0,
          "y": 0.0,
          "z": 0.0
        },
        "rotation_quaternion": {
          "w": 0.9983445405960083,
          "x": 0.01636079140007496,
          "y": 0.04988982155919075,
          "z": 0.023484427481889725
        },
        "scale": {
          "x": 1.0,
          "y": 1.0,
          "z": 1.0
        },
        "matrix_basis": [
          [
            0.9939189553260803,
            -0.04525862634181976,
            0.10038290917873383,
            0.0
          ],
          [
            0.04852357506752014,
            0.9983615875244141,
            -0.030324146151542664,
            0.0
          ],
          [
            -0.09884601086378098,
            0.0350106805562973,
            0.9944866895675659,
            0.0
          ],
          [
            0.0,
            0.0,
            0.0,
            1.0
          ]
        ],
        "rotation_mode": "QUATERNION"
      },
      "armature_space": {
        "head": {
          "x": -0.0011260120663791895,
          "y": 7.788091897964478e-05,
          "z": 0.000494946725666523
        },
        "tail": {
          "x": -0.03562701866030693,
          "y": 0.009641695767641068,
          "z": 0.4871845245361328
        }
      },
      "world_space": {
        "head": {
          "x": -0.0011260120663791895,
          "y": 0.06332188099622726,
          "z": 0.950348973274231
        },
        "tail": {
          "x": -0.03562701866030693,
          "y": 0.07288569211959839,
          "z": 1.437038540840149
        },
        "rotation_quaternion": {
          "w": 0.7139713764190674,
          "x": 0.6979033946990967,
          "y": 0.006603991612792015,
          "z": 0.055966202169656754
        },
        "matrix": [
          [
            0.9936482906341553,
            -0.07069860398769379,
            0.08754859864711761,
            -0.0011260120663791895
          ],
          [
            0.08913494646549225,
            0.019597932696342468,
            -0.9958268404006958,
            0.06332188099622726
          ],
          [
            0.06868835538625717,
            0.9973121881484985,
            0.025774432346224785,
            0.950348973274231
          ],
          [
            0.0,
            0.0,
            0.0,
            1.0
          ]
        ]
      },
      "bone_length_armature_space": 0.4880046395665984,
      "parent": "Root",
      "has_children": true,
      "is_end_bone": false
    },
    "neck_01": {
      "name": "neck_01",
      "local": {
        "location": {
          "x": 0.0,
          "y": 0.0,
          "z": 0.0
        },
        "rotation_quaternion": {
          "w": 0.9939624667167664,
          "x": 0.03160122409462929,
          "y": 0.10342752933502197,
          "z": 0.018512947484850883
        },
        "scale": {
          "x": 1.0,
          "y": 1.0,
          "z": 1.0
        },
        "matrix_basis": [
          [
            0.9779200553894043,
            -0.030265476554632187,
            0.2067762315273285,
            0.0
          ],
          [
            0.04333922266960144,
            0.9973172545433044,
            -0.058991365134716034,
            0.0
          ],
          [
            -0.20443609356880188,
            0.06665036082267761,
            0.9766082167625427,
            0.0
          ],
          [
            0.0,
            0.0,
            0.0,
            1.0
          ]
        ],
        "rotation_mode": "QUATERNION"
      },
      "armature_space": {
        "head": {
          "x": -0.037767235189676285,
          "y": -0.023459088057279587,
          "z": 0.5611000061035156
        },
        "tail": {
          "x": -0.04341192543506622,
          "y": -0.06690475344657898,
          "z": 0.6537895202636719
        }
      },
      "world_space": {
        "head": {
          "x": -0.037767235189676285,
          "y": 0.03978491201996803,
          "z": 1.5109540224075317
        },
        "tail": {
          "x": -0.04341192543506622,
          "y": -0.00366075336933136,
          "z": 1.603643536567688
        },
        "rotation_quaternion": {
          "w": 0.5332126021385193,
          "x": 0.8307147026062012,
          "y": 0.061630118638277054,
          "z": 0.14764553308486938
        },
        "matrix": [
          [
            0.9488053321838379,
            -0.05505866929888725,
            0.31102603673934937,
            -0.037767235189676285
          ],
          [
            0.25984665751457214,
            -0.4237719774246216,
            -0.8676966428756714,
            0.03978491201996803
          ],
          [
            0.17957980930805206,
            0.9040998816490173,
            -0.3877737522125244,
            1.5109540224075317
          ],
          [
            0.0,
            0.0,
            0.0,
            1.0
          ]
        ]
      },
      "bone_length_armature_space": 0.10252187507136501,
      "parent": "spine_01",
      "has_children": true,
      "is_end_bone": false
    },
    "head": {
      "name": "head",
      "local": {
        "location": {
          "x": 0.0,
          "y": 0.0,
          "z": 0.0
        },
        "rotation_quaternion": {
          "w": 0.9830466508865356,
          "x": -0.05968431755900383,
          "y": 0.13033507764339447,
          "z": -0.11432363092899323
        },
        "scale": {
          "x": 1.0,
          "y": 1.0,
          "z": 1.0
        },
        "matrix_basis": [
          [
            0.9398857355117798,
            0.2092130035161972,
            0.26989758014678955,
            0.0
          ],
          [
            -0.240328848361969,
            0.9667357802391052,
            0.08754418045282364,
            0.0
          ],
          [
            -0.24260427057743073,
            -0.14714568853378296,
            0.9589011073112488,
            0.0
          ],
          [
            0.0,
            0.0,
            0.0,
            1.0
          ]
        ],
        "rotation_mode": "QUATERNION"
      },
      "armature_space": {
        "head": {
          "x": -0.043411869555711746,
          "y": -0.06690486520528793,
          "z": 0.6537894010543823
        },
        "tail": {
          "x": -0.04334563761949539,
          "y": -0.048828188329935074,
          "z": 0.807823657989502
        }
      },
      "world_space": {
        "head": {
          "x": -0.043411869555711746,
          "y": -0.0036608651280403137,
          "z": 1.6036434173583984
        },
        "tail": {
          "x": -0.04334563761949539,
          "y": 0.014415811747312546,
          "z": 1.757677674293518
        },
        "rotation_quaternion": {
          "w": 0.7218923568725586,
          "x": 0.6422021389007568,
          "y": 0.192741259932518,
          "z": 0.17116861045360565
        },
        "matrix": [
          [
            0.8671043515205383,
            0.00042706355452537537,
            0.4981265664100647,
            -0.043411869555711746
          ],
          [
            0.49468836188316345,
            0.11655588448047638,
            -0.8612192869186401,
            -0.0036608651280403137
          ],
          [
            -0.05842732638120651,
            0.9931912422180176,
            0.10085472464561462,
            1.6036434173583984
          ],
          [
            0.0,
            0.0,
            0.0,
            1.0
          ]
        ]
      },
      "bone_length_armature_space": 0.1550913387834892,
      "parent": "neck_01",
      "has_children": false,
      "is_end_bone": true
    },
    "upperarm_l": {
      "name": "upperarm_l",
      "local": {
        "location": {
          "x": 0.0,
          "y": 0.0,
          "z": 0.0
        },
        "rotation_quaternion": {
          "w": 0.8043898940086365,
          "x": 0.5342085361480713,
          "y": 0.23219050467014313,
          "z": -0.11690029501914978
        },
        "scale": {
          "x": 1.0,
          "y": 1.0,
          "z": 1.0
        },
        "matrix_basis": [
          [
            0.8648437857627869,
            0.4361431300640106,
            0.2486451268196106,
            0.0
          ],
          [
            0.06000946834683418,
            0.4019111096858978,
            -0.9137101769447327,
            0.0
          ],
          [
            -0.4984416663646698,
            0.8051376342773438,
            0.3214176297187805,
            0.0
          ],
          [
            0.0,
            0.0,
            0.0,
            1.0
          ]
        ],
        "rotation_mode": "QUATERNION"
      },
      "armature_space": {
        "head": {
          "x": 0.116310715675354,
          "y": -0.014581797644495964,
          "z": 0.5044584274291992
        },
        "tail": {
          "x": 0.2558963894844055,
          "y": -0.21457047760486603,
          "z": 0.39342597126960754
        }
      },
      "world_space": {
        "head": {
          "x": 0.116310715675354,
          "y": 0.048662200570106506,
          "z": 1.4543124437332153
        },
        "tail": {
          "x": 0.2558963894844055,
          "y": -0.1513264775276184,
          "z": 1.3432799577713013
        },
        "rotation_quaternion": {
          "w": 0.007117943838238716,
          "x": 0.7195177674293518,
          "y": 0.3560798168182373,
          "z": -0.5961968302726746
        },
        "matrix": [
          [
            0.03551203012466431,
            0.5209015607833862,
            -0.8528777360916138,
            0.116310715675354
          ],
          [
            0.5039242506027222,
            -0.7463115453720093,
            -0.4348330497741699,
            0.048662200570106506
          ],
          [
            -0.8630232214927673,
            -0.41434749960899353,
            -0.2890002429485321,
            1.4543124437332153
          ],
          [
            0.0,
            0.0,
            0.0,
            1.0
          ]
        ]
      },
      "bone_length_armature_space": 0.2679698488780142,
      "parent": "spine_01",
      "has_children": true,
      "is_end_bone": false
    },
    "lowerarm_l": {
      "name": "lowerarm_l",
      "local": {
        "location": {
          "x": 0.0,
          "y": 0.0,
          "z": 0.0
        },
        "rotation_quaternion": {
          "w": 0.9067912101745605,
          "x": 0.32800623774528503,
          "y": 0.2200728803873062,
          "z": -0.14734163880348206
        },
        "scale": {
          "x": 1.0,
          "y": 1.0,
          "z": 1.0
        },
        "matrix_basis": [
          [
            0.8597167134284973,
            0.4115867614746094,
            0.3024623394012451,
            0.0
          ],
          [
            -0.12284564971923828,
            0.7414047122001648,
            -0.6597181558609009,
            0.0
          ],
          [
            -0.49577826261520386,
            0.5300145745277405,
            0.6879596710205078,
            0.0
          ],
          [
            0.0,
            0.0,
            0.0,
            1.0
          ]
        ],
        "rotation_mode": "QUATERNION"
      },
      "armature_space": {
        "head": {
          "x": 0.2558963894844055,
          "y": -0.21457062661647797,
          "z": 0.3934260308742523
        },
        "tail": {
          "x": 0.20294076204299927,
          "y": -0.3919772803783417,
          "z": 0.20031334459781647
        }
      },
      "world_space": {
        "head": {
          "x": 0.2558963894844055,
          "y": -0.15132662653923035,
          "z": 1.3432800769805908
        },
        "tail": {
          "x": 0.20294076204299927,
          "y": -0.32873326539993286,
          "z": 1.1501673460006714
        },
        "rotation_quaternion": {
          "w": 0.3810971975326538,
          "x": -0.7271458506584167,
          "y": -0.1522979438304901,
          "z": 0.5502990484237671
        },
        "matrix": [
          [
            0.3479540944099426,
            -0.19794687628746033,
            -0.916375994682312,
            0.2558963894844055
          ],
          [
            0.6409198045730591,
            -0.6631417274475098,
            0.38660702109336853,
            -0.15132662653923035
          ],
          [
            -0.6842190027236938,
            -0.7218505144119263,
            -0.10387516021728516,
            1.3432800769805908
          ],
          [
            0.0,
            0.0,
            0.0,
            1.0
          ]
        ]
      },
      "bone_length_armature_space": 0.26752557116603604,
      "parent": "upperarm_l",
      "has_children": true,
      "is_end_bone": false
    },
    "metacarpal_thumb_l": {
      "name": "metacarpal_thumb_l",
      "local": {
        "location": {
          "x": 0.0,
          "y": 0.0,
          "z": 0.0
        },
        "rotation_quaternion": {
          "w": 0.9985505938529968,
          "x": -0.052350446581840515,
          "y": -0.003970074933022261,
          "z": 0.011857171542942524
        },
        "scale": {
          "x": 1.0,
          "y": 1.0,
          "z": 1.0
        },
        "matrix_basis": [
          [
            0.9996873140335083,
            -0.02326430007815361,
            -0.00917009823024273,
            0.0
          ],
          [
            0.02409564144909382,
            0.9942376613616943,
            0.10445499420166016,
            0.0
          ],
          [
            0.0066871847957372665,
            -0.10464328527450562,
            0.9944873452186584,
            0.0
          ],
          [
            0.0,
            0.0,
            0.0,
            1.0
          ]
        ],
        "rotation_mode": "QUATERNION"
      },
      "armature_space": {
        "head": {
          "x": 0.20294076204299927,
          "y": -0.3919772803783417,
          "z": 0.20031334459781647
        },
        "tail": {
          "x": 0.16889312863349915,
          "y": -0.40380340814590454,
          "z": 0.16633540391921997
        }
      },
      "world_space": {
        "head": {
          "x": 0.20294076204299927,
          "y": -0.32873326539993286,
          "z": 1.1501673460006714
        },
        "tail": {
          "x": 0.16889312863349915,
          "y": -0.3405594229698181,
          "z": 1.1161894798278809
        },
        "rotation_quaternion": {
          "w": 0.4456135034561157,
          "x": -0.7868006825447083,
          "y": 0.42667725682258606,
          "z": 0.01788950525224209
        },
        "matrix": [
          [
            0.6352514624595642,
            -0.6873635053634644,
            0.352117657661438,
            0.20294076204299927
          ],
          [
            -0.6554784178733826,
            -0.2387494444847107,
            0.7164822220802307,
            -0.32873326539993286
          ],
          [
            -0.40841925144195557,
            -0.6859566569328308,
            -0.6022216081619263,
            1.1501673460006714
          ],
          [
            0.0,
            0.0,
            0.0,
            1.0
          ]
        ]
      },
      "bone_length_armature_space": 0.04953381681973987,
      "parent": "lowerarm_l",
      "has_children": true,
      "is_end_bone": false
    },
    "thumb_01_l": {
      "name": "thumb_01_l",
      "local": {
        "location": {
          "x": 0.0,
          "y": 0.0,
          "z": 0.0
        },
        "rotation_quaternion": {
          "w": 0.9998497366905212,
          "x": 0.01251714862883091,
          "y": 0.010896448977291584,
          "z": -0.005006474908441305
        },
        "scale": {
          "x": 1.0,
          "y": 1.0,
          "z": 1.0
        },
        "matrix_basis": [
          [
            0.9997124075889587,
            0.01028423011302948,
            0.021664289757609367,
            0.0
          ],
          [
            -0.009738660417497158,
            0.9996365308761597,
            -0.025139641016721725,
            0.0
          ],
          [
            -0.021914957091212273,
            0.02492143027484417,
            0.9994491934776306,
            0.0
          ],
          [
            0.0,
            0.0,
            0.0,
            1.0
          ]
        ],
        "rotation_mode": "QUATERNION"
      },
      "armature_space": {
        "head": {
          "x": 0.16889312863349915,
          "y": -0.40380340814590454,
          "z": 0.16633540391921997
        },
        "tail": {
          "x": 0.15996886789798737,
          "y": -0.3891371190547943,
          "z": 0.13694334030151367
        }
      },
      "world_space": {
        "head": {
          "x": 0.16889312863349915,
          "y": -0.3405594229698181,
          "z": 1.1161894798278809
        },
        "tail": {
          "x": 0.15996886789798737,
          "y": -0.3258931040763855,
          "z": 1.0867973566055298
        },
        "rotation_quaternion": {
          "w": 0.20869028568267822,
          "x": -0.2761298418045044,
          "y": 0.8196859955787659,
          "z": -0.45641618967056274
        },
        "matrix": [
          [
            -0.7604007124900818,
            -0.26218071579933167,
            0.5941816568374634,
            0.16889312863349915
          ],
          [
            -0.6431793570518494,
            0.4308728277683258,
            -0.6329842209815979,
            -0.3405594229698181
          ],
          [
            -0.09006134420633316,
            -0.8634926676750183,
            -0.4962693154811859,
            1.1161894798278809
          ],
          [
            0.0,
            0.0,
            0.0,
            1.0
          ]
        ]
      },
      "bone_length_armature_space": 0.03403874099778579,
      "parent": "metacarpal_thumb_l",
      "has_children": true,
      "is_end_bone": false
    },
    "thumb_02_l": {
      "name": "thumb_02_l",
      "local": {
        "location": {
          "x": 0.0,
          "y": 0.0,
          "z": 0.0
        },
        "rotation_quaternion": {
          "w": 0.9970565438270569,
          "x": 0.07652701437473297,
          "y": -0.002574638230726123,
          "z": -0.0039284066297113895
        },
        "scale": {
          "x": 1.0,
          "y": 1.0,
          "z": 1.0
        },
        "matrix_basis": [
          [
            0.9999558925628662,
            0.00743962824344635,
            -0.005735378246754408,
            0.0
          ],
          [
            -0.00822774600237608,
            0.9882563948631287,
            -0.1525832861661911,
            0.0
          ],
          [
            0.004532861523330212,
            0.1526237428188324,
            0.9882739782333374,
            0.0
          ],
          [
            0.0,
            0.0,
            0.0,
            1.0
          ]
        ],
        "rotation_mode": "QUATERNION"
      },
      "armature_space": {
        "head": {
          "x": 0.15996886789798737,
          "y": -0.38913705945014954,
          "z": 0.13694338500499725
        },
        "tail": {
          "x": 0.15141263604164124,
          "y": -0.41701042652130127,
          "z": 0.10931990295648575
        }
      },
      "world_space": {
        "head": {
          "x": 0.15996886789798737,
          "y": -0.3258930444717407,
          "z": 1.0867973566055298
        },
        "tail": {
          "x": 0.15141263604164124,
          "y": -0.35376644134521484,
          "z": 1.0591739416122437
        },
        "rotation_quaternion": {
          "w": 0.037091851234436035,
          "x": 0.18771468102931976,
          "y": -0.3894013464450836,
          "z": 0.9009738564491272
        },
        "matrix": [
          [
            -0.9267750978469849,
            -0.21303007006645203,
            0.30936399102211,
            0.15996886789798737
          ],
          [
            -0.07935421168804169,
            -0.6939821243286133,
            -0.7156059145927429,
            -0.3258930444717407
          ],
          [
            0.36714139580726624,
            -0.6877602338790894,
            0.626264214515686,
            1.0867973566055298
          ],
          [
            0.0,
            0.0,
            0.0,
            1.0
          ]
        ]
      },
      "bone_length_armature_space": 0.040164542180285145,
      "parent": "thumb_01_l",
      "has_children": true,
      "is_end_bone": false
    },
    "thumb_03_l": {
      "name": "thumb_03_l",
      "local": {
        "location": {
          "x": 0.0,
          "y": 0.0,
          "z": 0.0
        },
        "rotation_quaternion": {
          "w": 0.9984412789344788,
          "x": 0.055695973336696625,
          "y": -0.003257029689848423,
          "z": 0.001538028009235859
        },
        "scale": {
          "x": 1.0,
          "y": 1.0,
          "z": 1.0
        },
        "matrix_basis": [
          [
            0.9999740719795227,
            -0.003434068290516734,
            -0.006332581862807274,
            0.0
          ],
          [
            0.0027084543835371733,
            0.9937911629676819,
            -0.1112283393740654,
            0.0
          ],
          [
            0.006675229873508215,
            0.11120829731225967,
            0.9937747120857239,
            0.0
          ],
          [
            0.0,
            0.0,
            0.0,
            1.0
          ]
        ],
        "rotation_mode": "QUATERNION"
      },
      "armature_space": {
        "head": {
          "x": 0.15141259133815765,
          "y": -0.4170103371143341,
          "z": 0.10931991040706635
        },
        "tail": {
          "x": 0.1523222178220749,
          "y": -0.44425079226493835,
          "z": 0.09575432538986206
        }
      },
      "world_space": {
        "head": {
          "x": 0.15141259133815765,
          "y": -0.3537663221359253,
          "z": 1.0591739416122437
        },
        "tail": {
          "x": 0.1523222178220749,
          "y": -0.38100677728652954,
          "z": 1.0456082820892334
        },
        "rotation_quaternion": {
          "w": 0.01060656737536192,
          "x": 0.02014945074915886,
          "y": 0.22916057705879211,
          "z": -0.9731223583221436
        },
        "matrix": [
          [
            -0.9989629983901978,
            0.029877979308366776,
            -0.03435458615422249,
            0.15141259133815765
          ],
          [
            -0.011408017948269844,
            -0.8947461247444153,
            -0.44642966985702515,
            -0.3537663221359253
          ],
          [
            -0.044077105820178986,
            -0.44557851552963257,
            0.8941649794578552,
            1.0591739416122437
          ],
          [
            0.0,
            0.0,
            0.0,
            1.0
          ]
        ]
      },
      "bone_length_armature_space": 0.030444948529074596,
      "parent": "thumb_02_l",
      "has_children": false,
      "is_end_bone": true
    },
    "metacarpal_index_l": {
      "name": "metacarpal_index_l",
      "local": {
        "location": {
          "x": 0.0,
          "y": 0.0,
          "z": 0.0
        },
        "rotation_quaternion": {
          "w": 0.9997422695159912,
          "x": -0.012340078130364418,
          "y": -0.014409876428544521,
          "z": -0.012471170164644718
        },
        "scale": {
          "x": 1.0,
          "y": 1.0,
          "z": 1.0
        },
        "matrix_basis": [
          [
            0.9992736577987671,
            0.025291549041867256,
            -0.02850453555583954,
            0.0
          ],
          [
            -0.024580273777246475,
            0.9993844032287598,
            0.025033211335539818,
            0.0
          ],
          [
            0.02912011556327343,
            -0.024314379319548607,
            0.9992801547050476,
            0.0
          ],
          [
            0.0,
            0.0,
            0.0,
            1.0
          ]
        ],
        "rotation_mode": "QUATERNION"
      },
      "armature_space": {
        "head": {
          "x": 0.20294076204299927,
          "y": -0.3919772803783417,
          "z": 0.20031334459781647
        },
        "tail": {
          "x": 0.15330162644386292,
          "y": -0.4509270489215851,
          "z": 0.11205115169286728
        }
      },
      "world_space": {
        "head": {
          "x": 0.20294076204299927,
          "y": -0.32873326539993286,
          "z": 1.1501673460006714
        },
        "tail": {
          "x": 0.15330162644386292,
          "y": -0.38768303394317627,
          "z": 1.0619051456451416
        },
        "rotation_quaternion": {
          "w": 0.4794236421585083,
          "x": -0.8430595397949219,
          "y": 0.13638360798358917,
          "z": 0.20199790596961975
        },
        "matrix": [
          [
            0.8811929821968079,
            -0.4236443340778351,
            -0.2098199427127838,
            0.20294076204299927
          ],
          [
            -0.03627569228410721,
            -0.5031057000160217,
            0.863463282585144,
            -0.32873326539993286
          ],
          [
            -0.4713662564754486,
            -0.7532720565795898,
            -0.4587036669254303,
            1.1501673460006714
          ],
          [
            0.0,
            0.0,
            0.0,
            1.0
          ]
        ]
      },
      "bone_length_armature_space": 0.11717223922385725,
      "parent": "lowerarm_l",
      "has_children": true,
      "is_end_bone": false
    },
    "index_01_l": {
      "name": "index_01_l",
      "local": {
        "location": {
          "x": 0.0,
          "y": 0.0,
          "z": 0.0
        },
        "rotation_quaternion": {
          "w": 0.9974089860916138,
          "x": -0.07157990336418152,
          "y": -0.004749579355120659,
          "z": 0.005407128948718309
        },
        "scale": {
          "x": 1.0,
          "y": 1.0,
          "z": 1.0
        },
        "matrix_basis": [
          [
            0.9998964071273804,
            -0.010106288827955723,
            -0.010248629376292229,
            0.0
          ],
          [
            0.011466186493635178,
            0.9896941781044006,
            0.1427375078201294,
            0.0
          ],
          [
            0.008700462989509106,
            -0.14284023642539978,
            0.9897075295448303,
            0.0
          ],
          [
            0.0,
            0.0,
            0.0,
            1.0
          ]
        ],
        "rotation_mode": "QUATERNION"
      },
      "armature_space": {
        "head": {
          "x": 0.15330162644386292,
          "y": -0.4509270489215851,
          "z": 0.11205115169286728
        },
        "tail": {
          "x": 0.15210537612438202,
          "y": -0.4709867238998413,
          "z": 0.0918211117386818
        }
      },
      "world_space": {
        "head": {
          "x": 0.15330162644386292,
          "y": -0.38768303394317627,
          "z": 1.0619051456451416
        },
        "tail": {
          "x": 0.15210537612438202,
          "y": -0.4077427387237549,
          "z": 1.041675090789795
        },
        "rotation_quaternion": {
          "w": 0.38424840569496155,
          "x": -0.9159194231033325,
          "y": -0.024632103741168976,
          "z": 0.11330543458461761
        },
        "matrix": [
          [
            0.9731103777885437,
            -0.041952770203351974,
            -0.22648660838603973,
            0.15330162644386292
          ],
          [
            0.13219672441482544,
            -0.7034932971000671,
            0.6982988119125366,
            -0.38768303394317627
          ],
          [
            -0.1886286586523056,
            -0.7094681859016418,
            -0.6790347695350647,
            1.0619051456451416
          ],
          [
            0.0,
            0.0,
            0.0,
            1.0
          ]
        ]
      },
      "bone_length_armature_space": 0.02851448890512043,
      "parent": "metacarpal_index_l",
      "has_children": true,
      "is_end_bone": false
    },
    "index_02_l": {
      "name": "index_02_l",
      "local": {
        "location": {
          "x": 0.0,
          "y": 0.0,
          "z": 0.0
        },
        "rotation_quaternion": {
          "w": 0.9997078776359558,
          "x": 0.022226596251130104,
          "y": 0.005378510802984238,
          "z": -0.007828056812286377
        },
        "scale": {
          "x": 1.0,
          "y": 1.0,
          "z": 1.0
        },
        "matrix_basis": [
          [
            0.9998195767402649,
            0.015890631824731827,
            0.010405897162854671,
            0.0
          ],
          [
            -0.015412447974085808,
            0.9988893866539001,
            -0.0445244126021862,
            0.0
          ],
          [
            -0.011101861484348774,
            0.04435599967837334,
            0.9989541172981262,
            0.0
          ],
          [
            0.0,
            0.0,
            0.0,
            1.0
          ]
        ],
        "rotation_mode": "QUATERNION"
      },
      "armature_space": {
        "head": {
          "x": 0.15210504829883575,
          "y": -0.47098681330680847,
          "z": 0.09182067215442657
        },
        "tail": {
          "x": 0.15206670761108398,
          "y": -0.4886731207370758,
          "z": 0.07323872298002243
        }
      },
      "world_space": {
        "head": {
          "x": 0.15210504829883575,
          "y": -0.40774279832839966,
          "z": 1.0416747331619263
        },
        "tail": {
          "x": 0.15206670761108398,
          "y": -0.425429105758667,
          "z": 1.0230927467346191
        },
        "rotation_quaternion": {
          "w": 0.39019203186035156,
          "x": -0.9098010659217834,
          "y": -0.055064696818590164,
          "z": 0.13030818104743958
        },
        "matrix": [
          [
            0.9599754214286804,
            -0.001494482159614563,
            -0.2800804078578949,
            0.15210504829883575
          ],
          [
            0.20188620686531067,
            -0.6894365549087524,
            0.6956431269645691,
            -0.40774279832839966
          ],
          [
            -0.19413849711418152,
            -0.7243502140045166,
            -0.6615444421768188,
            1.0416747331619263
          ],
          [
            0.0,
            0.0,
            0.0,
            1.0
          ]
        ]
      },
      "bone_length_armature_space": 0.025653377377975323,
      "parent": "index_01_l",
      "has_children": true,
      "is_end_bone": false
    },
    "index_03_l": {
      "name": "index_03_l",
      "local": {
        "location": {
          "x": 0.0,
          "y": 0.0,
          "z": 0.0
        },
        "rotation_quaternion": {
          "w": 0.9996602535247803,
          "x": 0.024686546996235847,
          "y": 0.008368290960788727,
          "z": 0.00033181579783558846
        },
        "scale": {
          "x": 1.0,
          "y": 1.0,
          "z": 1.0
        },
        "matrix_basis": [
          [
            0.9998597502708435,
            -0.00025023770285770297,
            0.016747279092669487,
            0.0
          ],
          [
            0.0010765745537355542,
            0.9987809062004089,
            -0.049350764602422714,
            0.0
          ],
          [
            -0.016714513301849365,
            0.04936187341809273,
            0.9986410737037659,
            0.0
          ],
          [
            0.0,
            0.0,
            0.0,
            1.0
          ]
        ],
        "rotation_mode": "QUATERNION"
      },
      "armature_space": {
        "head": {
          "x": 0.15206673741340637,
          "y": -0.48867321014404297,
          "z": 0.07323883473873138
        },
        "tail": {
          "x": 0.15353041887283325,
          "y": -0.5052010416984558,
          "z": 0.049188293516635895
        }
      },
      "world_space": {
        "head": {
          "x": 0.15206673741340637,
          "y": -0.42542922496795654,
          "z": 1.0230928659439087
        },
        "tail": {
          "x": 0.15353041887283325,
          "y": -0.4419570565223694,
          "z": 0.9990423321723938
        },
        "rotation_quaternion": {
          "w": 0.46089136600494385,
          "x": -0.8813806176185608,
          "y": -0.0689166933298111,
          "z": 0.07744736969470978
        },
        "matrix": [
          [
            0.9785048961639404,
            0.0500941276550293,
            -0.20004740357398987,
            0.15206673741340637
          ],
          [
            0.19287344813346863,
            -0.5656597018241882,
            0.8017661571502686,
            -0.42542922496795654
          ],
          [
            -0.07299534231424332,
            -0.8231220245361328,
            -0.5631657838821411,
            1.0230928659439087
          ],
          [
            0.0,
            0.0,
            0.0,
            1.0
          ]
        ]
      },
      "bone_length_armature_space": 0.02921883204177128,
      "parent": "index_02_l",
      "has_children": false,
      "is_end_bone": true
    },
    "metacarpal_pinky_l": {
      "name": "metacarpal_pinky_l",
      "local": {
        "location": {
          "x": 0.0,
          "y": 0.0,
          "z": 0.0
        },
        "rotation_quaternion": {
          "w": 0.9999082088470459,
          "x": -0.01244740653783083,
          "y": -0.00465159397572279,
          "z": 0.002665543230250478
        },
        "scale": {
          "x": 1.0,
          "y": 1.0,
          "z": 1.0
        },
        "matrix_basis": [
          [
            0.9999425411224365,
            -0.0052147964015603065,
            -0.00936869252473116,
            0.0
          ],
          [
            0.005446397699415684,
            0.9996759295463562,
            0.02486773021519184,
            0.0
          ],
          [
            0.00923597626388073,
            -0.024917326867580414,
            0.9996468424797058,
            0.0
          ],
          [
            0.0,
            0.0,
            0.0,
            1.0
          ]
        ],
        "rotation_mode": "QUATERNION"
      },
      "armature_space": {
        "head": {
          "x": 0.20294076204299927,
          "y": -0.3919772803783417,
          "z": 0.20031334459781647
        },
        "tail": {
          "x": 0.21442683041095734,
          "y": -0.46829891204833984,
          "z": 0.13041074573993683
        }
      },
      "world_space": {
        "head": {
          "x": 0.20294076204299927,
          "y": -0.32873326539993286,
          "z": 1.1501673460006714
        },
        "tail": {
          "x": 0.21442683041095734,
          "y": -0.4050549268722534,
          "z": 1.0802648067474365
        },
        "rotation_quaternion": {
          "w": 0.060817304998636246,
          "x": -0.30169713497161865,
          "y": -0.3603215217590332,
          "z": 0.8805955648422241
        },
        "matrix": [
          [
            -0.8105607032775879,
            0.1103043183684349,
            -0.5751734375953674,
            0.20294076204299927
          ],
          [
            0.32452628016471863,
            -0.7329401969909668,
            -0.5978976488113403,
            -0.32873326539993286
          ],
          [
            -0.48752138018608093,
            -0.6712963581085205,
            0.5582991242408752,
            1.1501673460006714
          ],
          [
            0.0,
            0.0,
            0.0,
            1.0
          ]
        ]
      },
      "bone_length_armature_space": 0.10413114177430254,
      "parent": "lowerarm_l",
      "has_children": true,
      "is_end_bone": false
    },
    "pinky_01_l": {
      "name": "pinky_01_l",
      "local": {
        "location": {
          "x": 0.0,
          "y": 0.0,
          "z": 0.0
        },
        "rotation_quaternion": {
          "w": 0.9597901105880737,
          "x": 0.2805823087692261,
          "y": -0.004230269696563482,
          "z": -0.007660608738660812
        },
        "scale": {
          "x": 1.0,
          "y": 1.0,
          "z": 1.0
        },
        "matrix_basis": [
          [
            0.9998468160629272,
            0.012331275269389153,
            -0.012419204227626324,
            0.0
          ],
          [
            -0.017079031094908714,
            0.8424297571182251,
            -0.5385354161262512,
            0.0
          ],
          [
            0.0038214793894439936,
            0.5386650562286377,
            0.8425113558769226,
            0.0
          ],
          [
            0.0,
            0.0,
            0.0,
            1.0
          ]
        ],
        "rotation_mode": "QUATERNION"
      },
      "armature_space": {
        "head": {
          "x": 0.21442683041095734,
