{
  "metadata": {
    "armature_name": "KIM_caucasian_male",
    "export_time": "2026-01-13T21:08:00.363587",
    "blender_version": "4.4.1",
    "bone_count": 56,
    "end_bone_count": 13,
    "spaces_included": [
      "LOCAL_CHANNELS",
      "ARMATURE_SPACE",
      "WORLD_SPACE"
    ],
    "note": "LOCAL matches Transform panel; replay pose via local.matrix_basis for best fidelity."
  },
  "bones": {
    "Root": {
      "name": "Root",
      "local": {
        "location": {
          "x": 0.0,
          "y": 0.0,
          "z": 0.0
        },
        "rotation_quaternion": {
          "w": 0.999642014503479,
          "x": 0.004492946434766054,
          "y": 0.017447803169488907,
          "z": -0.019781379029154778
        },
        "scale": {
          "x": 1.0,
          "y": 1.0,
          "z": 1.0
        },
        "matrix_basis": [
          [
            0.9986085295677185,
            0.03970538079738617,
            0.03470535948872566,
            0.0
          ],
          [
            -0.039391811937093735,
            0.9991770386695862,
            -0.009672959335148335,
            0.0
          ],
          [
            -0.03506086766719818,
            0.008292392827570438,
            0.9993507862091064,
            0.0
          ],
          [
            0.0,
            0.0,
            0.0,
            1.0
          ]
        ],
        "rotation_mode": "QUATERNION"
      },
      "armature_space": {
        "head": {
          "x": 0.0,
          "y": 0.07072800397872925,
          "z": -0.009595036506652832
        },
        "tail": {
          "x": 0.002834005979821086,
          "y": -2.135336399078369e-05,
          "z": -0.0005944054573774338
        }
      },
      "world_space": {
        "head": {
          "x": 0.0,
          "y": 0.13397200405597687,
          "z": 0.9402589797973633
        },
        "tail": {
          "x": 0.002834005979821086,
          "y": 0.06322264671325684,
          "z": 0.9492596387863159
        },
        "rotation_quaternion": {
          "w": 0.06286079436540604,
          "x": 0.9976736903190613,
          "y": 0.020911863073706627,
          "z": 0.016075536608695984
        },
        "matrix": [
          [
            0.9986085295677185,
            0.03970538079738617,
            0.03470535948872566,
            0.0
          ],
          [
            0.04374748095870018,
            -0.9912223815917969,
            -0.12475726008415222,
            0.13397200405597687
          ],
          [
            0.029447443783283234,
            0.12610188126564026,
            -0.991587221622467,
            0.9402589797973633
          ],
          [
            0.0,
            0.0,
            0.0,
            1.0
          ]
        ]
      },
      "bone_length_armature_space": 0.07137586674719851,
      "parent": null,
      "has_children": true,
      "is_end_bone": false
    },
    "spine_01": {
      "name": "spine_01",
      "local": {
        "location": {
          "x": 0.0,
          "y": 0.0,
          "z": 0.0
        },
        "rotation_quaternion": {
          "w": 0.9972991943359375,
          "x": 0.014698714017868042,
          "y": 0.047600049525499344,
          "z": 0.053968627005815506
        },
        "scale": {
          "x": 1.0,
          "y": 1.0,
          "z": 1.0
        },
        "matrix_basis": [
          [
            0.9896432161331177,
            -0.10624641925096512,
            0.096529521048069,
            0.0
          ],
          [
            0.10904505848884583,
            0.9937426447868347,
            -0.0241802129894495,
            0.0
          ],
          [
            -0.09335644543170929,
            0.03445585072040558,
            0.9950363636016846,
            0.0
          ],
          [
            0.0,
            0.0,
            0.0,
            1.0
          ]
        ],
        "rotation_mode": "QUATERNION"
      },
      "armature_space": {
        "head": {
          "x": 0.002834005979821086,
          "y": -2.135336399078369e-05,
          "z": -0.0005944054573774338
        },
        "tail": {
          "x": -0.06329704821109772,
          "y": -0.0010960904182866216,
          "z": 0.48290738463401794
        }
      },
      "world_space": {
        "head": {
          "x": 0.002834005979821086,
          "y": 0.06322264671325684,
          "z": 0.9492596387863159
        },
        "tail": {
          "x": -0.06329704821109772,
          "y": 0.06214790791273117,
          "z": 1.4327614307403564
        },
        "rotation_quaternion": {
          "w": 0.7063252925872803,
          "x": 0.7011095881462097,
          "y": 0.0017918357625603676,
          "z": 0.09770761430263519
        },
        "matrix": [
          [
            0.9808998703956604,
            -0.13551411032676697,
            0.13953964412212372,
            0.002834005979821086
          ],
          [
            0.14054027199745178,
            -0.0022023245692253113,
            -0.9900725483894348,
            0.06322264671325684
          ],
          [
            0.1344771832227707,
            0.9907798767089844,
            0.016884149983525276,
            0.9492596387863159
          ],
          [
            0.0,
            0.0,
            0.0,
            1.0
          ]
        ]
      },
      "bone_length_armature_space": 0.48800455763981276,
      "parent": "Root",
      "has_children": true,
      "is_end_bone": false
    },
    "neck_01": {
      "name": "neck_01",
      "local": {
        "location": {
          "x": 0.0,
          "y": 0.0,
          "z": 0.0
        },
        "rotation_quaternion": {
          "w": 0.9963850975036621,
          "x": -0.02325429581105709,
          "y": 0.02995116077363491,
          "z": -0.07602062821388245
        },
        "scale": {
          "x": 1.0,
          "y": 1.0,
          "z": 1.0
        },
        "matrix_basis": [
          [
            0.9866476058959961,
            0.15009865164756775,
            0.06322139501571655,
            0.0
          ],
          [
            -0.15288463234901428,
            0.9873601794242859,
            0.04178665578365326,
            0.0
          ],
          [
            -0.0561501681804657,
            -0.05089427903294563,
            0.9971243143081665,
            0.0
          ],
          [
            0.0,
            0.0,
            0.0,
            1.0
          ]
        ],
        "rotation_mode": "QUATERNION"
      },
      "armature_space": {
        "head": {
          "x": -0.06837988644838333,
          "y": -0.03559349477291107,
          "z": 0.5560362935066223
        },
        "tail": {
          "x": -0.06153681501746178,
          "y": -0.0669599324464798,
          "z": 0.6534019708633423
        }
      },
      "world_space": {
        "head": {
          "x": -0.06837988644838333,
          "y": 0.027650505304336548,
          "z": 1.5058903694152832
        },
        "tail": {
          "x": -0.06153681501746178,
          "y": -0.0037159323692321777,
          "z": 1.6032559871673584
        },
        "rotation_quaternion": {
          "w": 0.58099764585495,
          "x": 0.8043672442436218,
          "y": 0.09729525446891785,
          "z": 0.07725899666547775
        },
        "matrix": [
          [
            0.9691293239593506,
            0.0667477697134018,
            0.23734593391418457,
            -0.06837988644838333
          ],
          [
            0.24629700183868408,
            -0.3059502840042114,
            -0.919637143611908,
            0.027650505304336548
          ],
          [
            0.01123267412185669,
            0.9497110247612,
            -0.31294822692871094,
            1.5058903694152832
          ],
          [
            0.0,
            0.0,
            0.0,
            1.0
          ]
        ]
      },
      "bone_length_armature_space": 0.10252197795979005,
      "parent": "spine_01",
      "has_children": true,
      "is_end_bone": false
    },
    "head": {
      "name": "head",
      "local": {
        "location": {
          "x": 0.0,
          "y": 0.0,
          "z": 0.0
        },
        "rotation_quaternion": {
          "w": 0.9677121639251709,
          "x": 0.06713370233774185,
          "y": 0.07954692095518112,
          "z": 0.22956201434135437
        },
        "scale": {
          "x": 1.0,
          "y": 1.0,
          "z": 1.0
        },
        "matrix_basis": [
          [
            0.8819471597671509,
            -0.43361935019493103,
            0.18477974832057953,
            0.0
          ],
          [
            0.4549804627895355,
            0.8855887055397034,
            -0.09341029822826385,
            0.0
          ],
          [
            -0.12313435226678848,
            0.16645410656929016,
            0.9783307313919067,
            0.0
          ],
          [
            0.0,
            0.0,
            0.0,
            1.0
          ]
        ],
        "rotation_mode": "QUATERNION"
      },
      "armature_space": {
        "head": {
          "x": -0.06153678148984909,
          "y": -0.06696004420518875,
          "z": 0.653401792049408
        },
        "tail": {
          "x": -0.12381969392299652,
          "y": -0.10187874734401703,
          "z": 0.7910780906677246
        }
      },
      "world_space": {
        "head": {
          "x": -0.06153678148984909,
          "y": -0.0037160441279411316,
          "z": 1.6032557487487793
        },
        "tail": {
          "x": -0.12381969392299652,
          "y": -0.03863474726676941,
          "z": 1.7409321069717407
        },
        "rotation_quaternion": {
          "w": 0.6222283244132996,
          "x": 0.7211650013923645,
          "y": -0.016024809330701828,
          "z": 0.3041318655014038
        },
        "matrix": [
          [
            0.8144952058792114,
            -0.4015914797782898,
            0.418714702129364,
            -0.06153678148984909
          ],
          [
            0.35536375641822815,
            -0.2251509428024292,
            -0.907206654548645,
            -0.0037160441279411316
          ],
          [
            0.45860400795936584,
            0.8877173066139221,
            -0.04067452251911163,
            1.6032557487487793
          ],
          [
            0.0,
            0.0,
            0.0,
            1.0
          ]
        ]
      },
      "bone_length_armature_space": 0.15509107027324753,
      "parent": "neck_01",
      "has_children": false,
      "is_end_bone": true
    },
    "upperarm_l": {
      "name": "upperarm_l",
      "local": {
        "location": {
          "x": 0.0,
          "y": 0.0,
          "z": 0.0
        },
        "rotation_quaternion": {
          "w": 0.9237579107284546,
          "x": 0.22892804443836212,
          "y": 0.2125527262687683,
          "z": -0.2215506136417389
        },
        "scale": {
          "x": 1.0,
          "y": 1.0,
          "z": 1.0
        },
        "matrix_basis": [
          [
            0.8114733099937439,
            0.5066367983818054,
            0.29125621914863586,
            0.0
          ],
          [
            -0.31199970841407776,
            0.7970145344734192,
            -0.5171305537223816,
            0.0
          ],
          [
            -0.4941328167915344,
            0.3287658095359802,
            0.804826557636261,
            0.0
          ],
          [
            0.0,
            0.0,
            0.0,
            1.0
          ]
        ],
        "rotation_mode": "QUATERNION"
      },
      "armature_space": {
        "head": {
          "x": 0.0883077085018158,
          "y": -0.01752190664410591,
          "z": 0.5096736550331116
        },
        "tail": {
          "x": 0.3278614580631256,
          "y": -0.06281952559947968,
          "z": 0.3984534740447998
        }
      },
      "world_space": {
        "head": {
          "x": 0.0883077085018158,
          "y": 0.04572209343314171,
          "z": 1.4595277309417725
        },
        "tail": {
          "x": 0.3278614580631256,
          "y": 0.00042447447776794434,
          "z": 1.348307490348816
        },
        "rotation_quaternion": {
          "w": 0.21000465750694275,
          "x": 0.5507171154022217,
          "y": 0.6094087362289429,
          "z": -0.5303110480308533
        },
        "matrix": [
          [
            -0.3052150011062622,
            0.8939592242240906,
            -0.3281475305557251,
            0.0883077085018158
          ],
          [
            0.448490172624588,
            -0.1690402626991272,
            -0.8776571154594421,
            0.04572209343314171
          ],
          [
            -0.8400653004646301,
            -0.4150480628013611,
            -0.3493415117263794,
            1.4595277309417725
          ],
          [
            0.0,
            0.0,
            0.0,
            1.0
          ]
        ]
      },
      "bone_length_armature_space": 0.26796977980293496,
      "parent": "spine_01",
      "has_children": true,
      "is_end_bone": false
    },
    "lowerarm_l": {
      "name": "lowerarm_l",
      "local": {
        "location": {
          "x": 0.0,
          "y": 0.0,
          "z": 0.0
        },
        "rotation_quaternion": {
          "w": 0.8957180380821228,
          "x": 0.4159963130950928,
          "y": -0.01890304498374462,
          "z": 0.15581732988357544
        },
        "scale": {
          "x": 1.0,
          "y": 1.0,
          "z": 1.0
        },
        "matrix_basis": [
          [
            0.9507272839546204,
            -0.2948639690876007,
            0.09577527642250061,
            0.0
          ],
          [
            0.2634095847606659,
            0.60533607006073,
            -0.7511216402053833,
            0.0
          ],
          [
            0.16350246965885162,
            0.7393399477005005,
            0.6531794667243958,
            0.0
          ],
          [
            0.0,
            0.0,
            0.0,
            1.0
          ]
        ],
        "rotation_mode": "QUATERNION"
      },
      "armature_space": {
        "head": {
          "x": 0.3278615474700928,
          "y": -0.06281964480876923,
          "z": 0.3984535336494446
        },
        "tail": {
          "x": 0.41482096910476685,
          "y": -0.3143399953842163,
          "z": 0.37115955352783203
        }
      },
      "world_space": {
        "head": {
          "x": 0.3278615474700928,
          "y": 0.00042435526847839355,
          "z": 1.3483076095581055
        },
        "tail": {
          "x": 0.41482096910476685,
          "y": -0.2510960102081299,
          "z": 1.3210135698318481
        },
        "rotation_quaternion": {
          "w": 0.08836323767900467,
          "x": 0.6571252346038818,
          "y": 0.1486731767654419,
          "z": -0.7336720824241638
        },
        "matrix": [
          [
            -0.1207571029663086,
            0.3250521719455719,
            -0.9379545450210571,
            0.3278615474700928
          ],
          [
            0.0657339096069336,
            -0.9401769042015076,
            -0.33428525924682617,
            0.00042435526847839355
          ],
          [
            -0.9905102252960205,
            -0.10202425718307495,
            0.09216634929180145,
            1.3483076095581055
          ],
          [
            0.0,
            0.0,
            0.0,
            1.0
          ]
        ]
      },
      "bone_length_armature_space": 0.26752454104132695,
      "parent": "upperarm_l",
      "has_children": true,
      "is_end_bone": false
    },
    "metacarpal_thumb_l": {
      "name": "metacarpal_thumb_l",
      "local": {
        "location": {
          "x": 0.0,
          "y": 0.0,
          "z": 0.0
        },
        "rotation_quaternion": {
          "w": 0.9996448159217834,
          "x": -0.0247885063290596,
          "y": -0.006900599226355553,
          "z": 0.006943169049918652
        },
        "scale": {
          "x": 1.0,
          "y": 1.0,
          "z": 1.0
        },
        "matrix_basis": [
          [
            0.9998083710670471,
            -0.013539294712245464,
            -0.014140518382191658,
            0.0
          ],
          [
            0.014223516918718815,
            0.9986746311187744,
            0.049463581293821335,
            0.0
          ],
          [
            0.013452074490487576,
            -0.04965522885322571,
            0.9986758232116699,
            0.0
          ],
          [
            0.0,
            0.0,
            0.0,
            1.0
          ]
        ],
        "rotation_mode": "QUATERNION"
      },
      "armature_space": {
        "head": {
          "x": 0.41482096910476685,
          "y": -0.3143399953842163,
          "z": 0.37115955352783203
        },
        "tail": {
          "x": 0.3988122344017029,
          "y": -0.360571026802063,
          "z": 0.3634137809276581
        }
      },
      "world_space": {
        "head": {
          "x": 0.41482096910476685,
          "y": -0.2510960102081299,
          "z": 1.3210135698318481
        },
        "tail": {
          "x": 0.3988122344017029,
          "y": -0.29732704162597656,
          "z": 1.3132678270339966
        },
        "rotation_quaternion": {
          "w": 0.0952901765704155,
          "x": -0.9784307479858398,
          "y": 0.15574663877487183,
          "z": 0.09662336111068726
        },
        "matrix": [
          [
            0.9328138828277588,
            -0.3231890797615051,
            -0.1593960076570511,
            0.41482096910476685
          ],
          [
            -0.2863602638244629,
            -0.9333255290985107,
            0.21656690537929535,
            -0.2510960102081299
          ],
          [
            -0.2187621295452118,
            -0.15637385845184326,
            -0.9631741046905518,
            1.3210135698318481
          ],
          [
            0.0,
            0.0,
            0.0,
            1.0
          ]
        ]
      },
      "bone_length_armature_space": 0.04953367374994622,
      "parent": "lowerarm_l",
      "has_children": true,
      "is_end_bone": false
    },
    "thumb_01_l": {
      "name": "thumb_01_l",
      "local": {
        "location": {
          "x": 0.0,
          "y": 0.0,
          "z": 0.0
        },
        "rotation_quaternion": {
          "w": 0.9954351186752319,
          "x": 0.0946565791964531,
          "y": 0.01204984076321125,
          "z": -0.0020054695196449757
        },
        "scale": {
          "x": 1.0,
          "y": 1.0,
          "z": 1.0
        },
        "matrix_basis": [
          [
            0.9997015595436096,
            0.006273822858929634,
            0.023610007017850876,
            0.0
          ],
          [
            -0.001711436198092997,
            0.9820722341537476,
            -0.18849730491638184,
            0.0
          ],
          [
            -0.02436933107674122,
            0.18840064108371735,
            0.9817898869514465,
            0.0
          ],
          [
            0.0,
            0.0,
            0.0,
            1.0
          ]
        ],
        "rotation_mode": "QUATERNION"
      },
      "armature_space": {
        "head": {
          "x": 0.3988122344017029,
          "y": -0.360571026802063,
          "z": 0.3634137809276581
        },
        "tail": {
          "x": 0.389600932598114,
          "y": -0.3770219683647156,
          "z": 0.3350737988948822
        }
      },
      "world_space": {
        "head": {
          "x": 0.3988122344017029,
          "y": -0.29732704162597656,
          "z": 1.3132678270339966
        },
        "tail": {
          "x": 0.389600932598114,
          "y": -0.31377798318862915,
          "z": 1.2849278450012207
        },
        "rotation_quaternion": {
          "w": 0.22882747650146484,
          "x": -0.606421172618866,
          "y": 0.45385679602622986,
          "z": -0.6114780902862549
        },
        "matrix": [
          [
            -0.15978257358074188,
            -0.27061381936073303,
            0.9493353962898254,
            0.3988122344017029
          ],
          [
            -0.8303028345108032,
            -0.4833027720451355,
            -0.27751678228378296,
            -0.29732704162597656
          ],
          [
            0.5339192152023315,
            -0.8325846195220947,
            -0.14746931195259094,
            1.3132678270339966
          ],
          [
            0.0,
            0.0,
            0.0,
            1.0
          ]
        ]
      },
      "bone_length_armature_space": 0.034038745166011776,
      "parent": "metacarpal_thumb_l",
      "has_children": true,
      "is_end_bone": false
    },
    "thumb_02_l": {
      "name": "thumb_02_l",
      "local": {
        "location": {
          "x": 0.0,
          "y": 0.0,
          "z": 0.0
        },
        "rotation_quaternion": {
          "w": 0.9919073581695557,
          "x": 0.12663988769054413,
          "y": -0.0063891904428601265,
          "z": 0.006433113012462854
        },
        "scale": {
          "x": 1.0,
          "y": 1.0,
          "z": 1.0
        },
        "matrix_basis": [
          [
            0.9998356103897095,
            -0.014380357228219509,
            -0.011045592837035656,
            0.0
          ],
          [
            0.011143851093947887,
            0.9678419232368469,
            -0.2513122856616974,
            0.0
          ],
          [
            0.014304347336292267,
            0.2511478662490845,
            0.9678430557250977,
            0.0
          ],
          [
            0.0,
            0.0,
            0.0,
            1.0
          ]
        ],
        "rotation_mode": "QUATERNION"
      },
      "armature_space": {
        "head": {
          "x": 0.3896009027957916,
          "y": -0.3770219385623932,
          "z": 0.3350737690925598
        },
        "tail": {
          "x": 0.4091196656227112,
          "y": -0.4120887219905853,
          "z": 0.3366609215736389
        }
      },
      "world_space": {
        "head": {
          "x": 0.3896009027957916,
          "y": -0.3137779235839844,
          "z": 1.2849278450012207
        },
        "tail": {
          "x": 0.4091196656227112,
          "y": -0.3488447070121765,
          "z": 1.2865149974822998
        },
        "rotation_quaternion": {
          "w": 0.233331561088562,
          "x": -0.2909192442893982,
          "y": -0.09495125710964203,
          "z": -0.9229879379272461
        },
        "matrix": [
          [
            -0.7218446135520935,
            0.4859713912010193,
            0.49271926283836365,
            0.3896009027957916
          ],
          [
            -0.37547802925109863,
            -0.8730809688568115,
            0.31104010343551636,
            -0.3137779235839844
          ],
          [
            0.5813440084457397,
            0.039516761898994446,
            0.8127062916755676,
            1.2849278450012207
          ],
          [
            0.0,
            0.0,
            0.0,
            1.0
          ]
        ]
      },
      "bone_length_armature_space": 0.04016441799919445,
      "parent": "thumb_01_l",
      "has_children": true,
      "is_end_bone": false
    },
    "thumb_03_l": {
      "name": "thumb_03_l",
      "local": {
        "location": {
          "x": 0.0,
          "y": 0.0,
          "z": 0.0
        },
        "rotation_quaternion": {
          "w": 0.999137282371521,
          "x": 0.04138985276222229,
          "y": 0.0033692384604364634,
          "z": -0.0006356880767270923
        },
        "scale": {
          "x": 1.0,
          "y": 1.0,
          "z": 1.0
        },
        "matrix_basis": [
          [
            0.9999765157699585,
            0.0015491838566958904,
            0.006680041551589966,
            0.0
          ],
          [
            -0.0009913747198879719,
            0.9965729713439941,
            -0.0827125757932663,
            0.0
          ],
          [
            -0.006785285659134388,
            0.08270400762557983,
            0.9965510368347168,
            0.0
          ],
          [
            0.0,
            0.0,
            0.0,
            1.0
          ]
        ],
        "rotation_mode": "QUATERNION"
      },
      "armature_space": {
        "head": {
          "x": 0.409119576215744,
          "y": -0.4120887219905853,
          "z": 0.3366609215736389
        },
        "tail": {
          "x": 0.4308379292488098,
          "y": -0.4321087896823883,
          "z": 0.34403663873672485
        }
      },
      "world_space": {
        "head": {
          "x": 0.409119576215744,
          "y": -0.3488447070121765,
          "z": 1.2865149974822998
        },
        "tail": {
          "x": 0.4308379292488098,
          "y": -0.3688647747039795,
          "z": 1.2938907146453857
        },
        "rotation_quaternion": {
          "w": 0.3797083795070648,
          "x": -0.07386503368616104,
          "y": -0.16440623998641968,
          "z": -0.9073787331581116
        },
        "matrix": [
          [
            -0.7007309198379517,
            0.7133665680885315,
            0.009193465113639832,
            0.409119576215744
          ],
          [
            -0.6647910475730896,
            -0.6575839519500732,
            0.3544522523880005,
            -0.3488447070121765
          ],
          [
            0.25890088081359863,
            0.242264986038208,
            0.9350358843803406,
            1.2865149974822998
          ],
          [
            0.0,
            0.0,
            0.0,
            1.0
          ]
        ]
      },
      "bone_length_armature_space": 0.03044488743320386,
      "parent": "thumb_02_l",
      "has_children": false,
      "is_end_bone": true
    },
    "metacarpal_index_l": {
      "name": "metacarpal_index_l",
      "local": {
        "location": {
          "x": 0.0,
          "y": 0.0,
          "z": 0.0
        },
        "rotation_quaternion": {
          "w": 0.9989669322967529,
          "x": 0.04358956590294838,
          "y": -0.002207147888839245,
          "z": 0.012659641914069653
        },
        "scale": {
          "x": 1.0,
          "y": 1.0,
          "z": 1.0
        },
        "matrix_basis": [
          [
            0.9996697306632996,
            -0.02548554539680481,
            -0.0033060789573937654,
            0.0
          ],
          [
            0.02510070987045765,
            0.9958793520927429,
            -0.08714495599269867,
            0.0
          ],
          [
            0.005513391923159361,
            0.08703318983316422,
            0.9961901307106018,
            0.0
          ],
          [
            0.0,
            0.0,
            0.0,
            1.0
          ]
        ],
        "rotation_mode": "QUATERNION"
      },
      "armature_space": {
        "head": {
          "x": 0.41482096910476685,
          "y": -0.3143399953842163,
          "z": 0.37115955352783203
        },
        "tail": {
          "x": 0.40766555070877075,
          "y": -0.42968741059303284,
          "z": 0.3518463969230652
        }
      },
      "world_space": {
        "head": {
          "x": 0.41482096910476685,
          "y": -0.2510960102081299,
          "z": 1.3210135698318481
        },
        "tail": {
          "x": 0.40766555070877075,
          "y": -0.366443395614624,
          "z": 1.3017003536224365
        },
        "rotation_quaternion": {
          "w": 0.08820915222167969,
          "x": -0.9259539842605591,
          "y": -0.002003301866352558,
          "z": 0.3671844005584717
        },
        "matrix": [
          [
            0.7303431630134583,
            -0.06106775254011154,
            -0.6803451180458069,
            0.41482096910476685
          ],
          [
            0.06848781555891037,
            -0.9844304323196411,
            0.16188335418701172,
            -0.2510960102081299
          ],
          [
            -0.6796430349349976,
            -0.16482776403427124,
            -0.7147946953773499,
            1.3210135698318481
          ],
          [
            0.0,
            0.0,
            0.0,
            1.0
          ]
        ]
      },
      "bone_length_armature_space": 0.11717177188648649,
      "parent": "lowerarm_l",
      "has_children": true,
      "is_end_bone": false
    },
    "index_01_l": {
      "name": "index_01_l",
      "local": {
        "location": {
          "x": 0.0,
          "y": 0.0,
          "z": 0.0
        },
        "rotation_quaternion": {
          "w": 0.9965881109237671,
          "x": -0.08225565403699875,
          "y": 0.006647470407187939,
          "z": 0.0013968151761218905
        },
        "scale": {
          "x": 1.0,
          "y": 1.0,
          "z": 1.0
        },
        "matrix_basis": [
          [
            0.9999077320098877,
            -0.0038776828441768885,
            0.013019788078963757,
            0.0
          ],
          [
            0.0016905147349461913,
            0.9864640831947327,
            0.16396857798099518,
            0.0
          ],
          [
            -0.013479371555149555,
            -0.1639314442873001,
            0.9863796234130859,
            0.0
          ],
          [
            0.0,
            0.0,
            0.0,
            1.0
          ]
        ],
        "rotation_mode": "QUATERNION"
      },
      "armature_space": {
        "head": {
          "x": 0.40766555070877075,
          "y": -0.42968741059303284,
          "z": 0.3518463969230652
        },
        "tail": {
          "x": 0.41859930753707886,
          "y": -0.45562392473220825,
          "z": 0.3472835123538971
        }
      },
      "world_space": {
        "head": {
          "x": 0.40766555070877075,
          "y": -0.366443395614624,
          "z": 1.3017003536224365
        },
        "tail": {
          "x": 0.41859930753707886,
          "y": -0.3923799395561218,
          "z": 1.2971374988555908
        },
        "rotation_quaternion": {
          "w": 0.016175001859664917,
          "x": -0.9277808666229248,
          "y": -0.21199269592761993,
          "z": 0.3066273629665375
        },
        "matrix": [
          [
            0.7220771908760071,
            0.3834468722343445,
            -0.5758236646652222,
            0.40766555070877075
          ],
          [
            0.4032849371433258,
            -0.9095948338508606,
            -0.09999316930770874,
            -0.366443395614624
          ],
          [
            -0.5621120929718018,
            -0.16002017259597778,
            -0.8114418983459473,
            1.3017003536224365
          ],
          [
            0.0,
            0.0,
            0.0,
            1.0
          ]
        ]
      },
      "bone_length_armature_space": 0.028514377947113777,
      "parent": "metacarpal_index_l",
      "has_children": true,
      "is_end_bone": false
    },
    "index_02_l": {
      "name": "index_02_l",
      "local": {
        "location": {
          "x": 0.0,
          "y": 0.0,
          "z": 0.0
        },
        "rotation_quaternion": {
          "w": 0.9836357831954956,
          "x": 0.179969921708107,
          "y": -0.008240736089646816,
          "z": -0.0019424359779804945
        },
        "scale": {
          "x": 1.0,
          "y": 1.0,
          "z": 1.0
        },
        "matrix_basis": [
          [
            0.9998566508293152,
            0.0008551297942176461,
            -0.01691092550754547,
            0.0
          ],
          [
            -0.006787468213587999,
            0.935214102268219,
            -0.3540177047252655,
            0.0
          ],
          [
            0.015512606129050255,
            0.3540817201137543,
            0.9350858330726624,
            0.0
          ],
          [
            0.0,
            0.0,
            0.0,
            1.0
          ]
        ],
        "rotation_mode": "QUATERNION"
      },
      "armature_space": {
        "head": {
          "x": 0.41859909892082214,
          "y": -0.45562440156936646,
          "z": 0.34728333353996277
        },
        "tail": {
          "x": 0.42330530285835266,
          "y": -0.4784752428531647,
          "z": 0.3366163969039917
        }
      },
      "world_space": {
        "head": {
          "x": 0.41859909892082214,
          "y": -0.39238041639328003,
          "z": 1.2971373796463013
        },
        "tail": {
          "x": 0.42330530285835266,
          "y": -0.41523122787475586,
          "z": 1.2864704132080078
        },
        "rotation_quaternion": {
          "w": 0.1606101095676422,
          "x": -0.8964425921440125,
          "y": -0.1697821468114853,
          "z": 0.3765222430229187
        },
        "matrix": [
          [
            0.6588098406791687,
            0.18345461785793304,
            -0.7295984625816345,
            0.41859909892082214
          ],
          [
            0.4253466725349426,
            -0.8907570242881775,
            0.16010044515132904,
            -0.39238041639328003
          ],
          [
            -0.620527982711792,
            -0.41581177711486816,
            -0.6648759245872498,
            1.2971373796463013
          ],
          [
            0.0,
            0.0,
            0.0,
            1.0
          ]
        ]
      },
      "bone_length_armature_space": 0.0256533204703392,
      "parent": "index_01_l",
      "has_children": true,
      "is_end_bone": false
    },
    "index_03_l": {
      "name": "index_03_l",
      "local": {
        "location": {
          "x": 0.0,
          "y": 0.0,
          "z": 0.0
        },
        "rotation_quaternion": {
          "w": 0.9788069725036621,
          "x": 0.2045433074235916,
          "y": 0.005676062311977148,
          "z": 0.008168751373887062
        },
        "scale": {
          "x": 1.0,
          "y": 1.0,
          "z": 1.0
        },
        "matrix_basis": [
          [
            0.9998021125793457,
            -0.013669260777533054,
            0.014453265815973282,
            0.0
          ],
          [
            0.01831326261162758,
            0.9161906242370605,
            -0.40032410621643066,
            0.0
          ],
          [
            -0.007769811898469925,
            0.4005095660686493,
            0.9162596464157104,
            0.0
          ],
          [
            0.0,
            0.0,
            0.0,
            1.0
          ]
        ],
        "rotation_mode": "QUATERNION"
      },
      "armature_space": {
        "head": {
          "x": 0.4233053922653198,
          "y": -0.47847527265548706,
          "z": 0.33661651611328125
        },
        "tail": {
          "x": 0.41961437463760376,
          "y": -0.49773481488227844,
          "z": 0.31495586037635803
        }
      },
      "world_space": {
        "head": {
          "x": 0.4233053922653198,
          "y": -0.41523128747940063,
          "z": 1.2864705324172974
        },
        "tail": {
          "x": 0.41961437463760376,
          "y": -0.43449079990386963,
          "z": 1.2648098468780518
        },
        "rotation_quaternion": {
          "w": 0.3998233675956726,
          "x": -0.8314938545227051,
          "y": -0.10278994590044022,
          "z": 0.3717440664768219
        },
        "matrix": [
          [
            0.7024821043014526,
            -0.12632417678833008,
            -0.7004006505012512,
            0.4233053922653198
          ],
          [
            0.4682014584541321,
            -0.659152090549469,
            0.5884774327278137,
            -0.41523128747940063
          ],
          [
            -0.5360130667686462,
            -0.7413294315338135,
            -0.40389975905418396,
            1.2864705324172974
          ],
          [
            0.0,
            0.0,
            0.0,
            1.0
          ]
        ]
      },
      "bone_length_armature_space": 0.029218788549532575,
      "parent": "index_02_l",
      "has_children": false,
      "is_end_bone": true
    },
    "metacarpal_pinky_l": {
      "name": "metacarpal_pinky_l",
      "local": {
        "location": {
          "x": 0.0,
          "y": 0.0,
          "z": 0.0
        },
        "rotation_quaternion": {
          "w": 0.9997521638870239,
          "x": -0.02012350782752037,
          "y": 0.00922574196010828,
          "z": -0.0023753666318953037
        },
        "scale": {
          "x": 1.0,
          "y": 1.0,
          "z": 1.0
        },
        "matrix_basis": [
          [
            0.9998185038566589,
            0.004378247074782848,
            0.018542513251304626,
            0.0
          ],
          [
            -0.005120864603668451,
            0.9991788268089294,
            0.040193211287260056,
            0.0
          ],
          [
            -0.01835130900144577,
            -0.04028087109327316,
            0.9990198612213135,
            0.0
          ],
          [
            0.0,
            0.0,
            0.0,
            1.0
          ]
        ],
        "rotation_mode": "QUATERNION"
      },
      "armature_space": {
        "head": {
          "x": 0.41482096910476685,
          "y": -0.3143399953842163,
          "z": 0.37115955352783203
        },
        "tail": {
          "x": 0.47664299607276917,
          "y": -0.3962346613407135,
          "z": 0.35342466831207275
        }
      },
      "world_space": {
        "head": {
          "x": 0.41482096910476685,
          "y": -0.2510960102081299,
          "z": 1.3210135698318481
        },
        "tail": {
          "x": 0.47664299607276917,
          "y": -0.3329906463623047,
          "z": 1.3032786846160889
        },
        "rotation_quaternion": {
          "w": 0.30495283007621765,
          "x": 0.08307816088199615,
          "y": 0.11736223846673965,
          "z": -0.9414498805999756
        },
        "matrix": [
          [
            -0.8002036213874817,
            0.593696117401123,
            -0.08484721183776855,
            0.41482096910476685
          ],
          [
            -0.5546954870223999,
            -0.7864598035812378,
            -0.27165091037750244,
            -0.2510960102081299
          ],
          [
            -0.22800910472869873,
            -0.17031347751617432,
            0.9586549401283264,
            1.3210135698318481
          ],
          [
            0.0,
            0.0,
            0.0,
            1.0
          ]
        ]
      },
      "bone_length_armature_space": 0.10413081022628287,
      "parent": "lowerarm_l",
      "has_children": true,
      "is_end_bone": false
    },
    "pinky_01_l": {
      "name": "pinky_01_l",
      "local": {
        "location": {
          "x": 0.0,
          "y": 0.0,
          "z": 0.0
        },
        "rotation_quaternion": {
          "w": 0.9996395707130432,
          "x": 0.021398305892944336,
          "y": -0.014462407678365707,
          "z": 0.007338362745940685
        },
        "scale": {
          "x": 1.0,
          "y": 1.0,
          "z": 1.0
        },
        "matrix_basis": [
          [
            0.9994739890098572,
            -0.015290377661585808,
            -0.028600333258509636,
            0.0
          ],
          [
            0.014052493497729301,
            0.9989765286445618,
            -0.0429934486746788,
            0.0
          ],
          [
            0.029228447005152702,
            0.04256892576813698,
            0.9986659288406372,
            0.0
          ],
          [
            0.0,
            0.0,
            0.0,
            1.0
          ]
        ],
        "rotation_mode": "QUATERNION"
      },
      "armature_space": {
        "head": {
          "x": 0.47664299607276917,
          "y": -0.3962346613407135,
          "z": 0.35342466831207275
        },
