{
  "metadata": {
    "armature_name": "KIM_caucasian_male",
    "export_time": "2026-01-13T21:01:17.270675",
    "blender_version": "4.4.1",
    "bone_count": 56,
    "end_bone_count": 13,
    "spaces_included": [
      "LOCAL_CHANNELS",
      "ARMATURE_SPACE",
      "WORLD_SPACE"
    ],
    "note": "LOCAL matches Transform panel; replay pose via local.matrix_basis for best fidelity."
  },
  "bones": {
    "Root": {
      "name": "Root",
      "local": {
        "location": {
          "x": 0.0,
          "y": 0.0,
          "z": 0.0
        },
        "rotation_quaternion": {
          "w": 0.9995567798614502,
          "x": 0.0068029011599719524,
          "y": -0.019298648461699486,
          "z": 0.021624965593218803
        },
        "scale": {
          "x": 1.0,
          "y": 1.0,
          "z": 1.0
        },
        "matrix_basis": [
          [
            0.9983198642730713,
            -0.04349333420395851,
            -0.038285963237285614,
            0.0
          ],
          [
            0.04296818748116493,
            0.9989721775054932,
            -0.01443443726748228,
            0.0
          ],
          [
            0.038874413818120956,
            0.012765106745064259,
            0.9991625547409058,
            0.0
          ],
          [
            0.0,
            0.0,
            0.0,
            1.0
          ]
        ],
        "rotation_mode": "QUATERNION"
      },
      "armature_space": {
        "head": {
          "x": 0.0,
          "y": 0.07072800397872925,
          "z": -0.009595036506652832
        },
        "tail": {
          "x": -0.003104374511167407,
          "y": -4.978477954864502e-05,
          "z": -0.0009127184748649597
        }
      },
      "world_space": {
        "head": {
          "x": 0.0,
          "y": 0.13397200405597687,
          "z": 0.9402589797973633
        },
        "tail": {
          "x": -0.003104374511167407,
          "y": 0.06319421529769897,
          "z": 0.9489412903785706
        },
        "rotation_quaternion": {
          "w": 0.06055035442113876,
          "x": 0.9977442622184753,
          "y": -0.022875946015119553,
          "z": -0.017797980457544327
        },
        "matrix": [
          [
            0.9983198642730713,
            -0.04349333420395851,
            -0.038285963237285614,
            0.0
          ],
          [
            -0.04780404642224312,
            -0.9916207194328308,
            -0.12001369893550873,
            0.13397200405597687
          ],
          [
            -0.03274562954902649,
            0.12164220213890076,
            -0.992040753364563,
            0.9402589797973633
          ],
          [
            0.0,
            0.0,
            0.0,
            1.0
          ]
        ]
      },
      "bone_length_armature_space": 0.07137587109870337,
      "parent": null,
      "has_children": true,
      "is_end_bone": false
    },
    "spine_01": {
      "name": "spine_01",
      "local": {
        "location": {
          "x": 0.0,
          "y": 0.0,
          "z": 0.0
        },
        "rotation_quaternion": {
          "w": 0.9995007514953613,
          "x": 0.005469001829624176,
          "y": 0.019416607916355133,
          "z": 0.024318836629390717
        },
        "scale": {
          "x": 1.0,
          "y": 1.0,
          "z": 1.0
        },
        "matrix_basis": [
          [
            0.9980632066726685,
            -0.048401013016700745,
            0.039079826325178146,
            0.0
          ],
          [
            0.04882577061653137,
            0.9987573623657227,
            -0.009988164529204369,
            0.0
          ],
          [
            -0.038547828793525696,
            0.01187692116945982,
            0.9991861581802368,
            0.0
          ],
          [
            0.0,
            0.0,
            0.0,
            1.0
          ]
        ],
        "rotation_mode": "QUATERNION"
      },
      "armature_space": {
        "head": {
          "x": -0.003104374511167407,
          "y": -4.978477954864502e-05,
          "z": -0.0009127184748649597
        },
        "tail": {
          "x": -0.010231838561594486,
          "y": 0.011044001206755638,
          "z": 0.4869137704372406
        }
      },
      "world_space": {
        "head": {
          "x": -0.003104374511167407,
          "y": 0.06319421529769897,
          "z": 0.9489412903785706
        },
        "tail": {
          "x": -0.010231838561594486,
          "y": 0.07428800314664841,
          "z": 1.436767816543579
        },
        "rotation_quaternion": {
          "w": 0.7150545716285706,
          "x": 0.6990191340446472,
          "y": -0.007959541864693165,
          "z": 0.002431754721328616
        },
        "matrix": [
          [
            0.9998615384101868,
            -0.01460542157292366,
            -0.00798323005437851,
            -0.003104374511167407
          ],
          [
            -0.007649969309568405,
            0.022733110934495926,
            -0.9997124075889587,
            0.06319421529769897
          ],
          [
            0.014782799407839775,
            0.9996419548988342,
            0.022617490962147713,
            0.9489412903785706
          ],
          [
            0.0,
            0.0,
            0.0,
            1.0
          ]
        ]
      },
      "bone_length_armature_space": 0.48800467337040476,
      "parent": "Root",
      "has_children": true,
      "is_end_bone": false
    },
    "neck_01": {
      "name": "neck_01",
      "local": {
        "location": {
          "x": 0.0,
          "y": 0.0,
          "z": 0.0
        },
        "rotation_quaternion": {
          "w": 0.9980053305625916,
          "x": 0.02681075409054756,
          "y": -0.02428371086716652,
          "z": 0.05173883214592934
        },
        "scale": {
          "x": 1.0,
          "y": 1.0,
          "z": 1.0
        },
        "matrix_basis": [
          [
            0.9934667944908142,
            -0.10457339137792587,
            -0.045696232467889786,
            0.0
          ],
          [
            0.10196913033723831,
            0.9932085275650024,
            -0.0560273714363575,
            0.0
          ],
          [
            0.05124485865235329,
            0.05100172758102417,
            0.9973829984664917,
            0.0
          ],
          [
            0.0,
            0.0,
            0.0,
            1.0
          ]
        ],
        "rotation_mode": "QUATERNION"
      },
      "armature_space": {
        "head": {
          "x": -0.011578086763620377,
          "y": -0.021961983293294907,
          "z": 0.5608904361724854
        },
        "tail": {
          "x": -0.02400078997015953,
          "y": -0.06327402591705322,
          "z": 0.6538943648338318
        }
      },
      "world_space": {
        "head": {
          "x": -0.011578086763620377,
          "y": 0.04128201678395271,
          "z": 1.5107444524765015
        },
        "tail": {
          "x": -0.02400078997015953,
          "y": -3.0025839805603027e-05,
          "z": 1.6037483215332031
        },
        "rotation_quaternion": {
          "w": 0.5425935387611389,
          "x": 0.8374481201171875,
          "y": -0.06412386894226074,
          "z": 0.012689899653196335
        },
        "matrix": [
          [
            0.9914543032646179,
            -0.12117186933755875,
            -0.04833267629146576,
            -0.011578086763620377
          ],
          [
            -0.09363043308258057,
            -0.4029604196548462,
            -0.9104157090187073,
            0.04128201678395271
          ],
          [
            0.0908411294221878,
            0.9071665406227112,
            -0.410865843296051,
            1.5107444524765015
          ],
          [
            0.0,
            0.0,
            0.0,
            1.0
          ]
        ]
      },
      "bone_length_armature_space": 0.10252189733813932,
      "parent": "spine_01",
      "has_children": true,
      "is_end_bone": false
    },
    "head": {
      "name": "head",
      "local": {
        "location": {
          "x": 0.0,
          "y": 0.0,
          "z": 0.0
        },
        "rotation_quaternion": {
          "w": 0.988163948059082,
          "x": 0.003021173644810915,
          "y": 0.13179461658000946,
          "z": 0.07844169437885284
        },
        "scale": {
          "x": 1.0,
          "y": 1.0,
          "z": 1.0
        },
        "matrix_basis": [
          [
            0.9529541730880737,
            -0.15423016250133514,
            0.26094335317611694,
            0.0
          ],
          [
            0.15582285821437836,
            0.9876755475997925,
            0.014705556444823742,
            0.0
          ],
          [
            -0.25999540090560913,
            0.026647215709090233,
            0.9652420878410339,
            0.0
          ],
          [
            0.0,
            0.0,
            0.0,
            1.0
          ]
        ],
        "rotation_mode": "QUATERNION"
      },
      "armature_space": {
        "head": {
          "x": -0.024000786244869232,
          "y": -0.06327413767576218,
          "z": 0.6538942456245422
        },
        "tail": {
          "x": -0.06281266361474991,
          "y": -0.07219906151294708,
          "z": 0.8037850856781006
        }
      },
      "world_space": {
        "head": {
          "x": -0.024000786244869232,
          "y": -3.0137598514556885e-05,
          "z": 1.6037483215332031
        },
        "tail": {
          "x": -0.06281266361474991,
          "y": -0.008955061435699463,
          "z": 1.7536391019821167
        },
        "rotation_quaternion": {
          "w": 0.6857129335403442,
          "x": 0.7116850018501282,
          "y": -0.032007474452257156,
          "z": 0.14925715327262878
        },
        "matrix": [
          [
            0.9533961415290833,
            -0.2502535581588745,
            0.1685507893562317,
            -0.024000786244869232
          ],
          [
            0.15913507342338562,
            -0.05754663422703743,
            -0.9855784773826599,
            -3.0137598514556885e-05
          ],
          [
            0.2563458979129791,
            0.9664753079414368,
            -0.015041664242744446,
            1.6037483215332031
          ],
          [
            0.0,
            0.0,
            0.0,
            1.0
          ]
        ]
      },
      "bone_length_armature_space": 0.1550911963548337,
      "parent": "neck_01",
      "has_children": false,
      "is_end_bone": true
    },
    "upperarm_l": {
      "name": "upperarm_l",
      "local": {
        "location": {
          "x": 0.0,
          "y": 0.0,
          "z": 0.0
        },
        "rotation_quaternion": {
          "w": 0.7963058948516846,
          "x": 0.5454460382461548,
          "y": -0.22026385366916656,
          "z": -0.14095976948738098
        },
        "scale": {
          "x": 1.0,
          "y": 1.0,
          "z": 1.0
        },
        "matrix_basis": [
          [
            0.8632283806800842,
            -0.015789901837706566,
            -0.5045667290687561,
            0.0
          ],
          [
            -0.46477827429771423,
            0.36523792147636414,
            -0.8065871000289917,
            0.0
          ],
          [
            0.1970229148864746,
            0.9307804703712463,
            0.3079448938369751,
            0.0
          ],
          [
            0.0,
            0.0,
            0.0,
            1.0
          ]
        ],
        "rotation_mode": "QUATERNION"
      },
      "armature_space": {
        "head": {
          "x": 0.1393572986125946,
          "y": -0.027825528755784035,
          "z": 0.49599626660346985
        },
        "tail": {
          "x": 0.2449420988559723,
          "y": -0.27409827709198,
          "z": 0.4990362226963043
        }
      },
      "world_space": {
        "head": {
          "x": 0.1393572986125946,
          "y": 0.035418473184108734,
          "z": 1.4458502531051636
        },
        "tail": {
          "x": 0.2449420988559723,
          "y": -0.21085427701473236,
          "z": 1.448890209197998
        },
        "rotation_quaternion": {
          "w": 0.1775435507297516,
          "x": 0.4855635464191437,
          "y": 0.09466706961393356,
          "z": -0.8507318496704102
        },
        "matrix": [
          [
            -0.4654127359390259,
            0.39401811361312866,
            -0.7925536036491394,
            0.1393572986125946
          ],
          [
            -0.2101508527994156,
            -0.9190329909324646,
            -0.3334901034832001,
            0.035418473184108734
          ],
          [
            -0.8597897291183472,
            0.011344359256327152,
            0.5105361342430115,
            1.4458502531051636
          ],
          [
            0.0,
            0.0,
            0.0,
            1.0
          ]
        ]
      },
      "bone_length_armature_space": 0.2679695027302995,
      "parent": "spine_01",
      "has_children": true,
      "is_end_bone": false
    },
    "lowerarm_l": {
      "name": "lowerarm_l",
      "local": {
        "location": {
          "x": 0.0,
          "y": 0.0,
          "z": 0.0
        },
        "rotation_quaternion": {
          "w": 0.9494353532791138,
          "x": 0.2923092842102051,
          "y": 0.1030607745051384,
          "z": -0.05006285384297371
        },
        "scale": {
          "x": 1.0,
          "y": 1.0,
          "z": 1.0
        },
        "matrix_basis": [
          [
            0.9737443923950195,
            0.1553141325712204,
            0.16643141210079193,
            0.0
          ],
          [
            -0.03481164574623108,
            0.8240979909896851,
            -0.5653765797615051,
            0.0
          ],
          [
            -0.22496676445007324,
            0.5447385311126709,
            0.8078675270080566,
            0.0
          ],
          [
            0.0,
            0.0,
            0.0,
            1.0
          ]
        ],
        "rotation_mode": "QUATERNION"
      },
      "armature_space": {
        "head": {
          "x": 0.24494215846061707,
          "y": -0.27409833669662476,
          "z": 0.49903634190559387
        },
        "tail": {
          "x": 0.18374019861221313,
          "y": -0.5196641683578491,
          "z": 0.5857611894607544
        }
      },
      "world_space": {
        "head": {
          "x": 0.24494215846061707,
          "y": -0.21085433661937714,
          "z": 1.4488903284072876
        },
        "tail": {
          "x": 0.18374019861221313,
          "y": -0.4564201831817627,
          "z": 1.5356152057647705
        },
        "rotation_quaternion": {
          "w": 0.0017241346649825573,
          "x": -0.5578029155731201,
          "y": 0.2025776505470276,
          "z": 0.8048697113990784
        },
        "matrix": [
          [
            -0.37770622968673706,
            -0.2287714183330536,
            -0.8972191214561462,
            0.24494215846061707
          ],
          [
            -0.22322174906730652,
            -0.9179190397262573,
            0.3280198574066162,
            -0.21085433661937714
          ],
          [
            -0.8986221551895142,
            0.3241753578186035,
            0.2956395149230957,
            1.4488903284072876
          ],
          [
            0.0,
            0.0,
            0.0,
            1.0
          ]
        ]
      },
      "bone_length_armature_space": 0.26752468475206675,
      "parent": "upperarm_l",
      "has_children": true,
      "is_end_bone": false
    },
    "metacarpal_thumb_l": {
      "name": "metacarpal_thumb_l",
      "local": {
        "location": {
          "x": 0.0,
          "y": 0.0,
          "z": 0.0
        },
        "rotation_quaternion": {
          "w": 0.9984138011932373,
          "x": -0.05513007193803787,
          "y": 0.009289523586630821,
          "z": 0.006654336117208004
        },
        "scale": {
          "x": 1.0,
          "y": 1.0,
          "z": 1.0
        },
        "matrix_basis": [
          [
            0.999738872051239,
            -0.01431182585656643,
            0.01781586930155754,
            0.0
          ],
          [
            0.012263298034667969,
            0.9938327670097351,
            0.11020888388156891,
            0.0
          ],
          [
            -0.01928328536450863,
            -0.1099616214632988,
            0.9937487840652466,
            0.0
          ],
          [
            0.0,
            0.0,
            0.0,
            1.0
          ]
        ],
        "rotation_mode": "QUATERNION"
      },
      "armature_space": {
        "head": {
          "x": 0.18374019861221313,
          "y": -0.5196641683578491,
          "z": 0.5857611894607544
        },
        "tail": {
          "x": 0.14663127064704895,
          "y": -0.5468581914901733,
          "z": 0.604118824005127
        }
      },
      "world_space": {
        "head": {
          "x": 0.18374019861221313,
          "y": -0.4564201831817627,
          "z": 1.5356152057647705
        },
        "tail": {
          "x": 0.14663127064704895,
          "y": -0.4836142063140869,
          "z": 1.553972840309143
        },
        "rotation_quaternion": {
          "w": 0.14674676954746246,
          "x": 0.8707929849624634,
          "y": -0.4516250789165497,
          "z": -0.12735696136951447
        },
        "matrix": [
          [
            0.5596296191215515,
            -0.7491658329963684,
            -0.35435229539871216,
            0.18374019861221313
          ],
          [
            -0.8239226937294006,
            -0.5490002632141113,
            -0.14053617417812347,
            -0.4564201831817627
          ],
          [
            -0.08925607800483704,
            0.37060925364494324,
            -0.9244978427886963,
            1.5356152057647705
          ],
          [
            0.0,
            0.0,
            0.0,
            1.0
          ]
        ]
      },
      "bone_length_armature_space": 0.04953372751133398,
      "parent": "lowerarm_l",
      "has_children": true,
      "is_end_bone": false
    },
    "thumb_01_l": {
      "name": "thumb_01_l",
      "local": {
        "location": {
          "x": 0.0,
          "y": 0.0,
          "z": 0.0
        },
        "rotation_quaternion": {
          "w": 0.9844675064086914,
          "x": 0.17391575872898102,
          "y": 0.01883629895746708,
          "z": 0.014908453449606895
        },
        "scale": {
          "x": 1.0,
          "y": 1.0,
          "z": 1.0
        },
        "matrix_basis": [
          [
            0.9988458752632141,
            -0.022801917046308517,
            0.04227307811379433,
            0.0
          ],
          [
            0.0359056331217289,
            0.9390621185302734,
            -0.3418671786785126,
            0.0
          ],
          [
            -0.03190181776881218,
            0.3429904580116272,
            0.9387969970703125,
            0.0
          ],
          [
            0.0,
            0.0,
            0.0,
            1.0
          ]
        ],
        "rotation_mode": "QUATERNION"
      },
      "armature_space": {
        "head": {
          "x": 0.14663127064704895,
          "y": -0.5468581914901733,
          "z": 0.604118824005127
        },
        "tail": {
          "x": 0.12590566277503967,
          "y": -0.5685696005821228,
          "z": 0.5880659818649292
        }
      },
      "world_space": {
        "head": {
          "x": 0.14663127064704895,
          "y": -0.4836142063140869,
          "z": 1.553972840309143
        },
        "tail": {
          "x": 0.12590566277503967,
          "y": -0.5053256154060364,
          "z": 1.5379199981689453
        },
        "rotation_quaternion": {
          "w": 0.10831977427005768,
          "x": 0.5508200526237488,
          "y": -0.4115145206451416,
          "z": 0.7179972529411316
        },
        "matrix": [
          [
            -0.3697296977043152,
            -0.6088858246803284,
            0.7018250226974487,
            0.14663127064704895
          ],
          [
            -0.29779255390167236,
            -0.637847363948822,
            -0.7102609872817993,
            -0.4836142063140869
          ],
          [
            0.8801307678222656,
            -0.471606582403183,
            0.054508984088897705,
            1.553972840309143
          ],
          [
            0.0,
            0.0,
            0.0,
            1.0
          ]
        ]
      },
      "bone_length_armature_space": 0.03403865250302131,
      "parent": "metacarpal_thumb_l",
      "has_children": true,
      "is_end_bone": false
    },
    "thumb_02_l": {
      "name": "thumb_02_l",
      "local": {
        "location": {
          "x": 0.0,
          "y": 0.0,
          "z": 0.0
        },
        "rotation_quaternion": {
          "w": 0.9144091606140137,
          "x": 0.4046894311904907,
          "y": -0.00750251580029726,
          "z": 0.005126200150698423
        },
        "scale": {
          "x": 1.0,
          "y": 1.0,
          "z": 1.0
        },
        "matrix_basis": [
          [
            0.9998348951339722,
            -0.015447266399860382,
            -0.009571700356900692,
            0.0
          ],
          [
            0.0033025110606104136,
            0.6724003553390503,
            -0.7401803731918335,
            0.0
          ],
          [
            0.017869776114821434,
            0.7400265336036682,
            0.6723403334617615,
            0.0
          ],
          [
            0.0,
            0.0,
            0.0,
            1.0
          ]
        ],
        "rotation_mode": "QUATERNION"
      },
      "armature_space": {
        "head": {
          "x": 0.12590566277503967,
          "y": -0.568569540977478,
          "z": 0.5880659818649292
        },
        "tail": {
          "x": 0.14482294023036957,
          "y": -0.5886584520339966,
          "z": 0.6172509789466858
        }
      },
      "world_space": {
        "head": {
          "x": 0.12590566277503967,
          "y": -0.5053255558013916,
          "z": 1.5379199981689453
        },
        "tail": {
          "x": 0.14482294023036957,
          "y": -0.5254144668579102,
          "z": 1.5671050548553467
        },
        "rotation_quaternion": {
          "w": 0.045878104865550995,
          "x": -0.40239208936691284,
          "y": -0.49780741333961487,
          "z": -0.7669183015823364
        },
        "matrix": [
          [
            -0.6719531416893005,
            0.4709962010383606,
            0.5715261697769165,
            0.12590566277503967
          ],
          [
            0.3302565813064575,
            -0.5001670122146606,
            0.8004772067070007,
            -0.5053255558013916
          ],
          [
            0.6628851890563965,
            0.7266377210617065,
            0.18054097890853882,
            1.5379199981689453
          ],
          [
            0.0,
            0.0,
            0.0,
            1.0
          ]
        ]
      },
      "bone_length_armature_space": 0.04016455857469658,
      "parent": "thumb_01_l",
      "has_children": true,
      "is_end_bone": false
    },
    "thumb_03_l": {
      "name": "thumb_03_l",
      "local": {
        "location": {
          "x": 0.0,
          "y": 0.0,
          "z": 0.0
        },
        "rotation_quaternion": {
          "w": 0.9794508218765259,
          "x": 0.2016352266073227,
          "y": 0.00184937275480479,
          "z": 0.004014628939330578
        },
        "scale": {
          "x": 1.0,
          "y": 1.0,
          "z": 1.0
        },
        "matrix_basis": [
          [
            0.9999608993530273,
            -0.007118465844541788,
            0.005241720471531153,
            0.0
          ],
          [
            0.008610060438513756,
            0.9186542630195618,
            -0.394968718290329,
            0.0
          ],
          [
            -0.002003757981583476,
            0.3949984312057495,
            0.9186796545982361,
            0.0
          ],
          [
            0.0,
            0.0,
            0.0,
            1.0
          ]
        ],
        "rotation_mode": "QUATERNION"
      },
      "armature_space": {
        "head": {
          "x": 0.1448228508234024,
          "y": -0.5886584520339966,
          "z": 0.6172509789466858
        },
        "tail": {
          "x": 0.16682501137256622,
          "y": -0.5859701633453369,
          "z": 0.6381214261054993
        }
      },
      "world_space": {
        "head": {
          "x": 0.1448228508234024,
          "y": -0.5254144668579102,
          "z": 1.5671050548553467
        },
        "tail": {
          "x": 0.16682501137256622,
          "y": -0.5227261781692505,
          "z": 1.5879755020141602
        },
        "rotation_quaternion": {
          "w": 0.3242322504520416,
          "x": -0.23576200008392334,
          "y": -0.6625884771347046,
          "z": -0.6326659321784973
        },
        "matrix": [
          [
            -0.6785790920257568,
            0.7226882576942444,
            -0.13134977221488953,
            0.1448228508234024
          ],
          [
            -0.0978383794426918,
            0.08829954266548157,
            0.9912776350975037,
            -0.5254144668579102
          ],
          [
            0.7279876470565796,
            0.6855157017707825,
            0.010789409279823303,
            1.5671050548553467
          ],
          [
            0.0,
            0.0,
            0.0,
            1.0
          ]
        ]
      },
      "bone_length_armature_space": 0.03044499169893498,
      "parent": "thumb_02_l",
      "has_children": false,
      "is_end_bone": true
    },
    "metacarpal_index_l": {
      "name": "metacarpal_index_l",
      "local": {
        "location": {
          "x": 0.0,
          "y": 0.0,
          "z": 0.0
        },
        "rotation_quaternion": {
          "w": 0.9990170001983643,
          "x": -0.04388495534658432,
          "y": 0.0028497250750660896,
          "z": -0.0055717104114592075
        },
        "scale": {
          "x": 1.0,
          "y": 1.0,
          "z": 1.0
        },
        "matrix_basis": [
          [
            0.9999216794967651,
            0.010882346890866756,
            0.0061828759498894215,
            0.0
          ],
          [
            -0.011382587254047394,
            0.9960861206054688,
            0.08765187859535217,
            0.0
          ],
          [
            -0.005204819142818451,
            -0.08771538734436035,
            0.996131956577301,
            0.0
          ],
          [
            0.0,
            0.0,
            0.0,
            1.0
          ]
        ],
        "rotation_mode": "QUATERNION"
      },
      "armature_space": {
        "head": {
          "x": 0.18374019861221313,
          "y": -0.5196641683578491,
          "z": 0.5857611894607544
        },
        "tail": {
          "x": 0.1323694884777069,
          "y": -0.6139572858810425,
          "z": 0.6326557993888855
        }
      },
      "world_space": {
        "head": {
          "x": 0.18374019861221313,
          "y": -0.4564201831817627,
          "z": 1.5356152057647705
        },
        "tail": {
          "x": 0.1323694884777069,
          "y": -0.550713300704956,
          "z": 1.5825097560882568
        },
        "rotation_quaternion": {
          "w": 0.08166932314634323,
          "x": 0.8445818424224854,
          "y": -0.30159327387809753,
          "z": -0.43480244278907776
        },
        "matrix": [
          [
            0.43997645378112793,
            -0.43842241168022156,
            -0.783713698387146,
            0.18374019861221313
          ],
          [
            -0.5804611444473267,
            -0.8047427535057068,
            0.12431558966636658,
            -0.4564201831817627
          ],
          [
            -0.6851958632469177,
            0.4002213776111603,
            -0.608558714389801,
            1.5356152057647705
          ],
          [
            0.0,
            0.0,
            0.0,
            1.0
          ]
        ]
      },
      "bone_length_armature_space": 0.11717186763925933,
      "parent": "lowerarm_l",
      "has_children": true,
      "is_end_bone": false
    },
    "index_01_l": {
      "name": "index_01_l",
      "local": {
        "location": {
          "x": 0.0,
          "y": 0.0,
          "z": 0.0
        },
        "rotation_quaternion": {
          "w": 0.9777394533157349,
          "x": 0.20870329439640045,
          "y": 0.02093546651303768,
          "z": 0.00550265284255147
        },
        "scale": {
          "x": 1.0,
          "y": 1.0,
          "z": 1.0
        },
        "matrix_basis": [
          [
            0.9990628361701965,
            -0.0020217199344187975,
            0.04323570802807808,
            0.0
          ],
          [
            0.019498923793435097,
            0.9128252863883972,
            -0.40788447856903076,
            0.0
          ],
          [
            -0.03864201903343201,
            0.4083452820777893,
            0.9120092988014221,
            0.0
          ],
          [
            0.0,
            0.0,
            0.0,
            1.0
          ]
        ],
        "rotation_mode": "QUATERNION"
      },
      "armature_space": {
        "head": {
          "x": 0.1323694884777069,
          "y": -0.6139572858810425,
          "z": 0.6326557993888855
        },
        "tail": {
          "x": 0.11901113390922546,
          "y": -0.6391201615333557,
          "z": 0.6314496994018555
        }
      },
      "world_space": {
        "head": {
          "x": 0.1323694884777069,
          "y": -0.550713300704956,
          "z": 1.5825097560882568
        },
        "tail": {
          "x": 0.11901113390922546,
          "y": -0.5758761763572693,
          "z": 1.5813037157058716
        },
        "rotation_quaternion": {
          "w": 0.11777164041996002,
          "x": -0.8869379758834839,
          "y": 0.21189290285110474,
          "z": 0.3931567370891571
        },
        "matrix": [
          [
            0.6010586619377136,
            -0.46847790479660034,
            -0.6475010514259338,
            0.1323694884777069
          ],
          [
            -0.28326690196990967,
            -0.8824624419212341,
            0.37552669644355774,
            -0.550713300704956
          ],
          [
            -0.7473266124725342,
            -0.04229894280433655,
            -0.6631197929382324,
            1.5825097560882568
          ],
          [
            0.0,
            0.0,
            0.0,
            1.0
          ]
        ]
      },
      "bone_length_armature_space": 0.02851439323326941,
      "parent": "metacarpal_index_l",
      "has_children": true,
      "is_end_bone": false
    },
    "index_02_l": {
      "name": "index_02_l",
      "local": {
        "location": {
          "x": 0.0,
          "y": 0.0,
          "z": 0.0
        },
        "rotation_quaternion": {
          "w": 0.927980899810791,
          "x": 0.3726101815700531,
          "y": 0.0035404448863118887,
          "z": 0.0007397476583719254
        },
        "scale": {
          "x": 1.0,
          "y": 1.0,
          "z": 1.0
        },
        "matrix_basis": [
          [
            0.9999738335609436,
            0.0012654681922867894,
            0.0071222055703401566,
            0.0
          ],
          [
            0.004011354874819517,
            0.7223222255706787,
            -0.6915450096130371,
            0.0
          ],
          [
            -0.006019655615091324,
            0.6915555000305176,
            0.722298264503479,
            0.0
          ],
          [
            0.0,
            0.0,
            0.0,
            1.0
          ]
        ],
        "rotation_mode": "QUATERNION"
      },
      "armature_space": {
        "head": {
          "x": 0.11901060491800308,
          "y": -0.6391202807426453,
          "z": 0.6314495801925659
        },
        "tail": {
          "x": 0.09866824746131897,
          "y": -0.6494680047035217,
          "z": 0.6197361350059509
        }
      },
      "world_space": {
        "head": {
          "x": 0.11901060491800308,
          "y": -0.5758762955665588,
          "z": 1.581303596496582
        },
        "tail": {
          "x": 0.09866824746131897,
          "y": -0.5862240195274353,
          "z": 1.5695900917053223
        },
        "rotation_quaternion": {
          "w": 0.43287113308906555,
          "x": -0.7739611864089966,
          "y": 0.33307382464408875,
          "z": 0.3204193711280823
        },
        "matrix": [
          [
            0.5727867484092712,
            -0.792973518371582,
            -0.20762717723846436,
            0.11901060491800308
          ],
          [
            -0.238174170255661,
            -0.4033691883087158,
            0.8834968209266663,
            -0.5758762955665588
          ],
          [
            -0.7843454480171204,
            -0.45660698413848877,
            -0.4199122488498688,
            1.581303596496582
          ],
          [
            0.0,
            0.0,
            0.0,
            1.0
          ]
        ]
      },
      "bone_length_armature_space": 0.0256532979574879,
      "parent": "index_01_l",
      "has_children": true,
      "is_end_bone": false
    },
    "index_03_l": {
      "name": "index_03_l",
      "local": {
        "location": {
          "x": 0.0,
          "y": 0.0,
          "z": 0.0
        },
        "rotation_quaternion": {
          "w": 0.9608968496322632,
          "x": 0.27688708901405334,
          "y": 0.00329779414460063,
          "z": 9.208555275108665e-05
        },
        "scale": {
          "x": 1.0,
          "y": 1.0,
          "z": 1.0
        },
        "matrix_basis": [
          [
            0.999978244304657,
            0.0016492637805640697,
            0.0063886744901537895,
            0.0
          ],
          [
            0.0020032026804983616,
            0.8466670513153076,
            -0.5321192741394043,
            0.0
          ],
          [
            -0.0062866853550076485,
            0.5321204662322998,
            0.8466453552246094,
            0.0
          ],
          [
            0.0,
            0.0,
            0.0,
            1.0
          ]
        ],
        "rotation_mode": "QUATERNION"
      },
      "armature_space": {
        "head": {
          "x": 0.09866826981306076,
          "y": -0.6494681239128113,
          "z": 0.6197361946105957
        },
        "tail": {
          "x": 0.07862723618745804,
          "y": -0.6440026164054871,
          "z": 0.5991881489753723
        }
      },
      "world_space": {
        "head": {
          "x": 0.09866826981306076,
          "y": -0.5862241387367249,
          "z": 1.5695902109146118
        },
        "tail": {
          "x": 0.07862723618745804,
          "y": -0.5807586312294006,
          "z": 1.5490422248840332
        },
        "rotation_quaternion": {
          "w": 0.6652900576591492,
          "x": -0.6186060905456543,
          "y": 0.3884812891483307,
          "z": 0.15426625311374664
        },
        "matrix": [
          [
            0.6505674123764038,
            -0.6858978867530823,
            0.32604730129241943,
            0.09866826981306076
          ],
          [
            -0.27537378668785095,
            0.18705588579177856,
            0.9429632425308228,
            -0.5862241387367249
          ],
          [
            -0.7077705264091492,
            -0.7032502889633179,
            -0.0671854317188263,
            1.5695902109146118
          ],
          [
            0.0,
            0.0,
            0.0,
            1.0
          ]
        ]
      },
      "bone_length_armature_space": 0.02921877785738883,
      "parent": "index_02_l",
      "has_children": false,
      "is_end_bone": true
    },
    "metacarpal_pinky_l": {
      "name": "metacarpal_pinky_l",
      "local": {
        "location": {
          "x": 0.0,
          "y": 0.0,
          "z": 0.0
        },
        "rotation_quaternion": {
          "w": 0.9999576807022095,
          "x": -0.007901190780103207,
          "y": 0.0022584993857890368,
          "z": 0.00413472531363368
        },
        "scale": {
          "x": 1.0,
          "y": 1.0,
          "z": 1.0
        },
        "matrix_basis": [
          [
            0.9999555945396423,
            -0.00830479059368372,
            0.004451469052582979,
            0.0
          ],
          [
            0.008233411237597466,
            0.9998409748077393,
            0.015820389613509178,
            0.0
          ],
          [
            -0.004582146182656288,
            -0.0157830361276865,
            0.999864935874939,
            0.0
          ],
          [
            0.0,
            0.0,
            0.0,
            1.0
          ]
        ],
        "rotation_mode": "QUATERNION"
      },
      "armature_space": {
        "head": {
          "x": 0.18374019861221313,
          "y": -0.5196641683578491,
          "z": 0.5857611894607544
        },
        "tail": {
          "x": 0.1898728460073471,
          "y": -0.6215505003929138,
          "z": 0.6063715815544128
        }
      },
      "world_space": {
        "head": {
          "x": 0.18374019861221313,
          "y": -0.4564201831817627,
          "z": 1.5356152057647705
        },
        "tail": {
          "x": 0.1898728460073471,
          "y": -0.5583065152168274,
          "z": 1.5562255382537842
        },
        "rotation_quaternion": {
          "w": 0.023649806156754494,
          "x": -0.05902407318353653,
          "y": -0.10108285397291183,
          "z": -0.9928440451622009
        },
        "matrix": [
          [
            -0.9919140338897705,
            0.058893706649541855,
            0.11242201924324036,
            0.18374019861221313
          ],
          [
            -0.03502858057618141,
            -0.9784460663795471,
            0.20351125299930573,
            -0.4564201831817627
          ],
          [
            0.1219855472445488,
            0.19792813062667847,
            0.9726037979125977,
            1.5356152057647705
          ],
          [
            0.0,
            0.0,
            0.0,
            1.0
          ]
        ]
      },
      "bone_length_armature_space": 0.1041307959546716,
      "parent": "lowerarm_l",
      "has_children": true,
      "is_end_bone": false
    },
    "pinky_01_l": {
      "name": "pinky_01_l",
      "local": {
        "location": {
          "x": 0.0,
          "y": 0.0,
          "z": 0.0
        },
        "rotation_quaternion": {
          "w": 0.9541599154472351,
          "x": 0.2985483407974243,
          "y": -0.01961369626224041,
          "z": -0.007953916676342487
        },
        "scale": {
          "x": 1.0,
          "y": 1.0,
          "z": 1.0
        },
        "matrix_basis": [
          [
            0.9991040825843811,
            0.003467343980446458,
            -0.04217846319079399,
            0.0
          ],
          [
            -0.026889890432357788,
            0.821611225605011,
            -0.5694137215614319,
            0.0
          ],
          [
            0.03267994895577431,
            0.5700377225875854,
            0.8209683895111084,
            0.0
          ],
          [
            0.0,
            0.0,
            0.0,
            1.0
          ]
        ],
        "rotation_mode": "QUATERNION"
      },
      "armature_space": {
        "head": {
          "x": 0.1898728460073471,
          "y": -0.6215505003929138,
          "z": 0.6063715815544128
        },
