{
  "metadata": {
    "armature_name": "KIM_caucasian_male",
    "export_time": "2026-01-13T21:02:16.051297",
    "blender_version": "4.4.1",
    "bone_count": 56,
    "end_bone_count": 13,
    "spaces_included": [
      "LOCAL_CHANNELS",
      "ARMATURE_SPACE",
      "WORLD_SPACE"
    ],
    "note": "LOCAL matches Transform panel; replay pose via local.matrix_basis for best fidelity."
  },
  "bones": {
    "Root": {
      "name": "Root",
      "local": {
        "location": {
          "x": 0.0,
          "y": 0.0,
          "z": 0.0
        },
        "rotation_quaternion": {
          "w": 0.999845027923584,
          "x": -0.007535118609666824,
          "y": -0.006728127133101225,
          "z": -0.014422833919525146
        },
        "scale": {
          "x": 1.0,
          "y": 1.0,
          "z": 1.0
        },
        "matrix_basis": [
          [
            0.999493420124054,
            0.028942592442035675,
            -0.013236813247203827,
            0.0
          ],
          [
            -0.028739802539348602,
            0.9994704127311707,
            0.015261978842318058,
            0.0
          ],
          [
            0.013671524822711945,
            -0.014873824082314968,
            0.9997959136962891,
            0.0
          ],
          [
            0.0,
            0.0,
            0.0,
            1.0
          ]
        ],
        "rotation_mode": "QUATERNION"
      },
      "armature_space": {
        "head": {
          "x": 0.0,
          "y": 0.07072800397872925,
          "z": -0.009595036506652832
        },
        "tail": {
          "x": 0.0020658026915043592,
          "y": 0.000180169939994812,
          "z": 0.0010469211265444756
        }
      },
      "world_space": {
        "head": {
          "x": 0.0,
          "y": 0.13397200405597687,
          "z": 0.9402589797973633
        },
        "tail": {
          "x": 0.0020658026915043592,
          "y": 0.06342417001724243,
          "z": 0.9509009122848511
        },
        "rotation_quaternion": {
          "w": 0.07487520575523376,
          "x": 0.9970659017562866,
          "y": 0.01393680926412344,
          "z": -0.007684479467570782
        },
        "matrix": [
          [
            0.999493420124054,
            0.028942592442035675,
            -0.013236813247203827,
            0.0
          ],
          [
            0.026641076430678368,
            -0.9883989095687866,
            -0.1495257019996643,
            0.13397200405597687
          ],
          [
            -0.017411008477211,
            0.14909741282463074,
            -0.9886763095855713,
            0.9402589797973633
          ],
          [
            0.0,
            0.0,
            0.0,
            1.0
          ]
        ]
      },
      "bone_length_armature_space": 0.07137587470159629,
      "parent": null,
      "has_children": true,
      "is_end_bone": false
    },
    "spine_01": {
      "name": "spine_01",
      "local": {
        "location": {
          "x": 0.0,
          "y": 0.0,
          "z": 0.0
        },
        "rotation_quaternion": {
          "w": 0.9916177988052368,
          "x": 0.09587398171424866,
          "y": 0.06772405654191971,
          "z": -0.053998809307813644
        },
        "scale": {
          "x": 1.0,
          "y": 1.0,
          "z": 1.0
        },
        "matrix_basis": [
          [
            0.9849951863288879,
            0.12007831037044525,
            0.12395859509706497,
            0.0
          ],
          [
            -0.09410641342401505,
            0.9757845997810364,
            -0.19745473563671112,
            0.0
          ],
          [
            -0.14466692507266998,
            0.18282665312290192,
            0.9724432826042175,
            0.0
          ],
          [
            0.0,
            0.0,
            0.0,
            1.0
          ]
        ],
        "rotation_mode": "QUATERNION"
      },
      "armature_space": {
        "head": {
          "x": 0.0020658026915043592,
          "y": 0.000180169939994812,
          "z": 0.0010469211265444756
        },
        "tail": {
          "x": 0.0705939382314682,
          "y": -0.05775269493460655,
          "z": 0.48073020577430725
        }
      },
      "world_space": {
        "head": {
          "x": 0.0020658026915043592,
          "y": 0.06342417001724243,
          "z": 0.9509009122848511
        },
        "tail": {
          "x": 0.0705939382314682,
          "y": 0.0054913051426410675,
          "z": 1.430584192276001
        },
        "rotation_quaternion": {
          "w": 0.6559231281280518,
          "x": 0.7478446960449219,
          "y": 0.10201629996299744,
          "z": 0.00926835648715496
        },
        "matrix": [
          [
            0.9790134429931641,
            0.1404261589050293,
            0.14769311249256134,
            0.0020658026915043592
          ],
          [
            0.16474415361881256,
            -0.1187145859003067,
            -0.9791662096977234,
            0.06342417001724243
          ],
          [
            -0.11996790766716003,
            0.9829550981521606,
            -0.13935944437980652,
            0.9509009122848511
          ],
          [
            0.0,
            0.0,
            0.0,
            1.0
          ]
        ]
      },
      "bone_length_armature_space": 0.488004472012401,
      "parent": "Root",
      "has_children": true,
      "is_end_bone": false
    },
    "neck_01": {
      "name": "neck_01",
      "local": {
        "location": {
          "x": 0.0,
          "y": 0.0,
          "z": 0.0
        },
        "rotation_quaternion": {
          "w": 0.9951688051223755,
          "x": -0.09444717317819595,
          "y": 0.016888326033949852,
          "z": -0.020822035148739815
        },
        "scale": {
          "x": 1.0,
          "y": 1.0,
          "z": 1.0
        },
        "matrix_basis": [
          [
            0.9985624551773071,
            0.03825277090072632,
            0.037546634674072266,
            0.0
          ],
          [
            -0.044632989913225174,
            0.9812923669815063,
            0.18727846443653107,
            0.0
          ],
          [
            -0.02968030609190464,
            -0.18868505954742432,
            0.9815890192985535,
            0.0
          ],
          [
            0.0,
            0.0,
            0.0,
            1.0
          ]
        ],
        "rotation_mode": "QUATERNION"
      },
      "armature_space": {
        "head": {
          "x": 0.08599779009819031,
          "y": -0.10040271282196045,
          "z": 0.5478675961494446
        },
        "tail": {
          "x": 0.10697287321090698,
          "y": -0.13157901167869568,
          "z": 0.6432554125785828
        }
      },
      "world_space": {
        "head": {
          "x": 0.08599779009819031,
          "y": -0.03715871274471283,
          "z": 1.4977216720581055
        },
        "tail": {
          "x": 0.10697287321090698,
          "y": -0.06833501160144806,
          "z": 1.593109369277954
        },
        "rotation_quaternion": {
          "w": 0.5757351517677307,
          "x": 0.8074914216995239,
          "y": 0.12837818264961243,
          "z": 0.0023764928337186575
        },
        "matrix": [
          [
            0.9670267105102539,
            0.20459236204624176,
            0.1516626477241516,
            0.08599779009819031
          ],
          [
            0.210066020488739,
            -0.30409568548202515,
            -0.9291924238204956,
            -0.03715871274471283
          ],
          [
            -0.14398649334907532,
            0.9304189682006836,
            -0.33704981207847595,
            1.4977216720581055
          ],
          [
            0.0,
            0.0,
            0.0,
            1.0
          ]
        ]
      },
      "bone_length_armature_space": 0.10252195368813778,
      "parent": "spine_01",
      "has_children": true,
      "is_end_bone": false
    },
    "head": {
      "name": "head",
      "local": {
        "location": {
          "x": 0.0,
          "y": 0.0,
          "z": 0.0
        },
        "rotation_quaternion": {
          "w": 0.981560230255127,
          "x": 0.013456780463457108,
          "y": -0.16947083175182343,
          "z": -0.08739666640758514
        },
        "scale": {
          "x": 1.0,
          "y": 1.0,
          "z": 1.0
        },
        "matrix_basis": [
          [
            0.9272829294204712,
            0.1670091152191162,
            -0.3350438177585602,
            0.0
          ],
          [
            -0.1761312484741211,
            0.984361469745636,
            0.0032050905283540487,
            0.0
          ],
          [
            0.3303394913673401,
            0.05603965371847153,
            0.9421970844268799,
            0.0
          ],
          [
            0.0,
            0.0,
            0.0,
            1.0
          ]
        ],
        "rotation_mode": "QUATERNION"
      },
      "armature_space": {
        "head": {
          "x": 0.10697288066148758,
          "y": -0.13157913088798523,
          "z": 0.6432552337646484
        },
        "tail": {
          "x": 0.15454435348510742,
          "y": -0.12672865390777588,
          "z": 0.7907906770706177
        }
      },
      "world_space": {
        "head": {
          "x": 0.10697288066148758,
          "y": -0.06833513081073761,
          "z": 1.5931092500686646
        },
        "tail": {
          "x": 0.15454435348510742,
          "y": -0.06348465383052826,
          "z": 1.7406446933746338
        },
        "rotation_quaternion": {
          "w": 0.7154383659362793,
          "x": 0.678243100643158,
          "y": 0.06152461841702461,
          "z": -0.15604202449321747
        },
        "matrix": [
          [
            0.9437311291694641,
            0.30673420429229736,
            -0.12363654375076294,
            0.10697288066148758
          ],
          [
            -0.13982172310352325,
            0.03127523884177208,
            -0.9896828532218933,
            -0.06833513081073761
          ],
          [
            -0.29970505833625793,
            0.951288104057312,
            0.0724029690027237,
            1.5931092500686646
          ],
          [
            0.0,
            0.0,
            0.0,
            1.0
          ]
        ]
      },
      "bone_length_armature_space": 0.15509119693539516,
      "parent": "neck_01",
      "has_children": false,
      "is_end_bone": true
    },
    "upperarm_l": {
      "name": "upperarm_l",
      "local": {
        "location": {
          "x": 0.0,
          "y": 0.0,
          "z": 0.0
        },
        "rotation_quaternion": {
          "w": 0.8603576421737671,
          "x": -0.13692434132099152,
          "y": 0.48000043630599976,
          "z": 0.1031317412853241
        },
        "scale": {
          "x": 1.0,
          "y": 1.0,
          "z": 1.0
        },
        "matrix_basis": [
          [
            0.5179268717765808,
            -0.3089078366756439,
            0.7977015972137451,
            0.0
          ],
          [
            0.04601287469267845,
            0.9412311315536499,
            0.3346143662929535,
            0.0
          ],
          [
            -0.8541865944862366,
            -0.13660123944282532,
            0.501702606678009,
            0.0
          ],
          [
            0.0,
            0.0,
            0.0,
            1.0
          ]
        ],
        "rotation_mode": "QUATERNION"
      },
      "armature_space": {
        "head": {
          "x": 0.22388310730457306,
          "y": -0.07083523273468018,
          "z": 0.4633658230304718
        },
        "tail": {
          "x": 0.47543489933013916,
          "y": 0.005015157163143158,
          "z": 0.5160544514656067
        }
      },
      "world_space": {
        "head": {
          "x": 0.22388310730457306,
          "y": -0.007591232657432556,
          "z": 1.4132198095321655
        },
        "tail": {
          "x": 0.47543489933013916,
          "y": 0.06825915724039078,
          "z": 1.4659085273742676
        },
        "rotation_quaternion": {
          "w": 0.2106507420539856,
          "x": 0.597659707069397,
          "y": 0.772757887840271,
          "z": -0.03569894656538963
        },
        "matrix": [
          [
            -0.1968574970960617,
            0.9387331008911133,
            0.28289109468460083,
            0.22388310730457306
          ],
          [
            0.9086523056030273,
            0.2830561399459839,
            -0.30697017908096313,
            -0.007591232657432556
          ],
          [
            -0.36823877692222595,
            0.1966218203306198,
            -0.908710241317749,
            1.4132198095321655
          ],
          [
            0.0,
            0.0,
            0.0,
            1.0
          ]
        ]
      },
      "bone_length_armature_space": 0.26796955606906536,
      "parent": "spine_01",
      "has_children": true,
      "is_end_bone": false
    },
    "lowerarm_l": {
      "name": "lowerarm_l",
      "local": {
        "location": {
          "x": 0.0,
          "y": 0.0,
          "z": 0.0
        },
        "rotation_quaternion": {
          "w": 0.9859349131584167,
          "x": 0.1643655002117157,
          "y": -0.01611444540321827,
          "z": -0.02562626823782921
        },
        "scale": {
          "x": 1.0,
          "y": 1.0,
          "z": 1.0
        },
        "matrix_basis": [
          [
            0.9981672167778015,
            0.04523434862494469,
            -0.04019973799586296,
            0.0
          ],
          [
            -0.05582898110151291,
            0.9446545243263245,
            -0.323281466960907,
            0.0
          ],
          [
            0.023351440206170082,
            0.3249332904815674,
            0.945448637008667,
            0.0
          ],
          [
            0.0,
            0.0,
            0.0,
            1.0
          ]
        ],
        "rotation_mode": "QUATERNION"
      },
      "armature_space": {
        "head": {
          "x": 0.4754350185394287,
          "y": 0.005015060305595398,
          "z": 0.5160544514656067
        },
        "tail": {
          "x": 0.7373771667480469,
          "y": 0.021074948832392693,
          "z": 0.464114248752594
        }
      },
      "world_space": {
        "head": {
          "x": 0.4754350185394287,
          "y": 0.06825906038284302,
          "z": 1.4659085273742676
        },
        "tail": {
          "x": 0.7373771667480469,
          "y": 0.08431895077228546,
          "z": 1.4139683246612549
        },
        "rotation_quaternion": {
          "w": 0.13130825757980347,
          "x": 0.6373834013938904,
          "y": 0.7160829901695251,
          "z": -0.2524397671222687
        },
        "matrix": [
          [
            -0.15300041437149048,
            0.9791332483291626,
            -0.1337488889694214,
            0.4754350185394287
          ],
          [
            0.8465445041656494,
            0.0600314736366272,
            -0.5289225578308105,
            0.06825906038284302
          ],
          [
            -0.5098591446876526,
            -0.19415120780467987,
            -0.8380711078643799,
            1.4659085273742676
          ],
          [
            0.0,
            0.0,
            0.0,
            1.0
          ]
        ]
      },
      "bone_length_armature_space": 0.2675245602970475,
      "parent": "upperarm_l",
      "has_children": true,
      "is_end_bone": false
    },
    "metacarpal_thumb_l": {
      "name": "metacarpal_thumb_l",
      "local": {
        "location": {
          "x": 0.0,
          "y": 0.0,
          "z": 0.0
        },
        "rotation_quaternion": {
          "w": 0.9998276233673096,
          "x": -0.018083909526467323,
          "y": 0.004045277833938599,
          "z": -0.0011228950461372733
        },
        "scale": {
          "x": 1.0,
          "y": 1.0,
          "z": 1.0
        },
        "matrix_basis": [
          [
            0.9999647736549377,
            0.002099093981087208,
            0.008129773661494255,
            0.0
          ],
          [
            -0.0023917118087410927,
            0.9993433952331543,
            0.03615250065922737,
            0.0
          ],
          [
            -0.008048548363149166,
            -0.03617066890001297,
            0.999313235282898,
            0.0
          ],
          [
            0.0,
            0.0,
            0.0,
            1.0
          ]
        ],
        "rotation_mode": "QUATERNION"
      },
      "armature_space": {
        "head": {
          "x": 0.7373771667480469,
          "y": 0.021074948832392693,
          "z": 0.464114248752594
        },
        "tail": {
          "x": 0.7709531784057617,
          "y": 0.014204772189259529,
          "z": 0.4283503592014313
        }
      },
      "world_space": {
        "head": {
          "x": 0.7373771667480469,
          "y": 0.08431895077228546,
          "z": 1.4139683246612549
        },
        "tail": {
          "x": 0.7709531784057617,
          "y": 0.077448770403862,
          "z": 1.378204345703125
        },
        "rotation_quaternion": {
          "w": 0.5224299430847168,
          "x": -0.7504846453666687,
          "y": -0.3971376121044159,
          "z": -0.07824062556028366
        },
        "matrix": [
          [
            0.6723187565803528,
            0.6778419613838196,
            -0.2975187301635742,
            0.7373771667480469
          ],
          [
            0.5143439173698425,
            -0.13869710266590118,
            0.8462942242622375,
            0.08431895077228546
          ],
          [
            0.5323929786682129,
            -0.7220116257667542,
            -0.4418947994709015,
            1.4139683246612549
          ],
          [
            0.0,
            0.0,
            0.0,
            1.0
          ]
        ]
      },
      "bone_length_armature_space": 0.04953386397098789,
      "parent": "lowerarm_l",
      "has_children": true,
      "is_end_bone": false
    },
    "thumb_01_l": {
      "name": "thumb_01_l",
      "local": {
        "location": {
          "x": 0.0,
          "y": 0.0,
          "z": 0.0
        },
        "rotation_quaternion": {
          "w": 0.999735414981842,
          "x": -0.009241662919521332,
          "y": 0.02104191668331623,
          "z": 0.0010073974262923002
        },
        "scale": {
          "x": 1.0,
          "y": 1.0,
          "z": 1.0
        },
        "matrix_basis": [
          [
            0.9991124272346497,
            -0.0024031864013522863,
            0.042054079473018646,
            0.0
          ],
          [
            0.0016253371722996235,
            0.9998271465301514,
            0.01852083019912243,
            0.0
          ],
          [
            -0.04209131747484207,
            -0.018436040729284286,
            0.9989436864852905,
            0.0
          ],
          [
            0.0,
            0.0,
            0.0,
            1.0
          ]
        ],
        "rotation_mode": "QUATERNION"
      },
      "armature_space": {
        "head": {
          "x": 0.7709531784057617,
          "y": 0.014204772189259529,
          "z": 0.4283503592014313
        },
        "tail": {
          "x": 0.7754101753234863,
          "y": 0.03001631610095501,
          "z": 0.39853817224502563
        }
      },
      "world_space": {
        "head": {
          "x": 0.7709531784057617,
          "y": 0.077448770403862,
          "z": 1.378204345703125
        },
        "tail": {
          "x": 0.7754101753234863,
          "y": 0.09326031804084778,
          "z": 1.3483922481536865
        },
        "rotation_quaternion": {
          "w": 0.7966191172599792,
          "x": -0.44846412539482117,
          "y": 0.3125014007091522,
          "z": -0.25811001658439636
        },
        "matrix": [
          [
            0.6714440584182739,
            0.13094036281108856,
            0.7293950319290161,
            0.7709531784057617
          ],
          [
            -0.6915224194526672,
            0.46451833844184875,
            0.5531907677650452,
            0.077448770403862
          ],
          [
            -0.26638489961624146,
            -0.8758352994918823,
            0.4024496376514435,
            1.378204345703125
          ],
          [
            0.0,
            0.0,
            0.0,
            1.0
          ]
        ]
      },
      "bone_length_armature_space": 0.03403874615462941,
      "parent": "metacarpal_thumb_l",
      "has_children": true,
      "is_end_bone": false
    },
    "thumb_02_l": {
      "name": "thumb_02_l",
      "local": {
        "location": {
          "x": 0.0,
          "y": 0.0,
          "z": 0.0
        },
        "rotation_quaternion": {
          "w": 0.9970813989639282,
          "x": 0.07561857998371124,
          "y": -0.010449998080730438,
          "z": 0.0011959015391767025
        },
        "scale": {
          "x": 1.0,
          "y": 1.0,
          "z": 1.0
        },
        "matrix_basis": [
          [
            0.9997787475585938,
            -0.003965250216424465,
            -0.020658133551478386,
            0.0
          ],
          [
            0.0008043943089433014,
            0.9885607957839966,
            -0.1508207470178604,
            0.0
          ],
          [
            0.021019862964749336,
            0.15077076852321625,
            0.9883452653884888,
            0.0
          ],
          [
            0.0,
            0.0,
            0.0,
            1.0
          ]
        ],
        "rotation_mode": "QUATERNION"
      },
      "armature_space": {
        "head": {
          "x": 0.7754101157188416,
          "y": 0.030016306787729263,
          "z": 0.39853817224502563
        },
        "tail": {
          "x": 0.8144835233688354,
          "y": 0.03292570635676384,
          "z": 0.38970720767974854
        }
      },
      "world_space": {
        "head": {
          "x": 0.7754101157188416,
          "y": 0.09326030313968658,
          "z": 1.3483922481536865
        },
        "tail": {
          "x": 0.8144835233688354,
          "y": 0.09616971015930176,
          "z": 1.3395612239837646
        },
        "rotation_quaternion": {
          "w": 0.701113224029541,
          "x": 0.04795890673995018,
          "y": 0.21132832765579224,
          "z": -0.679323673248291
        },
        "matrix": [
          [
            -0.012281369417905807,
            0.9728360772132874,
            0.23116816580295563,
            0.7754101157188416
          ],
          [
            -0.9322953224182129,
            0.07243725657463074,
            -0.3543708920478821,
            0.09326030313968658
          ],
          [
            -0.3614934980869293,
            -0.21987061202526093,
            0.9060868620872498,
            1.3483922481536865
          ],
          [
            0.0,
            0.0,
            0.0,
            1.0
          ]
        ]
      },
      "bone_length_armature_space": 0.040164433544496066,
      "parent": "thumb_01_l",
      "has_children": true,
      "is_end_bone": false
    },
    "thumb_03_l": {
      "name": "thumb_03_l",
      "local": {
        "location": {
          "x": 0.0,
          "y": 0.0,
          "z": 0.0
        },
        "rotation_quaternion": {
          "w": 0.9980217218399048,
          "x": 0.06285633891820908,
          "y": 0.001214990159496665,
          "z": 0.0004615657962858677
        },
        "scale": {
          "x": 1.0,
          "y": 1.0,
          "z": 1.0
        },
        "matrix_basis": [
          [
            0.9999966025352478,
            -0.0007685656892135739,
            0.002483197720721364,
            0.0
          ],
          [
            0.0010740450816228986,
            0.9920977354049683,
            -0.1254628598690033,
            0.0
          ],
          [
            -0.002367148408666253,
            0.12546510994434357,
            0.9920952320098877,
            0.0
          ],
          [
            0.0,
            0.0,
            0.0,
            1.0
          ]
        ],
        "rotation_mode": "QUATERNION"
      },
      "armature_space": {
        "head": {
          "x": 0.8144834637641907,
          "y": 0.032925672829151154,
          "z": 0.38970711827278137
        },
        "tail": {
          "x": 0.8443835377693176,
          "y": 0.03400873765349388,
          "z": 0.39533767104148865
        }
      },
      "world_space": {
        "head": {
          "x": 0.8144834637641907,
          "y": 0.09616967290639877,
          "z": 1.339561104774475
        },
        "tail": {
          "x": 0.8443835377693176,
          "y": 0.0972527414560318,
          "z": 1.3451917171478271
        },
        "rotation_quaternion": {
          "w": 0.6877526640892029,
          "x": 0.3235207200050354,
          "y": 0.2116246372461319,
          "z": -0.6144475340843201
        },
        "matrix": [
          [
            0.15533699095249176,
            0.9821053743362427,
            -0.1064850315451622,
            0.8144834637641907
          ],
          [
            -0.7082472443580627,
            0.03557457774877548,
            -0.7050679326057434,
            0.09616967290639877
          ],
          [
            -0.6886683702468872,
            0.18494218587875366,
            0.701103687286377,
            1.339561104774475
          ],
          [
            0.0,
            0.0,
            0.0,
            1.0
          ]
        ]
      },
      "bone_length_armature_space": 0.030444877866220743,
      "parent": "thumb_02_l",
      "has_children": false,
      "is_end_bone": true
    },
    "metacarpal_index_l": {
      "name": "metacarpal_index_l",
      "local": {
        "location": {
          "x": 0.0,
          "y": 0.0,
          "z": 0.0
        },
        "rotation_quaternion": {
          "w": 0.9986876845359802,
          "x": -0.04777010530233383,
          "y": -0.009049855172634125,
          "z": -0.016101190820336342
        },
        "scale": {
          "x": 1.0,
          "y": 1.0,
          "z": 1.0
        },
        "matrix_basis": [
          [
            0.9993177056312561,
            0.03302474692463875,
            -0.01653764583170414,
            0.0
          ],
          [
            -0.031295496970415115,
            0.9949175119400024,
            0.0957062616944313,
            0.0
          ],
          [
            0.019614268094301224,
            -0.09512340277433395,
            0.9952722191810608,
            0.0
          ],
          [
            0.0,
            0.0,
            0.0,
            1.0
          ]
        ],
        "rotation_mode": "QUATERNION"
      },
      "armature_space": {
        "head": {
          "x": 0.7373771667480469,
          "y": 0.021074948832392693,
          "z": 0.464114248752594
        },
        "tail": {
          "x": 0.8457249999046326,
          "y": 0.013171135447919369,
          "z": 0.4202107787132263
        }
      },
      "world_space": {
        "head": {
          "x": 0.7373771667480469,
          "y": 0.08431895077228546,
          "z": 1.4139683246612549
        },
        "tail": {
          "x": 0.8457249999046326,
          "y": 0.07641513645648956,
          "z": 1.3700647354125977
        },
        "rotation_quaternion": {
          "w": 0.25211140513420105,
          "x": -0.7305499315261841,
          "y": -0.6345957517623901,
          "z": 0.004986859858036041
        },
        "matrix": [
          [
            0.1945251077413559,
            0.924692690372467,
            -0.32726606726646423,
            0.7373771667480469
          ],
          [
            0.9297236204147339,
            -0.06745494902133942,
            0.3620281517505646,
            0.08431895077228546
          ],
          [
            0.31269222497940063,
            -0.3746933937072754,
            -0.8728359937667847,
            1.4139683246612549
          ],
          [
            0.0,
            0.0,
            0.0,
            1.0
          ]
        ]
      },
      "bone_length_armature_space": 0.11717183112653805,
      "parent": "lowerarm_l",
      "has_children": true,
      "is_end_bone": false
    },
    "index_01_l": {
      "name": "index_01_l",
      "local": {
        "location": {
          "x": 0.0,
          "y": 0.0,
          "z": 0.0
        },
        "rotation_quaternion": {
          "w": 0.9927619695663452,
          "x": -0.11901883780956268,
          "y": 0.016039645299315453,
          "z": 0.0010446462547406554
        },
        "scale": {
          "x": 1.0,
          "y": 1.0,
          "z": 1.0
        },
        "matrix_basis": [
          [
            0.9994832873344421,
            -0.005892210174351931,
            0.03159843385219574,
            0.0
          ],
          [
            -0.0017438697395846248,
            0.9716668725013733,
            0.2363482564687729,
            0.0
          ],
          [
            -0.032095763832330704,
            -0.23628124594688416,
            0.971154510974884,
            0.0
          ],
          [
            0.0,
            0.0,
            0.0,
            1.0
          ]
        ],
        "rotation_mode": "QUATERNION"
      },
      "armature_space": {
        "head": {
          "x": 0.8457249999046326,
          "y": 0.013171135447919369,
          "z": 0.4202107787132263
        },
        "tail": {
          "x": 0.8739791512489319,
          "y": 0.016096103936433792,
          "z": 0.4227038323879242
        }
      },
      "world_space": {
        "head": {
          "x": 0.8457249999046326,
          "y": 0.07641513645648956,
          "z": 1.3700647354125977
        },
        "tail": {
          "x": 0.8739791512489319,
          "y": 0.07934010028839111,
          "z": 1.3725578784942627
        },
        "rotation_quaternion": {
          "w": 0.1485169380903244,
          "x": -0.642004132270813,
          "y": -0.7274840474128723,
          "z": -0.19115571677684784
        },
        "matrix": [
          [
            -0.13154634833335876,
            0.9908750057220459,
            0.029360905289649963,
            0.8457249999046326
          ],
          [
            0.8773165345191956,
            0.10257872194051743,
            0.46882182359695435,
            0.07641513645648956
          ],
          [
            0.4615362286567688,
            0.0874311700463295,
            -0.8828104734420776,
            1.3700647354125977
          ],
          [
            0.0,
            0.0,
            0.0,
            1.0
          ]
        ]
      },
      "bone_length_armature_space": 0.028514343993797726,
      "parent": "metacarpal_index_l",
      "has_children": true,
      "is_end_bone": false
    },
    "index_02_l": {
      "name": "index_02_l",
      "local": {
        "location": {
          "x": 0.0,
          "y": 0.0,
          "z": 0.0
        },
        "rotation_quaternion": {
          "w": 0.9997965097427368,
          "x": 0.016841264441609383,
          "y": -0.011085647158324718,
          "z": -0.0007133531617000699
        },
        "scale": {
          "x": 1.0,
          "y": 1.0,
          "z": 1.0
        },
        "matrix_basis": [
          [
            0.9997531771659851,
            0.0010530233848839998,
            -0.02219081111252308,
            0.0
          ],
          [
            -0.001799808582291007,
            0.9994317293167114,
            -0.033659860491752625,
            0.0
          ],
          [
            0.02214275486767292,
            0.033691491931676865,
            0.9991869330406189,
            0.0
          ],
          [
            0.0,
            0.0,
            0.0,
            1.0
          ]
        ],
        "rotation_mode": "QUATERNION"
      },
      "armature_space": {
        "head": {
          "x": 0.8739795684814453,
          "y": 0.016096081584692,
          "z": 0.42270347476005554
        },
        "tail": {
          "x": 0.899285614490509,
          "y": 0.019389817491173744,
          "z": 0.42531970143318176
        }
      },
      "world_space": {
        "head": {
          "x": 0.8739795684814453,
          "y": 0.07934008538722992,
          "z": 1.372557520866394
        },
        "tail": {
          "x": 0.899285614490509,
          "y": 0.08263381570577621,
          "z": 1.3751736879348755
        },
        "rotation_quaternion": {
          "w": 0.11274290829896927,
          "x": -0.6390249133110046,
          "y": -0.742621660232544,
          "z": -0.16567839682102203
        },
        "matrix": [
          [
            -0.15787194669246674,
            0.9864653944969177,
            0.044297028332948685,
            0.8739795684814453
          ],
          [
            0.9117500185966492,
            0.12839438021183014,
            0.3901630640029907,
            0.07934008538722992
          ],
          [
            0.37919852137565613,
            0.10198429971933365,
            -0.9196857810020447,
            1.372557520866394
          ],
          [
            0.0,
            0.0,
            0.0,
            1.0
          ]
        ]
      },
      "bone_length_armature_space": 0.025653251433820395,
      "parent": "index_01_l",
      "has_children": true,
      "is_end_bone": false
    },
    "index_03_l": {
      "name": "index_03_l",
      "local": {
        "location": {
          "x": 0.0,
          "y": 0.0,
          "z": 0.0
        },
        "rotation_quaternion": {
          "w": 0.9999245405197144,
          "x": 0.01100264210253954,
          "y": -0.0019439845345914364,
          "z": 0.005109965335577726
        },
        "scale": {
          "x": 1.0,
          "y": 1.0,
          "z": 1.0
        },
        "matrix_basis": [
          [
            0.9999402165412903,
            -0.01026193704456091,
            -0.0037752294447273016,
            0.0
          ],
          [
            0.010176381096243858,
            0.9997056722640991,
            -0.02202349156141281,
            0.0
          ],
          [
            0.0040001217275857925,
            0.021983755752444267,
            0.9997503161430359,
            0.0
          ],
          [
            0.0,
            0.0,
            0.0,
            1.0
          ]
        ],
        "rotation_mode": "QUATERNION"
      },
      "armature_space": {
        "head": {
          "x": 0.899285614490509,
          "y": 0.019389737397432327,
          "z": 0.4253198206424713
        },
        "tail": {
          "x": 0.9275992512702942,
          "y": 0.02655092254281044,
          "z": 0.42620667815208435
        }
      },
      "world_space": {
        "head": {
          "x": 0.899285614490509,
          "y": 0.08263373374938965,
          "z": 1.375173807144165
        },
        "tail": {
          "x": 0.9275992512702942,
          "y": 0.08979491889476776,
          "z": 1.3760607242584229
        },
        "rotation_quaternion": {
          "w": 0.166688933968544,
          "x": -0.596149206161499,
          "y": -0.7712069749832153,
          "z": -0.14852872490882874
        },
        "matrix": [
          [
            -0.23364132642745972,
            0.969025194644928,
            -0.08001036942005157,
            0.899285614490509
          ],
          [
            0.869993269443512,
            0.24508923292160034,
            0.42783570289611816,
            0.08263373374938965
          ],
          [
            0.4341972768306732,
            0.030351929366588593,
            -0.900314211845398,
            1.375173807144165
          ],
          [
            0.0,
            0.0,
            0.0,
            1.0
          ]
        ]
      },
      "bone_length_armature_space": 0.029218677748695958,
      "parent": "index_02_l",
      "has_children": false,
      "is_end_bone": true
    },
    "metacarpal_pinky_l": {
      "name": "metacarpal_pinky_l",
      "local": {
        "location": {
          "x": 0.0,
          "y": 0.0,
          "z": 0.0
        },
        "rotation_quaternion": {
          "w": 0.9983005523681641,
          "x": -0.05725782364606857,
          "y": -0.003996381536126137,
          "z": 0.01008036732673645
        },
        "scale": {
          "x": 1.0,
          "y": 1.0,
          "z": 1.0
        },
        "matrix_basis": [
          [
            0.9997648596763611,
            -0.0196688249707222,
            -0.009133539162576199,
            0.0
          ],
          [
            0.020584121346473694,
            0.9932398796081543,
            0.11424046754837036,
            0.0
          ],
          [
            0.006824819836765528,
            -0.11440160125494003,
            0.993411123752594,
            0.0
          ],
          [
            0.0,
            0.0,
            0.0,
            1.0
          ]
        ],
        "rotation_mode": "QUATERNION"
      },
      "armature_space": {
        "head": {
          "x": 0.7373771667480469,
          "y": 0.021074948832392693,
          "z": 0.464114248752594
        },
        "tail": {
          "x": 0.8353712558746338,
          "y": 0.055818110704422,
          "z": 0.46988341212272644
        }
      },
      "world_space": {
        "head": {
          "x": 0.7373771667480469,
          "y": 0.08431895077228546,
          "z": 1.4139683246612549
        },
        "tail": {
          "x": 0.8353712558746338,
          "y": 0.11906211078166962,
          "z": 1.419737458229065
        },
        "rotation_quaternion": {
          "w": 0.6618676781654358,
          "x": 0.36498910188674927,
          "y": 0.4782845973968506,
          "z": -0.44716665148735046
        },
        "matrix": [
          [
            0.14257122576236725,
            0.9410677552223206,
            0.3066997826099396,
            0.7373771667480469
          ],
          [
            -0.24279406666755676,
            0.3336493968963623,
            -0.9108949303627014,
            0.08431895077228546
          ],
          [
            -0.9595510363578796,
            0.05540308356285095,
            0.27605530619621277,
            1.4139683246612549
          ],
          [
            0.0,
            0.0,
            0.0,
            1.0
          ]
        ]
      },
      "bone_length_armature_space": 0.10413074644945897,
      "parent": "lowerarm_l",
      "has_children": true,
      "is_end_bone": false
    },
    "pinky_01_l": {
      "name": "pinky_01_l",
      "local": {
        "location": {
          "x": 0.0,
          "y": 0.0,
          "z": 0.0
        },
        "rotation_quaternion": {
          "w": 0.9654058218002319,
          "x": 0.2595721483230591,
          "y": 0.014538787305355072,
          "z": 0.020068300887942314
        },
        "scale": {
          "x": 1.0,
          "y": 1.0,
          "z": 1.0
        },
        "matrix_basis": [
          [
            0.9987717866897583,
            -0.031200380995869637,
            0.03849000483751297,
            0.0
          ],
          [
            0.04629583656787872,
            0.8644391298294067,
            -0.5006014108657837,
            0.0
          ],
          [
            -0.017653316259384155,
            0.5017684698104858,
            0.8648218512535095,
            0.0
          ],
          [
            0.0,
            0.0,
            0.0,
            1.0
          ]
        ],
        "rotation_mode": "QUATERNION"
      },
      "armature_space": {
        "head": {
          "x": 0.8353712558746338,
          "y": 0.055818110704422,
          "z": 0.46988341212272644
        },
        "tail": {
          "x": 0.8505414128303528,
