{
  "metadata": {
    "armature_name": "KIM_caucasian_male",
    "export_time": "2026-01-13T21:08:11.562013",
    "blender_version": "4.4.1",
    "bone_count": 56,
    "end_bone_count": 13,
    "spaces_included": [
      "LOCAL_CHANNELS",
      "ARMATURE_SPACE",
      "WORLD_SPACE"
    ],
    "note": "LOCAL matches Transform panel; replay pose via local.matrix_basis for best fidelity."
  },
  "bones": {
    "Root": {
      "name": "Root",
      "local": {
        "location": {
          "x": 0.0,
          "y": 0.0,
          "z": 0.0
        },
        "rotation_quaternion": {
          "w": 0.9998973608016968,
          "x": -0.001305159879848361,
          "y": 0.014113920740783215,
          "z": 0.002127658808603883
        },
        "scale": {
          "x": 1.0,
          "y": 1.0,
          "z": 1.0
        },
        "matrix_basis": [
          [
            0.9995925426483154,
            -0.004291722550988197,
            0.02821939066052437,
            0.0
          ],
          [
            0.0042180391028523445,
            0.9999875426292419,
            0.002670111134648323,
            0.0
          ],
          [
            -0.028230497613549232,
            -0.0025499926414340734,
            0.9995982050895691,
            0.0
          ],
          [
            0.0,
            0.0,
            0.0,
            1.0
          ]
        ],
        "rotation_mode": "QUATERNION"
      },
      "armature_space": {
        "head": {
          "x": 0.0,
          "y": 0.07072800397872925,
          "z": -0.009595036506652832
        },
        "tail": {
          "x": -0.0003063254407607019,
          "y": 2.5346875190734863e-05,
          "z": 0.00018023792654275894
        }
      },
      "world_space": {
        "head": {
          "x": 0.0,
          "y": 0.13397200405597687,
          "z": 0.9402589797973633
        },
        "tail": {
          "x": -0.0003063254407607019,
          "y": 0.06326934695243835,
          "z": 0.9500342607498169
        },
        "rotation_quaternion": {
          "w": 0.06866293400526047,
          "x": 0.9975377917289734,
          "y": -0.0011720000766217709,
          "z": 0.014225193299353123
        },
        "matrix": [
          [
            0.9995925426483154,
            -0.004291722550988197,
            0.02821939066052437,
            0.0
          ],
          [
            -0.0003847354091703892,
            -0.9905680418014526,
            -0.13702155649662018,
            0.13397200405597687
          ],
          [
            0.028541482985019684,
            0.1369548887014389,
            -0.9901731014251709,
            0.9402589797973633
          ],
          [
            0.0,
            0.0,
            0.0,
            1.0
          ]
        ]
      },
      "bone_length_armature_space": 0.07137587379992735,
      "parent": null,
      "has_children": true,
      "is_end_bone": false
    },
    "spine_01": {
      "name": "spine_01",
      "local": {
        "location": {
          "x": 0.0,
          "y": 0.0,
          "z": 0.0
        },
        "rotation_quaternion": {
          "w": 0.9974408745765686,
          "x": 0.018569622188806534,
          "y": 0.014754625968635082,
          "z": 0.06744913756847382
        },
        "scale": {
          "x": 1.0,
          "y": 1.0,
          "z": 1.0
        },
        "matrix_basis": [
          [
            0.9904658198356628,
            -0.1340050846338272,
            0.031938742846250534,
            0.0
          ],
          [
            0.13510103523731232,
            0.990211546421051,
            -0.03505382686853409,
            0.0
          ],
          [
            -0.026928724721074104,
            0.03903457522392273,
            0.9988749623298645,
            0.0
          ],
          [
            0.0,
            0.0,
            0.0,
            1.0
          ]
        ],
        "rotation_mode": "QUATERNION"
      },
      "armature_space": {
        "head": {
          "x": -0.0003063254407607019,
          "y": 2.5346875190734863e-05,
          "z": 0.00018023792654275894
        },
        "tail": {
          "x": -0.07947434484958649,
          "y": 0.004872485995292664,
          "z": 0.4816959798336029
        }
      },
      "world_space": {
        "head": {
          "x": -0.0003063254407607019,
          "y": 0.06326934695243835,
          "z": 0.9500342607498169
        },
        "tail": {
          "x": -0.07947434484958649,
          "y": 0.06811648607254028,
          "z": 1.4315500259399414
        },
        "rotation_quaternion": {
          "w": 0.7091143131256104,
          "x": 0.7002055644989014,
          "y": -0.04607507959008217,
          "z": 0.06889236718416214
        },
        "matrix": [
          [
            0.9862618446350098,
            -0.16222915053367615,
            0.031133688986301422,
            -0.0003063254407607019
          ],
          [
            0.033182237297296524,
            0.009932637214660645,
            -0.9994000196456909,
            0.06326934695243835
          ],
          [
            0.16182371973991394,
            0.9867100715637207,
            0.01517849788069725,
            0.9500342607498169
          ],
          [
            0.0,
            0.0,
            0.0,
            1.0
          ]
        ]
      },
      "bone_length_armature_space": 0.4880045844234121,
      "parent": "Root",
      "has_children": true,
      "is_end_bone": false
    },
    "neck_01": {
      "name": "neck_01",
      "local": {
        "location": {
          "x": 0.0,
          "y": 0.0,
          "z": 0.0
        },
        "rotation_quaternion": {
          "w": 0.995306134223938,
          "x": -0.08106306940317154,
          "y": 0.04739261046051979,
          "z": 0.023417510092258453
        },
        "scale": {
          "x": 1.0,
          "y": 1.0,
          "z": 1.0
        },
        "matrix_basis": [
          [
            0.9944111108779907,
            -0.0542987622320652,
            0.0905437245965004,
            0.0
          ],
          [
            0.038931600749492645,
            0.9857608079910278,
            0.16358476877212524,
            0.0
          ],
          [
            -0.09813690185546875,
            -0.1591455042362213,
            0.9823654294013977,
            0.0
          ],
          [
            0.0,
            0.0,
            0.0,
            1.0
          ]
        ],
        "rotation_mode": "QUATERNION"
      },
      "armature_space": {
        "head": {
          "x": -0.09027278423309326,
          "y": -0.029059896245598793,
          "z": 0.5544677376747131
        },
        "tail": {
          "x": -0.11118195205926895,
          "y": -0.051531385630369186,
          "z": 0.652286946773529
        }
      },
      "world_space": {
        "head": {
          "x": -0.09027278423309326,
          "y": 0.034184105694293976,
          "z": 1.504321813583374
        },
        "tail": {
          "x": -0.11118195205926895,
          "y": 0.011712614446878433,
          "z": 1.6021409034729004
        },
        "rotation_quaternion": {
          "w": 0.624049961566925,
          "x": 0.7706946134567261,
          "y": -0.03110297955572605,
          "z": 0.1249961107969284
        },
        "matrix": [
          [
            0.9668174386024475,
            -0.2039494514465332,
            0.15384681522846222,
            -0.09027278423309326
          ],
          [
            0.10806462168693542,
            -0.21918842196464539,
            -0.9696797132492065,
            0.034184105694293976
          ],
          [
            0.23148879408836365,
            0.9541349411010742,
            -0.1898777037858963,
            1.504321813583374
          ],
          [
            0.0,
            0.0,
            0.0,
            1.0
          ]
        ]
      },
      "bone_length_armature_space": 0.10252199385700947,
      "parent": "spine_01",
      "has_children": true,
      "is_end_bone": false
    },
    "head": {
      "name": "head",
      "local": {
        "location": {
          "x": 0.0,
          "y": 0.0,
          "z": 0.0
        },
        "rotation_quaternion": {
          "w": 0.9648451805114746,
          "x": 0.09618411213159561,
          "y": -0.11190957576036453,
          "z": -0.2174825221300125
        },
        "scale": {
          "x": 1.0,
          "y": 1.0,
          "z": 1.0
        },
        "matrix_basis": [
          [
            0.880355179309845,
            0.3981460928916931,
            -0.2577875554561615,
            0.0
          ],
          [
            -0.441201776266098,
            0.8868999481201172,
            -0.13692879676818848,
            0.0
          ],
          [
            0.17411410808563232,
            0.23428231477737427,
            0.9564497470855713,
            0.0
          ],
          [
            0.0,
            0.0,
            0.0,
            1.0
          ]
        ],
        "rotation_mode": "QUATERNION"
      },
      "armature_space": {
        "head": {
          "x": -0.11118191480636597,
          "y": -0.05153152346611023,
          "z": 0.6522868871688843
        },
        "tail": {
          "x": -0.08294167369604111,
          "y": -0.06068029999732971,
          "z": 0.8045107126235962
        }
      },
      "world_space": {
        "head": {
          "x": -0.11118191480636597,
          "y": 0.01171247661113739,
          "z": 1.6021409034729004
        },
        "tail": {
          "x": -0.08294167369604111,
          "y": 0.0025637000799179077,
          "z": 1.7543647289276123
        },
        "rotation_quaternion": {
          "w": 0.6857994198799133,
          "x": 0.7179417014122009,
          "y": 0.013567770831286907,
          "z": -0.11855317652225494
        },
        "matrix": [
          [
            0.9715224504470825,
            0.18208913505077362,
            -0.15161779522895813,
            -0.11118191480636597
          ],
          [
            -0.14312446117401123,
            -0.05899004638195038,
            -0.9879453778266907,
            0.01171247661113739
          ],
          [
            -0.18883943557739258,
            0.9815178513526917,
            -0.03124988079071045,
            1.6021409034729004
          ],
          [
            0.0,
            0.0,
            0.0,
            1.0
          ]
        ]
      },
      "bone_length_armature_space": 0.1550912791346696,
      "parent": "neck_01",
      "has_children": false,
      "is_end_bone": true
    },
    "upperarm_l": {
      "name": "upperarm_l",
      "local": {
        "location": {
          "x": 0.0,
          "y": 0.0,
          "z": 0.0
        },
        "rotation_quaternion": {
          "w": 0.9590731859207153,
          "x": 0.033558864146471024,
          "y": -0.2234756052494049,
          "z": -0.170619934797287
        },
        "scale": {
          "x": 1.0,
          "y": 1.0,
          "z": 1.0
        },
        "matrix_basis": [
          [
            0.8418949842453003,
            0.31227484345436096,
            -0.44011053442955017,
            0.0
          ],
          [
            -0.34227317571640015,
            0.939525306224823,
            0.011887973174452782,
            0.0
          ],
          [
            0.4172073006629944,
            0.1406296044588089,
            0.8978649377822876,
            0.0
          ],
          [
            0.0,
            0.0,
            0.0,
            1.0
          ]
        ],
        "rotation_mode": "QUATERNION"
      },
      "armature_space": {
        "head": {
          "x": 0.06866883486509323,
          "y": -0.027937324717640877,
          "z": 0.5124751329421997
        },
        "tail": {
          "x": 0.3316888213157654,
          "y": -0.046272825449705124,
          "z": 0.46460074186325073
        }
      },
      "world_space": {
        "head": {
          "x": 0.06866883486509323,
          "y": 0.03530667722225189,
          "z": 1.4623291492462158
        },
        "tail": {
          "x": 0.3316888213157654,
          "y": 0.016971174627542496,
          "z": 1.414454698562622
        },
        "rotation_quaternion": {
          "w": 0.5421454310417175,
          "x": 0.3328261375427246,
          "y": 0.4145667850971222,
          "z": -0.650722324848175
        },
        "matrix": [
          [
            -0.19060896337032318,
            0.9815297722816467,
            0.016357701271772385,
            0.06866883486509323
          ],
          [
            -0.4296165406703949,
            -0.06842385232448578,
            -0.9004155397415161,
            0.03530667722225189
          ],
          [
            -0.8826718330383301,
            -0.17865616083145142,
            0.43472573161125183,
            1.4623291492462158
          ],
          [
            0.0,
            0.0,
            0.0,
            1.0
          ]
        ]
      },
      "bone_length_armature_space": 0.26796951420040055,
      "parent": "spine_01",
      "has_children": true,
      "is_end_bone": false
    },
    "lowerarm_l": {
      "name": "lowerarm_l",
      "local": {
        "location": {
          "x": 0.0,
          "y": 0.0,
          "z": 0.0
        },
        "rotation_quaternion": {
          "w": 0.8679393529891968,
          "x": 0.4543969929218292,
          "y": -0.09216070920228958,
          "z": 0.17807632684707642
        },
        "scale": {
          "x": 1.0,
          "y": 1.0,
          "z": 1.0
        },
        "matrix_basis": [
          [
            0.9195904731750488,
            -0.39287400245666504,
            0.0018548822263255715,
            0.0
          ],
          [
            0.2253638058900833,
            0.5236243605613708,
            -0.8216013312339783,
            0.0
          ],
          [
            0.32181450724601746,
            0.7559548020362854,
            0.5700595378875732,
            0.0
          ],
          [
            0.0,
            0.0,
            0.0,
            1.0
          ]
        ],
        "rotation_mode": "QUATERNION"
      },
      "armature_space": {
        "head": {
          "x": 0.33168894052505493,
          "y": -0.046272825449705124,
          "z": 0.4646008312702179
        },
        "tail": {
          "x": 0.4678667187690735,
          "y": -0.1728394478559494,
          "z": 0.6569711565971375
        }
      },
      "world_space": {
        "head": {
          "x": 0.33168894052505493,
          "y": 0.016971174627542496,
          "z": 1.4144548177719116
        },
        "tail": {
          "x": 0.4678667187690735,
          "y": -0.10959544777870178,
          "z": 1.6068251132965088
        },
        "rotation_quaternion": {
          "w": 0.4943466782569885,
          "x": 0.5412455797195435,
          "y": -0.13808943331241608,
          "z": -0.6660374402999878
        },
        "matrix": [
          [
            0.07465200871229172,
            0.5090292096138,
            -0.8575057983398438,
            0.33168894052505493
          ],
          [
            -0.8079881072044373,
            -0.47310295701026917,
            -0.35118260979652405,
            0.016971174627542496
          ],
          [
            -0.5844554901123047,
            0.7190755605697632,
            0.37597382068634033,
            1.4144548177719116
          ],
          [
            0.0,
            0.0,
            0.0,
            1.0
          ]
        ]
      },
      "bone_length_armature_space": 0.2675253962333204,
      "parent": "upperarm_l",
      "has_children": true,
      "is_end_bone": false
    },
    "metacarpal_thumb_l": {
      "name": "metacarpal_thumb_l",
      "local": {
        "location": {
          "x": 0.0,
          "y": 0.0,
          "z": 0.0
        },
        "rotation_quaternion": {
          "w": 0.9977569580078125,
          "x": -0.06519493460655212,
          "y": 0.0151334498077631,
          "z": -0.0013369959779083729
        },
        "scale": {
          "x": 1.0,
          "y": 1.0,
          "z": 1.0
        },
        "matrix_basis": [
          [
            0.9995383620262146,
            0.0006947455112822354,
            0.030373340472579002,
            0.0
          ],
          [
            -0.004641242790967226,
            0.991495668888092,
            0.1300569325685501,
            0.0
          ],
          [
            -0.030024679377675056,
            -0.1301378607749939,
            0.9910411834716797,
            0.0
          ],
          [
            0.0,
            0.0,
            0.0,
            1.0
          ]
        ],
        "rotation_mode": "QUATERNION"
      },
      "armature_space": {
        "head": {
          "x": 0.4678667187690735,
          "y": -0.1728394478559494,
          "z": 0.6569711565971375
        },
        "tail": {
          "x": 0.46336472034454346,
          "y": -0.2041158378124237,
          "z": 0.6951172351837158
        }
      },
      "world_space": {
        "head": {
          "x": 0.4678667187690735,
          "y": -0.10959544777870178,
          "z": 1.6068251132965088
        },
        "tail": {
          "x": 0.46336472034454346,
          "y": -0.1408718377351761,
          "z": 1.644971251487732
        },
        "rotation_quaternion": {
          "w": 0.4280685484409332,
          "x": 0.9023705720901489,
          "y": -0.032383546233177185,
          "z": 0.03789510205388069
        },
        "matrix": [
          [
            0.9950304627418518,
            -0.09088736772537231,
            0.04066573828458786,
            0.4678667187690735
          ],
          [
            -0.02600080519914627,
            -0.631416916847229,
            -0.7750076651573181,
            -0.10959544777870178
          ],
          [
            0.0961160659790039,
            0.7701035737991333,
            -0.6306473016738892,
            1.6068251132965088
          ],
          [
            0.0,
            0.0,
            0.0,
            1.0
          ]
        ]
      },
      "bone_length_armature_space": 0.04953386582545584,
      "parent": "lowerarm_l",
      "has_children": true,
      "is_end_bone": false
    },
    "thumb_01_l": {
      "name": "thumb_01_l",
      "local": {
        "location": {
          "x": 0.0,
          "y": 0.0,
          "z": 0.0
        },
        "rotation_quaternion": {
          "w": 0.9621747732162476,
          "x": 0.2721332907676697,
          "y": -0.005101562477648258,
          "z": 0.011716881766915321
        },
        "scale": {
          "x": 1.0,
          "y": 1.0,
          "z": 1.0
        },
        "matrix_basis": [
          [
            0.9996733665466309,
            -0.025323987007141113,
            -0.0034400823060423136,
            0.0
          ],
          [
            0.01977076567709446,
            0.851612389087677,
            -0.5237991213798523,
            0.0
          ],
          [
            0.0161942970007658,
            0.5235600471496582,
            0.8518348932266235,
            0.0
          ],
          [
            0.0,
            0.0,
            0.0,
            1.0
          ]
        ],
        "rotation_mode": "QUATERNION"
      },
      "armature_space": {
        "head": {
          "x": 0.46336472034454346,
          "y": -0.2041158378124237,
          "z": 0.6951172351837158
        },
        "tail": {
          "x": 0.4766232669353485,
          "y": -0.23541128635406494,
          "z": 0.6969695687294006
        }
      },
      "world_space": {
        "head": {
          "x": 0.46336472034454346,
          "y": -0.1408718377351761,
          "z": 1.644971251487732
        },
        "tail": {
          "x": 0.4766232669353485,
          "y": -0.17216728627681732,
          "z": 1.6468236446380615
        },
        "rotation_quaternion": {
          "w": 0.12736351788043976,
          "x": -0.663913905620575,
          "y": -0.1551550179719925,
          "z": -0.7203636765480042
        },
        "matrix": [
          [
            -0.08599357306957245,
            0.3895155191421509,
            0.9169965982437134,
            0.46336472034454346
          ],
          [
            0.022523369640111923,
            -0.9194110631942749,
            0.3926531970500946,
            -0.1408718377351761
          ],
          [
            0.9960479736328125,
            0.054418936371803284,
            0.07029116898775101,
            1.644971251487732
          ],
          [
            0.0,
            0.0,
            0.0,
            1.0
          ]
        ]
      },
      "bone_length_armature_space": 0.03403858583454229,
      "parent": "metacarpal_thumb_l",
      "has_children": true,
      "is_end_bone": false
    },
    "thumb_02_l": {
      "name": "thumb_02_l",
      "local": {
        "location": {
          "x": 0.0,
          "y": 0.0,
          "z": 0.0
        },
        "rotation_quaternion": {
          "w": 0.8876429200172424,
          "x": 0.4605106711387634,
          "y": 0.004441963974386454,
          "z": -0.0006391423521563411
        },
        "scale": {
          "x": 1.0,
          "y": 1.0,
          "z": 1.0
        },
        "matrix_basis": [
          [
            0.9999597072601318,
            0.005225804168730974,
            0.007297092117369175,
            0.0
          ],
          [
            0.002956483280286193,
            0.575859010219574,
            -0.8175437450408936,
            0.0
          ],
          [
            -0.008474419824779034,
            0.8175324201583862,
            0.5758203864097595,
            0.0
          ],
          [
            0.0,
            0.0,
            0.0,
            1.0
          ]
        ],
        "rotation_mode": "QUATERNION"
      },
      "armature_space": {
        "head": {
          "x": 0.4766232371330261,
          "y": -0.23541128635406494,
          "z": 0.6969695687294006
        },
        "tail": {
          "x": 0.4931628108024597,
          "y": -0.20829980075359344,
          "z": 0.721558153629303
        }
      },
      "world_space": {
        "head": {
          "x": 0.4766232371330261,
          "y": -0.17216728627681732,
          "z": 1.6468236446380615
        },
        "tail": {
          "x": 0.4931628108024597,
          "y": -0.14505580067634583,
          "z": 1.6714122295379639
        },
        "rotation_quaternion": {
          "w": 0.3650226294994354,
          "x": -0.07290548086166382,
          "y": -0.8392044901847839,
          "z": -0.39645835757255554
        },
        "matrix": [
          [
            -0.7228873372077942,
            0.4117971360683441,
            -0.5548486113548279,
            0.4766232371330261
          ],
          [
            -0.16706576943397522,
            0.6750126481056213,
            0.7186429500579834,
            -0.17216728627681732
          ],
          [
            0.6704691648483276,
            0.6121988892555237,
            -0.41916295886039734,
            1.6468236446380615
          ],
          [
            0.0,
            0.0,
            0.0,
            1.0
          ]
        ]
      },
      "bone_length_armature_space": 0.040164519807790226,
      "parent": "thumb_01_l",
      "has_children": true,
      "is_end_bone": false
    },
    "thumb_03_l": {
      "name": "thumb_03_l",
      "local": {
        "location": {
          "x": 0.0,
          "y": 0.0,
          "z": 0.0
        },
        "rotation_quaternion": {
          "w": 0.9907999038696289,
          "x": 0.13504615426063538,
          "y": 0.007596154697239399,
          "z": -0.004527954384684563
        },
        "scale": {
          "x": 1.0,
          "y": 1.0,
          "z": 1.0
        },
        "matrix_basis": [
          [
            0.9998435974121094,
            0.011024256236851215,
            0.013829573057591915,
            0.0
          ],
          [
            -0.006920930463820696,
            0.9634840488433838,
            -0.2676762342453003,
            0.0
          ],
          [
            -0.016275504603981972,
            0.2675386369228363,
            0.9634096622467041,
            0.0
          ],
          [
            0.0,
            0.0,
            0.0,
            1.0
          ]
        ],
        "rotation_mode": "QUATERNION"
      },
      "armature_space": {
        "head": {
          "x": 0.4931628108024597,
          "y": -0.2082998901605606,
          "z": 0.721558153629303
        },
        "tail": {
          "x": 0.49652063846588135,
          "y": -0.1793854534626007,
          "z": 0.7304785847663879
        }
      },
      "world_space": {
        "head": {
          "x": 0.4931628108024597,
          "y": -0.145055890083313,
          "z": 1.6714122295379639
        },
        "tail": {
          "x": 0.49652063846588135,
          "y": -0.11614145338535309,
          "z": 1.6803326606750488
        },
        "rotation_quaternion": {
          "w": 0.565972089767456,
          "x": 0.039286669343709946,
          "y": -0.8090367317199707,
          "z": -0.1535959243774414
        },
        "matrix": [
          [
            -0.3562646508216858,
            0.11029170453548431,
            -0.9278530478477478,
            0.4931628108024597
          ],
          [
            -0.23743033409118652,
            0.9497305750846863,
            0.20405764877796173,
            -0.145055890083313
          ],
          [
            0.9037219285964966,
            0.2930019497871399,
            -0.31217074394226074,
            1.6714122295379639
          ],
          [
            0.0,
            0.0,
            0.0,
            1.0
          ]
        ]
      },
      "bone_length_armature_space": 0.030444930047691658,
      "parent": "thumb_02_l",
      "has_children": false,
      "is_end_bone": true
    },
    "metacarpal_index_l": {
      "name": "metacarpal_index_l",
      "local": {
        "location": {
          "x": 0.0,
          "y": 0.0,
          "z": 0.0
        },
        "rotation_quaternion": {
          "w": 0.9991763234138489,
          "x": -0.0362526997923851,
          "y": 0.017177706584334373,
          "z": -0.006106809247285128
        },
        "scale": {
          "x": 1.0,
          "y": 1.0,
          "z": 1.0
        },
        "matrix_basis": [
          [
            0.9993352890014648,
            0.010958082042634487,
            0.03476989269256592,
            0.0
          ],
          [
            -0.01344903465360403,
            0.9972968697547913,
            0.07223587483167648,
            0.0
          ],
          [
            -0.03388433903455734,
            -0.07265548408031464,
            0.9967813491821289,
            0.0
          ],
          [
            0.0,
            0.0,
            0.0,
            1.0
          ]
        ],
        "rotation_mode": "QUATERNION"
      },
      "armature_space": {
        "head": {
          "x": 0.4678667187690735,
          "y": -0.1728394478559494,
          "z": 0.6569711565971375
        },
        "tail": {
          "x": 0.4997577667236328,
          "y": -0.2367667853832245,
          "z": 0.7498451471328735
        }
      },
      "world_space": {
        "head": {
          "x": 0.4678667187690735,
          "y": -0.10959544777870178,
          "z": 1.6068251132965088
        },
        "tail": {
          "x": 0.4997577667236328,
          "y": -0.17352278530597687,
          "z": 1.6996991634368896
        },
        "rotation_quaternion": {
          "w": 0.4766605496406555,
          "x": 0.8321936130523682,
          "y": 0.001272659981623292,
          "z": -0.2832790017127991
        },
        "matrix": [
          [
            0.8395034074783325,
            0.272173672914505,
            -0.4702715277671814,
            0.4678667187690735
          ],
          [
            -0.2679366171360016,
            -0.5455867052078247,
            -0.7940689325332642,
            -0.10959544777870178
          ],
          [
            -0.4727022051811218,
            0.7926316261291504,
            -0.38510000705718994,
            1.6068251132965088
          ],
          [
            0.0,
            0.0,
            0.0,
            1.0
          ]
        ]
      },
      "bone_length_armature_space": 0.11717218755975908,
      "parent": "lowerarm_l",
      "has_children": true,
      "is_end_bone": false
    },
    "index_01_l": {
      "name": "index_01_l",
      "local": {
        "location": {
          "x": 0.0,
          "y": 0.0,
          "z": 0.0
        },
        "rotation_quaternion": {
          "w": 0.9476132392883301,
          "x": 0.3190881609916687,
          "y": 0.009003854356706142,
          "z": 0.011445799842476845
        },
        "scale": {
          "x": 1.0,
          "y": 1.0,
          "z": 1.0
        },
        "matrix_basis": [
          [
            0.9995758533477783,
            -0.015946336090564728,
            0.024368781596422195,
            0.0
          ],
          [
            0.02743843011558056,
            0.7961034774780273,
            -0.6045382022857666,
            0.0
          ],
          [
            -0.009759904816746712,
            0.6049504280090332,
            0.7962033748626709,
            0.0
          ],
          [
            0.0,
            0.0,
            0.0,
            1.0
          ]
        ],
        "rotation_mode": "QUATERNION"
      },
      "armature_space": {
        "head": {
          "x": 0.4997577667236328,
          "y": -0.2367667853832245,
          "z": 0.7498451471328735
        },
        "tail": {
          "x": 0.5065043568611145,
          "y": -0.26292192935943604,
          "z": 0.758980929851532
        }
      },
      "world_space": {
        "head": {
          "x": 0.4997577667236328,
          "y": -0.17352278530597687,
          "z": 1.6996991634368896
        },
        "tail": {
          "x": 0.5065043568611145,
          "y": -0.19967792928218842,
          "z": 1.7088348865509033
        },
        "rotation_quaternion": {
          "w": 0.1973007470369339,
          "x": 0.9053182601928711,
          "y": 0.049413710832595825,
          "z": -0.3728668689727783
        },
        "matrix": [
          [
            0.7170574069023132,
            0.23660394549369812,
            -0.6556272506713867,
            0.4997577667236328
          ],
          [
            -0.05766347795724869,
            -0.9172616004943848,
            -0.3940894305706024,
            -0.17352278530597687
          ],
          [
            -0.6946297883987427,
            0.3203918933868408,
            -0.6440907120704651,
            1.6996991634368896
          ],
          [
            0.0,
            0.0,
            0.0,
            1.0
          ]
        ]
      },
      "bone_length_armature_space": 0.02851439166239203,
      "parent": "metacarpal_index_l",
      "has_children": true,
      "is_end_bone": false
    },
    "index_02_l": {
      "name": "index_02_l",
      "local": {
        "location": {
          "x": 0.0,
          "y": 0.0,
          "z": 0.0
        },
        "rotation_quaternion": {
          "w": 0.8914323449134827,
          "x": 0.45314744114875793,
          "y": -0.0023507955484092236,
          "z": 0.0004681703867390752
        },
        "scale": {
          "x": 1.0,
          "y": 1.0,
          "z": 1.0
        },
        "matrix_basis": [
          [
            0.9999884963035583,
            -0.002965198364108801,
            -0.003766849869862199,
            0.0
          ],
          [
            -0.0012958295410498977,
            0.589314341545105,
            -0.8079027533531189,
            0.0
          ],
          [
            0.004615450743585825,
            0.8078983426094055,
            0.589303731918335,
            0.0
          ],
          [
            0.0,
            0.0,
            0.0,
            1.0
          ]
        ],
        "rotation_mode": "QUATERNION"
      },
      "armature_space": {
        "head": {
          "x": 0.5065041184425354,
          "y": -0.26292237639427185,
          "z": 0.7589810490608215
        },
        "tail": {
          "x": 0.4963710606098175,
          "y": -0.2853529751300812,
          "z": 0.7517504692077637
        }
      },
      "world_space": {
        "head": {
          "x": 0.5065041184425354,
          "y": -0.19967837631702423,
          "z": 1.7088351249694824
        },
        "tail": {
          "x": 0.4963710606098175,
          "y": -0.22210897505283356,
          "z": 1.7016044855117798
        },
        "rotation_quaternion": {
          "w": 0.21556562185287476,
          "x": -0.8856253623962402,
          "y": 0.1278434842824936,
          "z": 0.39096689224243164
        },
        "matrix": [
          [
            0.6616021394729614,
            -0.39500075578689575,
            -0.6373827457427979,
            0.5065041184425354
          ],
          [
            -0.057885657995939255,
            -0.8743754625320435,
            0.48178529739379883,
            -0.19967837631702423
          ],
          [
            -0.7476227879524231,
            -0.28185778856277466,
            -0.6013573408126831,
            1.7088351249694824
          ],
          [
            0.0,
            0.0,
            0.0,
            1.0
          ]
        ]
      },
      "bone_length_armature_space": 0.02565330221188651,
      "parent": "index_01_l",
      "has_children": true,
      "is_end_bone": false
    },
    "index_03_l": {
      "name": "index_03_l",
      "local": {
        "location": {
          "x": 0.0,
          "y": 0.0,
          "z": 0.0
        },
        "rotation_quaternion": {
          "w": 0.9247571229934692,
          "x": 0.38052934408187866,
          "y": -0.0021816587541252375,
          "z": 0.00412868894636631
        },
        "scale": {
          "x": 1.0,
          "y": 1.0,
          "z": 1.0
        },
        "matrix_basis": [
          [
            0.9999563694000244,
            -0.009296439588069916,
            -0.0008928343304432929,
            0.0
          ],
          [
            0.005975698586553335,
            0.7103607654571533,
            -0.7038124799728394,
            0.0
          ],
          [
            0.0071771834045648575,
            0.7037764191627502,
            0.7103853225708008,
            0.0
          ],
          [
            0.0,
            0.0,
            0.0,
            1.0
          ]
        ],
        "rotation_mode": "QUATERNION"
      },
      "armature_space": {
        "head": {
          "x": 0.49637115001678467,
          "y": -0.28535300493240356,
          "z": 0.7517505288124084
        },
        "tail": {
          "x": 0.47677886486053467,
          "y": -0.2911223769187927,
          "z": 0.7308557033538818
        }
      },
      "world_space": {
        "head": {
          "x": 0.49637115001678467,
          "y": -0.22210900485515594,
          "z": 1.7016046047210693
        },
        "tail": {
          "x": 0.47677886486053467,
          "y": -0.2278783768415451,
          "z": 1.680709719657898
        },
        "rotation_quaternion": {
          "w": 0.586532473564148,
          "x": -0.7225521802902222,
          "y": 0.2392764538526535,
          "z": 0.27684804797172546
        },
        "matrix": [
          [
            0.7322039604187012,
            -0.6705400943756104,
            -0.1193859875202179,
            0.49637115001678467
          ],
          [
            -0.021022114902734756,
            -0.1974545121192932,
            0.9800867438316345,
            -0.22210900485515594
          ],
          [
            -0.6807656288146973,
            -0.7151190638542175,
            -0.1586732268333435,
            1.7016046047210693
          ],
          [
            0.0,
            0.0,
            0.0,
            1.0
          ]
        ]
      },
      "bone_length_armature_space": 0.029218778417675936,
      "parent": "index_02_l",
      "has_children": false,
      "is_end_bone": true
    },
    "metacarpal_pinky_l": {
      "name": "metacarpal_pinky_l",
      "local": {
        "location": {
          "x": 0.0,
          "y": 0.0,
          "z": 0.0
        },
        "rotation_quaternion": {
          "w": 0.9997236132621765,
          "x": -0.023357221856713295,
          "y": 0.000504935858771205,
          "z": 0.002637326717376709
        },
        "scale": {
          "x": 1.0,
          "y": 1.0,
          "z": 1.0
        },
        "matrix_basis": [
          [
            0.9999855756759644,
            -0.005296783521771431,
            0.0008863913244567811,
            0.0
          ],
          [
            0.005249607842415571,
            0.998894989490509,
            0.04670419543981552,
            0.0
          ],
          [
            -0.0011327938409522176,
            -0.04669886827468872,
            0.9989083409309387,
            0.0
          ],
          [
            0.0,
            0.0,
            0.0,
            1.0
          ]
        ],
        "rotation_mode": "QUATERNION"
      },
      "armature_space": {
        "head": {
          "x": 0.4678667187690735,
          "y": -0.1728394478559494,
          "z": 0.6569711565971375
        },
        "tail": {
          "x": 0.5469779968261719,
          "y": -0.2118581235408783,
          "z": 0.7123083472251892
        }
      },
      "world_space": {
        "head": {
          "x": 0.4678667187690735,
          "y": -0.10959544777870178,
          "z": 1.6068251132965088
        },
        "tail": {
          "x": 0.5469779968261719,
          "y": -0.14861412346363068,
          "z": 1.6621623039245605
        },
        "rotation_quaternion": {
          "w": 0.4350654184818268,
          "x": -0.056997254490852356,
          "y": -0.35123109817504883,
          "z": -0.8271070718765259
        },
        "matrix": [
          [
            -0.6149378418922424,
            0.7597299218177795,
            -0.21133331954479218,
            0.4678667187690735
          ],
          [
            -0.6796544790267944,
            -0.3747084140777588,
            0.6306058764457703,
            -0.10959544777870178
          ],
          [
            0.3999040424823761,
            0.5314204096794128,
            0.7467819452285767,
            1.6068251132965088
          ],
          [
            0.0,
            0.0,
            0.0,
            1.0
          ]
        ]
      },
      "bone_length_armature_space": 0.10413095612151621,
      "parent": "lowerarm_l",
      "has_children": true,
      "is_end_bone": false
    },
    "pinky_01_l": {
      "name": "pinky_01_l",
      "local": {
        "location": {
          "x": 0.0,
          "y": 0.0,
          "z": 0.0
        },
        "rotation_quaternion": {
          "w": 0.9477531909942627,
          "x": 0.31870806217193604,
          "y": -0.011579836718738079,
          "z": -0.0074264416471123695
        },
        "scale": {
          "x": 1.0,
          "y": 1.0,
          "z": 1.0
        },
        "matrix_basis": [
          [
            0.9996215105056763,
            0.006695692893117666,
            -0.026683388277888298,
            0.0
          ],
          [
            -0.021458042785525322,
            0.7967400550842285,
            -0.6039411425590515,
            0.0
          ],
          [
            0.017215920612215996,
            0.6042851805686951,
            0.7965821623802185,
            0.0
          ],
          [
            0.0,
            0.0,
            0.0,
            1.0
          ]
        ],
        "rotation_mode": "QUATERNION"
      },
      "armature_space": {
        "head": {
          "x": 0.5469779968261719,
          "y": -0.2118581235408783,
          "z": 0.7123083472251892
        },
