{
  "metadata": {
    "armature_name": "KIM_caucasian_male",
    "export_time": "2026-01-13T21:08:18.000008",
    "blender_version": "4.4.1",
    "bone_count": 56,
    "end_bone_count": 13,
    "spaces_included": [
      "LOCAL_CHANNELS",
      "ARMATURE_SPACE",
      "WORLD_SPACE"
    ],
    "note": "LOCAL matches Transform panel; replay pose via local.matrix_basis for best fidelity."
  },
  "bones": {
    "Root": {
      "name": "Root",
      "local": {
        "location": {
          "x": 0.0,
          "y": 0.0,
          "z": 0.0
        },
        "rotation_quaternion": {
          "w": 0.9996930360794067,
          "x": 0.0065740072168409824,
          "y": -0.0033570262603461742,
          "z": -0.02365313656628132
        },
        "scale": {
          "x": 1.0,
          "y": 1.0,
          "z": 1.0
        },
        "matrix_basis": [
          [
            0.9988585114479065,
            0.047247614711523056,
            -0.007022983394563198,
            0.0
          ],
          [
            -0.04733588919043541,
            0.9987946152687073,
            -0.012985169887542725,
            0.0
          ],
          [
            0.006400999613106251,
            0.013302787207067013,
            0.9998910427093506,
            0.0
          ],
          [
            0.0,
            0.0,
            0.0,
            1.0
          ]
        ],
        "rotation_mode": "QUATERNION"
      },
      "armature_space": {
        "head": {
          "x": 0.0,
          "y": 0.07072800397872925,
          "z": -0.009595036506652832
        },
        "tail": {
          "x": 0.0033723395317792892,
          "y": -4.238635301589966e-05,
          "z": -0.0009524514898657799
        }
      },
      "world_space": {
        "head": {
          "x": 0.0,
          "y": 0.13397200405597687,
          "z": 0.9402589797973633
        },
        "tail": {
          "x": 0.0033723395317792892,
          "y": 0.06320161372423172,
          "z": 0.9489015936851501
        },
        "rotation_quaternion": {
          "w": 0.060787901282310486,
          "x": 0.9978647828102112,
          "y": 0.02337324619293213,
          "z": -0.004942860919982195
        },
        "matrix": [
          [
            0.9988585114479065,
            0.047247614711523056,
            -0.007022983394563198,
            0.0
          ],
          [
            0.04604574292898178,
            -0.9915170669555664,
            -0.12154774367809296,
            0.13397200405597687
          ],
          [
            -0.012706292793154716,
            0.121085524559021,
            -0.9925678372383118,
            0.9402589797973633
          ],
          [
            0.0,
            0.0,
            0.0,
            1.0
          ]
        ]
      },
      "bone_length_armature_space": 0.0713758703214214,
      "parent": null,
      "has_children": true,
      "is_end_bone": false
    },
    "spine_01": {
      "name": "spine_01",
      "local": {
        "location": {
          "x": 0.0,
          "y": 0.0,
          "z": 0.0
        },
        "rotation_quaternion": {
          "w": 0.9991995096206665,
          "x": -0.013699625618755817,
          "y": 0.03709792718291283,
          "z": -0.006039310712367296
        },
        "scale": {
          "x": 1.0,
          "y": 1.0,
          "z": 1.0
        },
        "matrix_basis": [
          [
            0.9971745610237122,
            0.01105249673128128,
            0.07430193573236465,
            0.0
          ],
          [
            -0.013085408136248589,
            0.9995517134666443,
            0.026929225772619247,
            0.0
          ],
          [
            -0.0739709883928299,
            -0.027825409546494484,
            0.9968721270561218,
            0.0
          ],
          [
            0.0,
            0.0,
            0.0,
            1.0
          ]
        ],
        "rotation_mode": "QUATERNION"
      },
      "armature_space": {
        "head": {
          "x": 0.0033723395317792892,
          "y": -4.238635301589966e-05,
          "z": -0.0009524514898657799
        },
        "tail": {
          "x": 0.013568911701440811,
          "y": 0.030275922268629074,
          "z": 0.4860028028488159
        }
      },
      "world_space": {
        "head": {
          "x": 0.0033723395317792892,
          "y": 0.06320161372423172,
          "z": 0.9489015936851501
        },
        "tail": {
          "x": 0.013568911701440811,
          "y": 0.09351992607116699,
          "z": 1.435856819152832
        },
        "rotation_quaternion": {
          "w": 0.7269365191459656,
          "x": 0.683952271938324,
          "y": 0.05125264823436737,
          "z": 0.03385038673877716
        },
        "matrix": [
          [
            0.9924546480178833,
            0.02089456282556057,
            0.12081880122423172,
            0.0033723395317792892
          ],
          [
            0.1193227469921112,
            0.062127526849508286,
            -0.9909099340438843,
            0.06320161372423172
          ],
          [
            -0.02821088768541813,
            0.997856616973877,
            0.05916506052017212,
            0.9489015936851501
          ],
          [
            0.0,
            0.0,
            0.0,
            1.0
          ]
        ]
      },
      "bone_length_armature_space": 0.48800470946283314,
      "parent": "Root",
      "has_children": true,
      "is_end_bone": false
    },
    "neck_01": {
      "name": "neck_01",
      "local": {
        "location": {
          "x": 0.0,
          "y": 0.0,
          "z": 0.0
        },
        "rotation_quaternion": {
          "w": 0.998170018196106,
          "x": -0.05042257905006409,
          "y": -0.031063001602888107,
          "z": -0.012221120297908783
        },
        "scale": {
          "x": 1.0,
          "y": 1.0,
          "z": 1.0
        },
        "matrix_basis": [
          [
            0.9977714419364929,
            0.027530064806342125,
            -0.0607798732817173,
            0.0
          ],
          [
            -0.02126495912671089,
            0.9946163892745972,
            0.10141986608505249,
            0.0
          ],
          [
            0.06324475258588791,
            -0.09990136325359344,
            0.9929853081703186,
            0.0
          ],
          [
            0.0,
            0.0,
            0.0,
            1.0
          ]
        ],
        "rotation_mode": "QUATERNION"
      },
      "armature_space": {
        "head": {
          "x": 0.01928882859647274,
          "y": 0.0004596114158630371,
          "z": 0.5611162185668945
        },
        "tail": {
          "x": 0.02769600600004196,
          "y": -0.0221023540943861,
          "z": 0.660770833492279
        }
      },
      "world_space": {
        "head": {
          "x": 0.01928882859647274,
          "y": 0.06370361149311066,
          "z": 1.5109702348709106
        },
        "tail": {
          "x": 0.02769600600004196,
          "y": 0.04114164412021637,
          "z": 1.6106247901916504
        },
        "rotation_quaternion": {
          "w": 0.6227024793624878,
          "x": 0.781017005443573,
          "y": 0.04696783795952797,
          "z": -0.00693647051230073
        },
        "matrix": [
          [
            0.9954917430877686,
            0.08200416713953018,
            0.04765945300459862,
            0.01928882859647274
          ],
          [
            0.06472708284854889,
            -0.22007092833518982,
            -0.9733343124389648,
            0.06370361149311066
          ],
          [
            -0.06932942569255829,
            0.9720375537872314,
            -0.22438913583755493,
            1.5109702348709106
          ],
          [
            0.0,
            0.0,
            0.0,
            1.0
          ]
        ]
      },
      "bone_length_armature_space": 0.10252202096744048,
      "parent": "spine_01",
      "has_children": true,
      "is_end_bone": false
    },
    "head": {
      "name": "head",
      "local": {
        "location": {
          "x": 0.0,
          "y": 0.0,
          "z": 0.0
        },
        "rotation_quaternion": {
          "w": 0.9742810726165771,
          "x": 0.042639411985874176,
          "y": 0.045139193534851074,
          "z": -0.2166121006011963
        },
        "scale": {
          "x": 1.0,
          "y": 1.0,
          "z": 1.0
        },
        "matrix_basis": [
          [
            0.9020832777023315,
            0.42593154311180115,
            0.06948409974575043,
            0.0
          ],
          [
            -0.4182327091693878,
            0.9025221467018127,
            -0.10264093428850174,
            0.0
          ],
          [
            -0.10642895102500916,
            0.06353015452623367,
            0.9922886490821838,
            0.0
          ],
          [
            0.0,
            0.0,
            0.0,
            1.0
          ]
        ],
        "rotation_mode": "QUATERNION"
      },
      "armature_space": {
        "head": {
          "x": 0.02769600600004196,
          "y": -0.022102488204836845,
          "z": 0.6607706546783447
        },
        "tail": {
          "x": 0.10237593203783035,
          "y": -0.007220030762255192,
          "z": 0.7958804368972778
        }
      },
      "world_space": {
        "head": {
          "x": 0.02769600600004196,
          "y": 0.041141510009765625,
          "z": 1.6106246709823608
        },
        "tail": {
          "x": 0.10237593203783035,
          "y": 0.056023970246315,
          "z": 1.745734453201294
        },
        "rotation_quaternion": {
          "w": 0.7066324353218079,
          "x": 0.658602237701416,
          "y": 0.22056721150875092,
          "z": -0.13514365255832672
        },
        "matrix": [
          [
            0.8661729097366333,
            0.481525719165802,
            0.13370610773563385,
            0.02769600600004196
          ],
          [
            0.09953531622886658,
            0.09596000611782074,
            -0.9903963804244995,
            0.041141510009765625
          ],
          [
            -0.48973503708839417,
            0.8711691498756409,
            0.03518844395875931,
            1.6106246709823608
          ],
          [
            0.0,
            0.0,
            0.0,
            1.0
          ]
        ]
      },
      "bone_length_armature_space": 0.15509104193712997,
      "parent": "neck_01",
      "has_children": false,
      "is_end_bone": true
    },
    "upperarm_l": {
      "name": "upperarm_l",
      "local": {
        "location": {
          "x": 0.0,
          "y": 0.0,
          "z": 0.0
        },
        "rotation_quaternion": {
          "w": 0.9611101746559143,
          "x": -0.12621933221817017,
          "y": 0.09513735771179199,
          "z": 0.22646169364452362
        },
        "scale": {
          "x": 1.0,
          "y": 1.0,
          "z": 1.0
        },
        "matrix_basis": [
          [
            0.8793279528617859,
            -0.4593256115913391,
            0.12570728361606598,
            0.0
          ],
          [
            0.4112929403781891,
            0.8655675649642944,
            0.28571128845214844,
            0.0
          ],
          [
            -0.24004265666007996,
            -0.1995314359664917,
            0.9500351548194885,
            0.0
          ],
          [
            0.0,
            0.0,
            0.0,
            1.0
          ]
        ],
        "rotation_mode": "QUATERNION"
      },
      "armature_space": {
        "head": {
          "x": 0.16713806986808777,
          "y": 0.011022433638572693,
          "z": 0.4900095760822296
        },
        "tail": {
          "x": 0.3931449353694916,
          "y": 0.10517621040344238,
          "z": 0.5989304780960083
        }
      },
      "world_space": {
        "head": {
          "x": 0.16713806986808777,
          "y": 0.07426643371582031,
          "z": 1.4398635625839233
        },
        "tail": {
          "x": 0.3931449353694916,
          "y": 0.16842021048069,
          "z": 1.5487844944000244
        },
        "rotation_quaternion": {
          "w": 0.6263538002967834,
          "x": 0.5206220149993896,
          "y": 0.5323184728622437,
          "z": -0.23080453276634216
        },
        "matrix": [
          [
            0.3267343044281006,
            0.8434054255485535,
            0.4265114665031433,
            0.16713806986808777
          ],
          [
            0.26514145731925964,
            0.35136014223098755,
            -0.8979122638702393,
            0.07426643371582031
          ],
          [
            -0.9071692228317261,
            0.40646761655807495,
            -0.10882192850112915,
            1.4398635625839233
          ],
          [
            0.0,
            0.0,
            0.0,
            1.0
          ]
        ]
      },
      "bone_length_armature_space": 0.2679697706798099,
      "parent": "spine_01",
      "has_children": true,
      "is_end_bone": false
    },
    "lowerarm_l": {
      "name": "lowerarm_l",
      "local": {
        "location": {
          "x": 0.0,
          "y": 0.0,
          "z": 0.0
        },
        "rotation_quaternion": {
          "w": 0.9386763572692871,
          "x": 0.2640073597431183,
          "y": -0.06753280013799667,
          "z": 0.21124887466430664
        },
        "scale": {
          "x": 1.0,
          "y": 1.0,
          "z": 1.0
        },
        "matrix_basis": [
          [
            0.901626467704773,
            -0.43224695324897766,
            -0.01524037029594183,
            0.0
          ],
          [
            0.36093032360076904,
            0.7713480591773987,
            -0.5241674184799194,
            0.0
          ],
          [
            0.23832540214061737,
            0.4671024680137634,
            0.8514788746833801,
            0.0
          ],
          [
            0.0,
            0.0,
            0.0,
            1.0
          ]
        ],
        "rotation_mode": "QUATERNION"
      },
      "armature_space": {
        "head": {
          "x": 0.39314496517181396,
          "y": 0.1051761656999588,
          "z": 0.5989305973052979
        },
        "tail": {
          "x": 0.5549588203430176,
          "y": 0.013917811214923859,
          "z": 0.791435182094574
        }
      },
      "world_space": {
        "head": {
          "x": 0.39314496517181396,
          "y": 0.16842016577720642,
          "z": 1.548784613609314
        },
        "tail": {
          "x": 0.5549588203430176,
          "y": 0.07716181129217148,
          "z": 1.7412891387939453
        },
        "rotation_quaternion": {
          "w": 0.5404214859008789,
          "x": 0.7677002549171448,
          "y": 0.1933498978614807,
          "z": -0.28495052456855774
        },
        "matrix": [
          [
            0.7628383636474609,
            0.6048563718795776,
            -0.22853071987628937,
            0.39314496517181396
          ],
          [
            -0.011114880442619324,
            -0.34112149477005005,
            -0.9399536848068237,
            0.16842016577720642
          ],
          [
            -0.6464983224868774,
            0.7195773720741272,
            -0.25350019335746765,
            1.548784613609314
          ],
          [
            0.0,
            0.0,
            0.0,
            1.0
          ]
        ]
      },
      "bone_length_armature_space": 0.2675253753458243,
      "parent": "upperarm_l",
      "has_children": true,
      "is_end_bone": false
    },
    "metacarpal_thumb_l": {
      "name": "metacarpal_thumb_l",
      "local": {
        "location": {
          "x": 0.0,
          "y": 0.0,
          "z": 0.0
        },
        "rotation_quaternion": {
          "w": 0.9997949600219727,
          "x": 0.00948205217719078,
          "y": -0.01724696345627308,
          "z": -0.004761627875268459
        },
        "scale": {
          "x": 1.0,
          "y": 1.0,
          "z": 1.0
        },
        "matrix_basis": [
          [
            0.9993597269058228,
            0.00919422972947359,
            -0.034577153623104095,
            0.0
          ],
          [
            -0.009848376736044884,
            0.9997748136520386,
            -0.01879596896469593,
            0.0
          ],
          [
            0.03439655527472496,
            0.019124463200569153,
            0.9992252588272095,
            0.0
          ],
          [
            0.0,
            0.0,
            0.0,
            1.0
          ]
        ],
        "rotation_mode": "QUATERNION"
      },
      "armature_space": {
        "head": {
          "x": 0.5549588203430176,
          "y": 0.013917811214923859,
          "z": 0.791435182094574
        },
        "tail": {
          "x": 0.5796833634376526,
          "y": -0.02651365101337433,
          "z": 0.8058428168296814
        }
      },
      "world_space": {
        "head": {
          "x": 0.5549588203430176,
          "y": 0.07716181129217148,
          "z": 1.7412891387939453
        },
        "tail": {
          "x": 0.5796833634376526,
          "y": 0.03673034906387329,
          "z": 1.7556967735290527
        },
        "rotation_quaternion": {
          "w": 0.053722865879535675,
          "x": 0.8953608274459839,
          "y": 0.2983162999153137,
          "z": 0.3262670636177063
        },
        "matrix": [
          [
            0.609113872051239,
            0.49914637207984924,
            0.6163058280944824,
            0.5549588203430176
          ],
          [
            0.5692579746246338,
            -0.8162420392036438,
            0.09845985472202301,
            0.07716181129217148
          ],
          [
            0.5522050261497498,
            0.2908649146556854,
            -0.7813329100608826,
            1.7412891387939453
          ],
          [
            0.0,
            0.0,
            0.0,
            1.0
          ]
        ]
      },
      "bone_length_armature_space": 0.04953368652929778,
      "parent": "lowerarm_l",
      "has_children": true,
      "is_end_bone": false
    },
    "thumb_01_l": {
      "name": "thumb_01_l",
      "local": {
        "location": {
          "x": 0.0,
          "y": 0.0,
          "z": 0.0
        },
        "rotation_quaternion": {
          "w": 0.9978270530700684,
          "x": -0.058532729744911194,
          "y": 0.02490316517651081,
          "z": 0.017179260030388832
        },
        "scale": {
          "x": 1.0,
          "y": 1.0,
          "z": 1.0
        },
        "matrix_basis": [
          [
            0.9981694221496582,
            -0.03719916194677353,
            0.04768700525164604,
            0.0
          ],
          [
            0.03136856108903885,
            0.9925575852394104,
            0.11766672134399414,
            0.0
          ],
          [
            -0.05170920118689537,
            -0.11595544964075089,
            0.9919074773788452,
            0.0
          ],
          [
            0.0,
            0.0,
            0.0,
            1.0
          ]
        ],
        "rotation_mode": "QUATERNION"
      },
      "armature_space": {
        "head": {
          "x": 0.5796833634376526,
          "y": -0.02651365101337433,
          "z": 0.8058428168296814
        },
        "tail": {
          "x": 0.6010467410087585,
          "y": -0.04571794345974922,
          "z": 0.7875826954841614
        }
      },
      "world_space": {
        "head": {
          "x": 0.5796833634376526,
          "y": 0.03673034906387329,
          "z": 1.7556967735290527
        },
        "tail": {
          "x": 0.6010467410087585,
          "y": 0.017526056617498398,
          "z": 1.7374367713928223
        },
        "rotation_quaternion": {
          "w": 0.4646306335926056,
          "x": -0.5071829557418823,
          "y": 0.044959913939237595,
          "z": -0.7244738936424255
        },
        "matrix": [
          [
            -0.05376587435603142,
            0.6276223659515381,
            0.7766590118408203,
            0.5796833634376526
          ],
          [
            -0.7188312411308289,
            -0.564191997051239,
            0.40616393089294434,
            0.03673034906387329
          ],
          [
            0.693106472492218,
            -0.5364535450935364,
            0.4814925789833069,
            1.7556967735290527
          ],
          [
            0.0,
            0.0,
            0.0,
            1.0
          ]
        ]
      },
      "bone_length_armature_space": 0.03403866575587508,
      "parent": "metacarpal_thumb_l",
      "has_children": true,
      "is_end_bone": false
    },
    "thumb_02_l": {
      "name": "thumb_02_l",
      "local": {
        "location": {
          "x": 0.0,
          "y": 0.0,
          "z": 0.0
        },
        "rotation_quaternion": {
          "w": 0.9944723844528198,
          "x": 0.10443811118602753,
          "y": -0.01004537008702755,
          "z": 0.0040618316270411015
        },
        "scale": {
          "x": 1.0,
          "y": 1.0,
          "z": 1.0
        },
        "matrix_basis": [
          [
            0.999765157699585,
            -0.010176997631788254,
            -0.019131265580654144,
            0.0
          ],
          [
            0.005980519577860832,
            0.9781523942947388,
            -0.20780323445796967,
            0.0
          ],
          [
            0.02082810550928116,
            0.20764003694057465,
            0.9779835343360901,
            0.0
          ],
          [
            0.0,
            0.0,
            0.0,
            1.0
          ]
        ],
        "rotation_mode": "QUATERNION"
      },
      "armature_space": {
        "head": {
          "x": 0.6010466814041138,
          "y": -0.04571792855858803,
          "z": 0.7875826954841614
        },
        "tail": {
          "x": 0.6284710764884949,
          "y": -0.060602717101573944,
          "z": 0.8128716945648193
        }
      },
      "world_space": {
        "head": {
          "x": 0.6010466814041138,
          "y": 0.01752607151865959,
          "z": 1.7374367713928223
        },
        "tail": {
          "x": 0.6284710764884949,
          "y": 0.0026412829756736755,
          "z": 1.7627257108688354
        },
        "rotation_quaternion": {
          "w": 0.42854371666908264,
          "x": 0.03597526252269745,
          "y": -0.3620103597640991,
          "z": -0.8270456790924072
        },
        "matrix": [
          [
            -0.6301109790802002,
            0.6828036904335022,
            -0.36978256702423096,
            0.6010466814041138
          ],
          [
            -0.734898567199707,
            -0.3705965280532837,
            0.5679633617401123,
            0.01752607151865959
          ],
          [
            0.2507683336734772,
            0.6296365857124329,
            0.7353142499923706,
            1.7374367713928223
          ],
          [
            0.0,
            0.0,
            0.0,
            1.0
          ]
        ]
      },
      "bone_length_armature_space": 0.040164509663173045,
      "parent": "thumb_01_l",
      "has_children": true,
      "is_end_bone": false
    },
    "thumb_03_l": {
      "name": "thumb_03_l",
      "local": {
        "location": {
          "x": 0.0,
          "y": 0.0,
          "z": 0.0
        },
        "rotation_quaternion": {
          "w": 0.9983853101730347,
          "x": 0.05653143674135208,
          "y": 0.005551549140363932,
          "z": 0.0003956137807108462
        },
        "scale": {
          "x": 1.0,
          "y": 1.0,
          "z": 1.0
        },
        "matrix_basis": [
          [
            0.9999380707740784,
            -0.00016227587184403092,
            0.011129899881780148,
            0.0
          ],
          [
            0.0014176240656524897,
            0.9936080574989319,
            -0.11287591606378555,
            0.0
          ],
          [
            -0.011040440760552883,
            0.11288470774888992,
            0.993546724319458,
            0.0
          ],
          [
            0.0,
            0.0,
            0.0,
            1.0
          ]
        ],
        "rotation_mode": "QUATERNION"
      },
      "armature_space": {
        "head": {
          "x": 0.6284710168838501,
          "y": -0.06060277670621872,
          "z": 0.8128715753555298
        },
        "tail": {
          "x": 0.6456860899925232,
          "y": -0.06197607144713402,
          "z": 0.8379445672035217
        }
      },
      "world_space": {
        "head": {
          "x": 0.6284710168838501,
          "y": 0.0026412233710289,
          "z": 1.762725591659546
        },
        "tail": {
          "x": 0.6456860899925232,
          "y": 0.0012679286301136017,
          "z": 1.7877986431121826
        },
        "rotation_quaternion": {
          "w": 0.5561654567718506,
          "x": 0.2368619590997696,
          "y": -0.41003096103668213,
          "z": -0.6829723119735718
        },
        "matrix": [
          [
            -0.2691498398780823,
            0.5654496550559998,
            -0.7796312570571899,
            0.6284710168838501
          ],
          [
            -0.9539333581924438,
            -0.04510753974318504,
            0.2966081500053406,
            0.0026412233710289
          ],
          [
            0.13254955410957336,
            0.8235541582107544,
            0.5515463352203369,
            1.762725591659546
          ],
          [
            0.0,
            0.0,
            0.0,
            1.0
          ]
        ]
      },
      "bone_length_armature_space": 0.0304450256761477,
      "parent": "thumb_02_l",
      "has_children": false,
      "is_end_bone": true
    },
    "metacarpal_index_l": {
      "name": "metacarpal_index_l",
      "local": {
        "location": {
          "x": 0.0,
          "y": 0.0,
          "z": 0.0
        },
        "rotation_quaternion": {
          "w": 0.9971102476119995,
          "x": -0.07535471022129059,
          "y": 0.003699058433994651,
          "z": -0.008899328298866749
        },
        "scale": {
          "x": 1.0,
          "y": 1.0,
          "z": 1.0
        },
        "matrix_basis": [
          [
            0.9998142123222351,
            0.017189739271998405,
            0.00871795043349266,
            0.0
          ],
          [
            -0.01830470561981201,
            0.9884849190711975,
            0.15020807087421417,
            0.0
          ],
          [
            -0.006035525351762772,
            -0.1503397524356842,
            0.9886159896850586,
            0.0
          ],
          [
            0.0,
            0.0,
            0.0,
            1.0
          ]
        ],
        "rotation_mode": "QUATERNION"
      },
      "armature_space": {
        "head": {
          "x": 0.5549588203430176,
          "y": 0.013917811214923859,
          "z": 0.791435182094574
        },
        "tail": {
          "x": 0.613111674785614,
          "y": -0.04776247590780258,
          "z": 0.872324526309967
        }
      },
      "world_space": {
        "head": {
          "x": 0.5549588203430176,
          "y": 0.07716181129217148,
          "z": 1.7412891387939453
        },
        "tail": {
          "x": 0.613111674785614,
          "y": 0.015481524169445038,
          "z": 1.822178602218628
        },
        "rotation_quaternion": {
          "w": 0.35188591480255127,
          "x": 0.865170419216156,
          "y": 0.33611223101615906,
          "z": 0.12118232995271683
        },
        "matrix": [
          [
            0.7446860074996948,
            0.4963042438030243,
            0.4462341070175171,
            0.5549588203430176
          ],
          [
            0.6668742895126343,
            -0.5264092683792114,
            -0.5274204015731812,
            0.07716181129217148
          ],
          [
            -0.026858879253268242,
            0.690348744392395,
            -0.722987711429596,
            1.7412891387939453
          ],
          [
            0.0,
            0.0,
            0.0,
            1.0
          ]
        ]
      },
      "bone_length_armature_space": 0.11717208820566014,
      "parent": "lowerarm_l",
      "has_children": true,
      "is_end_bone": false
    },
    "index_01_l": {
      "name": "index_01_l",
      "local": {
        "location": {
          "x": 0.0,
          "y": 0.0,
          "z": 0.0
        },
        "rotation_quaternion": {
          "w": 0.9933677911758423,
          "x": -0.1145162582397461,
          "y": -0.0018339741509407759,
          "z": 0.010160763747990131
        },
        "scale": {
          "x": 1.0,
          "y": 1.0,
          "z": 1.0
        },
        "matrix_basis": [
          [
            0.9997867941856384,
            -0.019766710698604584,
            -0.005970766767859459,
            0.0
          ],
          [
            0.020606789737939835,
            0.9735655784606934,
            0.22747625410556793,
            0.0
          ],
          [
            0.0013164763804525137,
            -0.22755078971385956,
            0.9737653136253357,
            0.0
          ],
          [
            0.0,
            0.0,
            0.0,
            1.0
          ]
        ],
        "rotation_mode": "QUATERNION"
      },
      "armature_space": {
        "head": {
          "x": 0.613111674785614,
          "y": -0.04776247590780258,
          "z": 0.872324526309967
        },
        "tail": {
          "x": 0.6275559663772583,
          "y": -0.04992443695664406,
          "z": 0.8968146443367004
        }
      },
      "world_space": {
        "head": {
          "x": 0.613111674785614,
          "y": 0.015481524169445038,
          "z": 1.822178602218628
        },
        "tail": {
          "x": 0.6275559663772583,
          "y": 0.013319563120603561,
          "z": 1.8466687202453613
        },
        "rotation_quaternion": {
          "w": 0.5020483732223511,
          "x": 0.7177692651748657,
          "y": 0.4582975208759308,
          "z": 0.1507248729467392
        },
        "matrix": [
          [
            0.5344883799552917,
            0.5065615773200989,
            0.6765482425689697,
            0.613111674785614
          ],
          [
            0.8092477917671204,
            -0.07582005858421326,
            -0.5825543999671936,
            0.015481524169445038
          ],
          [
            -0.2438046932220459,
            0.8588695526123047,
            -0.45046254992485046,
            1.822178602218628
          ],
          [
            0.0,
            0.0,
            0.0,
            1.0
          ]
        ]
      },
      "bone_length_armature_space": 0.02851451376794765,
      "parent": "metacarpal_index_l",
      "has_children": true,
      "is_end_bone": false
    },
    "index_02_l": {
      "name": "index_02_l",
      "local": {
        "location": {
          "x": 0.0,
          "y": 0.0,
          "z": 0.0
        },
        "rotation_quaternion": {
          "w": 0.9984791874885559,
          "x": 0.05448064208030701,
          "y": 0.007092449348419905,
          "z": -0.004568231757730246
        },
        "scale": {
          "x": 1.0,
          "y": 1.0,
          "z": 1.0
        },
        "matrix_basis": [
          [
            0.9998576641082764,
            0.00989537127315998,
            0.01366556528955698,
            0.0
          ],
          [
            -0.00834976602345705,
            0.9940219521522522,
            -0.10886037349700928,
            0.0
          ],
          [
            -0.014661086723208427,
            0.10873077809810638,
            0.9939631223678589,
            0.0
          ],
          [
            0.0,
            0.0,
            0.0,
            1.0
          ]
        ],
        "rotation_mode": "QUATERNION"
      },
      "armature_space": {
        "head": {
          "x": 0.6275562644004822,
          "y": -0.04992484301328659,
          "z": 0.8968149423599243
        },
        "tail": {
          "x": 0.6422668695449829,
          "y": -0.052279870957136154,
          "z": 0.9176990985870361
        }
      },
      "world_space": {
        "head": {
          "x": 0.6275562644004822,
          "y": 0.013319157063961029,
          "z": 1.8466689586639404
        },
        "tail": {
          "x": 0.6422668695449829,
          "y": 0.010964129120111465,
          "z": 1.8675531148910522
        },
        "rotation_quaternion": {
          "w": 0.48977017402648926,
          "x": 0.7312609553337097,
          "y": 0.4628426134586334,
          "z": 0.10563840717077255
        },
        "matrix": [
          [
            0.5492320656776428,
            0.5734403133392334,
            0.6078735589981079,
            0.6275562644004822
          ],
          [
            0.7803962826728821,
            -0.09180222451686859,
            -0.6185097098350525,
            0.013319157063961029
          ],
          [
            -0.29887571930885315,
            0.8140930533409119,
            -0.4979356527328491,
            1.8466689586639404
          ],
          [
            0.0,
            0.0,
            0.0,
            1.0
          ]
        ]
      },
      "bone_length_armature_space": 0.025653383036462734,
      "parent": "index_01_l",
      "has_children": true,
      "is_end_bone": false
    },
    "index_03_l": {
      "name": "index_03_l",
      "local": {
        "location": {
          "x": 0.0,
          "y": 0.0,
          "z": 0.0
        },
        "rotation_quaternion": {
          "w": 0.9997900128364563,
          "x": 0.02026333659887314,
          "y": -0.0013360787415876985,
          "z": 0.002745306119322777
        },
        "scale": {
          "x": 1.0,
          "y": 1.0,
          "z": 1.0
        },
        "matrix_basis": [
          [
            0.9999813437461853,
            -0.005543605890125036,
            -0.0025603382382541895,
            0.0
          ],
          [
            0.005435312632471323,
            0.9991637468338013,
            -0.04052549973130226,
            0.0
          ],
          [
            0.0027828544843941927,
            0.04051082581281662,
            0.9991752505302429,
            0.0
          ],
          [
            0.0,
            0.0,
            0.0,
            1.0
          ]
        ],
        "rotation_mode": "QUATERNION"
      },
      "armature_space": {
        "head": {
          "x": 0.6422668099403381,
          "y": -0.05227980017662048,
          "z": 0.9176991581916809
        },
        "tail": {
          "x": 0.6625123023986816,
          "y": -0.05525050684809685,
          "z": 0.9385566115379333
        }
      },
      "world_space": {
        "head": {
          "x": 0.6422668099403381,
          "y": 0.010964199900627136,
          "z": 1.8675532341003418
        },
        "tail": {
          "x": 0.6625123023986816,
          "y": 0.007993493229150772,
          "z": 1.8884105682373047
        },
        "rotation_quaternion": {
          "w": 0.4287921190261841,
          "x": 0.7380145192146301,
          "y": 0.5150734782218933,
          "z": 0.07855627685785294
        },
        "matrix": [
          [
            0.4570539891719818,
            0.6928946375846863,
            0.5576725006103516,
            0.6422668099403381
          ],
          [
            0.827633798122406,
            -0.10167151689529419,
            -0.551983118057251,
            0.010964199900627136
          ],
          [
            -0.3257683515548706,
            0.7138394713401794,
            -0.6199374198913574,
            1.8675532341003418
          ],
          [
            0.0,
            0.0,
            0.0,
            1.0
          ]
        ]
      },
      "bone_length_armature_space": 0.02921880216761392,
      "parent": "index_02_l",
      "has_children": false,
      "is_end_bone": true
    },
    "metacarpal_pinky_l": {
      "name": "metacarpal_pinky_l",
      "local": {
        "location": {
          "x": 0.0,
          "y": 0.0,
          "z": 0.0
        },
        "rotation_quaternion": {
          "w": 0.9998339414596558,
          "x": -0.018086997792124748,
          "y": 0.0022530003916472197,
          "z": 0.00020658181165345013
        },
        "scale": {
          "x": 1.0,
          "y": 1.0,
          "z": 1.0
        },
        "matrix_basis": [
          [
            0.9999897480010986,
            -0.0004945950349792838,
            0.004497779533267021,
            0.0
          ],
          [
            0.0003315949870739132,
            0.9993456602096558,
            0.03616891801357269,
            0.0
          ],
          [
            -0.00451272539794445,
            -0.03616705909371376,
            0.9993355870246887,
            0.0
          ],
          [
            0.0,
            0.0,
            0.0,
            1.0
          ]
        ],
        "rotation_mode": "QUATERNION"
      },
      "armature_space": {
        "head": {
          "x": 0.5549588203430176,
          "y": 0.013917811214923859,
          "z": 0.791435182094574
        },
        "tail": {
          "x": 0.6253540515899658,
          "y": 0.010815652087330818,
          "z": 0.8681044578552246
        }
      },
      "world_space": {
        "head": {
          "x": 0.5549588203430176,
          "y": 0.07716181129217148,
          "z": 1.7412891387939453
        },
        "tail": {
          "x": 0.6253540515899658,
          "y": 0.07405965030193329,
          "z": 1.8179584741592407
        },
        "rotation_quaternion": {
          "w": 0.6692278385162354,
          "x": 0.3734014630317688,
          "y": -0.19297511875629425,
          "z": -0.6127529144287109
        },
        "matrix": [
          [
            0.17458538711071014,
            0.6760273575782776,
            -0.7158958315849304,
            0.5549588203430176
          ],
          [
            -0.9642581343650818,
            -0.029790999367833138,
            -0.2632853388786316,
            0.07716181129217148
          ],
          [
            -0.1993175745010376,
            0.7362790703773499,
            0.6466680765151978,
            1.7412891387939453
          ],
          [
            0.0,
            0.0,
            0.0,
            1.0
          ]
        ]
      },
      "bone_length_armature_space": 0.10413111951537542,
      "parent": "lowerarm_l",
      "has_children": true,
      "is_end_bone": false
    },
    "pinky_01_l": {
      "name": "pinky_01_l",
      "local": {
        "location": {
          "x": 0.0,
          "y": 0.0,
          "z": 0.0
        },
        "rotation_quaternion": {
          "w": 0.994786262512207,
          "x": -0.09951046109199524,
          "y": -0.01619567722082138,
          "z": 0.015351520851254463
        },
        "scale": {
          "x": 1.0,
          "y": 1.0,
          "z": 1.0
        },
        "matrix_basis": [
          [
            0.999004065990448,
            -0.027319684624671936,
            -0.03527774661779404,
            0.0
          ],
          [
            0.0337662436068058,
            0.9797239899635315,
            0.1974860280752182,
            0.0
          ],
          [
            0.02916720137000084,
            -0.1984805315732956,
            0.9796707630157471,
            0.0
          ],
          [
            0.0,
            0.0,
            0.0,
            1.0
          ]
        ],
        "rotation_mode": "QUATERNION"
      },
      "armature_space": {
        "head": {
          "x": 0.6253540515899658,
          "y": 0.010815652087330818,
          "z": 0.8681044578552246
        },
        "tail": {
          "x": 0.6384995579719543,
