{
  "metadata": {
    "armature_name": "KIM_caucasian_male",
    "export_time": "2026-01-13T21:16:39.008606",
    "blender_version": "4.4.1",
    "bone_count": 56,
    "end_bone_count": 13,
    "spaces_included": [
      "LOCAL_CHANNELS",
      "ARMATURE_SPACE",
      "WORLD_SPACE"
    ],
    "note": "LOCAL matches Transform panel; replay pose via local.matrix_basis for best fidelity."
  },
  "bones": {
    "Root": {
      "name": "Root",
      "local": {
        "location": {
          "x": 0.0,
          "y": 0.0,
          "z": 0.0
        },
        "rotation_quaternion": {
          "w": 0.9998093843460083,
          "x": -0.0053138877265155315,
          "y": 0.006637218873947859,
          "z": -0.017574837431311607
        },
        "scale": {
          "x": 1.0,
          "y": 1.0,
          "z": 1.0
        },
        "matrix_basis": [
          [
            0.9992941617965698,
            0.035072434693574905,
            0.013458688743412495,
            0.0
          ],
          [
            -0.03521351516246796,
            0.9993257522583008,
            0.010392453521490097,
            0.0
          ],
          [
            -0.01308512594550848,
            -0.010859046131372452,
            0.9998553991317749,
            0.0
          ],
          [
            0.0,
            0.0,
            0.0,
            1.0
          ]
        ],
        "rotation_mode": "QUATERNION"
      },
      "armature_space": {
        "head": {
          "x": 0.0,
          "y": 0.07072800397872925,
          "z": -0.009595036506652832
        },
        "tail": {
          "x": 0.0025033254642039537,
          "y": 0.00015188008546829224,
          "z": 0.0007615741342306137
        }
      },
      "world_space": {
        "head": {
          "x": 0.0,
          "y": 0.13397200405597687,
          "z": 0.9402589797973633
        },
        "tail": {
          "x": 0.0025033254642039537,
          "y": 0.06339588016271591,
          "z": 0.9506155848503113
        },
        "rotation_quaternion": {
          "w": 0.07265662401914597,
          "x": 0.9971801042556763,
          "y": 0.01798204705119133,
          "z": 0.00543816015124321
        },
        "matrix": [
          [
            0.9992941617965698,
            0.035072434693574905,
            0.013458688743412495,
            0.0
          ],
          [
            0.03665291890501976,
            -0.988795280456543,
            -0.14470836520195007,
            0.13397200405597687
          ],
          [
            0.008232704363763332,
            0.14509961009025574,
            -0.9893898367881775,
            0.9402589797973633
          ],
          [
            0.0,
            0.0,
            0.0,
            1.0
          ]
        ]
      },
      "bone_length_armature_space": 0.07137587327127011,
      "parent": null,
      "has_children": true,
      "is_end_bone": false
    },
    "spine_01": {
      "name": "spine_01",
      "local": {
        "location": {
          "x": 0.0,
          "y": 0.0,
          "z": 0.0
        },
        "rotation_quaternion": {
          "w": 0.9991205334663391,
          "x": -0.040903493762016296,
          "y": 0.0010093310847878456,
          "z": -0.009171085432171822
        },
        "scale": {
          "x": 1.0,
          "y": 1.0,
          "z": 1.0
        },
        "matrix_basis": [
          [
            0.9998297691345215,
            0.018243469297885895,
            0.0027671456336975098,
            0.0
          ],
          [
            -0.018408609554171562,
            0.9964855909347534,
            0.08171653002500534,
            0.0
          ],
          [
            -0.0012666279217228293,
            -0.08175355195999146,
            0.9966517686843872,
            0.0
          ],
          [
            0.0,
            0.0,
            0.0,
            1.0
          ]
        ],
        "rotation_mode": "QUATERNION"
      },
      "armature_space": {
        "head": {
          "x": 0.0025033254642039537,
          "y": 0.00015188008546829224,
          "z": 0.0007615741342306137
        },
        "tail": {
          "x": 0.004939751699566841,
          "y": 0.06808006763458252,
          "z": 0.4840092957019806
        }
      },
      "world_space": {
        "head": {
          "x": 0.0025033254642039537,
          "y": 0.06339588016271591,
          "z": 0.9506155848503113
        },
        "tail": {
          "x": 0.004939751699566841,
          "y": 0.13132406771183014,
          "z": 1.4338632822036743
        },
        "rotation_quaternion": {
          "w": 0.7545488476753235,
          "x": 0.6559652090072632,
          "y": 0.015950076282024384,
          "z": 0.010557781904935837
        },
        "matrix": [
          [
            0.9992682933807373,
            0.004992663860321045,
            0.037921253591775894,
            0.0025033254642039537
          ],
          [
            0.03685807064175606,
            0.1391967535018921,
            -0.9895786643028259,
            0.06339588016271591
          ],
          [
            -0.010219186544418335,
            0.9902592301368713,
            0.1389109492301941,
            0.9506155848503113
          ],
          [
            0.0,
            0.0,
            0.0,
            1.0
          ]
        ]
      },
      "bone_length_armature_space": 0.4880046470316524,
      "parent": "Root",
      "has_children": true,
      "is_end_bone": false
    },
    "neck_01": {
      "name": "neck_01",
      "local": {
        "location": {
          "x": 0.0,
          "y": 0.0,
          "z": 0.0
        },
        "rotation_quaternion": {
          "w": 0.9915130138397217,
          "x": -0.006014011334627867,
          "y": 0.1121136024594307,
          "z": 0.06554724276065826
        },
        "scale": {
          "x": 1.0,
          "y": 1.0,
          "z": 1.0
        },
        "matrix_basis": [
          [
            0.9662681818008423,
            -0.13133040070533752,
            0.221535786986351,
            0.0
          ],
          [
            0.12863337993621826,
            0.9913347959518433,
            0.02662341669201851,
            0.0
          ],
          [
            -0.22311259806156158,
            0.002771534025669098,
            0.9747887253761292,
            0.0
          ],
          [
            0.0,
            0.0,
            0.0,
            1.0
          ]
        ],
        "rotation_mode": "QUATERNION"
      },
      "armature_space": {
        "head": {
          "x": 0.006620432715862989,
          "y": 0.043952811509370804,
          "z": 0.5613320469856262
        },
        "tail": {
          "x": -0.004892175551503897,
          "y": 0.018082385882735252,
          "z": 0.6598659753799438
        }
      },
      "world_space": {
        "head": {
          "x": 0.006620432715862989,
          "y": 0.10719680786132812,
          "z": 1.511186122894287
        },
        "tail": {
          "x": -0.004892175551503897,
          "y": 0.08132638782262802,
          "z": 1.60971999168396
        },
        "rotation_quaternion": {
          "w": 0.6104711294174194,
          "x": 0.7796466946601868,
          "y": 0.033970702439546585,
          "z": 0.13535869121551514
        },
        "matrix": [
          [
            0.9610483050346375,
            -0.1122947558760643,
            0.25253939628601074,
            0.006620432715862989
          ],
          [
            0.21823471784591675,
            -0.2523418664932251,
            -0.9427075982093811,
            0.10719680786132812
          ],
          [
            0.16958871483802795,
            0.9611065983772278,
            -0.21800844371318817,
            1.511186122894287
          ],
          [
            0.0,
            0.0,
            0.0,
            1.0
          ]
        ]
      },
      "bone_length_armature_space": 0.10252197057893733,
      "parent": "spine_01",
      "has_children": true,
      "is_end_bone": false
    },
    "head": {
      "name": "head",
      "local": {
        "location": {
          "x": 0.0,
          "y": 0.0,
          "z": 0.0
        },
        "rotation_quaternion": {
          "w": 0.9988563060760498,
          "x": -0.007811409886926413,
          "y": -0.040554992854595184,
          "z": -0.02408958598971367
        },
        "scale": {
          "x": 1.0,
          "y": 1.0,
          "z": 1.0
        },
        "matrix_basis": [
          [
            0.9955499768257141,
            0.048757653683423996,
            -0.08064087480306625,
            0.0
          ],
          [
            -0.04749048501253128,
            0.9987173676490784,
            0.017558857798576355,
            0.0
          ],
          [
            0.08139356970787048,
            -0.013651045970618725,
            0.9965885281562805,
            0.0
          ],
          [
            0.0,
            0.0,
            0.0,
            1.0
          ]
        ],
        "rotation_mode": "QUATERNION"
      },
      "armature_space": {
        "head": {
          "x": -0.004892127588391304,
          "y": 0.018082259222865105,
          "z": 0.6598658561706543
        },
        "tail": {
          "x": -0.02847931534051895,
          "y": 0.038088031113147736,
          "z": 0.8118419051170349
        }
      },
      "world_space": {
        "head": {
          "x": -0.004892127588391304,
          "y": 0.08132626116275787,
          "z": 1.6097198724746704
        },
        "tail": {
          "x": -0.02847931534051895,
          "y": 0.10133203119039536,
          "z": 1.7616958618164062
        },
        "rotation_quaternion": {
          "w": 0.7512842416763306,
          "x": 0.653197705745697,
          "y": -0.008302692323923111,
          "z": 0.09399916231632233
        },
        "matrix": [
          [
            0.9821904301643372,
            -0.15208688378334045,
            0.1103256344795227,
            -0.004892127588391304
          ],
          [
            0.1303945779800415,
            0.1289944052696228,
            -0.983035147190094,
            0.08132626116275787
          ],
          [
            0.13527636229991913,
            0.9799203872680664,
            0.1465284377336502,
            1.6097198724746704
          ],
          [
            0.0,
            0.0,
            0.0,
            1.0
          ]
        ]
      },
      "bone_length_armature_space": 0.15509128298162037,
      "parent": "neck_01",
      "has_children": false,
      "is_end_bone": true
    },
    "upperarm_l": {
      "name": "upperarm_l",
      "local": {
        "location": {
          "x": 0.0,
          "y": 0.0,
          "z": 0.0
        },
        "rotation_quaternion": {
          "w": 0.7831151485443115,
          "x": 0.3956316411495209,
          "y": 0.23181527853012085,
          "z": 0.4200809895992279
        },
        "scale": {
          "x": 1.0,
          "y": 1.0,
          "z": 1.0
        },
        "matrix_basis": [
          [
            0.5395872592926025,
            -0.4745166599750519,
            0.6954707503318787,
            0.0
          ],
          [
            0.8413704633712769,
            0.3340151309967041,
            -0.42488786578178406,
            0.0
          ],
          [
            -0.03068144991993904,
            0.8144126534461975,
            0.5794745683670044,
            0.0
          ],
          [
            0.0,
            0.0,
            0.0,
            1.0
          ]
        ],
        "rotation_mode": "QUATERNION"
      },
      "armature_space": {
        "head": {
          "x": 0.15629607439041138,
          "y": 0.036970529705286026,
          "z": 0.49368906021118164
        },
        "tail": {
          "x": 0.2658185362815857,
          "y": -0.15793128311634064,
          "z": 0.6414253115653992
        }
      },
      "world_space": {
        "head": {
          "x": 0.15629607439041138,
          "y": 0.10021452605724335,
          "z": 1.4435430765151978
        },
        "tail": {
          "x": 0.2658185362815857,
          "y": -0.09468728303909302,
          "z": 1.5912792682647705
        },
        "rotation_quaternion": {
          "w": 0.3481184244155884,
          "x": 0.8883512020111084,
          "y": 0.1230827271938324,
          "z": -0.27294012904167175
        },
        "matrix": [
          [
            0.8207089900970459,
            0.4087124764919281,
            -0.39923790097236633,
            0.15629607439041138
          ],
          [
            0.028651198372244835,
            -0.7273285388946533,
            -0.6856913566589355,
            0.10021452605724335
          ],
          [
            -0.5706316232681274,
            0.5513176321983337,
            -0.6086398959159851,
            1.4435430765151978
          ],
          [
            0.0,
            0.0,
            0.0,
            1.0
          ]
        ]
      },
      "bone_length_armature_space": 0.26796993228940696,
      "parent": "spine_01",
      "has_children": true,
      "is_end_bone": false
    },
    "lowerarm_l": {
      "name": "lowerarm_l",
      "local": {
        "location": {
          "x": 0.0,
          "y": 0.0,
          "z": 0.0
        },
        "rotation_quaternion": {
          "w": 0.9476792812347412,
          "x": 0.22783182561397552,
          "y": -0.12398547679185867,
          "z": 0.1860765665769577
        },
        "scale": {
          "x": 1.0,
          "y": 1.0,
          "z": 1.0
        },
        "matrix_basis": [
          [
            0.9000062346458435,
            -0.4091774821281433,
            -0.15020860731601715,
            0.0
          ],
          [
            0.2961861491203308,
            0.8269363641738892,
            -0.4779645800590515,
            0.0
          ],
          [
            0.3197852671146393,
            0.3856814205646515,
            0.8654405474662781,
            0.0
          ],
          [
            0.0,
            0.0,
            0.0,
            1.0
          ]
        ],
        "rotation_mode": "QUATERNION"
      },
      "armature_space": {
        "head": {
          "x": 0.26581844687461853,
          "y": -0.157931387424469,
          "z": 0.6414254307746887
        },
        "tail": {
          "x": 0.19012582302093506,
          "y": -0.38391780853271484,
          "z": 0.7629585862159729
        }
      },
      "world_space": {
        "head": {
          "x": 0.26581844687461853,
          "y": -0.09468738734722137,
          "z": 1.5912795066833496
        },
        "tail": {
          "x": 0.19012582302093506,
          "y": -0.3206738233566284,
          "z": 1.7128126621246338
        },
        "rotation_quaternion": {
          "w": 0.1594005823135376,
          "x": 0.882810652256012,
          "y": -0.22852933406829834,
          "z": -0.37816816568374634
        },
        "matrix": [
          [
            0.6095262765884399,
            -0.2829371690750122,
            -0.7405568361282349,
            0.26581844687461853
          ],
          [
            -0.524057149887085,
            -0.8447316884994507,
            -0.10859501361846924,
            -0.09468738734722137
          ],
          [
            -0.5948507189750671,
            0.4542880356311798,
            -0.6631659269332886,
            1.5912795066833496
          ],
          [
            0.0,
            0.0,
            0.0,
            1.0
          ]
        ]
      },
      "bone_length_armature_space": 0.2675248470656937,
      "parent": "upperarm_l",
      "has_children": true,
      "is_end_bone": false
    },
    "metacarpal_thumb_l": {
      "name": "metacarpal_thumb_l",
      "local": {
        "location": {
          "x": 0.0,
          "y": 0.0,
          "z": 0.0
        },
        "rotation_quaternion": {
          "w": 0.9991982579231262,
          "x": -0.0387311726808548,
          "y": -0.009159265086054802,
          "z": 0.0043492391705513
        },
        "scale": {
          "x": 1.0,
          "y": 1.0,
          "z": 1.0
        },
        "matrix_basis": [
          [
            0.9997943639755249,
            -0.007982006296515465,
            -0.01864074543118477,
            0.0
          ],
          [
            0.009401002898812294,
            0.9969619512557983,
            0.07732056826353073,
            0.0
          ],
          [
            0.017966940999031067,
            -0.07747991383075714,
            0.996832013130188,
            0.0
          ],
          [
            0.0,
            0.0,
            0.0,
            1.0
          ]
        ],
        "rotation_mode": "QUATERNION"
      },
      "armature_space": {
        "head": {
          "x": 0.19012582302093506,
          "y": -0.38391780853271484,
          "z": 0.7629585862159729
        },
        "tail": {
          "x": 0.1602693796157837,
          "y": -0.4231492877006531,
          "z": 0.7581555843353271
        }
      },
      "world_space": {
        "head": {
          "x": 0.19012582302093506,
          "y": -0.3206738233566284,
          "z": 1.7128126621246338
        },
        "tail": {
          "x": 0.1602693796157837,
          "y": -0.35990530252456665,
          "z": 1.7080096006393433
        },
        "rotation_quaternion": {
          "w": 0.08962632715702057,
          "x": 0.8559566140174866,
          "y": -0.30977165699005127,
          "z": 0.40416204929351807
        },
        "matrix": [
          [
            0.4813885986804962,
            -0.6027506589889526,
            0.6363621354103088,
            0.19012582302093506
          ],
          [
            -0.4578552544116974,
            -0.7920164465904236,
            -0.40383002161979675,
            -0.3206738233566284
          ],
          [
            0.7474228143692017,
            -0.0969638079404831,
            -0.6572450995445251,
            1.7128126621246338
          ],
          [
            0.0,
            0.0,
            0.0,
            1.0
          ]
        ]
      },
      "bone_length_armature_space": 0.04953367488833687,
      "parent": "lowerarm_l",
      "has_children": true,
      "is_end_bone": false
    },
    "thumb_01_l": {
      "name": "thumb_01_l",
      "local": {
        "location": {
          "x": 0.0,
          "y": 0.0,
          "z": 0.0
        },
        "rotation_quaternion": {
          "w": 0.9977908730506897,
          "x": 0.06470916420221329,
          "y": -0.01147793885320425,
          "z": 0.00971567165106535
        },
        "scale": {
          "x": 1.0,
          "y": 1.0,
          "z": 1.0
        },
        "matrix_basis": [
          [
            0.9995477199554443,
            -0.020873872563242912,
            -0.021647779271006584,
            0.0
          ],
          [
            0.017902961000800133,
            0.9914366602897644,
            -0.12935546040534973,
            0.0
          ],
          [
            0.024162551388144493,
            0.1289093941450119,
            0.9913619756698608,
            0.0
          ],
          [
            0.0,
            0.0,
            0.0,
            1.0
          ]
        ],
        "rotation_mode": "QUATERNION"
      },
      "armature_space": {
        "head": {
          "x": 0.1602693796157837,
          "y": -0.4231492877006531,
          "z": 0.7581555843353271
        },
        "tail": {
          "x": 0.1635376363992691,
          "y": -0.45123815536499023,
          "z": 0.7392092347145081
        }
      },
      "world_space": {
        "head": {
          "x": 0.1602693796157837,
          "y": -0.35990530252456665,
          "z": 1.7080096006393433
        },
        "tail": {
          "x": 0.1635376363992691,
          "y": -0.3879941701889038,
          "z": 1.689063310623169
        },
        "rotation_quaternion": {
          "w": 0.11971700191497803,
          "x": -0.23274457454681396,
          "y": 0.270304799079895,
          "z": -0.9265167117118835
        },
        "matrix": [
          [
            -0.8629955649375916,
            0.09601619094610214,
            0.49600347876548767,
            0.1602693796157837
          ],
          [
            -0.3476635813713074,
            -0.8252069354057312,
            -0.44515615701675415,
            -0.35990530252456665
          ],
          [
            0.3665655851364136,
            -0.5566145777702332,
            0.7455360889434814,
            1.7080096006393433
          ],
          [
            0.0,
            0.0,
            0.0,
            1.0
          ]
        ]
      },
      "bone_length_armature_space": 0.0340386566178192,
      "parent": "metacarpal_thumb_l",
      "has_children": true,
      "is_end_bone": false
    },
    "thumb_02_l": {
      "name": "thumb_02_l",
      "local": {
        "location": {
          "x": 0.0,
          "y": 0.0,
          "z": 0.0
        },
        "rotation_quaternion": {
          "w": 0.9940081238746643,
          "x": 0.10831152647733688,
          "y": -0.012514887377619743,
          "z": -0.007740379311144352
        },
        "scale": {
          "x": 1.0,
          "y": 1.0,
          "z": 1.0
        },
        "matrix_basis": [
          [
            0.999566912651062,
            0.012676986865699291,
            -0.02655654400587082,
            0.0
          ],
          [
            -0.018099013715982437,
            0.9764174222946167,
            -0.21513132750988007,
            0.0
          ],
          [
            0.023203054443001747,
            0.21551881730556488,
            0.9762240052223206,
            0.0
          ],
          [
            0.0,
            0.0,
            0.0,
            1.0
          ]
        ],
        "rotation_mode": "QUATERNION"
      },
      "armature_space": {
        "head": {
          "x": 0.1635376363992691,
          "y": -0.45123809576034546,
          "z": 0.7392091751098633
        },
        "tail": {
          "x": 0.15429683029651642,
          "y": -0.4823673367500305,
          "z": 0.762847363948822
        }
      },
      "world_space": {
        "head": {
          "x": 0.1635376363992691,
          "y": -0.38799411058425903,
          "z": 1.6890631914138794
        },
        "tail": {
          "x": 0.15429683029651642,
          "y": -0.4191233515739441,
          "z": 1.7127013206481934
        },
        "rotation_quaternion": {
          "w": 0.1033722311258316,
          "x": -0.05586398392915726,
          "y": 0.3190476894378662,
          "z": 0.9404265284538269
        },
        "matrix": [
          [
            -0.9723868370056152,
            -0.23007458448410034,
            -0.03911001235246658,
            0.1635376363992691
          ],
          [
            0.15878187119960785,
            -0.7750453948974609,
            0.6116316914558411,
            -0.38799411058425903
          ],
          [
            -0.1710340976715088,
            0.5885361433029175,
            0.7901814579963684,
            1.6890631914138794
          ],
          [
            0.0,
            0.0,
            0.0,
            1.0
          ]
        ]
      },
      "bone_length_armature_space": 0.04016448855873801,
      "parent": "thumb_01_l",
      "has_children": true,
      "is_end_bone": false
    },
    "thumb_03_l": {
      "name": "thumb_03_l",
      "local": {
        "location": {
          "x": 0.0,
          "y": 0.0,
          "z": 0.0
        },
        "rotation_quaternion": {
          "w": 0.9974157214164734,
          "x": 0.07116026431322098,
          "y": -0.009850232861936092,
          "z": 0.0010737417032942176
        },
        "scale": {
          "x": 1.0,
          "y": 1.0,
          "z": 1.0
        },
        "matrix_basis": [
          [
            0.9998036623001099,
            -0.0035438239574432373,
            -0.01949673891067505,
            0.0
          ],
          [
            0.0007400433532893658,
            0.9898701310157776,
            -0.14197388291358948,
            0.0
          ],
          [
            0.01980236917734146,
            0.14193157851696014,
            0.9896783828735352,
            0.0
          ],
          [
            0.0,
            0.0,
            0.0,
            1.0
          ]
        ],
        "rotation_mode": "QUATERNION"
      },
      "armature_space": {
        "head": {
          "x": 0.15429678559303284,
          "y": -0.48236730694770813,
          "z": 0.7628473043441772
        },
        "tail": {
          "x": 0.15063408017158508,
          "y": -0.4969978630542755,
          "z": 0.7892940640449524
        }
      },
      "world_space": {
        "head": {
          "x": 0.15429678559303284,
          "y": -0.4191232919692993,
          "z": 1.7127013206481934
        },
        "tail": {
          "x": 0.15063408017158508,
          "y": -0.4337538480758667,
          "z": 1.7391481399536133
        },
        "rotation_quaternion": {
          "w": 0.035445552319288254,
          "x": 0.17702354490756989,
          "y": -0.5083940625190735,
          "z": -0.8419867753982544
        },
        "matrix": [
          [
            -0.9348129034042358,
            -0.1203058585524559,
            -0.3341428339481354,
            0.15429678559303284
          ],
          [
            -0.23968416452407837,
            -0.4805583953857422,
            0.8435732126235962,
            -0.4191232919692993
          ],
          [
            -0.2620639503002167,
            0.8686774373054504,
            0.4204002022743225,
            1.7127013206481934
          ],
          [
            0.0,
            0.0,
            0.0,
            1.0
          ]
        ]
      },
      "bone_length_armature_space": 0.030445027420004062,
      "parent": "thumb_02_l",
      "has_children": false,
      "is_end_bone": true
    },
    "metacarpal_index_l": {
      "name": "metacarpal_index_l",
      "local": {
        "location": {
          "x": 0.0,
          "y": 0.0,
          "z": 0.0
        },
        "rotation_quaternion": {
          "w": 0.9999921321868896,
          "x": -0.002169973449781537,
          "y": 0.0022116336040198803,
          "z": 0.002488434547558427
        },
        "scale": {
          "x": 1.0,
          "y": 1.0,
          "z": 1.0
        },
        "matrix_basis": [
          [
            0.9999778270721436,
            -0.004986428190022707,
            0.004412432666867971,
            0.0
          ],
          [
            0.004967231769114733,
            0.9999781847000122,
            0.004350919742137194,
            0.0
          ],
          [
            -0.004434031900018454,
            -0.00432890560477972,
            0.9999808073043823,
            0.0
          ],
          [
            0.0,
            0.0,
            0.0,
            1.0
          ]
        ],
        "rotation_mode": "QUATERNION"
      },
      "armature_space": {
        "head": {
          "x": 0.19012582302093506,
          "y": -0.38391780853271484,
          "z": 0.7629585862159729
        },
        "tail": {
          "x": 0.13514183461666107,
          "y": -0.4846348464488983,
          "z": 0.7866665124893188
        }
      },
      "world_space": {
        "head": {
          "x": 0.19012582302093506,
          "y": -0.3206738233566284,
          "z": 1.7128126621246338
        },
        "tail": {
          "x": 0.13514183461666107,
          "y": -0.4213908314704895,
          "z": 1.736520528793335
        },
        "rotation_quaternion": {
          "w": 0.13253666460514069,
          "x": 0.957693874835968,
          "y": -0.22945629060268402,
          "z": 0.11227761954069138
        },
        "matrix": [
          [
            0.8694869875907898,
            -0.4692598283290863,
            0.154231995344162,
            0.19012582302093506
          ],
          [
            -0.4097360670566559,
            -0.8595676422119141,
            -0.3053853511810303,
            -0.3206738233566284
          ],
          [
            0.275879442691803,
            0.20233489573001862,
            -0.9396623373031616,
            1.7128126621246338
          ],
          [
            0.0,
            0.0,
            0.0,
            1.0
          ]
        ]
      },
      "bone_length_armature_space": 0.117171782194506,
      "parent": "lowerarm_l",
      "has_children": true,
      "is_end_bone": false
    },
    "index_01_l": {
      "name": "index_01_l",
      "local": {
        "location": {
          "x": 0.0,
          "y": 0.0,
          "z": 0.0
        },
        "rotation_quaternion": {
          "w": 0.9962817430496216,
          "x": -0.0857054591178894,
          "y": 0.007064937148243189,
          "z": -0.005235975608229637
        },
        "scale": {
          "x": 1.0,
          "y": 1.0,
          "z": 1.0
        },
        "matrix_basis": [
          [
            0.9998453259468079,
            0.009222006425261497,
            0.014974839054048061,
            0.0
          ],
          [
            -0.011644021607935429,
            0.9852543473243713,
            0.1706995815038681,
            0.0
          ],
          [
            -0.013179832138121128,
            -0.170847550034523,
            0.9852093458175659,
            0.0
          ],
          [
            0.0,
            0.0,
            0.0,
            1.0
          ]
        ],
        "rotation_mode": "QUATERNION"
      },
      "armature_space": {
        "head": {
          "x": 0.13514183461666107,
          "y": -0.4846348464488983,
          "z": 0.7866665124893188
        },
        "tail": {
          "x": 0.13026568293571472,
          "y": -0.5078258514404297,
          "z": 0.8025244474411011
        }
      },
      "world_space": {
        "head": {
          "x": 0.13514183461666107,
          "y": -0.4213908314704895,
          "z": 1.736520528793335
        },
        "tail": {
          "x": 0.13026568293571472,
          "y": -0.44458186626434326,
          "z": 1.7523784637451172
        },
        "rotation_quaternion": {
          "w": 0.29911091923713684,
          "x": 0.9480651617050171,
          "y": -0.06227509677410126,
          "z": 0.08847017586231232
        },
        "matrix": [
          [
            0.9765896797180176,
            -0.1710066944360733,
            0.13049621880054474,
            0.13514183461666107
          ],
          [
            -0.06515706330537796,
            -0.813308835029602,
            -0.5781726837158203,
            -0.4213908314704895
          ],
          [
            0.2050064355134964,
            0.5561379194259644,
            -0.8054174184799194,
            1.736520528793335
          ],
          [
            0.0,
            0.0,
            0.0,
            1.0
          ]
        ]
      },
      "bone_length_armature_space": 0.028514446651022773,
      "parent": "metacarpal_index_l",
      "has_children": true,
      "is_end_bone": false
    },
    "index_02_l": {
      "name": "index_02_l",
      "local": {
        "location": {
          "x": 0.0,
          "y": 0.0,
          "z": 0.0
        },
        "rotation_quaternion": {
          "w": 0.9850171208381653,
          "x": 0.17243044078350067,
          "y": 0.0026802655775099993,
          "z": -0.0013589350273832679
        },
        "scale": {
          "x": 1.0,
          "y": 1.0,
          "z": 1.0
        },
        "matrix_basis": [
          [
            0.9999819397926331,
            0.0036014672368764877,
            0.004811571445316076,
            0.0
          ],
          [
            -0.0017528297612443566,
            0.9405317902565002,
            -0.3397011458873749,
            0.0
          ],
          [
            -0.00574885867536068,
            0.3396866023540497,
            0.9405211210250854,
            0.0
          ],
          [
            0.0,
            0.0,
            0.0,
            1.0
          ]
        ],
        "rotation_mode": "QUATERNION"
      },
      "armature_space": {
        "head": {
          "x": 0.13026542961597443,
          "y": -0.5078263282775879,
          "z": 0.8025243878364563
        },
        "tail": {
          "x": 0.1273866444826126,
          "y": -0.5322487950325012,
          "z": 0.8098282814025879
        }
      },
      "world_space": {
        "head": {
          "x": 0.13026542961597443,
          "y": -0.44458234310150146,
          "z": 1.7523784637451172
        },
        "tail": {
          "x": 0.1273866444826126,
          "y": -0.4690048098564148,
          "z": 1.759682297706604
        },
        "rotation_quaternion": {
          "w": 0.1474417895078659,
          "x": 0.985899031162262,
          "y": -0.04743710160255432,
          "z": 0.06335601210594177
        },
        "matrix": [
          [
            0.9874714612960815,
            -0.11221913993358612,
            0.1109367311000824,
            0.13026542961597443
          ],
          [
            -0.07485362887382507,
            -0.9520212411880493,
            -0.2967367172241211,
            -0.44458234310150146
          ],
          [
            0.13891449570655823,
            0.2847161591053009,
            -0.9485007524490356,
            1.7523784637451172
          ],
          [
            0.0,
            0.0,
            0.0,
            1.0
          ]
        ]
      },
      "bone_length_armature_space": 0.025653287055588243,
      "parent": "index_01_l",
      "has_children": true,
      "is_end_bone": false
    },
    "index_03_l": {
      "name": "index_03_l",
      "local": {
        "location": {
          "x": 0.0,
          "y": 0.0,
          "z": 0.0
        },
        "rotation_quaternion": {
          "w": 0.9752917289733887,
          "x": 0.22076331079006195,
          "y": -0.006460784934461117,
          "z": 0.00528717041015625
        },
        "scale": {
          "x": 1.0,
          "y": 1.0,
          "z": 1.0
        },
        "matrix_basis": [
          [
            0.9998605847358704,
            -0.013165676034986973,
            -0.010267873294651508,
            0.0
          ],
          [
            0.007460458669811487,
            0.9024711847305298,
            -0.4306855797767639,
            0.0
          ],
          [
            0.014936726540327072,
            0.43054893612861633,
            0.9024436473846436,
            0.0
          ],
          [
            0.0,
            0.0,
            0.0,
            1.0
          ]
        ],
        "rotation_mode": "QUATERNION"
      },
      "armature_space": {
        "head": {
          "x": 0.12738659977912903,
          "y": -0.5322487354278564,
          "z": 0.8098284006118774
        },
        "tail": {
          "x": 0.12904629111289978,
          "y": -0.5606716275215149,
          "z": 0.8032619953155518
        }
      },
      "world_space": {
        "head": {
          "x": 0.12738659977912903,
          "y": -0.46900475025177,
          "z": 1.7596824169158936
        },
        "tail": {
          "x": 0.12904629111289978,
          "y": -0.49742764234542847,
          "z": 1.7531160116195679
        },
        "rotation_quaternion": {
          "w": 0.11517035961151123,
          "x": -0.9895259141921997,
          "y": -0.018811892718076706,
          "z": -0.08497396111488342
        },
        "matrix": [
          [
            0.984851062297821,
            0.05680254101753235,
            0.16383464634418488,
            0.12738659977912903
          ],
          [
            0.017656901851296425,
            -0.9727639555931091,
            0.23112469911575317,
            -0.46900475025177
          ],
          [
            0.1725020855665207,
            -0.22473300993442535,
            -0.959037184715271,
            1.7596824169158936
          ],
          [
            0.0,
            0.0,
            0.0,
            1.0
          ]
        ]
      },
      "bone_length_armature_space": 0.029218710801839173,
      "parent": "index_02_l",
      "has_children": false,
      "is_end_bone": true
    },
    "metacarpal_pinky_l": {
      "name": "metacarpal_pinky_l",
      "local": {
        "location": {
          "x": 0.0,
          "y": 0.0,
          "z": 0.0
        },
        "rotation_quaternion": {
          "w": 0.9999727010726929,
          "x": 0.002275926060974598,
          "y": -0.001559168566018343,
          "z": -0.006865138188004494
        },
        "scale": {
          "x": 1.0,
          "y": 1.0,
          "z": 1.0
        },
        "matrix_basis": [
          [
            0.9999008774757385,
            0.013722804374992847,
            -0.003149501048028469,
            0.0
          ],
          [
            -0.013736998662352562,
            0.9998953938484192,
            -0.004530319944024086,
            0.0
          ],
          [
            0.003087003016844392,
            0.004573135636746883,
            0.9999848008155823,
            0.0
          ],
          [
            0.0,
            0.0,
            0.0,
            1.0
          ]
        ],
        "rotation_mode": "QUATERNION"
      },
      "armature_space": {
        "head": {
          "x": 0.19012582302093506,
          "y": -0.38391780853271484,
          "z": 0.7629585862159729
        },
        "tail": {
          "x": 0.18457624316215515,
          "y": -0.46507561206817627,
          "z": 0.8279653787612915
        }
      },
      "world_space": {
        "head": {
          "x": 0.19012582302093506,
          "y": -0.3206738233566284,
          "z": 1.7128126621246338
        },
        "tail": {
          "x": 0.18457624316215515,
          "y": -0.40183162689208984,
          "z": 1.7778193950653076
        },
        "rotation_quaternion": {
          "w": 0.12532196938991547,
          "x": 0.4289248585700989,
          "y": -0.3075758218765259,
          "z": -0.8400684595108032
        },
        "matrix": [
          [
            -0.60063636302948,
            -0.05329439789056778,
            -0.7977442145347595,
            0.19012582302093506
          ],
          [
            -0.47441211342811584,
            -0.7793835997581482,
            0.4092612564563751,
            -0.3206738233566284
          ],
          [
            -0.643564760684967,
            0.6242803335189819,
            0.44284600019454956,
            1.7128126621246338
          ],
          [
            0.0,
            0.0,
            0.0,
            1.0
          ]
        ]
      },
      "bone_length_armature_space": 0.10413102286781858,
      "parent": "lowerarm_l",
      "has_children": true,
      "is_end_bone": false
    },
    "pinky_01_l": {
      "name": "pinky_01_l",
      "local": {
        "location": {
          "x": 0.0,
          "y": 0.0,
          "z": 0.0
        },
        "rotation_quaternion": {
          "w": 0.9982042908668518,
          "x": 0.05974801629781723,
          "y": 0.004179473500698805,
          "z": -0.0009493943070992827
        },
        "scale": {
          "x": 1.0,
          "y": 1.0,
          "z": 1.0
        },
        "matrix_basis": [
          [
            0.9999632835388184,
            0.0023948093876242638,
            0.008230487816035748,
            0.0
          ],
          [
            -0.001395948464050889,
            0.9928585290908813,
            -0.11928939074277878,
            0.0
          ],
          [
            -0.008457385934889317,
            0.11927351355552673,
            0.9928253889083862,
            0.0
          ],
          [
            0.0,
            0.0,
            0.0,
            1.0
          ]
        ],
        "rotation_mode": "QUATERNION"
      },
      "armature_space": {
        "head": {
          "x": 0.18457624316215515,
          "y": -0.46507561206817627,
          "z": 0.8279653787612915
