{
  "metadata": {
    "armature_name": "KIM_caucasian_male",
    "export_time": "2026-01-13T21:16:12.961727",
    "blender_version": "4.4.1",
    "bone_count": 56,
    "end_bone_count": 13,
    "spaces_included": [
      "LOCAL_CHANNELS",
      "ARMATURE_SPACE",
      "WORLD_SPACE"
    ],
    "note": "LOCAL matches Transform panel; replay pose via local.matrix_basis for best fidelity."
  },
  "bones": {
    "Root": {
      "name": "Root",
      "local": {
        "location": {
          "x": 0.0,
          "y": 0.0,
          "z": 0.0
        },
        "rotation_quaternion": {
          "w": 0.9999666810035706,
          "x": -0.0071672843769192696,
          "y": 0.0021742945536971092,
          "z": -0.003259317483752966
        },
        "scale": {
          "x": 1.0,
          "y": 1.0,
          "z": 1.0
        },
        "matrix_basis": [
          [
            0.9999693036079407,
            0.006487250328063965,
            0.004395165015012026,
            0.0
          ],
          [
            -0.006549585144966841,
            0.9998760223388672,
            0.014319918118417263,
            0.0
          ],
          [
            -0.004301723092794418,
            -0.014348264783620834,
            0.9998878240585327,
            0.0
          ],
          [
            0.0,
            0.0,
            0.0,
            1.0
          ]
        ],
        "rotation_mode": "QUATERNION"
      },
      "armature_space": {
        "head": {
          "x": 0.0,
          "y": 0.07072800397872925,
          "z": -0.009595036506652832
        },
        "tail": {
          "x": 0.00046303312410600483,
          "y": 0.00014644116163253784,
          "z": 0.001013641245663166
        }
      },
      "world_space": {
        "head": {
          "x": 0.0,
          "y": 0.13397200405597687,
          "z": 0.9402589797973633
        },
        "tail": {
          "x": 0.00046303312410600483,
          "y": 0.06339044123888016,
          "z": 0.9508676528930664
        },
        "rotation_quaternion": {
          "w": 0.0745164155960083,
          "x": 0.9972121715545654,
          "y": 0.0033983909524977207,
          "z": 0.001949781784787774
        },
        "matrix": [
          [
            0.9999693036079407,
            0.006487250328063965,
            0.004395165015012026,
            0.0
          ],
          [
            0.007068414706736803,
            -0.9888715147972107,
            -0.14860455691814423,
            0.13397200405597687
          ],
          [
            0.0033822483383119106,
            0.14863115549087524,
            -0.988893985748291,
            0.9402589797973633
          ],
          [
            0.0,
            0.0,
            0.0,
            1.0
          ]
        ]
      },
      "bone_length_armature_space": 0.0713758753924693,
      "parent": null,
      "has_children": true,
      "is_end_bone": false
    },
    "spine_01": {
      "name": "spine_01",
      "local": {
        "location": {
          "x": 0.0,
          "y": 0.0,
          "z": 0.0
        },
        "rotation_quaternion": {
          "w": 0.9975936412811279,
          "x": 0.010245096869766712,
          "y": 0.012469761073589325,
          "z": 0.06742836534976959
        },
        "scale": {
          "x": 1.0,
          "y": 1.0,
          "z": 1.0
        },
        "matrix_basis": [
          [
            0.990595817565918,
            -0.13427670300006866,
            0.02626112848520279,
            0.0
          ],
          [
            0.13478772342205048,
            0.990696907043457,
            -0.01875925622880459,
            0.0
          ],
          [
            -0.023497888818383217,
            0.022122519090771675,
            0.9994791150093079,
            0.0
          ],
          [
            0.0,
            0.0,
            0.0,
            1.0
          ]
        ],
        "rotation_mode": "QUATERNION"
      },
      "armature_space": {
        "head": {
          "x": 0.00046303312410600483,
          "y": 0.00014644116163253784,
          "z": 0.001013641245663166
        },
        "tail": {
          "x": -0.06682896614074707,
          "y": 0.0184176005423069,
          "z": 0.4840109944343567
        }
      },
      "world_space": {
        "head": {
          "x": 0.00046303312410600483,
          "y": 0.06339044123888016,
          "z": 0.9508676528930664
        },
        "tail": {
          "x": -0.06682896614074707,
          "y": 0.08166159689426422,
          "z": 1.4338650703430176
        },
        "rotation_quaternion": {
          "w": 0.7193273901939392,
          "x": 0.6910237669944763,
          "y": -0.03589291870594025,
          "z": 0.061368029564619064
        },
        "matrix": [
          [
            0.9898912906646729,
            -0.13789309561252594,
            0.03317691758275032,
            0.00046303312410600483
          ],
          [
            0.03868266940116882,
            0.03744080662727356,
            -0.9985499978065491,
            0.06339044123888016
          ],
          [
            0.13645195960998535,
            0.9897462129592896,
            0.04239580035209656,
            0.9508676528930664
          ],
          [
            0.0,
            0.0,
            0.0,
            1.0
          ]
        ]
      },
      "bone_length_armature_space": 0.4880045988037299,
      "parent": "Root",
      "has_children": true,
      "is_end_bone": false
    },
    "neck_01": {
      "name": "neck_01",
      "local": {
        "location": {
          "x": 0.0,
          "y": 0.0,
          "z": 0.0
        },
        "rotation_quaternion": {
          "w": 0.9927165508270264,
          "x": -0.10776273161172867,
          "y": -0.04477311298251152,
          "z": -0.02993960678577423
        },
        "scale": {
          "x": 1.0,
          "y": 1.0,
          "z": 1.0
        },
        "matrix_basis": [
          [
            0.9941979646682739,
            0.06909283250570297,
            -0.08244127035140991,
            0.0
          ],
          [
            -0.049793340265750885,
            0.9749816060066223,
            0.21663667261600494,
            0.0
          ],
          [
            0.09534677118062973,
            -0.21127471327781677,
            0.9727651476860046,
            0.0
          ],
          [
            0.0,
            0.0,
            0.0,
            1.0
          ]
        ],
        "rotation_mode": "QUATERNION"
      },
      "armature_space": {
        "head": {
          "x": -0.07577469944953918,
          "y": -0.013471193611621857,
          "z": 0.5579490065574646
        },
        "tail": {
          "x": -0.08201391994953156,
          "y": -0.02734866552054882,
          "z": 0.6593356728553772
        }
      },
      "world_space": {
        "head": {
          "x": -0.07577469944953918,
          "y": 0.04977280646562576,
          "z": 1.507802963256836
        },
        "tail": {
          "x": -0.08201391994953156,
          "y": 0.03589533269405365,
          "z": 1.609189748764038
        },
        "rotation_quaternion": {
          "w": 0.6567327380180359,
          "x": 0.7533840537071228,
          "y": -0.03195357322692871,
          "z": 0.009677569381892681
        },
        "matrix": [
          [
            0.9977706074714661,
            -0.06085779145359993,
            -0.02738843858242035,
            -0.07577469944953918
          ],
          [
            -0.035435862839221954,
            -0.13536179065704346,
            -0.9901626110076904,
            0.04977280646562576
          ],
          [
            0.05655213072896004,
            0.9889322519302368,
            -0.1372184455394745,
            1.507802963256836
          ],
          [
            0.0,
            0.0,
            0.0,
            1.0
          ]
        ]
      },
      "bone_length_armature_space": 0.10252203672271384,
      "parent": "spine_01",
      "has_children": true,
      "is_end_bone": false
    },
    "head": {
      "name": "head",
      "local": {
        "location": {
          "x": 0.0,
          "y": 0.0,
          "z": 0.0
        },
        "rotation_quaternion": {
          "w": 0.9718226194381714,
          "x": 0.04950851574540138,
          "y": -0.07360133528709412,
          "z": 0.21838627755641937
        },
        "scale": {
          "x": 1.0,
          "y": 1.0,
          "z": 1.0
        },
        "matrix_basis": [
          [
            0.893780529499054,
            -0.4317532479763031,
            -0.12143092602491379,
            0.0
          ],
          [
            0.417177677154541,
            0.8997126817703247,
            -0.12837404012680054,
            0.0
          ],
          [
            0.16467884182929993,
            0.06407994776964188,
            0.9842634797096252,
            0.0
          ],
          [
            0.0,
            0.0,
            0.0,
            1.0
          ]
        ],
        "rotation_mode": "QUATERNION"
      },
      "armature_space": {
        "head": {
          "x": -0.08201392740011215,
          "y": -0.02734880894422531,
          "z": 0.6593356132507324
        },
        "tail": {
          "x": -0.15593956410884857,
          "y": -0.002110842615365982,
          "z": 0.7933180332183838
        }
      },
      "world_space": {
        "head": {
          "x": -0.08201392740011215,
          "y": 0.03589519113302231,
          "z": 1.6091896295547485
        },
        "tail": {
          "x": -0.15593956410884857,
          "y": 0.06113315746188164,
          "z": 1.7431720495224
        },
        "rotation_quaternion": {
          "w": 0.7280541658401489,
          "x": 0.6337888836860657,
          "y": -0.22649945318698883,
          "z": 0.13018031418323517
        },
        "matrix": [
          [
            0.8635026216506958,
            -0.47666218876838684,
            -0.16479215025901794,
            -0.08201392740011215
          ],
          [
            -0.09754621982574463,
            0.162730872631073,
            -0.9818370342254639,
            0.03589519113302231
          ],
          [
            0.49482467770576477,
            0.8638997077941895,
            0.09402161836624146,
            1.6091896295547485
          ],
          [
            0.0,
            0.0,
            0.0,
            1.0
          ]
        ]
      },
      "bone_length_armature_space": 0.15509108322153795,
      "parent": "neck_01",
      "has_children": false,
      "is_end_bone": true
    },
    "upperarm_l": {
      "name": "upperarm_l",
      "local": {
        "location": {
          "x": 0.0,
          "y": 0.0,
          "z": 0.0
        },
        "rotation_quaternion": {
          "w": 0.8491276502609253,
          "x": 0.014690867625176907,
          "y": 0.517210066318512,
          "z": -0.10611379891633987
        },
        "scale": {
          "x": 1.0,
          "y": 1.0,
          "z": 1.0
        },
        "matrix_basis": [
          [
            0.44246721267700195,
            0.19540485739707947,
            0.8752369284629822,
            0.0
          ],
          [
            -0.16501179337501526,
            0.9770480990409851,
            -0.13471509516239166,
            0.0
          ],
          [
            -0.8814725279808044,
            -0.08481740951538086,
            0.46455585956573486,
            0.0
          ],
          [
            0.0,
            0.0,
            0.0,
            1.0
          ]
        ],
        "rotation_mode": "QUATERNION"
      },
      "armature_space": {
        "head": {
          "x": 0.08208228647708893,
          "y": -0.013369610533118248,
          "z": 0.5120334029197693
        },
        "tail": {
          "x": 0.34573495388031006,
          "y": 0.02867201901972294,
          "z": 0.48906826972961426
        }
      },
      "world_space": {
        "head": {
          "x": 0.08208228647708893,
          "y": 0.04987438768148422,
          "z": 1.4618873596191406
        },
        "tail": {
          "x": 0.34573495388031006,
          "y": 0.09191601723432541,
          "z": 1.4389222860336304
        },
        "rotation_quaternion": {
          "w": 0.16142262518405914,
          "x": 0.6201289296150208,
          "y": 0.7432283163070679,
          "z": -0.19233942031860352
        },
        "matrix": [
          [
            -0.1787649542093277,
            0.9838907718658447,
            0.0013951286673545837,
            0.08208228647708893
          ],
          [
            0.8596993088722229,
            0.1568896472454071,
            -0.4861103296279907,
            0.04987438768148422
          ],
          [
            -0.4785008132457733,
            -0.08570058643817902,
            -0.8739029765129089,
            1.4618873596191406
          ],
          [
            0.0,
            0.0,
            0.0,
            1.0
          ]
        ]
      },
      "bone_length_armature_space": 0.2679694677701615,
      "parent": "spine_01",
      "has_children": true,
      "is_end_bone": false
    },
    "lowerarm_l": {
      "name": "lowerarm_l",
      "local": {
        "location": {
          "x": 0.0,
          "y": 0.0,
          "z": 0.0
        },
        "rotation_quaternion": {
          "w": 0.9938780665397644,
          "x": 0.012281019240617752,
          "y": -0.028403591364622116,
          "z": -0.10606055706739426
        },
        "scale": {
          "x": 1.0,
          "y": 1.0,
          "z": 1.0
        },
        "matrix_basis": [
          [
            0.9758887887001038,
            0.2101248800754547,
            -0.05906447768211365,
            0.0
          ],
          [
            -0.21152018010616302,
            0.9772006869316101,
            -0.01838666945695877,
            0.0
          ],
          [
            0.05385435000061989,
            0.030436672270298004,
            0.9980848431587219,
            0.0
          ],
          [
            0.0,
            0.0,
            0.0,
            1.0
          ]
        ],
        "rotation_mode": "QUATERNION"
      },
      "armature_space": {
        "head": {
          "x": 0.3457350730895996,
          "y": 0.028671905398368835,
          "z": 0.48906826972961426
        },
        "tail": {
          "x": 0.5962195992469788,
          "y": 0.07795633375644684,
          "z": 0.40908101201057434
        }
      },
      "world_space": {
        "head": {
          "x": 0.3457350730895996,
          "y": 0.09191590547561646,
          "z": 1.4389222860336304
        },
        "tail": {
          "x": 0.5962195992469788,
          "y": 0.14120033383369446,
          "z": 1.358934998512268
        },
        "rotation_quaternion": {
          "w": 0.16337932646274567,
          "x": 0.5532735586166382,
          "y": 0.7519442439079285,
          "z": -0.31902262568473816
        },
        "matrix": [
          [
            -0.33439019322395325,
            0.9363051056861877,
            -0.10731150209903717,
            0.3457350730895996
          ],
          [
            0.7278195023536682,
            0.18422400951385498,
            -0.6605609655380249,
            0.09191590547561646
          ],
          [
            -0.5987206697463989,
            -0.2989904284477234,
            -0.743069589138031,
            1.4389222860336304
          ],
          [
            0.0,
            0.0,
            0.0,
            1.0
          ]
        ]
      },
      "bone_length_armature_space": 0.2675246112104715,
      "parent": "upperarm_l",
      "has_children": true,
      "is_end_bone": false
    },
    "metacarpal_thumb_l": {
      "name": "metacarpal_thumb_l",
      "local": {
        "location": {
          "x": 0.0,
          "y": 0.0,
          "z": 0.0
        },
        "rotation_quaternion": {
          "w": 0.9996068477630615,
          "x": -0.024566425010561943,
          "y": 0.008003368973731995,
          "z": 0.010892480611801147
        },
        "scale": {
          "x": 1.0,
          "y": 1.0,
          "z": 1.0
        },
        "matrix_basis": [
          [
            0.9996346235275269,
            -0.022169625386595726,
            0.015465266071259975,
            0.0
          ],
          [
            0.021383168175816536,
            0.9985556602478027,
            0.049287885427474976,
            0.0
          ],
          [
            -0.016535622999072075,
            -0.04893917962908745,
            0.9986648559570312,
            0.0
          ],
          [
            0.0,
            0.0,
            0.0,
            1.0
          ]
        ],
        "rotation_mode": "QUATERNION"
      },
      "armature_space": {
        "head": {
          "x": 0.5962195992469788,
          "y": 0.07795633375644684,
          "z": 0.40908101201057434
        },
        "tail": {
          "x": 0.6271122097969055,
          "y": 0.07000438868999481,
          "z": 0.37118616700172424
        }
      },
      "world_space": {
        "head": {
          "x": 0.5962195992469788,
          "y": 0.14120033383369446,
          "z": 1.358934998512268
        },
        "tail": {
          "x": 0.6271122097969055,
          "y": 0.13324838876724243,
          "z": 1.321040153503418
        },
        "rotation_quaternion": {
          "w": 0.48702242970466614,
          "x": -0.7612558007240295,
          "y": -0.42724788188934326,
          "z": 0.02753591164946556
        },
        "matrix": [
          [
            0.6334002017974854,
            0.6236685514450073,
            -0.4580845832824707,
            0.5962195992469788
          ],
          [
            0.6773135662078857,
            -0.16053617000579834,
            0.7179657816886902,
            0.14120033383369446
          ],
          [
            0.37423691153526306,
            -0.7650318145751953,
            -0.5241057276725769,
            1.358934998512268
          ],
          [
            0.0,
            0.0,
            0.0,
            1.0
          ]
        ]
      },
      "bone_length_armature_space": 0.04953388850137021,
      "parent": "lowerarm_l",
      "has_children": true,
      "is_end_bone": false
    },
    "thumb_01_l": {
      "name": "thumb_01_l",
      "local": {
        "location": {
          "x": 0.0,
          "y": 0.0,
          "z": 0.0
        },
        "rotation_quaternion": {
          "w": 0.9560434818267822,
          "x": 0.2928019165992737,
          "y": -0.008487511426210403,
          "z": -0.013260330073535442
        },
        "scale": {
          "x": 1.0,
          "y": 1.0,
          "z": 1.0
        },
        "matrix_basis": [
          [
            0.9995042681694031,
            0.020384585484862328,
            -0.023994160816073418,
            0.0
          ],
          [
            -0.03032522276043892,
            0.8281823992729187,
            -0.5596376061439514,
            0.0
          ],
          [
            0.008463559672236443,
            0.5600878000259399,
            0.8283900022506714,
            0.0
          ],
          [
            0.0,
            0.0,
            0.0,
            1.0
          ]
        ],
        "rotation_mode": "QUATERNION"
      },
      "armature_space": {
        "head": {
          "x": 0.6271122097969055,
          "y": 0.07000438868999481,
          "z": 0.37118616700172424
        },
        "tail": {
          "x": 0.6397311687469482,
          "y": 0.09305483102798462,
          "z": 0.349551260471344
        }
      },
      "world_space": {
        "head": {
          "x": 0.6271122097969055,
          "y": 0.13324838876724243,
          "z": 1.321040153503418
        },
        "tail": {
          "x": 0.6397311687469482,
          "y": 0.15629883110523224,
          "z": 1.2994053363800049
        },
        "rotation_quaternion": {
          "w": 0.8940945863723755,
          "x": -0.2950742244720459,
          "y": 0.19795900583267212,
          "z": -0.27265051007270813
        },
        "matrix": [
          [
            0.7729472517967224,
            0.37072592973709106,
            0.5148927569389343,
            0.6271122097969055
          ],
          [
            -0.6043764352798462,
            0.6771857738494873,
            0.41970095038414,
            0.13324838876724243
          ],
          [
            -0.19308575987815857,
            -0.6355994343757629,
            0.7474925518035889,
            1.321040153503418
          ],
          [
            0.0,
            0.0,
            0.0,
            1.0
          ]
        ]
      },
      "bone_length_armature_space": 0.03403865784691458,
      "parent": "metacarpal_thumb_l",
      "has_children": true,
      "is_end_bone": false
    },
    "thumb_02_l": {
      "name": "thumb_02_l",
      "local": {
        "location": {
          "x": 0.0,
          "y": 0.0,
          "z": 0.0
        },
        "rotation_quaternion": {
          "w": 0.8891607522964478,
          "x": 0.4575241804122925,
          "y": 0.003847458865493536,
          "z": 0.007090286817401648
        },
        "scale": {
          "x": 1.0,
          "y": 1.0,
          "z": 1.0
        },
        "matrix_basis": [
          [
            0.9998698234558105,
            -0.009088198654353619,
            0.013329974375665188,
            0.0
          ],
          [
            0.016129421070218086,
            0.5812426805496216,
            -0.8135705590248108,
            0.0
          ],
          [
            -0.0003540635225363076,
            0.8136796355247498,
            0.5813136696815491,
            0.0
          ],
          [
            0.0,
            0.0,
            0.0,
            1.0
          ]
        ],
        "rotation_mode": "QUATERNION"
      },
      "armature_space": {
        "head": {
          "x": 0.6397311687469482,
          "y": 0.09305481612682343,
          "z": 0.349551260471344
        },
        "tail": {
          "x": 0.6659530997276306,
          "y": 0.07927967607975006,
          "z": 0.3766777217388153
        }
      },
      "world_space": {
        "head": {
          "x": 0.6397311687469482,
          "y": 0.15629881620407104,
          "z": 1.2994053363800049
        },
        "tail": {
          "x": 0.6659530997276306,
          "y": 0.14252367615699768,
          "z": 1.3265317678451538
        },
        "rotation_quaternion": {
          "w": 0.5694326758384705,
          "x": 0.5204828381538391,
          "y": -0.06527112424373627,
          "z": -0.6329168677330017
        },
        "matrix": [
          [
            0.1903136819601059,
            0.6528646349906921,
            -0.7331770062446594,
            0.6397311687469482
          ],
          [
            -0.7887521982192993,
            -0.3429689407348633,
            -0.5101399421691895,
            0.15629881620407104
          ],
          [
            -0.5845137238502502,
            0.6753859519958496,
            0.44967925548553467,
            1.2994053363800049
          ],
          [
            0.0,
            0.0,
            0.0,
            1.0
          ]
        ]
      },
      "bone_length_armature_space": 0.04016452433663636,
      "parent": "thumb_01_l",
      "has_children": true,
      "is_end_bone": false
    },
    "thumb_03_l": {
      "name": "thumb_03_l",
      "local": {
        "location": {
          "x": 0.0,
          "y": 0.0,
          "z": 0.0
        },
        "rotation_quaternion": {
          "w": 0.9906507730484009,
          "x": 0.13612733781337738,
          "y": -0.007999450899660587,
          "z": -0.0040483251214027405
        },
        "scale": {
          "x": 1.0,
          "y": 1.0,
          "z": 1.0
        },
        "matrix_basis": [
          [
            0.9998392462730408,
            0.005843064747750759,
            -0.01695149950683117,
            0.0
          ],
          [
            -0.010198840871453285,
            0.9629059433937073,
            -0.26964452862739563,
            0.0
          ],
          [
            0.01474714931100607,
            0.26977407932281494,
            0.9628106951713562,
            0.0
          ],
          [
            0.0,
            0.0,
            0.0,
            1.0
          ]
        ],
        "rotation_mode": "QUATERNION"
      },
      "armature_space": {
        "head": {
          "x": 0.6659531593322754,
          "y": 0.07927967607975006,
          "z": 0.37667763233184814
        },
        "tail": {
          "x": 0.6716458201408386,
          "y": 0.06356146931648254,
          "z": 0.40212228894233704
        }
      },
      "world_space": {
        "head": {
          "x": 0.6659531593322754,
          "y": 0.14252367615699768,
          "z": 1.3265316486358643
        },
        "tail": {
          "x": 0.6716458201408386,
          "y": 0.12680546939373016,
          "z": 1.3519762754440308
        },
        "rotation_quaternion": {
          "w": 0.46833062171936035,
          "x": 0.7511566877365112,
          "y": -0.15008290112018585,
          "z": -0.4403468072414398
        },
        "matrix": [
          [
            0.5671408772468567,
            0.18698260188102722,
            -0.8021152019500732,
            0.6659531593322754
          ],
          [
            -0.6379265785217285,
            -0.5162841081619263,
            -0.5714025497436523,
            0.14252367615699768
          ],
          [
            -0.5209653973579407,
            0.8357616662979126,
            -0.1735263168811798,
            1.3265316486358643
          ],
          [
            0.0,
            0.0,
            0.0,
            1.0
          ]
        ]
      },
      "bone_length_armature_space": 0.030445015470665106,
      "parent": "thumb_02_l",
      "has_children": false,
      "is_end_bone": true
    },
    "metacarpal_index_l": {
      "name": "metacarpal_index_l",
      "local": {
        "location": {
          "x": 0.0,
          "y": 0.0,
          "z": 0.0
        },
        "rotation_quaternion": {
          "w": 0.9987788200378418,
          "x": -0.04608014225959778,
          "y": -0.0067441645078361034,
          "z": 0.016493700444698334
        },
        "scale": {
          "x": 1.0,
          "y": 1.0,
          "z": 1.0
        },
        "matrix_basis": [
          [
            0.999364972114563,
            -0.03232557326555252,
            -0.014991921372711658,
            0.0
          ],
          [
            0.03356866165995598,
            0.9952091574668884,
            0.09182526916265488,
            0.0
          ],
          [
            0.011951792985200882,
            -0.09227021038532257,
            0.995662271976471,
            0.0
          ],
          [
            0.0,
            0.0,
            0.0,
            1.0
          ]
        ],
        "rotation_mode": "QUATERNION"
      },
      "armature_space": {
        "head": {
          "x": 0.5962195992469788,
          "y": 0.07795633375644684,
          "z": 0.40908101201057434
        },
        "tail": {
          "x": 0.6996676921844482,
          "y": 0.07339294999837875,
          "z": 0.354245662689209
        }
      },
      "world_space": {
        "head": {
          "x": 0.5962195992469788,
          "y": 0.14120033383369446,
          "z": 1.358934998512268
        },
        "tail": {
          "x": 0.6996676921844482,
          "y": 0.13663694262504578,
          "z": 1.304099678993225
        },
        "rotation_quaternion": {
          "w": 0.22593188285827637,
          "x": -0.7120572924613953,
          "y": -0.6553483009338379,
          "z": 0.11156982183456421
        },
        "matrix": [
          [
            0.11613959819078445,
            0.8828760981559753,
            -0.45501771569252014,
            0.5962195992469788
          ],
          [
            0.9837062954902649,
            -0.038946136832237244,
            0.17551551759243011,
            0.14120033383369446
          ],
          [
            0.13723918795585632,
            -0.4679914116859436,
            -0.8730198740959167,
            1.358934998512268
          ],
          [
            0.0,
            0.0,
            0.0,
            1.0
          ]
        ]
      },
      "bone_length_armature_space": 0.11717187501321313,
      "parent": "lowerarm_l",
      "has_children": true,
      "is_end_bone": false
    },
    "index_01_l": {
      "name": "index_01_l",
      "local": {
        "location": {
          "x": 0.0,
          "y": 0.0,
          "z": 0.0
        },
        "rotation_quaternion": {
          "w": 0.9292311668395996,
          "x": 0.3694702386856079,
          "y": -0.0026546004228293896,
          "z": -0.003768004011362791
        },
        "scale": {
          "x": 1.0,
          "y": 1.0,
          "z": 1.0
        },
        "matrix_basis": [
          [
            0.9999575018882751,
            0.005041101947426796,
            -0.007717805448919535,
            0.0
          ],
          [
            -0.008964285254478455,
            0.7269551157951355,
            -0.6866264939308167,
            0.0
          ],
          [
            0.0021491441875696182,
            0.6866665482521057,
            0.7269694209098816,
            0.0
          ],
          [
            0.0,
            0.0,
            0.0,
            1.0
          ]
        ],
        "rotation_mode": "QUATERNION"
      },
      "armature_space": {
        "head": {
          "x": 0.6996676921844482,
          "y": 0.07339294999837875,
          "z": 0.354245662689209
        },
        "tail": {
          "x": 0.7121262550354004,
          "y": 0.08370394259691238,
          "z": 0.3307606875896454
        }
      },
      "world_space": {
        "head": {
          "x": 0.6996676921844482,
          "y": 0.13663694262504578,
          "z": 1.304099678993225
        },
        "tail": {
          "x": 0.7121262550354004,
          "y": 0.1469479501247406,
          "z": 1.2806147336959839
        },
        "rotation_quaternion": {
          "w": 0.41178441047668457,
          "x": -0.4785175919532776,
          "y": -0.7150088548660278,
          "z": 0.3003613352775574
        },
        "matrix": [
          [
            -0.20290784537792206,
            0.4369223713874817,
            -0.8763145208358765,
            0.6996676921844482
          ],
          [
            0.9316576719284058,
            0.3616068661212921,
            -0.03542850911617279,
            0.13663694262504578
          ],
          [
            0.30140483379364014,
            -0.8236192464828491,
            -0.4804382622241974,
            1.304099678993225
          ],
          [
            0.0,
            0.0,
            0.0,
            1.0
          ]
        ]
      },
      "bone_length_armature_space": 0.02851449513279022,
      "parent": "metacarpal_index_l",
      "has_children": true,
      "is_end_bone": false
    },
    "index_02_l": {
      "name": "index_02_l",
      "local": {
        "location": {
          "x": 0.0,
          "y": 0.0,
          "z": 0.0
        },
        "rotation_quaternion": {
          "w": 0.9098331928253174,
          "x": 0.41473937034606934,
          "y": -0.013366654515266418,
          "z": 0.004010224714875221
        },
        "scale": {
          "x": 1.0,
          "y": 1.0,
          "z": 1.0
        },
        "matrix_basis": [
          [
            0.9996104836463928,
            -0.018384626135230064,
            -0.02099645510315895,
            0.0
          ],
          [
            -0.0037900847382843494,
            0.6559503674507141,
            -0.7547944784164429,
            0.0
          ],
          [
            0.027649248018860817,
            0.7545800805091858,
            0.6556251645088196,
            0.0
          ],
          [
            0.0,
            0.0,
            0.0,
            1.0
          ]
        ],
        "rotation_mode": "QUATERNION"
      },
      "armature_space": {
        "head": {
          "x": 0.7121261954307556,
          "y": 0.08370384573936462,
          "z": 0.3307601511478424
        },
        "tail": {
          "x": 0.7036500573158264,
          "y": 0.08825994282960892,
          "z": 0.3069800138473511
        }
      },
      "world_space": {
        "head": {
          "x": 0.7121261954307556,
          "y": 0.14694784581661224,
          "z": 1.2806141376495361
        },
        "tail": {
          "x": 0.7036500573158264,
          "y": 0.15150395035743713,
          "z": 1.2568340301513672
        },
        "rotation_quaternion": {
          "w": 0.5311447978019714,
          "x": -0.26271915435791016,
          "y": -0.5537925958633423,
          "z": 0.5849596858024597
        },
        "matrix": [
          [
            -0.29772427678108215,
            -0.3304116129875183,
            -0.8956495523452759,
            0.7121261954307556
          ],
          [
            0.9123817086219788,
            0.17760306596755981,
            -0.36880528926849365,
            0.14694784581661224
          ],
          [
            0.28093045949935913,
            -0.9269829392433167,
            0.24858617782592773,
            1.2806141376495361
          ],
          [
            0.0,
            0.0,
            0.0,
            1.0
          ]
        ]
      },
      "bone_length_armature_space": 0.025653418321242842,
      "parent": "index_01_l",
      "has_children": true,
      "is_end_bone": false
    },
    "index_03_l": {
      "name": "index_03_l",
      "local": {
        "location": {
          "x": 0.0,
          "y": 0.0,
          "z": 0.0
        },
        "rotation_quaternion": {
          "w": 0.9318082332611084,
          "x": 0.36291030049324036,
          "y": -0.005168551113456488,
          "z": -0.0017142093274742365
        },
        "scale": {
          "x": 1.0,
          "y": 1.0,
          "z": 1.0
        },
        "matrix_basis": [
          [
            0.9999406933784485,
            -0.0005568121559917927,
            -0.01087640505284071,
            0.0
          ],
          [
            -0.0069460696540772915,
            0.736586332321167,
            -0.6763079166412354,
            0.0
          ],
          [
            0.008387988433241844,
            0.6763433218002319,
            0.736538827419281,
            0.0
          ],
          [
            0.0,
            0.0,
            0.0,
            1.0
          ]
        ],
        "rotation_mode": "QUATERNION"
      },
      "armature_space": {
        "head": {
          "x": 0.703650176525116,
          "y": 0.0882599726319313,
          "z": 0.3069799840450287
        },
        "tail": {
          "x": 0.6769608855247498,
          "y": 0.08675877004861832,
          "z": 0.2951832413673401
        }
      },
      "world_space": {
        "head": {
          "x": 0.703650176525116,
          "y": 0.15150398015975952,
          "z": 1.2568340301513672
        },
        "tail": {
          "x": 0.6769608855247498,
          "y": 0.15000277757644653,
          "z": 1.245037317276001
        },
        "rotation_quaternion": {
          "w": 0.630444347858429,
          "x": -0.0013834343990311027,
          "y": -0.27721840143203735,
          "z": 0.7250434160232544
        },
        "matrix": [
          [
            -0.20507420599460602,
            -0.9134314060211182,
            -0.35154989361763,
            0.703650176525116
          ],
          [
            0.9149675965309143,
            -0.051378265023231506,
            -0.4002438187599182,
            0.15150398015975952
          ],
          [
            0.34753647446632385,
            -0.40373945236206055,
            0.8463020920753479,
            1.2568340301513672
          ],
          [
            0.0,
            0.0,
            0.0,
            1.0
          ]
        ]
      },
      "bone_length_armature_space": 0.029218743578692002,
      "parent": "index_02_l",
      "has_children": false,
      "is_end_bone": true
    },
    "metacarpal_pinky_l": {
      "name": "metacarpal_pinky_l",
      "local": {
        "location": {
          "x": 0.0,
          "y": 0.0,
          "z": 0.0
        },
        "rotation_quaternion": {
          "w": 0.9992786049842834,
          "x": -0.03334586322307587,
          "y": 0.009999210946261883,
          "z": 0.015182457864284515
        },
        "scale": {
          "x": 1.0,
          "y": 1.0,
          "z": 1.0
        },
        "matrix_basis": [
          [
            0.9993390440940857,
            -0.031009875237941742,
            0.018971450626850128,
            0.0
          ],
          [
            0.029676146805286407,
            0.9973151087760925,
            0.06694724410772324,
            0.0
          ],
          [
            -0.020996538922190666,
            -0.06633999198675156,
            0.997576117515564,
            0.0
          ],
          [
            0.0,
            0.0,
            0.0,
            1.0
          ]
        ],
        "rotation_mode": "QUATERNION"
      },
      "armature_space": {
        "head": {
          "x": 0.5962195992469788,
          "y": 0.07795633375644684,
          "z": 0.40908101201057434
        },
        "tail": {
          "x": 0.6891935467720032,
          "y": 0.12446793913841248,
          "z": 0.4031033515930176
        }
      },
      "world_space": {
        "head": {
          "x": 0.5962195992469788,
          "y": 0.14120033383369446,
          "z": 1.358934998512268
        },
        "tail": {
          "x": 0.6891935467720032,
          "y": 0.1877119392156601,
          "z": 1.3529573678970337
        },
        "rotation_quaternion": {
          "w": 0.6873483061790466,
          "x": 0.2818628251552582,
          "y": 0.5008848905563354,
          "z": -0.444094717502594
        },
        "matrix": [
          [
            0.10378777235746384,
            0.892857551574707,
            0.4382160007953644,
            0.5962195992469788
          ],
          [
            -0.32813459634780884,
            0.44666534662246704,
            -0.8323571681976318,
            0.14120033383369446
          ],
          [
            -0.938918948173523,
            -0.05740531533956528,
            0.3393373191356659,
            1.358934998512268
          ],
          [
            0.0,
            0.0,
            0.0,
            1.0
          ]
        ]
      },
      "bone_length_armature_space": 0.10413076896612353,
      "parent": "lowerarm_l",
      "has_children": true,
      "is_end_bone": false
    },
    "pinky_01_l": {
      "name": "pinky_01_l",
      "local": {
        "location": {
          "x": 0.0,
          "y": 0.0,
          "z": 0.0
        },
        "rotation_quaternion": {
          "w": 0.9549868106842041,
          "x": 0.29569166898727417,
          "y": 0.012505247257649899,
          "z": 0.020255228504538536
        },
        "scale": {
          "x": 1.0,
          "y": 1.0,
          "z": 1.0
        },
        "matrix_basis": [
          [
            0.9988666772842407,
            -0.03129155561327934,
            0.03586329519748688,
            0.0
          ],
          [
            0.04608234763145447,
            0.8243123292922974,
            -0.5642566680908203,
            0.0
          ],
          [
            -0.011906087398529053,
            0.5652698874473572,
            0.8248201012611389,
            0.0
          ],
          [
            0.0,
            0.0,
            0.0,
            1.0
          ]
        ],
        "rotation_mode": "QUATERNION"
      },
      "armature_space": {
        "head": {
          "x": 0.6891935467720032,
          "y": 0.12446793913841248,
          "z": 0.4031033515930176
        },
        "tail": {
          "x": 0.7001655697822571,
