{
  "metadata": {
    "armature_name": "KIM_caucasian_male",
    "export_time": "2026-01-13T21:00:22.679085",
    "blender_version": "4.4.1",
    "bone_count": 56,
    "end_bone_count": 13,
    "spaces_included": [
      "LOCAL_CHANNELS",
      "ARMATURE_SPACE",
      "WORLD_SPACE"
    ],
    "note": "LOCAL matches Transform panel; replay pose via local.matrix_basis for best fidelity."
  },
  "bones": {
    "Root": {
      "name": "Root",
      "local": {
        "location": {
          "x": 0.0,
          "y": 0.0,
          "z": 0.0
        },
        "rotation_quaternion": {
          "w": 0.9996064901351929,
          "x": 0.009685903787612915,
          "y": 0.005794057156890631,
          "z": -0.025680191814899445
        },
        "scale": {
          "x": 1.0,
          "y": 1.0,
          "z": 1.0
        },
        "matrix_basis": [
          [
            0.9986138939857483,
            0.05145241320133209,
            0.011086082085967064,
            0.0
          ],
          [
            -0.051227930933237076,
            0.9984934329986572,
            -0.01966176927089691,
            0.0
          ],
          [
            -0.01208102609962225,
            0.019066600129008293,
            0.99974524974823,
            0.0
          ],
          [
            0.0,
            0.0,
            0.0,
            1.0
          ]
        ],
        "rotation_mode": "QUATERNION"
      },
      "armature_space": {
        "head": {
          "x": 0.0,
          "y": 0.07072800397872925,
          "z": -0.009595036506652832
        },
        "tail": {
          "x": 0.0036724607925862074,
          "y": -7.638335227966309e-05,
          "z": -0.0013630082830786705
        }
      },
      "world_space": {
        "head": {
          "x": 0.0,
          "y": 0.13397200405597687,
          "z": 0.9402589797973633
        },
        "tail": {
          "x": 0.0036724607925862074,
          "y": 0.06316761672496796,
          "z": 0.9484910368919373
        },
        "rotation_quaternion": {
          "w": 0.0576772503554821,
          "x": 0.9979881644248962,
          "y": 0.026012185961008072,
          "z": 0.004050875548273325
        },
        "matrix": [
          [
            0.9986138939857483,
            0.05145241320133209,
            0.011086082085967064,
            0.0
          ],
          [
            0.052386991679668427,
            -0.9919933676719666,
            -0.11491215229034424,
            0.13397200405597687
          ],
          [
            0.0050848983228206635,
            0.11533349752426147,
            -0.993320882320404,
            0.9402589797973633
          ],
          [
            0.0,
            0.0,
            0.0,
            1.0
          ]
        ]
      },
      "bone_length_armature_space": 0.07137586927017939,
      "parent": null,
      "has_children": true,
      "is_end_bone": false
    },
    "spine_01": {
      "name": "spine_01",
      "local": {
        "location": {
          "x": 0.0,
          "y": 0.0,
          "z": 0.0
        },
        "rotation_quaternion": {
          "w": 0.9980278015136719,
          "x": 0.048800867050886154,
          "y": -0.0003180693893227726,
          "z": -0.03948349133133888
        },
        "scale": {
          "x": 1.0,
          "y": 1.0,
          "z": 1.0
        },
        "matrix_basis": [
          [
            0.996881902217865,
            0.07878019660711288,
            -0.004488541278988123,
            0.0
          ],
          [
            -0.07884228974580765,
            0.9921190738677979,
            -0.09738412499427795,
            0.0
          ],
          [
            -0.003218773053959012,
            0.09743436425924301,
            0.9952367544174194,
            0.0
          ],
          [
            0.0,
            0.0,
            0.0,
            1.0
          ]
        ],
        "rotation_mode": "QUATERNION"
      },
      "armature_space": {
        "head": {
          "x": 0.0036724607925862074,
          "y": -7.638335227966309e-05,
          "z": -0.0013630082830786705
        },
        "tail": {
          "x": 0.04139216989278793,
          "y": -0.03235752508044243,
          "z": 0.4841096103191376
        }
      },
      "world_space": {
        "head": {
          "x": 0.0036724607925862074,
          "y": 0.06316761672496796,
          "z": 0.9484910368919373
        },
        "tail": {
          "x": 0.04139216989278793,
          "y": 0.03088647499680519,
          "z": 1.433963656425476
        },
        "rotation_quaternion": {
          "w": 0.6818544268608093,
          "x": 0.7300668358802795,
          "y": 0.04471709951758385,
          "z": -0.008800487034022808
        },
        "matrix": [
          [
            0.9958458542823792,
            0.07729429006576538,
            0.04813172295689583,
            0.0036724607925862074
          ],
          [
            0.053292129188776016,
            -0.06614971160888672,
            -0.9963856339454651,
            0.06316761672496796
          ],
          [
            -0.07383149117231369,
            0.9948184490203857,
            -0.06999549269676208,
            0.9484910368919373
          ],
          [
            0.0,
            0.0,
            0.0,
            1.0
          ]
        ]
      },
      "bone_length_armature_space": 0.4880046240904256,
      "parent": "Root",
      "has_children": true,
      "is_end_bone": false
    },
    "neck_01": {
      "name": "neck_01",
      "local": {
        "location": {
          "x": 0.0,
          "y": 0.0,
          "z": 0.0
        },
        "rotation_quaternion": {
          "w": 0.9915459156036377,
          "x": -0.011520041152834892,
          "y": 0.11637905240058899,
          "z": 0.05621455982327461
        },
        "scale": {
          "x": 1.0,
          "y": 1.0,
          "z": 1.0
        },
        "matrix_basis": [
          [
            0.9665916562080383,
            -0.11416001617908478,
            0.22949515283107758,
            0.0
          ],
          [
            0.10879725217819214,
            0.9934144020080566,
            0.03592969477176666,
            0.0
          ],
          [
            -0.23208554089069366,
            -0.009760905057191849,
            0.9726464152336121,
            0.0
          ],
          [
            0.0,
            0.0,
            0.0,
            1.0
          ]
        ],
        "rotation_mode": "QUATERNION"
      },
      "armature_space": {
        "head": {
          "x": 0.048720765858888626,
          "y": -0.07175599783658981,
          "z": 0.5545212030410767
        },
        "tail": {
          "x": 0.046196043491363525,
          "y": -0.11624775826931,
          "z": 0.6468513011932373
        }
      },
      "world_space": {
        "head": {
          "x": 0.048720765858888626,
          "y": -0.008511997759342194,
          "z": 1.5043752193450928
        },
        "tail": {
          "x": 0.046196043491363525,
          "y": -0.05300375819206238,
          "z": 1.5967053174972534
        },
        "rotation_quaternion": {
          "w": 0.529108464717865,
          "x": 0.8394468426704407,
          "y": 0.055284276604652405,
          "z": 0.11098185181617737
        },
        "matrix": [
          [
            0.969253420829773,
            -0.024626322090625763,
            0.24482911825180054,
            0.048720765858888626
          ],
          [
            0.2102590650320053,
            -0.4339756369590759,
            -0.8760459423065186,
            -0.008511997759342194
          ],
          [
            0.12782475352287292,
            0.9005938768386841,
            -0.41545823216438293,
            1.5043752193450928
          ],
          [
            0.0,
            0.0,
            0.0,
            1.0
          ]
        ]
      },
      "bone_length_armature_space": 0.10252189160954635,
      "parent": "spine_01",
      "has_children": true,
      "is_end_bone": false
    },
    "head": {
      "name": "head",
      "local": {
        "location": {
          "x": 0.0,
          "y": 0.0,
          "z": 0.0
        },
        "rotation_quaternion": {
          "w": 0.9882442355155945,
          "x": -0.061327919363975525,
          "y": -0.13856399059295654,
          "z": 0.020306158810853958
        },
        "scale": {
          "x": 1.0,
          "y": 1.0,
          "z": 1.0
        },
        "matrix_basis": [
          [
            0.9607753753662109,
            -0.02313920669257641,
            -0.27636080980300903,
            0.0
          ],
          [
            0.05713057145476341,
            0.9916530847549438,
            0.11558651924133301,
            0.0
          ],
          [
            0.2713794708251953,
            -0.12684133648872375,
            0.9540778398513794,
            0.0
          ],
          [
            0.0,
            0.0,
            0.0,
            1.0
          ]
        ],
        "rotation_mode": "QUATERNION"
      },
      "armature_space": {
        "head": {
          "x": 0.04619608074426651,
          "y": -0.11624786257743835,
          "z": 0.6468511819839478
        },
        "tail": {
          "x": 0.02122066542506218,
          "y": -0.11136962473392487,
          "z": 0.79984050989151
        }
      },
      "world_space": {
        "head": {
          "x": 0.04619608074426651,
          "y": -0.053003862500190735,
          "z": 1.5967051982879639
        },
        "tail": {
          "x": 0.02122066542506218,
          "y": -0.048125624656677246,
          "z": 1.749694585800171
        },
        "rotation_quaternion": {
          "w": 0.7133058905601501,
          "x": 0.695170521736145,
          "y": -0.08319554477930069,
          "z": 0.03180111199617386
        },
        "matrix": [
          [
            0.9841344356536865,
            -0.16103798151016235,
            -0.07447230815887451,
            0.04619608074426651
          ],
          [
            -0.07030119001865387,
            0.031454190611839294,
            -0.9970299005508423,
            -0.053003862500190735
          ],
          [
            0.16290321946144104,
            0.9864538908004761,
            0.019633173942565918,
            1.5967051982879639
          ],
          [
            0.0,
            0.0,
            0.0,
            1.0
          ]
        ]
      },
      "bone_length_armature_space": 0.1550912732938722,
      "parent": "neck_01",
      "has_children": false,
      "is_end_bone": true
    },
    "upperarm_l": {
      "name": "upperarm_l",
      "local": {
        "location": {
          "x": 0.0,
          "y": 0.0,
          "z": 0.0
        },
        "rotation_quaternion": {
          "w": -0.7051112651824951,
          "x": 0.44129687547683716,
          "y": 0.00404667342081666,
          "z": 0.5550305247306824
        },
        "scale": {
          "x": 1.0,
          "y": 1.0,
          "z": 1.0
        },
        "matrix_basis": [
          [
            0.38384947180747986,
            0.7862881422042847,
            0.48415976762771606,
            0.0
          ],
          [
            -0.7791450023651123,
            -0.005603631492704153,
            0.626818835735321,
            0.0
          ],
          [
            0.4955731928348541,
            -0.617834746837616,
            0.6104813814163208,
            0.0
          ],
          [
            0.0,
            0.0,
            0.0,
            1.0
          ]
        ],
        "rotation_mode": "QUATERNION"
      },
      "armature_space": {
        "head": {
          "x": 0.1930563747882843,
          "y": -0.062494002282619476,
          "z": 0.47636374831199646
        },
        "tail": {
          "x": 0.15624095499515533,
          "y": 0.1202377900481224,
          "z": 0.2838492691516876
        }
      },
      "world_space": {
        "head": {
          "x": 0.1930563747882843,
          "y": 0.0007499977946281433,
          "z": 1.426217794418335
        },
        "tail": {
          "x": 0.15624095499515533,
          "y": 0.18348178267478943,
          "z": 1.2337032556533813
        },
        "rotation_quaternion": {
          "w": 0.28073054552078247,
          "x": -0.1912229359149933,
          "y": 0.8730102181434631,
          "z": -0.3499678075313568
        },
        "matrix": [
          [
            -0.769248366355896,
            -0.13738663494586945,
            0.6240049004554749,
            0.1930563747882843
          ],
          [
            -0.5303728580474854,
            0.6819128394126892,
            -0.5036863684654236,
            0.0007499977946281433
          ],
          [
            -0.35631999373435974,
            -0.7184195518493652,
            -0.5974310040473938,
            1.426217794418335
          ],
          [
            0.0,
            0.0,
            0.0,
            1.0
          ]
        ]
      },
      "bone_length_armature_space": 0.26797035282145004,
      "parent": "spine_01",
      "has_children": true,
      "is_end_bone": false
    },
    "lowerarm_l": {
      "name": "lowerarm_l",
      "local": {
        "location": {
          "x": 0.0,
          "y": 0.0,
          "z": 0.0
        },
        "rotation_quaternion": {
          "w": 0.8598486185073853,
          "x": 0.39280638098716736,
          "y": 0.21934525668621063,
          "z": -0.24135269224643707
        },
        "scale": {
          "x": 1.0,
          "y": 1.0,
          "z": 1.0
        },
        "matrix_basis": [
          [
            0.7872730493545532,
            0.5873739719390869,
            0.18759767711162567,
            0.0
          ],
          [
            -0.24273312091827393,
            0.5749040246009827,
            -0.781387209892273,
            0.0
          ],
          [
            -0.5668171644210815,
            0.569628894329071,
            0.5951815843582153,
            0.0
          ],
          [
            0.0,
            0.0,
            0.0,
            1.0
          ]
        ],
        "rotation_mode": "QUATERNION"
      },
      "armature_space": {
        "head": {
          "x": 0.1562410593032837,
          "y": 0.12023788690567017,
          "z": 0.28384923934936523
        },
        "tail": {
          "x": 0.16034740209579468,
          "y": 0.05570311099290848,
          "z": 0.024255841970443726
        }
      },
      "world_space": {
        "head": {
          "x": 0.1562410593032837,
          "y": 0.18348188698291779,
          "z": 1.2337032556533813
        },
        "tail": {
          "x": 0.16034740209579468,
          "y": 0.1189471110701561,
          "z": 0.9741098880767822
        },
        "rotation_quaternion": {
          "w": 0.10514628887176514,
          "x": -0.1221882551908493,
          "y": 0.6069018244743347,
          "z": -0.7782573699951172
        },
        "matrix": [
          [
            -0.948028564453125,
            0.015349388122558594,
            0.3178146779537201,
            0.1562410593032837
          ],
          [
            -0.3119742274284363,
            -0.24122941493988037,
            -0.9189562797546387,
            0.18348188698291779
          ],
          [
            0.0625610202550888,
            -0.9703537821769714,
            0.23348182439804077,
            1.2337032556533813
          ],
          [
            0.0,
            0.0,
            0.0,
            1.0
          ]
        ]
      },
      "bone_length_armature_space": 0.267526311783298,
      "parent": "upperarm_l",
      "has_children": true,
      "is_end_bone": false
    },
    "metacarpal_thumb_l": {
      "name": "metacarpal_thumb_l",
      "local": {
        "location": {
          "x": 0.0,
          "y": 0.0,
          "z": 0.0
        },
        "rotation_quaternion": {
          "w": 0.9999051094055176,
          "x": 0.008503190241754055,
          "y": -0.008240575902163982,
          "z": -0.007044672966003418
        },
        "scale": {
          "x": 1.0,
          "y": 1.0,
          "z": 1.0
        },
        "matrix_basis": [
          [
            0.9997649192810059,
            0.01394786685705185,
            -0.016599392518401146,
            0.0
          ],
          [
            -0.014228151179850101,
            0.9997561573982239,
            -0.016888663172721863,
            0.0
          ],
          [
            0.016359783709049225,
            0.01712087169289589,
            0.9997195601463318,
            0.0
          ],
          [
            0.0,
            0.0,
            0.0,
            1.0
          ]
        ],
        "rotation_mode": "QUATERNION"
      },
      "armature_space": {
        "head": {
          "x": 0.16034740209579468,
          "y": 0.05570311099290848,
          "z": 0.024255841970443726
        },
        "tail": {
          "x": 0.16061346232891083,
          "y": 0.016932234168052673,
          "z": -0.0065718721598386765
        }
      },
      "world_space": {
        "head": {
          "x": 0.16034740209579468,
          "y": 0.1189471110701561,
          "z": 0.9741098880767822
        },
        "tail": {
          "x": 0.16061346232891083,
          "y": 0.08017623424530029,
          "z": 0.9432821273803711
        },
        "rotation_quaternion": {
          "w": 0.18881452083587646,
          "x": -0.5474954843521118,
          "y": -0.27016767859458923,
          "z": 0.7691600322723389
        },
        "matrix": [
          [
            -0.32919639348983765,
            0.005371330305933952,
            -0.9442461133003235,
            0.16034740209579468
          ],
          [
            0.5862881541252136,
            -0.7827176451683044,
            -0.20885251462459564,
            0.1189471110701561
          ],
          [
            -0.7402046322822571,
            -0.6223587989807129,
            0.25452032685279846,
            0.9741098880767822
          ],
          [
            0.0,
            0.0,
            0.0,
            1.0
          ]
        ]
      },
      "bone_length_armature_space": 0.04953382394642299,
      "parent": "lowerarm_l",
      "has_children": true,
      "is_end_bone": false
    },
    "thumb_01_l": {
      "name": "thumb_01_l",
      "local": {
        "location": {
          "x": 0.0,
          "y": 0.0,
          "z": 0.0
        },
        "rotation_quaternion": {
          "w": 0.9995347857475281,
          "x": 0.03020581230521202,
          "y": 0.004175630863755941,
          "z": 0.0006703300750814378
        },
        "scale": {
          "x": 1.0,
          "y": 1.0,
          "z": 1.0
        },
        "matrix_basis": [
          [
            0.9999642372131348,
            -0.0010877797612920403,
            0.008387872017920017,
            0.0
          ],
          [
            0.0015922931488603354,
            0.9981743097305298,
            -0.06037792190909386,
            0.0
          ],
          [
            -0.008306880481541157,
            0.06038912013173103,
            0.9981403350830078,
            0.0
          ],
          [
            0.0,
            0.0,
            0.0,
            1.0
          ]
        ],
        "rotation_mode": "QUATERNION"
      },
      "armature_space": {
        "head": {
          "x": 0.16061346232891083,
          "y": 0.016932234168052673,
          "z": -0.0065718721598386765
        },
        "tail": {
          "x": 0.13744014501571655,
          "y": -0.007254552096128464,
          "z": -0.012623485177755356
        }
      },
      "world_space": {
        "head": {
          "x": 0.16061346232891083,
          "y": 0.08017623424530029,
          "z": 0.9432821273803711
        },
        "tail": {
          "x": 0.13744014501571655,
          "y": 0.055989447981119156,
          "z": 0.9372305274009705
        },
        "rotation_quaternion": {
          "w": 0.20315323770046234,
          "x": -0.8813173770904541,
          "y": 0.3216264247894287,
          "z": 0.28029417991638184
        },
        "matrix": [
          [
            0.6359830498695374,
            -0.6807958483695984,
            -0.3633763790130615,
            0.16061346232891083
          ],
          [
            -0.4530254304409027,
            -0.7105698585510254,
            0.5383850932121277,
            0.08017623424530029
          ],
          [
            -0.6247392892837524,
            -0.1777869015932083,
            -0.760333240032196,
            0.9432821273803711
          ],
          [
            0.0,
            0.0,
            0.0,
            1.0
          ]
        ]
      },
      "bone_length_armature_space": 0.034038584956138034,
      "parent": "metacarpal_thumb_l",
      "has_children": true,
      "is_end_bone": false
    },
    "thumb_02_l": {
      "name": "thumb_02_l",
      "local": {
        "location": {
          "x": 0.0,
          "y": 0.0,
          "z": 0.0
        },
        "rotation_quaternion": {
          "w": 0.9943584203720093,
          "x": 0.10564203560352325,
          "y": -0.006989365443587303,
          "z": 0.0064966934733092785
        },
        "scale": {
          "x": 1.0,
          "y": 1.0,
          "z": 1.0
        },
        "matrix_basis": [
          [
            0.9998179078102112,
            -0.01439682487398386,
            -0.012527220882475376,
            0.0
          ],
          [
            0.011443342082202435,
            0.9775950908660889,
            -0.21018290519714355,
            0.0
          ],
          [
            0.015272516757249832,
            0.21000127494335175,
            0.977581799030304,
            0.0
          ],
          [
            0.0,
            0.0,
            0.0,
            1.0
          ]
        ],
        "rotation_mode": "QUATERNION"
      },
      "armature_space": {
        "head": {
          "x": 0.13744014501571655,
          "y": -0.0072545502334833145,
          "z": -0.01262342557311058
        },
        "tail": {
          "x": 0.13621722161769867,
          "y": -0.012983664870262146,
          "z": -0.05235859379172325
        }
      },
      "world_space": {
        "head": {
          "x": 0.13744014501571655,
          "y": 0.055989451706409454,
          "z": 0.9372305870056152
        },
        "tail": {
          "x": 0.13621722161769867,
          "y": 0.050260335206985474,
          "z": 0.897495448589325
        },
        "rotation_quaternion": {
          "w": 0.6147122979164124,
          "x": -0.7173213362693787,
          "y": 0.22540675103664398,
          "z": -0.23826618492603302
        },
        "matrix": [
          [
            0.7848420143127441,
            -0.030448079109191895,
            0.6189472675323486,
            0.13744014501571655
          ],
          [
            -0.6163083910942078,
            -0.1426416039466858,
            0.7744787335395813,
            0.055989451706409454
          ],
          [
            0.06470632553100586,
            -0.989313006401062,
            -0.13071687519550323,
            0.9372305870056152
          ],
          [
            0.0,
            0.0,
            0.0,
            1.0
          ]
        ]
      },
      "bone_length_armature_space": 0.040164684899469595,
      "parent": "thumb_01_l",
      "has_children": true,
      "is_end_bone": false
    },
    "thumb_03_l": {
      "name": "thumb_03_l",
      "local": {
        "location": {
          "x": 0.0,
          "y": 0.0,
          "z": 0.0
        },
        "rotation_quaternion": {
          "w": 0.9966307878494263,
          "x": 0.08199773728847504,
          "y": 0.0008271216647699475,
          "z": 0.0016685851151123643
        },
        "scale": {
          "x": 1.0,
          "y": 1.0,
          "z": 1.0
        },
        "matrix_basis": [
          [
            0.999993085861206,
            -0.0031902824994176626,
            0.0019223102135583758,
            0.0
          ],
          [
            0.0034615707118064165,
            0.9865471720695496,
            -0.16344018280506134,
            0.0
          ],
          [
            -0.0013750294456258416,
            0.16344569623470306,
            0.9865513443946838,
            0.0
          ],
          [
            0.0,
            0.0,
            0.0,
            1.0
          ]
        ],
        "rotation_mode": "QUATERNION"
      },
      "armature_space": {
        "head": {
          "x": 0.13621722161769867,
          "y": -0.012983741238713264,
          "z": -0.052358537912368774
        },
        "tail": {
          "x": 0.14085093140602112,
          "y": -0.005258791148662567,
          "z": -0.08144042640924454
        }
      },
      "world_space": {
        "head": {
          "x": 0.13621722161769867,
          "y": 0.050260260701179504,
          "z": 0.8974955081939697
        },
        "tail": {
          "x": 0.14085093140602112,
          "y": 0.05798520892858505,
          "z": 0.8684135675430298
        },
        "rotation_quaternion": {
          "w": 0.7082791924476624,
          "x": -0.49668359756469727,
          "y": 0.35384827852249146,
          "z": -0.35558032989501953
        },
        "matrix": [
          [
            0.496707946062088,
            0.15220008790493011,
            0.8544683456420898,
            0.13621722161769867
          ],
          [
            -0.8552018404006958,
            0.25373557209968567,
            0.4519382119178772,
            0.050260260701179504
          ],
          [
            -0.14802564680576324,
            -0.9552307724952698,
            0.25619643926620483,
            0.8974955081939697
          ],
          [
            0.0,
            0.0,
            0.0,
            1.0
          ]
        ]
      },
      "bone_length_armature_space": 0.03044507163251741,
      "parent": "thumb_02_l",
      "has_children": false,
      "is_end_bone": true
    },
    "metacarpal_index_l": {
      "name": "metacarpal_index_l",
      "local": {
        "location": {
          "x": 0.0,
          "y": 0.0,
          "z": 0.0
        },
        "rotation_quaternion": {
          "w": 0.9978015422821045,
          "x": -0.06464038789272308,
          "y": 0.01443066168576479,
          "z": -0.002320075873285532
        },
        "scale": {
          "x": 1.0,
          "y": 1.0,
          "z": 1.0
        },
        "matrix_basis": [
          [
            0.99957275390625,
            0.0027643435169011354,
            0.029097814112901688,
            0.0
          ],
          [
            -0.006495557725429535,
            0.9916324615478516,
            0.12892960011959076,
            0.0
          ],
          [
            -0.028497932478785515,
            -0.12906351685523987,
            0.9912267327308655,
            0.0
          ],
          [
            0.0,
            0.0,
            0.0,
            1.0
          ]
        ],
        "rotation_mode": "QUATERNION"
      },
      "armature_space": {
        "head": {
          "x": 0.16034740209579468,
          "y": 0.05570311099290848,
          "z": 0.024255841970443726
        },
        "tail": {
          "x": 0.17654100060462952,
          "y": 0.005384501069784164,
          "z": -0.08031556755304337
        }
      },
      "world_space": {
        "head": {
          "x": 0.16034740209579468,
          "y": 0.1189471110701561,
          "z": 0.9741098880767822
        },
        "tail": {
          "x": 0.17654100060462952,
          "y": 0.06862850487232208,
          "z": 0.869538426399231
        },
        "rotation_quaternion": {
          "w": 0.11689173430204391,
          "x": -0.3090810179710388,
          "y": -0.5211671590805054,
          "z": 0.7868863940238953
        },
        "matrix": [
          [
            -0.7816113233566284,
            0.13820397853851318,
            -0.6082626581192017,
            0.16034740209579468
          ],
          [
            0.506125807762146,
            -0.42944324016571045,
            -0.747940719127655,
            0.1189471110701561
          ],
          [
            -0.3645848333835602,
            -0.8924627900123596,
            0.26571035385131836,
            0.9741098880767822
          ],
          [
            0.0,
            0.0,
            0.0,
            1.0
          ]
        ]
      },
      "bone_length_armature_space": 0.11717241570129,
      "parent": "lowerarm_l",
      "has_children": true,
      "is_end_bone": false
    },
    "index_01_l": {
      "name": "index_01_l",
      "local": {
        "location": {
          "x": 0.0,
          "y": 0.0,
          "z": 0.0
        },
        "rotation_quaternion": {
          "w": 0.9953559637069702,
          "x": -0.09486757218837738,
          "y": 0.002893643220886588,
          "z": -0.016076702624559402
        },
        "scale": {
          "x": 1.0,
          "y": 1.0,
          "z": 1.0
        },
        "matrix_basis": [
          [
            0.9994663596153259,
            0.031455058604478836,
            0.00881072599440813,
            0.0
          ],
          [
            -0.032553110271692276,
            0.9814833402633667,
            0.18876096606254578,
            0.0
          ],
          [
            -0.0027100946754217148,
            -0.18894705176353455,
            0.9819835424423218,
            0.0
          ],
          [
            0.0,
            0.0,
            0.0,
            1.0
          ]
        ],
        "rotation_mode": "QUATERNION"
      },
      "armature_space": {
        "head": {
          "x": 0.17654100060462952,
          "y": 0.005384501069784164,
          "z": -0.08031556755304337
        },
        "tail": {
          "x": 0.17757703363895416,
          "y": 0.006560257636010647,
          "z": -0.10878703743219376
        }
      },
      "world_space": {
        "head": {
          "x": 0.17654100060462952,
          "y": 0.06862850487232208,
          "z": 0.869538426399231
        },
        "tail": {
          "x": 0.17757703363895416,
          "y": 0.06980425864458084,
          "z": 0.8410669565200806
        },
        "rotation_quaternion": {
          "w": 0.23241597414016724,
          "x": -0.2467103749513626,
          "y": -0.6830812096595764,
          "z": 0.6469287872314453
        },
        "matrix": [
          [
            -0.7702337503433228,
            0.03633349388837814,
            -0.6367260813713074,
            0.17654100060462952
          ],
          [
            0.6377596855163574,
            0.04123383015394211,
            -0.7691310048103333,
            0.06862850487232208
          ],
          [
            -0.0016901532653719187,
            -0.9984955787658691,
            -0.05493265390396118,
            0.869538426399231
          ],
          [
            0.0,
            0.0,
            0.0,
            1.0
          ]
        ]
      },
      "bone_length_armature_space": 0.028514564562046207,
      "parent": "metacarpal_index_l",
      "has_children": true,
      "is_end_bone": false
    },
    "index_02_l": {
      "name": "index_02_l",
      "local": {
        "location": {
          "x": 0.0,
          "y": 0.0,
          "z": 0.0
        },
        "rotation_quaternion": {
          "w": 0.985562264919281,
          "x": 0.16908101737499237,
          "y": -0.005853037349879742,
          "z": -0.0066598826088011265
        },
        "scale": {
          "x": 1.0,
          "y": 1.0,
          "z": 1.0
        },
        "matrix_basis": [
          [
            0.9998427629470825,
            0.011148182675242424,
            -0.01378918532282114,
            0.0
          ],
          [
            -0.015106732957065105,
            0.9427345395088196,
            -0.3332017660140991,
            0.0
          ],
          [
            0.009284946136176586,
            0.33335769176483154,
            0.9427546858787537,
            0.0
          ],
          [
            0.0,
            0.0,
            0.0,
            1.0
          ]
        ],
        "rotation_mode": "QUATERNION"
      },
      "armature_space": {
        "head": {
          "x": 0.17757701873779297,
          "y": 0.006559878587722778,
          "z": -0.1087874323129654
        },
        "tail": {
          "x": 0.17318427562713623,
          "y": 0.001945566851645708,
          "z": -0.1336371898651123
        }
      },
      "world_space": {
        "head": {
          "x": 0.17757701873779297,
          "y": 0.0698038786649704,
          "z": 0.8410665988922119
        },
        "tail": {
          "x": 0.17318427562713623,
          "y": 0.06518957018852234,
          "z": 0.8162168264389038
        },
        "rotation_quaternion": {
          "w": 0.2492661029100418,
          "x": -0.17125768959522247,
          "y": -0.5898562073707581,
          "z": 0.7487368583679199
        },
        "matrix": [
          [
            -0.8170740604400635,
            -0.17123496532440186,
            -0.5505168437957764,
            0.17757701873779297
          ],
          [
            0.5753049254417419,
            -0.1798722743988037,
            -0.7979161739349365,
            0.0698038786649704
          ],
          [
            0.0376090481877327,
            -0.96867835521698,
            0.24548235535621643,
            0.8410665988922119
          ],
          [
            0.0,
            0.0,
            0.0,
            1.0
          ]
        ]
      },
      "bone_length_armature_space": 0.02565343115528295,
      "parent": "index_01_l",
      "has_children": true,
      "is_end_bone": false
    },
    "index_03_l": {
      "name": "index_03_l",
      "local": {
        "location": {
          "x": 0.0,
          "y": 0.0,
          "z": 0.0
        },
        "rotation_quaternion": {
          "w": 0.9785477519035339,
          "x": 0.2059774100780487,
          "y": 0.003443435998633504,
          "z": -0.0024028290063142776
        },
        "scale": {
          "x": 1.0,
          "y": 1.0,
          "z": 1.0
        },
        "matrix_basis": [
          [
            0.999964714050293,
            0.00612110598012805,
            0.005749275907874107,
            0.0
          ],
          [
            -0.0032840257044881582,
            0.9151350855827332,
            -0.4031340181827545,
            0.0
          ],
          [
            -0.007728990167379379,
            0.4031009078025818,
            0.915122926235199,
            0.0
          ],
          [
            0.0,
            0.0,
            0.0,
            1.0
          ]
        ],
        "rotation_mode": "QUATERNION"
      },
      "armature_space": {
        "head": {
          "x": 0.1731843799352646,
          "y": 0.0019456679001450539,
          "z": -0.1336372196674347
        },
        "tail": {
          "x": 0.15833282470703125,
          "y": -0.01187299657613039,
          "z": -0.15466609597206116
        }
      },
      "world_space": {
        "head": {
          "x": 0.1731843799352646,
          "y": 0.0651896670460701,
          "z": 0.8162168264389038
        },
        "tail": {
          "x": 0.15833282470703125,
          "y": 0.051371004432439804,
          "z": 0.7951879501342773
        },
        "rotation_quaternion": {
          "w": 0.34036195278167725,
          "x": -0.09415450692176819,
          "y": -0.38429659605026245,
          "z": 0.8529975414276123
        },
        "matrix": [
          [
            -0.7505763173103333,
            -0.5082898139953613,
            -0.4222283959388733,
            0.1731843799352646
          ],
          [
            0.6530236601829529,
            -0.4729393422603607,
            -0.5915136337280273,
            0.0651896670460701
          ],
          [
            0.10097303241491318,
            -0.7197065949440002,
            0.6869065761566162,
            0.8162168264389038
          ],
          [
            0.0,
            0.0,
            0.0,
            1.0
          ]
        ]
      },
      "bone_length_armature_space": 0.029218792175833713,
      "parent": "index_02_l",
      "has_children": false,
      "is_end_bone": true
    },
    "metacarpal_pinky_l": {
      "name": "metacarpal_pinky_l",
      "local": {
        "location": {
          "x": 0.0,
          "y": 0.0,
          "z": 0.0
        },
        "rotation_quaternion": {
          "w": 0.9992600679397583,
          "x": 0.03784521296620369,
          "y": 0.006110926158726215,
          "z": -0.0031466595828533173
        },
        "scale": {
          "x": 1.0,
          "y": 1.0,
          "z": 1.0
        },
        "matrix_basis": [
          [
            0.999905526638031,
            0.006751201115548611,
            0.011974637396633625,
            0.0
          ],
          [
            -0.005826123990118504,
            0.9971156716346741,
            -0.07567287981510162,
            0.0
          ],
          [
            -0.012450980953872204,
            0.07559596002101898,
            0.9970607757568359,
            0.0
          ],
          [
            0.0,
            0.0,
            0.0,
            1.0
          ]
        ],
        "rotation_mode": "QUATERNION"
      },
      "armature_space": {
        "head": {
          "x": 0.16034740209579468,
          "y": 0.05570311099290848,
          "z": 0.024255841970443726
        },
        "tail": {
          "x": 0.1591843217611313,
          "y": 0.06030463054776192,
          "z": -0.07976742088794708
        }
      },
      "world_space": {
        "head": {
          "x": 0.16034740209579468,
          "y": 0.1189471110701561,
          "z": 0.9741098880767822
        },
        "tail": {
          "x": 0.1591843217611313,
          "y": 0.12354862689971924,
          "z": 0.8700866103172302
        },
        "rotation_quaternion": {
          "w": 0.5158278942108154,
          "x": -0.4988964796066284,
          "y": 0.5059809684753418,
          "z": -0.4785468876361847
        },
        "matrix": [
          [
            0.02995176613330841,
            -0.011169403791427612,
            0.999488890171051,
            0.16034740209579468
          ],
          [
            -0.9985601305961609,
            0.044189829379320145,
            0.03041764348745346,
            0.1189471110701561
          ],
          [
            -0.04450817406177521,
            -0.998967707157135,
            -0.00982983410358429,
            0.9741098880767822
          ],
          [
            0.0,
            0.0,
            0.0,
            1.0
          ]
        ]
      },
      "bone_length_armature_space": 0.10413148559595166,
      "parent": "lowerarm_l",
      "has_children": true,
      "is_end_bone": false
    },
    "pinky_01_l": {
      "name": "pinky_01_l",
      "local": {
        "location": {
          "x": 0.0,
          "y": 0.0,
          "z": 0.0
        },
        "rotation_quaternion": {
          "w": 0.997146487236023,
          "x": 0.07337727397680283,
          "y": -0.016247378662228584,
          "z": -0.007127036806195974
        },
        "scale": {
          "x": 1.0,
          "y": 1.0,
          "z": 1.0
        },
        "matrix_basis": [
          [
            0.9993704557418823,
            0.011829022318124771,
            -0.033447958528995514,
            0.0
          ],
          [
            -0.016597775742411613,
            0.9891299605369568,
            -0.14610418677330017,
            0.0
          ],
          [
            0.03135610744357109,
            0.14656737446784973,
            0.9887036085128784,
            0.0
          ],
          [
            0.0,
            0.0,
            0.0,
            1.0
          ]
        ],
        "rotation_mode": "QUATERNION"
      },
      "armature_space": {
        "head": {
          "x": 0.1591843217611313,
