{
  "metadata": {
    "armature_name": "KIM_caucasian_male",
    "export_time": "2026-01-13T21:05:47.128284",
    "blender_version": "4.4.1",
    "bone_count": 56,
    "end_bone_count": 13,
    "spaces_included": [
      "LOCAL_CHANNELS",
      "ARMATURE_SPACE",
      "WORLD_SPACE"
    ],
    "note": "LOCAL matches Transform panel; replay pose via local.matrix_basis for best fidelity."
  },
  "bones": {
    "Root": {
      "name": "Root",
      "local": {
        "location": {
          "x": 0.0,
          "y": 0.0,
          "z": 0.0
        },
        "rotation_quaternion": {
          "w": 0.9994746446609497,
          "x": 0.013939574360847473,
          "y": 0.0019259619293734431,
          "z": 0.029197555035352707
        },
        "scale": {
          "x": 1.0,
          "y": 1.0,
          "z": 1.0
        },
        "matrix_basis": [
          [
            0.998287558555603,
            -0.05831073597073555,
            0.0046639032661914825,
            0.0
          ],
          [
            0.05841812491416931,
            0.9979063868522644,
            -0.027752036228775978,
            0.0
          ],
          [
            -0.0030358971562236547,
            0.02797696925699711,
            0.9996039867401123,
            0.0
          ],
          [
            0.0,
            0.0,
            0.0,
            1.0
          ]
        ],
        "rotation_mode": "QUATERNION"
      },
      "armature_space": {
        "head": {
          "x": 0.0,
          "y": 0.07072800397872925,
          "z": -0.009595036506652832
        },
        "tail": {
          "x": -0.004161979537457228,
          "y": -0.00012036412954330444,
          "z": -0.0019988571293652058
        }
      },
      "world_space": {
        "head": {
          "x": 0.0,
          "y": 0.13397200405597687,
          "z": 0.9402589797973633
        },
        "tail": {
          "x": -0.004161979537457228,
          "y": 0.06312363594770432,
          "z": 0.9478551745414734
        },
        "rotation_quaternion": {
          "w": 0.05342434346675873,
          "x": 0.9981431365013123,
          "y": -0.029001476243138313,
          "z": 0.003888561390340328
        },
        "matrix": [
          [
            0.998287558555603,
            -0.05831073597073555,
            0.0046639032661914825,
            0.0
          ],
          [
            -0.05747976154088974,
            -0.9926095008850098,
            -0.10687631368637085,
            0.13397200405597687
          ],
          [
            0.010861492715775967,
            0.10642503201961517,
            -0.9942684769630432,
            0.9402589797973633
          ],
          [
            0.0,
            0.0,
            0.0,
            1.0
          ]
        ]
      },
      "bone_length_armature_space": 0.07137587189509881,
      "parent": null,
      "has_children": true,
      "is_end_bone": false
    },
    "spine_01": {
      "name": "spine_01",
      "local": {
        "location": {
          "x": 0.0,
          "y": 0.0,
          "z": 0.0
        },
        "rotation_quaternion": {
          "w": 0.9935259819030762,
          "x": 0.08150506764650345,
          "y": 0.040888380259275436,
          "z": -0.06775966286659241
        },
        "scale": {
          "x": 1.0,
          "y": 1.0,
          "z": 1.0
        },
        "matrix_basis": [
          [
            0.9874735474586487,
            0.14130719006061554,
            0.0702018216252327,
            0.0
          ],
          [
            -0.12797674536705017,
            0.9775310754776001,
            -0.1674959659576416,
            0.0
          ],
          [
            -0.09229284524917603,
            0.15641364455223083,
            0.9833701252937317,
            0.0
          ],
          [
            0.0,
            0.0,
            0.0,
            1.0
          ]
        ],
        "rotation_mode": "QUATERNION"
      },
      "armature_space": {
        "head": {
          "x": -0.004161979537457228,
          "y": -0.00012036412954330444,
          "z": -0.0019988571293652058
        },
        "tail": {
          "x": 0.05561252683401108,
          "y": -0.07114190608263016,
          "z": 0.4770953953266144
        }
      },
      "world_space": {
        "head": {
          "x": -0.004161979537457228,
          "y": 0.06312363594770432,
          "z": 0.9478551745414734
        },
        "tail": {
          "x": 0.05561252683401108,
          "y": -0.007897906005382538,
          "z": 1.426949381828308
        },
        "rotation_quaternion": {
          "w": 0.6516067981719971,
          "x": 0.7560336589813232,
          "y": 0.05138703063130379,
          "z": -0.03436712548136711
        },
        "matrix": [
          [
            0.992356538772583,
            0.12248843163251877,
            0.01500365138053894,
            -0.004161979537457228
          ],
          [
            0.0329136922955513,
            -0.14553557336330414,
            -0.9888054728507996,
            0.06312363594770432
          ],
          [
            -0.11893447488546371,
            0.981748104095459,
            -0.1484566628932953,
            0.9478551745414734
          ],
          [
            0.0,
            0.0,
            0.0,
            1.0
          ]
        ]
      },
      "bone_length_armature_space": 0.4880044763063694,
      "parent": "Root",
      "has_children": true,
      "is_end_bone": false
    },
    "neck_01": {
      "name": "neck_01",
      "local": {
        "location": {
          "x": 0.0,
          "y": 0.0,
          "z": 0.0
        },
        "rotation_quaternion": {
          "w": 0.9928330183029175,
          "x": -0.09882275015115738,
          "y": -0.05354590341448784,
          "z": 0.040614914149045944
        },
        "scale": {
          "x": 1.0,
          "y": 1.0,
          "z": 1.0
        },
        "matrix_basis": [
          [
            0.9909665584564209,
            -0.07006455212831497,
            -0.11435163766145706,
            0.0
          ],
          [
            0.09123076498508453,
            0.9771689772605896,
            0.19187945127487183,
            0.0
          ],
          [
            0.09829692542552948,
            -0.2005784958600998,
            0.974733829498291,
            0.0
          ],
          [
            0.0,
            0.0,
            0.0,
            1.0
          ]
        ],
        "rotation_mode": "QUATERNION"
      },
      "armature_space": {
        "head": {
          "x": 0.06510128080844879,
          "y": -0.11608999967575073,
          "z": 0.5438290238380432
        },
        "tail": {
          "x": 0.07060256600379944,
          "y": -0.14976195991039276,
          "z": 0.6405072808265686
        }
      },
      "world_space": {
        "head": {
          "x": 0.06510128080844879,
          "y": -0.05284599959850311,
          "z": 1.493683099746704
        },
        "tail": {
          "x": 0.07060256600379944,
          "y": -0.08651795983314514,
          "z": 1.5903613567352295
        },
        "rotation_quaternion": {
          "w": 0.5792909860610962,
          "x": 0.8122977018356323,
          "y": -0.01423170231282711,
          "z": -0.06627129018306732
        },
        "matrix": [
          [
            0.990811288356781,
            0.05365993082523346,
            -0.12415221333503723,
            0.06510128080844879
          ],
          [
            -0.09990113973617554,
            -0.32843858003616333,
            -0.9392274618148804,
            -0.05284599959850311
          ],
          [
            -0.09117600321769714,
            0.9430062174797058,
            -0.32006311416625977,
            1.493683099746704
          ],
          [
            0.0,
            0.0,
            0.0,
            1.0
          ]
        ]
      },
      "bone_length_armature_space": 0.10252195111548425,
      "parent": "spine_01",
      "has_children": true,
      "is_end_bone": false
    },
    "head": {
      "name": "head",
      "local": {
        "location": {
          "x": 0.0,
          "y": 0.0,
          "z": 0.0
        },
        "rotation_quaternion": {
          "w": 0.9968580007553101,
          "x": -0.06395180523395538,
          "y": -0.03143922984600067,
          "z": -0.03458285704255104
        },
        "scale": {
          "x": 1.0,
          "y": 1.0,
          "z": 1.0
        },
        "matrix_basis": [
          [
            0.995631217956543,
            0.07296958565711975,
            -0.05825762450695038,
            0.0
          ],
          [
            -0.06492720544338226,
            0.9894284009933472,
            0.12967625260353088,
            0.0
          ],
          [
            0.06710416823625565,
            -0.1253272145986557,
            0.989843487739563,
            0.0
          ],
          [
            0.0,
            0.0,
            0.0,
            1.0
          ]
        ],
        "rotation_mode": "QUATERNION"
      },
      "armature_space": {
        "head": {
          "x": 0.07060254365205765,
          "y": -0.1497620940208435,
          "z": 0.640507161617279
        },
        "tail": {
          "x": 0.09821221232414246,
          "y": -0.12648305296897888,
          "z": 0.7913352251052856
        }
      },
      "world_space": {
        "head": {
          "x": 0.07060254365205765,
          "y": -0.08651809394359589,
          "z": 1.5903611183166504
        },
        "tail": {
          "x": 0.09821221232414246,
          "y": -0.06323905289173126,
          "z": 1.7411892414093018
        },
        "rotation_quaternion": {
          "w": 0.7583158612251282,
          "x": 0.641628623008728,
          "y": 0.002618471160531044,
          "z": -0.11516505479812622
        },
        "matrix": [
          [
            0.97346031665802,
            0.17802326381206512,
            -0.14381618797779083,
            0.07060254365205765
          ],
          [
            -0.17130395770072937,
            0.1500999927520752,
            -0.9737172722816467,
            -0.08651809394359589
          ],
          [
            -0.15175873041152954,
            0.9725182056427002,
            0.1766127049922943,
            1.5903611183166504
          ],
          [
            0.0,
            0.0,
            0.0,
            1.0
          ]
        ]
      },
      "bone_length_armature_space": 0.15509130540652666,
      "parent": "neck_01",
      "has_children": false,
      "is_end_bone": true
    },
    "upperarm_l": {
      "name": "upperarm_l",
      "local": {
        "location": {
          "x": 0.0,
          "y": 0.0,
          "z": 0.0
        },
        "rotation_quaternion": {
          "w": 0.8005722165107727,
          "x": 0.44240087270736694,
          "y": 0.002142419805750251,
          "z": 0.4041796922683716
        },
        "scale": {
          "x": 1.0,
          "y": 1.0,
          "z": 1.0
        },
        "matrix_basis": [
          [
            0.6732683777809143,
            -0.6452544331550598,
            0.36104923486709595,
            0.0
          ],
          [
            0.6490457057952881,
            0.2818405032157898,
            -0.7066158652305603,
            0.0
          ],
          [
            0.35418856143951416,
            0.710079550743103,
            0.6085537672042847,
            0.0
          ],
          [
            0.0,
            0.0,
            0.0,
            1.0
          ]
        ],
        "rotation_mode": "QUATERNION"
      },
      "armature_space": {
        "head": {
          "x": 0.20577043294906616,
          "y": -0.10452525317668915,
          "z": 0.45953425765037537
        },
        "tail": {
          "x": 0.3151129484176636,
          "y": -0.31501108407974243,
          "z": 0.5842249393463135
        }
      },
      "world_space": {
        "head": {
          "x": 0.20577043294906616,
          "y": -0.04128125309944153,
          "z": 1.4093883037567139
        },
        "tail": {
          "x": 0.3151129484176636,
          "y": -0.251767098903656,
          "z": 1.5340789556503296
        },
        "rotation_quaternion": {
          "w": 0.32050299644470215,
          "x": 0.8233226537704468,
          "y": 0.06734976917505264,
          "z": -0.4635533392429352
        },
        "matrix": [
          [
            0.561165452003479,
            0.4080410301685333,
            -0.7201363444328308,
            0.20577043294906616
          ],
          [
            -0.18623889982700348,
            -0.7854844331741333,
            -0.5901947617530823,
            -0.04128125309944153
          ],
          [
            -0.8064850568771362,
            0.4653167128562927,
            -0.36479640007019043,
            1.4093883037567139
          ],
          [
            0.0,
            0.0,
            0.0,
            1.0
          ]
        ]
      },
      "bone_length_armature_space": 0.2679698436648013,
      "parent": "spine_01",
      "has_children": true,
      "is_end_bone": false
    },
    "lowerarm_l": {
      "name": "lowerarm_l",
      "local": {
        "location": {
          "x": 0.0,
          "y": 0.0,
          "z": 0.0
        },
        "rotation_quaternion": {
          "w": 0.8814665675163269,
          "x": 0.46074867248535156,
          "y": 0.060364656150341034,
          "z": 0.08416339755058289
        },
        "scale": {
          "x": 1.0,
          "y": 1.0,
          "z": 1.0
        },
        "matrix_basis": [
          [
            0.9785452485084534,
            -0.09274857491254807,
            0.1839752048254013,
            0.0
          ],
          [
            0.2040003091096878,
            0.5612543821334839,
            -0.802108108997345,
            0.0
          ],
          [
            -0.02886250428855419,
            0.8224300742149353,
            0.568133533000946,
            0.0
          ],
          [
            0.0,
            0.0,
            0.0,
            1.0
          ]
        ],
        "rotation_mode": "QUATERNION"
      },
      "armature_space": {
        "head": {
          "x": 0.3151128888130188,
          "y": -0.3150111436843872,
          "z": 0.5842249989509583
        },
        "tail": {
          "x": 0.16188138723373413,
          "y": -0.5329285860061646,
          "z": 0.6087504029273987
        }
      },
      "world_space": {
        "head": {
          "x": 0.3151128888130188,
          "y": -0.2517671585083008,
          "z": 1.5340790748596191
        },
        "tail": {
          "x": 0.16188138723373413,
          "y": -0.4696846008300781,
          "z": 1.5586044788360596
        },
        "rotation_quaternion": {
          "w": 0.0741524025797844,
          "x": -0.8755670785903931,
          "y": 0.29532390832901,
          "z": 0.3750568926334381
        },
        "matrix": [
          [
            0.5442323088645935,
            -0.5727756023406982,
            -0.6129762530326843,
            0.3151128888130188
          ],
          [
            -0.46152955293655396,
            -0.8145700693130493,
            0.35137802362442017,
            -0.2517671585083008
          ],
          [
            -0.7005778551101685,
            0.09167534112930298,
            -0.7076724767684937,
            1.5340790748596191
          ],
          [
            0.0,
            0.0,
            0.0,
            1.0
          ]
        ]
      },
      "bone_length_armature_space": 0.2675245795527667,
      "parent": "upperarm_l",
      "has_children": true,
      "is_end_bone": false
    },
    "metacarpal_thumb_l": {
      "name": "metacarpal_thumb_l",
      "local": {
        "location": {
          "x": 0.0,
          "y": 0.0,
          "z": 0.0
        },
        "rotation_quaternion": {
          "w": 0.9970656633377075,
          "x": -0.07397844642400742,
          "y": 0.01905859261751175,
          "z": 0.004902242682874203
        },
        "scale": {
          "x": 1.0,
          "y": 1.0,
          "z": 1.0
        },
        "matrix_basis": [
          [
            0.9992254972457886,
            -0.012595565989613533,
            0.037280015647411346,
            0.0
          ],
          [
            0.006955865770578384,
            0.9890063405036926,
            0.14770959317684174,
            0.0
          ],
          [
            -0.03873065859079361,
            -0.14733587205410004,
            0.9883279204368591,
            0.0
          ],
          [
            0.0,
            0.0,
            0.0,
            1.0
          ]
        ],
        "rotation_mode": "QUATERNION"
      },
      "armature_space": {
        "head": {
          "x": 0.16188138723373413,
          "y": -0.5329285860061646,
          "z": 0.6087504029273987
        },
        "tail": {
          "x": 0.12193898111581802,
          "y": -0.5555647611618042,
          "z": 0.590154767036438
        }
      },
      "world_space": {
        "head": {
          "x": 0.16188138723373413,
          "y": -0.4696846008300781,
          "z": 1.5586044788360596
        },
        "tail": {
          "x": 0.12193898111581802,
          "y": -0.4923207759857178,
          "z": 1.540008783340454
        },
        "rotation_quaternion": {
          "w": 0.014727446250617504,
          "x": 0.7632807493209839,
          "y": -0.5208544731140137,
          "z": 0.38196372985839844
        },
        "matrix": [
          [
            0.16562700271606445,
            -0.8063688278198242,
            0.5677475929260254,
            0.16188138723373413
          ],
          [
            -0.7838654518127441,
            -0.4569857716560364,
            -0.42038002610206604,
            -0.4696846008300781
          ],
          [
            0.5984373092651367,
            -0.3754141926765442,
            -0.7077788710594177,
            1.5586044788360596
          ],
          [
            0.0,
            0.0,
            0.0,
            1.0
          ]
        ]
      },
      "bone_length_armature_space": 0.049533725748666456,
      "parent": "lowerarm_l",
      "has_children": true,
      "is_end_bone": false
    },
    "thumb_01_l": {
      "name": "thumb_01_l",
      "local": {
        "location": {
          "x": 0.0,
          "y": 0.0,
          "z": 0.0
        },
        "rotation_quaternion": {
          "w": 0.9998759031295776,
          "x": -0.014693550765514374,
          "y": 0.005550306290388107,
          "z": -0.0012392099015414715
        },
        "scale": {
          "x": 1.0,
          "y": 1.0,
          "z": 1.0
        },
        "matrix_basis": [
          [
            0.9999353289604187,
            0.0023150048218667507,
            0.011135651730000973,
            0.0
          ],
          [
            -0.0026412196457386017,
            0.9995651245117188,
            0.029369698837399483,
            0.0
          ],
          [
            -0.011062818579375744,
            -0.029397210106253624,
            0.9995065927505493,
            0.0
          ],
          [
            0.0,
            0.0,
            0.0,
            1.0
          ]
        ],
        "rotation_mode": "QUATERNION"
      },
      "armature_space": {
        "head": {
          "x": 0.12193898111581802,
          "y": -0.5555647611618042,
          "z": 0.590154767036438
        },
        "tail": {
          "x": 0.11724165081977844,
          "y": -0.572354257106781,
          "z": 0.5609197616577148
        }
      },
      "world_space": {
        "head": {
          "x": 0.12193898111581802,
          "y": -0.4923207759857178,
          "z": 1.540008783340454
        },
        "tail": {
          "x": 0.11724165081977844,
          "y": -0.5091102719306946,
          "z": 1.510773777961731
        },
        "rotation_quaternion": {
          "w": 0.02636639215052128,
          "x": 0.09220225363969803,
          "y": -0.5026735663414001,
          "z": 0.8591408133506775
        },
        "matrix": [
          [
            -0.9816072583198547,
            -0.13800019025802612,
            0.13192129135131836,
            0.12193898111581802
          ],
          [
            -0.047389667481184006,
            -0.49324890971183777,
            -0.8685967326164246,
            -0.4923207759857178
          ],
          [
            0.18493781983852386,
            -0.8588786721229553,
            0.47763943672180176,
            1.540008783340454
          ],
          [
            0.0,
            0.0,
            0.0,
            1.0
          ]
        ]
      },
      "bone_length_armature_space": 0.03403876691559295,
      "parent": "metacarpal_thumb_l",
      "has_children": true,
      "is_end_bone": false
    },
    "thumb_02_l": {
      "name": "thumb_02_l",
      "local": {
        "location": {
          "x": 0.0,
          "y": 0.0,
          "z": 0.0
        },
        "rotation_quaternion": {
          "w": 0.9936471581459045,
          "x": 0.11239565908908844,
          "y": -0.003990779165178537,
          "z": -0.004098562058061361
        },
        "scale": {
          "x": 1.0,
          "y": 1.0,
          "z": 1.0
        },
        "matrix_basis": [
          [
            0.9999345541000366,
            0.007247956469655037,
            -0.008852173574268818,
            0.0
          ],
          [
            -0.00904214195907116,
            0.9747008085250854,
            -0.2233305424451828,
            0.0
          ],
          [
            0.007009531371295452,
            0.22339597344398499,
            0.9747025966644287,
            0.0
          ],
          [
            0.0,
            0.0,
            0.0,
            1.0
          ]
        ],
        "rotation_mode": "QUATERNION"
      },
      "armature_space": {
        "head": {
          "x": 0.11724168062210083,
          "y": -0.5723541975021362,
          "z": 0.5609197616577148
        },
        "tail": {
          "x": 0.09241081029176712,
          "y": -0.6028225421905518,
          "z": 0.5691835284233093
        }
      },
      "world_space": {
        "head": {
          "x": 0.11724168062210083,
          "y": -0.5091102123260498,
          "z": 1.510773777961731
        },
        "tail": {
          "x": 0.09241081029176712,
          "y": -0.5395785570144653,
          "z": 1.5190374851226807
        },
        "rotation_quaternion": {
          "w": 0.3282375633716583,
          "x": -0.011849161237478256,
          "y": 0.11386406421661377,
          "z": 0.9376325011253357
        },
        "matrix": [
          [
            -0.7842394709587097,
            -0.6182308197021484,
            0.052528977394104004,
            0.11724168062210083
          ],
          [
            0.6128342151641846,
            -0.7585902214050293,
            0.22130422294139862,
            -0.5091102123260498
          ],
          [
            -0.09696927666664124,
            0.20574790239334106,
            0.973796010017395,
            1.510773777961731
          ],
          [
            0.0,
            0.0,
            0.0,
            1.0
          ]
        ]
      },
      "bone_length_armature_space": 0.04016443683923875,
      "parent": "thumb_01_l",
      "has_children": true,
      "is_end_bone": false
    },
    "thumb_03_l": {
      "name": "thumb_03_l",
      "local": {
        "location": {
          "x": 0.0,
          "y": 0.0,
          "z": 0.0
        },
        "rotation_quaternion": {
          "w": 0.9968065023422241,
          "x": 0.0797077938914299,
          "y": -0.0029215782415121794,
          "z": -0.0038908030837774277
        },
        "scale": {
          "x": 1.0,
          "y": 1.0,
          "z": 1.0
        },
        "matrix_basis": [
          [
            0.9999526739120483,
            0.007291010580956936,
            -0.006444750819355249,
            0.0
          ],
          [
            -0.008222500793635845,
            0.9872630834579468,
            -0.15888376533985138,
            0.0
          ],
          [
            0.005204241722822189,
            0.1589292287826538,
            0.9872762560844421,
            0.0
          ],
          [
            0.0,
            0.0,
            0.0,
            1.0
          ]
        ],
        "rotation_mode": "QUATERNION"
      },
      "armature_space": {
        "head": {
          "x": 0.09241079539060593,
          "y": -0.602822482585907,
          "z": 0.5691834092140198
        },
        "tail": {
          "x": 0.07814116775989532,
          "y": -0.622749924659729,
          "z": 0.5872436165809631
        }
      },
      "world_space": {
        "head": {
          "x": 0.09241079539060593,
          "y": -0.5395784974098206,
          "z": 1.5190374851226807
        },
        "tail": {
          "x": 0.07814116775989532,
          "y": -0.5595059394836426,
          "z": 1.537097692489624
        },
        "rotation_quaternion": {
          "w": 0.2136886864900589,
          "x": -0.11669857054948807,
          "y": 0.35646408796310425,
          "z": 0.9020266532897949
        },
        "matrix": [
          [
            -0.8814372420310974,
            -0.4687036871910095,
            -0.05818463861942291,
            0.09241079539060593
          ],
          [
            0.3023090362548828,
            -0.6545407176017761,
            0.6929545998573303,
            -0.5395784974098206
          ],
          [
            -0.3628767430782318,
            0.5932097434997559,
            0.7186352610588074,
            1.5190374851226807
          ],
          [
            0.0,
            0.0,
            0.0,
            1.0
          ]
        ]
      },
      "bone_length_armature_space": 0.030444971497057372,
      "parent": "thumb_02_l",
      "has_children": false,
      "is_end_bone": true
    },
    "metacarpal_index_l": {
      "name": "metacarpal_index_l",
      "local": {
        "location": {
          "x": 0.0,
          "y": 0.0,
          "z": 0.0
        },
        "rotation_quaternion": {
          "w": 0.9990552663803101,
          "x": -0.04344719648361206,
          "y": 0.00038133241469040513,
          "z": 0.0009064274490810931
        },
        "scale": {
          "x": 1.0,
          "y": 1.0,
          "z": 1.0
        },
        "matrix_basis": [
          [
            0.9999980926513672,
            -0.0018442778382450342,
            0.0006831808714196086,
            0.0
          ],
          [
            0.0017780065536499023,
            0.9962230324745178,
            0.08681299537420273,
            0.0
          ],
          [
            -0.0008407077984884381,
            -0.0868116095662117,
            0.9962244033813477,
            0.0
          ],
          [
            0.0,
            0.0,
            0.0,
            1.0
          ]
        ],
        "rotation_mode": "QUATERNION"
      },
      "armature_space": {
        "head": {
          "x": 0.16188138723373413,
          "y": -0.5329285860061646,
          "z": 0.6087504029273987
        },
        "tail": {
          "x": 0.07716944068670273,
          "y": -0.6133437752723694,
          "z": 0.5994492173194885
        }
      },
      "world_space": {
        "head": {
          "x": 0.16188138723373413,
          "y": -0.4696846008300781,
          "z": 1.5586044788360596
        },
        "tail": {
          "x": 0.07716944068670273,
          "y": -0.550099790096283,
          "z": 1.5493032932281494
        },
        "rotation_quaternion": {
          "w": 0.0037010004743933678,
          "x": -0.9136438965797424,
          "y": 0.3960246443748474,
          "z": -0.09168312698602676
        },
        "matrix": [
          [
            0.6695175170898438,
            -0.7229725122451782,
            0.17046286165714264,
            0.16188138723373413
          ],
          [
            -0.7243295311927795,
            -0.6863017678260803,
            -0.06585565209388733,
            -0.4696846008300781
          ],
          [
            0.1646011918783188,
            -0.0793808177113533,
            -0.9831679463386536,
            1.5586044788360596
          ],
          [
            0.0,
            0.0,
            0.0,
            1.0
          ]
        ]
      },
      "bone_length_armature_space": 0.1171717895839893,
      "parent": "lowerarm_l",
      "has_children": true,
      "is_end_bone": false
    },
    "index_01_l": {
      "name": "index_01_l",
      "local": {
        "location": {
          "x": 0.0,
          "y": 0.0,
          "z": 0.0
        },
        "rotation_quaternion": {
          "w": 0.9953374862670898,
          "x": -0.09382089972496033,
          "y": -0.021269479766488075,
          "z": -0.0069724260829389095
        },
        "scale": {
          "x": 1.0,
          "y": 1.0,
          "z": 1.0
        },
        "matrix_basis": [
          [
            0.9989979863166809,
            0.01787087693810463,
            -0.041032303124666214,
            0.0
          ],
          [
            -0.009888790547847748,
            0.9822980761528015,
            0.18706351518630981,
            0.0
          ],
          [
            0.043648939579725266,
            -0.18647031486034393,
            0.9814904928207397,
            0.0
          ],
          [
            0.0,
            0.0,
            0.0,
            1.0
          ]
        ],
        "rotation_mode": "QUATERNION"
      },
      "armature_space": {
        "head": {
          "x": 0.07716944068670273,
          "y": -0.6133437752723694,
          "z": 0.5994492173194885
        },
        "tail": {
          "x": 0.06397742033004761,
          "y": -0.6371632218360901,
          "z": 0.6079153418540955
        }
      },
      "world_space": {
        "head": {
          "x": 0.07716944068670273,
          "y": -0.550099790096283,
          "z": 1.5493032932281494
        },
        "tail": {
          "x": 0.06397742033004761,
          "y": -0.5739192366600037,
          "z": 1.5577692985534668
        },
        "rotation_quaternion": {
          "w": 0.16422942280769348,
          "x": 0.9572305679321289,
          "y": -0.2352752834558487,
          "z": 0.0372009314596653
        },
        "matrix": [
          [
            0.886523425579071,
            -0.4626445472240448,
            -0.0060589611530303955,
            0.07716944068670273
          ],
          [
            -0.43820658326148987,
            -0.8353484272956848,
            -0.3319162130355835,
            -0.550099790096283
          ],
          [
            0.14849843084812164,
            0.29690787196159363,
            -0.9432963728904724,
            1.5493032932281494
          ],
          [
            0.0,
            0.0,
            0.0,
            1.0
          ]
        ]
      },
      "bone_length_armature_space": 0.028514394214070975,
      "parent": "metacarpal_index_l",
      "has_children": true,
      "is_end_bone": false
    },
    "index_02_l": {
      "name": "index_02_l",
      "local": {
        "location": {
          "x": 0.0,
          "y": 0.0,
          "z": 0.0
        },
        "rotation_quaternion": {
          "w": 0.9990593194961548,
          "x": 0.0421859435737133,
          "y": 0.007541654631495476,
          "z": 0.0066362409852445126
        },
        "scale": {
          "x": 1.0,
          "y": 1.0,
          "z": 1.0
        },
        "matrix_basis": [
          [
            0.9997981786727905,
            -0.012623692862689495,
            0.015629032626748085,
            0.0
          ],
          [
            0.013896300457417965,
            0.9963526129722595,
            -0.0841924250125885,
            0.0
          ],
          [
            -0.014509208500385284,
            0.08439261466264725,
            0.9963269233703613,
            0.0
          ],
          [
            0.0,
            0.0,
            0.0,
            1.0
          ]
        ],
        "rotation_mode": "QUATERNION"
      },
      "armature_space": {
        "head": {
          "x": 0.06397703289985657,
          "y": -0.637163519859314,
          "z": 0.6079151630401611
        },
        "tail": {
          "x": 0.05241009220480919,
          "y": -0.6591270565986633,
          "z": 0.6143881678581238
        }
      },
      "world_space": {
        "head": {
          "x": 0.06397703289985657,
          "y": -0.5739195346832275,
          "z": 1.5577691793441772
        },
        "tail": {
          "x": 0.05241009220480919,
          "y": -0.5958830714225769,
          "z": 1.5642421245574951
        },
        "rotation_quaternion": {
          "w": 0.13510529696941376,
          "x": 0.9632186889648438,
          "y": -0.23165099322795868,
          "z": 0.01715025305747986
        },
        "matrix": [
          [
            0.8920875191688538,
            -0.45089542865753174,
            -0.02955598011612892,
            0.06397703289985657
          ],
          [
            -0.44162705540657043,
            -0.8561687469482422,
            -0.2682180404663086,
            -0.5739195346832275
          ],
          [
            0.09563357383012772,
            0.2523276209831238,
            -0.9629117250442505,
            1.5577691793441772
          ],
          [
            0.0,
            0.0,
            0.0,
            1.0
          ]
        ]
      },
      "bone_length_armature_space": 0.025653281719860054,
      "parent": "index_01_l",
      "has_children": true,
      "is_end_bone": false
    },
    "index_03_l": {
      "name": "index_03_l",
      "local": {
        "location": {
          "x": 0.0,
          "y": 0.0,
          "z": 0.0
        },
        "rotation_quaternion": {
          "w": 0.999163031578064,
          "x": 0.04081512987613678,
          "y": 0.001964788418263197,
          "z": -0.0018902195151895285
        },
        "scale": {
          "x": 1.0,
          "y": 1.0,
          "z": 1.0
        },
        "matrix_basis": [
          [
            0.9999851584434509,
            0.0039376611821353436,
            0.003771988907828927,
            0.0
          ],
          [
            -0.003616888774558902,
            0.9966611266136169,
            -0.0815693661570549,
            0.0
          ],
          [
            -0.004080587066709995,
            0.08155450969934464,
            0.9966605305671692,
            0.0
          ],
          [
            0.0,
            0.0,
            0.0,
            1.0
          ]
        ],
        "rotation_mode": "QUATERNION"
      },
      "armature_space": {
        "head": {
          "x": 0.05241008102893829,
          "y": -0.6591269373893738,
          "z": 0.6143882870674133
        },
        "tail": {
          "x": 0.041946858167648315,
          "y": -0.686267077922821,
          "z": 0.6171571612358093
        }
      },
      "world_space": {
        "head": {
          "x": 0.05241008102893829,
          "y": -0.5958829522132874,
          "z": 1.5642423629760742
        },
        "tail": {
          "x": 0.041946858167648315,
          "y": -0.6230230927467346,
          "z": 1.5670111179351807
        },
        "rotation_quaternion": {
          "w": 0.060256972908973694,
          "x": 0.9798837900161743,
          "y": -0.1787128746509552,
          "z": 0.06525927782058716
        },
        "matrix": [
          [
            0.9276060461997986,
            -0.35810041427612305,
            0.10635551810264587,
            0.05241008102893829
          ],
          [
            -0.34237101674079895,
            -0.9288617372512817,
            -0.1414155662059784,
            -0.5958829522132874
          ],
          [
            0.14943119883537292,
            0.09476468712091446,
            -0.9842275381088257,
            1.5642423629760742
          ],
          [
            0.0,
            0.0,
            0.0,
            1.0
          ]
        ]
      },
      "bone_length_armature_space": 0.029218708288323063,
      "parent": "index_02_l",
      "has_children": false,
      "is_end_bone": true
    },
    "metacarpal_pinky_l": {
      "name": "metacarpal_pinky_l",
      "local": {
        "location": {
          "x": 0.0,
          "y": 0.0,
          "z": 0.0
        },
        "rotation_quaternion": {
          "w": 0.9999188780784607,
          "x": -0.007507420610636473,
          "y": -0.009275968186557293,
          "z": 0.004467615857720375
        },
        "scale": {
          "x": 1.0,
          "y": 1.0,
          "z": 1.0
        },
        "matrix_basis": [
          [
            0.9997879862785339,
            -0.008795229718089104,
            -0.01861751265823841,
            0.0
          ],
          [
            0.00907378364354372,
            0.9998473525047302,
            0.014930739998817444,
            0.0
          ],
          [
            0.018483350053429604,
            -0.015096506103873253,
            0.9997152090072632,
            0.0
          ],
          [
            0.0,
            0.0,
            0.0,
            1.0
          ]
        ],
        "rotation_mode": "QUATERNION"
      },
      "armature_space": {
        "head": {
          "x": 0.16188138723373413,
          "y": -0.5329285860061646,
          "z": 0.6087504029273987
        },
        "tail": {
          "x": 0.12642888724803925,
          "y": -0.6257904171943665,
          "z": 0.6397830843925476
        }
      },
      "world_space": {
        "head": {
          "x": 0.16188138723373413,
          "y": -0.4696846008300781,
          "z": 1.5586044788360596
        },
        "tail": {
          "x": 0.12642888724803925,
          "y": -0.56254643201828,
          "z": 1.589637041091919
        },
        "rotation_quaternion": {
          "w": 0.08714240044355392,
          "x": -0.43854793906211853,
          "y": 0.2156752198934555,
          "z": 0.8680819272994995
        },
        "matrix": [
          [
            -0.6001643538475037,
            -0.3404613137245178,
            -0.7238020896911621,
            0.16188138723373413
          ],
          [
            -0.037874262779951096,
            -0.8917811512947083,
            0.45087966322898865,
            -0.4696846008300781
          ],
          [
            -0.7989852428436279,
            0.29801657795906067,
            0.52232426404953,
            1.5586044788360596
          ],
          [
            0.0,
            0.0,
            0.0,
            1.0
          ]
        ]
      },
      "bone_length_armature_space": 0.10413081553664935,
      "parent": "lowerarm_l",
      "has_children": true,
      "is_end_bone": false
    },
    "pinky_01_l": {
      "name": "pinky_01_l",
      "local": {
        "location": {
          "x": 0.0,
          "y": 0.0,
          "z": 0.0
        },
        "rotation_quaternion": {
          "w": 0.9938461184501648,
          "x": -0.10872487723827362,
          "y": -0.02117130346596241,
          "z": 0.0008323573274537921
        },
        "scale": {
          "x": 1.0,
          "y": 1.0,
          "z": 1.0
        },
        "matrix_basis": [
          [
            0.9991021752357483,
            0.00294922455213964,
            -0.042263031005859375,
            0.0
          ],
          [
            0.006258164998143911,
            0.9763563871383667,
            0.2160763442516327,
            0.0
          ],
          [
            0.04190104082226753,
            -0.21614684164524078,
            0.9754613637924194,
            0.0
          ],
          [
            0.0,
            0.0,
            0.0,
            1.0
          ]
        ],
        "rotation_mode": "QUATERNION"
      },
      "armature_space": {
        "head": {
          "x": 0.12642888724803925,
          "y": -0.6257904171943665,
          "z": 0.6397830843925476
        },
