{
  "metadata": {
    "armature_name": "KIM_caucasian_male",
    "export_time": "2026-01-13T21:01:20.611303",
    "blender_version": "4.4.1",
    "bone_count": 56,
    "end_bone_count": 13,
    "spaces_included": [
      "LOCAL_CHANNELS",
      "ARMATURE_SPACE",
      "WORLD_SPACE"
    ],
    "note": "LOCAL matches Transform panel; replay pose via local.matrix_basis for best fidelity."
  },
  "bones": {
    "Root": {
      "name": "Root",
      "local": {
        "location": {
          "x": 0.0,
          "y": 0.0,
          "z": 0.0
        },
        "rotation_quaternion": {
          "w": 0.9995893239974976,
          "x": -0.014989187940955162,
          "y": 0.0016941963694989681,
          "z": 0.024366093799471855
        },
        "scale": {
          "x": 1.0,
          "y": 1.0,
          "z": 1.0
        },
        "matrix_basis": [
          [
            0.9988068342208862,
            -0.048762962222099304,
            0.0026565452571958303,
            0.0
          ],
          [
            0.04866138473153114,
            0.9983632564544678,
            0.03004862554371357,
            0.0
          ],
          [
            -0.0041174571961164474,
            -0.029883502051234245,
            0.9995449185371399,
            0.0
          ],
          [
            0.0,
            0.0,
            0.0,
            1.0
          ]
        ],
        "rotation_mode": "QUATERNION"
      },
      "armature_space": {
        "head": {
          "x": 0.0,
          "y": 0.07072800397872925,
          "z": -0.009595036506652832
        },
        "tail": {
          "x": -0.0034804989118129015,
          "y": 0.00040250271558761597,
          "z": 0.0020979102700948715
        }
      },
      "world_space": {
        "head": {
          "x": 0.0,
          "y": 0.13397200405597687,
          "z": 0.9402589797973633
        },
        "tail": {
          "x": -0.0034804989118129015,
          "y": 0.06364650279283524,
          "z": 0.9519519209861755
        },
        "rotation_quaternion": {
          "w": 0.08229512721300125,
          "x": 0.9963086843490601,
          "y": -0.024196604266762733,
          "z": 0.0033318425994366407
        },
        "matrix": [
          [
            0.9988068342208862,
            -0.048762962222099304,
            0.0026565452571958303,
            0.0
          ],
          [
            -0.04766618460416794,
            -0.9852840304374695,
            -0.1641443967819214,
            0.13397200405597687
          ],
          [
            0.010621647350490093,
            0.16382212936878204,
            -0.9864398241043091,
            0.9402589797973633
          ],
          [
            0.0,
            0.0,
            0.0,
            1.0
          ]
        ]
      },
      "bone_length_armature_space": 0.07137587259592679,
      "parent": null,
      "has_children": true,
      "is_end_bone": false
    },
    "spine_01": {
      "name": "spine_01",
      "local": {
        "location": {
          "x": 0.0,
          "y": 0.0,
          "z": 0.0
        },
        "rotation_quaternion": {
          "w": 0.997424840927124,
          "x": 0.04712054878473282,
          "y": 0.054017093032598495,
          "z": -0.002385413972660899
        },
        "scale": {
          "x": 1.0,
          "y": 1.0,
          "z": 1.0
        },
        "matrix_basis": [
          [
            0.9941529035568237,
            0.009849172085523605,
            0.10753117501735687,
            0.0
          ],
          [
            0.00033208783133886755,
            0.9955479502677917,
            -0.09425611793994904,
            0.0
          ],
          [
            -0.10798078775405884,
            0.09374070912599564,
            0.9897236227989197,
            0.0
          ],
          [
            0.0,
            0.0,
            0.0,
            1.0
          ]
        ],
        "rotation_mode": "QUATERNION"
      },
      "armature_space": {
        "head": {
          "x": -0.0034804989118129015,
          "y": 0.00040250271558761597,
          "z": 0.0020979102700948715
        },
        "tail": {
          "x": -0.00426082219928503,
          "y": -0.008056800812482834,
          "z": 0.49002861976623535
        }
      },
      "world_space": {
        "head": {
          "x": -0.0034804989118129015,
          "y": 0.06364650279283524,
          "z": 0.9519519209861755
        },
        "tail": {
          "x": -0.00426082219928503,
          "y": 0.055187199264764786,
          "z": 1.4398826360702515
        },
        "rotation_quaternion": {
          "w": 0.7006500363349915,
          "x": 0.7128686308860779,
          "y": 0.020542891696095467,
          "z": 0.02204223908483982
        },
        "matrix": [
          [
            0.9981842041015625,
            -0.0015990189276635647,
            0.06021316349506378,
            -0.0034804989118129015
          ],
          [
            0.06017652899026871,
            -0.017334595322608948,
            -0.9980372786521912,
            0.06364650279283524
          ],
          [
            0.002639719285070896,
            0.9998555183410645,
            -0.01720794290304184,
            0.9519519209861755
          ],
          [
            0.0,
            0.0,
            0.0,
            1.0
          ]
        ]
      },
      "bone_length_armature_space": 0.4880046696033995,
      "parent": "Root",
      "has_children": true,
      "is_end_bone": false
    },
    "neck_01": {
      "name": "neck_01",
      "local": {
        "location": {
          "x": 0.0,
          "y": 0.0,
          "z": 0.0
        },
        "rotation_quaternion": {
          "w": 0.9970043897628784,
          "x": 0.01592162251472473,
          "y": -0.06557659804821014,
          "z": -0.037797119468450546
        },
        "scale": {
          "x": 1.0,
          "y": 1.0,
          "z": 1.0
        },
        "matrix_basis": [
          [
            0.9885421991348267,
            0.07327961921691895,
            -0.13196389377117157,
            0.0
          ],
          [
            -0.07745596021413803,
            0.9966357350349426,
            -0.026790641248226166,
            0.0
          ],
          [
            0.12955673038959503,
            0.03670506924390793,
            0.9908924102783203,
            0.0
          ],
          [
            0.0,
            0.0,
            0.0,
            1.0
          ]
        ],
        "rotation_mode": "QUATERNION"
      },
      "armature_space": {
        "head": {
          "x": -0.002289680764079094,
          "y": -0.04393838718533516,
          "z": 0.5626397728919983
        },
        "tail": {
          "x": 0.007601620629429817,
          "y": -0.08732713758945465,
          "z": 0.6549994945526123
        }
      },
      "world_space": {
        "head": {
          "x": -0.002289680764079094,
          "y": 0.01930561289191246,
          "z": 1.5124938488006592
        },
        "tail": {
          "x": 0.007601620629429817,
          "y": -0.02408313751220703,
          "z": 1.6048535108566284
        },
        "rotation_quaternion": {
          "w": 0.536660373210907,
          "x": 0.8415005207061768,
          "y": 0.019675705581903458,
          "z": -0.0590374581515789
        },
        "matrix": [
          [
            0.992254912853241,
            0.09648041427135468,
            -0.07824121415615082,
            -0.002289680764079094
          ],
          [
            -0.030251435935497284,
            -0.4232167899608612,
            -0.9055234789848328,
            0.01930561289191246
          ],
          [
            -0.12047913670539856,
            0.9008827805519104,
            -0.41702401638031006,
            1.5124938488006592
          ],
          [
            0.0,
            0.0,
            0.0,
            1.0
          ]
        ]
      },
      "bone_length_armature_space": 0.10252189701877526,
      "parent": "spine_01",
      "has_children": true,
      "is_end_bone": false
    },
    "head": {
      "name": "head",
      "local": {
        "location": {
          "x": 0.0,
          "y": 0.0,
          "z": 0.0
        },
        "rotation_quaternion": {
          "w": 0.9978231191635132,
          "x": -0.009089532308280468,
          "y": 0.06353247165679932,
          "z": -0.015173069201409817
        },
        "scale": {
          "x": 1.0,
          "y": 1.0,
          "z": 1.0
        },
        "matrix_basis": [
          [
            0.9914668202400208,
            0.029125116765499115,
            0.12706416845321655,
            0.0
          ],
          [
            -0.0314350388944149,
            0.9993743300437927,
            0.016211526468396187,
            0.0
          ],
          [
            -0.12651251256465912,
            -0.020067455247044563,
            0.9917619824409485,
            0.0
          ],
          [
            0.0,
            0.0,
            0.0,
            1.0
          ]
        ],
        "rotation_mode": "QUATERNION"
      },
      "armature_space": {
        "head": {
          "x": 0.00760160107165575,
          "y": -0.0873272493481636,
          "z": 0.6549993753433228
        },
        "tail": {
          "x": 0.03044068068265915,
          "y": -0.09479419142007828,
          "z": 0.8082179427146912
        }
      },
      "world_space": {
        "head": {
          "x": 0.00760160107165575,
          "y": -0.024083249270915985,
          "z": 1.6048533916473389
        },
        "tail": {
          "x": 0.03044068068265915,
          "y": -0.03155019134283066,
          "z": 1.7580718994140625
        },
        "rotation_quaternion": {
          "w": 0.684768557548523,
          "x": 0.7236799001693726,
          "y": 0.0837789997458458,
          "z": -0.01898796856403351
        },
        "matrix": [
          [
            0.9852409958839417,
            0.14726318418979645,
            0.08725699782371521,
            0.00760160107165575
          ],
          [
            0.0952545553445816,
            -0.04814580827951431,
            -0.9942880868911743,
            -0.024083249270915985
          ],
          [
            -0.1422218531370163,
            0.9879319071769714,
            -0.061464086174964905,
            1.6048533916473389
          ],
          [
            0.0,
            0.0,
            0.0,
            1.0
          ]
        ]
      },
      "bone_length_armature_space": 0.1550912921650421,
      "parent": "neck_01",
      "has_children": false,
      "is_end_bone": true
    },
    "upperarm_l": {
      "name": "upperarm_l",
      "local": {
        "location": {
          "x": 0.0,
          "y": 0.0,
          "z": 0.0
        },
        "rotation_quaternion": {
          "w": 0.749407172203064,
          "x": 0.4225393533706665,
          "y": 0.21406422555446625,
          "z": 0.46262943744659424
        },
        "scale": {
          "x": 1.0,
          "y": 1.0,
          "z": 1.0
        },
        "matrix_basis": [
          [
            0.48030102252960205,
            -0.5124945044517517,
            0.7118008136749268,
            0.0
          ],
          [
            0.8742967844009399,
            0.21486899256706238,
            -0.4352432191371918,
            0.0
          ],
          [
            0.07011575251817703,
            0.831372857093811,
            0.5512740015983582,
            0.0
          ],
          [
            0.0,
            0.0,
            0.0,
            1.0
          ]
        ],
        "rotation_mode": "QUATERNION"
      },
      "armature_space": {
        "head": {
          "x": 0.14773744344711304,
          "y": -0.03692975640296936,
          "z": 0.4957827627658844
        },
        "tail": {
          "x": 0.230127215385437,
          "y": -0.25816404819488525,
          "z": 0.6225705146789551
        }
      },
      "world_space": {
        "head": {
          "x": 0.14773744344711304,
          "y": 0.02631424367427826,
          "z": 1.4456367492675781
        },
        "tail": {
          "x": 0.230127215385437,
          "y": -0.19492004811763763,
          "z": 1.5724245309829712
        },
        "rotation_quaternion": {
          "w": 0.28026655316352844,
          "x": 0.9243192672729492,
          "y": 0.09302189201116562,
          "z": -0.2417263239622116
        },
        "matrix": [
          [
            0.8658308982849121,
            0.30745959281921387,
            -0.39472219347953796,
            0.14773744344711304
          ],
          [
            0.03646861016750336,
            -0.8255952000617981,
            -0.5630835294723511,
            0.02631424367427826
          ],
          [
            -0.49900954961776733,
            0.4731425940990448,
            -0.7260438203811646,
            1.4456367492675781
          ],
          [
            0.0,
            0.0,
            0.0,
            1.0
          ]
        ]
      },
      "bone_length_armature_space": 0.2679698115166528,
      "parent": "spine_01",
      "has_children": true,
      "is_end_bone": false
    },
    "lowerarm_l": {
      "name": "lowerarm_l",
      "local": {
        "location": {
          "x": 0.0,
          "y": 0.0,
          "z": 0.0
        },
        "rotation_quaternion": {
          "w": 0.9847108125686646,
          "x": 0.15303687751293182,
          "y": -0.08314831554889679,
          "z": -0.0032730246894061565
        },
        "scale": {
          "x": 1.0,
          "y": 1.0,
          "z": 1.0
        },
        "matrix_basis": [
          [
            0.9861512780189514,
            -0.019003551453351974,
            -0.16475588083267212,
            0.0
          ],
          [
            -0.031895481050014496,
            0.953137993812561,
            -0.3008498549461365,
            0.0
          ],
          [
            0.16275230050086975,
            0.30193841457366943,
            0.939332127571106,
            0.0
          ],
          [
            0.0,
            0.0,
            0.0,
            1.0
          ]
        ],
        "rotation_mode": "QUATERNION"
      },
      "armature_space": {
        "head": {
          "x": 0.23012712597846985,
          "y": -0.2581641376018524,
          "z": 0.6225705742835999
        },
        "tail": {
          "x": 0.2323862910270691,
          "y": -0.520336925983429,
          "z": 0.6757655739784241
        }
      },
      "world_space": {
        "head": {
          "x": 0.23012712597846985,
          "y": -0.1949201375246048,
          "z": 1.5724246501922607
        },
        "tail": {
          "x": 0.2323862910270691,
          "y": -0.45709294080734253,
          "z": 1.625619649887085
        },
        "rotation_quaternion": {
          "w": 0.09397588670253754,
          "x": 0.9196516275405884,
          "y": -0.03421774506568909,
          "z": -0.3797875642776489
        },
        "matrix": [
          [
            0.7091811895370483,
            0.008444681763648987,
            -0.7049758434295654,
            0.23012712597846985
          ],
          [
            -0.1343187689781189,
            -0.9799954891204834,
            -0.14685922861099243,
            -0.1949201375246048
          ],
          [
            -0.6921181082725525,
            0.1988416463136673,
            -0.6938649415969849,
            1.5724246501922607
          ],
          [
            0.0,
            0.0,
            0.0,
            1.0
          ]
        ]
      },
      "bone_length_armature_space": 0.26752454670687414,
      "parent": "upperarm_l",
      "has_children": true,
      "is_end_bone": false
    },
    "metacarpal_thumb_l": {
      "name": "metacarpal_thumb_l",
      "local": {
        "location": {
          "x": 0.0,
          "y": 0.0,
          "z": 0.0
        },
        "rotation_quaternion": {
          "w": 0.9991663694381714,
          "x": -0.035489656031131744,
          "y": 0.019839325919747353,
          "z": 0.0036854390054941177
        },
        "scale": {
          "x": 1.0,
          "y": 1.0,
          "z": 1.0
        },
        "matrix_basis": [
          [
            0.9991856217384338,
            -0.008772915229201317,
            0.039383985102176666,
            0.0
          ],
          [
            0.005956551525741816,
            0.9974538087844849,
            0.07106637209653854,
            0.0
          ],
          [
            -0.03990716487169266,
            -0.0707739070057869,
            0.9966937899589539,
            0.0
          ],
          [
            0.0,
            0.0,
            0.0,
            1.0
          ]
        ],
        "rotation_mode": "QUATERNION"
      },
      "armature_space": {
        "head": {
          "x": 0.2323862910270691,
          "y": -0.520336925983429,
          "z": 0.6757655739784241
        },
        "tail": {
          "x": 0.2157951146364212,
          "y": -0.5639790296554565,
          "z": 0.6592220067977905
        }
      },
      "world_space": {
        "head": {
          "x": 0.2323862910270691,
          "y": -0.45709294080734253,
          "z": 1.625619649887085
        },
        "tail": {
          "x": 0.2157951146364212,
          "y": -0.5007350444793701,
          "z": 1.6090760231018066
        },
        "rotation_quaternion": {
          "w": 0.08813155442476273,
          "x": -0.8878010511398315,
          "y": 0.22738340497016907,
          "z": -0.39030611515045166
        },
        "matrix": [
          [
            0.5919154286384583,
            -0.3349473476409912,
            0.7331074476242065,
            0.2323862910270691
          ],
          [
            -0.4725392162799835,
            -0.8810592293739319,
            -0.02101345732808113,
            -0.45709294080734253
          ],
          [
            0.6529535055160522,
            -0.33398690819740295,
            -0.6797930002212524,
            1.625619649887085
          ],
          [
            0.0,
            0.0,
            0.0,
            1.0
          ]
        ]
      },
      "bone_length_armature_space": 0.04953372604244438,
      "parent": "lowerarm_l",
      "has_children": true,
      "is_end_bone": false
    },
    "thumb_01_l": {
      "name": "thumb_01_l",
      "local": {
        "location": {
          "x": 0.0,
          "y": 0.0,
          "z": 0.0
        },
        "rotation_quaternion": {
          "w": 0.9640325903892517,
          "x": 0.2657540440559387,
          "y": -0.0009582183556631207,
          "z": -0.0038865271490067244
        },
        "scale": {
          "x": 1.0,
          "y": 1.0,
          "z": 1.0
        },
        "matrix_basis": [
          [
            0.9999679327011108,
            0.00698417704552412,
            -0.0039132279343903065,
            0.0
          ],
          [
            -0.008002778515219688,
            0.8587193489074707,
            -0.5123836994171143,
            0.0
          ],
          [
            -0.00021821317204739898,
            0.5123985409736633,
            0.8587477207183838,
            0.0
          ],
          [
            0.0,
            0.0,
            0.0,
            1.0
          ]
        ],
        "rotation_mode": "QUATERNION"
      },
      "armature_space": {
        "head": {
          "x": 0.2157951146364212,
          "y": -0.5639790296554565,
          "z": 0.6592220067977905
        },
        "tail": {
          "x": 0.23382756114006042,
          "y": -0.5894129276275635,
          "z": 0.6455627679824829
        }
      },
      "world_space": {
        "head": {
          "x": 0.2157951146364212,
          "y": -0.5007350444793701,
          "z": 1.6090760231018066
        },
        "tail": {
          "x": 0.23382756114006042,
          "y": -0.526168942451477,
          "z": 1.595416784286499
        },
        "rotation_quaternion": {
          "w": 0.3173130750656128,
          "x": -0.16769401729106903,
          "y": 0.160337433218956,
          "z": -0.9195016026496887
        },
        "matrix": [
          [
            -0.742381751537323,
            0.5297648906707764,
            0.410144567489624,
            0.2157951146364212
          ],
          [
            -0.6373153328895569,
            -0.747208833694458,
            -0.18843677639961243,
            -0.5007350444793701
          ],
          [
            0.20663727819919586,
            -0.40128690004348755,
            0.8923475742340088,
            1.6090760231018066
          ],
          [
            0.0,
            0.0,
            0.0,
            1.0
          ]
        ]
      },
      "bone_length_armature_space": 0.034038611675649026,
      "parent": "metacarpal_thumb_l",
      "has_children": true,
      "is_end_bone": false
    },
    "thumb_02_l": {
      "name": "thumb_02_l",
      "local": {
        "location": {
          "x": 0.0,
          "y": 0.0,
          "z": 0.0
        },
        "rotation_quaternion": {
          "w": 0.8809841871261597,
          "x": 0.4731042981147766,
          "y": 0.004510834813117981,
          "z": 0.004346066620200872
        },
        "scale": {
          "x": 1.0,
          "y": 1.0,
          "z": 1.0
        },
        "matrix_basis": [
          [
            0.9999215006828308,
            -0.0033894411753863096,
            0.012060234323143959,
            0.0
          ],
          [
            0.01192582305520773,
            0.5523068904876709,
            -0.8335555791854858,
            0.0
          ],
          [
            -0.0038356627337634563,
            0.8336340188980103,
            0.5523039698600769,
            0.0
          ],
          [
            0.0,
            0.0,
            0.0,
            1.0
          ]
        ],
        "rotation_mode": "QUATERNION"
      },
      "armature_space": {
        "head": {
          "x": 0.23382756114006042,
          "y": -0.5894129276275635,
          "z": 0.6455627083778381
        },
        "tail": {
          "x": 0.21840976178646088,
          "y": -0.5957032442092896,
          "z": 0.682112991809845
        }
      },
      "world_space": {
        "head": {
          "x": 0.23382756114006042,
          "y": -0.526168942451477,
          "z": 1.595416784286499
        },
        "tail": {
          "x": 0.21840976178646088,
          "y": -0.5324592590332031,
          "z": 1.6319670677185059
        },
        "rotation_quaternion": {
          "w": 0.038949962705373764,
          "x": -0.25300586223602295,
          "y": 0.6482101082801819,
          "z": 0.7171432971954346
        },
        "matrix": [
          [
            -0.8689426779747009,
            -0.383867084980011,
            -0.31238558888435364,
            0.23382756114006042
          ],
          [
            -0.27213430404663086,
            -0.15661367774009705,
            0.9494289755821228,
            -0.526168942451477
          ],
          [
            -0.41338157653808594,
            0.9100164175033569,
            0.031625956296920776,
            1.595416784286499
          ],
          [
            0.0,
            0.0,
            0.0,
            1.0
          ]
        ]
      },
      "bone_length_armature_space": 0.04016465893371023,
      "parent": "thumb_01_l",
      "has_children": true,
      "is_end_bone": false
    },
    "thumb_03_l": {
      "name": "thumb_03_l",
      "local": {
        "location": {
          "x": 0.0,
          "y": 0.0,
          "z": 0.0
        },
        "rotation_quaternion": {
          "w": 0.9865944385528564,
          "x": 0.1631251871585846,
          "y": -0.004495982546359301,
          "z": 0.0011773330625146627
        },
        "scale": {
          "x": 1.0,
          "y": 1.0,
          "z": 1.0
        },
        "matrix_basis": [
          [
            0.9999567866325378,
            -0.0037899164017289877,
            -0.008487317711114883,
            0.0
          ],
          [
            0.0008562845177948475,
            0.9467775821685791,
            -0.32188740372657776,
            0.0
          ],
          [
            0.009255528450012207,
            0.3218662142753601,
            0.946739912033081,
            0.0
          ],
          [
            0.0,
            0.0,
            0.0,
            1.0
          ]
        ],
        "rotation_mode": "QUATERNION"
      },
      "armature_space": {
        "head": {
          "x": 0.21840974688529968,
          "y": -0.5957033038139343,
          "z": 0.6821129322052002
        },
        "tail": {
          "x": 0.20426948368549347,
          "y": -0.5835863351821899,
          "z": 0.7061988711357117
        }
      },
      "world_space": {
        "head": {
          "x": 0.21840974688529968,
          "y": -0.5324593186378479,
          "z": 1.6319669485092163
        },
        "tail": {
          "x": 0.20426948368549347,
          "y": -0.5203423500061035,
          "z": 1.656052827835083
        },
        "rotation_quaternion": {
          "w": 0.07433199137449265,
          "x": 0.31872767210006714,
          "y": -0.832750678062439,
          "z": -0.4465576708316803
        },
        "matrix": [
          [
            -0.7857738733291626,
            -0.464454710483551,
            -0.4084622859954834,
            0.21840974688529968
          ],
          [
            -0.5972301959991455,
            0.3979976177215576,
            0.6963580250740051,
            -0.5324593186378479
          ],
          [
            -0.16086141765117645,
            0.7911316752433777,
            -0.5901260375976562,
            1.6319669485092163
          ],
          [
            0.0,
            0.0,
            0.0,
            1.0
          ]
        ]
      },
      "bone_length_armature_space": 0.030445039608324963,
      "parent": "thumb_02_l",
      "has_children": false,
      "is_end_bone": true
    },
    "metacarpal_index_l": {
      "name": "metacarpal_index_l",
      "local": {
        "location": {
          "x": 0.0,
          "y": 0.0,
          "z": 0.0
        },
        "rotation_quaternion": {
          "w": 0.9998927712440491,
          "x": 0.01052557397633791,
          "y": -0.0014067224692553282,
          "z": -0.010084802284836769
        },
        "scale": {
          "x": 1.0,
          "y": 1.0,
          "z": 1.0
        },
        "matrix_basis": [
          [
            0.9997926354408264,
            0.020137827843427658,
            -0.0030254400335252285,
            0.0
          ],
          [
            -0.020197054371237755,
            0.9995750188827515,
            -0.021020516753196716,
            0.0
          ],
          [
            0.002600846579298377,
            0.021077264100313187,
            0.9997744560241699,
            0.0
          ],
          [
            0.0,
            0.0,
            0.0,
            1.0
          ]
        ],
        "rotation_mode": "QUATERNION"
      },
      "armature_space": {
        "head": {
          "x": 0.2323862910270691,
          "y": -0.520336925983429,
          "z": 0.6757655739784241
        },
        "tail": {
          "x": 0.21507465839385986,
          "y": -0.6358926892280579,
          "z": 0.6670253276824951
        }
      },
      "world_space": {
        "head": {
          "x": 0.2323862910270691,
          "y": -0.45709294080734253,
          "z": 1.625619649887085
        },
        "tail": {
          "x": 0.21507465839385986,
          "y": -0.5726487040519714,
          "z": 1.6168793439865112
        },
        "rotation_quaternion": {
          "w": 0.030325191095471382,
          "x": -0.992173969745636,
          "y": 0.07730554044246674,
          "z": -0.09324714541435242
        },
        "matrix": [
          [
            0.9706577062606812,
            -0.1477457582950592,
            0.1897234171628952,
            0.2323862910270691
          ],
          [
            -0.15905649960041046,
            -0.9862086772918701,
            0.04575808346271515,
            -0.45709294080734253
          ],
          [
            0.18034744262695312,
            -0.0745936930179596,
            -0.9807775020599365,
            1.625619649887085
          ],
          [
            0.0,
            0.0,
            0.0,
            1.0
          ]
        ]
      },
      "bone_length_armature_space": 0.11717175015270744,
      "parent": "lowerarm_l",
      "has_children": true,
      "is_end_bone": false
    },
    "index_01_l": {
      "name": "index_01_l",
      "local": {
        "location": {
          "x": 0.0,
          "y": 0.0,
          "z": 0.0
        },
        "rotation_quaternion": {
          "w": 0.9499505758285522,
          "x": 0.3117024302482605,
          "y": -0.019439339637756348,
          "z": -0.00759091367945075
        },
        "scale": {
          "x": 1.0,
          "y": 1.0,
          "z": 1.0
        },
        "matrix_basis": [
          [
            0.9991289973258972,
            0.0023034068290144205,
            -0.04166503623127937,
            0.0
          ],
          [
            -0.026540564373135567,
            0.8055679202079773,
            -0.5919086933135986,
            0.0
          ],
          [
            0.032200612127780914,
            0.5924989581108093,
            0.804927408695221,
            0.0
          ],
          [
            0.0,
            0.0,
            0.0,
            1.0
          ]
        ],
        "rotation_mode": "QUATERNION"
      },
      "armature_space": {
        "head": {
          "x": 0.21507465839385986,
          "y": -0.6358926892280579,
          "z": 0.6670253276824951
        },
        "tail": {
          "x": 0.22286991775035858,
          "y": -0.6597358584403992,
          "z": 0.6534676551818848
        }
      },
      "world_space": {
        "head": {
          "x": 0.21507465839385986,
          "y": -0.5726487040519714,
          "z": 1.6168793439865112
        },
        "tail": {
          "x": 0.22286991775035858,
          "y": -0.5964918732643127,
          "z": 1.6033216714859009
        },
        "rotation_quaternion": {
          "w": 0.2558818459510803,
          "x": -0.956593930721283,
          "y": -0.12819719314575195,
          "z": -0.054937221109867096
        },
        "matrix": [
          [
            0.9610949158668518,
            0.27338024973869324,
            0.03949795663356781,
            0.21507465839385986
          ],
          [
            0.2171509861946106,
            -0.8361802101135254,
            0.5036351084709167,
            -0.5726487040519714
          ],
          [
            0.17071273922920227,
            -0.4754682183265686,
            -0.8630186319351196,
            1.6168793439865112
          ],
          [
            0.0,
            0.0,
            0.0,
            1.0
          ]
        ]
      },
      "bone_length_armature_space": 0.028514439378750544,
      "parent": "metacarpal_index_l",
      "has_children": true,
      "is_end_bone": false
    },
    "index_02_l": {
      "name": "index_02_l",
      "local": {
        "location": {
          "x": 0.0,
          "y": 0.0,
          "z": 0.0
        },
        "rotation_quaternion": {
          "w": 0.9033763408660889,
          "x": 0.4288121163845062,
          "y": -0.005161592271178961,
          "z": -0.002172586740925908
        },
        "scale": {
          "x": 1.0,
          "y": 1.0,
          "z": 1.0
        },
        "matrix_basis": [
          [
            0.9999372959136963,
            -0.0005013797199353576,
            -0.011188983917236328,
            0.0
          ],
          [
            -0.008352033793926239,
            0.6322308778762817,
            -0.7747350335121155,
            0.0
          ],
          [
            0.007462457753717899,
            0.7747798562049866,
            0.6321870684623718,
            0.0
          ],
          [
            0.0,
            0.0,
            0.0,
            1.0
          ]
        ],
        "rotation_mode": "QUATERNION"
      },
      "armature_space": {
        "head": {
          "x": 0.22286981344223022,
          "y": -0.6597360372543335,
          "z": 0.6534671187400818
        },
        "tail": {
          "x": 0.22749149799346924,
          "y": -0.6643641591072083,
          "z": 0.6286614537239075
        }
      },
      "world_space": {
        "head": {
          "x": 0.22286981344223022,
          "y": -0.5964920520782471,
          "z": 1.6033210754394531
        },
        "tail": {
          "x": 0.22749149799346924,
          "y": -0.6011201739311218,
          "z": 1.5785155296325684
        },
        "rotation_quaternion": {
          "w": 0.6219982504844666,
          "x": -0.7671065330505371,
          "y": -0.15137134492397308,
          "z": 0.04186202213168144
        },
        "matrix": [
          [
            0.950668454170227,
            0.1801597774028778,
            -0.25253164768218994,
            0.22286981344223022
          ],
          [
            0.28431326150894165,
            -0.18041017651557922,
            0.9416041374206543,
            -0.5964920520782471
          ],
          [
            0.12408111989498138,
            -0.9669581651687622,
            -0.22273269295692444,
            1.6033210754394531
          ],
          [
            0.0,
            0.0,
            0.0,
            1.0
          ]
        ]
      },
      "bone_length_armature_space": 0.025653469976442543,
      "parent": "index_01_l",
      "has_children": true,
      "is_end_bone": false
    },
    "index_03_l": {
      "name": "index_03_l",
      "local": {
        "location": {
          "x": 0.0,
          "y": 0.0,
          "z": 0.0
        },
        "rotation_quaternion": {
          "w": 0.924550473690033,
          "x": 0.3810453414916992,
          "y": 0.003126357914879918,
          "z": 0.0011127222096547484
        },
        "scale": {
          "x": 1.0,
          "y": 1.0,
          "z": 1.0
        },
        "matrix_basis": [
          [
            0.9999779462814331,
            0.0003250325389672071,
            0.006628946401178837,
            0.0
          ],
          [
            0.0044401041232049465,
            0.709606409072876,
            -0.7045843601226807,
            0.0
          ],
          [
            -0.004932956304401159,
            0.7045982480049133,
            0.7095893621444702,
            0.0
          ],
          [
            0.0,
            0.0,
            0.0,
            1.0
          ]
        ],
        "rotation_mode": "QUATERNION"
      },
      "armature_space": {
        "head": {
          "x": 0.22749149799346924,
          "y": -0.6643642783164978,
          "z": 0.628661572933197
        },
        "tail": {
          "x": 0.2283324897289276,
          "y": -0.6458207964897156,
          "z": 0.6060967445373535
        }
      },
      "world_space": {
        "head": {
          "x": 0.22749149799346924,
          "y": -0.6011202931404114,
          "z": 1.5785155296325684
        },
        "tail": {
          "x": 0.2283324897289276,
          "y": -0.5825768113136292,
          "z": 1.5559507608413696
        },
        "rotation_quaternion": {
          "w": 0.8918954730033875,
          "x": -0.4239680767059326,
          "y": -0.14779885113239288,
          "z": 0.05412149429321289
        },
        "matrix": [
          [
            0.9504529237747192,
            0.02878245711326599,
            -0.30953341722488403,
            0.22749149799346924
          ],
          [
            0.22186532616615295,
            0.6346438527107239,
            0.7402724027633667,
            -0.6011202931404114
          ],
          [
            0.21775208413600922,
            -0.7722734212875366,
            0.5968180894851685,
            1.5785155296325684
          ],
          [
            0.0,
            0.0,
            0.0,
            1.0
          ]
        ]
      },
      "bone_length_armature_space": 0.029218819822474217,
      "parent": "index_02_l",
      "has_children": false,
      "is_end_bone": true
    },
    "metacarpal_pinky_l": {
      "name": "metacarpal_pinky_l",
      "local": {
        "location": {
          "x": 0.0,
          "y": 0.0,
          "z": 0.0
        },
        "rotation_quaternion": {
          "w": 0.9997581839561462,
          "x": -0.00638213288038969,
          "y": 0.01358678936958313,
          "z": -0.016076670959591866
        },
        "scale": {
          "x": 1.0,
          "y": 1.0,
          "z": 1.0
        },
        "matrix_basis": [
          [
            0.9991138577461243,
            0.031972140073776245,
            0.027372214943170547,
            0.0
          ],
          [
            -0.03231899067759514,
            0.9994016289710999,
            0.012324318289756775,
            0.0
          ],
          [
            -0.026961801573634148,
            -0.01319803949445486,
            0.9995493292808533,
            0.0
          ],
          [
            0.0,
            0.0,
            0.0,
            1.0
          ]
        ],
        "rotation_mode": "QUATERNION"
      },
      "armature_space": {
        "head": {
          "x": 0.2323862910270691,
          "y": -0.520336925983429,
          "z": 0.6757655739784241
        },
        "tail": {
          "x": 0.25556808710098267,
          "y": -0.6144677400588989,
          "z": 0.7137817144393921
        }
      },
      "world_space": {
        "head": {
          "x": 0.2323862910270691,
          "y": -0.45709294080734253,
          "z": 1.625619649887085
        },
        "tail": {
          "x": 0.25556808710098267,
          "y": -0.5512237548828125,
          "z": 1.6636357307434082
        },
        "rotation_quaternion": {
          "w": 0.19305230677127838,
          "x": 0.4935906231403351,
          "y": -0.10366805642843246,
          "z": -0.841636598110199
        },
        "matrix": [
          [
            -0.4381982982158661,
            0.2226221263408661,
            -0.8708741664886475,
            0.2323862910270691
          ],
          [
            -0.4272996783256531,
            -0.9039672613143921,
            -0.016077276319265366,
            -0.45709294080734253
          ],
          [
            -0.7908267974853516,
            0.3650808334350586,
            0.4912464916706085,
            1.625619649887085
          ],
          [
            0.0,
            0.0,
            0.0,
            1.0
          ]
        ]
      },
      "bone_length_armature_space": 0.10413084572188527,
      "parent": "lowerarm_l",
      "has_children": true,
      "is_end_bone": false
    },
    "pinky_01_l": {
      "name": "pinky_01_l",
      "local": {
        "location": {
          "x": 0.0,
          "y": 0.0,
          "z": 0.0
        },
        "rotation_quaternion": {
          "w": 0.9280333518981934,
          "x": 0.3720659017562866,
          "y": 0.017908062785863876,
          "z": -0.0007373761618509889
        },
        "scale": {
          "x": 1.0,
          "y": 1.0,
          "z": 1.0
        },
        "matrix_basis": [
          [
            0.9993575215339661,
            0.014694578014314175,
            0.03268985450267792,
            0.0
          ],
          [
            0.011957339942455292,
            0.723132848739624,
            -0.6906055212020874,
            0.0
          ],
          [
            -0.03378726541996002,
            0.6905527114868164,
            0.722492516040802,
            0.0
          ],
          [
            0.0,
            0.0,
            0.0,
            1.0
          ]
        ],
        "rotation_mode": "QUATERNION"
      },
      "armature_space": {
        "head": {
          "x": 0.25556808710098267,
          "y": -0.6144677400588989,
          "z": 0.7137817144393921
