{
  "metadata": {
    "armature_name": "KIM_caucasian_male",
    "export_time": "2026-01-13T21:04:15.276712",
    "blender_version": "4.4.1",
    "bone_count": 56,
    "end_bone_count": 13,
    "spaces_included": [
      "LOCAL_CHANNELS",
      "ARMATURE_SPACE",
      "WORLD_SPACE"
    ],
    "note": "LOCAL matches Transform panel; replay pose via local.matrix_basis for best fidelity."
  },
  "bones": {
    "Root": {
      "name": "Root",
      "local": {
        "location": {
          "x": 0.0,
          "y": 0.0,
          "z": 0.0
        },
        "rotation_quaternion": {
          "w": 0.9996748566627502,
          "x": 0.014821203425526619,
          "y": -0.010561706498265266,
          "z": -0.01786009781062603
        },
        "scale": {
          "x": 1.0,
          "y": 1.0,
          "z": 1.0
        },
        "matrix_basis": [
          [
            0.9991389513015747,
            0.035395506769418716,
            -0.021645961329340935,
            0.0
          ],
          [
            -0.03602165728807449,
            0.9989227056503296,
            -0.029255501925945282,
            0.0
          ],
          [
            0.020587127655744553,
            0.030010035261511803,
            0.9993375539779663,
            0.0
          ],
          [
            0.0,
            0.0,
            0.0,
            1.0
          ]
        ],
        "rotation_mode": "QUATERNION"
      },
      "armature_space": {
        "head": {
          "x": 0.0,
          "y": 0.07072800397872925,
          "z": -0.009595036506652832
        },
        "tail": {
          "x": 0.002526385011151433,
          "y": -0.00021175295114517212,
          "z": -0.0021329023875296116
        }
      },
      "world_space": {
        "head": {
          "x": 0.0,
          "y": 0.13397200405597687,
          "z": 0.9402589797973633
        },
        "tail": {
          "x": 0.002526385011151433,
          "y": 0.06303224712610245,
          "z": 0.9477211236953735
        },
        "rotation_quaternion": {
          "w": 0.05255821719765663,
          "x": 0.9984022974967957,
          "y": 0.01710800640285015,
          "z": -0.011740908026695251
        },
        "matrix": [
          [
            0.9991389513015747,
            0.035395506769418716,
            -0.021645961329340935,
            0.0
          ],
          [
            0.032927174121141434,
            -0.9938898682594299,
            -0.10535068809986115,
            0.13397200405597687
          ],
          [
            -0.02524278685450554,
            0.10454701632261276,
            -0.9942066073417664,
            0.9402589797973633
          ],
          [
            0.0,
            0.0,
            0.0,
            1.0
          ]
        ]
      },
      "bone_length_armature_space": 0.0713758719492537,
      "parent": null,
      "has_children": true,
      "is_end_bone": false
    },
    "spine_01": {
      "name": "spine_01",
      "local": {
        "location": {
          "x": 0.0,
          "y": 0.0,
          "z": 0.0
        },
        "rotation_quaternion": {
          "w": 0.9999903440475464,
          "x": -0.0029431984294205904,
          "y": -0.0029234495013952255,
          "z": -0.0015013035153970122
        },
        "scale": {
          "x": 1.0,
          "y": 1.0,
          "z": 1.0
        },
        "matrix_basis": [
          [
            0.9999784231185913,
            0.003019786672666669,
            -0.0058380053378641605,
            0.0
          ],
          [
            -0.0029853694140911102,
            0.9999781847000122,
            0.00589511776342988,
            0.0
          ],
          [
            0.005855679977685213,
            -0.005877561867237091,
            0.9999656081199646,
            0.0
          ],
          [
            0.0,
            0.0,
            0.0,
            1.0
          ]
        ],
        "rotation_mode": "QUATERNION"
      },
      "armature_space": {
        "head": {
          "x": 0.002526385011151433,
          "y": -0.00021175295114517212,
          "z": -0.0021329023875296116
        },
        "tail": {
          "x": 0.015944641083478928,
          "y": 0.011248164810240269,
          "z": 0.4855526387691498
        }
      },
      "world_space": {
        "head": {
          "x": 0.002526385011151433,
          "y": 0.06303224712610245,
          "z": 0.9477211236953735
        },
        "tail": {
          "x": 0.015944641083478928,
          "y": 0.07449216395616531,
          "z": 1.4354066848754883
        },
        "rotation_quaternion": {
          "w": 0.7150951027870178,
          "x": 0.6987550258636475,
          "y": 0.019505811855196953,
          "z": -0.00016556648188270628
        },
        "matrix": [
          [
            0.9992390275001526,
            0.027496356517076492,
            0.027665454894304276,
            0.002526385011151433
          ],
          [
            0.027022579684853554,
            0.023483378812670708,
            -0.9993589520454407,
            0.06303224712610245
          ],
          [
            -0.02812858112156391,
            0.9993531107902527,
            0.02272171527147293,
            0.9477211236953735
          ],
          [
            0.0,
            0.0,
            0.0,
            1.0
          ]
        ]
      },
      "bone_length_armature_space": 0.4880046719055359,
      "parent": "Root",
      "has_children": true,
      "is_end_bone": false
    },
    "neck_01": {
      "name": "neck_01",
      "local": {
        "location": {
          "x": 0.0,
          "y": 0.0,
          "z": 0.0
        },
        "rotation_quaternion": {
          "w": 0.9897068738937378,
          "x": -0.0176328644156456,
          "y": 0.017597489058971405,
          "z": -0.14092481136322021
        },
        "scale": {
          "x": 1.0,
          "y": 1.0,
          "z": 1.0
        },
        "matrix_basis": [
          [
            0.959661066532135,
            0.27832791209220886,
            0.03980252891778946,
            0.0
          ],
          [
            -0.2795690894126892,
            0.9596585631370544,
            0.029942888766527176,
            0.0
          ],
          [
            -0.029862895607948303,
            -0.039862580597400665,
            0.9987587928771973,
            0.0
          ],
          [
            0.0,
            0.0,
            0.0,
            1.0
          ]
        ],
        "rotation_mode": "QUATERNION"
      },
      "armature_space": {
        "head": {
          "x": 0.018917331472039223,
          "y": -0.021690625697374344,
          "z": 0.5595117211341858
        },
        "tail": {
          "x": 0.05091256648302078,
          "y": -0.0523669570684433,
          "z": 0.65195631980896
        }
      },
      "world_space": {
        "head": {
          "x": 0.018917331472039223,
          "y": 0.041553374379873276,
          "z": 1.5093657970428467
        },
        "tail": {
          "x": 0.05091256648302078,
          "y": 0.010877043008804321,
          "z": 1.601810336112976
        },
        "rotation_quaternion": {
          "w": 0.574008047580719,
          "x": 0.8029741644859314,
          "y": 0.14458569884300232,
          "z": -0.06958631426095963
        },
        "matrix": [
          [
            0.9485053420066833,
            0.3120836913585663,
            0.05423622578382492,
            0.018917331472039223
          ],
          [
            0.15231245756149292,
            -0.299219012260437,
            -0.9419496059417725,
            0.041553374379873276
          ],
          [
            -0.27774038910865784,
            0.9017109870910645,
            -0.3313482999801636,
            1.5093657970428467
          ],
          [
            0.0,
            0.0,
            0.0,
            1.0
          ]
        ]
      },
      "bone_length_armature_space": 0.10252188356999896,
      "parent": "spine_01",
      "has_children": true,
      "is_end_bone": false
    },
    "head": {
      "name": "head",
      "local": {
        "location": {
          "x": 0.0,
          "y": 0.0,
          "z": 0.0
        },
        "rotation_quaternion": {
          "w": 0.9876021146774292,
          "x": -0.114563949406147,
          "y": 0.09630706161260605,
          "z": -0.04735108092427254
        },
        "scale": {
          "x": 1.0,
          "y": 1.0,
          "z": 1.0
        },
        "matrix_basis": [
          [
            0.9769656658172607,
            0.07146142423152924,
            0.20107556879520416,
            0.0
          ],
          [
            -0.11559469252824783,
            0.9692659378051758,
            0.2171667069196701,
            0.0
          ],
          [
            -0.17937666177749634,
            -0.23540768027305603,
            0.9552000761032104,
            0.0
          ],
          [
            0.0,
            0.0,
            0.0,
            1.0
          ]
        ],
        "rotation_mode": "QUATERNION"
      },
      "armature_space": {
        "head": {
          "x": 0.05091255530714989,
          "y": -0.052367083728313446,
          "z": 0.6519562005996704
        },
        "tail": {
          "x": 0.09627506136894226,
          "y": -0.005446180701255798,
          "z": 0.792647123336792
        }
      },
      "world_space": {
        "head": {
          "x": 0.05091255530714989,
          "y": 0.010876916348934174,
          "z": 1.6018102169036865
        },
        "tail": {
          "x": 0.09627506136894226,
          "y": 0.05779781937599182,
          "z": 1.742501139640808
        },
        "rotation_quaternion": {
          "w": 0.7648072242736816,
          "x": 0.5904850959777832,
          "y": 0.2575637400150299,
          "z": 0.007638289127498865
        },
        "matrix": [
          [
            0.8672060370445251,
            0.2924911081790924,
            0.40299245715141296,
            0.05091255530714989
          ],
          [
            0.3158569037914276,
            0.3025394082069397,
            -0.8992800116539001,
            0.010876916348934174
          ],
          [
            -0.3849548399448395,
            0.9071555733680725,
            0.16997894644737244,
            1.6018102169036865
          ],
          [
            0.0,
            0.0,
            0.0,
            1.0
          ]
        ]
      },
      "bone_length_armature_space": 0.155091144960473,
      "parent": "neck_01",
      "has_children": false,
      "is_end_bone": true
    },
    "upperarm_l": {
      "name": "upperarm_l",
      "local": {
        "location": {
          "x": 0.0,
          "y": 0.0,
          "z": 0.0
        },
        "rotation_quaternion": {
          "w": 0.6767063140869141,
          "x": 0.47571802139282227,
          "y": 0.1548471450805664,
          "z": 0.5401697754859924
        },
        "scale": {
          "x": 1.0,
          "y": 1.0,
          "z": 1.0
        },
        "matrix_basis": [
          [
            0.3684779405593872,
            -0.5837454199790955,
            0.7235090732574463,
            0.0
          ],
          [
            0.8783997297286987,
            -0.03618204593658447,
            -0.4765552878379822,
            0.0
          ],
          [
            0.3043649196624756,
            0.8111302852630615,
            0.49942946434020996,
            0.0
          ],
          [
            0.0,
            0.0,
            0.0,
            1.0
          ]
        ],
        "rotation_mode": "QUATERNION"
      },
      "armature_space": {
        "head": {
          "x": 0.16704344749450684,
          "y": -0.022402586415410042,
          "z": 0.4882006347179413
        },
        "tail": {
          "x": 0.1796020120382309,
          "y": -0.2399003654718399,
          "z": 0.6442291736602783
        }
      },
      "world_space": {
        "head": {
          "x": 0.16704344749450684,
          "y": 0.04084141552448273,
          "z": 1.4380546808242798
        },
        "tail": {
          "x": 0.1796020120382309,
          "y": -0.17665636539459229,
          "z": 1.5940831899642944
        },
        "rotation_quaternion": {
          "w": 0.30206605792045593,
          "x": 0.9203341603279114,
          "y": -0.05413336306810379,
          "z": -0.24250906705856323
        },
        "matrix": [
          [
            0.8765181303024292,
            0.046865664422512054,
            -0.47908225655555725,
            0.16704344749450684
          ],
          [
            -0.24614909291267395,
            -0.8116514682769775,
            -0.5297477841377258,
            0.04084141552448273
          ],
          [
            -0.4136778712272644,
            0.5822625756263733,
            -0.6998965740203857,
            1.4380546808242798
          ],
          [
            0.0,
            0.0,
            0.0,
            1.0
          ]
        ]
      },
      "bone_length_armature_space": 0.26796997559706975,
      "parent": "spine_01",
      "has_children": true,
      "is_end_bone": false
    },
    "lowerarm_l": {
      "name": "lowerarm_l",
      "local": {
        "location": {
          "x": 0.0,
          "y": 0.0,
          "z": 0.0
        },
        "rotation_quaternion": {
          "w": 0.8932152390480042,
          "x": 0.43315452337265015,
          "y": -0.014531715773046017,
          "z": -0.11971846967935562
        },
        "scale": {
          "x": 1.0,
          "y": 1.0,
          "z": 1.0
        },
        "matrix_basis": [
          [
            0.9709126353263855,
            0.20127975940704346,
            -0.1296730935573578,
            0.0
          ],
          [
            -0.22645768523216248,
            0.5960893034934998,
            -0.7703210115432739,
            0.0
          ],
          [
            -0.07775329053401947,
            0.7772798538208008,
            0.6243319511413574,
            0.0
          ],
          [
            0.0,
            0.0,
            0.0,
            1.0
          ]
        ],
        "rotation_mode": "QUATERNION"
      },
      "armature_space": {
        "head": {
          "x": 0.17960187792778015,
          "y": -0.23990043997764587,
          "z": 0.6442292928695679
        },
        "tail": {
          "x": 0.08733946084976196,
          "y": -0.4749685525894165,
          "z": 0.5559109449386597
        }
      },
      "world_space": {
        "head": {
          "x": 0.17960187792778015,
          "y": -0.17665643990039825,
          "z": 1.594083309173584
        },
        "tail": {
          "x": 0.08733946084976196,
          "y": -0.4117245674133301,
          "z": 1.5057649612426758
        },
        "rotation_quaternion": {
          "w": 0.2109534740447998,
          "x": -0.9353845715522766,
          "y": 0.12711919844150543,
          "z": 0.25376197695732117
        },
        "matrix": [
          [
            0.8388915061950684,
            -0.34487468004226685,
            -0.4210970401763916,
            0.17960187792778015
          ],
          [
            -0.13074731826782227,
            -0.8786788582801819,
            0.45916077494621277,
            -0.17665643990039825
          ],
          [
            -0.5283658504486084,
            -0.3301318883895874,
            -0.7822126150131226,
            1.594083309173584
          ],
          [
            0.0,
            0.0,
            0.0,
            1.0
          ]
        ]
      },
      "bone_length_armature_space": 0.26752477047804285,
      "parent": "upperarm_l",
      "has_children": true,
      "is_end_bone": false
    },
    "metacarpal_thumb_l": {
      "name": "metacarpal_thumb_l",
      "local": {
        "location": {
          "x": 0.0,
          "y": 0.0,
          "z": 0.0
        },
        "rotation_quaternion": {
          "w": 0.9990994930267334,
          "x": -0.04178212583065033,
          "y": -0.003685097675770521,
          "z": 0.006403203587979078
        },
        "scale": {
          "x": 1.0,
          "y": 1.0,
          "z": 1.0
        },
        "matrix_basis": [
          [
            0.9998908638954163,
            -0.012486932799220085,
            -0.007898637093603611,
            0.0
          ],
          [
            0.013102817349135876,
            0.996426522731781,
            0.08344180881977081,
            0.0
          ],
          [
            0.006828479468822479,
            -0.08353619277477264,
            0.9964813590049744,
            0.0
          ],
          [
            0.0,
            0.0,
            0.0,
            1.0
          ]
        ],
        "rotation_mode": "QUATERNION"
      },
      "armature_space": {
        "head": {
          "x": 0.08733946084976196,
          "y": -0.4749685525894165,
          "z": 0.5559109449386597
        },
        "tail": {
          "x": 0.0653742104768753,
          "y": -0.4964972734451294,
          "z": 0.5170825123786926
        }
      },
      "world_space": {
        "head": {
          "x": 0.08733946084976196,
          "y": -0.4117245674133301,
          "z": 1.5057649612426758
        },
        "tail": {
          "x": 0.0653742104768753,
          "y": -0.43325328826904297,
          "z": 1.4669365882873535
        },
        "rotation_quaternion": {
          "w": 0.2634739875793457,
          "x": -0.7275124192237854,
          "y": 0.461808443069458,
          "z": -0.4336360692977905
        },
        "matrix": [
          [
            0.1973840743303299,
            -0.44344085454940796,
            0.8742997050285339,
            0.08733946084976196
          ],
          [
            -0.9004467129707336,
            -0.43462809920310974,
            -0.017154380679130554,
            -0.4117245674133301
          ],
          [
            0.3876040577888489,
            -0.7838798761367798,
            -0.48508697748184204,
            1.5057649612426758
          ],
          [
            0.0,
            0.0,
            0.0,
            1.0
          ]
        ]
      },
      "bone_length_armature_space": 0.04953387998183761,
      "parent": "lowerarm_l",
      "has_children": true,
      "is_end_bone": false
    },
    "thumb_01_l": {
      "name": "thumb_01_l",
      "local": {
        "location": {
          "x": 0.0,
          "y": 0.0,
          "z": 0.0
        },
        "rotation_quaternion": {
          "w": 0.978697657585144,
          "x": 0.20429593324661255,
          "y": -3.700098386616446e-05,
          "z": 0.02035306580364704
        },
        "scale": {
          "x": 1.0,
          "y": 1.0,
          "z": 1.0
        },
        "matrix_basis": [
          [
            0.9991714954376221,
            -0.03985411301255226,
            0.008243671618402004,
            0.0
          ],
          [
            0.039823878556489944,
            0.9156978726387024,
            -0.39988940954208374,
            0.0
          ],
          [
            0.008388523012399673,
            0.3998863995075226,
            0.9165263175964355,
            0.0
          ],
          [
            0.0,
            0.0,
            0.0,
            1.0
          ]
        ],
        "rotation_mode": "QUATERNION"
      },
      "armature_space": {
        "head": {
          "x": 0.0653742104768753,
          "y": -0.4964972734451294,
          "z": 0.5170825123786926
        },
        "tail": {
          "x": 0.08015229552984238,
          "y": -0.5147004723548889,
          "z": 0.4924068748950958
        }
      },
      "world_space": {
        "head": {
          "x": 0.0653742104768753,
          "y": -0.43325328826904297,
          "z": 1.4669365882873535
        },
        "tail": {
          "x": 0.08015229552984238,
          "y": -0.4514564871788025,
          "z": 1.4422608613967896
        },
        "rotation_quaternion": {
          "w": 0.2170792818069458,
          "x": 0.0636615976691246,
          "y": 0.4306812882423401,
          "z": -0.873691976070404
        },
        "matrix": [
          [
            -0.8976473808288574,
            0.43415695428848267,
            0.07574412226676941,
            0.0653742104768753
          ],
          [
            -0.3244866132736206,
            -0.5347808599472046,
            -0.7802040576934814,
            -0.43325328826904297
          ],
          [
            -0.29822659492492676,
            -0.7249314785003662,
            0.6209261417388916,
            1.4669365882873535
          ],
          [
            0.0,
            0.0,
            0.0,
            1.0
          ]
        ]
      },
      "bone_length_armature_space": 0.03403873244757704,
      "parent": "metacarpal_thumb_l",
      "has_children": true,
      "is_end_bone": false
    },
    "thumb_02_l": {
      "name": "thumb_02_l",
      "local": {
        "location": {
          "x": 0.0,
          "y": 0.0,
          "z": 0.0
        },
        "rotation_quaternion": {
          "w": 0.9399310350418091,
          "x": 0.3412601947784424,
          "y": 0.006996671669185162,
          "z": 0.0047098612412810326
        },
        "scale": {
          "x": 1.0,
          "y": 1.0,
          "z": 1.0
        },
        "matrix_basis": [
          [
            0.9998577237129211,
            -0.004078518599271774,
            0.0163673534989357,
            0.0
          ],
          [
            0.01362926047295332,
            0.7670385837554932,
            -0.6414561867713928,
            0.0
          ],
          [
            -0.009938200935721397,
            0.641588032245636,
            0.7669850587844849,
            0.0
          ],
          [
            0.0,
            0.0,
            0.0,
            1.0
          ]
        ],
        "rotation_mode": "QUATERNION"
      },
      "armature_space": {
        "head": {
          "x": 0.08015231788158417,
          "y": -0.5147004127502441,
          "z": 0.4924069046974182
        },
        "tail": {
          "x": 0.0556124672293663,
          "y": -0.5423609018325806,
          "z": 0.5080873370170593
        }
      },
      "world_space": {
        "head": {
          "x": 0.08015231788158417,
          "y": -0.4514564275741577,
          "z": 1.442260980606079
        },
        "tail": {
          "x": 0.0556124672293663,
          "y": -0.47911691665649414,
          "z": 1.4579412937164307
        },
        "rotation_quaternion": {
          "w": 0.2663438320159912,
          "x": -0.23723581433296204,
          "y": 0.291066974401474,
          "z": 0.8877275586128235
        },
        "matrix": [
          [
            -0.745560348033905,
            -0.6109850406646729,
            -0.2661527991294861,
            0.08015231788158417
          ],
          [
            0.3347792625427246,
            -0.6886814832687378,
            0.6431493163108826,
            -0.4514564275741577
          ],
          [
            -0.5762525796890259,
            0.39040637016296387,
            0.7180041670799255,
            1.442260980606079
          ],
          [
            0.0,
            0.0,
            0.0,
            1.0
          ]
        ]
      },
      "bone_length_armature_space": 0.04016444879541613,
      "parent": "thumb_01_l",
      "has_children": true,
      "is_end_bone": false
    },
    "thumb_03_l": {
      "name": "thumb_03_l",
      "local": {
        "location": {
          "x": 0.0,
          "y": 0.0,
          "z": 0.0
        },
        "rotation_quaternion": {
          "w": 0.9826341867446899,
          "x": 0.18551146984100342,
          "y": 0.003163709072396159,
          "z": -0.0023539038375020027
        },
        "scale": {
          "x": 1.0,
          "y": 1.0,
          "z": 1.0
        },
        "matrix_basis": [
          [
            0.9999688863754272,
            0.005799861624836922,
            0.005344185046851635,
            0.0
          ],
          [
            -0.0034522442147135735,
            0.9311599135398865,
            -0.3645947277545929,
            0.0
          ],
          [
            -0.007090889848768711,
            0.3645649254322052,
            0.9311509728431702,
            0.0
          ],
          [
            0.0,
            0.0,
            0.0,
            1.0
          ]
        ],
        "rotation_mode": "QUATERNION"
      },
      "armature_space": {
        "head": {
          "x": 0.0556124672293663,
          "y": -0.5423609018325806,
          "z": 0.5080872178077698
        },
        "tail": {
          "x": 0.03584729880094528,
          "y": -0.5481573343276978,
          "z": 0.5305067896842957
        }
      },
      "world_space": {
        "head": {
          "x": 0.0556124672293663,
          "y": -0.47911691665649414,
          "z": 1.4579412937164307
        },
        "tail": {
          "x": 0.03584729880094528,
          "y": -0.48491334915161133,
          "z": 1.480360746383667
        },
        "rotation_quaternion": {
          "w": 0.1980815827846527,
          "x": -0.3046676814556122,
          "y": 0.6046224236488342,
          "z": 0.7087827920913696
        },
        "matrix": [
          [
            -0.7358830571174622,
            -0.6492115259170532,
            -0.1923559159040451,
            0.0556124672293663
          ],
          [
            -0.08762139081954956,
            -0.19039174914360046,
            0.977790355682373,
            -0.47911691665649414
          ],
          [
            -0.6714200973510742,
            0.7363987565040588,
            0.08322271704673767,
            1.4579412937164307
          ],
          [
            0.0,
            0.0,
            0.0,
            1.0
          ]
        ]
      },
      "bone_length_armature_space": 0.030444994499563904,
      "parent": "thumb_02_l",
      "has_children": false,
      "is_end_bone": true
    },
    "metacarpal_index_l": {
      "name": "metacarpal_index_l",
      "local": {
        "location": {
          "x": 0.0,
          "y": 0.0,
          "z": 0.0
        },
        "rotation_quaternion": {
          "w": 0.9982722997665405,
          "x": -0.05636106804013252,
          "y": 0.016396448016166687,
          "z": 0.002676878124475479
        },
        "scale": {
          "x": 1.0,
          "y": 1.0,
          "z": 1.0
        },
        "matrix_basis": [
          [
            0.9994480013847351,
            -0.007192749064415693,
            0.03243449702858925,
            0.0
          ],
          [
            0.003496263874694705,
            0.9936325550079346,
            0.11261516809463501,
            0.0
          ],
          [
            -0.03303798288106918,
            -0.1124396026134491,
            0.9931091666221619,
            0.0
          ],
          [
            0.0,
            0.0,
            0.0,
            1.0
          ]
        ],
        "rotation_mode": "QUATERNION"
      },
      "armature_space": {
        "head": {
          "x": 0.08733946084976196,
          "y": -0.4749685525894165,
          "z": 0.5559109449386597
        },
        "tail": {
          "x": 0.031577348709106445,
          "y": -0.5605961084365845,
          "z": 0.4985717535018921
        }
      },
      "world_space": {
        "head": {
          "x": 0.08733946084976196,
          "y": -0.4117245674133301,
          "z": 1.5057649612426758
        },
        "tail": {
          "x": 0.031577348709106445,
          "y": -0.49735212326049805,
          "z": 1.4484257698059082
        },
        "rotation_quaternion": {
          "w": 0.1992761343717575,
          "x": -0.9067856669425964,
          "y": 0.30805155634880066,
          "z": -0.2076852023601532
        },
        "matrix": [
          [
            0.7239416837692261,
            -0.47590070962905884,
            0.4994269609451294,
            0.08733946084976196
          ],
          [
            -0.6414472460746765,
            -0.7307866215705872,
            0.23344451189041138,
            -0.4117245674133301
          ],
          [
            0.253879189491272,
            -0.48936033248901367,
            -0.834317684173584,
            1.5057649612426758
          ],
          [
            0.0,
            0.0,
            0.0,
            1.0
          ]
        ]
      },
      "bone_length_armature_space": 0.11717198587085012,
      "parent": "lowerarm_l",
      "has_children": true,
      "is_end_bone": false
    },
    "index_01_l": {
      "name": "index_01_l",
      "local": {
        "location": {
          "x": 0.0,
          "y": 0.0,
          "z": 0.0
        },
        "rotation_quaternion": {
          "w": 0.9759145379066467,
          "x": 0.21781690418720245,
          "y": -0.009790845215320587,
          "z": 0.007121044211089611
        },
        "scale": {
          "x": 1.0,
          "y": 1.0,
          "z": 1.0
        },
        "matrix_basis": [
          [
            0.9997068643569946,
            -0.01816428452730179,
            -0.016007889062166214,
            0.0
          ],
          [
            0.009633838199079037,
            0.9050101637840271,
            -0.4252808094024658,
            0.0
          ],
          [
            0.022212224081158638,
            0.42500191926956177,
            0.9049198627471924,
            0.0
          ],
          [
            0.0,
            0.0,
            0.0,
            1.0
          ]
        ],
        "rotation_mode": "QUATERNION"
      },
      "armature_space": {
        "head": {
          "x": 0.031577348709106445,
          "y": -0.5605961084365845,
          "z": 0.4985717535018921
        },
        "tail": {
          "x": 0.030232010409235954,
          "y": -0.5831466317176819,
          "z": 0.4811723828315735
        }
      },
      "world_space": {
        "head": {
          "x": 0.031577348709106445,
          "y": -0.49735212326049805,
          "z": 1.4484257698059082
        },
        "tail": {
          "x": 0.030232010409235954,
          "y": -0.5199026465415955,
          "z": 1.4310264587402344
        },
        "rotation_quaternion": {
          "w": 0.30393823981285095,
          "x": -0.9116373062133789,
          "y": 0.1104450449347496,
          "z": -0.25365540385246277
        },
        "matrix": [
          [
            0.846921980381012,
            -0.04718106985092163,
            0.5296201705932617,
            0.031577348709106445
          ],
          [
            -0.3555627465248108,
            -0.7908474206924438,
            0.49813199043273926,
            -0.49735212326049805
          ],
          [
            0.3953486680984497,
            -0.610197126865387,
            -0.6865661144256592,
            1.4484257698059082
          ],
          [
            0.0,
            0.0,
            0.0,
            1.0
          ]
        ]
      },
      "bone_length_armature_space": 0.028514455019715328,
      "parent": "metacarpal_index_l",
      "has_children": true,
      "is_end_bone": false
    },
    "index_02_l": {
      "name": "index_02_l",
      "local": {
        "location": {
          "x": 0.0,
          "y": 0.0,
          "z": 0.0
        },
        "rotation_quaternion": {
          "w": 0.9114680290222168,
          "x": 0.41109994053840637,
          "y": -0.007482466287910938,
          "z": -0.012922322377562523
        },
        "scale": {
          "x": 1.0,
          "y": 1.0,
          "z": 1.0
        },
        "matrix_basis": [
          [
            0.9995540380477905,
            0.017404483631253242,
            -0.02426479011774063,
            0.0
          ],
          [
            -0.029708649963140488,
            0.6616597175598145,
            -0.7492155432701111,
            0.0
          ],
          [
            0.0030153256375342607,
            0.7496022582054138,
            0.661881685256958,
            0.0
          ],
          [
            0.0,
            0.0,
            0.0,
            1.0
          ]
        ],
        "rotation_mode": "QUATERNION"
      },
      "armature_space": {
        "head": {
          "x": 0.030231958255171776,
          "y": -0.5831466913223267,
          "z": 0.4811718463897705
        },
        "tail": {
          "x": 0.039028365164995193,
          "y": -0.58772873878479,
          "z": 0.45751330256462097
        }
      },
      "world_space": {
        "head": {
          "x": 0.030231958255171776,
          "y": -0.5199027061462402,
          "z": 1.4310258626937866
        },
        "tail": {
          "x": 0.039028365164995193,
          "y": -0.5244847536087036,
          "z": 1.4073673486709595
        },
        "rotation_quaternion": {
          "w": 0.6404064297676086,
          "x": -0.7290241718292236,
          "y": -0.023926036432385445,
          "z": -0.2404809147119522
        },
        "matrix": [
          [
            0.8831937313079834,
            0.34289616346359253,
            0.31998640298843384,
            0.030231958255171776
          ],
          [
            -0.2731235921382904,
            -0.17861557006835938,
            0.9452513456344604,
            -0.5199027061462402
          ],
          [
            0.3812798857688904,
            -0.9222425222396851,
            -0.06409865617752075,
            1.4310258626937866
          ],
          [
            0.0,
            0.0,
            0.0,
            1.0
          ]
        ]
      },
      "bone_length_armature_space": 0.025653432644314814,
      "parent": "index_01_l",
      "has_children": true,
      "is_end_bone": false
    },
    "index_03_l": {
      "name": "index_03_l",
      "local": {
        "location": {
          "x": 0.0,
          "y": 0.0,
          "z": 0.0
        },
        "rotation_quaternion": {
          "w": 0.9713349342346191,
          "x": 0.23756340146064758,
          "y": -0.007819504477083683,
          "z": 0.0033072230871766806
        },
        "scale": {
          "x": 1.0,
          "y": 1.0,
          "z": 1.0
        },
        "matrix_basis": [
          [
            0.9998558163642883,
            -0.010140098631381989,
            -0.01361936517059803,
            0.0
          ],
          [
            0.0027095864061266184,
            0.887105405330658,
            -0.461558997631073,
            0.0
          ],
          [
            0.01676206663250923,
            0.4614555537700653,
            0.8870049715042114,
            0.0
          ],
          [
            0.0,
            0.0,
            0.0,
            1.0
          ]
        ],
        "rotation_mode": "QUATERNION"
      },
      "armature_space": {
        "head": {
          "x": 0.03902829438447952,
          "y": -0.5877288579940796,
          "z": 0.45751330256462097
        },
        "tail": {
          "x": 0.055056288838386536,
          "y": -0.5780699849128723,
          "z": 0.4350734353065491
        }
      },
      "world_space": {
        "head": {
          "x": 0.03902829438447952,
          "y": -0.5244848728179932,
          "z": 1.4073673486709595
        },
        "tail": {
          "x": 0.055056288838386536,
          "y": -0.5148259997367859,
          "z": 1.38492751121521
        },
        "rotation_quaternion": {
          "w": 0.8074734807014465,
          "x": -0.5135616064071655,
          "y": -0.11520788073539734,
          "z": -0.2663986086845398
        },
        "matrix": [
          [
            0.8315173983573914,
            0.5485528707504272,
            0.08757156133651733,
            0.03902829438447952
          ],
          [
            -0.31188899278640747,
            0.3305717408657074,
            0.8907567858695984,
            -0.5244848728179932
          ],
          [
            0.4596812427043915,
            -0.7679975032806396,
            0.44596773386001587,
            1.4073673486709595
          ],
          [
            0.0,
            0.0,
            0.0,
            1.0
          ]
        ]
      },
      "bone_length_armature_space": 0.029218796907144393,
      "parent": "index_02_l",
      "has_children": false,
      "is_end_bone": true
    },
    "metacarpal_pinky_l": {
      "name": "metacarpal_pinky_l",
      "local": {
        "location": {
          "x": 0.0,
          "y": 0.0,
          "z": 0.0
        },
        "rotation_quaternion": {
          "w": 0.9996705055236816,
          "x": -0.020349659025669098,
          "y": -0.013923346996307373,
          "z": 0.007134131155908108
        },
        "scale": {
          "x": 1.0,
          "y": 1.0,
          "z": 1.0
        },
        "matrix_basis": [
          [
            0.9995104670524597,
            -0.013696890324354172,
            -0.028127873316407204,
            0.0
          ],
          [
            0.014830231666564941,
            0.9990699887275696,
            0.040487244725227356,
            0.0
          ],
          [
            0.027547163888812065,
            -0.04088456928730011,
            0.998784065246582,
            0.0
          ],
          [
            0.0,
            0.0,
            0.0,
            1.0
          ]
        ],
        "rotation_mode": "QUATERNION"
      },
      "armature_space": {
        "head": {
          "x": 0.08733946084976196,
          "y": -0.4749685525894165,
          "z": 0.5559109449386597
        },
        "tail": {
          "x": 0.07132154703140259,
          "y": -0.5775376558303833,
          "z": 0.5477733612060547
        }
      },
      "world_space": {
        "head": {
          "x": 0.08733946084976196,
          "y": -0.4117245674133301,
          "z": 1.5057649612426758
        },
        "tail": {
          "x": 0.07132154703140259,
          "y": -0.5142936706542969,
          "z": 1.4976273775100708
        },
        "rotation_quaternion": {
          "w": 0.08544622361660004,
          "x": -0.5893471240997314,
          "y": 0.014048446901142597,
          "z": 0.8032258152961731
        },
        "matrix": [
          [
            -0.2907378077507019,
            -0.15382499992847443,
            -0.9443567395210266,
            0.08733946084976196
          ],
          [
            0.12070614099502563,
            -0.9850031137466431,
            0.12328416109085083,
            -0.4117245674133301
          ],
          [
            -0.949164867401123,
            -0.0781477764248848,
            0.30494752526283264,
            1.5057649612426758
          ],
          [
            0.0,
            0.0,
            0.0,
            1.0
          ]
        ]
      },
      "bone_length_armature_space": 0.10413075810082906,
      "parent": "lowerarm_l",
      "has_children": true,
      "is_end_bone": false
    },
    "pinky_01_l": {
      "name": "pinky_01_l",
      "local": {
        "location": {
          "x": 0.0,
          "y": 0.0,
          "z": 0.0
        },
        "rotation_quaternion": {
          "w": 0.9487431049346924,
          "x": 0.31588098406791687,
          "y": 0.00537178386002779,
          "z": 0.00877810176461935
        },
        "scale": {
          "x": 1.0,
          "y": 1.0,
          "z": 1.0
        },
        "matrix_basis": [
          [
            0.9997881650924683,
            -0.01326263789087534,
            0.015738556161522865,
            0.0
          ],
          [
            0.020050015300512314,
            0.8002843260765076,
            -0.5992854833602905,
            0.0
          ],
          [
            -0.004647214896976948,
            0.5994741320610046,
            0.8003807067871094,
            0.0
          ],
          [
            0.0,
            0.0,
            0.0,
            1.0
          ]
        ],
        "rotation_mode": "QUATERNION"
      },
      "armature_space": {
        "head": {
          "x": 0.07132154703140259,
          "y": -0.5775376558303833,
          "z": 0.5477733612060547
        },
