{
  "metadata": {
    "armature_name": "KIM_caucasian_male",
    "export_time": "2026-01-13T20:55:03.056695",
    "blender_version": "4.4.1",
    "bone_count": 56,
    "end_bone_count": 13,
    "spaces_included": [
      "LOCAL_CHANNELS",
      "ARMATURE_SPACE",
      "WORLD_SPACE"
    ],
    "note": "LOCAL matches Transform panel; replay pose via local.matrix_basis for best fidelity."
  },
  "bones": {
    "Root": {
      "name": "Root",
      "local": {
        "location": {
          "x": 0.0,
          "y": 0.0,
          "z": 0.0
        },
        "rotation_quaternion": {
          "w": 0.9998738765716553,
          "x": 0.008778768591582775,
          "y": -0.012533364817500114,
          "z": 0.004280142020434141
        },
        "scale": {
          "x": 1.0,
          "y": 1.0,
          "z": 1.0
        },
        "matrix_basis": [
          [
            0.999649167060852,
            -0.008779259398579597,
            -0.02498842030763626,
            0.0
          ],
          [
            0.008339148946106434,
            0.999809205532074,
            -0.017662612721323967,
            0.0
          ],
          [
            0.025138717144727707,
            0.01744803413748741,
            0.9995316863059998,
            0.0
          ],
          [
            0.0,
            0.0,
            0.0,
            1.0
          ]
        ],
        "rotation_mode": "QUATERNION"
      },
      "armature_space": {
        "head": {
          "x": 0.0,
          "y": 0.07072800397872925,
          "z": -0.009595036506652832
        },
        "tail": {
          "x": -0.0006266272976063192,
          "y": -0.00015392154455184937,
          "z": -0.0012359041720628738
        }
      },
      "world_space": {
        "head": {
          "x": 0.0,
          "y": 0.13397200405597687,
          "z": 0.9402589797973633
        },
        "tail": {
          "x": -0.0006266272976063192,
          "y": 0.06309007853269577,
          "z": 0.9486181139945984
        },
        "rotation_quaternion": {
          "w": 0.058600325137376785,
          "x": 0.9981936812400818,
          "y": -0.005114764906466007,
          "z": -0.01221655122935772
        },
        "matrix": [
          [
            0.999649167060852,
            -0.008779259398579597,
            -0.02498842030763626,
            0.0
          ],
          [
            -0.01164284534752369,
            -0.993079662322998,
            -0.11686444282531738,
            0.13397200405597687
          ],
          [
            -0.02378968521952629,
            0.11711426079273224,
            -0.9928404688835144,
            0.9402589797973633
          ],
          [
            0.0,
            0.0,
            0.0,
            1.0
          ]
        ]
      },
      "bone_length_armature_space": 0.07137587193452039,
      "parent": null,
      "has_children": true,
      "is_end_bone": false
    },
    "spine_01": {
      "name": "spine_01",
      "local": {
        "location": {
          "x": 0.0,
          "y": 0.0,
          "z": 0.0
        },
        "rotation_quaternion": {
          "w": 0.9938938617706299,
          "x": 0.07843084633350372,
          "y": 0.05833442136645317,
          "z": -0.051192689687013626
        },
        "scale": {
          "x": 1.0,
          "y": 1.0,
          "z": 1.0
        },
        "matrix_basis": [
          [
            0.9879528284072876,
            0.11091063916683197,
            0.10792627185583115,
            0.0
          ],
          [
            -0.09260976314544678,
            0.982455849647522,
            -0.16187646985054016,
            0.0
          ],
          [
            -0.12398661673069,
            0.14993128180503845,
            0.9808914065361023,
            0.0
          ],
          [
            0.0,
            0.0,
            0.0,
            1.0
          ]
        ],
        "rotation_mode": "QUATERNION"
      },
      "armature_space": {
        "head": {
          "x": -0.0006266272976063192,
          "y": -0.00015392154455184937,
          "z": -0.0012359041720628738
        },
        "tail": {
          "x": 0.0642419382929802,
          "y": -0.059986576437950134,
          "z": 0.4787229597568512
        }
      },
      "world_space": {
        "head": {
          "x": -0.0006266272976063192,
          "y": 0.06309007853269577,
          "z": 0.9486181139945984
        },
        "tail": {
          "x": 0.0642419382929802,
          "y": 0.0032574236392974854,
          "z": 1.428576946258545
        },
        "rotation_quaternion": {
          "w": 0.6573724746704102,
          "x": 0.7491503357887268,
          "y": 0.08097807317972183,
          "z": -0.008821039460599422
        },
        "matrix": [
          [
            0.9867293834686279,
            0.1329270452260971,
            0.09324976056814194,
            -0.0006266272976063192
          ],
          [
            0.10973287373781204,
            -0.12260758876800537,
            -0.9863702058792114,
            0.06309007853269577
          ],
          [
            -0.11968289315700531,
            0.9835197925567627,
            -0.13556882739067078,
            0.9486181139945984
          ],
          [
            0.0,
            0.0,
            0.0,
            1.0
          ]
        ]
      },
      "bone_length_armature_space": 0.48800449300513504,
      "parent": "Root",
      "has_children": true,
      "is_end_bone": false
    },
    "neck_01": {
      "name": "neck_01",
      "local": {
        "location": {
          "x": 0.0,
          "y": 0.0,
          "z": 0.0
        },
        "rotation_quaternion": {
          "w": 0.9923784136772156,
          "x": 0.045216456055641174,
          "y": 0.08257109671831131,
          "z": -0.07951437681913376
        },
        "scale": {
          "x": 1.0,
          "y": 1.0,
          "z": 1.0
        },
        "matrix_basis": [
          [
            0.9737189412117004,
            0.16528384387493134,
            0.15669283270835876,
            0.0
          ],
          [
            -0.15034955739974976,
            0.9832658767700195,
            -0.10287484526634216,
            0.0
          ],
          [
            -0.1710742712020874,
            0.07661249488592148,
            0.9822749495506287,
            0.0
          ],
          [
            0.0,
            0.0,
            0.0,
            1.0
          ]
        ],
        "rotation_mode": "QUATERNION"
      },
      "armature_space": {
        "head": {
          "x": 0.07720859348773956,
          "y": -0.1031714677810669,
          "z": 0.5460331439971924
        },
        "tail": {
          "x": 0.11016352474689484,
          "y": -0.1573469191789627,
          "z": 0.6265918016433716
        }
      },
      "world_space": {
        "head": {
          "x": 0.07720859348773956,
          "y": -0.039927467703819275,
          "z": 1.4958871603012085
        },
        "tail": {
          "x": 0.11016352474689484,
          "y": -0.09410291910171509,
          "z": 1.5764458179473877
        },
        "rotation_quaternion": {
          "w": 0.4487800598144531,
          "x": 0.874189019203186,
          "y": 0.1854202151298523,
          "z": 0.0030530376825481653
        },
        "matrix": [
          [
            0.9312196969985962,
            0.32144463062286377,
            0.17176476120948792,
            0.07720859348773956
          ],
          [
            0.32692593336105347,
            -0.5284309387207031,
            -0.7835051417350769,
            -0.039927467703819275
          ],
          [
            -0.16108852624893188,
            0.7857747077941895,
            -0.5971788167953491,
            1.4958871603012085
          ],
          [
            0.0,
            0.0,
            0.0,
            1.0
          ]
        ]
      },
      "bone_length_armature_space": 0.10252172630080064,
      "parent": "spine_01",
      "has_children": true,
      "is_end_bone": false
    },
    "head": {
      "name": "head",
      "local": {
        "location": {
          "x": 0.0,
          "y": 0.0,
          "z": 0.0
        },
        "rotation_quaternion": {
          "w": 0.9974665641784668,
          "x": -0.016311440616846085,
          "y": 0.041564613580703735,
          "z": -0.05537853017449379
        },
        "scale": {
          "x": 1.0,
          "y": 1.0,
          "z": 1.0
        },
        "matrix_basis": [
          [
            0.9904112219810486,
            0.10912051051855087,
            0.08472523093223572,
            0.0
          ],
          [
            -0.11183242499828339,
            0.9933342933654785,
            0.0279366597533226,
            0.0
          ],
          [
            -0.08111201971769333,
            -0.037143807858228683,
            0.9960126280784607,
            0.0
          ],
          [
            0.0,
            0.0,
            0.0,
            1.0
          ]
        ],
        "rotation_mode": "QUATERNION"
      },
      "armature_space": {
        "head": {
          "x": 0.11016353219747543,
          "y": -0.15734699368476868,
          "z": 0.6265916228294373
        },
        "tail": {
          "x": 0.16087917983531952,
          "y": -0.1788490265607834,
          "z": 0.7715703845024109
        }
      },
      "world_space": {
        "head": {
          "x": 0.11016353219747543,
          "y": -0.09410299360752106,
          "z": 1.5764455795288086
        },
        "tail": {
          "x": 0.16087917983531952,
          "y": -0.11560502648353577,
          "z": 1.7214243412017822
        },
        "rotation_quaternion": {
          "w": 0.607781708240509,
          "x": 0.7535808086395264,
          "y": 0.24754779040813446,
          "z": 0.037914425134658813
        },
        "matrix": [
          [
            0.8745643496513367,
            0.3270074129104614,
            0.35805487632751465,
            0.11016353219747543
          ],
          [
            0.41918352246284485,
            -0.1386420726776123,
            -0.8972534537315369,
            -0.09410299360752106
          ],
          [
            -0.24376839399337769,
            0.9348028898239136,
            -0.25833016633987427,
            1.5764455795288086
          ],
          [
            0.0,
            0.0,
            0.0,
            1.0
          ]
        ]
      },
      "bone_length_armature_space": 0.1550911232861688,
      "parent": "neck_01",
      "has_children": false,
      "is_end_bone": true
    },
    "upperarm_l": {
      "name": "upperarm_l",
      "local": {
        "location": {
          "x": 0.0,
          "y": 0.0,
          "z": 0.0
        },
        "rotation_quaternion": {
          "w": 0.7655847072601318,
          "x": 0.4772226810455322,
          "y": -0.06601131707429886,
          "z": 0.42635801434516907
        },
        "scale": {
          "x": 1.0,
          "y": 1.0,
          "z": 1.0
        },
        "matrix_basis": [
          [
            0.6277226805686951,
            -0.7158305644989014,
            0.3058609068393707,
            0.0
          ],
          [
            0.5898221731185913,
            0.180954709649086,
            -0.7869976758956909,
            0.0
          ],
          [
            0.5080099105834961,
            0.6744198799133301,
            0.5358020663261414,
            0.0
          ],
          [
            0.0,
            0.0,
            0.0,
            1.0
          ]
        ],
        "rotation_mode": "QUATERNION"
      },
      "armature_space": {
        "head": {
          "x": 0.21658165752887726,
          "y": -0.08161701261997223,
          "z": 0.46154823899269104
        },
        "tail": {
          "x": 0.31742656230926514,
          "y": -0.27860742807388306,
          "z": 0.6126540899276733
        }
      },
      "world_space": {
        "head": {
          "x": 0.21658165752887726,
          "y": -0.01837301254272461,
          "z": 1.4114022254943848
        },
        "tail": {
          "x": 0.31742656230926514,
          "y": -0.21536342799663544,
          "z": 1.5625081062316895
        },
        "rotation_quaternion": {
          "w": 0.36345991492271423,
          "x": 0.7998008131980896,
          "y": 0.018331609666347504,
          "z": -0.4773673713207245
        },
        "matrix": [
          [
            0.543569803237915,
            0.37632983922958374,
            -0.7502719163894653,
            0.21658165752887726
          ],
          [
            -0.3176839053630829,
            -0.735122799873352,
            -0.5988922119140625,
            -0.01837301254272461
          ],
          [
            -0.7769285440444946,
            0.5638922452926636,
            -0.2800389528274536,
            1.4114022254943848
          ],
          [
            0.0,
            0.0,
            0.0,
            1.0
          ]
        ]
      },
      "bone_length_armature_space": 0.267969956617725,
      "parent": "spine_01",
      "has_children": true,
      "is_end_bone": false
    },
    "lowerarm_l": {
      "name": "lowerarm_l",
      "local": {
        "location": {
          "x": 0.0,
          "y": 0.0,
          "z": 0.0
        },
        "rotation_quaternion": {
          "w": 0.9485301971435547,
          "x": 0.2876826524734497,
          "y": 0.12912334501743317,
          "z": -0.029264165088534355
        },
        "scale": {
          "x": 1.0,
          "y": 1.0,
          "z": 1.0
        },
        "matrix_basis": [
          [
            0.9649415612220764,
            0.12980897724628448,
            0.2281171977519989,
            0.0
          ],
          [
            0.018777204677462578,
            0.8327646255493164,
            -0.5533087253570557,
            0.0
          ],
          [
            -0.2617923617362976,
            0.5381940007209778,
            0.8011317253112793,
            0.0
          ],
          [
            0.0,
            0.0,
            0.0,
            1.0
          ]
        ],
        "rotation_mode": "QUATERNION"
      },
      "armature_space": {
        "head": {
          "x": 0.317426472902298,
          "y": -0.27860748767852783,
          "z": 0.6126542687416077
        },
        "tail": {
          "x": 0.2646125555038452,
          "y": -0.5318762063980103,
          "z": 0.6807355880737305
        }
      },
      "world_space": {
        "head": {
          "x": 0.317426472902298,
          "y": -0.2153634876012802,
          "z": 1.5625083446502686
        },
        "tail": {
          "x": 0.2646125555038452,
          "y": -0.46863222122192383,
          "z": 1.6305896043777466
        },
        "rotation_quaternion": {
          "w": 0.07971295714378357,
          "x": 0.9083913564682007,
          "y": -0.14244206249713898,
          "z": -0.38494330644607544
        },
        "matrix": [
          [
            0.663057804107666,
            -0.19741711020469666,
            -0.7220672369003296,
            0.317426472902298
          ],
          [
            -0.32015663385391235,
            -0.94671231508255,
            -0.03515627980232239,
            -0.2153634876012802
          ],
          [
            -0.6766543388366699,
            0.25448620319366455,
            -0.6909340620040894,
            1.5625083446502686
          ],
          [
            0.0,
            0.0,
            0.0,
            1.0
          ]
        ]
      },
      "bone_length_armature_space": 0.2675246151268883,
      "parent": "upperarm_l",
      "has_children": true,
      "is_end_bone": false
    },
    "metacarpal_thumb_l": {
      "name": "metacarpal_thumb_l",
      "local": {
        "location": {
          "x": 0.0,
          "y": 0.0,
          "z": 0.0
        },
        "rotation_quaternion": {
          "w": 0.9989748597145081,
          "x": -0.04055081307888031,
          "y": -0.019261840730905533,
          "z": 0.005830108653753996
        },
        "scale": {
          "x": 1.0,
          "y": 1.0,
          "z": 1.0
        },
        "matrix_basis": [
          [
            0.9991899728775024,
            -0.01008609775453806,
            -0.03895702213048935,
            0.0
          ],
          [
            0.01321043074131012,
            0.9966433048248291,
            0.08079388737678528,
            0.0
          ],
          [
            0.03801135718822479,
            -0.08124308288097382,
            0.9959692358970642,
            0.0
          ],
          [
            0.0,
            0.0,
            0.0,
            1.0
          ]
        ],
        "rotation_mode": "QUATERNION"
      },
      "armature_space": {
        "head": {
          "x": 0.2646125555038452,
          "y": -0.5318762063980103,
          "z": 0.6807355880737305
        },
        "tail": {
          "x": 0.2387704849243164,
          "y": -0.5717965364456177,
          "z": 0.6668740510940552
        }
      },
      "world_space": {
        "head": {
          "x": 0.2646125555038452,
          "y": -0.46863222122192383,
          "z": 1.6305896043777466
        },
        "tail": {
          "x": 0.2387704849243164,
          "y": -0.5085525512695312,
          "z": 1.6167280673980713
        },
        "rotation_quaternion": {
          "w": 0.028847549110651016,
          "x": -0.8753803372383118,
          "y": 0.3101709187030792,
          "z": -0.3696906566619873
        },
        "matrix": [
          [
            0.5342450141906738,
            -0.5217071175575256,
            0.6651346683502197,
            0.2646125555038452
          ],
          [
            -0.5643646121025085,
            -0.8059231638908386,
            -0.17883139848709106,
            -0.46863222122192383
          ],
          [
            0.6293489336967468,
            -0.27984118461608887,
            -0.7249987125396729,
            1.6305896043777466
          ],
          [
            0.0,
            0.0,
            0.0,
            1.0
          ]
        ]
      },
      "bone_length_armature_space": 0.04953370107131451,
      "parent": "lowerarm_l",
      "has_children": true,
      "is_end_bone": false
    },
    "thumb_01_l": {
      "name": "thumb_01_l",
      "local": {
        "location": {
          "x": 0.0,
          "y": 0.0,
          "z": 0.0
        },
        "rotation_quaternion": {
          "w": 0.9992391467094421,
          "x": -0.03310728073120117,
          "y": -0.015602155588567257,
          "z": 0.013483523391187191
        },
        "scale": {
          "x": 1.0,
          "y": 1.0,
          "z": 1.0
        },
        "matrix_basis": [
          [
            0.9991495609283447,
            -0.025913439691066742,
            -0.03207337483763695,
            0.0
          ],
          [
            0.027979617938399315,
            0.997444212436676,
            0.06574343889951706,
            0.0
          ],
          [
            0.030287763103842735,
            -0.06658492237329483,
            0.9973209500312805,
            0.0
          ],
          [
            0.0,
            0.0,
            0.0,
            1.0
          ]
        ],
        "rotation_mode": "QUATERNION"
      },
      "armature_space": {
        "head": {
          "x": 0.2387704849243164,
          "y": -0.5717965364456177,
          "z": 0.6668740510940552
        },
        "tail": {
          "x": 0.24112346768379211,
          "y": -0.5901592969894409,
          "z": 0.638309895992279
        }
      },
      "world_space": {
        "head": {
          "x": 0.2387704849243164,
          "y": -0.5085525512695312,
          "z": 1.6167280673980713
        },
        "tail": {
          "x": 0.24112346768379211,
          "y": -0.5269153118133545,
          "z": 1.5881638526916504
        },
        "rotation_quaternion": {
          "w": 0.17395104467868805,
          "x": -0.24983838200569153,
          "y": 0.4472215175628662,
          "z": -0.8410199880599976
        },
        "matrix": [
          [
            -0.8146437406539917,
            0.069127157330513,
            0.5758272409439087,
            0.2387704849243164
          ],
          [
            -0.5160587430000305,
            -0.5394686460494995,
            -0.6653251051902771,
            -0.5085525512695312
          ],
          [
            0.26465022563934326,
            -0.8391698598861694,
            0.4751511216163635,
            1.6167280673980713
          ],
          [
            0.0,
            0.0,
            0.0,
            1.0
          ]
        ]
      },
      "bone_length_armature_space": 0.03403877932674206,
      "parent": "metacarpal_thumb_l",
      "has_children": true,
      "is_end_bone": false
    },
    "thumb_02_l": {
      "name": "thumb_02_l",
      "local": {
        "location": {
          "x": 0.0,
          "y": 0.0,
          "z": 0.0
        },
        "rotation_quaternion": {
          "w": 0.994441032409668,
          "x": 0.10480687022209167,
          "y": -0.0032648080959916115,
          "z": -0.009589017368853092
        },
        "scale": {
          "x": 1.0,
          "y": 1.0,
          "z": 1.0
        },
        "matrix_basis": [
          [
            0.9997947812080383,
            0.018387075513601303,
            -0.008503308519721031,
            0.0
          ],
          [
            -0.0197557732462883,
            0.977847158908844,
            -0.2083858847618103,
            0.0
          ],
          [
            0.004483328666538,
            0.2085111141204834,
            0.9780097007751465,
            0.0
          ],
          [
            0.0,
            0.0,
            0.0,
            1.0
          ]
        ],
        "rotation_mode": "QUATERNION"
      },
      "armature_space": {
        "head": {
          "x": 0.24112346768379211,
          "y": -0.5901591777801514,
          "z": 0.638309895992279
        },
        "tail": {
          "x": 0.23482103645801544,
          "y": -0.6285480260848999,
          "z": 0.6482977271080017
        }
      },
      "world_space": {
        "head": {
          "x": 0.24112346768379211,
          "y": -0.5269151926040649,
          "z": 1.5881638526916504
        },
        "tail": {
          "x": 0.23482103645801544,
          "y": -0.5653040409088135,
          "z": 1.598151683807373
        },
        "rotation_quaternion": {
          "w": 0.07785003632307053,
          "x": -0.01167217642068863,
          "y": 0.12666098773479462,
          "z": 0.988817572593689
        },
        "matrix": [
          [
            -0.9876062870025635,
            -0.15691567957401276,
            -0.003362119197845459,
            0.24112346768379211
          ],
          [
            0.15100230276584625,
            -0.9557928442955017,
            0.2523069381713867,
            -0.5269151926040649
          ],
          [
            -0.04280451312661171,
            0.24867329001426697,
            0.967648446559906,
            1.5881638526916504
          ],
          [
            0.0,
            0.0,
            0.0,
            1.0
          ]
        ]
      },
      "bone_length_armature_space": 0.04016442533594353,
      "parent": "thumb_01_l",
      "has_children": true,
      "is_end_bone": false
    },
    "thumb_03_l": {
      "name": "thumb_03_l",
      "local": {
        "location": {
          "x": 0.0,
          "y": 0.0,
          "z": 0.0
        },
        "rotation_quaternion": {
          "w": 0.9979290962219238,
          "x": 0.0638403668999672,
          "y": -0.005792473908513784,
          "z": 0.005339272785931826
        },
        "scale": {
          "x": 1.0,
          "y": 1.0,
          "z": 1.0
        },
        "matrix_basis": [
          [
            0.9998759031295776,
            -0.011396018788218498,
            -0.010879234410822392,
            0.0
          ],
          [
            0.009916843846440315,
            0.9917917847633362,
            -0.12747816741466522,
            0.0
          ],
          [
            0.012242678552865982,
            0.1273544579744339,
            0.9917817115783691,
            0.0
          ],
          [
            0.0,
            0.0,
            0.0,
            1.0
          ]
        ],
        "rotation_mode": "QUATERNION"
      },
      "armature_space": {
        "head": {
          "x": 0.23482099175453186,
          "y": -0.6285479664802551,
          "z": 0.6482976078987122
        },
        "tail": {
          "x": 0.2340516597032547,
          "y": -0.6527274250984192,
          "z": 0.6667816042900085
        }
      },
      "world_space": {
        "head": {
          "x": 0.23482099175453186,
          "y": -0.5653039813041687,
          "z": 1.598151683807373
        },
        "tail": {
          "x": 0.2340516597032547,
          "y": -0.5894834399223328,
          "z": 1.6166355609893799
        },
        "rotation_quaternion": {
          "w": 0.04389531537890434,
          "x": 0.16851484775543213,
          "y": -0.31775954365730286,
          "z": -0.9320434331893921
        },
        "matrix": [
          [
            -0.9393520951271057,
            -0.025269532576203346,
            -0.3420224189758301,
            0.23482099175453186
          ],
          [
            -0.18891897797584534,
            -0.7942042350769043,
            0.5775375366210938,
            -0.5653039813041687
          ],
          [
            -0.2862318456172943,
            0.6071290969848633,
            0.741269052028656,
            1.598151683807373
          ],
          [
            0.0,
            0.0,
            0.0,
            1.0
          ]
        ]
      },
      "bone_length_armature_space": 0.0304449708090357,
      "parent": "thumb_02_l",
      "has_children": false,
      "is_end_bone": true
    },
    "metacarpal_index_l": {
      "name": "metacarpal_index_l",
      "local": {
        "location": {
          "x": 0.0,
          "y": 0.0,
          "z": 0.0
        },
        "rotation_quaternion": {
          "w": 0.9997984766960144,
          "x": -0.01919337548315525,
          "y": -0.0023444523103535175,
          "z": 0.0054082381539046764
        },
        "scale": {
          "x": 1.0,
          "y": 1.0,
          "z": 1.0
        },
        "matrix_basis": [
          [
            0.9999305009841919,
            -0.010724300518631935,
            -0.004895564168691635,
            0.0
          ],
          [
            0.010904292576014996,
            0.9992047548294067,
            0.038353655487298965,
            0.0
          ],
          [
            0.004480354953557253,
            -0.038404375314712524,
            0.9992522597312927,
            0.0
          ],
          [
            0.0,
            0.0,
            0.0,
            1.0
          ]
        ],
        "rotation_mode": "QUATERNION"
      },
      "armature_space": {
        "head": {
          "x": 0.2646125555038452,
          "y": -0.5318762063980103,
          "z": 0.6807355880737305
        },
        "tail": {
          "x": 0.2187727838754654,
          "y": -0.6396419405937195,
          "z": 0.6845408082008362
        }
      },
      "world_space": {
        "head": {
          "x": 0.2646125555038452,
          "y": -0.46863222122192383,
          "z": 1.6305896043777466
        },
        "tail": {
          "x": 0.2187727838754654,
          "y": -0.5763979554176331,
          "z": 1.634394884109497
        },
        "rotation_quaternion": {
          "w": 0.03554372861981392,
          "x": 0.975257933139801,
          "y": -0.19716572761535645,
          "z": 0.09345714002847672
        },
        "matrix": [
          [
            0.9047829508781433,
            -0.39121872186660767,
            0.16827356815338135,
            0.2646125555038452
          ],
          [
            -0.37793129682540894,
            -0.9197247624397278,
            -0.10618235170841217,
            -0.46863222122192383
          ],
          [
            0.19630692899227142,
            0.03247559443116188,
            -0.9800118207931519,
            1.6305896043777466
          ],
          [
            0.0,
            0.0,
            0.0,
            1.0
          ]
        ]
      },
      "bone_length_armature_space": 0.117171746267794,
      "parent": "lowerarm_l",
      "has_children": true,
      "is_end_bone": false
    },
    "index_01_l": {
      "name": "index_01_l",
      "local": {
        "location": {
          "x": 0.0,
          "y": 0.0,
          "z": 0.0
        },
        "rotation_quaternion": {
          "w": 0.9949604272842407,
          "x": -0.09723995625972748,
          "y": -0.019444597885012627,
          "z": 0.014835444279015064
        },
        "scale": {
          "x": 1.0,
          "y": 1.0,
          "z": 1.0
        },
        "matrix_basis": [
          [
            0.9988036155700684,
            -0.025739775970578194,
            -0.04157840833067894,
            0.0
          ],
          [
            0.03330294415354729,
            0.9806485772132874,
            0.19292287528514862,
            0.0
          ],
          [
            0.035808015614748,
            -0.1940767616033554,
            0.980332612991333,
            0.0
          ],
          [
            0.0,
            0.0,
            0.0,
            1.0
          ]
        ],
        "rotation_mode": "QUATERNION"
      },
      "armature_space": {
        "head": {
          "x": 0.2187727838754654,
          "y": -0.6396419405937195,
          "z": 0.6845408082008362
        },
        "tail": {
          "x": 0.215018630027771,
          "y": -0.6654459834098816,
          "z": 0.6960789561271667
        }
      },
      "world_space": {
        "head": {
          "x": 0.2187727838754654,
          "y": -0.5763979554176331,
          "z": 1.634394884109497
        },
        "tail": {
          "x": 0.215018630027771,
          "y": -0.6022019982337952,
          "z": 1.645932912826538
        },
        "rotation_quaternion": {
          "w": 0.21154439449310303,
          "x": 0.9735212326049805,
          "y": -0.052673257887363434,
          "z": 0.06878308206796646
        },
        "matrix": [
          [
            0.9849889874458313,
            -0.13165849447250366,
            0.1116378903388977,
            0.2187727838754654
          ],
          [
            -0.07345575839281082,
            -0.9049490094184875,
            -0.4191323518753052,
            -0.5763979554176331
          ],
          [
            0.15620994567871094,
            0.4046423137187958,
            -0.9010423421859741,
            1.634394884109497
          ],
          [
            0.0,
            0.0,
            0.0,
            1.0
          ]
        ]
      },
      "bone_length_armature_space": 0.028514402172118224,
      "parent": "metacarpal_index_l",
      "has_children": true,
      "is_end_bone": false
    },
    "index_02_l": {
      "name": "index_02_l",
      "local": {
        "location": {
          "x": 0.0,
          "y": 0.0,
          "z": 0.0
        },
        "rotation_quaternion": {
          "w": 0.9991995692253113,
          "x": 0.039329372346401215,
          "y": -0.0057540955021977425,
          "z": 0.004520402755588293
        },
        "scale": {
          "x": 1.0,
          "y": 1.0,
          "z": 1.0
        },
        "matrix_basis": [
          [
            0.9998928904533386,
            -0.009486178867518902,
            -0.011143410578370094,
            0.0
          ],
          [
            0.008580959402024746,
            0.9968655109405518,
            -0.07864780724048615,
            0.0
          ],
          [
            0.011854548938572407,
            0.0785437598824501,
            0.9968401789665222,
            0.0
          ],
          [
            0.0,
            0.0,
            0.0,
            1.0
          ]
        ],
        "rotation_mode": "QUATERNION"
      },
      "armature_space": {
        "head": {
          "x": 0.2150183767080307,
          "y": -0.6654464602470398,
          "z": 0.6960787773132324
        },
        "tail": {
          "x": 0.2121838927268982,
          "y": -0.6891325116157532,
          "z": 0.7055143117904663
        }
      },
      "world_space": {
        "head": {
          "x": 0.2150183767080307,
          "y": -0.6022024750709534,
          "z": 1.6459327936172485
        },
        "tail": {
          "x": 0.2121838927268982,
          "y": -0.6258885264396667,
          "z": 1.6553683280944824
        },
        "rotation_quaternion": {
          "w": 0.18916939198970795,
          "x": 0.9801824688911438,
          "y": -0.050574805587530136,
          "z": 0.02999143861234188
        },
        "matrix": [
          [
            0.993085503578186,
            -0.1104920506477356,
            0.03965960443019867,
            0.2150183767080307
          ],
          [
            -0.08779817819595337,
            -0.9233142733573914,
            -0.37387514114379883,
            -0.6022024750709534
          ],
          [
            0.07792898267507553,
            0.3678096532821655,
            -0.9266377091407776,
            1.6459327936172485
          ],
          [
            0.0,
            0.0,
            0.0,
            1.0
          ]
        ]
      },
      "bone_length_armature_space": 0.02565331593231722,
      "parent": "index_01_l",
      "has_children": true,
      "is_end_bone": false
    },
    "index_03_l": {
      "name": "index_03_l",
      "local": {
        "location": {
          "x": 0.0,
          "y": 0.0,
          "z": 0.0
        },
        "rotation_quaternion": {
          "w": 0.9998565912246704,
          "x": 0.015537850558757782,
          "y": 0.004583121743053198,
          "z": -0.004958843346685171
        },
        "scale": {
          "x": 1.0,
          "y": 1.0,
          "z": 1.0
        },
        "matrix_basis": [
          [
            0.9999088048934937,
            0.010058687999844551,
            0.009010829031467438,
            0.0
          ],
          [
            -0.009773841127753258,
            0.9994679689407349,
            -0.031116697937250137,
            0.0
          ],
          [
            -0.009319028817117214,
            0.03102579154074192,
            0.9994751214981079,
            0.0
          ],
          [
            0.0,
            0.0,
            0.0,
            1.0
          ]
        ],
        "rotation_mode": "QUATERNION"
      },
      "armature_space": {
        "head": {
          "x": 0.212183877825737,
          "y": -0.6891323924064636,
          "z": 0.7055144309997559
        },
        "tail": {
          "x": 0.2121139019727707,
          "y": -0.7173312902450562,
          "z": 0.7131661176681519
        }
      },
      "world_space": {
        "head": {
          "x": 0.212183877825737,
          "y": -0.6258884072303772,
          "z": 1.655368447303772
        },
        "tail": {
          "x": 0.2121139019727707,
          "y": -0.6540873050689697,
          "z": 1.663020133972168
        },
        "rotation_quaternion": {
          "w": 0.13190719485282898,
          "x": 0.9892551302909851,
          "y": 0.0071420688182115555,
          "z": 0.06264055520296097
        },
        "matrix": [
          [
            0.9920503497123718,
            -0.0023948638699948788,
            0.1258191019296646,
            0.212183877825737
          ],
          [
            0.030656177550554276,
            -0.965099036693573,
            -0.2600853443145752,
            -0.6258884072303772
          ],
          [
            0.12205168604850769,
            0.2618758976459503,
            -0.9573602080345154,
            1.655368447303772
          ],
          [
            0.0,
            0.0,
            0.0,
            1.0
          ]
        ]
      },
      "bone_length_armature_space": 0.02921867607001745,
      "parent": "index_02_l",
      "has_children": false,
      "is_end_bone": true
    },
    "metacarpal_pinky_l": {
      "name": "metacarpal_pinky_l",
      "local": {
        "location": {
          "x": 0.0,
          "y": 0.0,
          "z": 0.0
        },
        "rotation_quaternion": {
          "w": 0.9987936019897461,
          "x": -0.046422768384218216,
          "y": 0.00912813562899828,
          "z": -0.013155563734471798
        },
        "scale": {
          "x": 1.0,
          "y": 1.0,
          "z": 1.0
        },
        "matrix_basis": [
          [
            0.9994872212409973,
            0.025431878864765167,
            0.0194556824862957,
            0.0
          ],
          [
            -0.027126891538500786,
            0.9953437447547913,
            0.09249335527420044,
            0.0
          ],
          [
            -0.017012812197208405,
            -0.09297370165586472,
            0.99552321434021,
            0.0
          ],
          [
            0.0,
            0.0,
            0.0,
            1.0
          ]
        ],
        "rotation_mode": "QUATERNION"
      },
      "armature_space": {
        "head": {
          "x": 0.2646125555038452,
          "y": -0.5318762063980103,
          "z": 0.6807355880737305
        },
        "tail": {
          "x": 0.2749007046222687,
          "y": -0.6275841593742371,
          "z": 0.7204517722129822
        }
      },
      "world_space": {
        "head": {
          "x": 0.2646125555038452,
          "y": -0.46863222122192383,
          "z": 1.6305896043777466
        },
        "tail": {
          "x": 0.2749007046222687,
          "y": -0.5643401741981506,
          "z": 1.6703057289123535
        },
        "rotation_quaternion": {
          "w": 0.13690386712551117,
          "x": 0.46560850739479065,
          "y": -0.14731167256832123,
          "z": -0.8618382811546326
        },
        "matrix": [
          [
            -0.5289322733879089,
            0.09880015254020691,
            -0.8428934812545776,
            0.2646125555038452
          ],
          [
            -0.37315765023231506,
            -0.9191133975982666,
            0.12642942368984222,
            -0.46863222122192383
          ],
          [
            -0.7622289061546326,
            0.38140663504600525,
            0.5230204463005066,
            1.6305896043777466
          ],
          [
            0.0,
            0.0,
            0.0,
            1.0
          ]
        ]
      },
      "bone_length_armature_space": 0.10413084729403274,
      "parent": "lowerarm_l",
      "has_children": true,
      "is_end_bone": false
    },
    "pinky_01_l": {
      "name": "pinky_01_l",
      "local": {
        "location": {
          "x": 0.0,
          "y": 0.0,
          "z": 0.0
        },
        "rotation_quaternion": {
          "w": 0.9951781034469604,
          "x": -0.09737202525138855,
          "y": 0.0100741907954216,
          "z": 0.006157515570521355
        },
        "scale": {
          "x": 1.0,
          "y": 1.0,
          "z": 1.0
        },
        "matrix_basis": [
          [
            0.9997211694717407,
            -0.014217537827789783,
            0.01885208860039711,
            0.0
          ],
          [
            0.01029376033693552,
            0.9809615612030029,
            0.19392907619476318,
            0.0
          ],
          [
            -0.021250367164611816,
            -0.19368095695972443,
            0.980834424495697,
            0.0
          ],
          [
            0.0,
            0.0,
            0.0,
            1.0
          ]
        ],
        "rotation_mode": "QUATERNION"
      },
      "armature_space": {
        "head": {
          "x": 0.2749007046222687,
          "y": -0.6275841593742371,
          "z": 0.7204517722129822
        },
        "tail": {
          "x": 0.2718313932418823,
