{
  "metadata": {
    "armature_name": "KIM_caucasian_male",
    "export_time": "2026-01-13T21:07:30.577546",
    "blender_version": "4.4.1",
    "bone_count": 56,
    "end_bone_count": 13,
    "spaces_included": [
      "LOCAL_CHANNELS",
      "ARMATURE_SPACE",
      "WORLD_SPACE"
    ],
    "note": "LOCAL matches Transform panel; replay pose via local.matrix_basis for best fidelity."
  },
  "bones": {
    "Root": {
      "name": "Root",
      "local": {
        "location": {
          "x": 0.0,
          "y": 0.0,
          "z": 0.0
        },
        "rotation_quaternion": {
          "w": 0.9999412298202515,
          "x": 0.009804998524487019,
          "y": -0.0011837022611871362,
          "z": 0.004474681802093983
        },
        "scale": {
          "x": 1.0,
          "y": 1.0,
          "z": 1.0
        },
        "matrix_basis": [
          [
            0.9999571442604065,
            -0.008972049690783024,
            -0.0022795170079916716,
            0.0
          ],
          [
            0.008925625123083591,
            0.9997676610946655,
            -0.01961943879723549,
            0.0
          ],
          [
            0.0024550138041377068,
            0.019598251208662987,
            0.9998049139976501,
            0.0
          ],
          [
            0.0,
            0.0,
            0.0,
            1.0
          ]
        ],
        "rotation_mode": "QUATERNION"
      },
      "armature_space": {
        "head": {
          "x": 0.0,
          "y": 0.07072800397872925,
          "z": -0.009595036506652832
        },
        "tail": {
          "x": -0.0006403878214769065,
          "y": -0.00017160922288894653,
          "z": -0.0013883840292692184
        }
      },
      "world_space": {
        "head": {
          "x": 0.0,
          "y": 0.13397200405597687,
          "z": 0.9402589797973633
        },
        "tail": {
          "x": -0.0006403878214769065,
          "y": 0.06307239085435867,
          "z": 0.9484656453132629
        },
        "rotation_quaternion": {
          "w": 0.057580962777137756,
          "x": 0.9983301162719727,
          "y": -0.004544259514659643,
          "z": -0.0008795635076239705
        },
        "matrix": [
          [
            0.9999571442604065,
            -0.008972049690783024,
            -0.0022795170079916716,
            0.0
          ],
          [
            -0.009174635633826256,
            -0.9933274984359741,
            -0.11496210843324661,
            0.13397200405597687
          ],
          [
            -0.0012328781886026263,
            0.11497796326875687,
            -0.9933743476867676,
            0.9402589797973633
          ],
          [
            0.0,
            0.0,
            0.0,
            1.0
          ]
        ]
      },
      "bone_length_armature_space": 0.07137586542159818,
      "parent": null,
      "has_children": true,
      "is_end_bone": false
    },
    "spine_01": {
      "name": "spine_01",
      "local": {
        "location": {
          "x": 0.0,
          "y": 0.0,
          "z": 0.0
        },
        "rotation_quaternion": {
          "w": 0.9980006814002991,
          "x": 0.057737961411476135,
          "y": 0.01616867631673813,
          "z": 0.019992154091596603
        },
        "scale": {
          "x": 1.0,
          "y": 1.0,
          "z": 1.0
        },
        "matrix_basis": [
          [
            0.9986777901649475,
            -0.03803727403283119,
            0.03458131104707718,
            0.0
          ],
          [
            0.04177146032452583,
            0.992533266544342,
            -0.11459855735301971,
            0.0
          ],
          [
            -0.029964087530970573,
            0.11589154601097107,
            0.9928098320960999,
            0.0
          ],
          [
            0.0,
            0.0,
            0.0,
            1.0
          ]
        ],
        "rotation_mode": "QUATERNION"
      },
      "armature_space": {
        "head": {
          "x": -0.0006403878214769065,
          "y": -0.00017160922288894653,
          "z": -0.0013883840292692184
        },
        "tail": {
          "x": -0.019001081585884094,
          "y": -0.04339052736759186,
          "z": 0.4843517541885376
        }
      },
      "world_space": {
        "head": {
          "x": -0.0006403878214769065,
          "y": 0.06307239085435867,
          "z": 0.9484656453132629
        },
        "tail": {
          "x": -0.019001081585884094,
          "y": 0.01985347270965576,
          "z": 1.4342057704925537
        },
        "rotation_quaternion": {
          "w": 0.6750480532646179,
          "x": 0.737424910068512,
          "y": -0.005323011893779039,
          "z": 0.02205296792089939
        },
        "matrix": [
          [
            0.9989706873893738,
            -0.03762427717447281,
            0.02533796802163124,
            -0.0006403878214769065
          ],
          [
            0.021922733634710312,
            -0.08856313675642014,
            -0.9958292841911316,
            0.06307239085435867
          ],
          [
            0.03971166908740997,
            0.995366632938385,
            -0.0876486748456955,
            0.9484656453132629
          ],
          [
            0.0,
            0.0,
            0.0,
            1.0
          ]
        ]
      },
      "bone_length_armature_space": 0.488004565913132,
      "parent": "Root",
      "has_children": true,
      "is_end_bone": false
    },
    "neck_01": {
      "name": "neck_01",
      "local": {
        "location": {
          "x": 0.0,
          "y": 0.0,
          "z": 0.0
        },
        "rotation_quaternion": {
          "w": 0.9923976063728333,
          "x": 0.06405819207429886,
          "y": -0.09338139742612839,
          "z": 0.04820423945784569
        },
        "scale": {
          "x": 1.0,
          "y": 1.0,
          "z": 1.0
        },
        "matrix_basis": [
          [
            0.9779125452041626,
            -0.10763923078775406,
            -0.17916719615459442,
            0.0
          ],
          [
            0.08371185511350632,
            0.9871457815170288,
            -0.13614514470100403,
            0.0
          ],
          [
            0.19151870906352997,
            0.11813963204622269,
            0.9743528962135315,
            0.0
          ],
          [
            0.0,
            0.0,
            0.0,
            1.0
          ]
        ],
        "rotation_mode": "QUATERNION"
      },
      "armature_space": {
        "head": {
          "x": -0.020877141505479813,
          "y": -0.08441078662872314,
          "z": 0.5541912913322449
        },
        "tail": {
          "x": -0.034013960510492325,
          "y": -0.14196351170539856,
          "z": 0.6380114555358887
        }
      },
      "world_space": {
        "head": {
          "x": -0.020877141505479813,
          "y": -0.021166786551475525,
          "z": 1.5040452480316162
        },
        "tail": {
          "x": -0.034013960510492325,
          "y": -0.07871951162815094,
          "z": 1.5878654718399048
        },
        "rotation_quaternion": {
          "w": 0.4596424996852875,
          "x": 0.882952868938446,
          "y": -0.0896773561835289,
          "z": -0.03287827968597412
        },
        "matrix": [
          [
            0.9817540049552917,
            -0.12813740968704224,
            -0.14049936830997467,
            -0.020877141505479813
          ],
          [
            -0.18858668208122253,
            -0.5613730549812317,
            -0.8057887554168701,
            -0.021166786551475525
          ],
          [
            0.024379096925258636,
            0.8175876140594482,
            -0.5752999782562256,
            1.5040452480316162
          ],
          [
            0.0,
            0.0,
            0.0,
            1.0
          ]
        ]
      },
      "bone_length_armature_space": 0.10252176355999623,
      "parent": "spine_01",
      "has_children": true,
      "is_end_bone": false
    },
    "head": {
      "name": "head",
      "local": {
        "location": {
          "x": 0.0,
          "y": 0.0,
          "z": 0.0
        },
        "rotation_quaternion": {
          "w": 0.9844247102737427,
          "x": -0.03527253493666649,
          "y": -0.17197012901306152,
          "z": -0.009495079517364502
        },
        "scale": {
          "x": 1.0,
          "y": 1.0,
          "z": 1.0
        },
        "matrix_basis": [
          [
            0.9406722187995911,
            0.0308260265737772,
            -0.337913453578949,
            0.0
          ],
          [
            -0.006562736816704273,
            0.9973313808441162,
            0.07271204888820648,
            0.0
          ],
          [
            0.33925312757492065,
            -0.06618057191371918,
            0.9383642673492432,
            0.0
          ],
          [
            0.0,
            0.0,
            0.0,
            1.0
          ]
        ],
        "rotation_mode": "QUATERNION"
      },
      "armature_space": {
        "head": {
          "x": -0.03401397168636322,
          "y": -0.14196358621120453,
          "z": 0.6380112767219543
        },
        "tail": {
          "x": -0.03819185867905617,
          "y": -0.16897565126419067,
          "z": 0.7906749248504639
        }
      },
      "world_space": {
        "head": {
          "x": -0.03401397168636322,
          "y": -0.07871958613395691,
          "z": 1.5878653526306152
        },
        "tail": {
          "x": -0.03819185867905617,
          "y": -0.10573165118694305,
          "z": 1.74052894115448
        },
        "rotation_quaternion": {
          "w": 0.6173282861709595,
          "x": 0.7416427135467529,
          "y": -0.178383469581604,
          "z": -0.19248716533184052
        },
        "matrix": [
          [
            0.8622562885284424,
            -0.026938421651721,
            -0.5057555437088013,
            -0.03401397168636322
          ],
          [
            -0.5022490620613098,
            -0.17417006194591522,
            -0.8470011949539185,
            -0.07871958613395691
          ],
          [
            -0.0652715414762497,
            0.9843538403511047,
            -0.16371093690395355,
            1.5878653526306152
          ],
          [
            0.0,
            0.0,
            0.0,
            1.0
          ]
        ]
      },
      "bone_length_armature_space": 0.15509124895134974,
      "parent": "neck_01",
      "has_children": false,
      "is_end_bone": true
    },
    "upperarm_l": {
      "name": "upperarm_l",
      "local": {
        "location": {
          "x": 0.0,
          "y": 0.0,
          "z": 0.0
        },
        "rotation_quaternion": {
          "w": 0.8574404120445251,
          "x": 0.4661550521850586,
          "y": 0.20479103922843933,
          "z": -0.07453901320695877
        },
        "scale": {
          "x": 1.0,
          "y": 1.0,
          "z": 1.0
        },
        "matrix_basis": [
          [
            0.9050091505050659,
            0.31875428557395935,
            0.2816987633705139,
            0.0
          ],
          [
            0.06310322880744934,
            0.554286777973175,
            -0.8299301862716675,
            0.0
          ],
          [
            -0.42068570852279663,
            0.7688705325126648,
            0.4815202057361603,
            0.0
          ],
          [
            0.0,
            0.0,
            0.0,
            1.0
          ]
        ],
        "rotation_mode": "QUATERNION"
      },
      "armature_space": {
        "head": {
          "x": 0.13157792389392853,
          "y": -0.07834607362747192,
          "z": 0.49297213554382324
        },
        "tail": {
          "x": 0.2943434715270996,
          "y": -0.26379305124282837,
          "z": 0.3884512782096863
        }
      },
      "world_space": {
        "head": {
          "x": 0.13157792389392853,
          "y": -0.015102073550224304,
          "z": 1.4428261518478394
        },
        "tail": {
          "x": 0.2943434715270996,
          "y": -0.20054905116558075,
          "z": 1.3383052349090576
        },
        "rotation_quaternion": {
          "w": 0.03738585114479065,
          "x": 0.723086953163147,
          "y": 0.390613317489624,
          "z": -0.5684793591499329
        },
        "matrix": [
          [
            0.04850350320339203,
            0.6074034571647644,
            -0.7929113507270813,
            0.13157792389392853
          ],
          [
            0.5223885774612427,
            -0.6920452117919922,
            -0.4981805086135864,
            -0.015102073550224304
          ],
          [
            -0.8513325452804565,
            -0.39004772901535034,
            -0.35087013244628906,
            1.4428261518478394
          ],
          [
            0.0,
            0.0,
            0.0,
            1.0
          ]
        ]
      },
      "bone_length_armature_space": 0.2679697984836185,
      "parent": "spine_01",
      "has_children": true,
      "is_end_bone": false
    },
    "lowerarm_l": {
      "name": "lowerarm_l",
      "local": {
        "location": {
          "x": 0.0,
          "y": 0.0,
          "z": 0.0
        },
        "rotation_quaternion": {
          "w": 0.9955682754516602,
          "x": 0.05888364836573601,
          "y": 0.028254147619009018,
          "z": -0.06766331940889359
        },
        "scale": {
          "x": 1.0,
          "y": 1.0,
          "z": 1.0
        },
        "matrix_basis": [
          [
            0.9892467856407166,
            0.13805432617664337,
            0.04828933998942375,
            0.0
          ],
          [
            -0.1313994973897934,
            0.9839087724685669,
            -0.12106892466545105,
            0.0
          ],
          [
            -0.06422638893127441,
            0.11342184245586395,
            0.9914688467979431,
            0.0
          ],
          [
            0.0,
            0.0,
            0.0,
            1.0
          ]
        ],
        "rotation_mode": "QUATERNION"
      },
      "armature_space": {
        "head": {
          "x": 0.2943434715270996,
          "y": -0.2637931704521179,
          "z": 0.38845130801200867
        },
        "tail": {
          "x": 0.4003601372241974,
          "y": -0.46855753660202026,
          "z": 0.25279855728149414
        }
      },
      "world_space": {
        "head": {
          "x": 0.2943434715270996,
          "y": -0.2005491703748703,
          "z": 1.3383053541183472
        },
        "tail": {
          "x": 0.4003601372241974,
          "y": -0.40531355142593384,
          "z": 1.2026525735855103
        },
        "rotation_quaternion": {
          "w": 0.05458350479602814,
          "x": -0.6891245245933533,
          "y": -0.33810919523239136,
          "z": 0.63860023021698
        },
        "matrix": [
          [
            -0.044256485998630524,
            0.3962876796722412,
            -0.9170591235160828,
            0.2943434715270996
          ],
          [
            0.5357128977775574,
            -0.7654042840003967,
            -0.35660648345947266,
            -0.2005491703748703
          ],
          [
            -0.8432451486587524,
            -0.5070667266845703,
            -0.17842388153076172,
            1.3383053541183472
          ],
          [
            0.0,
            0.0,
            0.0,
            1.0
          ]
        ]
      },
      "bone_length_armature_space": 0.26752503940503825,
      "parent": "upperarm_l",
      "has_children": true,
      "is_end_bone": false
    },
    "metacarpal_thumb_l": {
      "name": "metacarpal_thumb_l",
      "local": {
        "location": {
          "x": 0.0,
          "y": 0.0,
          "z": 0.0
        },
        "rotation_quaternion": {
          "w": 0.9998033046722412,
          "x": -0.012545760720968246,
          "y": 0.010544298216700554,
          "z": -0.011167719028890133
        },
        "scale": {
          "x": 1.0,
          "y": 1.0,
          "z": 1.0
        },
        "matrix_basis": [
          [
            0.9995282292366028,
            0.022066472098231316,
            0.021364662796258926,
            0.0
          ],
          [
            -0.022595617920160294,
            0.9994357824325562,
            0.024851074442267418,
            0.0
          ],
          [
            -0.020804233849048615,
            -0.025322098284959793,
            0.9994628429412842,
            0.0
          ],
          [
            0.0,
            0.0,
            0.0,
            1.0
          ]
        ],
        "rotation_mode": "QUATERNION"
      },
      "armature_space": {
        "head": {
          "x": 0.4003601372241974,
          "y": -0.46855753660202026,
          "z": 0.25279855728149414
        },
        "tail": {
          "x": 0.3898739218711853,
          "y": -0.5049572587013245,
          "z": 0.22088149189949036
        }
      },
      "world_space": {
        "head": {
          "x": 0.4003601372241974,
          "y": -0.40531355142593384,
          "z": 1.2026525735855103
        },
        "tail": {
          "x": 0.3898739218711853,
          "y": -0.44171327352523804,
          "z": 1.170735478401184
        },
        "rotation_quaternion": {
          "w": 0.3528856039047241,
          "x": -0.929172158241272,
          "y": 0.08970950543880463,
          "z": 0.06374240666627884
        },
        "matrix": [
          [
            0.9757782816886902,
            -0.21169885993003845,
            -0.05514027923345566,
            0.4003601372241974
          ],
          [
            -0.12172414362430573,
            -0.7348482012748718,
            0.6672191619873047,
            -0.40531355142593384
          ],
          [
            -0.18177063763141632,
            -0.644351065158844,
            -0.7428224086761475,
            1.2026525735855103
          ],
          [
            0.0,
            0.0,
            0.0,
            1.0
          ]
        ]
      },
      "bone_length_armature_space": 0.049533821887399514,
      "parent": "lowerarm_l",
      "has_children": true,
      "is_end_bone": false
    },
    "thumb_01_l": {
      "name": "thumb_01_l",
      "local": {
        "location": {
          "x": 0.0,
          "y": 0.0,
          "z": 0.0
        },
        "rotation_quaternion": {
          "w": 0.9542350769042969,
          "x": 0.2987033724784851,
          "y": 0.0009571305708959699,
          "z": -0.01452647801488638
        },
        "scale": {
          "x": 1.0,
          "y": 1.0,
          "z": 1.0
        },
        "matrix_basis": [
          [
            0.9995761513710022,
            0.02829514630138874,
            -0.006851560901850462,
            0.0
          ],
          [
            -0.027151552960276604,
            0.8211305737495422,
            -0.5700942873954773,
            0.0
          ],
          [
            -0.010504870675504208,
            0.5700386762619019,
            0.8215507864952087,
            0.0
          ],
          [
            0.0,
            0.0,
            0.0,
            1.0
          ]
        ],
        "rotation_mode": "QUATERNION"
      },
      "armature_space": {
        "head": {
          "x": 0.3898739218711853,
          "y": -0.5049572587013245,
          "z": 0.22088149189949036
        },
        "tail": {
          "x": 0.39975985884666443,
          "y": -0.5076358914375305,
          "z": 0.18842023611068726
        }
      },
      "world_space": {
        "head": {
          "x": 0.3898739218711853,
          "y": -0.44171327352523804,
          "z": 1.170735478401184
        },
        "tail": {
          "x": 0.39975985884666443,
          "y": -0.4443919062614441,
          "z": 1.1382741928100586
        },
        "rotation_quaternion": {
          "w": 0.5224937200546265,
          "x": -0.40428024530410767,
          "y": 0.4331895112991333,
          "z": -0.6131107807159424
        },
        "matrix": [
          [
            -0.1271139532327652,
            0.2904333472251892,
            0.9484149813652039,
            0.3898739218711853
          ],
          [
            -0.9909530282020569,
            -0.07869365811347961,
            -0.10871687531471252,
            -0.44171327352523804
          ],
          [
            0.043058812618255615,
            -0.9536608457565308,
            0.29781079292297363,
            1.170735478401184
          ],
          [
            0.0,
            0.0,
            0.0,
            1.0
          ]
        ]
      },
      "bone_length_armature_space": 0.034038801229937674,
      "parent": "metacarpal_thumb_l",
      "has_children": true,
      "is_end_bone": false
    },
    "thumb_02_l": {
      "name": "thumb_02_l",
      "local": {
        "location": {
          "x": 0.0,
          "y": 0.0,
          "z": 0.0
        },
        "rotation_quaternion": {
          "w": 0.8985997438430786,
          "x": 0.4386342763900757,
          "y": -0.009095126762986183,
          "z": -0.005984742194414139
        },
        "scale": {
          "x": 1.0,
          "y": 1.0,
          "z": 1.0
        },
        "matrix_basis": [
          [
            0.9997629523277283,
            0.0027769068256020546,
            -0.02159598283469677,
            0.0
          ],
          [
            -0.0187346450984478,
            0.6151283383369446,
            -0.7882044315338135,
            0.0
          ],
          [
            0.011095531284809113,
            0.788422167301178,
            0.6150345206260681,
            0.0
          ],
          [
            0.0,
            0.0,
            0.0,
            1.0
          ]
        ],
        "rotation_mode": "QUATERNION"
      },
      "armature_space": {
        "head": {
          "x": 0.39975982904434204,
          "y": -0.5076358318328857,
          "z": 0.18842023611068726
        },
        "tail": {
          "x": 0.4188338816165924,
          "y": -0.5335439443588257,
          "z": 0.21246474981307983
        }
      },
      "world_space": {
        "head": {
          "x": 0.39975982904434204,
          "y": -0.4443918466567993,
          "z": 1.1382741928100586
        },
        "tail": {
          "x": 0.4188338816165924,
          "y": -0.47029995918273926,
          "z": 1.1623187065124512
        },
        "rotation_quaternion": {
          "w": 0.30709022283554077,
          "x": 0.13208149373531342,
          "y": -0.2883918285369873,
          "z": -0.897262692451477
        },
        "matrix": [
          [
            -0.7764998078346252,
            0.47489917278289795,
            -0.4141489267349243,
            0.39975982904434204
          ],
          [
            -0.6272642612457275,
            -0.6450512409210205,
            0.43640416860580444,
            -0.4443918466567993
          ],
          [
            -0.05990021675825119,
            0.5986521244049072,
            0.798775315284729,
            1.1382741928100586
          ],
          [
            0.0,
            0.0,
            0.0,
            1.0
          ]
        ]
      },
      "bone_length_armature_space": 0.040164516909328436,
      "parent": "thumb_01_l",
      "has_children": true,
      "is_end_bone": false
    },
    "thumb_03_l": {
      "name": "thumb_03_l",
      "local": {
        "location": {
          "x": 0.0,
          "y": 0.0,
          "z": 0.0
        },
        "rotation_quaternion": {
          "w": 0.9870134592056274,
          "x": 0.16043609380722046,
          "y": -0.007051992230117321,
          "z": 0.0038796011358499527
        },
        "scale": {
          "x": 1.0,
          "y": 1.0,
          "z": 1.0
        },
        "matrix_basis": [
          [
            0.9998704195022583,
            -0.009921224787831306,
            -0.012675966136157513,
            0.0
          ],
          [
            0.005395649001002312,
            0.9484904408454895,
            -0.3167598843574524,
            0.0
          ],
          [
            0.015165678225457668,
            0.3166504502296448,
            0.948421061038971,
            0.0
          ],
          [
            0.0,
            0.0,
            0.0,
            1.0
          ]
        ],
        "rotation_mode": "QUATERNION"
      },
      "armature_space": {
        "head": {
          "x": 0.41883385181427,
          "y": -0.5335439443588257,
          "z": 0.21246466040611267
        },
        "tail": {
          "x": 0.4249899983406067,
          "y": -0.5419729948043823,
          "z": 0.24106457829475403
        }
      },
      "world_space": {
        "head": {
          "x": 0.41883385181427,
          "y": -0.47029995918273926,
          "z": 1.1623187065124512
        },
        "tail": {
          "x": 0.4249899983406067,
          "y": -0.4787290096282959,
          "z": 1.1909185647964478
        },
        "rotation_quaternion": {
          "w": 0.3773680627346039,
          "x": 0.3593166172504425,
          "y": -0.4681472182273865,
          "z": -0.7136688232421875
        },
        "matrix": [
          [
            -0.4569697082042694,
            0.20220662653446198,
            -0.8661938905715942,
            0.41883385181427
          ],
          [
            -0.875058114528656,
            -0.2768625020980835,
            0.39701467752456665,
            -0.47029995918273926
          ],
          [
            -0.15953943133354187,
            0.9393998384475708,
            0.3034627437591553,
            1.1623187065124512
          ],
          [
            0.0,
            0.0,
            0.0,
            1.0
          ]
        ]
      },
      "bone_length_armature_space": 0.03044507061682526,
      "parent": "thumb_02_l",
      "has_children": false,
      "is_end_bone": true
    },
    "metacarpal_index_l": {
      "name": "metacarpal_index_l",
      "local": {
        "location": {
          "x": 0.0,
          "y": 0.0,
          "z": 0.0
        },
        "rotation_quaternion": {
          "w": 0.9993876814842224,
          "x": -0.034450799226760864,
          "y": -0.003883172757923603,
          "z": 0.004734646994620562
        },
        "scale": {
          "x": 1.0,
          "y": 1.0,
          "z": 1.0
        },
        "matrix_basis": [
          [
            0.9999250173568726,
            -0.00919593870639801,
            -0.008087814785540104,
            0.0
          ],
          [
            0.009731052443385124,
            0.997581422328949,
            0.06882263720035553,
            0.0
          ],
          [
            0.007435365114361048,
            -0.06889618188142776,
            0.9975961446762085,
            0.0
          ],
          [
            0.0,
            0.0,
            0.0,
            1.0
          ]
        ],
        "rotation_mode": "QUATERNION"
      },
      "armature_space": {
        "head": {
          "x": 0.4003601372241974,
          "y": -0.46855753660202026,
          "z": 0.25279855728149414
        },
        "tail": {
          "x": 0.41561606526374817,
          "y": -0.5669328570365906,
          "z": 0.19100186228752136
        }
      },
      "world_space": {
        "head": {
          "x": 0.4003601372241974,
          "y": -0.40531355142593384,
          "z": 1.2026525735855103
        },
        "tail": {
          "x": 0.41561606526374817,
          "y": -0.5036888718605042,
          "z": 1.1408559083938599
        },
        "rotation_quaternion": {
          "w": 0.2398575097322464,
          "x": -0.9107927680015564,
          "y": -0.15059025585651398,
          "z": 0.3004123568534851
        },
        "matrix": [
          [
            0.774150013923645,
            0.13020145893096924,
            -0.6194669604301453,
            0.4003601372241974
          ],
          [
            0.4184255003929138,
            -0.8395823836326599,
            0.3464415371417999,
            -0.40531355142593384
          ],
          [
            -0.4749893546104431,
            -0.5274028182029724,
            -0.7044470310211182,
            1.2026525735855103
          ],
          [
            0.0,
            0.0,
            0.0,
            1.0
          ]
        ]
      },
      "bone_length_armature_space": 0.11717200282316402,
      "parent": "lowerarm_l",
      "has_children": true,
      "is_end_bone": false
    },
    "index_01_l": {
      "name": "index_01_l",
      "local": {
        "location": {
          "x": 0.0,
          "y": 0.0,
          "z": 0.0
        },
        "rotation_quaternion": {
          "w": 0.943326473236084,
          "x": 0.3308526873588562,
          "y": 0.01694292575120926,
          "z": 0.019614845514297485
        },
        "scale": {
          "x": 1.0,
          "y": 1.0,
          "z": 1.0
        },
        "matrix_basis": [
          [
            0.9986563920974731,
            -0.02579518035054207,
            0.04494467005133629,
            0.0
          ],
          [
            0.04821763187646866,
            0.7803035378456116,
            -0.6235395073890686,
            0.0
          ],
          [
            -0.01898617297410965,
            0.6248688697814941,
            0.7804988622665405,
            0.0
          ],
          [
            0.0,
            0.0,
            0.0,
            1.0
          ]
        ],
        "rotation_mode": "QUATERNION"
      },
      "armature_space": {
        "head": {
          "x": 0.41561606526374817,
          "y": -0.5669328570365906,
          "z": 0.19100186228752136
        },
        "tail": {
          "x": 0.4156821668148041,
          "y": -0.5778955817222595,
          "z": 0.16467897593975067
        }
      },
      "world_space": {
        "head": {
          "x": 0.41561606526374817,
          "y": -0.5036888718605042,
          "z": 1.1408559083938599
        },
        "tail": {
          "x": 0.4156821668148041,
          "y": -0.5146515965461731,
          "z": 1.1145329475402832
        },
        "rotation_quaternion": {
          "w": 0.5139690041542053,
          "x": -0.7715986967086792,
          "y": -0.20881754159927368,
          "z": 0.3112339973449707
        },
        "matrix": [
          [
            0.7190577387809753,
            0.0023182332515716553,
            -0.6949464678764343,
            0.41561606526374817
          ],
          [
            0.6421756744384766,
            -0.3844629228115082,
            0.6631733179092407,
            -0.5036888718605042
          ],
          [
            -0.2656451463699341,
            -0.9231444597244263,
            -0.27794119715690613,
            1.1408559083938599
          ],
          [
            0.0,
            0.0,
            0.0,
            1.0
          ]
        ]
      },
      "bone_length_armature_space": 0.02851455835389038,
      "parent": "metacarpal_index_l",
      "has_children": true,
      "is_end_bone": false
    },
    "index_02_l": {
      "name": "index_02_l",
      "local": {
        "location": {
          "x": 0.0,
          "y": 0.0,
          "z": 0.0
        },
        "rotation_quaternion": {
          "w": 0.8981778621673584,
          "x": 0.4396126866340637,
          "y": -0.004005991388112307,
          "z": -0.0011414899490773678
        },
        "scale": {
          "x": 1.0,
          "y": 1.0,
          "z": 1.0
        },
        "matrix_basis": [
          [
            0.9999653100967407,
            -0.0014716472942382097,
            -0.008199812844395638,
            0.0
          ],
          [
            -0.005572691094130278,
            0.6134787797927856,
            -0.7896916270256042,
            0.0
          ],
          [
            0.006192558445036411,
            0.7897099256515503,
            0.6134492754936218,
            0.0
          ],
          [
            0.0,
            0.0,
            0.0,
            1.0
          ]
        ],
        "rotation_mode": "QUATERNION"
      },
      "armature_space": {
        "head": {
          "x": 0.41568177938461304,
          "y": -0.5778956413269043,
          "z": 0.16467860341072083
        },
        "tail": {
          "x": 0.40143999457359314,
          "y": -0.5717429518699646,
          "z": 0.14424794912338257
        }
      },
      "world_space": {
        "head": {
          "x": 0.41568177938461304,
          "y": -0.5146516561508179,
          "z": 1.1145325899124146
        },
        "tail": {
          "x": 0.40143999457359314,
          "y": -0.5084989666938782,
          "z": 1.094101905822754
        },
        "rotation_quaternion": {
          "w": 0.7834836840629578,
          "x": -0.46837151050567627,
          "y": -0.07793667167425156,
          "z": 0.40088319778442383
        },
        "matrix": [
          [
            0.6664354205131531,
            -0.5551645159721375,
            -0.49765071272850037,
            0.41568177938461304
          ],
          [
            0.7011793255805969,
            0.2398403137922287,
            0.6714346408843994,
            -0.5146516561508179
          ],
          [
            -0.2534012198448181,
            -0.7964155673980713,
            0.5491122603416443,
            1.1145325899124146
          ],
          [
            0.0,
            0.0,
            0.0,
            1.0
          ]
        ]
      },
      "bone_length_armature_space": 0.0256533754583386,
      "parent": "index_01_l",
      "has_children": true,
      "is_end_bone": false
    },
    "index_03_l": {
      "name": "index_03_l",
      "local": {
        "location": {
          "x": 0.0,
          "y": 0.0,
          "z": 0.0
        },
        "rotation_quaternion": {
          "w": 0.9294899106025696,
          "x": 0.3688001036643982,
          "y": 0.0029726887587457895,
          "z": -0.005120646208524704
        },
        "scale": {
          "x": 1.0,
          "y": 1.0,
          "z": 1.0
        },
        "matrix_basis": [
          [
            0.9999299049377441,
            0.011711833998560905,
            0.0017491787439212203,
            0.0
          ],
          [
            -0.007326521910727024,
            0.7279205322265625,
            -0.6856223940849304,
            0.0
          ],
          [
            -0.009303158149123192,
            0.68556147813797,
            0.7279552817344666,
            0.0
          ],
          [
            0.0,
            0.0,
            0.0,
            1.0
          ]
        ],
        "rotation_mode": "QUATERNION"
      },
      "armature_space": {
        "head": {
          "x": 0.4014400541782379,
          "y": -0.5717430710792542,
          "z": 0.1442478895187378
        },
        "tail": {
          "x": 0.38237932324409485,
          "y": -0.550009548664093,
          "z": 0.1399964690208435
        }
      },
      "world_space": {
        "head": {
          "x": 0.4014400541782379,
          "y": -0.5084990859031677,
          "z": 1.094101905822754
        },
        "tail": {
          "x": 0.38237932324409485,
          "y": -0.4867655634880066,
          "z": 1.0898504257202148
        },
        "rotation_quaternion": {
          "w": 0.9301748275756836,
          "x": -0.10820181667804718,
          "y": 0.0817694142460823,
          "z": 0.3411467671394348
        },
        "matrix": [
          [
            0.7538653612136841,
            -0.6523474454879761,
            0.0782938003540039,
            0.4014400541782379
          ],
          [
            0.6169571280479431,
            0.743822455406189,
            0.2570844292640686,
            -0.5084990859031677
          ],
          [
            -0.22594615817070007,
            -0.1455036699771881,
            0.9632192254066467,
            1.094101905822754
          ],
          [
            0.0,
            0.0,
            0.0,
            1.0
          ]
        ]
      },
      "bone_length_armature_space": 0.029218693409548347,
      "parent": "index_02_l",
      "has_children": false,
      "is_end_bone": true
    },
    "metacarpal_pinky_l": {
      "name": "metacarpal_pinky_l",
      "local": {
        "location": {
          "x": 0.0,
          "y": 0.0,
          "z": 0.0
        },
        "rotation_quaternion": {
          "w": 0.9995461106300354,
          "x": -0.02400660142302513,
          "y": 0.012217962183058262,
          "z": 0.01349298469722271
        },
        "scale": {
          "x": 1.0,
          "y": 1.0,
          "z": 1.0
        },
        "matrix_basis": [
          [
            0.9993373155593872,
            -0.027560343965888023,
            0.023776991292834282,
            0.0
          ],
          [
            0.02638709731400013,
            0.9984832406044006,
            0.04832112416625023,
            0.0
          ],
          [
            -0.025072675198316574,
            -0.04766169562935829,
            0.9985488057136536,
            0.0
          ],
          [
            0.0,
            0.0,
            0.0,
            1.0
          ]
        ],
        "rotation_mode": "QUATERNION"
      },
      "armature_space": {
        "head": {
          "x": 0.4003601372241974,
          "y": -0.46855753660202026,
          "z": 0.25279855728149414
        },
        "tail": {
          "x": 0.47144338488578796,
          "y": -0.5283163189888,
          "z": 0.20568902790546417
        }
      },
      "world_space": {
        "head": {
          "x": 0.4003601372241974,
          "y": -0.40531355142593384,
          "z": 1.2026525735855103
        },
        "tail": {
          "x": 0.47144338488578796,
          "y": -0.4650723338127136,
          "z": 1.1555430889129639
        },
        "rotation_quaternion": {
          "w": 0.3152772784233093,
          "x": 0.2053568959236145,
          "y": 0.3371334969997406,
          "z": -0.8630005121231079
        },
        "matrix": [
          [
            -0.7168575525283813,
            0.6826345324516296,
            -0.14186370372772217,
            0.4003601372241974
          ],
          [
            -0.4057053029537201,
            -0.5738821625709534,
            -0.7113808393478394,
            -0.40531355142593384
          ],
          [
            -0.5670305490493774,
            -0.45240747928619385,
            0.6883442997932434,
            1.2026525735855103
          ],
          [
            0.0,
            0.0,
            0.0,
            1.0
          ]
        ]
      },
      "bone_length_armature_space": 0.10413091811051725,
      "parent": "lowerarm_l",
      "has_children": true,
      "is_end_bone": false
    },
    "pinky_01_l": {
      "name": "pinky_01_l",
      "local": {
        "location": {
          "x": 0.0,
          "y": 0.0,
          "z": 0.0
        },
        "rotation_quaternion": {
          "w": 0.9437849521636963,
          "x": 0.3302837908267975,
          "y": -0.012434315867722034,
          "z": 0.0052994717843830585
        },
        "scale": {
          "x": 1.0,
          "y": 1.0,
          "z": 1.0
        },
        "matrix_basis": [
          [
            0.9996346235275269,
            -0.018216829746961594,
            -0.019969981163740158,
            0.0
          ],
          [
            0.0017894174670800567,
            0.7817690372467041,
            -0.6235655546188354,
            0.0
          ],
          [
            0.026971299201250076,
            0.6233019232749939,
            0.7815160155296326,
            0.0
          ],
          [
            0.0,
            0.0,
            0.0,
            1.0
          ]
        ],
        "rotation_mode": "QUATERNION"
      },
      "armature_space": {
        "head": {
          "x": 0.47144338488578796,
          "y": -0.5283163189888,
          "z": 0.20568902790546417
