{
  "metadata": {
    "armature_name": "KIM_caucasian_male",
    "export_time": "2026-01-13T21:04:46.547172",
    "blender_version": "4.4.1",
    "bone_count": 56,
    "end_bone_count": 13,
    "spaces_included": [
      "LOCAL_CHANNELS",
      "ARMATURE_SPACE",
      "WORLD_SPACE"
    ],
    "note": "LOCAL matches Transform panel; replay pose via local.matrix_basis for best fidelity."
  },
  "bones": {
    "Root": {
      "name": "Root",
      "local": {
        "location": {
          "x": 0.0,
          "y": 0.0,
          "z": 0.0
        },
        "rotation_quaternion": {
          "w": 0.9998682737350464,
          "x": -0.0006879178690724075,
          "y": 0.014591018669307232,
          "z": 0.0070838043466210365
        },
        "scale": {
          "x": 1.0,
          "y": 1.0,
          "z": 1.0
        },
        "matrix_basis": [
          [
            0.9994738698005676,
            -0.01418581698089838,
            0.029168447479605675,
            0.0
          ],
          [
            0.014145667664706707,
            0.9998986721038818,
            0.0015823743306100368,
            0.0
          ],
          [
            -0.029187940061092377,
            -0.001168934628367424,
            0.9995732307434082,
            0.0
          ],
          [
            0.0,
            0.0,
            0.0,
            1.0
          ]
        ],
        "rotation_mode": "QUATERNION"
      },
      "armature_space": {
        "head": {
          "x": 0.0,
          "y": 0.07072800397872925,
          "z": -0.009595036506652832
        },
        "tail": {
          "x": -0.0010125250555574894,
          "y": 1.8388032913208008e-05,
          "z": 8.170399814844131e-05
        }
      },
      "world_space": {
        "head": {
          "x": 0.0,
          "y": 0.13397200405597687,
          "z": 0.9402589797973633
        },
        "tail": {
          "x": -0.0010125250555574894,
          "y": 0.06326238811016083,
          "z": 0.9499357342720032
        },
        "rotation_quaternion": {
          "w": 0.06804513186216354,
          "x": 0.9975504279136658,
          "y": -0.006084744818508625,
          "z": 0.015035094693303108
        },
        "matrix": [
          [
            0.9994738698005676,
            -0.01418581698089838,
            0.029168447479605675,
            0.0
          ],
          [
            -0.01009354367852211,
            -0.99066561460495,
            -0.1359403282403946,
            0.13397200405597687
          ],
          [
            0.03082481026649475,
            0.13557440042495728,
            -0.9902945756912231,
            0.9402589797973633
          ],
          [
            0.0,
            0.0,
            0.0,
            1.0
          ]
        ]
      },
      "bone_length_armature_space": 0.07137586746714003,
      "parent": null,
      "has_children": true,
      "is_end_bone": false
    },
    "spine_01": {
      "name": "spine_01",
      "local": {
        "location": {
          "x": 0.0,
          "y": 0.0,
          "z": 0.0
        },
        "rotation_quaternion": {
          "w": 0.9988311529159546,
          "x": 0.014013400301337242,
          "y": 0.03623371943831444,
          "z": -0.028758546337485313
        },
        "scale": {
          "x": 1.0,
          "y": 1.0,
          "z": 1.0
        },
        "matrix_basis": [
          [
            0.9957201480865479,
            0.0584653802216053,
            0.07157672196626663,
            0.0
          ],
          [
            -0.05643434822559357,
            0.9979531168937683,
            -0.030078100040555,
            0.0
          ],
          [
            -0.07318874448537827,
            0.02590998262166977,
            0.9969815015792847,
            0.0
          ],
          [
            0.0,
            0.0,
            0.0,
            1.0
          ]
        ],
        "rotation_mode": "QUATERNION"
      },
      "armature_space": {
        "head": {
          "x": -0.0010125250555574894,
          "y": 1.8388032913208008e-05,
          "z": 8.170399814844131e-05
        },
        "tail": {
          "x": 0.012599645182490349,
          "y": 0.010607114993035793,
          "z": 0.4877815842628479
        }
      },
      "world_space": {
        "head": {
          "x": -0.0010125250555574894,
          "y": 0.06326238811016083,
          "z": 0.9499357342720032
        },
        "tail": {
          "x": 0.012599645182490349,
          "y": 0.07385111600160599,
          "z": 1.4376356601715088
        },
        "rotation_quaternion": {
          "w": 0.7140407562255859,
          "x": 0.6993012428283691,
          "y": 0.03153842315077782,
          "z": 0.011355098336935043
        },
        "matrix": [
          [
            0.997752845287323,
            0.02789372205734253,
            0.060920536518096924,
            -0.0010125250555574894
          ],
          [
            0.060325536876916885,
            0.021698156371712685,
            -0.9979429841041565,
            0.06326238811016083
          ],
          [
            -0.029158348217606544,
            0.9993824362754822,
            0.019965922459959984,
            0.9499357342720032
          ],
          [
            0.0,
            0.0,
            0.0,
            1.0
          ]
        ]
      },
      "bone_length_armature_space": 0.4880046824466276,
      "parent": "Root",
      "has_children": true,
      "is_end_bone": false
    },
    "neck_01": {
      "name": "neck_01",
      "local": {
        "location": {
          "x": 0.0,
          "y": 0.0,
          "z": 0.0
        },
        "rotation_quaternion": {
          "w": 0.9825385808944702,
          "x": -0.13860318064689636,
          "y": 0.016412826254963875,
          "z": -0.12303586304187775
        },
        "scale": {
          "x": 1.0,
          "y": 1.0,
          "z": 1.0
        },
        "matrix_basis": [
          [
            0.9691855907440186,
            0.2372252196073532,
            0.06635879725217819,
            0.0
          ],
          [
            -0.24632470309734344,
            0.9313026666641235,
            0.2683272063732147,
            0.0
          ],
          [
            0.0018538538133725524,
            -0.2764046788215637,
            0.9610395431518555,
            0.0
          ],
          [
            0.0,
            0.0,
            0.0,
            1.0
          ]
        ],
        "rotation_mode": "QUATERNION"
      },
      "armature_space": {
        "head": {
          "x": 0.01675473153591156,
          "y": -0.022413279861211777,
          "z": 0.5616472363471985
        },
        "tail": {
          "x": 0.0444486141204834,
          "y": -0.02887149713933468,
          "z": 0.6601464748382568
        }
      },
      "world_space": {
        "head": {
          "x": 0.01675473153591156,
          "y": 0.04083072021603584,
          "z": 1.5115013122558594
        },
        "tail": {
          "x": 0.0444486141204834,
          "y": 0.03437250107526779,
          "z": 1.610000491142273
        },
        "rotation_quaternion": {
          "w": 0.6695438623428345,
          "x": 0.7275062799453735,
          "y": 0.14217564463615417,
          "z": -0.047241486608982086
        },
        "matrix": [
          [
            0.9551084637641907,
            0.2701280117034912,
            0.1216503381729126,
            0.01675473153591156
          ],
          [
            0.1436084657907486,
            -0.06299388408660889,
            -0.9876278042793274,
            0.04083072021603584
          ],
          [
            -0.2591243386268616,
            0.9607681035995483,
            -0.098960280418396,
            1.5115013122558594
          ],
          [
            0.0,
            0.0,
            0.0,
            1.0
          ]
        ]
      },
      "bone_length_armature_space": 0.10252199820390498,
      "parent": "spine_01",
      "has_children": true,
      "is_end_bone": false
    },
    "head": {
      "name": "head",
      "local": {
        "location": {
          "x": 0.0,
          "y": 0.0,
          "z": 0.0
        },
        "rotation_quaternion": {
          "w": 0.97011399269104,
          "x": 0.03561852499842644,
          "y": 0.16587203741073608,
          "z": 0.17348413169384003
        },
        "scale": {
          "x": 1.0,
          "y": 1.0,
          "z": 1.0
        },
        "matrix_basis": [
          [
            0.8847794532775879,
            -0.32478252053260803,
            0.3341880738735199,
            0.0
          ],
          [
            0.34841498732566833,
            0.9372691512107849,
            -0.011555726639926434,
            0.0
          ],
          [
            -0.309471070766449,
            0.12666039168834686,
            0.9424355626106262,
            0.0
          ],
          [
            0.0,
            0.0,
            0.0,
            1.0
          ]
        ],
        "rotation_mode": "QUATERNION"
      },
      "armature_space": {
        "head": {
          "x": 0.0444486141204834,
          "y": -0.028871648013591766,
          "z": 0.6601464152336121
        },
        "tail": {
          "x": 0.030521215870976448,
          "y": -0.011168673634529114,
          "z": 0.8135932683944702
        }
      },
      "world_space": {
        "head": {
          "x": 0.0444486141204834,
          "y": 0.03437235206365585,
          "z": 1.6100003719329834
        },
        "tail": {
          "x": 0.030521215870976448,
          "y": 0.052075326442718506,
          "z": 1.7634472846984863
        },
        "rotation_quaternion": {
          "w": 0.7266124486923218,
          "x": 0.6315035223960876,
          "y": 0.17060884833335876,
          "z": 0.2100721299648285
        },
        "matrix": [
          [
            0.8535245060920715,
            -0.08980191498994827,
            0.5132560729980469,
            0.0444486141204834
          ],
          [
            0.5207627415657043,
            0.11414629966020584,
            -0.8460360765457153,
            0.03437235206365585
          ],
          [
            0.017390020191669464,
            0.989404022693634,
            0.14419227838516235,
            1.6100003719329834
          ],
          [
            0.0,
            0.0,
            0.0,
            1.0
          ]
        ]
      },
      "bone_length_armature_space": 0.15509128068283273,
      "parent": "neck_01",
      "has_children": false,
      "is_end_bone": true
    },
    "upperarm_l": {
      "name": "upperarm_l",
      "local": {
        "location": {
          "x": 0.0,
          "y": 0.0,
          "z": 0.0
        },
        "rotation_quaternion": {
          "w": 0.7683119177818298,
          "x": 0.3779319226741791,
          "y": 0.27208879590034485,
          "z": 0.4391266703605652
        },
        "scale": {
          "x": 1.0,
          "y": 1.0,
          "z": 1.0
        },
        "matrix_basis": [
          [
            0.46627092361450195,
            -0.4691104292869568,
            0.7500181198120117,
            0.0
          ],
          [
            0.8804345726966858,
            0.328670471906662,
            -0.3417763113975525,
            0.0
          ],
          [
            -0.08617815375328064,
            0.8197020888328552,
            0.5662702918052673,
            0.0
          ],
          [
            0.0,
            0.0,
            0.0,
            1.0
          ]
        ],
        "rotation_mode": "QUATERNION"
      },
      "armature_space": {
        "head": {
          "x": 0.164737269282341,
          "y": -0.01800530217587948,
          "z": 0.4901708960533142
        },
        "tail": {
          "x": 0.28049302101135254,
          "y": -0.22797934710979462,
          "z": 0.6098342537879944
        }
      },
      "world_space": {
        "head": {
          "x": 0.164737269282341,
          "y": 0.04523869603872299,
          "z": 1.4400248527526855
        },
        "tail": {
          "x": 0.28049302101135254,
          "y": -0.164735347032547,
          "z": 1.5596883296966553
        },
        "rotation_quaternion": {
          "w": 0.284549742937088,
          "x": 0.9165618419647217,
          "y": 0.16505785286426544,
          "z": -0.2273801863193512
        },
        "matrix": [
          [
            0.8421087265014648,
            0.43197378516197205,
            -0.3228810429573059,
            0.164737269282341
          ],
          [
            0.17317017912864685,
            -0.783574640750885,
            -0.5966770648956299,
            0.04523869603872299
          ],
          [
            -0.5107534527778625,
            0.446556031703949,
            -0.7346653938293457,
            1.4400248527526855
          ],
          [
            0.0,
            0.0,
            0.0,
            1.0
          ]
        ]
      },
      "bone_length_armature_space": 0.26796980195909437,
      "parent": "spine_01",
      "has_children": true,
      "is_end_bone": false
    },
    "lowerarm_l": {
      "name": "lowerarm_l",
      "local": {
        "location": {
          "x": 0.0,
          "y": 0.0,
          "z": 0.0
        },
        "rotation_quaternion": {
          "w": 0.8767445087432861,
          "x": 0.41533732414245605,
          "y": 0.14628256857395172,
          "z": -0.19343078136444092
        },
        "scale": {
          "x": 1.0,
          "y": 1.0,
          "z": 1.0
        },
        "matrix_basis": [
          [
            0.8823719024658203,
            0.4606919586658478,
            0.09582683444023132,
            0.0
          ],
          [
            -0.21766552329063416,
            0.5801588892936707,
            -0.784880518913269,
            0.0
          ],
          [
            -0.41718292236328125,
            0.6716983318328857,
            0.6121926307678223,
            0.0
          ],
          [
            0.0,
            0.0,
            0.0,
            1.0
          ]
        ],
        "rotation_mode": "QUATERNION"
      },
      "armature_space": {
        "head": {
          "x": 0.28049296140670776,
          "y": -0.22797946631908417,
          "z": 0.6098343133926392
        },
        "tail": {
          "x": 0.34423935413360596,
          "y": -0.44790518283843994,
          "z": 0.47149133682250977
        }
      },
      "world_space": {
        "head": {
          "x": 0.28049296140670776,
          "y": -0.16473546624183655,
          "z": 1.5596883296966553
        },
        "tail": {
          "x": 0.34423935413360596,
          "y": -0.3846611976623535,
          "z": 1.4213453531265259
        },
        "rotation_quaternion": {
          "w": 0.2365020364522934,
          "x": -0.9307621717453003,
          "y": -0.18173760175704956,
          "z": 0.21147166192531586
        },
        "matrix": [
          [
            0.8445024490356445,
            0.23828241229057312,
            -0.47962242364883423,
            0.28049296140670776
          ],
          [
            0.4383363127708435,
            -0.8220770359039307,
            0.3633885681629181,
            -0.16473546624183655
          ],
          [
            -0.307699054479599,
            -0.5171226263046265,
            -0.7986989617347717,
            1.5596883296966553
          ],
          [
            0.0,
            0.0,
            0.0,
            1.0
          ]
        ]
      },
      "bone_length_armature_space": 0.26752514558325974,
      "parent": "upperarm_l",
      "has_children": true,
      "is_end_bone": false
    },
    "metacarpal_thumb_l": {
      "name": "metacarpal_thumb_l",
      "local": {
        "location": {
          "x": 0.0,
          "y": 0.0,
          "z": 0.0
        },
        "rotation_quaternion": {
          "w": 0.9991713762283325,
          "x": -0.036633893847465515,
          "y": -0.017349911853671074,
          "z": 0.003682416398078203
        },
        "scale": {
          "x": 1.0,
          "y": 1.0,
          "z": 1.0
        },
        "matrix_basis": [
          [
            0.999370813369751,
            -0.006087540648877621,
            -0.034940872341394424,
            0.0
          ],
          [
            0.008629919961094856,
            0.9972888231277466,
            0.07307929545640945,
            0.0
          ],
          [
            0.034401267766952515,
            -0.07333485782146454,
            0.9967138767242432,
            0.0
          ],
          [
            0.0,
            0.0,
            0.0,
            1.0
          ]
        ],
        "rotation_mode": "QUATERNION"
      },
      "armature_space": {
        "head": {
          "x": 0.34423935413360596,
          "y": -0.44790518283843994,
          "z": 0.47149133682250977
        },
        "tail": {
          "x": 0.3440821170806885,
          "y": -0.4672315716743469,
          "z": 0.425883412361145
        }
      },
      "world_space": {
        "head": {
          "x": 0.34423935413360596,
          "y": -0.3846611976623535,
          "z": 1.4213453531265259
        },
        "tail": {
          "x": 0.3440821170806885,
          "y": -0.4039875864982605,
          "z": 1.3757374286651611
        },
        "rotation_quaternion": {
          "w": 0.49538204073905945,
          "x": -0.7492069005966187,
          "y": 0.24395406246185303,
          "z": -0.36574867367744446
        },
        "matrix": [
          [
            0.6134293079376221,
            -0.0031745731830596924,
            0.7897435426712036,
            0.34423935413360596
          ],
          [
            -0.7279145121574402,
            -0.3901669383049011,
            0.563835859298706,
            -0.3846611976623535
          ],
          [
            0.3063433766365051,
            -0.9207456111907959,
            -0.24165169894695282,
            1.4213453531265259
          ],
          [
            0.0,
            0.0,
            0.0,
            1.0
          ]
        ]
      },
      "bone_length_armature_space": 0.049533995287028725,
      "parent": "lowerarm_l",
      "has_children": true,
      "is_end_bone": false
    },
    "thumb_01_l": {
      "name": "thumb_01_l",
      "local": {
        "location": {
          "x": 0.0,
          "y": 0.0,
          "z": 0.0
        },
        "rotation_quaternion": {
          "w": 0.961357831954956,
          "x": 0.2736701965332031,
          "y": 0.02864157222211361,
          "z": -0.00868285447359085
        },
        "scale": {
          "x": 1.0,
          "y": 1.0,
          "z": 1.0
        },
        "matrix_basis": [
          [
            0.9982085227966309,
            0.03237134963274002,
            0.05031712353229523,
            0.0
          ],
          [
            -0.0010179708478972316,
            0.8500584363937378,
            -0.5266873836517334,
            0.0
          ],
          [
            -0.05982207506895065,
            0.5256925821304321,
            0.8485685586929321,
            0.0
          ],
          [
            0.0,
            0.0,
            0.0,
            1.0
          ]
        ],
        "rotation_mode": "QUATERNION"
      },
      "armature_space": {
        "head": {
          "x": 0.3440821170806885,
          "y": -0.4672315716743469,
          "z": 0.425883412361145
        },
        "tail": {
          "x": 0.37035834789276123,
          "y": -0.47339946031570435,
          "z": 0.4051434099674225
        }
      },
      "world_space": {
        "head": {
          "x": 0.3440821170806885,
          "y": -0.4039875864982605,
          "z": 1.3757374286651611
        },
        "tail": {
          "x": 0.37035834789276123,
          "y": -0.4101554751396179,
          "z": 1.3549973964691162
        },
        "rotation_quaternion": {
          "w": 0.4556608200073242,
          "x": 0.0844137966632843,
          "y": 0.4491896331310272,
          "z": -0.7638561725616455
        },
        "matrix": [
          [
            -0.5704936981201172,
            0.7719547152519226,
            0.28039857745170593,
            0.3440821170806885
          ],
          [
            -0.6202857494354248,
            -0.1812027394771576,
            -0.7631591558456421,
            -0.4039875864982605
          ],
          [
            -0.5383191704750061,
            -0.6093088984489441,
            0.5822108387947083,
            1.3757374286651611
          ],
          [
            0.0,
            0.0,
            0.0,
            1.0
          ]
        ]
      },
      "bone_length_armature_space": 0.03403866677121447,
      "parent": "metacarpal_thumb_l",
      "has_children": true,
      "is_end_bone": false
    },
    "thumb_02_l": {
      "name": "thumb_02_l",
      "local": {
        "location": {
          "x": 0.0,
          "y": 0.0,
          "z": 0.0
        },
        "rotation_quaternion": {
          "w": 0.8861766457557678,
          "x": 0.46330949664115906,
          "y": 0.0032645813189446926,
          "z": 0.004953157156705856
        },
        "scale": {
          "x": 1.0,
          "y": 1.0,
          "z": 1.0
        },
        "matrix_basis": [
          [
            0.9999296069145203,
            -0.005753721110522747,
            0.010375681333243847,
            0.0
          ],
          [
            0.011803767643868923,
            0.5706395506858826,
            -0.8211157917976379,
            0.0
          ],
          [
            -0.0011963018914684653,
            0.8211804628372192,
            0.5706673264503479,
            0.0
          ],
          [
            0.0,
            0.0,
            0.0,
            1.0
          ]
        ],
        "rotation_mode": "QUATERNION"
      },
      "armature_space": {
        "head": {
          "x": 0.3703583776950836,
          "y": -0.47339940071105957,
          "z": 0.4051434099674225
        },
        "tail": {
          "x": 0.35149404406547546,
          "y": -0.5058878660202026,
          "z": 0.4193497896194458
        }
      },
      "world_space": {
        "head": {
          "x": 0.3703583776950836,
          "y": -0.41015541553497314,
          "z": 1.3549973964691162
        },
        "tail": {
          "x": 0.35149404406547546,
          "y": -0.4426438808441162,
          "z": 1.369203805923462
        },
        "rotation_quaternion": {
          "w": 0.15545479953289032,
          "x": -0.36893391609191895,
          "y": 0.26719051599502563,
          "z": 0.8765447735786438
        },
        "matrix": [
          [
            -0.6794435977935791,
            -0.4696778357028961,
            -0.5637017488479614,
            0.3703583776950836
          ],
          [
            0.07537546008825302,
            -0.8088862895965576,
            0.5831142067909241,
            -0.41015541553497314
          ],
          [
            -0.729851245880127,
            0.35370582342147827,
            0.5849990248680115,
            1.3549973964691162
          ],
          [
            0.0,
            0.0,
            0.0,
            1.0
          ]
        ]
      },
      "bone_length_armature_space": 0.04016446999044909,
      "parent": "thumb_01_l",
      "has_children": true,
      "is_end_bone": false
    },
    "thumb_03_l": {
      "name": "thumb_03_l",
      "local": {
        "location": {
          "x": 0.0,
          "y": 0.0,
          "z": 0.0
        },
        "rotation_quaternion": {
          "w": 0.9913434982299805,
          "x": 0.1310969442129135,
          "y": 0.006642122287303209,
          "z": 0.0027580405585467815
        },
        "scale": {
          "x": 1.0,
          "y": 1.0,
          "z": 1.0
        },
        "matrix_basis": [
          [
            0.9998965263366699,
            -0.003726807190105319,
            0.01389239076524973,
            0.0
          ],
          [
            0.007209855131804943,
            0.96561199426651,
            -0.25988757610321045,
            0.0
          ],
          [
            -0.012446108274161816,
            0.2599608302116394,
            0.9655389189720154,
            0.0
          ],
          [
            0.0,
            0.0,
            0.0,
            1.0
          ]
        ],
        "rotation_mode": "QUATERNION"
      },
      "armature_space": {
        "head": {
          "x": 0.35149407386779785,
          "y": -0.5058878064155579,
          "z": 0.41934970021247864
        },
        "tail": {
          "x": 0.3317955732345581,
          "y": -0.5185138583183289,
          "z": 0.43882912397384644
        }
      },
      "world_space": {
        "head": {
          "x": 0.35149407386779785,
          "y": -0.44264382123947144,
          "z": 1.3692036867141724
        },
        "tail": {
          "x": 0.3317955732345581,
          "y": -0.45526987314224243,
          "z": 1.3886830806732178
        },
        "rotation_quaternion": {
          "w": 0.10887392610311508,
          "x": -0.4667716920375824,
          "y": 0.529894232749939,
          "z": 0.6996304988861084
        },
        "matrix": [
          [
            -0.5405429005622864,
            -0.6470212936401367,
            -0.5377522110939026,
            0.35149407386779785
          ],
          [
            -0.3423343598842621,
            -0.4147191047668457,
            0.8430991172790527,
            -0.44264382123947144
          ],
          [
            -0.7685244083404541,
            0.6398261785507202,
            0.0026762783527374268,
            1.3692036867141724
          ],
          [
            0.0,
            0.0,
            0.0,
            1.0
          ]
        ]
      },
      "bone_length_armature_space": 0.030444967673262394,
      "parent": "thumb_02_l",
      "has_children": false,
      "is_end_bone": true
    },
    "metacarpal_index_l": {
      "name": "metacarpal_index_l",
      "local": {
        "location": {
          "x": 0.0,
          "y": 0.0,
          "z": 0.0
        },
        "rotation_quaternion": {
          "w": 0.9998782873153687,
          "x": -0.007702868431806564,
          "y": -0.005173245444893837,
          "z": -0.012547176331281662
        },
        "scale": {
          "x": 1.0,
          "y": 1.0,
          "z": 1.0
        },
        "matrix_basis": [
          [
            0.9996315836906433,
            0.02517099678516388,
            -0.010151932947337627,
            0.0
          ],
          [
            -0.02501160092651844,
            0.9995664954185486,
            0.015533681027591228,
            0.0
          ],
          [
            0.01053853053599596,
            -0.015274042263627052,
            0.9998278021812439,
            0.0
          ],
          [
            0.0,
            0.0,
            0.0,
            1.0
          ]
        ],
        "rotation_mode": "QUATERNION"
      },
      "armature_space": {
        "head": {
          "x": 0.34423935413360596,
          "y": -0.44790518283843994,
          "z": 0.47149133682250977
        },
        "tail": {
          "x": 0.36068224906921387,
          "y": -0.5258121490478516,
          "z": 0.3855292797088623
        }
      },
      "world_space": {
        "head": {
          "x": 0.34423935413360596,
          "y": -0.3846611976623535,
          "z": 1.4213453531265259
        },
        "tail": {
          "x": 0.36068224906921387,
          "y": -0.46256816387176514,
          "z": 1.3353832960128784
        },
        "rotation_quaternion": {
          "w": 0.40914276242256165,
          "x": -0.8905138969421387,
          "y": 0.012442151084542274,
          "z": -0.19857576489448547
        },
        "matrix": [
          [
            0.9208261966705322,
            0.14033150672912598,
            0.3638496994972229,
            0.34423935413360596
          ],
          [
            -0.18465068936347961,
            -0.6648957133293152,
            0.7237530946731567,
            -0.3846611976623535
          ],
          [
            0.3434896171092987,
            -0.733641505241394,
            -0.586344301700592,
            1.4213453531265259
          ],
          [
            0.0,
            0.0,
            0.0,
            1.0
          ]
        ]
      },
      "bone_length_armature_space": 0.11717226319301045,
      "parent": "lowerarm_l",
      "has_children": true,
      "is_end_bone": false
    },
    "index_01_l": {
      "name": "index_01_l",
      "local": {
        "location": {
          "x": 0.0,
          "y": 0.0,
          "z": 0.0
        },
        "rotation_quaternion": {
          "w": 0.9462411403656006,
          "x": 0.32295241951942444,
          "y": 0.006411997601389885,
          "z": 0.016984986141324043
        },
        "scale": {
          "x": 1.0,
          "y": 1.0,
          "z": 1.0
        },
        "matrix_basis": [
          [
            0.9993407726287842,
            -0.028002245351672173,
            0.023105276748538017,
            0.0
          ],
          [
            0.03628532588481903,
            0.7908264994621277,
            -0.6109639406204224,
            0.0
          ],
          [
            -0.001163907116279006,
            0.6113995313644409,
            0.7913212180137634,
            0.0
          ],
          [
            0.0,
            0.0,
            0.0,
            1.0
          ]
        ],
        "rotation_mode": "QUATERNION"
      },
      "armature_space": {
        "head": {
          "x": 0.36068224906921387,
          "y": -0.5258121490478516,
          "z": 0.3855292797088623
        },
        "tail": {
          "x": 0.3765132427215576,
          "y": -0.5324743390083313,
          "z": 0.3627680838108063
        }
      },
      "world_space": {
        "head": {
          "x": 0.36068224906921387,
          "y": -0.46256816387176514,
          "z": 1.3353832960128784
        },
        "tail": {
          "x": 0.3765132427215576,
          "y": -0.4692303538322449,
          "z": 1.3126220703125
        },
        "rotation_quaternion": {
          "w": 0.5885300636291504,
          "x": -0.7520028948783875,
          "y": -0.19186176359653473,
          "z": -0.22652378678321838
        },
        "matrix": [
          [
            0.8237525224685669,
            0.5551934242248535,
            0.11485856771469116,
            0.36068224906921387
          ],
          [
            0.02193223498761654,
            -0.2336440086364746,
            0.9720752239227295,
            -0.46256816387176514
          ],
          [
            0.5665296316146851,
            -0.7982359528541565,
            -0.20464181900024414,
            1.3353832960128784
          ],
          [
            0.0,
            0.0,
            0.0,
            1.0
          ]
        ]
      },
      "bone_length_armature_space": 0.02851450827388667,
      "parent": "metacarpal_index_l",
      "has_children": true,
      "is_end_bone": false
    },
    "index_02_l": {
      "name": "index_02_l",
      "local": {
        "location": {
          "x": 0.0,
          "y": 0.0,
          "z": 0.0
        },
        "rotation_quaternion": {
          "w": 0.8872911334037781,
          "x": 0.4610115587711334,
          "y": -0.01318448968231678,
          "z": -0.00300433486700058
        },
        "scale": {
          "x": 1.0,
          "y": 1.0,
          "z": 1.0
        },
        "matrix_basis": [
          [
            0.9996342658996582,
            -0.006824965123087168,
            -0.02616702765226364,
            0.0
          ],
          [
            -0.017487844452261925,
            0.5749186277389526,
            -0.8180237412452698,
            0.0
          ],
          [
            0.020626895129680634,
            0.8181821703910828,
            0.5745890140533447,
            0.0
          ],
          [
            0.0,
            0.0,
            0.0,
            1.0
          ]
        ],
        "rotation_mode": "QUATERNION"
      },
      "armature_space": {
        "head": {
          "x": 0.37651327252388,
          "y": -0.532474160194397,
          "z": 0.3627675771713257
        },
        "tail": {
          "x": 0.3865777552127838,
          "y": -0.5162806510925293,
          "z": 0.3456045389175415
        }
      },
      "world_space": {
        "head": {
          "x": 0.37651327252388,
          "y": -0.46923017501831055,
          "z": 1.3126215934753418
        },
        "tail": {
          "x": 0.3865777552127838,
          "y": -0.45303666591644287,
          "z": 1.2954585552215576
        },
        "rotation_quaternion": {
          "w": 0.851128101348877,
          "x": -0.42171308398246765,
          "y": -0.30199965834617615,
          "z": -0.08084183931350708
        },
        "matrix": [
          [
            0.8045223951339722,
            0.39232802391052246,
            -0.44589561223983765,
            0.37651327252388
          ],
          [
            0.11709998548030853,
            0.6312459707260132,
            0.7666922807693481,
            -0.46923017501831055
          ],
          [
            0.5822686553001404,
            -0.6690393686294556,
            0.4619137644767761,
            1.3126215934753418
          ],
          [
            0.0,
            0.0,
            0.0,
            1.0
          ]
        ]
      },
      "bone_length_armature_space": 0.025653331567217687,
      "parent": "index_01_l",
      "has_children": true,
      "is_end_bone": false
    },
    "index_03_l": {
      "name": "index_03_l",
      "local": {
        "location": {
          "x": 0.0,
          "y": 0.0,
          "z": 0.0
        },
        "rotation_quaternion": {
          "w": 0.9227113127708435,
          "x": 0.3854779005050659,
          "y": -0.0012979627354070544,
          "z": 0.00302171241492033
        },
        "scale": {
          "x": 1.0,
          "y": 1.0,
          "z": 1.0
        },
        "matrix_basis": [
          [
            0.9999783635139465,
            -0.006577008403837681,
            -6.568308162968606e-05,
            0.0
          ],
          [
            0.004575664643198252,
            0.7027953267097473,
            -0.7113775014877319,
            0.0
          ],
          [
            0.004724896512925625,
            0.7113617658615112,
            0.7028102278709412,
            0.0
          ],
          [
            0.0,
            0.0,
            0.0,
            1.0
          ]
        ],
        "rotation_mode": "QUATERNION"
      },
      "armature_space": {
        "head": {
          "x": 0.3865778148174286,
          "y": -0.5162807703018188,
          "z": 0.34560447931289673
        },
        "tail": {
          "x": 0.3862556219100952,
          "y": -0.48706430196762085,
          "z": 0.34544068574905396
        }
      },
      "world_space": {
        "head": {
          "x": 0.3865778148174286,
          "y": -0.4530367851257324,
          "z": 1.2954585552215576
        },
        "tail": {
          "x": 0.3862556219100952,
          "y": -0.4238203167915344,
          "z": 1.2952947616577148
        },
        "rotation_quaternion": {
          "w": 0.9486132264137268,
          "x": -0.0009148177923634648,
          "y": -0.3163774311542511,
          "z": 0.006117254961282015
        },
        "matrix": [
          [
            0.7997359037399292,
            -0.01102668046951294,
            -0.6002510786056519,
            0.3865778148174286
          ],
          [
            0.012184996157884598,
            0.9999239444732666,
            -0.0021347105503082275,
            -0.4530367851257324
          ],
          [
            0.6002328395843506,
            -0.005605936050415039,
            0.7998149394989014,
            1.2954585552215576
          ],
          [
            0.0,
            0.0,
            0.0,
            1.0
          ]
        ]
      },
      "bone_length_armature_space": 0.029218703844316133,
      "parent": "index_02_l",
      "has_children": false,
      "is_end_bone": true
    },
    "metacarpal_pinky_l": {
      "name": "metacarpal_pinky_l",
      "local": {
        "location": {
          "x": 0.0,
          "y": 0.0,
          "z": 0.0
        },
        "rotation_quaternion": {
          "w": 0.9994299411773682,
          "x": -0.0306925717741251,
          "y": -0.009226446971297264,
          "z": -0.010622049681842327
        },
        "scale": {
          "x": 1.0,
          "y": 1.0,
          "z": 1.0
        },
        "matrix_basis": [
          [
            0.9996041059494019,
            0.021798355504870415,
            -0.017790338024497032,
            0.0
          ],
          [
            -0.020665621384978294,
            0.997890293598175,
            0.06154615804553032,
            0.0
          ],
          [
            0.01909441128373146,
            -0.061154142022132874,
            0.9979456663131714,
            0.0
          ],
          [
            0.0,
            0.0,
            0.0,
            1.0
          ]
        ],
        "rotation_mode": "QUATERNION"
      },
      "armature_space": {
        "head": {
          "x": 0.34423935413360596,
          "y": -0.44790518283843994,
          "z": 0.47149133682250977
        },
        "tail": {
          "x": 0.38893070816993713,
          "y": -0.537482738494873,
          "z": 0.4428245723247528
        }
      },
      "world_space": {
        "head": {
          "x": 0.34423935413360596,
          "y": -0.3846611976623535,
          "z": 1.4213453531265259
        },
        "tail": {
          "x": 0.38893070816993713,
          "y": -0.4742387533187866,
          "z": 1.3926786184310913
        },
        "rotation_quaternion": {
          "w": 0.07160637527704239,
          "x": 0.6403849124908447,
          "y": 0.2544655203819275,
          "z": -0.7211290001869202
        },
        "matrix": [
          [
            -0.1695602387189865,
            0.4291848838329315,
            -0.8871585726737976,
            0.34423935413360596
          ],
          [
            0.22263605892658234,
            -0.8602409362792969,
            -0.45871496200561523,
            -0.3846611976623535
          ],
          [
            -0.9600498080253601,
            -0.2752958834171295,
            0.050310369580984116,
            1.4213453531265259
          ],
          [
            0.0,
            0.0,
            0.0,
            1.0
          ]
        ]
      },
      "bone_length_armature_space": 0.10413087423015562,
      "parent": "lowerarm_l",
      "has_children": true,
      "is_end_bone": false
    },
    "pinky_01_l": {
      "name": "pinky_01_l",
      "local": {
        "location": {
          "x": 0.0,
          "y": 0.0,
          "z": 0.0
        },
        "rotation_quaternion": {
          "w": 0.9427542686462402,
          "x": 0.33302515745162964,
          "y": -0.015137793496251106,
          "z": -0.008919534273445606
        },
        "scale": {
          "x": 1.0,
          "y": 1.0,
          "z": 1.0
        },
        "matrix_basis": [
          [
            0.9993825554847717,
            0.006735325790941715,
            -0.034483298659324646,
            0.0
          ],
          [
            -0.026900390163064003,
            0.7780293822288513,
            -0.6276517510414124,
            0.0
          ],
          [
            0.022601580247282982,
            0.6281918287277222,
            0.7777301669120789,
            0.0
          ],
          [
            0.0,
            0.0,
            0.0,
            1.0
          ]
        ],
        "rotation_mode": "QUATERNION"
      },
      "armature_space": {
        "head": {
          "x": 0.38893070816993713,
          "y": -0.537482738494873,
          "z": 0.4428245723247528
        },
        "tail": {
