{
  "metadata": {
    "armature_name": "KIM_caucasian_male",
    "export_time": "2026-01-13T21:02:26.527592",
    "blender_version": "4.4.1",
    "bone_count": 56,
    "end_bone_count": 13,
    "spaces_included": [
      "LOCAL_CHANNELS",
      "ARMATURE_SPACE",
      "WORLD_SPACE"
    ],
    "note": "LOCAL matches Transform panel; replay pose via local.matrix_basis for best fidelity."
  },
  "bones": {
    "Root": {
      "name": "Root",
      "local": {
        "location": {
          "x": 0.0,
          "y": 0.0,
          "z": 0.0
        },
        "rotation_quaternion": {
          "w": 0.9999255537986755,
          "x": 0.003330125007778406,
          "y": 0.00787871889770031,
          "z": 0.008711571805179119
        },
        "scale": {
          "x": 1.0,
          "y": 1.0,
          "z": 1.0
        },
        "matrix_basis": [
          [
            0.9997240900993347,
            -0.01736937277019024,
            0.01581428572535515,
            0.0
          ],
          [
            0.017474321648478508,
            0.9998260140419006,
            -0.006522482261061668,
            0.0
          ],
          [
            -0.01569824293255806,
            0.006797026377171278,
            0.9998536705970764,
            0.0
          ],
          [
            0.0,
            0.0,
            0.0,
            1.0
          ]
        ],
        "rotation_mode": "QUATERNION"
      },
      "armature_space": {
        "head": {
          "x": 0.0,
          "y": 0.07072800397872925,
          "z": -0.009595036506652832
        },
        "tail": {
          "x": -0.0012397540267556906,
          "y": -5.2906572818756104e-05,
          "z": -0.0004824139177799225
        }
      },
      "world_space": {
        "head": {
          "x": 0.0,
          "y": 0.13397200405597687,
          "z": 0.9402589797973633
        },
        "tail": {
          "x": -0.0012397540267556906,
          "y": 0.06319109350442886,
          "z": 0.9493715763092041
        },
        "rotation_quaternion": {
          "w": 0.06404007971286774,
          "x": 0.9978781938552856,
          "y": -0.008161009289324284,
          "z": 0.00844770111143589
        },
        "matrix": [
          [
            0.9997240900993347,
            -0.01736937277019024,
            0.01581428572535515,
            0.0
          ],
          [
            -0.015205400064587593,
            -0.991664469242096,
            -0.12794674932956696,
            0.13397200405597687
          ],
          [
            0.01790493167936802,
            0.12767091393470764,
            -0.9916620254516602,
            0.9402589797973633
          ],
          [
            0.0,
            0.0,
            0.0,
            1.0
          ]
        ]
      },
      "bone_length_armature_space": 0.07137586415015273,
      "parent": null,
      "has_children": true,
      "is_end_bone": false
    },
    "spine_01": {
      "name": "spine_01",
      "local": {
        "location": {
          "x": 0.0,
          "y": 0.0,
          "z": 0.0
        },
        "rotation_quaternion": {
          "w": 0.9936647415161133,
          "x": 0.08946670591831207,
          "y": -0.019294919446110725,
          "z": -0.06522218883037567
        },
        "scale": {
          "x": 1.0,
          "y": 1.0,
          "z": 1.0
        },
        "matrix_basis": [
          [
            0.9907475709915161,
            0.1261654794216156,
            -0.05001579225063324,
            0.0
          ],
          [
            -0.13307048380374908,
            0.9754835367202759,
            -0.17528291046619415,
            0.0
          ],
          [
            0.02667493373155594,
            0.1803167313337326,
            0.9832468032836914,
            0.0
          ],
          [
            0.0,
            0.0,
            0.0,
            1.0
          ]
        ],
        "rotation_mode": "QUATERNION"
      },
      "armature_space": {
        "head": {
          "x": -0.0012397540267556906,
          "y": -5.2906572818756104e-05,
          "z": -0.0004824139177799225
        },
        "tail": {
          "x": 0.05068572238087654,
          "y": -0.06975863128900528,
          "z": 0.47971880435943604
        }
      },
      "world_space": {
        "head": {
          "x": -0.0012397540267556906,
          "y": 0.06319109350442886,
          "z": 0.9493715763092041
        },
        "tail": {
          "x": 0.05068572238087654,
          "y": -0.00651463121175766,
          "z": 1.4295728206634521
        },
        "rotation_quaternion": {
          "w": 0.6543644666671753,
          "x": 0.7536457777023315,
          "y": 0.019683413207530975,
          "z": -0.05863378942012787
        },
        "matrix": [
          [
            0.99234938621521,
            0.10640440136194229,
            -0.06261724978685379,
            -0.0012397540267556906
          ],
          [
            -0.047066424041986465,
            -0.1428392380475998,
            -0.9886261820793152,
            0.06319109350442886
          ],
          [
            -0.11413920670747757,
            0.9840164184570312,
            -0.13674025237560272,
            0.9493715763092041
          ],
          [
            0.0,
            0.0,
            0.0,
            1.0
          ]
        ]
      },
      "bone_length_armature_space": 0.488004454836527,
      "parent": "Root",
      "has_children": true,
      "is_end_bone": false
    },
    "neck_01": {
      "name": "neck_01",
      "local": {
        "location": {
          "x": 0.0,
          "y": 0.0,
          "z": 0.0
        },
        "rotation_quaternion": {
          "w": 0.9973268508911133,
          "x": 0.06078772246837616,
          "y": -0.03993762284517288,
          "z": -0.007003637962043285
        },
        "scale": {
          "x": 1.0,
          "y": 1.0,
          "z": 1.0
        },
        "matrix_basis": [
          [
            0.9967118501663208,
            0.009114397689700127,
            -0.08051319420337677,
            0.0
          ],
          [
            -0.018825266510248184,
            0.9925116300582886,
            -0.12069103866815567,
            0.0
          ],
          [
            0.07881025969982147,
            0.12180987000465393,
            0.98941969871521,
            0.0
          ],
          [
            0.0,
            0.0,
            0.0,
            1.0
          ]
        ],
        "rotation_mode": "QUATERNION"
      },
      "armature_space": {
        "head": {
          "x": 0.056304898113012314,
          "y": -0.11450309306383133,
          "z": 0.5470247268676758
        },
        "tail": {
          "x": 0.06357699632644653,
          "y": -0.1769515722990036,
          "z": 0.6280062794685364
        }
      },
      "world_space": {
        "head": {
          "x": 0.056304898113012314,
          "y": -0.05125909298658371,
          "z": 1.496878743171692
        },
        "tail": {
          "x": 0.06357699632644653,
          "y": -0.11370757222175598,
          "z": 1.5778603553771973
        },
        "rotation_quaternion": {
          "w": 0.4419686198234558,
          "x": 0.8913331031799316,
          "y": -0.010014652274549007,
          "z": -0.1004430502653122
        },
        "matrix": [
          [
            0.979621946811676,
            0.07093256711959839,
            -0.1879083812236786,
            0.056304898113012314
          ],
          [
            -0.10663788765668869,
            -0.609126627445221,
            -0.7858710885047913,
            -0.05125909298658371
          ],
          [
            -0.17020510137081146,
            0.7898994088172913,
            -0.5891546010971069,
            1.496878743171692
          ],
          [
            0.0,
            0.0,
            0.0,
            1.0
          ]
        ]
      },
      "bone_length_armature_space": 0.10252174223354403,
      "parent": "spine_01",
      "has_children": true,
      "is_end_bone": false
    },
    "head": {
      "name": "head",
      "local": {
        "location": {
          "x": 0.0,
          "y": 0.0,
          "z": 0.0
        },
        "rotation_quaternion": {
          "w": 0.974323570728302,
          "x": 0.09775423258543015,
          "y": 0.10318689048290253,
          "z": 0.17461490631103516
        },
        "scale": {
          "x": 1.0,
          "y": 1.0,
          "z": 1.0
        },
        "matrix_basis": [
          [
            0.9177241921424866,
            -0.3200889229774475,
            0.2352135330438614,
            0.0
          ],
          [
            0.36043673753738403,
            0.9199075102806091,
            -0.15445256233215332,
            0.0
          ],
          [
            -0.16693614423274994,
            0.2265244424343109,
            0.9595931768417358,
            0.0
          ],
          [
            0.0,
            0.0,
            0.0,
            1.0
          ]
        ],
        "rotation_mode": "QUATERNION"
      },
      "armature_space": {
        "head": {
          "x": 0.06357696652412415,
          "y": -0.17695164680480957,
          "z": 0.628006100654602
        },
        "tail": {
          "x": 0.028645116835832596,
          "y": -0.24545824527740479,
          "z": 0.7626902461051941
        }
      },
      "world_space": {
        "head": {
          "x": 0.06357696652412415,
          "y": -0.11370764672756195,
          "z": 1.5778601169586182
        },
        "tail": {
          "x": 0.028645116835832596,
          "y": -0.18221424520015717,
          "z": 1.7125442028045654
        },
        "rotation_quaternion": {
          "w": 0.5222947597503662,
          "x": 0.8445878028869629,
          "y": -0.07967101037502289,
          "z": 0.08678726106882095
        },
        "matrix": [
          [
            0.972241222858429,
            -0.22523567080497742,
            0.06337440013885498,
            0.06357696652412415
          ],
          [
            -0.04392218589782715,
            -0.44172102212905884,
            -0.8960769176483154,
            -0.11370764672756195
          ],
          [
            0.22982379794120789,
            0.868424654006958,
            -0.4393561780452728,
            1.5778601169586182
          ],
          [
            0.0,
            0.0,
            0.0,
            1.0
          ]
        ]
      },
      "bone_length_armature_space": 0.15509096368438105,
      "parent": "neck_01",
      "has_children": false,
      "is_end_bone": true
    },
    "upperarm_l": {
      "name": "upperarm_l",
      "local": {
        "location": {
          "x": 0.0,
          "y": 0.0,
          "z": 0.0
        },
        "rotation_quaternion": {
          "w": 0.8549269437789917,
          "x": 0.3959057629108429,
          "y": 0.33434364199638367,
          "z": 0.023935729637742043
        },
        "scale": {
          "x": 1.0,
          "y": 1.0,
          "z": 1.0
        },
        "matrix_basis": [
          [
            0.7752828001976013,
            0.22381055355072021,
            0.590631365776062,
            0.0
          ],
          [
            0.3056637644767761,
            0.6853713989257812,
            -0.6609354615211487,
            0.0
          ],
          [
            -0.5527262091636658,
            0.6929465532302856,
            0.4629459083080292,
            0.0
          ],
          [
            0.0,
            0.0,
            0.0,
            1.0
          ]
        ],
        "rotation_mode": "QUATERNION"
      },
      "armature_space": {
        "head": {
          "x": 0.19780640304088593,
          "y": -0.11511600762605667,
          "z": 0.4633342921733856
        },
        "tail": {
          "x": 0.36725670099258423,
          "y": -0.28908586502075195,
          "z": 0.35006940364837646
        }
      },
      "world_space": {
        "head": {
          "x": 0.19780640304088593,
          "y": -0.05187200754880905,
          "z": 1.4131883382797241
        },
        "tail": {
          "x": 0.36725670099258423,
          "y": -0.22584186494350433,
          "z": 1.2999234199523926
        },
        "rotation_quaternion": {
          "w": 0.021985111758112907,
          "x": -0.7804048657417297,
          "y": -0.4182204008102417,
          "z": 0.4643022119998932
        },
        "matrix": [
          [
            0.21902897953987122,
            0.6323493123054504,
            -0.7430751919746399,
            0.19780640304088593
          ],
          [
            0.6731780767440796,
            -0.6492153406143188,
            -0.3540494740009308,
            -0.05187200754880905
          ],
          [
            -0.7063029408454895,
            -0.4226783514022827,
            -0.5678849220275879,
            1.4131883382797241
          ],
          [
            0.0,
            0.0,
            0.0,
            1.0
          ]
        ]
      },
      "bone_length_armature_space": 0.26796987146860235,
      "parent": "spine_01",
      "has_children": true,
      "is_end_bone": false
    },
    "lowerarm_l": {
      "name": "lowerarm_l",
      "local": {
        "location": {
          "x": 0.0,
          "y": 0.0,
          "z": 0.0
        },
        "rotation_quaternion": {
          "w": 0.9772957563400269,
          "x": 0.05307168513536453,
          "y": -0.054722510278224945,
          "z": -0.1976918876171112
        },
        "scale": {
          "x": 1.0,
          "y": 1.0,
          "z": 1.0
        },
        "matrix_basis": [
          [
            0.9158467054367065,
            0.3805984556674957,
            -0.12794384360313416,
            0.0
          ],
          [
            -0.3922153115272522,
            0.9162026047706604,
            -0.08209707587957382,
            0.0
          ],
          [
            0.08597647398710251,
            0.1253698617219925,
            0.9883776903152466,
            0.0
          ],
          [
            0.0,
            0.0,
            0.0,
            1.0
          ]
        ],
        "rotation_mode": "QUATERNION"
      },
      "armature_space": {
        "head": {
          "x": 0.36725667119026184,
          "y": -0.2890860140323639,
          "z": 0.35006943345069885
        },
        "tail": {
          "x": 0.48245957493782043,
          "y": -0.4215632975101471,
          "z": 0.14820802211761475
        }
      },
      "world_space": {
        "head": {
          "x": 0.36725667119026184,
          "y": -0.22584201395511627,
          "z": 1.2999234199523926
        },
        "tail": {
          "x": 0.48245957493782043,
          "y": -0.3583192825317383,
          "z": 1.0980620384216309
        },
        "rotation_quaternion": {
          "w": 0.15175800025463104,
          "x": -0.635388970375061,
          "y": -0.4789259731769562,
          "z": 0.5864132046699524
        },
        "matrix": [
          [
            -0.1465020775794983,
            0.43062564730644226,
            -0.8905609250068665,
            0.36725667119026184
          ],
          [
            0.7865943908691406,
            -0.4951968789100647,
            -0.3688487410545349,
            -0.22584201395511627
          ],
          [
            -0.5998421907424927,
            -0.7545530200004578,
            -0.26618263125419617,
            1.2999234199523926
          ],
          [
            0.0,
            0.0,
            0.0,
            1.0
          ]
        ]
      },
      "bone_length_armature_space": 0.2675256416612772,
      "parent": "upperarm_l",
      "has_children": true,
      "is_end_bone": false
    },
    "metacarpal_thumb_l": {
      "name": "metacarpal_thumb_l",
      "local": {
        "location": {
          "x": 0.0,
          "y": 0.0,
          "z": 0.0
        },
        "rotation_quaternion": {
          "w": 0.9995934963226318,
          "x": 0.021610474213957787,
          "y": -0.002867642557248473,
          "z": -0.018374059349298477
        },
        "scale": {
          "x": 1.0,
          "y": 1.0,
          "z": 1.0
        },
        "matrix_basis": [
          [
            0.9993083477020264,
            0.036609239876270294,
            -0.006527097895741463,
            0.0
          ],
          [
            -0.03685712441802025,
            0.9983907341957092,
            -0.043097998946905136,
            0.0
          ],
          [
            0.00493880920112133,
            0.04330876097083092,
            0.9990495443344116,
            0.0
          ],
          [
            0.0,
            0.0,
            0.0,
            1.0
          ]
        ],
        "rotation_mode": "QUATERNION"
      },
      "armature_space": {
        "head": {
          "x": 0.48245957493782043,
          "y": -0.4215632975101471,
          "z": 0.14820802211761475
        },
        "tail": {
          "x": 0.473384827375412,
          "y": -0.44248127937316895,
          "z": 0.10423417389392853
        }
      },
      "world_space": {
        "head": {
          "x": 0.48245957493782043,
          "y": -0.3583192825317383,
          "z": 1.0980620384216309
        },
        "tail": {
          "x": 0.473384827375412,
          "y": -0.3792372941970825,
          "z": 1.0540882349014282
        },
        "rotation_quaternion": {
          "w": 0.5366169810295105,
          "x": -0.8340938687324524,
          "y": 0.029889801517128944,
          "z": 0.12424319237470627
        },
        "matrix": [
          [
            0.9673407077789307,
            -0.1832038164138794,
            -0.17518126964569092,
            0.48245957493782043
          ],
          [
            0.08347921073436737,
            -0.4222983121871948,
            0.9026047587394714,
            -0.3583192825317383
          ],
          [
            -0.2393409013748169,
            -0.8877567648887634,
            -0.3932146430015564,
            1.0980620384216309
          ],
          [
            0.0,
            0.0,
            0.0,
            1.0
          ]
        ]
      },
      "bone_length_armature_space": 0.04953395173682069,
      "parent": "lowerarm_l",
      "has_children": true,
      "is_end_bone": false
    },
    "thumb_01_l": {
      "name": "thumb_01_l",
      "local": {
        "location": {
          "x": 0.0,
          "y": 0.0,
          "z": 0.0
        },
        "rotation_quaternion": {
          "w": 0.998940646648407,
          "x": -0.045615170150995255,
          "y": -0.0010826836805790663,
          "z": 0.005984303075820208
        },
        "scale": {
          "x": 1.0,
          "y": 1.0,
          "z": 1.0
        },
        "matrix_basis": [
          [
            0.9999260306358337,
            -0.011857153847813606,
            -0.0027090234216302633,
            0.0
          ],
          [
            0.012054700404405594,
            0.9957668781280518,
            0.09112073481082916,
            0.0
          ],
          [
            0.001617123489268124,
            -0.09114665538072586,
            0.9958361387252808,
            0.0
          ],
          [
            0.0,
            0.0,
            0.0,
            1.0
          ]
        ],
        "rotation_mode": "QUATERNION"
      },
      "armature_space": {
        "head": {
          "x": 0.473384827375412,
          "y": -0.44248127937316895,
          "z": 0.10423417389392853
        },
        "tail": {
          "x": 0.4580405652523041,
          "y": -0.42961621284484863,
          "z": 0.07670819759368896
        }
      },
      "world_space": {
        "head": {
          "x": 0.473384827375412,
          "y": -0.3792372941970825,
          "z": 1.0540882349014282
        },
        "tail": {
          "x": 0.4580405652523041,
          "y": -0.3663722276687622,
          "z": 1.026562213897705
        },
        "rotation_quaternion": {
          "w": 0.482135534286499,
          "x": -0.5039836764335632,
          "y": 0.675665557384491,
          "z": -0.23879294097423553
        },
        "matrix": [
          [
            -0.027090465649962425,
            -0.4507901966571808,
            0.8922188878059387,
            0.473384827375412
          ],
          [
            -0.9113101363182068,
            0.37795504927635193,
            0.16329024732112885,
            -0.3792372941970825
          ],
          [
            -0.4108317494392395,
            -0.808669924736023,
            -0.4210514426231384,
            1.0540882349014282
          ],
          [
            0.0,
            0.0,
            0.0,
            1.0
          ]
        ]
      },
      "bone_length_armature_space": 0.03403873757770255,
      "parent": "metacarpal_thumb_l",
      "has_children": true,
      "is_end_bone": false
    },
    "thumb_02_l": {
      "name": "thumb_02_l",
      "local": {
        "location": {
          "x": 0.0,
          "y": 0.0,
          "z": 0.0
        },
        "rotation_quaternion": {
          "w": 0.9986525774002075,
          "x": 0.051199328154325485,
          "y": 0.008113410323858261,
          "z": -0.0024680746719241142
        },
        "scale": {
          "x": 1.0,
          "y": 1.0,
          "z": 1.0
        },
        "matrix_basis": [
          [
            0.999856173992157,
            0.005760300438851118,
            0.015952229499816895,
            0.0
          ],
          [
            -0.004098696168512106,
            0.9947450757026672,
            -0.1023007333278656,
            0.0
          ],
          [
            -0.016457684338092804,
            0.10222063213586807,
            0.9946256279945374,
            0.0
          ],
          [
            0.0,
            0.0,
            0.0,
            1.0
          ]
        ],
        "rotation_mode": "QUATERNION"
      },
      "armature_space": {
        "head": {
          "x": 0.4580405354499817,
          "y": -0.42961621284484863,
          "z": 0.07670824974775314
        },
        "tail": {
          "x": 0.4729832708835602,
          "y": -0.44353169202804565,
          "z": 0.042121101170778275
        }
      },
      "world_space": {
        "head": {
          "x": 0.4580405354499817,
          "y": -0.3663722276687622,
          "z": 1.026562213897705
        },
        "tail": {
          "x": 0.4729832708835602,
          "y": -0.38028770685195923,
          "z": 0.9919751286506653
        },
        "rotation_quaternion": {
          "w": 0.37523776292800903,
          "x": -0.248942568898201,
          "y": 0.43123647570610046,
          "z": -0.7818307280540466
        },
        "matrix": [
          [
            -0.5944472551345825,
            0.37203919887542725,
            0.7128951549530029,
            0.4580405354499817
          ],
          [
            -0.8014520406723022,
            -0.34646299481391907,
            -0.4874812662601471,
            -0.3663722276687622
          ],
          [
            0.06562948226928711,
            -0.8611393570899963,
            0.5041287541389465,
            1.026562213897705
          ],
          [
            0.0,
            0.0,
            0.0,
            1.0
          ]
        ]
      },
      "bone_length_armature_space": 0.04016462016690075,
      "parent": "thumb_01_l",
      "has_children": true,
      "is_end_bone": false
    },
    "thumb_03_l": {
      "name": "thumb_03_l",
      "local": {
        "location": {
          "x": 0.0,
          "y": 0.0,
          "z": 0.0
        },
        "rotation_quaternion": {
          "w": 0.9968492984771729,
          "x": 0.07904309779405594,
          "y": -0.004973546601831913,
          "z": -0.004344350192695856
        },
        "scale": {
          "x": 1.0,
          "y": 1.0,
          "z": 1.0
        },
        "matrix_basis": [
          [
            0.9999127984046936,
            0.007875075563788414,
            -0.010602534748613834,
            0.0
          ],
          [
            -0.009447573684155941,
            0.9874666333198547,
            -0.15754489600658417,
            0.0
          ],
          [
            0.009228970855474472,
            0.15763132274150848,
            0.987454891204834,
            0.0
          ],
          [
            0.0,
            0.0,
            0.0,
            1.0
          ]
        ],
        "rotation_mode": "QUATERNION"
      },
      "armature_space": {
        "head": {
          "x": 0.47298315167427063,
          "y": -0.44353169202804565,
          "z": 0.04212111234664917
        },
        "tail": {
          "x": 0.49375736713409424,
          "y": -0.45693543553352356,
          "z": 0.024354098364710808
        }
      },
      "world_space": {
        "head": {
          "x": 0.47298315167427063,
          "y": -0.38028770685195923,
          "z": 0.9919751286506653
        },
        "tail": {
          "x": 0.49375736713409424,
          "y": -0.39369142055511475,
          "z": 0.9742081165313721
        },
        "rotation_quaternion": {
          "w": 0.3938785195350647,
          "x": 0.019882073625922203,
          "y": 0.3531685173511505,
          "z": -0.8483728170394897
        },
        "matrix": [
          [
            -0.6889280080795288,
            0.6823553442955017,
            0.24447809159755707,
            0.47298315167427063
          ],
          [
            -0.654269814491272,
            -0.44026270508766174,
            -0.6148980855941772,
            -0.38028770685195923
          ],
          [
            -0.3119471073150635,
            -0.5835795998573303,
            0.7497586607933044,
            0.9919751286506653
          ],
          [
            0.0,
            0.0,
            0.0,
            1.0
          ]
        ]
      },
      "bone_length_armature_space": 0.03044495309503963,
      "parent": "thumb_02_l",
      "has_children": false,
      "is_end_bone": true
    },
    "metacarpal_index_l": {
      "name": "metacarpal_index_l",
      "local": {
        "location": {
          "x": 0.0,
          "y": 0.0,
          "z": 0.0
        },
        "rotation_quaternion": {
          "w": 0.9995107054710388,
          "x": -0.02930174395442009,
          "y": -0.009620284661650658,
          "z": -0.005232404451817274
        },
        "scale": {
          "x": 1.0,
          "y": 1.0,
          "z": 1.0
        },
        "matrix_basis": [
          [
            0.9997601509094238,
            0.011023471131920815,
            -0.018924517557024956,
            0.0
          ],
          [
            -0.00989590585231781,
            0.9982280731201172,
            0.05867548659443855,
            0.0
          ],
          [
            0.0195377916097641,
            -0.058474138379096985,
            0.9980977177619934,
            0.0
          ],
          [
            0.0,
            0.0,
            0.0,
            1.0
          ]
        ],
        "rotation_mode": "QUATERNION"
      },
      "armature_space": {
        "head": {
          "x": 0.48245957493782043,
          "y": -0.4215632975101471,
          "z": 0.14820802211761475
        },
        "tail": {
          "x": 0.5033941268920898,
          "y": -0.4880666136741638,
          "z": 0.05403582751750946
        }
      },
      "world_space": {
        "head": {
          "x": 0.48245957493782043,
          "y": -0.3583192825317383,
          "z": 1.0980620384216309
        },
        "tail": {
          "x": 0.5033941268920898,
          "y": -0.4248226284980774,
          "z": 1.003889799118042
        },
        "rotation_quaternion": {
          "w": 0.39173611998558044,
          "x": -0.8315780162811279,
          "y": -0.2505141496658325,
          "z": 0.3037494719028473
        },
        "matrix": [
          [
            0.6899576783180237,
            0.17866569757461548,
            -0.7014535069465637,
            0.48245957493782043
          ],
          [
            0.6546236872673035,
            -0.5675714612007141,
            0.4993302822113037,
            -0.3583192825317383
          ],
          [
            -0.3089132308959961,
            -0.8037108778953552,
            -0.5085622072219849,
            1.0980620384216309
          ],
          [
            0.0,
            0.0,
            0.0,
            1.0
          ]
        ]
      },
      "bone_length_armature_space": 0.1171723026862159,
      "parent": "lowerarm_l",
      "has_children": true,
      "is_end_bone": false
    },
    "index_01_l": {
      "name": "index_01_l",
      "local": {
        "location": {
          "x": 0.0,
          "y": 0.0,
          "z": 0.0
        },
        "rotation_quaternion": {
          "w": 0.9939848184585571,
          "x": -0.10884146392345428,
          "y": -0.010746464133262634,
          "z": -0.0056765275076031685
        },
        "scale": {
          "x": 1.0,
          "y": 1.0,
          "z": 1.0
        },
        "matrix_basis": [
          [
            0.9997045993804932,
            0.013624086044728756,
            -0.02012796141207218,
            0.0
          ],
          [
            -0.008945442736148834,
            0.9762426018714905,
            0.21649552881717682,
            0.0
          ],
          [
            0.02259932830929756,
            -0.21625152230262756,
            0.9760761260986328,
            0.0
          ],
          [
            0.0,
            0.0,
            0.0,
            1.0
          ]
        ],
        "rotation_mode": "QUATERNION"
      },
      "armature_space": {
        "head": {
          "x": 0.5033941268920898,
          "y": -0.4880666136741638,
          "z": 0.05403582751750946
        },
        "tail": {
          "x": 0.5213674306869507,
          "y": -0.5008747577667236,
          "z": 0.035980768501758575
        }
      },
      "world_space": {
        "head": {
          "x": 0.5033941268920898,
          "y": -0.4248226284980774,
          "z": 1.003889799118042
        },
        "tail": {
          "x": 0.5213674306869507,
          "y": -0.4376307725906372,
          "z": 0.9858347773551941
        },
        "rotation_quaternion": {
          "w": 0.2957216203212738,
          "x": -0.8360636830329895,
          "y": -0.4335406422615051,
          "z": 0.15996485948562622
        },
        "matrix": [
          [
            0.5729060769081116,
            0.6303253173828125,
            -0.5238974690437317,
            0.5033941268920898
          ],
          [
            0.8195464611053467,
            -0.4491821229457855,
            0.35577982664108276,
            -0.4248226284980774
          ],
          [
            -0.01106765866279602,
            -0.6331915259361267,
            -0.7739251852035522,
            1.003889799118042
          ],
          [
            0.0,
            0.0,
            0.0,
            1.0
          ]
        ]
      },
      "bone_length_armature_space": 0.028514441547674036,
      "parent": "metacarpal_index_l",
      "has_children": true,
      "is_end_bone": false
    },
    "index_02_l": {
      "name": "index_02_l",
      "local": {
        "location": {
          "x": 0.0,
          "y": 0.0,
          "z": 0.0
        },
        "rotation_quaternion": {
          "w": 0.9997439384460449,
          "x": 0.01901220716536045,
          "y": 0.011240921914577484,
          "z": -0.004943554289638996
        },
        "scale": {
          "x": 1.0,
          "y": 1.0,
          "z": 1.0
        },
        "matrix_basis": [
          [
            0.9996984004974365,
            0.010312006808817387,
            0.022288111969828606,
            0.0
          ],
          [
            -0.009457147680222988,
            0.9992281794548035,
            -0.038125816732645035,
            0.0
          ],
          [
            -0.022664062678813934,
            0.03790353611111641,
            0.9990243315696716,
            0.0
          ],
          [
            0.0,
            0.0,
            0.0,
            1.0
          ]
        ],
        "rotation_mode": "QUATERNION"
      },
      "armature_space": {
        "head": {
          "x": 0.5213673710823059,
          "y": -0.5008749961853027,
          "z": 0.035980284214019775
        },
        "tail": {
          "x": 0.5380436182022095,
          "y": -0.5115353465080261,
          "z": 0.01965993084013462
        }
      },
      "world_space": {
        "head": {
          "x": 0.5213673710823059,
          "y": -0.4376310110092163,
          "z": 0.9858343005180359
        },
        "tail": {
          "x": 0.5380436182022095,
          "y": -0.4482913613319397,
          "z": 0.9695139527320862
        },
        "rotation_quaternion": {
          "w": 0.2905293107032776,
          "x": -0.8232994675636292,
          "y": -0.4558675289154053,
          "z": 0.17307664453983307
        },
        "matrix": [
          [
            0.5244569182395935,
            0.6500635743141174,
            -0.5498747229576111,
            0.5213673710823059
          ],
          [
            0.851199746131897,
            -0.41555455327033997,
            0.3205832242965698,
            -0.4376310110092163
          ],
          [
            -0.020102791488170624,
            -0.6361900568008423,
            -0.7712795734405518,
            0.9858343005180359
          ],
          [
            0.0,
            0.0,
            0.0,
            1.0
          ]
        ]
      },
      "bone_length_armature_space": 0.02565334702484234,
      "parent": "index_01_l",
      "has_children": true,
      "is_end_bone": false
    },
    "index_03_l": {
      "name": "index_03_l",
      "local": {
        "location": {
          "x": 0.0,
          "y": 0.0,
          "z": 0.0
        },
        "rotation_quaternion": {
          "w": 0.999890923500061,
          "x": 0.012143711559474468,
          "y": 0.006154525559395552,
          "z": 0.005731575191020966
        },
        "scale": {
          "x": 1.0,
          "y": 1.0,
          "z": 1.0
        },
        "matrix_basis": [
          [
            0.999858558177948,
            -0.011312422342598438,
            0.012446913868188858,
            0.0
          ],
          [
            0.011611377820372581,
            0.9996393322944641,
            -0.02421422302722931,
            0.0
          ],
          [
            -0.012168503366410732,
            0.024355323985219002,
            0.9996293187141418,
            0.0
          ],
          [
            0.0,
            0.0,
            0.0,
            1.0
          ]
        ],
        "rotation_mode": "QUATERNION"
      },
      "armature_space": {
        "head": {
          "x": 0.5380436778068542,
          "y": -0.5115354061126709,
          "z": 0.019660046324133873
        },
        "tail": {
          "x": 0.5562790632247925,
          "y": -0.5204832553863525,
          "z": -0.00134340301156044
        }
      },
      "world_space": {
        "head": {
          "x": 0.5380436778068542,
          "y": -0.4482914209365845,
          "z": 0.9695140719413757
        },
        "tail": {
          "x": 0.5562790632247925,
          "y": -0.4572392702102661,
          "z": 0.9485105872154236
        },
        "rotation_quaternion": {
          "w": 0.36287733912467957,
          "x": -0.7933061122894287,
          "y": -0.4638982117176056,
          "z": 0.15422049164772034
        },
        "matrix": [
          [
            0.5220270156860352,
            0.624100387096405,
            -0.5813659429550171,
            0.5380436778068542
          ],
          [
            0.847954273223877,
            -0.30623623728752136,
            0.43265822529792786,
            -0.4482914209365845
          ],
          [
            0.09198831766843796,
            -0.71883624792099,
            -0.6890766620635986,
            0.9695140719413757
          ],
          [
            0.0,
            0.0,
            0.0,
            1.0
          ]
        ]
      },
      "bone_length_armature_space": 0.029218798276734185,
      "parent": "index_02_l",
      "has_children": false,
      "is_end_bone": true
    },
    "metacarpal_pinky_l": {
      "name": "metacarpal_pinky_l",
      "local": {
        "location": {
          "x": 0.0,
          "y": 0.0,
          "z": 0.0
        },
        "rotation_quaternion": {
          "w": 0.9999290704727173,
          "x": -0.004447635728865862,
          "y": -0.006610876880586147,
          "z": -0.008855311200022697
        },
        "scale": {
          "x": 1.0,
          "y": 1.0,
          "z": 1.0
        },
        "matrix_basis": [
          [
            0.9997557401657104,
            0.017768172547221184,
            -0.013142045587301254,
            0.0
          ],
          [
            -0.017650561407208443,
            0.9998036026954651,
            0.009011723101139069,
            0.0
          ],
          [
            0.01329958625137806,
            -0.008777557872235775,
            0.9998730421066284,
            0.0
          ],
          [
            0.0,
            0.0,
            0.0,
            1.0
          ]
        ],
        "rotation_mode": "QUATERNION"
      },
      "armature_space": {
        "head": {
          "x": 0.48245957493782043,
          "y": -0.4215632975101471,
          "z": 0.14820802211761475
        },
        "tail": {
          "x": 0.5519397258758545,
          "y": -0.45826980471611023,
          "z": 0.07988212257623672
        }
      },
      "world_space": {
        "head": {
          "x": 0.48245957493782043,
          "y": -0.3583192825317383,
          "z": 1.0980620384216309
        },
        "tail": {
          "x": 0.5519397258758545,
          "y": -0.3950257897377014,
          "z": 1.0297361612319946
        },
        "rotation_quaternion": {
          "w": 0.29609736800193787,
          "x": 0.20063476264476776,
          "y": 0.48587507009506226,
          "z": -0.7974944710731506
        },
        "matrix": [
          [
            -0.7441439032554626,
            0.667239248752594,
            -0.03227591514587402,
            0.48245957493782043
          ],
          [
            -0.27730792760849,
            -0.3525038957595825,
            -0.8937793374061584,
            -0.3583192825317383
          ],
          [
            -0.6077465415000916,
            -0.6561548113822937,
            0.447346568107605,
            1.0980620384216309
          ],
          [
            0.0,
            0.0,
            0.0,
            1.0
          ]
        ]
      },
      "bone_length_armature_space": 0.10413110816537328,
      "parent": "lowerarm_l",
      "has_children": true,
      "is_end_bone": false
    },
    "pinky_01_l": {
      "name": "pinky_01_l",
      "local": {
        "location": {
          "x": 0.0,
          "y": 0.0,
          "z": 0.0
        },
        "rotation_quaternion": {
          "w": 0.9919326305389404,
          "x": -0.12627719342708588,
          "y": 0.002756891306489706,
          "z": -0.010784662328660488
        },
        "scale": {
          "x": 1.0,
          "y": 1.0,
          "z": 1.0
        },
        "matrix_basis": [
          [
            0.9997521638870239,
            0.02069905214011669,
            0.00819301512092352,
            0.0
          ],
          [
            -0.022091582417488098,
            0.9678755402565002,
            0.2504574656486511,
            0.0
          ],
          [
            -0.002745587145909667,
            -0.2505764067173004,
            0.9680929183959961,
            0.0
          ],
          [
            0.0,
            0.0,
            0.0,
            1.0
          ]
        ],
        "rotation_mode": "QUATERNION"
      },
      "armature_space": {
        "head": {
          "x": 0.5519397258758545,
          "y": -0.45826980471611023,
          "z": 0.07988212257623672
