{
  "metadata": {
    "armature_name": "KIM_caucasian_male",
    "export_time": "2026-01-13T21:00:24.861348",
    "blender_version": "4.4.1",
    "bone_count": 56,
    "end_bone_count": 13,
    "spaces_included": [
      "LOCAL_CHANNELS",
      "ARMATURE_SPACE",
      "WORLD_SPACE"
    ],
    "note": "LOCAL matches Transform panel; replay pose via local.matrix_basis for best fidelity."
  },
  "bones": {
    "Root": {
      "name": "Root",
      "local": {
        "location": {
          "x": 0.0,
          "y": 0.0,
          "z": 0.0
        },
        "rotation_quaternion": {
          "w": 0.9997698068618774,
          "x": -0.008527377620339394,
          "y": 0.005513740237802267,
          "z": -0.018903929740190506
        },
        "scale": {
          "x": 1.0,
          "y": 1.0,
          "z": 1.0
        },
        "matrix_basis": [
          [
            0.9992244839668274,
            0.03770511969923973,
            0.011347344145178795,
            0.0
          ],
          [
            -0.03789319097995758,
            0.9991398453712463,
            0.016842367127537727,
            0.0
          ],
          [
            -0.010702540166676044,
            -0.01725929230451584,
            0.9997937679290771,
            0.0
          ],
          [
            0.0,
            0.0,
            0.0,
            1.0
          ]
        ],
        "rotation_mode": "QUATERNION"
      },
      "armature_space": {
        "head": {
          "x": 0.0,
          "y": 0.07072800397872925,
          "z": -0.009595036506652832
        },
        "tail": {
          "x": 0.002691235626116395,
          "y": 0.0002264454960823059,
          "z": 0.0012124702334403992
        }
      },
      "world_space": {
        "head": {
          "x": 0.0,
          "y": 0.13397200405597687,
          "z": 0.9402589797973633
        },
        "tail": {
          "x": 0.002691235626116395,
          "y": 0.06347044557332993,
          "z": 0.9510664939880371
        },
        "rotation_quaternion": {
          "w": 0.0758601501584053,
          "x": 0.9969240427017212,
          "y": 0.019232435151934624,
          "z": 0.004227695986628532
        },
        "matrix": [
          [
            0.9992244839668274,
            0.03770511969923973,
            0.011347344145178795,
            0.0
          ],
          [
            0.038987983018159866,
            -0.9877506494522095,
            -0.15109145641326904,
            0.13397200405597687
          ],
          [
            0.005511500407010317,
            0.1514168083667755,
            -0.9884616732597351,
            0.9402589797973633
          ],
          [
            0.0,
            0.0,
            0.0,
            1.0
          ]
        ]
      },
      "bone_length_armature_space": 0.07137587075466054,
      "parent": null,
      "has_children": true,
      "is_end_bone": false
    },
    "spine_01": {
      "name": "spine_01",
      "local": {
        "location": {
          "x": 0.0,
          "y": 0.0,
          "z": 0.0
        },
        "rotation_quaternion": {
          "w": 0.992244303226471,
          "x": 0.10209842026233673,
          "y": 0.030627334490418434,
          "z": 0.06394637376070023
        },
        "scale": {
          "x": 1.0,
          "y": 1.0,
          "z": 1.0
        },
        "matrix_basis": [
          [
            0.989945650100708,
            -0.12064684182405472,
            0.07383724302053452,
            0.0
          ],
          [
            0.13315485417842865,
            0.970973551273346,
            -0.19869613647460938,
            0.0
          ],
          [
            -0.047721948474645615,
            0.20653016865253448,
            0.9772757291793823,
            0.0
          ],
          [
            0.0,
            0.0,
            0.0,
            1.0
          ]
        ],
        "rotation_mode": "QUATERNION"
      },
      "armature_space": {
        "head": {
          "x": 0.002691235626116395,
          "y": 0.0002264454960823059,
          "z": 0.0012124702334403992
        },
        "tail": {
          "x": -0.05603713542222977,
          "y": -0.0724322721362114,
          "z": 0.48019057512283325
        }
      },
      "world_space": {
        "head": {
          "x": 0.002691235626116395,
          "y": 0.06347044557332993,
          "z": 0.9510664939880371
        },
        "tail": {
          "x": -0.05603713542222977,
          "y": -0.009188272058963776,
          "z": 1.4300446510314941
        },
        "rotation_quaternion": {
          "w": 0.652289867401123,
          "x": 0.7534289956092834,
          "y": -0.00852384977042675,
          "z": 0.08240240067243576
        },
        "matrix": [
          [
            0.9862744808197021,
            -0.12034472078084946,
            0.11304783821105957,
            0.002691235626116395
          ],
          [
            0.09465548396110535,
            -0.1488904356956482,
            -0.9843130111694336,
            0.06347044557332993
          ],
          [
            0.13528963923454285,
            0.9815100431442261,
            -0.1354573667049408,
            0.9510664939880371
          ],
          [
            0.0,
            0.0,
            0.0,
            1.0
          ]
        ]
      },
      "bone_length_armature_space": 0.48800443837631385,
      "parent": "Root",
      "has_children": true,
      "is_end_bone": false
    },
    "neck_01": {
      "name": "neck_01",
      "local": {
        "location": {
          "x": 0.0,
          "y": 0.0,
          "z": 0.0
        },
        "rotation_quaternion": {
          "w": 0.992455244064331,
          "x": 0.03929805010557175,
          "y": 0.03828512877225876,
          "z": 0.10964804142713547
        },
        "scale": {
          "x": 1.0,
          "y": 1.0,
          "z": 1.0
        },
        "matrix_basis": [
          [
            0.9730231165885925,
            -0.21463248133659363,
            0.0846104621887207,
            0.0
          ],
          [
            0.22065061330795288,
            0.9728659391403198,
            -0.06960733234882355,
            0.0
          ],
          [
            -0.06737464666366577,
            0.0863988921046257,
            0.993979811668396,
            0.0
          ],
          [
            0.0,
            0.0,
            0.0,
            1.0
          ]
        ],
        "rotation_mode": "QUATERNION"
      },
      "armature_space": {
        "head": {
          "x": -0.060928039252758026,
          "y": -0.11747020483016968,
          "z": 0.5473574995994568
        },
        "tail": {
          "x": -0.0881398543715477,
          "y": -0.1781194508075714,
          "z": 0.6254080533981323
        }
      },
      "world_space": {
        "head": {
          "x": -0.060928039252758026,
          "y": -0.05422620475292206,
          "z": 1.4972114562988281
        },
        "tail": {
          "x": -0.0881398543715477,
          "y": -0.11487545073032379,
          "z": 1.5752620697021484
        },
        "rotation_quaternion": {
          "w": 0.44710078835487366,
          "x": 0.8760782480239868,
          "y": -0.06566937267780304,
          "z": 0.16815310716629028
        },
        "matrix": [
          [
            0.9348244071006775,
            -0.2654258906841278,
            0.2359078973531723,
            -0.060928039252758026
          ],
          [
            0.0352989137172699,
            -0.5915768146514893,
            -0.8054757714271545,
            -0.05422620475292206
          ],
          [
            0.35335415601730347,
            0.7613102197647095,
            -0.5436556339263916,
            1.4972114562988281
          ],
          [
            0.0,
            0.0,
            0.0,
            1.0
          ]
        ]
      },
      "bone_length_armature_space": 0.10252171977156878,
      "parent": "spine_01",
      "has_children": true,
      "is_end_bone": false
    },
    "head": {
      "name": "head",
      "local": {
        "location": {
          "x": 0.0,
          "y": 0.0,
          "z": 0.0
        },
        "rotation_quaternion": {
          "w": 0.9839197397232056,
          "x": 0.057570572942495346,
          "y": -0.13654109835624695,
          "z": -0.09972013533115387
        },
        "scale": {
          "x": 1.0,
          "y": 1.0,
          "z": 1.0
        },
        "matrix_basis": [
          [
            0.9428248405456543,
            0.1805117279291153,
            -0.28017285466194153,
            0.0
          ],
          [
            -0.21195471286773682,
            0.9734830260276794,
            -0.08605784922838211,
            0.0
          ],
          [
            0.25720906257629395,
            0.14052143692970276,
            0.9560843110084534,
            0.0
          ],
          [
            0.0,
            0.0,
            0.0,
            1.0
          ]
        ],
        "rotation_mode": "QUATERNION"
      },
      "armature_space": {
        "head": {
          "x": -0.08813980221748352,
          "y": -0.17811954021453857,
          "z": 0.6254079341888428
        },
        "tail": {
          "x": -0.10965106636285782,
          "y": -0.23756353557109833,
          "z": 0.7670303583145142
        }
      },
      "world_space": {
        "head": {
          "x": -0.08813980221748352,
          "y": -0.11487554013729095,
          "z": 1.5752619504928589
        },
        "tail": {
          "x": -0.10965106636285782,
          "y": -0.1743195354938507,
          "z": 1.7168843746185303
        },
        "rotation_quaternion": {
          "w": 0.5478601455688477,
          "x": 0.8315794467926025,
          "y": -0.09058584272861481,
          "z": -0.010912669822573662
        },
        "matrix": [
          [
            0.9833502173423767,
            -0.13870161771774292,
            -0.11740683019161224,
            -0.08813980221748352
          ],
          [
            -0.16261643171310425,
            -0.38328656554222107,
            -0.9092016816139221,
            -0.11487554013729095
          ],
          [
            0.08110765367746353,
            0.9131617546081543,
            -0.39946359395980835,
            1.5752619504928589
          ],
          [
            0.0,
            0.0,
            0.0,
            1.0
          ]
        ]
      },
      "bone_length_armature_space": 0.15509105000635603,
      "parent": "neck_01",
      "has_children": false,
      "is_end_bone": true
    },
    "upperarm_l": {
      "name": "upperarm_l",
      "local": {
        "location": {
          "x": 0.0,
          "y": 0.0,
          "z": 0.0
        },
        "rotation_quaternion": {
          "w": 0.9682374000549316,
          "x": -0.21715468168258667,
          "y": 0.09931422770023346,
          "z": -0.07414065301418304
        },
        "scale": {
          "x": 1.0,
          "y": 1.0,
          "z": 1.0
        },
        "matrix_basis": [
          [
            0.9692797064781189,
            0.10043840855360031,
            0.22451947629451752,
            0.0
          ],
          [
            -0.1867046058177948,
            0.8946940302848816,
            0.4057881236076355,
            0.0
          ],
          [
            -0.16011951863765717,
            -0.4352410137653351,
            0.8859610557556152,
            0.0
          ],
          [
            0.0,
            0.0,
            0.0,
            1.0
          ]
        ],
        "rotation_mode": "QUATERNION"
      },
      "armature_space": {
        "head": {
          "x": 0.09546174854040146,
          "y": -0.09640438854694366,
          "z": 0.5012539029121399
        },
        "tail": {
          "x": 0.3158528208732605,
          "y": 0.054692551493644714,
          "z": 0.5213814973831177
        }
      },
      "world_space": {
        "head": {
          "x": 0.09546174854040146,
          "y": -0.033160388469696045,
          "z": 1.4511079788208008
        },
        "tail": {
          "x": 0.3158528208732605,
          "y": 0.11793655157089233,
          "z": 1.4712355136871338
        },
        "rotation_quaternion": {
          "w": 0.5335979461669922,
          "x": 0.39646008610725403,
          "y": 0.7051265239715576,
          "z": -0.24675734341144562
        },
        "matrix": [
          [
            -0.11618422716856003,
            0.8224486112594604,
            0.556847870349884,
            0.09546174854040146
          ],
          [
            0.2957705557346344,
            0.5638588666915894,
            -0.7710922360420227,
            -0.033160388469696045
          ],
          [
            -0.9481735229492188,
            0.07511145621538162,
            -0.30877041816711426,
            1.4511079788208008
          ],
          [
            0.0,
            0.0,
            0.0,
            1.0
          ]
        ]
      },
      "bone_length_armature_space": 0.26796944805767164,
      "parent": "spine_01",
      "has_children": true,
      "is_end_bone": false
    },
    "lowerarm_l": {
      "name": "lowerarm_l",
      "local": {
        "location": {
          "x": 0.0,
          "y": 0.0,
          "z": 0.0
        },
        "rotation_quaternion": {
          "w": 0.9255458116531372,
          "x": 0.3611016273498535,
          "y": -0.004837457090616226,
          "z": -0.1137857735157013
        },
        "scale": {
          "x": 1.0,
          "y": 1.0,
          "z": 1.0
        },
        "matrix_basis": [
          [
            0.9740588068962097,
            0.20713426172733307,
            -0.09113103151321411,
            0.0
          ],
          [
            -0.2141215205192566,
            0.713316798210144,
            -0.667331337928772,
            0.0
          ],
          [
            -0.07322187721729279,
            0.6695330739021301,
            0.739164412021637,
            0.0
          ],
          [
            0.0,
            0.0,
            0.0,
            1.0
          ]
        ],
        "rotation_mode": "QUATERNION"
      },
      "armature_space": {
        "head": {
          "x": 0.31585294008255005,
          "y": 0.054692529141902924,
          "z": 0.5213816165924072
        },
        "tail": {
          "x": 0.5682880878448486,
          "y": -0.003500111401081085,
          "z": 0.4546020030975342
        }
      },
      "world_space": {
        "head": {
          "x": 0.31585294008255005,
          "y": 0.11793652921915054,
          "z": 1.4712356328964233
        },
        "tail": {
          "x": 0.5682880878448486,
          "y": 0.059743888676166534,
          "z": 1.4044560194015503
        },
        "rotation_quaternion": {
          "w": 0.33573293685913086,
          "x": 0.5293187499046326,
          "y": 0.5277506113052368,
          "z": -0.5732228755950928
        },
        "matrix": [
          [
            -0.21421164274215698,
            0.9435964822769165,
            -0.2524654269218445,
            0.31585294008255005
          ],
          [
            0.17379528284072876,
            -0.21752268075942993,
            -0.9604579210281372,
            0.11793652921915054
          ],
          [
            -0.961208164691925,
            -0.24962052702903748,
            -0.11739841103553772,
            1.4712356328964233
          ],
          [
            0.0,
            0.0,
            0.0,
            1.0
          ]
        ]
      },
      "bone_length_armature_space": 0.26752458684165437,
      "parent": "upperarm_l",
      "has_children": true,
      "is_end_bone": false
    },
    "metacarpal_thumb_l": {
      "name": "metacarpal_thumb_l",
      "local": {
        "location": {
          "x": 0.0,
          "y": 0.0,
          "z": 0.0
        },
        "rotation_quaternion": {
          "w": 0.9997705817222595,
          "x": -0.0059729632921516895,
          "y": -0.009704099968075752,
          "z": 0.018140360713005066
        },
        "scale": {
          "x": 1.0,
          "y": 1.0,
          "z": 1.0
        },
        "matrix_basis": [
          [
            0.9991534948348999,
            -0.03615647181868553,
            -0.01962045021355152,
            0.0
          ],
          [
            0.036388322710990906,
            0.999270498752594,
            0.011591114103794098,
            0.0
          ],
          [
            0.019187044352293015,
            -0.012295257300138474,
            0.9997403025627136,
            0.0
          ],
          [
            0.0,
            0.0,
            0.0,
            1.0
          ]
        ],
        "rotation_mode": "QUATERNION"
      },
      "armature_space": {
        "head": {
          "x": 0.5682880878448486,
          "y": -0.003500111401081085,
          "z": 0.4546020030975342
        },
        "tail": {
          "x": 0.594710648059845,
          "y": -0.0397089347243309,
          "z": 0.43352213501930237
        }
      },
      "world_space": {
        "head": {
          "x": 0.5682880878448486,
          "y": 0.059743888676166534,
          "z": 1.4044560194015503
        },
        "tail": {
          "x": 0.594710648059845,
          "y": 0.023535065352916718,
          "z": 1.383376121520996
        },
        "rotation_quaternion": {
          "w": 0.18116794526576996,
          "x": -0.918918788433075,
          "y": -0.3188748359680176,
          "z": 0.1452081799507141
        },
        "matrix": [
          [
            0.75446617603302,
            0.5334262251853943,
            -0.3824092745780945,
            0.5682880878448486
          ],
          [
            0.6386545896530151,
            -0.7309941649436951,
            0.24034960567951202,
            0.059743888676166534
          ],
          [
            -0.15133066475391388,
            -0.4255666732788086,
            -0.8921915888786316,
            1.4044560194015503
          ],
          [
            0.0,
            0.0,
            0.0,
            1.0
          ]
        ]
      },
      "bone_length_armature_space": 0.04953374043756059,
      "parent": "lowerarm_l",
      "has_children": true,
      "is_end_bone": false
    },
    "thumb_01_l": {
      "name": "thumb_01_l",
      "local": {
        "location": {
          "x": 0.0,
          "y": 0.0,
          "z": 0.0
        },
        "rotation_quaternion": {
          "w": 0.9578817486763,
          "x": 0.2862809896469116,
          "y": 0.010228640399873257,
          "z": 0.020031865686178207
        },
        "scale": {
          "x": 1.0,
          "y": 1.0,
          "z": 1.0
        },
        "matrix_basis": [
          [
            0.9989882111549377,
            -0.032519787549972534,
            0.031065139919519424,
            0.0
          ],
          [
            0.04423284903168678,
            0.8352838158607483,
            -0.5480368733406067,
            0.0
          ],
          [
            -0.008126171305775642,
            0.5488564968109131,
            0.8358771204948425,
            0.0
          ],
          [
            0.0,
            0.0,
            0.0,
            1.0
          ]
        ],
        "rotation_mode": "QUATERNION"
      },
      "armature_space": {
        "head": {
          "x": 0.594710648059845,
          "y": -0.0397089347243309,
          "z": 0.43352213501930237
        },
        "tail": {
          "x": 0.6075446009635925,
          "y": -0.03868136182427406,
          "z": 0.40201225876808167
        }
      },
      "world_space": {
        "head": {
          "x": 0.594710648059845,
          "y": 0.023535065352916718,
          "z": 1.383376121520996
        },
        "tail": {
          "x": 0.6075446009635925,
          "y": 0.024562638252973557,
          "z": 1.3518662452697754
        },
        "rotation_quaternion": {
          "w": 0.7011104822158813,
          "x": -0.5738492012023926,
          "y": 0.1534244567155838,
          "z": -0.3944644033908844
        },
        "matrix": [
          [
            0.6417157053947449,
            0.37704136967658997,
            0.6678626537322998,
            0.594710648059845
          ],
          [
            -0.7292127013206482,
            0.030188530683517456,
            0.6836209297180176,
            0.023535065352916718
          ],
          [
            0.23759256303310394,
            -0.9257107377052307,
            0.2943184971809387,
            1.383376121520996
          ],
          [
            0.0,
            0.0,
            0.0,
            1.0
          ]
        ]
      },
      "bone_length_armature_space": 0.03403877996800691,
      "parent": "metacarpal_thumb_l",
      "has_children": true,
      "is_end_bone": false
    },
    "thumb_02_l": {
      "name": "thumb_02_l",
      "local": {
        "location": {
          "x": 0.0,
          "y": 0.0,
          "z": 0.0
        },
        "rotation_quaternion": {
          "w": 0.903107225894928,
          "x": 0.4294082522392273,
          "y": 0.0024069990031421185,
          "z": 0.0003260411322116852
        },
        "scale": {
          "x": 1.0,
          "y": 1.0,
          "z": 1.0
        },
        "matrix_basis": [
          [
            0.9999881982803345,
            0.0014782702783122659,
            0.00462756585329771,
            0.0
          ],
          [
            0.0026560707483440638,
            0.6312168836593628,
            -0.7756018042564392,
            0.0
          ],
          [
            -0.004067546688020229,
            0.7756049633026123,
            0.6312054991722107,
            0.0
          ],
          [
            0.0,
            0.0,
            0.0,
            1.0
          ]
        ],
        "rotation_mode": "QUATERNION"
      },
      "armature_space": {
        "head": {
          "x": 0.6075445413589478,
          "y": -0.03868136927485466,
          "z": 0.40201225876808167
        },
        "tail": {
          "x": 0.6366614699363708,
          "y": -0.03766728192567825,
          "z": 0.4296594262123108
        }
      },
      "world_space": {
        "head": {
          "x": 0.6075445413589478,
          "y": 0.02456263080239296,
          "z": 1.3518662452697754
        },
        "tail": {
          "x": 0.6366614699363708,
          "y": 0.025576718151569366,
          "z": 1.3795135021209717
        },
        "rotation_quaternion": {
          "w": 0.6566576361656189,
          "x": 0.2391059547662735,
          "y": -0.28535154461860657,
          "z": -0.6558990478515625
        },
        "matrix": [
          [
            -0.02326158620417118,
            0.7249435782432556,
            -0.6884151101112366,
            0.6075445413589478
          ],
          [
            -0.9978606700897217,
            0.025248372927308083,
            0.060305964201688766,
            0.02456263080239296
          ],
          [
            0.06109923496842384,
            0.6883500814437866,
            0.7228103876113892,
            1.3518662452697754
          ],
          [
            0.0,
            0.0,
            0.0,
            1.0
          ]
        ]
      },
      "bone_length_armature_space": 0.04016453380475365,
      "parent": "thumb_01_l",
      "has_children": true,
      "is_end_bone": false
    },
    "thumb_03_l": {
      "name": "thumb_03_l",
      "local": {
        "location": {
          "x": 0.0,
          "y": 0.0,
          "z": 0.0
        },
        "rotation_quaternion": {
          "w": 0.9873905181884766,
          "x": 0.15819257497787476,
          "y": -0.0016005256911739707,
          "z": 0.005703081842511892
        },
        "scale": {
          "x": 1.0,
          "y": 1.0,
          "z": 1.0
        },
        "matrix_basis": [
          [
            0.9999298453330994,
            -0.011768720112740993,
            -0.0013563174288719893,
            0.0
          ],
          [
            0.01075595524162054,
            0.9498851895332336,
            -0.3124139606952667,
            0.0
          ],
          [
            0.00496505806222558,
            0.3123774528503418,
            0.9499450922012329,
            0.0
          ],
          [
            0.0,
            0.0,
            0.0,
            1.0
          ]
        ],
        "rotation_mode": "QUATERNION"
      },
      "armature_space": {
        "head": {
          "x": 0.6366614699363708,
          "y": -0.03766734153032303,
          "z": 0.42965933680534363
        },
        "tail": {
          "x": 0.643822968006134,
          "y": -0.03471441939473152,
          "z": 0.45910245180130005
        }
      },
      "world_space": {
        "head": {
          "x": 0.6366614699363708,
          "y": 0.02557665854692459,
          "z": 1.3795133829116821
        },
        "tail": {
          "x": 0.643822968006134,
          "y": 0.028529580682516098,
          "z": 1.408956527709961
        },
        "rotation_quaternion": {
          "w": 0.6602504849433899,
          "x": 0.5101218819618225,
          "y": -0.3355080485343933,
          "z": -0.4373549520969391
        },
        "matrix": [
          [
            0.3923085629940033,
            0.23522774875164032,
            -0.8892477750778198,
            0.6366614699363708
          ],
          [
            -0.9198283553123474,
            0.09699233621358871,
            -0.38014283776283264,
            0.02557665854692459
          ],
          [
            -0.00317077967338264,
            0.9670954346656799,
            0.2544213831424713,
            1.3795133829116821
          ],
          [
            0.0,
            0.0,
            0.0,
            1.0
          ]
        ]
      },
      "bone_length_armature_space": 0.03044509484406122,
      "parent": "thumb_02_l",
      "has_children": false,
      "is_end_bone": true
    },
    "metacarpal_index_l": {
      "name": "metacarpal_index_l",
      "local": {
        "location": {
          "x": 0.0,
          "y": 0.0,
          "z": 0.0
        },
        "rotation_quaternion": {
          "w": 0.9979867339134216,
          "x": -0.0599171407520771,
          "y": -0.01540033146739006,
          "z": -0.013979010283946991
        },
        "scale": {
          "x": 1.0,
          "y": 1.0,
          "z": 1.0
        },
        "matrix_basis": [
          [
            0.9991348385810852,
            0.029747221618890762,
            -0.02906348742544651,
            0.0
          ],
          [
            -0.02605624683201313,
            0.9924290180206299,
            0.12002358585596085,
            0.0
          ],
          [
            0.03241381794214249,
            -0.11916246265172958,
            0.9923455119132996,
            0.0
          ],
          [
            0.0,
            0.0,
            0.0,
            1.0
          ]
        ],
        "rotation_mode": "QUATERNION"
      },
      "armature_space": {
        "head": {
          "x": 0.5682880878448486,
          "y": -0.003500111401081085,
          "z": 0.4546020030975342
        },
        "tail": {
          "x": 0.6706010103225708,
          "y": -0.053139880299568176,
          "z": 0.42636755108833313
        }
      },
      "world_space": {
        "head": {
          "x": 0.5682880878448486,
          "y": 0.059743888676166534,
          "z": 1.4044560194015503
        },
        "tail": {
          "x": 0.6706010103225708,
          "y": 0.010104119777679443,
          "z": 1.3762215375900269
        },
        "rotation_quaternion": {
          "w": 0.055137619376182556,
          "x": 0.7859436273574829,
          "y": 0.5339797735214233,
          "z": -0.30678698420524597
        },
        "matrix": [
          [
            0.2414935678243637,
            0.8731878399848938,
            -0.42334794998168945,
            0.5682880878448486
          ],
          [
            0.8055245280265808,
            -0.42364969849586487,
            -0.4143083989620209,
            0.059743888676166534
          ],
          [
            -0.5411233305931091,
            -0.24096640944480896,
            -0.8056888580322266,
            1.4044560194015503
          ],
          [
            0.0,
            0.0,
            0.0,
            1.0
          ]
        ]
      },
      "bone_length_armature_space": 0.11717177772355789,
      "parent": "lowerarm_l",
      "has_children": true,
      "is_end_bone": false
    },
    "index_01_l": {
      "name": "index_01_l",
      "local": {
        "location": {
          "x": 0.0,
          "y": 0.0,
          "z": 0.0
        },
        "rotation_quaternion": {
          "w": 0.9469753503799438,
          "x": 0.3207990825176239,
          "y": 0.0016703133005648851,
          "z": 0.017974531278014183
        },
        "scale": {
          "x": 1.0,
          "y": 1.0,
          "z": 1.0
        },
        "matrix_basis": [
          [
            0.9993482232093811,
            -0.032971207052469254,
            0.014695917256176472,
            0.0
          ],
          [
            0.03511454537510872,
            0.793529748916626,
            -0.6075176000595093,
            0.0
          ],
          [
            0.00836893543601036,
            0.6076377034187317,
            0.7941703200340271,
            0.0
          ],
          [
            0.0,
            0.0,
            0.0,
            1.0
          ]
        ],
        "rotation_mode": "QUATERNION"
      },
      "armature_space": {
        "head": {
          "x": 0.6706010103225708,
          "y": -0.053139880299568176,
          "z": 0.42636755108833313
        },
        "tail": {
          "x": 0.6869878172874451,
          "y": -0.06260260939598083,
          "z": 0.40503668785095215
        }
      },
      "world_space": {
        "head": {
          "x": 0.6706010103225708,
          "y": 0.010104119777679443,
          "z": 1.3762215375900269
        },
        "tail": {
          "x": 0.6869878172874451,
          "y": 0.0006413906812667847,
          "z": 1.3548907041549683
        },
        "rotation_quaternion": {
          "w": 0.1747211217880249,
          "x": -0.6695058941841125,
          "y": -0.5509469509124756,
          "z": 0.46657446026802063
        },
        "matrix": [
          [
            -0.04247123375535011,
            0.5746856927871704,
            -0.81727135181427,
            0.6706010103225708
          ],
          [
            0.9007653594017029,
            -0.33185815811157227,
            -0.2801646590232849,
            0.010104119777679443
          ],
          [
            -0.43222692608833313,
            -0.7480741143226624,
            -0.5035661458969116,
            1.3762215375900269
          ],
          [
            0.0,
            0.0,
            0.0,
            1.0
          ]
        ]
      },
      "bone_length_armature_space": 0.02851449500520673,
      "parent": "metacarpal_index_l",
      "has_children": true,
      "is_end_bone": false
    },
    "index_02_l": {
      "name": "index_02_l",
      "local": {
        "location": {
          "x": 0.0,
          "y": 0.0,
          "z": 0.0
        },
        "rotation_quaternion": {
          "w": 0.8992476463317871,
          "x": 0.4372742176055908,
          "y": 0.00011884374544024467,
          "z": 0.012045462615787983
        },
        "scale": {
          "x": 1.0,
          "y": 1.0,
          "z": 1.0
        },
        "matrix_basis": [
          [
            0.9997097849845886,
            -0.02155977301299572,
            0.010748079977929592,
            0.0
          ],
          [
            0.021767642349004745,
            0.6172923445701599,
            -0.7864327430725098,
            0.0
          ],
          [
            0.010320600122213364,
            0.7864384651184082,
            0.6175824999809265,
            0.0
          ],
          [
            0.0,
            0.0,
            0.0,
            1.0
          ]
        ],
        "rotation_mode": "QUATERNION"
      },
      "armature_space": {
        "head": {
          "x": 0.6869878172874451,
          "y": -0.06260303407907486,
          "z": 0.4050363600254059
        },
        "tail": {
          "x": 0.6806037425994873,
          "y": -0.07480741292238235,
          "z": 0.38339394330978394
        }
      },
      "world_space": {
        "head": {
          "x": 0.6869878172874451,
          "y": 0.00064096599817276,
          "z": 1.3548903465270996
        },
        "tail": {
          "x": 0.6806037425994873,
          "y": -0.011563412845134735,
          "z": 1.3332479000091553
        },
        "rotation_quaternion": {
          "w": 0.4142860770225525,
          "x": -0.5238817930221558,
          "y": -0.3008238673210144,
          "z": 0.6807495951652527
        },
        "matrix": [
          [
            -0.10782952606678009,
            -0.24886003136634827,
            -0.9625183343887329,
            0.6869878172874451
          ],
          [
            0.8792427182197571,
            -0.4757436513900757,
            0.024503841996192932,
            0.00064096599817276
          ],
          [
            -0.4640122950077057,
            -0.8436511754989624,
            0.2701095938682556,
            1.3548903465270996
          ],
          [
            0.0,
            0.0,
            0.0,
            1.0
          ]
        ]
      },
      "bone_length_armature_space": 0.025653410344280973,
      "parent": "index_01_l",
      "has_children": true,
      "is_end_bone": false
    },
    "index_03_l": {
      "name": "index_03_l",
      "local": {
        "location": {
          "x": 0.0,
          "y": 0.0,
          "z": 0.0
        },
        "rotation_quaternion": {
          "w": 0.9363148212432861,
          "x": 0.3511599004268646,
          "y": -0.000980813056230545,
          "z": -0.0006559669272974133
        },
        "scale": {
          "x": 1.0,
          "y": 1.0,
          "z": 1.0
        },
        "matrix_basis": [
          [
            0.9999971985816956,
            0.0005395386833697557,
            -0.002297398168593645,
            0.0
          ],
          [
            -0.0019172275206074119,
            0.7533726096153259,
            -0.6575911641120911,
            0.0
          ],
          [
            0.0013760010479018092,
            0.6575937271118164,
            0.75337153673172,
            0.0
          ],
          [
            0.0,
            0.0,
            0.0,
            1.0
          ]
        ],
        "rotation_mode": "QUATERNION"
      },
      "armature_space": {
        "head": {
          "x": 0.6806038618087769,
          "y": -0.07480742782354355,
          "z": 0.38339394330978394
        },
        "tail": {
          "x": 0.6550309062004089,
          "y": -0.0809146910905838,
          "z": 0.37064799666404724
        }
      },
      "world_space": {
        "head": {
          "x": 0.6806038618087769,
          "y": -0.011563427746295929,
          "z": 1.3332479000091553
        },
        "tail": {
          "x": 0.6550309062004089,
          "y": -0.01767069101333618,
          "z": 1.3205020427703857
        },
        "rotation_quaternion": {
          "w": 0.6281654238700867,
          "x": -0.31327465176582336,
          "y": -0.02996586263179779,
          "z": 0.7115963697433472
        },
        "matrix": [
          [
            -0.014532668516039848,
            -0.8752263784408569,
            -0.4834953248500824,
            0.6806038618087769
          ],
          [
            0.9127746820449829,
            -0.20901912450790405,
            0.3509322702884674,
            -0.011563427746295929
          ],
          [
            -0.4082068204879761,
            -0.4362254738807678,
            0.8019280433654785,
            1.3332479000091553
          ],
          [
            0.0,
            0.0,
            0.0,
            1.0
          ]
        ]
      },
      "bone_length_armature_space": 0.029218724630064807,
      "parent": "index_02_l",
      "has_children": false,
      "is_end_bone": true
    },
    "metacarpal_pinky_l": {
      "name": "metacarpal_pinky_l",
      "local": {
        "location": {
          "x": 0.0,
          "y": 0.0,
          "z": 0.0
        },
        "rotation_quaternion": {
          "w": 0.9982005953788757,
          "x": -0.05829013139009476,
          "y": 0.013999015092849731,
          "z": 0.0013808553339913487
        },
        "scale": {
          "x": 1.0,
          "y": 1.0,
          "z": 1.0
        },
        "matrix_basis": [
          [
            0.9996042251586914,
            -0.004388750065118074,
            0.02778667025268078,
            0.0
          ],
          [
            0.0011247324291616678,
            0.9932007193565369,
            0.11640914529561996,
            0.0
          ],
          [
            -0.0281086303293705,
            -0.11633182317018509,
            0.9928125739097595,
            0.0
          ],
          [
            0.0,
            0.0,
            0.0,
            1.0
          ]
        ],
        "rotation_mode": "QUATERNION"
      },
      "armature_space": {
        "head": {
          "x": 0.5682880878448486,
          "y": -0.003500111401081085,
          "z": 0.4546020030975342
        },
        "tail": {
          "x": 0.6663750410079956,
          "y": 0.010951517149806023,
          "z": 0.4227692484855652
        }
      },
      "world_space": {
        "head": {
          "x": 0.5682880878448486,
          "y": 0.059743888676166534,
          "z": 1.4044560194015503
        },
        "tail": {
          "x": 0.6663750410079956,
          "y": 0.07419551908969879,
          "z": 1.3726232051849365
        },
        "rotation_quaternion": {
          "w": 0.6983815431594849,
          "x": 0.04888961836695671,
          "y": 0.28575554490089417,
          "z": -0.6543828248977661
        },
        "matrix": [
          [
            -0.019747506827116013,
            0.9419596195220947,
            0.3351447582244873,
            0.5682880878448486
          ],
          [
            -0.8860764503479004,
            0.13878346979618073,
            -0.44227588176727295,
            0.059743888676166534
          ],
          [
            -0.4631224572658539,
            -0.30569973587989807,
            0.8319129943847656,
            1.4044560194015503
          ],
          [
            0.0,
            0.0,
            0.0,
            1.0
          ]
        ]
      },
      "bone_length_armature_space": 0.10413080247035239,
      "parent": "lowerarm_l",
      "has_children": true,
      "is_end_bone": false
    },
    "pinky_01_l": {
      "name": "pinky_01_l",
      "local": {
        "location": {
          "x": 0.0,
          "y": 0.0,
          "z": 0.0
        },
        "rotation_quaternion": {
          "w": 0.9543952941894531,
          "x": 0.2976031005382538,
          "y": -0.022454895079135895,
          "z": -0.007604350335896015
        },
        "scale": {
          "x": 1.0,
          "y": 1.0,
          "z": 1.0
        },
        "matrix_basis": [
          [
            0.9988759160041809,
            0.0011498195817694068,
            -0.047387849539518356,
            0.0
          ],
          [
            -0.027880406007170677,
            0.822749137878418,
            -0.5677204728126526,
            0.0
          ],
          [
            0.03833553567528725,
            0.5684034824371338,
            0.8218563199043274,
            0.0
          ],
          [
            0.0,
            0.0,
            0.0,
            1.0
          ]
        ],
        "rotation_mode": "QUATERNION"
      },
      "armature_space": {
        "head": {
          "x": 0.6663750410079956,
          "y": 0.010951517149806023,
          "z": 0.4227692484855652
        },
        "tail": {
