{
  "metadata": {
    "armature_name": "KIM_caucasian_male",
    "export_time": "2026-01-13T20:56:25.699719",
    "blender_version": "4.4.1",
    "bone_count": 56,
    "end_bone_count": 13,
    "spaces_included": [
      "LOCAL_CHANNELS",
      "ARMATURE_SPACE",
      "WORLD_SPACE"
    ],
    "note": "LOCAL matches Transform panel; replay pose via local.matrix_basis for best fidelity."
  },
  "bones": {
    "Root": {
      "name": "Root",
      "local": {
        "location": {
          "x": 0.0,
          "y": 0.0,
          "z": 0.0
        },
        "rotation_quaternion": {
          "w": 0.9997361302375793,
          "x": -0.00872756727039814,
          "y": 0.018927792087197304,
          "z": 0.009655307047069073
        },
        "scale": {
          "x": 1.0,
          "y": 1.0,
          "z": 1.0
        },
        "matrix_basis": [
          [
            0.9990970492362976,
            -0.01963590644299984,
            0.037677060812711716,
            0.0
          ],
          [
            0.01897513121366501,
            0.9996612071990967,
            0.017816035076975822,
            0.0
          ],
          [
            -0.03801412880420685,
            -0.01708502136170864,
            0.9991311430931091,
            0.0
          ],
          [
            0.0,
            0.0,
            0.0,
            1.0
          ]
        ],
        "rotation_mode": "QUATERNION"
      },
      "armature_space": {
        "head": {
          "x": 0.0,
          "y": 0.07072800397872925,
          "z": -0.009595036506652832
        },
        "tail": {
          "x": -0.0014015298802405596,
          "y": 0.00018789619207382202,
          "z": 0.0012051472440361977
        }
      },
      "world_space": {
        "head": {
          "x": 0.0,
          "y": 0.13397200405597687,
          "z": 0.9402589797973633
        },
        "tail": {
          "x": -0.0014015298802405596,
          "y": 0.06343189626932144,
          "z": 0.9510591626167297
        },
        "rotation_quaternion": {
          "w": 0.07605762779712677,
          "x": 0.9968770146369934,
          "y": -0.008358247578144073,
          "z": 0.019535250961780548
        },
        "matrix": [
          [
            0.9990970492362976,
            -0.01963590644299984,
            0.037677060812711716,
            0.0
          ],
          [
            -0.013692670501768589,
            -0.9882907271385193,
            -0.15196722745895386,
            0.13397200405597687
          ],
          [
            0.040220171213150024,
            0.15131421387195587,
            -0.9876742362976074,
            0.9402589797973633
          ],
          [
            0.0,
            0.0,
            0.0,
            1.0
          ]
        ]
      },
      "bone_length_armature_space": 0.07137587333020337,
      "parent": null,
      "has_children": true,
      "is_end_bone": false
    },
    "spine_01": {
      "name": "spine_01",
      "local": {
        "location": {
          "x": 0.0,
          "y": 0.0,
          "z": 0.0
        },
        "rotation_quaternion": {
          "w": 0.996446967124939,
          "x": -0.04635315760970116,
          "y": 0.041784726083278656,
          "z": 0.056559592485427856
        },
        "scale": {
          "x": 1.0,
          "y": 1.0,
          "z": 1.0
        },
        "matrix_basis": [
          [
            0.9901100993156433,
            -0.11659097671508789,
            0.0780290961265564,
            0.0
          ],
          [
            0.10884355753660202,
            0.989304780960083,
            0.09710358083248138,
            0.0
          ],
          [
            -0.08851595968008041,
            -0.08765026926994324,
            0.992210865020752,
            0.0
          ],
          [
            0.0,
            0.0,
            0.0,
            1.0
          ]
        ],
        "rotation_mode": "QUATERNION"
      },
      "armature_space": {
        "head": {
          "x": -0.0014015298802405596,
          "y": 0.00018789619207382202,
          "z": 0.0012051472440361977
        },
        "tail": {
          "x": -0.07650504261255264,
          "y": 0.07475757598876953,
          "z": 0.4775950014591217
        }
      },
      "world_space": {
        "head": {
          "x": -0.0014015298802405596,
          "y": 0.06343189626932144,
          "z": 0.9510591626167297
        },
        "tail": {
          "x": -0.07650504261255264,
          "y": 0.13800157606601715,
          "z": 1.4274489879608154
        },
        "rotation_quaternion": {
          "w": 0.7586991786956787,
          "x": 0.6461936235427856,
          "y": -0.02790224179625511,
          "z": 0.07765904814004898
        },
        "matrix": [
          [
            0.9863810539245605,
            -0.15390025079250336,
            0.05802766978740692,
            -0.0014015298802405596
          ],
          [
            0.08178022503852844,
            0.1528063416481018,
            -0.9848666787147522,
            0.06343189626932144
          ],
          [
            0.1427053064107895,
            0.9762062430381775,
            0.16331151127815247,
            0.9510591626167297
          ],
          [
            0.0,
            0.0,
            0.0,
            1.0
          ]
        ]
      },
      "bone_length_armature_space": 0.4880045774531698,
      "parent": "Root",
      "has_children": true,
      "is_end_bone": false
    },
    "neck_01": {
      "name": "neck_01",
      "local": {
        "location": {
          "x": 0.0,
          "y": 0.0,
          "z": 0.0
        },
        "rotation_quaternion": {
          "w": 0.9946186542510986,
          "x": 0.029020940884947777,
          "y": 0.05372317507863045,
          "z": -0.08369897305965424
        },
        "scale": {
          "x": 1.0,
          "y": 1.0,
          "z": 1.0
        },
        "matrix_basis": [
          [
            0.9802166223526001,
            0.16961531341075897,
            0.1020101010799408,
            0.0
          ],
          [
            -0.16337892413139343,
            0.9843045473098755,
            -0.06672269105911255,
            0.0
          ],
          [
            -0.11172618716955185,
            0.048736389726400375,
            0.9925432205200195,
            0.0
          ],
          [
            0.0,
            0.0,
            0.0,
            1.0
          ]
        ],
        "rotation_mode": "QUATERNION"
      },
      "armature_space": {
        "head": {
          "x": -0.08576095849275589,
          "y": 0.05179021134972572,
          "z": 0.554735004901886
        },
        "tail": {
          "x": -0.08019495010375977,
          "y": 0.024847645312547684,
          "z": 0.6534967422485352
        }
      },
      "world_space": {
        "head": {
          "x": -0.08576095849275589,
          "y": 0.11503420770168304,
          "z": 1.5045890808105469
        },
        "tail": {
          "x": -0.08019495010375977,
          "y": 0.088091641664505,
          "z": 1.6033507585525513
        },
        "rotation_quaternion": {
          "w": 0.6006881594657898,
          "x": 0.7914307117462158,
          "y": 0.08816921710968018,
          "z": 0.07097576558589935
        },
        "matrix": [
          [
            0.9743773341178894,
            0.05429119989275932,
            0.21826931834220886,
            -0.08576095849275589
          ],
          [
            0.22482842206954956,
            -0.26279959082603455,
            -0.9382904767990112,
            0.11503420770168304
          ],
          [
            0.006420446559786797,
            0.9633283615112305,
            -0.26827484369277954,
            1.5045890808105469
          ],
          [
            0.0,
            0.0,
            0.0,
            1.0
          ]
        ]
      },
      "bone_length_armature_space": 0.10252201388821214,
      "parent": "spine_01",
      "has_children": true,
      "is_end_bone": false
    },
    "head": {
      "name": "head",
      "local": {
        "location": {
          "x": 0.0,
          "y": 0.0,
          "z": 0.0
        },
        "rotation_quaternion": {
          "w": 0.9965825080871582,
          "x": -0.02496723271906376,
          "y": 0.05191871151328087,
          "z": 0.0591985285282135
        },
        "scale": {
          "x": 1.0,
          "y": 1.0,
          "z": 1.0
        },
        "matrix_basis": [
          [
            0.9875999689102173,
            -0.12058497220277786,
            0.10052651166915894,
            0.0
          ],
          [
            0.11539990454912186,
            0.991744339466095,
            0.05591083690524101,
            0.0
          ],
          [
            -0.10643860697746277,
            -0.04361679032444954,
            0.9933621883392334,
            0.0
          ],
          [
            0.0,
            0.0,
            0.0,
            1.0
          ]
        ],
        "rotation_mode": "QUATERNION"
      },
      "armature_space": {
        "head": {
          "x": -0.08019492030143738,
          "y": 0.024847520515322685,
          "z": 0.6534965634346008
        },
        "tail": {
          "x": -0.10436393320560455,
          "y": 0.041723329573869705,
          "z": 0.8057607412338257
        }
      },
      "world_space": {
        "head": {
          "x": -0.08019492030143738,
          "y": 0.08809152245521545,
          "z": 1.6033506393432617
        },
        "tail": {
          "x": -0.10436393320560455,
          "y": 0.10496732592582703,
          "z": 1.7556147575378418
        },
        "rotation_quaternion": {
          "w": 0.7414165139198303,
          "x": 0.6468259692192078,
          "y": 0.06861300021409988,
          "z": 0.1649542599916458
        },
        "matrix": [
          [
            0.9361644983291626,
            -0.15583838522434235,
            0.31513598561286926,
            -0.08019492030143738
          ],
          [
            0.33336201310157776,
            0.1088128536939621,
            -0.9364988207817078,
            0.08809152245521545
          ],
          [
            0.1116526797413826,
            0.981778085231781,
            0.1538175344467163,
            1.6033506393432617
          ],
          [
            0.0,
            0.0,
            0.0,
            1.0
          ]
        ]
      },
      "bone_length_armature_space": 0.15509130756457187,
      "parent": "neck_01",
      "has_children": false,
      "is_end_bone": true
    },
    "upperarm_l": {
      "name": "upperarm_l",
      "local": {
        "location": {
          "x": 0.0,
          "y": 0.0,
          "z": 0.0
        },
        "rotation_quaternion": {
          "w": 0.8429832458496094,
          "x": 0.301212340593338,
          "y": 0.325143963098526,
          "z": 0.30484718084335327
        },
        "scale": {
          "x": 1.0,
          "y": 1.0,
          "z": 1.0
        },
        "matrix_basis": [
          [
            0.6026992201805115,
            -0.3180873692035675,
            0.7318292856216431,
            0.0
          ],
          [
            0.7098369002342224,
            0.6326786279678345,
            -0.3095954656600952,
            0.0
          ],
          [
            -0.3645343482494354,
            0.7060723304748535,
            0.6071050763130188,
            0.0
          ],
          [
            0.0,
            0.0,
            0.0,
            1.0
          ]
        ],
        "rotation_mode": "QUATERNION"
      },
      "armature_space": {
        "head": {
          "x": 0.07272455096244812,
          "y": 0.05064660683274269,
          "z": 0.5110530257225037
        },
        "tail": {
          "x": 0.24779731035232544,
          "y": -0.10463078320026398,
          "z": 0.6416144371032715
        }
      },
      "world_space": {
        "head": {
          "x": 0.07272455096244812,
          "y": 0.11389060318470001,
          "z": 1.460906982421875
        },
        "tail": {
          "x": 0.24779731035232544,
          "y": -0.04138678312301636,
          "z": 1.5914684534072876
        },
        "rotation_quaternion": {
          "w": 0.3519762456417084,
          "x": 0.8643900752067566,
          "y": 0.2939094007015228,
          "z": -0.20630083978176117
        },
        "matrix": [
          [
            0.7421144247055054,
            0.6533311009407043,
            -0.14974907040596008,
            0.07272455096244812
          ],
          [
            0.3628798723220825,
            -0.5794593095779419,
            -0.7297570705413818,
            0.11389060318470001
          ],
          [
            -0.5635500550270081,
            0.48722508549690247,
            -0.6671110391616821,
            1.460906982421875
          ],
          [
            0.0,
            0.0,
            0.0,
            1.0
          ]
        ]
      },
      "bone_length_armature_space": 0.267969808910046,
      "parent": "spine_01",
      "has_children": true,
      "is_end_bone": false
    },
    "lowerarm_l": {
      "name": "lowerarm_l",
      "local": {
        "location": {
          "x": 0.0,
          "y": 0.0,
          "z": 0.0
        },
        "rotation_quaternion": {
          "w": 0.9421820640563965,
          "x": 0.23059691488742828,
          "y": -0.09208226948976517,
          "z": 0.22503091394901276
        },
        "scale": {
          "x": 1.0,
          "y": 1.0,
          "z": 1.0
        },
        "matrix_basis": [
          [
            0.8817638754844666,
            -0.4665079712867737,
            -0.06973365694284439,
            0.0
          ],
          [
            0.3815723955631256,
            0.7923722863197327,
            -0.4759712815284729,
            0.0
          ],
          [
            0.2772994041442871,
            0.3930858373641968,
            0.8766918182373047,
            0.0
          ],
          [
            0.0,
            0.0,
            0.0,
            1.0
          ]
        ],
        "rotation_mode": "QUATERNION"
      },
      "armature_space": {
        "head": {
          "x": 0.24779728055000305,
          "y": -0.10463090240955353,
          "z": 0.6416144967079163
        },
        "tail": {
          "x": 0.24227218329906464,
          "y": -0.35044312477111816,
          "z": 0.7470435500144958
        }
      },
      "world_space": {
        "head": {
          "x": 0.24779728055000305,
          "y": -0.04138690233230591,
          "z": 1.5914685726165771
        },
        "tail": {
          "x": 0.24227218329906464,
          "y": -0.28719913959503174,
          "z": 1.6968975067138672
        },
        "rotation_quaternion": {
          "w": 0.18692156672477722,
          "x": 0.9267479181289673,
          "y": -0.07510208338499069,
          "z": -0.3171095550060272
        },
        "matrix": [
          [
            0.7876026034355164,
            -0.02065269649028778,
            -0.6158374547958374,
            0.24779728055000305
          ],
          [
            -0.2577507495880127,
            -0.9188401103019714,
            -0.2988269329071045,
            -0.04138690233230591
          ],
          [
            -0.5596887469291687,
            0.3940911889076233,
            -0.7290093302726746,
            1.5914685726165771
          ],
          [
            0.0,
            0.0,
            0.0,
            1.0
          ]
        ]
      },
      "bone_length_armature_space": 0.26752469440032006,
      "parent": "upperarm_l",
      "has_children": true,
      "is_end_bone": false
    },
    "metacarpal_thumb_l": {
      "name": "metacarpal_thumb_l",
      "local": {
        "location": {
          "x": 0.0,
          "y": 0.0,
          "z": 0.0
        },
        "rotation_quaternion": {
          "w": 0.9998044371604919,
          "x": -0.01882147789001465,
          "y": 0.004607024602591991,
          "z": -0.003965694457292557
        },
        "scale": {
          "x": 1.0,
          "y": 1.0,
          "z": 1.0
        },
        "matrix_basis": [
          [
            0.9999260902404785,
            0.007756415754556656,
            0.009361527860164642,
            0.0
          ],
          [
            -0.008103259839117527,
            0.9992600679397583,
            0.03759905323386192,
            0.0
          ],
          [
            -0.009062967263162136,
            -0.03767213597893715,
            0.9992490410804749,
            0.0
          ],
          [
            0.0,
            0.0,
            0.0,
            1.0
          ]
        ],
        "rotation_mode": "QUATERNION"
      },
      "armature_space": {
        "head": {
          "x": 0.24227218329906464,
          "y": -0.35044312477111816,
          "z": 0.7470435500144958
        },
        "tail": {
          "x": 0.2293548882007599,
          "y": -0.3973081707954407,
          "z": 0.7375358939170837
        }
      },
      "world_space": {
        "head": {
          "x": 0.24227218329906464,
          "y": -0.28719913959503174,
          "z": 1.6968975067138672
        },
        "tail": {
          "x": 0.2293548882007599,
          "y": -0.33406418561935425,
          "z": 1.687389850616455
        },
        "rotation_quaternion": {
          "w": 0.025439521297812462,
          "x": -0.87547767162323,
          "y": 0.1621418446302414,
          "z": -0.4545345902442932
        },
        "matrix": [
          [
            0.5342164039611816,
            -0.2607782185077667,
            0.8041192889213562,
            0.24227218329906464
          ],
          [
            -0.3070293664932251,
            -0.9461253881454468,
            -0.10285624861717224,
            -0.28719913959503174
          ],
          [
            0.7876254916191101,
            -0.19194296002388,
            -0.5855064988136292,
            1.6968975067138672
          ],
          [
            0.0,
            0.0,
            0.0,
            1.0
          ]
        ]
      },
      "bone_length_armature_space": 0.04953367007771815,
      "parent": "lowerarm_l",
      "has_children": true,
      "is_end_bone": false
    },
    "thumb_01_l": {
      "name": "thumb_01_l",
      "local": {
        "location": {
          "x": 0.0,
          "y": 0.0,
          "z": 0.0
        },
        "rotation_quaternion": {
          "w": 0.9992373585700989,
          "x": -0.03624837473034859,
          "y": -0.014296014793217182,
          "z": -0.0025483749341219664
        },
        "scale": {
          "x": 1.0,
          "y": 1.0,
          "z": 1.0
        },
        "matrix_basis": [
          [
            0.9995782375335693,
            0.006129277404397726,
            -0.028385475277900696,
            0.0
          ],
          [
            -0.004056448116898537,
            0.9973590970039368,
            0.07251432538032532,
            0.0
          ],
          [
            0.02875497378408909,
            -0.07236859947443008,
            0.996963381767273,
            0.0
          ],
          [
            0.0,
            0.0,
            0.0,
            1.0
          ]
        ],
        "rotation_mode": "QUATERNION"
      },
      "armature_space": {
        "head": {
          "x": 0.2293548882007599,
          "y": -0.3973081707954407,
          "z": 0.7375358939170837
        },
        "tail": {
          "x": 0.23997370898723602,
          "y": -0.41900330781936646,
          "z": 0.7135526537895203
        }
      },
      "world_space": {
        "head": {
          "x": 0.2293548882007599,
          "y": -0.33406418561935425,
          "z": 1.687389850616455
        },
        "tail": {
          "x": 0.23997370898723602,
          "y": -0.35575932264328003,
          "z": 1.6634066104888916
        },
        "rotation_quaternion": {
          "w": 0.2756918966770172,
          "x": -0.2564915716648102,
          "y": 0.32451438903808594,
          "z": -0.8676960468292236
        },
        "matrix": [
          [
            -0.7164115905761719,
            0.31196412444114685,
            0.6240457892417908,
            0.2293548882007599
          ],
          [
            -0.6449044346809387,
            -0.63736891746521,
            -0.4217332899570465,
            -0.33406418561935425
          ],
          [
            0.26618295907974243,
            -0.7045900225639343,
            0.6578096151351929,
            1.687389850616455
          ],
          [
            0.0,
            0.0,
            0.0,
            1.0
          ]
        ]
      },
      "bone_length_armature_space": 0.0340387153471531,
      "parent": "metacarpal_thumb_l",
      "has_children": true,
      "is_end_bone": false
    },
    "thumb_02_l": {
      "name": "thumb_02_l",
      "local": {
        "location": {
          "x": 0.0,
          "y": 0.0,
          "z": 0.0
        },
        "rotation_quaternion": {
          "w": 0.9981516599655151,
          "x": 0.059998560696840286,
          "y": -0.009391376748681068,
          "z": 0.00232905987650156
        },
        "scale": {
          "x": 1.0,
          "y": 1.0,
          "z": 1.0
        },
        "matrix_basis": [
          [
            0.9998127818107605,
            -0.0057764481753110886,
            -0.01846855692565441,
            0.0
          ],
          [
            0.003522571874782443,
            0.9927895069122314,
            -0.11981907486915588,
            0.0
          ],
          [
            0.01902751624584198,
            0.11973158270120621,
            0.9926239252090454,
            0.0
          ],
          [
            0.0,
            0.0,
            0.0,
            1.0
          ]
        ],
        "rotation_mode": "QUATERNION"
      },
      "armature_space": {
        "head": {
          "x": 0.23997369408607483,
          "y": -0.4190032482147217,
          "z": 0.7135525941848755
        },
        "tail": {
          "x": 0.24227477610111237,
          "y": -0.4567994177341461,
          "z": 0.7269442081451416
        }
      },
      "world_space": {
        "head": {
          "x": 0.23997369408607483,
          "y": -0.35575926303863525,
          "z": 1.6634066104888916
        },
        "tail": {
          "x": 0.24227477610111237,
          "y": -0.3935554027557373,
          "z": 1.6767982244491577
        },
        "rotation_quaternion": {
          "w": 0.04460100084543228,
          "x": 0.09109640121459961,
          "y": -0.16580817103385925,
          "z": -0.9809280633926392
        },
        "matrix": [
          [
            -0.9794245362281799,
            0.05729173868894577,
            -0.19350852072238922,
            0.23997369408607483
          ],
          [
            -0.11770981550216675,
            -0.941036581993103,
            0.31716611981391907,
            -0.35575926303863525
          ],
          [
            -0.1639288365840912,
            0.33341947197914124,
            0.9284248352050781,
            1.6634066104888916
          ],
          [
            0.0,
            0.0,
            0.0,
            1.0
          ]
        ]
      },
      "bone_length_armature_space": 0.04016442165058594,
      "parent": "thumb_01_l",
      "has_children": true,
      "is_end_bone": false
    },
    "thumb_03_l": {
      "name": "thumb_03_l",
      "local": {
        "location": {
          "x": 0.0,
          "y": 0.0,
          "z": 0.0
        },
        "rotation_quaternion": {
          "w": 0.9974145889282227,
          "x": 0.07185842096805573,
          "y": 0.00043416686821728945,
          "z": 0.0006583844660781324
        },
        "scale": {
          "x": 1.0,
          "y": 1.0,
          "z": 1.0
        },
        "matrix_basis": [
          [
            0.9999987483024597,
            -0.0012509674998000264,
            0.0009607097017578781,
            0.0
          ],
          [
            0.0013757615815848112,
            0.9896718859672546,
            -0.1433447003364563,
            0.0
          ],
          [
            -0.0007714678067713976,
            0.14334584772586823,
            0.9896723628044128,
            0.0
          ],
          [
            0.0,
            0.0,
            0.0,
            1.0
          ]
        ],
        "rotation_mode": "QUATERNION"
      },
      "armature_space": {
        "head": {
          "x": 0.24227474629878998,
          "y": -0.4567994177341461,
          "z": 0.726944088935852
        },
        "tail": {
          "x": 0.24465981125831604,
          "y": -0.4786965847015381,
          "z": 0.7479612827301025
        }
      },
      "world_space": {
        "head": {
          "x": 0.24227474629878998,
          "y": -0.3935554027557373,
          "z": 1.6767981052398682
        },
        "tail": {
          "x": 0.24465981125831604,
          "y": -0.41545259952545166,
          "z": 1.6978152990341187
        },
        "rotation_quaternion": {
          "w": 0.14883209764957428,
          "x": 0.270005464553833,
          "y": -0.3438444137573242,
          "z": -0.8869706988334656
        },
        "matrix": [
          [
            -0.8098922967910767,
            0.07834041118621826,
            -0.5813239812850952,
            0.24227474629878998
          ],
          [
            -0.449699342250824,
            -0.7192399501800537,
            0.5295886993408203,
            -0.3935554027557373
          ],
          [
            -0.37662622332572937,
            0.6903348565101624,
            0.6177415251731873,
            1.6767981052398682
          ],
          [
            0.0,
            0.0,
            0.0,
            1.0
          ]
        ]
      },
      "bone_length_armature_space": 0.030444981325403197,
      "parent": "thumb_02_l",
      "has_children": false,
      "is_end_bone": true
    },
    "metacarpal_index_l": {
      "name": "metacarpal_index_l",
      "local": {
        "location": {
          "x": 0.0,
          "y": 0.0,
          "z": 0.0
        },
        "rotation_quaternion": {
          "w": 0.9993244409561157,
          "x": -0.0361376628279686,
          "y": 0.006312165874987841,
          "z": -0.002256470499560237
        },
        "scale": {
          "x": 1.0,
          "y": 1.0,
          "z": 1.0
        },
        "matrix_basis": [
          [
            0.9999101161956787,
            0.00405367836356163,
            0.012778890319168568,
            0.0
          ],
          [
            -0.00496610626578331,
            0.9973779320716858,
            0.07219801098108292,
            0.0
          ],
          [
            -0.012452716007828712,
            -0.07225498557090759,
            0.9973084330558777,
            0.0
          ],
          [
            0.0,
            0.0,
            0.0,
            1.0
          ]
        ],
        "rotation_mode": "QUATERNION"
      },
      "armature_space": {
        "head": {
          "x": 0.24227218329906464,
          "y": -0.35044312477111816,
          "z": 0.7470435500144958
        },
        "tail": {
          "x": 0.2205057144165039,
          "y": -0.4633398652076721,
          "z": 0.7696214914321899
        }
      },
      "world_space": {
        "head": {
          "x": 0.24227218329906464,
          "y": -0.28719913959503174,
          "z": 1.6968975067138672
        },
        "tail": {
          "x": 0.2205057144165039,
          "y": -0.4000958800315857,
          "z": 1.719475507736206
        },
        "rotation_quaternion": {
          "w": 0.11153330653905869,
          "x": 0.976905345916748,
          "y": -0.0761752650141716,
          "z": 0.16557060182094574
        },
        "matrix": [
          [
            0.933567464351654,
            -0.1857655644416809,
            0.3065013885498047,
            0.24227218329906464
          ],
          [
            -0.11189863085746765,
            -0.9635151028633118,
            -0.2431403398513794,
            -0.28719913959503174
          ],
          [
            0.3404879868030548,
            0.1926911175251007,
            -0.9202999472618103,
            1.6968975067138672
          ],
          [
            0.0,
            0.0,
            0.0,
            1.0
          ]
        ]
      },
      "bone_length_armature_space": 0.11717173872694768,
      "parent": "lowerarm_l",
      "has_children": true,
      "is_end_bone": false
    },
    "index_01_l": {
      "name": "index_01_l",
      "local": {
        "location": {
          "x": 0.0,
          "y": 0.0,
          "z": 0.0
        },
        "rotation_quaternion": {
          "w": 0.9900578260421753,
          "x": -0.1401427686214447,
          "y": -0.008750117383897305,
          "z": 0.008306425996124744
        },
        "scale": {
          "x": 1.0,
          "y": 1.0,
          "z": 1.0
        },
        "matrix_basis": [
          [
            0.999708890914917,
            -0.013995152898132801,
            -0.019654415547847748,
            0.0
          ],
          [
            0.01890021562576294,
            0.9605820178985596,
            0.27735352516174316,
            0.0
          ],
          [
            0.014998073689639568,
            -0.27764424681663513,
            0.9605668783187866,
            0.0
          ],
          [
            0.0,
            0.0,
            0.0,
            1.0
          ]
        ],
        "rotation_mode": "QUATERNION"
      },
      "armature_space": {
        "head": {
          "x": 0.2205057144165039,
          "y": -0.4633398652076721,
          "z": 0.7696214914321899
        },
        "tail": {
          "x": 0.22043947875499725,
          "y": -0.4852493107318878,
          "z": 0.7878710031509399
        }
      },
      "world_space": {
        "head": {
          "x": 0.2205057144165039,
          "y": -0.4000958800315857,
          "z": 1.719475507736206
        },
        "tail": {
          "x": 0.22043947875499725,
          "y": -0.422005295753479,
          "z": 1.737725019454956
        },
        "rotation_quaternion": {
          "w": 0.3356395959854126,
          "x": 0.9268082976341248,
          "y": 0.056245915591716766,
          "z": 0.15877331793308258
        },
        "matrix": [
          [
            0.9432549476623535,
            -0.0023228228092193604,
            0.33206138014793396,
            0.2205057144165039
          ],
          [
            0.2108396589756012,
            -0.768364667892456,
            -0.6042865514755249,
            -0.4000958800315857
          ],
          [
            0.2565498352050781,
            0.6400116086006165,
            -0.7242798209190369,
            1.719475507736206
          ],
          [
            0.0,
            0.0,
            0.0,
            1.0
          ]
        ]
      },
      "bone_length_armature_space": 0.028514432485022747,
      "parent": "metacarpal_index_l",
      "has_children": true,
      "is_end_bone": false
    },
    "index_02_l": {
      "name": "index_02_l",
      "local": {
        "location": {
          "x": 0.0,
          "y": 0.0,
          "z": 0.0
        },
        "rotation_quaternion": {
          "w": 0.9976633787155151,
          "x": 0.06653150916099548,
          "y": 0.012189939618110657,
          "z": -0.009633984416723251
        },
        "scale": {
          "x": 1.0,
          "y": 1.0,
          "z": 1.0
        },
        "matrix_basis": [
          [
            0.9995172023773193,
            0.020844977349042892,
            0.02304098568856716,
            0.0
          ],
          [
            -0.01760091632604599,
            0.990961492061615,
            -0.13298697769641876,
            0.0
          ],
          [
            -0.025604840368032455,
            0.13251721858978271,
            0.9908499121665955,
            0.0
          ],
          [
            0.0,
            0.0,
            0.0,
            1.0
          ]
        ],
        "rotation_mode": "QUATERNION"
      },
      "armature_space": {
        "head": {
          "x": 0.2204393595457077,
          "y": -0.4852498173713684,
          "z": 0.7878709435462952
        },
        "tail": {
          "x": 0.22226658463478088,
          "y": -0.5061514973640442,
          "z": 0.8026314973831177
        }
      },
      "world_space": {
        "head": {
          "x": 0.2204393595457077,
          "y": -0.422005832195282,
          "z": 1.737725019454956
        },
        "tail": {
          "x": 0.22226658463478088,
          "y": -0.44290751218795776,
          "z": 1.7524855136871338
        },
        "rotation_quaternion": {
          "w": 0.2942458987236023,
          "x": 0.9439178109169006,
          "y": 0.0776597112417221,
          "z": 0.1280919462442398
        },
        "matrix": [
          [
            0.9551228284835815,
            0.07122771441936493,
            0.2875186800956726,
            0.2204393595457077
          ],
          [
            0.22199000418186188,
            -0.8147763013839722,
            -0.5355929732322693,
            -0.422005832195282
          ],
          [
            0.1961158812046051,
            0.5753864049911499,
            -0.7940295338630676,
            1.737725019454956
          ],
          [
            0.0,
            0.0,
            0.0,
            1.0
          ]
        ]
      },
      "bone_length_armature_space": 0.02565332185744927,
      "parent": "index_01_l",
      "has_children": true,
      "is_end_bone": false
    },
    "index_03_l": {
      "name": "index_03_l",
      "local": {
        "location": {
          "x": 0.0,
          "y": 0.0,
          "z": 0.0
        },
        "rotation_quaternion": {
          "w": 0.9997208118438721,
          "x": 0.02261757105588913,
          "y": 0.002260640962049365,
          "z": 0.006461276672780514
        },
        "scale": {
          "x": 1.0,
          "y": 1.0,
          "z": 1.0
        },
        "matrix_basis": [
          [
            0.9999063014984131,
            -0.012816685251891613,
            0.004812296479940414,
            0.0
          ],
          [
            0.013021205551922321,
            0.9988933801651001,
            -0.045193299651145935,
            0.0
          ],
          [
            -0.0042277430184185505,
            0.04525172710418701,
            0.9989666938781738,
            0.0
          ],
          [
            0.0,
            0.0,
            0.0,
            1.0
          ]
        ],
        "rotation_mode": "QUATERNION"
      },
      "armature_space": {
        "head": {
          "x": 0.22226651012897491,
          "y": -0.5061513781547546,
          "z": 0.8026316165924072
        },
        "tail": {
          "x": 0.22770540416240692,
          "y": -0.5312349200248718,
          "z": 0.816594660282135
        }
      },
      "world_space": {
        "head": {
          "x": 0.22226651012897491,
          "y": -0.4429073929786682,
          "z": 1.7524856328964233
        },
        "tail": {
          "x": 0.22770540416240692,
          "y": -0.4679909348487854,
          "z": 1.766448736190796
        },
        "rotation_quaternion": {
          "w": 0.2304399609565735,
          "x": 0.9529079794883728,
          "y": 0.13288652896881104,
          "z": 0.14561960101127625
        },
        "matrix": [
          [
            0.9222721457481384,
            0.18614423274993896,
            0.33876898884773254,
            0.22226651012897491
          ],
          [
            0.3203706443309784,
            -0.8584769368171692,
            -0.4004743993282318,
            -0.4429073929786682
          ],
          [
            0.2162812054157257,
            0.47788047790527344,
            -0.8513910174369812,
            1.7524856328964233
          ],
          [
            0.0,
            0.0,
            0.0,
            1.0
          ]
        ]
      },
      "bone_length_armature_space": 0.02921869652226335,
      "parent": "index_02_l",
      "has_children": false,
      "is_end_bone": true
    },
    "metacarpal_pinky_l": {
      "name": "metacarpal_pinky_l",
      "local": {
        "location": {
          "x": 0.0,
          "y": 0.0,
          "z": 0.0
        },
        "rotation_quaternion": {
          "w": 0.99977707862854,
          "x": -0.0143740801140666,
          "y": 0.0009718184592202306,
          "z": 0.015440072864294052
        },
        "scale": {
          "x": 1.0,
          "y": 1.0,
          "z": 1.0
        },
        "matrix_basis": [
          [
            0.9995213150978088,
            -0.030901199206709862,
            0.0014993299264460802,
            0.0
          ],
          [
            0.03084532357752323,
            0.9991099834442139,
            0.028771761804819107,
            0.0
          ],
          [
            -0.0023870773147791624,
            -0.028711741790175438,
            0.9995848536491394,
            0.0
          ],
          [
            0.0,
            0.0,
            0.0,
            1.0
          ]
        ],
        "rotation_mode": "QUATERNION"
      },
      "armature_space": {
        "head": {
          "x": 0.24227218329906464,
          "y": -0.35044312477111816,
          "z": 0.7470435500144958
        },
        "tail": {
          "x": 0.26401957869529724,
          "y": -0.4305342733860016,
          "z": 0.8099380731582642
        }
      },
      "world_space": {
        "head": {
          "x": 0.24227218329906464,
          "y": -0.28719913959503174,
          "z": 1.6968975067138672
        },
        "tail": {
          "x": 0.26401957869529724,
          "y": -0.3672902584075928,
          "z": 1.7597920894622803
        },
        "rotation_quaternion": {
          "w": 0.26559966802597046,
          "x": 0.5032212734222412,
          "y": -0.21186435222625732,
          "z": -0.7945682406425476
        },
        "matrix": [
          [
            -0.35245048999786377,
            0.20884709060192108,
            -0.912229061126709,
            0.24227218329906464
          ],
          [
            -0.6353042721748352,
            -0.7691401839256287,
            0.06936894357204437,
            -0.28719913959503174
          ],
          [
            -0.687149703502655,
            0.6039953827857971,
            0.4037681221961975,
            1.6968975067138672
          ],
          [
            0.0,
            0.0,
            0.0,
            1.0
          ]
        ]
      },
      "bone_length_armature_space": 0.10413098672595014,
      "parent": "lowerarm_l",
      "has_children": true,
      "is_end_bone": false
    },
    "pinky_01_l": {
      "name": "pinky_01_l",
      "local": {
        "location": {
          "x": 0.0,
          "y": 0.0,
          "z": 0.0
        },
        "rotation_quaternion": {
          "w": 0.9651104211807251,
          "x": 0.26078107953071594,
          "y": 0.014262703247368336,
          "z": 0.018756182864308357
        },
        "scale": {
          "x": 1.0,
          "y": 1.0,
          "z": 1.0
        },
        "matrix_basis": [
          [
            0.9988895654678345,
            -0.028764689341187477,
            0.03731268271803856,
            0.0
          ],
          [
            0.04364246129989624,
            0.8632828593254089,
            -0.5028300285339355,
            0.0
          ],
          [
            -0.017747651785612106,
            0.5039001107215881,
            0.8635796308517456,
            0.0
          ],
          [
            0.0,
            0.0,
            0.0,
            1.0
          ]
        ],
        "rotation_mode": "QUATERNION"
      },
      "armature_space": {
        "head": {
          "x": 0.26401957869529724,
          "y": -0.4305342733860016,
          "z": 0.8099380731582642
        },
        "tail": {
