{
  "metadata": {
    "armature_name": "KIM_caucasian_male",
    "export_time": "2026-01-13T21:05:29.522332",
    "blender_version": "4.4.1",
    "bone_count": 56,
    "end_bone_count": 13,
    "spaces_included": [
      "LOCAL_CHANNELS",
      "ARMATURE_SPACE",
      "WORLD_SPACE"
    ],
    "note": "LOCAL matches Transform panel; replay pose via local.matrix_basis for best fidelity."
  },
  "bones": {
    "Root": {
      "name": "Root",
      "local": {
        "location": {
          "x": 0.0,
          "y": 0.0,
          "z": 0.0
        },
        "rotation_quaternion": {
          "w": 0.999901294708252,
          "x": -0.005586876533925533,
          "y": 0.011569449678063393,
          "z": -0.005685762036591768
        },
        "scale": {
          "x": 1.0,
          "y": 1.0,
          "z": 1.0
        },
        "matrix_basis": [
          [
            0.9996676445007324,
            0.011241127736866474,
            0.023200146853923798,
            0.0
          ],
          [
            -0.011499675922095776,
            0.9998729228973389,
            0.011041088029742241,
            0.0
          ],
          [
            -0.02307308465242386,
            -0.011304212734103203,
            0.9996698498725891,
            0.0
          ],
          [
            0.0,
            0.0,
            0.0,
            1.0
          ]
        ],
        "rotation_mode": "QUATERNION"
      },
      "armature_space": {
        "head": {
          "x": 0.0,
          "y": 0.07072800397872925,
          "z": -0.009595036506652832
        },
        "tail": {
          "x": 0.0008023452828638256,
          "y": 0.00011745840311050415,
          "z": 0.0007983101531863213
        }
      },
      "world_space": {
        "head": {
          "x": 0.0,
          "y": 0.13397200405597687,
          "z": 0.9402589797973633
        },
        "tail": {
          "x": 0.0008023452828638256,
          "y": 0.06336145848035812,
          "z": 0.9506523013114929
        },
        "rotation_quaternion": {
          "w": 0.07293519377708435,
          "x": 0.9972533583641052,
          "y": 0.006452254951000214,
          "z": 0.011160128749907017
        },
        "matrix": [
          [
            0.9996676445007324,
            0.011241127736866474,
            0.023200146853923798,
            0.0
          ],
          [
            0.014497002586722374,
            -0.9892776012420654,
            -0.1453261822462082,
            0.13397200405597687
          ],
          [
            0.021317917853593826,
            0.14561429619789124,
            -0.989118754863739,
            0.9402589797973633
          ],
          [
            0.0,
            0.0,
            0.0,
            1.0
          ]
        ]
      },
      "bone_length_armature_space": 0.07137586976314819,
      "parent": null,
      "has_children": true,
      "is_end_bone": false
    },
    "spine_01": {
      "name": "spine_01",
      "local": {
        "location": {
          "x": 0.0,
          "y": 0.0,
          "z": 0.0
        },
        "rotation_quaternion": {
          "w": 0.9973152875900269,
          "x": 0.0061083342880010605,
          "y": 0.038154859095811844,
          "z": -0.062203288078308105
        },
        "scale": {
          "x": 1.0,
          "y": 1.0,
          "z": 1.0
        },
        "matrix_basis": [
          [
            0.989349901676178,
            0.12453870475292206,
            0.07534493505954742,
            0.0
          ],
          [
            -0.12360645830631256,
            0.9921869039535522,
            -0.016930585727095604,
            0.0
          ],
          [
            -0.07686476409435272,
            0.007437155116349459,
            0.9970138072967529,
            0.0
          ],
          [
            0.0,
            0.0,
            0.0,
            1.0
          ]
        ],
        "rotation_mode": "QUATERNION"
      },
      "armature_space": {
        "head": {
          "x": 0.0008023452828638256,
          "y": 0.00011745840311050415,
          "z": 0.0007983101531863213
        },
        "tail": {
          "x": 0.05089434236288071,
          "y": 0.025331247597932816,
          "z": 0.4855699837207794
        }
      },
      "world_space": {
        "head": {
          "x": 0.0008023452828638256,
          "y": 0.06336145848035812,
          "z": 0.9506523013114929
        },
        "tail": {
          "x": 0.05089434236288071,
          "y": 0.08857524394989014,
          "z": 1.4354239702224731
        },
        "rotation_quaternion": {
          "w": 0.7219725847244263,
          "x": 0.6885669827461243,
          "y": 0.06774298846721649,
          "z": -0.0064795357175171375
        },
        "matrix": [
          [
            0.9907378554344177,
            0.10264727473258972,
            0.08889332413673401,
            0.0008023452828638256
          ],
          [
            0.08393437415361404,
            0.051667470484972,
            -0.9951309561729431,
            0.06336145848035812
          ],
          [
            -0.1067410409450531,
            0.9933820962905884,
            0.04257268086075783,
            0.9506523013114929
          ],
          [
            0.0,
            0.0,
            0.0,
            1.0
          ]
        ]
      },
      "bone_length_armature_space": 0.48800463011390716,
      "parent": "Root",
      "has_children": true,
      "is_end_bone": false
    },
    "neck_01": {
      "name": "neck_01",
      "local": {
        "location": {
          "x": 0.0,
          "y": 0.0,
          "z": 0.0
        },
        "rotation_quaternion": {
          "w": 0.9858205914497375,
          "x": -0.1397351324558258,
          "y": 0.06065528094768524,
          "z": 0.07037782669067383
        },
        "scale": {
          "x": 1.0,
          "y": 1.0,
          "z": 1.0
        },
        "matrix_basis": [
          [
            0.982735812664032,
            -0.15571117401123047,
            0.09992194175720215,
            0.0
          ],
          [
            0.1218084767460823,
            0.951042115688324,
            0.28404513001441956,
            0.0
          ],
          [
            -0.1392589658498764,
            -0.2669699788093567,
            0.9535900354385376,
            0.0
          ],
          [
            0.0,
            0.0,
            0.0,
            1.0
          ]
        ],
        "rotation_mode": "QUATERNION"
      },
      "armature_space": {
        "head": {
          "x": 0.06149287894368172,
          "y": -0.005397321656346321,
          "z": 0.5597803592681885
        },
        "tail": {
          "x": 0.05709050968289375,
          "y": -0.01317582093179226,
          "z": 0.6619120836257935
        }
      },
      "world_space": {
        "head": {
          "x": 0.06149287894368172,
          "y": 0.05784668028354645,
          "z": 1.5096343755722046
        },
        "tail": {
          "x": 0.05709050968289375,
          "y": 0.05006817728281021,
          "z": 1.6117660999298096
        },
        "rotation_quaternion": {
          "w": 0.6783201694488525,
          "x": 0.7291670441627502,
          "y": 0.044108666479587555,
          "z": 0.07906754314899445
        },
        "matrix": [
          [
            0.9836055636405945,
            -0.042941004037857056,
            0.17514611780643463,
            0.06149287894368172
          ],
          [
            0.17159104347229004,
            -0.07587200403213501,
            -0.9822425246238708,
            0.05784668028354645
          ],
          [
            0.05546770617365837,
            0.9961994290351868,
            -0.06726118922233582,
            1.5096343755722046
          ],
          [
            0.0,
            0.0,
            0.0,
            1.0
          ]
        ]
      },
      "bone_length_armature_space": 0.10252207133817644,
      "parent": "spine_01",
      "has_children": true,
      "is_end_bone": false
    },
    "head": {
      "name": "head",
      "local": {
        "location": {
          "x": 0.0,
          "y": 0.0,
          "z": 0.0
        },
        "rotation_quaternion": {
          "w": 0.9908338785171509,
          "x": -0.015054591931402683,
          "y": 0.06445460766553879,
          "z": 0.1177590936422348
        },
        "scale": {
          "x": 1.0,
          "y": 1.0,
          "z": 1.0
        },
        "matrix_basis": [
          [
            0.9639567732810974,
            -0.23530007898807526,
            0.12418198585510254,
            0.0
          ],
          [
            0.23141872882843018,
            0.9718123078346252,
            0.0450134314596653,
            0.0
          ],
          [
            -0.13127325475215912,
            -0.01465296745300293,
            0.9912379384040833,
            0.0
          ],
          [
            0.0,
            0.0,
            0.0,
            1.0
          ]
        ],
        "rotation_mode": "QUATERNION"
      },
      "armature_space": {
        "head": {
          "x": 0.05709053948521614,
          "y": -0.013175968080759048,
          "z": 0.6619119644165039
        },
        "tail": {
          "x": 0.005182716995477676,
          "y": 0.025643225759267807,
          "z": 0.8028088212013245
        }
      },
      "world_space": {
        "head": {
          "x": 0.05709053948521614,
          "y": 0.05006803199648857,
          "z": 1.61176598072052
        },
        "tail": {
          "x": 0.005182716995477676,
          "y": 0.08888722956180573,
          "z": 1.7526628971099854
        },
        "rotation_quaternion": {
          "w": 0.7906262874603271,
          "x": 0.572391927242279,
          "y": 0.007778367027640343,
          "z": 0.21729525923728943
        },
        "matrix": [
          [
            0.9054440259933472,
            -0.33469438552856445,
            0.2610572874546051,
            0.05709053948521614
          ],
          [
            0.35250499844551086,
            0.25030073523521423,
            -0.9017151594161987,
            0.05006803199648857
          ],
          [
            0.23645810782909393,
            0.90848308801651,
            0.34461623430252075,
            1.61176598072052
          ],
          [
            0.0,
            0.0,
            0.0,
            1.0
          ]
        ]
      },
      "bone_length_armature_space": 0.155091188872041,
      "parent": "neck_01",
      "has_children": false,
      "is_end_bone": true
    },
    "upperarm_l": {
      "name": "upperarm_l",
      "local": {
        "location": {
          "x": 0.0,
          "y": 0.0,
          "z": 0.0
        },
        "rotation_quaternion": {
          "w": 0.8127501010894775,
          "x": -0.1243937611579895,
          "y": 0.5642653703689575,
          "z": -0.07462040334939957
        },
        "scale": {
          "x": 1.0,
          "y": 1.0,
          "z": 1.0
        },
        "matrix_basis": [
          [
            0.3520727753639221,
            -0.019086701795458794,
            0.9357780814170837,
            0.0
          ],
          [
            -0.26167765259742737,
            0.9579159617424011,
            0.11799066513776779,
            0.0
          ],
          [
            -0.8986488580703735,
            -0.2864134907722473,
            0.3322615623474121,
            0.0
          ],
          [
            0.0,
            0.0,
            0.0,
            1.0
          ]
        ],
        "rotation_mode": "QUATERNION"
      },
      "armature_space": {
        "head": {
          "x": 0.20348836481571198,
          "y": 0.0005467794835567474,
          "z": 0.47714200615882874
        },
        "tail": {
          "x": 0.44717198610305786,
          "y": 0.10807754099369049,
          "z": 0.4477643668651581
        }
      },
      "world_space": {
        "head": {
          "x": 0.20348836481571198,
          "y": 0.06379078328609467,
          "z": 1.4269959926605225
        },
        "tail": {
          "x": 0.44717198610305786,
          "y": 0.1713215410709381,
          "z": 1.3976184129714966
        },
        "rotation_quaternion": {
          "w": 0.11017049849033356,
          "x": 0.5298599004745483,
          "y": 0.829760730266571,
          "z": -0.1364120990037918
        },
        "matrix": [
          [
            -0.4142218232154846,
            0.909371018409729,
            0.03827053681015968,
            0.20348836481571198
          ],
          [
            0.8492568731307983,
            0.4012799561023712,
            -0.3431292176246643,
            0.06379078328609467
          ],
          [
            -0.3273904621601105,
            -0.10963056236505508,
            -0.938515305519104,
            1.4269959926605225
          ],
          [
            0.0,
            0.0,
            0.0,
            1.0
          ]
        ]
      },
      "bone_length_armature_space": 0.2679694357305767,
      "parent": "spine_01",
      "has_children": true,
      "is_end_bone": false
    },
    "lowerarm_l": {
      "name": "lowerarm_l",
      "local": {
        "location": {
          "x": 0.0,
          "y": 0.0,
          "z": 0.0
        },
        "rotation_quaternion": {
          "w": 0.876322865486145,
          "x": 0.370832234621048,
          "y": -0.1846737563610077,
          "z": 0.24584028124809265
        },
        "scale": {
          "x": 1.0,
          "y": 1.0,
          "z": 1.0
        },
        "matrix_basis": [
          [
            0.8109163045883179,
            -0.5678368806838989,
            -0.14133666455745697,
            0.0
          ],
          [
            0.29390496015548706,
            0.604092001914978,
            -0.740738034248352,
            0.0
          ],
          [
            0.5059986710548401,
            0.5591370463371277,
            0.6567581295967102,
            0.0
          ],
          [
            0.0,
            0.0,
            0.0,
            1.0
          ]
        ],
        "rotation_mode": "QUATERNION"
      },
      "armature_space": {
        "head": {
          "x": 0.4471721053123474,
          "y": 0.10807745158672333,
          "z": 0.4477643370628357
        },
        "tail": {
          "x": 0.649276077747345,
          "y": -0.042326897382736206,
          "z": 0.35775303840637207
        }
      },
      "world_space": {
        "head": {
          "x": 0.4471721053123474,
          "y": 0.17132145166397095,
          "z": 1.397618293762207
        },
        "tail": {
          "x": 0.649276077747345,
          "y": 0.020917102694511414,
          "z": 1.3076070547103882
        },
        "rotation_quaternion": {
          "w": 0.11939727514982224,
          "x": 0.6888574361801147,
          "y": 0.4523705542087555,
          "z": -0.5536972284317017
        },
        "matrix": [
          [
            -0.02244136482477188,
            0.7554596662521362,
            -0.6548106074333191,
            0.4471721053123474
          ],
          [
            0.49101749062538147,
            -0.562207818031311,
            -0.6654508113861084,
            0.17132145166397095
          ],
          [
            -0.8708665370941162,
            -0.33646005392074585,
            -0.35833024978637695,
            1.397618293762207
          ],
          [
            0.0,
            0.0,
            0.0,
            1.0
          ]
        ]
      },
      "bone_length_armature_space": 0.2675247991984145,
      "parent": "upperarm_l",
      "has_children": true,
      "is_end_bone": false
    },
    "metacarpal_thumb_l": {
      "name": "metacarpal_thumb_l",
      "local": {
        "location": {
          "x": 0.0,
          "y": 0.0,
          "z": 0.0
        },
        "rotation_quaternion": {
          "w": 0.9995298385620117,
          "x": 0.03059927187860012,
          "y": 1.4889054000377655e-05,
          "z": -0.0019413951085880399
        },
        "scale": {
          "x": 1.0,
          "y": 1.0,
          "z": 1.0
        },
        "matrix_basis": [
          [
            0.9999924898147583,
            0.003881875891238451,
            -8.904644346330315e-05,
            0.0
          ],
          [
            -0.003880053525790572,
            0.9981198310852051,
            -0.0611698292195797,
            0.0
          ],
          [
            -0.0001485746615799144,
            0.061169713735580444,
            0.9981273412704468,
            0.0
          ],
          [
            0.0,
            0.0,
            0.0,
            1.0
          ]
        ],
        "rotation_mode": "QUATERNION"
      },
      "armature_space": {
        "head": {
          "x": 0.649276077747345,
          "y": -0.042326897382736206,
          "z": 0.35775303840637207
        },
        "tail": {
          "x": 0.6592644453048706,
          "y": -0.07721516489982605,
          "z": 0.32403889298439026
        }
      },
      "world_space": {
        "head": {
          "x": 0.649276077747345,
          "y": 0.020917102694511414,
          "z": 1.3076070547103882
        },
        "tail": {
          "x": 0.6592644453048706,
          "y": -0.01397116482257843,
          "z": 1.273892879486084
        },
        "rotation_quaternion": {
          "w": 0.3649950623512268,
          "x": -0.9226627945899963,
          "y": -0.1208784282207489,
          "z": 0.029332149773836136
        },
        "matrix": [
          [
            0.9690559506416321,
            0.20164813101291656,
            -0.14236794412136078,
            0.649276077747345
          ],
          [
            0.2444726973772049,
            -0.7043343782424927,
            0.6664431691169739,
            0.020917102694511414
          ],
          [
            0.03411272168159485,
            -0.6806310415267944,
            -0.731841504573822,
            1.3076070547103882
          ],
          [
            0.0,
            0.0,
            0.0,
            1.0
          ]
        ]
      },
      "bone_length_armature_space": 0.04953384994312907,
      "parent": "lowerarm_l",
      "has_children": true,
      "is_end_bone": false
    },
    "thumb_01_l": {
      "name": "thumb_01_l",
      "local": {
        "location": {
          "x": 0.0,
          "y": 0.0,
          "z": 0.0
        },
        "rotation_quaternion": {
          "w": 0.9983875155448914,
          "x": 0.051784586161375046,
          "y": 0.023160787299275398,
          "z": 0.002118309959769249
        },
        "scale": {
          "x": 1.0,
          "y": 1.0,
          "z": 1.0
        },
        "matrix_basis": [
          [
            0.9989181756973267,
            -0.0018310449086129665,
            0.046466272324323654,
            0.0
          ],
          [
            0.006628531962633133,
            0.9946277141571045,
            -0.10330404341220856,
            0.0
          ],
          [
            -0.04602748900651932,
            0.10350029170513153,
            0.9935638904571533,
            0.0
          ],
          [
            0.0,
            0.0,
            0.0,
            1.0
          ]
        ],
        "rotation_mode": "QUATERNION"
      },
      "armature_space": {
        "head": {
          "x": 0.6592644453048706,
          "y": -0.07721516489982605,
          "z": 0.32403889298439026
        },
        "tail": {
          "x": 0.6596155762672424,
          "y": -0.07631813734769821,
          "z": 0.29001370072364807
        }
      },
      "world_space": {
        "head": {
          "x": 0.6592644453048706,
          "y": -0.01397116482257843,
          "z": 1.273892879486084
        },
        "tail": {
          "x": 0.6596155762672424,
          "y": -0.013074137270450592,
          "z": 1.2398676872253418
        },
        "rotation_quaternion": {
          "w": 0.5562331080436707,
          "x": -0.5371970534324646,
          "y": 0.45142173767089844,
          "z": -0.44524437189102173
        },
        "matrix": [
          [
            0.19595220685005188,
            0.010314851999282837,
            0.9805592894554138,
            0.6592644453048706
          ],
          [
            -0.9803240895271301,
            0.0263532567769289,
            0.19562789797782898,
            -0.01397116482257843
          ],
          [
            -0.023823879659175873,
            -0.9996066689491272,
            0.015275999903678894,
            1.273892879486084
          ],
          [
            0.0,
            0.0,
            0.0,
            1.0
          ]
        ]
      },
      "bone_length_armature_space": 0.034038825716127256,
      "parent": "metacarpal_thumb_l",
      "has_children": true,
      "is_end_bone": false
    },
    "thumb_02_l": {
      "name": "thumb_02_l",
      "local": {
        "location": {
          "x": 0.0,
          "y": 0.0,
          "z": 0.0
        },
        "rotation_quaternion": {
          "w": 0.9914047122001648,
          "x": 0.13078896701335907,
          "y": -0.003283499274402857,
          "z": -0.00045699585461989045
        },
        "scale": {
          "x": 1.0,
          "y": 1.0,
          "z": 1.0
        },
        "matrix_basis": [
          [
            0.9999780058860779,
            4.7244731831597164e-05,
            -0.006630093324929476,
            0.0
          ],
          [
            -0.0017650265945121646,
            0.9657880663871765,
            -0.25932660698890686,
            0.0
          ],
          [
            0.006391013506799936,
            0.2593325972557068,
            0.9657669067382812,
            0.0
          ],
          [
            0.0,
            0.0,
            0.0,
            1.0
          ]
        ],
        "rotation_mode": "QUATERNION"
      },
      "armature_space": {
        "head": {
          "x": 0.6596154570579529,
          "y": -0.07631810754537582,
          "z": 0.29001373052597046
        },
        "tail": {
          "x": 0.6922510266304016,
          "y": -0.0973985344171524,
          "z": 0.2798295319080353
        }
      },
      "world_space": {
        "head": {
          "x": 0.6596154570579529,
          "y": -0.013074107468128204,
          "z": 1.2398676872253418
        },
        "tail": {
          "x": 0.6922510266304016,
          "y": -0.034154534339904785,
          "z": 1.229683518409729
        },
        "rotation_quaternion": {
          "w": 0.4784996509552002,
          "x": -0.09665645658969879,
          "y": 0.09279772639274597,
          "z": -0.8678043484687805
        },
        "matrix": [
          [
            -0.5233908295631409,
            0.8125492334365845,
            0.2565654516220093,
            0.6596154570579529
          ],
          [
            -0.8484271764755249,
            -0.5248534083366394,
            -0.06855906546115875,
            -0.013074107468128204
          ],
          [
            0.0789516493678093,
            -0.2535625398159027,
            0.9640989899635315,
            1.2398676872253418
          ],
          [
            0.0,
            0.0,
            0.0,
            1.0
          ]
        ]
      },
      "bone_length_armature_space": 0.040164445896949216,
      "parent": "thumb_01_l",
      "has_children": true,
      "is_end_bone": false
    },
    "thumb_03_l": {
      "name": "thumb_03_l",
      "local": {
        "location": {
          "x": 0.0,
          "y": 0.0,
          "z": 0.0
        },
        "rotation_quaternion": {
          "w": 0.9982112646102905,
          "x": 0.0593484602868557,
          "y": 0.0045344834215939045,
          "z": 0.005610193125903606
        },
        "scale": {
          "x": 1.0,
          "y": 1.0,
          "z": 1.0
        },
        "matrix_basis": [
          [
            0.9998959302902222,
            -0.010662086308002472,
            0.009718657471239567,
            0.0
          ],
          [
            0.011738545261323452,
            0.9928925633430481,
            -0.11843372136354446,
            0.0
          ],
          [
            -0.008386832661926746,
            0.11853548139333725,
            0.9929143786430359,
            0.0
          ],
          [
            0.0,
            0.0,
            0.0,
            1.0
          ]
        ],
        "rotation_mode": "QUATERNION"
      },
      "armature_space": {
        "head": {
          "x": 0.6922509670257568,
          "y": -0.0973985493183136,
          "z": 0.2798295021057129
        },
        "tail": {
          "x": 0.719870924949646,
          "y": -0.10964270681142807,
          "z": 0.2835855782032013
        }
      },
      "world_space": {
        "head": {
          "x": 0.6922509670257568,
          "y": -0.03415454924106598,
          "z": 1.229683518409729
        },
        "tail": {
          "x": 0.719870924949646,
          "y": -0.04639870673418045,
          "z": 1.233439564704895
        },
        "rotation_quaternion": {
          "w": 0.5453637838363647,
          "x": 0.1711394190788269,
          "y": 0.03861014544963837,
          "z": -0.8196334838867188
        },
        "matrix": [
          [
            -0.3465788662433624,
            0.9072126150131226,
            -0.23842868208885193,
            0.6922509670257568
          ],
          [
            -0.8807814717292786,
            -0.40217459201812744,
            -0.24995949864387512,
            -0.03415454924106598
          ],
          [
            -0.32265928387641907,
            0.12337334454059601,
            0.9384477734565735,
            1.229683518409729
          ],
          [
            0.0,
            0.0,
            0.0,
            1.0
          ]
        ]
      },
      "bone_length_armature_space": 0.030444861503013145,
      "parent": "thumb_02_l",
      "has_children": false,
      "is_end_bone": true
    },
    "metacarpal_index_l": {
      "name": "metacarpal_index_l",
      "local": {
        "location": {
          "x": 0.0,
          "y": 0.0,
          "z": 0.0
        },
        "rotation_quaternion": {
          "w": 0.9999591112136841,
          "x": -0.006405881140381098,
          "y": -0.0025104498490691185,
          "z": 0.005866686813533306
        },
        "scale": {
          "x": 1.0,
          "y": 1.0,
          "z": 1.0
        },
        "matrix_basis": [
          [
            0.9999185800552368,
            -0.01170073077082634,
            -0.005095857195556164,
            0.0
          ],
          [
            0.01176505722105503,
            0.9998490810394287,
            0.012781782075762749,
            0.0
          ],
          [
            0.004945531953126192,
            -0.0128406947478652,
            0.9999053478240967,
            0.0
          ],
          [
            0.0,
            0.0,
            0.0,
            1.0
          ]
        ],
        "rotation_mode": "QUATERNION"
      },
      "armature_space": {
        "head": {
          "x": 0.649276077747345,
          "y": -0.042326897382736206,
          "z": 0.35775303840637207
        },
        "tail": {
          "x": 0.7097997665405273,
          "y": -0.12702086567878723,
          "z": 0.30396559834480286
        }
      },
      "world_space": {
        "head": {
          "x": 0.649276077747345,
          "y": 0.020917102694511414,
          "z": 1.3076070547103882
        },
        "tail": {
          "x": 0.7097997665405273,
          "y": -0.06377686560153961,
          "z": 1.2538195848464966
        },
        "rotation_quaternion": {
          "w": 0.16836436092853546,
          "x": -0.8975818157196045,
          "y": -0.3320302367210388,
          "z": 0.2361280918121338
        },
        "matrix": [
          [
            0.6679980754852295,
            0.516538143157959,
            -0.5356926918029785,
            0.649276077747345
          ],
          [
            0.6755600571632385,
            -0.7228190302848816,
            0.14543667435646057,
            0.020917102694511414
          ],
          [
            -0.31208696961402893,
            -0.45904791355133057,
            -0.8318000435829163,
            1.3076070547103882
          ],
          [
            0.0,
            0.0,
            0.0,
            1.0
          ]
        ]
      },
      "bone_length_armature_space": 0.11717198388376555,
      "parent": "lowerarm_l",
      "has_children": true,
      "is_end_bone": false
    },
    "index_01_l": {
      "name": "index_01_l",
      "local": {
        "location": {
          "x": 0.0,
          "y": 0.0,
          "z": 0.0
        },
        "rotation_quaternion": {
          "w": 0.9978570938110352,
          "x": -0.06468342244625092,
          "y": -0.008922208100557327,
          "z": 0.004208304453641176
        },
        "scale": {
          "x": 1.0,
          "y": 1.0,
          "z": 1.0
        },
        "matrix_basis": [
          [
            0.9998053908348083,
            -0.007244335021823645,
            -0.018350591883063316,
            0.0
          ],
          [
            0.00955281127244234,
            0.9915966987609863,
            0.1290145218372345,
            0.0
          ],
          [
            0.01726176217198372,
            -0.12916472554206848,
            0.9914728999137878,
            0.0
          ],
          [
            0.0,
            0.0,
            0.0,
            1.0
          ]
        ],
        "rotation_mode": "QUATERNION"
      },
      "armature_space": {
        "head": {
          "x": 0.7097997665405273,
          "y": -0.12702086567878723,
          "z": 0.30396559834480286
        },
        "tail": {
          "x": 0.733381986618042,
          "y": -0.14052420854568481,
          "z": 0.2953278720378876
        }
      },
      "world_space": {
        "head": {
          "x": 0.7097997665405273,
          "y": -0.06377686560153961,
          "z": 1.2538195848464966
        },
        "tail": {
          "x": 0.733381986618042,
          "y": -0.0772802084684372,
          "z": 1.245181918144226
        },
        "rotation_quaternion": {
          "w": 0.09486677497625351,
          "x": -0.8466840982437134,
          "y": -0.5042014122009277,
          "z": 0.14109326899051666
        },
        "matrix": [
          [
            0.4517464339733124,
            0.8270286917686462,
            -0.3345869481563568,
            0.7097997665405273
          ],
          [
            0.8805690407752991,
            -0.4735625088214874,
            0.018363751471042633,
            -0.06377686560153961
          ],
          [
            -0.14326079189777374,
            -0.3029252886772156,
            -0.9421926736831665,
            1.2538195848464966
          ],
          [
            0.0,
            0.0,
            0.0,
            1.0
          ]
        ]
      },
      "bone_length_armature_space": 0.028514412203401073,
      "parent": "metacarpal_index_l",
      "has_children": true,
      "is_end_bone": false
    },
    "index_02_l": {
      "name": "index_02_l",
      "local": {
        "location": {
          "x": 0.0,
          "y": 0.0,
          "z": 0.0
        },
        "rotation_quaternion": {
          "w": 0.979032039642334,
          "x": 0.20356081426143646,
          "y": -0.007631928659975529,
          "z": 0.0010982378153130412
        },
        "scale": {
          "x": 1.0,
          "y": 1.0,
          "z": 1.0
        },
        "matrix_basis": [
          [
            0.9998810887336731,
            -0.005257543176412582,
            -0.014496688731014729,
            0.0
          ],
          [
            -0.0009567032102495432,
            0.917123556137085,
            -0.3986018896102905,
            0.0
          ],
          [
            0.015390921384096146,
            0.39856836199760437,
            0.9170094728469849,
            0.0
          ],
          [
            0.0,
            0.0,
            0.0,
            1.0
          ]
        ],
        "rotation_mode": "QUATERNION"
      },
      "armature_space": {
        "head": {
          "x": 0.7333820462226868,
          "y": -0.14052459597587585,
          "z": 0.29532748460769653
        },
        "tail": {
          "x": 0.7499643564224243,
          "y": -0.1517188847064972,
          "z": 0.27927106618881226
        }
      },
      "world_space": {
        "head": {
          "x": 0.7333820462226868,
          "y": -0.07728059589862823,
          "z": 1.2451815605163574
        },
        "tail": {
          "x": 0.7499643564224243,
          "y": -0.08847488462924957,
          "z": 1.2291250228881836
        },
        "rotation_quaternion": {
          "w": 0.22989580035209656,
          "x": -0.8040635585784912,
          "y": -0.47850120067596436,
          "z": 0.2677057683467865
        },
        "matrix": [
          [
            0.3987386226654053,
            0.6464025974273682,
            -0.6505157947540283,
            0.7333820462226868
          ],
          [
            0.8925802111625671,
            -0.436368852853775,
            0.11350427567958832,
            -0.07728059589862823
          ],
          [
            -0.21049617230892181,
            -0.6259009838104248,
            -0.7509685754776001,
            1.2451815605163574
          ],
          [
            0.0,
            0.0,
            0.0,
            1.0
          ]
        ]
      },
      "bone_length_armature_space": 0.02565333681430233,
      "parent": "index_01_l",
      "has_children": true,
      "is_end_bone": false
    },
    "index_03_l": {
      "name": "index_03_l",
      "local": {
        "location": {
          "x": 0.0,
          "y": 0.0,
          "z": 0.0
        },
        "rotation_quaternion": {
          "w": 0.9726147651672363,
          "x": 0.23227982223033905,
          "y": 0.004771177191287279,
          "z": 0.006624821573495865
        },
        "scale": {
          "x": 1.0,
          "y": 1.0,
          "z": 1.0
        },
        "matrix_basis": [
          [
            0.9998667240142822,
            -0.01067030243575573,
            0.012358659878373146,
            0.0
          ],
          [
            0.015103294514119625,
            0.8920043706893921,
            -0.45177435874938965,
            0.0
          ],
          [
            -0.006203410215675831,
            0.45190078020095825,
            0.8920466303825378,
            0.0
          ],
          [
            0.0,
            0.0,
            0.0,
            1.0
          ]
        ],
        "rotation_mode": "QUATERNION"
      },
      "armature_space": {
        "head": {
          "x": 0.7499644756317139,
          "y": -0.15171891450881958,
          "z": 0.2792712152004242
        },
        "tail": {
          "x": 0.757021427154541,
          "y": -0.15809215605258942,
          "z": 0.2516429126262665
        }
      },
      "world_space": {
        "head": {
          "x": 0.7499644756317139,
          "y": -0.08847491443157196,
          "z": 1.2291252613067627
        },
        "tail": {
          "x": 0.757021427154541,
          "y": -0.0948481559753418,
          "z": 1.201496958732605
        },
        "rotation_quaternion": {
          "w": 0.46862784028053284,
          "x": -0.6945933699607849,
          "y": -0.41391661763191223,
          "z": 0.35581061244010925
        },
        "matrix": [
          [
            0.4041425585746765,
            0.2415226399898529,
            -0.8822330236434937,
            0.7499644756317139
          ],
          [
            0.9084935188293457,
            -0.21812193095684052,
            0.3564586043357849,
            -0.08847491443157196
          ],
          [
            -0.10634155571460724,
            -0.9455701112747192,
            -0.30757591128349304,
            1.2291252613067627
          ],
          [
            0.0,
            0.0,
            0.0,
            1.0
          ]
        ]
      },
      "bone_length_armature_space": 0.029218861589064886,
      "parent": "index_02_l",
      "has_children": false,
      "is_end_bone": true
    },
    "metacarpal_pinky_l": {
      "name": "metacarpal_pinky_l",
      "local": {
        "location": {
          "x": 0.0,
          "y": 0.0,
          "z": 0.0
        },
        "rotation_quaternion": {
          "w": 0.9993482232093811,
          "x": -0.03510604426264763,
          "y": -0.005752341356128454,
          "z": -0.006136785261332989
        },
        "scale": {
          "x": 1.0,
          "y": 1.0,
          "z": 1.0
        },
        "matrix_basis": [
          [
            0.9998584985733032,
            0.012669455260038376,
            -0.011066307313740253,
            0.0
          ],
          [
            -0.01186168659478426,
            0.9974598288536072,
            0.0702369287610054,
            0.0
          ],
          [
            0.01192806102335453,
            -0.0700957253575325,
            0.9974689483642578,
            0.0
          ],
          [
            0.0,
            0.0,
            0.0,
            1.0
          ]
        ],
        "rotation_mode": "QUATERNION"
      },
      "armature_space": {
        "head": {
          "x": 0.649276077747345,
          "y": -0.042326897382736206,
          "z": 0.35775303840637207
        },
        "tail": {
          "x": 0.7447475790977478,
          "y": -0.07250718772411346,
          "z": 0.32915976643562317
        }
      },
      "world_space": {
        "head": {
          "x": 0.649276077747345,
          "y": 0.020917102694511414,
          "z": 1.3076070547103882
        },
        "tail": {
          "x": 0.7447475790977478,
          "y": -0.009263187646865845,
          "z": 1.279013752937317
        },
        "rotation_quaternion": {
          "w": 0.5049980878829956,
          "x": 0.21312285959720612,
          "y": 0.3163240849971771,
          "z": -0.7742704749107361
        },
        "matrix": [
          [
            -0.3991103172302246,
            0.9168423414230347,
            -0.010541312396526337,
            0.649276077747345
          ],
          [
            -0.6471801996231079,
            -0.2898307144641876,
            -0.7050934433937073,
            0.020917102694511414
          ],
          [
            -0.649519681930542,
            -0.2745901942253113,
            0.7090407609939575,
            1.3076070547103882
          ],
          [
            0.0,
            0.0,
            0.0,
            1.0
          ]
        ]
      },
      "bone_length_armature_space": 0.10413084376543506,
      "parent": "lowerarm_l",
      "has_children": true,
      "is_end_bone": false
    },
    "pinky_01_l": {
      "name": "pinky_01_l",
      "local": {
        "location": {
          "x": 0.0,
          "y": 0.0,
          "z": 0.0
        },
        "rotation_quaternion": {
          "w": 0.9995180368423462,
          "x": 0.027588091790676117,
          "y": 0.013107603415846825,
          "z": -0.005554142873734236
        },
        "scale": {
          "x": 1.0,
          "y": 1.0,
          "z": 1.0
        },
        "matrix_basis": [
          [
            0.9995946884155273,
            0.011826159432530403,
            0.025896115228533745,
            0.0
          ],
          [
            -0.010379704646766186,
            0.9984161257743835,
            -0.0552951954305172,
            0.0
          ],
          [
            -0.026509027928113937,
            0.05500398948788643,
            0.998134195804596,
            0.0
          ],
          [
            0.0,
            0.0,
            0.0,
            1.0
          ]
        ],
        "rotation_mode": "QUATERNION"
      },
      "armature_space": {
        "head": {
          "x": 0.7447475790977478,
          "y": -0.07250718772411346,
          "z": 0.32915976643562317
        },
        "tail": {
