{
  "metadata": {
    "armature_name": "KIM_caucasian_male",
    "export_time": "2026-01-13T21:16:30.504718",
    "blender_version": "4.4.1",
    "bone_count": 56,
    "end_bone_count": 13,
    "spaces_included": [
      "LOCAL_CHANNELS",
      "ARMATURE_SPACE",
      "WORLD_SPACE"
    ],
    "note": "LOCAL matches Transform panel; replay pose via local.matrix_basis for best fidelity."
  },
  "bones": {
    "Root": {
      "name": "Root",
      "local": {
        "location": {
          "x": 0.0,
          "y": 0.0,
          "z": 0.0
        },
        "rotation_quaternion": {
          "w": 0.9994372129440308,
          "x": 0.013814451172947884,
          "y": 0.010565600357949734,
          "z": -0.02868714928627014
        },
        "scale": {
          "x": 1.0,
          "y": 1.0,
          "z": 1.0
        },
        "matrix_basis": [
          [
            0.9981308579444885,
            0.05763392522931099,
            0.020326713100075722,
            0.0
          ],
          [
            -0.05705009400844574,
            0.9979724287986755,
            -0.028219547122716904,
            0.0
          ],
          [
            -0.021911902353167534,
            0.02700715884566307,
            0.9993950724601746,
            0.0
          ],
          [
            0.0,
            0.0,
            0.0,
            1.0
          ]
        ],
        "rotation_mode": "QUATERNION"
      },
      "armature_space": {
        "head": {
          "x": 0.0,
          "y": 0.07072800397872925,
          "z": -0.009595036506652832
        },
        "tail": {
          "x": 0.0041136713698506355,
          "y": -0.00011572986841201782,
          "z": -0.00192963145673275
        }
      },
      "world_space": {
        "head": {
          "x": 0.0,
          "y": 0.13397200405597687,
          "z": 0.9402589797973633
        },
        "tail": {
          "x": 0.0041136713698506355,
          "y": 0.0631282702088356,
          "z": 0.9479243755340576
        },
        "rotation_quaternion": {
          "w": 0.05354666709899902,
          "x": 0.99809730052948,
          "y": 0.02933376096189022,
          "z": 0.008609007112681866
        },
        "matrix": [
          [
            0.9981308579444885,
            0.05763392522931099,
            0.020326713100075722,
            0.0
          ],
          [
            0.05947786942124367,
            -0.9925445914268494,
            -0.10638497769832611,
            0.13397200405597687
          ],
          [
            0.014043938368558884,
            0.10739491134881973,
            -0.9941242933273315,
            0.9402589797973633
          ],
          [
            0.0,
            0.0,
            0.0,
            1.0
          ]
        ]
      },
      "bone_length_armature_space": 0.07137587279980402,
      "parent": null,
      "has_children": true,
      "is_end_bone": false
    },
    "spine_01": {
      "name": "spine_01",
      "local": {
        "location": {
          "x": 0.0,
          "y": 0.0,
          "z": 0.0
        },
        "rotation_quaternion": {
          "w": 0.9973931908607483,
          "x": -0.021783245727419853,
          "y": -0.04004528746008873,
          "z": 0.05593538656830788
        },
        "scale": {
          "x": 1.0,
          "y": 1.0,
          "z": 1.0
        },
        "matrix_basis": [
          [
            0.9905351996421814,
            -0.10983451455831528,
            -0.08231870085000992,
            0.0
          ],
          [
            0.11332377791404724,
            0.9927934408187866,
            0.03897302597761154,
            0.0
          ],
          [
            0.077444888651371,
            -0.04793281853199005,
            0.9958437085151672,
            0.0
          ],
          [
            0.0,
            0.0,
            0.0,
            1.0
          ]
        ],
        "rotation_mode": "QUATERNION"
      },
      "armature_space": {
        "head": {
          "x": 0.0041136713698506355,
          "y": -0.00011572986841201782,
          "z": -0.00192963145673275
        },
        "tail": {
          "x": -0.058123718947172165,
          "y": 0.02908230572938919,
          "z": 0.4812085032463074
        }
      },
      "world_space": {
        "head": {
          "x": 0.0041136713698506355,
          "y": 0.0631282702088356,
          "z": 0.9479243755340576
        },
        "tail": {
          "x": -0.058123718947172165,
          "y": 0.09232630580663681,
          "z": 1.4310624599456787
        },
        "rotation_quaternion": {
          "w": 0.7260563373565674,
          "x": 0.6845556497573853,
          "y": -0.05251617729663849,
          "z": 0.03831302002072334
        },
        "matrix": [
          [
            0.9915483593940735,
            -0.12753531336784363,
            -0.02380380779504776,
            0.0041136713698506355
          ],
          [
            -0.016264796257019043,
            0.0598318912088871,
            -0.9980760812759399,
            0.0631282702088356
          ],
          [
            0.12871502339839935,
            0.9900346994400024,
            0.05725134164094925,
            0.9479243755340576
          ],
          [
            0.0,
            0.0,
            0.0,
            1.0
          ]
        ]
      },
      "bone_length_armature_space": 0.4880046013681826,
      "parent": "Root",
      "has_children": true,
      "is_end_bone": false
    },
    "neck_01": {
      "name": "neck_01",
      "local": {
        "location": {
          "x": 0.0,
          "y": 0.0,
          "z": 0.0
        },
        "rotation_quaternion": {
          "w": 0.9987756013870239,
          "x": 0.01345279160887003,
          "y": 0.041541676968336105,
          "z": -0.02325216308236122
        },
        "scale": {
          "x": 1.0,
          "y": 1.0,
          "z": 1.0
        },
        "matrix_basis": [
          [
            0.9954672455787659,
            0.04756508767604828,
            0.08235601335763931,
            0.0
          ],
          [
            -0.045329682528972626,
            0.9985567331314087,
            -0.028804507106542587,
            0.0
          ],
          [
            -0.08360724151134491,
            0.024940771982073784,
            0.9961866140365601,
            0.0
          ],
          [
            0.0,
            0.0,
            0.0,
            1.0
          ]
        ],
        "rotation_mode": "QUATERNION"
      },
      "armature_space": {
        "head": {
          "x": -0.0682871863245964,
          "y": -0.001150611788034439,
          "z": 0.5556828379631042
        },
        "tail": {
          "x": -0.07639171183109283,
          "y": -0.03680766746401787,
          "z": 0.6514619588851929
        }
      },
      "world_space": {
        "head": {
          "x": -0.0682871863245964,
          "y": 0.06209338828921318,
          "z": 1.5055367946624756
        },
        "tail": {
          "x": -0.07639171183109283,
          "y": 0.02643633261322975,
          "z": 1.601315975189209
        },
        "rotation_quaternion": {
          "w": 0.5710501074790955,
          "x": 0.8181057572364807,
          "y": -0.0009526425856165588,
          "z": 0.06785158812999725
        },
        "matrix": [
          [
            0.9907905459403992,
            -0.07905208319425583,
            0.10993102192878723,
            -0.0682871863245964
          ],
          [
            0.07593417167663574,
            -0.3478013277053833,
            -0.9344884753227234,
            0.06209338828921318
          ],
          [
            0.11210823804140091,
            0.9342358708381653,
            -0.33859872817993164,
            1.5055367946624756
          ],
          [
            0.0,
            0.0,
            0.0,
            1.0
          ]
        ]
      },
      "bone_length_armature_space": 0.10252194407173595,
      "parent": "spine_01",
      "has_children": true,
      "is_end_bone": false
    },
    "head": {
      "name": "head",
      "local": {
        "location": {
          "x": 0.0,
          "y": 0.0,
          "z": 0.0
        },
        "rotation_quaternion": {
          "w": 0.9948043823242188,
          "x": -0.0657518282532692,
          "y": -0.07758501917123795,
          "z": 0.004641929175704718
        },
        "scale": {
          "x": 1.0,
          "y": 1.0,
          "z": 1.0
        },
        "matrix_basis": [
          [
            0.9879180192947388,
            0.0009670907165855169,
            -0.15497426688671112,
            0.0
          ],
          [
            0.01943833753466606,
            0.9913102984428406,
            0.13010013103485107,
            0.0
          ],
          [
            0.153753399848938,
            -0.1315407007932663,
            0.9793145060539246,
            0.0
          ],
          [
            0.0,
            0.0,
            0.0,
            1.0
          ]
        ],
        "rotation_mode": "QUATERNION"
      },
      "armature_space": {
        "head": {
          "x": -0.07639168947935104,
          "y": -0.03680778667330742,
          "z": 0.6514618396759033
        },
        "tail": {
          "x": -0.09522763639688492,
          "y": -0.014378344640135765,
          "z": 0.8037623167037964
        }
      },
      "world_space": {
        "head": {
          "x": -0.07639168947935104,
          "y": 0.0264362134039402,
          "z": 1.6013158559799194
        },
        "tail": {
          "x": -0.09522763639688492,
          "y": 0.048865653574466705,
          "z": 1.7536163330078125
        },
        "rotation_quaternion": {
          "w": 0.7525410056114197,
          "x": 0.6538416147232056,
          "y": -0.07741300761699677,
          "z": 0.013434382155537605
        },
        "matrix": [
          [
            0.9876536130905151,
            -0.12145155668258667,
            -0.09894425421953201,
            -0.07639168947935104
          ],
          [
            -0.08101101219654083,
            0.14462190866470337,
            -0.9861654043197632,
            0.0264362134039402
          ],
          [
            0.1340816468000412,
            0.9820122718811035,
            0.13299743831157684,
            1.6013158559799194
          ],
          [
            0.0,
            0.0,
            0.0,
            1.0
          ]
        ]
      },
      "bone_length_armature_space": 0.15509129236442676,
      "parent": "neck_01",
      "has_children": false,
      "is_end_bone": true
    },
    "upperarm_l": {
      "name": "upperarm_l",
      "local": {
        "location": {
          "x": 0.0,
          "y": 0.0,
          "z": 0.0
        },
        "rotation_quaternion": {
          "w": 0.9561972618103027,
          "x": -0.10957872867584229,
          "y": -0.15489710867404938,
          "z": 0.2229042947292328
        },
        "scale": {
          "x": 1.0,
          "y": 1.0,
          "z": 1.0
        },
        "matrix_basis": [
          [
            0.8526411056518555,
            -0.39233410358428955,
            -0.3450755178928375,
            0.0
          ],
          [
            0.4602278172969818,
            0.8766123652458191,
            0.14050330221652985,
            0.0
          ],
          [
            0.24737323820590973,
            -0.2786122262477875,
            0.9279987812042236,
            0.0
          ],
          [
            0.0,
            0.0,
            0.0,
            1.0
          ]
        ],
        "rotation_mode": "QUATERNION"
      },
      "armature_space": {
        "head": {
          "x": 0.08894052356481552,
          "y": -0.010794490575790405,
          "z": 0.5086346864700317
        },
        "tail": {
          "x": 0.31010702252388,
          "y": 0.07259152084589005,
          "z": 0.6348884105682373
        }
      },
      "world_space": {
        "head": {
          "x": 0.08894052356481552,
          "y": 0.052449509501457214,
          "z": 1.4584887027740479
        },
        "tail": {
          "x": 0.31010702252388,
          "y": 0.13583552837371826,
          "z": 1.5847424268722534
        },
        "rotation_quaternion": {
          "w": 0.7509174346923828,
          "x": 0.46045517921447754,
          "y": 0.3028390109539032,
          "z": -0.36385780572891235
        },
        "matrix": [
          [
            0.5517918467521667,
            0.8253422975540161,
            0.11973271518945694,
            0.08894052356481552
          ],
          [
            -0.26756948232650757,
            0.3111773431301117,
            -0.9119077324867249,
            0.052449509501457214
          ],
          [
            -0.7898997068405151,
            0.47114986181259155,
            0.39254331588745117,
            1.4584887027740479
          ],
          [
            0.0,
            0.0,
            0.0,
            1.0
          ]
        ]
      },
      "bone_length_armature_space": 0.2679698653865211,
      "parent": "spine_01",
      "has_children": true,
      "is_end_bone": false
    },
    "lowerarm_l": {
      "name": "lowerarm_l",
      "local": {
        "location": {
          "x": 0.0,
          "y": 0.0,
          "z": 0.0
        },
        "rotation_quaternion": {
          "w": 0.9451566934585571,
          "x": 0.050843119621276855,
          "y": -0.11505772173404694,
          "z": 0.30142274498939514
        },
        "scale": {
          "x": 1.0,
          "y": 1.0,
          "z": 1.0
        },
        "matrix_basis": [
          [
            0.7918121218681335,
            -0.5814832448959351,
            -0.186844602227211,
            0.0
          ],
          [
            0.5580836534500122,
            0.8131186366081238,
            -0.16547146439552307,
            0.0
          ],
          [
            0.2481456995010376,
            0.02674740180373192,
            0.9683533906936646,
            0.0
          ],
          [
            0.0,
            0.0,
            0.0,
            1.0
          ]
        ],
        "rotation_mode": "QUATERNION"
      },
      "armature_space": {
        "head": {
          "x": 0.3101070523262024,
          "y": 0.07259153574705124,
          "z": 0.6348885893821716
        },
        "tail": {
          "x": 0.387597918510437,
          "y": 0.17337559163570404,
          "z": 0.8702774047851562
        }
      },
      "world_space": {
        "head": {
          "x": 0.3101070523262024,
          "y": 0.13583552837371826,
          "z": 1.584742546081543
        },
        "tail": {
          "x": 0.387597918510437,
          "y": 0.23661959171295166,
          "z": 1.8201314210891724
        },
        "rotation_quaternion": {
          "w": 0.8279971480369568,
          "x": 0.5180725455284119,
          "y": -0.05277213081717491,
          "z": -0.20793455839157104
        },
        "matrix": [
          [
            0.9079561829566956,
            0.2896590232849121,
            -0.3028419017791748,
            0.3101070523262024
          ],
          [
            -0.39901939034461975,
            0.376728355884552,
            -0.8359782695770264,
            0.13583552837371826
          ],
          [
            -0.12806092202663422,
            0.8798776865005493,
            0.457634836435318,
            1.584742546081543
          ],
          [
            0.0,
            0.0,
            0.0,
            1.0
          ]
        ]
      },
      "bone_length_armature_space": 0.26752598630441093,
      "parent": "upperarm_l",
      "has_children": true,
      "is_end_bone": false
    },
    "metacarpal_thumb_l": {
      "name": "metacarpal_thumb_l",
      "local": {
        "location": {
          "x": 0.0,
          "y": 0.0,
          "z": 0.0
        },
        "rotation_quaternion": {
          "w": 0.9998000264167786,
          "x": -0.015140117146074772,
          "y": 0.007814157754182816,
          "z": -0.010471777990460396
        },
        "scale": {
          "x": 1.0,
          "y": 1.0,
          "z": 1.0
        },
        "matrix_basis": [
          [
            0.9996585845947266,
            0.020702753216028214,
            0.015942277386784554,
            0.0
          ],
          [
            -0.021175982430577278,
            0.999322235584259,
            0.030110523104667664,
            0.0
          ],
          [
            -0.01530810259282589,
            -0.030437834560871124,
            0.9994194507598877,
            0.0
          ],
          [
            0.0,
            0.0,
            0.0,
            1.0
          ]
        ],
        "rotation_mode": "QUATERNION"
      },
      "armature_space": {
        "head": {
          "x": 0.387597918510437,
          "y": 0.17337559163570404,
          "z": 0.8702774047851562
        },
        "tail": {
          "x": 0.397487610578537,
          "y": 0.16165725886821747,
          "z": 0.9173782467842102
        }
      },
      "world_space": {
        "head": {
          "x": 0.387597918510437,
          "y": 0.23661959171295166,
          "z": 1.8201314210891724
        },
        "tail": {
          "x": 0.397487610578537,
          "y": 0.2249012589454651,
          "z": 1.867232322692871
        },
        "rotation_quaternion": {
          "w": 0.4844076931476593,
          "x": 0.7036411166191101,
          "y": 0.38348710536956787,
          "z": 0.3509645462036133
        },
        "matrix": [
          [
            0.4595226049423218,
            0.199655681848526,
            0.8654342889785767,
            0.387597918510437
          ],
          [
            0.879694938659668,
            -0.23657312989234924,
            -0.4125172793865204,
            0.23661959171295166
          ],
          [
            0.12237869948148727,
            0.9508852958679199,
            -0.284349262714386,
            1.8201314210891724
          ],
          [
            0.0,
            0.0,
            0.0,
            1.0
          ]
        ]
      },
      "bone_length_armature_space": 0.04953397457794498,
      "parent": "lowerarm_l",
      "has_children": true,
      "is_end_bone": false
    },
    "thumb_01_l": {
      "name": "thumb_01_l",
      "local": {
        "location": {
          "x": 0.0,
          "y": 0.0,
          "z": 0.0
        },
        "rotation_quaternion": {
          "w": 0.9876886606216431,
          "x": 0.1561965048313141,
          "y": 0.00800193753093481,
          "z": 0.0031549339182674885
        },
        "scale": {
          "x": 1.0,
          "y": 1.0,
          "z": 1.0
        },
        "matrix_basis": [
          [
            0.9998520016670227,
            -0.0037324356380850077,
            0.016792425885796547,
            0.0
          ],
          [
            0.008731934241950512,
            0.951185405254364,
            -0.30849653482437134,
            0.0
          ],
          [
            -0.014821266755461693,
            0.30859753489494324,
            0.9510772228240967,
            0.0
          ],
          [
            0.0,
            0.0,
            0.0,
            1.0
          ]
        ],
        "rotation_mode": "QUATERNION"
      },
      "armature_space": {
        "head": {
          "x": 0.397487610578537,
          "y": 0.16165725886821747,
          "z": 0.9173782467842102
        },
        "tail": {
          "x": 0.42654404044151306,
          "y": 0.1518247127532959,
          "z": 0.9321320056915283
        }
      },
      "world_space": {
        "head": {
          "x": 0.397487610578537,
          "y": 0.2249012589454651,
          "z": 1.867232322692871
        },
        "tail": {
          "x": 0.42654404044151306,
          "y": 0.21506871283054352,
          "z": 1.8819860219955444
        },
        "rotation_quaternion": {
          "w": 0.29116135835647583,
          "x": -0.4471864700317383,
          "y": -0.5203779935836792,
          "z": -0.666675329208374
        },
        "matrix": [
          [
            -0.4304989278316498,
            0.8536320328712463,
            0.29322871565818787,
            0.397487610578537
          ],
          [
            0.077190101146698,
            -0.28886479139328003,
            0.9542533159255981,
            0.2249012589454651
          ],
          [
            0.8992906808853149,
            0.4334419369697571,
            0.05846539884805679,
            1.867232322692871
          ],
          [
            0.0,
            0.0,
            0.0,
            1.0
          ]
        ]
      },
      "bone_length_armature_space": 0.03403863198246335,
      "parent": "metacarpal_thumb_l",
      "has_children": true,
      "is_end_bone": false
    },
    "thumb_02_l": {
      "name": "thumb_02_l",
      "local": {
        "location": {
          "x": 0.0,
          "y": 0.0,
          "z": 0.0
        },
        "rotation_quaternion": {
          "w": 0.9198869466781616,
          "x": 0.3920723497867584,
          "y": 0.008953169919550419,
          "z": -0.0027112015523016453
        },
        "scale": {
          "x": 1.0,
          "y": 1.0,
          "z": 1.0
        },
        "matrix_basis": [
          [
            0.9998250007629395,
            0.012008578516542912,
            0.014345834031701088,
            0.0
          ],
          [
            0.0020325828809291124,
            0.6925438642501831,
            -0.7213730216026306,
            0.0
          ],
          [
            -0.018597783520817757,
            0.7212759256362915,
            0.6923982501029968,
            0.0
          ],
          [
            0.0,
            0.0,
            0.0,
            1.0
          ]
        ],
        "rotation_mode": "QUATERNION"
      },
      "armature_space": {
        "head": {
          "x": 0.42654404044151306,
          "y": 0.15182466804981232,
          "z": 0.9321319460868835
        },
        "tail": {
          "x": 0.4139764904975891,
          "y": 0.18439719080924988,
          "z": 0.9519882798194885
        }
      },
      "world_space": {
        "head": {
          "x": 0.42654404044151306,
          "y": 0.21506866812705994,
          "z": 1.8819859027862549
        },
        "tail": {
          "x": 0.4139764904975891,
          "y": 0.2476411908864975,
          "z": 1.9018423557281494
        },
        "rotation_quaternion": {
          "w": 0.37905704975128174,
          "x": 0.25428247451782227,
          "y": -0.8728147149085999,
          "z": -0.17277346551418304
        },
        "matrix": [
          [
            -0.5833120346069336,
            -0.312902569770813,
            -0.7495592832565308,
            0.42654404044151306
          ],
          [
            -0.5748653411865234,
            0.8109799027442932,
            0.1088215708732605,
            0.21506866812705994
          ],
          [
            0.573830246925354,
            0.4943767786026001,
            -0.6529353260993958,
            1.8819859027862549
          ],
          [
            0.0,
            0.0,
            0.0,
            1.0
          ]
        ]
      },
      "bone_length_armature_space": 0.04016449299701068,
      "parent": "thumb_01_l",
      "has_children": true,
      "is_end_bone": false
    },
    "thumb_03_l": {
      "name": "thumb_03_l",
      "local": {
        "location": {
          "x": 0.0,
          "y": 0.0,
          "z": 0.0
        },
        "rotation_quaternion": {
          "w": 0.9861302375793457,
          "x": 0.16587276756763458,
          "y": 0.0021371126640588045,
          "z": 0.0053603253327310085
        },
        "scale": {
          "x": 1.0,
          "y": 1.0,
          "z": 1.0
        },
        "matrix_basis": [
          [
            0.9999334216117859,
            -0.009862979874014854,
            0.005993206985294819,
            0.0
          ],
          [
            0.011280935257673264,
            0.9449149966239929,
            -0.32712140679359436,
            0.0
          ],
          [
            -0.002436678856611252,
            0.32716721296310425,
            0.9449633359909058,
            0.0
          ],
          [
            0.0,
            0.0,
            0.0,
            1.0
          ]
        ],
        "rotation_mode": "QUATERNION"
      },
      "armature_space": {
        "head": {
          "x": 0.4139765501022339,
          "y": 0.1843971312046051,
          "z": 0.9519883394241333
        },
        "tail": {
          "x": 0.3940258026123047,
          "y": 0.20737694203853607,
          "z": 0.9528759717941284
        }
      },
      "world_space": {
        "head": {
          "x": 0.4139765501022339,
          "y": 0.24764113128185272,
          "z": 1.9018423557281494
        },
        "tail": {
          "x": 0.3940258026123047,
          "y": 0.2706209421157837,
          "z": 1.9027299880981445
        },
        "rotation_quaternion": {
          "w": 0.4738237261772156,
          "x": 0.30961471796035767,
          "y": -0.8080171346664429,
          "z": 0.16351817548274994
        },
        "matrix": [
          [
            -0.3592589795589447,
            -0.6553069353103638,
            -0.6644591689109802,
            0.4139765501022339
          ],
          [
            -0.34539058804512024,
            0.7548002600669861,
            -0.5576581954956055,
            0.24764113128185272
          ],
          [
            0.8669766187667847,
            0.029155313968658447,
            -0.49750950932502747,
            1.9018423557281494
          ],
          [
            0.0,
            0.0,
            0.0,
            1.0
          ]
        ]
      },
      "bone_length_armature_space": 0.030444900152768378,
      "parent": "thumb_02_l",
      "has_children": false,
      "is_end_bone": true
    },
    "metacarpal_index_l": {
      "name": "metacarpal_index_l",
      "local": {
        "location": {
          "x": 0.0,
          "y": 0.0,
          "z": 0.0
        },
        "rotation_quaternion": {
          "w": 0.9986359477043152,
          "x": -0.0507168248295784,
          "y": 0.008057446219027042,
          "z": -0.009445114061236382
        },
        "scale": {
          "x": 1.0,
          "y": 1.0,
          "z": 1.0
        },
        "matrix_basis": [
          [
            0.9996917247772217,
            0.018047165125608444,
            0.017050962895154953,
            0.0
          ],
          [
            -0.01968175731599331,
            0.9946771860122681,
            0.10114308446645737,
            0.0
          ],
          [
            -0.015134858898818493,
            -0.10144749283790588,
            0.99472576379776,
            0.0
          ],
          [
            0.0,
            0.0,
            0.0,
            1.0
          ]
        ],
        "rotation_mode": "QUATERNION"
      },
      "armature_space": {
        "head": {
          "x": 0.387597918510437,
          "y": 0.17337559163570404,
          "z": 0.8702774047851562
        },
        "tail": {
          "x": 0.4099956750869751,
          "y": 0.19433988630771637,
          "z": 0.9833624958992004
        }
      },
      "world_space": {
        "head": {
          "x": 0.387597918510437,
          "y": 0.23661959171295166,
          "z": 1.8201314210891724
        },
        "tail": {
          "x": 0.4099956750869751,
          "y": 0.257583886384964,
          "z": 1.9332165718078613
        },
        "rotation_quaternion": {
          "w": 0.7150254845619202,
          "x": 0.6306936144828796,
          "y": 0.2796386778354645,
          "z": 0.11298833042383194
        },
        "matrix": [
          [
            0.818072497844696,
            0.19115319848060608,
            0.5424185991287231,
            0.387597918510437
          ],
          [
            0.5143104195594788,
            0.17891936004161835,
            -0.8387330174446106,
            0.23661959171295166
          ],
          [
            -0.25737714767456055,
            0.9651225209236145,
            0.048056405037641525,
            1.8201314210891724
          ],
          [
            0.0,
            0.0,
            0.0,
            1.0
          ]
        ]
      },
      "bone_length_armature_space": 0.11717251890507015,
      "parent": "lowerarm_l",
      "has_children": true,
      "is_end_bone": false
    },
    "index_01_l": {
      "name": "index_01_l",
      "local": {
        "location": {
          "x": 0.0,
          "y": 0.0,
          "z": 0.0
        },
        "rotation_quaternion": {
          "w": 0.9644110202789307,
          "x": 0.26373258233070374,
          "y": -0.018872346729040146,
          "z": 0.0006487838109023869
        },
        "scale": {
          "x": 1.0,
          "y": 1.0,
          "z": 1.0
        },
        "matrix_basis": [
          [
            0.9992868304252625,
            -0.011205893941223621,
            -0.0360591858625412,
            0.0
          ],
          [
            -0.00870311725884676,
            0.8608894348144531,
            -0.5087177157402039,
            0.0
          ],
          [
            0.03674360737204552,
            0.5086687207221985,
            0.8601779341697693,
            0.0
          ],
          [
            0.0,
            0.0,
            0.0,
            1.0
          ]
        ],
        "rotation_mode": "QUATERNION"
      },
      "armature_space": {
        "head": {
          "x": 0.4099956750869751,
          "y": 0.19433988630771637,
          "z": 0.9833624958992004
        },
        "tail": {
          "x": 0.4280712902545929,
          "y": 0.1940469890832901,
          "z": 1.0054138898849487
        }
      },
      "world_space": {
        "head": {
          "x": 0.4099956750869751,
          "y": 0.257583886384964,
          "z": 1.9332165718078613
        },
        "tail": {
          "x": 0.4280712902545929,
          "y": 0.2572909891605377,
          "z": 1.9552679061889648
        },
        "rotation_quaternion": {
          "w": 0.6009228229522705,
          "x": 0.7037836313247681,
          "y": 0.3657260835170746,
          "z": -0.09912078082561493
        },
        "matrix": [
          [
            0.7128375768661499,
            0.6339123249053955,
            0.30002981424331665,
            0.4099956750869751
          ],
          [
            0.39565905928611755,
            -0.01027175784111023,
            -0.9183403253555298,
            0.257583886384964
          ],
          [
            -0.5790690183639526,
            0.7733420133590698,
            -0.2581378221511841,
            1.9332165718078613
          ],
          [
            0.0,
            0.0,
            0.0,
            1.0
          ]
        ]
      },
      "bone_length_armature_space": 0.028514516148424672,
      "parent": "metacarpal_index_l",
      "has_children": true,
      "is_end_bone": false
    },
    "index_02_l": {
      "name": "index_02_l",
      "local": {
        "location": {
          "x": 0.0,
          "y": 0.0,
          "z": 0.0
        },
        "rotation_quaternion": {
          "w": 0.9237017631530762,
          "x": 0.3830031454563141,
          "y": -0.009155155159533024,
          "z": 0.00012770688044838607
        },
        "scale": {
          "x": 1.0,
          "y": 1.0,
          "z": 1.0
        },
        "matrix_basis": [
          [
            0.9998323321342468,
            -0.007248832378536463,
            -0.016815440729260445,
            0.0
          ],
          [
            -0.006776980124413967,
            0.7066171765327454,
            -0.7075636982917786,
            0.0
          ],
          [
            0.017011091113090515,
            0.7075590491294861,
            0.706449568271637,
            0.0
          ],
          [
            0.0,
            0.0,
            0.0,
            1.0
          ]
        ],
        "rotation_mode": "QUATERNION"
      },
      "armature_space": {
        "head": {
          "x": 0.42807143926620483,
          "y": 0.19404660165309906,
          "z": 1.0054142475128174
        },
        "tail": {
          "x": 0.4446430802345276,
          "y": 0.17750141024589539,
          "z": 1.0158894062042236
        }
      },
      "world_space": {
        "head": {
          "x": 0.42807143926620483,
          "y": 0.2572906017303467,
          "z": 1.9552682638168335
        },
        "tail": {
          "x": 0.4446430802345276,
          "y": 0.240745410323143,
          "z": 1.9657434225082397
        },
        "rotation_quaternion": {
          "w": 0.3172650635242462,
          "x": 0.8693177700042725,
          "y": 0.27724626660346985,
          "z": -0.2583877146244049
        },
        "matrix": [
          [
            0.7127406001091003,
            0.6459856033325195,
            -0.27331972122192383,
            0.42807143926620483
          ],
          [
            0.3180762231349945,
            -0.6449543833732605,
            -0.6948828101158142,
            0.2572906017303467
          ],
          [
            -0.6251668930053711,
            0.4083366394042969,
            -0.6651627421379089,
            1.9552682638168335
          ],
          [
            0.0,
            0.0,
            0.0,
            1.0
          ]
        ]
      },
      "bone_length_armature_space": 0.025653295972101642,
      "parent": "index_01_l",
      "has_children": true,
      "is_end_bone": false
    },
    "index_03_l": {
      "name": "index_03_l",
      "local": {
        "location": {
          "x": 0.0,
          "y": 0.0,
          "z": 0.0
        },
        "rotation_quaternion": {
          "w": 0.9668862819671631,
          "x": 0.2549757659435272,
          "y": -0.006126644089818001,
          "z": -0.008987808600068092
        },
        "scale": {
          "x": 1.0,
          "y": 1.0,
          "z": 1.0
        },
        "matrix_basis": [
          [
            0.9997633695602417,
            0.014256086200475693,
            -0.01643088273704052,
            0.0
          ],
          [
            -0.020504668354988098,
            0.8698131442070007,
            -0.4929549992084503,
            0.0
          ],
          [
            0.007264189422130585,
            0.4931752681732178,
            0.8698996305465698,
            0.0
          ],
          [
            0.0,
            0.0,
            0.0,
            1.0
          ]
        ],
        "rotation_mode": "QUATERNION"
      },
      "armature_space": {
        "head": {
          "x": 0.4446430802345276,
          "y": 0.17750151455402374,
          "z": 1.0158895254135132
        },
        "tail": {
          "x": 0.4581407904624939,
          "y": 0.15183411538600922,
          "z": 1.0123217105865479
        }
      },
      "world_space": {
        "head": {
          "x": 0.4446430802345276,
          "y": 0.24074551463127136,
          "z": 1.9657435417175293
        },
        "tail": {
          "x": 0.4581407904624939,
          "y": 0.21507811546325684,
          "z": 1.962175726890564
        },
        "rotation_quaternion": {
          "w": 0.022648440673947334,
          "x": 0.9102436900138855,
          "y": 0.2454749494791031,
          "z": -0.3326945900917053
        },
        "matrix": [
          [
            0.6581124067306519,
            0.46195513010025024,
            -0.5945466160774231,
            0.4446430802345276
          ],
          [
            0.431814044713974,
            -0.8784582614898682,
            -0.204569011926651,
            0.24074551463127136
          ],
          [
            -0.6167898178100586,
            -0.12210585176944733,
            -0.7776080965995789,
            1.9657435417175293
          ],
          [
            0.0,
            0.0,
            0.0,
            1.0
          ]
        ]
      },
      "bone_length_armature_space": 0.029218707261127564,
      "parent": "index_02_l",
      "has_children": false,
      "is_end_bone": true
    },
    "metacarpal_pinky_l": {
      "name": "metacarpal_pinky_l",
      "local": {
        "location": {
          "x": 0.0,
          "y": 0.0,
          "z": 0.0
        },
        "rotation_quaternion": {
          "w": 0.9986673593521118,
          "x": -0.0485093928873539,
          "y": -0.01727217063307762,
          "z": 0.0034882784821093082
        },
        "scale": {
          "x": 1.0,
          "y": 1.0,
          "z": 1.0
        },
        "matrix_basis": [
          [
            0.9993789792060852,
            -0.005291534587740898,
            -0.03483673557639122,
            0.0
          ],
          [
            0.008642984554171562,
            0.9952693581581116,
            0.09676899760961533,
            0.0
          ],
          [
            0.03415987640619278,
            -0.09700999408960342,
            0.9946970343589783,
            0.0
          ],
          [
            0.0,
            0.0,
            0.0,
            1.0
          ]
        ],
        "rotation_mode": "QUATERNION"
      },
      "armature_space": {
        "head": {
          "x": 0.387597918510437,
          "y": 0.17337559163570404,
          "z": 0.8702774047851562
        },
        "tail": {
          "x": 0.4355650246143341,
          "y": 0.23502156138420105,
          "z": 0.9391411542892456
        }
      },
      "world_space": {
        "head": {
          "x": 0.387597918510437,
          "y": 0.23661959171295166,
          "z": 1.8201314210891724
        },
        "tail": {
          "x": 0.4355650246143341,
          "y": 0.29826557636260986,
          "z": 1.8889951705932617
        },
        "rotation_quaternion": {
          "w": 0.7022786140441895,
          "x": 0.1325036585330963,
          "y": -0.5502802133560181,
          "z": -0.43178629875183105
        },
        "matrix": [
          [
            0.021503545343875885,
            0.4606429934501648,
            -0.8873249888420105,
            0.387597918510437
          ],
          [
            -0.7522971034049988,
            0.5920053124427795,
            0.2891005277633667,
            0.23661959171295166
          ],
          [
            0.6584770679473877,
            0.6613202095031738,
            0.3592735528945923,
            1.8201314210891724
          ],
          [
            0.0,
            0.0,
            0.0,
            1.0
          ]
        ]
      },
      "bone_length_armature_space": 0.10413109474974777,
      "parent": "lowerarm_l",
      "has_children": true,
      "is_end_bone": false
    },
    "pinky_01_l": {
      "name": "pinky_01_l",
      "local": {
        "location": {
          "x": 0.0,
          "y": 0.0,
          "z": 0.0
        },
        "rotation_quaternion": {
          "w": 0.94525146484375,
          "x": 0.3263173997402191,
          "y": 0.004048693925142288,
          "z": 0.0005466496804729104
        },
        "scale": {
          "x": 1.0,
          "y": 1.0,
          "z": 1.0
        },
        "matrix_basis": [
          [
            0.9999666213989258,
            0.0016088756965473294,
            0.008010830730199814,
            0.0
          ],
          [
            0.0036757613997906446,
            0.7870333194732666,
            -0.6168995499610901,
            0.0
          ],
          [
            -0.007297304924577475,
            0.6169084310531616,
            0.7870011329650879,
            0.0
          ],
          [
            0.0,
            0.0,
            0.0,
            1.0
          ]
        ],
        "rotation_mode": "QUATERNION"
      },
      "armature_space": {
        "head": {
          "x": 0.4355650246143341,
          "y": 0.23502156138420105,
          "z": 0.9391411542892456
        },
        "tail": {
          "x": 0.455258846282959,
          "y": 0.23317047953605652,
          "z": 0.951591968536377
