{
  "metadata": {
    "armature_name": "KIM_caucasian_male",
    "export_time": "2026-01-13T19:11:04.942412",
    "blender_version": "4.4.1",
    "bone_count": 56,
    "end_bone_count": 13,
    "spaces_included": [
      "LOCAL_CHANNELS",
      "ARMATURE_SPACE",
      "WORLD_SPACE"
    ],
    "note": "LOCAL matches Transform panel; replay pose via local.matrix_basis for best fidelity."
  },
  "bones": {
    "Root": {
      "name": "Root",
      "local": {
        "location": {
          "x": 0.0,
          "y": 0.0,
          "z": 0.0
        },
        "rotation_quaternion": {
          "w": 0.9996745586395264,
          "x": 0.005629556719213724,
          "y": -0.0037996757309883833,
          "z": -0.02458994649350643
        },
        "scale": {
          "x": 1.0,
          "y": 1.0,
          "z": 1.0
        },
        "matrix_basis": [
          [
            0.998761773109436,
            0.049121107906103134,
            -0.00787373911589384,
            0.0
          ],
          [
            -0.04920667037367821,
            0.9987272620201111,
            -0.011068581603467464,
            0.0
          ],
          [
            0.00732001755386591,
            0.011442316696047783,
            0.9999077320098877,
            0.0
          ],
          [
            0.0,
            0.0,
            0.0,
            1.0
          ]
        ],
        "rotation_mode": "QUATERNION"
      },
      "armature_space": {
        "head": {
          "x": 0.0,
          "y": 0.07072800397872925,
          "z": -0.009595036506652832
        },
        "tail": {
          "x": 0.003506061853840947,
          "y": -1.9766390323638916e-05,
          "z": -0.0008215103298425674
        }
      },
      "world_space": {
        "head": {
          "x": 0.0,
          "y": 0.13397200405597687,
          "z": 0.9402589797973633
        },
        "tail": {
          "x": 0.003506061853840947,
          "y": 0.06322423368692398,
          "z": 0.9490324854850769
        },
        "rotation_quaternion": {
          "w": 0.061728961765766144,
          "x": 0.9977827668190002,
          "y": 0.02427810989320278,
          "z": -0.005447615869343281
        },
        "matrix": [
          [
            0.998761773109436,
            0.049121107906103134,
            -0.00787373911589384,
            0.0
          ],
          [
            0.0477760024368763,
            -0.9912001490592957,
            -0.1234491840004921,
            0.13397200405597687
          ],
          [
            -0.013868464156985283,
            0.12292005866765976,
            -0.9923267364501953,
            0.9402589797973633
          ],
          [
            0.0,
            0.0,
            0.0,
            1.0
          ]
        ]
      },
      "bone_length_armature_space": 0.07137586561950247,
      "parent": null,
      "has_children": true,
      "is_end_bone": false
    },
    "spine_01": {
      "name": "spine_01",
      "local": {
        "location": {
          "x": 0.0,
          "y": 0.0,
          "z": 0.0
        },
        "rotation_quaternion": {
          "w": 0.9988186359405518,
          "x": -0.02023717202246189,
          "y": 0.008814445696771145,
          "z": -0.04329155012965202
        },
        "scale": {
          "x": 1.0,
          "y": 1.0,
          "z": 1.0
        },
        "matrix_basis": [
          [
            0.9960963129997253,
            0.08612405508756638,
            0.019360262900590897,
            0.0
          ],
          [
            -0.08683757483959198,
            0.9954326152801514,
            0.039663348346948624,
            0.0
          ],
          [
            -0.01585586741566658,
            -0.041189711540937424,
            0.9990255236625671,
            0.0
          ],
          [
            0.0,
            0.0,
            0.0,
            1.0
          ]
        ],
        "rotation_mode": "QUATERNION"
      },
      "armature_space": {
        "head": {
          "x": 0.003506061853840947,
          "y": -1.9766390323638916e-05,
          "z": -0.0008215103298425674
        },
        "tail": {
          "x": 0.050422150641679764,
          "y": 0.03943188488483429,
          "z": 0.48331791162490845
        }
      },
      "world_space": {
        "head": {
          "x": 0.003506061853840947,
          "y": 0.06322423368692398,
          "z": 0.9490324854850769
        },
        "tail": {
          "x": 0.050422150641679764,
          "y": 0.10267588496208191,
          "z": 1.4331719875335693
        },
        "rotation_quaternion": {
          "w": 0.7328653931617737,
          "x": 0.6778121590614319,
          "y": 0.057704195380210876,
          "z": -0.01222196128219366
        },
        "matrix": [
          [
            0.9930417537689209,
            0.09613928943872452,
            0.06800980120897293,
            0.003506061853840947
          ],
          [
            0.06031041592359543,
            0.08084334433078766,
            -0.9949004650115967,
            0.06322423368692398
          ],
          [
            -0.10114782303571701,
            0.9920864701271057,
            0.07448220252990723,
            0.9490324854850769
          ],
          [
            0.0,
            0.0,
            0.0,
            1.0
          ]
        ]
      },
      "bone_length_armature_space": 0.488004637568711,
      "parent": "Root",
      "has_children": true,
      "is_end_bone": false
    },
    "neck_01": {
      "name": "neck_01",
      "local": {
        "location": {
          "x": 0.0,
          "y": 0.0,
          "z": 0.0
        },
        "rotation_quaternion": {
          "w": 0.9925452470779419,
          "x": 0.04294677823781967,
          "y": 0.08779781311750412,
          "z": 0.07280892878770828
        },
        "scale": {
          "x": 1.0,
          "y": 1.0,
          "z": 1.0
        },
        "matrix_basis": [
          [
            0.9739807844161987,
            -0.13699103891849518,
            0.18054042756557465,
            0.0
          ],
          [
            0.15207357704639435,
            0.9857088923454285,
            -0.07246831059455872,
            0.0
          ],
          [
            -0.16803278028964996,
            0.09803817421197891,
            0.9808942079544067,
            0.0
          ],
          [
            0.0,
            0.0,
            0.0,
            1.0
          ]
        ],
        "rotation_mode": "QUATERNION"
      },
      "armature_space": {
        "head": {
          "x": 0.05981993302702904,
          "y": 0.010847523808479309,
          "z": 0.5585400462150574
        },
        "tail": {
          "x": 0.05771841108798981,
          "y": -0.030174344778060913,
          "z": 0.6524736881256104
        }
      },
      "world_space": {
        "head": {
          "x": 0.05981993302702904,
          "y": 0.07409152388572693,
          "z": 1.5083940029144287
        },
        "tail": {
          "x": 0.05771841108798981,
          "y": 0.03306965529918671,
          "z": 1.6023277044296265
        },
        "rotation_quaternion": {
          "w": 0.5457971096038818,
          "x": 0.8320962190628052,
          "y": 0.04516979679465294,
          "z": 0.08764220774173737
        },
        "matrix": [
          [
            0.9805571436882019,
            -0.020498402416706085,
            0.19516029953956604,
            0.05981993302702904
          ],
          [
            0.17084075510501862,
            -0.4001300632953644,
            -0.9003940224647522,
            0.07409152388572693
          ],
          [
            0.0965469628572464,
            0.9162352085113525,
            -0.3888520300388336,
            1.5083940029144287
          ],
          [
            0.0,
            0.0,
            0.0,
            1.0
          ]
        ]
      },
      "bone_length_armature_space": 0.10252189523122363,
      "parent": "spine_01",
      "has_children": true,
      "is_end_bone": false
    },
    "head": {
      "name": "head",
      "local": {
        "location": {
          "x": 0.0,
          "y": 0.0,
          "z": 0.0
        },
        "rotation_quaternion": {
          "w": 0.9840083122253418,
          "x": -0.0290713831782341,
          "y": 0.11541681736707687,
          "z": 0.13251954317092896
        },
        "scale": {
          "x": 1.0,
          "y": 1.0,
          "z": 1.0
        },
        "matrix_basis": [
          [
            0.9382350444793701,
            -0.2675113081932068,
            0.21943716704845428,
            0.0
          ],
          [
            0.25409001111984253,
            0.9631868600845337,
            0.0878029316663742,
            0.0
          ],
          [
            -0.2348472625017166,
            -0.026622997596859932,
            0.9716676473617554,
            0.0
          ],
          [
            0.0,
            0.0,
            0.0,
            1.0
          ]
        ],
        "rotation_mode": "QUATERNION"
      },
      "armature_space": {
        "head": {
          "x": 0.057718440890312195,
          "y": -0.030174456536769867,
          "z": 0.6524735689163208
        },
        "tail": {
          "x": 0.002822697162628174,
          "y": -0.040195584297180176,
          "z": 0.797177791595459
        }
      },
      "world_space": {
        "head": {
          "x": 0.057718440890312195,
          "y": 0.03306954354047775,
          "z": 1.602327585220337
        },
        "tail": {
          "x": 0.002822697162628174,
          "y": 0.023048415780067444,
          "z": 1.747031807899475
        },
        "rotation_quaternion": {
          "w": 0.683829665184021,
          "x": 0.6789499521255493,
          "y": 0.008337622508406639,
          "z": 0.26708531379699707
        },
        "matrix": [
          [
            0.8571909070014954,
            -0.3539600670337677,
            0.3740803599357605,
            0.057718440890312195
          ],
          [
            0.3766058087348938,
            -0.06461483985185623,
            -0.9241174459457397,
            0.03306954354047775
          ],
          [
            0.35127463936805725,
            0.9330325126647949,
            0.07791592180728912,
            1.602327585220337
          ],
          [
            0.0,
            0.0,
            0.0,
            1.0
          ]
        ]
      },
      "bone_length_armature_space": 0.15509119412641584,
      "parent": "neck_01",
      "has_children": false,
      "is_end_bone": true
    },
    "upperarm_l": {
      "name": "upperarm_l",
      "local": {
        "location": {
          "x": 0.0,
          "y": 0.0,
          "z": 0.0
        },
        "rotation_quaternion": {
          "w": 0.8068084120750427,
          "x": 0.3844777047634125,
          "y": 0.25881803035736084,
          "z": 0.36640188097953796
        },
        "scale": {
          "x": 1.0,
          "y": 1.0,
          "z": 1.0
        },
        "matrix_basis": [
          [
            0.5975257754325867,
            -0.39221271872520447,
            0.6993798613548279,
            0.0
          ],
          [
            0.7902517914772034,
            0.43585312366485596,
            -0.43073686957359314,
            0.0
          ],
          [
            -0.13588641583919525,
            0.8100625276565552,
            0.5703802704811096,
            0.0
          ],
          [
            0.0,
            0.0,
            0.0,
            1.0
          ]
        ],
        "rotation_mode": "QUATERNION"
      },
      "armature_space": {
        "head": {
          "x": 0.20253179967403412,
          "y": 0.011287923902273178,
          "z": 0.4769294857978821
        },
        "tail": {
          "x": 0.3530489206314087,
          "y": -0.18686509132385254,
          "z": 0.5763664245605469
        }
      },
      "world_space": {
        "head": {
          "x": 0.20253179967403412,
          "y": 0.0745319277048111,
          "z": 1.426783561706543
        },
        "tail": {
          "x": 0.3530489206314087,
          "y": -0.12362109124660492,
          "z": 1.526220440864563
        },
        "rotation_quaternion": {
          "w": 0.2923598885536194,
          "x": 0.8726876974105835,
          "y": 0.21164807677268982,
          "z": -0.32885727286338806
        },
        "matrix": [
          [
            0.6941162347793579,
            0.5616950988769531,
            -0.450223833322525,
            0.20253179967403412
          ],
          [
            0.17711660265922546,
            -0.7394613027572632,
            -0.6494819521903992,
            0.0745319277048111
          ],
          [
            -0.6977385878562927,
            0.37107568979263306,
            -0.612762451171875,
            1.426783561706543
          ],
          [
            0.0,
            0.0,
            0.0,
            1.0
          ]
        ]
      },
      "bone_length_armature_space": 0.2679696386116798,
      "parent": "spine_01",
      "has_children": true,
      "is_end_bone": false
    },
    "lowerarm_l": {
      "name": "lowerarm_l",
      "local": {
        "location": {
          "x": 0.0,
          "y": 0.0,
          "z": 0.0
        },
        "rotation_quaternion": {
          "w": 0.9540554285049438,
          "x": 0.2864043116569519,
          "y": -0.08602789044380188,
          "z": 0.018710874021053314
        },
        "scale": {
          "x": 1.0,
          "y": 1.0,
          "z": 1.0
        },
        "matrix_basis": [
          [
            0.9844982028007507,
            -0.08497993648052216,
            -0.15343299508094788,
            0.0
          ],
          [
            -0.013575095683336258,
            0.8352449536323547,
            -0.5497105121612549,
            0.0
          ],
          [
            0.17486850917339325,
            0.5432718396186829,
            0.8211435675621033,
            0.0
          ],
          [
            0.0,
            0.0,
            0.0,
            1.0
          ]
        ],
        "rotation_mode": "QUATERNION"
      },
      "armature_space": {
        "head": {
          "x": 0.3530488610267639,
          "y": -0.1868652105331421,
          "z": 0.5763665437698364
        },
        "tail": {
          "x": 0.35173261165618896,
          "y": -0.4540081024169922,
          "z": 0.5905892848968506
        }
      },
      "world_space": {
        "head": {
          "x": 0.3530488610267639,
          "y": -0.12362121045589447,
          "z": 1.5262205600738525
        },
        "tail": {
          "x": 0.35173261165618896,
          "y": -0.39076411724090576,
          "z": 1.5404433012008667
        },
        "rotation_quaternion": {
          "w": 0.022057561203837395,
          "x": 0.8740816712379456,
          "y": -0.015054607763886452,
          "z": -0.48504438996315
        },
        "matrix": [
          [
            0.5290107131004333,
            -0.0049201250076293945,
            -0.8486010432243347,
            0.3530488610267639
          ],
          [
            -0.04771594703197479,
            -0.9985736608505249,
            -0.023956239223480225,
            -0.12362121045589447
          ],
          [
            -0.8472786545753479,
            0.05316424369812012,
            -0.5284944772720337,
            1.5262205600738525
          ],
          [
            0.0,
            0.0,
            0.0,
            1.0
          ]
        ]
      },
      "bone_length_armature_space": 0.2675244764841679,
      "parent": "upperarm_l",
      "has_children": true,
      "is_end_bone": false
    },
    "metacarpal_thumb_l": {
      "name": "metacarpal_thumb_l",
      "local": {
        "location": {
          "x": 0.0,
          "y": 0.0,
          "z": 0.0
        },
        "rotation_quaternion": {
          "w": 0.9974870681762695,
          "x": -0.06897609680891037,
          "y": 0.012435946613550186,
          "z": 0.010356462560594082
        },
        "scale": {
          "x": 1.0,
          "y": 1.0,
          "z": 1.0
        },
        "matrix_basis": [
          [
            0.9994761943817139,
            -0.022376440465450287,
            0.023380694910883904,
            0.0
          ],
          [
            0.01894530840218067,
            0.9902700781822205,
            0.13786311447620392,
            0.0
          ],
          [
            -0.02623808942735195,
            -0.13734795153141022,
            0.9901753067970276,
            0.0
          ],
          [
            0.0,
            0.0,
            0.0,
            1.0
          ]
        ],
        "rotation_mode": "QUATERNION"
      },
      "armature_space": {
        "head": {
          "x": 0.35173261165618896,
          "y": -0.4540081024169922,
          "z": 0.5905892848968506
        },
        "tail": {
          "x": 0.3271675109863281,
          "y": -0.4940621852874756,
          "z": 0.5749108195304871
        }
      },
      "world_space": {
        "head": {
          "x": 0.35173261165618896,
          "y": -0.39076411724090576,
          "z": 1.5404433012008667
        },
        "tail": {
          "x": 0.3271675109863281,
          "y": -0.43081820011138916,
          "z": 1.5247647762298584
        },
        "rotation_quaternion": {
          "w": 0.09070085734128952,
          "x": -0.9163798689842224,
          "y": 0.2957388758659363,
          "z": -0.2540861964225769
        },
        "matrix": [
          [
            0.6959570050239563,
            -0.49592745304107666,
            0.5193265676498413,
            0.35173261165618896
          ],
          [
            -0.5881101489067078,
            -0.8086236119270325,
            0.015944987535476685,
            -0.39076411724090576
          ],
          [
            0.41203442215919495,
            -0.3165211081504822,
            -0.8544330596923828,
            1.5404433012008667
          ],
          [
            0.0,
            0.0,
            0.0,
            1.0
          ]
        ]
      },
      "bone_length_armature_space": 0.04953370577176345,
      "parent": "lowerarm_l",
      "has_children": true,
      "is_end_bone": false
    },
    "thumb_01_l": {
      "name": "thumb_01_l",
      "local": {
        "location": {
          "x": 0.0,
          "y": 0.0,
          "z": 0.0
        },
        "rotation_quaternion": {
          "w": 0.9972887635231018,
          "x": -0.07093606144189835,
          "y": 0.017890525981783867,
          "z": -0.00795124750584364
        },
        "scale": {
          "x": 1.0,
          "y": 1.0,
          "z": 1.0
        },
        "matrix_basis": [
          [
            0.9992334246635437,
            0.013321212492883205,
            0.03681210055947304,
            0.0
          ],
          [
            -0.01839754730463028,
            0.9898096919059753,
            0.14120297133922577,
            0.0
          ],
          [
            -0.03455597907304764,
            -0.14177197217941284,
            0.989296019077301,
            0.0
          ],
          [
            0.0,
            0.0,
            0.0,
            1.0
          ]
        ],
        "rotation_mode": "QUATERNION"
      },
      "armature_space": {
        "head": {
          "x": 0.3271675109863281,
          "y": -0.4940621852874756,
          "z": 0.5749108195304871
        },
        "tail": {
          "x": 0.3225908577442169,
          "y": -0.5063906908035278,
          "z": 0.5435149669647217
        }
      },
      "world_space": {
        "head": {
          "x": 0.3271675109863281,
          "y": -0.43081820011138916,
          "z": 1.5247647762298584
        },
        "tail": {
          "x": 0.3225908577442169,
          "y": -0.4431467056274414,
          "z": 1.4933689832687378
        },
        "rotation_quaternion": {
          "w": 0.14727194607257843,
          "x": -0.3279026746749878,
          "y": 0.5451744198799133,
          "z": -0.7573478817939758
        },
        "matrix": [
          [
            -0.7415825128555298,
            -0.13445527851581573,
            0.6572498679161072,
            0.3271675109863281
          ],
          [
            -0.580599308013916,
            -0.36219266057014465,
            -0.7291920185089111,
            -0.43081820011138916
          ],
          [
            0.33609655499458313,
            -0.9223614931106567,
            0.19053176045417786,
            1.5247647762298584
          ],
          [
            0.0,
            0.0,
            0.0,
            1.0
          ]
        ]
      },
      "bone_length_armature_space": 0.034038763094721584,
      "parent": "metacarpal_thumb_l",
      "has_children": true,
      "is_end_bone": false
    },
    "thumb_02_l": {
      "name": "thumb_02_l",
      "local": {
        "location": {
          "x": 0.0,
          "y": 0.0,
          "z": 0.0
        },
        "rotation_quaternion": {
          "w": 0.9957934617996216,
          "x": 0.0910169929265976,
          "y": -0.0021770992316305637,
          "z": -0.010320515371859074
        },
        "scale": {
          "x": 1.0,
          "y": 1.0,
          "z": 1.0
        },
        "matrix_basis": [
          [
            0.9997774958610535,
            0.02015789784491062,
            -0.006214566994458437,
            0.0
          ],
          [
            -0.02095050923526287,
            0.983218789100647,
            -0.1812233179807663,
            0.0
          ],
          [
            0.00245719775557518,
            0.1813131868839264,
            0.9834223389625549,
            0.0
          ],
          [
            0.0,
            0.0,
            0.0,
            1.0
          ]
        ],
        "rotation_mode": "QUATERNION"
      },
      "armature_space": {
        "head": {
          "x": 0.32259082794189453,
          "y": -0.5063906311988831,
          "z": 0.5435149669647217
        },
        "tail": {
          "x": 0.3177471458911896,
          "y": -0.5461949110031128,
          "z": 0.5458251237869263
        }
      },
      "world_space": {
        "head": {
          "x": 0.32259082794189453,
          "y": -0.44314664602279663,
          "z": 1.4933689832687378
        },
        "tail": {
          "x": 0.3177471458911896,
          "y": -0.48295092582702637,
          "z": 1.4956791400909424
        },
        "rotation_quaternion": {
          "w": 0.06320709735155106,
          "x": 0.10837412625551224,
          "y": 0.022088609635829926,
          "z": 0.991852879524231
        },
        "matrix": [
          [
            -0.9685200452804565,
            -0.12059643864631653,
            0.21777473390102386,
            0.32259082794189453
          ],
          [
            0.13017217814922333,
            -0.9910339117050171,
            0.030117571353912354,
            -0.44314664602279663
          ],
          [
            0.21219158172607422,
            0.05751723051071167,
            0.9755410552024841,
            1.4933689832687378
          ],
          [
            0.0,
            0.0,
            0.0,
            1.0
          ]
        ]
      },
      "bone_length_armature_space": 0.04016439753441276,
      "parent": "thumb_01_l",
      "has_children": true,
      "is_end_bone": false
    },
    "thumb_03_l": {
      "name": "thumb_03_l",
      "local": {
        "location": {
          "x": 0.0,
          "y": 0.0,
          "z": 0.0
        },
        "rotation_quaternion": {
          "w": 0.996368944644928,
          "x": 0.08477423340082169,
          "y": 0.007889521308243275,
          "z": -0.00040515759610570967
        },
        "scale": {
          "x": 1.0,
          "y": 1.0,
          "z": 1.0
        },
        "matrix_basis": [
          [
            0.9998751878738403,
            0.0021450291387736797,
            0.015653053298592567,
            0.0
          ],
          [
            0.0005302833742462099,
            0.9856263399124146,
            -0.16893921792507172,
            0.0
          ],
          [
            -0.015790442004799843,
            0.1689264327287674,
            0.9855021834373474,
            0.0
          ],
          [
            0.0,
            0.0,
            0.0,
            1.0
          ]
        ],
        "rotation_mode": "QUATERNION"
      },
      "armature_space": {
        "head": {
          "x": 0.3177470862865448,
          "y": -0.546194851398468,
          "z": 0.5458250641822815
        },
        "tail": {
          "x": 0.3199058771133423,
          "y": -0.5734372735023499,
          "z": 0.5592446327209473
        }
      },
      "world_space": {
        "head": {
          "x": 0.3177470862865448,
          "y": -0.4829508662223816,
          "z": 1.4956791400909424
        },
        "tail": {
          "x": 0.3199058771133423,
          "y": -0.5101932883262634,
          "z": 1.5090986490249634
        },
        "rotation_quaternion": {
          "w": 0.05541575327515602,
          "x": 0.08219713717699051,
          "y": -0.2225397676229477,
          "z": -0.9698705077171326
        },
        "matrix": [
          [
            -0.9803456664085388,
            0.07090813666582108,
            -0.18410569429397583,
            0.3177470862865448
          ],
          [
            -0.1440763920545578,
            -0.8948102593421936,
            0.42255985736846924,
            -0.4829508662223816
          ],
          [
            -0.1347777396440506,
            0.4407821595668793,
            0.8874458074569702,
            1.4956791400909424
          ],
          [
            0.0,
            0.0,
            0.0,
            1.0
          ]
        ]
      },
      "bone_length_armature_space": 0.03044494609719149,
      "parent": "thumb_02_l",
      "has_children": false,
      "is_end_bone": true
    },
    "metacarpal_index_l": {
      "name": "metacarpal_index_l",
      "local": {
        "location": {
          "x": 0.0,
          "y": 0.0,
          "z": 0.0
        },
        "rotation_quaternion": {
          "w": 0.9998710751533508,
          "x": -0.01542118564248085,
          "y": -0.0017885788111016154,
          "z": 0.00411670096218586
        },
        "scale": {
          "x": 1.0,
          "y": 1.0,
          "z": 1.0
        },
        "matrix_basis": [
          [
            0.9999597072601318,
            -0.008177176117897034,
            -0.0037036652211099863,
            0.0
          ],
          [
            0.008287504315376282,
            0.99949049949646,
            0.030823668465018272,
            0.0
          ],
          [
            0.0034497275482863188,
            -0.030853120610117912,
            0.9995179772377014,
            0.0
          ],
          [
            0.0,
            0.0,
            0.0,
            1.0
          ]
        ],
        "rotation_mode": "QUATERNION"
      },
      "armature_space": {
        "head": {
          "x": 0.35173261165618896,
          "y": -0.4540081024169922,
          "z": 0.5905892848968506
        },
        "tail": {
          "x": 0.32317349314689636,
          "y": -0.5667369365692139,
          "z": 0.57624351978302
        }
      },
      "world_space": {
        "head": {
          "x": 0.35173261165618896,
          "y": -0.39076411724090576,
          "z": 1.5404433012008667
        },
        "tail": {
          "x": 0.32317349314689636,
          "y": -0.5034929513931274,
          "z": 1.5260975360870361
        },
        "rotation_quaternion": {
          "w": 0.0654713362455368,
          "x": -0.9900286793708801,
          "y": 0.12112938612699509,
          "z": 0.029739225283265114
        },
        "matrix": [
          [
            0.9688867330551147,
            -0.2437373846769333,
            -0.043024130165576935,
            0.35173261165618896
          ],
          [
            -0.23594900965690613,
            -0.9620823860168457,
            0.13684111833572388,
            -0.39076411724090576
          ],
          [
            -0.07474692165851593,
            -0.12243384122848511,
            -0.9896650314331055,
            1.5404433012008667
          ],
          [
            0.0,
            0.0,
            0.0,
            1.0
          ]
        ]
      },
      "bone_length_armature_space": 0.11717173121326811,
      "parent": "lowerarm_l",
      "has_children": true,
      "is_end_bone": false
    },
    "index_01_l": {
      "name": "index_01_l",
      "local": {
        "location": {
          "x": 0.0,
          "y": 0.0,
          "z": 0.0
        },
        "rotation_quaternion": {
          "w": 0.9934093952178955,
          "x": -0.1118396669626236,
          "y": -0.016009464859962463,
          "z": 0.019324185326695442
        },
        "scale": {
          "x": 1.0,
          "y": 1.0,
          "z": 1.0
        },
        "matrix_basis": [
          [
            0.998740553855896,
            -0.03481266647577286,
            -0.036130327731370926,
            0.0
          ],
          [
            0.041974641382694244,
            0.9742369055747986,
            0.2215864062309265,
            0.0
          ],
          [
            0.02748548425734043,
            -0.2228238880634308,
            0.9744711518287659,
            0.0
          ],
          [
            0.0,
            0.0,
            0.0,
            1.0
          ]
        ],
        "rotation_mode": "QUATERNION"
      },
      "armature_space": {
        "head": {
          "x": 0.32317349314689636,
          "y": -0.5667369365692139,
          "z": 0.57624351978302
        },
        "tail": {
          "x": 0.32542458176612854,
          "y": -0.5944882035255432,
          "z": 0.5823972225189209
        }
      },
      "world_space": {
        "head": {
          "x": 0.32317349314689636,
          "y": -0.5034929513931274,
          "z": 1.5260975360870361
        },
        "tail": {
          "x": 0.32542458176612854,
          "y": -0.5312442183494568,
          "z": 1.532251238822937
        },
        "rotation_quaternion": {
          "w": 0.10934966057538986,
          "x": 0.9931177496910095,
          "y": 0.03772629797458649,
          "z": -0.018345961347222328
        },
        "matrix": [
          [
            0.9964805841445923,
            0.07894553244113922,
            -0.028188595548272133,
            0.32317349314689636
          ],
          [
            0.07092110067605972,
            -0.9732385873794556,
            -0.21857890486717224,
            -0.5034929513931274
          ],
          [
            -0.04469040036201477,
            0.21581093966960907,
            -0.9754190444946289,
            1.5260975360870361
          ],
          [
            0.0,
            0.0,
            0.0,
            1.0
          ]
        ]
      },
      "bone_length_armature_space": 0.02851435199970304,
      "parent": "metacarpal_index_l",
      "has_children": true,
      "is_end_bone": false
    },
    "index_02_l": {
      "name": "index_02_l",
      "local": {
        "location": {
          "x": 0.0,
          "y": 0.0,
          "z": 0.0
        },
        "rotation_quaternion": {
          "w": 0.9996840357780457,
          "x": 0.024966903030872345,
          "y": -0.001954920357093215,
          "z": 0.002189591759815812
        },
        "scale": {
          "x": 1.0,
          "y": 1.0,
          "z": 1.0
        },
        "matrix_basis": [
          [
            0.9999827742576599,
            -0.004475416615605354,
            -0.0037992706056684256,
            0.0
          ],
          [
            0.0042801834642887115,
            0.9987437129020691,
            -0.04992659017443657,
            0.0
          ],
          [
            0.004017939791083336,
            0.04990946874022484,
            0.9987456798553467,
            0.0
          ],
          [
            0.0,
            0.0,
            0.0,
            1.0
          ]
        ],
        "rotation_mode": "QUATERNION"
      },
      "armature_space": {
        "head": {
          "x": 0.3254243731498718,
          "y": -0.5944886803627014,
          "z": 0.5823970437049866
        },
        "tail": {
          "x": 0.3280350863933563,
          "y": -0.6194872260093689,
          "z": 0.5875300765037537
        }
      },
      "world_space": {
        "head": {
          "x": 0.3254243731498718,
          "y": -0.531244695186615,
          "z": 1.5322511196136475
        },
        "tail": {
          "x": 0.3280350863933563,
          "y": -0.5562432408332825,
          "z": 1.537384033203125
        },
        "rotation_quaternion": {
          "w": 0.10335592925548553,
          "x": 0.9920938611030579,
          "y": 0.04559483751654625,
          "z": -0.05466702952980995
        },
        "matrix": [
          [
            0.9898655414581299,
            0.10176905244588852,
            -0.09904458373785019,
            0.3254243731498718
          ],
          [
            0.0791684165596962,
            -0.9744771718978882,
            -0.2100631594657898,
            -0.531244695186615
          ],
          [
            -0.11789543926715851,
            0.20009341835975647,
            -0.9726650714874268,
            1.5322511196136475
          ],
          [
            0.0,
            0.0,
            0.0,
            1.0
          ]
        ]
      },
      "bone_length_armature_space": 0.025653286993544896,
      "parent": "index_01_l",
      "has_children": true,
      "is_end_bone": false
    },
    "index_03_l": {
      "name": "index_03_l",
      "local": {
        "location": {
          "x": 0.0,
          "y": 0.0,
          "z": 0.0
        },
        "rotation_quaternion": {
          "w": 0.9999263286590576,
          "x": 0.010256458073854446,
          "y": 0.006298502907156944,
          "z": -0.0016006153309717774
        },
        "scale": {
          "x": 1.0,
          "y": 1.0,
          "z": 1.0
        },
        "matrix_basis": [
          [
            0.9999155402183533,
            0.0033301955554634333,
            0.012563244439661503,
            0.0
          ],
          [
            -0.0030717940535396338,
            0.9997844696044922,
            -0.02053156867623329,
            0.0
          ],
          [
            -0.012628911063075066,
            0.02049124240875244,
            0.9997102618217468,
            0.0
          ],
          [
            0.0,
            0.0,
            0.0,
            1.0
          ]
        ],
        "rotation_mode": "QUATERNION"
      },
      "armature_space": {
        "head": {
          "x": 0.32803505659103394,
          "y": -0.6194871068000793,
          "z": 0.5875301957130432
        },
        "tail": {
          "x": 0.33342379331588745,
          "y": -0.6481055021286011,
          "z": 0.5899136066436768
        }
      },
      "world_space": {
        "head": {
          "x": 0.32803505659103394,
          "y": -0.5562431216239929,
          "z": 1.537384271621704
        },
        "tail": {
          "x": 0.33342379331588745,
          "y": -0.5848615169525146,
          "z": 1.5397676229476929
        },
        "rotation_quaternion": {
          "w": 0.042900484055280685,
          "x": 0.9946388006210327,
          "y": 0.09182542562484741,
          "z": -0.020527157932519913
        },
        "matrix": [
          [
            0.9822937250137329,
            0.18442752957344055,
            -0.032955460250377655,
            0.32803505659103394
          ],
          [
            0.1809050291776657,
            -0.9794552326202393,
            -0.0891113430261612,
            -0.5562431216239929
          ],
          [
            -0.048713214695453644,
            0.08157122135162354,
            -0.9954833388328552,
            1.537384271621704
          ],
          [
            0.0,
            0.0,
            0.0,
            1.0
          ]
        ]
      },
      "bone_length_armature_space": 0.02921868671720997,
      "parent": "index_02_l",
      "has_children": false,
      "is_end_bone": true
    },
    "metacarpal_pinky_l": {
      "name": "metacarpal_pinky_l",
      "local": {
        "location": {
          "x": 0.0,
          "y": 0.0,
          "z": 0.0
        },
        "rotation_quaternion": {
          "w": 0.9986144304275513,
          "x": -0.052610620856285095,
          "y": -0.0010854530846700072,
          "z": -0.0005206950008869171
        },
        "scale": {
          "x": 1.0,
          "y": 1.0,
          "z": 1.0
        },
        "matrix_basis": [
          [
            0.999997079372406,
            0.0011541597777977586,
            -0.002113110153004527,
            0.0
          ],
          [
            -0.0009257343481294811,
            0.9944636821746826,
            0.10507658123970032,
            0.0
          ],
          [
            0.002222686307504773,
            -0.10507431626319885,
            0.9944618940353394,
            0.0
          ],
          [
            0.0,
            0.0,
            0.0,
            1.0
          ]
        ],
        "rotation_mode": "QUATERNION"
      },
      "armature_space": {
        "head": {
          "x": 0.35173261165618896,
          "y": -0.4540081024169922,
          "z": 0.5905892848968506
        },
        "tail": {
          "x": 0.38608962297439575,
          "y": -0.5513337254524231,
          "z": 0.6043924689292908
        }
      },
      "world_space": {
        "head": {
          "x": 0.35173261165618896,
          "y": -0.39076411724090576,
          "z": 1.5404433012008667
        },
        "tail": {
          "x": 0.38608962297439575,
          "y": -0.48808974027633667,
          "z": 1.554246425628662
        },
        "rotation_quaternion": {
          "w": 0.1807330697774887,
          "x": 0.3835097551345825,
          "y": 0.0033507528714835644,
          "z": -0.9056735634803772
        },
        "matrix": [
          [
            -0.640511691570282,
            0.3299410939216614,
            -0.693458080291748,
            0.35173261165618896
          ],
          [
            -0.3248008191585541,
            -0.9346483945846558,
            -0.1446956992149353,
            -0.39076411724090576
          ],
          [
            -0.6958854794502258,
            0.13255643844604492,
            0.7058229446411133,
            1.5404433012008667
          ],
          [
            0.0,
            0.0,
            0.0,
            1.0
          ]
        ]
      },
      "bone_length_armature_space": 0.1041307309201196,
      "parent": "lowerarm_l",
      "has_children": true,
      "is_end_bone": false
    },
    "pinky_01_l": {
      "name": "pinky_01_l",
      "local": {
        "location": {
          "x": 0.0,
          "y": 0.0,
          "z": 0.0
        },
        "rotation_quaternion": {
          "w": 0.9931117296218872,
          "x": -0.1170218214392662,
          "y": -0.002286961069330573,
          "z": 0.005470170173794031
        },
        "scale": {
          "x": 1.0,
          "y": 1.0,
          "z": 1.0
        },
        "matrix_basis": [
          [
            0.999929666519165,
            -0.010329731740057468,
            -0.005822674371302128,
            0.0
          ],
          [
            0.011400229297578335,
            0.9725519418716431,
            0.23240646719932556,
            0.0
          ],
          [
            0.0032621570862829685,
            -0.2324565052986145,
            0.9726013541221619,
            0.0
          ],
          [
            0.0,
            0.0,
            0.0,
            1.0
          ]
        ],
        "rotation_mode": "QUATERNION"
      },
      "armature_space": {
        "head": {
          "x": 0.38608962297439575,
          "y": -0.5513337254524231,
          "z": 0.6043924689292908
        },
