{
  "metadata": {
    "armature_name": "KIM_caucasian_male",
    "export_time": "2026-01-13T20:26:31.664364",
    "blender_version": "4.4.1",
    "bone_count": 56,
    "end_bone_count": 13,
    "spaces_included": [
      "LOCAL_CHANNELS",
      "ARMATURE_SPACE",
      "WORLD_SPACE"
    ],
    "note": "LOCAL matches Transform panel; replay pose via local.matrix_basis for best fidelity."
  },
  "bones": {
    "Root": {
      "name": "Root",
      "local": {
        "location": {
          "x": 0.0,
          "y": 0.0,
          "z": 0.0
        },
        "rotation_quaternion": {
          "w": 0.9997016191482544,
          "x": -0.014889349229633808,
          "y": -0.006895759142935276,
          "z": 0.018100446090102196
        },
        "scale": {
          "x": 1.0,
          "y": 1.0,
          "z": 1.0
        },
        "matrix_basis": [
          [
            0.9992496371269226,
            -0.035984743386507034,
            -0.014326411299407482,
            0.0
          ],
          [
            0.03639543801546097,
            0.9989013671875,
            0.029520180076360703,
            0.0
          ],
          [
            0.013248395174741745,
            -0.030019445344805717,
            0.9994615316390991,
            0.0
          ],
          [
            0.0,
            0.0,
            0.0,
            1.0
          ]
        ],
        "rotation_mode": "QUATERNION"
      },
      "armature_space": {
        "head": {
          "x": 0.0,
          "y": 0.07072800397872925,
          "z": -0.009595036506652832
        },
        "tail": {
          "x": -0.0025684423744678497,
          "y": 0.0003657490015029907,
          "z": 0.00211268849670887
        }
      },
      "world_space": {
        "head": {
          "x": 0.0,
          "y": 0.13397200405597687,
          "z": 0.9402589797973633
        },
        "tail": {
          "x": -0.0025684423744678497,
          "y": 0.06360974907875061,
          "z": 0.9519667029380798
        },
        "rotation_quaternion": {
          "w": 0.08220307528972626,
          "x": 0.9964273571968079,
          "y": -0.01852388307452202,
          "z": -0.005660703871399164
        },
        "matrix": [
          [
            0.9992496371269226,
            -0.035984743386507034,
            -0.014326411299407482,
            0.0
          ],
          [
            -0.03784606233239174,
            -0.9857989549636841,
            -0.16360953450202942,
            0.13397200405597687
          ],
          [
            -0.008235607296228409,
            0.16402918100357056,
            -0.9864282011985779,
            0.9402589797973633
          ],
          [
            0.0,
            0.0,
            0.0,
            1.0
          ]
        ]
      },
      "bone_length_armature_space": 0.07137586935937569,
      "parent": null,
      "has_children": true,
      "is_end_bone": false
    },
    "spine_01": {
      "name": "spine_01",
      "local": {
        "location": {
          "x": 0.0,
          "y": 0.0,
          "z": 0.0
        },
        "rotation_quaternion": {
          "w": 0.9940481185913086,
          "x": 0.10713102668523788,
          "y": -0.014380749315023422,
          "z": 0.013581358827650547
        },
        "scale": {
          "x": 1.0,
          "y": 1.0,
          "z": 1.0
        },
        "matrix_basis": [
          [
            0.9992175102233887,
            -0.030082296580076218,
            -0.02568034455180168,
            0.0
          ],
          [
            0.02391980029642582,
            0.9766770005226135,
            -0.21337741613388062,
            0.0
          ],
          [
            0.031500283628702164,
            0.21259617805480957,
            0.976632297039032,
            0.0
          ],
          [
            0.0,
            0.0,
            0.0,
            1.0
          ]
        ],
        "rotation_mode": "QUATERNION"
      },
      "armature_space": {
        "head": {
          "x": -0.0025684423744678497,
          "y": 0.0003657490015029907,
          "z": 0.00211268849670887
        },
        "tail": {
          "x": -0.01579419896006584,
          "y": -0.06610433012247086,
          "z": 0.48538821935653687
        }
      },
      "world_space": {
        "head": {
          "x": -0.0025684423744678497,
          "y": 0.06360974907875061,
          "z": 0.9519667029380798
        },
        "tail": {
          "x": -0.01579419896006584,
          "y": -0.002860330045223236,
          "z": 1.4352421760559082
        },
        "rotation_quaternion": {
          "w": 0.6564395427703857,
          "x": 0.753571093082428,
          "y": -0.03134411573410034,
          "z": -0.01533894706517458
        },
        "matrix": [
          [
            0.9975645542144775,
            -0.027101892977952957,
            -0.06426914781332016,
            -0.0025684423744678497
          ],
          [
            -0.06737836450338364,
            -0.13620883226394653,
            -0.9883862733840942,
            0.06360974907875061
          ],
          [
            0.01803317666053772,
            0.9903162121772766,
            -0.13770505785942078,
            0.9519667029380798
          ],
          [
            0.0,
            0.0,
            0.0,
            1.0
          ]
        ]
      },
      "bone_length_armature_space": 0.4880045436829034,
      "parent": "Root",
      "has_children": true,
      "is_end_bone": false
    },
    "neck_01": {
      "name": "neck_01",
      "local": {
        "location": {
          "x": 0.0,
          "y": 0.0,
          "z": 0.0
        },
        "rotation_quaternion": {
          "w": 0.9972476959228516,
          "x": -0.038642216473817825,
          "y": -0.03740168735384941,
          "z": -0.05103990435600281
        },
        "scale": {
          "x": 1.0,
          "y": 1.0,
          "z": 1.0
        },
        "matrix_basis": [
          [
            0.9919920563697815,
            0.10468941926956177,
            -0.07065290212631226,
            0.0
          ],
          [
            -0.09890828281641006,
            0.9918034076690674,
            0.08088967949151993,
            0.0
          ],
          [
            0.0785420835018158,
            -0.07325376570224762,
            0.9942157864570618,
            0.0
          ],
          [
            0.0,
            0.0,
            0.0,
            1.0
          ]
        ],
        "rotation_mode": "QUATERNION"
      },
      "armature_space": {
        "head": {
          "x": -0.020007440820336342,
          "y": -0.11035499721765518,
          "z": 0.5531219840049744
        },
        "tail": {
          "x": -0.013951176777482033,
          "y": -0.15560904145240784,
          "z": 0.6449159383773804
        }
      },
      "world_space": {
        "head": {
          "x": -0.020007440820336342,
          "y": -0.04711099714040756,
          "z": 1.5029759407043457
        },
        "tail": {
          "x": -0.013951176777482033,
          "y": -0.09236504137516022,
          "z": 1.5947699546813965
        },
        "rotation_quaternion": {
          "w": 0.5284210443496704,
          "x": 0.8461469411849976,
          "y": -0.008093341253697872,
          "z": -0.06885561347007751
        },
        "matrix": [
          [
            0.9903868436813354,
            0.059073206037282944,
            -0.12507691979408264,
            -0.020007440820336342
          ],
          [
            -0.08646552264690399,
            -0.44141101837158203,
            -0.8931294679641724,
            -0.04711099714040756
          ],
          [
            -0.1079711765050888,
            0.8953642845153809,
            -0.4320637583732605,
            1.5029759407043457
          ],
          [
            0.0,
            0.0,
            0.0,
            1.0
          ]
        ]
      },
      "bone_length_armature_space": 0.10252188385387816,
      "parent": "spine_01",
      "has_children": true,
      "is_end_bone": false
    },
    "head": {
      "name": "head",
      "local": {
        "location": {
          "x": 0.0,
          "y": 0.0,
          "z": 0.0
        },
        "rotation_quaternion": {
          "w": 0.9827628135681152,
          "x": -0.07188327610492706,
          "y": -0.16036131978034973,
          "z": 0.057397373020648956
        },
        "scale": {
          "x": 1.0,
          "y": 1.0,
          "z": 1.0
        },
        "matrix_basis": [
          [
            0.9419795870780945,
            -0.0897614136338234,
            -0.3234460949897766,
            0.0
          ],
          [
            0.13587060570716858,
            0.9830766916275024,
            0.12287978082895279,
            0.0
          ],
          [
            0.3069424629211426,
            -0.1596970558166504,
            0.9382340908050537,
            0.0
          ],
          [
            0.0,
            0.0,
            0.0,
            1.0
          ]
        ],
        "rotation_mode": "QUATERNION"
      },
      "armature_space": {
        "head": {
          "x": -0.013951199129223824,
          "y": -0.1556091606616974,
          "z": 0.6449158191680908
        },
        "tail": {
          "x": -0.010105819441378117,
          "y": -0.14330711960792542,
          "z": 0.7994706630706787
        }
      },
      "world_space": {
        "head": {
          "x": -0.013951199129223824,
          "y": -0.09236516058444977,
          "z": 1.594769835472107
        },
        "tail": {
          "x": -0.010105819441378117,
          "y": -0.0800631195306778,
          "z": 1.7493246793746948
        },
        "rotation_quaternion": {
          "w": 0.7207671403884888,
          "x": 0.6622251272201538,
          "y": -0.1419697254896164,
          "z": -0.14763876795768738
        },
        "matrix": [
          [
            0.9160947203636169,
            0.02479447051882744,
            -0.40019458532333374,
            -0.013951199129223824
          ],
          [
            -0.40085840225219727,
            0.07932183146476746,
            -0.912699818611145,
            -0.09236516058444977
          ],
          [
            0.009113946929574013,
            0.9965478777885437,
            0.08260511606931686,
            1.594769835472107
          ],
          [
            0.0,
            0.0,
            0.0,
            1.0
          ]
        ]
      },
      "bone_length_armature_space": 0.15509135190418422,
      "parent": "neck_01",
      "has_children": false,
      "is_end_bone": true
    },
    "upperarm_l": {
      "name": "upperarm_l",
      "local": {
        "location": {
          "x": 0.0,
          "y": 0.0,
          "z": 0.0
        },
        "rotation_quaternion": {
          "w": 0.9866816401481628,
          "x": 0.0384024977684021,
          "y": -0.0723014697432518,
          "z": -0.14056020975112915
        },
        "scale": {
          "x": 1.0,
          "y": 1.0,
          "z": 1.0
        },
        "matrix_basis": [
          [
            0.9500306248664856,
            0.2718232572078705,
            -0.15347279608249664,
            0.0
          ],
          [
            -0.2829294800758362,
            0.9575361609458923,
            -0.05545666068792343,
            0.0
          ],
          [
            0.13188134133815765,
            0.09610749781131744,
            0.9865955114364624,
            0.0
          ],
          [
            0.0,
            0.0,
            0.0,
            1.0
          ]
        ],
        "rotation_mode": "QUATERNION"
      },
      "armature_space": {
        "head": {
          "x": 0.1312437355518341,
          "y": -0.1144595593214035,
          "z": 0.4888308644294739
        },
        "tail": {
          "x": 0.3875280022621155,
          "y": -0.1346932053565979,
          "z": 0.41322216391563416
        }
      },
      "world_space": {
        "head": {
          "x": 0.1312437355518341,
          "y": -0.051215559244155884,
          "z": 1.4386849403381348
        },
        "tail": {
          "x": 0.3875280022621155,
          "y": -0.07144920527935028,
          "z": 1.3630762100219727
        },
        "rotation_quaternion": {
          "w": 0.398743599653244,
          "x": 0.4479878842830658,
          "y": 0.5506810545921326,
          "z": -0.5805695056915283
        },
        "matrix": [
          [
            -0.2806203067302704,
            0.9563937187194824,
            -0.08101488649845123,
            0.1312437355518341
          ],
          [
            0.03040173649787903,
            -0.07550729811191559,
            -0.996681809425354,
            -0.051215559244155884
          ],
          [
            -0.9593439102172852,
            -0.2821542024612427,
            -0.007888153195381165,
            1.4386849403381348
          ],
          [
            0.0,
            0.0,
            0.0,
            1.0
          ]
        ]
      },
      "bone_length_armature_space": 0.2679695966887235,
      "parent": "spine_01",
      "has_children": true,
      "is_end_bone": false
    },
    "lowerarm_l": {
      "name": "lowerarm_l",
      "local": {
        "location": {
          "x": 0.0,
          "y": 0.0,
          "z": 0.0
        },
        "rotation_quaternion": {
          "w": 0.9440922737121582,
          "x": 0.14150597155094147,
          "y": -0.043982625007629395,
          "z": 0.2945021986961365
        },
        "scale": {
          "x": 1.0,
          "y": 1.0,
          "z": 1.0
        },
        "matrix_basis": [
          [
            0.8226679563522339,
            -0.5685220956802368,
            0.00030032661743462086,
            0.0
          ],
          [
            0.5436269044876099,
            0.7864890098571777,
            -0.29309535026550293,
            0.0
          ],
          [
            0.16639494895935059,
            0.24128343164920807,
            0.9560831785202026,
            0.0
          ],
          [
            0.0,
            0.0,
            0.0,
            1.0
          ]
        ],
        "rotation_mode": "QUATERNION"
      },
      "armature_space": {
        "head": {
          "x": 0.38752812147140503,
          "y": -0.13469326496124268,
          "z": 0.4132222533226013
        },
        "tail": {
          "x": 0.6148595213890076,
          "y": -0.22013455629348755,
          "z": 0.5254261493682861
        }
      },
      "world_space": {
        "head": {
          "x": 0.38752812147140503,
          "y": -0.07144926488399506,
          "z": 1.3630762100219727
        },
        "tail": {
          "x": 0.6148595213890076,
          "y": -0.15689055621623993,
          "z": 1.4752801656723022
        },
        "rotation_quaternion": {
          "w": 0.5460719466209412,
          "x": 0.5927197337150574,
          "y": 0.2052193284034729,
          "z": -0.5553141832351685
        },
        "matrix": [
          [
            0.29902371764183044,
            0.8497592806816101,
            -0.4341588616371155,
            0.38752812147140503
          ],
          [
            -0.36320728063583374,
            -0.31937748193740845,
            -0.875259280204773,
            -0.07144926488399506
          ],
          [
            -0.8824266195297241,
            0.41941553354263306,
            0.21313798427581787,
            1.3630762100219727
          ],
          [
            0.0,
            0.0,
            0.0,
            1.0
          ]
        ]
      },
      "bone_length_armature_space": 0.26752475655301305,
      "parent": "upperarm_l",
      "has_children": true,
      "is_end_bone": false
    },
    "metacarpal_thumb_l": {
      "name": "metacarpal_thumb_l",
      "local": {
        "location": {
          "x": 0.0,
          "y": 0.0,
          "z": 0.0
        },
        "rotation_quaternion": {
          "w": 0.9981337189674377,
          "x": -0.05736606568098068,
          "y": 0.020519396290183067,
          "z": -0.004153323359787464
        },
        "scale": {
          "x": 1.0,
          "y": 1.0,
          "z": 1.0
        },
        "matrix_basis": [
          [
            0.9991233944892883,
            0.005936909932643175,
            0.04143872112035751,
            0.0
          ],
          [
            -0.01064537838101387,
            0.9933837652206421,
            0.11434756219387054,
            0.0
          ],
          [
            -0.0404856838285923,
            -0.1146884560585022,
            0.9925761818885803,
            0.0
          ],
          [
            0.0,
            0.0,
            0.0,
            1.0
          ]
        ],
        "rotation_mode": "QUATERNION"
      },
      "armature_space": {
        "head": {
          "x": 0.6148595213890076,
          "y": -0.22013455629348755,
          "z": 0.5254261493682861
        },
        "tail": {
          "x": 0.6373018622398376,
          "y": -0.25953438878059387,
          "z": 0.5453656315803528
        }
      },
      "world_space": {
        "head": {
          "x": 0.6148595213890076,
          "y": -0.15689055621623993,
          "z": 1.4752801656723022
        },
        "tail": {
          "x": 0.6373018622398376,
          "y": -0.19629038870334625,
          "z": 1.4952197074890137
        },
        "rotation_quaternion": {
          "w": 0.1921650767326355,
          "x": 0.9443010091781616,
          "y": 0.25566565990448,
          "z": 0.07748207449913025
        },
        "matrix": [
          [
            0.8572630882263184,
            0.4530718922615051,
            0.24459314346313477,
            0.6148595213890076
          ],
          [
            0.5126295685768127,
            -0.7954151630401611,
            -0.32330426573753357,
            -0.15689055621623993
          ],
          [
            0.04807387292385101,
            0.40254446864128113,
            -0.9141448140144348,
            1.4752801656723022
          ],
          [
            0.0,
            0.0,
            0.0,
            1.0
          ]
        ]
      },
      "bone_length_armature_space": 0.04953370929709986,
      "parent": "lowerarm_l",
      "has_children": true,
      "is_end_bone": false
    },
    "thumb_01_l": {
      "name": "thumb_01_l",
      "local": {
        "location": {
          "x": 0.0,
          "y": 0.0,
          "z": 0.0
        },
        "rotation_quaternion": {
          "w": 0.9578146934509277,
          "x": 0.28724247217178345,
          "y": 0.0024436861276626587,
          "z": -0.008766436949372292
        },
        "scale": {
          "x": 1.0,
          "y": 1.0,
          "z": 1.0
        },
        "matrix_basis": [
          [
            0.9998343586921692,
            0.018197104334831238,
            -0.0003549890825524926,
            0.0
          ],
          [
            -0.015389383770525455,
            0.8348298072814941,
            -0.55029296875,
            0.0
          ],
          [
            -0.009717383421957493,
            0.550207257270813,
            0.8349716067314148,
            0.0
          ],
          [
            0.0,
            0.0,
            0.0,
            1.0
          ]
        ],
        "rotation_mode": "QUATERNION"
      },
      "armature_space": {
        "head": {
          "x": 0.6373018622398376,
          "y": -0.25953438878059387,
          "z": 0.5453656315803528
        },
        "tail": {
          "x": 0.6651586294174194,
          "y": -0.2755112648010254,
          "z": 0.5340800285339355
        }
      },
      "world_space": {
        "head": {
          "x": 0.6373018622398376,
          "y": -0.19629038870334625,
          "z": 1.4952197074890137
        },
        "tail": {
          "x": 0.6651586294174194,
          "y": -0.21226726472377777,
          "z": 1.4839340448379517
        },
        "rotation_quaternion": {
          "w": 0.4791910648345947,
          "x": -0.5907730460166931,
          "y": -0.18890854716300964,
          "z": -0.6210287809371948
        },
        "matrix": [
          [
            0.15727540850639343,
            0.818388819694519,
            0.5527244806289673,
            0.6373018622398376
          ],
          [
            -0.37197771668434143,
            -0.46937572956085205,
            0.8008239269256592,
            -0.19629038870334625
          ],
          [
            0.9148266315460205,
            -0.3315538763999939,
            0.23060360550880432,
            1.4952197074890137
          ],
          [
            0.0,
            0.0,
            0.0,
            1.0
          ]
        ]
      },
      "bone_length_armature_space": 0.03403857961223332,
      "parent": "metacarpal_thumb_l",
      "has_children": true,
      "is_end_bone": false
    },
    "thumb_02_l": {
      "name": "thumb_02_l",
      "local": {
        "location": {
          "x": 0.0,
          "y": 0.0,
          "z": 0.0
        },
        "rotation_quaternion": {
          "w": 0.9076254367828369,
          "x": 0.4196774959564209,
          "y": -0.0063254134729504585,
          "z": 0.006852929014712572
        },
        "scale": {
          "x": 1.0,
          "y": 1.0,
          "z": 1.0
        },
        "matrix_basis": [
          [
            0.9998260736465454,
            -0.017749052494764328,
            -0.005730172153562307,
            0.0
          ],
          [
            0.007130518089979887,
            0.6476476788520813,
            -0.761906623840332,
            0.0
          ],
          [
            0.017234252765774727,
            0.7617332339286804,
            0.647661566734314,
            0.0
          ],
          [
            0.0,
            0.0,
            0.0,
            1.0
          ]
        ],
        "rotation_mode": "QUATERNION"
      },
      "armature_space": {
        "head": {
          "x": 0.6651586294174194,
          "y": -0.2755112648010254,
          "z": 0.5340799689292908
        },
        "tail": {
          "x": 0.6737644672393799,
          "y": -0.2548927068710327,
          "z": 0.5674567818641663
        }
      },
      "world_space": {
        "head": {
          "x": 0.6651586294174194,
          "y": -0.21226726472377777,
          "z": 1.483933925628662
        },
        "tail": {
          "x": 0.6737644672393799,
          "y": -0.1916487067937851,
          "z": 1.5173108577728271
        },
        "rotation_quaternion": {
          "w": 0.5369844436645508,
          "x": 0.19797155261039734,
          "y": -0.684342086315155,
          "z": -0.45180827379226685
        },
        "matrix": [
          [
            -0.34491169452667236,
            0.21426549553871155,
            -0.9138525128364563,
            0.6651586294174194
          ],
          [
            -0.7561877369880676,
            0.5133543014526367,
            0.4057677388191223,
            -0.21226726472377777
          ],
          [
            0.5560751557350159,
            0.83100426197052,
            -0.015036702156066895,
            1.483933925628662
          ],
          [
            0.0,
            0.0,
            0.0,
            1.0
          ]
        ]
      },
      "bone_length_armature_space": 0.04016462360881525,
      "parent": "thumb_01_l",
      "has_children": true,
      "is_end_bone": false
    },
    "thumb_03_l": {
      "name": "thumb_03_l",
      "local": {
        "location": {
          "x": 0.0,
          "y": 0.0,
          "z": 0.0
        },
        "rotation_quaternion": {
          "w": 0.9906326532363892,
          "x": 0.1365441530942917,
          "y": 0.0012811735505238175,
          "z": 0.0010323559399694204
        },
        "scale": {
          "x": 1.0,
          "y": 1.0,
          "z": 1.0
        },
        "matrix_basis": [
          [
            0.9999945759773254,
            -0.0016954975435510278,
            0.0028202689718455076,
            0.0
          ],
          [
            0.002395244548097253,
            0.9627092480659485,
            -0.27052754163742065,
            0.0
          ],
          [
            -0.0022564204409718513,
            0.27053284645080566,
            0.9627081155776978,
            0.0
          ],
          [
            0.0,
            0.0,
            0.0,
            1.0
          ]
        ],
        "rotation_mode": "QUATERNION"
      },
      "armature_space": {
        "head": {
          "x": 0.6737645268440247,
          "y": -0.2548927962779999,
          "z": 0.5674567222595215
        },
        "tail": {
          "x": 0.6658744812011719,
          "y": -0.23398607969284058,
          "z": 0.5881341099739075
        }
      },
      "world_space": {
        "head": {
          "x": 0.6737645268440247,
          "y": -0.19164879620075226,
          "z": 1.5173107385635376
        },
        "tail": {
          "x": 0.6658744812011719,
          "y": -0.17074207961559296,
          "z": 1.5379881858825684
        },
        "rotation_quaternion": {
          "w": 0.6303759813308716,
          "x": 0.3564344048500061,
          "y": -0.6678173542022705,
          "z": -0.17204834520816803
        },
        "matrix": [
          [
            0.048838358372449875,
            -0.2591593265533447,
            -0.9645991325378418,
            0.6737645268440247
          ],
          [
            -0.6929765939712524,
            0.6867067813873291,
            -0.21958398818969727,
            -0.19164879620075226
          ],
          [
            0.7193082571029663,
            0.6791740655899048,
            -0.14605499804019928,
            1.5173107385635376
          ],
          [
            0.0,
            0.0,
            0.0,
            1.0
          ]
        ]
      },
      "bone_length_armature_space": 0.03044499898056965,
      "parent": "thumb_02_l",
      "has_children": false,
      "is_end_bone": true
    },
    "metacarpal_index_l": {
      "name": "metacarpal_index_l",
      "local": {
        "location": {
          "x": 0.0,
          "y": 0.0,
          "z": 0.0
        },
        "rotation_quaternion": {
          "w": 0.9996718168258667,
          "x": 0.012513712048530579,
          "y": 0.019358154386281967,
          "z": 0.01118647400289774
        },
        "scale": {
          "x": 1.0,
          "y": 1.0,
          "z": 1.0
        },
        "matrix_basis": [
          [
            0.9990002512931824,
            -0.021881120279431343,
            0.03898357227444649,
            0.0
          ],
          [
            0.022850090637803078,
            0.9994365572929382,
            -0.024586111307144165,
            0.0
          ],
          [
            -0.03842363506555557,
            0.02545231021940708,
            0.9989373087882996,
            0.0
          ],
          [
            0.0,
            0.0,
            0.0,
            1.0
          ]
        ],
        "rotation_mode": "QUATERNION"
      },
      "armature_space": {
        "head": {
          "x": 0.6148595213890076,
          "y": -0.22013455629348755,
          "z": 0.5254261493682861
        },
        "tail": {
          "x": 0.6934158205986023,
          "y": -0.29224690794944763,
          "z": 0.5739849805831909
        }
      },
      "world_space": {
        "head": {
          "x": 0.6148595213890076,
          "y": -0.15689055621623993,
          "z": 1.4752801656723022
        },
        "tail": {
          "x": 0.6934158205986023,
          "y": -0.2290029078722,
          "z": 1.523838996887207
        },
        "rotation_quaternion": {
          "w": 0.3099775016307831,
          "x": 0.8747637867927551,
          "y": 0.31014981865882874,
          "z": -0.20617836713790894
        },
        "matrix": [
          [
            0.7225949764251709,
            0.6704372763633728,
            -0.16843442618846893,
            0.6148595213890076
          ],
          [
            0.41479527950286865,
            -0.6154414415359497,
            -0.6702067255973816,
            -0.15689055621623993
          ],
          [
            -0.5529965758323669,
            0.4144245386123657,
            -0.722814679145813,
            1.4752801656723022
          ],
          [
            0.0,
            0.0,
            0.0,
            1.0
          ]
        ]
      },
      "bone_length_armature_space": 0.11717185372965257,
      "parent": "lowerarm_l",
      "has_children": true,
      "is_end_bone": false
    },
    "index_01_l": {
      "name": "index_01_l",
      "local": {
        "location": {
          "x": 0.0,
          "y": 0.0,
          "z": 0.0
        },
        "rotation_quaternion": {
          "w": 0.9480928778648376,
          "x": 0.3178069293498993,
          "y": -0.009723885916173458,
          "z": 0.004928595386445522
        },
        "scale": {
          "x": 1.0,
          "y": 1.0,
          "z": 1.0
        },
        "matrix_basis": [
          [
            0.9997622966766357,
            -0.01552616897970438,
            -0.015305610373616219,
            0.0
          ],
          [
            0.003164895810186863,
            0.797948956489563,
            -0.6027168035507202,
            0.0
          ],
          [
            0.021570976823568344,
            0.6025251150131226,
            0.7978084087371826,
            0.0
          ],
          [
            0.0,
            0.0,
            0.0,
            1.0
          ]
        ],
        "rotation_mode": "QUATERNION"
      },
      "armature_space": {
        "head": {
          "x": 0.6934158205986023,
          "y": -0.29224690794944763,
          "z": 0.5739849805831909
        },
        "tail": {
          "x": 0.7127890586853027,
          "y": -0.3125472962856293,
          "z": 0.5689212083816528
        }
      },
      "world_space": {
        "head": {
          "x": 0.6934158205986023,
          "y": -0.2290029078722,
          "z": 1.523838996887207
        },
        "tail": {
          "x": 0.7127890586853027,
          "y": -0.24930329620838165,
          "z": 1.518775224685669
        },
        "rotation_quaternion": {
          "w": 0.05818760022521019,
          "x": 0.8486589789390564,
          "y": 0.3750282824039459,
          "z": -0.3684372901916504
        },
        "matrix": [
          [
            0.44721463322639465,
            0.679420530796051,
            -0.5817101001739502,
            0.6934158205986023
          ],
          [
            0.593665361404419,
            -0.7119351029396057,
            -0.37511366605758667,
            -0.2290029078722
          ],
          [
            -0.6690039038658142,
            -0.17758668959140778,
            -0.7217414975166321,
            1.523838996887207
          ],
          [
            0.0,
            0.0,
            0.0,
            1.0
          ]
        ]
      },
      "bone_length_armature_space": 0.028514380658273955,
      "parent": "metacarpal_index_l",
      "has_children": true,
      "is_end_bone": false
    },
    "index_02_l": {
      "name": "index_02_l",
      "local": {
        "location": {
          "x": 0.0,
          "y": 0.0,
          "z": 0.0
        },
        "rotation_quaternion": {
          "w": 0.9054256677627563,
          "x": 0.4244424104690552,
          "y": 0.0012428578920662403,
          "z": -0.007190125994384289
        },
        "scale": {
          "x": 1.0,
          "y": 1.0,
          "z": 1.0
        },
        "matrix_basis": [
          [
            0.9998934864997864,
            0.014075292274355888,
            -0.003852957859635353,
            0.0
          ],
          [
            -0.011965205892920494,
            0.6395938992500305,
            -0.768619954586029,
            0.0
          ],
          [
            -0.008354219608008862,
            0.7685842514038086,
            0.6396942138671875,
            0.0
          ],
          [
            0.0,
            0.0,
            0.0,
            1.0
          ]
        ],
        "rotation_mode": "QUATERNION"
      },
      "armature_space": {
        "head": {
          "x": 0.7127890586853027,
          "y": -0.31254783272743225,
          "z": 0.5689210891723633
        },
        "tail": {
          "x": 0.7131026387214661,
          "y": -0.3321358859539032,
          "z": 0.5523589253425598
        }
      },
      "world_space": {
        "head": {
          "x": 0.7127890586853027,
          "y": -0.24930383265018463,
          "z": 1.5187751054763794
        },
        "tail": {
          "x": 0.7131026387214661,
          "y": -0.2688918709754944,
          "z": 1.5022130012512207
        },
        "rotation_quaternion": {
          "w": 0.2828441560268402,
          "x": -0.7824533581733704,
          "y": -0.19548581540584564,
          "z": 0.5191831588745117
        },
        "matrix": [
          [
            0.38446906208992004,
            0.012223631143569946,
            -0.923056960105896,
            0.7127890586853027
          ],
          [
            0.599612832069397,
            -0.7635698318481445,
            0.23963740468025208,
            -0.24930383265018463
          ],
          [
            -0.7018933296203613,
            -0.6456151008605957,
            -0.30090028047561646,
            1.5187751054763794
          ],
          [
            0.0,
            0.0,
            0.0,
            1.0
          ]
        ]
      },
      "bone_length_armature_space": 0.025653370666060254,
      "parent": "index_01_l",
      "has_children": true,
      "is_end_bone": false
    },
    "index_03_l": {
      "name": "index_03_l",
      "local": {
        "location": {
          "x": 0.0,
          "y": 0.0,
          "z": 0.0
        },
        "rotation_quaternion": {
          "w": 0.9339224100112915,
          "x": 0.35743749141693115,
          "y": -0.0011349867563694715,
          "z": -0.005112552549690008
        },
        "scale": {
          "x": 1.0,
          "y": 1.0,
          "z": 1.0
        },
        "matrix_basis": [
          [
            0.9999451637268066,
            0.008738080970942974,
            -0.0057748151011765,
            0.0
          ],
          [
            -0.01036082860082388,
            0.74442458152771,
            -0.667626142501831,
            0.0
          ],
          [
            -0.0015348567394539714,
            0.6676493883132935,
            0.7444742918014526,
            0.0
          ],
          [
            0.0,
            0.0,
            0.0,
            1.0
          ]
        ],
        "rotation_mode": "QUATERNION"
      },
      "armature_space": {
        "head": {
          "x": 0.7131027579307556,
          "y": -0.3321359157562256,
          "z": 0.5523590445518494
        },
        "tail": {
          "x": 0.6950671672821045,
          "y": -0.33997195959091187,
          "z": 0.530747652053833
        }
      },
      "world_space": {
        "head": {
          "x": 0.7131027579307556,
          "y": -0.26889193058013916,
          "z": 1.5022130012512207
        },
        "tail": {
          "x": 0.6950671672821045,
          "y": -0.27672797441482544,
          "z": 1.4806016683578491
        },
        "rotation_quaternion": {
          "w": 0.6047627329826355,
          "x": -0.6002232432365417,
          "y": -0.013044805265963078,
          "z": 0.5232819318771362
        },
        "matrix": [
          [
            0.45200812816619873,
            -0.6172629594802856,
            -0.6439526677131653,
            0.7131027579307556
          ],
          [
            0.6485850811004639,
            -0.2681857943534851,
            0.7123301029205322,
            -0.26889193058013916
          ],
          [
            -0.6123974919319153,
            -0.7396424412727356,
            0.2791280150413513,
            1.5022130012512207
          ],
          [
            0.0,
            0.0,
            0.0,
            1.0
          ]
        ]
      },
      "bone_length_armature_space": 0.029218802136486886,
      "parent": "index_02_l",
      "has_children": false,
      "is_end_bone": true
    },
    "metacarpal_pinky_l": {
      "name": "metacarpal_pinky_l",
      "local": {
        "location": {
          "x": 0.0,
          "y": 0.0,
          "z": 0.0
        },
        "rotation_quaternion": {
          "w": 0.9987752437591553,
          "x": -0.04664064198732376,
          "y": -0.002440777374431491,
          "z": 0.016334086656570435
        },
        "scale": {
          "x": 1.0,
          "y": 1.0,
          "z": 1.0
        },
        "matrix_basis": [
          [
            0.9994544982910156,
            -0.03240048512816429,
            -0.006399240810424089,
            0.0
          ],
          [
            0.032855842262506485,
            0.9951156973838806,
            0.09308730065822601,
            0.0
          ],
          [
            0.003351911436766386,
            -0.09324677288532257,
            0.9956373572349548,
            0.0
          ],
          [
            0.0,
            0.0,
            0.0,
            1.0
          ]
        ],
        "rotation_mode": "QUATERNION"
      },
      "armature_space": {
        "head": {
          "x": 0.6148595213890076,
          "y": -0.22013455629348755,
          "z": 0.5254261493682861
        },
        "tail": {
          "x": 0.7159759402275085,
          "y": -0.22193793952465057,
          "z": 0.5502341985702515
        }
      },
      "world_space": {
        "head": {
          "x": 0.6148595213890076,
          "y": -0.15689055621623993,
          "z": 1.4752801656723022
        },
        "tail": {
          "x": 0.7159759402275085,
          "y": -0.15869393944740295,
          "z": 1.5000882148742676
        },
        "rotation_quaternion": {
          "w": 0.6906886100769043,
          "x": 0.04932175576686859,
          "y": -0.11954062432050705,
          "z": -0.711496114730835
        },
        "matrix": [
          [
            -0.04103279113769531,
            0.9710524082183838,
            -0.23531538248062134,
            0.6148595213890076
          ],
          [
            -0.994636595249176,
            -0.01731838285923004,
            0.10197222232818604,
            -0.15689055621623993
          ],
          [
            0.09494493901729584,
            0.23823916912078857,
            0.9665616750717163,
            1.4752801656723022
          ],
          [
            0.0,
            0.0,
            0.0,
            1.0
          ]
        ]
      },
      "bone_length_armature_space": 0.10413079267936275,
      "parent": "lowerarm_l",
      "has_children": true,
      "is_end_bone": false
    },
    "pinky_01_l": {
      "name": "pinky_01_l",
      "local": {
        "location": {
          "x": 0.0,
          "y": 0.0,
          "z": 0.0
        },
        "rotation_quaternion": {
          "w": 0.937189519405365,
          "x": 0.3486294150352478,
          "y": -0.0027552847750484943,
          "z": 0.011220166459679604
        },
        "scale": {
          "x": 1.0,
          "y": 1.0,
          "z": 1.0
        },
        "matrix_basis": [
          [
            0.999733030796051,
            -0.022951992228627205,
            0.0026589122135192156,
            0.0
          ],
          [
            0.0191096980124712,
            0.7566632628440857,
            -0.6535254716873169,
            0.0
          ],
          [
            0.01298780832439661,
            0.6534018516540527,
            0.756899893283844,
            0.0
          ],
          [
            0.0,
            0.0,
            0.0,
            1.0
          ]
        ],
        "rotation_mode": "QUATERNION"
      },
      "armature_space": {
        "head": {
          "x": 0.7159759402275085,
          "y": -0.22193793952465057,
          "z": 0.5502341985702515
        },
        "tail": {
