{
  "metadata": {
    "armature_name": "KIM_caucasian_male",
    "export_time": "2026-01-13T21:04:06.157443",
    "blender_version": "4.4.1",
    "bone_count": 56,
    "end_bone_count": 13,
    "spaces_included": [
      "LOCAL_CHANNELS",
      "ARMATURE_SPACE",
      "WORLD_SPACE"
    ],
    "note": "LOCAL matches Transform panel; replay pose via local.matrix_basis for best fidelity."
  },
  "bones": {
    "Root": {
      "name": "Root",
      "local": {
        "location": {
          "x": 0.0,
          "y": 0.0,
          "z": 0.0
        },
        "rotation_quaternion": {
          "w": 0.9998395442962646,
          "x": 0.009882903657853603,
          "y": 0.013779982924461365,
          "z": -0.005788210779428482
        },
        "scale": {
          "x": 1.0,
          "y": 1.0,
          "z": 1.0
        },
        "matrix_basis": [
          [
            0.9995532035827637,
            0.0118469363078475,
            0.027441134676337242,
            0.0
          ],
          [
            -0.011302191764116287,
            0.9997376203536987,
            -0.019922157749533653,
            0.0
          ],
          [
            -0.02766995318233967,
            0.01960311271250248,
            0.9994248747825623,
            0.0
          ],
          [
            0.0,
            0.0,
            0.0,
            1.0
          ]
        ],
        "rotation_mode": "QUATERNION"
      },
      "armature_space": {
        "head": {
          "x": 0.0,
          "y": 0.07072800397872925,
          "z": -0.009595036506652832
        },
        "tail": {
          "x": 0.000845585367642343,
          "y": -0.00016953051090240479,
          "z": -0.0013890163972973824
        }
      },
      "world_space": {
        "head": {
          "x": 0.0,
          "y": 0.13397200405597687,
          "z": 0.9402589797973633
        },
        "tail": {
          "x": 0.000845585367642343,
          "y": 0.06307446956634521,
          "z": 0.9484649896621704
        },
        "rotation_quaternion": {
          "w": 0.057496391236782074,
          "x": 0.9982338547706604,
          "y": 0.006703391205519438,
          "z": 0.013358740136027336
        },
        "matrix": [
          [
            0.9995532035827637,
            0.0118469363078475,
            0.027441134676337242,
            0.0
          ],
          [
            0.014919267036020756,
            -0.9932984113693237,
            -0.11461105942726135,
            0.13397200405597687
          ],
          [
            0.02589964121580124,
            0.11496910452842712,
            -0.9930384755134583,
            0.9402589797973633
          ],
          [
            0.0,
            0.0,
            0.0,
            1.0
          ]
        ]
      },
      "bone_length_armature_space": 0.07137586713504311,
      "parent": null,
      "has_children": true,
      "is_end_bone": false
    },
    "spine_01": {
      "name": "spine_01",
      "local": {
        "location": {
          "x": 0.0,
          "y": 0.0,
          "z": 0.0
        },
        "rotation_quaternion": {
          "w": 0.9961718320846558,
          "x": 0.05072535574436188,
          "y": 0.0017310419352725148,
          "z": -0.07117433845996857
        },
        "scale": {
          "x": 1.0,
          "y": 1.0,
          "z": 1.0
        },
        "matrix_basis": [
          [
            0.9898624420166016,
            0.14197935163974762,
            -0.0037718568928539753,
            0.0
          ],
          [
            -0.14162813127040863,
            0.9847223162651062,
            -0.10130875557661057,
            0.0
          ],
          [
            -0.010669517330825329,
            0.10081592947244644,
            0.9948478937149048,
            0.0
          ],
          [
            0.0,
            0.0,
            0.0,
            1.0
          ]
        ],
        "rotation_mode": "QUATERNION"
      },
      "armature_space": {
        "head": {
          "x": 0.000845585367642343,
          "y": -0.00016953051090240479,
          "z": -0.0013890163972973824
        },
        "tail": {
          "x": 0.0581652894616127,
          "y": -0.03543844819068909,
          "z": 0.4819524884223938
        }
      },
      "world_space": {
        "head": {
          "x": 0.000845585367642343,
          "y": 0.06307446956634521,
          "z": 0.9484649896621704
        },
        "tail": {
          "x": 0.0581652894616127,
          "y": 0.027805551886558533,
          "z": 1.4318065643310547
        },
        "rotation_quaternion": {
          "w": 0.6794137358665466,
          "x": 0.7313638925552368,
          "y": 0.04754677414894104,
          "z": -0.035258397459983826
        },
        "matrix": [
          [
            0.9929922223091125,
            0.11745811253786087,
            0.013035234995186329,
            0.000845585367642343
          ],
          [
            0.02163868024945259,
            -0.07227218896150589,
            -0.9971502423286438,
            0.06307446956634521
          ],
          [
            -0.1161821112036705,
            0.990451455116272,
            -0.0743088349699974,
            0.9484649896621704
          ],
          [
            0.0,
            0.0,
            0.0,
            1.0
          ]
        ]
      },
      "bone_length_armature_space": 0.48800457411341724,
      "parent": "Root",
      "has_children": true,
      "is_end_bone": false
    },
    "neck_01": {
      "name": "neck_01",
      "local": {
        "location": {
          "x": 0.0,
          "y": 0.0,
          "z": 0.0
        },
        "rotation_quaternion": {
          "w": 0.997765302658081,
          "x": -0.049064867198467255,
          "y": 0.044934071600437164,
          "z": 0.0061742388643324375
        },
        "scale": {
          "x": 1.0,
          "y": 1.0,
          "z": 1.0
        },
        "matrix_basis": [
          [
            0.9958856105804443,
            -0.016730250790715218,
            0.089061439037323,
            0.0
          ],
          [
            0.00791151449084282,
            0.9951090216636658,
            0.09846530854701996,
            0.0
          ],
          [
            -0.09027319401502609,
            -0.09735557436943054,
            0.9911471605300903,
            0.0
          ],
          [
            0.0,
            0.0,
            0.0,
            1.0
          ]
        ],
        "rotation_mode": "QUATERNION"
      },
      "armature_space": {
        "head": {
          "x": 0.06721746176481247,
          "y": -0.07531172037124634,
          "z": 0.5518947839736938
        },
        "tail": {
          "x": 0.07744655013084412,
          "y": -0.11188085377216339,
          "z": 0.6471250653266907
        }
      },
      "world_space": {
        "head": {
          "x": 0.06721746176481247,
          "y": -0.012067720293998718,
          "z": 1.50174880027771
        },
        "tail": {
          "x": 0.07744655013084412,
          "y": -0.04863685369491577,
          "z": 1.5969791412353516
        },
        "rotation_quaternion": {
          "w": 0.5639804601669312,
          "x": 0.8236188292503357,
          "y": 0.059808164834976196,
          "z": -0.0011143141891807318
        },
        "matrix": [
          [
            0.9928434491157532,
            0.09977523237466812,
            0.06562618911266327,
            0.06721746176481247
          ],
          [
            0.09726180881261826,
            -0.35669776797294617,
            -0.9291432499885559,
            -0.012067720293998718
          ],
          [
            -0.0692971721291542,
            0.9288827180862427,
            -0.363852858543396,
            1.50174880027771
          ],
          [
            0.0,
            0.0,
            0.0,
            1.0
          ]
        ]
      },
      "bone_length_armature_space": 0.10252191217082454,
      "parent": "spine_01",
      "has_children": true,
      "is_end_bone": false
    },
    "head": {
      "name": "head",
      "local": {
        "location": {
          "x": 0.0,
          "y": 0.0,
          "z": 0.0
        },
        "rotation_quaternion": {
          "w": 0.9861273765563965,
          "x": -0.03265157714486122,
          "y": -0.14294618368148804,
          "z": 0.07780180871486664
        },
        "scale": {
          "x": 1.0,
          "y": 1.0,
          "z": 1.0
        },
        "matrix_basis": [
          [
            0.9470265507698059,
            -0.14411014318466187,
            -0.28700700402259827,
            0.0
          ],
          [
            0.1627798229455948,
            0.9857615232467651,
            0.04215428605675697,
            0.0
          ],
          [
            0.2768455743789673,
            -0.08664017170667648,
            0.9570005536079407,
            0.0
          ],
          [
            0.0,
            0.0,
            0.0,
            1.0
          ]
        ],
        "rotation_mode": "QUATERNION"
      },
      "armature_space": {
        "head": {
          "x": 0.07744655013084412,
          "y": -0.11188097298145294,
          "z": 0.6471249461174011
        },
        "tail": {
          "x": 0.06448199599981308,
          "y": -0.10011382400989532,
          "z": 0.8012248277664185
        }
      },
      "world_space": {
        "head": {
          "x": 0.07744655013084412,
          "y": -0.04863697290420532,
          "z": 1.5969789028167725
        },
        "tail": {
          "x": 0.06448199599981308,
          "y": -0.036869823932647705,
          "z": 1.7510788440704346
        },
        "rotation_quaternion": {
          "w": 0.7266997694969177,
          "x": 0.6788426041603088,
          "y": -0.09921514987945557,
          "z": -0.03516533598303795
        },
        "matrix": [
          [
            0.9778397083282471,
            -0.08359363675117493,
            -0.1919422149658203,
            0.07744655013084412
          ],
          [
            -0.1858116239309311,
            0.07587292790412903,
            -0.9796518087387085,
            -0.04863697290420532
          ],
          [
            0.09645634889602661,
            0.9936144948005676,
            0.05865827947854996,
            1.5969789028167725
          ],
          [
            0.0,
            0.0,
            0.0,
            1.0
          ]
        ]
      },
      "bone_length_armature_space": 0.15509132492276048,
      "parent": "neck_01",
      "has_children": false,
      "is_end_bone": true
    },
    "upperarm_l": {
      "name": "upperarm_l",
      "local": {
        "location": {
          "x": 0.0,
          "y": 0.0,
          "z": 0.0
        },
        "rotation_quaternion": {
          "w": 0.9196377992630005,
          "x": -0.23653657734394073,
          "y": 0.007729523349553347,
          "z": -0.3134598433971405
        },
        "scale": {
          "x": 1.0,
          "y": 1.0,
          "z": 1.0
        },
        "matrix_basis": [
          [
            0.8033663630485535,
            0.5728824138641357,
            0.16250616312026978,
            0.0
          ],
          [
            -0.5801956653594971,
            0.6915867328643799,
            0.4302101731300354,
            0.0
          ],
          [
            0.1340727061033249,
            -0.439901739358902,
            0.8879814147949219,
            0.0
          ],
          [
            0.0,
            0.0,
            0.0,
            1.0
          ]
        ],
        "rotation_mode": "QUATERNION"
      },
      "armature_space": {
        "head": {
          "x": 0.20831376314163208,
          "y": -0.07038870453834534,
          "z": 0.4676644802093506
        },
        "tail": {
          "x": 0.36431509256362915,
          "y": 0.07293142378330231,
          "z": 0.30355820059776306
        }
      },
      "world_space": {
        "head": {
          "x": 0.20831376314163208,
          "y": -0.007144704461097717,
          "z": 1.4175184965133667
        },
        "tail": {
          "x": 0.36431509256362915,
          "y": 0.13617542386054993,
          "z": 1.2534122467041016
        },
        "rotation_quaternion": {
          "w": 0.36908480525016785,
          "x": 0.15407852828502655,
          "y": 0.7944777607917786,
          "z": -0.45699167251586914
        },
        "matrix": [
          [
            -0.6800730228424072,
            0.5821609497070312,
            0.44563326239585876,
            0.20831376314163208
          ],
          [
            -0.09251174330711365,
            0.5348376035690308,
            -0.839875340461731,
            -0.007144704461097717
          ],
          [
            -0.7272893190383911,
            -0.6124067306518555,
            -0.3098749816417694,
            1.4175184965133667
          ],
          [
            0.0,
            0.0,
            0.0,
            1.0
          ]
        ]
      },
      "bone_length_armature_space": 0.2679700417668206,
      "parent": "spine_01",
      "has_children": true,
      "is_end_bone": false
    },
    "lowerarm_l": {
      "name": "lowerarm_l",
      "local": {
        "location": {
          "x": 0.0,
          "y": 0.0,
          "z": 0.0
        },
        "rotation_quaternion": {
          "w": 0.8533318638801575,
          "x": 0.46706992387771606,
          "y": -0.17727366089820862,
          "z": 0.14914605021476746
        },
        "scale": {
          "x": 1.0,
          "y": 1.0,
          "z": 1.0
        },
        "matrix_basis": [
          [
            0.8926590085029602,
            -0.4201405346393585,
            -0.1632232517004013,
            0.0
          ],
          [
            0.08894376456737518,
            0.5192022919654846,
            -0.8500106334686279,
            0.0
          ],
          [
            0.4418697953224182,
            0.7442519664764404,
            0.5008394718170166,
            0.0
          ],
          [
            0.0,
            0.0,
            0.0,
            1.0
          ]
        ],
        "rotation_mode": "QUATERNION"
      },
      "armature_space": {
        "head": {
          "x": 0.3643152713775635,
          "y": 0.0729314386844635,
          "z": 0.30355820059776306
        },
        "tail": {
          "x": 0.6143250465393066,
          "y": -0.02050180733203888,
          "z": 0.28526341915130615
        }
      },
      "world_space": {
        "head": {
          "x": 0.3643152713775635,
          "y": 0.13617543876171112,
          "z": 1.2534122467041016
        },
        "tail": {
          "x": 0.6143250465393066,
          "y": 0.04274219274520874,
          "z": 1.2351174354553223
        },
        "rotation_quaternion": {
          "w": 0.4915388822555542,
          "x": 0.3639764189720154,
          "y": 0.2894185781478882,
          "z": -0.7363067865371704
        },
        "matrix": [
          [
            -0.25182050466537476,
            0.9345303773880005,
            -0.2514738142490387,
            0.3643152713775635
          ],
          [
            -0.5131648182868958,
            -0.3492512106895447,
            -0.7840189933776855,
            0.13617543876171112
          ],
          [
            -0.8205234408378601,
            -0.06838539242744446,
            0.567520022392273,
            1.2534122467041016
          ],
          [
            0.0,
            0.0,
            0.0,
            1.0
          ]
        ]
      },
      "bone_length_armature_space": 0.26752450040848835,
      "parent": "upperarm_l",
      "has_children": true,
      "is_end_bone": false
    },
    "metacarpal_thumb_l": {
      "name": "metacarpal_thumb_l",
      "local": {
        "location": {
          "x": 0.0,
          "y": 0.0,
          "z": 0.0
        },
        "rotation_quaternion": {
          "w": 0.9994535446166992,
          "x": -0.03286173939704895,
          "y": 0.00015519514272455126,
          "z": -0.0035887588746845722
        },
        "scale": {
          "x": 1.0,
          "y": 1.0,
          "z": 1.0
        },
        "matrix_basis": [
          [
            0.9999741911888123,
            0.007163395639508963,
            0.0005460864049382508,
            0.0
          ],
          [
            -0.00718379532918334,
            0.9978144764900208,
            0.06568644940853119,
            0.0
          ],
          [
            -7.435495354002342e-05,
            -0.06568867713212967,
            0.997840166091919,
            0.0
          ],
          [
            0.0,
            0.0,
            0.0,
            1.0
          ]
        ],
        "rotation_mode": "QUATERNION"
      },
      "armature_space": {
        "head": {
          "x": 0.6143250465393066,
          "y": -0.02050180733203888,
          "z": 0.28526341915130615
        },
        "tail": {
          "x": 0.6427380442619324,
          "y": -0.060086704790592194,
          "z": 0.29416969418525696
        }
      },
      "world_space": {
        "head": {
          "x": 0.6143250465393066,
          "y": 0.04274219274520874,
          "z": 1.2351174354553223
        },
        "tail": {
          "x": 0.6427380442619324,
          "y": 0.003157295286655426,
          "z": 1.2440236806869507
        },
        "rotation_quaternion": {
          "w": 0.17232823371887207,
          "x": 0.9137935042381287,
          "y": 0.265945702791214,
          "z": -0.2540815472602844
        },
        "matrix": [
          [
            0.7294306755065918,
            0.5736101865768433,
            -0.3726954162120819,
            0.6143250465393066
          ],
          [
            0.3984682261943817,
            -0.7991513013839722,
            -0.45008954405784607,
            0.04274219274520874
          ],
          [
            -0.5560196042060852,
            0.1798022985458374,
            -0.8114970922470093,
            1.2351174354553223
          ],
          [
            0.0,
            0.0,
            0.0,
            1.0
          ]
        ]
      },
      "bone_length_armature_space": 0.049533668168159455,
      "parent": "lowerarm_l",
      "has_children": true,
      "is_end_bone": false
    },
    "thumb_01_l": {
      "name": "thumb_01_l",
      "local": {
        "location": {
          "x": 0.0,
          "y": 0.0,
          "z": 0.0
        },
        "rotation_quaternion": {
          "w": 0.9967012405395508,
          "x": -0.07870370894670486,
          "y": 0.007402574643492699,
          "z": -0.018376322463154793
        },
        "scale": {
          "x": 1.0,
          "y": 1.0,
          "z": 1.0
        },
        "matrix_basis": [
          [
            0.9992150068283081,
            0.035466186702251434,
            0.017648879438638687,
            0.0
          ],
          [
            -0.03779662773013115,
            0.986936092376709,
            0.15661610662937164,
            0.0
          ],
          [
            -0.011863741092383862,
            -0.15716023743152618,
            0.987501859664917,
            0.0
          ],
          [
            0.0,
            0.0,
            0.0,
            1.0
          ]
        ],
        "rotation_mode": "QUATERNION"
      },
      "armature_space": {
        "head": {
          "x": 0.6427380442619324,
          "y": -0.060086704790592194,
          "z": 0.29416969418525696
        },
        "tail": {
          "x": 0.6400681734085083,
          "y": -0.09254671633243561,
          "z": 0.28427794575691223
        }
      },
      "world_space": {
        "head": {
          "x": 0.6427380442619324,
          "y": 0.003157295286655426,
          "z": 1.2440236806869507
        },
        "tail": {
          "x": 0.6400681734085083,
          "y": -0.02930271625518799,
          "z": 1.234131932258606
        },
        "rotation_quaternion": {
          "w": 0.11848731338977814,
          "x": -0.9042340517044067,
          "y": 0.09564977884292603,
          "z": -0.3989645838737488
        },
        "matrix": [
          [
            0.6633566617965698,
            -0.07843602448701859,
            0.7441810965538025,
            0.6427380442619324
          ],
          [
            -0.26752400398254395,
            -0.9536242485046387,
            0.13795742392539978,
            0.003157295286655426
          ],
          [
            0.6988526582717896,
            -0.2906043231487274,
            -0.6535810828208923,
            1.2440236806869507
          ],
          [
            0.0,
            0.0,
            0.0,
            1.0
          ]
        ]
      },
      "bone_length_armature_space": 0.03403861442775746,
      "parent": "metacarpal_thumb_l",
      "has_children": true,
      "is_end_bone": false
    },
    "thumb_02_l": {
      "name": "thumb_02_l",
      "local": {
        "location": {
          "x": 0.0,
          "y": 0.0,
          "z": 0.0
        },
        "rotation_quaternion": {
          "w": 0.9970952272415161,
          "x": 0.07555398344993591,
          "y": 0.0069784000515937805,
          "z": 0.0066337562166154385
        },
        "scale": {
          "x": 1.0,
          "y": 1.0,
          "z": 1.0
        },
        "matrix_basis": [
          [
            0.9998145699501038,
            -0.012174481526017189,
            0.014918671920895576,
            0.0
          ],
          [
            0.014283465221524239,
            0.9884951710700989,
            -0.15057644248008728,
            0.0
          ],
          [
            -0.012913845479488373,
            0.15076161921024323,
            0.9884858131408691,
            0.0
          ],
          [
            0.0,
            0.0,
            0.0,
            1.0
          ]
        ],
        "rotation_mode": "QUATERNION"
      },
      "armature_space": {
        "head": {
          "x": 0.6400681138038635,
          "y": -0.09254670143127441,
          "z": 0.28427794575691223
        },
        "tail": {
          "x": 0.6763484477996826,
          "y": -0.10947177559137344,
          "z": 0.281044065952301
        }
      },
      "world_space": {
        "head": {
          "x": 0.6400681138038635,
          "y": -0.029302701354026794,
          "z": 1.234131932258606
        },
        "tail": {
          "x": 0.6763484477996826,
          "y": -0.046227775514125824,
          "z": 1.230898141860962
        },
        "rotation_quaternion": {
          "w": 0.4366256594657898,
          "x": -0.5511218905448914,
          "y": -0.3141014873981476,
          "z": -0.6379365921020508
        },
        "matrix": [
          [
            -0.011244463734328747,
            0.9032959938049316,
            0.42887023091316223,
            0.6400681138038635
          ],
          [
            -0.2108619660139084,
            -0.4213949143886566,
            0.8820227384567261,
            -0.029302701354026794
          ],
          [
            0.9774579405784607,
            -0.08051581680774689,
            0.1952112764120102,
            1.234131932258606
          ],
          [
            0.0,
            0.0,
            0.0,
            1.0
          ]
        ]
      },
      "bone_length_armature_space": 0.0401643967701676,
      "parent": "thumb_01_l",
      "has_children": true,
      "is_end_bone": false
    },
    "thumb_03_l": {
      "name": "thumb_03_l",
      "local": {
        "location": {
          "x": 0.0,
          "y": 0.0,
          "z": 0.0
        },
        "rotation_quaternion": {
          "w": 0.9982005953788757,
          "x": 0.05931346118450165,
          "y": 0.008033928461372852,
          "z": 0.003606959478929639
        },
        "scale": {
          "x": 1.0,
          "y": 1.0,
          "z": 1.0
        },
        "matrix_basis": [
          [
            0.9998449087142944,
            -0.00624789809808135,
            0.01646682620048523,
            0.0
          ],
          [
            0.008153978735208511,
            0.9929378032684326,
            -0.11835550516843796,
            0.0
          ],
          [
            -0.015611061826348305,
            0.1184714213013649,
            0.992834746837616,
            0.0
          ],
          [
            0.0,
            0.0,
            0.0,
            1.0
          ]
        ],
        "rotation_mode": "QUATERNION"
      },
      "armature_space": {
        "head": {
          "x": 0.6763484477996826,
          "y": -0.10947182029485703,
          "z": 0.2810441255569458
        },
        "tail": {
          "x": 0.7065705060958862,
          "y": -0.11033717542886734,
          "z": 0.27747076749801636
        }
      },
      "world_space": {
        "head": {
          "x": 0.6763484477996826,
          "y": -0.046227820217609406,
          "z": 1.230898141860962
        },
        "tail": {
          "x": 0.7065705060958862,
          "y": -0.04709317535161972,
          "z": 1.2273247241973877
        },
        "rotation_quaternion": {
          "w": 0.6417012214660645,
          "x": -0.3554750978946686,
          "y": -0.2720467746257782,
          "z": -0.6227741241455078
        },
        "matrix": [
          [
            0.07628405839204788,
            0.9926812052726746,
            0.0936187282204628,
            0.6763484477996826
          ],
          [
            -0.6058587431907654,
            -0.028423592448234558,
            0.7950648069381714,
            -0.046227820217609406
          ],
          [
            0.7919116020202637,
            -0.11737161129713058,
            0.5992612838745117,
            1.230898141860962
          ],
          [
            0.0,
            0.0,
            0.0,
            1.0
          ]
        ]
      },
      "bone_length_armature_space": 0.03044487666007863,
      "parent": "thumb_02_l",
      "has_children": false,
      "is_end_bone": true
    },
    "metacarpal_index_l": {
      "name": "metacarpal_index_l",
      "local": {
        "location": {
          "x": 0.0,
          "y": 0.0,
          "z": 0.0
        },
        "rotation_quaternion": {
          "w": 0.9992147088050842,
          "x": -0.034647874534130096,
          "y": 0.0151557931676507,
          "z": -0.011824673041701317
        },
        "scale": {
          "x": 1.0,
          "y": 1.0,
          "z": 1.0
        },
        "matrix_basis": [
          [
            0.9992609620094299,
            0.022580541670322418,
            0.031107181683182716,
            0.0
          ],
          [
            -0.024681005626916885,
            0.9973194003105164,
            0.06888290494680405,
            0.0
          ],
          [
            -0.029468383640050888,
            -0.06959975510835648,
            0.9971396327018738,
            0.0
          ],
          [
            0.0,
            0.0,
            0.0,
            1.0
          ]
        ],
        "rotation_mode": "QUATERNION"
      },
      "armature_space": {
        "head": {
          "x": 0.6143250465393066,
          "y": -0.02050180733203888,
          "z": 0.28526341915130615
        },
        "tail": {
          "x": 0.7128370404243469,
          "y": -0.08342286199331284,
          "z": 0.2933591902256012
        }
      },
      "world_space": {
        "head": {
          "x": 0.6143250465393066,
          "y": 0.04274219274520874,
          "z": 1.2351174354553223
        },
        "tail": {
          "x": 0.7128370404243469,
          "y": -0.020178861916065216,
          "z": 1.243213176727295
        },
        "rotation_quaternion": {
          "w": 0.29550930857658386,
          "x": 0.7335901260375977,
          "y": 0.3797030448913574,
          "z": -0.47994324564933777
        },
        "matrix": [
          [
            0.250959187746048,
            0.8407488465309143,
            -0.47975030541419983,
            0.6143250465393066
          ],
          [
            0.2734375596046448,
            -0.5369985699653625,
            -0.7980380654335022,
            0.04274219274520874
          ],
          [
            -0.9285813570022583,
            0.06909319013357162,
            -0.36466050148010254,
            1.2351174354553223
          ],
          [
            0.0,
            0.0,
            0.0,
            1.0
          ]
        ]
      },
      "bone_length_armature_space": 0.11717172817053824,
      "parent": "lowerarm_l",
      "has_children": true,
      "is_end_bone": false
    },
    "index_01_l": {
      "name": "index_01_l",
      "local": {
        "location": {
          "x": 0.0,
          "y": 0.0,
          "z": 0.0
        },
        "rotation_quaternion": {
          "w": 0.9956181645393372,
          "x": -0.09230802208185196,
          "y": -0.014928213320672512,
          "z": 0.0009354265639558434
        },
        "scale": {
          "x": 1.0,
          "y": 1.0,
          "z": 1.0
        },
        "matrix_basis": [
          [
            0.9995525479316711,
            0.0008933323551900685,
            -0.029898295179009438,
            0.0
          ],
          [
            0.0046186428517103195,
            0.9829567074775696,
            0.18377916514873505,
            0.0
          ],
          [
            0.02955290675163269,
            -0.1838350147008896,
            0.9825127720832825,
            0.0
          ],
          [
            0.0,
            0.0,
            0.0,
            1.0
          ]
        ],
        "rotation_mode": "QUATERNION"
      },
      "armature_space": {
        "head": {
          "x": 0.7128370404243469,
          "y": -0.08342286199331284,
          "z": 0.2933591902256012
        },
        "tail": {
          "x": 0.7408331036567688,
          "y": -0.08738072216510773,
          "z": 0.28966784477233887
        }
      },
      "world_space": {
        "head": {
          "x": 0.7128370404243469,
          "y": -0.020178861916065216,
          "z": 1.243213176727295
        },
        "tail": {
          "x": 0.7408331036567688,
          "y": -0.024136722087860107,
          "z": 1.239521861076355
        },
        "rotation_quaternion": {
          "w": 0.31334948539733887,
          "x": 0.6102045178413391,
          "y": 0.5765494704246521,
          "z": -0.4439070522785187
        },
        "matrix": [
          [
            -0.058927420526742935,
            0.9818223714828491,
            -0.18042169511318207,
            0.7128370404243469
          ],
          [
            0.42542895674705505,
            -0.13880226016044617,
            -0.8942843675613403,
            -0.020178861916065216
          ],
          [
            -0.9030774831771851,
            -0.12945562601089478,
            -0.4095202386379242,
            1.243213176727295
          ],
          [
            0.0,
            0.0,
            0.0,
            1.0
          ]
        ]
      },
      "bone_length_armature_space": 0.028514386367657487,
      "parent": "metacarpal_index_l",
      "has_children": true,
      "is_end_bone": false
    },
    "index_02_l": {
      "name": "index_02_l",
      "local": {
        "location": {
          "x": 0.0,
          "y": 0.0,
          "z": 0.0
        },
        "rotation_quaternion": {
          "w": 0.9995024800300598,
          "x": 0.03076055832207203,
          "y": -0.005805723834782839,
          "z": 0.0038674708921462297
        },
        "scale": {
          "x": 1.0,
          "y": 1.0,
          "z": 1.0
        },
        "matrix_basis": [
          [
            0.9999026656150818,
            -0.008088268339633942,
            -0.0113677391782403,
            0.0
          ],
          [
            0.007373918779194355,
            0.9980776906013489,
            -0.061535414308309555,
            0.0
          ],
          [
            0.011843602173030376,
            0.06144560128450394,
            0.9980401396751404,
            0.0
          ],
          [
            0.0,
            0.0,
            0.0,
            1.0
          ]
        ],
        "rotation_mode": "QUATERNION"
      },
      "armature_space": {
        "head": {
          "x": 0.7408334016799927,
          "y": -0.08738115429878235,
          "z": 0.28966790437698364
        },
        "tail": {
          "x": 0.7658569812774658,
          "y": -0.09133496135473251,
          "z": 0.2856331169605255
        }
      },
      "world_space": {
        "head": {
          "x": 0.7408334016799927,
          "y": -0.02413715422153473,
          "z": 1.2395219802856445
        },
        "tail": {
          "x": 0.7658569812774658,
          "y": -0.028090961277484894,
          "z": 1.2354871034622192
        },
        "rotation_quaternion": {
          "w": 0.3232846260070801,
          "x": 0.5906236171722412,
          "y": 0.5642896294593811,
          "z": -0.47773221135139465
        },
        "matrix": [
          [
            -0.0933038517832756,
            0.975452721118927,
            -0.19946396350860596,
            0.7408334016799927
          ],
          [
            0.3576774597167969,
            -0.15412501990795135,
            -0.9210389852523804,
            -0.02413715422153473
          ],
          [
            -0.929178774356842,
            -0.15728160738945007,
            -0.3345203697681427,
            1.2395219802856445
          ],
          [
            0.0,
            0.0,
            0.0,
            1.0
          ]
        ]
      },
      "bone_length_armature_space": 0.02565329731932805,
      "parent": "index_01_l",
      "has_children": true,
      "is_end_bone": false
    },
    "index_03_l": {
      "name": "index_03_l",
      "local": {
        "location": {
          "x": 0.0,
          "y": 0.0,
          "z": 0.0
        },
        "rotation_quaternion": {
          "w": 0.9998126029968262,
          "x": 0.018549714237451553,
          "y": -0.0051041338592767715,
          "z": -0.0021764326374977827
        },
        "scale": {
          "x": 1.0,
          "y": 1.0,
          "z": 1.0
        },
        "matrix_basis": [
          [
            0.999938428401947,
            0.004162689205259085,
            -0.01028709951788187,
            0.0
          ],
          [
            -0.004541410133242607,
            0.999302327632904,
            -0.03707025945186615,
            0.0
          ],
          [
            0.010125610046088696,
            0.037114694714546204,
            0.9992597103118896,
            0.0
          ],
          [
            0.0,
            0.0,
            0.0,
            1.0
          ]
        ],
        "rotation_mode": "QUATERNION"
      },
      "armature_space": {
        "head": {
          "x": 0.765856921672821,
          "y": -0.09133483469486237,
          "z": 0.2856332063674927
        },
        "tail": {
          "x": 0.7930090427398682,
          "y": -0.0981164500117302,
          "z": 0.2772364616394043
        }
      },
      "world_space": {
        "head": {
          "x": 0.765856921672821,
          "y": -0.028090834617614746,
          "z": 1.2354872226715088
        },
        "tail": {
          "x": 0.7930090427398682,
          "y": -0.034872449934482574,
          "z": 1.2270904779434204
        },
        "rotation_quaternion": {
          "w": 0.24513672292232513,
          "x": 0.5969388484954834,
          "y": 0.569084107875824,
          "z": -0.5096225738525391
        },
        "matrix": [
          [
            -0.16714632511138916,
            0.9292720556259155,
            -0.3294161260128021,
            0.765856921672821
          ],
          [
            0.429561048746109,
            -0.2320985496044159,
            -0.8727015256881714,
            -0.028090834617614746
          ],
          [
            -0.8874402642250061,
            -0.2873755693435669,
            -0.3603881597518921,
            1.2354872226715088
          ],
          [
            0.0,
            0.0,
            0.0,
            1.0
          ]
        ]
      },
      "bone_length_armature_space": 0.029218715167419272,
      "parent": "index_02_l",
      "has_children": false,
      "is_end_bone": true
    },
    "metacarpal_pinky_l": {
      "name": "metacarpal_pinky_l",
      "local": {
        "location": {
          "x": 0.0,
          "y": 0.0,
          "z": 0.0
        },
        "rotation_quaternion": {
          "w": 0.9992719888687134,
          "x": -0.03664235770702362,
          "y": 0.005825646687299013,
          "z": -0.008889760822057724
        },
        "scale": {
          "x": 1.0,
          "y": 1.0,
          "z": 1.0
        },
        "matrix_basis": [
          [
            0.9997740387916565,
            0.017339646816253662,
            0.012294294312596321,
            0.0
          ],
          [
            -0.018193509429693222,
            0.9971566200256348,
            0.07312778383493423,
            0.0
          ],
          [
            -0.010991327464580536,
            -0.0733349397778511,
            0.9972468018531799,
            0.0
          ],
          [
            0.0,
            0.0,
            0.0,
            1.0
          ]
        ],
        "rotation_mode": "QUATERNION"
      },
      "armature_space": {
        "head": {
          "x": 0.6143250465393066,
          "y": -0.02050180733203888,
          "z": 0.28526341915130615
        },
        "tail": {
          "x": 0.7125391960144043,
          "y": -0.034369274973869324,
          "z": 0.2535632252693176
        }
      },
      "world_space": {
        "head": {
          "x": 0.6143250465393066,
          "y": 0.04274219274520874,
          "z": 1.2351174354553223
        },
        "tail": {
          "x": 0.7125391960144043,
          "y": 0.028874725103378296,
          "z": 1.2034173011779785
        },
        "rotation_quaternion": {
          "w": 0.6580228209495544,
          "x": -0.20882561802864075,
          "y": 0.020466484129428864,
          "z": -0.7231728434562683
        },
        "matrix": [
          [
            -0.04679444432258606,
            0.9431809186935425,
            0.32896751165390015,
            0.6143250465393066
          ],
          [
            -0.9602759480476379,
            -0.1331735998392105,
            0.24522490799427032,
            0.04274219274520874
          ],
          [
            0.2751023471355438,
            -0.30442675948143005,
            0.9119524359703064,
            1.2351174354553223
          ],
          [
            0.0,
            0.0,
            0.0,
            1.0
          ]
        ]
      },
      "bone_length_armature_space": 0.10413082119638176,
      "parent": "lowerarm_l",
      "has_children": true,
      "is_end_bone": false
    },
    "pinky_01_l": {
      "name": "pinky_01_l",
      "local": {
        "location": {
          "x": 0.0,
          "y": 0.0,
          "z": 0.0
        },
        "rotation_quaternion": {
          "w": 0.9961733818054199,
          "x": -0.08482952415943146,
          "y": -0.019847067072987556,
          "z": 0.006970593240112066
        },
        "scale": {
          "x": 1.0,
          "y": 1.0,
          "z": 1.0
        },
        "matrix_basis": [
          [
            0.999114990234375,
            -0.010520604439079762,
            -0.04072486236691475,
            0.0
          ],
          [
            0.01725507341325283,
            0.9855107069015503,
            0.1687331348657608,
            0.0
          ],
          [
            0.038359615951776505,
            -0.16928651928901672,
            0.9848200678825378,
            0.0
          ],
          [
            0.0,
            0.0,
            0.0,
            1.0
          ]
        ],
        "rotation_mode": "QUATERNION"
      },
      "armature_space": {
        "head": {
          "x": 0.7125391960144043,
          "y": -0.034369274973869324,
          "z": 0.2535632252693176
