{
  "metadata": {
    "armature_name": "KIM_caucasian_male",
    "export_time": "2026-01-13T21:04:11.930141",
    "blender_version": "4.4.1",
    "bone_count": 56,
    "end_bone_count": 13,
    "spaces_included": [
      "LOCAL_CHANNELS",
      "ARMATURE_SPACE",
      "WORLD_SPACE"
    ],
    "note": "LOCAL matches Transform panel; replay pose via local.matrix_basis for best fidelity."
  },
  "bones": {
    "Root": {
      "name": "Root",
      "local": {
        "location": {
          "x": 0.0,
          "y": 0.0,
          "z": 0.0
        },
        "rotation_quaternion": {
          "w": 0.9996788501739502,
          "x": -9.664632671047002e-05,
          "y": 0.012217944487929344,
          "z": 0.022206006571650505
        },
        "scale": {
          "x": 1.0,
          "y": 1.0,
          "z": 1.0
        },
        "matrix_basis": [
          [
            0.9987152218818665,
            -0.044400110840797424,
            0.024423748254776,
            0.0
          ],
          [
            0.044395387172698975,
            0.9990137815475464,
            0.0007358540897257626,
            0.0
          ],
          [
            -0.024432333186268806,
            0.00034939293982461095,
            0.9997014403343201,
            0.0
          ],
          [
            0.0,
            0.0,
            0.0,
            1.0
          ]
        ],
        "rotation_mode": "QUATERNION"
      },
      "armature_space": {
        "head": {
          "x": 0.0,
          "y": 0.07072800397872925,
          "z": -0.009595036506652832
        },
        "tail": {
          "x": -0.003169096540659666,
          "y": 6.639957427978516e-05,
          "z": -3.41758131980896e-05
        }
      },
      "world_space": {
        "head": {
          "x": 0.0,
          "y": 0.13397200405597687,
          "z": 0.9402589797973633
        },
        "tail": {
          "x": -0.003169096540659666,
          "y": 0.0633103996515274,
          "z": 0.9498198628425598
        },
        "rotation_quaternion": {
          "w": 0.06744243949651718,
          "x": 0.9974011778831482,
          "y": -0.02133246324956417,
          "z": 0.013686160556972027
        },
        "matrix": [
          [
            0.9987152218818665,
            -0.044400110840797424,
            0.024423748254776,
            0.0
          ],
          [
            -0.04070798680186272,
            -0.9899928569793701,
            -0.1351187378168106,
            0.13397200405597687
          ],
          [
            0.030178794637322426,
            0.13395088911056519,
            -0.9905353784561157,
            0.9402589797973633
          ],
          [
            0.0,
            0.0,
            0.0,
            1.0
          ]
        ]
      },
      "bone_length_armature_space": 0.0713758761701494,
      "parent": null,
      "has_children": true,
      "is_end_bone": false
    },
    "spine_01": {
      "name": "spine_01",
      "local": {
        "location": {
          "x": 0.0,
          "y": 0.0,
          "z": 0.0
        },
        "rotation_quaternion": {
          "w": 0.9987303018569946,
          "x": 0.007515360601246357,
          "y": 0.04878250136971474,
          "z": -0.010082447901368141
        },
        "scale": {
          "x": 1.0,
          "y": 1.0,
          "z": 1.0
        },
        "matrix_basis": [
          [
            0.9950371980667114,
            0.020872527733445168,
            0.09728957712650299,
            0.0
          ],
          [
            -0.01940605603158474,
            0.9996837377548218,
            -0.0159953311085701,
            0.0
          ],
          [
            -0.09759267419576645,
            0.014027942903339863,
            0.9951275587081909,
            0.0
          ],
          [
            0.0,
            0.0,
            0.0,
            1.0
          ]
        ],
        "rotation_mode": "QUATERNION"
      },
      "armature_space": {
        "head": {
          "x": -0.003169096540659666,
          "y": 6.639957427978516e-05,
          "z": -3.41758131980896e-05
        },
        "tail": {
          "x": -0.007058730348944664,
          "y": 0.015995321795344353,
          "z": 0.48769494891166687
        }
      },
      "world_space": {
        "head": {
          "x": -0.003169096540659666,
          "y": 0.0633103996515274,
          "z": 0.9498198628425598
        },
        "tail": {
          "x": -0.007058730348944664,
          "y": 0.07923932373523712,
          "z": 1.4375489950180054
        },
        "rotation_quaternion": {
          "w": 0.7183469533920288,
          "x": 0.6951146721839905,
          "y": 0.01726442016661167,
          "z": 0.022253915667533875
        },
        "matrix": [
          [
            0.9984133839607239,
            -0.007970540784299374,
            0.05574177950620651,
            -0.003169096540659666
          ],
          [
            0.055973637849092484,
            0.032641150057315826,
            -0.9978985786437988,
            0.0633103996515274
          ],
          [
            0.00613440340384841,
            0.999442458152771,
            0.03303481638431549,
            0.9498198628425598
          ],
          [
            0.0,
            0.0,
            0.0,
            1.0
          ]
        ]
      },
      "bone_length_armature_space": 0.48800468054192536,
      "parent": "Root",
      "has_children": true,
      "is_end_bone": false
    },
    "neck_01": {
      "name": "neck_01",
      "local": {
        "location": {
          "x": 0.0,
          "y": 0.0,
          "z": 0.0
        },
        "rotation_quaternion": {
          "w": 0.9982961416244507,
          "x": 0.0002968378539662808,
          "y": 0.023151570931077003,
          "z": -0.05356188490986824
        },
        "scale": {
          "x": 1.0,
          "y": 1.0,
          "z": 1.0
        },
        "matrix_basis": [
          [
            0.9931902289390564,
            0.10695499181747437,
            0.04619244858622551,
            0.0
          ],
          [
            -0.10692749917507172,
            0.9942620992660522,
            -0.00307274772785604,
            0.0
          ],
          [
            -0.04625604674220085,
            -0.0018874193774536252,
            0.9989278316497803,
            0.0
          ],
          [
            0.0,
            0.0,
            0.0,
            1.0
          ]
        ],
        "rotation_mode": "QUATERNION"
      },
      "armature_space": {
        "head": {
          "x": -0.005709171295166016,
          "y": -0.016222307458519936,
          "z": 0.5620182752609253
        },
        "tail": {
          "x": 0.00663642305880785,
          "y": -0.051010727882385254,
          "z": 0.6576639413833618
        }
      },
      "world_space": {
        "head": {
          "x": -0.005709171295166016,
          "y": 0.04702169448137283,
          "z": 1.5118722915649414
        },
        "tail": {
          "x": 0.00663642305880785,
          "y": 0.012233272194862366,
          "z": 1.607517957687378
        },
        "rotation_quaternion": {
          "w": 0.5694448947906494,
          "x": 0.8183069229125977,
          "y": 0.07789737731218338,
          "z": 0.006206301972270012
        },
        "matrix": [
          [
            0.9877868890762329,
            0.12041975557804108,
            0.09887439012527466,
            -0.005709171295166016
          ],
          [
            0.13455675542354584,
            -0.3393286168575287,
            -0.9309945106506348,
            0.04702169448137283
          ],
          [
            -0.07855962961912155,
            0.9329345226287842,
            -0.3513909876346588,
            1.5118722915649414
          ],
          [
            0.0,
            0.0,
            0.0,
            1.0
          ]
        ]
      },
      "bone_length_armature_space": 0.10252190954494263,
      "parent": "spine_01",
      "has_children": true,
      "is_end_bone": false
    },
    "head": {
      "name": "head",
      "local": {
        "location": {
          "x": 0.0,
          "y": 0.0,
          "z": 0.0
        },
        "rotation_quaternion": {
          "w": 0.9840564727783203,
          "x": -0.05387457460165024,
          "y": 0.169465109705925,
          "z": 0.003476152429357171
        },
        "scale": {
          "x": 1.0,
          "y": 1.0,
          "z": 1.0
        },
        "matrix_basis": [
          [
            0.9425389766693115,
            -0.025101181119680405,
            0.3331519365310669,
            0.0
          ],
          [
            -0.011418260633945465,
            0.9941709041595459,
            0.10720942169427872,
            0.0
          ],
          [
            -0.3339010179042816,
            -0.1048530712723732,
            0.9367582201957703,
            0.0
          ],
          [
            0.0,
            0.0,
            0.0,
            1.0
          ]
        ],
        "rotation_mode": "QUATERNION"
      },
      "armature_space": {
        "head": {
          "x": 0.006636429112404585,
          "y": -0.0510108545422554,
          "z": 0.6576638221740723
        },
        "tail": {
          "x": 0.012334970757365227,
          "y": -0.03230852633714676,
          "z": 0.8115178346633911
        }
      },
      "world_space": {
        "head": {
          "x": 0.006636429112404585,
          "y": 0.012233145534992218,
          "z": 1.6075178384780884
        },
        "tail": {
          "x": 0.012334970757365227,
          "y": 0.03093547374010086,
          "z": 1.7613718509674072
        },
        "rotation_quaternion": {
          "w": 0.7240545153617859,
          "x": 0.6472074389457703,
          "y": 0.18984131515026093,
          "z": 0.14431916177272797
        },
        "matrix": [
          [
            0.8862647414207458,
            0.0367433987557888,
            0.46171945333480835,
            0.006636429112404585
          ],
          [
            0.45472294092178345,
            0.12059000134468079,
            -0.8824314475059509,
            0.012233145534992218
          ],
          [
            -0.08810243755578995,
            0.9920293688774109,
            0.09016641974449158,
            1.6075178384780884
          ],
          [
            0.0,
            0.0,
            0.0,
            1.0
          ]
        ]
      },
      "bone_length_armature_space": 0.15509128774339467,
      "parent": "neck_01",
      "has_children": false,
      "is_end_bone": true
    },
    "upperarm_l": {
      "name": "upperarm_l",
      "local": {
        "location": {
          "x": 0.0,
          "y": 0.0,
          "z": 0.0
        },
        "rotation_quaternion": {
          "w": 0.9391676187515259,
          "x": 0.31060734391212463,
          "y": 0.12523253262043,
          "z": 0.07618562132120132
        },
        "scale": {
          "x": 1.0,
          "y": 1.0,
          "z": 1.0
        },
        "matrix_basis": [
          [
            0.9570251107215881,
            -0.06530585139989853,
            0.28255629539489746,
            0.0
          ],
          [
            0.22089841961860657,
            0.7954376339912415,
            -0.5643428564071655,
            0.0
          ],
          [
            -0.18790104985237122,
            0.6025065779685974,
            0.7756797671318054,
            0.0
          ],
          [
            0.0,
            0.0,
            0.0,
            1.0
          ]
        ],
        "rotation_mode": "QUATERNION"
      },
      "armature_space": {
        "head": {
          "x": 0.14476630091667175,
          "y": -0.013202425092458725,
          "z": 0.49587348103523254
        },
        "tail": {
          "x": 0.3724672198295593,
          "y": -0.1536596417427063,
          "z": 0.5110949277877808
        }
      },
      "world_space": {
        "head": {
          "x": 0.14476630091667175,
          "y": 0.050041574984788895,
          "z": 1.4457274675369263
        },
        "tail": {
          "x": 0.3724672198295593,
          "y": -0.09041564166545868,
          "z": 1.4609489440917969
        },
        "rotation_quaternion": {
          "w": 0.3147101402282715,
          "x": 0.7030459046363831,
          "y": 0.37266623973846436,
          "z": -0.5174977779388428
        },
        "matrix": [
          [
            0.18663112819194794,
            0.8497271537780762,
            -0.49308478832244873,
            0.14476630091667175
          ],
          [
            0.198279470205307,
            -0.5241538882255554,
            -0.8282198905944824,
            0.050041574984788895
          ],
          [
            -0.9622197151184082,
            0.05680291727185249,
            -0.2663094401359558,
            1.4457274675369263
          ],
          [
            0.0,
            0.0,
            0.0,
            1.0
          ]
        ]
      },
      "bone_length_armature_space": 0.26796945416691453,
      "parent": "spine_01",
      "has_children": true,
      "is_end_bone": false
    },
    "lowerarm_l": {
      "name": "lowerarm_l",
      "local": {
        "location": {
          "x": 0.0,
          "y": 0.0,
          "z": 0.0
        },
        "rotation_quaternion": {
          "w": 0.8709684610366821,
          "x": 0.47971880435943604,
          "y": 0.07767277956008911,
          "z": -0.07246273756027222
        },
        "scale": {
          "x": 1.0,
          "y": 1.0,
          "z": 1.0
        },
        "matrix_basis": [
          [
            0.9774321913719177,
            0.20074769854545593,
            0.06577760726213455,
            0.0
          ],
          [
            -0.05170333385467529,
            0.5292380452156067,
            -0.8468966484069824,
            0.0
          ],
          [
            -0.2048245519399643,
            0.8243831396102905,
            0.527673602104187,
            0.0
          ],
          [
            0.0,
            0.0,
            0.0,
            1.0
          ]
        ],
        "rotation_mode": "QUATERNION"
      },
      "armature_space": {
        "head": {
          "x": 0.3724672198295593,
          "y": -0.15365977585315704,
          "z": 0.5110950469970703
        },
        "tail": {
          "x": 0.3544851541519165,
          "y": -0.4112338423728943,
          "z": 0.44108277559280396
        }
      },
      "world_space": {
        "head": {
          "x": 0.3724672198295593,
          "y": -0.09041577577590942,
          "z": 1.4609490633010864
        },
        "tail": {
          "x": 0.3544851541519165,
          "y": -0.34798985719680786,
          "z": 1.3909368515014648
        },
        "rotation_quaternion": {
          "w": 0.12474293261766434,
          "x": -0.7781017422676086,
          "y": -0.05510562285780907,
          "z": 0.6131559014320374
        },
        "matrix": [
          [
            0.24200671911239624,
            -0.06721654534339905,
            -0.9679434299468994,
            0.3724672198295593
          ],
          [
            0.2387290894985199,
            -0.9628056287765503,
            0.1265469789505005,
            -0.09041577577590942
          ],
          [
            -0.9404537677764893,
            -0.2617041766643524,
            -0.21696028113365173,
            1.4609490633010864
          ],
          [
            0.0,
            0.0,
            0.0,
            1.0
          ]
        ]
      },
      "bone_length_armature_space": 0.2675247338160488,
      "parent": "upperarm_l",
      "has_children": true,
      "is_end_bone": false
    },
    "metacarpal_thumb_l": {
      "name": "metacarpal_thumb_l",
      "local": {
        "location": {
          "x": 0.0,
          "y": 0.0,
          "z": 0.0
        },
        "rotation_quaternion": {
          "w": 0.9997786283493042,
          "x": 0.007347938604652882,
          "y": -0.01926591992378235,
          "z": -0.004190117120742798
        },
        "scale": {
          "x": 1.0,
          "y": 1.0,
          "z": 1.0
        },
        "matrix_basis": [
          [
            0.9992225170135498,
            0.00809524953365326,
            -0.038584887981414795,
            0.0
          ],
          [
            -0.008661508560180664,
            0.9998568892478943,
            -0.014531170949339867,
            0.0
          ],
          [
            0.03846173360943794,
            0.014854077249765396,
            0.9991496801376343,
            0.0
          ],
          [
            0.0,
            0.0,
            0.0,
            1.0
          ]
        ],
        "rotation_mode": "QUATERNION"
      },
      "armature_space": {
        "head": {
          "x": 0.3544851541519165,
          "y": -0.4112338423728943,
          "z": 0.44108277559280396
        },
        "tail": {
          "x": 0.32638683915138245,
          "y": -0.4429284632205963,
          "z": 0.415401428937912
        }
      },
      "world_space": {
        "head": {
          "x": 0.3544851541519165,
          "y": -0.34798985719680786,
          "z": 1.3909368515014648
        },
        "tail": {
          "x": 0.32638683915138245,
          "y": -0.3796844482421875,
          "z": 1.3652554750442505
        },
        "rotation_quaternion": {
          "w": 0.2658914625644684,
          "x": -0.9036857485771179,
          "y": 0.3307138979434967,
          "z": -0.05729055032134056
        },
        "matrix": [
          [
            0.7746915221214294,
            -0.5672567486763,
            0.27941444516181946,
            0.3544851541519165
          ],
          [
            -0.6281898021697998,
            -0.6398601531982422,
            0.4426701068878174,
            -0.34798985719680786
          ],
          [
            -0.0723225399851799,
            -0.5184622406959534,
            -0.8520448207855225,
            1.3909368515014648
          ],
          [
            0.0,
            0.0,
            0.0,
            1.0
          ]
        ]
      },
      "bone_length_armature_space": 0.049533785091772004,
      "parent": "lowerarm_l",
      "has_children": true,
      "is_end_bone": false
    },
    "thumb_01_l": {
      "name": "thumb_01_l",
      "local": {
        "location": {
          "x": 0.0,
          "y": 0.0,
          "z": 0.0
        },
        "rotation_quaternion": {
          "w": 0.9990662336349487,
          "x": 0.043012961745262146,
          "y": 0.00011050677858293056,
          "z": 0.004066322930157185
        },
        "scale": {
          "x": 1.0,
          "y": 1.0,
          "z": 1.0
        },
        "matrix_basis": [
          [
            0.9999669194221497,
            -0.008115545846521854,
            0.000570616393815726,
            0.0
          ],
          [
            0.008134557865560055,
            0.9962667226791382,
            -0.08594469726085663,
            0.0
          ],
          [
            0.00012900200090371072,
            0.08594649285078049,
            0.9962997436523438,
            0.0
          ],
          [
            0.0,
            0.0,
            0.0,
            1.0
          ]
        ],
        "rotation_mode": "QUATERNION"
      },
      "armature_space": {
        "head": {
          "x": 0.32638683915138245,
          "y": -0.4429284632205963,
          "z": 0.415401428937912
        },
        "tail": {
          "x": 0.3198840916156769,
          "y": -0.4451996386051178,
          "z": 0.3820668160915375
        }
      },
      "world_space": {
        "head": {
          "x": 0.32638683915138245,
          "y": -0.3796844482421875,
          "z": 1.3652554750442505
        },
        "tail": {
          "x": 0.3198840916156769,
          "y": -0.381955623626709,
          "z": 1.331920862197876
        },
        "rotation_quaternion": {
          "w": 0.23057639598846436,
          "x": -0.3735748827457428,
          "y": 0.643018901348114,
          "z": -0.6275373101234436
        },
        "matrix": [
          [
            -0.6145512461662292,
            -0.1910407841205597,
            0.7653951644897461,
            0.32638683915138245
          ],
          [
            -0.7698229551315308,
            -0.06672332435846329,
            -0.6347604990005493,
            -0.3796844482421875
          ],
          [
            0.1723354607820511,
            -0.9793186783790588,
            -0.10606406629085541,
            1.3652554750442505
          ],
          [
            0.0,
            0.0,
            0.0,
            1.0
          ]
        ]
      },
      "bone_length_armature_space": 0.03403880776949837,
      "parent": "metacarpal_thumb_l",
      "has_children": true,
      "is_end_bone": false
    },
    "thumb_02_l": {
      "name": "thumb_02_l",
      "local": {
        "location": {
          "x": 0.0,
          "y": 0.0,
          "z": 0.0
        },
        "rotation_quaternion": {
          "w": 0.9871764183044434,
          "x": 0.15935474634170532,
          "y": -0.008635040372610092,
          "z": 0.0037819112185388803
        },
        "scale": {
          "x": 1.0,
          "y": 1.0,
          "z": 1.0
        },
        "matrix_basis": [
          [
            0.9998222589492798,
            -0.01021889690309763,
            -0.015843285247683525,
            0.0
          ],
          [
            0.0047147576697170734,
            0.9491835236549377,
            -0.3146878182888031,
            0.0
          ],
          [
            0.01825394667685032,
            0.31455719470977783,
            0.9490630030632019,
            0.0
          ],
          [
            0.0,
            0.0,
            0.0,
            1.0
          ]
        ],
        "rotation_mode": "QUATERNION"
      },
      "armature_space": {
        "head": {
          "x": 0.3198840916156769,
          "y": -0.445199579000473,
          "z": 0.3820668160915375
        },
        "tail": {
          "x": 0.3235311806201935,
          "y": -0.4847553074359894,
          "z": 0.3761318624019623
        }
      },
      "world_space": {
        "head": {
          "x": 0.3198840916156769,
          "y": -0.3819555640220642,
          "z": 1.331920862197876
        },
        "tail": {
          "x": 0.3235311806201935,
          "y": -0.42151129245758057,
          "z": 1.3259859085083008
        },
        "rotation_quaternion": {
          "w": 0.05695788562297821,
          "x": -0.16094116866588593,
          "y": 0.06582687050104141,
          "z": -0.9831177592277527
        },
        "matrix": [
          [
            -0.9417072534561157,
            0.09080424904823303,
            0.32394692301750183,
            0.3198840916156769
          ],
          [
            -0.13318108022212982,
            -0.9848453998565674,
            -0.1110968291759491,
            -0.3819555640220642
          ],
          [
            0.3089517652988434,
            -0.14776620268821716,
            0.9395360946655273,
            1.331920862197876
          ],
          [
            0.0,
            0.0,
            0.0,
            1.0
          ]
        ]
      },
      "bone_length_armature_space": 0.04016441981073756,
      "parent": "thumb_01_l",
      "has_children": true,
      "is_end_bone": false
    },
    "thumb_03_l": {
      "name": "thumb_03_l",
      "local": {
        "location": {
          "x": 0.0,
          "y": 0.0,
          "z": 0.0
        },
        "rotation_quaternion": {
          "w": 0.9969172477722168,
          "x": 0.07834606617689133,
          "y": -0.001636439934372902,
          "z": 0.003930492792278528
        },
        "scale": {
          "x": 1.0,
          "y": 1.0,
          "z": 1.0
        },
        "matrix_basis": [
          [
            0.9999637603759766,
            -0.008093168959021568,
            -0.0026469130534678698,
            0.0
          ],
          [
            0.007580334786325693,
            0.9876928925514221,
            -0.15622195601463318,
            0.0
          ],
          [
            0.0038786677177995443,
            0.1561962217092514,
            0.987718403339386,
            0.0
          ],
          [
            0.0,
            0.0,
            0.0,
            1.0
          ]
        ],
        "rotation_mode": "QUATERNION"
      },
      "armature_space": {
        "head": {
          "x": 0.3235310912132263,
          "y": -0.484755277633667,
          "z": 0.3761318325996399
        },
        "tail": {
          "x": 0.3331315219402313,
          "y": -0.512863039970398,
          "z": 0.3828159272670746
        }
      },
      "world_space": {
        "head": {
          "x": 0.3235310912132263,
          "y": -0.42151129245758057,
          "z": 1.3259859085083008
        },
        "tail": {
          "x": 0.3331315219402313,
          "y": -0.4496190547943115,
          "z": 1.332669973373413
        },
        "rotation_quaternion": {
          "w": 0.16646410524845123,
          "x": 0.051706861704587936,
          "y": -0.10330892354249954,
          "z": -0.9792566299438477
        },
        "matrix": [
          [
            -0.9392320513725281,
            0.31533846259117126,
            -0.13566312193870544,
            0.3235310912132263
          ],
          [
            -0.33670574426651,
            -0.9232338666915894,
            0.1851174235343933,
            -0.42151129245758057
          ],
          [
            -0.06687488406896591,
            0.21954752504825592,
            0.9733143448829651,
            1.3259859085083008
          ],
          [
            0.0,
            0.0,
            0.0,
            1.0
          ]
        ]
      },
      "bone_length_armature_space": 0.03044489597701762,
      "parent": "thumb_02_l",
      "has_children": false,
      "is_end_bone": true
    },
    "metacarpal_index_l": {
      "name": "metacarpal_index_l",
      "local": {
        "location": {
          "x": 0.0,
          "y": 0.0,
          "z": 0.0
        },
        "rotation_quaternion": {
          "w": 0.998518168926239,
          "x": -0.052528150379657745,
          "y": -0.014221656136214733,
          "z": -0.00044753734255209565
        },
        "scale": {
          "x": 1.0,
          "y": 1.0,
          "z": 1.0
        },
        "matrix_basis": [
          [
            0.9995951056480408,
            0.002387822838500142,
            -0.02835414744913578,
            0.0
          ],
          [
            0.0006003262242302299,
            0.9944812059402466,
            0.10491335391998291,
            0.0
          ],
          [
            0.028448181226849556,
            -0.10488789528608322,
            0.9940770864486694,
            0.0
          ],
          [
            0.0,
            0.0,
            0.0,
            1.0
          ]
        ],
        "rotation_mode": "QUATERNION"
      },
      "armature_space": {
        "head": {
          "x": 0.3544851541519165,
          "y": -0.4112338423728943,
          "z": 0.44108277559280396
        },
        "tail": {
          "x": 0.3181752562522888,
          "y": -0.5178661942481995,
          "z": 0.40882784128189087
        }
      },
      "world_space": {
        "head": {
          "x": 0.3544851541519165,
          "y": -0.34798985719680786,
          "z": 1.3909368515014648
        },
        "tail": {
          "x": 0.3181752562522888,
          "y": -0.45462220907211304,
          "z": 1.3586819171905518
        },
        "rotation_quaternion": {
          "w": 0.17285935580730438,
          "x": -0.9522762298583984,
          "y": 0.12285756319761276,
          "z": 0.21953511238098145
        },
        "matrix": [
          [
            0.873420774936676,
            -0.30988621711730957,
            -0.37564152479171753,
            0.3544851541519165
          ],
          [
            -0.15809163451194763,
            -0.9100516438484192,
            0.3831624388694763,
            -0.34798985719680786
          ],
          [
            -0.46059325337409973,
            -0.2752790153026581,
            -0.8438539505004883,
            1.3909368515014648
          ],
          [
            0.0,
            0.0,
            0.0,
            1.0
          ]
        ]
      },
      "bone_length_armature_space": 0.11717187409729048,
      "parent": "lowerarm_l",
      "has_children": true,
      "is_end_bone": false
    },
    "index_01_l": {
      "name": "index_01_l",
      "local": {
        "location": {
          "x": 0.0,
          "y": 0.0,
          "z": 0.0
        },
        "rotation_quaternion": {
          "w": 0.997285008430481,
          "x": -0.07141605764627457,
          "y": -0.01794043928384781,
          "z": -0.000673302449285984
        },
        "scale": {
          "x": 1.0,
          "y": 1.0,
          "z": 1.0
        },
        "matrix_basis": [
          [
            0.9993553757667542,
            0.0039054197259247303,
            -0.035687293857336044,
            0.0
          ],
          [
            0.001219521975144744,
            0.9897986054420471,
            0.14246848225593567,
            0.0
          ],
          [
            0.03587963059544563,
            -0.14242017269134521,
            0.9891557693481445,
            0.0
          ],
          [
            0.0,
            0.0,
            0.0,
            1.0
          ]
        ],
        "rotation_mode": "QUATERNION"
      },
      "armature_space": {
        "head": {
          "x": 0.3181752562522888,
          "y": -0.5178661942481995,
          "z": 0.40882784128189087
        },
        "tail": {
          "x": 0.3215061128139496,
          "y": -0.5457542538642883,
          "z": 0.40390536189079285
        }
      },
      "world_space": {
        "head": {
          "x": 0.3181752562522888,
          "y": -0.45462220907211304,
          "z": 1.3586819171905518
        },
        "tail": {
          "x": 0.3215061128139496,
          "y": -0.4825102686882019,
          "z": 1.3537594079971313
        },
        "rotation_quaternion": {
          "w": 0.07400780916213989,
          "x": -0.9762616753578186,
          "y": -0.07419642060995102,
          "z": 0.1895551085472107
        },
        "matrix": [
          [
            0.9171275496482849,
            0.11681319773197174,
            -0.38109293580055237,
            0.3181752562522888
          ],
          [
            0.17292742431163788,
            -0.9780358672142029,
            0.11637260019779205,
            -0.45462220907211304
          ],
          [
            -0.3591309189796448,
            -0.17263205349445343,
            -0.9171899557113647,
            1.3586819171905518
          ],
          [
            0.0,
            0.0,
            0.0,
            1.0
          ]
        ]
      },
      "bone_length_armature_space": 0.028514369749839674,
      "parent": "metacarpal_index_l",
      "has_children": true,
      "is_end_bone": false
    },
    "index_02_l": {
      "name": "index_02_l",
      "local": {
        "location": {
          "x": 0.0,
          "y": 0.0,
          "z": 0.0
        },
        "rotation_quaternion": {
          "w": 0.987612247467041,
          "x": 0.15657760202884674,
          "y": -0.00821911171078682,
          "z": -0.0061756884679198265
        },
        "scale": {
          "x": 1.0,
          "y": 1.0,
          "z": 1.0
        },
        "matrix_basis": [
          [
            0.9997886419296265,
            0.009624513797461987,
            -0.01816854067146778,
            0.0
          ],
          [
            -0.01477222889661789,
            0.9508906602859497,
            -0.30917438864707947,
            0.0
          ],
          [
            0.014300641603767872,
            0.30937743186950684,
            0.9508318305015564,
            0.0
          ],
          [
            0.0,
            0.0,
            0.0,
            1.0
          ]
        ],
        "rotation_mode": "QUATERNION"
      },
      "armature_space": {
        "head": {
          "x": 0.3215058147907257,
          "y": -0.545754611492157,
          "z": 0.40390506386756897
        },
        "tail": {
          "x": 0.3221336007118225,
          "y": -0.5689534544944763,
          "z": 0.3929729163646698
        }
      },
      "world_space": {
        "head": {
          "x": 0.3215058147907257,
          "y": -0.48251062631607056,
          "z": 1.3537590503692627
        },
        "tail": {
          "x": 0.3221336007118225,
          "y": -0.5057094693183899,
          "z": 1.3428269624710083
        },
        "rotation_quaternion": {
          "w": 0.20866364240646362,
          "x": -0.946158766746521,
          "y": -0.06555917114019394,
          "z": 0.23863182961940765
        },
        "matrix": [
          [
            0.8775138258934021,
            0.024471431970596313,
            -0.47892677783966064,
            0.3215058147907257
          ],
          [
            0.22364644706249237,
            -0.9043235182762146,
            0.3635680675506592,
            -0.48251062631607056
          ],
          [
            -0.4242103099822998,
            -0.42615005373954773,
            -0.7990345358848572,
            1.3537590503692627
          ],
          [
            0.0,
            0.0,
            0.0,
            1.0
          ]
        ]
      },
      "bone_length_armature_space": 0.025653309838226626,
      "parent": "index_01_l",
      "has_children": true,
      "is_end_bone": false
    },
    "index_03_l": {
      "name": "index_03_l",
      "local": {
        "location": {
          "x": 0.0,
          "y": 0.0,
          "z": 0.0
        },
        "rotation_quaternion": {
          "w": 0.9659519195556641,
          "x": 0.2586973309516907,
          "y": -0.002481176285073161,
          "z": 0.002531602280214429
        },
        "scale": {
          "x": 1.0,
          "y": 1.0,
          "z": 1.0
        },
        "matrix_basis": [
          [
            0.9999748468399048,
            -0.0061745597049593925,
            -0.003483556443825364,
            0.0
          ],
          [
            0.0036070647183805704,
            0.8661385774612427,
            -0.4997909367084503,
            0.0
          ],
          [
            0.006103231571614742,
            0.4997658133506775,
            0.8661390542984009,
            0.0
          ],
          [
            0.0,
            0.0,
            0.0,
            1.0
          ]
        ],
        "rotation_mode": "QUATERNION"
      },
      "armature_space": {
        "head": {
          "x": 0.3221336305141449,
          "y": -0.5689535140991211,
          "z": 0.39297306537628174
        },
        "tail": {
          "x": 0.3174116909503937,
          "y": -0.5836433172225952,
          "z": 0.3681606948375702
        }
      },
      "world_space": {
        "head": {
          "x": 0.3221336305141449,
          "y": -0.5057095289230347,
          "z": 1.3428270816802979
        },
        "tail": {
          "x": 0.3174116909503937,
          "y": -0.5203993320465088,
          "z": 1.3180147409439087
        },
        "rotation_quaternion": {
          "w": 0.49755850434303284,
          "x": -0.8391451835632324,
          "y": -0.03254198655486107,
          "z": 0.21728305518627167
        },
        "matrix": [
          [
            0.9034586548805237,
            -0.161607027053833,
            -0.39704620838165283,
            0.3221336305141449
          ],
          [
            0.27083614468574524,
            -0.5027540326118469,
            0.8209059238433838,
            -0.5057095289230347
          ],
          [
            -0.332282692193985,
            -0.8491954803466797,
            -0.4104504883289337,
            1.3428270816802979
          ],
          [
            0.0,
            0.0,
            0.0,
            1.0
          ]
        ]
      },
      "bone_length_armature_space": 0.02921884309963736,
      "parent": "index_02_l",
      "has_children": false,
      "is_end_bone": true
    },
    "metacarpal_pinky_l": {
      "name": "metacarpal_pinky_l",
      "local": {
        "location": {
          "x": 0.0,
          "y": 0.0,
          "z": 0.0
        },
        "rotation_quaternion": {
          "w": 0.9997882843017578,
          "x": -0.018607111647725105,
          "y": -0.006490523926913738,
          "z": -0.005928513593971729
        },
        "scale": {
          "x": 1.0,
          "y": 1.0,
          "z": 1.0
        },
        "matrix_basis": [
          [
            0.9998454451560974,
            0.012096056714653969,
            -0.012757674790918827,
            0.0
          ],
          [
            -0.011612976901233196,
            0.9992372393608093,
            0.03728330135345459,
            0.0
          ],
          [
            0.013198924250900745,
            -0.03712938725948334,
            0.9992232918739319,
            0.0
          ],
          [
            0.0,
            0.0,
            0.0,
            1.0
          ]
        ],
        "rotation_mode": "QUATERNION"
      },
      "armature_space": {
        "head": {
          "x": 0.3544851541519165,
          "y": -0.4112338423728943,
          "z": 0.44108277559280396
        },
        "tail": {
          "x": 0.3793545067310333,
          "y": -0.5095881819725037,
          "z": 0.41760575771331787
        }
      },
      "world_space": {
        "head": {
          "x": 0.3544851541519165,
          "y": -0.34798985719680786,
          "z": 1.3909368515014648
        },
        "tail": {
          "x": 0.3793545067310333,
          "y": -0.44634419679641724,
          "z": 1.367459774017334
        },
        "rotation_quaternion": {
          "w": 0.08706973493099213,
          "x": 0.25735148787498474,
          "y": 0.14196977019309998,
          "z": -0.9518580436706543
        },
        "matrix": [
          [
            -0.8523783087730408,
            0.23882818222045898,
            -0.46520140767097473,
            0.3544851541519165
          ],
          [
            -0.09268426895141602,
            -0.9445271492004395,
            -0.315084844827652,
            -0.34798985719680786
          ],
          [
            -0.5146501064300537,
            -0.22545702755451202,
            0.8272354602813721,
            1.3909368515014648
          ],
          [
            0.0,
            0.0,
            0.0,
            1.0
          ]
        ]
      },
      "bone_length_armature_space": 0.10413083566014093,
      "parent": "lowerarm_l",
      "has_children": true,
      "is_end_bone": false
    },
    "pinky_01_l": {
      "name": "pinky_01_l",
      "local": {
        "location": {
          "x": 0.0,
          "y": 0.0,
          "z": 0.0
        },
        "rotation_quaternion": {
          "w": 0.9994015097618103,
          "x": 0.033344462513923645,
          "y": -0.0020739866886287928,
          "z": 0.008977656252682209
        },
        "scale": {
          "x": 1.0,
          "y": 1.0,
          "z": 1.0
        },
        "matrix_basis": [
          [
            0.9998301863670349,
            -0.01808287762105465,
            -0.003546780673786998,
            0.0
          ],
          [
            0.01780625432729721,
            0.9976150989532471,
            -0.066686250269413,
            0.0
          ],
          [
            0.0047442009672522545,
            0.06661177426576614,
            0.9977676868438721,
            0.0
          ],
          [
            0.0,
            0.0,
            0.0,
            1.0
          ]
        ],
        "rotation_mode": "QUATERNION"
      },
      "armature_space": {
        "head": {
          "x": 0.3793545067310333,
          "y": -0.5095881819725037,
          "z": 0.41760575771331787
