{
  "metadata": {
    "armature_name": "KIM_caucasian_male",
    "export_time": "2026-01-13T21:02:28.901640",
    "blender_version": "4.4.1",
    "bone_count": 56,
    "end_bone_count": 13,
    "spaces_included": [
      "LOCAL_CHANNELS",
      "ARMATURE_SPACE",
      "WORLD_SPACE"
    ],
    "note": "LOCAL matches Transform panel; replay pose via local.matrix_basis for best fidelity."
  },
  "bones": {
    "Root": {
      "name": "Root",
      "local": {
        "location": {
          "x": 0.0,
          "y": 0.0,
          "z": 0.0
        },
        "rotation_quaternion": {
          "w": 0.9995975494384766,
          "x": -0.013433714397251606,
          "y": -0.0020604415331035852,
          "z": -0.02490062080323696
        },
        "scale": {
          "x": 1.0,
          "y": 1.0,
          "z": 1.0
        },
        "matrix_basis": [
          [
            0.9987514019012451,
            0.04983655735850334,
            -0.003450209042057395,
            0.0
          ],
          [
            -0.049725841730833054,
            0.9983989596366882,
            0.02695922926068306,
            0.0
          ],
          [
            0.004788240417838097,
            -0.026754003018140793,
            0.9996305704116821,
            0.0
          ],
          [
            0.0,
            0.0,
            0.0,
            1.0
          ]
        ],
        "rotation_mode": "QUATERNION"
      },
      "armature_space": {
        "head": {
          "x": 0.0,
          "y": 0.07072800397872925,
          "z": -0.009595036506652832
        },
        "tail": {
          "x": 0.0035571276675909758,
          "y": 0.00036994367837905884,
          "z": 0.0018769074231386185
        }
      },
      "world_space": {
        "head": {
          "x": 0.0,
          "y": 0.13397200405597687,
          "z": 0.9402589797973633
        },
        "tail": {
          "x": 0.0035571276675909758,
          "y": 0.06361394375562668,
          "z": 0.9517309069633484
        },
        "rotation_quaternion": {
          "w": 0.08074373751878738,
          "x": 0.9964216947555542,
          "y": 0.024705246090888977,
          "z": -0.0037332659121602774
        },
        "matrix": [
          [
            0.9987514019012451,
            0.04983655735850334,
            -0.003450209042057395,
            0.0
          ],
          [
            0.04863080754876137,
            -0.9857401251792908,
            -0.1610945463180542,
            0.13397200405597687
          ],
          [
            -0.011429442092776299,
            0.16072580218315125,
            -0.9869399666786194,
            0.9402589797973633
          ],
          [
            0.0,
            0.0,
            0.0,
            1.0
          ]
        ]
      },
      "bone_length_armature_space": 0.07137587273609239,
      "parent": null,
      "has_children": true,
      "is_end_bone": false
    },
    "spine_01": {
      "name": "spine_01",
      "local": {
        "location": {
          "x": 0.0,
          "y": 0.0,
          "z": 0.0
        },
        "rotation_quaternion": {
          "w": 0.9982367753982544,
          "x": 0.04624945670366287,
          "y": -0.036015380173921585,
          "z": 0.009349293075501919
        },
        "scale": {
          "x": 1.0,
          "y": 1.0,
          "z": 1.0
        },
        "matrix_basis": [
          [
            0.9972309470176697,
            -0.0219969991594553,
            -0.07103895395994186,
            0.0
          ],
          [
            0.015334232710301876,
            0.9955471754074097,
            -0.09300925582647324,
            0.0
          ],
          [
            0.07276855409145355,
            0.09166237711906433,
            0.9931277632713318,
            0.0
          ],
          [
            0.0,
            0.0,
            0.0,
            1.0
          ]
        ],
        "rotation_mode": "QUATERNION"
      },
      "armature_space": {
        "head": {
          "x": 0.0035571276675909758,
          "y": 0.00036994367837905884,
          "z": 0.0018769074231386185
        },
        "tail": {
          "x": -0.0011573794763535261,
          "y": -0.008876018226146698,
          "z": 0.48977115750312805
        }
      },
      "world_space": {
        "head": {
          "x": 0.0035571276675909758,
          "y": 0.06361394375562668,
          "z": 0.9517309069633484
        },
        "tail": {
          "x": -0.0011573794763535261,
          "y": 0.05436798185110092,
          "z": 1.4396251440048218
        },
        "rotation_quaternion": {
          "w": 0.7002833485603333,
          "x": 0.7137585878372192,
          "y": -0.011389592662453651,
          "z": -0.00471094623208046
        },
        "matrix": [
          [
            0.9996961355209351,
            -0.009660851210355759,
            -0.022676903754472733,
            0.0035571276675909758
          ],
          [
            -0.02285689488053322,
            -0.01894659548997879,
            -0.999559223651886,
            0.06361394375562668
          ],
          [
            0.00922698900103569,
            0.9997807741165161,
            -0.019162707030773163,
            0.9517309069633484
          ],
          [
            0.0,
            0.0,
            0.0,
            1.0
          ]
        ]
      },
      "bone_length_armature_space": 0.48800461508874976,
      "parent": "Root",
      "has_children": true,
      "is_end_bone": false
    },
    "neck_01": {
      "name": "neck_01",
      "local": {
        "location": {
          "x": 0.0,
          "y": 0.0,
          "z": 0.0
        },
        "rotation_quaternion": {
          "w": 0.9942902326583862,
          "x": -0.06907597929239273,
          "y": -0.07810822874307632,
          "z": -0.022686047479510307
        },
        "scale": {
          "x": 1.0,
          "y": 1.0,
          "z": 1.0
        },
        "matrix_basis": [
          [
            0.986768901348114,
            0.0559038370847702,
            -0.15219037234783173,
            0.0
          ],
          [
            -0.03432222455739975,
            0.9894276857376099,
            0.14090707898139954,
            0.0
          ],
          [
            0.1584586203098297,
            -0.13381920754909515,
            0.9782552123069763,
            0.0
          ],
          [
            0.0,
            0.0,
            0.0,
            1.0
          ]
        ],
        "rotation_mode": "QUATERNION"
      },
      "armature_space": {
        "head": {
          "x": -0.002651177579537034,
          "y": -0.0449284166097641,
          "z": 0.5623090267181396
        },
        "tail": {
          "x": 0.001559198135510087,
          "y": -0.07277974486351013,
          "z": 0.6608855724334717
        }
      },
      "world_space": {
        "head": {
          "x": -0.002651177579537034,
          "y": 0.01831558346748352,
          "z": 1.5121630430221558
        },
        "tail": {
          "x": 0.001559198135510087,
          "y": -0.009535744786262512,
          "z": 1.6107395887374878
        },
        "rotation_quaternion": {
          "w": 0.6023775935173035,
          "x": 0.7931910753250122,
          "y": -0.03618191182613373,
          "z": -0.08173168450593948
        },
        "matrix": [
          [
            0.9840216040611267,
            0.04106828570365906,
            -0.17324762046337128,
            -0.002651177579537034
          ],
          [
            -0.15586470067501068,
            -0.27166375517845154,
            -0.9496868848800659,
            0.01831558346748352
          ],
          [
            -0.08606785535812378,
            0.9615219831466675,
            -0.26092463731765747,
            1.5121630430221558
          ],
          [
            0.0,
            0.0,
            0.0,
            1.0
          ]
        ]
      },
      "bone_length_armature_space": 0.10252199146178126,
      "parent": "spine_01",
      "has_children": true,
      "is_end_bone": false
    },
    "head": {
      "name": "head",
      "local": {
        "location": {
          "x": 0.0,
          "y": 0.0,
          "z": 0.0
        },
        "rotation_quaternion": {
          "w": 0.9660841822624207,
          "x": 0.10867644101381302,
          "y": -0.06843085587024689,
          "z": -0.22402676939964294
        },
        "scale": {
          "x": 1.0,
          "y": 1.0,
          "z": 1.0
        },
        "matrix_basis": [
          [
            0.8902584314346313,
            0.4179838001728058,
            -0.1809127926826477,
            0.0
          ],
          [
            -0.447731077671051,
            0.876002848148346,
            -0.17932049930095673,
            0.0
          ],
          [
            0.08352707326412201,
            0.24064186215400696,
            0.9670132994651794,
            0.0
          ],
          [
            0.0,
            0.0,
            0.0,
            1.0
          ]
        ],
        "rotation_mode": "QUATERNION"
      },
      "armature_space": {
        "head": {
          "x": 0.0015591683331876993,
          "y": -0.07277987897396088,
          "z": 0.6608853936195374
        },
        "tail": {
          "x": 0.07336530834436417,
          "y": -0.10752271860837936,
          "z": 0.7938892841339111
        }
      },
      "world_space": {
        "head": {
          "x": 0.0015591683331876993,
          "y": -0.009535878896713257,
          "z": 1.6107394695281982
        },
        "tail": {
          "x": 0.07336530834436417,
          "y": -0.044278718531131744,
          "z": 1.7437433004379272
        },
        "rotation_quaternion": {
          "w": 0.6190937757492065,
          "x": 0.7251656651496887,
          "y": 0.06866497546434402,
          "z": -0.2935011088848114
        },
        "matrix": [
          [
            0.8182852864265442,
            0.4629959464073181,
            -0.3406519889831543,
            0.0015591683331876993
          ],
          [
            -0.263820081949234,
            -0.2240169644355774,
            -0.9381980895996094,
            -0.009535878896713257
          ],
          [
            -0.5106975436210632,
            0.8575902581214905,
            -0.06116349995136261,
            1.6107394695281982
          ],
          [
            0.0,
            0.0,
            0.0,
            1.0
          ]
        ]
      },
      "bone_length_armature_space": 0.15509100947256507,
      "parent": "neck_01",
      "has_children": false,
      "is_end_bone": true
    },
    "upperarm_l": {
      "name": "upperarm_l",
      "local": {
        "location": {
          "x": 0.0,
          "y": 0.0,
          "z": 0.0
        },
        "rotation_quaternion": {
          "w": 0.9627246856689453,
          "x": -0.12163273245096207,
          "y": -0.20569632947444916,
          "z": 0.12671101093292236
        },
        "scale": {
          "x": 1.0,
          "y": 1.0,
          "z": 1.0
        },
        "matrix_basis": [
          [
            0.8832666873931885,
            -0.19393682479858398,
            -0.426882266998291,
            0.0
          ],
          [
            0.29401445388793945,
            0.9382995963096619,
            0.18206968903541565,
            0.0
          ],
          [
            0.365233451128006,
            -0.2863256335258484,
            0.8857889771461487,
            0.0
          ],
          [
            0.0,
            0.0,
            0.0,
            1.0
          ]
        ],
        "rotation_mode": "QUATERNION"
      },
      "armature_space": {
        "head": {
          "x": 0.1478802114725113,
          "y": -0.05027130991220474,
          "z": 0.4964389204978943
        },
        "tail": {
          "x": 0.3986799120903015,
          "y": 0.028320491313934326,
          "z": 0.548693060874939
        }
      },
      "world_space": {
        "head": {
          "x": 0.1478802114725113,
          "y": 0.012972690165042877,
          "z": 1.4462928771972656
        },
        "tail": {
          "x": 0.3986799120903015,
          "y": 0.09156449139118195,
          "z": 1.498547077178955
        },
        "rotation_quaternion": {
          "w": 0.7013608813285828,
          "x": 0.3904208242893219,
          "y": 0.39336565136909485,
          "z": -0.44825002551078796
        },
        "matrix": [
          [
            0.28867030143737793,
            0.9359265565872192,
            0.2017693966627121,
            0.1478802114725113
          ],
          [
            -0.3216154873371124,
            0.29328644275665283,
            -0.9003036618232727,
            0.012972690165042877
          ],
          [
            -0.9018009901046753,
            0.19500035047531128,
            0.3856734037399292,
            1.4462928771972656
          ],
          [
            0.0,
            0.0,
            0.0,
            1.0
          ]
        ]
      },
      "bone_length_armature_space": 0.2679695221831426,
      "parent": "spine_01",
      "has_children": true,
      "is_end_bone": false
    },
    "lowerarm_l": {
      "name": "lowerarm_l",
      "local": {
        "location": {
          "x": 0.0,
          "y": 0.0,
          "z": 0.0
        },
        "rotation_quaternion": {
          "w": 0.9526678323745728,
          "x": 0.2666752338409424,
          "y": 0.11239243298768997,
          "z": -0.09314636886119843
        },
        "scale": {
          "x": 1.0,
          "y": 1.0,
          "z": 1.0
        },
        "matrix_basis": [
          [
            0.957383394241333,
            0.23741964995861053,
            0.16446565091609955,
            0.0
          ],
          [
            -0.11753053963184357,
            0.8404161334037781,
            -0.5290437340736389,
            0.0
          ],
          [
            -0.2638249695301056,
            0.48716795444488525,
            0.8325045108795166,
            0.0
          ],
          [
            0.0,
            0.0,
            0.0,
            1.0
          ]
        ],
        "rotation_mode": "QUATERNION"
      },
      "armature_space": {
        "head": {
          "x": 0.3986799716949463,
          "y": 0.02832050621509552,
          "z": 0.5486931800842285
        },
        "tail": {
          "x": 0.6365127563476562,
          "y": -0.06636130809783936,
          "z": 0.6264127492904663
        }
      },
      "world_space": {
        "head": {
          "x": 0.3986799716949463,
          "y": 0.09156450629234314,
          "z": 1.4985471963882446
        },
        "tail": {
          "x": 0.6365127563476562,
          "y": -0.003117308020591736,
          "z": 1.5762667655944824
        },
        "rotation_quaternion": {
          "w": 0.49427828192710876,
          "x": 0.6083439588546753,
          "y": 0.28058645129203796,
          "z": -0.55396568775177
        },
        "matrix": [
          [
            0.22878749668598175,
            0.8890130519866943,
            -0.3966253995895386,
            0.3986799716949463
          ],
          [
            -0.2062397450208664,
            -0.35391831398010254,
            -0.9122538566589355,
            0.09156450629234314
          ],
          [
            -0.9513856172561646,
            0.29051387310028076,
            0.10237771272659302,
            1.4985471963882446
          ],
          [
            0.0,
            0.0,
            0.0,
            1.0
          ]
        ]
      },
      "bone_length_armature_space": 0.2675245946744887,
      "parent": "upperarm_l",
      "has_children": true,
      "is_end_bone": false
    },
    "metacarpal_thumb_l": {
      "name": "metacarpal_thumb_l",
      "local": {
        "location": {
          "x": 0.0,
          "y": 0.0,
          "z": 0.0
        },
        "rotation_quaternion": {
          "w": 0.9998326897621155,
          "x": -0.016087280586361885,
          "y": -0.00024039161507971585,
          "z": 0.008705071173608303
        },
        "scale": {
          "x": 1.0,
          "y": 1.0,
          "z": 1.0
        },
        "matrix_basis": [
          [
            0.9998483061790466,
            -0.017399495467543602,
            -0.0007607846637256444,
            0.0
          ],
          [
            0.017414964735507965,
            0.9993308186531067,
            0.03216499462723732,
            0.0
          ],
          [
            0.00020062093972228467,
            -0.032173361629247665,
            0.999482274055481,
            0.0
          ],
          [
            0.0,
            0.0,
            0.0,
            1.0
          ]
        ],
        "rotation_mode": "QUATERNION"
      },
      "armature_space": {
        "head": {
          "x": 0.6365127563476562,
          "y": -0.06636130809783936,
          "z": 0.6264127492904663
        },
        "tail": {
          "x": 0.6608508229255676,
          "y": -0.1088840663433075,
          "z": 0.6336967945098877
        }
      },
      "world_space": {
        "head": {
          "x": 0.6365127563476562,
          "y": -0.003117308020591736,
          "z": 1.5762667655944824
        },
        "tail": {
          "x": 0.6608508229255676,
          "y": -0.045640066266059875,
          "z": 1.5835508108139038
        },
        "rotation_quaternion": {
          "w": 0.06821246445178986,
          "x": 0.9634883403778076,
          "y": 0.2571306526660919,
          "z": 0.030349811539053917
        },
        "matrix": [
          [
            0.8659251928329468,
            0.49134403467178345,
            0.0935625284910202,
            0.6365127563476562
          ],
          [
            0.49962520599365234,
            -0.8584616184234619,
            -0.11583636701107025,
            -0.003117308020591736
          ],
          [
            0.023404864594340324,
            0.14705204963684082,
            -0.9888589382171631,
            1.5762667655944824
          ],
          [
            0.0,
            0.0,
            0.0,
            1.0
          ]
        ]
      },
      "bone_length_armature_space": 0.049533663320817795,
      "parent": "lowerarm_l",
      "has_children": true,
      "is_end_bone": false
    },
    "thumb_01_l": {
      "name": "thumb_01_l",
      "local": {
        "location": {
          "x": 0.0,
          "y": 0.0,
          "z": 0.0
        },
        "rotation_quaternion": {
          "w": 0.9959481954574585,
          "x": -0.08600742369890213,
          "y": 0.023920288309454918,
          "z": -0.010858691297471523
        },
        "scale": {
          "x": 1.0,
          "y": 1.0,
          "z": 1.0
        },
        "matrix_basis": [
          [
            0.998619794845581,
            0.01751474291086197,
            0.049514591693878174,
            0.0
          ],
          [
            -0.025744032114744186,
            0.9849696159362793,
            0.1707983911037445,
            0.0
          ],
          [
            -0.04577887803316116,
            -0.17183735966682434,
            0.984061062335968,
            0.0
          ],
          [
            0.0,
            0.0,
            0.0,
            1.0
          ]
        ],
        "rotation_mode": "QUATERNION"
      },
      "armature_space": {
        "head": {
          "x": 0.6608508229255676,
          "y": -0.1088840663433075,
          "z": 0.6336967945098877
        },
        "tail": {
          "x": 0.665399968624115,
          "y": -0.1355496644973755,
          "z": 0.6130356788635254
        }
      },
      "world_space": {
        "head": {
          "x": 0.6608508229255676,
          "y": -0.045640066266059875,
          "z": 1.5835508108139038
        },
        "tail": {
          "x": 0.665399968624115,
          "y": -0.07230566442012787,
          "z": 1.5628896951675415
        },
        "rotation_quaternion": {
          "w": 0.29439854621887207,
          "x": -0.7342256307601929,
          "y": 0.14708212018013,
          "z": -0.5938090682029724
        },
        "matrix": [
          [
            0.25151652097702026,
            0.1336471140384674,
            0.9585809111595154,
            0.6608508229255676
          ],
          [
            -0.5656150579452515,
            -0.7833936810493469,
            0.2576307952404022,
            -0.045640066266059875
          ],
          [
            0.7853830456733704,
            -0.6069915890693665,
            -0.12144449353218079,
            1.5835508108139038
          ],
          [
            0.0,
            0.0,
            0.0,
            1.0
          ]
        ]
      },
      "bone_length_armature_space": 0.03403866292361241,
      "parent": "metacarpal_thumb_l",
      "has_children": true,
      "is_end_bone": false
    },
    "thumb_02_l": {
      "name": "thumb_02_l",
      "local": {
        "location": {
          "x": 0.0,
          "y": 0.0,
          "z": 0.0
        },
        "rotation_quaternion": {
          "w": 0.9956543445587158,
          "x": 0.0923357605934143,
          "y": -0.010472486726939678,
          "z": 0.006082383915781975
        },
        "scale": {
          "x": 1.0,
          "y": 1.0,
          "z": 1.0
        },
        "matrix_basis": [
          [
            0.9997066855430603,
            -0.014045873656868935,
            -0.019730711355805397,
            0.0
          ],
          [
            0.010177933610975742,
            0.9828742146492004,
            -0.18399639427661896,
            0.0
          ],
          [
            0.021977197378873825,
            0.18374161422252655,
            0.9827288389205933,
            0.0
          ],
          [
            0.0,
            0.0,
            0.0,
            1.0
          ]
        ],
        "rotation_mode": "QUATERNION"
      },
      "armature_space": {
        "head": {
          "x": 0.6653999090194702,
          "y": -0.1355496495962143,
          "z": 0.6130356192588806
        },
        "tail": {
          "x": 0.6999191045761108,
          "y": -0.15368904173374176,
          "z": 0.6226568222045898
        }
      },
      "world_space": {
        "head": {
          "x": 0.6653999090194702,
          "y": -0.07230564951896667,
          "z": 1.562889575958252
        },
        "tail": {
          "x": 0.6999191045761108,
          "y": -0.09044504165649414,
          "z": 1.572510838508606
        },
        "rotation_quaternion": {
          "w": 0.424875944852829,
          "x": -0.2940640151500702,
          "y": -0.30604788661003113,
          "z": -0.7995883822441101
        },
        "matrix": [
          [
            -0.4660130739212036,
            0.8594474196434021,
            0.21019379794597626,
            0.6653999090194702
          ],
          [
            -0.4994570016860962,
            -0.45162853598594666,
            0.7393064498901367,
            -0.07230564951896667
          ],
          [
            0.7303296327590942,
            0.2395448386669159,
            0.6397272348403931,
            1.562889575958252
          ],
          [
            0.0,
            0.0,
            0.0,
            1.0
          ]
        ]
      },
      "bone_length_armature_space": 0.04016441138706143,
      "parent": "thumb_01_l",
      "has_children": true,
      "is_end_bone": false
    },
    "thumb_03_l": {
      "name": "thumb_03_l",
      "local": {
        "location": {
          "x": 0.0,
          "y": 0.0,
          "z": 0.0
        },
        "rotation_quaternion": {
          "w": 0.9990773797035217,
          "x": 0.04291032254695892,
          "y": -0.0017183201853185892,
          "z": -0.00032138029928319156
        },
        "scale": {
          "x": 1.0,
          "y": 1.0,
          "z": 1.0
        },
        "matrix_basis": [
          [
            0.9999938607215881,
            0.0004947002162225544,
            -0.0034610508009791374,
            0.0
          ],
          [
            -0.000789634941611439,
            0.9963172078132629,
            -0.0857403576374054,
            0.0
          ],
          [
            0.0034058885648846626,
            0.08574257045984268,
            0.9963114857673645,
            0.0
          ],
          [
            0.0,
            0.0,
            0.0,
            1.0
          ]
        ],
        "rotation_mode": "QUATERNION"
      },
      "armature_space": {
        "head": {
          "x": 0.6999190449714661,
          "y": -0.15368908643722534,
          "z": 0.6226567625999451
        },
        "tail": {
          "x": 0.7282551527023315,
          "y": -0.15672896802425385,
          "z": 0.6333673000335693
        }
      },
      "world_space": {
        "head": {
          "x": 0.6999190449714661,
          "y": -0.09044508635997772,
          "z": 1.5725107192993164
        },
        "tail": {
          "x": 0.7282551527023315,
          "y": -0.09348496794700623,
          "z": 1.5832213163375854
        },
        "rotation_quaternion": {
          "w": 0.5924083590507507,
          "x": -0.09401737153530121,
          "y": -0.31484419107437134,
          "z": -0.735585629940033
        },
        "matrix": [
          [
            -0.28042489290237427,
            0.9307352304458618,
            -0.23471954464912415,
            0.6999190449714661
          ],
          [
            -0.8123334646224976,
            -0.09984882920980453,
            0.5745818614959717,
            -0.09044508635997772
          ],
          [
            0.5113502740859985,
            0.3517999053001404,
            0.7840739488601685,
            1.5725107192993164
          ],
          [
            0.0,
            0.0,
            0.0,
            1.0
          ]
        ]
      },
      "bone_length_armature_space": 0.030444892496758105,
      "parent": "thumb_02_l",
      "has_children": false,
      "is_end_bone": true
    },
    "metacarpal_index_l": {
      "name": "metacarpal_index_l",
      "local": {
        "location": {
          "x": 0.0,
          "y": 0.0,
          "z": 0.0
        },
        "rotation_quaternion": {
          "w": 0.9998654127120972,
          "x": -0.011710560880601406,
          "y": 0.004843133967369795,
          "z": 0.010420119389891624
        },
        "scale": {
          "x": 1.0,
          "y": 1.0,
          "z": 1.0
        },
        "matrix_basis": [
          [
            0.999735951423645,
            -0.020950865000486374,
            0.009440913796424866,
            0.0
          ],
          [
            0.02072400227189064,
            0.9995085597038269,
            0.02351890131831169,
            0.0
          ],
          [
            -0.009929015301167965,
            -0.023317037150263786,
            0.9996787905693054,
            0.0
          ],
          [
            0.0,
            0.0,
            0.0,
            1.0
          ]
        ],
        "rotation_mode": "QUATERNION"
      },
      "armature_space": {
        "head": {
          "x": 0.6365127563476562,
          "y": -0.06636130809783936,
          "z": 0.6264127492904663
        },
        "tail": {
          "x": 0.7217460870742798,
          "y": -0.1392594277858734,
          "z": 0.6603297591209412
        }
      },
      "world_space": {
        "head": {
          "x": 0.6365127563476562,
          "y": -0.003117308020591736,
          "z": 1.5762667655944824
        },
        "tail": {
          "x": 0.7217460870742798,
          "y": -0.0760154277086258,
          "z": 1.6101837158203125
        },
        "rotation_quaternion": {
          "w": 0.25332358479499817,
          "x": 0.8740361332893372,
          "y": 0.353203684091568,
          "z": -0.21710672974586487
        },
        "matrix": [
          [
            0.6562234163284302,
            0.7274223566055298,
            -0.20056726038455963,
            0.6365127563476562
          ],
          [
            0.5074295997619629,
            -0.6221477389335632,
            -0.5961942076683044,
            -0.003117308020591736
          ],
          [
            -0.5584710240364075,
            0.2894642651081085,
            -0.7773895859718323,
            1.5762667655944824
          ],
          [
            0.0,
            0.0,
            0.0,
            1.0
          ]
        ]
      },
      "bone_length_armature_space": 0.11717175536881477,
      "parent": "lowerarm_l",
      "has_children": true,
      "is_end_bone": false
    },
    "index_01_l": {
      "name": "index_01_l",
      "local": {
        "location": {
          "x": 0.0,
          "y": 0.0,
          "z": 0.0
        },
        "rotation_quaternion": {
          "w": 0.9927365779876709,
          "x": -0.11869725584983826,
          "y": -0.01696348749101162,
          "z": -0.009864251129329205
        },
        "scale": {
          "x": 1.0,
          "y": 1.0,
          "z": 1.0
        },
        "matrix_basis": [
          [
            0.9992298483848572,
            0.023612244054675102,
            -0.031338829547166824,
            0.0
          ],
          [
            -0.015558167360723019,
            0.9716272950172424,
            0.23600487411022186,
            0.0
          ],
          [
            0.03602226823568344,
            -0.2353355437517166,
            0.9712464213371277,
            0.0
          ],
          [
            0.0,
            0.0,
            0.0,
            1.0
          ]
        ],
        "rotation_mode": "QUATERNION"
      },
      "armature_space": {
        "head": {
          "x": 0.7217460870742798,
          "y": -0.1392594277858734,
          "z": 0.6603297591209412
        },
        "tail": {
          "x": 0.7482123970985413,
          "y": -0.14349587261676788,
          "z": 0.6700589060783386
        }
      },
      "world_space": {
        "head": {
          "x": 0.7217460870742798,
          "y": -0.0760154277086258,
          "z": 1.6101837158203125
        },
        "tail": {
          "x": 0.7482123970985413,
          "y": -0.08025187253952026,
          "z": 1.61991286277771
        },
        "rotation_quaternion": {
          "w": 0.3587997853755951,
          "x": 0.7378628253936768,
          "y": 0.5449544787406921,
          "z": -0.17275933921337128
        },
        "matrix": [
          [
            0.34635642170906067,
            0.9281752705574036,
            0.1361161470413208,
            0.7217460870742798
          ],
          [
            0.6802326440811157,
            -0.1485724300146103,
            -0.7177813053131104,
            -0.0760154277086258
          ],
          [
            -0.6460077166557312,
            0.34120094776153564,
            -0.682839572429657,
            1.6101837158203125
          ],
          [
            0.0,
            0.0,
            0.0,
            1.0
          ]
        ]
      },
      "bone_length_armature_space": 0.02851437083430409,
      "parent": "metacarpal_index_l",
      "has_children": true,
      "is_end_bone": false
    },
    "index_02_l": {
      "name": "index_02_l",
      "local": {
        "location": {
          "x": 0.0,
          "y": 0.0,
          "z": 0.0
        },
        "rotation_quaternion": {
          "w": 0.9986112117767334,
          "x": 0.051489606499671936,
          "y": 0.00816031638532877,
          "z": 0.007609985768795013
        },
        "scale": {
          "x": 1.0,
          "y": 1.0,
          "z": 1.0
        },
        "matrix_basis": [
          [
            0.9997509717941284,
            -0.014358491636812687,
            0.01708163693547249,
            0.0
          ],
          [
            0.016039177775382996,
            0.9945818185806274,
            -0.1027119979262352,
            0.0
          ],
          [
            -0.015514296479523182,
            0.10296039283275604,
            0.9945644736289978,
            0.0
          ],
          [
            0.0,
            0.0,
            0.0,
            1.0
          ]
        ],
        "rotation_mode": "QUATERNION"
      },
      "armature_space": {
        "head": {
          "x": 0.7482127547264099,
          "y": -0.1434963196516037,
          "z": 0.6700589060783386
        },
        "tail": {
          "x": 0.7722916603088379,
          "y": -0.1483657956123352,
          "z": 0.6774470806121826
        }
      },
      "world_space": {
        "head": {
          "x": 0.7482127547264099,
          "y": -0.08025231957435608,
          "z": 1.61991286277771
        },
        "tail": {
          "x": 0.7722916603088379,
          "y": -0.08512179553508759,
          "z": 1.6273010969161987
        },
        "rotation_quaternion": {
          "w": 0.3464221954345703,
          "x": 0.7417269945144653,
          "y": 0.5339299440383911,
          "z": -0.21154579520225525
        },
        "matrix": [
          [
            0.34033331274986267,
            0.9386287927627563,
            0.05611420422792435,
            0.7482127547264099
          ],
          [
            0.6454932689666748,
            -0.1898188292980194,
            -0.739802360534668,
            -0.08025231957435608
          ],
          [
            -0.6837524771690369,
            0.2880024015903473,
            -0.6704856157302856,
            1.61991286277771
          ],
          [
            0.0,
            0.0,
            0.0,
            1.0
          ]
        ]
      },
      "bone_length_armature_space": 0.025653277040017807,
      "parent": "index_01_l",
      "has_children": true,
      "is_end_bone": false
    },
    "index_03_l": {
      "name": "index_03_l",
      "local": {
        "location": {
          "x": 0.0,
          "y": 0.0,
          "z": 0.0
        },
        "rotation_quaternion": {
          "w": 0.9995482563972473,
          "x": 0.029943138360977173,
          "y": 0.00019550978322513402,
          "z": 0.0026140466798096895
        },
        "scale": {
          "x": 1.0,
          "y": 1.0,
          "z": 1.0
        },
        "matrix_basis": [
          [
            0.9999862313270569,
            -0.005214023403823376,
            0.0005473884521052241,
            0.0
          ],
          [
            0.00523744011297822,
            0.9981931447982788,
            -0.05985820293426514,
            0.0
          ],
          [
            -0.00023429740394931287,
            0.059860244393348694,
            0.9982067346572876,
            0.0
          ],
          [
            0.0,
            0.0,
            0.0,
            1.0
          ]
        ],
        "rotation_mode": "QUATERNION"
      },
      "armature_space": {
        "head": {
          "x": 0.7722916603088379,
          "y": -0.14836570620536804,
          "z": 0.6774472594261169
        },
        "tail": {
          "x": 0.8004364371299744,
          "y": -0.15533606708049774,
          "z": 0.6810552477836609
        }
      },
      "world_space": {
        "head": {
          "x": 0.7722916603088379,
          "y": -0.08512170612812042,
          "z": 1.6273012161254883
        },
        "tail": {
          "x": 0.8004364371299744,
          "y": -0.09209206700325012,
          "z": 1.6309092044830322
        },
        "rotation_quaternion": {
          "w": 0.261490136384964,
          "x": 0.749401330947876,
          "y": 0.5588762760162354,
          "z": -0.24016208946704865
        },
        "matrix": [
          [
            0.25995802879333496,
            0.9632455706596375,
            -0.06767183542251587,
            0.7722916603088379
          ],
          [
            0.7120456099510193,
            -0.23855812847614288,
            -0.6603645086288452,
            -0.08512170612812042
          ],
          [
            -0.6522407531738281,
            0.1234821230173111,
            -0.7478955984115601,
            1.6273012161254883
          ],
          [
            0.0,
            0.0,
            0.0,
            1.0
          ]
        ]
      },
      "bone_length_armature_space": 0.029218691837627146,
      "parent": "index_02_l",
      "has_children": false,
      "is_end_bone": true
    },
    "metacarpal_pinky_l": {
      "name": "metacarpal_pinky_l",
      "local": {
        "location": {
          "x": 0.0,
          "y": 0.0,
          "z": 0.0
        },
        "rotation_quaternion": {
          "w": 0.9999771118164062,
          "x": -0.0019022265914827585,
          "y": 0.006453916896134615,
          "z": -0.0007230574265122414
        },
        "scale": {
          "x": 1.0,
          "y": 1.0,
          "z": 1.0
        },
        "matrix_basis": [
          [
            0.9999156594276428,
            0.0014215281698852777,
            0.012910288758575916,
            0.0
          ],
          [
            -0.00147063541226089,
            0.9999917149543762,
            0.003795033087953925,
            0.0
          ],
          [
            -0.012904787436127663,
            -0.003813699120655656,
            0.9999094605445862,
            0.0
          ],
          [
            0.0,
            0.0,
            0.0,
            1.0
          ]
        ],
        "rotation_mode": "QUATERNION"
      },
      "armature_space": {
        "head": {
          "x": 0.6365127563476562,
          "y": -0.06636130809783936,
          "z": 0.6264127492904663
        },
        "tail": {
          "x": 0.7374721765518188,
          "y": -0.07286226749420166,
          "z": 0.6510735154151917
        }
      },
      "world_space": {
        "head": {
          "x": 0.6365127563476562,
          "y": -0.003117308020591736,
          "z": 1.5762667655944824
        },
        "tail": {
          "x": 0.7374721765518188,
          "y": -0.00961826741695404,
          "z": 1.6009275913238525
        },
        "rotation_quaternion": {
          "w": 0.6824202537536621,
          "x": 0.11491984874010086,
          "y": -0.055560752749443054,
          "z": -0.719728410243988
        },
        "matrix": [
          [
            -0.04219142347574234,
            0.9695444703102112,
            -0.2412528395652771,
            0.6365127563476562
          ],
          [
            -0.9950846433639526,
            -0.06243075430393219,
            -0.0768711119890213,
            -0.003117308020591736
          ],
          [
            -0.08959300816059113,
            0.23682521283626556,
            0.9674198031425476,
            1.5762667655944824
          ],
          [
            0.0,
            0.0,
            0.0,
            1.0
          ]
        ]
      },
      "bone_length_armature_space": 0.10413078723798273,
      "parent": "lowerarm_l",
      "has_children": true,
      "is_end_bone": false
    },
    "pinky_01_l": {
      "name": "pinky_01_l",
      "local": {
        "location": {
          "x": 0.0,
          "y": 0.0,
          "z": 0.0
        },
        "rotation_quaternion": {
          "w": 0.995309591293335,
          "x": -0.09373340755701065,
          "y": -0.009806201793253422,
          "z": 0.021834850311279297
        },
        "scale": {
          "x": 1.0,
          "y": 1.0,
          "z": 1.0
        },
        "matrix_basis": [
          [
            0.9988541603088379,
            -0.04162653535604477,
            -0.02361372299492359,
            0.0
          ],
          [
            0.045303210616111755,
            0.9814745783805847,
            0.18615928292274475,
            0.0
          ],
          [
            0.015427103266119957,
            -0.18701575696468353,
            0.9822357892990112,
            0.0
          ],
          [
            0.0,
            0.0,
            0.0,
            1.0
          ]
        ],
        "rotation_mode": "QUATERNION"
      },
      "armature_space": {
        "head": {
          "x": 0.7374721765518188,
          "y": -0.07286226749420166,
          "z": 0.6510735154151917
