{
  "metadata": {
    "armature_name": "KIM_caucasian_male",
    "export_time": "2026-01-13T21:01:21.554261",
    "blender_version": "4.4.1",
    "bone_count": 56,
    "end_bone_count": 13,
    "spaces_included": [
      "LOCAL_CHANNELS",
      "ARMATURE_SPACE",
      "WORLD_SPACE"
    ],
    "note": "LOCAL matches Transform panel; replay pose via local.matrix_basis for best fidelity."
  },
  "bones": {
    "Root": {
      "name": "Root",
      "local": {
        "location": {
          "x": 0.0,
          "y": 0.0,
          "z": 0.0
        },
        "rotation_quaternion": {
          "w": 0.9997612237930298,
          "x": 0.010076061822474003,
          "y": -0.012647688388824463,
          "z": 0.014699169434607029
        },
        "scale": {
          "x": 1.0,
          "y": 1.0,
          "z": 1.0
        },
        "matrix_basis": [
          [
            0.9992479681968689,
            -0.029646197333931923,
            -0.02499311789870262,
            0.0
          ],
          [
            0.02913644164800644,
            0.9993647933006287,
            -0.020519133657217026,
            0.0
          ],
          [
            0.025585556402802467,
            0.01977549120783806,
            0.9994770288467407,
            0.0
          ],
          [
            0.0,
            0.0,
            0.0,
            1.0
          ]
        ],
        "rotation_mode": "QUATERNION"
      },
      "armature_space": {
        "head": {
          "x": 0.0,
          "y": 0.07072800397872925,
          "z": -0.009595036506652832
        },
        "tail": {
          "x": -0.0021160230971872807,
          "y": -0.00014481693506240845,
          "z": -0.0014047855511307716
        }
      },
      "world_space": {
        "head": {
          "x": 0.0,
          "y": 0.13397200405597687,
          "z": 0.9402589797973633
        },
        "tail": {
          "x": -0.0021160230971872807,
          "y": 0.06309918314218521,
          "z": 0.9484492540359497
        },
        "rotation_quaternion": {
          "w": 0.05729839950799942,
          "x": 0.9981687664985657,
          "y": -0.015517826192080975,
          "z": -0.011628706008195877
        },
        "matrix": [
          [
            0.9992479681968689,
            -0.029646197333931923,
            -0.02499311789870262,
            0.0
          ],
          [
            -0.03231143578886986,
            -0.9929521679878235,
            -0.1140265017747879,
            0.13397200405597687
          ],
          [
            -0.021436698734760284,
            0.11474817991256714,
            -0.9931703805923462,
            0.9402589797973633
          ],
          [
            0.0,
            0.0,
            0.0,
            1.0
          ]
        ]
      },
      "bone_length_armature_space": 0.07137586629166028,
      "parent": null,
      "has_children": true,
      "is_end_bone": false
    },
    "spine_01": {
      "name": "spine_01",
      "local": {
        "location": {
          "x": 0.0,
          "y": 0.0,
          "z": 0.0
        },
        "rotation_quaternion": {
          "w": 0.9922698736190796,
          "x": 0.09242960810661316,
          "y": -0.03427530825138092,
          "z": -0.07538197189569473
        },
        "scale": {
          "x": 1.0,
          "y": 1.0,
          "z": 1.0
        },
        "matrix_basis": [
          [
            0.9862855076789856,
            0.14326241612434387,
            -0.08195576071739197,
            0.0
          ],
          [
            -0.1559346318244934,
            0.9715486764907837,
            -0.17826275527477264,
            0.0
          ],
          [
            0.054085660725831985,
            0.18859770894050598,
            0.9805639386177063,
            0.0
          ],
          [
            0.0,
            0.0,
            0.0,
            1.0
          ]
        ],
        "rotation_mode": "QUATERNION"
      },
      "armature_space": {
        "head": {
          "x": -0.0021160230971872807,
          "y": -0.00014481693506240845,
          "z": -0.0014047855511307716
        },
        "tail": {
          "x": 0.07539059966802597,
          "y": -0.08192123472690582,
          "z": 0.4734148383140564
        }
      },
      "world_space": {
        "head": {
          "x": -0.0021160230971872807,
          "y": 0.06309918314218521,
          "z": 0.9484492540359497
        },
        "tail": {
          "x": 0.07539059966802597,
          "y": -0.018677234649658203,
          "z": 1.4232687950134277
        },
        "rotation_quaternion": {
          "w": 0.644745945930481,
          "x": 0.7579436302185059,
          "y": 0.022701386362314224,
          "z": -0.09648128598928452
        },
        "matrix": [
          [
            0.9803521633148193,
            0.15882465243339539,
            -0.11698047816753387,
            -0.0021160230971872807
          ],
          [
            -0.08999812602996826,
            -0.1675742119550705,
            -0.9817430377006531,
            0.06309918314218521
          ],
          [
            -0.17552921175956726,
            0.9729886054992676,
            -0.1499897837638855,
            0.9484492540359497
          ],
          [
            0.0,
            0.0,
            0.0,
            1.0
          ]
        ]
      },
      "bone_length_armature_space": 0.48800444100040585,
      "parent": "Root",
      "has_children": true,
      "is_end_bone": false
    },
    "neck_01": {
      "name": "neck_01",
      "local": {
        "location": {
          "x": 0.0,
          "y": 0.0,
          "z": 0.0
        },
        "rotation_quaternion": {
          "w": 0.9888713359832764,
          "x": 0.009133530780673027,
          "y": -0.03399280831217766,
          "z": 0.14454977214336395
        },
        "scale": {
          "x": 1.0,
          "y": 1.0,
          "z": 1.0
        },
        "matrix_basis": [
          [
            0.955899715423584,
            -0.2865031957626343,
            -0.0645885244011879,
            0.0
          ],
          [
            0.2852613031864166,
            0.9580438733100891,
            -0.02789107896387577,
            0.0
          ],
          [
            0.0698695257306099,
            0.008236467838287354,
            0.9975221157073975,
            0.0
          ],
          [
            0.0,
            0.0,
            0.0,
            1.0
          ]
        ],
        "rotation_mode": "QUATERNION"
      },
      "armature_space": {
        "head": {
          "x": 0.08296256512403488,
          "y": -0.12823805212974548,
          "z": 0.5394538640975952
        },
        "tail": {
          "x": 0.0640970915555954,
          "y": -0.17812202870845795,
          "z": 0.6270118951797485
        }
      },
      "world_space": {
        "head": {
          "x": 0.08296256512403488,
          "y": -0.06499405205249786,
          "z": 1.4893078804016113
        },
        "tail": {
          "x": 0.0640970915555954,
          "y": -0.11487802863121033,
          "z": 1.5768659114837646
        },
        "rotation_quaternion": {
          "w": 0.4869977831840515,
          "x": 0.8601859211921692,
          "y": -0.13981103897094727,
          "z": -0.05802086368203163
        },
        "matrix": [
          [
            0.9541727304458618,
            -0.18401509523391724,
            -0.23599335551261902,
            0.08296256512403488
          ],
          [
            -0.29703962802886963,
            -0.48657166957855225,
            -0.8215934634208679,
            -0.06499405205249786
          ],
          [
            0.03635787591338158,
            0.8540468215942383,
            -0.5189376473426819,
            1.4893078804016113
          ],
          [
            0.0,
            0.0,
            0.0,
            1.0
          ]
        ]
      },
      "bone_length_armature_space": 0.10252183247172994,
      "parent": "spine_01",
      "has_children": true,
      "is_end_bone": false
    },
    "head": {
      "name": "head",
      "local": {
        "location": {
          "x": 0.0,
          "y": 0.0,
          "z": 0.0
        },
        "rotation_quaternion": {
          "w": 0.9858313798904419,
          "x": 0.03664124011993408,
          "y": -0.034841157495975494,
          "z": -0.1599375307559967
        },
        "scale": {
          "x": 1.0,
          "y": 1.0,
          "z": 1.0
        },
        "matrix_basis": [
          [
            0.9464121460914612,
            0.3127896189689636,
            -0.08041562885046005,
            0.0
          ],
          [
            -0.31789612770080566,
            0.9461548328399658,
            -0.061099350452423096,
            0.0
          ],
          [
            0.056974392384290695,
            0.08338898420333862,
            0.9948870539665222,
            0.0
          ],
          [
            0.0,
            0.0,
            0.0,
            1.0
          ]
        ],
        "rotation_mode": "QUATERNION"
      },
      "armature_space": {
        "head": {
          "x": 0.06409706920385361,
          "y": -0.1781221330165863,
          "z": 0.627011775970459
        },
        "tail": {
          "x": 0.09385090321302414,
          "y": -0.22780482470989227,
          "z": 0.7708853483200073
        }
      },
      "world_space": {
        "head": {
          "x": 0.06409706920385361,
          "y": -0.11487813293933868,
          "z": 1.576865792274475
        },
        "tail": {
          "x": 0.09385090321302414,
          "y": -0.16456082463264465,
          "z": 1.7207393646240234
        },
        "rotation_quaternion": {
          "w": 0.5821473598480225,
          "x": 0.7859702706336975,
          "y": -0.030511757358908653,
          "z": -0.20597141981124878
        },
        "matrix": [
          [
            0.9132902026176453,
            0.19184857606887817,
            -0.35929834842681885,
            0.06409706920385361
          ],
          [
            -0.2877730131149292,
            -0.3203470706939697,
            -0.9025324583053589,
            -0.11487813293933868
          ],
          [
            -0.288252055644989,
            0.9276765584945679,
            -0.2373635470867157,
            1.576865792274475
          ],
          [
            0.0,
            0.0,
            0.0,
            1.0
          ]
        ]
      },
      "bone_length_armature_space": 0.15509115340500626,
      "parent": "neck_01",
      "has_children": false,
      "is_end_bone": true
    },
    "upperarm_l": {
      "name": "upperarm_l",
      "local": {
        "location": {
          "x": 0.0,
          "y": 0.0,
          "z": 0.0
        },
        "rotation_quaternion": {
          "w": 0.9244856238365173,
          "x": 0.1464412808418274,
          "y": 0.3519139289855957,
          "z": -0.006149853579699993
        },
        "scale": {
          "x": 1.0,
          "y": 1.0,
          "z": 1.0
        },
        "matrix_basis": [
          [
            0.7522375583648682,
            0.11444035917520523,
            0.6488775610923767,
            0.0
          ],
          [
            0.0916985496878624,
            0.9570342898368835,
            -0.2750941514968872,
            0.0
          ],
          [
            -0.6524799466133118,
            0.266437292098999,
            0.7094230651855469,
            0.0
          ],
          [
            0.0,
            0.0,
            0.0,
            1.0
          ]
        ],
        "rotation_mode": "QUATERNION"
      },
      "armature_space": {
        "head": {
          "x": 0.21896807849407196,
          "y": -0.13360638916492462,
          "z": 0.4472537636756897
        },
        "tail": {
          "x": 0.45902103185653687,
          "y": -0.20991641283035278,
          "z": 0.3558255732059479
        }
      },
      "world_space": {
        "head": {
          "x": 0.21896807849407196,
          "y": -0.070362389087677,
          "z": 1.3971078395843506
        },
        "tail": {
          "x": 0.45902103185653687,
          "y": -0.14667241275310516,
          "z": 1.3056795597076416
        },
        "rotation_quaternion": {
          "w": 0.07631678134202957,
          "x": 0.7064744234085083,
          "y": 0.5931178331375122,
          "z": -0.37852463126182556
        },
        "matrix": [
          [
            0.009858757257461548,
            0.8958222270011902,
            -0.44430333375930786,
            0.21896807849407196
          ],
          [
            0.7802689075469971,
            -0.2847713530063629,
            -0.5568538904190063,
            -0.070362389087677
          ],
          [
            -0.6253705024719238,
            -0.34118884801864624,
            -0.7017949819564819,
            1.3971078395843506
          ],
          [
            0.0,
            0.0,
            0.0,
            1.0
          ]
        ]
      },
      "bone_length_armature_space": 0.2679696881372362,
      "parent": "spine_01",
      "has_children": true,
      "is_end_bone": false
    },
    "lowerarm_l": {
      "name": "lowerarm_l",
      "local": {
        "location": {
          "x": 0.0,
          "y": 0.0,
          "z": 0.0
        },
        "rotation_quaternion": {
          "w": 0.8927754163742065,
          "x": 0.44361838698387146,
          "y": -0.07761619985103607,
          "z": 0.011422774754464626
        },
        "scale": {
          "x": 1.0,
          "y": 1.0,
          "z": 1.0
        },
        "matrix_basis": [
          [
            0.9876905083656311,
            -0.08925989270210266,
            -0.12845297157764435,
            0.0
          ],
          [
            -0.04846800118684769,
            0.6061444878578186,
            -0.7938763499259949,
            0.0
          ],
          [
            0.14872238039970398,
            0.7903299927711487,
            0.594356894493103,
            0.0
          ],
          [
            0.0,
            0.0,
            0.0,
            1.0
          ]
        ],
        "rotation_mode": "QUATERNION"
      },
      "armature_space": {
        "head": {
          "x": 0.45902109146118164,
          "y": -0.20991656184196472,
          "z": 0.35582560300827026
        },
        "tail": {
          "x": 0.47847965359687805,
          "y": -0.4219367504119873,
          "z": 0.19384221732616425
        }
      },
      "world_space": {
        "head": {
          "x": 0.45902109146118164,
          "y": -0.1466725617647171,
          "z": 1.3056795597076416
        },
        "tail": {
          "x": 0.47847965359687805,
          "y": -0.3586927652359009,
          "z": 1.1436961889266968
        },
        "rotation_quaternion": {
          "w": 0.18552696704864502,
          "x": -0.6337383985519409,
          "y": -0.2632814049720764,
          "z": 0.7033053040504456
        },
        "matrix": [
          [
            -0.12791214883327484,
            0.07273563742637634,
            -0.9891146421432495,
            0.45902109146118164
          ],
          [
            0.5946668386459351,
            -0.7925262451171875,
            -0.13518166542053223,
            -0.1466725617647171
          ],
          [
            -0.7937368154525757,
            -0.60548996925354,
            0.058120518922805786,
            1.3056795597076416
          ],
          [
            0.0,
            0.0,
            0.0,
            1.0
          ]
        ]
      },
      "bone_length_armature_space": 0.26752534912766285,
      "parent": "upperarm_l",
      "has_children": true,
      "is_end_bone": false
    },
    "metacarpal_thumb_l": {
      "name": "metacarpal_thumb_l",
      "local": {
        "location": {
          "x": 0.0,
          "y": 0.0,
          "z": 0.0
        },
        "rotation_quaternion": {
          "w": 0.9993228316307068,
          "x": -0.03294587507843971,
          "y": 0.01631414331495762,
          "z": 0.001487588626332581
        },
        "scale": {
          "x": 1.0,
          "y": 1.0,
          "z": 1.0
        },
        "matrix_basis": [
          [
            0.9994632601737976,
            -0.0040481300093233585,
            0.03250817209482193,
            0.0
          ],
          [
            0.0018981951288878918,
            0.9978247284889221,
            0.06589566916227341,
            0.0
          ],
          [
            -0.03270421177148819,
            -0.06579859554767609,
            0.9972968101501465,
            0.0
          ],
          [
            0.0,
            0.0,
            0.0,
            1.0
          ]
        ],
        "rotation_mode": "QUATERNION"
      },
      "armature_space": {
        "head": {
          "x": 0.47847965359687805,
          "y": -0.4219367504119873,
          "z": 0.19384221732616425
        },
        "tail": {
          "x": 0.45153239369392395,
          "y": -0.4537179172039032,
          "z": 0.16705793142318726
        }
      },
      "world_space": {
        "head": {
          "x": 0.47847965359687805,
          "y": -0.3586927652359009,
          "z": 1.1436961889266968
        },
        "tail": {
          "x": 0.45153239369392395,
          "y": -0.3904739022254944,
          "z": 1.1169118881225586
        },
        "rotation_quaternion": {
          "w": 0.34370627999305725,
          "x": -0.89366215467453,
          "y": 0.2471076399087906,
          "z": 0.14890211820602417
        },
        "matrix": [
          [
            0.8335317373275757,
            -0.5440189242362976,
            -0.09626999497413635,
            0.47847965359687805
          ],
          [
            -0.3393057882785797,
            -0.6416075825691223,
            0.6879038214683533,
            -0.3586927652359009
          ],
          [
            -0.4360036551952362,
            -0.5407289862632751,
            -0.7193936109542847,
            1.1436961889266968
          ],
          [
            0.0,
            0.0,
            0.0,
            1.0
          ]
        ]
      },
      "bone_length_armature_space": 0.04953378039133059,
      "parent": "lowerarm_l",
      "has_children": true,
      "is_end_bone": false
    },
    "thumb_01_l": {
      "name": "thumb_01_l",
      "local": {
        "location": {
          "x": 0.0,
          "y": 0.0,
          "z": 0.0
        },
        "rotation_quaternion": {
          "w": 0.965875506401062,
          "x": 0.25828051567077637,
          "y": -0.017969615757465363,
          "z": 0.007263557054102421
        },
        "scale": {
          "x": 1.0,
          "y": 1.0,
          "z": 1.0
        },
        "matrix_basis": [
          [
            0.9992486834526062,
            -0.02331378683447838,
            -0.030960753560066223,
            0.0
          ],
          [
            0.004748980514705181,
            0.866476833820343,
            -0.4991946816444397,
            0.0
          ],
          [
            0.03846489265561104,
            0.49867260456085205,
            0.8659365177154541,
            0.0
          ],
          [
            0.0,
            0.0,
            0.0,
            1.0
          ]
        ],
        "rotation_mode": "QUATERNION"
      },
      "armature_space": {
        "head": {
          "x": 0.45153239369392395,
          "y": -0.4537179172039032,
          "z": 0.16705793142318726
        },
        "tail": {
          "x": 0.4492628574371338,
          "y": -0.45481929183006287,
          "z": 0.13311271369457245
        }
      },
      "world_space": {
        "head": {
          "x": 0.45153239369392395,
          "y": -0.3904739022254944,
          "z": 1.1169118881225586
        },
        "tail": {
          "x": 0.4492628574371338,
          "y": -0.39157527685165405,
          "z": 1.082966685295105
        },
        "rotation_quaternion": {
          "w": 0.3862767815589905,
          "x": -0.4379536807537079,
          "y": 0.5784568190574646,
          "z": -0.5695388913154602
        },
        "matrix": [
          [
            -0.317973256111145,
            -0.06667545437812805,
            0.9457520842552185,
            0.45153239369392395
          ],
          [
            -0.946674108505249,
            -0.03235656023025513,
            -0.3205644190311432,
            -0.3904739022254944
          ],
          [
            0.05197472870349884,
            -0.9972571134567261,
            -0.05283209681510925,
            1.1169118881225586
          ],
          [
            0.0,
            0.0,
            0.0,
            1.0
          ]
        ]
      },
      "bone_length_armature_space": 0.034038825314084795,
      "parent": "metacarpal_thumb_l",
      "has_children": true,
      "is_end_bone": false
    },
    "thumb_02_l": {
      "name": "thumb_02_l",
      "local": {
        "location": {
          "x": 0.0,
          "y": 0.0,
          "z": 0.0
        },
        "rotation_quaternion": {
          "w": 0.8912115097045898,
          "x": 0.45352935791015625,
          "y": -0.002674323506653309,
          "z": 0.006788932718336582
        },
        "scale": {
          "x": 1.0,
          "y": 1.0,
          "z": 1.0
        },
        "matrix_basis": [
          [
            0.9998935461044312,
            -0.014526518061757088,
            0.0013911848654970527,
            0.0
          ],
          [
            0.009674981236457825,
            0.5885300636291504,
            -0.8084174990653992,
            0.0
          ],
          [
            0.01092473603785038,
            0.808344841003418,
            0.5886079668998718,
            0.0
          ],
          [
            0.0,
            0.0,
            0.0,
            1.0
          ]
        ],
        "rotation_mode": "QUATERNION"
      },
      "armature_space": {
        "head": {
          "x": 0.4492628276348114,
          "y": -0.4548192322254181,
          "z": 0.13311272859573364
        },
        "tail": {
          "x": 0.4696466326713562,
          "y": -0.48541516065597534,
          "z": 0.1492859423160553
        }
      },
      "world_space": {
        "head": {
          "x": 0.4492628276348114,
          "y": -0.3915752172470093,
          "z": 1.0829668045043945
        },
        "tail": {
          "x": 0.4696466326713562,
          "y": -0.4221711754798889,
          "z": 1.099139928817749
        },
        "rotation_quaternion": {
          "w": 0.26281023025512695,
          "x": -0.03236165642738342,
          "y": -0.22371242940425873,
          "z": -0.937995970249176
        },
        "matrix": [
          [
            -0.8597667813301086,
            0.5075092315673828,
            -0.056878432631492615,
            0.4492628276348114
          ],
          [
            -0.47855082154273987,
            -0.7617669105529785,
            0.4366928040981293,
            -0.3915752172470093
          ],
          [
            0.1782984733581543,
            0.40267544984817505,
            0.8978176116943359,
            1.0829668045043945
          ],
          [
            0.0,
            0.0,
            0.0,
            1.0
          ]
        ]
      },
      "bone_length_armature_space": 0.04016445169388284,
      "parent": "thumb_01_l",
      "has_children": true,
      "is_end_bone": false
    },
    "thumb_03_l": {
      "name": "thumb_03_l",
      "local": {
        "location": {
          "x": 0.0,
          "y": 0.0,
          "z": 0.0
        },
        "rotation_quaternion": {
          "w": 0.9903059601783752,
          "x": 0.13881297409534454,
          "y": -0.002270145108923316,
          "z": 0.0044785295613110065
        },
        "scale": {
          "x": 1.0,
          "y": 1.0,
          "z": 1.0
        },
        "matrix_basis": [
          [
            0.99994957447052,
            -0.009500480256974697,
            -0.003252920461818576,
            0.0
          ],
          [
            0.00823997799307108,
            0.9614217877388,
            -0.27495497465133667,
            0.0
          ],
          [
            0.005739632528275251,
            0.27491429448127747,
            0.9614515900611877,
            0.0
          ],
          [
            0.0,
            0.0,
            0.0,
            1.0
          ]
        ],
        "rotation_mode": "QUATERNION"
      },
      "armature_space": {
        "head": {
          "x": 0.4696465730667114,
          "y": -0.48541516065597534,
          "z": 0.14928588271141052
        },
        "tail": {
          "x": 0.4835110902786255,
          "y": -0.49766242504119873,
          "z": 0.1734660118818283
        }
      },
      "world_space": {
        "head": {
          "x": 0.4696465730667114,
          "y": -0.4221711754798889,
          "z": 1.099139928817749
        },
        "tail": {
          "x": 0.4835110902786255,
          "y": -0.4344184398651123,
          "z": 1.1233199834823608
        },
        "rotation_quaternion": {
          "w": 0.37805792689323425,
          "x": 0.20148564875125885,
          "y": -0.39488422870635986,
          "z": -0.8127375841140747
        },
        "matrix": [
          [
            -0.6329502463340759,
            0.45539718866348267,
            -0.6260887384414673,
            0.4696465730667114
          ],
          [
            -0.7736517190933228,
            -0.402276873588562,
            0.48952701687812805,
            -0.4221711754798889
          ],
          [
            -0.02893260307610035,
            0.7942262291908264,
            0.6069449186325073,
            1.099139928817749
          ],
          [
            0.0,
            0.0,
            0.0,
            1.0
          ]
        ]
      },
      "bone_length_armature_space": 0.030445015709651933,
      "parent": "thumb_02_l",
      "has_children": false,
      "is_end_bone": true
    },
    "metacarpal_index_l": {
      "name": "metacarpal_index_l",
      "local": {
        "location": {
          "x": 0.0,
          "y": 0.0,
          "z": 0.0
        },
        "rotation_quaternion": {
          "w": 0.999519944190979,
          "x": -0.026737723499536514,
          "y": -0.006568928714841604,
          "z": 0.014208067208528519
        },
        "scale": {
          "x": 1.0,
          "y": 1.0,
          "z": 1.0
        },
        "matrix_basis": [
          [
            0.9995099306106567,
            -0.028051216155290604,
            -0.01389133371412754,
            0.0
          ],
          [
            0.028753768652677536,
            0.9981664419174194,
            0.053263112902641296,
            0.0
          ],
          [
            0.012371768243610859,
            -0.05363643914461136,
            0.9984838962554932,
            0.0
          ],
          [
            0.0,
            0.0,
            0.0,
            1.0
          ]
        ],
        "rotation_mode": "QUATERNION"
      },
      "armature_space": {
        "head": {
          "x": 0.47847965359687805,
          "y": -0.4219367504119873,
          "z": 0.19384221732616425
        },
        "tail": {
          "x": 0.45229998230934143,
          "y": -0.5159612894058228,
          "z": 0.12900936603546143
        }
      },
      "world_space": {
        "head": {
          "x": 0.47847965359687805,
          "y": -0.3586927652359009,
          "z": 1.1436961889266968
        },
        "tail": {
          "x": 0.45229998230934143,
          "y": -0.45271730422973633,
          "z": 1.0788633823394775
        },
        "rotation_quaternion": {
          "w": 0.31406933069229126,
          "x": -0.8664931058883667,
          "y": -0.011645951308310032,
          "z": 0.3878331184387207
        },
        "matrix": [
          [
            0.6989002227783203,
            -0.223429873585701,
            -0.6794241666793823,
            0.47847965359687805
          ],
          [
            0.26379460096359253,
            -0.8024508357048035,
            0.5352436304092407,
            -0.3586927652359009
          ],
          [
            -0.6647983193397522,
            -0.5533148646354675,
            -0.5018966197967529,
            1.1436961889266968
          ],
          [
            0.0,
            0.0,
            0.0,
            1.0
          ]
        ]
      },
      "bone_length_armature_space": 0.11717204349628811,
      "parent": "lowerarm_l",
      "has_children": true,
      "is_end_bone": false
    },
    "index_01_l": {
      "name": "index_01_l",
      "local": {
        "location": {
          "x": 0.0,
          "y": 0.0,
          "z": 0.0
        },
        "rotation_quaternion": {
          "w": 0.9533547163009644,
          "x": 0.3016629219055176,
          "y": 0.0019641404505819082,
          "z": 0.010508119128644466
        },
        "scale": {
          "x": 1.0,
          "y": 1.0,
          "z": 1.0
        },
        "matrix_basis": [
          [
            0.9997714161872864,
            -0.018850913271307945,
            0.010084864683449268,
            0.0
          ],
          [
            0.021220946684479713,
            0.8177781105041504,
            -0.5751422643661499,
            0.0
          ],
          [
            0.0025947748217731714,
            0.5752248167991638,
            0.8179912567138672,
            0.0
          ],
          [
            0.0,
            0.0,
            0.0,
            1.0
          ]
        ],
        "rotation_mode": "QUATERNION"
      },
      "armature_space": {
        "head": {
          "x": 0.45229998230934143,
          "y": -0.5159612894058228,
          "z": 0.12900936603546143
        },
        "tail": {
          "x": 0.44393178820610046,
          "y": -0.525829553604126,
          "z": 0.10359932482242584
        }
      },
      "world_space": {
        "head": {
          "x": 0.45229998230934143,
          "y": -0.45271730422973633,
          "z": 1.0788633823394775
        },
        "tail": {
          "x": 0.44393178820610046,
          "y": -0.46258556842803955,
          "z": 1.0534533262252808
        },
        "rotation_quaternion": {
          "w": 0.5672540068626404,
          "x": -0.740706205368042,
          "y": -0.07199956476688385,
          "z": 0.3526942729949951
        },
        "matrix": [
          [
            0.7408466339111328,
            -0.2934727966785431,
            -0.6041685342788696,
            0.45229998230934143
          ],
          [
            0.5067939162254333,
            -0.3460795283317566,
            0.7895501852035522,
            -0.45271730422973633
          ],
          [
            -0.44080448150634766,
            -0.8911311626434326,
            -0.10766178369522095,
            1.0788633823394775
          ],
          [
            0.0,
            0.0,
            0.0,
            1.0
          ]
        ]
      },
      "bone_length_armature_space": 0.02851454859022246,
      "parent": "metacarpal_index_l",
      "has_children": true,
      "is_end_bone": false
    },
    "index_02_l": {
      "name": "index_02_l",
      "local": {
        "location": {
          "x": 0.0,
          "y": 0.0,
          "z": 0.0
        },
        "rotation_quaternion": {
          "w": 0.9024077653884888,
          "x": 0.43082407116889954,
          "y": 0.006984860170632601,
          "z": -0.0014168925117701292
        },
        "scale": {
          "x": 1.0,
          "y": 1.0,
          "z": 1.0
        },
        "matrix_basis": [
          [
            0.9998984336853027,
            0.008575721643865108,
            0.011385520920157433,
            0.0
          ],
          [
            0.003461262211203575,
            0.6287772059440613,
            -0.7775777578353882,
            0.0
          ],
          [
            -0.013827246613800526,
            0.7775381803512573,
            0.6286836862564087,
            0.0
          ],
          [
            0.0,
            0.0,
            0.0,
            1.0
          ]
        ],
        "rotation_mode": "QUATERNION"
      },
      "armature_space": {
        "head": {
          "x": 0.44393131136894226,
          "y": -0.525829553604126,
          "z": 0.10359905660152435
        },
        "tail": {
          "x": 0.42687687277793884,
          "y": -0.516669750213623,
          "z": 0.08676639199256897
        }
      },
      "world_space": {
        "head": {
          "x": 0.44393131136894226,
          "y": -0.46258556842803955,
          "z": 1.0534530878067017
        },
        "tail": {
          "x": 0.42687687277793884,
          "y": -0.4534257650375366,
          "z": 1.0366203784942627
        },
        "rotation_quaternion": {
          "w": 0.8212745785713196,
          "x": -0.4282310903072357,
          "y": 0.0635555163025856,
          "z": 0.3716006278991699
        },
        "matrix": [
          [
            0.715746283531189,
            -0.6648052930831909,
            -0.21387089788913727,
            0.44393131136894226
          ],
          [
            0.5559413433074951,
            0.3570611774921417,
            0.750624418258667,
            -0.46258556842803955
          ],
          [
            -0.4226566553115845,
            -0.6561607122421265,
            0.6251630187034607,
            1.0534530878067017
          ],
          [
            0.0,
            0.0,
            0.0,
            1.0
          ]
        ]
      },
      "bone_length_armature_space": 0.025653351988297823,
      "parent": "index_01_l",
      "has_children": true,
      "is_end_bone": false
    },
    "index_03_l": {
      "name": "index_03_l",
      "local": {
        "location": {
          "x": 0.0,
          "y": 0.0,
          "z": 0.0
        },
        "rotation_quaternion": {
          "w": 0.9264925122261047,
          "x": 0.3761455714702606,
          "y": -0.010919174179434776,
          "z": -0.0026263445615768433
        },
        "scale": {
          "x": 1.0,
          "y": 1.0,
          "z": 1.0
        },
        "matrix_basis": [
          [
            0.9997477531433105,
            -0.003347820835188031,
            -0.022208841517567635,
            0.0
          ],
          [
            -0.013080975040793419,
            0.7170152068138123,
            -0.6969347596168518,
            0.0
          ],
          [
            0.01825729012489319,
            0.6970494389533997,
            0.7167905569076538,
            0.0
          ],
          [
            0.0,
            0.0,
            0.0,
            1.0
          ]
        ],
        "rotation_mode": "QUATERNION"
      },
      "armature_space": {
        "head": {
          "x": 0.42687690258026123,
          "y": -0.5166699290275574,
          "z": 0.086766317486763
        },
        "tail": {
          "x": 0.4118785262107849,
          "y": -0.4915945827960968,
          "z": 0.08684992045164108
        }
      },
      "world_space": {
        "head": {
          "x": 0.42687690258026123,
          "y": -0.45342594385147095,
          "z": 1.0366203784942627
        },
        "tail": {
          "x": 0.4118785262107849,
          "y": -0.428350567817688,
          "z": 1.0367039442062378
        },
        "rotation_quaternion": {
          "w": 0.9444113373756409,
          "x": -0.05181489512324333,
          "y": 0.19283416867256165,
          "z": 0.2611846625804901
        },
        "matrix": [
          [
            0.7891948223114014,
            -0.5133150815963745,
            0.33716273307800293,
            0.42687690258026123
          ],
          [
            0.4733482897281647,
            0.858195424079895,
            0.19860076904296875,
            -0.45342594385147095
          ],
          [
            -0.391298770904541,
            0.0028612613677978516,
            0.9202669858932495,
            1.0366203784942627
          ],
          [
            0.0,
            0.0,
            0.0,
            1.0
          ]
        ]
      },
      "bone_length_armature_space": 0.02921868044489681,
      "parent": "index_02_l",
      "has_children": false,
      "is_end_bone": true
    },
    "metacarpal_pinky_l": {
      "name": "metacarpal_pinky_l",
      "local": {
        "location": {
          "x": 0.0,
          "y": 0.0,
          "z": 0.0
        },
        "rotation_quaternion": {
          "w": 0.9990841150283813,
          "x": -0.04254692420363426,
          "y": 0.003959193825721741,
          "z": -0.0022598817013204098
        },
        "scale": {
          "x": 1.0,
          "y": 1.0,
          "z": 1.0
        },
        "matrix_basis": [
          [
            0.9999584555625916,
            0.0041787209920585155,
            0.008103437721729279,
            0.0
          ],
          [
            -0.004852526821196079,
            0.9963693022727966,
            0.08499801903963089,
            0.0
          ],
          [
            -0.007718833163380623,
            -0.08503380417823792,
            0.9963481426239014,
            0.0
          ],
          [
            0.0,
            0.0,
            0.0,
            1.0
          ]
        ],
        "rotation_mode": "QUATERNION"
      },
      "armature_space": {
        "head": {
          "x": 0.47847965359687805,
          "y": -0.4219367504119873,
          "z": 0.19384221732616425
        },
        "tail": {
          "x": 0.5174427032470703,
          "y": -0.48979270458221436,
          "z": 0.12513455748558044
        }
      },
      "world_space": {
        "head": {
          "x": 0.47847965359687805,
          "y": -0.3586927652359009,
          "z": 1.1436961889266968
        },
        "tail": {
          "x": 0.5174427032470703,
          "y": -0.42654871940612793,
          "z": 1.074988603591919
        },
        "rotation_quaternion": {
          "w": 0.15566283464431763,
          "x": 0.12109166383743286,
          "y": 0.3872317671775818,
          "z": -0.9006428122520447
        },
        "matrix": [
          [
            -0.9222118258476257,
            0.3741743862628937,
            -0.09756428003311157,
            0.47847965359687805
          ],
          [
            -0.18661358952522278,
            -0.6516417264938354,
            -0.735213577747345,
            -0.3586927652359009
          ],
          [
            -0.33867761492729187,
            -0.6598209738731384,
            0.6707815527915955,
            1.1436961889266968
          ],
          [
            0.0,
            0.0,
            0.0,
            1.0
          ]
        ]
      },
      "bone_length_armature_space": 0.10413112884779258,
      "parent": "lowerarm_l",
      "has_children": true,
      "is_end_bone": false
    },
    "pinky_01_l": {
      "name": "pinky_01_l",
      "local": {
        "location": {
          "x": 0.0,
          "y": 0.0,
          "z": 0.0
        },
        "rotation_quaternion": {
          "w": 0.9503512382507324,
          "x": 0.31088969111442566,
          "y": 0.006468881852924824,
          "z": 0.011759691871702671
        },
        "scale": {
          "x": 1.0,
          "y": 1.0,
          "z": 1.0
        },
        "matrix_basis": [
          [
            0.9996397495269775,
            -0.018329458311200142,
            0.01960735395550728,
            0.0
          ],
          [
            0.02637389302253723,
            0.8064185976982117,
            -0.5907566547393799,
            0.0
          ],
          [
            -0.004983485676348209,
            0.5910609364509583,
            0.8066114783287048,
            0.0
          ],
          [
            0.0,
            0.0,
            0.0,
            1.0
          ]
        ],
        "rotation_mode": "QUATERNION"
      },
      "armature_space": {
        "head": {
          "x": 0.5174427032470703,
          "y": -0.48979270458221436,
          "z": 0.12513455748558044
        },
