{
  "metadata": {
    "armature_name": "KIM_caucasian_male",
    "export_time": "2026-01-13T20:55:40.161725",
    "blender_version": "4.4.1",
    "bone_count": 56,
    "end_bone_count": 13,
    "spaces_included": [
      "LOCAL_CHANNELS",
      "ARMATURE_SPACE",
      "WORLD_SPACE"
    ],
    "note": "LOCAL matches Transform panel; replay pose via local.matrix_basis for best fidelity."
  },
  "bones": {
    "Root": {
      "name": "Root",
      "local": {
        "location": {
          "x": 0.0,
          "y": 0.0,
          "z": 0.0
        },
        "rotation_quaternion": {
          "w": 0.9995644092559814,
          "x": -0.016333436593413353,
          "y": 0.0067589180544018745,
          "z": -0.02363450638949871
        },
        "scale": {
          "x": 1.0,
          "y": 1.0,
          "z": 1.0
        },
        "matrix_basis": [
          [
            0.9987914562225342,
            0.04702762886881828,
            0.014284012839198112,
            0.0
          ],
          [
            -0.04746921733021736,
            0.9983492493629456,
            0.03233315795660019,
            0.0
          ],
          [
            -0.012739882804453373,
            -0.03297213092446327,
            0.99937504529953,
            0.0
          ],
          [
            0.0,
            0.0,
            0.0,
            1.0
          ]
        ],
        "rotation_mode": "QUATERNION"
      },
      "armature_space": {
        "head": {
          "x": 0.0,
          "y": 0.07072800397872925,
          "z": -0.009595036506652832
        },
        "tail": {
          "x": 0.0033566378988325596,
          "y": 0.0004331246018409729,
          "z": 0.0023162299767136574
        }
      },
      "world_space": {
        "head": {
          "x": 0.0,
          "y": 0.13397200405597687,
          "z": 0.9402589797973633
        },
        "tail": {
          "x": 0.0033566378988325596,
          "y": 0.06367712467908859,
          "z": 0.9521702527999878
        },
        "rotation_quaternion": {
          "w": 0.08363465219736099,
          "x": 0.9961932301521301,
          "y": 0.02403615042567253,
          "z": 0.005151354242116213
        },
        "matrix": [
          [
            0.9987914562225342,
            0.04702762886881828,
            0.014284012839198112,
            0.0
          ],
          [
            0.04875096678733826,
            -0.9848549365997314,
            -0.16638535261154175,
            0.13397200405597687
          ],
          [
            0.0062430622056126595,
            0.16688086092472076,
            -0.9859643578529358,
            0.9402589797973633
          ],
          [
            0.0,
            0.0,
            0.0,
            1.0
          ]
        ]
      },
      "bone_length_armature_space": 0.07137587234745142,
      "parent": null,
      "has_children": true,
      "is_end_bone": false
    },
    "spine_01": {
      "name": "spine_01",
      "local": {
        "location": {
          "x": 0.0,
          "y": 0.0,
          "z": 0.0
        },
        "rotation_quaternion": {
          "w": 0.9994869232177734,
          "x": -0.019110387191176414,
          "y": 0.025693723931908607,
          "z": -0.0007823229534551501
        },
        "scale": {
          "x": 1.0,
          "y": 1.0,
          "z": 1.0
        },
        "matrix_basis": [
          [
            0.99867844581604,
            0.0005818090867251158,
            0.051390983164310455,
            0.0
          ],
          [
            -0.0025458771269768476,
            0.9992683529853821,
            0.038160961121320724,
            0.0
          ],
          [
            -0.051331181079149246,
            -0.03824136406183243,
            0.9979492425918579,
            0.0
          ],
          [
            0.0,
            0.0,
            0.0,
            1.0
          ]
        ],
        "rotation_mode": "QUATERNION"
      },
      "armature_space": {
        "head": {
          "x": 0.0033566378988325596,
          "y": 0.0004331246018409729,
          "z": 0.0023162299767136574
        },
        "tail": {
          "x": -0.0021785940043628216,
          "y": 0.057602524757385254,
          "z": 0.4869290292263031
        }
      },
      "world_space": {
        "head": {
          "x": 0.0033566378988325596,
          "y": 0.06367712467908859,
          "z": 0.9521702527999878
        },
        "tail": {
          "x": -0.0021785940043628216,
          "y": 0.12084652483463287,
          "z": 1.4367830753326416
        },
        "rotation_quaternion": {
          "w": 0.7466382384300232,
          "x": 0.6633592247962952,
          "y": 0.03325933590531349,
          "z": 0.03714544698596001
        },
        "matrix": [
          [
            0.9950280785560608,
            -0.011342659592628479,
            0.09894698113203049,
            0.0033566378988325596
          ],
          [
            0.09959425032138824,
            0.11715011298656464,
            -0.9881077408790588,
            0.06367712467908859
          ],
          [
            -0.0003837903495877981,
            0.9930564761161804,
            0.11769723147153854,
            0.9521702527999878
          ],
          [
            0.0,
            0.0,
            0.0,
            1.0
          ]
        ]
      },
      "bone_length_armature_space": 0.4880046479718895,
      "parent": "Root",
      "has_children": true,
      "is_end_bone": false
    },
    "neck_01": {
      "name": "neck_01",
      "local": {
        "location": {
          "x": 0.0,
          "y": 0.0,
          "z": 0.0
        },
        "rotation_quaternion": {
          "w": 0.9887077212333679,
          "x": -0.04224888235330582,
          "y": 0.02314998209476471,
          "z": 0.14190220832824707
        },
        "scale": {
          "x": 1.0,
          "y": 1.0,
          "z": 1.0
        },
        "matrix_basis": [
          [
            0.9586556553840637,
            -0.2825557291507721,
            0.03378671407699585,
            0.0
          ],
          [
            0.27864348888397217,
            0.9561575651168823,
            0.09011366218328476,
            0.0
          ],
          [
            -0.05776755139231682,
            -0.07697352766990662,
            0.9953582286834717,
            0.0
          ],
          [
            0.0,
            0.0,
            0.0,
            1.0
          ]
        ],
        "rotation_mode": "QUATERNION"
      },
      "armature_space": {
        "head": {
          "x": 0.0004224386066198349,
          "y": 0.03191206231713295,
          "z": 0.5637208819389343
        },
        "tail": {
          "x": -0.02649262547492981,
          "y": 0.010466309264302254,
          "z": 0.660294234752655
        }
      },
      "world_space": {
        "head": {
          "x": 0.0004224386066198349,
          "y": 0.09515605866909027,
          "z": 1.5135748386383057
        },
        "tail": {
          "x": -0.02649262547492981,
          "y": 0.07371030747890472,
          "z": 1.6101481914520264
        },
        "rotation_quaternion": {
          "w": 0.6258230805397034,
          "x": 0.7657850384712219,
          "y": -0.061269015073776245,
          "z": 0.13477732241153717
        },
        "matrix": [
          [
            0.9561625123023987,
            -0.2625313401222229,
            0.12973228096961975,
            0.0004224386066198349
          ],
          [
            0.07485416531562805,
            -0.20918330550193787,
            -0.9750074744224548,
            0.09515605866909027
          ],
          [
            0.2831098437309265,
            0.9419828057289124,
            -0.18036383390426636,
            1.5135748386383057
          ],
          [
            0.0,
            0.0,
            0.0,
            1.0
          ]
        ]
      },
      "bone_length_armature_space": 0.10252196504329746,
      "parent": "spine_01",
      "has_children": true,
      "is_end_bone": false
    },
    "head": {
      "name": "head",
      "local": {
        "location": {
          "x": 0.0,
          "y": 0.0,
          "z": 0.0
        },
        "rotation_quaternion": {
          "w": 0.9832019805908203,
          "x": 0.009194033220410347,
          "y": 0.10175112634897232,
          "z": 0.15124869346618652
        },
        "scale": {
          "x": 1.0,
          "y": 1.0,
          "z": 1.0
        },
        "matrix_basis": [
          [
            0.9335410594940186,
            -0.2955450117588043,
            0.20286498963832855,
            0.0
          ],
          [
            0.2992870509624481,
            0.9540786147117615,
            0.01270026620477438,
            0.0
          ],
          [
            -0.19730263948440552,
            0.048858631402254105,
            0.9791243672370911,
            0.0
          ],
          [
            0.0,
            0.0,
            0.0,
            1.0
          ]
        ],
        "rotation_mode": "QUATERNION"
      },
      "armature_space": {
        "head": {
          "x": -0.026492586359381676,
          "y": 0.01046617329120636,
          "z": 0.6602941751480103
        },
        "tail": {
          "x": -0.11338658630847931,
          "y": 0.02299102395772934,
          "z": 0.7881447672843933
        }
      },
      "world_space": {
        "head": {
          "x": -0.026492586359381676,
          "y": 0.07371017336845398,
          "z": 1.6101481914520264
        },
        "tail": {
          "x": -0.11338658630847931,
          "y": 0.08623502403497696,
          "z": 1.7379987239837646
        },
        "rotation_quaternion": {
          "w": 0.7278028726577759,
          "x": 0.6087177395820618,
          "y": -0.10335402935743332,
          "z": 0.29846903681755066
        },
        "matrix": [
          [
            0.8004674911499023,
            -0.5602803230285645,
            0.21292640268802643,
            -0.026492586359381676
          ],
          [
            0.3086295425891876,
            0.0807584822177887,
            -0.9477480053901672,
            0.07371017336845398
          ],
          [
            0.513812780380249,
            0.8243626356124878,
            0.2375642955303192,
            1.6101481914520264
          ],
          [
            0.0,
            0.0,
            0.0,
            1.0
          ]
        ]
      },
      "bone_length_armature_space": 0.15509098479573807,
      "parent": "neck_01",
      "has_children": false,
      "is_end_bone": true
    },
    "upperarm_l": {
      "name": "upperarm_l",
      "local": {
        "location": {
          "x": 0.0,
          "y": 0.0,
          "z": 0.0
        },
        "rotation_quaternion": {
          "w": 0.9580953121185303,
          "x": 0.19126734137535095,
          "y": 0.20280466973781586,
          "z": 0.06588379293680191
        },
        "scale": {
          "x": 1.0,
          "y": 1.0,
          "z": 1.0
        },
        "matrix_basis": [
          [
            0.9090591669082642,
            -0.0486660860478878,
            0.4138152301311493,
            0.0
          ],
          [
            0.20382572710514069,
            0.9181522727012634,
            -0.33978161215782166,
            0.0
          ],
          [
            -0.3634095788002014,
            0.393227756023407,
            0.8445741534233093,
            0.0
          ],
          [
            0.0,
            0.0,
            0.0,
            1.0
          ]
        ],
        "rotation_mode": "QUATERNION"
      },
      "armature_space": {
        "head": {
          "x": 0.15075452625751495,
          "y": 0.03582660108804703,
          "z": 0.4972975552082062
        },
        "tail": {
          "x": 0.40910184383392334,
          "y": -0.033471666276454926,
          "z": 0.5134850144386292
        }
      },
      "world_space": {
        "head": {
          "x": 0.15075452625751495,
          "y": 0.09907060116529465,
          "z": 1.4471515417099
        },
        "tail": {
          "x": 0.40910184383392334,
          "y": 0.029772333800792694,
          "z": 1.46333909034729
        },
        "rotation_quaternion": {
          "w": 0.37297937273979187,
          "x": 0.6561723947525024,
          "y": 0.48123064637184143,
          "z": -0.4458041191101074
        },
        "matrix": [
          [
            0.13935039937496185,
            0.9640925526618958,
            -0.22606895864009857,
            0.15075452625751495
          ],
          [
            0.2989891767501831,
            -0.25860512256622314,
            -0.9185472726821899,
            0.09907060116529465
          ],
          [
            -0.9440333247184753,
            0.06040792912244797,
            -0.32429298758506775,
            1.4471515417099
          ],
          [
            0.0,
            0.0,
            0.0,
            1.0
          ]
        ]
      },
      "bone_length_armature_space": 0.26796945299937036,
      "parent": "spine_01",
      "has_children": true,
      "is_end_bone": false
    },
    "lowerarm_l": {
      "name": "lowerarm_l",
      "local": {
        "location": {
          "x": 0.0,
          "y": 0.0,
          "z": 0.0
        },
        "rotation_quaternion": {
          "w": 0.8543510437011719,
          "x": 0.5068688988685608,
          "y": 0.11438846588134766,
          "z": -0.009141523391008377
        },
        "scale": {
          "x": 1.0,
          "y": 1.0,
          "z": 1.0
        },
        "matrix_basis": [
          [
            0.9736634492874146,
            0.13158005475997925,
            0.1861886978149414,
            0.0
          ],
          [
            0.10033977031707764,
            0.4860007166862488,
            -0.8681793212890625,
            0.0
          ],
          [
            -0.20472291111946106,
            0.8639965653419495,
            0.45999839901924133,
            0.0
          ],
          [
            0.0,
            0.0,
            0.0,
            1.0
          ]
        ],
        "rotation_mode": "QUATERNION"
      },
      "armature_space": {
        "head": {
          "x": 0.4091019034385681,
          "y": -0.03347177430987358,
          "z": 0.5134851336479187
        },
        "tail": {
          "x": 0.45068493485450745,
          "y": -0.28874292969703674,
          "z": 0.445096880197525
        }
      },
      "world_space": {
        "head": {
          "x": 0.4091019034385681,
          "y": 0.02977222576737404,
          "z": 1.46333909034729
        },
        "tail": {
          "x": 0.45068493485450745,
          "y": -0.22549892961978912,
          "z": 1.3949508666992188
        },
        "rotation_quaternion": {
          "w": 0.06086881831288338,
          "x": -0.8099004030227661,
          "y": -0.1385507583618164,
          "z": 0.5667098760604858
        },
        "matrix": [
          [
            0.31928709149360657,
            0.15543636679649353,
            -0.9348236322402954,
            0.4091019034385681
          ],
          [
            0.2934146523475647,
            -0.9541974067687988,
            -0.05844271183013916,
            0.02977222576737404
          ],
          [
            -0.9010962843894958,
            -0.2556335926055908,
            -0.35027265548706055,
            1.46333909034729
          ],
          [
            0.0,
            0.0,
            0.0,
            1.0
          ]
        ]
      },
      "bone_length_armature_space": 0.2675247062923527,
      "parent": "upperarm_l",
      "has_children": true,
      "is_end_bone": false
    },
    "metacarpal_thumb_l": {
      "name": "metacarpal_thumb_l",
      "local": {
        "location": {
          "x": 0.0,
          "y": 0.0,
          "z": 0.0
        },
        "rotation_quaternion": {
          "w": 0.99912428855896,
          "x": -0.04181544482707977,
          "y": -0.0006562606431543827,
          "z": 0.0013167222496122122
        },
        "scale": {
          "x": 1.0,
          "y": 1.0,
          "z": 1.0
        },
        "matrix_basis": [
          [
            0.9999956488609314,
            -0.0025762547738850117,
            -0.0014214905677363276,
            0.0
          ],
          [
            0.0026860220823436975,
            0.9964994788169861,
            0.0835559219121933,
            0.0
          ],
          [
            0.0012012532679364085,
            -0.08355937898159027,
            0.9965021014213562,
            0.0
          ],
          [
            0.0,
            0.0,
            0.0,
            1.0
          ]
        ],
        "rotation_mode": "QUATERNION"
      },
      "armature_space": {
        "head": {
          "x": 0.45068493485450745,
          "y": -0.28874292969703674,
          "z": 0.445096880197525
        },
        "tail": {
          "x": 0.43098726868629456,
          "y": -0.32679644227027893,
          "z": 0.42024680972099304
        }
      },
      "world_space": {
        "head": {
          "x": 0.45068493485450745,
          "y": -0.22549892961978912,
          "z": 1.3949508666992188
        },
        "tail": {
          "x": 0.43098726868629456,
          "y": -0.2635524272918701,
          "z": 1.3701008558273315
        },
        "rotation_quaternion": {
          "w": 0.24322926998138428,
          "x": -0.9351339340209961,
          "y": 0.2381635159254074,
          "z": -0.09819462895393372
        },
        "matrix": [
          [
            0.8672714829444885,
            -0.3976622223854065,
            0.29950761795043945,
            0.45068493485450745
          ],
          [
            -0.4931977093219757,
            -0.768235445022583,
            0.408130407333374,
            -0.22549892961978912
          ],
          [
            0.06779436767101288,
            -0.5016804337501526,
            -0.862400472164154,
            1.3949508666992188
          ],
          [
            0.0,
            0.0,
            0.0,
            1.0
          ]
        ]
      },
      "bone_length_armature_space": 0.04953376511489293,
      "parent": "lowerarm_l",
      "has_children": true,
      "is_end_bone": false
    },
    "thumb_01_l": {
      "name": "thumb_01_l",
      "local": {
        "location": {
          "x": 0.0,
          "y": 0.0,
          "z": 0.0
        },
        "rotation_quaternion": {
          "w": 0.9627902507781982,
          "x": 0.27022281289100647,
          "y": -0.0011098334798589349,
          "z": -0.0036801258102059364
        },
        "scale": {
          "x": 1.0,
          "y": 1.0,
          "z": 1.0
        },
        "matrix_basis": [
          [
            0.9999704360961914,
            0.006486573722213507,
            -0.004125981591641903,
            0.0
          ],
          [
            -0.007686183322221041,
            0.8539322018623352,
            -0.520327627658844,
            0.0
          ],
          [
            0.0001481658109696582,
            0.5203439593315125,
            0.8539568185806274,
            0.0
          ],
          [
            0.0,
            0.0,
            0.0,
            1.0
          ]
        ],
        "rotation_mode": "QUATERNION"
      },
      "armature_space": {
        "head": {
          "x": 0.43098726868629456,
          "y": -0.32679644227027893,
          "z": 0.42024680972099304
        },
        "tail": {
          "x": 0.44177284836769104,
          "y": -0.3403683602809906,
          "z": 0.39095327258110046
        }
      },
      "world_space": {
        "head": {
          "x": 0.43098726868629456,
          "y": -0.2635524272918701,
          "z": 1.3701008558273315
        },
        "tail": {
          "x": 0.44177284836769104,
          "y": -0.2771243453025818,
          "z": 1.340807318687439
        },
        "rotation_quaternion": {
          "w": 0.37694963812828064,
          "x": -0.3296836018562317,
          "y": 0.3981807827949524,
          "z": -0.768550455570221
        },
        "matrix": [
          [
            -0.4984344244003296,
            0.31686335802078247,
            0.8069453835487366,
            0.43098726868629456
          ],
          [
            -0.8419575095176697,
            -0.3987220823764801,
            -0.3634946942329407,
            -0.2635524272918701
          ],
          [
            0.20656949281692505,
            -0.8605983257293701,
            0.46552518010139465,
            1.3701008558273315
          ],
          [
            0.0,
            0.0,
            0.0,
            1.0
          ]
        ]
      },
      "bone_length_armature_space": 0.034038757350054044,
      "parent": "metacarpal_thumb_l",
      "has_children": true,
      "is_end_bone": false
    },
    "thumb_02_l": {
      "name": "thumb_02_l",
      "local": {
        "location": {
          "x": 0.0,
          "y": 0.0,
          "z": 0.0
        },
        "rotation_quaternion": {
          "w": 0.8920468091964722,
          "x": 0.45191171765327454,
          "y": 0.0025884315837174654,
          "z": 0.004670918453484774
        },
        "scale": {
          "x": 1.0,
          "y": 1.0,
          "z": 1.0
        },
        "matrix_basis": [
          [
            0.99994295835495,
            -0.005993870552629232,
            0.008839690126478672,
            0.0
          ],
          [
            0.010672841221094131,
            0.5915079712867737,
            -0.8062286376953125,
            0.0
          ],
          [
            -0.00039631870458833873,
            0.8062769770622253,
            0.5915381908416748,
            0.0
          ],
          [
            0.0,
            0.0,
            0.0,
            1.0
          ]
        ],
        "rotation_mode": "QUATERNION"
      },
      "armature_space": {
        "head": {
          "x": 0.44177281856536865,
          "y": -0.3403683006763458,
          "z": 0.3909532427787781
        },
        "tail": {
          "x": 0.4474234879016876,
          "y": -0.3639110028743744,
          "z": 0.42300015687942505
        }
      },
      "world_space": {
        "head": {
          "x": 0.44177281856536865,
          "y": -0.277124285697937,
          "z": 1.3408071994781494
        },
        "tail": {
          "x": 0.4474234879016876,
          "y": -0.3006669878959656,
          "z": 1.372854232788086
        },
        "rotation_quaternion": {
          "w": 0.13456414639949799,
          "x": 0.11172018200159073,
          "y": -0.4345265030860901,
          "z": -0.8835144639015198
        },
        "matrix": [
          [
            -0.9388220906257629,
            0.14068828523159027,
            -0.31435638666152954,
            0.44177281856536865
          ],
          [
            -0.3348698019981384,
            -0.5861582159996033,
            0.7377541065216064,
            -0.277124285697937
          ],
          [
            -0.08047013729810715,
            0.7978933453559875,
            0.5974152684211731,
            1.3408071994781494
          ],
          [
            0.0,
            0.0,
            0.0,
            1.0
          ]
        ]
      },
      "bone_length_armature_space": 0.040164580901881505,
      "parent": "thumb_01_l",
      "has_children": true,
      "is_end_bone": false
    },
    "thumb_03_l": {
      "name": "thumb_03_l",
      "local": {
        "location": {
          "x": 0.0,
          "y": 0.0,
          "z": 0.0
        },
        "rotation_quaternion": {
          "w": 0.9865569472312927,
          "x": 0.16330212354660034,
          "y": -0.006160668563097715,
          "z": 1.5506520867347717e-06
        },
        "scale": {
          "x": 1.0,
          "y": 1.0,
          "z": 1.0
        },
        "matrix_basis": [
          [
            0.9999240636825562,
            -0.0020151601638644934,
            -0.012155193835496902,
            0.0
          ],
          [
            -0.0020090409088879824,
            0.9466648101806641,
            -0.32221370935440063,
            0.0
          ],
          [
            0.012156207114458084,
            0.32221367955207825,
            0.946588933467865,
            0.0
          ],
          [
            0.0,
            0.0,
            0.0,
            1.0
          ]
        ],
        "rotation_mode": "QUATERNION"
      },
      "armature_space": {
        "head": {
          "x": 0.44742345809936523,
          "y": -0.3639110326766968,
          "z": 0.4230000972747803
        },
        "tail": {
          "x": 0.44662076234817505,
          "y": -0.36622586846351624,
          "z": 0.45334646105766296
        }
      },
      "world_space": {
        "head": {
          "x": 0.44742345809936523,
          "y": -0.30066704750061035,
          "z": 1.3728541135787964
        },
        "tail": {
          "x": 0.44662076234817505,
          "y": -0.3029818534851074,
          "z": 1.4032005071640015
        },
        "rotation_quaternion": {
          "w": 0.24482227861881256,
          "x": 0.28220322728157043,
          "y": -0.6340701580047607,
          "z": -0.6770365834236145
        },
        "matrix": [
          [
            -0.7208471894264221,
            -0.026365697383880615,
            -0.6925925016403198,
            0.44742345809936523
          ],
          [
            -0.6893802881240845,
            -0.07603402435779572,
            0.7203986644744873,
            -0.30066704750061035
          ],
          [
            -0.0716555193066597,
            0.9967635869979858,
            0.03663372993469238,
            1.3728541135787964
          ],
          [
            0.0,
            0.0,
            0.0,
            1.0
          ]
        ]
      },
      "bone_length_armature_space": 0.03044510730681573,
      "parent": "thumb_02_l",
      "has_children": false,
      "is_end_bone": true
    },
    "metacarpal_index_l": {
      "name": "metacarpal_index_l",
      "local": {
        "location": {
          "x": 0.0,
          "y": 0.0,
          "z": 0.0
        },
        "rotation_quaternion": {
          "w": 0.9995889663696289,
          "x": -0.02456285059452057,
          "y": 0.014447275549173355,
          "z": -0.0031424786429852247
        },
        "scale": {
          "x": 1.0,
          "y": 1.0,
          "z": 1.0
        },
        "matrix_basis": [
          [
            0.9995627999305725,
            0.005572641268372536,
            0.029037050902843475,
            0.0
          ],
          [
            -0.0069921063259243965,
            0.9987735748291016,
            0.04901470988988876,
            0.0
          ],
          [
            -0.028728298842906952,
            -0.049196310341358185,
            0.9983758926391602,
            0.0
          ],
          [
            0.0,
            0.0,
            0.0,
            1.0
          ]
        ],
        "rotation_mode": "QUATERNION"
      },
      "armature_space": {
        "head": {
          "x": 0.45068493485450745,
          "y": -0.28874292969703674,
          "z": 0.445096880197525
        },
        "tail": {
          "x": 0.4387449324131012,
          "y": -0.39766770601272583,
          "z": 0.40359893441200256
        }
      },
      "world_space": {
        "head": {
          "x": 0.45068493485450745,
          "y": -0.22549892961978912,
          "z": 1.3949508666992188
        },
        "tail": {
          "x": 0.4387449324131012,
          "y": -0.3344237208366394,
          "z": 1.3534529209136963
        },
        "rotation_quaternion": {
          "w": 0.18582114577293396,
          "x": -0.9722861647605896,
          "y": 0.025737004354596138,
          "z": 0.1395271271467209
        },
        "matrix": [
          [
            0.9597395658493042,
            -0.10190167278051376,
            -0.2617553770542145,
            0.45068493485450745
          ],
          [
            0.0018066009506583214,
            -0.9296165108680725,
            0.3685242533683777,
            -0.22549892961978912
          ],
          [
            -0.28088727593421936,
            -0.3541634976863861,
            -0.8920115828514099,
            1.3949508666992188
          ],
          [
            0.0,
            0.0,
            0.0,
            1.0
          ]
        ]
      },
      "bone_length_armature_space": 0.11717188378433653,
      "parent": "lowerarm_l",
      "has_children": true,
      "is_end_bone": false
    },
    "index_01_l": {
      "name": "index_01_l",
      "local": {
        "location": {
          "x": 0.0,
          "y": 0.0,
          "z": 0.0
        },
        "rotation_quaternion": {
          "w": 0.9474271535873413,
          "x": 0.31945767998695374,
          "y": -0.01592775620520115,
          "z": -0.008653516881167889
        },
        "scale": {
          "x": 1.0,
          "y": 1.0,
          "z": 1.0
        },
        "matrix_basis": [
          [
            0.9993428587913513,
            0.006220665760338306,
            -0.03570964187383652,
            0.0
          ],
          [
            -0.02657364122569561,
            0.7957438230514526,
            -0.6050500869750977,
            0.0
          ],
          [
            0.024651912972331047,
            0.60560142993927,
            0.7953861951828003,
            0.0
          ],
          [
            0.0,
            0.0,
            0.0,
            1.0
          ]
        ],
        "rotation_mode": "QUATERNION"
      },
      "armature_space": {
        "head": {
          "x": 0.4387449324131012,
          "y": -0.39766770601272583,
          "z": 0.40359893441200256
        },
        "tail": {
          "x": 0.4412837028503418,
          "y": -0.41395121812820435,
          "z": 0.3803292214870453
        }
      },
      "world_space": {
        "head": {
          "x": 0.4387449324131012,
          "y": -0.3344237208366394,
          "z": 1.3534529209136963
        },
        "tail": {
          "x": 0.4412837028503418,
          "y": -0.3507072329521179,
          "z": 1.3301832675933838
        },
        "rotation_quaternion": {
          "w": 0.445595383644104,
          "x": -0.8739408254623413,
          "y": -0.12614873051643372,
          "z": 0.14750853180885315
        },
        "matrix": [
          [
            0.9246554374694824,
            0.08903507888317108,
            -0.37024998664855957,
            0.4387449324131012
          ],
          [
            0.3519515097141266,
            -0.5710631608963013,
            0.7416315078735352,
            -0.3344237208366394
          ],
          [
            -0.14540556073188782,
            -0.8160698413848877,
            -0.5593758821487427,
            1.3534529209136963
          ],
          [
            0.0,
            0.0,
            0.0,
            1.0
          ]
        ]
      },
      "bone_length_armature_space": 0.02851451718877754,
      "parent": "metacarpal_index_l",
      "has_children": true,
      "is_end_bone": false
    },
    "index_02_l": {
      "name": "index_02_l",
      "local": {
        "location": {
          "x": 0.0,
          "y": 0.0,
          "z": 0.0
        },
        "rotation_quaternion": {
          "w": 0.8912138938903809,
          "x": 0.45357340574264526,
          "y": 0.00278344820253551,
          "z": 0.0011378590716049075
        },
        "scale": {
          "x": 1.0,
          "y": 1.0,
          "z": 1.0
        },
        "matrix_basis": [
          [
            0.9999819397926331,
            0.0004968445282429457,
            0.00599350081756711,
            0.0
          ],
          [
            0.004553147591650486,
            0.588539719581604,
            -0.8084555268287659,
            0.0
          ],
          [
            -0.003929090220481157,
            0.8084681630134583,
            0.5885268449783325,
            0.0
          ],
          [
            0.0,
            0.0,
            0.0,
            1.0
          ]
        ],
        "rotation_mode": "QUATERNION"
      },
      "armature_space": {
        "head": {
          "x": 0.4412834048271179,
          "y": -0.4139512777328491,
          "z": 0.3803287744522095
        },
        "tail": {
          "x": 0.4344308376312256,
          "y": -0.4083476662635803,
          "z": 0.3562510013580322
        }
      },
      "world_space": {
        "head": {
          "x": 0.4412834048271179,
          "y": -0.3507072925567627,
          "z": 1.3301827907562256
        },
        "tail": {
          "x": 0.4344308376312256,
          "y": -0.3451036810874939,
          "z": 1.3061050176620483
        },
        "rotation_quaternion": {
          "w": 0.7781082987785339,
          "x": -0.5859329700469971,
          "y": -0.06137041375041008,
          "z": 0.21786193549633026
        },
        "matrix": [
          [
            0.8975391983985901,
            -0.26712268590927124,
            -0.3508117198944092,
            0.4412834048271179
          ],
          [
            0.41095951199531555,
            0.21843686699867249,
            0.8850977420806885,
            -0.3507072925567627
          ],
          [
            -0.15980017185211182,
            -0.9385855793952942,
            0.30583512783050537,
            1.3301827907562256
          ],
          [
            0.0,
            0.0,
            0.0,
            1.0
          ]
        ]
      },
      "bone_length_armature_space": 0.025653407224401882,
      "parent": "index_01_l",
      "has_children": true,
      "is_end_bone": false
    },
    "index_03_l": {
      "name": "index_03_l",
      "local": {
        "location": {
          "x": 0.0,
          "y": 0.0,
          "z": 0.0
        },
        "rotation_quaternion": {
          "w": 0.9291713237762451,
          "x": 0.36945369839668274,
          "y": -0.01171705313026905,
          "z": 0.0027391889598220587
        },
        "scale": {
          "x": 1.0,
          "y": 1.0,
          "z": 1.0
        },
        "matrix_basis": [
          [
            0.9997104406356812,
            -0.0137481689453125,
            -0.019750293344259262,
            0.0
          ],
          [
            -0.0035674655809998512,
            0.7269929051399231,
            -0.6866357326507568,
            0.0
          ],
          [
            0.02379830740392208,
            0.6865073442459106,
            0.7267333269119263,
            0.0
          ],
          [
            0.0,
            0.0,
            0.0,
            1.0
          ]
        ],
        "rotation_mode": "QUATERNION"
      },
      "armature_space": {
        "head": {
          "x": 0.434430867433548,
          "y": -0.4083477854728699,
          "z": 0.35625097155570984
        },
        "tail": {
          "x": 0.42422160506248474,
          "y": -0.38365283608436584,
          "z": 0.3444330096244812
        }
      },
      "world_space": {
        "head": {
          "x": 0.434430867433548,
          "y": -0.34510380029678345,
          "z": 1.3061050176620483
        },
        "tail": {
          "x": 0.42422160506248474,
          "y": -0.32040882110595703,
          "z": 1.2942869663238525
        },
        "rotation_quaternion": {
          "w": 0.9604872465133667,
          "x": -0.21190941333770752,
          "y": 0.007236939389258623,
          "z": 0.18029488623142242
        },
        "matrix": [
          [
            0.9348827004432678,
            -0.34940898418426514,
            -0.06251081824302673,
            0.434430867433548
          ],
          [
            0.3432750701904297,
            0.8451762199401855,
            0.4096824824810028,
            -0.34510380029678345
          ],
          [
            -0.09031438082456589,
            -0.40446555614471436,
            0.9100906848907471,
            1.3061050176620483
          ],
          [
            0.0,
            0.0,
            0.0,
            1.0
          ]
        ]
      },
      "bone_length_armature_space": 0.0292187227001834,
      "parent": "index_02_l",
      "has_children": false,
      "is_end_bone": true
    },
    "metacarpal_pinky_l": {
      "name": "metacarpal_pinky_l",
      "local": {
        "location": {
          "x": 0.0,
          "y": 0.0,
          "z": 0.0
        },
        "rotation_quaternion": {
          "w": 0.9996033906936646,
          "x": -0.025465890765190125,
          "y": -0.009431891143321991,
          "z": 0.0074636987410485744
        },
        "scale": {
          "x": 1.0,
          "y": 1.0,
          "z": 1.0
        },
        "matrix_basis": [
          [
            0.9997106790542603,
            -0.014441094361245632,
            -0.01923643983900547,
            0.0
          ],
          [
            0.015401859767735004,
            0.9985915422439575,
            0.05077078938484192,
            0.0
          ],
          [
            0.01847616210579872,
            -0.05105237662792206,
            0.998525083065033,
            0.0
          ],
          [
            0.0,
            0.0,
            0.0,
            1.0
          ]
        ],
        "rotation_mode": "QUATERNION"
      },
      "armature_space": {
        "head": {
          "x": 0.45068493485450745,
          "y": -0.28874292969703674,
          "z": 0.445096880197525
        },
        "tail": {
          "x": 0.4997023642063141,
          "y": -0.37886863946914673,
          "z": 0.42726796865463257
        }
      },
      "world_space": {
        "head": {
          "x": 0.45068493485450745,
          "y": -0.22549892961978912,
          "z": 1.3949508666992188
        },
        "tail": {
          "x": 0.4997023642063141,
          "y": -0.3156246542930603,
          "z": 1.377121925354004
        },
        "rotation_quaternion": {
          "w": 0.20307905972003937,
          "x": 0.3058988153934479,
          "y": 0.16126450896263123,
          "z": -0.9160669445991516
        },
        "matrix": [
          [
            -0.7303697466850281,
            0.4707294702529907,
            -0.49494823813438416,
            0.45068493485450745
          ],
          [
            -0.273407518863678,
            -0.8655052781105042,
            -0.4197014272212982,
            -0.22549892961978912
          ],
          [
            -0.6259506344795227,
            -0.17121659219264984,
            0.7608447074890137,
            1.3949508666992188
          ],
          [
            0.0,
            0.0,
            0.0,
            1.0
          ]
        ]
      },
      "bone_length_armature_space": 0.10413079247847713,
      "parent": "lowerarm_l",
      "has_children": true,
      "is_end_bone": false
    },
    "pinky_01_l": {
      "name": "pinky_01_l",
      "local": {
        "location": {
          "x": 0.0,
          "y": 0.0,
          "z": 0.0
        },
        "rotation_quaternion": {
          "w": 0.9347695708274841,
          "x": 0.3543548285961151,
          "y": -0.020567867904901505,
          "z": -0.014685439877212048
        },
        "scale": {
          "x": 1.0,
          "y": 1.0,
          "z": 1.0
        },
        "matrix_basis": [
          [
            0.9987226128578186,
            0.012878358364105225,
            -0.04886014759540558,
            0.0
          ],
          [
            -0.04203164950013161,
            0.7484340071678162,
            -0.6618761420249939,
            0.0
          ],
          [
            0.028044721111655235,
            0.6630843281745911,
            0.7480192184448242,
            0.0
          ],
          [
            0.0,
            0.0,
            0.0,
            1.0
          ]
        ],
        "rotation_mode": "QUATERNION"
      },
      "armature_space": {
        "head": {
          "x": 0.4997023642063141,
          "y": -0.37886863946914673,
          "z": 0.42726796865463257
