{
  "metadata": {
    "armature_name": "KIM_caucasian_male",
    "export_time": "2026-01-13T21:15:47.607970",
    "blender_version": "4.4.1",
    "bone_count": 56,
    "end_bone_count": 13,
    "spaces_included": [
      "LOCAL_CHANNELS",
      "ARMATURE_SPACE",
      "WORLD_SPACE"
    ],
    "note": "LOCAL matches Transform panel; replay pose via local.matrix_basis for best fidelity."
  },
  "bones": {
    "Root": {
      "name": "Root",
      "local": {
        "location": {
          "x": 0.0,
          "y": 0.0,
          "z": 0.0
        },
        "rotation_quaternion": {
          "w": 0.9999479651451111,
          "x": -0.00043612602166831493,
          "y": -0.0026965015567839146,
          "z": 0.00983911007642746
        },
        "scale": {
          "x": 1.0,
          "y": 1.0,
          "z": 1.0
        },
        "matrix_basis": [
          [
            0.9997918605804443,
            -0.019674845039844513,
            -0.005401304457336664,
            0.0
          ],
          [
            0.01967954821884632,
            0.9998059868812561,
            0.0008191443048417568,
            0.0
          ],
          [
            0.005384140182286501,
            -0.0009252690360881388,
            0.9999850988388062,
            0.0
          ],
          [
            0.0,
            0.0,
            0.0,
            1.0
          ]
        ],
        "rotation_mode": "QUATERNION"
      },
      "armature_space": {
        "head": {
          "x": 0.0,
          "y": 0.07072800397872925,
          "z": -0.009595036506652832
        },
        "tail": {
          "x": -0.0014043091796338558,
          "y": 2.259761095046997e-05,
          "z": 6.358139216899872e-05
        }
      },
      "world_space": {
        "head": {
          "x": 0.0,
          "y": 0.13397200405597687,
          "z": 0.9402589797973633
        },
        "tail": {
          "x": -0.0014043091796338558,
          "y": 0.06326659768819809,
          "z": 0.9499176144599915
        },
        "rotation_quaternion": {
          "w": 0.06779927760362625,
          "x": 0.9976468682289124,
          "y": -0.009998415596783161,
          "z": -0.00202753534540534
        },
        "matrix": [
          [
            0.9997918605804443,
            -0.019674845039844513,
            -0.005401304457336664,
            0.0
          ],
          [
            -0.020224709063768387,
            -0.9906065464019775,
            -0.1352394074201584,
            0.13397200405597687
          ],
          [
            -0.0026897916104644537,
            0.1353204995393753,
            -0.9908053278923035,
            0.9402589797973633
          ],
          [
            0.0,
            0.0,
            0.0,
            1.0
          ]
        ]
      },
      "bone_length_armature_space": 0.0713758737268083,
      "parent": null,
      "has_children": true,
      "is_end_bone": false
    },
    "spine_01": {
      "name": "spine_01",
      "local": {
        "location": {
          "x": 0.0,
          "y": 0.0,
          "z": 0.0
        },
        "rotation_quaternion": {
          "w": 0.9973835945129395,
          "x": 0.023237194865942,
          "y": 0.0094552431255579,
          "z": -0.06779859215021133
        },
        "scale": {
          "x": 1.0,
          "y": 1.0,
          "z": 1.0
        },
        "matrix_basis": [
          [
            0.9906278848648071,
            0.13568183779716492,
            0.01571010984480381,
            0.0
          ],
          [
            -0.13480298221111298,
            0.9897267818450928,
            -0.047634899616241455,
            0.0
          ],
          [
            -0.022011907771229744,
            0.04507068917155266,
            0.9987412691116333,
            0.0
          ],
          [
            0.0,
            0.0,
            0.0,
            1.0
          ]
        ],
        "rotation_mode": "QUATERNION"
      },
      "armature_space": {
        "head": {
          "x": -0.0014043091796338558,
          "y": 2.259761095046997e-05,
          "z": 6.358139216899872e-05
        },
        "tail": {
          "x": 0.06611601263284683,
          "y": -0.0003047272330150008,
          "z": 0.4833744466304779
        }
      },
      "world_space": {
        "head": {
          "x": -0.0014043091796338558,
          "y": 0.06326659768819809,
          "z": 0.9499176144599915
        },
        "tail": {
          "x": 0.06611601263284683,
          "y": 0.06293927133083344,
          "z": 1.4332284927368164
        },
        "rotation_quaternion": {
          "w": 0.7052755355834961,
          "x": 0.7055298686027527,
          "y": 0.04744463041424751,
          "z": -0.05062825605273247
        },
        "matrix": [
          [
            0.990371584892273,
            0.13836096227169037,
            -0.004515459761023521,
            -0.0014043091796338558
          ],
          [
            -0.004465600475668907,
            -0.0006707459688186646,
            -0.9999898672103882,
            0.06326659768819809
          ],
          [
            -0.1383635401725769,
            0.9903886318206787,
            -4.7359615564346313e-05,
            0.9499176144599915
          ],
          [
            0.0,
            0.0,
            0.0,
            1.0
          ]
        ]
      },
      "bone_length_armature_space": 0.48800462234169895,
      "parent": "Root",
      "has_children": true,
      "is_end_bone": false
    },
    "neck_01": {
      "name": "neck_01",
      "local": {
        "location": {
          "x": 0.0,
          "y": 0.0,
          "z": 0.0
        },
        "rotation_quaternion": {
          "w": 0.9852211475372314,
          "x": -0.08196788281202316,
          "y": 0.052537091076374054,
          "z": 0.1409272402524948
        },
        "scale": {
          "x": 1.0,
          "y": 1.0,
          "z": 1.0
        },
        "matrix_basis": [
          [
            0.9547587633132935,
            -0.28630170226097107,
            0.08041828870773315,
            0.0
          ],
          [
            0.26907628774642944,
            0.9468415379524231,
            0.17632079124450684,
            0.0
          ],
          [
            -0.12662431597709656,
            -0.14670516550540924,
            0.9810422658920288,
            0.0
          ],
          [
            0.0,
            0.0,
            0.0,
            1.0
          ]
        ],
        "rotation_mode": "QUATERNION"
      },
      "armature_space": {
        "head": {
          "x": 0.07608999311923981,
          "y": -0.03503393009305,
          "z": 0.5558875203132629
        },
        "tail": {
          "x": 0.0601603128015995,
          "y": -0.057884253561496735,
          "z": 0.6545529365539551
        }
      },
      "world_space": {
        "head": {
          "x": 0.07608999311923981,
          "y": 0.028210069984197617,
          "z": 1.5057415962219238
        },
        "tail": {
          "x": 0.0601603128015995,
          "y": 0.005359746515750885,
          "z": 1.6044069528579712
        },
        "rotation_quaternion": {
          "w": 0.6215699911117554,
          "x": 0.7791507244110107,
          "y": -0.04699763283133507,
          "z": 0.06607670336961746
        },
        "matrix": [
          [
            0.9868502616882324,
            -0.15537917613983154,
            0.044541843235492706,
            0.07608999311923981
          ],
          [
            0.008905231952667236,
            -0.22288356721401215,
            -0.9748046398162842,
            0.028210069984197617
          ],
          [
            0.16139307618141174,
            0.9623891115188599,
            -0.21857154369354248,
            1.5057415962219238
          ],
          [
            0.0,
            0.0,
            0.0,
            1.0
          ]
        ]
      },
      "bone_length_armature_space": 0.10252197980500315,
      "parent": "spine_01",
      "has_children": true,
      "is_end_bone": false
    },
    "head": {
      "name": "head",
      "local": {
        "location": {
          "x": 0.0,
          "y": 0.0,
          "z": 0.0
        },
        "rotation_quaternion": {
          "w": 0.9861992597579956,
          "x": 0.03946642577648163,
          "y": -0.14179877936840057,
          "z": -0.07580630481243134
        },
        "scale": {
          "x": 1.0,
          "y": 1.0,
          "z": 1.0
        },
        "matrix_basis": [
          [
            0.9482930302619934,
            0.13832765817642212,
            -0.2856673002243042,
            0.0
          ],
          [
            -0.1607128232717514,
            0.9853916168212891,
            -0.05634503811597824,
            0.0
          ],
          [
            0.273700088262558,
            0.09934200346469879,
            0.9566709995269775,
            0.0
          ],
          [
            0.0,
            0.0,
            0.0,
            1.0
          ]
        ],
        "rotation_mode": "QUATERNION"
      },
      "armature_space": {
        "head": {
          "x": 0.060160331428050995,
          "y": -0.05788438767194748,
          "z": 0.6545528173446655
        },
        "tail": {
          "x": 0.056361205875873566,
          "y": -0.050905317068099976,
          "z": 0.8094404339790344
        }
      },
      "world_space": {
        "head": {
          "x": 0.060160331428050995,
          "y": 0.00535961240530014,
          "z": 1.6044068336486816
        },
        "tail": {
          "x": 0.056361205875873566,
          "y": 0.012338683009147644,
          "z": 1.7592945098876953
        },
        "rotation_quaternion": {
          "w": 0.7137617468833923,
          "x": 0.6848060488700867,
          "y": -0.11421021819114685,
          "z": -0.09241709858179092
        },
        "matrix": [
          [
            0.9568303227424622,
            -0.024496227502822876,
            -0.2896132469177246,
            0.060160331428050995
          ],
          [
            -0.2883512079715729,
            0.045000068843364716,
            -0.9564669132232666,
            0.00535961240530014
          ],
          [
            0.03646235167980194,
            0.9986938238143921,
            0.03599312901496887,
            1.6044068336486816
          ],
          [
            0.0,
            0.0,
            0.0,
            1.0
          ]
        ]
      },
      "bone_length_armature_space": 0.1550913075352506,
      "parent": "neck_01",
      "has_children": false,
      "is_end_bone": true
    },
    "upperarm_l": {
      "name": "upperarm_l",
      "local": {
        "location": {
          "x": 0.0,
          "y": 0.0,
          "z": 0.0
        },
        "rotation_quaternion": {
          "w": 0.9388105869293213,
          "x": 0.21942849457263947,
          "y": 0.1546689122915268,
          "z": -0.21578574180603027
        },
        "scale": {
          "x": 1.0,
          "y": 1.0,
          "z": 1.0
        },
        "matrix_basis": [
          [
            0.8590281009674072,
            0.4730414152145386,
            0.19571053981781006,
            0.0
          ],
          [
            -0.3372863531112671,
            0.8105753064155579,
            -0.47875428199768066,
            0.0
          ],
          [
            -0.38510870933532715,
            0.3452529013156891,
            0.8558573126792908,
            0.0
          ],
          [
            0.0,
            0.0,
            0.0,
            1.0
          ]
        ],
        "rotation_mode": "QUATERNION"
      },
      "armature_space": {
        "head": {
          "x": 0.21533240377902985,
          "y": -0.03884778544306755,
          "z": 0.4685710370540619
        },
        "tail": {
          "x": 0.41202837228775024,
          "y": -0.1206129938364029,
          "z": 0.30598825216293335
        }
      },
      "world_space": {
        "head": {
          "x": 0.21533240377902985,
          "y": 0.02439621463418007,
          "z": 1.4184250831604004
        },
        "tail": {
          "x": 0.41202837228775024,
          "y": -0.05736899375915527,
          "z": 1.2558422088623047
        },
        "rotation_quaternion": {
          "w": 0.1324295550584793,
          "x": 0.4911007285118103,
          "y": 0.5743678212165833,
          "z": -0.6413924098014832
        },
        "matrix": [
          [
            -0.48256224393844604,
            0.734023928642273,
            -0.4778522253036499,
            0.21533240377902985
          ],
          [
            0.39426952600479126,
            -0.3051288425922394,
            -0.86686110496521,
            0.02439621463418007
          ],
          [
            -0.7821083068847656,
            -0.6067214608192444,
            -0.14216141402721405,
            1.4184250831604004
          ],
          [
            0.0,
            0.0,
            0.0,
            1.0
          ]
        ]
      },
      "bone_length_armature_space": 0.2679701755724876,
      "parent": "spine_01",
      "has_children": true,
      "is_end_bone": false
    },
    "lowerarm_l": {
      "name": "lowerarm_l",
      "local": {
        "location": {
          "x": 0.0,
          "y": 0.0,
          "z": 0.0
        },
        "rotation_quaternion": {
          "w": 0.9818893671035767,
          "x": 0.032003793865442276,
          "y": 0.017356371507048607,
          "z": 0.1859242022037506
        },
        "scale": {
          "x": 1.0,
          "y": 1.0,
          "z": 1.0
        },
        "matrix_basis": [
          [
            0.9302619099617004,
            -0.36400306224823,
            0.04598463326692581,
            0.0
          ],
          [
            0.3662249445915222,
            0.9288159012794495,
            -0.05639443174004555,
            0.0
          ],
          [
            -0.022183513268828392,
            0.06930230557918549,
            0.9973490238189697,
            0.0
          ],
          [
            0.0,
            0.0,
            0.0,
            1.0
          ]
        ],
        "rotation_mode": "QUATERNION"
      },
      "armature_space": {
        "head": {
          "x": 0.4120284914970398,
          "y": -0.12061309814453125,
          "z": 0.30598825216293335
        },
        "tail": {
          "x": 0.6276221871376038,
          "y": -0.26784268021583557,
          "z": 0.2475740909576416
        }
      },
      "world_space": {
        "head": {
          "x": 0.4120284914970398,
          "y": -0.05736909806728363,
          "z": 1.2558422088623047
        },
        "tail": {
          "x": 0.6276221871376038,
          "y": -0.20459868013858795,
          "z": 1.1974281072616577
        },
        "rotation_quaternion": {
          "w": 0.2667635381221771,
          "x": 0.5730164647102356,
          "y": 0.3920045793056488,
          "z": -0.6684472560882568
        },
        "matrix": [
          [
            -0.2009792923927307,
            0.8058840036392212,
            -0.5569186806678772,
            0.4120284914970398
          ],
          [
            0.09261427819728851,
            -0.5503405928611755,
            -0.8297879695892334,
            -0.05736909806728363
          ],
          [
            -0.9752144813537598,
            -0.21835067868232727,
            0.035970158874988556,
            1.2558422088623047
          ],
          [
            0.0,
            0.0,
            0.0,
            1.0
          ]
        ]
      },
      "bone_length_armature_space": 0.26752458727681183,
      "parent": "upperarm_l",
      "has_children": true,
      "is_end_bone": false
    },
    "metacarpal_thumb_l": {
      "name": "metacarpal_thumb_l",
      "local": {
        "location": {
          "x": 0.0,
          "y": 0.0,
          "z": 0.0
        },
        "rotation_quaternion": {
          "w": 0.9996700882911682,
          "x": -0.023221204057335854,
          "y": -0.010598639026284218,
          "z": 0.0028670388273894787
        },
        "scale": {
          "x": 1.0,
          "y": 1.0,
          "z": 1.0
        },
        "matrix_basis": [
          [
            0.9997588992118835,
            -0.005239959806203842,
            -0.021323436871170998,
            0.0
          ],
          [
            0.006224412005394697,
            0.9989051222801208,
            0.046366311609745026,
            0.0
          ],
          [
            0.0210571326315403,
            -0.04648786038160324,
            0.9986968636512756,
            0.0
          ],
          [
            0.0,
            0.0,
            0.0,
            1.0
          ]
        ],
        "rotation_mode": "QUATERNION"
      },
      "armature_space": {
        "head": {
          "x": 0.6276221871376038,
          "y": -0.26784268021583557,
          "z": 0.2475740909576416
        },
        "tail": {
          "x": 0.6415283679962158,
          "y": -0.31324517726898193,
          "z": 0.2334737628698349
        }
      },
      "world_space": {
        "head": {
          "x": 0.6276221871376038,
          "y": -0.20459868013858795,
          "z": 1.1974281072616577
        },
        "tail": {
          "x": 0.6415283679962158,
          "y": -0.2500011920928955,
          "z": 1.1833277940750122
        },
        "rotation_quaternion": {
          "w": 0.12207978218793869,
          "x": -0.9677081108093262,
          "y": -0.1636986881494522,
          "z": 0.14778445661067963
        },
        "matrix": [
          [
            0.9027249217033386,
            0.28074219822883606,
            -0.3259933292865753,
            0.6276221871376038
          ],
          [
            0.35290828347206116,
            -0.9165985584259033,
            0.1878901571035385,
            -0.20459868013858795
          ],
          [
            -0.2460576295852661,
            -0.28466153144836426,
            -0.9265190362930298,
            1.1974281072616577
          ],
          [
            0.0,
            0.0,
            0.0,
            1.0
          ]
        ]
      },
      "bone_length_armature_space": 0.049533705184207355,
      "parent": "lowerarm_l",
      "has_children": true,
      "is_end_bone": false
    },
    "thumb_01_l": {
      "name": "thumb_01_l",
      "local": {
        "location": {
          "x": 0.0,
          "y": 0.0,
          "z": 0.0
        },
        "rotation_quaternion": {
          "w": 0.9980149269104004,
          "x": -0.06161046028137207,
          "y": -0.01264763530343771,
          "z": 0.003243320155888796
        },
        "scale": {
          "x": 1.0,
          "y": 1.0,
          "z": 1.0
        },
        "matrix_basis": [
          [
            0.9996590614318848,
            -0.00491531053557992,
            -0.025644702836871147,
            0.0
          ],
          [
            0.008032216690480709,
            0.9923872351646423,
            0.1228942796587944,
            0.0
          ],
          [
            0.024845412001013756,
            -0.12305835634469986,
            0.9920883774757385,
            0.0
          ],
          [
            0.0,
            0.0,
            0.0,
            1.0
          ]
        ],
        "rotation_mode": "QUATERNION"
      },
      "armature_space": {
        "head": {
          "x": 0.6415283679962158,
          "y": -0.31324517726898193,
          "z": 0.2334737628698349
        },
        "tail": {
          "x": 0.6321309804916382,
          "y": -0.33150216937065125,
          "z": 0.20632587373256683
        }
      },
      "world_space": {
        "head": {
          "x": 0.6415283679962158,
          "y": -0.2500011920928955,
          "z": 1.1833277940750122
        },
        "tail": {
          "x": 0.6321309804916382,
          "y": -0.26825815439224243,
          "z": 1.1561799049377441
        },
        "rotation_quaternion": {
          "w": 0.33405110239982605,
          "x": -0.7811093926429749,
          "y": 0.3467407822608948,
          "z": -0.3975536525249481
        },
        "matrix": [
          [
            0.4434434175491333,
            -0.2760803699493408,
            0.8527237176895142,
            0.6415283679962158
          ],
          [
            -0.807291567325592,
            -0.5363614559173584,
            0.24616365134716034,
            -0.2500011920928955
          ],
          [
            0.3894093632698059,
            -0.7975623607635498,
            -0.4607262909412384,
            1.1833277940750122
          ],
          [
            0.0,
            0.0,
            0.0,
            1.0
          ]
        ]
      },
      "bone_length_armature_space": 0.034038750509890504,
      "parent": "metacarpal_thumb_l",
      "has_children": true,
      "is_end_bone": false
    },
    "thumb_02_l": {
      "name": "thumb_02_l",
      "local": {
        "location": {
          "x": 0.0,
          "y": 0.0,
          "z": 0.0
        },
        "rotation_quaternion": {
          "w": 0.9980087876319885,
          "x": 0.06223316490650177,
          "y": 0.0009540219325572252,
          "z": 0.010226892307400703
        },
        "scale": {
          "x": 1.0,
          "y": 1.0,
          "z": 1.0
        },
        "matrix_basis": [
          [
            0.9997889995574951,
            -0.02029431238770485,
            0.003177148289978504,
            0.0
          ],
          [
            0.020531799644231796,
            0.9920448660850525,
            -0.12419898062944412,
            0.0
          ],
          [
            -0.000631340779364109,
            0.12423800677061081,
            0.9922522306442261,
            0.0
          ],
          [
            0.0,
            0.0,
            0.0,
            1.0
          ]
        ],
        "rotation_mode": "QUATERNION"
      },
      "armature_space": {
        "head": {
          "x": 0.6321309208869934,
          "y": -0.33150210976600647,
          "z": 0.20632588863372803
        },
        "tail": {
          "x": 0.6621178984642029,
          "y": -0.3540361523628235,
          "z": 0.1919669508934021
        }
      },
      "world_space": {
        "head": {
          "x": 0.6321309208869934,
          "y": -0.26825809478759766,
          "z": 1.1561799049377441
        },
        "tail": {
          "x": 0.6621178984642029,
          "y": -0.29079216718673706,
          "z": 1.1418209075927734
        },
        "rotation_quaternion": {
          "w": 0.468047559261322,
          "x": -0.4155557453632355,
          "y": -0.0201999694108963,
          "z": -0.7796390056610107
        },
        "matrix": [
          [
            -0.21648840606212616,
            0.7466063499450684,
            0.6290561556816101,
            0.6321309208869934
          ],
          [
            -0.7130275964736938,
            -0.5610449910163879,
            0.4204997420310974,
            -0.26825809478759766
          ],
          [
            0.6668807864189148,
            -0.3575039207935333,
            0.6538156867027283,
            1.1561799049377441
          ],
          [
            0.0,
            0.0,
            0.0,
            1.0
          ]
        ]
      },
      "bone_length_armature_space": 0.04016442470190353,
      "parent": "thumb_01_l",
      "has_children": true,
      "is_end_bone": false
    },
    "thumb_03_l": {
      "name": "thumb_03_l",
      "local": {
        "location": {
          "x": 0.0,
          "y": 0.0,
          "z": 0.0
        },
        "rotation_quaternion": {
          "w": 0.9962841868400574,
          "x": 0.08557447046041489,
          "y": 0.009325842373073101,
          "z": -0.0028358057606965303
        },
        "scale": {
          "x": 1.0,
          "y": 1.0,
          "z": 1.0
        },
        "matrix_basis": [
          [
            0.999809980392456,
            0.007246644701808691,
            0.018097033724188805,
            0.0
          ],
          [
            -0.00405442900955677,
            0.9853379130363464,
            -0.1705658733844757,
            0.0
          ],
          [
            -0.01906772330403328,
            0.17046009004116058,
            0.9851800799369812,
            0.0
          ],
          [
            0.0,
            0.0,
            0.0,
            1.0
          ]
        ],
        "rotation_mode": "QUATERNION"
      },
      "armature_space": {
        "head": {
          "x": 0.6621178388595581,
          "y": -0.3540361821651459,
          "z": 0.1919669657945633
        },
        "tail": {
          "x": 0.691248893737793,
          "y": -0.3622554838657379,
          "z": 0.1886933296918869
        }
      },
      "world_space": {
        "head": {
          "x": 0.6621178388595581,
          "y": -0.29079216718673706,
          "z": 1.141821026802063
        },
        "tail": {
          "x": 0.691248893737793,
          "y": -0.2990114688873291,
          "z": 1.1385473012924194
        },
        "rotation_quaternion": {
          "w": 0.6025933027267456,
          "x": -0.14580297470092773,
          "y": -0.04352323338389397,
          "z": -0.7834084033966064
        },
        "matrix": [
          [
            -0.23124557733535767,
            0.9568448662757874,
            0.1759919673204422,
            0.6621178388595581
          ],
          [
            -0.9314613342285156,
            -0.2699734568595886,
            0.2439139187335968,
            -0.29079216718673706
          ],
          [
            0.280902236700058,
            -0.10752646625041962,
            0.9537012577056885,
            1.141821026802063
          ],
          [
            0.0,
            0.0,
            0.0,
            1.0
          ]
        ]
      },
      "bone_length_armature_space": 0.030444900174239935,
      "parent": "thumb_02_l",
      "has_children": false,
      "is_end_bone": true
    },
    "metacarpal_index_l": {
      "name": "metacarpal_index_l",
      "local": {
        "location": {
          "x": 0.0,
          "y": 0.0,
          "z": 0.0
        },
        "rotation_quaternion": {
          "w": 0.9999468922615051,
          "x": -0.0020145736634731293,
          "y": -0.008204245939850807,
          "z": 0.005906851030886173
        },
        "scale": {
          "x": 1.0,
          "y": 1.0,
          "z": 1.0
        },
        "matrix_basis": [
          [
            0.9997956156730652,
            -0.011780018918216228,
            -0.016431419178843498,
            0.0
          ],
          [
            0.011846130713820457,
            0.9999220967292786,
            0.0039320108480751514,
            0.0
          ],
          [
            0.01638382114470005,
            -0.00412585586309433,
            0.9998572468757629,
            0.0
          ],
          [
            0.0,
            0.0,
            0.0,
            1.0
          ]
        ],
        "rotation_mode": "QUATERNION"
      },
      "armature_space": {
        "head": {
          "x": 0.6276221871376038,
          "y": -0.26784268021583557,
          "z": 0.2475740909576416
        },
        "tail": {
          "x": 0.6959390640258789,
          "y": -0.3589571714401245,
          "z": 0.22000262141227722
        }
      },
      "world_space": {
        "head": {
          "x": 0.6276221871376038,
          "y": -0.20459868013858795,
          "z": 1.1974281072616577
        },
        "tail": {
          "x": 0.6959390640258789,
          "y": -0.2957131862640381,
          "z": 1.1698566675186157
        },
        "rotation_quaternion": {
          "w": 0.009847729466855526,
          "x": 0.8634511828422546,
          "y": 0.33330947160720825,
          "z": -0.3784968852996826
        },
        "matrix": [
          [
            0.4912891685962677,
            0.5830489993095398,
            -0.647061824798584,
            0.6276221871376038
          ],
          [
            0.5681384205818176,
            -0.7776150107383728,
            -0.2693212926387787,
            -0.20459868013858795
          ],
          [
            -0.6601964235305786,
            -0.2353082299232483,
            -0.713291585445404,
            1.1974281072616577
          ],
          [
            0.0,
            0.0,
            0.0,
            1.0
          ]
        ]
      },
      "bone_length_armature_space": 0.11717180479762994,
      "parent": "lowerarm_l",
      "has_children": true,
      "is_end_bone": false
    },
    "index_01_l": {
      "name": "index_01_l",
      "local": {
        "location": {
          "x": 0.0,
          "y": 0.0,
          "z": 0.0
        },
        "rotation_quaternion": {
          "w": 0.9936590790748596,
          "x": -0.10936027765274048,
          "y": 0.026085928082466125,
          "z": 0.0012962660985067487
        },
        "scale": {
          "x": 1.0,
          "y": 1.0,
          "z": 1.0
        },
        "matrix_basis": [
          [
            0.9986357092857361,
            -0.00828162208199501,
            0.0515575185418129,
            0.0
          ],
          [
            -0.003129435470327735,
            0.9760773181915283,
            0.21740129590034485,
            0.0
          ],
          [
            -0.05212455987930298,
            -0.2172660380601883,
            0.9747197031974792,
            0.0
          ],
          [
            0.0,
            0.0,
            0.0,
            1.0
          ]
        ],
        "rotation_mode": "QUATERNION"
      },
      "armature_space": {
        "head": {
          "x": 0.6959390640258789,
          "y": -0.3589571714401245,
          "z": 0.22000262141227722
        },
        "tail": {
          "x": 0.7214253544807434,
          "y": -0.37078726291656494,
          "z": 0.2151479572057724
        }
      },
      "world_space": {
        "head": {
          "x": 0.6959390640258789,
          "y": -0.2957131862640381,
          "z": 1.1698566675186157
        },
        "tail": {
          "x": 0.7214253544807434,
          "y": -0.3075432777404785,
          "z": 1.1650019884109497
        },
        "rotation_quaternion": {
          "w": 0.06743777543306351,
          "x": 0.800169825553894,
          "y": 0.5366664528846741,
          "z": -0.2591709494590759
        },
        "matrix": [
          [
            0.28963834047317505,
            0.8938053250312805,
            -0.3423770070075989,
            0.6959390640258789
          ],
          [
            0.8238927125930786,
            -0.4148814082145691,
            -0.38610199093818665,
            -0.2957131862640381
          ],
          [
            -0.48714834451675415,
            -0.17025329172611237,
            -0.8565713763237,
            1.1698566675186157
          ],
          [
            0.0,
            0.0,
            0.0,
            1.0
          ]
        ]
      },
      "bone_length_armature_space": 0.028514379159161888,
      "parent": "metacarpal_index_l",
      "has_children": true,
      "is_end_bone": false
    },
    "index_02_l": {
      "name": "index_02_l",
      "local": {
        "location": {
          "x": 0.0,
          "y": 0.0,
          "z": 0.0
        },
        "rotation_quaternion": {
          "w": 0.9996834993362427,
          "x": 0.024890601634979248,
          "y": -0.0034973558504134417,
          "z": 0.0010768503416329622
        },
        "scale": {
          "x": 1.0,
          "y": 1.0,
          "z": 1.0
        },
        "matrix_basis": [
          [
            0.9999732375144958,
            -0.0023271215613931417,
            -0.006938891019672155,
            0.0
          ],
          [
            0.00197891634888947,
            0.9987586140632629,
            -0.04977298155426979,
            0.0
          ],
          [
            0.007046104874461889,
            0.04975791648030281,
            0.9987364411354065,
            0.0
          ],
          [
            0.0,
            0.0,
            0.0,
            1.0
          ]
        ],
        "rotation_mode": "QUATERNION"
      },
      "armature_space": {
        "head": {
          "x": 0.7214255332946777,
          "y": -0.37078773975372314,
          "z": 0.2151477336883545
        },
        "tail": {
          "x": 0.7444027662277222,
          "y": -0.3810350298881531,
          "z": 0.210134819149971
        }
      },
      "world_space": {
        "head": {
          "x": 0.7214255332946777,
          "y": -0.3075437545776367,
          "z": 1.1650017499923706
        },
        "tail": {
          "x": 0.7444027662277222,
          "y": -0.31779104471206665,
          "z": 1.1599888801574707
        },
        "rotation_quaternion": {
          "w": 0.07802864909172058,
          "x": 0.783555269241333,
          "y": 0.5423873662948608,
          "z": -0.29286274313926697
        },
        "matrix": [
          [
            0.2400936782360077,
            0.8956854343414307,
            -0.3743031919002533,
            0.7214255332946777
          ],
          [
            0.8042774796485901,
            -0.39945340156555176,
            -0.4399717450141907,
            -0.3075437545776367
          ],
          [
            -0.5435959100723267,
            -0.1954106092453003,
            -0.816291868686676,
            1.1650017499923706
          ],
          [
            0.0,
            0.0,
            0.0,
            1.0
          ]
        ]
      },
      "bone_length_armature_space": 0.025653254598035167,
      "parent": "index_01_l",
      "has_children": true,
      "is_end_bone": false
    },
    "index_03_l": {
      "name": "index_03_l",
      "local": {
        "location": {
          "x": 0.0,
          "y": 0.0,
          "z": 0.0
        },
        "rotation_quaternion": {
          "w": 0.9994968771934509,
          "x": 0.030724523589015007,
          "y": 0.00784944836050272,
          "z": 0.0006048583891242743
        },
        "scale": {
          "x": 1.0,
          "y": 1.0,
          "z": 1.0
        },
        "matrix_basis": [
          [
            0.9998760223388672,
            -0.0007267670007422566,
            0.015728166326880455,
            0.0
          ],
          [
            0.001691449317149818,
            0.9981112480163574,
            -0.0614086352288723,
            0.0
          ],
          [
            -0.015653830021619797,
            0.06142762675881386,
            0.997988760471344,
            0.0
          ],
          [
            0.0,
            0.0,
            0.0,
            1.0
          ]
        ],
        "rotation_mode": "QUATERNION"
      },
      "armature_space": {
        "head": {
          "x": 0.7444028258323669,
          "y": -0.3810349702835083,
          "z": 0.21013495326042175
        },
        "tail": {
          "x": 0.7691945433616638,
          "y": -0.3922308385372162,
          "z": 0.19946932792663574
        }
      },
      "world_space": {
        "head": {
          "x": 0.7444028258323669,
          "y": -0.3177909851074219,
          "z": 1.1599889993667603
        },
        "tail": {
          "x": 0.7691945433616638,
          "y": -0.3289868235588074,
          "z": 1.1493233442306519
        },
        "rotation_quaternion": {
          "w": 0.01814085803925991,
          "x": -0.7742517590522766,
          "y": -0.5550522804260254,
          "z": 0.3035164475440979
        },
        "matrix": [
          [
            0.19958823919296265,
            0.8484894037246704,
            -0.4901331663131714,
            0.7444028258323669
          ],
          [
            0.8705121874809265,
            -0.3831746280193329,
            -0.30884626507759094,
            -0.3177909851074219
          ],
          [
            -0.44986167550086975,
            -0.36502742767333984,
            -0.8151034116744995,
            1.1599889993667603
          ],
          [
            0.0,
            0.0,
            0.0,
            1.0
          ]
        ]
      },
      "bone_length_armature_space": 0.029218697300442048,
      "parent": "index_02_l",
      "has_children": false,
      "is_end_bone": true
    },
    "metacarpal_pinky_l": {
      "name": "metacarpal_pinky_l",
      "local": {
        "location": {
          "x": 0.0,
          "y": 0.0,
          "z": 0.0
        },
        "rotation_quaternion": {
          "w": 0.9999765157699585,
          "x": -0.001850752392783761,
          "y": 0.005393157247453928,
          "z": 0.0038031269796192646
        },
        "scale": {
          "x": 1.0,
          "y": 1.0,
          "z": 1.0
        },
        "matrix_basis": [
          [
            0.9999129176139832,
            -0.007626038044691086,
            0.010771984234452248,
            0.0
          ],
          [
            0.0075861127115786076,
            0.9999642372131348,
            0.0037424396723508835,
            0.0
          ],
          [
            -0.010800138115882874,
            -0.003660396207123995,
            0.99993497133255,
            0.0
          ],
          [
            0.0,
            0.0,
            0.0,
            1.0
          ]
        ],
        "rotation_mode": "QUATERNION"
      },
      "armature_space": {
        "head": {
          "x": 0.6276221871376038,
          "y": -0.26784268021583557,
          "z": 0.2475740909576416
        },
        "tail": {
          "x": 0.725287675857544,
          "y": -0.29530468583106995,
          "z": 0.22411096096038818
        }
      },
      "world_space": {
        "head": {
          "x": 0.6276221871376038,
          "y": -0.20459868013858795,
          "z": 1.1974281072616577
        },
        "tail": {
          "x": 0.725287675857544,
          "y": -0.23206068575382233,
          "z": 1.1739649772644043
        },
        "rotation_quaternion": {
          "w": 0.5781548023223877,
          "x": 0.057519469410181046,
          "y": 0.18404746055603027,
          "z": -0.7928146719932556
        },
        "matrix": [
          [
            -0.3248567581176758,
            0.9379116892814636,
            0.12161321192979813,
            0.6276221871376038
          ],
          [
            -0.8955674171447754,
            -0.26372629404067993,
            -0.35834038257598877,
            -0.20459868013858795
          ],
          [
            -0.3040218949317932,
            -0.22532375156879425,
            0.9256424903869629,
            1.1974281072616577
          ],
          [
            0.0,
            0.0,
            0.0,
            1.0
          ]
        ]
      },
      "bone_length_armature_space": 0.10413082280346621,
      "parent": "lowerarm_l",
      "has_children": true,
      "is_end_bone": false
    },
    "pinky_01_l": {
      "name": "pinky_01_l",
      "local": {
        "location": {
          "x": 0.0,
          "y": 0.0,
          "z": 0.0
        },
        "rotation_quaternion": {
          "w": 0.9920040369033813,
          "x": -0.1250276267528534,
          "y": 0.0017104363068938255,
          "z": 0.01712365262210369
        },
        "scale": {
          "x": 1.0,
          "y": 1.0,
          "z": 1.0
        },
        "matrix_basis": [
          [
            0.9994077086448669,
            -0.034401167184114456,
            -0.0008883398259058595,
            0.0
          ],
          [
            0.03354576230049133,
            0.968149721622467,
            0.24811439216136932,
            0.0
          ],
          [
            -0.007675378583371639,
            -0.2479972392320633,
            0.9687303304672241,
            0.0
          ],
          [
            0.0,
            0.0,
            0.0,
            1.0
          ]
        ],
        "rotation_mode": "QUATERNION"
      },
      "armature_space": {
        "head": {
          "x": 0.725287675857544,
          "y": -0.29530468583106995,
          "z": 0.22411096096038818
        },
