{
  "metadata": {
    "armature_name": "KIM_caucasian_male",
    "export_time": "2026-01-13T21:08:02.375055",
    "blender_version": "4.4.1",
    "bone_count": 56,
    "end_bone_count": 13,
    "spaces_included": [
      "LOCAL_CHANNELS",
      "ARMATURE_SPACE",
      "WORLD_SPACE"
    ],
    "note": "LOCAL matches Transform panel; replay pose via local.matrix_basis for best fidelity."
  },
  "bones": {
    "Root": {
      "name": "Root",
      "local": {
        "location": {
          "x": 0.0,
          "y": 0.0,
          "z": 0.0
        },
        "rotation_quaternion": {
          "w": 0.9999252557754517,
          "x": -0.0019537005573511124,
          "y": 0.006518849171698093,
          "z": -0.010157178156077862
        },
        "scale": {
          "x": 1.0,
          "y": 1.0,
          "z": 1.0
        },
        "matrix_basis": [
          [
            0.9997086524963379,
            0.020287366583943367,
            0.013076411560177803,
            0.0
          ],
          [
            -0.020338309928774834,
            0.9997860193252563,
            0.0037746827583760023,
            0.0
          ],
          [
            -0.0129970358684659,
            -0.00403953529894352,
            0.999907374382019,
            0.0
          ],
          [
            0.0,
            0.0,
            0.0,
            1.0
          ]
        ],
        "rotation_mode": "QUATERNION"
      },
      "armature_space": {
        "head": {
          "x": 0.0,
          "y": 0.07072800397872925,
          "z": -0.009595036506652832
        },
        "tail": {
          "x": 0.001448028371669352,
          "y": 5.389750003814697e-05,
          "z": 0.00028365757316350937
        }
      },
      "world_space": {
        "head": {
          "x": 0.0,
          "y": 0.13397200405597687,
          "z": 0.9402589797973633
        },
        "tail": {
          "x": 0.001448028371669352,
          "y": 0.06329789757728577,
          "z": 0.9501376748085022
        },
        "rotation_quaternion": {
          "w": 0.06931190192699432,
          "x": 0.9975221157073975,
          "y": 0.010573266074061394,
          "z": 0.005819773301482201
        },
        "matrix": [
          [
            0.9997086524963379,
            0.020287366583943367,
            0.013076411560177803,
            0.0
          ],
          [
            0.02190089039504528,
            -0.9901680946350098,
            -0.1381576508283615,
            0.13397200405597687
          ],
          [
            0.01014508306980133,
            0.13840383291244507,
            -0.9903309941291809,
            0.9402589797973633
          ],
          [
            0.0,
            0.0,
            0.0,
            1.0
          ]
        ]
      },
      "bone_length_armature_space": 0.07137586826831388,
      "parent": null,
      "has_children": true,
      "is_end_bone": false
    },
    "spine_01": {
      "name": "spine_01",
      "local": {
        "location": {
          "x": 0.0,
          "y": 0.0,
          "z": 0.0
        },
        "rotation_quaternion": {
          "w": 0.998787522315979,
          "x": 0.016579829156398773,
          "y": 0.0359005443751812,
          "z": -0.029320603236556053
        },
        "scale": {
          "x": 1.0,
          "y": 1.0,
          "z": 1.0
        },
        "matrix_basis": [
          [
            0.9957029223442078,
            0.05976055562496185,
            0.07074177265167236,
            0.0
          ],
          [
            -0.05737965553998947,
            0.9977308511734009,
            -0.035224705934524536,
            0.0
          ],
          [
            -0.07268629223108292,
            0.031014202162623405,
            0.9968725442886353,
            0.0
          ],
          [
            0.0,
            0.0,
            0.0,
            1.0
          ]
        ],
        "rotation_mode": "QUATERNION"
      },
      "armature_space": {
        "head": {
          "x": 0.001448028371669352,
          "y": 5.389750003814697e-05,
          "z": 0.00028365757316350937
        },
        "tail": {
          "x": 0.02545282058417797,
          "y": 0.010177507065236568,
          "z": 0.4875924587249756
        }
      },
      "world_space": {
        "head": {
          "x": 0.001448028371669352,
          "y": 0.06329789757728577,
          "z": 0.9501376748085022
        },
        "tail": {
          "x": 0.02545282058417797,
          "y": 0.07342150807380676,
          "z": 1.4374464750289917
        },
        "rotation_quaternion": {
          "w": 0.7126325964927673,
          "x": 0.699576735496521,
          "y": 0.05027128383517265,
          "z": 0.01483739260584116
        },
        "matrix": [
          [
            0.9945052862167358,
            0.04919002577662468,
            0.09240935742855072,
            0.001448028371669352
          ],
          [
            0.09148409962654114,
            0.02074505016207695,
            -0.9955905079841614,
            0.06329789757728577
          ],
          [
            -0.05089043080806732,
            0.9985811114311218,
            0.016130171716213226,
            0.9501376748085022
          ],
          [
            0.0,
            0.0,
            0.0,
            1.0
          ]
        ]
      },
      "bone_length_armature_space": 0.488004697110225,
      "parent": "Root",
      "has_children": true,
      "is_end_bone": false
    },
    "neck_01": {
      "name": "neck_01",
      "local": {
        "location": {
          "x": 0.0,
          "y": 0.0,
          "z": 0.0
        },
        "rotation_quaternion": {
          "w": 0.988787055015564,
          "x": 0.003711030352860689,
          "y": -0.08672793209552765,
          "z": 0.12151037901639938
        },
        "scale": {
          "x": 1.0,
          "y": 1.0,
          "z": 1.0
        },
        "matrix_basis": [
          [
            0.9554269909858704,
            -0.24093948304653168,
            -0.17060905694961548,
            0.0
          ],
          [
            0.23965208232402802,
            0.9704428911209106,
            -0.02841552533209324,
            0.0
          ],
          [
            0.17241276800632477,
            -0.01373784989118576,
            0.9849289655685425,
            0.0
          ],
          [
            0.0,
            0.0,
            0.0,
            1.0
          ]
        ],
        "rotation_mode": "QUATERNION"
      },
      "armature_space": {
        "head": {
          "x": 0.03225923702120781,
          "y": -0.022831089794635773,
          "z": 0.5612664222717285
        },
        "tail": {
          "x": 0.015618886798620224,
          "y": -0.05946336314082146,
          "z": 0.6555634140968323
        }
      },
      "world_space": {
        "head": {
          "x": 0.03225923702120781,
          "y": 0.04041291028261185,
          "z": 1.5111204385757446
        },
        "tail": {
          "x": 0.015618886798620224,
          "y": 0.0037806369364261627,
          "z": 1.6054174900054932
        },
        "rotation_quaternion": {
          "w": 0.558350145816803,
          "x": 0.8238059878349304,
          "y": -0.09791871160268784,
          "z": 0.000876589969266206
        },
        "matrix": [
          [
            0.9808221459388733,
            -0.16231109201908112,
            -0.10790233314037323,
            0.03225923702120781
          ],
          [
            -0.16035392880439758,
            -0.3573136627674103,
            -0.9201162457466125,
            0.04041291028261185
          ],
          [
            0.11079073697328568,
            0.9197790622711182,
            -0.37649184465408325,
            1.5111204385757446
          ],
          [
            0.0,
            0.0,
            0.0,
            1.0
          ]
        ]
      },
      "bone_length_armature_space": 0.10252193509406111,
      "parent": "spine_01",
      "has_children": true,
      "is_end_bone": false
    },
    "head": {
      "name": "head",
      "local": {
        "location": {
          "x": 0.0,
          "y": 0.0,
          "z": 0.0
        },
        "rotation_quaternion": {
          "w": 0.9698192477226257,
          "x": -0.15312843024730682,
          "y": -0.1255069524049759,
          "z": 0.14230412244796753
        },
        "scale": {
          "x": 1.0,
          "y": 1.0,
          "z": 1.0
        },
        "matrix_basis": [
          [
            0.9279950857162476,
            -0.23758119344711304,
            -0.2870197296142578,
            0.0
          ],
          [
            0.31445592641830444,
            0.912602424621582,
            0.2612934708595276,
            0.0
          ],
          [
            0.19985650479793549,
            -0.3327341079711914,
            0.9215993881225586,
            0.0
          ],
          [
            0.0,
            0.0,
            0.0,
            1.0
          ]
        ],
        "rotation_mode": "QUATERNION"
      },
      "armature_space": {
        "head": {
          "x": 0.015618879348039627,
          "y": -0.05946347862482071,
          "z": 0.6555632948875427
        },
        "tail": {
          "x": -0.02811441570520401,
          "y": -0.00259476900100708,
          "z": 0.7930645942687988
        }
      },
      "world_space": {
        "head": {
          "x": 0.015618879348039627,
          "y": 0.0037805214524269104,
          "z": 1.605417251586914
        },
        "tail": {
          "x": -0.02811441570520401,
          "y": 0.06064923107624054,
          "z": 1.742918610572815
        },
        "rotation_quaternion": {
          "w": 0.7776074409484863,
          "x": 0.5623143911361694,
          "y": -0.2804758846759796,
          "z": -0.02150481380522251
        },
        "matrix": [
          [
            0.8417425155639648,
            -0.28198617696762085,
            -0.46038389205932617,
            0.015618879348039627
          ],
          [
            -0.34887415170669556,
            0.3666814863681793,
            -0.8624569177627563,
            0.0037805214524269104
          ],
          [
            0.4120177924633026,
            0.8865892291069031,
            0.21027447283267975,
            1.605417251586914
          ],
          [
            0.0,
            0.0,
            0.0,
            1.0
          ]
        ]
      },
      "bone_length_armature_space": 0.1550911329504693,
      "parent": "neck_01",
      "has_children": false,
      "is_end_bone": true
    },
    "upperarm_l": {
      "name": "upperarm_l",
      "local": {
        "location": {
          "x": 0.0,
          "y": 0.0,
          "z": 0.0
        },
        "rotation_quaternion": {
          "w": 0.8081391453742981,
          "x": 0.452070415019989,
          "y": 0.056767627596855164,
          "z": -0.3732571303844452
        },
        "scale": {
          "x": 1.0,
          "y": 1.0,
          "z": 1.0
        },
        "matrix_basis": [
          [
            0.7149131298065186,
            0.6546133160591125,
            -0.24572472274303436,
            0.0
          ],
          [
            -0.5519614815711975,
            0.31262290477752686,
            -0.7730494141578674,
            0.0
          ],
          [
            -0.4292292892932892,
            0.6882937550544739,
            0.5848195552825928,
            0.0
          ],
          [
            0.0,
            0.0,
            0.0,
            1.0
          ]
        ],
        "rotation_mode": "QUATERNION"
      },
      "armature_space": {
        "head": {
          "x": 0.17842377722263336,
          "y": -0.013677768409252167,
          "z": 0.48657190799713135
        },
        "tail": {
          "x": 0.27213919162750244,
          "y": -0.18549904227256775,
          "z": 0.3035335838794708
        }
      },
      "world_space": {
        "head": {
          "x": 0.17842377722263336,
          "y": 0.04956623166799545,
          "z": 1.4364259243011475
        },
        "tail": {
          "x": 0.27213919162750244,
          "y": -0.12225504219532013,
          "z": 1.2533875703811646
        },
        "rotation_quaternion": {
          "w": 0.0015126276994124055,
          "x": -0.41571855545043945,
          "y": -0.42355626821517944,
          "z": 0.8048452734947205
        },
        "matrix": [
          [
            -0.6543527245521545,
            0.34972432255744934,
            -0.670458972454071,
            0.17842377722263336
          ],
          [
            0.35459381341934204,
            -0.6411972641944885,
            -0.6805362701416016,
            0.04956623166799545
          ],
          [
            -0.6679009795188904,
            -0.6830567121505737,
            0.2955605983734131,
            1.4364259243011475
          ],
          [
            0.0,
            0.0,
            0.0,
            1.0
          ]
        ]
      },
      "bone_length_armature_space": 0.26797043797041975,
      "parent": "spine_01",
      "has_children": true,
      "is_end_bone": false
    },
    "lowerarm_l": {
      "name": "lowerarm_l",
      "local": {
        "location": {
          "x": 0.0,
          "y": 0.0,
          "z": 0.0
        },
        "rotation_quaternion": {
          "w": 0.9772236347198486,
          "x": 0.03587142378091812,
          "y": -0.09381120651960373,
          "z": 0.18694031238555908
        },
        "scale": {
          "x": 1.0,
          "y": 1.0,
          "z": 1.0
        },
        "matrix_basis": [
          [
            0.912505567073822,
            -0.3720952570438385,
            -0.16993743181228638,
            0.0
          ],
          [
            0.35863471031188965,
            0.9275331497192383,
            -0.10518299788236618,
            0.0
          ],
          [
            0.19676068425178528,
            0.03503461554646492,
            0.9798253774642944,
            0.0
          ],
          [
            0.0,
            0.0,
            0.0,
            1.0
          ]
        ],
        "rotation_mode": "QUATERNION"
      },
      "armature_space": {
        "head": {
          "x": 0.2721392810344696,
          "y": -0.1854991763830185,
          "z": 0.3035336136817932
        },
        "tail": {
          "x": 0.4167719781398773,
          "y": -0.3965436816215515,
          "z": 0.2253604531288147
        }
      },
      "world_space": {
        "head": {
          "x": 0.2721392810344696,
          "y": -0.12225517630577087,
          "z": 1.253387689590454
        },
        "tail": {
          "x": 0.4167719781398773,
          "y": -0.3332996964454651,
          "z": 1.1752145290374756
        },
        "rotation_quaternion": {
          "w": 0.2083895206451416,
          "x": 0.34989112615585327,
          "y": 0.24926728010177612,
          "z": -0.8786442875862122
        },
        "matrix": [
          [
            -0.6683001518249512,
            0.540633499622345,
            -0.5109696388244629,
            0.2721392810344696
          ],
          [
            -0.19176876544952393,
            -0.7888792753219604,
            -0.5838615894317627,
            -0.12225517630577087
          ],
          [
            -0.7187538743019104,
            -0.29220935702323914,
            0.6308888792991638,
            1.253387689590454
          ],
          [
            0.0,
            0.0,
            0.0,
            1.0
          ]
        ]
      },
      "bone_length_armature_space": 0.26752465907778433,
      "parent": "upperarm_l",
      "has_children": true,
      "is_end_bone": false
    },
    "metacarpal_thumb_l": {
      "name": "metacarpal_thumb_l",
      "local": {
        "location": {
          "x": 0.0,
          "y": 0.0,
          "z": 0.0
        },
        "rotation_quaternion": {
          "w": 0.9998968243598938,
          "x": 0.0012473477981984615,
          "y": -0.01401214674115181,
          "z": 0.0029048160649836063
        },
        "scale": {
          "x": 1.0,
          "y": 1.0,
          "z": 1.0
        },
        "matrix_basis": [
          [
            0.9995904564857483,
            -0.005843988619744778,
            -0.028014155104756355,
            0.0
          ],
          [
            0.00577407656237483,
            0.9999800324440002,
            -0.002575843594968319,
            0.0
          ],
          [
            0.02802864834666252,
            0.0024130328092724085,
            0.9996042251586914,
            0.0
          ],
          [
            0.0,
            0.0,
            0.0,
            1.0
          ]
        ],
        "rotation_mode": "QUATERNION"
      },
      "armature_space": {
        "head": {
          "x": 0.4167719781398773,
          "y": -0.3965436816215515,
          "z": 0.2253604531288147
        },
        "tail": {
          "x": 0.41666871309280396,
          "y": -0.4460735619068146,
          "z": 0.22596310079097748
        }
      },
      "world_space": {
        "head": {
          "x": 0.4167719781398773,
          "y": -0.3332996964454651,
          "z": 1.1752145290374756
        },
        "tail": {
          "x": 0.41666871309280396,
          "y": -0.38282954692840576,
          "z": 1.1758171319961548
        },
        "rotation_quaternion": {
          "w": 0.0051176706328988075,
          "x": 0.9116398096084595,
          "y": -0.0034502160269767046,
          "z": -0.41094377636909485
        },
        "matrix": [
          [
            0.6622264385223389,
            -0.0020844880491495132,
            -0.7493006587028503,
            0.4167719781398773
          ],
          [
            -0.01049696933478117,
            -0.9999237060546875,
            -0.0064955707639455795,
            -0.3332996964454651
          ],
          [
            -0.7492353916168213,
            0.012166338041424751,
            -0.662202775478363,
            1.1752145290374756
          ],
          [
            0.0,
            0.0,
            0.0,
            1.0
          ]
        ]
      },
      "bone_length_armature_space": 0.04953365504066757,
      "parent": "lowerarm_l",
      "has_children": true,
      "is_end_bone": false
    },
    "thumb_01_l": {
      "name": "thumb_01_l",
      "local": {
        "location": {
          "x": 0.0,
          "y": 0.0,
          "z": 0.0
        },
        "rotation_quaternion": {
          "w": 0.9613314867019653,
          "x": 0.2751023769378662,
          "y": -0.012673184275627136,
          "z": 0.00020728586241602898
        },
        "scale": {
          "x": 1.0,
          "y": 1.0,
          "z": 1.0
        },
        "matrix_basis": [
          [
            0.9996786713600159,
            -0.007371386978775263,
            -0.024252211675047874,
            0.0
          ],
          [
            -0.006574305240064859,
            0.8486372828483582,
            -0.5289344191551208,
            0.0
          ],
          [
            0.024480311200022697,
            0.5289239287376404,
            0.8483161330223083,
            0.0
          ],
          [
            0.0,
            0.0,
            0.0,
            1.0
          ]
        ],
        "rotation_mode": "QUATERNION"
      },
      "armature_space": {
        "head": {
          "x": 0.41666871309280396,
          "y": -0.4460735619068146,
          "z": 0.22596310079097748
        },
        "tail": {
          "x": 0.40879255533218384,
          "y": -0.4667598307132721,
          "z": 0.2001042664051056
        }
      },
      "world_space": {
        "head": {
          "x": 0.41666871309280396,
          "y": -0.38282954692840576,
          "z": 1.1758171319961548
        },
        "tail": {
          "x": 0.40879255533218384,
          "y": -0.4035158157348633,
          "z": 1.1499582529067993
        },
        "rotation_quaternion": {
          "w": 0.32490673661231995,
          "x": -0.8067491054534912,
          "y": 0.3009493350982666,
          "z": -0.39117923378944397
        },
        "matrix": [
          [
            0.5128164291381836,
            -0.23138940334320068,
            0.8267272710800171,
            0.41666871309280396
          ],
          [
            -0.739774763584137,
            -0.607730507850647,
            0.288784921169281,
            -0.38282954692840576
          ],
          [
            0.43560829758644104,
            -0.7596917748451233,
            -0.48283350467681885,
            1.1758171319961548
          ],
          [
            0.0,
            0.0,
            0.0,
            1.0
          ]
        ]
      },
      "bone_length_armature_space": 0.03403872614179671,
      "parent": "metacarpal_thumb_l",
      "has_children": true,
      "is_end_bone": false
    },
    "thumb_02_l": {
      "name": "thumb_02_l",
      "local": {
        "location": {
          "x": 0.0,
          "y": 0.0,
          "z": 0.0
        },
        "rotation_quaternion": {
          "w": 0.8833100199699402,
          "x": 0.4686834514141083,
          "y": -0.005854043178260326,
          "z": 0.008073749952018261
        },
        "scale": {
          "x": 1.0,
          "y": 1.0,
          "z": 1.0
        },
        "matrix_basis": [
          [
            0.9998010993003845,
            -0.01975063420832157,
            -0.0027738038916140795,
            0.0
          ],
          [
            0.0087758619338274,
            0.5605412721633911,
            -0.8280801177024841,
            0.0
          ],
          [
            0.017909936606884003,
            0.8278910517692566,
            0.5606030821800232,
            0.0
          ],
          [
            0.0,
            0.0,
            0.0,
            1.0
          ]
        ],
        "rotation_mode": "QUATERNION"
      },
      "armature_space": {
        "head": {
          "x": 0.40879249572753906,
          "y": -0.4667598009109497,
          "z": 0.20010429620742798
        },
        "tail": {
          "x": 0.4476880133152008,
          "y": -0.46468010544776917,
          "z": 0.20990192890167236
        }
      },
      "world_space": {
        "head": {
          "x": 0.40879249572753906,
          "y": -0.4035158157348633,
          "z": 1.1499583721160889
        },
        "tail": {
          "x": 0.4476880133152008,
          "y": -0.40143609046936035,
          "z": 1.1597559452056885
        },
        "rotation_quaternion": {
          "w": 0.6215851902961731,
          "x": -0.19975417852401733,
          "y": -0.37352392077445984,
          "z": -0.6589462161064148
        },
        "matrix": [
          [
            -0.1474582999944687,
            0.9684078693389893,
            -0.2011023461818695,
            0.40879249572753906
          ],
          [
            -0.6699574589729309,
            0.05177980661392212,
            0.7405915260314941,
            -0.4035158157348633
          ],
          [
            0.7276124358177185,
            0.24393822252750397,
            0.6411619186401367,
            1.1499583721160889
          ],
          [
            0.0,
            0.0,
            0.0,
            1.0
          ]
        ]
      },
      "bone_length_armature_space": 0.04016441318162161,
      "parent": "thumb_01_l",
      "has_children": true,
      "is_end_bone": false
    },
    "thumb_03_l": {
      "name": "thumb_03_l",
      "local": {
        "location": {
          "x": 0.0,
          "y": 0.0,
          "z": 0.0
        },
        "rotation_quaternion": {
          "w": 0.9885350465774536,
          "x": 0.15069709718227386,
          "y": -0.009437263943254948,
          "z": -0.00015836900274734944
        },
        "scale": {
          "x": 1.0,
          "y": 1.0,
          "z": 1.0
        },
        "matrix_basis": [
          [
            0.9998218417167664,
            -0.0025312299840152264,
            -0.018705863505601883,
            0.0
          ],
          [
            -0.0031574431341141462,
            0.9545807242393494,
            -0.29793572425842285,
            0.0
          ],
          [
            0.018610401079058647,
            0.2979417145252228,
            0.9544026255607605,
            0.0
          ],
          [
            0.0,
            0.0,
            0.0,
            1.0
          ]
        ],
        "rotation_mode": "QUATERNION"
      },
      "armature_space": {
        "head": {
          "x": 0.4476879835128784,
          "y": -0.46468019485473633,
          "z": 0.20990191400051117
        },
        "tail": {
          "x": 0.4696468710899353,
          "y": -0.4505980312824249,
          "z": 0.22559888660907745
        }
      },
      "world_space": {
        "head": {
          "x": 0.4476879835128784,
          "y": -0.4014362096786499,
          "z": 1.1597559452056885
        },
        "tail": {
          "x": 0.4696468710899353,
          "y": -0.3873540163040161,
          "z": 1.1754529476165771
        },
        "rotation_quaternion": {
          "w": 0.7594965696334839,
          "x": 0.07393673807382584,
          "y": -0.3929874002933502,
          "z": -0.5130879878997803
        },
        "matrix": [
          [
            0.16460120677947998,
            0.7212666273117065,
            -0.6728156208992004,
            0.4476879835128784
          ],
          [
            -0.8374894261360168,
            0.46254655718803406,
            0.2909677028656006,
            -0.4014362096786499
          ],
          [
            0.5210769772529602,
            0.5155864357948303,
            0.6801939606666565,
            1.1597559452056885
          ],
          [
            0.0,
            0.0,
            0.0,
            1.0
          ]
        ]
      },
      "bone_length_armature_space": 0.030444950944153712,
      "parent": "thumb_02_l",
      "has_children": false,
      "is_end_bone": true
    },
    "metacarpal_index_l": {
      "name": "metacarpal_index_l",
      "local": {
        "location": {
          "x": 0.0,
          "y": 0.0,
          "z": 0.0
        },
        "rotation_quaternion": {
          "w": 0.9998352527618408,
          "x": -0.013255738653242588,
          "y": 0.011856012046337128,
          "z": -0.003644391894340515
        },
        "scale": {
          "x": 1.0,
          "y": 1.0,
          "z": 1.0
        },
        "matrix_basis": [
          [
            0.9996923208236694,
            0.006973262410610914,
            0.023804735392332077,
            0.0
          ],
          [
            -0.007601903285831213,
            0.9996219873428345,
            0.02642069384455681,
            0.0
          ],
          [
            -0.02361149899661541,
            -0.02659352496266365,
            0.9993674159049988,
            0.0
          ],
          [
            0.0,
            0.0,
            0.0,
            1.0
          ]
        ],
        "rotation_mode": "QUATERNION"
      },
      "armature_space": {
        "head": {
          "x": 0.4167719781398773,
          "y": -0.3965436816215515,
          "z": 0.2253604531288147
        },
        "tail": {
          "x": 0.45779961347579956,
          "y": -0.5053353905677795,
          "z": 0.21085837483406067
        }
      },
      "world_space": {
        "head": {
          "x": 0.4167719781398773,
          "y": -0.3332996964454651,
          "z": 1.1752145290374756
        },
        "tail": {
          "x": 0.45779961347579956,
          "y": -0.4420914053916931,
          "z": 1.1607123613357544
        },
        "rotation_quaternion": {
          "w": 0.06565596908330917,
          "x": 0.7546077966690063,
          "y": 0.17733736336231232,
          "z": -0.6283374428749084
        },
        "matrix": [
          [
            0.1474866271018982,
            0.35014957189559937,
            -0.9250094294548035,
            0.4167719781398773
          ],
          [
            0.18513213098049164,
            -0.9284810423851013,
            -0.3219457268714905,
            -0.3332996964454651
          ],
          [
            -0.9715899229049683,
            -0.12376774102449417,
            -0.20176425576210022,
            1.1752145290374756
          ],
          [
            0.0,
            0.0,
            0.0,
            1.0
          ]
        ]
      },
      "bone_length_armature_space": 0.11717172332700887,
      "parent": "lowerarm_l",
      "has_children": true,
      "is_end_bone": false
    },
    "index_01_l": {
      "name": "index_01_l",
      "local": {
        "location": {
          "x": 0.0,
          "y": 0.0,
          "z": 0.0
        },
        "rotation_quaternion": {
          "w": 0.9410247802734375,
          "x": 0.3380429148674011,
          "y": -0.012138880789279938,
          "z": -0.007221819832921028
        },
        "scale": {
          "x": 1.0,
          "y": 1.0,
          "z": 1.0
        },
        "matrix_basis": [
          [
            0.9996010065078735,
            0.005384897347539663,
            -0.027728544548153877,
            0.0
          ],
          [
            -0.021798748522996902,
            0.7713496685028076,
            -0.6360381841659546,
            0.0
          ],
          [
            0.017963405698537827,
            0.6363888382911682,
            0.771159291267395,
            0.0
          ],
          [
            0.0,
            0.0,
            0.0,
            1.0
          ]
        ],
        "rotation_mode": "QUATERNION"
      },
      "armature_space": {
        "head": {
          "x": 0.45779961347579956,
          "y": -0.5053353905677795,
          "z": 0.21085837483406067
        },
        "tail": {
          "x": 0.45307135581970215,
          "y": -0.529538094997406,
          "z": 0.196542426943779
        }
      },
      "world_space": {
        "head": {
          "x": 0.45779961347579956,
          "y": -0.4420914053916931,
          "z": 1.1607123613357544
        },
        "tail": {
          "x": 0.45307135581970215,
          "y": -0.4662941098213196,
          "z": 1.1463963985443115
        },
        "rotation_quaternion": {
          "w": 0.24268129467964172,
          "x": -0.6640051603317261,
          "y": -0.12927111983299255,
          "z": 0.695335865020752
        },
        "matrix": [
          [
            -0.0004065055400133133,
            -0.1658199429512024,
            -0.9861557483673096,
            0.45779961347579956
          ],
          [
            0.5091633796691895,
            -0.8487891554832458,
            0.14251205325126648,
            -0.4420914053916931
          ],
          [
            -0.8606756925582886,
            -0.5020606517791748,
            0.08477507531642914,
            1.1607123613357544
          ],
          [
            0.0,
            0.0,
            0.0,
            1.0
          ]
        ]
      },
      "bone_length_armature_space": 0.028514446523439065,
      "parent": "metacarpal_index_l",
      "has_children": true,
      "is_end_bone": false
    },
    "index_02_l": {
      "name": "index_02_l",
      "local": {
        "location": {
          "x": 0.0,
          "y": 0.0,
          "z": 0.0
        },
        "rotation_quaternion": {
          "w": 0.9014959335327148,
          "x": 0.4327441453933716,
          "y": 0.004059703089296818,
          "z": -0.0045918733812868595
        },
        "scale": {
          "x": 1.0,
          "y": 1.0,
          "z": 1.0
        },
        "matrix_basis": [
          [
            0.9999248385429382,
            0.011792736127972603,
            0.0033453989308327436,
            0.0
          ],
          [
            -0.004765484947711229,
            0.6254228353500366,
            -0.7802714705467224,
            0.0
          ],
          [
            -0.011293824762105942,
            0.7801969051361084,
            0.6254320740699768,
            0.0
          ],
          [
            0.0,
            0.0,
            0.0,
            1.0
          ]
        ],
        "rotation_mode": "QUATERNION"
      },
      "armature_space": {
        "head": {
          "x": 0.4530709981918335,
          "y": -0.5295384526252747,
          "z": 0.19654247164726257
        },
        "tail": {
          "x": 0.431138277053833,
          "y": -0.5412399768829346,
          "z": 0.19020839035511017
        }
      },
      "world_space": {
        "head": {
          "x": 0.4530709981918335,
          "y": -0.46629446744918823,
          "z": 1.146396517753601
        },
        "tail": {
          "x": 0.431138277053833,
          "y": -0.47799599170684814,
          "z": 1.1400624513626099
        },
        "rotation_quaternion": {
          "w": 0.4957345724105835,
          "x": -0.4793987274169922,
          "y": 0.16178610920906067,
          "z": 0.7058678269386292
        },
        "matrix": [
          [
            -0.048846472054719925,
            -0.8549678921699524,
            -0.5163754224777222,
            0.4530709981918335
          ],
          [
            0.5447257161140442,
            -0.45614200830459595,
            0.7037103176116943,
            -0.46629446744918823
          ],
          [
            -0.8371962308883667,
            -0.24691131711006165,
            0.4880078434944153,
            1.146396517753601
          ],
          [
            0.0,
            0.0,
            0.0,
            1.0
          ]
        ]
      },
      "bone_length_armature_space": 0.025653274912816503,
      "parent": "index_01_l",
      "has_children": true,
      "is_end_bone": false
    },
    "index_03_l": {
      "name": "index_03_l",
      "local": {
        "location": {
          "x": 0.0,
          "y": 0.0,
          "z": 0.0
        },
        "rotation_quaternion": {
          "w": 0.9340280294418335,
          "x": 0.3571748435497284,
          "y": 0.0015116995200514793,
          "z": -0.00396276218816638
        },
        "scale": {
          "x": 1.0,
          "y": 1.0,
          "z": 1.0
        },
        "matrix_basis": [
          [
            0.9999639987945557,
            0.008482543751597404,
            -6.858481356175616e-06,
            0.0
          ],
          [
            -0.006322779692709446,
            0.7448208332061768,
            -0.6672345995903015,
            0.0
          ],
          [
            -0.00565473735332489,
            0.6672106385231018,
            0.7448477149009705,
            0.0
          ],
          [
            0.0,
            0.0,
            0.0,
            1.0
          ]
        ],
        "rotation_mode": "QUATERNION"
      },
      "armature_space": {
        "head": {
          "x": 0.4311383366584778,
          "y": -0.5412400960922241,
          "z": 0.1902083456516266
        },
        "tail": {
          "x": 0.40311959385871887,
          "y": -0.5333548784255981,
          "z": 0.19275876879692078
        }
      },
      "world_space": {
        "head": {
          "x": 0.4311383366584778,
          "y": -0.4779961109161377,
          "z": 1.1400623321533203
        },
        "tail": {
          "x": 0.40311959385871887,
          "y": -0.4701108932495117,
          "z": 1.1426128149032593
        },
        "rotation_quaternion": {
          "w": 0.682324230670929,
          "x": -0.2638738751411438,
          "y": 0.4115457832813263,
          "z": 0.5435388088226318
        },
        "matrix": [
          [
            0.07038984447717667,
            -0.9589324593544006,
            0.2747611105442047,
            0.4311383366584778
          ],
          [
            0.5245466828346252,
            0.2698691487312317,
            0.8074784278869629,
            -0.4779961109161377
          ],
          [
            -0.8484726548194885,
            0.08728741109371185,
            0.5220052003860474,
            1.1400623321533203
          ],
          [
            0.0,
            0.0,
            0.0,
            1.0
          ]
        ]
      },
      "bone_length_armature_space": 0.029218679674689437,
      "parent": "index_02_l",
      "has_children": false,
      "is_end_bone": true
    },
    "metacarpal_pinky_l": {
      "name": "metacarpal_pinky_l",
      "local": {
        "location": {
          "x": 0.0,
          "y": 0.0,
          "z": 0.0
        },
        "rotation_quaternion": {
          "w": 0.9989289045333862,
          "x": -0.03853936865925789,
          "y": -0.020623860880732536,
          "z": 0.015186196193099022
        },
        "scale": {
          "x": 1.0,
          "y": 1.0,
          "z": 1.0
        },
        "matrix_basis": [
          [
            0.9986880421638489,
            -0.02875019982457161,
            -0.04237407445907593,
            0.0
          ],
          [
            0.03192952275276184,
            0.9965682029724121,
            0.07636978477239609,
            0.0
          ],
          [
            0.040033008903265,
            -0.07762257754802704,
            0.9961787462234497,
            0.0
          ],
          [
            0.0,
            0.0,
            0.0,
            1.0
          ]
        ],
        "rotation_mode": "QUATERNION"
      },
      "armature_space": {
        "head": {
          "x": 0.4167719781398773,
          "y": -0.3965436816215515,
          "z": 0.2253604531288147
        },
        "tail": {
          "x": 0.48289722204208374,
          "y": -0.4535425901412964,
          "z": 0.1685991883277893
        }
      },
      "world_space": {
        "head": {
          "x": 0.4167719781398773,
          "y": -0.3332996964454651,
          "z": 1.1752145290374756
        },
        "tail": {
          "x": 0.48289722204208374,
          "y": -0.39029860496520996,
          "z": 1.1184532642364502
        },
        "rotation_quaternion": {
          "w": 0.44192808866500854,
          "x": -0.28515318036079407,
          "y": 0.17609737813472748,
          "z": -0.8320919871330261
        },
        "matrix": [
          [
            -0.4467731714248657,
            0.6350210905075073,
            0.6301918029785156,
            0.4167719781398773
          ],
          [
            -0.8358793258666992,
            -0.5473781824111938,
            -0.0410219170153141,
            -0.3332996964454651
          ],
          [
            0.3189052641391754,
            -0.5450960397720337,
            0.7753605246543884,
            1.1752145290374756
          ],
          [
            0.0,
            0.0,
            0.0,
            1.0
          ]
        ]
      },
      "bone_length_armature_space": 0.10413099748641107,
      "parent": "lowerarm_l",
      "has_children": true,
      "is_end_bone": false
    },
    "pinky_01_l": {
      "name": "pinky_01_l",
      "local": {
        "location": {
          "x": 0.0,
          "y": 0.0,
          "z": 0.0
        },
        "rotation_quaternion": {
          "w": 0.9443213939666748,
          "x": 0.32836341857910156,
          "y": 0.014216283336281776,
          "z": -0.015249984338879585
        },
        "scale": {
          "x": 1.0,
          "y": 1.0,
          "z": 1.0
        },
        "matrix_basis": [
          [
            0.9991306662559509,
            0.03813798725605011,
            0.016834406182169914,
            0.0
          ],
          [
            -0.019465558230876923,
            0.7838898301124573,
            -0.6205947995185852,
            0.0
          ],
          [
            -0.03686455637216568,
            0.619727611541748,
            0.7839507460594177,
            0.0
          ],
          [
            0.0,
            0.0,
            0.0,
            1.0
          ]
        ],
        "rotation_mode": "QUATERNION"
      },
      "armature_space": {
        "head": {
          "x": 0.48289722204208374,
          "y": -0.4535425901412964,
          "z": 0.1685991883277893
        },
