{
  "metadata": {
    "armature_name": "KIM_caucasian_male",
    "export_time": "2026-01-13T20:59:50.898433",
    "blender_version": "4.4.1",
    "bone_count": 56,
    "end_bone_count": 13,
    "spaces_included": [
      "LOCAL_CHANNELS",
      "ARMATURE_SPACE",
      "WORLD_SPACE"
    ],
    "note": "LOCAL matches Transform panel; replay pose via local.matrix_basis for best fidelity."
  },
  "bones": {
    "Root": {
      "name": "Root",
      "local": {
        "location": {
          "x": 0.0,
          "y": 0.0,
          "z": 0.0
        },
        "rotation_quaternion": {
          "w": 0.9995242357254028,
          "x": -0.012228580191731453,
          "y": -0.010846048593521118,
          "z": -0.026154451072216034
        },
        "scale": {
          "x": 1.0,
          "y": 1.0,
          "z": 1.0
        },
        "matrix_basis": [
          [
            0.998396635055542,
            0.05254928022623062,
            -0.02104211412370205,
            0.0
          ],
          [
            -0.052018750458955765,
            0.9983327984809875,
            0.025012869387865067,
            0.0
          ],
          [
            0.022321440279483795,
            -0.023878179490566254,
            0.9994656443595886,
            0.0
          ],
          [
            0.0,
            0.0,
            0.0,
            1.0
          ]
        ],
        "rotation_mode": "QUATERNION"
      },
      "armature_space": {
        "head": {
          "x": 0.0,
          "y": 0.07072800397872925,
          "z": -0.009595036506652832
        },
        "tail": {
          "x": 0.0037507505621761084,
          "y": 0.00034703314304351807,
          "z": 0.0016728704795241356
        }
      },
      "world_space": {
        "head": {
          "x": 0.0,
          "y": 0.13397200405597687,
          "z": 0.9402589797973633
        },
        "tail": {
          "x": 0.0037507505621761084,
          "y": 0.06359103322029114,
          "z": 0.9515268802642822
        },
        "rotation_quaternion": {
          "w": 0.07953639328479767,
          "x": 0.9964298009872437,
          "y": 0.025364354252815247,
          "z": -0.012583380565047264
        },
        "matrix": [
          [
            0.998396635055542,
            0.05254928022623062,
            -0.02104211412370205,
            0.0
          ],
          [
            0.048545919358730316,
            -0.986061155796051,
            -0.15914368629455566,
            0.13397200405597687
          ],
          [
            -0.02911185473203659,
            0.1578671783208847,
            -0.9870381951332092,
            0.9402589797973633
          ],
          [
            0.0,
            0.0,
            0.0,
            1.0
          ]
        ]
      },
      "bone_length_armature_space": 0.07137587203526441,
      "parent": null,
      "has_children": true,
      "is_end_bone": false
    },
    "spine_01": {
      "name": "spine_01",
      "local": {
        "location": {
          "x": 0.0,
          "y": 0.0,
          "z": 0.0
        },
        "rotation_quaternion": {
          "w": 0.998508095741272,
          "x": 0.053433191031217575,
          "y": -0.0017701402539387345,
          "z": -0.01110417116433382
        },
        "scale": {
          "x": 1.0,
          "y": 1.0,
          "z": 1.0
        },
        "matrix_basis": [
          [
            0.9997471570968628,
            0.021986041218042374,
            -0.004721661563962698,
            0.0
          ],
          [
            -0.022364377975463867,
            0.9940431714057922,
            -0.10666763782501221,
            0.0
          ],
          [
            0.0023483361583203077,
            0.10674625635147095,
            0.9942834973335266,
            0.0
          ],
          [
            0.0,
            0.0,
            0.0,
            1.0
          ]
        ],
        "rotation_mode": "QUATERNION"
      },
      "armature_space": {
        "head": {
          "x": 0.0037507505621761084,
          "y": 0.00034703314304351807,
          "z": 0.0016728704795241356
        },
        "tail": {
          "x": 0.02950342372059822,
          "y": -0.01620643585920334,
          "z": 0.4887162744998932
        }
      },
      "world_space": {
        "head": {
          "x": 0.0037507505621761084,
          "y": 0.06359103322029114,
          "z": 0.9515268802642822
        },
        "tail": {
          "x": 0.02950342372059822,
          "y": 0.04703756421804428,
          "z": 1.438570261001587
        },
        "rotation_quaternion": {
          "w": 0.6941853761672974,
          "x": 0.7189937829971313,
          "y": 0.03385290503501892,
          "z": -0.0029470876324921846
        },
        "matrix": [
          [
            0.9976906180381775,
            0.05277173966169357,
            0.04276286065578461,
            0.0037507505621761084
          ],
          [
            0.044588737189769745,
            -0.03392095863819122,
            -0.9984294176101685,
            0.06359103322029114
          ],
          [
            -0.051238611340522766,
            0.9980372786521912,
            -0.03619682043790817,
            0.9515268802642822
          ],
          [
            0.0,
            0.0,
            0.0,
            1.0
          ]
        ]
      },
      "bone_length_armature_space": 0.4880046152639376,
      "parent": "Root",
      "has_children": true,
      "is_end_bone": false
    },
    "neck_01": {
      "name": "neck_01",
      "local": {
        "location": {
          "x": 0.0,
          "y": 0.0,
          "z": 0.0
        },
        "rotation_quaternion": {
          "w": 0.9970272779464722,
          "x": 0.06955090910196304,
          "y": 0.0307450070977211,
          "z": -0.012410599738359451
        },
        "scale": {
          "x": 1.0,
          "y": 1.0,
          "z": 1.0
        },
        "matrix_basis": [
          [
            0.9978014230728149,
            0.029024099931120872,
            0.059580884873867035,
            0.0
          ],
          [
            -0.02047072723507881,
            0.990017294883728,
            -0.13945142924785614,
            0.0
          ],
          [
            -0.0630335584282875,
            0.1379251778125763,
            0.9884348511695862,
            0.0
          ],
          [
            0.0,
            0.0,
            0.0,
            1.0
          ]
        ],
        "rotation_mode": "QUATERNION"
      },
      "armature_space": {
        "head": {
          "x": 0.03485032543540001,
          "y": -0.05331604927778244,
          "z": 0.560535728931427
        },
        "tail": {
          "x": 0.04467395320534706,
          "y": -0.10774992406368256,
          "z": 0.646855890750885
        }
      },
      "world_space": {
        "head": {
          "x": 0.03485032543540001,
          "y": 0.00992795079946518,
          "z": 1.510389804840088
        },
        "tail": {
          "x": 0.04467395320534706,
          "y": -0.044505923986434937,
          "z": 1.596709966659546
        },
        "rotation_quaternion": {
          "w": 0.48073676228523254,
          "x": 0.8748891353607178,
          "y": 0.05844797566533089,
          "z": 0.006709275767207146
        },
        "matrix": [
          [
            0.9930776357650757,
            0.09582032263278961,
            0.06793627887964249,
            0.03485032543540001
          ],
          [
            0.10872212052345276,
            -0.5309516191482544,
            -0.840398907661438,
            0.00992795079946518
          ],
          [
            -0.0444566085934639,
            0.8419726490974426,
            -0.53769850730896,
            1.510389804840088
          ],
          [
            0.0,
            0.0,
            0.0,
            1.0
          ]
        ]
      },
      "bone_length_armature_space": 0.10252180529027922,
      "parent": "spine_01",
      "has_children": true,
      "is_end_bone": false
    },
    "head": {
      "name": "head",
      "local": {
        "location": {
          "x": 0.0,
          "y": 0.0,
          "z": 0.0
        },
        "rotation_quaternion": {
          "w": 0.9955507516860962,
          "x": -0.0014421953819692135,
          "y": 0.06018976494669914,
          "z": 0.07248350232839584
        },
        "scale": {
          "x": 1.0,
          "y": 1.0,
          "z": 1.0
        },
        "matrix_basis": [
          [
            0.9822466969490051,
            -0.1444956213235855,
            0.11963485926389694,
            0.0
          ],
          [
            0.14414839446544647,
            0.9894881248474121,
            0.011597087606787682,
            0.0
          ],
          [
            -0.1200530007481575,
            0.005853972397744656,
            0.9927502274513245,
            0.0
          ],
          [
            0.0,
            0.0,
            0.0,
            1.0
          ]
        ],
        "rotation_mode": "QUATERNION"
      },
      "armature_space": {
        "head": {
          "x": 0.04467395693063736,
          "y": -0.10775001347064972,
          "z": 0.6468557715415955
        },
        "tail": {
          "x": 0.0323433056473732,
          "y": -0.1403619349002838,
          "z": 0.7979772686958313
        }
      },
      "world_space": {
        "head": {
          "x": 0.04467395693063736,
          "y": -0.0445060133934021,
          "z": 1.5967097282409668
        },
        "tail": {
          "x": 0.0323433056473732,
          "y": -0.0771179348230362,
          "z": 1.7478313446044922
        },
        "rotation_quaternion": {
          "w": 0.6272925138473511,
          "x": 0.770267903804779,
          "y": 0.03695270046591759,
          "z": 0.10874780267477036
        },
        "matrix": [
          [
            0.9736171364784241,
            -0.07950631529092789,
            0.21388956904411316,
            0.04467395693063736
          ],
          [
            0.19335976243019104,
            -0.21027709543704987,
            -0.9583297967910767,
            -0.0445060133934021
          ],
          [
            0.12117037177085876,
            0.9744102358818054,
            -0.18935832381248474,
            1.5967097282409668
          ],
          [
            0.0,
            0.0,
            0.0,
            1.0
          ]
        ]
      },
      "bone_length_armature_space": 0.15509123175148753,
      "parent": "neck_01",
      "has_children": false,
      "is_end_bone": true
    },
    "upperarm_l": {
      "name": "upperarm_l",
      "local": {
        "location": {
          "x": 0.0,
          "y": 0.0,
          "z": 0.0
        },
        "rotation_quaternion": {
          "w": 0.8104784488677979,
          "x": 0.38067615032196045,
          "y": 0.25941193103790283,
          "z": 0.3618227243423462
        },
        "scale": {
          "x": 1.0,
          "y": 1.0,
          "z": 1.0
        },
        "matrix_basis": [
          [
            0.6035795211791992,
            -0.3889951705932617,
            0.6959701180458069,
            0.0
          ],
          [
            0.7840029001235962,
            0.44833996891975403,
            -0.42933738231658936,
            0.0
          ],
          [
            -0.145020991563797,
            0.8047819137573242,
            0.5755822658538818,
            0.0
          ],
          [
            0.0,
            0.0,
            0.0,
            1.0
          ]
        ],
        "rotation_mode": "QUATERNION"
      },
      "armature_space": {
        "head": {
          "x": 0.18109361827373505,
          "y": -0.0475321039557457,
          "z": 0.4856586456298828
        },
        "tail": {
          "x": 0.3257160186767578,
          "y": -0.25785163044929504,
          "z": 0.567253589630127
        }
      },
      "world_space": {
        "head": {
          "x": 0.18109361827373505,
          "y": 0.015711896121501923,
          "z": 1.435512661933899
        },
        "tail": {
          "x": 0.3257160186767578,
          "y": -0.19460763037204742,
          "z": 1.517107605934143
        },
        "rotation_quaternion": {
          "w": 0.24406594038009644,
          "x": 0.8950506448745728,
          "y": 0.21908821165561676,
          "z": -0.3021863102912903
        },
        "matrix": [
          [
            0.721367597579956,
            0.5396973490715027,
            -0.4339994490146637,
            0.18109361827373505
          ],
          [
            0.24468368291854858,
            -0.7848638892173767,
            -0.5693142414093018,
            0.015711896121501923
          ],
          [
            -0.64789217710495,
            0.3044935166835785,
            -0.6982359290122986,
            1.435512661933899
          ],
          [
            0.0,
            0.0,
            0.0,
            1.0
          ]
        ]
      },
      "bone_length_armature_space": 0.26796954216714886,
      "parent": "spine_01",
      "has_children": true,
      "is_end_bone": false
    },
    "lowerarm_l": {
      "name": "lowerarm_l",
      "local": {
        "location": {
          "x": 0.0,
          "y": 0.0,
          "z": 0.0
        },
        "rotation_quaternion": {
          "w": 0.9423669576644897,
          "x": 0.045362479984760284,
          "y": 0.12711483240127563,
          "z": -0.30615147948265076
        },
        "scale": {
          "x": 1.0,
          "y": 1.0,
          "z": 1.0
        },
        "matrix_basis": [
          [
            0.7802261710166931,
            0.5885465741157532,
            0.21180205047130585,
            0.0
          ],
          [
            -0.5654816031455994,
            0.8084270358085632,
            -0.16332899034023285,
            0.0
          ],
          [
            -0.26735320687294006,
            0.007663416676223278,
            0.9635681509971619,
            0.0
          ],
          [
            0.0,
            0.0,
            0.0,
            1.0
          ]
        ],
        "rotation_mode": "QUATERNION"
      },
      "armature_space": {
        "head": {
          "x": 0.32571595907211304,
          "y": -0.2578517496585846,
          "z": 0.5672536492347717
        },
        "tail": {
          "x": 0.5252103805541992,
          "y": -0.42654138803482056,
          "z": 0.5096759796142578
        }
      },
      "world_space": {
        "head": {
          "x": 0.32571595907211304,
          "y": -0.19460774958133698,
          "z": 1.5171077251434326
        },
        "tail": {
          "x": 0.5252103805541992,
          "y": -0.36329740285873413,
          "z": 1.459529995918274
        },
        "rotation_quaternion": {
          "w": 0.02843303605914116,
          "x": 0.849054217338562,
          "y": 0.4288499355316162,
          "z": -0.30722352862358093
        },
        "matrix": [
          [
            0.4434020519256592,
            0.7457054257392883,
            -0.4973108172416687,
            0.32571595907211304
          ],
          [
            0.7107629179954529,
            -0.6305577158927917,
            -0.3117901682853699,
            -0.19460774958133698
          ],
          [
            -0.5460898280143738,
            -0.21522404253482819,
            -0.8096163272857666,
            1.5171077251434326
          ],
          [
            0.0,
            0.0,
            0.0,
            1.0
          ]
        ]
      },
      "bone_length_armature_space": 0.26752459206354395,
      "parent": "upperarm_l",
      "has_children": true,
      "is_end_bone": false
    },
    "metacarpal_thumb_l": {
      "name": "metacarpal_thumb_l",
      "local": {
        "location": {
          "x": 0.0,
          "y": 0.0,
          "z": 0.0
        },
        "rotation_quaternion": {
          "w": 0.9973582625389099,
          "x": -0.07115733623504639,
          "y": -0.008310198783874512,
          "z": 0.012009178288280964
        },
        "scale": {
          "x": 1.0,
          "y": 1.0,
          "z": 1.0
        },
        "matrix_basis": [
          [
            0.9995734691619873,
            -0.02277224324643612,
            -0.01828557252883911,
            0.0
          ],
          [
            0.02513756975531578,
            0.9895848035812378,
            0.1417391151189804,
            0.0
          ],
          [
            0.014867408201098442,
            -0.1421383172273636,
            0.9897351264953613,
            0.0
          ],
          [
            0.0,
            0.0,
            0.0,
            1.0
          ]
        ],
        "rotation_mode": "QUATERNION"
      },
      "armature_space": {
        "head": {
          "x": 0.5252103805541992,
          "y": -0.42654138803482056,
          "z": 0.5096759796142578
        },
        "tail": {
          "x": 0.5404096841812134,
          "y": -0.4593084156513214,
          "z": 0.4757804572582245
        }
      },
      "world_space": {
        "head": {
          "x": 0.5252103805541992,
          "y": -0.36329740285873413,
          "z": 1.459529995918274
        },
        "tail": {
          "x": 0.5404096841812134,
          "y": -0.3960644006729126,
          "z": 1.425634503364563
        },
        "rotation_quaternion": {
          "w": 0.4058740735054016,
          "x": -0.8813980221748352,
          "y": -0.06716737896203995,
          "z": -0.23214730620384216
        },
        "matrix": [
          [
            0.883192777633667,
            0.30684733390808105,
            0.3547043204307556,
            0.5252103805541992
          ],
          [
            -0.07004144787788391,
            -0.6615102291107178,
            0.7466580271720886,
            -0.36329740285873413
          ],
          [
            0.4637537896633148,
            -0.6842925548553467,
            -0.5627521872520447,
            1.459529995918274
          ],
          [
            0.0,
            0.0,
            0.0,
            1.0
          ]
        ]
      },
      "bone_length_armature_space": 0.04953386103321674,
      "parent": "lowerarm_l",
      "has_children": true,
      "is_end_bone": false
    },
    "thumb_01_l": {
      "name": "thumb_01_l",
      "local": {
        "location": {
          "x": 0.0,
          "y": 0.0,
          "z": 0.0
        },
        "rotation_quaternion": {
          "w": 0.9966685175895691,
          "x": 0.0788412019610405,
          "y": 0.011283574625849724,
          "z": 0.01757381111383438
        },
        "scale": {
          "x": 1.0,
          "y": 1.0,
          "z": 1.0
        },
        "matrix_basis": [
          [
            0.9991276860237122,
            -0.033251307904720306,
            0.025263048708438873,
            0.0
          ],
          [
            0.03680974990129471,
            0.9869504570960999,
            -0.15676049888134003,
            0.0
          ],
          [
            -0.019720885902643204,
            0.15755367279052734,
            0.9873135089874268,
            0.0
          ],
          [
            0.0,
            0.0,
            0.0,
            1.0
          ]
        ],
        "rotation_mode": "QUATERNION"
      },
      "armature_space": {
        "head": {
          "x": 0.5404096841812134,
          "y": -0.4593084156513214,
          "z": 0.4757804572582245
        },
        "tail": {
          "x": 0.5574744343757629,
          "y": -0.4542960822582245,
          "z": 0.4467579126358032
        }
      },
      "world_space": {
        "head": {
          "x": 0.5404096841812134,
          "y": -0.3960644006729126,
          "z": 1.425634503364563
        },
        "tail": {
          "x": 0.5574744343757629,
          "y": -0.3910520672798157,
          "z": 1.3966119289398193
        },
        "rotation_quaternion": {
          "w": 0.6368500590324402,
          "x": -0.29416435956954956,
          "y": 0.40993955731391907,
          "z": -0.5829570889472961
        },
        "matrix": [
          [
            -0.015781119465827942,
            0.5013347864151001,
            0.8651095032691956,
            0.5404096841812134
          ],
          [
            -0.9836915731430054,
            0.14725470542907715,
            -0.10327896475791931,
            -0.3960644006729126
          ],
          [
            -0.1791711151599884,
            -0.8526367545127869,
            0.4908384084701538,
            1.425634503364563
          ],
          [
            0.0,
            0.0,
            0.0,
            1.0
          ]
        ]
      },
      "bone_length_armature_space": 0.03403876170531371,
      "parent": "metacarpal_thumb_l",
      "has_children": true,
      "is_end_bone": false
    },
    "thumb_02_l": {
      "name": "thumb_02_l",
      "local": {
        "location": {
          "x": 0.0,
          "y": 0.0,
          "z": 0.0
        },
        "rotation_quaternion": {
          "w": 0.9950912594795227,
          "x": 0.0985855758190155,
          "y": 0.0048413644544780254,
          "z": 0.007130328565835953
        },
        "scale": {
          "x": 1.0,
          "y": 1.0,
          "z": 1.0
        },
        "matrix_basis": [
          [
            0.9998514652252197,
            -0.01323607750236988,
            0.011041093617677689,
            0.0
          ],
          [
            0.015145232900977135,
            0.9804601073265076,
            -0.19613425433635712,
            0.0
          ],
          [
            -0.008229304105043411,
            0.1962723284959793,
            0.9805148839950562,
            0.0
          ],
          [
            0.0,
            0.0,
            0.0,
            1.0
          ]
        ],
        "rotation_mode": "QUATERNION"
      },
      "armature_space": {
        "head": {
          "x": 0.5574743151664734,
          "y": -0.4542960524559021,
          "z": 0.4467579126358032
        },
        "tail": {
          "x": 0.5870048403739929,
          "y": -0.48144739866256714,
          "z": 0.4447751045227051
        }
      },
      "world_space": {
        "head": {
          "x": 0.5574743151664734,
          "y": -0.3910520672798157,
          "z": 1.3966119289398193
        },
        "tail": {
          "x": 0.5870048403739929,
          "y": -0.4182034134864807,
          "z": 1.3946291208267212
        },
        "rotation_quaternion": {
          "w": 0.389340341091156,
          "x": 0.17222720384597778,
          "y": 0.10203547030687332,
          "z": -0.8990777730941772
        },
        "matrix": [
          [
            -0.6375037431716919,
            0.7352414131164551,
            -0.23023712635040283,
            0.5574743151664734
          ],
          [
            -0.6649482250213623,
            -0.6760051250457764,
            -0.3175855875015259,
            -0.3910520672798157
          ],
          [
            -0.38914716243743896,
            -0.04936733841896057,
            0.9198594093322754,
            1.3966119289398193
          ],
          [
            0.0,
            0.0,
            0.0,
            1.0
          ]
        ]
      },
      "bone_length_armature_space": 0.04016440034796705,
      "parent": "thumb_01_l",
      "has_children": true,
      "is_end_bone": false
    },
    "thumb_03_l": {
      "name": "thumb_03_l",
      "local": {
        "location": {
          "x": 0.0,
          "y": 0.0,
          "z": 0.0
        },
        "rotation_quaternion": {
          "w": 0.9976368546485901,
          "x": 0.0683627799153328,
          "y": -0.006782017182558775,
          "z": 0.0011134673841297626
        },
        "scale": {
          "x": 1.0,
          "y": 1.0,
          "z": 1.0
        },
        "matrix_basis": [
          [
            0.999905526638031,
            -0.00314894737675786,
            -0.013379741460084915,
            0.0
          ],
          [
            0.0012943970505148172,
            0.9906505942344666,
            -0.13641756772994995,
            0.0
          ],
          [
            0.013684219680726528,
            0.13638734817504883,
            0.9905610680580139,
            0.0
          ],
          [
            0.0,
            0.0,
            0.0,
            1.0
          ]
        ],
        "rotation_mode": "QUATERNION"
      },
      "armature_space": {
        "head": {
          "x": 0.5870047807693481,
          "y": -0.48144736886024475,
          "z": 0.4447750151157379
        },
        "tail": {
          "x": 0.6068294048309326,
          "y": -0.5018134117126465,
          "z": 0.4556884169578552
        }
      },
      "world_space": {
        "head": {
          "x": 0.5870047807693481,
          "y": -0.41820335388183594,
          "z": 1.3946290016174316
        },
        "tail": {
          "x": 0.6068294048309326,
          "y": -0.43856942653656006,
          "z": 1.4055423736572266
        },
        "rotation_quaternion": {
          "w": 0.4066389501094818,
          "x": 0.4146273732185364,
          "y": -0.013057123869657516,
          "z": -0.8139770030975342
        },
        "matrix": [
          [
            -0.32545724511146545,
            0.651163637638092,
            -0.68561190366745,
            0.5870047807693481
          ],
          [
            -0.672817587852478,
            -0.668947160243988,
            -0.31595245003700256,
            -0.41820335388183594
          ],
          [
            -0.6643803715705872,
            0.3584645390510559,
            0.6558323502540588,
            1.3946290016174316
          ],
          [
            0.0,
            0.0,
            0.0,
            1.0
          ]
        ]
      },
      "bone_length_armature_space": 0.03044493003275494,
      "parent": "thumb_02_l",
      "has_children": false,
      "is_end_bone": true
    },
    "metacarpal_index_l": {
      "name": "metacarpal_index_l",
      "local": {
        "location": {
          "x": 0.0,
          "y": 0.0,
          "z": 0.0
        },
        "rotation_quaternion": {
          "w": 0.9979420304298401,
          "x": -0.06395264714956284,
          "y": 0.0013215290382504463,
          "z": 0.004476506263017654
        },
        "scale": {
          "x": 1.0,
          "y": 1.0,
          "z": 1.0
        },
        "matrix_basis": [
          [
            0.9999564290046692,
            -0.009103617630898952,
            0.0020650499500334263,
            0.0
          ],
          [
            0.00876555684953928,
            0.9917800426483154,
            0.12765389680862427,
            0.0
          ],
          [
            -0.0032101876568049192,
            -0.12763023376464844,
            0.9918166399002075,
            0.0
          ],
          [
            0.0,
            0.0,
            0.0,
            1.0
          ]
        ],
        "rotation_mode": "QUATERNION"
      },
      "armature_space": {
        "head": {
          "x": 0.5252103805541992,
          "y": -0.42654138803482056,
          "z": 0.5096759796142578
        },
        "tail": {
          "x": 0.5928224921226501,
          "y": -0.5117914080619812,
          "z": 0.466198593378067
        }
      },
      "world_space": {
        "head": {
          "x": 0.5252103805541992,
          "y": -0.36329740285873413,
          "z": 1.459529995918274
        },
        "tail": {
          "x": 0.5928224921226501,
          "y": -0.4485474228858948,
          "z": 1.4160525798797607
        },
        "rotation_quaternion": {
          "w": 0.2231309711933136,
          "x": -0.9265908002853394,
          "y": -0.2939899265766144,
          "z": -0.07219396531581879
        },
        "matrix": [
          [
            0.8167158365249634,
            0.5770343542098999,
            0.002590946853160858,
            0.5252103805541992
          ],
          [
            0.5126002430915833,
            -0.727564811706543,
            0.45595014095306396,
            -0.36329740285873413
          ],
          [
            0.2649863064289093,
            -0.37105703353881836,
            -0.8900073170661926,
            1.459529995918274
          ],
          [
            0.0,
            0.0,
            0.0,
            1.0
          ]
        ]
      },
      "bone_length_armature_space": 0.1171718686328026,
      "parent": "lowerarm_l",
      "has_children": true,
      "is_end_bone": false
    },
    "index_01_l": {
      "name": "index_01_l",
      "local": {
        "location": {
          "x": 0.0,
          "y": 0.0,
          "z": 0.0
        },
        "rotation_quaternion": {
          "w": 0.9967257976531982,
          "x": -0.07863985747098923,
          "y": -0.012526128441095352,
          "z": -0.014022480696439743
        },
        "scale": {
          "x": 1.0,
          "y": 1.0,
          "z": 1.0
        },
        "matrix_basis": [
          [
            0.9992929100990295,
            0.029923241585493088,
            -0.02276477962732315,
            0.0
          ],
          [
            -0.02598302997648716,
            0.9872382879257202,
            0.15711604058742523,
            0.0
          ],
          [
            0.02717568166553974,
            -0.15641345083713531,
            0.9873177409172058,
            0.0
          ],
          [
            0.0,
            0.0,
            0.0,
            1.0
          ]
        ],
        "rotation_mode": "QUATERNION"
      },
      "armature_space": {
        "head": {
          "x": 0.5928224921226501,
          "y": -0.5117914080619812,
          "z": 0.466198593378067
        },
        "tail": {
          "x": 0.6157738566398621,
          "y": -0.5287016034126282,
          "z": 0.46678948402404785
        }
      },
      "world_space": {
        "head": {
          "x": 0.5928224921226501,
          "y": -0.4485474228858948,
          "z": 1.4160525798797607
        },
        "tail": {
          "x": 0.6157738566398621,
          "y": -0.46545761823654175,
          "z": 1.416643500328064
        },
        "rotation_quaternion": {
          "w": 0.07482323050498962,
          "x": -0.8760150074958801,
          "y": -0.44483721256256104,
          "z": -0.1706428825855255
        },
        "matrix": [
          [
            0.5460016131401062,
            0.8049046993255615,
            0.23240211606025696,
            0.5928224921226501
          ],
          [
            0.7538325190544128,
            -0.5930420756340027,
            0.28290942311286926,
            -0.4485474228858948
          ],
          [
            0.3655426800251007,
            0.020722687244415283,
            -0.9305714964866638,
            1.4160525798797607
          ],
          [
            0.0,
            0.0,
            0.0,
            1.0
          ]
        ]
      },
      "bone_length_armature_space": 0.028514364621060034,
      "parent": "metacarpal_index_l",
      "has_children": true,
      "is_end_bone": false
    },
    "index_02_l": {
      "name": "index_02_l",
      "local": {
        "location": {
          "x": 0.0,
          "y": 0.0,
          "z": 0.0
        },
        "rotation_quaternion": {
          "w": 0.9879271388053894,
          "x": 0.15452833473682404,
          "y": 0.010584482923150063,
          "z": -0.0030157100409269333
        },
        "scale": {
          "x": 1.0,
          "y": 1.0,
          "z": 1.0
        },
        "matrix_basis": [
          [
            0.9997577667236328,
            0.009229809045791626,
            0.019981371238827705,
            0.0
          ],
          [
            -0.0026873985771089792,
            0.9522237777709961,
            -0.30538931488990784,
            0.0
          ],
          [
            -0.021845420822501183,
            0.30526164174079895,
            0.9520179033279419,
            0.0
          ],
          [
            0.0,
            0.0,
            0.0,
            1.0
          ]
        ],
        "rotation_mode": "QUATERNION"
      },
      "armature_space": {
        "head": {
          "x": 0.6157740950584412,
          "y": -0.528701901435852,
          "z": 0.4667890965938568
        },
        "tail": {
          "x": 0.6375281810760498,
          "y": -0.5409957766532898,
          "z": 0.46098291873931885
        }
      },
      "world_space": {
        "head": {
          "x": 0.6157740950584412,
          "y": -0.4654579162597656,
          "z": 1.4166431427001953
        },
        "tail": {
          "x": 0.6375281810760498,
          "y": -0.47775179147720337,
          "z": 1.410836935043335
        },
        "rotation_quaternion": {
          "w": 0.18124303221702576,
          "x": -0.8555141091346741,
          "y": -0.4770054221153259,
          "z": -0.08782124519348145
        },
        "matrix": [
          [
            0.5295063853263855,
            0.8480036854743958,
            -0.022644728422164917,
            0.6157740950584412
          ],
          [
            0.7843363881111145,
            -0.47923293709754944,
            0.3938935697078705,
            -0.4654579162597656
          ],
          [
            0.3231741487979889,
            -0.22633245587348938,
            -0.918883204460144,
            1.4166431427001953
          ],
          [
            0.0,
            0.0,
            0.0,
            1.0
          ]
        ]
      },
      "bone_length_armature_space": 0.025653290441381964,
      "parent": "index_01_l",
      "has_children": true,
      "is_end_bone": false
    },
    "index_03_l": {
      "name": "index_03_l",
      "local": {
        "location": {
          "x": 0.0,
          "y": 0.0,
          "z": 0.0
        },
        "rotation_quaternion": {
          "w": 0.974022388458252,
          "x": 0.22640632092952728,
          "y": -0.004504323471337557,
          "z": 0.0005564519669860601
        },
        "scale": {
          "x": 1.0,
          "y": 1.0,
          "z": 1.0
        },
        "matrix_basis": [
          [
            0.9999588131904602,
            -0.0031236079521477222,
            -0.008522654883563519,
            0.0
          ],
          [
            -0.0009556212462484837,
            0.8974797129631042,
            -0.44105467200279236,
            0.0
          ],
          [
            0.00902659259736538,
            0.4410446286201477,
            0.8974397778511047,
            0.0
          ],
          [
            0.0,
            0.0,
            0.0,
            1.0
          ]
        ],
        "rotation_mode": "QUATERNION"
      },
      "armature_space": {
        "head": {
          "x": 0.637528121471405,
          "y": -0.5409958362579346,
          "z": 0.4609830379486084
        },
        "tail": {
          "x": 0.6598902940750122,
          "y": -0.5444559454917908,
          "z": 0.44249793887138367
        }
      },
      "world_space": {
        "head": {
          "x": 0.637528121471405,
          "y": -0.47775185108184814,
          "z": 1.4108370542526245
        },
        "tail": {
          "x": 0.6598902940750122,
          "y": -0.48121196031570435,
          "z": 1.3923519849777222
        },
        "rotation_quaternion": {
          "w": 0.41058528423309326,
          "x": -0.7475888133049011,
          "y": -0.521735668182373,
          "z": 0.017962295562028885
        },
        "matrix": [
          [
            0.45493632555007935,
            0.7653372287750244,
            -0.4552931785583496,
            0.637528121471405
          ],
          [
            0.7948397994041443,
            -0.11842171847820282,
            0.5951520204544067,
            -0.47775185108184814
          ],
          [
            0.4015790820121765,
            -0.6326460838317871,
            -0.6621988415718079,
            1.4108370542526245
          ],
          [
            0.0,
            0.0,
            0.0,
            1.0
          ]
        ]
      },
      "bone_length_armature_space": 0.02921879567762623,
      "parent": "index_02_l",
      "has_children": false,
      "is_end_bone": true
    },
    "metacarpal_pinky_l": {
      "name": "metacarpal_pinky_l",
      "local": {
        "location": {
          "x": 0.0,
          "y": 0.0,
          "z": 0.0
        },
        "rotation_quaternion": {
          "w": 0.9994925260543823,
          "x": -0.02845039777457714,
          "y": 0.01306135207414627,
          "z": -0.005894676316529512
        },
        "scale": {
          "x": 1.0,
          "y": 1.0,
          "z": 1.0
        },
        "matrix_basis": [
          [
            0.9995893239974976,
            0.011040168814361095,
            0.02644485980272293,
            0.0
          ],
          [
            -0.012526570819318295,
            0.9983116388320923,
            0.05671793594956398,
            0.0
          ],
          [
            -0.025774035602808,
            -0.05702590569853783,
            0.998039960861206,
            0.0
          ],
          [
            0.0,
            0.0,
            0.0,
            1.0
          ]
        ],
        "rotation_mode": "QUATERNION"
      },
      "armature_space": {
        "head": {
          "x": 0.5252103805541992,
          "y": -0.42654138803482056,
          "z": 0.5096759796142578
        },
        "tail": {
          "x": 0.6177793741226196,
          "y": -0.4742182791233063,
          "z": 0.5107295513153076
        }
      },
      "world_space": {
        "head": {
          "x": 0.5252103805541992,
          "y": -0.36329740285873413,
          "z": 1.459529995918274
        },
        "tail": {
          "x": 0.6177793741226196,
          "y": -0.41097426414489746,
          "z": 1.4605835676193237
        },
        "rotation_quaternion": {
          "w": 0.41877803206443787,
          "x": 0.5150637030601501,
          "y": 0.3093487620353699,
          "z": -0.6809094548225403
        },
        "matrix": [
          [
            -0.11866825819015503,
            0.8889687657356262,
            -0.44232606887817383,
            0.5252103805541992
          ],
          [
            -0.2516321837902069,
            -0.4578559994697571,
            -0.8526718616485596,
            -0.36329740285873413
          ],
          [
            -0.9605273604393005,
            0.010117797181010246,
            0.2780270576477051,
            1.459529995918274
          ],
          [
            0.0,
            0.0,
            0.0,
            1.0
          ]
        ]
      },
      "bone_length_armature_space": 0.10413075876680876,
      "parent": "lowerarm_l",
      "has_children": true,
      "is_end_bone": false
    },
    "pinky_01_l": {
      "name": "pinky_01_l",
      "local": {
        "location": {
          "x": 0.0,
          "y": 0.0,
          "z": 0.0
        },
        "rotation_quaternion": {
          "w": 0.9983963966369629,
          "x": 0.05628593638539314,
          "y": -0.003920798189938068,
          "z": -0.004609857220202684
        },
        "scale": {
          "x": 1.0,
          "y": 1.0,
          "z": 1.0
        },
        "matrix_basis": [
          [
            0.999926745891571,
            0.008763558231294155,
            -0.00834796205163002,
            0.0
          ],
          [
            -0.009646301157772541,
            0.993621289730072,
            -0.11235520243644714,
            0.0
          ],
          [
            0.007310081273317337,
            0.11242750287055969,
            0.9936330318450928,
            0.0
          ],
          [
            0.0,
            0.0,
            0.0,
            1.0
          ]
        ],
        "rotation_mode": "QUATERNION"
      },
      "armature_space": {
        "head": {
          "x": 0.6177793741226196,
          "y": -0.4742182791233063,
          "z": 0.5107295513153076
        },
        "tail": {
          "x": 0.6381404995918274,
