{
  "metadata": {
    "armature_name": "KIM_caucasian_male",
    "export_time": "2026-01-13T19:11:07.280749",
    "blender_version": "4.4.1",
    "bone_count": 56,
    "end_bone_count": 13,
    "spaces_included": [
      "LOCAL_CHANNELS",
      "ARMATURE_SPACE",
      "WORLD_SPACE"
    ],
    "note": "LOCAL matches Transform panel; replay pose via local.matrix_basis for best fidelity."
  },
  "bones": {
    "Root": {
      "name": "Root",
      "local": {
        "location": {
          "x": 0.0,
          "y": 0.0,
          "z": 0.0
        },
        "rotation_quaternion": {
          "w": 0.9998542070388794,
          "x": -0.005954979453235865,
          "y": -0.01432754285633564,
          "z": -0.007136812433600426
        },
        "scale": {
          "x": 1.0,
          "y": 1.0,
          "z": 1.0
        },
        "matrix_basis": [
          [
            0.999487578868866,
            0.014442184008657932,
            -0.0285659097135067,
            0.0
          ],
          [
            -0.014100903645157814,
            0.9998272061347961,
            0.01211272832006216,
            0.0
          ],
          [
            0.02873590774834156,
            -0.011703716591000557,
            0.9995185136795044,
            0.0
          ],
          [
            0.0,
            0.0,
            0.0,
            1.0
          ]
        ],
        "rotation_mode": "QUATERNION"
      },
      "armature_space": {
        "head": {
          "x": 0.0,
          "y": 0.07072800397872925,
          "z": -0.009595036506652832
        },
        "tail": {
          "x": 0.0010308234486728907,
          "y": 0.00012452155351638794,
          "z": 0.000826127827167511
        }
      },
      "world_space": {
        "head": {
          "x": 0.0,
          "y": 0.13397200405597687,
          "z": 0.9402589797973633
        },
        "tail": {
          "x": 0.0010308234486728907,
          "y": 0.06336852163076401,
          "z": 0.950680136680603
        },
        "rotation_quaternion": {
          "w": 0.07329927384853363,
          "x": 0.9971815347671509,
          "y": 0.006155382841825485,
          "z": -0.01477578841149807
        },
        "matrix": [
          [
            0.999487578868866,
            0.014442184008657932,
            -0.0285659097135067,
            0.0
          ],
          [
            0.01010995265096426,
            -0.9891785979270935,
            -0.14636774361133575,
            0.13397200405597687
          ],
          [
            -0.030370859429240227,
            0.14600402116775513,
            -0.988824725151062,
            0.9402589797973633
          ],
          [
            0.0,
            0.0,
            0.0,
            1.0
          ]
        ]
      },
      "bone_length_armature_space": 0.07137587260707633,
      "parent": null,
      "has_children": true,
      "is_end_bone": false
    },
    "spine_01": {
      "name": "spine_01",
      "local": {
        "location": {
          "x": 0.0,
          "y": 0.0,
          "z": 0.0
        },
        "rotation_quaternion": {
          "w": 0.9959278106689453,
          "x": 0.03154684603214264,
          "y": -0.060762301087379456,
          "z": 0.05865722894668579
        },
        "scale": {
          "x": 1.0,
          "y": 1.0,
          "z": 1.0
        },
        "matrix_basis": [
          [
            0.9857345223426819,
            -0.12067045271396637,
            -0.11732883006334305,
            0.0
          ],
          [
            0.11300301551818848,
            0.9911282658576965,
            -0.06996505707502365,
            0.0
          ],
          [
            0.12473063170909882,
            0.055708467960357666,
            0.9906255006790161,
            0.0
          ],
          [
            0.0,
            0.0,
            0.0,
            1.0
          ]
        ],
        "rotation_mode": "QUATERNION"
      },
      "armature_space": {
        "head": {
          "x": 0.0010308234486728907,
          "y": 0.00012452155351638794,
          "z": 0.000826127827167511
        },
        "tail": {
          "x": -0.043126095086336136,
          "y": 0.0008236163994297385,
          "z": 0.4868283271789551
        }
      },
      "world_space": {
        "head": {
          "x": 0.0010308234486728907,
          "y": 0.06336852163076401,
          "z": 0.950680136680603
        },
        "tail": {
          "x": -0.043126095086336136,
          "y": 0.06406761705875397,
          "z": 1.4366823434829712
        },
        "rotation_quaternion": {
          "w": 0.7041229605674744,
          "x": 0.7065732479095459,
          "y": -0.07019258290529251,
          "z": -0.006182989105582237
        },
        "matrix": [
          [
            0.9900694489479065,
            -0.09048526734113693,
            -0.10758648812770844,
            0.0010308234486728907
          ],
          [
            -0.10790013521909714,
            0.001432567834854126,
            -0.9941607713699341,
            0.06336852163076401
          ],
          [
            0.09011155366897583,
            0.9959036707878113,
            -0.008345983922481537,
            0.950680136680603
          ],
          [
            0.0,
            0.0,
            0.0,
            1.0
          ]
        ]
      },
      "bone_length_armature_space": 0.48800457425529153,
      "parent": "Root",
      "has_children": true,
      "is_end_bone": false
    },
    "neck_01": {
      "name": "neck_01",
      "local": {
        "location": {
          "x": 0.0,
          "y": 0.0,
          "z": 0.0
        },
        "rotation_quaternion": {
          "w": 0.9977797865867615,
          "x": 0.05021901801228523,
          "y": -0.03316090628504753,
          "z": -0.028531942516565323
        },
        "scale": {
          "x": 1.0,
          "y": 1.0,
          "z": 1.0
        },
        "matrix_basis": [
          [
            0.9961725473403931,
            0.05360657349228859,
            -0.06904025375843048,
            0.0
          ],
          [
            -0.06026780605316162,
            0.9933279752731323,
            -0.09832274913787842,
            0.0
          ],
          [
            0.06330887228250504,
            0.10210733115673065,
            0.9927567839622498,
            0.0
          ],
          [
            0.0,
            0.0,
            0.0,
            1.0
          ]
        ],
        "rotation_mode": "QUATERNION"
      },
      "armature_space": {
        "head": {
          "x": -0.05348243936896324,
          "y": -0.03354942798614502,
          "z": 0.5594574213027954
        },
        "tail": {
          "x": -0.06142808124423027,
          "y": -0.0821090042591095,
          "z": 0.6493993997573853
        }
      },
      "world_space": {
        "head": {
          "x": -0.05348243936896324,
          "y": 0.0296945720911026,
          "z": 1.5093114376068115
        },
        "tail": {
          "x": -0.06142808124423027,
          "y": -0.018865004181861877,
          "z": 1.5992534160614014
        },
        "rotation_quaternion": {
          "w": 0.5089017748832703,
          "x": 0.8577523231506348,
          "y": -0.06474705785512924,
          "z": -0.032984402030706406
        },
        "matrix": [
          [
            0.9894396066665649,
            -0.07750233262777328,
            -0.12248489260673523,
            -0.05348243936896324
          ],
          [
            -0.14464573562145233,
            -0.47365331649780273,
            -0.8687522411346436,
            0.0296945720911026
          ],
          [
            0.0093148872256279,
            0.8773003220558167,
            -0.47986581921577454,
            1.5093114376068115
          ],
          [
            0.0,
            0.0,
            0.0,
            1.0
          ]
        ]
      },
      "bone_length_armature_space": 0.10252182580056515,
      "parent": "spine_01",
      "has_children": true,
      "is_end_bone": false
    },
    "head": {
      "name": "head",
      "local": {
        "location": {
          "x": 0.0,
          "y": 0.0,
          "z": 0.0
        },
        "rotation_quaternion": {
          "w": 0.9767099618911743,
          "x": -0.10820011794567108,
          "y": 0.13861219584941864,
          "z": -0.12295161187648773
        },
        "scale": {
          "x": 1.0,
          "y": 1.0,
          "z": 1.0
        },
        "matrix_basis": [
          [
            0.9313391447067261,
            0.21018041670322418,
            0.29737457633018494,
            0.0
          ],
          [
            -0.2701718509197235,
            0.9463512897491455,
            0.17727507650852203,
            0.0
          ],
          [
            -0.24416106939315796,
            -0.24544544517993927,
            0.9381588101387024,
            0.0
          ],
          [
            0.0,
            0.0,
            0.0,
            1.0
          ]
        ],
        "rotation_mode": "QUATERNION"
      },
      "armature_space": {
        "head": {
          "x": -0.061428096145391464,
          "y": -0.08210909366607666,
          "z": 0.6493992805480957
        },
        "tail": {
          "x": -0.02786143869161606,
          "y": -0.0682978481054306,
          "z": 0.8001832962036133
        }
      },
      "world_space": {
        "head": {
          "x": -0.061428096145391464,
          "y": -0.01886509358882904,
          "z": 1.5992532968521118
        },
        "tail": {
          "x": -0.02786143869161606,
          "y": -0.005053848028182983,
          "z": 1.7500373125076294
        },
        "rotation_quaternion": {
          "w": 0.7262355089187622,
          "x": 0.6743251085281372,
          "y": 0.13079826533794403,
          "z": -0.027561353519558907
        },
        "matrix": [
          [
            0.9642645120620728,
            0.21643312275409698,
            0.15280869603157043,
            -0.061428096145391464
          ],
          [
            0.1363675594329834,
            0.08905300498008728,
            -0.9866477251052856,
            -0.01886509358882904
          ],
          [
            -0.2271527796983719,
            0.9722343683242798,
            0.05635575205087662,
            1.5992532968521118
          ],
          [
            0.0,
            0.0,
            0.0,
            1.0
          ]
        ]
      },
      "bone_length_armature_space": 0.1550912317984016,
      "parent": "neck_01",
      "has_children": false,
      "is_end_bone": true
    },
    "upperarm_l": {
      "name": "upperarm_l",
      "local": {
        "location": {
          "x": 0.0,
          "y": 0.0,
          "z": 0.0
        },
        "rotation_quaternion": {
          "w": 0.8446445465087891,
          "x": 0.24954640865325928,
          "y": 0.36047250032424927,
          "z": 0.3071836829185486
        },
        "scale": {
          "x": 1.0,
          "y": 1.0,
          "z": 1.0
        },
        "matrix_basis": [
          [
            0.5513955354690552,
            -0.3390128016471863,
            0.7622554302215576,
            0.0
          ],
          [
            0.6988312602043152,
            0.6867295503616333,
            -0.20009349286556244,
            0.0
          ],
          [
            -0.4556290805339813,
            0.6430185437202454,
            0.6155723333358765,
            0.0
          ],
          [
            0.0,
            0.0,
            0.0,
            1.0
          ]
        ],
        "rotation_mode": "QUATERNION"
      },
      "armature_space": {
        "head": {
          "x": 0.10076619684696198,
          "y": -0.05300123244524002,
          "z": 0.5060151219367981
        },
        "tail": {
          "x": 0.2659794092178345,
          "y": -0.23978236317634583,
          "z": 0.6041228771209717
        }
      },
      "world_space": {
        "head": {
          "x": 0.10076619684696198,
          "y": 0.010242767632007599,
          "z": 1.455869197845459
        },
        "tail": {
          "x": 0.2659794092178345,
          "y": -0.1765383630990982,
          "z": 1.5539768934249878
        },
        "rotation_quaternion": {
          "w": 0.2625829577445984,
          "x": 0.9019297361373901,
          "y": 0.2872942090034485,
          "z": -0.18717682361602783
        },
        "matrix": [
          [
            0.7648537755012512,
            0.6165375113487244,
            -0.1867624819278717,
            0.10076619684696198
          ],
          [
            0.4199400544166565,
            -0.6970239877700806,
            -0.5812126994132996,
            0.010242767632007599
          ],
          [
            -0.48852038383483887,
            0.3661155104637146,
            -0.7920361161231995,
            1.455869197845459
          ],
          [
            0.0,
            0.0,
            0.0,
            1.0
          ]
        ]
      },
      "bone_length_armature_space": 0.2679696455626356,
      "parent": "spine_01",
      "has_children": true,
      "is_end_bone": false
    },
    "lowerarm_l": {
      "name": "lowerarm_l",
      "local": {
        "location": {
          "x": 0.0,
          "y": 0.0,
          "z": 0.0
        },
        "rotation_quaternion": {
          "w": 0.9282222390174866,
          "x": 0.3577554523944855,
          "y": 0.09766614437103271,
          "z": 0.02959442138671875
        },
        "scale": {
          "x": 1.0,
          "y": 1.0,
          "z": 1.0
        },
        "matrix_basis": [
          [
            0.9791709780693054,
            0.014940790832042694,
            0.20248690247535706,
            0.0
          ],
          [
            0.12482158839702606,
            0.7422704100608826,
            -0.6583724021911621,
            0.0
          ],
          [
            -0.1601366400718689,
            0.6699338555335999,
            0.7249447107315063,
            0.0
          ],
          [
            0.0,
            0.0,
            0.0,
            1.0
          ]
        ],
        "rotation_mode": "QUATERNION"
      },
      "armature_space": {
        "head": {
          "x": 0.2659793496131897,
          "y": -0.23978248238563538,
          "z": 0.6041229367256165
        },
        "tail": {
          "x": 0.30992138385772705,
          "y": -0.49210160970687866,
          "z": 0.526833713054657
        }
      },
      "world_space": {
        "head": {
          "x": 0.2659793496131897,
          "y": -0.17653848230838776,
          "z": 1.5539770126342773
        },
        "tail": {
          "x": 0.30992138385772705,
          "y": -0.42885762453079224,
          "z": 1.4766876697540283
        },
        "rotation_quaternion": {
          "w": 0.12353446334600449,
          "x": -0.9594161510467529,
          "y": -0.11470814049243927,
          "z": 0.22605744004249573
        },
        "matrix": [
          [
            0.8714800477027893,
            0.16425421833992004,
            -0.4621070623397827,
            0.2659793496131897
          ],
          [
            0.27595755457878113,
            -0.9431627988815308,
            0.1851797103881836,
            -0.17653848230838776
          ],
          [
            -0.40542829036712646,
            -0.2889052629470825,
            -0.8672804832458496,
            1.5539770126342773
          ],
          [
            0.0,
            0.0,
            0.0,
            1.0
          ]
        ]
      },
      "bone_length_armature_space": 0.2675247080329818,
      "parent": "upperarm_l",
      "has_children": true,
      "is_end_bone": false
    },
    "metacarpal_thumb_l": {
      "name": "metacarpal_thumb_l",
      "local": {
        "location": {
          "x": 0.0,
          "y": 0.0,
          "z": 0.0
        },
        "rotation_quaternion": {
          "w": 0.9991289973258972,
          "x": -0.039709851145744324,
          "y": 0.010119888000190258,
          "z": -0.007871082052588463
        },
        "scale": {
          "x": 1.0,
          "y": 1.0,
          "z": 1.0
        },
        "matrix_basis": [
          [
            0.9996712803840637,
            0.014924733899533749,
            0.020847266539931297,
            0.0
          ],
          [
            -0.01653217151761055,
            0.9967223405838013,
            0.07919121533632278,
            0.0
          ],
          [
            -0.019597027450799942,
            -0.07950983941555023,
            0.9966414570808411,
            0.0
          ],
          [
            0.0,
            0.0,
            0.0,
            1.0
          ]
        ],
        "rotation_mode": "QUATERNION"
      },
      "armature_space": {
        "head": {
          "x": 0.30992138385772705,
          "y": -0.49210160970687866,
          "z": 0.526833713054657
        },
        "tail": {
          "x": 0.30779924988746643,
          "y": -0.5231667160987854,
          "z": 0.48831021785736084
        }
      },
      "world_space": {
        "head": {
          "x": 0.30992138385772705,
          "y": -0.42885762453079224,
          "z": 1.4766876697540283
        },
        "tail": {
          "x": 0.30779924988746643,
          "y": -0.459922730922699,
          "z": 1.438164234161377
        },
        "rotation_quaternion": {
          "w": 0.3656536638736725,
          "x": -0.7890928387641907,
          "y": 0.22961238026618958,
          "z": -0.4369303584098816
        },
        "matrix": [
          [
            0.5127404928207397,
            -0.04284234344959259,
            0.8574739098548889,
            0.30992138385772705
          ],
          [
            -0.6819010972976685,
            -0.6271518468856812,
            0.37641939520835876,
            -0.42885762453079224
          ],
          [
            0.5216426253318787,
            -0.7777235507965088,
            -0.3507826328277588,
            1.4766876697540283
          ],
          [
            0.0,
            0.0,
            0.0,
            1.0
          ]
        ]
      },
      "bone_length_armature_space": 0.04953386718876516,
      "parent": "lowerarm_l",
      "has_children": true,
      "is_end_bone": false
    },
    "thumb_01_l": {
      "name": "thumb_01_l",
      "local": {
        "location": {
          "x": 0.0,
          "y": 0.0,
          "z": 0.0
        },
        "rotation_quaternion": {
          "w": 0.9834047555923462,
          "x": 0.1813662350177765,
          "y": -0.003494634758681059,
          "z": -0.0030359202064573765
        },
        "scale": {
          "x": 1.0,
          "y": 1.0,
          "z": 1.0
        },
        "matrix_basis": [
          [
            0.9999571442604065,
            0.004703459329903126,
            -0.007974507287144661,
            0.0
          ],
          [
            -0.007238694466650486,
            0.9341941475868225,
            -0.3566916286945343,
            0.0
          ],
          [
            0.005772054195404053,
            0.3567340672016144,
            0.9341881275177002,
            0.0
          ],
          [
            0.0,
            0.0,
            0.0,
            1.0
          ]
        ],
        "rotation_mode": "QUATERNION"
      },
      "armature_space": {
        "head": {
          "x": 0.30779924988746643,
          "y": -0.5231667160987854,
          "z": 0.48831021785736084
        },
        "tail": {
          "x": 0.33209228515625,
          "y": -0.5334027409553528,
          "z": 0.46677646040916443
        }
      },
      "world_space": {
        "head": {
          "x": 0.30779924988746643,
          "y": -0.459922730922699,
          "z": 1.438164234161377
        },
        "tail": {
          "x": 0.33209228515625,
          "y": -0.47015875577926636,
          "z": 1.416630506515503
        },
        "rotation_quaternion": {
          "w": 0.4442755877971649,
          "x": -0.0036804808769375086,
          "y": 0.39020413160324097,
          "z": -0.8064405918121338
        },
        "matrix": [
          [
            -0.6052098870277405,
            0.7136915326118469,
            0.35265448689460754,
            0.30779924988746643
          ],
          [
            -0.7194378972053528,
            -0.30071911215782166,
            -0.6260809302330017,
            -0.459922730922699
          ],
          [
            -0.34078139066696167,
            -0.6326279640197754,
            0.6954591274261475,
            1.438164234161377
          ],
          [
            0.0,
            0.0,
            0.0,
            1.0
          ]
        ]
      },
      "bone_length_armature_space": 0.034038661908272906,
      "parent": "metacarpal_thumb_l",
      "has_children": true,
      "is_end_bone": false
    },
    "thumb_02_l": {
      "name": "thumb_02_l",
      "local": {
        "location": {
          "x": 0.0,
          "y": 0.0,
          "z": 0.0
        },
        "rotation_quaternion": {
          "w": 0.9262590408325195,
          "x": 0.37678447365760803,
          "y": 0.00026437119231559336,
          "z": 0.00882037915289402
        },
        "scale": {
          "x": 1.0,
          "y": 1.0,
          "z": 1.0
        },
        "matrix_basis": [
          [
            0.9998442530632019,
            -0.016140690073370934,
            0.007136516273021698,
            0.0
          ],
          [
            0.016539134085178375,
            0.715911328792572,
            -0.6979953646659851,
            0.0
          ],
          [
            0.0061570112593472,
            0.6980047225952148,
            0.7160667777061462,
            0.0
          ],
          [
            0.0,
            0.0,
            0.0,
            1.0
          ]
        ],
        "rotation_mode": "QUATERNION"
      },
      "armature_space": {
        "head": {
          "x": 0.33209228515625,
          "y": -0.5334027409553528,
          "z": 0.46677646040916443
        },
        "tail": {
          "x": 0.31994298100471497,
          "y": -0.5670199990272522,
          "z": 0.4850919842720032
        }
      },
      "world_space": {
        "head": {
          "x": 0.33209228515625,
          "y": -0.47015875577926636,
          "z": 1.416630506515503
        },
        "tail": {
          "x": 0.31994298100471497,
          "y": -0.5037760138511658,
          "z": 1.434946060180664
        },
        "rotation_quaternion": {
          "w": 0.06099113076925278,
          "x": -0.34692108631134033,
          "y": 0.27889907360076904,
          "z": 0.8933874368667603
        },
        "matrix": [
          [
            -0.7518519163131714,
            -0.3024892508983612,
            -0.5858487486839294,
            0.33209228515625
          ],
          [
            -0.08453421294689178,
            -0.836991012096405,
            0.5406479835510254,
            -0.47015875577926636
          ],
          [
            -0.6538947224617004,
            0.45601409673690796,
            0.6037272214889526,
            1.416630506515503
          ],
          [
            0.0,
            0.0,
            0.0,
            1.0
          ]
        ]
      },
      "bone_length_armature_space": 0.04016446201966878,
      "parent": "thumb_01_l",
      "has_children": true,
      "is_end_bone": false
    },
    "thumb_03_l": {
      "name": "thumb_03_l",
      "local": {
        "location": {
          "x": 0.0,
          "y": 0.0,
          "z": 0.0
        },
        "rotation_quaternion": {
          "w": 0.9834361672401428,
          "x": 0.18105168640613556,
          "y": 0.004857792053371668,
          "z": -0.0070814089849591255
        },
        "scale": {
          "x": 1.0,
          "y": 1.0,
          "z": 1.0
        },
        "matrix_basis": [
          [
            0.9998525381088257,
            0.0156872496008873,
            0.006990454625338316,
            0.0
          ],
          [
            -0.012169204652309418,
            0.9343402981758118,
            -0.3561743497848511,
            0.0
          ],
          [
            -0.012118859216570854,
            0.3560367524623871,
            0.9343934059143066,
            0.0
          ],
          [
            0.0,
            0.0,
            0.0,
            1.0
          ]
        ],
        "rotation_mode": "QUATERNION"
      },
      "armature_space": {
        "head": {
          "x": 0.31994298100471497,
          "y": -0.5670199990272522,
          "z": 0.4850919246673584
        },
        "tail": {
          "x": 0.3021964132785797,
          "y": -0.5786147713661194,
          "z": 0.5069441199302673
        }
      },
      "world_space": {
        "head": {
          "x": 0.31994298100471497,
          "y": -0.5037760138511658,
          "z": 1.4349459409713745
        },
        "tail": {
          "x": 0.3021964132785797,
          "y": -0.515370786190033,
          "z": 1.4567980766296387
        },
        "rotation_quaternion": {
          "w": 0.04250558838248253,
          "x": -0.4730185568332672,
          "y": 0.5547704696655273,
          "z": 0.6831373572349548
        },
        "matrix": [
          [
            -0.5488908886909485,
            -0.5829079151153564,
            -0.5991136431694031,
            0.31994298100471497
          ],
          [
            -0.4667627811431885,
            -0.3808455169200897,
            0.7981788516044617,
            -0.5037760138511658
          ],
          [
            -0.6934393644332886,
            0.7177616953849792,
            -0.06303676962852478,
            1.4349459409713745
          ],
          [
            0.0,
            0.0,
            0.0,
            1.0
          ]
        ]
      },
      "bone_length_armature_space": 0.030444997307660916,
      "parent": "thumb_02_l",
      "has_children": false,
      "is_end_bone": true
    },
    "metacarpal_index_l": {
      "name": "metacarpal_index_l",
      "local": {
        "location": {
          "x": 0.0,
          "y": 0.0,
          "z": 0.0
        },
        "rotation_quaternion": {
          "w": 0.9990224838256836,
          "x": -0.041350215673446655,
          "y": 0.006976730190217495,
          "z": 0.01398336049169302
        },
        "scale": {
          "x": 1.0,
          "y": 1.0,
          "z": 1.0
        },
        "matrix_basis": [
          [
            0.9995115995407104,
            -0.028516361489892006,
            0.01278339046984911,
            0.0
          ],
          [
            0.027362404391169548,
            0.9961892366409302,
            0.08281470835208893,
            0.0
          ],
          [
            -0.015096250921487808,
            -0.08242447674274445,
            0.9964829683303833,
            0.0
          ],
          [
            0.0,
            0.0,
            0.0,
            1.0
          ]
        ],
        "rotation_mode": "QUATERNION"
      },
      "armature_space": {
        "head": {
          "x": 0.30992138385772705,
          "y": -0.49210160970687866,
          "z": 0.526833713054657
        },
        "tail": {
          "x": 0.3097586929798126,
          "y": -0.5930495858192444,
          "z": 0.46734628081321716
        }
      },
      "world_space": {
        "head": {
          "x": 0.30992138385772705,
          "y": -0.42885762453079224,
          "z": 1.4766876697540283
        },
        "tail": {
          "x": 0.3097586929798126,
          "y": -0.529805600643158,
          "z": 1.4172003269195557
        },
        "rotation_quaternion": {
          "w": 0.25637152791023254,
          "x": -0.940618097782135,
          "y": 0.05919888988137245,
          "z": -0.21449153125286102
        },
        "matrix": [
          [
            0.9009777903556824,
            -0.0013884641230106354,
            0.43386295437812805,
            0.30992138385772705
          ],
          [
            -0.2213459461927414,
            -0.8615387082099915,
            0.456899493932724,
            -0.42885762453079224
          ],
          [
            0.3731575906276703,
            -0.5076943635940552,
            -0.7765395045280457,
            1.4766876697540283
          ],
          [
            0.0,
            0.0,
            0.0,
            1.0
          ]
        ]
      },
      "bone_length_armature_space": 0.11717198654702768,
      "parent": "lowerarm_l",
      "has_children": true,
      "is_end_bone": false
    },
    "index_01_l": {
      "name": "index_01_l",
      "local": {
        "location": {
          "x": 0.0,
          "y": 0.0,
          "z": 0.0
        },
        "rotation_quaternion": {
          "w": 0.9763395190238953,
          "x": 0.21479623019695282,
          "y": -0.021008258685469627,
          "z": -0.013512004166841507
        },
        "scale": {
          "x": 1.0,
          "y": 1.0,
          "z": 1.0
        },
        "matrix_basis": [
          [
            0.9987521767616272,
            0.017359618097543716,
            -0.0468270406126976,
            0.0
          ],
          [
            -0.0354095958173275,
            0.9073600172996521,
            -0.41886037588119507,
            0.0
          ],
          [
            0.035217732191085815,
            0.41999581456184387,
            0.9068424701690674,
            0.0
          ],
          [
            0.0,
            0.0,
            0.0,
            1.0
          ]
        ],
        "rotation_mode": "QUATERNION"
      },
      "armature_space": {
        "head": {
          "x": 0.3097586929798126,
          "y": -0.5930495858192444,
          "z": 0.46734628081321716
        },
        "tail": {
          "x": 0.3224204182624817,
          "y": -0.6132444739341736,
          "z": 0.4516963064670563
        }
      },
      "world_space": {
        "head": {
          "x": 0.3097586929798126,
          "y": -0.529805600643158,
          "z": 1.4172003269195557
        },
        "tail": {
          "x": 0.3224204182624817,
          "y": -0.5500004887580872,
          "z": 1.40155029296875
        },
        "rotation_quaternion": {
          "w": 0.3464176058769226,
          "x": -0.8964728116989136,
          "y": -0.16086548566818237,
          "z": -0.22461888194084167
        },
        "matrix": [
          [
            0.847337543964386,
            0.4440470039844513,
            0.2912752628326416,
            0.3097586929798126
          ],
          [
            0.13280054926872253,
            -0.7082346677780151,
            0.6933742761611938,
            -0.529805600643158
          ],
          [
            0.5141854882240295,
            -0.5488449931144714,
            -0.6590874195098877,
            1.4172003269195557
          ],
          [
            0.0,
            0.0,
            0.0,
            1.0
          ]
        ]
      },
      "bone_length_armature_space": 0.028514461195561662,
      "parent": "metacarpal_index_l",
      "has_children": true,
      "is_end_bone": false
    },
    "index_02_l": {
      "name": "index_02_l",
      "local": {
        "location": {
          "x": 0.0,
          "y": 0.0,
          "z": 0.0
        },
        "rotation_quaternion": {
          "w": 0.906011700630188,
          "x": 0.42324143648147583,
          "y": -0.0018858418334275484,
          "z": 0.0024831928312778473
        },
        "scale": {
          "x": 1.0,
          "y": 1.0,
          "z": 1.0
        },
        "matrix_basis": [
          [
            0.9999805688858032,
            -0.006095936521887779,
            -0.0013152093160897493,
            0.0
          ],
          [
            0.0029032707680016756,
            0.6417210698127747,
            -0.7669327259063721,
            0.0
          ],
          [
            0.005519169848412275,
            0.7669140100479126,
            0.6417262554168701,
            0.0
          ],
          [
            0.0,
            0.0,
            0.0,
            1.0
          ]
        ],
        "rotation_mode": "QUATERNION"
      },
      "armature_space": {
        "head": {
          "x": 0.32242047786712646,
          "y": -0.6132445335388184,
          "z": 0.4516957700252533
        },
        "tail": {
          "x": 0.334809809923172,
          "y": -0.6123234629631042,
          "z": 0.4292513132095337
        }
      },
      "world_space": {
        "head": {
          "x": 0.32242047786712646,
          "y": -0.5500005483627319,
          "z": 1.4015498161315918
        },
        "tail": {
          "x": 0.334809809923172,
          "y": -0.5490794777870178,
          "z": 1.3791053295135498
        },
        "rotation_quaternion": {
          "w": 0.6753221154212952,
          "x": -0.6863524913787842,
          "y": -0.24878180027008057,
          "z": -0.10472755134105682
        },
        "matrix": [
          [
            0.8542789816856384,
            0.4829537868499756,
            -0.192257821559906,
            0.32242047786712646
          ],
          [
            0.2000574916601181,
            0.03590402007102966,
            0.9791262745857239,
            -0.5500005483627319
          ],
          [
            0.4797787368297577,
            -0.874915599822998,
            -0.0659460723400116,
            1.4015498161315918
          ],
          [
            0.0,
            0.0,
            0.0,
            1.0
          ]
        ]
      },
      "bone_length_armature_space": 0.025653412716319476,
      "parent": "index_01_l",
      "has_children": true,
      "is_end_bone": false
    },
    "index_03_l": {
      "name": "index_03_l",
      "local": {
        "location": {
          "x": 0.0,
          "y": 0.0,
          "z": 0.0
        },
        "rotation_quaternion": {
          "w": 0.9693719148635864,
          "x": 0.24553261697292328,
          "y": 0.00021331768948584795,
          "z": 0.005634049419313669
        },
        "scale": {
          "x": 1.0,
          "y": 1.0,
          "z": 1.0
        },
        "matrix_basis": [
          [
            0.9999364018440247,
            -0.01081822533160448,
            0.003180254250764847,
            0.0
          ],
          [
            0.011027731001377106,
            0.8793639540672302,
            -0.4760224521160126,
            0.0
          ],
          [
            0.00235311733558774,
            0.476027250289917,
            0.8794273734092712,
            0.0
          ],
          [
            0.0,
            0.0,
            0.0,
            1.0
          ]
        ],
        "rotation_mode": "QUATERNION"
      },
      "armature_space": {
        "head": {
          "x": 0.334809809923172,
          "y": -0.6123235821723938,
          "z": 0.4292513132095337
        },
        "tail": {
          "x": 0.3459232747554779,
          "y": -0.5950988531112671,
          "z": 0.4084297716617584
        }
      },
      "world_space": {
        "head": {
          "x": 0.334809809923172,
          "y": -0.5490795969963074,
          "z": 1.3791053295135498
        },
        "tail": {
          "x": 0.3459232747554779,
          "y": -0.5318548679351807,
          "z": 1.3582837581634521
        },
        "rotation_quaternion": {
          "w": 0.8452482223510742,
          "x": -0.44675254821777344,
          "y": -0.2833919823169708,
          "z": -0.07521017640829086
        },
        "matrix": [
          [
            0.8280652165412903,
            0.3803548812866211,
            -0.41187137365341187,
            0.334809809923172
          ],
          [
            0.12606865167617798,
            0.5895113945007324,
            0.797861635684967,
            -0.5490795969963074
          ],
          [
            0.5462769865989685,
            -0.7126100659370422,
            0.4402068257331848,
            1.3791053295135498
          ],
          [
            0.0,
            0.0,
            0.0,
            1.0
          ]
        ]
      },
      "bone_length_armature_space": 0.02921877798189708,
      "parent": "index_02_l",
      "has_children": false,
      "is_end_bone": true
    },
    "metacarpal_pinky_l": {
      "name": "metacarpal_pinky_l",
      "local": {
        "location": {
          "x": 0.0,
          "y": 0.0,
          "z": 0.0
        },
        "rotation_quaternion": {
          "w": 0.9984911680221558,
          "x": -0.05262218043208122,
          "y": 0.014216210693120956,
          "z": -0.006649626884609461
        },
        "scale": {
          "x": 1.0,
          "y": 1.0,
          "z": 1.0
        },
        "matrix_basis": [
          [
            0.9995073676109314,
            0.011783011257648468,
            0.02908935770392418,
            0.0
          ],
          [
            -0.014775363728404045,
            0.9943733811378479,
            0.10489650070667267,
            0.0
          ],
          [
            -0.02768968604505062,
            -0.10527463257312775,
            0.9940575957298279,
            0.0
          ],
          [
            0.0,
            0.0,
            0.0,
            1.0
          ]
        ],
        "rotation_mode": "QUATERNION"
      },
      "armature_space": {
        "head": {
          "x": 0.30992138385772705,
          "y": -0.49210160970687866,
          "z": 0.526833713054657
        },
        "tail": {
          "x": 0.3512974977493286,
          "y": -0.5875641703605652,
          "z": 0.522575318813324
        }
      },
      "world_space": {
        "head": {
          "x": 0.30992138385772705,
          "y": -0.42885762453079224,
          "z": 1.4766876697540283
        },
        "tail": {
          "x": 0.3512974977493286,
          "y": -0.5243201851844788,
          "z": 1.4724292755126953
        },
        "rotation_quaternion": {
          "w": 0.13820643723011017,
          "x": 0.6484336256980896,
          "y": 0.15006941556930542,
          "z": -0.7334249019622803
        },
        "matrix": [
          [
            -0.1208658367395401,
            0.3973475396633148,
            -0.9096736311912537,
            0.30992138385772705
          ],
          [
            -0.008108683861792088,
            -0.9167566299438477,
            -0.3993641436100006,
            -0.42885762453079224
          ],
          [
            -0.9926425814628601,
            -0.04089440777897835,
            0.11402695626020432,
            1.4766876697540283
          ],
          [
            0.0,
            0.0,
            0.0,
            1.0
          ]
        ]
      },
      "bone_length_armature_space": 0.10413076897485768,
      "parent": "lowerarm_l",
      "has_children": true,
      "is_end_bone": false
    },
    "pinky_01_l": {
      "name": "pinky_01_l",
      "local": {
        "location": {
          "x": 0.0,
          "y": 0.0,
          "z": 0.0
        },
        "rotation_quaternion": {
          "w": 0.949135959148407,
          "x": 0.3144018054008484,
          "y": 0.016757769510149956,
          "z": 0.003421361558139324
        },
        "scale": {
          "x": 1.0,
          "y": 1.0,
          "z": 1.0
        },
        "matrix_basis": [
          [
            0.9994149208068848,
            0.004042671527713537,
            0.03396216779947281,
            0.0
          ],
          [
            0.017032019793987274,
            0.8022795915603638,
            -0.596705436706543,
            0.0
          ],
          [
            -0.029659438878297806,
            0.5969347953796387,
            0.801741361618042,
            0.0
          ],
          [
            0.0,
            0.0,
            0.0,
            1.0
          ]
        ],
        "rotation_mode": "QUATERNION"
      },
      "armature_space": {
        "head": {
          "x": 0.3512974977493286,
          "y": -0.5875641703605652,
          "z": 0.522575318813324
        },
        "tail": {
          "x": 0.3686639070510864,
